date,covidOccupiedBeds,covidOccupiedMVBeds,estimatedNewAdmissions,EDC0-4,EDC5-9,EDC10-14,EDC15-19,EDC20-24,EDC25-29,EDC30-34,EDC35-39,EDC40-44,EDC45-49,EDC50-54,EDC55-59,EDC60-64,EDC65-69,EDC70-74,EDC75-79,EDC80-84,EDC85-89,EDC90+,dailyCases,newDeaths28DaysByDeathDate,dailyFirstDoseByVaccinationDate,dailySecondDoseByVaccinationDate,dailyThirdInjectionByVaccinationDate,EDV12-15,EDV16-17,EDV18-24,EDV25-29,EDV30-34,EDV35-39,EDV40-44,EDV45-49,EDV50-54,EDV55-59,EDV60-64,EDV65-69,EDV70-74,EDV75-79,EDV80-84,EDV85-89,EDV90+
2020-03-01,0.0,0.0,0.0,0.0,0.0,0.0,0.0,0.0,0.0,0.013313742811300003,0.0,0.0,0.0,0.0,0.0,0.0,0.0,0.0,0.0,0.0,0.0,0.0,0.013313742811300005,0.0,0.0,0.0,0.0,0.0,0.0,0.0,0.0,0.0,0.0,0.0,0.0,0.0,0.0,0.0,0.0,0.0,0.0,0.0,0.0,0.0
2020-03-02,0.0,0.0,0.0,0.0,0.0,0.0,0.00020746887176865023,0.0,0.00026154742046441176,0.5875527888591762,0.0,0.00024098686333651827,0.0,0.013313742811300003,0.0,0.0,0.0,0.07012152267528785,0.0,0.0,0.0,0.0,0.6716980575013336,0.0,0.0,0.0,0.0,0.0,0.0,0.0,0.0,0.0,0.0,0.0,0.0,0.0,0.0,0.0,0.0,0.0,0.0,0.0,0.0,0.0
2020-03-03,0.0,0.0,0.0,0.0,0.0,0.0,0.0,0.0002343825398794998,0.0,0.0,0.031496999611643754,0.008418918395614209,0.0,0.013313742811300003,0.0,0.0,0.0,0.07012152267528785,0.0,0.0,0.0,0.0,0.12358556603372528,0.0,0.0,0.0,0.0,0.0,0.0,0.0,0.0,0.0,0.0,0.0,0.0,0.0,0.0,0.0,0.0,0.0,0.0,0.0,0.0,0.0
2020-03-04,0.0,0.0,0.0,0.0,0.0007445092443231169,0.0,0.0005300287362060454,0.00024384140274178636,0.0006590161778957723,0.5875527888591762,0.0,0.0,0.0,0.0003899296932446695,0.0003387990220506548,0.07012152267528785,0.0,0.0,0.00015482192637669538,0.004379786953076855,0.0,0.0,0.6651150446903796,0.0,0.0,0.0,0.0,0.0,0.0,0.0,0.0,0.0,0.0,0.0,0.0,0.0,0.0,0.0,0.0,0.0,0.0,0.0,0.0,0.0
2020-03-05,0.0,0.0,0.0,0.0,0.0,0.0,0.0001782398516266787,0.0703322935538244,0.0002343825398794998,0.8987786623604483,0.00023226196418742276,0.0,0.0,0.00020168132689997155,0.0,0.0,0.0,0.0003018433021657257,0.27656896607000775,0.0,0.0,0.0,1.2468283309690398,0.0,0.0,0.0,0.0,0.0,0.0,0.0,0.0,0.0,0.0,0.0,0.0,0.0,0.0,0.0,0.0,0.0,0.0,0.0,0.0,0.0
2020-03-06,0.0,0.0,0.0,0.0003356692830915984,0.0,0.0,0.000661499621441743,0.0004443176871646168,0.0,0.0,0.0,0.004034445451041152,0.0,0.0003018433021657257,0.0002482273639061184,0.0029313980245213827,0.0,0.0001472241356923025,0.0,0.011806028346846568,0.0029846719390250074,0.0,0.02389532515489622,0.0,0.0,0.0,0.0,0.0,0.0,0.0,0.0,0.0,0.0,0.0,0.0,0.0,0.0,0.0,0.0,0.0,0.0,0.0,0.0,0.0
2020-03-07,0.0,0.0,0.0,0.0,0.0,0.0,0.0,0.0,0.0003563864318945425,0.0,0.0,0.0032657251652414856,0.0,0.006190128136043202,0.0,0.07012152267528785,0.0,0.00028987943675685214,0.0,0.0,0.0,0.0,0.08022364184522392,0.0,0.0,0.0,0.0,0.0,0.0,0.0,0.0,0.0,0.0,0.0,0.0,0.0,0.0,0.0,0.0,0.0,0.0,0.0,0.0,0.0
2020-03-08,0.0,0.0,0.0,0.0,0.0,0.0,0.0003018433021657257,0.6047674475981989,0.012292305860198485,0.0,0.5951942129678318,0.010432994270132164,0.0,0.0,0.05505714636844047,0.0002231706070152366,0.0,0.0,0.00013183097076955352,0.0,0.0730619968352742,0.0,1.3514629487800265,0.0,0.0,0.0,0.0,0.0,0.0,0.0,0.0,0.0,0.0,0.0,0.0,0.0,0.0,0.0,0.0,0.0,0.0,0.0,0.0,0.0
2020-03-09,0.0,0.0,0.0,0.0,0.0,0.0,0.06169248439007767,0.0006804256483386617,0.0014839765352085126,0.012475258440510612,0.0017559008120141622,0.0005053020813003211,0.0,0.004988107489343585,0.0004005693865526484,0.06626593633714316,0.0053384454237508094,0.00015072677205439855,0.0,0.0,0.017398459870501475,0.010646400564880127,0.18378199375167611,0.01769352976437686,0.0,0.0,0.0,0.0,0.0,0.0,0.0,0.0,0.0,0.0,0.0,0.0,0.0,0.0,0.0,0.0,0.0,0.0,0.0,0.0
2020-03-10,0.0,0.0,0.0,0.0,0.019694353030425948,0.0,0.08681326114460705,0.10490909966465334,0.7987253545873694,0.00029930434889181016,0.0002872002125474208,0.0005562855998169727,0.0,0.0040567278897402585,0.0853018465455214,0.10229646936635232,0.3807280233418821,0.00859445062144323,0.007029559979196868,0.0,4.179567380572066e-05,0.010169560929754247,1.6095032929360085,0.00016467805440364088,0.0,0.0,0.0,0.0,0.0,0.0,0.0,0.0,0.0,0.0,0.0,0.0,0.0,0.0,0.0,0.0,0.0,0.0,0.0,0.0
2020-03-11,0.0,0.0,0.0,0.0,0.0,0.031550954848097654,0.004830267842931913,0.020375449590357187,0.16141511660638552,0.21030993274173523,0.02547026862423041,0.1466512149364606,0.9214545829793328,0.18123009582862737,0.026670888020982914,0.11573720729072579,0.0009468479635212854,0.1316800761480664,0.0688892277588358,0.26382546777167154,0.0223934661402985,0.0006574761145285949,2.3340885412067895,0.07042336597745355,0.0,0.0,0.0,0.0,0.0,0.0,0.0,0.0,0.0,0.0,0.0,0.0,0.0,0.0,0.0,0.0,0.0,0.0,0.0,0.0
2020-03-12,0.0,0.0,0.0,0.0,0.0,0.0,0.0002938024504946623,0.0010690875976794162,0.9193869788344855,0.9288062368567926,0.10231240091119342,0.04783126778228872,0.0,0.04605649062330289,0.7122321935239853,0.023119919031828716,0.004022683522103081,0.0328695311878613,0.04419530260771721,0.02568210527955649,0.015563587745335188,0.007863955301440068,2.911305543256064,0.08343526548658783,0.0,0.0,0.0,0.0,0.0,0.0,0.0,0.0,0.0,0.0,0.0,0.0,0.0,0.0,0.0,0.0,0.0,0.0,0.0,0.0
2020-03-13,0.0,0.0,0.0,0.0,0.0,0.0,0.03536929531391428,0.0011533224956326348,0.05285465617636319,0.04984974137788248,0.8042983670379492,0.10420791518124664,0.0003491885208069833,0.5758287001095178,0.5324186883208906,0.0030026912635911568,0.1212812028568581,0.04234836879908686,0.018705633359164565,0.016725166530531535,0.0008893232296068294,0.00413620313946228,2.363418463712505,0.03339571703904827,0.0,0.0,0.0,0.0,0.0,0.0,0.0,0.0,0.0,0.0,0.0,0.0,0.0,0.0,0.0,0.0,0.0,0.0,0.0,0.0
2020-03-14,0.0,0.0,0.0,0.0,0.0,0.0,0.00040101560488716716,0.005685290983552644,0.004626912797748621,0.5878189975462591,0.0011362926023809694,0.12240116201667287,0.0,0.006668501111526979,0.1059282658705255,0.07381356765597613,0.0574748072620579,0.10970689793151071,0.007038798670523806,0.012687079973744526,0.019999041262158516,0.004263919983914528,1.11965055127344,0.030632743667954314,0.0,0.0,0.0,0.0,0.0,0.0,0.0,0.0,0.0,0.0,0.0,0.0,0.0,0.0,0.0,0.0,0.0,0.0,0.0,0.0
2020-03-15,0.0,0.0,0.0,0.0,0.0,0.0,0.11947909015136529,0.0007302568381987154,0.025787487016990053,0.19719776302301914,1.1793658708599701,0.005448962893105361,0.0,0.074639638250841,0.9211100302451505,0.124161917350354,0.02044279448206029,0.6807196043308487,0.11561475558171337,0.41118441512015663,0.00468739047335878,0.03206716820220088,3.912637144819334,0.14605709125916275,0.0,0.0,0.0,0.0,0.0,0.0,0.0,0.0,0.0,0.0,0.0,0.0,0.0,0.0,0.0,0.0,0.0,0.0,0.0,0.0
2020-03-16,0.0,0.0,0.0,0.0,0.0,0.00014981897580757707,0.0515114307018891,0.033563208071156286,1.9264066068738268,0.0,0.037710597059327146,0.3132862573330839,0.0,1.6070751828271164,0.2913720904732361,0.18985201645180363,1.094628562502034,0.16560204355355468,0.11965643577121834,0.50007253403146,0.35941035909457386,0.1967528081146364,6.887049951834724,0.04248270495381039,0.0,0.0,0.0,0.0,0.0,0.0,0.0,0.0,0.0,0.0,0.0,0.0,0.0,0.0,0.0,0.0,0.0,0.0,0.0,0.0
2020-03-17,0.0,0.0,0.0,0.0,0.0,0.0014895728224721039,0.007623106885224825,0.01097073027026179,0.20962356046246172,2.1796509317636676,0.010811925402803187,1.936200147435973,0.0,1.796859514795168,0.007508372048563768,0.08065850969505506,1.0927934703778515,0.988922117091543,0.712451178534029,0.5410996845597584,0.34508290985027407,0.19118825891101685,10.112933990906125,0.04296441884554699,0.0,0.0,0.0,0.0,0.0,0.0,0.0,0.0,0.0,0.0,0.0,0.0,0.0,0.0,0.0,0.0,0.0,0.0,0.0,0.0
2020-03-18,0.0,0.0,0.0,0.007523023572518743,0.0,0.0,0.2649555858445532,0.008382391619223037,0.0429886956824383,0.24229755066963188,0.1276358415420116,0.29425382699486546,0.0,0.3312933376240768,0.17113001011835058,1.2824986316460714,0.9553336236199572,0.9154643544337606,0.08939564714976038,0.5476084666155765,0.09130404473624394,0.04162378592215969,5.4136888177912,1.3506946704644727,0.0,0.0,0.0,0.0,0.0,0.0,0.0,0.0,0.0,0.0,0.0,0.0,0.0,0.0,0.0,0.0,0.0,0.0,0.0,0.0
2020-03-19,0.0,0.0,9.0,0.0010745728588150297,0.0,0.0,0.0,0.07190866316186532,0.13670199502672192,1.9200593242483974,0.2354538260523108,1.875143650623781,0.0,1.8113072781163997,0.23201693839232873,1.348241709079704,0.050979906690920666,1.028771067364097,0.7319842931031111,0.07447975653500104,0.058314532608529035,0.20068010180465434,9.777117615666638,0.20368507217158782,0.0,0.0,0.0,0.0,0.0,0.0,0.0,0.0,0.0,0.0,0.0,0.0,0.0,0.0,0.0,0.0,0.0,0.0,0.0,0.0
2020-03-20,0.0,0.0,0.0,0.0,0.0,0.01739745746362781,0.11647718167792717,1.5201982454229148,0.0108065595936302,0.23182400371763107,0.2014951102659672,1.3795579582820314,0.0,1.3956040096857645,1.2001133414710656,0.11767230833470083,0.8538374940997843,0.6920907404162313,0.09683396210821227,0.43055314776283526,0.06863447542856378,0.14320654057447318,8.476302536305361,0.8435602970815249,0.0,0.0,0.0,0.0,0.0,0.0,0.0,0.0,0.0,0.0,0.0,0.0,0.0,0.0,0.0,0.0,0.0,0.0,0.0,0.0
2020-03-21,26.0,0.0,3.0,0.009056439456626066,0.0,0.0,0.027019565894410968,0.29574366275359343,0.013830831319518828,1.5282863630663412,0.1441775065740444,0.12699577112870167,0.0,1.2424914398539522,0.31319611618036963,0.1291929010679528,0.8840453987125221,0.8409535260565284,0.05250494580070477,0.49760040088592605,0.31437533608568397,0.014884882002259386,6.434355086839136,1.3119866824427675,0.0,0.0,0.0,0.0,0.0,0.0,0.0,0.0,0.0,0.0,0.0,0.0,0.0,0.0,0.0,0.0,0.0,0.0,0.0,0.0
2020-03-22,30.0,0.0,3.0,0.0009663560064630626,0.0,0.00024384745498891416,0.010287750853616386,1.2566884779915397,0.26932184776016527,0.20511716273769817,1.2686695486993576,0.20624729465655237,0.0010230684219539447,1.2024513375816412,1.1348180380186335,0.9226018988421187,0.15319451757318522,0.13913743254354102,0.49307093166863014,0.4002918740046327,0.24108625307967696,0.02635045381216416,7.931568091706559,1.4386577935712492,0.0,0.0,0.0,0.0,0.0,0.0,0.0,0.0,0.0,0.0,0.0,0.0,0.0,0.0,0.0,0.0,0.0,0.0,0.0,0.0
2020-03-23,44.0,0.0,2.0,0.029235703657495057,0.07356160346538111,0.0,0.19487463011987316,0.017123429167509197,0.42849553309920985,0.4336256343445063,2.4534226093214233,0.488223861425154,0.0,0.5024048805005167,2.19582755996167,1.797893205575605,1.4129848010261918,1.3098654612343306,0.9140026912786534,0.7801916880514203,0.47826586303154306,0.26828130767983627,13.77828046294032,1.0868851184270094,0.0,0.0,0.0,0.0,0.0,0.0,0.0,0.0,0.0,0.0,0.0,0.0,0.0,0.0,0.0,0.0,0.0,0.0,0.0,0.0
2020-03-24,37.0,0.0,6.0,0.03241159723155289,0.0006832728951594722,0.007363137714383633,0.0,0.30428781817614126,2.3300932695305345,2.347158033020131,0.39590327180648577,2.1596395060373808,0.0,2.0290499002053446,1.8489546298617203,0.29909361536652207,0.2678315690538337,0.21994466703324708,0.7827660191814643,0.14251470800531277,0.39860121243533647,0.2238801742709455,13.790176401825498,2.246806322694877,0.0,0.0,0.0,0.0,0.0,0.0,0.0,0.0,0.0,0.0,0.0,0.0,0.0,0.0,0.0,0.0,0.0,0.0,0.0,0.0
2020-03-25,34.0,0.0,16.0,0.010623568407777416,0.07800365725783244,0.19410347505367723,0.26055116942496426,0.3788836163541762,0.5185309026872202,2.4562116782353383,2.683901907573092,2.4873394803202546,0.0016374065175627267,0.49496121342924493,0.3456141750360499,0.29297371830050317,0.24706728874149134,1.2229262374757233,0.9273487310920008,0.7623105405484851,0.46230753589272267,0.24993778477062983,14.075702852198503,2.5486785848253577,0.0,0.0,0.0,0.0,0.0,0.0,0.0,0.0,0.0,0.0,0.0,0.0,0.0,0.0,0.0,0.0,0.0,0.0,0.0,0.0
2020-03-26,50.0,0.0,7.0,0.2357291395566587,0.17396200697895778,0.0011143130062197435,0.006170320855001173,2.1660791923542964,1.978771233432293,0.41124461758103303,2.096852567854207,1.989326981842288,0.0,0.3087691220498401,1.680807700252492,0.2940187440319538,1.1286518230122813,1.0730978684902845,0.6821276262008555,0.638240751092107,0.36378041113732296,0.2084130268454741,15.43774683069123,2.338578582121935,0.0,0.0,0.0,0.0,0.0,0.0,0.0,0.0,0.0,0.0,0.0,0.0,0.0,0.0,0.0,0.0,0.0,0.0,0.0,0.0
2020-03-27,50.0,0.0,16.0,0.001084471339452978,0.012587674767566115,0.0,0.08657668380554802,0.15173756162967678,3.213035028580639,3.2996878800945173,0.6047681629549541,2.697324971998905,0.24661294388486682,2.618994792610287,0.4735698500242508,0.3174553038247246,1.558713752686276,1.4763200789677158,1.0174401930331929,0.8581114239748399,0.5326231271066777,0.2679082435844148,19.437492619028493,3.00552272237197,0.0,0.0,0.0,0.0,0.0,0.0,0.0,0.0,0.0,0.0,0.0,0.0,0.0,0.0,0.0,0.0,0.0,0.0,0.0,0.0
2020-03-28,59.0,0.0,2.0,0.1115182291180244,0.000916012836271949,0.0,0.016901197221423248,0.18829736404942568,1.7447598564442266,0.35740790012529244,0.1504364673454086,1.3230414101886192,0.00023884396484675027,1.46008100995103,1.4099459347197663,1.0121548083769767,0.19330766597900673,0.1492714741143252,0.5719662687619093,0.1039277316044967,0.28247834808730393,0.1417910895213148,9.218441612409668,6.74513814371657,0.0,0.0,0.0,0.0,0.0,0.0,0.0,0.0,0.0,0.0,0.0,0.0,0.0,0.0,0.0,0.0,0.0,0.0,0.0,0.0
2020-03-29,84.0,0.0,10.0,0.09770749050552842,0.0,0.0,0.038031841512375916,1.8419172235816708,0.10798838945650562,0.44658632881366306,0.0404846925929332,2.0747879847087307,0.0,1.8852282117616648,1.8007744792729332,1.4423755827507778,1.1383944549836802,1.0488342962269699,0.8401869634094258,0.623588772107349,0.11793732204886531,0.21754816547283073,13.762372199205904,6.6888466099591914,0.0,0.0,0.0,0.0,0.0,0.0,0.0,0.0,0.0,0.0,0.0,0.0,0.0,0.0,0.0,0.0,0.0,0.0,0.0,0.0
2020-03-30,5.0,0.0,9.0,0.0008564979260059277,0.2014433486294236,0.174088039414455,0.0037685665617991815,0.2546962283373723,2.02084811782482,0.47721129051309413,1.993851950348563,0.46755075835033344,0.0,1.9930745626039352,1.9393565857526616,1.4917189998318952,1.1028618318998478,1.1335601441127854,0.8119949132453832,0.6347675369568054,0.4038819141144149,0.19491432711005333,15.373919493697695,3.808390039341721,0.0,0.0,0.0,0.0,0.0,0.0,0.0,0.0,0.0,0.0,0.0,0.0,0.0,0.0,0.0,0.0,0.0,0.0,0.0,0.0
2020-03-31,79.0,0.0,4.0,2.297638787123995,0.0010949809396403646,0.01652419986039921,0.01507969004674129,2.672663512180521,0.555683650561566,3.0994126679043354,2.6741282973423846,2.5975951203547156,0.0,2.555354359160975,0.5645476667333351,1.821365165610618,1.458867155930053,1.410418977732881,1.0230503985126977,0.7985855433046822,0.5158797058219494,0.2638371716908253,24.342810081507707,3.530601753179766,0.0,0.0,0.0,0.0,0.0,0.0,0.0,0.0,0.0,0.0,0.0,0.0,0.0,0.0,0.0,0.0,0.0,0.0,0.0,0.0
2020-04-01,79.0,0.0,0.0,0.17157638964884164,0.0,0.04318821728427977,0.043213204119666025,3.035339060238758,0.03787588580029777,0.16665237101659844,0.22283892523094986,0.25941686018180427,0.1138331654025532,2.7927276698321344,2.5738199556989647,1.9962283568731356,1.6629853050416177,1.4361459094431719,1.0953574901230667,0.8476394232490699,0.4625189246488741,0.2643666850665242,17.22588847695471,6.260144641977534,0.0,0.0,0.0,0.0,0.0,0.0,0.0,0.0,0.0,0.0,0.0,0.0,0.0,0.0,0.0,0.0,0.0,0.0,0.0,0.0
2020-04-02,64.0,7.0,1.0,0.3325175084055124,0.2351956725154582,0.07091329719681996,0.1872315115572052,2.1676633829559537,2.146734084265471,0.48033607688056834,2.16416480912435,0.5685146244631755,0.0,2.005191631854854,1.753699797126341,1.4621202262283375,1.1747550310944612,0.2746304571730512,0.7813666734236452,0.13321174935638191,0.08452346277741161,0.037864291076674696,16.060811788264562,6.39268617285902,0.0,0.0,0.0,0.0,0.0,0.0,0.0,0.0,0.0,0.0,0.0,0.0,0.0,0.0,0.0,0.0,0.0,0.0,0.0,0.0
2020-04-03,75.0,8.0,0.0,0.2232058824020652,0.03433340789872563,0.0,0.0041574591666875115,0.37203426531532435,3.7664349798122907,3.8114713054218545,3.541595529240275,3.180116480045017,0.0,3.1847655055546986,2.8331895855691327,2.3479092408131756,1.8550621825477915,1.6525940375001646,1.2268675281112362,0.9803161828232734,0.601901652242345,0.3212188593417368,29.937174083805793,5.063072521110996,0.0,0.0,0.0,0.0,0.0,0.0,0.0,0.0,0.0,0.0,0.0,0.0,0.0,0.0,0.0,0.0,0.0,0.0,0.0,0.0
2020-04-04,72.0,10.0,0.0,0.0,0.07932434904206943,0.005399796614414047,0.0179880595064162,1.4128658776331027,1.5472976022359732,0.11941065770219249,1.7435707040249773,1.639985883641133,0.03391867429663315,1.4975817760090349,1.4062229500360162,1.166077697087734,0.8983428439487668,0.20692124763656844,0.6775098623247667,0.4862512335482532,0.3255739762046622,0.19165600791305124,13.455899199405765,3.2226759779330973,0.0,0.0,0.0,0.0,0.0,0.0,0.0,0.0,0.0,0.0,0.0,0.0,0.0,0.0,0.0,0.0,0.0,0.0,0.0,0.0
2020-04-05,63.0,10.0,3.0,0.0,0.0,0.0,0.09641234074309536,0.016071849469314975,0.07475698057005808,0.07294206156043288,2.095547235816024,1.9167192893977965,0.0,0.5717344152273034,1.6170543476824302,1.6212001071569557,1.085778093093093,1.1754884174157596,0.856284135898146,0.15258406465307406,0.4232814401578594,0.21680638200354269,11.992661160844886,5.320855145974264,0.0,0.0,0.0,0.0,0.0,0.0,0.0,0.0,0.0,0.0,0.0,0.0,0.0,0.0,0.0,0.0,0.0,0.0,0.0,0.0
2020-04-06,67.0,5.0,5.0,1.6248948160498133,0.021244255469802714,0.06693136530364426,1.5324679290263323,0.3529895263579096,1.9912814949516575,2.219596124848696,2.0907919509806785,0.4226023318051358,0.0,1.771186922148382,0.4666608306449882,1.3576702780229677,0.21279669803560372,1.02819711863575,0.7079725575846308,0.5412210542452942,0.37649796306225725,0.21428330051074806,16.99928651768429,5.242237779838099,0.0,0.0,0.0,0.0,0.0,0.0,0.0,0.0,0.0,0.0,0.0,0.0,0.0,0.0,0.0,0.0,0.0,0.0,0.0,0.0
2020-04-07,89.0,8.0,0.0,0.017521020185077615,0.00029627095742444247,0.00023866773690425392,0.2687549481404978,2.3402955419020657,2.5495892007523566,2.6258362132925845,2.3813025262744114,0.4428741584222464,0.2699658409274902,2.077221284288125,1.9544569759402994,1.5383701280002406,1.1807937528854442,1.1035854615836314,0.7865379474590155,0.6541785510687746,0.4019475924400053,0.22760573226989392,20.821371814526486,3.059995604798607,0.0,0.0,0.0,0.0,0.0,0.0,0.0,0.0,0.0,0.0,0.0,0.0,0.0,0.0,0.0,0.0,0.0,0.0,0.0,0.0
2020-04-08,104.0,8.0,7.0,1.2991216052363943,0.02699334745864112,0.0,0.06129298420897006,1.7765950388750502,0.525842550710859,0.5979139746774526,1.6876047507757237,1.6354040853672518,0.0,1.5249592935810241,1.4738861215380845,1.143555464131394,0.9701925990502006,0.8861045681312701,0.5895350259573183,0.4896161065901389,0.2747193776432074,0.1568062351881517,15.12014312912113,7.398014604697075,0.0,0.0,0.0,0.0,0.0,0.0,0.0,0.0,0.0,0.0,0.0,0.0,0.0,0.0,0.0,0.0,0.0,0.0,0.0,0.0
2020-04-09,101.0,10.0,0.0,0.0,0.07869247337926037,0.176387840613138,2.3126113910494794,0.23988879489644593,3.076302283962389,3.129205663660665,0.29610810900245693,2.6263592207082027,0.10093319916375995,2.5364365561889977,2.288325635798161,1.8710728118390343,1.392325825336132,0.18902600647526063,0.9132387056867513,0.7486889099155637,0.5136570027501909,0.2699214779515608,22.759181908377446,4.938100559385285,0.0,0.0,0.0,0.0,0.0,0.0,0.0,0.0,0.0,0.0,0.0,0.0,0.0,0.0,0.0,0.0,0.0,0.0,0.0,0.0
2020-04-10,106.0,6.0,0.0,0.0,0.0,0.0005094982807093018,0.08819505010560541,1.9503878208698748,2.325222044507232,0.6462918143480896,1.9436407770498054,1.895001418363604,0.002454274532159727,1.8269695068951433,1.7785482856982153,1.4208649294679099,1.169721461867652,0.8892038390191829,0.7031951325220092,0.6173733021109408,0.3795140324686353,0.04844284911864215,17.68553603722541,5.028086003481952,0.0,0.0,0.0,0.0,0.0,0.0,0.0,0.0,0.0,0.0,0.0,0.0,0.0,0.0,0.0,0.0,0.0,0.0,0.0,0.0
2020-04-11,103.0,7.0,11.0,0.05685740650224856,0.004706537018477625,0.0009309411434346307,0.04314909264435629,1.563034182582655,1.6788578706109936,0.3443676520297898,1.5995713875446094,1.5318378162575736,0.004494593109667082,1.3734294348675171,1.2481540772800848,0.9903220215571437,0.830177731575973,0.7127649411491929,0.516399643497151,0.4691165375206,0.07704865203072755,0.022360926781916524,13.06758144570411,4.758520822816469,0.0,0.0,0.0,0.0,0.0,0.0,0.0,0.0,0.0,0.0,0.0,0.0,0.0,0.0,0.0,0.0,0.0,0.0,0.0,0.0
2020-04-12,102.0,8.0,0.0,0.18887693950416568,0.00911575279950204,0.0,0.22875136044068514,0.37686387391530546,1.942005684233931,2.0696072844433524,0.3754250373347141,0.26970858886755167,0.0,1.5963801103102777,0.12422570572302662,1.2121520740685219,0.13501527599093327,0.822173898680867,0.09639437846127656,0.5668090280371544,0.07956409004450643,0.18477905817729565,10.277848141033067,4.692521472866855,0.0,0.0,0.0,0.0,0.0,0.0,0.0,0.0,0.0,0.0,0.0,0.0,0.0,0.0,0.0,0.0,0.0,0.0,0.0,0.0
2020-04-13,101.0,9.0,0.0,0.0014188916107351001,0.0018110309439920635,0.25393384938645436,0.09508622450344904,0.1882134480816897,2.1979720351687324,1.7494759999188791,2.006736863101254,1.7881679783821547,0.0,0.43707817628937506,1.3443376273283119,1.360433711509548,0.983656573294185,0.21953900227206252,0.7146372933559672,0.5584039377283917,0.3405931182056902,0.1806532619653047,14.422149023046176,7.471819108321274,0.0,0.0,0.0,0.0,0.0,0.0,0.0,0.0,0.0,0.0,0.0,0.0,0.0,0.0,0.0,0.0,0.0,0.0,0.0,0.0
2020-04-14,95.0,10.0,0.0,0.009295201360500133,0.0,0.0917406405491429,0.16640613882128658,1.8918900226389224,0.22865720280270882,1.9861273783232398,0.29109540900698655,1.8135545108066882,0.008734641099417514,1.6737989728946168,1.4079823243364853,1.3111668347967886,0.20643003544316896,0.8751822967679695,0.637568398449022,0.4998863423182017,0.3272996370785635,0.033593827939069,13.460409815432776,4.100004459468528,0.0,0.0,0.0,0.0,0.0,0.0,0.0,0.0,0.0,0.0,0.0,0.0,0.0,0.0,0.0,0.0,0.0,0.0,0.0,0.0
2020-04-15,97.0,9.0,1.0,0.0,0.0012332732309008009,0.0007205115834241587,1.350763085621818,2.0378911819774475,2.183946888232381,1.936943315301693,2.2563814689402046,1.806679981420485,0.0,1.954219602945514,1.7662201904258947,0.3712210864853042,0.38044487484415335,0.3133062876220341,0.6625539403251348,0.5639605949872089,0.3601807133679527,0.059444572294544244,18.006111569606098,4.483041491101025,0.0,0.0,0.0,0.0,0.0,0.0,0.0,0.0,0.0,0.0,0.0,0.0,0.0,0.0,0.0,0.0,0.0,0.0,0.0,0.0
2020-04-16,87.0,6.0,0.0,0.00626901609989395,0.020385902831160853,0.0034962974537277964,0.2970329255277814,0.461381936938837,3.2137266130501727,2.991324220041025,0.1880224636969967,0.3746549072688483,0.0044556814750307035,2.737162966838611,0.4216893887524862,2.039323587795565,0.08553832567459449,0.1911268792875852,0.9820803659370677,0.7991480324814871,0.10030100262005871,0.02954921024212153,14.94666972401305,3.105393096668407,0.0,0.0,0.0,0.0,0.0,0.0,0.0,0.0,0.0,0.0,0.0,0.0,0.0,0.0,0.0,0.0,0.0,0.0,0.0,0.0
2020-04-17,78.0,8.0,0.0,0.16525609120370024,0.0,0.007510933893060003,1.8063330214299287,2.3922768680260558,2.6386348191816578,2.812406192712768,2.5359768808800385,2.25214530364292,0.00021646536874419124,2.1432748814831157,2.0380315448819246,1.6729367229985141,0.16102395527798238,1.0541397470886864,0.7620973651623585,0.6605951344865041,0.03583661489190984,0.2148864660477369,23.353579008657604,3.6898466677722075,0.0,0.0,0.0,0.0,0.0,0.0,0.0,0.0,0.0,0.0,0.0,0.0,0.0,0.0,0.0,0.0,0.0,0.0,0.0,0.0
2020-04-18,74.0,9.0,0.0,0.0,0.0,0.015667996939938617,1.296675567958711,1.757621288976556,1.831261576461731,1.8751114164986498,1.7189178446231943,1.4812844820666207,0.000980620930697352,1.5590252402381353,1.3738929159301303,0.2813769898082803,0.9782538974338462,0.09499504675930386,0.13466767872823,0.039412813881377844,0.28509608097138756,0.1523788800562999,14.876620338263088,1.7458609282167596,0.0,0.0,0.0,0.0,0.0,0.0,0.0,0.0,0.0,0.0,0.0,0.0,0.0,0.0,0.0,0.0,0.0,0.0,0.0,0.0
2020-04-19,77.0,9.0,2.0,0.0,0.0,0.06640180865385005,1.6617169038933255,2.113305217589886,2.2050722326676406,2.1281820195362338,2.1274390945611934,1.9488982121833511,0.0,1.797127259640682,0.2435646938777256,1.2086377351144042,0.23997610102662884,0.9152947056708378,0.03028695099796539,0.5215611172272913,0.024619284273697386,0.17627942256822202,17.408362759482937,5.410961601533155,0.0,0.0,0.0,0.0,0.0,0.0,0.0,0.0,0.0,0.0,0.0,0.0,0.0,0.0,0.0,0.0,0.0,0.0,0.0,0.0
2020-04-20,77.0,9.0,0.0,0.20974583408544167,0.00126590037276178,0.0006722421555261059,1.690044528602513,2.015992769016679,0.3234039562507367,2.2050898837878554,2.0665788038840365,1.8609356713316207,0.0,1.8269750833808123,1.5437228671908003,1.3162518362219071,0.9637509098716427,0.9458652949618039,0.09828226258005228,0.054189246700397355,0.3235954574822881,0.19070087810521696,17.637063425982088,3.0341829016862283,0.0,0.0,0.0,0.0,0.0,0.0,0.0,0.0,0.0,0.0,0.0,0.0,0.0,0.0,0.0,0.0,0.0,0.0,0.0,0.0
2020-04-21,71.0,9.0,0.0,0.0,0.0,0.13963774865066558,0.23649431047369623,0.3326177231079462,2.514513992684646,0.47305820031889445,2.149014005811894,1.8371079063046862,0.0,0.4335947597769068,1.7308084082947748,0.20423982586925263,0.17992531667123732,0.16351562419062896,0.049728733719503225,0.6222980989939706,0.36184732387068547,0.20516643586503888,11.63356841460443,3.1916535268271256,0.0,0.0,0.0,0.0,0.0,0.0,0.0,0.0,0.0,0.0,0.0,0.0,0.0,0.0,0.0,0.0,0.0,0.0,0.0,0.0
2020-04-22,69.0,8.0,0.0,0.0,0.0,1.0912248532549622,1.2947857511004481,1.6972839269966924,0.35308058244717627,0.3537572345912625,1.4142972213131124,1.4765648702418028,0.068188071233144,1.3605054813050994,0.15107712554432853,0.9762717906844219,0.6756134199499407,0.043493955397551846,0.46794347664360353,0.43030655813232754,0.24320831363491152,0.0038025332574013883,12.101405165728188,3.1997702383814732,0.0,0.0,0.0,0.0,0.0,0.0,0.0,0.0,0.0,0.0,0.0,0.0,0.0,0.0,0.0,0.0,0.0,0.0,0.0,0.0
2020-04-23,61.0,7.0,0.0,0.0,0.0,1.0712986851162518,1.2161826652242518,0.09311123779293494,1.876067353660551,1.9132400559086251,1.6559219463483716,1.519130311370803,0.000780786630697005,1.4726972200701736,1.406230826146313,1.0944529858124519,0.12072713177031125,0.7461212464076354,0.04363164579884352,0.0391404042376775,0.26586020091436724,0.02227307482746008,14.556867778037722,2.2503264884853946,0.0,0.0,0.0,0.0,0.0,0.0,0.0,0.0,0.0,0.0,0.0,0.0,0.0,0.0,0.0,0.0,0.0,0.0,0.0,0.0
2020-04-24,61.0,7.0,0.0,0.0,0.021529773340607326,0.12151094974237325,0.15020022101660152,0.3000752787800821,0.21088968745790712,2.05128225843141,1.744941097057385,1.6808236459273527,0.008871113176591623,1.677341579530255,1.5062856730040455,0.1250606765551577,0.8268173632326824,0.09182850711740621,0.10293677002651186,0.4585248871542197,0.05451581146199053,0.1844794132688709,11.31791470628145,0.9284512070028077,0.0,0.0,0.0,0.0,0.0,0.0,0.0,0.0,0.0,0.0,0.0,0.0,0.0,0.0,0.0,0.0,0.0,0.0,0.0,0.0
2020-04-25,54.0,8.0,0.0,0.12905058991919258,0.000560868775899703,0.10299851185208544,0.09555225817508645,0.2415921850752437,2.070658007360687,0.33986945569010724,2.077341781864546,0.09997066502822442,0.0771890851067435,1.742709745378712,0.29628659442140326,1.282850632510259,0.16112502949093518,0.0982451117804424,0.0065169608199438095,0.0686085669452484,0.3316103573221137,0.016243283094953195,9.23897969061183,2.891675276124291,0.0,0.0,0.0,0.0,0.0,0.0,0.0,0.0,0.0,0.0,0.0,0.0,0.0,0.0,0.0,0.0,0.0,0.0,0.0,0.0
2020-04-26,56.0,7.0,1.0,0.0,0.0,0.038854456057283604,0.024092536202588243,1.3663846543487235,1.287284142240332,1.5099456310995891,1.4390570587824307,1.3452506853005692,0.0,1.2239126390930617,1.1434438830774087,0.18478155479598576,0.10570896384722149,0.5186183759048029,0.4207742231260253,0.027972672033142874,0.04434854791749371,0.0013191755886405724,10.681749199415302,0.9965360226969397,0.0,0.0,0.0,0.0,0.0,0.0,0.0,0.0,0.0,0.0,0.0,0.0,0.0,0.0,0.0,0.0,0.0,0.0,0.0,0.0
2020-04-27,54.0,7.0,0.0,0.0,0.14669822683581452,1.147995222027121,0.039840084579317876,0.08450463771796685,1.7792407440421825,1.8005049598538876,1.6667270036908972,1.4955190681586152,0.06269359918365185,1.3083972168304223,1.4400047709092463,1.1639310857647691,0.16942310284337267,0.2019802784204659,0.507918904935072,0.12107728820498102,0.2631808866833752,0.153499739721912,13.553136820403067,0.9303586590514562,0.0,0.0,0.0,0.0,0.0,0.0,0.0,0.0,0.0,0.0,0.0,0.0,0.0,0.0,0.0,0.0,0.0,0.0,0.0,0.0
2020-04-28,54.0,8.0,0.0,0.05230866703373968,0.0,0.18734931962992402,0.19671511176215806,1.2248341619266832,1.4318010733635569,1.7699323560403624,0.12524241641030417,1.176195937976206,0.0012525793475752834,1.0667725373772223,1.2757082246691966,0.23895145898863232,0.06501628385313349,0.5882946228459872,0.44426721054460466,0.06691793938674291,0.04391110068782974,0.027071019396864463,9.982542021240727,0.9021683554125022,0.0,0.0,0.0,0.0,0.0,0.0,0.0,0.0,0.0,0.0,0.0,0.0,0.0,0.0,0.0,0.0,0.0,0.0,0.0,0.0
2020-04-29,54.0,7.0,0.0,0.1205754720979651,0.0,0.0,0.11969064614208734,1.7188908332045403,0.41856972163145406,1.8665712387575215,0.08200329617215316,1.3726899663164895,0.0,0.3574462745602172,0.42218621168528236,0.9877089763746054,0.29077161185803474,0.24690503510696526,0.4972594924103621,0.15187223091677698,0.2958539852702916,0.16050943623714092,9.109504428741886,0.258301540478443,0.0,0.0,0.0,0.0,0.0,0.0,0.0,0.0,0.0,0.0,0.0,0.0,0.0,0.0,0.0,0.0,0.0,0.0,0.0,0.0
2020-04-30,49.0,7.0,0.0,0.021128367222672875,0.13962434216171565,0.056819318657277657,1.2126713309253252,0.282652692663309,0.3178696244764697,1.5016872113549105,1.4719295907145622,1.3906373667037786,0.0,1.3125959253396393,1.2119347261872018,0.9328416761060082,0.14765275085432028,0.023137253297030664,0.015388125777961868,0.07846853275618258,0.21907001447283067,0.13581206729862869,10.471920916969825,2.2506416631754895,0.0,0.0,0.0,0.0,0.0,0.0,0.0,0.0,0.0,0.0,0.0,0.0,0.0,0.0,0.0,0.0,0.0,0.0,0.0,0.0
2020-05-01,46.0,7.0,0.0,0.0007440470043247148,0.0,0.03274270969252099,0.21516886914982886,1.6387113142958425,0.3020989586441534,1.7429990230103738,1.701863213383132,1.4424523309604258,0.03380027477798834,1.491901382714776,0.08925247048033093,0.12425886770797454,0.8650027610017266,0.7477487011442554,0.49474161146491896,0.039565558497434386,0.28400083265723586,0.018491730750689564,11.265544657337935,1.5167139121285385,0.0,0.0,0.0,0.0,0.0,0.0,0.0,0.0,0.0,0.0,0.0,0.0,0.0,0.0,0.0,0.0,0.0,0.0,0.0,0.0
2020-05-02,41.0,8.0,0.0,0.24030729744636178,0.0,0.0042246515180823984,1.0144844287728327,0.04358034785660019,0.34595015644183663,1.696785686154683,1.5023370758401262,1.061789486776586,0.0,1.0496539542582641,0.9937734652848716,0.9375642591292024,0.01625053817352438,0.10940095740316061,0.5177825933139812,0.08443965295502828,0.009717840606850266,0.14467749305747246,9.772719884989463,1.465386319739855,0.0,0.0,0.0,0.0,0.0,0.0,0.0,0.0,0.0,0.0,0.0,0.0,0.0,0.0,0.0,0.0,0.0,0.0,0.0,0.0
2020-05-03,41.0,7.0,0.0,0.0,0.0,0.002992486696309748,0.12691825543855306,0.07308976971212584,1.743745932475353,0.007322193349256313,0.18173731254700035,0.07237766590562879,0.0,0.00687273183979109,0.07355982091877453,0.8739898164404261,0.10205659494910514,0.07615681530050881,0.01084531276860136,0.4445258436823594,0.23585286014634524,0.03227747467512877,4.064320886845269,0.424001535100464,0.0,0.0,0.0,0.0,0.0,0.0,0.0,0.0,0.0,0.0,0.0,0.0,0.0,0.0,0.0,0.0,0.0,0.0,0.0,0.0
2020-05-04,40.0,6.0,0.0,0.020760062342737962,0.0005913111497288978,0.15610172115144416,0.002193272040025327,0.22137181729049177,1.4325201791327367,1.5017606481698167,1.4233245022183867,1.1194461048059976,0.07052048037975153,1.0586463172545486,1.0581512836623923,0.8979007808730982,0.005316670441131221,0.5640618748681487,0.13064438065269904,0.04229399117790477,0.21290968723420883,0.0410985626707687,9.959613647516017,1.0394724607954007,0.0,0.0,0.0,0.0,0.0,0.0,0.0,0.0,0.0,0.0,0.0,0.0,0.0,0.0,0.0,0.0,0.0,0.0,0.0,0.0
2020-05-05,41.0,6.0,1.0,0.0,0.0,0.5785530230045111,0.13101248873353408,0.17913200853778147,0.9848711536171971,0.8373409732231009,0.005842283350462549,0.8301358459189982,0.004726414722930587,0.7139243093180403,0.736092089490729,0.0051045745845941974,0.045705101364186276,0.03753865489163871,0.04922353425113629,0.00036262185177129915,0.028893484588516673,0.08926071664709416,5.257719278096224,0.37766904725705114,0.0,0.0,0.0,0.0,0.0,0.0,0.0,0.0,0.0,0.0,0.0,0.0,0.0,0.0,0.0,0.0,0.0,0.0,0.0,0.0
2020-05-06,43.0,5.0,0.0,1.5670910476803948,0.04865325918139767,0.062298528256292174,0.03238181754856685,0.09921302838970408,0.21719587487422395,0.04541614728009525,0.18552624798296422,1.7999246824924786,0.01817874997942223,1.629261363707347,1.337647616671069,1.1464471619758858,0.011194085640009082,0.03416367846713837,0.062501915504375,0.0854857213188632,0.33730383396805225,0.1706271990389969,8.890511959957276,0.28864169769328896,0.0,0.0,0.0,0.0,0.0,0.0,0.0,0.0,0.0,0.0,0.0,0.0,0.0,0.0,0.0,0.0,0.0,0.0,0.0,0.0
2020-05-07,41.0,4.0,0.0,0.017101797114735053,0.06649044805054868,0.00445236322800713,0.03662875083178196,1.2735617536374433,1.4989063619965561,1.503499177500719,0.2685334390578783,1.2346902561292634,0.16219248922862783,1.2391871825378626,0.22256106653829355,0.8677913191805534,0.026316926354897383,0.08681885522612096,0.4741513869015727,0.07110423679460802,0.24087657778495647,0.13814593085435692,9.433010318948783,0.6904227056180545,0.0,0.0,0.0,0.0,0.0,0.0,0.0,0.0,0.0,0.0,0.0,0.0,0.0,0.0,0.0,0.0,0.0,0.0,0.0,0.0
2020-05-08,0.0,0.0,0.0,0.0,0.14480595970836418,0.10966188625261235,0.08049765066656524,0.2357317663287835,0.6616513147777453,0.17552445796345512,0.23534055410771873,0.16797811732156667,0.006116371409046351,0.17344351269926112,0.01266913054210808,0.1352451150708112,0.07118049383635512,0.032307176567547335,0.030680331101513064,0.03786067813307427,0.03373859743200018,0.02732502047660433,2.3717581343951317,0.35430428025380317,0.0,0.0,0.0,0.0,0.0,0.0,0.0,0.0,0.0,0.0,0.0,0.0,0.0,0.0,0.0,0.0,0.0,0.0,0.0,0.0
2020-05-09,35.0,4.0,0.0,0.0,0.8367842917177497,0.0005516402416314263,0.0038969134302339102,1.1342227438625607,0.2389995376729741,0.14604002652120304,0.04065947269607041,0.9164610929784965,0.0,0.14623937200830528,0.03698906714738642,0.047200788093318256,0.07981649444555439,0.12904394410941564,0.07237413965807762,0.3416863245502372,0.06282709718459112,0.018791252937649314,4.2525841992554545,0.18309306659444508,0.0,0.0,0.0,0.0,0.0,0.0,0.0,0.0,0.0,0.0,0.0,0.0,0.0,0.0,0.0,0.0,0.0,0.0,0.0,0.0
2020-05-10,35.0,4.0,0.0,0.005222794769400584,0.00040522991918260845,0.01790487625064018,0.08822275697658347,0.7273679464397207,0.006557877638484069,0.08750377177060584,0.03852372600538696,0.021411909986536817,0.0,0.0356082121492547,0.0022512677721499646,0.5235193986989594,0.06465729774944425,0.0022630589864422804,0.005843665678297096,0.0005368125016078204,0.001997373944492569,0.002123995624828379,1.6319219728620171,0.22779574794473884,0.0,0.0,0.0,0.0,0.0,0.0,0.0,0.0,0.0,0.0,0.0,0.0,0.0,0.0,0.0,0.0,0.0,0.0,0.0,0.0
2020-05-11,35.0,4.0,0.0,0.0,0.022225216402135185,0.0003428648229222858,0.05056194057380481,0.835430406107871,0.2792702949392399,0.865027512826638,0.2788400590836207,0.0464769396816371,0.0,0.02595895783981523,0.048350005603572145,0.13363966226913782,0.008509456828050425,0.0118552559213581,0.011694469683995512,0.06253256462779969,0.16559954767103297,0.0188515170346734,2.865166671917304,0.026679211244584236,0.0,0.0,0.0,0.0,0.0,0.0,0.0,0.0,0.0,0.0,0.0,0.0,0.0,0.0,0.0,0.0,0.0,0.0,0.0,0.0
2020-05-12,32.0,4.0,0.0,0.0,0.00802116766078493,0.0024343757801560486,1.063714976066917,0.12004106492257687,0.04188084658882453,1.333143491640934,0.1743781202081891,1.3082226014452005,0.00016770784193155438,1.1440401756467495,1.11277239540084,0.15529592236378634,0.08432264221980104,0.6102750738135889,0.07143701973238442,0.029058418946254595,0.0076714847755380644,0.13462047025173896,7.4044384294661825,0.8463634835788134,0.0,0.0,0.0,0.0,0.0,0.0,0.0,0.0,0.0,0.0,0.0,0.0,0.0,0.0,0.0,0.0,0.0,0.0,0.0,0.0
2020-05-13,32.0,4.0,1.0,0.0,0.16164136909395319,0.021133226486979198,0.14078603613309096,1.1613726841633727,0.25803573033305344,1.3079597548387127,0.02749187130806926,1.1524252611390438,0.0006649582531474995,0.031167616264174306,0.15696101834289025,0.13680875471573872,0.1311585058626759,0.08171262383153546,0.0700095122421553,0.04767523922675357,0.03310425762877713,0.12285359192523668,5.04296201178936,1.2572293735836024,0.0,0.0,0.0,0.0,0.0,0.0,0.0,0.0,0.0,0.0,0.0,0.0,0.0,0.0,0.0,0.0,0.0,0.0,0.0,0.0
2020-05-14,30.0,4.0,2.0,0.0,0.7509335096568018,0.0,0.038078684159692226,0.8699971058054611,0.34050597499400564,0.30753425399534645,1.1258131468294366,1.100454458482308,0.0002589790984418242,0.8023142793959919,0.7501992813022411,0.7491335638369131,0.013916049344644136,0.192679745414928,0.028414599491406255,0.06522539417715847,0.03941895837745546,0.10566695234032873,7.280544936702559,0.05888133079410858,0.0,0.0,0.0,0.0,0.0,0.0,0.0,0.0,0.0,0.0,0.0,0.0,0.0,0.0,0.0,0.0,0.0,0.0,0.0,0.0
2020-05-15,29.0,4.0,0.0,0.0,0.014812396381814944,0.04168791137380372,0.08704784664597166,1.711316302369137,0.10974786437320358,0.12381320436012268,0.16406690940045474,0.09685241254990203,0.11248631988607866,0.05765630181022416,0.01615793189004973,0.012510617836066976,0.00022633561774050933,0.05231211159179213,0.0,0.0005697579733135307,0.012235418632822438,0.20667224198316556,2.8201718846756636,0.20873443192106148,0.0,0.0,0.0,0.0,0.0,0.0,0.0,0.0,0.0,0.0,0.0,0.0,0.0,0.0,0.0,0.0,0.0,0.0,0.0,0.0
2020-05-16,25.0,4.0,0.0,0.0,0.0,0.0,0.00524192147645666,0.017570914883955943,0.9080720060943877,0.02129797533831547,0.8489802196321391,0.013012221474653685,0.0,0.004471362632855206,0.7458488005591868,0.0028353735833232556,0.0024867360192594645,0.006516541894528941,0.285022448205344,0.242286157333325,0.00018343333640805066,0.012532201328095335,3.116358313792235,0.6429067763023153,0.0,0.0,0.0,0.0,0.0,0.0,0.0,0.0,0.0,0.0,0.0,0.0,0.0,0.0,0.0,0.0,0.0,0.0,0.0,0.0
2020-05-17,23.0,3.0,1.0,0.0,0.1070545623570124,0.001490569947962273,0.5468342180457567,0.6339114054773964,0.006441020539686579,0.001945916965775717,0.042727551446234864,0.15877915154908545,0.0014890184886462339,0.06143200947108388,0.020455805310747324,0.014167633583287719,0.0044431109523717024,0.02416134457367626,0.0007670795056632367,0.005852693426187178,0.024102883355016598,0.0004874734552383699,1.656543448450829,0.09304402454664103,0.0,0.0,0.0,0.0,0.0,0.0,0.0,0.0,0.0,0.0,0.0,0.0,0.0,0.0,0.0,0.0,0.0,0.0,0.0,0.0
2020-05-18,23.0,4.0,0.0,0.0,0.0013355114279610554,0.0007814418718881869,0.00870283236372099,0.6341996630475606,0.12366425637940696,0.013819258463572206,0.019274265478882162,0.14044876058818606,0.0,0.055387232553138474,0.04388219311449042,0.03016325670436376,0.06178843825675413,0.0100702752904675,0.05189700302079213,0.005692568658841336,0.001106171008015455,0.007456141888127505,1.209669270116169,0.03664026581675552,0.0,0.0,0.0,0.0,0.0,0.0,0.0,0.0,0.0,0.0,0.0,0.0,0.0,0.0,0.0,0.0,0.0,0.0,0.0,0.0
2020-05-19,20.0,5.0,2.0,0.0,0.005688616605503554,0.004707291820836535,0.0704899474537986,0.8034572819817614,0.9300727585232271,0.064376188628051,0.00827395013935986,0.7477113014164362,0.08657710366361775,0.06311998946582024,0.029957145024305496,0.05786109299254967,0.03979222625442808,0.01085613005066122,0.007225325896939501,0.00410246768921468,0.0038211722986690112,0.07395662572402563,3.012046615629206,0.09190615503288357,0.0,0.0,0.0,0.0,0.0,0.0,0.0,0.0,0.0,0.0,0.0,0.0,0.0,0.0,0.0,0.0,0.0,0.0,0.0,0.0
2020-05-20,19.0,5.0,0.0,0.004618275765155399,0.5362251994700942,0.0004075597837774794,0.008441666543471681,0.8717221369585607,0.0061819202421301706,0.00691247112481252,0.7825454531664006,0.1418808809055309,0.14742357330091618,0.007636107890464563,0.003909324376497754,0.13605308502610702,0.011635672993046589,0.03436286976578667,0.02248791942559193,0.0016189037601234257,0.02907405263882265,0.0793105609880122,2.832447634125302,0.11070922426352249,0.0,0.0,0.0,0.0,0.0,0.0,0.0,0.0,0.0,0.0,0.0,0.0,0.0,0.0,0.0,0.0,0.0,0.0,0.0,0.0
2020-05-21,17.0,4.0,1.0,0.0,0.000507709164821255,0.03194858885858113,0.006787706130786599,0.017254458983764015,1.1678213357172647,0.009795661729342833,0.0850661332694684,0.12463680504285726,0.00042484707347297175,1.0002185131448809,0.9458454347071429,0.0036749461367863922,0.5218609898281656,0.5357989546971484,0.04080535214171822,0.2876616334748014,0.026708353399353752,0.0001398754004422935,4.8069572989008,0.12146326010051281,0.0,0.0,0.0,0.0,0.0,0.0,0.0,0.0,0.0,0.0,0.0,0.0,0.0,0.0,0.0,0.0,0.0,0.0,0.0,0.0
2020-05-22,15.0,4.0,0.0,0.0,0.10597825715848194,0.00036697504642113616,0.001820957614439371,0.007061727698461903,0.1505842448032054,0.13468895329671987,0.1265001396008809,0.16606997435737297,0.12030816589143224,0.015634837012286535,0.0004971014021674064,0.07916685739069075,0.07450420958924808,0.5876357580813084,0.04308658878556545,0.003430051365052893,0.013544817712530148,0.00716602460059539,1.6380456414068607,0.11635786549910614,0.0,0.0,0.0,0.0,0.0,0.0,0.0,0.0,0.0,0.0,0.0,0.0,0.0,0.0,0.0,0.0,0.0,0.0,0.0,0.0
2020-05-23,14.0,3.0,0.0,0.0,0.5875527888591762,0.0002972474882587242,0.014838236445342672,0.0,0.031960616332523964,0.03658025525782254,0.1402430453505757,0.0,0.0,0.00017750078889239507,0.007081841450040954,0.0,0.0,0.01949391590057967,0.014939518890003608,0.0003018433021657257,0.00224711773377327,0.0017191844418076247,0.8574331122409631,0.13707863700474676,0.0,0.0,0.0,0.0,0.0,0.0,0.0,0.0,0.0,0.0,0.0,0.0,0.0,0.0,0.0,0.0,0.0,0.0,0.0,0.0
2020-05-24,14.0,4.0,2.0,0.0,0.0,0.000253031109390685,0.10124456518246726,0.7824442134730634,0.7128929974567944,0.0,0.00035065549494076633,0.0002972474882587242,0.020326015639879565,0.004390188287040384,0.5467613903339841,0.4275474699301711,0.0002343825398794998,0.0076544404684042566,0.0024029419318366864,0.028930616464544364,0.004313257027188164,0.0,2.6400434128278434,0.021574463000814212,0.0,0.0,0.0,0.0,0.0,0.0,0.0,0.0,0.0,0.0,0.0,0.0,0.0,0.0,0.0,0.0,0.0,0.0,0.0,0.0
2020-05-25,15.0,4.0,4.0,0.0,0.0,0.0003667011239798549,0.0,0.11806590179951808,1.4066165460235582,0.002018188895245089,0.0,0.0022658418277565233,0.0,0.08480003860783719,0.09655972254544958,0.01255738844693285,0.06968325400392052,0.005814938330189579,0.007108402392971269,0.36448567734560455,0.015726393660687833,0.0003018433021657257,2.1863708383058165,0.14075834082064514,0.0,0.0,0.0,0.0,0.0,0.0,0.0,0.0,0.0,0.0,0.0,0.0,0.0,0.0,0.0,0.0,0.0,0.0,0.0,0.0
2020-05-26,21.0,5.0,0.0,0.0,0.0057103513368474326,0.000294271469814063,0.0,0.013678418319987388,0.24531261822538583,0.0,0.04784213704440953,0.012439966893257371,0.12372238559833945,0.005175618249157422,0.018851873112680263,0.02655345108141184,0.0,0.00526797670027989,0.0023563497441755872,0.5895560817504388,0.048543078812867,0.012856368433507273,1.158160946772559,0.6342622487095245,0.0,0.0,0.0,0.0,0.0,0.0,0.0,0.0,0.0,0.0,0.0,0.0,0.0,0.0,0.0,0.0,0.0,0.0,0.0,0.0
2020-05-27,19.0,5.0,0.0,0.0,0.0,0.0,0.0,0.016850203751807055,0.7728228470617666,0.12577854405102357,0.09950020671140919,0.06631079511743741,0.0,0.006680533334638686,0.056604892613332604,0.5383017395253529,0.00032653658874238546,0.006836490297135207,0.02846147503527846,0.0024673148189321152,0.0024056811956430406,0.011794528048109576,1.735141788150609,0.02686186816247951,0.0,0.0,0.0,0.0,0.0,0.0,0.0,0.0,0.0,0.0,0.0,0.0,0.0,0.0,0.0,0.0,0.0,0.0,0.0,0.0
2020-05-28,17.0,5.0,0.0,0.0,0.013480015706168835,0.009776728002699922,0.00880749946954961,0.10418167881409832,1.3283401351408817,0.20258908237949658,0.049226506020714406,0.010964571963586574,0.11993730581165894,0.06972663721894115,0.0016012688091330046,0.00017750078889239507,0.07711737020038732,0.08428896630976207,0.4106422889275134,0.016149141254357274,0.23236571204457787,0.03721472721709691,2.776587136079516,0.008461407486487953,0.0,0.0,0.0,0.0,0.0,0.0,0.0,0.0,0.0,0.0,0.0,0.0,0.0,0.0,0.0,0.0,0.0,0.0,0.0,0.0
2020-05-29,15.0,4.0,1.0,0.0,0.07611187574889168,0.0007267876251513888,0.0005198886646297942,0.0046573912780830075,0.11095772248304536,0.11155517946593307,0.0,0.6862316196868361,0.0,0.012447945503259625,0.5536723502255624,0.0004867440468705326,0.06335066088350888,0.00031863735660623855,0.0024168046062540004,0.0019461583396335007,0.015487206970046304,0.0007652510030495211,1.6416522238873614,0.1384334763348767,0.0,0.0,0.0,0.0,0.0,0.0,0.0,0.0,0.0,0.0,0.0,0.0,0.0,0.0,0.0,0.0,0.0,0.0,0.0,0.0
2020-05-30,14.0,4.0,1.0,0.0,0.0,0.0,0.0,0.04289477951628731,0.007769466626064979,0.10508175594168398,0.10648464049461484,0.00537551487260293,0.0,0.057709571882037,0.13126478254223928,0.0,0.003451421909529941,0.010584672927189672,0.0075081932259223935,0.0015869362308484091,0.0012304240323376071,0.009031517216886742,0.489973677418245,0.5952661167809172,0.0,0.0,0.0,0.0,0.0,0.0,0.0,0.0,0.0,0.0,0.0,0.0,0.0,0.0,0.0,0.0,0.0,0.0,0.0,0.0
2020-05-31,14.0,4.0,2.0,0.0,0.0,0.005925984231825182,0.0851657600884951,0.019584929991515745,0.12519880793736843,0.0002343825398794998,0.0,0.0002972474882587242,0.0,1.0597323800270282,0.061111147940073954,0.0542246614004081,0.004004593281921668,0.000545192003642921,0.0,0.0018412800102318248,0.004479176593919755,0.12936234247006353,1.5517078860046327,0.03201551731250005,0.0,0.0,0.0,0.0,0.0,0.0,0.0,0.0,0.0,0.0,0.0,0.0,0.0,0.0,0.0,0.0,0.0,0.0,0.0,0.0
2020-06-01,16.0,3.0,6.0,0.0008404851747223346,0.0,0.001135389009365927,0.07781924732968573,0.0003499996666905678,0.6711722001219403,0.0015300789727704413,0.6162656413252113,0.007328081163757752,0.0,0.09508817188079427,0.5834964297530565,0.00633328944640521,0.0003930668086779007,0.07023927820210683,0.009506506056205394,0.03812334961571877,0.0010795451611666767,0.034261873581582954,2.214962633269859,0.0183214074881449,0.0,0.0,0.0,0.0,0.0,0.0,0.0,0.0,0.0,0.0,0.0,0.0,0.0,0.0,0.0,0.0,0.0,0.0,0.0,0.0
2020-06-02,16.0,3.0,0.0,0.02750862960005067,0.0,0.0,0.03761685491345112,0.016686067396597466,0.05443840693255283,0.00126266006115193,0.013783917995333742,0.1463898357902049,0.0,0.04049046132942127,0.00024259119278203714,0.000984455700097485,0.02892322694760337,0.012137654374367784,0.008904080968733958,0.0044200162944260015,0.0027820350888507497,0.01364365004937573,0.410214544635001,0.07144741456884646,0.0,0.0,0.0,0.0,0.0,0.0,0.0,0.0,0.0,0.0,0.0,0.0,0.0,0.0,0.0,0.0,0.0,0.0,0.0,0.0
2020-06-03,20.0,2.0,0.0,0.0,0.0,0.0,0.0,0.005663169557401301,1.3421492599920788,1.189735064040646,0.030228353050325254,0.02909180207853564,0.0,0.10537756184304117,0.10482502526828752,0.0002972474882587242,0.014717880560066537,0.0,0.008377297617807722,0.03446369212294238,0.001295484646863983,0.00019460057245480433,2.8664164388387103,0.5898601818472756,0.0,0.0,0.0,0.0,0.0,0.0,0.0,0.0,0.0,0.0,0.0,0.0,0.0,0.0,0.0,0.0,0.0,0.0,0.0,0.0
2020-06-04,18.0,2.0,0.0,0.002482232377756153,0.0,0.012829781860815166,0.07803507362187925,0.013239478576109487,0.021095192672033976,0.0028255780985179542,0.7135972014398074,0.03671446994367382,0.002810699575741297,0.003354687356264062,0.03752412016380009,0.08027593993905376,0.004610262367707775,0.008204874582431042,0.007170016756758206,0.03942825446511443,0.0014769895791181557,0.004875468429773861,1.070550321806356,0.030455242879061917,0.0,0.0,0.0,0.0,0.0,0.0,0.0,0.0,0.0,0.0,0.0,0.0,0.0,0.0,0.0,0.0,0.0,0.0,0.0,0.0
2020-06-05,16.0,3.0,0.0,0.0354627961036583,0.0,0.0908811946737039,0.031216133603256015,0.0010832851740539126,0.03543785550393542,0.0,0.0,0.0006274493485574005,0.0,0.004045337974812111,0.0037384235269926017,0.025240457306231298,0.07321149511006489,0.05286508591088666,0.003257689570649166,0.06420364197502905,0.0,0.012429160734225255,0.43370000651605595,0.05545021317711836,0.0,0.0,0.0,0.0,0.0,0.0,0.0,0.0,0.0,0.0,0.0,0.0,0.0,0.0,0.0,0.0,0.0,0.0,0.0,0.0
2020-06-06,17.0,3.0,1.0,0.030563161226628194,0.07064708317762579,0.061151260492519295,0.0,0.07911710738760028,0.031006279265218522,0.03638066045862405,0.0030102168284791863,0.029348689478269463,0.002757194653739096,0.02050262285328123,0.0,0.00017750078889239507,0.013295046835492803,9.124686412347365e-05,7.019314018629941e-05,0.017338487427029845,0.0,0.0,0.39545675087770993,0.0,0.0,0.0,0.0,0.0,0.0,0.0,0.0,0.0,0.0,0.0,0.0,0.0,0.0,0.0,0.0,0.0,0.0,0.0,0.0,0.0
2020-06-07,16.0,2.0,2.0,0.024806994415143904,0.0,0.0,0.003044960109772388,0.004864833507855253,0.0005995919206849218,0.0,0.011806028346846568,0.020269015789522993,0.07012152267528785,0.024304585274325215,0.05457614472518376,0.0001646780544036409,0.013340581297785052,0.0,0.007382826517788788,0.0,0.009316286715914598,0.011094054644268074,0.255692103994783,0.08515673617916504,0.0,0.0,0.0,0.0,0.0,0.0,0.0,0.0,0.0,0.0,0.0,0.0,0.0,0.0,0.0,0.0,0.0,0.0,0.0,0.0
2020-06-08,15.0,3.0,2.0,0.0,0.9258613292231875,0.031663148843061734,0.9246498088702717,0.14990693202674918,0.08215902415651566,1.2205495076238422,0.04118483600980773,0.0005565187475368404,0.0,0.921109423407014,0.058516266646192645,0.00455728774196925,0.0262767969918216,0.0,0.0004094369839065426,0.0029404741599863555,0.18047407545352778,0.013744799113608501,4.5845596659989996,0.017809863717562484,0.0,0.0,0.0,0.0,0.0,0.0,0.0,0.0,0.0,0.0,0.0,0.0,0.0,0.0,0.0,0.0,0.0,0.0,0.0,0.0
2020-06-09,14.0,2.0,0.0,0.0,0.0,0.0,0.05505714636844047,0.0,0.03095514398844695,0.05400728148569055,0.07192472551060575,0.23539397327716563,0.0,0.0,0.22694619748621864,1.0577757906510872,0.01054722127540127,0.0,0.06932740579380361,0.0,0.0338314700121392,0.15266414595609393,1.9984305018050934,0.016554287865458005,0.0,0.0,0.0,0.0,0.0,0.0,0.0,0.0,0.0,0.0,0.0,0.0,0.0,0.0,0.0,0.0,0.0,0.0,0.0,0.0
2020-06-10,14.0,2.0,0.0,0.0,0.0,0.0,0.021847638994486128,0.021915088658627437,0.030802605971451236,0.004570732320988622,0.7814074261618345,0.7312893132133367,0.005706119503221743,0.6632593550161742,0.0295928053823138,0.4989534375035504,0.011136497415696524,0.355261156099665,0.0,0.0002260284232415384,0.0028657576297336355,0.07119489318153202,3.230028855475854,0.014058252055623121,0.0,0.0,0.0,0.0,0.0,0.0,0.0,0.0,0.0,0.0,0.0,0.0,0.0,0.0,0.0,0.0,0.0,0.0,0.0,0.0
2020-06-11,13.0,2.0,0.0,0.0,0.0,0.0,0.005532288346424378,0.009765004560706737,0.012265185216354356,0.6215877850187244,0.020325538963421284,0.010612325496273724,0.0,0.01812962628748436,0.0,0.01120747757412336,0.0,0.005642480370653793,0.008671496982528143,0.044680542168055955,0.08254356406799127,0.0005109844519076362,0.8514742995046495,0.03339571703904827,0.0,0.0,0.0,0.0,0.0,0.0,0.0,0.0,0.0,0.0,0.0,0.0,0.0,0.0,0.0,0.0,0.0,0.0,0.0,0.0
2020-06-12,11.0,2.0,0.0,0.030455242879061914,0.01605415569172341,0.49435104938276164,0.06413404009854262,0.06869613601985287,0.09638983292814915,0.6975388677421793,0.6156359524697023,0.0002972474882587242,0.0003697570633030322,0.08054269016101068,0.0003018433021657257,0.002257621094646655,0.046290272482367736,0.00017750078889239507,0.04149657538875585,0.011928915397589772,0.0,0.0007445092443231169,2.267662209623287,0.08279494731720072,0.0,0.0,0.0,0.0,0.0,0.0,0.0,0.0,0.0,0.0,0.0,0.0,0.0,0.0,0.0,0.0,0.0,0.0,0.0,0.0
2020-06-13,11.0,2.0,1.0,0.0,0.0,0.002921614250034059,0.008982885751215008,0.014639634704858635,0.5810176350624443,0.6030040838857698,0.03622472757350402,0.00385272170971813,0.0,0.0,0.0,0.006455010954567911,0.0,0.0,0.07012152267528785,0.0,0.0033564248647210753,0.0007445092443231169,1.3313207706764436,0.0,0.0,0.0,0.0,0.0,0.0,0.0,0.0,0.0,0.0,0.0,0.0,0.0,0.0,0.0,0.0,0.0,0.0,0.0,0.0,0.0
2020-06-14,12.0,2.0,1.0,0.0,0.003940740909279399,0.013313742811300003,0.0013258918935586323,0.0001652394584934893,0.014217850363861256,0.01716546486878938,0.01969992858470073,0.0002972474882587242,0.015719580156084222,0.020049717281619805,0.6708398005357076,0.0,0.0,0.07012152267528785,0.03584874390078728,0.0,0.0,0.0002343825398794998,0.882939853467608,0.592776474697419,0.0,0.0,0.0,0.0,0.0,0.0,0.0,0.0,0.0,0.0,0.0,0.0,0.0,0.0,0.0,0.0,0.0,0.0,0.0,0.0
2020-06-15,13.0,2.0,2.0,0.0,0.0,0.0003212146320223372,0.0,0.05541439528985171,0.04727027736386484,0.0038111677926192704,0.01784977415915332,0.0013620493270703113,0.0,0.009106330067376434,0.00019958457784139782,0.0175607954880482,0.010744387023501507,0.0,0.0010300946646791451,0.0,0.0010423213649696497,0.0,0.16571239175099814,0.5912747048910507,0.0,0.0,0.0,0.0,0.0,0.0,0.0,0.0,0.0,0.0,0.0,0.0,0.0,0.0,0.0,0.0,0.0,0.0,0.0,0.0
2020-06-16,13.0,2.0,0.0,0.0,0.017951945068490432,0.0,0.02368239355862682,0.09962515946211042,0.02415484284846124,0.890346316992655,0.8127078849805692,0.10291293480829573,0.0,0.030455242879061914,0.6475500202721582,0.012978328991901473,0.00045445191984866363,0.04190420880163607,0.013254807291148404,0.0,0.0003625739447220453,0.0,2.7183411118196856,0.0016231393818173564,0.0,0.0,0.0,0.0,0.0,0.0,0.0,0.0,0.0,0.0,0.0,0.0,0.0,0.0,0.0,0.0,0.0,0.0,0.0,0.0
2020-06-17,14.0,2.0,0.0,0.0,0.0011146669608648426,0.00015422615750476366,0.00014309447990882876,0.010500336324769105,0.11650250796200802,0.016336268599374995,0.016982722019136195,0.004379786953076855,0.0,0.015174330840707854,0.00022178827703313184,0.0,0.007067374997013444,0.00015079990484058055,0.0048136626432945095,0.0029404741599863555,0.0012901271634512177,0.0009068663927604936,0.19867903383573116,0.591932575812253,0.0,0.0,0.0,0.0,0.0,0.0,0.0,0.0,0.0,0.0,0.0,0.0,0.0,0.0,0.0,0.0,0.0,0.0,0.0,0.0
2020-06-18,13.0,1.0,0.0,0.0,0.0,0.056052169111865294,0.0,0.013255174225243348,0.05171359146145668,0.09494450424194917,0.03149303129234729,0.08205430501142674,0.0,0.025560266217031436,0.0,0.009011041662195995,0.0007895092634079464,0.007578036498369912,0.0019541193415440745,0.0004489957261365802,0.0010687298275280054,0.00875957390615371,0.38468304778665624,0.0,0.0,0.0,0.0,0.0,0.0,0.0,0.0,0.0,0.0,0.0,0.0,0.0,0.0,0.0,0.0,0.0,0.0,0.0,0.0,0.0
2020-06-19,10.0,1.0,1.0,0.00016000450641586456,0.0,0.000856893220972347,0.0003018433021657257,0.1342764396769969,0.0,0.033623516268953636,0.01820108495962305,0.0012105498174414912,0.0,0.5877221404615676,0.006750352729884995,0.008037937327196237,0.11411649755531926,0.0002972474882587242,0.08618935551784797,0.0017125578230706847,0.0016792057301544133,0.03844590455985188,1.0335815309457208,0.0,0.0,0.0,0.0,0.0,0.0,0.0,0.0,0.0,0.0,0.0,0.0,0.0,0.0,0.0,0.0,0.0,0.0,0.0,0.0,0.0
2020-06-20,8.0,1.0,1.0,0.09355147984743951,0.014168676365353853,0.0,0.0002343825398794998,0.0,0.09085840853240601,0.016958419989716454,0.08523278707463848,0.5875527888591762,0.0824453927987293,0.0,0.0,0.034132234738808845,0.0,0.006494945145695182,0.0,0.0,0.012779407860817774,0.0007445092443231169,1.025153432996984,0.0032576895706491658,0.0,0.0,0.0,0.0,0.0,0.0,0.0,0.0,0.0,0.0,0.0,0.0,0.0,0.0,0.0,0.0,0.0,0.0,0.0,0.0
2020-06-21,8.0,1.0,1.0,0.0,0.0,0.004943014447810041,0.9834655389509173,0.005282706213096885,0.03847495575265194,0.0,0.0,0.07012152267528785,0.0,0.0,0.02566290883739144,0.016490186135333918,0.0,0.013745577709449685,0.001718022582965991,0.0023542965294515955,0.1935188308649394,0.0,1.358762232638321,0.0,0.0,0.0,0.0,0.0,0.0,0.0,0.0,0.0,0.0,0.0,0.0,0.0,0.0,0.0,0.0,0.0,0.0,0.0,0.0,0.0
2020-06-22,10.0,1.0,1.0,0.00042649023913331305,0.0005504149378121493,0.00042112855624262124,0.02985197608720829,0.0031414406703581554,0.01639076699997007,0.0,1.4702430614121895,0.0,0.0006007237406568325,0.0703022585801567,0.08443455633440267,0.03135575715917427,0.7425429460956495,0.10372978040886477,0.03088555420185791,0.010722445120552773,0.03651326494171094,0.1402021155656351,2.7723146810515757,0.0015033926824510272,0.0,0.0,0.0,0.0,0.0,0.0,0.0,0.0,0.0,0.0,0.0,0.0,0.0,0.0,0.0,0.0,0.0,0.0,0.0,0.0
2020-06-23,10.0,1.0,0.0,0.0,0.0,0.0,0.11057488426584093,0.14291546904709246,0.9604514975817215,0.011928915397589772,0.019599843595440966,0.9664294486372144,0.029274636740806097,0.0,0.7157150627824022,0.007736620871873808,0.015691318050503913,0.002069344233446473,0.3238665505948569,0.0025041248590423784,0.18217198745359095,0.057132705460309456,3.548062409571733,0.0,0.0,0.0,0.0,0.0,0.0,0.0,0.0,0.0,0.0,0.0,0.0,0.0,0.0,0.0,0.0,0.0,0.0,0.0,0.0,0.0
2020-06-24,14.0,1.0,0.0,0.0,0.030718012571211147,0.0006919916468938052,0.07319325953975576,0.7327052872662594,0.10721489072177544,0.0,0.0,0.09586779707975507,0.0,0.6409472377911486,0.07773333140226775,0.44662804254178445,0.06535087957348808,0.009672423248559162,0.005581321054539302,0.0002450561861078644,0.014885654498306894,0.0015622243686768662,2.3029974094905294,0.021284991515748426,0.0,0.0,0.0,0.0,0.0,0.0,0.0,0.0,0.0,0.0,0.0,0.0,0.0,0.0,0.0,0.0,0.0,0.0,0.0,0.0
2020-06-25,12.0,1.0,0.0,0.0,0.0,0.013520455728545645,0.6023968647173256,0.03302216594493329,0.039659779318243396,0.16062255718709548,0.039370219970153886,0.005540272856042617,0.01962858359353314,0.0004814681780973916,0.05505714636844047,0.08380007319583041,0.0,0.002580784441794432,0.03394774662411034,0.0,0.0009405237413808132,0.010129755014662017,1.100698396880189,0.00016467805440364088,0.0,0.0,0.0,0.0,0.0,0.0,0.0,0.0,0.0,0.0,0.0,0.0,0.0,0.0,0.0,0.0,0.0,0.0,0.0,0.0
2020-06-26,9.0,2.0,0.0,0.0,0.0,0.002313972425544818,0.07112030640039861,0.0006928288721987503,0.004848496011937277,0.788266009738567,0.016905098565947713,0.6438782414425116,0.0,0.002752335547039546,0.0,0.023987708291646346,0.06320473663868059,0.33858382779202684,0.011928915397589772,0.0007625882580055715,0.00369758717808041,0.00263977733095366,1.9755824298911284,0.0058050684874783876,0.0,0.0,0.0,0.0,0.0,0.0,0.0,0.0,0.0,0.0,0.0,0.0,0.0,0.0,0.0,0.0,0.0,0.0,0.0,0.0
2020-06-27,9.0,2.0,0.0,0.0003930668086779007,0.0001412979432350369,0.0,0.0,0.0,0.07004165166591231,0.11504637136136232,0.006128843893532285,0.0382983383436905,0.0,0.599481704256766,0.001078689360146911,0.0014832444968515017,0.0,0.0,0.003030665609671321,0.0007502832361178495,0.008703348630215366,0.0,0.8445775056061792,0.0,0.0,0.0,0.0,0.0,0.0,0.0,0.0,0.0,0.0,0.0,0.0,0.0,0.0,0.0,0.0,0.0,0.0,0.0,0.0,0.0
2020-06-28,12.0,2.0,0.0,0.8370922908916316,0.0,0.0,0.0010436384777989332,0.01117208980043577,0.10057402676394606,0.928867338627168,0.0003018433021657257,0.015019652271959092,0.0,0.030455242879061914,0.0,0.0,0.0,0.03966901858662964,0.02432282364387791,0.01156026265482033,0.00044538001084730086,0.0,2.000523607910342,0.0043797869530768545,0.0,0.0,0.0,0.0,0.0,0.0,0.0,0.0,0.0,0.0,0.0,0.0,0.0,0.0,0.0,0.0,0.0,0.0,0.0,0.0
2020-06-29,8.0,2.0,0.0,0.6867609904711088,0.08440615948766736,0.0,0.0,0.0955666667091127,0.030746452691743895,0.10868089422272859,0.77074620610873,0.00323772164824508,0.09647309680653082,0.006126511678433483,0.08116223954509001,0.4287019684019442,0.0122304005163089,0.002931984446397452,0.0721446497233814,0.004168968808740523,0.03796964301349953,0.012175695723516953,2.5342302500031795,0.03483502983213877,0.0,0.0,0.0,0.0,0.0,0.0,0.0,0.0,0.0,0.0,0.0,0.0,0.0,0.0,0.0,0.0,0.0,0.0,0.0,0.0
2020-06-30,7.0,2.0,1.0,0.014274218135603619,0.0,0.0,0.011806028346846568,0.0004115440552252456,0.8431998278394089,0.8589058295266717,0.0013258918935586323,0.7577727186557092,0.0,0.04311035366822402,0.6243041267649674,0.5016083148786585,0.0,0.0003930668086779007,8.249010798567699e-05,0.0,0.0006415109669466603,0.0,3.657835921648484,0.0017189587022365328,0.0,0.0,0.0,0.0,0.0,0.0,0.0,0.0,0.0,0.0,0.0,0.0,0.0,0.0,0.0,0.0,0.0,0.0,0.0,0.0
2020-07-01,7.0,2.0,1.0,0.013563141511408711,0.0,0.02504178075567023,0.0,1.289540916175159,0.005880948319972711,0.015122677697523748,0.0,0.07595945541793289,0.07218651825769443,0.0668624489985596,0.0,0.008295149575383621,0.0003930668086779007,0.01528938244364362,0.0,0.37810515857683713,0.004873444491693778,0.1275241727792357,2.098638261809393,0.011928915397589772,0.0,0.0,0.0,0.0,0.0,0.0,0.0,0.0,0.0,0.0,0.0,0.0,0.0,0.0,0.0,0.0,0.0,0.0,0.0,0.0
2020-07-02,9.0,2.0,1.0,0.013995579680323184,0.0,0.0,0.055877396863783194,0.8035350310803446,0.8615617315097931,0.0,0.05276611784006605,0.6492844974566212,0.014764599399710901,0.0,0.5772965889993417,0.009299582562341153,0.0029404741599863555,0.0005518483455602374,0.0,0.20183574687736658,0.013537278254385292,0.003154694217506624,3.2606355497870103,0.015384143949181753,0.0,0.0,0.0,0.0,0.0,0.0,0.0,0.0,0.0,0.0,0.0,0.0,0.0,0.0,0.0,0.0,0.0,0.0,0.0,0.0
2020-07-03,9.0,2.0,0.0,0.0011805173012335722,0.0,0.011806028346846568,0.0910469327941785,0.057296750560490294,0.9854450559254935,0.010200691425603148,0.003257689570649166,0.0044502304871005946,0.0,0.790828896765501,0.0002343825398794998,0.0009311621043577577,0.06735411323012415,0.05298601626248816,0.00031259617609116026,0.00047101831052860497,0.00031864862886767374,0.0,2.078120730429433,0.0,0.0,0.0,0.0,0.0,0.0,0.0,0.0,0.0,0.0,0.0,0.0,0.0,0.0,0.0,0.0,0.0,0.0,0.0,0.0,0.0
2020-07-04,11.0,2.0,3.0,0.0,0.0009897296066298821,0.0,0.0,1.3880032842367436,0.0,0.08805858839944837,0.0006949101108436264,0.0,0.0,0.08560331018589937,0.10070109442613707,0.0,0.000591381948862044,0.0,0.0,0.3819190699866335,0.0,0.0,2.0465613689011977,0.0047135591337992555,0.0,0.0,0.0,0.0,0.0,0.0,0.0,0.0,0.0,0.0,0.0,0.0,0.0,0.0,0.0,0.0,0.0,0.0,0.0,0.0
2020-07-05,12.0,2.0,1.0,0.015038207471961369,0.0,0.0,0.024299959072798177,0.7231009123187847,0.6161082794875637,0.00028972429665274576,0.5716041126252746,0.0003397160677141176,0.0,0.0003620902349578717,0.0035661897643246283,0.0,0.06425676111513469,0.0,0.03712102674816126,0.0,0.0,0.011928915397589772,2.0680158946009177,0.013478420865703646,0.0,0.0,0.0,0.0,0.0,0.0,0.0,0.0,0.0,0.0,0.0,0.0,0.0,0.0,0.0,0.0,0.0,0.0,0.0,0.0
2020-07-06,14.0,2.0,0.0,0.6795443087056783,0.0,0.0014747071106693496,0.5980371164887409,0.003407565009557997,0.004859131044134976,0.7887435858784873,0.032358960438347385,0.003257689570649166,0.0,0.001976339765637192,0.08861039851726943,0.0,0.014994509341916006,0.3225890572933248,0.04277315031230811,0.034453339577650996,0.000450183151894217,0.012208136138228923,2.6357063734270607,0.014058252055623121,0.0,0.0,0.0,0.0,0.0,0.0,0.0,0.0,0.0,0.0,0.0,0.0,0.0,0.0,0.0,0.0,0.0,0.0,0.0,0.0
2020-07-07,13.0,3.0,1.0,0.0,0.0,0.0,0.0,0.018214788579227294,0.9777665120955169,1.066836769269251,0.04940260494287808,0.815076214229738,0.0,0.004740277780519974,0.003318634287510003,0.0002343601375567506,0.0,0.011918406994711025,0.017459308382554103,0.0,0.15849699672826417,0.0024499543762517956,3.1291725173746285,0.004479176593919756,0.0,0.0,0.0,0.0,0.0,0.0,0.0,0.0,0.0,0.0,0.0,0.0,0.0,0.0,0.0,0.0,0.0,0.0,0.0,0.0
2020-07-08,14.0,2.0,1.0,0.07012152267528785,0.014204830785856087,0.0,0.002074141251521632,0.05740388477435267,0.004479176593919755,0.014781615642290646,0.016421266061164865,0.017191836105744127,0.0,0.001115453110772839,0.05272132397962471,0.003975734023761246,0.0009348557511354692,0.0009686786780187958,0.0,0.0033602538641473814,0.0,0.006136289354432146,0.2658908626520302,0.013313742811300005,0.0,0.0,0.0,0.0,0.0,0.0,0.0,0.0,0.0,0.0,0.0,0.0,0.0,0.0,0.0,0.0,0.0,0.0,0.0,0.0
2020-07-09,14.0,2.0,0.0,0.0,0.0,0.02509044685036334,0.06917187472782563,0.012326606589099466,0.0010567178444106185,0.855681990443191,0.033101499893358394,0.015098611894392676,0.7744510220396432,0.00021705388823178308,0.10027296938002066,0.0,0.0013258918935586323,0.0029846719390250074,0.0,0.0034747364051729785,0.1328320360047205,9.94889249066012e-05,2.0271856187179207,0.5915549876741485,0.0,0.0,0.0,0.0,0.0,0.0,0.0,0.0,0.0,0.0,0.0,0.0,0.0,0.0,0.0,0.0,0.0,0.0,0.0,0.0
2020-07-10,12.0,2.0,0.0,0.0,0.0,0.00017750078889239507,0.017959223316610536,0.018226146160227837,0.0,0.0,0.04589362277105475,0.07703915148572994,0.0,0.005560351286147459,0.0003018433021657257,0.004094053985806763,0.1402430453505757,0.003324971572913929,0.005504623495367194,0.015016862987069076,0.0016174344126076952,0.0,0.33495883091516904,0.0,0.0,0.0,0.0,0.0,0.0,0.0,0.0,0.0,0.0,0.0,0.0,0.0,0.0,0.0,0.0,0.0,0.0,0.0,0.0,0.0
2020-07-11,14.0,2.0,2.0,0.0,0.0,0.07012152267528785,0.0,0.0,0.0,0.030455242879061914,0.0035674624842417122,0.0,0.00029391369073890534,0.0,0.591932575812253,0.0,0.0,0.013313742811300003,0.0,0.0029846719390250074,0.0,0.0,0.7126691322919084,0.0018820852973241349,0.0,0.0,0.0,0.0,0.0,0.0,0.0,0.0,0.0,0.0,0.0,0.0,0.0,0.0,0.0,0.0,0.0,0.0,0.0,0.0
2020-07-12,10.0,2.0,0.0,0.0,0.0,0.005137650566284681,0.011481757042871233,0.0003105214886140406,0.7071285995243157,0.00034848445051719856,0.5762401240554907,0.0664226595040387,0.5712696501961975,0.0,0.011510459374314544,0.00015807302865430015,0.0,0.030455242879061914,0.0,0.0,0.0009233777672385138,0.0,1.9813865998775988,0.0,0.0,0.0,0.0,0.0,0.0,0.0,0.0,0.0,0.0,0.0,0.0,0.0,0.0,0.0,0.0,0.0,0.0,0.0,0.0,0.0
2020-07-13,10.0,2.0,0.0,0.0,0.0,0.0002825023479476154,0.06327152133070488,0.004498262065609262,0.0033664324348834365,0.030689625418941414,0.00039149731778058774,0.015146337911621698,0.013685144528103101,0.0977917277004966,0.0,0.003118917093608506,0.6001100537262746,0.0006903142969366248,0.007060991811813261,0.0,0.00038501196299902616,0.0,0.8412328491920437,0.011928915397589772,0.0,0.0,0.0,0.0,0.0,0.0,0.0,0.0,0.0,0.0,0.0,0.0,0.0,0.0,0.0,0.0,0.0,0.0,0.0,0.0
2020-07-14,9.0,2.0,0.0,0.0008393597759933124,0.037548821988259214,0.0,0.07702102198825082,0.041557640778645086,0.08696936043533525,0.016178773006021132,0.01550244720412291,0.005147854001327217,0.0,0.5979751340184168,0.0023774598428830855,0.0,0.0,0.005135651793729273,0.00349575150081199,0.01392474899470205,0.0,0.0063429422472058876,0.9100169675757039,0.000744509244323117,0.0,0.0,0.0,0.0,0.0,0.0,0.0,0.0,0.0,0.0,0.0,0.0,0.0,0.0,0.0,0.0,0.0,0.0,0.0,0.0
2020-07-15,8.0,2.0,0.0,0.013741754376212709,0.000435523847913726,0.00035621668894703844,0.5183011497327958,0.09581303753661644,0.003875661322486862,0.6643173330776063,0.6320186677953255,0.000465026043654255,0.0,0.014736499598970484,0.06885793226918252,0.009566204797174465,0.07869122981098708,0.002538109345142661,8.688629497351799e-05,0.0,0.0,0.0009039981857078302,2.1047052307236975,0.0,0.0,0.0,0.0,0.0,0.0,0.0,0.0,0.0,0.0,0.0,0.0,0.0,0.0,0.0,0.0,0.0,0.0,0.0,0.0,0.0
2020-07-16,7.0,2.0,0.0,0.9217999145937729,0.0,0.0,0.810580431157911,0.0005053352609596257,0.0,0.0,0.05180261678529976,0.8360474384050123,0.0030423495926772542,0.8077883439188188,0.7402365019103374,0.013445071736105887,0.01569309248777073,0.01139309796768135,0.0001646780544036409,0.0005705675975702958,0.0,0.0,4.21306943946832,0.0,0.0,0.0,0.0,0.0,0.0,0.0,0.0,0.0,0.0,0.0,0.0,0.0,0.0,0.0,0.0,0.0,0.0,0.0,0.0,0.0
2020-07-17,7.0,2.0,0.0,0.0,0.0,0.0,0.001101277212787943,0.15846103136469392,0.017834361062067122,0.0036791353752845517,0.0002972474882587242,0.011975199469185098,0.0,0.004479176593919755,0.0016605192844814085,0.0,0.0,0.5875527888591762,0.05190353666116962,0.011928915397589772,7.950541057599217e-05,0.004614169492956355,0.8555668636721465,0.0,0.0,0.0,0.0,0.0,0.0,0.0,0.0,0.0,0.0,0.0,0.0,0.0,0.0,0.0,0.0,0.0,0.0,0.0,0.0,0.0
2020-07-18,6.0,2.0,0.0,0.0,0.0,0.0029846719390250074,0.5562321147614053,0.01195042554645067,0.08828652776058857,0.015761321213852493,0.627737921408192,0.0003930668086779007,0.0,0.0,0.004379786953076855,0.05237443177987123,0.0,0.0,0.0,0.0,0.0,0.0,1.36010026817114,0.0,0.0,0.0,0.0,0.0,0.0,0.0,0.0,0.0,0.0,0.0,0.0,0.0,0.0,0.0,0.0,0.0,0.0,0.0,0.0,0.0
2020-07-19,6.0,2.0,1.0,0.00017750078889239507,0.06629548703589094,0.0,0.00023863742518020695,0.07426679028759303,0.0007445092443231169,0.014464190313640275,0.012485609683292523,0.0,0.00028137222999865896,0.0,0.0,0.00014527822155000175,0.0,0.0,0.0,0.0,0.003257689570649166,0.0,0.1723570648010103,0.0032576895706491658,0.0,0.0,0.0,0.0,0.0,0.0,0.0,0.0,0.0,0.0,0.0,0.0,0.0,0.0,0.0,0.0,0.0,0.0,0.0,0.0
2020-07-20,5.0,2.0,0.0,0.03742110038725429,0.0,0.0,0.10093676996690239,1.0140624241559908,0.19103659113950483,0.8745743698297304,0.1552205215665221,0.023341812492714945,0.0,0.13205573231167844,0.09950057639748154,0.007669366998776026,0.024677393646271324,0.02162800640252813,0.007019295329549863,0.04044821518010528,0.0,0.07622055110847412,2.805812726913484,0.000744509244323117,0.0,0.0,0.0,0.0,0.0,0.0,0.0,0.0,0.0,0.0,0.0,0.0,0.0,0.0,0.0,0.0,0.0,0.0,0.0,0.0
2020-07-21,6.0,1.0,0.0,0.0,0.0,0.0010509530159080272,0.6068524041924798,0.0005956685760974436,0.007208792104989989,0.06391859365587134,0.0559681523688841,0.0,0.001069493076820725,0.590403016560861,0.0040022636411406135,0.0030806557175700293,0.011928915397589772,0.07942382909925647,0.00013009475890336949,9.103371240438454e-05,0.0,0.006472352963436242,1.4321962188422133,0.0,0.0,0.0,0.0,0.0,0.0,0.0,0.0,0.0,0.0,0.0,0.0,0.0,0.0,0.0,0.0,0.0,0.0,0.0,0.0,0.0
2020-07-22,6.0,1.0,0.0,0.0,0.0,0.003976722740034428,0.014225421498840698,0.1684402327743885,0.026450744947892638,0.020632320533278806,0.013838927362111043,0.017322569951116876,0.012025813310428325,0.006825871858971518,0.13936659591835956,0.00012092114865188815,0.7052953530746559,0.07294735048543291,0.5247191958200144,0.055101395481572335,0.0,0.0004837595487545876,1.7817731964545043,0.0,0.0,0.0,0.0,0.0,0.0,0.0,0.0,0.0,0.0,0.0,0.0,0.0,0.0,0.0,0.0,0.0,0.0,0.0,0.0,0.0
2020-07-23,9.0,1.0,0.0,0.003059093074961196,0.0,0.0,0.591198221517929,0.058959162989491325,0.011200001712535983,0.021244343015106398,0.004201146891890472,0.0076935109544933305,0.0006116301180524018,0.5865391146772896,0.024022508849583183,0.01575072641428372,0.07819290035666931,0.06222742772861598,0.0007814418718881869,0.0,0.0,0.030455242879061914,1.496136473051852,0.0,0.0,0.0,0.0,0.0,0.0,0.0,0.0,0.0,0.0,0.0,0.0,0.0,0.0,0.0,0.0,0.0,0.0,0.0,0.0,0.0
2020-07-24,8.0,1.0,0.0,0.019241221075874775,0.016043280904936674,0.6044406545887174,0.06644618874288692,0.0856604284337946,0.03478026586635662,0.0008119667827846201,0.7680956687310091,0.7168983918597566,0.00019263807563523827,0.003625827986465488,0.06625377701866254,0.0001914387071932409,0.003809814905489542,0.3491885851404844,0.00012734026991028708,0.004393550580973515,0.004874358887313798,0.0014868512795815697,2.7465622498378273,0.0,0.0,0.0,0.0,0.0,0.0,0.0,0.0,0.0,0.0,0.0,0.0,0.0,0.0,0.0,0.0,0.0,0.0,0.0,0.0,0.0
2020-07-25,6.0,1.0,0.0,0.0,0.0,0.0,0.0004699325564365906,0.0006200733181665012,0.003363914301754234,0.04091932460983218,0.1013680827282446,0.0025170340182184767,0.0,0.0,0.004021174009061115,0.0,0.009642289665461849,0.0,0.0,0.0,0.0029846719390250074,0.0,0.16590649714620054,0.0,0.0,0.0,0.0,0.0,0.0,0.0,0.0,0.0,0.0,0.0,0.0,0.0,0.0,0.0,0.0,0.0,0.0,0.0,0.0,0.0
2020-07-26,8.0,1.0,1.0,0.0,0.003197303938596785,0.0,0.014244491122619513,0.004544460584099411,0.6038613252505715,0.0,0.0,0.10147186142595914,0.0,0.033137231523935155,0.011928915397589772,0.0,0.00204075991662463,0.00014937013392552726,0.0,0.0,0.05505714636844047,0.0,0.8296328656623618,0.0,0.0,0.0,0.0,0.0,0.0,0.0,0.0,0.0,0.0,0.0,0.0,0.0,0.0,0.0,0.0,0.0,0.0,0.0,0.0,0.0
2020-07-27,7.0,1.0,1.0,0.0,0.018829559525995732,0.0036197086418920644,0.05918371925615791,0.0837495670400223,0.09814696310281792,0.13170902492076514,0.5929934532035436,0.14732630441935304,0.021630256681069243,0.060978191820909536,0.0,0.008073423246246157,0.008406403629064632,0.029096751709664456,0.0,0.029889258797775865,0.0017218077199371326,0.0,1.2953543937152148,0.0036849834043094724,0.0,0.0,0.0,0.0,0.0,0.0,0.0,0.0,0.0,0.0,0.0,0.0,0.0,0.0,0.0,0.0,0.0,0.0,0.0,0.0
2020-07-28,6.0,1.0,2.0,0.055184778852418355,0.0,0.042579349233753255,1.0723370580367648,1.3277539917858363,0.015302193741314698,0.02196117150641451,0.08417083610856463,0.01594330148259029,0.014564240899811193,0.0,0.8793736993544907,0.09762062173665519,0.5704308565580761,0.06335305648318064,0.0,0.0,0.0,0.013001690920057242,4.273576846699926,0.0,0.0,0.0,0.0,0.0,0.0,0.0,0.0,0.0,0.0,0.0,0.0,0.0,0.0,0.0,0.0,0.0,0.0,0.0,0.0,0.0
2020-07-29,7.0,1.0,2.0,0.0006465136769614234,0.0,0.0005965831699104618,0.03495123246727108,0.012466707595385186,0.034055126125420054,0.08240439651639334,0.003687729756674238,0.004330282275289665,0.0,0.00032164404688646324,0.10179176036157843,0.0008949543273353786,0.06969017282278918,0.6139397501454107,0.04493216150567193,8.734415927262215e-05,0.0005599981505936387,0.0,1.0053563571028437,0.0,0.0,0.0,0.0,0.0,0.0,0.0,0.0,0.0,0.0,0.0,0.0,0.0,0.0,0.0,0.0,0.0,0.0,0.0,0.0,0.0
2020-07-30,9.0,1.0,2.0,0.02482943631943088,0.0,0.0,0.0759538970699515,0.972011462528225,0.01573541889602616,0.027927457524613848,0.021831565303429553,0.11513308660582194,0.0008135267258029945,0.018251539909679024,0.7655660512388093,0.0,0.009675412211668387,0.00431056383258364,0.0,0.0,0.0,0.08980874226574842,2.1418481604317905,0.0,0.0,0.0,0.0,0.0,0.0,0.0,0.0,0.0,0.0,0.0,0.0,0.0,0.0,0.0,0.0,0.0,0.0,0.0,0.0,0.0
2020-07-31,10.0,1.0,0.0,0.0,0.013501659216071507,0.00012864407326552046,0.05451653865010018,0.008436650776005415,0.0017803901695060134,0.019899821195995055,0.1422765266540378,0.6933873560298778,0.015992568346011385,0.00028218624573682306,0.07885168515243934,0.08195399986063646,0.0,0.024194740583965816,0.0008713936176112516,0.0,0.0,0.0008293831961464162,1.1369035437674067,0.0,0.0,0.0,0.0,0.0,0.0,0.0,0.0,0.0,0.0,0.0,0.0,0.0,0.0,0.0,0.0,0.0,0.0,0.0,0.0,0.0
2020-08-01,10.0,1.0,0.0,0.0005453282942251014,0.0,0.031781134772620546,0.020583288851161154,0.09912720916394736,0.09765421571480552,0.09853725064390358,0.672799321684958,0.613725059644105,0.013903934974452827,0.003079251200286704,0.5318052951062265,0.0,0.048208855215225825,0.0,0.0,0.02237223575599485,0.0,0.0,2.2541223810219133,0.000744509244323117,0.0,0.0,0.0,0.0,0.0,0.0,0.0,0.0,0.0,0.0,0.0,0.0,0.0,0.0,0.0,0.0,0.0,0.0,0.0,0.0
2020-08-02,8.0,1.0,2.0,0.06563926506712359,0.011862629366630802,0.10454539248163436,0.13354477781635948,0.01438412411209506,0.17016977978497716,0.017245262029374372,0.0004152058617616397,0.018055848590384574,0.014013003874190702,0.715836382551998,0.010927872405781773,0.008826185048880808,0.0,0.05505714636844047,0.0,0.0029846719390250074,0.0,0.0,1.3439763123784167,0.0,0.0,0.0,0.0,0.0,0.0,0.0,0.0,0.0,0.0,0.0,0.0,0.0,0.0,0.0,0.0,0.0,0.0,0.0,0.0,0.0
2020-08-03,9.0,1.0,0.0,0.0038432986031638346,0.00027744582175047086,0.47128994070722824,0.11871341204941652,0.15737395554364184,0.697536558661465,0.8217890483724166,0.004623820040751817,0.025109319430414757,0.0,0.13252496051465604,0.0,0.0,0.0024237333075669294,0.0,0.004479176593919755,0.11172586661136401,0.0011759646103238382,0.03182730647064645,2.584948189878606,0.0,0.0,0.0,0.0,0.0,0.0,0.0,0.0,0.0,0.0,0.0,0.0,0.0,0.0,0.0,0.0,0.0,0.0,0.0,0.0,0.0
2020-08-04,10.0,1.0,0.0,0.0,0.04834282852257722,0.016064440845415938,0.11459814703249008,0.0009889001800121096,0.009404399806698166,0.044115468013342596,0.08357004549661858,0.05023387005358017,0.0,0.09135842122204745,1.8047461419038588,0.029108950476188458,0.004671902579115774,0.004931885486290412,0.0,0.6090925520241767,0.0018052745689205174,0.0013388705202357128,2.914372098731569,0.0,0.0,0.0,0.0,0.0,0.0,0.0,0.0,0.0,0.0,0.0,0.0,0.0,0.0,0.0,0.0,0.0,0.0,0.0,0.0,0.0
2020-08-05,10.0,1.0,1.0,0.10343105462767468,0.09210232407225705,0.0003968806527004112,0.02607698523404506,0.7491275688437435,0.8142688251470225,0.8482163254707428,0.627492996124689,0.0,0.0,0.14025121680287636,0.00025293592714575625,0.4598033225307139,0.0,0.0,0.0,0.0,0.00950005108032334,0.0023936728642377416,3.8733141593781717,0.0,0.0,0.0,0.0,0.0,0.0,0.0,0.0,0.0,0.0,0.0,0.0,0.0,0.0,0.0,0.0,0.0,0.0,0.0,0.0,0.0
2020-08-06,9.0,1.0,0.0,0.0173031972135183,0.0003399134112992105,0.003849794831879874,0.11969729465300627,1.3922172000859796,0.0005675112649038297,0.02209190236828059,0.05117332528533309,0.020703743429512443,0.0,0.048638419719654075,0.9132166194969713,0.003257689570649166,0.5882429096131158,0.0013695302214853282,0.004379786953076855,0.3160887198537989,0.0270576089773564,0.00033074408779072435,3.5305259110376115,0.0,0.0,0.0,0.0,0.0,0.0,0.0,0.0,0.0,0.0,0.0,0.0,0.0,0.0,0.0,0.0,0.0,0.0,0.0,0.0,0.0
2020-08-07,9.0,1.0,0.0,0.003257689570649166,0.0005981968144881638,0.0003729010411533705,0.016871098127961545,1.460249774300042,0.14760935836290157,0.18579244672768383,0.012564156447667112,0.0786876190565838,0.12162137376560056,0.16239738058609318,0.0010377591694550417,0.9069385034174954,0.001704985592461663,0.07826104402333421,0.0,0.000183469547961707,0.01337655815613273,0.007333940213723114,3.198858254921388,0.0,0.0,0.0,0.0,0.0,0.0,0.0,0.0,0.0,0.0,0.0,0.0,0.0,0.0,0.0,0.0,0.0,0.0,0.0,0.0,0.0
2020-08-08,10.0,0.0,1.0,0.0,0.01671547164519023,0.07015199864699186,0.026013147339265425,0.022870394299481112,0.7520416759358867,0.05277769405291168,0.004364267701195642,0.0890593451609113,0.0346833070146494,0.0,0.0624446776326538,0.4422483391050916,0.010080779316514358,0.0,0.0,0.0059554885649495855,0.003039170569232608,0.0,1.5924457569849255,0.0,0.0,0.0,0.0,0.0,0.0,0.0,0.0,0.0,0.0,0.0,0.0,0.0,0.0,0.0,0.0,0.0,0.0,0.0,0.0,0.0
2020-08-09,11.0,1.0,1.0,0.0,0.02143596993673985,0.00024087763161543697,0.013982115103799857,0.12249634555993656,0.8270110958536836,0.0006419497816355617,0.11331531298001213,0.6928655058402103,0.0,0.6707100742522781,0.0033335409686642563,0.0718561630413182,0.059919559512447665,0.004479176593919755,0.0,0.2103474357960461,0.0,0.0,2.812635122852307,0.0032576895706491658,0.0,0.0,0.0,0.0,0.0,0.0,0.0,0.0,0.0,0.0,0.0,0.0,0.0,0.0,0.0,0.0,0.0,0.0,0.0,0.0
2020-08-10,11.0,1.0,0.0,0.062373978120540935,0.0024772986434513236,0.12848884040344166,1.0095992298066048,1.1959435571989208,0.07047436680489907,1.1540380222392501,1.029969898482194,0.004305654998107427,0.022885493710260742,0.9824889880351112,0.879558400776253,0.00021316207859672467,0.5315868127589589,0.013317907444480866,0.0004376391460439052,0.2797683317637398,4.337480523516016e-05,0.0,7.370911431376076,0.0,0.0,0.0,0.0,0.0,0.0,0.0,0.0,0.0,0.0,0.0,0.0,0.0,0.0,0.0,0.0,0.0,0.0,0.0,0.0,0.0
2020-08-11,12.0,1.0,2.0,0.0,0.05788880492654211,0.050122542640972725,0.5790202957878889,0.03709834104993651,0.8447485451182726,0.8728226552020162,0.7200440016348758,0.0,0.04347031963191711,0.08151739459184838,0.5408666056015013,0.03168455938256298,0.33424447583616457,0.0,0.0,0.006741529544856405,0.00027625168161588085,0.007789344960104505,4.208335667591075,0.014058252055623121,0.0,0.0,0.0,0.0,0.0,0.0,0.0,0.0,0.0,0.0,0.0,0.0,0.0,0.0,0.0,0.0,0.0,0.0,0.0,0.0
2020-08-12,9.0,1.0,0.0,0.00423405740597215,0.8214909537093218,0.02926551793359555,1.0638702970918654,1.2209379680218442,0.01902090412479231,1.0541594593568249,0.0,0.0050582760414587076,0.9517819693643652,0.0501659574002787,0.7617760238434339,0.011299192992341889,0.041801884322968164,7.173693644550364e-05,0.0012922626342189807,0.041776040245882246,0.00044538001084730086,0.0,6.080329966733781,0.0,0.0,0.0,0.0,0.0,0.0,0.0,0.0,0.0,0.0,0.0,0.0,0.0,0.0,0.0,0.0,0.0,0.0,0.0,0.0,0.0
2020-08-13,10.0,2.0,0.0,0.17457638757760427,0.020250150816358534,0.5887059508146189,0.6253103867130685,0.025210700572887337,0.04574886355011046,0.0016910886344164982,0.11925738493482828,0.08155555651502801,0.0,0.6270487045860795,0.15084909229443622,0.0034168430282457284,0.0049461612664702635,0.1098436877779427,0.0,0.0,0.03588487574142266,0.002583962646248598,2.616879797469766,0.011806028346846568,0.0,0.0,0.0,0.0,0.0,0.0,0.0,0.0,0.0,0.0,0.0,0.0,0.0,0.0,0.0,0.0,0.0,0.0,0.0,0.0
2020-08-14,9.0,2.0,0.0,0.0,0.0,0.025305611268265162,0.8182315900530511,0.02745144683633426,0.16889262814723516,1.0254512593866856,0.140581420408169,0.9697275406385266,0.015349659128156626,0.09868310592804941,0.10165279607814871,0.0,0.05544653007429362,0.0,0.0,0.26120815128941477,0.0,0.0,3.70798173923633,0.0,0.0,0.0,0.0,0.0,0.0,0.0,0.0,0.0,0.0,0.0,0.0,0.0,0.0,0.0,0.0,0.0,0.0,0.0,0.0,0.0
2020-08-15,8.0,2.0,0.0,0.14660714197016192,0.7492336103244972,0.7032275039574003,0.11509746279833083,0.18442724236043062,0.18852361435201714,0.8270480643504917,0.7342898647241005,0.6570199500063303,0.7224967134357536,0.0009755748778342541,0.0,0.012709264201142708,0.002535242573689195,0.004379786953076855,0.00025665964787372506,0.012720992296256972,0.0,0.0,5.061548688829388,0.0,0.0,0.0,0.0,0.0,0.0,0.0,0.0,0.0,0.0,0.0,0.0,0.0,0.0,0.0,0.0,0.0,0.0,0.0,0.0,0.0
2020-08-16,8.0,2.0,0.0,0.0,0.005108085216174304,0.6828459893394969,0.7513375702600598,0.960194404889668,0.09587928394406253,1.0629355572424284,0.8620255370343445,0.004086818940198733,0.0007304242934221262,0.0016659537599138603,0.014483262443700101,0.00015885589657454506,0.008087230012453258,0.0,0.0,0.0,0.0,0.0,4.449538973272498,0.0,0.0,0.0,0.0,0.0,0.0,0.0,0.0,0.0,0.0,0.0,0.0,0.0,0.0,0.0,0.0,0.0,0.0,0.0,0.0,0.0
2020-08-17,8.0,2.0,0.0,0.18732059940074094,0.03937266343067191,0.1326330761705917,0.8704206796369223,0.9724045417979993,0.9343372731484292,0.22998919272332946,0.14178433586700903,0.167078652965493,0.003257689570649166,0.04620367764902584,0.6571864685306407,0.6459096002802458,0.00028409183543120413,0.0007445092443231169,0.0,0.0,0.0,0.0,5.028927052251503,0.0,0.0,0.0,0.0,0.0,0.0,0.0,0.0,0.0,0.0,0.0,0.0,0.0,0.0,0.0,0.0,0.0,0.0,0.0,0.0,0.0
2020-08-18,8.0,2.0,0.0,0.00043001391250129537,0.11876883834688326,0.2514635287468833,1.2862748130220456,1.6053928374061237,1.4276951209228077,1.627645361934902,1.425137288422567,0.1844005028928227,1.3241182528313435,0.023770426287414617,1.2201837519943426,0.9472551534661847,0.046248666015409695,0.0,0.04571864468003681,0.009187556040912323,0.0,0.0,11.54369075692318,0.0043797869530768545,0.0,0.0,0.0,0.0,0.0,0.0,0.0,0.0,0.0,0.0,0.0,0.0,0.0,0.0,0.0,0.0,0.0,0.0,0.0,0.0
2020-08-19,8.0,2.0,0.0,0.0,0.0,0.013241613490447258,0.07041568644097115,0.9161713378042301,0.9723125895628384,0.11447222845349234,0.10092566382041633,0.004853265100591585,0.0,0.00023542358131865617,0.7072456435499948,0.042506494250142746,0.0003038671907466675,0.0,0.004583894035821384,0.0005162503602203296,0.0002183491344339469,0.08472710355305826,3.0372085869226444,0.0,0.0,0.0,0.0,0.0,0.0,0.0,0.0,0.0,0.0,0.0,0.0,0.0,0.0,0.0,0.0,0.0,0.0,0.0,0.0,0.0
2020-08-20,7.0,2.0,3.0,0.007310829708192303,0.07364221101702256,0.11153156554008488,0.7976552083611514,0.042006419368079105,1.055522082997625,0.07349166145862483,0.17395384220741747,0.15189470705051827,0.0,0.8497915897733902,0.06530057460459329,0.03300414421447964,0.0001807175924859288,0.009810731053931349,0.003834312612266488,0.0030015142467611318,0.0018892052422307408,0.0013151333913100948,3.455136450440165,0.0,0.0,0.0,0.0,0.0,0.0,0.0,0.0,0.0,0.0,0.0,0.0,0.0,0.0,0.0,0.0,0.0,0.0,0.0,0.0,0.0
2020-08-21,7.0,2.0,0.0,0.6169309339187519,0.07985754984634587,0.009237471228835899,0.7137495489098027,0.8056037757966817,0.19953223084558788,0.09911036133637414,0.007256994628976438,0.6398818387604815,0.09077188886672483,0.06751712892736526,0.07606677418034534,0.06054905188541885,0.034972689169360444,0.0006766269594569692,0.022164081626973812,0.02911444574132199,0.0,0.007086538509255404,3.5600799311380613,0.0,0.0,0.0,0.0,0.0,0.0,0.0,0.0,0.0,0.0,0.0,0.0,0.0,0.0,0.0,0.0,0.0,0.0,0.0,0.0,0.0
2020-08-22,6.0,2.0,0.0,0.14848015370366524,0.0,0.767310754245661,0.9068915272187577,0.8210422706785658,0.02545937969853903,0.0314034583499049,0.804425684994265,0.01729861180700825,0.19321156644018772,0.00016109324224291907,0.7887138958025917,0.5205183095384577,0.0,0.0018377931614687315,0.0022238927709233433,0.00011266454435714754,0.0,0.0,5.029091056196598,0.013313742811300005,0.0,0.0,0.0,0.0,0.0,0.0,0.0,0.0,0.0,0.0,0.0,0.0,0.0,0.0,0.0,0.0,0.0,0.0,0.0,0.0
2020-08-23,6.0,2.0,0.0,0.0,0.07718967151627588,0.09898228465014805,0.09830468305773729,0.14848270581934023,0.7487912694561966,0.1535055374454421,0.6030461784847405,0.5641417036169103,0.08822491981455505,0.0825951112981269,0.05379758386793542,0.058749556126396874,0.04903088353417474,0.0,0.0007814418718881869,8.857551729104131e-05,0.0026537922782252157,0.0,2.828365898355384,0.0,0.0,0.0,0.0,0.0,0.0,0.0,0.0,0.0,0.0,0.0,0.0,0.0,0.0,0.0,0.0,0.0,0.0,0.0,0.0,0.0
2020-08-24,6.0,2.0,0.0,0.05460230652106132,0.01246633868790893,0.6065837781800549,0.6317412877113514,0.7552171607632615,0.8094983783676417,0.05925572089027179,0.02630068630046145,0.09070243996065012,0.1087832765993207,0.14811195452103687,0.011352088894540965,0.1149509986819075,0.0031443457464625595,0.0,0.041377979045906885,0.0,0.0,0.0,3.474088740871839,0.0,0.0,0.0,0.0,0.0,0.0,0.0,0.0,0.0,0.0,0.0,0.0,0.0,0.0,0.0,0.0,0.0,0.0,0.0,0.0,0.0
2020-08-25,2.0,2.0,0.0,0.0763964443876965,0.0,0.1642061979067981,0.7925215131783941,0.18473400179661262,0.011841753532571107,0.018825071365938282,0.9732779931863509,0.1078199752881223,0.07337775291289962,0.03628677897623809,0.7075549037299362,0.6449935096131532,0.0,0.08923937130426986,0.0036050447115233307,0.004930089086909613,0.0,0.009745638143130678,3.899356039120544,0.0,0.0,0.0,0.0,0.0,0.0,0.0,0.0,0.0,0.0,0.0,0.0,0.0,0.0,0.0,0.0,0.0,0.0,0.0,0.0,0.0
2020-08-26,2.0,2.0,0.0,0.018676194921058032,0.07975978839435413,0.8142875921180059,0.8823949760518066,0.13299617580831932,1.1466317005920377,0.04499789835610348,1.0542130326627732,0.07525115249614063,0.036732084597953636,0.014070479099974042,0.7242918907899161,0.022024784666859983,0.0025152841922048493,0.010200048107218565,0.0,0.0,0.004278379417565295,8.12137702330112e-05,5.063402676042524,0.0,0.0,0.0,0.0,0.0,0.0,0.0,0.0,0.0,0.0,0.0,0.0,0.0,0.0,0.0,0.0,0.0,0.0,0.0,0.0,0.0
2020-08-27,2.0,2.0,0.0,0.0,0.06770968506145132,0.07255871189026825,0.18393283790750317,0.6561892111896409,0.7918194716490927,0.2626137475386192,0.03427157832820888,0.01814552373581928,0.0,0.1304740360603535,0.013070605578122743,0.08624767489146852,0.0,0.0093001502006792,0.0,0.0,0.0035375337679219012,0.0,2.3306152770434734,0.0,0.0,0.0,0.0,0.0,0.0,0.0,0.0,0.0,0.0,0.0,0.0,0.0,0.0,0.0,0.0,0.0,0.0,0.0,0.0,0.0
2020-08-28,2.0,2.0,1.0,0.0037310899344455035,0.7233817912945683,0.07206345115726605,0.010305228088535555,0.010195007870088925,0.11565837698284603,1.0777777365512884,0.8301707669711168,0.005009658313948796,0.8616396005707785,0.1175327804579972,0.6602093834051926,0.5328832752514769,0.0,0.00034773071846449035,0.003286497298391285,0.2307069621794522,0.0,6.920677578718139e-05,5.254968543821645,0.0,0.0,0.0,0.0,0.0,0.0,0.0,0.0,0.0,0.0,0.0,0.0,0.0,0.0,0.0,0.0,0.0,0.0,0.0,0.0,0.0
2020-08-29,2.0,2.0,1.0,0.12349354798243718,0.0643841093487561,0.6897270377118551,0.8596990631930623,0.06026443579059611,0.9814167029162636,0.061534776295995054,1.042225956037478,0.006949696577080319,0.9445198276348676,0.06188883832070224,0.7660718624081412,0.012783579654834634,0.026007334557130068,0.030058104472639458,0.0027261575906258675,0.0,0.0,0.005269882935500937,5.739020913427967,0.002984671939025007,0.0,0.0,0.0,0.0,0.0,0.0,0.0,0.0,0.0,0.0,0.0,0.0,0.0,0.0,0.0,0.0,0.0,0.0,0.0,0.0
2020-08-30,3.0,2.0,0.0,0.07403537639607954,0.09955976383811531,0.05964265911194988,0.0732415772174073,0.12815463033060143,0.08938254659430833,0.14093758470623174,0.09123422494381585,0.07987265188891356,0.010375649313223278,0.17537206588327847,0.6609368364853231,0.02550105630720966,0.00032479940757429226,0.0,0.0,0.003991839815412828,0.0,0.0,1.712740763028337,0.0,0.0,0.0,0.0,0.0,0.0,0.0,0.0,0.0,0.0,0.0,0.0,0.0,0.0,0.0,0.0,0.0,0.0,0.0,0.0,0.0
2020-08-31,4.0,2.0,0.0,0.18775184524337662,0.9637422991977372,0.0734975349577914,1.098196946046791,0.2209535071792215,0.17042534231768394,0.034125369366980726,0.022978332661722202,0.9918997900809492,1.1107091349146465,0.15419582522410033,0.018255414205250613,0.00045993158489050746,0.09309493284817603,0.0009341729021440893,0.0,0.0,0.0,0.10536057691693708,5.246580955648399,0.030455242879061917,0.0,0.0,0.0,0.0,0.0,0.0,0.0,0.0,0.0,0.0,0.0,0.0,0.0,0.0,0.0,0.0,0.0,0.0,0.0,0.0
2020-09-01,4.0,2.0,0.0,0.08870261504951399,0.10728708872816502,0.012194683670406001,0.024743786009532375,1.1921149501858743,1.2847885889866315,0.19881578526207835,0.10453693757103573,1.0928919433745743,0.0,0.11029824324735074,0.8500532557093429,0.010537312093878388,0.037015755416883026,0.028074598010961897,0.060080660398459315,0.016649222901312884,0.0,0.10238876885067753,5.321586078795452,0.0,0.0,0.0,0.0,0.0,0.0,0.0,0.0,0.0,0.0,0.0,0.0,0.0,0.0,0.0,0.0,0.0,0.0,0.0,0.0,0.0
2020-09-02,4.0,2.0,0.0,0.07246638332676732,0.07407639808463146,0.15548095894011774,1.3675370317113562,0.298878775538956,1.6010173713599414,0.17338283178516578,0.3199156930468706,1.277872799352172,0.15095280653494222,1.1796815579193678,1.2352092765211835,0.9076801705194245,0.050266177751333824,0.03698768515577672,0.0,0.0,0.23583682053669788,0.12697252733377856,9.264215265418482,0.0003018433021657257,0.0,0.0,0.0,0.0,0.0,0.0,0.0,0.0,0.0,0.0,0.0,0.0,0.0,0.0,0.0,0.0,0.0,0.0,0.0,0.0
2020-09-03,4.0,2.0,1.0,0.12529970525645695,0.04145863466652468,0.029947441142562654,0.7730244060475637,0.20369815985874284,1.0790952737934743,0.9312396871814963,0.7819829051086052,0.042730258781062,0.10567859234133137,0.10166772202655712,0.16906647319271367,0.06883887372551559,0.002239846314553981,0.0011651863232264238,0.008078001583667381,0.005596486138816643,0.03303352939059639,0.004479176593919755,4.508320359467387,0.025242658208889775,0.0,0.0,0.0,0.0,0.0,0.0,0.0,0.0,0.0,0.0,0.0,0.0,0.0,0.0,0.0,0.0,0.0,0.0,0.0,0.0
2020-09-04,4.0,2.0,1.0,1.7411735303486595,1.571693313902198,0.06652187932213827,1.6883652769786084,1.9286983355076834,1.9699472364102444,0.2998897528002472,0.2043890201020313,1.761201419266989,0.07771178258436236,0.14920865505604614,1.4962924888572575,1.2187612110286794,0.9376842948291623,0.8673749792700007,0.009767043057800967,0.48664615300153025,0.0005531200232165205,0.00017815561662296194,16.476057647963476,0.0,0.0,0.0,0.0,0.0,0.0,0.0,0.0,0.0,0.0,0.0,0.0,0.0,0.0,0.0,0.0,0.0,0.0,0.0,0.0,0.0
2020-09-05,5.0,2.0,0.0,0.13038554701916125,0.13948265450236091,0.10589719144552324,0.7881054538406027,1.0464935236015132,1.0300833185187614,0.23009583131201572,1.026648355691272,0.07284659379650939,0.1809621260964244,0.1742560618674327,0.7975516435636638,0.0400255100048485,0.00028715738542887107,0.0,0.0,0.0,0.01743982908474109,0.0,5.78056079773026,0.0,0.0,0.0,0.0,0.0,0.0,0.0,0.0,0.0,0.0,0.0,0.0,0.0,0.0,0.0,0.0,0.0,0.0,0.0,0.0,0.0
2020-09-06,5.0,2.0,2.0,0.07023856768809925,0.07694024226106928,0.016024938400105444,1.1300402979671547,1.365746161691597,1.326507972781509,0.1056000592815149,1.2412668446205584,1.152351383980555,1.2893078720021856,0.07463838864200917,0.013274002804389388,0.044058675634755254,0.6102324642940026,0.564870841686734,0.0032751104702360874,0.0018507263963039278,0.0011648793650088716,0.0,9.08738942996779,0.011928915397589772,0.0,0.0,0.0,0.0,0.0,0.0,0.0,0.0,0.0,0.0,0.0,0.0,0.0,0.0,0.0,0.0,0.0,0.0,0.0,0.0
2020-09-07,9.0,3.0,0.0,0.059905279514228284,0.18659795009157584,1.3669163779778926,1.5589210136948388,1.773777463621827,1.709885313706643,1.9049970699232708,1.7246965113449995,1.519658526667228,0.2599362994309125,0.25704199065882427,1.2397202116051076,0.1181525083865482,0.7425479281215781,0.04170963413087191,0.05089145902103603,0.040857339302584644,4.278488401585458e-05,0.0015161788889622204,14.566907694949675,0.0,0.0,0.0,0.0,0.0,0.0,0.0,0.0,0.0,0.0,0.0,0.0,0.0,0.0,0.0,0.0,0.0,0.0,0.0,0.0,0.0
2020-09-08,9.0,3.0,1.0,0.013107394828163338,0.19607406045027112,0.8578788885476841,0.24186933953270814,1.2366137897053302,0.2722430271494165,0.2633655784194891,0.057414128569429505,0.30655049477983715,0.04973370485593498,0.20218602341421282,0.028564660356859627,0.1701925277774945,0.011691561202137662,0.0,0.008157720270972293,0.00015785896833652024,0.0037884086820463457,0.003651830399657407,3.9232409979099807,0.0,0.0,0.0,0.0,0.0,0.0,0.0,0.0,0.0,0.0,0.0,0.0,0.0,0.0,0.0,0.0,0.0,0.0,0.0,0.0,0.0
2020-09-09,7.0,3.0,0.0,0.8948514333053719,0.9487641596115138,0.7668388813255881,0.8737022741888713,1.1151652206121223,1.200748761564894,1.209751189295466,0.24363237941734078,0.1947854671540558,0.9524264888995486,0.17582232598699102,0.7599852713512303,0.617937336787102,0.013506579101655128,0.014353466945653258,0.06636350645792323,0.00022665292812984342,0.0,0.0,10.051801869093444,0.0,0.0,0.0,0.0,0.0,0.0,0.0,0.0,0.0,0.0,0.0,0.0,0.0,0.0,0.0,0.0,0.0,0.0,0.0,0.0,0.0
2020-09-10,7.0,3.0,0.0,0.11629865916610718,0.18030201043176258,0.1386402469091354,0.9884487873365055,0.20932620851663047,1.3816685196946648,1.4264001920271558,1.2238913191824519,1.0053225935194694,1.1611046098979685,0.9352032169449083,0.834067234761235,0.04059755639194118,0.010901311693002487,0.020086183081835435,0.05484699745259937,0.04254571560737035,0.02588498724399435,0.02272320403431416,9.819238445677255,0.0,0.0,0.0,0.0,0.0,0.0,0.0,0.0,0.0,0.0,0.0,0.0,0.0,0.0,0.0,0.0,0.0,0.0,0.0,0.0,0.0
2020-09-11,6.0,3.0,0.0,0.853225171606055,0.10100890676726726,0.6672854810835647,0.11986338525324926,1.0144118896400058,1.1131520181936543,1.1218704324204642,0.05947705145819121,0.15851015281922878,0.004479176593919755,0.13865163161086533,0.1312079996551892,0.028642053876915794,0.018393960519171623,0.0007051579172417851,0.04279535310266747,0.004806041992982727,0.0004683414638505864,0.0030001170742882262,5.581954323048772,0.07090296454717601,0.0,0.0,0.0,0.0,0.0,0.0,0.0,0.0,0.0,0.0,0.0,0.0,0.0,0.0,0.0,0.0,0.0,0.0,0.0,0.0
2020-09-12,4.0,1.0,0.0,0.7478077909005546,0.007258272504515696,0.03781143969931887,0.7666380286088529,0.1233537181696989,0.9079855586669058,0.9467185771079483,0.846033970191332,0.12983747038870594,0.020543561108048915,0.7407127739091849,0.09307073740834387,0.1114902201889106,0.09354001331410658,0.00047082453275590786,0.0,0.001195611935849931,0.0016375760857300916,8.846751994969322e-05,5.576194612240714,0.0,0.0,0.0,0.0,0.0,0.0,0.0,0.0,0.0,0.0,0.0,0.0,0.0,0.0,0.0,0.0,0.0,0.0,0.0,0.0,0.0
2020-09-13,4.0,1.0,0.0,0.0,0.125916093654447,0.6978020402163533,0.15401013918395084,0.9211650499865224,0.04768151025704602,0.9596924480697863,0.027142097380091088,0.026152866644330936,0.0,0.0018813525204467566,0.7002803837922911,0.020557072359537482,0.005723569992161085,0.00615086391529919,0.34045304129695403,0.0,0.0004431409104446721,0.00026140661318225735,4.0353130767928445,0.004479176593919756,0.0,0.0,0.0,0.0,0.0,0.0,0.0,0.0,0.0,0.0,0.0,0.0,0.0,0.0,0.0,0.0,0.0,0.0,0.0,0.0
2020-09-14,4.0,1.0,0.0,0.030971121509930463,0.15124765860279674,0.8476899545971571,0.9516542219882372,1.045692744641044,0.1952982492483055,1.083532672409127,1.026777577705746,0.1698992892188812,0.8702325265553019,0.2887111003224736,0.6499590962041909,0.5254425758821667,0.06388549707796934,0.0028435354514153763,0.00010440588675173369,0.007306803502136407,0.005946323499955624,0.0030793666392809594,7.920576564245034,0.0,0.0,0.0,0.0,0.0,0.0,0.0,0.0,0.0,0.0,0.0,0.0,0.0,0.0,0.0,0.0,0.0,0.0,0.0,0.0,0.0
2020-09-15,3.0,1.0,0.0,0.0,0.8540783224351717,0.021673998626407228,0.06158786128049753,1.097321850947157,1.2034947792382658,1.08885257317907,0.08203168460962261,0.9608128087002615,0.019651944405204673,0.8652838274824501,0.06165352064242132,0.6482990568567433,0.022567919771187873,0.0003359255054706256,0.003302308815180572,0.0,0.16581972992053806,0.0,7.227634144335261,0.002940474159986355,0.0,0.0,0.0,0.0,0.0,0.0,0.0,0.0,0.0,0.0,0.0,0.0,0.0,0.0,0.0,0.0,0.0,0.0,0.0,0.0
2020-09-16,2.0,1.0,0.0,1.2060405539640258,1.1100262396713674,0.9838677179726701,1.2193052079700701,1.4271129924404282,1.371570323289252,1.4424357539331063,0.23740355031614613,1.3011031245268496,1.2089207250552068,1.1876500313519072,1.119244556225794,0.8049656563845803,0.023776255184317585,0.08455957462873637,0.4113434224974114,7.979362437246812e-05,0.0,0.0010150502887707833,15.170305704518261,0.002984671939025007,0.0,0.0,0.0,0.0,0.0,0.0,0.0,0.0,0.0,0.0,0.0,0.0,0.0,0.0,0.0,0.0,0.0,0.0,0.0,0.0
2020-09-17,2.0,1.0,0.0,1.0209098494407505,0.01216547445437521,0.0058099349371418495,0.04589799860806435,1.1175994769284,1.3601366434720161,1.21378978137396,1.0327075790509725,0.06669691212296125,0.09776344949068218,0.15521529738642686,0.1500361004908682,0.12471552427909915,0.05371090210086344,0.005757194258625109,0.006535184208854471,0.0,0.005039410776542767,0.000639942654498084,6.475126656035101,0.013313742811300005,0.0,0.0,0.0,0.0,0.0,0.0,0.0,0.0,0.0,0.0,0.0,0.0,0.0,0.0,0.0,0.0,0.0,0.0,0.0,0.0
2020-09-18,1.0,1.0,0.0,0.005716883125496889,0.16005065043789166,0.1360916341303206,1.0845838003011783,1.297515515262371,1.3607946888807754,1.3843737454140648,0.23100405699002255,1.189431486824293,0.23663997675154314,0.9672911207775585,1.0408279400835163,0.8045563686821038,0.07559390253678773,0.005244270160510841,0.015781762220210695,0.00039705157077961936,0.0,7.775317240410678e-05,9.999214924783981,0.0,0.0,0.0,0.0,0.0,0.0,0.0,0.0,0.0,0.0,0.0,0.0,0.0,0.0,0.0,0.0,0.0,0.0,0.0,0.0,0.0
2020-09-19,0.0,0.0,0.0,0.09132725892789875,1.2968044754683092,0.20812754045663742,1.3884562884919307,1.6475002944539432,1.780301409534703,1.5920560018260201,1.5537124933048243,1.5391673192892827,0.07343303270020966,1.3451625470652766,1.1713202989814784,0.0804719614502809,0.0,0.0,0.47907402871482274,0.0012075030192237207,0.0,0.0,14.24812245368484,0.0,0.0,0.0,0.0,0.0,0.0,0.0,0.0,0.0,0.0,0.0,0.0,0.0,0.0,0.0,0.0,0.0,0.0,0.0,0.0,0.0
2020-09-20,1.0,1.0,3.0,1.230783395180945,0.2078087598372513,1.0350265531097573,1.0810236922406982,1.2699776412402766,0.271355236888043,1.4034356313372627,0.17137546834149114,1.1500770615629414,1.0687925533091254,0.14158806173245667,0.9111141900382396,0.6717886129186049,0.5948690474251551,0.00014207095630761345,0.006615808536005038,0.03475661359267338,0.0,0.0,11.250530398247234,0.0,0.0,0.0,0.0,0.0,0.0,0.0,0.0,0.0,0.0,0.0,0.0,0.0,0.0,0.0,0.0,0.0,0.0,0.0,0.0,0.0
2020-09-21,3.0,2.0,1.0,0.02584782614786464,1.1432198605516457,1.0240399979966186,0.23311958325648574,0.04516640021199182,1.4981549100987808,1.5387708139551912,0.23808818346889096,1.2142974195181195,0.0037830963287440885,1.0343332475101745,1.0626345453068784,0.8829021130862323,0.6650546373451327,0.058314317646727364,0.0,0.03265990315421956,0.0007150859137495985,0.0,10.701336324037324,0.0,0.0,0.0,0.0,0.0,0.0,0.0,0.0,0.0,0.0,0.0,0.0,0.0,0.0,0.0,0.0,0.0,0.0,0.0,0.0,0.0
2020-09-22,7.0,2.0,0.0,1.7065141921995175,1.332471845373293,1.4564974611075152,1.5884052061657015,1.8398953111679963,2.0109706904478277,1.9285715724540824,1.7270160431263721,1.6101051381794298,0.00031991447935427044,1.6678745963559916,0.031205568242519202,1.1137004193992008,0.13735531737803308,0.71325529251041,0.037689912153122763,0.0,0.0002037431699252817,0.01915771723929167,18.934701184749777,0.0043797869530768545,0.0,0.0,0.0,0.0,0.0,0.0,0.0,0.0,0.0,0.0,0.0,0.0,0.0,0.0,0.0,0.0,0.0,0.0,0.0,0.0
2020-09-23,7.0,2.0,0.0,2.3514546729306947,2.1009260532455247,1.9808926266817204,2.193850758368313,2.521858357767532,2.74932092720163,2.735604157883508,2.454623670849545,2.013906353443103,2.3509954404037297,2.1792139618088595,1.8819338157069259,1.5448793438903263,0.12416768871619371,1.0046479846130036,0.014358524291811782,0.00020126484106705968,0.0052632057224603675,0.0,30.2116347464349,0.1035172397143361,0.0,0.0,0.0,0.0,0.0,0.0,0.0,0.0,0.0,0.0,0.0,0.0,0.0,0.0,0.0,0.0,0.0,0.0,0.0,0.0
2020-09-24,8.0,3.0,1.0,0.31772131451112534,0.10424217972013788,1.4261556123844061,0.23323746982133117,1.9914534733805151,2.1221580175146997,2.1850464980027686,1.733383699926104,1.7071250732568108,0.0,1.6465800382353748,0.23798619908803337,1.1079267604408898,0.01474898925433954,0.0032204617146749754,0.0019965044063318905,0.4484414350618052,0.003471754489289443,0.15234370351389015,15.516987080015225,0.003729181183348124,0.0,0.0,0.0,0.0,0.0,0.0,0.0,0.0,0.0,0.0,0.0,0.0,0.0,0.0,0.0,0.0,0.0,0.0,0.0,0.0
2020-09-25,7.0,2.0,3.0,0.36568782688207846,1.371873831188016,1.3002443411980715,1.5374495824873207,1.7159128041467837,1.9092301183341034,1.8827615784280858,1.8279058535771477,1.517984804705011,1.4358890555135835,1.6107958629338,1.4369785042359844,0.8940353662096274,0.7306820772637524,0.08562885107043215,0.46107021486538124,0.3905812002776213,0.001174872307838084,0.003330267173260368,20.479753238639947,0.00885896354699661,0.0,0.0,0.0,0.0,0.0,0.0,0.0,0.0,0.0,0.0,0.0,0.0,0.0,0.0,0.0,0.0,0.0,0.0,0.0,0.0
2020-09-26,5.0,2.0,0.0,0.2369780962018999,1.141618188334167,0.8947435469715854,1.1557074303863073,1.3280906495606886,1.5269502755937878,1.5817110136168204,1.3723510279493025,1.1848063488280003,1.2354570643572829,1.000640325506324,0.8867420298338581,0.15925441321191036,0.5491209206380699,0.0454283541168297,0.0043818454459806115,0.0,0.03138236073938569,0.0,14.370129698003847,0.014790700285871575,0.0,0.0,0.0,0.0,0.0,0.0,0.0,0.0,0.0,0.0,0.0,0.0,0.0,0.0,0.0,0.0,0.0,0.0,0.0,0.0
2020-09-27,10.0,2.0,1.0,0.1393927891195098,1.8212590105874011,1.797067998108601,1.839884868726839,2.2028404273561035,2.205988620195816,2.2716115114522024,0.30049572951771575,1.8493354207992725,0.060587815399593646,1.909732620636753,0.27868336208101924,0.2363457722589388,0.0049303849136188675,0.0037191556799886947,0.00177690114926963,0.043069734888598735,0.03443996537366561,0.01555876811274313,18.191826434076006,0.011806028346846568,0.0,0.0,0.0,0.0,0.0,0.0,0.0,0.0,0.0,0.0,0.0,0.0,0.0,0.0,0.0,0.0,0.0,0.0,0.0,0.0
2020-09-28,10.0,2.0,0.0,1.2990912873010234,0.29176309250967297,1.238186776943387,1.3440390810611458,1.663893461012286,1.7798856132179817,1.811288575387505,1.6717015603729228,0.22319776094574384,1.27825760437104,1.4790892374804017,0.9914148281451416,1.0148124897372,0.7972859994604196,0.03998065642304541,0.3792929554259304,0.08535414069897755,0.0032421941674139936,0.030167424345798586,17.52168870684429,0.0035883585433564586,0.0,0.0,0.0,0.0,0.0,0.0,0.0,0.0,0.0,0.0,0.0,0.0,0.0,0.0,0.0,0.0,0.0,0.0,0.0,0.0
2020-09-29,9.0,2.0,2.0,0.009079451772448928,0.2568410171539061,1.772541794523672,1.8632233250034533,2.207476677216782,2.3216924900471736,2.398494360226802,2.261028542098799,2.026220681916743,0.1265752507385347,1.9545615619763523,1.7285211641750367,1.1700291167937213,0.9074227980273425,0.8307012686243341,0.09296650229739689,0.00461485084704325,0.020037445544645885,0.011489541976371413,22.075720242976516,0.07528275150025286,0.0,0.0,0.0,0.0,0.0,0.0,0.0,0.0,0.0,0.0,0.0,0.0,0.0,0.0,0.0,0.0,0.0,0.0,0.0,0.0
2020-09-30,8.0,2.0,2.0,0.015992028671585754,1.687152921241346,1.7045347662969412,1.7565498874718848,2.163566045429279,2.2391237180678987,1.961643812840881,2.134864275207309,1.8741386150948929,0.007884115817319902,1.827973206062114,1.413595970270082,0.1971796536020964,0.12935931250664476,0.08442788681305585,0.08566621845773145,0.4515030439382619,0.0,0.0,19.747139006925064,0.014869389557576128,0.0,0.0,0.0,0.0,0.0,0.0,0.0,0.0,0.0,0.0,0.0,0.0,0.0,0.0,0.0,0.0,0.0,0.0,0.0,0.0
2020-10-01,9.0,2.0,1.0,2.985904209797225,2.668600028176211,2.4211462830355623,2.6410237491407518,3.103649866980505,3.32506351246285,3.361426226804462,3.053184856286735,2.7966064466935605,0.0549365047175567,2.6429609936177263,2.539729760022958,2.0314416425426574,1.3697308575904223,1.3406969433324474,0.9536809194784429,0.11358663503768408,0.4283352532214611,8.58285186102146e-05,37.83730788046392,0.003982230892568196,0.0,0.0,0.0,0.0,0.0,0.0,0.0,0.0,0.0,0.0,0.0,0.0,0.0,0.0,0.0,0.0,0.0,0.0,0.0,0.0
2020-10-02,8.0,3.0,0.0,0.08488824424280743,0.27293845543957235,1.965525025625201,2.1288558739411854,2.430695379178768,2.67854216346152,2.7585389146259933,2.423815858105516,2.206234981832548,2.3273788874361148,1.942756444426253,1.950778709408557,1.338523009733769,1.229505330521392,1.0249083918141209,0.058359930890984825,0.01405207946073048,0.006235535069462077,0.01923946950345528,26.86177268471795,0.07012152267528783,0.0,0.0,0.0,0.0,0.0,0.0,0.0,0.0,0.0,0.0,0.0,0.0,0.0,0.0,0.0,0.0,0.0,0.0,0.0,0.0
2020-10-03,12.0,3.0,2.0,1.8199009304989078,1.5892408990689701,1.4767655755294251,1.5892385830419085,1.8904439901282841,2.0252765437684648,2.068342112663753,1.8832371057317507,0.42237865208075753,0.07656147871310048,1.721126921941315,0.3776252840782253,0.2663190626670522,0.2560597520104252,0.16107411692050905,0.48973148983601344,0.0,0.0001210510133180325,0.00010416094310871873,18.122406674182287,0.0,0.0,0.0,0.0,0.0,0.0,0.0,0.0,0.0,0.0,0.0,0.0,0.0,0.0,0.0,0.0,0.0,0.0,0.0,0.0,0.0
2020-10-04,10.0,4.0,0.0,1.9769404585051051,2.020838380709849,1.9679244427056417,2.0853215501115456,2.416027297051314,2.5785408983038147,2.7439153195176944,2.49789104286987,2.2353341075256674,2.218755887128074,0.5163199420289629,0.43060879538268027,1.5369686824982467,0.0947391771192568,0.1576213900877181,0.018484140330396165,0.12180861948256497,4.929342269279777e-05,0.0014481148818564118,25.631343568009797,0.0002343825398794998,0.0,0.0,0.0,0.0,0.0,0.0,0.0,0.0,0.0,0.0,0.0,0.0,0.0,0.0,0.0,0.0,0.0,0.0,0.0,0.0
2020-10-05,11.0,4.0,0.0,2.843209526369728,2.7729774043777837,2.4994716572299778,2.6973695524092416,3.1006785182042766,3.3219824398478135,3.41551140610214,3.2500231649581943,2.954639071020438,2.3732217565794484,2.837917763062417,2.564364583002125,0.5780873485183294,1.5495592880845597,0.2948511899873912,0.9602007782818546,0.019982791551160083,0.10615842918625996,0.0407041331220629,38.22194000724861,0.05834366160963119,0.0,0.0,0.0,0.0,0.0,0.0,0.0,0.0,0.0,0.0,0.0,0.0,0.0,0.0,0.0,0.0,0.0,0.0,0.0,0.0
2020-10-06,10.0,4.0,0.0,2.4245644378621547,2.4891830616455044,2.3985363853711408,2.533411622064141,3.034460647270086,3.257998406015925,3.296637242398556,2.978601177501026,2.7012385488108137,2.893761523596119,2.6539190430626065,2.303940883213909,0.3110351142750924,0.25099892826536074,0.11193024899024517,0.8154760335522375,0.05927781099150466,0.41471105092488714,0.033937062120942274,34.991082926561354,0.010622148462751026,0.0,0.0,0.0,0.0,0.0,0.0,0.0,0.0,0.0,0.0,0.0,0.0,0.0,0.0,0.0,0.0,0.0,0.0,0.0,0.0
2020-10-07,10.0,3.0,0.0,2.544276444252002,2.268544991973924,2.1294689140855683,2.2714536807367143,2.6850876000934862,2.8759666169039297,2.844588678728066,2.7414149405830117,2.4948219034661823,2.4590163337521513,2.3456541471852903,2.180131296896632,1.6267595036221443,0.3733092932541833,0.22654721980043055,0.698400442076099,0.12479529576679312,0.41645329735237513,0.0018676205026094286,33.31166337324598,0.004039131442537353,0.0,0.0,0.0,0.0,0.0,0.0,0.0,0.0,0.0,0.0,0.0,0.0,0.0,0.0,0.0,0.0,0.0,0.0,0.0,0.0
2020-10-08,9.0,3.0,1.0,3.0450039468967973,2.669634915601402,2.4901342195582647,2.6510391050295365,3.080664717190882,3.3862794801292435,3.4861803298905922,3.212534610380631,2.746887229902021,2.4829025567836496,2.813387779122195,2.4112112843095757,1.9585886468708522,1.270653275258237,0.10822350518799477,0.8223229993230483,0.7030206403199319,0.00022091954338668003,0.0589634713782637,39.416699908821705,0.6693431633844688,0.0,0.0,0.0,0.0,0.0,0.0,0.0,0.0,0.0,0.0,0.0,0.0,0.0,0.0,0.0,0.0,0.0,0.0,0.0,0.0
2020-10-09,9.0,2.0,1.0,2.821040503002611,2.6131620355294376,2.3602574027267926,2.5497277005807657,2.955348928395125,3.233257231812614,3.2520631968887086,2.950183297401764,2.677793091893534,0.6099455441297073,2.6448571028438086,2.4059002367316573,1.8878148650336528,1.3945640000314345,0.2443784644444171,0.20038169525280683,0.1080752473645689,0.07516111155217024,0.038512366430421933,35.0227533781548,0.10700931182486476,0.0,0.0,0.0,0.0,0.0,0.0,0.0,0.0,0.0,0.0,0.0,0.0,0.0,0.0,0.0,0.0,0.0,0.0,0.0,0.0
2020-10-10,7.0,1.0,1.0,2.009707812586747,2.2126278277590594,2.0479983233837484,2.1195987230573348,2.5617734548438804,2.7008622286775528,2.7632164650426865,2.4499115216826084,2.2869017118063297,2.0663565525516665,2.2824323837874214,1.9960612237256063,1.6041585782611505,0.25795422851121474,0.14139533652675101,0.8222194769821329,0.03267687883291765,0.04881435615774772,0.0014024746650955827,30.406563593004858,0.004002198814972283,0.0,0.0,0.0,0.0,0.0,0.0,0.0,0.0,0.0,0.0,0.0,0.0,0.0,0.0,0.0,0.0,0.0,0.0,0.0,0.0
2020-10-11,7.0,2.0,2.0,0.2551739618464556,0.274688902247478,1.646011392406378,1.7688754998841132,2.0197694177411987,2.1470703834561693,0.42314183548025136,2.0865604456606603,1.7878731106449097,1.8694514694072142,0.4485378229287097,1.5121220646137215,1.0653052074022655,0.05488447157553968,0.06291492812488099,0.04562552692543864,0.10072807849887029,0.05547779899713669,0.011852869015616841,17.636065186857007,0.030455242879061917,0.0,0.0,0.0,0.0,0.0,0.0,0.0,0.0,0.0,0.0,0.0,0.0,0.0,0.0,0.0,0.0,0.0,0.0,0.0,0.0
2020-10-12,8.0,2.0,2.0,0.58444458750303,3.024978413684507,2.940332218072268,3.10554578656226,3.730562032607593,3.9223147923196273,4.111012495083881,3.7897258154337945,3.428074247067405,0.6279575156490815,3.1959066200775292,2.859192886227912,2.324745222194835,1.7931821515121085,1.6330808954222313,0.17559843828835628,0.11455006053883181,0.08931861205696488,0.01976230046793558,41.48425754579907,0.05505714636844046,0.0,0.0,0.0,0.0,0.0,0.0,0.0,0.0,0.0,0.0,0.0,0.0,0.0,0.0,0.0,0.0,0.0,0.0,0.0,0.0
2020-10-13,9.0,2.0,3.0,3.2942942587424713,2.8990500636569303,2.7471644573192506,2.966182494287088,3.5172513076879723,3.7154320305207524,3.8712149417033137,3.546518355376478,3.238513884390977,3.182622999541975,3.119129865149013,2.8327705570393062,2.297493615203827,1.8253872711626529,0.2908518769235903,0.9814824342313755,0.062371702412352625,0.020720199720551113,0.059558124487852956,44.47396168516928,0.030455242879061917,0.0,0.0,0.0,0.0,0.0,0.0,0.0,0.0,0.0,0.0,0.0,0.0,0.0,0.0,0.0,0.0,0.0,0.0,0.0,0.0
2020-10-14,10.0,2.0,3.0,0.5949727513000636,3.4719878322299054,3.5665936378893592,3.878288951011896,4.510691656427313,4.885822876048571,4.9024100776767305,4.59674625330928,4.148977234157689,0.6944049255507372,3.995807952401802,3.561114040422917,2.886813847328075,2.332873085675971,0.31755961710626507,0.19222568876558552,1.0633270261604246,0.09115861857416178,0.04741141194710907,49.75780379366108,0.0034092392397453548,0.0,0.0,0.0,0.0,0.0,0.0,0.0,0.0,0.0,0.0,0.0,0.0,0.0,0.0,0.0,0.0,0.0,0.0,0.0,0.0
2020-10-15,12.0,3.0,1.0,4.292720890137881,3.71288300211219,3.4521583411359114,3.737786090779741,4.323377095262976,4.70524066289041,4.840632214012855,4.448557456712093,4.022543149925029,0.5663877194205658,3.8646256349558485,3.503897378590736,2.8554315876909655,0.36201974710898355,1.9204499289124934,1.4124171884537613,1.0314996148522162,0.6260955078080783,0.041809763117121965,53.803040996142904,0.14492467560581826,0.0,0.0,0.0,0.0,0.0,0.0,0.0,0.0,0.0,0.0,0.0,0.0,0.0,0.0,0.0,0.0,0.0,0.0,0.0,0.0
2020-10-16,13.0,4.0,1.0,0.5205491080244781,3.8045937610434333,3.4063862362653707,3.6723760317796432,4.2954418522330355,4.651124600583314,4.766636377579785,4.3597986381761125,3.857446257456761,4.027789590315498,3.800146090765096,3.4933604396147184,2.807196614642827,2.169400668871776,1.779921096209265,0.16332499825608682,1.1010247917215006,0.08280100302689236,0.0007180821459469099,52.76417365703139,0.14107440482899786,0.0,0.0,0.0,0.0,0.0,0.0,0.0,0.0,0.0,0.0,0.0,0.0,0.0,0.0,0.0,0.0,0.0,0.0,0.0,0.0
2020-10-17,8.0,1.0,1.0,0.20012017701900328,2.6998364440980613,2.5383954544452654,2.7278466254628615,3.2206483850610272,3.2049071641553923,3.546216140140418,3.2498256413025097,2.935829666157514,3.150325264518913,2.6946696040354454,2.5776218051916424,0.34630915195219725,1.5533300802858048,1.4417135816358935,0.045464140876998196,0.10393713816251034,0.058679912267439446,0.001153926612488477,36.89001501521531,0.006495411218894245,0.0,0.0,0.0,0.0,0.0,0.0,0.0,0.0,0.0,0.0,0.0,0.0,0.0,0.0,0.0,0.0,0.0,0.0,0.0,0.0
2020-10-18,13.0,4.0,3.0,2.9475402311896524,2.642236360847772,2.4920550048418946,2.656641653073818,3.1551681926538078,3.405488770387014,3.519711990312663,3.2267557047772413,2.8983585277114394,0.5190648701527735,2.748591562691888,2.5270861902825477,0.09309985546987953,1.5923107285961293,1.2345841051084165,0.8880854776077997,0.10010402800325457,0.021538670558505776,0.00023360383806291717,36.68300390542566,0.0,0.0,0.0,0.0,0.0,0.0,0.0,0.0,0.0,0.0,0.0,0.0,0.0,0.0,0.0,0.0,0.0,0.0,0.0,0.0,0.0
2020-10-19,16.0,5.0,0.0,5.439866043888071,4.8298403787050415,4.415537481668213,4.757980417531445,5.577707606388432,6.04351047800283,6.106623870245201,5.642041349444943,5.044325083260241,5.4432752079336035,4.977801297037135,4.425023509455438,3.551422179740795,2.841408112856297,2.609462279443184,1.8128011995503621,0.20716500786687417,0.7864393020093803,0.06983156214981408,74.6968076857697,0.15557895626472115,0.0,0.0,0.0,0.0,0.0,0.0,0.0,0.0,0.0,0.0,0.0,0.0,0.0,0.0,0.0,0.0,0.0,0.0,0.0,0.0
2020-10-20,20.0,5.0,0.0,1.0499034987736209,5.081292139083138,4.575836813668118,4.858698155414277,5.761923630365451,6.240145128840339,6.29107419119688,5.894124945888975,5.339993374456247,1.0430025581170221,5.146076052724849,4.556280447744095,0.7452082513107577,2.8187071266854398,2.712312324232594,0.2850614411092096,0.2600569740150722,0.018453884363672797,0.532922862823212,63.25154886006773,0.03704868655573634,0.0,0.0,0.0,0.0,0.0,0.0,0.0,0.0,0.0,0.0,0.0,0.0,0.0,0.0,0.0,0.0,0.0,0.0,0.0,0.0
2020-10-21,17.0,5.0,0.0,0.9225750324603249,4.961045249993649,4.310279993545221,4.790930036484605,5.67843541445636,6.058570257443749,6.111211962732446,5.718250412317936,5.187600155288072,5.573326603266608,4.8699411620101225,4.536032942231481,3.657198430528109,2.7827581227697147,2.342368244476545,0.09333014047155952,1.4546460658702691,0.12703660830773073,0.0652983119126651,69.34801656789196,0.1591788270775299,0.0,0.0,0.0,0.0,0.0,0.0,0.0,0.0,0.0,0.0,0.0,0.0,0.0,0.0,0.0,0.0,0.0,0.0,0.0,0.0
2020-10-22,17.0,5.0,1.0,5.423494626061221,4.78833295706258,4.47597347198143,4.822432585997058,5.74065304488585,6.056811318718328,6.307758469306982,5.727049513076707,5.225026318418506,5.667970536275772,5.024193687673975,4.443528122890264,3.6895152730020695,2.954401990428967,0.4477812738922936,1.8623484493314926,1.294687377625874,0.1326049379173642,0.5075178911537118,75.34430136104343,0.07883184496482261,0.0,0.0,0.0,0.0,0.0,0.0,0.0,0.0,0.0,0.0,0.0,0.0,0.0,0.0,0.0,0.0,0.0,0.0,0.0,0.0
2020-10-23,18.0,4.0,4.0,4.184264821733702,3.8058463058158227,3.432999326128963,3.689952719353537,4.36904786427268,4.601329398578518,4.79037323586319,4.297760723519908,4.00463520731447,4.26676130702585,3.8459581788725035,3.492303749299767,2.8368447196854887,2.112648541051426,1.979309665507033,0.09416387380985497,0.20595080360872148,0.0911299702060538,0.06523295491861275,56.19570128572795,0.04038343998425905,0.0,0.0,0.0,0.0,0.0,0.0,0.0,0.0,0.0,0.0,0.0,0.0,0.0,0.0,0.0,0.0,0.0,0.0,0.0,0.0
2020-10-24,21.0,2.0,3.0,0.5992216004229532,2.934125802858051,2.776868588591021,2.9792926617565363,3.478597627044175,3.7533948175064555,3.7390019739412326,3.477339922623151,3.122920648533262,3.432342024211899,3.115353558022889,2.81264800053598,2.2139906396720925,1.7237521559269198,0.0855698568541659,0.031505863105711754,0.019912090154215377,0.010227845325279697,0.0026648975792257687,40.40705475407242,0.7400009231508816,0.0,0.0,0.0,0.0,0.0,0.0,0.0,0.0,0.0,0.0,0.0,0.0,0.0,0.0,0.0,0.0,0.0,0.0,0.0,0.0
2020-10-25,18.0,4.0,3.0,3.6434362778755007,3.368290498196598,2.9735421730591365,3.2442212653421794,3.8943658908629484,4.0843126204858935,4.22902831111855,3.9098501023174768,3.4643605055003883,3.622588127490387,3.3878971121400503,3.089055965051105,2.4305877449677187,0.3801006258235753,0.17007999151143496,0.15122975802506194,0.9817189177610085,0.057028280974742745,0.03538337685411604,47.1918036292004,0.01761778492843801,0.0,0.0,0.0,0.0,0.0,0.0,0.0,0.0,0.0,0.0,0.0,0.0,0.0,0.0,0.0,0.0,0.0,0.0,0.0,0.0
2020-10-26,24.0,4.0,7.0,5.225555426508948,4.5299184871805585,4.192834960141821,4.528934613050352,5.30044036212459,5.734748233313329,5.898535988367911,5.400901956464454,4.795519947227865,5.153801060978662,4.627745952355834,4.201949411996855,3.0039032536825787,2.7847794304575406,2.433069625522175,0.263295960279875,1.3664189018776791,0.04972241048245758,0.0037267385633145576,69.50481847791274,0.08637573964657419,0.0,0.0,0.0,0.0,0.0,0.0,0.0,0.0,0.0,0.0,0.0,0.0,0.0,0.0,0.0,0.0,0.0,0.0,0.0,0.0
2020-10-27,26.0,4.0,6.0,5.757106381135628,5.12752354661669,4.632747856924149,5.09875191288195,6.02274145732737,6.413187954507208,6.586001725562606,5.94447103876012,5.4625579882792135,5.736433360231999,5.175092506863452,4.768769910370792,3.791672852156796,0.09542212605537664,0.2183088379586092,1.7458312623782426,1.5424899220422583,0.12082276547922192,0.03413373176500383,74.31151286069823,0.025183854502508585,0.0,0.0,0.0,0.0,0.0,0.0,0.0,0.0,0.0,0.0,0.0,0.0,0.0,0.0,0.0,0.0,0.0,0.0,0.0,0.0
2020-10-28,27.0,2.0,3.0,4.427815443902102,4.07039701802981,3.7228024552652714,4.084911401615834,4.851569244229,5.055670087520379,5.325661316307824,4.724973136600565,4.417384241540744,4.409689534788971,4.256633140009576,3.882013775737455,3.0260268222940363,2.2211879278631237,2.064804141749272,0.21882437720472442,0.14115103843438365,0.07924073898034582,0.00021914893408489668,60.98833022796064,0.6880001957270266,0.0,0.0,0.0,0.0,0.0,0.0,0.0,0.0,0.0,0.0,0.0,0.0,0.0,0.0,0.0,0.0,0.0,0.0,0.0,0.0
2020-10-29,28.0,2.0,8.0,5.2806959825274316,4.667375489589468,4.3103981188785125,4.636665853315826,5.383218771371343,5.856534445025356,5.893852933063201,5.5301186047111015,4.833489441853206,5.245409177697532,4.851311329255586,4.26887216577785,3.5500588648182307,2.630902336880965,2.4000244149578185,1.7161904306790352,1.404093581160844,0.8489779749501598,0.06715959514232801,73.4627380010576,0.6312904120678164,0.0,0.0,0.0,0.0,0.0,0.0,0.0,0.0,0.0,0.0,0.0,0.0,0.0,0.0,0.0,0.0,0.0,0.0,0.0,0.0
2020-10-30,26.0,3.0,2.0,0.7512458424686376,3.3207982715055318,3.1653316391985857,3.425189424810257,3.950539708540331,4.319208724371214,4.3504494657857276,3.992442230958949,3.6997229843349873,3.6707217581160787,3.562528340023565,0.699239631759196,0.5965699807362649,2.0023241232290463,1.8989872441822482,0.24991619197683929,1.0500306363556555,0.6459614451826903,0.024293195394318123,45.49403032341332,0.7411095770210518,0.0,0.0,0.0,0.0,0.0,0.0,0.0,0.0,0.0,0.0,0.0,0.0,0.0,0.0,0.0,0.0,0.0,0.0,0.0,0.0
2020-10-31,28.0,4.0,7.0,2.8806214717088063,2.7671326682940443,2.3099348121696863,2.6058859355954778,3.1644645305654433,3.307393537681281,3.4842048476482383,3.1881061031472764,2.8151383389506397,3.009385911691326,2.7962624996616112,2.4292436803565884,1.9868005718768638,1.5407766853968023,1.413100861011989,0.9967054698251631,0.03957463056369297,0.06957119269442279,0.0020920169892488945,40.8253561818613,0.016536726718432135,0.0,0.0,0.0,0.0,0.0,0.0,0.0,0.0,0.0,0.0,0.0,0.0,0.0,0.0,0.0,0.0,0.0,0.0,0.0,0.0
2020-11-01,29.0,4.0,5.0,3.21126898653864,2.889510551319832,2.6566950660524693,2.888763819662117,3.5043830930963678,3.7386583323103904,3.7422843919581137,3.4513939089943135,3.1759773028541645,3.3529467708728675,3.076902335965557,2.745113565111036,2.1838027970232288,0.07572004232134802,1.5127057162108442,0.16401350570490303,0.0130023553341126,0.028233854825295043,0.0065575382614291,43.01880046608749,0.7981737915074612,0.0,0.0,0.0,0.0,0.0,0.0,0.0,0.0,0.0,0.0,0.0,0.0,0.0,0.0,0.0,0.0,0.0,0.0,0.0,0.0
2020-11-02,34.0,4.0,7.0,7.1805666278697915,6.3389677915134035,5.738145595681785,6.264258080294955,7.421377397940248,7.901475367478014,8.021689195521917,7.3338602364388255,6.760287403536406,7.196261304725762,6.521786862201442,5.921436169876233,4.793534666549015,3.8193628591635664,3.457848475059677,2.3366968287872254,2.0243553310129943,0.17362224140283533,0.6024991892397739,99.82476274492709,1.336369003615626,0.0,0.0,0.0,0.0,0.0,0.0,0.0,0.0,0.0,0.0,0.0,0.0,0.0,0.0,0.0,0.0,0.0,0.0,0.0,0.0
2020-11-03,37.0,7.0,6.0,4.551234588050355,4.070345362097968,3.545739932687723,4.017789321347826,4.703174660097247,5.086201412003907,5.156238258845454,4.793325097778338,4.345966090167107,4.590049240410556,4.180638335319246,3.7293845324066948,3.0027138998531457,2.3933184020388323,1.7913313334414913,0.3161871999067245,1.2572356100348445,0.09719574999813516,0.011026980530854371,61.64024875339728,0.7152336832177477,0.0,0.0,0.0,0.0,0.0,0.0,0.0,0.0,0.0,0.0,0.0,0.0,0.0,0.0,0.0,0.0,0.0,0.0,0.0,0.0
2020-11-04,34.0,6.0,6.0,4.813946641214118,4.159527598023886,3.888528832519751,4.2050921027277255,4.9916512479081065,5.32739952738781,5.4697945901223015,5.025860906748886,4.579446586850775,4.868858868212198,4.425916551897637,3.858201906238644,3.086638299643161,2.1436404941644494,2.20369124590756,1.5800662770071012,0.2603832970047453,0.11102123272094006,0.05680381462464987,65.05663469897884,0.11333146072691289,0.0,0.0,0.0,0.0,0.0,0.0,0.0,0.0,0.0,0.0,0.0,0.0,0.0,0.0,0.0,0.0,0.0,0.0,0.0,0.0
2020-11-05,36.0,6.0,10.0,4.145855515399184,0.8726396285508656,3.8832849004771246,4.197877261013697,4.975780107516851,5.225700547518537,5.472351284909176,4.903279161387973,4.537913636757923,4.913982986090324,4.373729856227889,3.9888774595187417,3.198262775342682,2.564799647132435,2.25009297943353,1.6575772830944255,1.1000326088022658,0.7938696909386876,0.05595608305087002,63.112192769271985,0.10635733386076623,0.0,0.0,0.0,0.0,0.0,0.0,0.0,0.0,0.0,0.0,0.0,0.0,0.0,0.0,0.0,0.0,0.0,0.0,0.0,0.0
2020-11-06,34.0,5.0,3.0,4.261693209786788,3.9950601651110276,3.589517767681398,3.8487336274345947,4.501003334308451,4.908285842429848,4.936091104832745,4.643622536016104,4.2139242010569,4.317254447051093,4.064428875920468,3.6810763960661497,2.8574540108537376,2.295543779230021,1.8499070236003223,1.4523395137433397,0.0371237227963542,0.09777083640931356,0.002440397945285015,59.556857837953395,0.01843448511768501,0.0,0.0,0.0,0.0,0.0,0.0,0.0,0.0,0.0,0.0,0.0,0.0,0.0,0.0,0.0,0.0,0.0,0.0,0.0,0.0
2020-11-07,34.0,5.0,6.0,0.9121338224778549,3.9238870216964834,4.085431051132122,4.40282521532693,5.209321905274327,5.392652479532304,5.724060820085807,5.219310524148442,4.754524092880832,4.421667864895076,4.404665211937128,4.001089979657009,3.372908005944701,2.451698931397718,2.1093530998954733,0.013845529400742355,0.19567133734363745,0.13818127144331507,0.0028863299239799355,60.736114494393874,0.05801232221489446,0.0,0.0,0.0,0.0,0.0,0.0,0.0,0.0,0.0,0.0,0.0,0.0,0.0,0.0,0.0,0.0,0.0,0.0,0.0,0.0
2020-11-08,34.0,4.0,3.0,4.589235664432885,4.168601925149245,3.5850923470400557,4.00977820097382,4.768600909408235,5.093817450026664,5.100602896759245,4.8149979620158465,4.221546564414145,1.0599276175533192,4.2188232162937584,3.837211868357816,2.9618840417838017,0.5826854792758452,2.0896331116801723,0.057082192310885356,1.1294131250753816,0.7870524573742276,0.08167927331966982,57.157900685784895,0.7438239259020003,0.0,0.0,0.0,0.0,0.0,0.0,0.0,0.0,0.0,0.0,0.0,0.0,0.0,0.0,0.0,0.0,0.0,0.0,0.0,0.0
2020-11-09,37.0,5.0,5.0,6.139581595441333,5.505354428640012,5.105000490625415,5.4917528743489115,6.521786091723683,6.953315960046781,7.1655358264366855,6.573462928302709,5.957939256755627,6.248552486045758,5.711720275816707,5.031602699465878,4.219610859955492,3.3801060897828648,3.0545125288975803,2.1574208970608817,1.5210648304134091,0.20821541576563782,0.08068946924293013,87.72594398181754,0.020212350894290326,0.0,0.0,0.0,0.0,0.0,0.0,0.0,0.0,0.0,0.0,0.0,0.0,0.0,0.0,0.0,0.0,0.0,0.0,0.0,0.0
2020-11-10,33.0,4.0,18.0,7.000186095424094,6.290193882775241,5.623831762665087,6.0957236082447945,7.213060274979957,7.662726433448471,7.870846806316624,7.219672243018924,6.502985300251728,6.888505396181595,6.312538343374048,5.739949883777042,4.652025015027059,3.618856099792981,3.350874808177523,2.1296172769879855,0.27503012456873255,0.17316190319668973,0.008470319426693787,94.69901054344471,0.7403463718009216,0.0,0.0,0.0,0.0,0.0,0.0,0.0,0.0,0.0,0.0,0.0,0.0,0.0,0.0,0.0,0.0,0.0,0.0,0.0,0.0
2020-11-11,28.0,3.0,2.0,5.4583725272878425,4.9700245925820745,4.518735795819232,4.84864784174576,5.758620309757097,6.144133236309982,6.331884737499237,5.823208169909735,5.280359858347894,5.481731347295512,5.1013428763155675,4.629276364210682,3.759335648205333,0.6126931005158974,2.596278434601763,1.7682593650234828,1.5782840059919676,0.9264814439324236,0.5172899420706059,76.1221644729382,0.6934626040062263,0.0,0.0,0.0,0.0,0.0,0.0,0.0,0.0,0.0,0.0,0.0,0.0,0.0,0.0,0.0,0.0,0.0,0.0,0.0,0.0
2020-11-12,32.0,3.0,4.0,6.900099198842838,6.106347089654203,5.604928876792619,6.0541792725584465,7.027930081525111,7.629959609756127,7.878820609336781,7.223044336856486,6.5458024933431425,6.764845470782298,6.3086968253706015,5.749265229301398,4.62932339807422,3.698040369445755,0.6705807445513507,2.2330291339917587,1.901251273141003,0.017490587417351197,0.055831143632358776,93.61213830439117,1.2872771960960332,0.0,0.0,0.0,0.0,0.0,0.0,0.0,0.0,0.0,0.0,0.0,0.0,0.0,0.0,0.0,0.0,0.0,0.0,0.0,0.0
2020-11-13,34.0,2.0,0.0,1.1658520812567505,5.974144299316456,5.3590068445335435,5.797046843464986,6.863933499071803,7.3141310347505195,7.521172024380182,6.879728252933314,6.227610047318496,6.669462866632802,5.8781443894471535,5.449243394022402,4.429164979425821,3.438495309591836,3.0863607440593386,2.159234296501071,0.21716577757607072,0.13000507277200324,0.606170976406297,85.21334593195989,0.6412768717370577,0.0,0.0,0.0,0.0,0.0,0.0,0.0,0.0,0.0,0.0,0.0,0.0,0.0,0.0,0.0,0.0,0.0,0.0,0.0,0.0
2020-11-14,29.0,2.0,8.0,3.4998184902369527,3.2860623986447677,2.9348146661379966,3.1654906708674178,3.7669339648124778,4.045229531785516,4.131082109616747,3.8182339758878947,3.4901377530309086,2.9769206249268976,3.36500663520371,3.006326643117986,2.4389745758805517,1.5125406778907398,0.3780041617775755,0.26858040704269376,0.7799375083630763,0.10209462792499685,0.0010967642530884888,46.99774143028105,0.16141598035105717,0.0,0.0,0.0,0.0,0.0,0.0,0.0,0.0,0.0,0.0,0.0,0.0,0.0,0.0,0.0,0.0,0.0,0.0,0.0,0.0
2020-11-15,29.0,3.0,3.0,4.55335055855121,4.1507056896516055,3.7040427441510944,3.9729183030914608,4.700580152744958,4.896332245830059,5.226188457360491,4.796380465532096,4.329951437071541,4.531706714377108,4.187043042651043,3.8146504479179115,2.988089656757368,2.4331455586195205,2.1306979305214324,1.4739745762634084,1.2382736534225334,0.6886475710410458,0.005730078669673137,63.82240928422555,0.744827171270924,0.0,0.0,0.0,0.0,0.0,0.0,0.0,0.0,0.0,0.0,0.0,0.0,0.0,0.0,0.0,0.0,0.0,0.0,0.0,0.0
2020-11-16,32.0,3.0,8.0,6.077087251848867,5.412422938566395,4.825949194162071,5.187067514778969,6.15950973067959,6.572793848870064,6.778392745174693,6.22307289804092,5.645372214708013,5.899748033787648,5.447709097256693,4.792777635631533,3.8667363114433986,0.7630289921559823,2.8984680869400417,0.4042283564226989,1.6894096473291138,0.8802185985846211,0.12429493391419354,79.67115476551503,0.7783984309393623,0.0,0.0,0.0,0.0,0.0,0.0,0.0,0.0,0.0,0.0,0.0,0.0,0.0,0.0,0.0,0.0,0.0,0.0,0.0,0.0
2020-11-17,29.0,3.0,6.0,4.781494126292249,4.553781185950259,4.16050804203645,4.419032143329628,5.328591179869529,5.595182461448255,5.8609964999825115,5.356415251142019,4.736159258096501,5.258887475519758,4.563273410522351,4.2707025382666135,3.446316570011802,2.6828226784255818,2.4199316776337123,1.6749099840455588,1.4226683116306156,0.7672800934726938,0.007021351804006024,71.31286955519734,0.7118107528243268,0.0,0.0,0.0,0.0,0.0,0.0,0.0,0.0,0.0,0.0,0.0,0.0,0.0,0.0,0.0,0.0,0.0,0.0,0.0,0.0
2020-11-18,32.0,3.0,9.0,0.9434799694003628,4.5541183367427065,4.1903524888458,4.5020009713199896,5.232580819597708,5.677327726350226,5.704155889607313,5.402722802854757,4.744631638012677,5.297840215097188,4.716213971128622,4.283625288767976,3.343183847351281,2.605349769540324,2.400148838173691,0.26207729870862634,1.4018979353309275,0.8105788953601494,0.031975881791867056,66.13355383919186,0.1409810570427568,0.0,0.0,0.0,0.0,0.0,0.0,0.0,0.0,0.0,0.0,0.0,0.0,0.0,0.0,0.0,0.0,0.0,0.0,0.0,0.0
2020-11-19,40.0,2.0,8.0,4.05673723342618,3.679669473577833,3.307529009146018,3.606202465434198,4.244086104062449,4.548635254767882,4.751007470597776,4.354142460398719,3.9471161313873173,3.7071077615990062,3.8080108337675886,3.4471302095634573,2.8017535166959284,2.2321128517900215,1.8993028958806948,0.19958137775854803,0.9499921376500715,0.5712450464155936,0.33481069078668885,56.70755208789159,0.2158528462052605,0.0,0.0,0.0,0.0,0.0,0.0,0.0,0.0,0.0,0.0,0.0,0.0,0.0,0.0,0.0,0.0,0.0,0.0,0.0,0.0
2020-11-20,49.0,2.0,5.0,4.492134930980107,4.099102541607475,3.679831253942207,3.8796137229697933,4.600053083687291,4.945945259776463,5.137662786731481,4.742758931667848,4.290357949304155,4.555194141998182,4.156541612739129,3.5982928159898844,3.025539719248292,2.1894827941787094,0.3267200070721612,1.4639469880889007,0.1127208797659363,0.6637823947250123,0.058305071802643854,60.201135224997614,0.8379763328579797,0.0,0.0,0.0,0.0,0.0,0.0,0.0,0.0,0.0,0.0,0.0,0.0,0.0,0.0,0.0,0.0,0.0,0.0,0.0,0.0
2020-11-21,51.0,3.0,4.0,2.807456695967365,2.67334032759128,2.4091843528750165,2.496455268461147,2.9858964981830396,3.205010513608311,3.286856026201559,3.12174735131422,2.816235543136907,2.921004925935864,2.737000489726997,2.468906680401609,1.6673940362385837,1.6061280148598414,0.26047883384024895,0.9450607156480296,0.141909169648931,0.4806766667309053,0.020730924976363065,39.05147303534622,0.7022892616676027,0.0,0.0,0.0,0.0,0.0,0.0,0.0,0.0,0.0,0.0,0.0,0.0,0.0,0.0,0.0,0.0,0.0,0.0,0.0,0.0
2020-11-22,46.0,3.0,10.0,3.341835202997314,3.0742560890358086,2.7318833148627464,2.9234720821376543,3.4214989337037385,3.7068364305704273,3.835637518829323,3.3989800744315035,3.109155783795789,3.4275788260619664,3.090137252438515,2.7869516139538812,2.2446138089132255,1.630658817186893,1.5231641673235679,1.0584773187589134,0.7748497135361058,0.5553976717486288,0.28734834526103614,46.93033867420523,0.6550865224674787,0.0,0.0,0.0,0.0,0.0,0.0,0.0,0.0,0.0,0.0,0.0,0.0,0.0,0.0,0.0,0.0,0.0,0.0,0.0,0.0
2020-11-23,48.0,3.0,12.0,4.776170191194135,4.448239529167744,3.9788051582865127,4.1859311798153955,5.08648813719993,5.411592441224424,5.459120366679779,5.143902458782488,4.64612015444377,4.175527913704647,4.503520221256105,3.9067439263694586,3.267099936545549,2.535552773591609,0.4575953806086593,1.7049458507893358,1.3156844802665315,0.11599553877626605,0.00835690839060112,65.25384268763068,0.379772153171157,0.0,0.0,0.0,0.0,0.0,0.0,0.0,0.0,0.0,0.0,0.0,0.0,0.0,0.0,0.0,0.0,0.0,0.0,0.0,0.0
2020-11-24,47.0,4.0,7.0,4.348810062008904,4.074792388807259,3.631438948747038,3.889894885624319,4.571486004884808,4.950383432088385,5.015796107430662,4.584029648294549,4.243159320206016,4.3578181828849845,4.016391937236916,3.692703878913664,2.904250202346846,2.2912848725582955,2.1543179558764542,0.06571299718005082,1.1885965374617449,0.7383149543473144,0.3543235781445533,61.073740277582644,1.8100331237846838,0.0,0.0,0.0,0.0,0.0,0.0,0.0,0.0,0.0,0.0,0.0,0.0,0.0,0.0,0.0,0.0,0.0,0.0,0.0,0.0
2020-11-25,45.0,5.0,9.0,3.9311831684463674,3.7322938670103496,3.2066729139336663,3.436383932595979,4.208864264537117,4.50899757603372,4.534747561589899,4.286031132354337,3.7812739277057896,3.9553651846666544,3.7529024508977233,3.254763763668215,2.516676695768848,2.177948305401997,0.33225182934147507,0.17741733956461006,0.254412080153974,0.5841368306434456,0.07160591886109607,52.704505304558424,0.7498948006406113,0.0,0.0,0.0,0.0,0.0,0.0,0.0,0.0,0.0,0.0,0.0,0.0,0.0,0.0,0.0,0.0,0.0,0.0,0.0,0.0
2020-11-26,45.0,5.0,5.0,3.3908880976319566,3.0693622705323924,2.801425356186969,2.942491504593088,3.567539017779227,3.8225305811302506,3.9330690553837617,3.589010155340494,3.181419772997051,3.388059589247343,3.0080196620411765,2.861202989587247,2.252986038884471,1.8183324438576103,1.4749120646618263,1.0226829362987615,0.8535938194142525,0.05559270912153773,0.034095396346314054,47.0676799823923,1.3967772335637543,0.0,0.0,0.0,0.0,0.0,0.0,0.0,0.0,0.0,0.0,0.0,0.0,0.0,0.0,0.0,0.0,0.0,0.0,0.0,0.0
2020-11-27,47.0,6.0,4.0,3.3787438572798334,3.458043655214209,3.0759121423980247,3.2944089510913868,3.9251949094812653,4.182493380359548,4.323973343833282,3.97122558706229,3.4970996876697806,3.8871619440852823,3.3647605737383053,3.1390932500787248,2.5166500547844235,0.39826606666040304,0.2643318245696182,1.2451364696778526,0.9150268224253012,0.5885052036972731,0.29645082565390096,49.72265605054961,0.1572774888593504,0.0,0.0,0.0,0.0,0.0,0.0,0.0,0.0,0.0,0.0,0.0,0.0,0.0,0.0,0.0,0.0,0.0,0.0,0.0,0.0
2020-11-28,50.0,6.0,2.0,3.129072876704365,2.7227090628309236,2.429240837933571,2.6795665965031876,3.169080854775446,3.3289900510773984,3.3424774270953095,3.2208274458617705,2.93364830064829,0.5596642725600715,2.7287755487382195,2.5567279970620604,2.0727675956771043,1.508318060263609,1.411760547519438,0.13485896868285807,0.7803505153641548,0.00036613688520166314,0.05055126144927741,38.77744788739663,0.7294879659342278,0.0,0.0,0.0,0.0,0.0,0.0,0.0,0.0,0.0,0.0,0.0,0.0,0.0,0.0,0.0,0.0,0.0,0.0,0.0,0.0
2020-11-29,51.0,6.0,26.0,3.64623451523665,3.146069887417378,2.835271964628899,3.1027639094121895,3.6295967975193597,3.884778107746476,4.083414497473641,3.736074116042016,3.2773352154137076,3.3025154139082287,3.27453745433651,2.9810534910012545,2.408333571157312,0.12250429140164651,1.489304660591262,1.1835652709381455,0.9272711232324298,0.07805457611633965,0.004585756698384318,47.11652230984249,0.7653410311277412,0.0,0.0,0.0,0.0,0.0,0.0,0.0,0.0,0.0,0.0,0.0,0.0,0.0,0.0,0.0,0.0,0.0,0.0,0.0,0.0
2020-11-30,54.0,6.0,8.0,4.092403434975929,0.8961711566170468,3.6920996560736166,3.8785148990720177,4.708833134651836,4.966142772990729,5.090640930939711,4.763556877331786,4.309059332866664,4.46190894609594,4.147871010432175,3.7225310282275035,2.7914709548370764,2.3441380204731135,0.40169277231468303,1.4327651422726961,0.23131895095676097,0.04081660561309823,0.401743844607383,56.390992143169285,1.890217678544059,0.0,0.0,0.0,0.0,0.0,0.0,0.0,0.0,0.0,0.0,0.0,0.0,0.0,0.0,0.0,0.0,0.0,0.0,0.0,0.0
2020-12-01,67.0,7.0,5.0,5.3301568264386505,4.7851923044630755,4.269952560397197,4.578944966230711,5.348396927963529,5.813188683032233,5.980890039721306,5.488875705456056,4.951005160664088,5.40115721101551,4.745461722131534,4.23199369659465,3.5342097660015184,2.7010466680268106,2.418617391286906,0.1558487351073539,1.4567581627634927,0.037782030551244294,0.457266016360889,71.80534470699926,1.8974706066599547,0.0,0.0,0.0,0.0,0.0,0.0,0.0,0.0,0.0,0.0,0.0,0.0,0.0,0.0,0.0,0.0,0.0,0.0,0.0,0.0
2020-12-02,67.0,7.0,9.0,4.757514830774737,4.454187844722614,3.9740323285572967,4.155417040726195,5.048370085616653,5.3937673354454505,5.57833213497351,5.116595912576346,4.609823938924983,4.8433549892412575,4.480968670229754,3.939189611440007,3.263021690005022,2.610734286575023,2.361241782249952,1.5549134442474608,1.153361907371021,0.737790609486804,0.4129183595302851,68.47692871939324,0.2190249586560388,0.0,0.0,0.0,0.0,0.0,0.0,0.0,0.0,0.0,0.0,0.0,0.0,0.0,0.0,0.0,0.0,0.0,0.0,0.0,0.0
2020-12-03,70.0,7.0,13.0,4.08093272111145,3.716045290869473,3.338025031179482,3.5651023304488842,4.136155733517257,4.526434217657403,4.682620257155532,4.297540509364251,3.90200713787709,4.077058777931565,3.7560231620849396,3.2579478337434318,2.734604037582478,2.1202376486713583,1.8569583710296038,1.3027039967601923,0.1895520179976175,0.026651037534917866,0.31563250071100746,55.88298667539999,0.10961369508160212,0.0,0.0,0.0,0.0,0.0,0.0,0.0,0.0,0.0,0.0,0.0,0.0,0.0,0.0,0.0,0.0,0.0,0.0,0.0,0.0
2020-12-04,71.0,6.0,10.0,4.943106299710658,4.401231628456034,3.9345169549703636,4.251939438225033,5.052822543661053,5.4467752851357645,5.537796573818468,5.062694113808117,4.655176028665484,4.977458159124444,4.494288898573937,4.009378007874786,3.2446175493102585,2.364192203115055,0.40278359939786695,1.695421020679946,1.3571945233897005,0.003725858977956849,0.02915289046393681,65.94632201543173,0.7361529830875464,0.0,0.0,0.0,0.0,0.0,0.0,0.0,0.0,0.0,0.0,0.0,0.0,0.0,0.0,0.0,0.0,0.0,0.0,0.0,0.0
2020-12-05,78.0,5.0,8.0,0.6111648496548509,3.7156951736890957,3.4048819568065856,3.5899358053260566,4.272108127429568,4.537624950941416,4.672916972606177,4.367292986514064,3.9697773508601375,4.1950484156721135,3.8208690544824577,3.383648008408936,2.788241954547901,2.1736719427538165,1.920328431360198,1.2295713740494063,1.1448906422466945,0.0005783249696970826,0.3462996410348022,54.144545963353984,1.2840588001204305,0.0,0.0,0.0,0.0,0.0,0.0,0.0,0.0,0.0,0.0,0.0,0.0,0.0,0.0,0.0,0.0,0.0,0.0,0.0,0.0
2020-12-06,76.0,5.0,22.0,3.862048921000253,3.463733356447362,3.084107064300954,3.2924973750934274,3.835729256089485,4.192338244257771,4.337656812781753,3.9629107611559147,3.5828742562187603,3.896574674312363,3.3615795662389174,3.0551645905455653,2.541494507454347,1.9378393820284616,1.7433583134352066,1.2600049015664792,0.02437042096826303,0.5705321321336773,0.02522933728124001,52.03022137409909,1.9078623592114332,0.0,0.0,0.0,0.0,0.0,0.0,0.0,0.0,0.0,0.0,0.0,0.0,0.0,0.0,0.0,0.0,0.0,0.0,0.0,0.0
2020-12-07,82.0,5.0,12.0,6.209184042551786,5.536391910161986,4.946511455277153,5.325008026403155,6.325102973097056,6.727562186013124,6.938555815147357,6.3578228185711065,5.7492248445248535,6.112564130160942,5.563513050299698,5.037375519786817,4.091761402507171,0.4018876709897695,2.524778905358573,1.7985515137284631,1.5801071098114372,0.9644741708948562,0.5232079320935038,82.71883526235465,0.605941335296473,0.0,0.0,0.0,0.0,0.0,0.0,0.0,0.0,0.0,0.0,0.0,0.0,0.0,0.0,0.0,0.0,0.0,0.0,0.0,0.0
2020-12-08,86.0,5.0,12.0,6.116694291376379,5.589437005940301,4.980126253248111,5.353908291224795,6.357949433099319,6.779797249046129,6.846474315177766,6.413450761313966,5.800567220536087,6.133381550872793,5.607385804893026,5.05565446189711,3.8024123543146864,3.237486191141817,2.86328161169284,0.15718989661390587,1.6040293051430117,0.1418128261890137,0.5291950928273627,83.4540682426293,0.6211932155669085,7.060467050260983,0.0006440221454617617,0.0,0.0,0.0,0.0,0.0,0.0,0.0,0.0004665213565693666,0.0,0.0,0.0,0.0,0.0,0.00017750078889239507,0.0,0.0,0.0,0.0
2020-12-09,82.0,4.0,7.0,5.078367824285506,4.577157386073659,4.073694802392797,4.32193781230018,5.186129506134668,5.557160697856936,5.734729595480561,5.26063884106402,4.776877056042354,4.947153411467924,4.611093097726487,4.184961857821849,3.378387722030725,2.579831256225551,2.1529669453955687,1.575293576833183,1.339762546284764,0.743872441796207,0.012554146092585415,70.16625996948936,1.1861369213733266,4.209061523162811,0.0018601312320350978,0.0,0.0,0.0,0.0,0.0,0.0,0.0,0.0,0.0,0.0010176917401334526,0.0,0.0,0.0,0.000545192003642921,0.0002972474882587242,0.0,0.0,0.0
2020-12-10,88.0,7.0,7.0,7.525449298907203,6.552076329334199,6.024207374671726,6.4912693489690865,7.697754671066495,8.197212021338222,8.424267745002647,7.743116838802255,7.01062363194007,7.607537544097923,6.771584605503156,6.1761130002115525,5.003412562433442,3.4858656725867347,3.385940639716792,2.3731085783759034,0.39435644561975397,0.2566679922524094,0.6774970150515368,101.88219748526416,1.2802004440956514,7.576177328407763,0.5877302896480686,0.0,0.0,0.0,0.0,0.0,0.0,0.00017750078889239507,0.0,0.0,0.0,0.0,0.5875527888591762,0.0,0.0,0.0,0.0,0.0,0.0
2020-12-11,81.0,6.0,15.0,7.444528623824177,7.559376043420759,6.607578437650614,7.251155087882403,8.626834066585849,9.209542607371887,9.483810758027886,8.690226063037311,7.690949927367432,8.555221069479297,7.592189296612902,6.914826717704684,5.607023525873765,4.486774144330949,4.009279623034085,2.908749058980807,2.3683838507087778,1.3994604459385467,0.7123274393230151,117.2188135527095,0.18539285608112632,11.172563107319778,0.011928915397589772,0.0,0.0,0.0,0.0,0.0,0.0,0.0,0.0,0.0,0.0,0.0,0.0,0.0,0.011928915397589772,0.0,0.0,0.0,0.0
2020-12-12,76.0,6.0,16.0,7.050135387899581,6.316833163664846,5.641029498094109,6.078554428563676,7.223779135177209,7.68396107478209,7.931862665231991,7.26778137210042,6.5794139158633,6.925001842964616,6.348010951928254,5.7752872103663835,4.692321824863127,3.737842646314401,3.2642962016384547,2.441206809752905,1.95943918184606,1.2151350595074824,0.1038070179917206,98.24828701616583,1.8286195506355052,3.558001037752204,0.0,0.0,0.0,0.0,0.0,0.0,0.0,0.0,0.0,0.0,0.0,0.0,0.0,0.0,0.0,0.0,0.0,0.0,0.0
2020-12-13,78.0,4.0,12.0,8.244702837875337,7.4025140617531955,6.6182626196865115,7.144939245445597,8.465712028479178,9.017780933896729,9.27948373106024,8.499185065149724,7.688283840695639,8.37898791415423,7.427537736219596,6.775324808142161,5.487747701665584,4.316298112304372,3.934268813090655,2.745146205967099,2.1015440295994288,1.3598252672565634,0.7243576997038093,115.61190265214564,1.2681110547222316,1.9703656725070189,0.0,0.0,0.0,0.0,0.0,0.0,0.0,0.0,0.0,0.0,0.0,0.0,0.0,0.0,0.0,0.0,0.0,0.0,0.0
2020-12-14,89.0,6.0,19.0,12.815201786196665,11.402324135638455,10.196958089582996,11.019333605989013,13.048056024083412,13.876163343578085,14.286754022952252,13.091299014913687,11.847551132377516,12.602706922269403,11.452810213921152,10.445358737165352,8.452966964017083,6.546623287467143,6.110869184325976,4.245203740245005,3.5000887517286707,2.037448670379862,1.1477914334128991,178.34951672719063,1.9629299298185658,11.302519275097177,0.00563597710211616,0.07012152267528783,0.0,0.0,0.0,0.004379786953076855,0.0,0.0,0.0,0.0,0.0,0.0,0.0,0.0012561901490393062,0.0,0.0,0.0,0.0,0.0
2020-12-15,98.0,4.0,11.0,12.431288461189316,11.095340743902456,9.91203252922583,10.6931353452481,12.681685341892429,13.514324819250003,13.909869755032004,12.747431675157898,11.546704142588725,12.559847083756862,11.15239047787648,10.157980800123974,8.230664251141368,6.571863166212696,5.742862457552317,4.25685197479285,3.520364096735729,1.9393222059625264,1.2166202431514177,173.88122583666163,1.2567636050452764,60.139979669794975,0.0,0.0,0.0,0.0,0.0,0.0,0.0,0.0,0.0,0.0,0.0,0.0,0.0,0.0,0.0,0.0,0.0,0.0,0.0
2020-12-16,101.0,5.0,16.0,15.375089215936963,13.668678462796867,12.216890089765904,13.198497401917848,15.628643604631783,16.621525831598323,17.124917552409393,15.695765974384564,14.211205746740198,15.439112126985695,13.738484078621111,12.518886492429802,10.131676454696176,8.085630033475011,7.348717436499597,5.27332528847691,4.338658172831895,2.317429710666753,1.3141517414063597,214.248368834552,0.10491484706327568,85.75391098948805,0.0011745086805660877,0.0,0.0,0.0,0.0,0.0,0.0,0.0,0.0,0.0,0.0,0.0,0.0,0.00039306680867790076,0.0007814418718881869,0.0,0.0,0.0,0.0
2020-12-17,98.0,6.0,7.0,14.666062745614527,13.060504522148806,11.668466978561217,12.584035720053565,14.926646259501707,15.899747959380626,16.370098885600584,15.005210809970135,13.595845719256133,14.753923933525398,13.136153689281088,11.969935024067935,9.69842348358083,7.708999863974383,6.713740276859111,5.035824599843519,4.134366713922896,2.41621085399462,1.4247339133074608,204.85149294660084,1.5598552042386598,104.27719022751472,0.0002972474882587242,0.0,0.0,0.0,0.0,0.0,0.0,0.0,0.0,0.0,0.0,0.0002972474882587242,0.0,0.0,0.0,0.0,0.0,0.0,0.0
2020-12-18,102.0,4.0,15.0,15.931525729531748,14.220558693100957,12.711836091234002,13.742255155811586,16.28970610935545,17.342266935118086,17.84172323467601,16.34718804495338,14.804390879551754,16.105796752489738,14.298767778905008,13.018084647178254,10.539548257149741,8.150606423374228,7.655686364955944,5.488781056606666,4.384811559713521,2.641142235333342,1.4453797034956328,223.75340248550154,1.3535866097949563,251.32011981146573,0.07595077247260919,0.0,0.0,0.0,0.0,0.07012152267528783,0.0,0.0,0.0,0.0,0.0,0.001325891893558632,0.002940474159986355,0.0,0.001040079138141871,0.0,0.0005228046056345027,0.0,0.0
2020-12-19,101.0,3.0,16.0,9.201736084216458,8.206522614583132,7.318051272698832,7.858831871382684,9.34204359918522,9.970225050627677,10.276111964759185,9.427710188774745,8.559238024017464,9.263474280272428,8.269532695943072,7.531003773148849,6.106168811378863,4.659996858174354,4.222773919031904,3.0018479152342996,2.435736738391196,1.3276713776464077,0.08766319677387374,127.09306083500162,1.9538237541798373,280.5424539412683,0.0,0.0,0.0,0.0,0.0,0.0,0.0,0.0,0.0,0.0,0.0,0.0,0.0,0.0,0.0,0.0,0.0,0.0,0.0
2020-12-20,111.0,3.0,15.0,16.798519324703644,14.942450329191923,13.36010203927162,14.450963455857332,17.09232291795307,18.155425832811158,18.7079160738448,17.1480036125045,15.522066847354145,16.90548913532745,15.01490252901723,13.691037134744693,11.07285006234609,8.83431116930374,8.045929355192223,5.558351535774326,0.8058760964234148,2.8825663620633524,0.04105964288545912,229.035393241546,1.983871629757365,276.71153019172465,0.00016467805440364088,0.0002343825398794998,0.0,0.0,0.0,0.0,0.0,0.0,0.0,0.0,0.0,0.0,0.00016467805440364088,0.0,0.0,0.0,0.0,0.0,0.0
2020-12-21,123.0,8.0,16.0,22.526473129976868,20.009511877730763,17.900624100416042,19.366901294135694,22.918251473899907,24.358655398278653,25.076451774675064,22.97558711299426,20.792256116005177,22.65026305589086,20.10109326547387,18.324409379768493,14.825100123507644,11.840403192279933,10.798196058526571,7.732679459276179,6.3674171566078135,3.885631265329277,2.105474291178358,314.94003346374325,2.639299484212007,79.56629241613761,0.00257870815554406,0.0,0.0,0.0,0.0,0.0,0.0,0.0,0.0,0.0,0.0,0.0,0.0,0.0002343825398794998,0.0014290391748441413,0.0009152864408204192,0.0,0.0,0.0
2020-12-22,120.0,8.0,23.0,22.608851002228754,20.07904091200864,17.952295877521287,19.39904755909061,22.98668535088726,24.464673336634384,25.180042590395868,23.07185028583353,20.89175935983976,22.72542290035285,20.18617818145606,18.39237182185516,14.889671431471225,11.892108324679324,10.830879455002043,7.756126643325673,6.376582875731514,3.8795553253165345,2.180264247366774,315.96786307818854,3.160847841267203,48.66314311647943,0.0009568054573646824,0.0004687650797589996,0.0,0.0,0.0,0.00019261159977815022,0.0,0.00039306680867790076,0.0,0.00013674450902913157,0.0002343825398794998,0.0,0.0,0.0,0.0,0.0,0.0,0.0,0.0
2020-12-23,111.0,5.0,15.0,19.597261118943425,17.441281612948693,15.57174139289098,16.771935003758305,19.899277131897264,21.199516526628425,21.8427103038172,20.032685256222226,18.169072698805717,19.182274321478914,17.55591308882293,15.979542734180724,12.936356359406203,10.354867152053199,9.412907214649408,6.76139279280353,5.484955778001269,3.356593922358943,1.7161182752510187,273.979572120629,4.476329594826996,89.09846082887003,0.030455242879061917,0.07051458948396573,0.0,0.0,0.0,0.0,0.0,0.0,0.0,0.0,0.030455242879061914,0.0,0.0,0.0,0.0,0.0,0.0,0.0,0.0
2020-12-24,104.0,6.0,17.0,20.745287108289965,18.44226961902751,16.497317101148052,17.850264820790734,21.128975612346085,22.464429208524155,23.122473426719086,21.18118903054982,19.159294193159848,20.87473879364451,18.518082040428084,16.885045173362176,13.661009743177674,10.898918443319088,9.9470073225486,7.156328353065704,5.813092416639465,3.2148598297157798,1.873904022043221,290.02497952151873,2.0879482439949,50.59640465091145,0.0,0.0002972474882587242,0.0,0.0,0.0,0.0,0.0,0.0,0.0,0.0,0.0,0.0,0.0,0.0,0.0,0.0,0.0,0.0,0.0
2020-12-25,97.0,6.0,14.0,9.399937437946061,8.361501747022578,7.478204345896364,8.071961795886343,9.565745366753179,10.18689151619838,10.495311746216341,9.616099728021029,8.70181564522099,9.249513637362924,8.406016509231085,7.654204767638286,6.199303922947381,4.702094129601783,4.161985990533379,3.1799743744305093,2.6375553933059837,0.28937631008525927,0.7947118116403703,129.15220617593823,2.0798713003824085,8.909369443704943,0.0,0.0002343825398794998,0.0,0.0,0.0,0.0,0.0,0.0,0.0,0.0,0.0,0.0,0.0,0.0,0.0,0.0,0.0,0.0,0.0
2020-12-26,105.0,6.0,14.0,20.30043991639054,18.02173412742986,16.098507368320718,17.374244373401034,20.61347345263283,21.97376024631402,22.615849692313397,20.7176176111514,18.760889826206856,20.4055098300952,18.11501788956457,16.49895409846575,13.368704031534932,10.676037012099878,9.710483169196419,6.8874005328289885,5.7187568958305395,3.153301795740473,1.986104690588115,283.0101003029168,3.356645539509714,15.97033290028607,0.0,0.0,0.0,0.0,0.0,0.0,0.0,0.0,0.0,0.0,0.0,0.0,0.0,0.0,0.0,0.0,0.0,0.0,0.0
2020-12-27,105.0,6.0,16.0,23.07775595000527,20.832087489993263,18.668686121132907,20.180702096072736,23.899763161277864,25.42263270625512,26.1674372114857,23.976863057825636,21.702396962520886,23.584681277395177,20.975353236334062,19.121820472566096,15.480531841927403,12.370366602067563,11.265499083439211,7.818472263686446,1.197120374401566,0.7430726203011582,0.43838870356342835,316.99669322908676,3.662529503283365,9.086199540997562,0.0,0.0,0.0,0.0,0.0,0.0,0.0,0.0,0.0,0.0,0.0,0.0,0.0,0.0,0.0,0.0,0.0,0.0,0.0
2020-12-28,106.0,6.0,21.0,16.185580076488737,14.724328964099133,13.145932013997998,14.169784171059424,16.80639478126553,17.911321721336435,18.455414942915468,16.915079593150868,15.324818995977683,16.654902473319225,14.805416553141406,13.486725109861363,10.926168945724909,8.740975894567324,7.941078131733098,5.18933393081228,4.688764951458969,2.8592709273126284,1.6222228616078347,230.6226035905565,3.01417157723021,2.5093234939060234,0.0,0.0,0.0,0.0,0.0,0.0,0.0,0.0,0.0,0.0,0.0,0.0,0.0,0.0,0.0,0.0,0.0,0.0,0.0
2020-12-29,128.0,7.0,23.0,34.574706847534536,30.74733766842487,27.468459760140526,29.653853942594562,35.1309415855569,37.388565072197,38.52402200920252,35.31013749318466,31.983774695362406,34.78634944302075,30.909594619953513,28.14385441543828,22.777482317345836,18.210291534855667,16.572982824003642,11.92352381420739,9.78873141157369,5.981153290165683,3.373560710496803,483.90812296721,4.001190468210471,74.17626283394952,4.925272946166767,0.030752490367320643,0.0,0.0,1.2479023325757759,0.0788707143360008,0.11752176880005047,0.12593969778859165,1.0645115086346553,0.07190722563406474,0.9194023752594755,0.911363641362154,0.03580453144979816,0.0334480024655411,0.0016637093670581761,0.0,0.30083164510259824,0.013660865089483757,0.0024449283015200245
2020-12-30,143.0,8.0,25.0,32.06124856732884,28.439687278201724,25.420006171322097,27.491505337961655,32.58026137488043,34.70103030738825,35.70011515970001,32.69189149566359,29.57753068588822,32.219681475930706,28.555609567512985,25.998378070806506,21.04954554627515,16.81933404090467,15.24719263674756,11.004614169259835,9.011236879555902,5.29482520582269,3.1144445074219815,447.5802971655951,2.1987166501093753,198.04514990640834,1.6339053080013977,0.0,0.0,0.0,0.1460990881546082,0.09721750645657844,0.16786797694038924,0.09829256631058853,0.6463532716609512,0.1659192301573436,0.10577546978956642,0.10786806519641663,0.036438802676090315,0.02929567848864055,0.0011007378743533647,0.00019933952536854737,0.02080579659988538,0.00915110842897555,0.0015206697416415718
2020-12-31,149.0,8.0,8.0,17.52146541577078,15.579150787141163,13.886181864983477,14.905935940679651,17.759133976309663,18.997592398605384,19.563434814532307,17.942960658094766,16.302666174541145,17.638288476332356,15.724267845208372,14.282886030822546,11.591651855395476,9.292695102860856,8.391891983383546,6.033735429020154,4.934989292981079,3.036747416557196,1.7055293183400095,245.1034309444458,1.7723676499313672,317.8487422159801,3.27211760728795,0.0,0.0,0.0,0.06305487047402586,0.06823601996094968,0.08690377541328932,0.15542779399666293,0.0969071167631409,0.059975480583263706,0.08378437674549505,0.12616549909427516,1.1022765867842863,0.8702712419699717,0.0,0.0002598302852730978,0.5333563253708545,0.02353933391782562,0.0019593559286353633
2021-01-01,144.0,9.0,13.0,12.84668219498697,11.401520359438356,10.187791147943964,11.0164665614095,13.056264473592787,13.910258380487488,14.316047476916536,13.111200205366035,11.866462749795799,12.916978028201763,11.455850180800358,10.423648474109132,8.433845902074188,6.7124714272597945,6.124433595424837,4.392130524908953,0.6772128852186994,2.2083395327503808,0.20633023165372863,175.26393433233923,3.2620973364589,287.3972025554029,0.5903238355739239,0.0,0.0,0.0,0.0,0.00039306680867790076,0.5875527888591762,0.0004530940745014218,0.0004576779848774478,0.0005312752125814221,0.0,0.0005138563531525231,0.00042207628095697867,0.0,0.0,0.0,0.0,0.0,0.0
2021-01-02,131.0,12.0,10.0,26.19228462871945,23.23507618751307,20.765036376195145,22.458720201221055,26.630061548860176,28.38134127619865,29.184429828355967,26.723974295015918,24.187257164380856,25.921457577240332,23.341450422710995,21.234458408158876,17.194226961874573,13.741481070487511,12.458441539557436,8.779938932343725,7.195718366916725,4.434091491882961,2.2864335314543585,364.3591935518991,4.4658629435185615,48.0703817274364,2.7332143840938388,0.0,0.0,0.0,0.0,0.04632210864502653,0.06385845271858585,0.1679867862308396,0.22400850721008722,1.5898840229219635,0.1351363465343636,0.10974801700628348,0.0063940838630317815,0.025297871399215462,0.05444116433563506,0.000899032936370725,0.017337941411013826,0.2919000488814223,0.0
2021-01-03,140.0,9.0,31.0,24.070786678520584,21.363103271268788,19.09398206065794,20.640404022882326,24.469848261754265,26.06475460254726,26.81503630411794,24.560705305107348,22.23199479543374,24.199813513081697,21.466531635534032,19.54420423543335,15.82705560552002,12.650861829620611,11.177243295426798,8.27542636343416,6.570404227316626,4.145365412243863,2.3327657472904546,335.57923011234703,3.145815099985993,11.732234932103529,1.482319480708638,0.0,0.0,0.0,0.00016467805440364088,0.0003007466672962802,0.5990411452795674,0.5994150877031245,0.09786325977268176,0.07370205139049762,0.0002972474882587242,0.07155156226580775,0.013817978771915528,0.00799775673981861,0.0,0.00028189765674027845,0.01044357820264594,0.004767868850932304,0.0026746218649477205
2021-01-04,141.0,10.0,18.0,29.843737265823286,26.46231578460111,23.646988589680987,25.56568298076705,30.322654840914243,32.32520714849068,33.236377726861306,30.43413648306047,27.54783534825807,29.988683138112393,26.583535647831237,24.18732751000646,19.591538852617695,15.659136532277776,14.133432116596934,10.228456606233477,8.212914871966966,5.139633370309758,2.9129692447990516,417.3919078425073,5.457327317572396,87.97957479456605,8.409857471253767,0.0003018433021657257,0.0,0.0,0.20880289749235587,1.6488245921954783,1.4583219984720492,0.23238372391892198,0.13291649072665757,0.13702953006142296,1.7254534696144626,0.6445304804037246,0.5003977132255587,0.5792645488364088,0.3854385374821405,0.005618962219920141,0.22368197680699803,0.33545077637956355,0.19174177341810397
2021-01-05,166.0,9.0,12.0,28.18411238978223,25.00205119980257,22.335971199897312,24.134524371022067,28.6278213765149,30.517547941640544,31.392493477326706,28.751558148692535,26.02789291975642,28.32577308653669,25.119363797818753,22.853890754010735,18.51168445907727,14.799521994654286,13.419397515633637,9.637379211922584,7.897093952210626,4.854840591885666,2.6438843781621797,393.33656905894344,3.81559855992424,167.8488512742915,54.732698320397326,0.6008665316704762,0.0,0.0,2.7559302316203054,0.35107926930865907,3.9099960484762235,7.832642335305619,3.640323395038021,7.654800309229113,5.8296272530716,7.0215090841924015,5.726003985462837,0.8214512594282629,3.850836849489382,0.07662828839584722,2.596788985534044,1.6812344994867512,0.9838465263582462
2021-01-06,158.0,12.0,16.0,24.083353602705415,21.021115292201657,19.068921295281207,20.605705298229594,24.475428022312723,26.123273193728025,26.834456256087055,24.57150241222032,22.255397957363304,24.196615066630066,21.461070385127247,19.51314831366321,15.816907907779969,12.650286722216354,11.434938558756944,8.089429021857487,6.728348697472869,4.139257923784574,2.324331795795704,336.13931347632797,3.3546513553822024,368.1265499371494,75.43632801297575,0.0003018433021657257,0.0,0.0,7.207361889377977,2.2839891195934863,8.009725961741237,5.774572547013544,8.714214692179157,8.616553977646207,6.072307703807656,7.672238201098199,6.057835222060916,3.0320159112330383,4.3008754252315455,2.1171961967158044,2.766549859323154,1.7700881807379132,1.0408031252159156
2021-01-07,153.0,11.0,21.0,23.86115347964648,21.151448426367967,18.90796765648033,20.451708352424312,24.260434519626973,25.858554474133108,26.574228579137745,24.33370378919196,22.030196766989405,23.616969762860546,21.25667021827265,19.336236760214785,15.660799744726802,12.517150644605127,11.32112872952916,8.17359793723858,6.7075829749843,4.065308879572788,2.3227564583630804,334.3263789536525,5.718082335308932,556.8621598283628,81.91923300379625,0.0,0.0,0.9357907867526113,6.981362488034404,7.278778994415234,7.865875308210394,8.692251524381314,8.227834557492434,7.352164385058252,7.62431480854246,6.943334420932889,5.673548227170683,4.484325938054192,2.2853410225657136,2.7646924058584426,2.492066213289024,1.5946925238008594,0.7228593992373323
2021-01-08,149.0,11.0,24.0,19.726100575173867,17.510091011129195,15.654227004271052,16.88609859708687,20.059254849176824,21.419673153625354,22.028615483919474,20.177370940924327,18.276413108698765,19.8649406902698,17.626387771225993,16.026086340340832,12.991913049078093,10.377233322570476,9.375607344890692,6.7490070942884435,5.519577679962304,3.382866320133506,1.8808312628706232,276.1647630982934,2.860907844419285,410.1694796576964,235.9670180266598,0.0,0.0,0.0,23.791665546078388,22.779813592753793,24.23650889566551,25.095847293745837,23.03399142483114,20.825113120480363,20.17275862207515,18.446576714924696,14.947452006955926,11.753785868636932,10.641933145655331,7.5463202257017175,6.454220534699935,3.9790260371876824,2.2620049972673684
2021-01-09,150.0,12.0,23.0,15.609286552405283,13.847025228050793,12.354188346583543,13.304841579261263,15.830844247644222,16.925550781706892,17.398351706491162,15.941302499843994,14.457589031179095,15.42041676276244,13.937920152649488,12.664820643313146,10.275850974087518,8.22946177657906,7.423027942899084,5.328005739535996,4.193571606088028,2.6875261584500914,1.4416584563419397,218.5166447870556,4.022470129123819,365.2786068584903,264.98105328331786,0.0,0.0,0.0,3.438730288182499,29.1380308880911,32.81285166763599,35.196782715283334,31.879760919856064,28.870506214534572,28.06308254234347,25.97930235558125,3.3224543578146415,15.71580148249626,1.5963585573003405,11.064035256672547,9.114590287983074,5.603386785219137,3.1853789643235757
2021-01-10,157.0,12.0,16.0,14.520538983491779,12.922668532485973,11.518278905672398,12.403995846318043,14.759440561040522,15.786000688111054,16.242682587068714,14.880679142838234,13.494540961962661,14.597134474788609,13.00524452772914,11.80204516811666,9.570689906406129,7.653156065066438,6.895817529938116,4.9692624046402845,4.060239288133199,2.4857696833670926,1.297021838051592,202.87622661439445,5.241624576999386,233.5314720010411,251.19088298196644,0.0,0.0,0.0,29.199942712178242,4.479432979549262,30.763999158716487,31.970761255593786,29.339419053876117,26.400127276647066,25.747501154359473,23.492055980113857,19.004738487719194,2.2324349214619663,2.478919811343425,9.979815635736893,8.206512393488662,5.035729769197856,2.8594923919841246
2021-01-11,161.0,12.0,19.0,21.44658866626456,19.313523684740225,17.244225181134947,18.608487353436594,22.100926440885154,23.59153801643681,24.268781440426107,22.228481220347643,20.134679085863954,21.85634148772689,19.421423225370305,17.654965995693424,14.308435871482164,11.445565398377006,10.339692774913617,7.2742402181969,5.951713840667186,3.704150156017761,2.0949877874973324,304.2788873192766,3.700425231837521,342.8196418915766,35.98175325799211,0.0002972474882587242,0.0,0.0,0.006995648205521628,1.7633736644373073,5.402982021625627,5.584817415156587,5.03180306514069,2.2039753948005942,4.808131303128855,1.9651295090259464,3.739462860988169,1.1030587026073195,0.40402886237530633,0.8248578672748249,1.56312227186471,1.0113173315508397,0.568697339809806
2021-01-12,161.0,15.0,24.0,19.095446806629386,16.843551770630636,15.10132963240747,16.284815530964984,19.36680591331034,20.706062378888948,21.285413128879245,19.49291677905904,17.66385798745727,19.18573139391056,17.022146259967506,15.458603010767455,12.536570110408483,10.032646948638522,9.050238342508923,6.50430203306921,5.338099445297671,3.0612953999539063,1.8427718982839234,267.78301735441573,5.232928422070913,521.8074124827199,10.532088963826913,0.07051458948396573,0.0,0.0,0.08077917381095005,1.5761863401096268,0.4656533185784231,1.985341838346881,1.7312471425861817,1.7031241763101332,0.416823677706611,1.3854628587881919,0.23583408995155866,0.13499911538085424,0.16285301021845347,0.4729843963131609,0.10062911020869485,0.05933610555344051,0.020834609963752672
2021-01-13,155.0,14.0,16.0,18.22510147939924,16.18861035302368,14.460344448891084,15.630928484751742,18.548735624413915,19.787216678329838,20.34592651151725,18.6266799808289,16.85948313729597,18.04657322170395,16.26381860276265,14.792307229411735,11.981072449579804,9.578089405713882,8.65549511339511,6.251972107054117,5.060661980257221,3.1388409599700196,1.730822876985397,254.77319792860013,3.9126450503676327,688.4774161086469,13.24753416187711,0.0003018433021657257,0.0,0.0,0.033874490610657025,2.0140842460190513,2.235715201701685,0.46219456890262983,0.5244276343769209,1.923191220889527,1.7654438679577582,1.7058218324699204,1.3881020946539475,0.17161695396576773,0.1979619575572574,0.17557361990426573,0.5590649491156547,0.07278896771270311,0.01767255603936405
2021-01-14,157.0,12.0,20.0,17.463680021277604,15.46370179594956,13.814790575488344,14.904599422003196,17.717108035370735,18.938644271772393,19.47534759323889,17.830051992927363,16.147617233964198,17.555285234615894,15.561544026224635,14.134243323725615,11.459787696592416,9.16920867874695,8.070534365966797,5.947750263284994,4.8780074824479165,2.953370701871193,1.6747192397458124,243.30894067267414,6.6137878199514155,867.5807819073542,13.377867951633313,0.030455242879061917,0.0,0.0,0.28126983828077523,0.43113320680647205,1.8809099414162667,1.9471456660356998,1.7558516312385535,1.597685997771544,1.6471102835722253,1.5074974614557288,1.1289812530159486,0.9066566393897162,0.043156198954316626,0.08916302509846784,0.10537802654715858,0.022364851951031765,0.0335639300994074
2021-01-15,154.0,12.0,17.0,16.517669778385365,14.615555552100528,13.068896816127213,14.116848557745211,16.77469390926288,17.92791381814134,18.4200155742373,16.85833628459434,15.261065824451308,16.595170789096652,14.704496823690812,13.357637828137786,10.829137439663558,8.660391464886036,7.799195038569195,5.630086601432136,0.9417991574114752,2.7493984478904534,1.575299797820398,226.4050127251059,4.965513301270711,1010.8775578985835,4.470430645431722,0.0,0.0,0.0,0.0009876129247524373,1.0653420509311549,0.07100524700599194,0.23163804921731532,1.3105441266123574,0.26422387146207577,0.1874740729141603,0.0860410892698285,0.07049702411845007,0.06243023527296645,0.51970787505755,0.07574734961307236,0.3241136483025759,0.19764090611478438,0.0030374866146856065
2021-01-16,153.0,12.0,14.0,13.135750492321481,11.645211739645722,10.284712672541023,11.147827334096107,13.255508838040303,14.311200657199375,14.691709819797495,13.461329800830093,12.194725577962766,13.229222865481745,11.749047948794864,10.669103365449322,8.519879085760937,6.905455365508257,6.201690079030431,4.491308482947671,3.687479832801861,2.093787656473647,1.0758715613000436,182.7511653548264,6.941472554006951,914.6025105590529,1.075600425032904,0.0,0.0,0.0,0.04624651006412469,0.11353137561433449,0.0,0.001200340510390209,0.07074711127013555,0.13303069661094255,0.02348444635930342,0.006516128106116216,0.04596426373124118,0.004330069052557338,0.0,0.0,0.014537164864784674,0.6032643486396216,0.012747970209351993
2021-01-17,158.0,14.0,33.0,12.63792491331701,10.928456316484944,10.00904759325273,10.806164770805248,12.832289977984498,13.69283033811873,14.083959086003315,12.899961109588608,11.68399684316411,12.683604058380187,11.270245356225052,10.245606816671886,8.29437418894148,6.472355157452821,6.005431117806921,4.310665298845782,3.4409571195702777,2.150203239142865,1.220526883114632,175.67299545049474,6.2458262830726445,481.20197143771435,0.52484912741105,0.0,0.0,0.0,0.0004631329432466776,0.0,0.2018365224967196,0.00039306680867790076,0.051632393109650405,0.052866926773801615,0.11882939140761797,0.045032526340113184,0.0526328080106513,0.0,0.0,0.00016489392364954397,0.000997465596921782,0.0,0.0
2021-01-18,162.0,12.0,18.0,16.228395350673253,14.393663454792128,13.078224693778788,14.098591637521693,16.770286151705296,17.92475452991557,18.424332756398005,16.878340074378357,15.301684261658671,16.34676368563321,14.748526169617788,13.39452275525876,10.862491222385215,8.65685553334341,7.66549433827803,5.655919496201353,4.589052628947413,2.8306412663572904,1.5784704971179142,229.57396243217894,5.497561070169025,297.1867826531476,0.9547817033272719,0.030455242879061917,0.0,0.0,0.0,0.06401657008841996,0.032219792931468344,0.33981399396638035,0.003520542826209273,0.061240255903948076,0.1013365154462402,0.022697605222309868,0.06910930764844542,0.1005380732339505,0.04790377673060595,0.02011673953156317,0.08539401112419048,0.004468064317457038,0.0024064543560831115
2021-01-19,160.0,14.0,21.0,14.461297845231302,12.890651189892864,11.520480217180678,12.434650182022008,14.781323327355684,15.795050852896411,16.238957036721093,14.870198753170543,13.472946230604604,14.522584808423812,12.986948764239504,11.796790729436381,9.560610623613709,7.650556171360522,6.723680114381899,4.970585918063203,4.061843892916301,0.5125480938132025,0.2690235812520763,199.5911792113599,5.800648415600533,933.2153235974423,5.320075865408259,0.00039306680867790076,0.0,0.0,0.11746214568127054,0.0006126437724379835,0.17346638334564776,0.17187436068673187,0.24078816860900132,1.635708113660461,0.0983469930270211,0.2132363721642787,1.080489244660874,0.08339655135769544,0.6732887765097962,0.055384353931894226,0.5017470321722426,0.2699226250333367,0.004352100795568692
2021-01-20,153.0,13.0,30.0,12.636233919338762,11.13394949669078,10.12403596175625,10.92342131821828,12.979841982983945,13.869643568592657,14.26395137383849,13.043656908459331,11.826016040338352,12.667923440774373,11.402762838512595,10.366135930998693,8.402822833968631,6.723399784166333,6.078125975674854,4.23823542628157,3.580148717572655,2.1158882287763383,1.2160657637813002,178.77030556260252,5.524847493473088,1127.310759617554,10.838818299816484,0.0,0.0,0.0,0.0003164209193803894,0.24630374079059847,0.4986542865418249,1.7641892118498261,1.5159341046179156,1.4572827857654933,1.4120906556271944,1.379784849930044,1.1224808006564664,0.7984760427901054,0.13581181379924884,0.0699961995901383,0.1445681584927158,0.2859004201441161,0.00702880830141577
2021-01-21,163.0,11.0,15.0,12.42758071976231,11.164100272070804,9.966522371331076,10.761800173875809,12.792105727889632,13.666118646583934,14.053640379189975,12.872396820404854,11.663631045687907,12.626698447695025,11.24596705312598,10.219883986639687,8.286761164882149,6.443779620444928,5.843162423637345,4.264757032840544,3.537159906626737,2.134007969924718,1.183672923230374,175.2242915741566,5.342466972500145,1093.867489269341,9.395886100249868,0.07012152267528783,0.0,0.0,0.004674702217196021,0.38353903717615817,1.714919051956862,0.1842714781385007,1.5713908521958295,1.3997954783027753,1.3528451004159308,1.2963863118941321,0.3450345394482271,0.7190393319082545,0.10921614672637137,0.08023205704603048,0.13374518019253742,0.07639498715950947,0.024401845471553763
2021-01-22,176.0,11.0,16.0,14.434830299183925,12.838082390923935,11.32723731692234,12.43773013306036,14.736496658815536,15.695078646799878,16.130747075839167,14.767428671009709,13.355489529435696,14.523255564045455,12.891207458162844,11.706466342387692,9.4772788792107,7.580249927716932,6.701292423719248,4.846091808403772,4.007251602058697,2.448836832277366,1.3841964072123922,201.8801404295616,3.432925280148843,1370.4146339072065,1.4262613174027043,0.0,0.0,0.0,0.07198709270483138,0.03158169772663986,0.0005843614634633493,0.00903901527727788,0.0060320698683271065,0.7032984443333872,0.034152543273401954,0.5531937849280976,0.0011231193472235946,0.000679694535637387,0.013704449379391814,0.0002657949937435686,0.00031193262306726045,9.803516866183551e-05,0.00020928177955263885
2021-01-23,178.0,11.0,7.0,8.982902372208194,7.84749500640101,7.0189478556062905,7.673190170044145,9.121404733722942,9.662074947694927,10.005976471723338,9.160797577492666,8.296338133692691,8.908036687513338,7.980974300465093,7.274260424120131,5.900967938838241,4.718836508654012,4.241243684150921,2.906928254668904,2.4547044348003166,1.5030490059000308,0.8531292879850257,124.51419826984218,5.917487408995957,1206.9178072230168,1.1271593660752544,0.0,0.0,0.0,0.0,0.11767620041019038,0.06323312579455506,0.01556066094963658,0.08085245457282784,0.17232890441034074,0.6543756214573736,0.003626278237837988,0.0005316453096787041,0.0008400524529719056,0.0,0.0002941320812906168,0.015903116524686494,0.0019371738738644302,0.0
2021-01-24,154.0,12.0,12.0,8.509291939104886,7.5599408046294005,6.694827173841794,7.403958637981327,8.75768005105635,9.300935938349943,9.457895010034049,8.790599729943597,7.940823591514969,8.4819857518264,7.668046339341206,6.989876843572842,5.523913374189993,4.48628712886777,3.8799721387318193,2.7498863854037916,2.4171452775480984,0.22550499836310656,0.7022760613716182,118.12893619037418,2.617010926724246,958.6468254069106,2.9060703657597573,0.0,0.0,0.0,0.04706327807571579,0.9131446734615896,0.12377313935627299,0.08625606007899018,0.11086140973253793,0.07302672744271897,0.8464977267997226,0.13715684529139116,0.12159116403132221,0.0879548671632146,0.35051893181784366,0.0,0.005410304721521502,0.0027140324779837883,0.00010120530893265553
2021-01-25,156.0,12.0,21.0,12.150469662976228,10.647772565608113,9.654476856371364,10.45511763202996,12.398929330381394,13.22461292073133,13.597633189499097,12.4457925507306,11.256439659226167,12.26317399444011,10.85696567823616,9.874450523573849,7.9634675517666915,6.359399091025631,5.761763794432102,4.133681506183694,3.403310497509441,2.0150521795676393,1.168541310021247,169.71776841280067,3.089138599046978,1181.5994078256053,2.4184332940932087,0.002984671939025007,0.0,0.0,0.0005441546600307587,0.011806028346846568,0.1615345241918224,0.6652514529457093,0.7090833805339031,0.004402754734036786,0.6814793944381248,0.04207883155934814,0.09101392411636758,0.0008518422394768634,0.001515573430975638,0.04861531749298342,0.0,0.00014886780494293163,0.00010724759864104217
2021-01-26,157.0,12.0,23.0,9.44788664550162,8.363031543819819,7.4835729915952545,8.0849212946623,9.59223698449256,10.233989568237178,10.530508637026596,9.642228089415898,8.726539130401274,9.162758427400442,8.41492876475217,7.656702319929844,6.2042982605433945,4.950099025478435,4.493239936751595,3.162072272688254,2.370177091527254,1.6123339538166692,0.7914292604264928,131.51113818673718,5.876833529090979,1280.9171702368365,3.7569936480789674,0.0,0.0,0.009924175193787695,0.1192922769409148,0.1464790517844079,0.16660038225384424,0.176486746826774,1.100357130300085,1.0127230188142518,0.2027365807140749,0.12512152249107888,0.6961367287659134,0.0004751631198242166,0.00016750473620962567,0.00030574773671510454,0.0001876184010859207,0.0,0.0
2021-01-27,165.0,11.0,14.0,10.041333134676195,8.601896535828082,8.013972214588591,8.659863037757898,10.27103786178862,10.947299476158008,11.244223528071426,10.311609336343517,9.332706738715107,10.160877575358729,9.00817209440995,8.193134716258374,6.633326939988601,5.310724179594364,4.794547316730793,3.2268420032460847,2.775461078017659,1.669498965063553,0.14558360143076965,139.3494305951394,5.746758920437391,1211.2118901684948,5.047355443053287,0.07042336597745355,0.0,0.0,0.0008416537013194021,0.037568994538058675,0.1114576222819998,1.135593906476827,1.1930208011400705,0.9381710315664412,1.0410654051419104,0.20390683852487426,0.1886290643625118,0.056597894262200674,0.013832541472248118,0.05680858167835144,0.04543076729046459,0.0008753935820360853,0.023554947033973445
2021-01-28,157.0,12.0,19.0,9.776110451800983,8.784971385988552,7.842820441613098,8.379454019617171,10.074340675534017,10.739841275599483,11.044274028630051,10.114375477367936,9.158893248601439,9.948136177242018,8.825803172278746,8.042964793920502,6.518203160149649,5.203101323721444,4.514990157595146,2.9627911547299273,2.7063200009887964,1.6953610608759866,0.8963054882469631,137.30228416939158,7.229140117047843,1324.9702019859824,7.193713489693022,0.0,0.0,0.0,0.008711838517890255,0.23825722519671783,0.4160009153044003,1.4331685231773887,1.5487321129117941,0.25882440694483,1.30980822312167,0.323059276348907,0.05025387129895889,0.7605206546295755,0.6442242565604095,0.08600071999413011,0.061212895346612686,0.050390426143692726,0.004548144196043658
2021-01-29,146.0,10.0,14.0,9.082373707753687,8.08618311319695,7.249544364326629,7.779254554211726,9.319650601858351,9.943490634466155,10.220107974234677,9.356436536100002,8.467983303382654,9.16087515958105,8.034464595418958,7.428762573947917,6.0171346280902185,4.783217141556515,4.337718982694534,3.0489088631563432,2.4414925191179333,0.3045101185058711,0.8510380132545341,125.9266258057204,4.18397127283506,1400.5739810394248,8.822938232889499,0.0,0.0,0.0,1.5945677326350802,0.24393768305903046,1.4538201403198192,0.2920009944293723,1.4509215392709103,1.2064115872071974,1.1288223414808185,1.1472912306882612,0.1406950094246558,0.02448355649938944,0.06667957491296356,0.03851062876075711,0.02746255887428337,0.006451350587263349,0.0008823047396968905
2021-01-30,145.0,12.0,15.0,1.3552973460377642,5.471559454281125,4.977953265123069,5.367566718150804,6.375006552849059,6.830602339384532,7.024064254667635,6.326318051404508,5.832441706845511,6.215979550096641,5.599110419237104,5.100726645872693,4.106878888231503,3.2752462735007892,2.9563897954495992,2.0407891256511275,0.27545121908989084,0.9980642963429591,0.009414783170746012,80.13886068538706,4.209276256987363,1499.7571331576971,7.530349628254714,0.0,0.0,0.0,0.19026297948944218,0.21932121690805878,1.1426754044613265,1.13573613038748,1.2020311818535911,1.131318724013701,1.0480028787576057,0.3855048976596095,0.7957178301130777,0.15127363328068263,0.11118383050423496,0.0030879057139004684,0.005805138703614746,0.008381369119131045,4.650728925736927e-05
2021-01-31,140.0,12.0,32.0,5.287025690969951,4.525923010186092,4.120273116034155,4.546234557911746,5.406041154567926,5.778960194337386,5.947787438783348,5.446994557224056,4.889796214789004,5.153182209563096,4.72393926414704,4.217204685225343,3.495251348293671,2.776973470012734,2.4264380569553183,1.741208433632926,1.4352623980611408,0.9076699484762069,0.4971648302360487,73.32333057940717,3.6790234721844843,1225.5057672799564,9.21351643685611,0.0,0.0,0.0,1.734468196885416,0.08959394388720783,0.34845629326980104,1.7621668774790347,1.5278655994936727,1.4533081994625812,0.2559759505911809,1.330246888395682,0.10468331815821796,0.15997165579390202,0.15609372519609407,0.05538623612985495,0.0010005886112562645,0.2333148275330147,0.0009841359691929205
2021-02-01,142.0,11.0,11.0,9.095357100487167,7.7591608734747055,7.110435324574495,7.802453198167255,9.257414542624472,9.86821413921704,10.13897520921048,9.28369371245114,8.404920235219851,8.748511264076702,8.091885463696366,7.377175992411171,5.9750985252275015,4.741291933754942,4.239699082023807,3.110914033908575,2.4981591620473504,1.5233446917757665,0.17974640638435113,125.2768742567106,5.145844035080217,1229.2758698684765,5.900369035688237,0.0002972474882587242,0.0,0.0,0.0,0.8063278789303029,0.9249948298725417,0.9891324580353026,0.770732616452332,0.7650892659892167,0.8534095358679138,0.6818323215931524,0.06131927845106859,0.04373529900721903,0.0029080903457752746,0.0005249939500188605,0.0001353710858742688,0.00022709610751889112,0.0
2021-02-02,158.0,10.0,18.0,8.22748551193656,6.9793581662949995,6.525680109055528,6.975083447037503,8.384447879301627,8.93536697586855,9.189866150866857,8.267445437706385,7.622871807573542,8.131073602543916,7.353822224668904,6.543025408310662,5.30038433377923,4.311554532852608,3.800440521635679,2.781469879116062,2.1340326871765636,1.3421416229726069,0.788905498033241,113.59778933769968,1.5975225457011988,1222.489380666102,3.1818029320275794,0.030455242879061917,0.0,0.0,0.16523651166037762,0.1974204736299204,0.018838991262102853,1.0176962811436723,0.9325229022273512,0.003862294554159441,0.05174721574627132,0.6995157693984547,0.04470905119938558,0.003965217023916301,0.0008278107029192496,0.00047823333823269354,0.043115171488863714,0.0017514550076256899,0.00011555364432603383
2021-02-03,144.0,9.0,10.0,7.605188634628978,6.779336797689331,6.0186169823957325,6.55096856094027,7.656182735091807,8.289784258161976,8.533752230587567,7.623198427148498,6.923071793958875,7.399616574952405,6.828236606574982,6.032188193653977,4.948080492597477,3.999198913434742,3.49021977120361,0.4481325624990437,2.1002035840611666,1.1347971414527673,0.7331817258779244,103.10294208744551,4.707247188641403,1173.0409781552366,4.419812660864401,0.0,0.0,0.0,0.018064252479389982,0.8209873225785707,0.8442796453509295,1.0455193584654925,0.009297107725974791,0.7641671498124682,0.2389069818176239,0.04008595140393412,0.1226695267241728,0.4647651581767277,0.0009821484306717753,0.0007875291392958765,0.048637943170593084,0.0006625855885567607,0.0
2021-02-04,136.0,11.0,13.0,6.993627135932855,6.1600781311595565,5.614773339199199,6.088515114179049,7.217215188446569,7.684833729316641,7.902525586525634,7.240647975827672,6.5428022556032435,6.991995926960713,6.319643907439034,5.753306105976001,4.657436544434753,3.6130660875703304,3.274262093360338,2.407091675889433,1.9944868652578709,1.1310385287040843,0.5699458996189224,98.25786885695626,1.8471683640491987,1455.3634853251688,6.626403740277334,0.0003018433021657257,0.0,0.0,0.006167756499540653,1.094264795597192,1.2414871973430361,1.1317810044928474,1.088001491382437,0.9390847045607488,0.008627731586091349,0.8622235754795328,0.10164098913365051,0.08055215885449295,0.03158032685810899,0.022616538761320467,0.01837546972833413,0.0,0.0
2021-02-05,136.0,12.0,9.0,5.679795151889907,4.822595689786957,4.516212625315658,4.871003774624732,5.807771592761048,6.10734243028057,6.265371786779662,5.828288387471401,5.273494377176459,5.46169305789652,5.101462489463875,4.637959567857831,3.732857199801322,2.973377468592839,2.7028059733943937,1.8742931542541998,1.5311071401670708,0.9497117651616024,0.507868726967629,78.64501235964367,3.4219487082285664,1649.5186505170464,3.505588001486595,0.0,0.0,0.0,0.9876926190744865,0.0002972474882587242,0.03370989921022843,0.988885117074985,0.007534904996051519,0.8951628076015615,0.0015795339141352193,0.0011808645259559927,0.10499710558109444,0.08535555891529649,0.0670079858103981,0.00037142514997103883,0.2297184420125661,0.023194765886878306,0.07889972424472781
2021-02-06,132.0,12.0,7.0,4.077955146936938,3.720313179250178,3.1089603683926854,3.587109427654777,4.261774324227333,4.548060682640829,4.685284397567164,4.308666951747394,3.9091735501101788,3.919045583432782,3.760122955911048,3.3936102047974748,2.746286537310728,2.1134787985422387,0.3587191877354582,1.3434901806444155,1.0955603739159352,0.6456569465974636,0.3209619389807055,55.90423073639573,2.3637933990795785,1677.868325002492,6.0877248272810585,0.0,0.0,0.0,0.9968977136833085,0.1835023370361126,1.1350745813719834,0.9787196201753753,0.132698820600364,0.2473950074072874,0.8425677832874942,0.7679514435250999,0.6408851933955168,0.13119591384396173,0.0003222683081815535,0.005741108439286354,0.024695909786275744,7.712642081097659e-05,0.0
2021-02-07,133.0,13.0,26.0,0.5935141193267703,2.8103065262540627,2.635921704697577,2.839692708339472,3.496759114960434,3.7404699096548195,3.7343218671985268,3.5393854598437064,3.2267940685257335,3.1946226621316596,2.9652147681159717,2.7995770054929885,2.1778189633209037,1.743652566992032,0.2899804101315126,0.22641247915950702,0.1813348221810167,0.5434895453346267,0.29731641182109253,41.03658511348241,1.9108016285367395,1112.6940336663065,14.95122995421381,0.0,0.0,0.0,2.1119470180295425,1.852809499109327,1.950798724033695,0.021403423664802843,1.784064240481311,1.7193473320783819,1.5682703477513473,1.6151510492408292,1.235587465897458,0.9706501281842396,0.07374995339997814,0.023614107802564645,0.004120191395166396,0.012316234127835172,0.007400239017330859
2021-02-08,126.0,11.0,10.0,4.398328911314877,3.875533791386481,3.40027260881259,3.671961628239622,4.454554462307991,4.780307515276803,4.923529599196547,4.512162706630399,4.09570495507649,4.246367068067627,3.9514017472229437,3.4826798938441987,2.8127912235433783,2.316154462609145,1.9881429625572546,1.3580450285220391,0.9806786822883283,0.7035631816596526,0.3726612553575459,61.64351715776516,2.1667772129271388,1257.0188439408396,5.114907939044046,0.0,0.0,0.0,0.010260644473154334,1.1973059011615454,0.048481930856984816,1.2779389903876581,0.0764202971034741,0.20997354088663997,1.1585533329406756,0.12414691044394927,0.8416334930362191,0.10691124976527368,0.06034117382848335,0.0,0.0,0.0,0.002940474159986355
2021-02-09,132.0,12.0,15.0,5.201888847744478,4.535834436130399,4.219453791494169,4.569532894396809,5.437668167155318,5.767596303149038,5.965948511658782,5.466925095786499,4.943551581272396,5.160237547871553,4.779881698049041,4.209505995160663,3.5193203868330434,2.733908717875882,2.448219323458419,1.732214243143352,1.387405633584481,0.7620670717189925,0.05852115422603656,73.48723418956853,2.118658287264822,1219.0817807892884,5.750112354524103,0.0,0.0,0.0,1.0246588855392587,0.09882097492662875,0.9619578530382464,1.0482755557231056,0.20751768702523737,0.805218284595731,0.7471659956778532,0.20331697913097185,0.07889104113585416,0.4754100130386795,0.04951107406036718,0.014058012597718236,0.01096299492444006,0.021515226772740155,0.0028317763372703504
2021-02-10,123.0,13.0,12.0,4.406290966073574,3.9678140076081116,3.474280960833015,3.752094830156792,4.550789134497151,4.78195179917153,4.9936572996218676,4.486338753864787,4.1077689019478845,4.330377376984375,3.899029370189579,3.6032392916897993,2.854106236925469,2.2038080392549535,1.7850141880890211,1.4595272459891815,1.0408939273806965,0.041372635874431254,0.3565463731046644,60.16518753998657,2.8409794318160926,1360.9168280280992,10.787722176219846,0.0003018433021657257,0.0,0.0,0.303893458966519,1.3776950881682777,1.4538063858662236,1.4983443366284033,1.4187031240730896,1.271906820679405,1.2335388479477394,1.1627313253326377,0.22959261716292956,0.6711839139792679,0.016957077044106653,0.12404077871493224,0.025281921498534927,0.0,4.648015777988898e-05
2021-02-11,126.0,13.0,7.0,3.882625779965819,3.56348578922776,3.2215454375491404,3.425691494431199,4.144095911979729,4.397414366160767,4.540691604727251,4.169109174439436,3.6810167207139806,4.044828357852605,3.5393364774479403,3.226838660674895,0.48155061421087814,2.0692815123101753,1.793671156083769,0.22660129989662606,0.1866481650287446,0.6373067872239383,0.006884904879113513,51.84104639322052,1.660907711614611,1391.3423295090424,11.979802839113404,0.05505714636844046,0.0,0.0,0.353842891231788,0.3208727733091623,1.8358540576546774,0.3370818871948985,1.7735775606577957,1.606103919292165,1.593949673256945,1.4083270817855473,1.129191737786945,0.22447173310632343,0.7566858701440562,0.5658995955337756,0.03349123774161456,0.021450442877290143,0.01900237754041857
2021-02-12,121.0,11.0,15.0,3.736976895489804,3.223413024503177,2.9966038627290663,3.231345870540033,3.808438342198587,3.983165680992731,4.216141210017894,3.834871585307779,3.499607693745274,3.656726104728892,3.3707515875517924,2.94820760324758,2.3523749453211558,1.8757861964163505,1.6717380588649213,1.1612188878843146,0.1458644441089496,0.595216881498406,0.009258874538736753,50.3180049971737,2.66106304367964,1485.2179413602635,10.015500962198049,0.0,0.0,0.0003505682385467796,0.07023809579346499,0.2693203486275177,0.38192349512582485,1.8964308026183967,1.8543674753248727,0.3969718449646952,1.7027437177257592,1.5971166572043132,1.3096139416643646,0.17005599033686236,0.18605974421636684,0.012687099368865772,0.009417416409979824,0.005443402432475057,0.15276036214574146
2021-02-13,105.0,10.0,4.0,2.5650853677018794,2.281847233647126,1.9914982057391946,2.1828485506895245,2.646665853679947,2.938511840615407,2.8970388255511135,2.7776035792326415,2.478403005195201,2.482162377914433,2.2824575679575476,2.2046958718227927,1.7881188411338689,1.3506382695793056,1.133751461044404,0.10199941164482752,0.0002535356259628424,0.001632595253249834,0.22238840154285436,34.32760079557127,2.540822805088047,1525.1130748285395,4.270766102651986,0.0,0.0,0.0,0.0015259511162113038,0.0,0.19016820417811392,1.1413495980228652,0.03236247309616276,0.9273546176497379,0.8770065739410607,0.7174218110406018,0.07927419028565096,9.879530460197426e-05,0.006519420860860334,0.01805066869074772,0.2796337984653727,0.0,0.0
2021-02-14,109.0,10.0,29.0,2.902952473824884,2.5579092056026633,2.202609848539224,2.4836919681788707,2.9549257826731865,3.2435109574818446,3.2133666553259754,2.941785110192446,2.7746734726100715,0.20622235599292513,2.6580929238088813,2.319373837853833,1.8757907794676016,0.22005039912751548,1.3463627286747577,0.9482526943859028,0.7926652077227625,0.47280652685588576,0.22709203612839665,36.34213496444763,1.462285747318256,1305.8812769568322,0.2747575920037974,0.0,0.0,0.0,0.00023203514339071172,0.1453489080230762,0.000744509244323117,0.0010984517188710346,0.0009617159950119187,0.05406729957275505,0.0006933983797990504,0.0006024744897281259,0.0,0.00042017168864685764,0.07010111296051441,0.0002753144342859968,0.00021220035339484568,0.0,0.0
2021-02-15,122.0,10.0,14.0,0.7221242035542874,3.88085603998389,0.5281296169338945,3.7780911826950767,4.459661805070172,4.767970283968915,4.886702167423443,4.409435688380144,4.065016330454675,0.7476144287846036,3.9325307205977715,3.563849857528678,2.890306864517689,0.42209559428285814,0.3347906359935336,1.4530160533143444,1.1441210273432285,0.6819659725864101,0.38498324277707074,47.067901350895546,1.8577242522042992,1234.917140749284,2.8496667082018927,0.0,0.0,0.0,0.0005714879507637224,0.15722976263956695,0.005158739608641895,0.8195278753627626,0.7733645646898515,0.02231591757876958,0.14765507000120173,0.0630771513997655,0.48037942287162366,0.37701592466274064,0.00015449015282427146,0.0,0.001695488757908403,0.0015208125254721856,0.0
2021-02-16,133.0,9.0,10.0,4.772155661518963,4.3610302711896125,3.9921944608074336,4.301749654875238,5.132623267082721,5.376252957455923,5.588812231314821,5.126209963146339,4.625601117019537,4.908462449460186,4.453541614268712,3.9696932448439664,3.306958972012364,2.599080884520024,2.2313378106561643,1.5781146394250374,1.29314318647159,0.8024389160678131,0.46954983025199853,68.88912863317734,2.0799938457900504,1290.1670186704341,14.459763538543333,0.0003018433021657257,0.0,0.0,1.298862018950999,1.924894886516978,2.1454062865481998,1.0086758708224859,1.965638141373565,0.8633626264736862,0.7989121881373962,1.6843101293444271,0.6026667381465765,1.062456990324717,0.3996141740054073,0.263335554972854,0.21223768806628573,0.14767198220200292,0.08171826265774967
2021-02-17,128.0,9.0,19.0,3.477267331734018,2.6877245575953514,2.8097908284363267,3.0659986725686124,3.6341199224873484,3.859223444717235,4.02004279584498,3.6087549532938428,3.3026209870887184,3.402359600687571,3.193290913469859,2.7886707460627544,2.3485677923499075,0.4333757450049354,1.5373276869564776,1.1065298333712696,0.04345467380190552,0.5791155064607866,0.02102200706258927,45.931064027341336,2.5628156118343637,1336.6884311737656,11.287502323620522,0.0006949101108436265,0.0,0.0,0.09672976030318893,1.6019212102940936,1.6733535056488964,0.3630749778507486,1.591967186206746,1.2451423193387088,1.3382127509845663,1.2314445861917904,0.8793014893034374,0.7139986790840072,0.10980775431118249,0.04705021080870686,0.3701054775690376,0.025239266740588302,0.0001531489848214152
2021-02-18,126.0,10.0,13.0,2.583169176235491,2.2903304359799352,1.9869470620946537,2.4212462227597276,2.834679066381708,3.0388825019679557,3.1210828296277504,2.8470798808313065,2.634095777938338,2.7901157132581,2.5510587654938552,2.316420234591516,1.8004204056180466,0.25128430565092597,1.2988202935372892,0.9178396764934176,0.6584394455968654,0.40308052000984207,0.21712777029591745,37.03240628509233,1.2940641735279188,1334.6084671447354,21.09234089935637,0.00035500157778479014,0.0,0.0,0.5237419636692159,2.4287639606794267,2.738150657002102,2.627896093464973,2.603719902441182,2.3864196591882028,2.306793824334625,2.0785048179189594,1.5584660802025536,1.2639948743620304,0.22167213122843715,0.19619651294274368,0.155921267683284,0.000922294524888891,0.001176859713747505
2021-02-19,130.0,11.0,6.0,2.2042042879637633,2.38699200329065,2.120777747469907,2.280338354189768,2.7860961757500453,2.9291201693722395,3.1020881154701154,2.7579061900941175,2.048899091026294,2.688453540354585,2.3899147555643925,2.2316995897711256,1.756077402633771,1.37739734077608,1.2229213564363426,0.691246770966506,0.5733208959656773,0.4217338290243809,0.015933500884227333,35.98806159116398,0.7982899733297039,1415.0084573308875,42.64515403346874,0.0,0.0,0.0,4.800080951248078,4.2560731073765545,4.50631203031604,4.746551343171226,4.347886092292112,3.9647820950376955,3.799812647282313,3.485874932306077,2.8192700132736705,2.2532150288790636,2.04333955760796,1.3263895589885675,0.22325128640936825,0.0696608658365003,0.002654523443506365
2021-02-20,120.0,11.0,6.0,0.2735536057311187,2.103400391056217,1.9053087995622147,2.049872673224117,2.456625269469361,2.6347522332393454,2.708644016226376,2.5556960710759578,2.3132888860665366,0.10762993990123713,2.033499499479353,1.9495618556106413,1.5643215987075738,1.1860328971489469,0.004129552461963508,0.023115534894226207,0.0022412162406917884,0.007634064595859393,0.014288509519971432,25.89359661421171,3.0044037028345123,1316.4073236351423,5.786369039198773,0.0,0.0,0.0,0.9078477299001783,0.7614808502790728,0.2378532860564072,1.0044023890938338,0.8244099641430548,0.7747335325811792,0.1548837319613726,0.051886433826288006,0.599370186458671,0.004727161226320525,0.40257530118459967,0.062059443475677836,0.00013902901211746658,0.0,0.0
2021-02-21,113.0,12.0,16.0,2.7091837126981058,2.4153005983788187,2.2328091385057527,0.458524389005724,2.7931768521625195,3.0622553567485142,3.1686883247606787,2.7806586281288572,2.60784579190542,2.541768065078725,2.4185776451520002,2.2145440058244494,0.34566718751596126,1.3871393620155197,0.08175659037758429,0.01971648237303379,0.04262931401225911,0.05414143782580328,0.21554839730436154,31.55287175393407,0.8291887291862943,319.9799762408648,2.9318924885093147,0.0,0.0,0.0,0.030722676158929083,0.020645017790971804,0.040421502510273585,0.783423889521054,0.7023089068891111,0.1531498251623583,0.1295714240590749,0.5546118711957941,0.4500833764846722,0.003973739672644622,0.0003085926507700659,0.04353703601331658,3.898431585396353e-05,0.019095646084490412,0.0
2021-02-22,104.0,12.0,5.0,2.630757142682964,1.9875734972564139,2.1925863885240924,2.3413960979188637,2.708448514286525,2.902697845459526,2.9830590646390527,2.825209548305867,2.551390505416447,2.726309717950389,2.3685976958473693,2.2377907361451266,1.675257080371693,0.32921432669521633,0.007260005291281692,0.020279169255922873,0.020413297245605408,0.0,0.0012375925292483247,32.514159856076844,1.3348408872661077,1184.6068061954682,25.705078304509247,0.0,0.0,0.0,0.611022618285658,0.7449195163584509,3.6594336150089144,3.6583867558842718,3.4639204221066358,3.124376551135372,3.0094645522520977,2.7233235046158737,0.5419857111599646,1.7800123562688177,1.4621133373025426,0.19657709825444258,0.7275805520869812,0.001961713789225439,0.0
2021-02-23,108.0,12.0,7.0,2.993871627436854,0.4847840453722729,2.2990490406867328,2.4220297200186227,3.0271064236603618,3.2538465317327603,3.3646074606571297,3.0915786822269573,2.5725762364732394,2.2980664465877894,2.6980098295942048,2.44067411719008,1.897098487401502,1.4374620060042727,1.3566873173475404,0.161271614754392,0.1541757572481017,0.07219799799175437,0.016025470955206088,36.628973445501124,1.257262371504235,1252.3941200428142,18.913927024202653,0.0,0.0,0.0,2.3961598943273024,2.1128713932086853,2.344708377527574,2.4339076172634777,2.2025960239759907,1.963006655884817,1.8582659510764719,1.7054008093557949,0.4124749211471333,1.1325154430176185,0.2614708291557668,0.010788556864211929,0.0758461348787967,6.835912764960517e-05,0.003846057391361203
2021-02-24,97.0,11.0,12.0,2.537822664263041,2.332605940440958,2.0900539221264207,2.268962945724603,2.784260093153297,2.971886490755271,2.9928378502828483,2.791745854640358,2.4776850378006037,2.4824827666408944,2.314025713241535,2.105051224231401,1.7185974916328624,0.07581515375341984,1.003615198776137,0.8669314000425861,0.0003433411411106866,0.06048027044416432,0.0007902694270502604,33.93166144155675,0.740550527920695,560.5842189752657,87.36494463954219,0.0003018433021657257,0.0,0.001166460488013183,10.263687213192238,8.842845064816382,9.40850070145607,9.716712036677611,8.906766455073056,8.033546531302289,7.676702304714608,7.078549835464976,5.721006316203724,4.463368744044828,4.0697244609985335,2.792033145217485,0.2570839027449986,0.06950610419048484,0.06374536295687833
2021-02-25,101.0,12.0,10.0,0.4146694002371799,2.1138844303683446,1.967222451135134,2.141122571498829,2.5932292625033706,2.7535495808052897,2.871250255478231,2.5208476997645675,2.285436481154981,2.212938910130763,2.1790120002062356,2.08142651134213,0.23319381944948986,1.1231500489137547,0.9938109934667996,0.7139586136886485,0.0026848857020074024,0.04734034900815578,0.013786908231595939,29.27894689084569,0.7188037208828918,1388.9001421894577,153.1953357723617,0.0002343825398794998,0.0,0.00025700734809394317,17.480464891115425,15.684742474505285,16.614048613831258,17.012269969079828,15.633935332819567,14.109106686322336,13.651275563390438,12.45656448014709,10.073265094862728,8.006046208278962,7.237383049248887,5.195032555824417,0.016141246419826786,0.01788752586493208,0.006915073302595026
2021-02-26,106.0,12.0,5.0,1.8887740260203019,0.14075255044334722,0.1816337167780874,1.7150943315593914,2.00726024881549,2.247837951073543,2.2990595847833593,2.012929830712242,1.7991587084945926,1.8711956537595174,1.6747462768903785,1.5649829282959673,1.2482562951533425,0.8507917972749655,0.10126157150919582,0.03476850944781742,0.015201977452839615,0.014642778547452572,0.002569897217202506,21.674023786443424,0.08699020254549572,1763.7529888246306,123.94984967638649,0.0002972474882587242,0.0,0.2395869188744384,14.211597792290528,12.45064927249229,13.200196257463396,13.558399033525427,12.415877804231092,11.219532180324618,10.857702299128267,9.919359402734779,8.02229219824152,6.38074714655302,5.658859072223287,3.898654526590325,0.48397993042087384,0.24185053575252366,1.1905653055400898
2021-02-27,93.0,12.0,8.0,0.1347339444021363,2.1102980656111185,1.846092354504611,2.089440551930397,2.5244041244341697,2.6283571191412562,2.748267793612661,2.3815874010626277,2.159720452817056,0.006452350378450104,2.0359347141139454,1.839295005921139,1.5592097544264951,0.10688383217482383,0.10955035795102239,0.0707548826559247,0.02730980695149554,0.0,0.0,24.381232986249323,1.2102755808412258,1507.2694647520811,13.659164647970295,0.07012152267528783,0.0,0.004006891380890178,1.8073238572040418,0.41961734129507133,1.7472041207055975,1.86987447728751,1.6484922597025031,1.5556389220357774,1.5286360455663575,1.3113469665983142,0.9280932140365219,0.21223955978359843,0.10456902319288627,0.03019150933270071,0.3965926527562731,0.06855785645156774,0.026779950640682483
2021-02-28,91.0,11.0,17.0,1.6857028340142526,0.14635792210962595,0.044840392863854744,1.7054282655104236,1.8281761825084506,2.2569314231193904,2.327311327607255,2.130913246467251,1.8267527889716662,0.30113280572939494,0.3942943392634542,1.727375531834404,0.08664174115290185,0.15932802828589512,0.008928061107662703,0.0038965480999783235,0.0024542689905715656,0.0,0.0007227977903529551,16.63718850542679,1.185032922632336,1095.3353465178325,3.2684122393586947,0.0,0.0,0.00042018896334527063,0.6653125174766225,0.7335424832875316,0.1842562623105865,0.8856760290106159,0.21848622154588662,0.1011920469143111,0.255706653478976,0.10000695216509638,0.03456955771940067,0.022008339170217283,0.03770478052726299,0.012414734288747002,0.006382873906110227,0.007117153786578983,0.003615444807405396
2021-03-01,88.0,10.0,4.0,0.046895768759872586,1.6580471711126494,1.4652222051530508,1.4161450869966505,1.999486169727455,2.1127035470562845,2.108671810741198,1.9443229386142133,1.824817706604745,1.9170908927278885,1.7704017945409598,0.34250726214324195,0.07335521683680798,0.2280150822370218,0.1303123188407239,0.5156065205645793,0.12232645110076956,0.04305325650768238,0.040038892996001316,19.829141615937083,0.6748921629119986,344.5395580329753,18.978296662851996,0.07012152267528783,0.0,0.0,2.296313899709547,1.9467793437635994,2.1760969910571126,2.2196134561831338,2.051363884188217,1.8570529226194639,1.8101094477327055,1.5519366704139068,1.066525781393667,0.891353978160436,0.8716135719266839,0.06273530797640751,0.06747190602179515,0.07742336833308847,0.03190613337222969
2021-03-02,90.0,8.0,6.0,0.07201346708438876,1.9673920767352406,0.25160575718154565,1.9500891922761618,2.382014329249679,2.5336042530061254,2.4623499161324456,2.3074750885649125,2.075998672486144,2.214309773645674,2.065724036880877,1.8090818879437578,1.5367938957206115,1.1583545845922436,0.05512001067573013,0.7105215347934558,0.00678690542476534,0.32063666335697055,0.18007702975881543,26.08657656113214,0.08195328883947867,376.99891278560153,36.80941046756416,0.07012152267528783,0.0,0.09999405796057333,3.829834519986168,3.6928956030025692,3.990844512231705,4.10863843431652,3.828875944107478,1.4032576097350709,3.3519846414508176,3.114693571846621,2.4901293264084634,1.8487342166978555,1.6872642496776968,1.2947034186384705,1.0853326599814823,0.6201585024337318,0.36206919908893737
2021-03-03,86.0,8.0,8.0,2.0696247768532823,0.3294235576928079,1.7009704949783218,1.857801444375525,2.2860850134554807,2.3490679119623787,2.4335630588066106,2.3007040124536675,1.9796049842452028,2.0580286912717223,1.9245326501906728,1.7228137407110993,1.423192538665312,0.0849995451217739,0.9804161296491734,0.036535311550163395,0.008604982948378486,0.0,0.00112714445776677,25.55003646354932,0.6435154651341138,1213.9861141075069,74.18472168140396,0.0003018433021657257,0.0,0.3688838766327183,7.585718871248755,6.674228128059027,7.1951368164944745,7.615030904002305,7.073788763864047,6.564581000494269,6.4045129631937145,5.85884266869168,4.787191874554053,3.906713404659293,3.543918308219323,2.5624807614031573,2.077541306400991,1.2382503803662466,0.727901653119895
2021-03-04,83.0,6.0,4.0,1.75329603436241,1.6422929686812586,1.4693268837998366,0.2888657659015275,1.7147191647182733,2.030007983853505,2.068433742446023,0.506230366177312,1.7651642531332927,1.5972405655897548,1.6367061202679616,1.454746385904674,0.15376892736098668,0.1514929849025658,0.8151445542669801,0.536362459431412,0.061804957415286514,0.25308426473254514,0.0032051720392075353,19.902058233039213,0.6222446130930899,1216.5341052020146,94.36133405456926,0.0032423174621520807,0.0,0.006402332731936924,10.242770890701214,9.029921103282343,9.678840750686096,9.989103299354165,9.188790697240933,8.349952484591958,8.074973887603795,7.353673965582002,5.981873341664642,4.809580823064522,4.27663863101107,2.585604511799265,2.5068079959040155,1.4917872706228859,0.7946120687284083
2021-03-05,79.0,6.0,2.0,0.10658108333831476,0.06603747344509968,1.4568924078389116,1.7519976805727049,2.0860833658512816,2.220445124331574,2.2765660212163783,2.076837887013289,1.8787985188459746,1.9046432194274199,0.2822780410386415,1.6230333105767796,1.3665610144187004,0.9881555380847564,0.04970496659439343,0.5765371582025266,0.0017828849066662002,0.03213541016378782,0.0,20.74567479247153,1.3437107116892266,1169.2583965733518,100.60519652750979,0.5877871713990557,0.0,0.11402831170942572,10.555236024200447,9.559541121026173,10.284629946735608,10.584417127735636,9.728876236696516,8.854836511982427,8.552183060366584,7.839766770158019,6.468916114304853,5.178799205650722,4.69205024283499,3.0649032240338903,2.5241468002288467,1.7027755244206062,0.9000903054250422
2021-03-06,66.0,6.0,2.0,1.4571746258092653,1.3133774637248927,1.3438610063453431,1.4614885355714469,1.8353824229170557,1.9601108660576976,2.0313056063801898,1.7788085389127686,1.5819879472435499,1.6662837393553238,1.4828400481286503,1.2160447972391826,1.0578157428589137,0.723711040443588,0.6865912536731426,0.006291164932629228,0.39984811051577535,0.00511272601732166,0.002518741983750507,22.01055437811049,0.814564640665004,1565.281333258862,64.80028392772832,0.0,0.0,0.0,6.377931696258526,6.280000750530729,6.755965297265052,6.717932258622067,6.382243233873554,5.798445080278812,5.584806027015956,5.167916649304347,4.29114806070152,3.419841774072744,3.077199683390685,2.216203954093565,1.8231054850968118,0.32826064642376346,0.5792833308001675
2021-03-07,59.0,5.0,14.0,1.5627092317674591,1.3751628736685415,1.4834316012444564,1.6263201791735835,1.9371059386771838,2.0278033549055916,2.173966106503677,1.8777082444746127,1.7665189816760667,0.29107060646975286,1.6892954967550877,1.5596772739758857,1.169165921617631,0.017430576460507535,0.7354306184371372,0.08436158066854568,0.06135058272062497,0.042090619825653826,0.0025758896864405316,21.483477522010606,0.007081207759939728,1156.5177868363655,6.8983597877516445,0.0,0.0,0.0,0.06611011948271069,0.2235584653234194,1.303021560955069,1.1505152474257578,1.2497139760475793,1.0822607127619506,1.0489298821711721,0.29590226022273236,0.2207118967971629,0.08600685841372918,0.10807854537366889,0.022334727878441735,0.01876897676494299,0.014989343503950628,0.00745721462935672
2021-03-08,60.0,6.0,10.0,1.970293730473626,1.8546315472178732,1.6745330483379461,1.8681208798609488,2.1634938535419965,2.2961286456624714,2.362259389096993,2.1349019342018694,1.939799791816551,0.24203276147688915,0.33191829171148973,1.6096745811300568,0.27344236529232213,1.0886475793570227,0.11041605643656839,0.0006633572085749773,0.006117417190715468,0.045432438442543736,0.0016571664940005278,22.56171762380964,0.03339571703904827,469.3576088179622,45.92422003364367,0.00039306680867790076,0.0,0.0,5.172334199524565,4.694475114942951,4.914524163628638,5.22183050203917,4.783546977273822,4.352342796651143,4.198473534376159,3.6393960480404046,3.078254487293842,2.47459695363612,2.174507278114086,0.13128071337720154,1.0139635787620251,0.06071666006775311,0.013977025915785453
2021-03-09,63.0,6.0,3.0,2.190130698743071,0.34942912142658705,1.788982016395799,1.9328598836234585,2.2962325177456666,2.4377589026905135,2.6377483169042732,2.395695871747532,2.0771491706650034,2.1860355942141845,1.9266137026265624,1.8471378288700173,0.3252784965071694,1.1375355328426513,0.9839137463281487,0.6096568807649577,0.08603762171766705,0.0306455335052535,0.0021590717654033855,27.24213695253359,0.032757247681872596,585.1832698649266,160.71904042506108,0.0008595881652472674,0.0,0.46840652776332203,17.728672927566567,15.618332999587311,16.918301012078008,17.334566902788517,15.93455497871343,14.575183502710237,13.986710914496102,12.656372169818484,10.35055170692863,8.35200638807189,7.391916033426054,2.124526222233888,4.336857728883211,2.5625111718637603,0.3795692381316873
2021-03-10,62.0,5.0,1.0,2.32178441020509,1.9726766335502774,0.21797901140602077,2.067928813922763,2.457008120683242,2.6070729451531824,2.692826970865635,2.4025823992052993,2.086475127515568,2.356271072959575,2.082646818489099,1.8597806005834245,1.3948470908987354,0.11768159832845115,0.018479730154690375,0.060174555473542876,0.05175008030977116,0.00024839302839413754,8.298526856742498e-05,26.76829735800133,0.6023434891450478,468.4806137505757,185.56002859546044,0.07051458948396573,0.0,0.1378025786521515,20.403164622439515,17.714567303779532,18.989606541944823,19.67589166806073,18.072499663559128,16.472448832915173,15.90425890668553,14.441566339533194,11.71101908253081,9.421483700617872,8.51121138817816,6.11006764913079,4.525534479549023,3.102262403494253,0.36664343438973707
2021-03-11,57.0,5.0,3.0,1.809011948082405,1.5856110705056214,0.21349001674008933,1.689923838388791,2.047012042187752,2.145039108469651,2.1746597765829274,2.0230369546505154,1.8588416905444336,0.2555605799037596,1.7096199167924986,1.4939554898951812,1.1800059609195535,0.8849593118840676,0.014024873852534422,0.6109027560972474,0.03294639533446175,0.001827615879962265,0.012540233750914872,21.74332458204015,0.01943455493419497,229.27117592382956,117.66160269628577,0.013742667895581456,0.0,0.10171370804977962,13.611663052666563,11.794960392054556,12.66570115546518,13.087347163829586,12.00269102322433,10.931906557646194,10.541451093809739,9.554400814202598,7.739478710358818,6.062212581109462,1.5377756835400778,4.01057159754252,3.309954073739517,0.5590770697277824,0.1506980193190647
2021-03-12,54.0,5.0,5.0,1.831915047315658,1.6990343704997821,1.7592720104442154,1.6248123516596795,2.2176650347399565,2.346101329644074,2.4084862543655317,2.1553527767488654,1.9706726952448577,1.975133348629375,1.940470144881909,1.7052520747964672,1.322715733518877,0.1587947517276645,0.860890130799861,0.6101160933108339,0.0008075767342630655,0.033334495118941855,0.0037974956355539677,26.624801216605253,0.002984671939025007,1223.7600131487425,84.95709612850904,0.2197917480784924,0.0,1.909354790450985,9.593190883518146,8.121109423454373,8.891817517776694,9.19513766922069,8.433438059321894,7.6692361778744385,7.408585930790936,6.742339303086403,5.417542297302642,4.37498609433246,4.003774939576078,0.5490073621267435,0.441562598043337,1.4424242669196137,0.7635888147136174
2021-03-13,41.0,4.0,5.0,1.5959845382954676,1.3476906845671142,1.4252855656045813,1.5654236297772282,1.6641207074281934,1.9591720001519113,2.0516833499063547,1.9354470145493097,1.6820396687981587,1.6007883890612093,1.6074487604216348,0.2442396415465987,1.1840554623709096,0.7894095279835815,0.08871350857298162,0.06057632081915667,0.43398765409377216,0.0044791914572544665,6.14926699548151e-05,21.241932999968927,0.14102917896793146,1525.6795545126054,55.02116123885962,0.002940474159986355,0.0,0.0,6.497825695256826,5.733116785179004,6.1065064469112915,6.100942083641957,5.717865579476944,5.20242194030351,5.06082891112474,4.6111097621382,3.6109986356906973,2.96335869344002,2.705872167251767,0.3112438254937252,0.242791377035967,0.11948366500614399,0.036795670908834455
2021-03-14,39.0,4.0,6.0,1.6118468126446388,0.10993280554887767,1.3190222531260762,0.08746593414179009,1.5098291715986756,1.7997663020335106,1.8288700169715986,1.595230503954975,1.4695837772193587,1.6001909407750452,1.4779489769619796,1.2832259407100202,0.19307972819828864,0.7514637288442325,0.6585967188803005,0.4987767420351429,0.0020546062351450445,0.0,0.13360728664225302,17.930492246521904,0.0686727324819062,1049.8502341225392,49.0682348370185,0.030455242879061917,0.0,0.1444514371040192,5.493943540152178,4.76723137750445,5.041404318614311,5.286206498548012,4.836995453872018,4.23619429407908,4.194417173342414,3.855909022422759,3.111312582330554,2.482877545108429,2.257207814607661,1.5575373385419016,1.2760377667399125,0.11723128030830587,0.40927739374249905
2021-03-15,48.0,4.0,3.0,2.418868236374965,2.2334098389728916,2.036483620532334,2.224605968667708,2.6291054599486254,2.7178876376155423,2.833401171699293,2.6259495442916916,2.3573223711322804,2.61759058102198,2.3729353646082036,2.167030384828083,0.2848219756558947,0.08568527100873086,0.1455534242931096,0.0,0.044854825681398876,0.0014085447328930206,0.0,29.796914221065624,0.08910074779085883,1476.0786294699285,75.7927888267618,0.0002972474882587242,0.0,0.13345023706036796,8.44869411986262,7.709977891843093,7.846154612722672,8.532224447390693,7.854797680664206,7.1454555484610225,6.936720533058473,6.317229446573553,5.128291540855303,1.1554358812977774,3.7138701810314716,2.6047917172277733,0.3683264484454563,1.2156598631154383,0.6817086771518732
2021-03-16,48.0,4.0,3.0,1.9275621547476205,1.4395913012812638,1.4366400584451207,1.6040131842238081,1.9460673919315998,2.033117219100078,2.109517642678858,2.007339592125376,1.725731029222609,1.682270340816137,1.7299912465611396,1.4933109877039443,1.2238630203139846,0.15728629561903332,0.0,0.06296667243213025,0.009293640050654813,0.0048532243380533645,0.0,22.596355475751395,0.08222939432430013,1411.9530874493346,151.63137854315806,0.00017750078889239507,0.0,0.0,17.06377772910827,14.858543317018237,15.91572034199835,16.435990031781476,15.114548080775071,13.760365245099242,13.308724210431006,12.183191901324323,9.935525047803097,7.9983725349454735,7.239376659952244,5.178197456712237,1.3450523768855374,0.8154731563280729,0.47852045299537094
2021-03-17,42.0,3.0,4.0,1.6873021687384189,1.6603441208125216,1.360395191539859,1.7030654693221465,1.9832666265691898,2.173880828335589,2.0906920511557603,1.7521709185710894,0.266400619224073,0.21029999428010882,1.5658532538796528,1.4664070679699401,1.0761912943693388,0.07785441497343144,0.024523075533849196,0.06630007979237994,0.001970937768299631,0.023233688415763627,0.15547794455376088,19.345629745805173,0.6891759069600147,1317.3206777496782,347.79782467071675,0.013313742811300005,0.0,0.7110366592668251,38.02025331085807,32.845342560246245,34.91173998817493,36.242314529248794,33.33503168121038,30.350920226291766,29.427640398163852,26.84571462427009,21.739291363165748,17.454760441057623,15.977749513943863,11.46996622122688,9.385402743942615,5.783063297685906,3.297597111963081
2021-03-18,40.0,3.0,3.0,1.3769608342681563,1.522998377428817,0.243214087580442,1.3466611650527562,1.6531886406429612,1.7614298011684528,1.7961061192407457,1.593398267574011,1.484190216305258,1.6698860907199142,1.3823633078828594,1.2688546246128898,0.9697481086467025,0.18362395175521196,0.6483386731602583,0.4905738345950894,0.002101130456163582,0.03047268765317647,0.0,19.424109918743863,0.5882972981034993,1244.6815248251648,344.04868971837715,0.030752490367320643,0.0,0.5750827705804111,38.65104731390089,33.41100315625073,35.553735098403116,36.8366903882238,33.897951007775326,30.86421743077367,29.91379990103285,27.292799680453793,22.121882776469935,17.75842622386175,16.241200556018846,11.68249799002158,2.428199198024103,5.900362453137672,0.9197937734485904
2021-03-19,41.0,3.0,4.0,1.4651825923439161,1.3408376770762547,0.1616572723020663,1.1968001021565706,1.5733622503026223,1.6811433857949396,0.2906844946894057,1.524627167294423,0.2802054144869619,1.338105640054227,0.31683431986241883,0.2877448793115844,0.13987903074054253,0.6990783924914272,0.6014259504996343,0.004594831732702537,0.003256416786678673,0.0006064923557363643,0.0,12.90602631028211,0.07349926142299074,1447.5847710229937,375.5034760851309,0.055354393856699186,0.0,0.00892978885467891,41.155902070273825,35.75069330706111,38.268728900701475,39.39851202274615,36.202554116757206,33.00244629127977,31.829511577508164,28.863596508848154,23.433527892052897,18.833177441068276,16.97100896784218,12.197516588681253,9.966960944692367,6.13516784244405,3.4852418243193304
2021-03-20,40.0,3.0,7.0,1.613913801073056,0.2459707670633523,0.257480248178787,1.2286096378124602,1.6574734111375276,1.7920809616326276,1.8356072476275689,1.7472827368978772,1.4325887824445573,1.6304276987442254,1.4069034083398129,0.2559495045487214,0.9359011323387094,0.010663247097978541,0.08814182565394947,0.036291542861785986,6.372332470261134e-05,0.2593398486415315,2.9550653898682665e-05,16.522527575415236,0.5993588172060227,1239.8302486133011,106.66737388304324,0.01361558611346573,0.0,1.116270540240295,11.266702459443115,10.01703941624861,10.937053135092485,11.150432041282743,10.063151887407871,9.497249862091483,9.091581335041448,8.156559472469299,6.680123586743955,5.407835103129369,4.693789871119263,3.392727783227847,2.666102702056772,1.6844745654617208,0.84628012198697
2021-03-21,45.0,4.0,6.0,0.03317288112103093,1.7197394698902,0.36099018860490883,1.5218599769094407,1.8490483553235044,1.9426535177882667,1.9532847741987303,0.38341366975120256,1.6468273620060758,1.7096557679189925,1.5506621443265471,1.3761001720699337,0.9764677166984786,0.06167847624622791,0.09807891601431318,0.002824660567003716,0.4218864631574683,0.0003212883458676693,0.001876136990079015,17.61054193792827,0.013518424843698732,650.428224441135,90.2113086566843,0.0034613610116843193,0.0005445906311284215,2.237531188540122,10.161816111352035,8.805494027623398,9.394455886658296,9.707805654314013,8.884686209010598,8.04654010016008,7.784581595940829,7.096006377291175,5.741187847686769,4.592112592225293,4.172997157718711,2.9846881558105354,0.31858111493088714,0.18928382471789512,0.09299622207252493
2021-03-22,47.0,4.0,4.0,2.2002516840861306,2.060712065150014,1.7417373161971699,1.8664666185324112,2.360622126978938,2.446816419735741,0.35107682640494847,2.2827971046896494,2.0294619438381885,2.172641165055671,2.0700593669077003,0.23529082114386565,0.0918773105571837,0.022720086853448007,0.003714014559457161,0.7223868603963464,0.005215533764636505,0.3358526551693272,0.0,22.999699920020824,0.5875527888591762,792.4475618321827,204.78565399524024,0.0003018433021657257,0.0,0.04700926290994893,22.27988148958508,19.69019715823856,20.95115754284036,21.62967342387049,19.829086427581167,17.95575218616745,17.370183301425286,15.844744358705622,12.824165441423157,10.242050954771692,9.364220355190014,6.7106784617950455,4.946200147560159,3.3843022147274024,1.7163512684487947
2021-03-23,45.0,4.0,3.0,0.2973183774987094,1.3523189700076053,1.2681589929179606,1.2350805301436063,1.6909647014272702,1.800881828304489,1.7936157143938174,1.6503587196264795,1.3151319969041548,1.326997012274557,1.4359552453088316,1.2145713410715535,1.0120161928141962,0.0035410939777107313,0.00362388645223136,9.099730760959482e-05,0.0,0.0,0.0,17.406506548750755,0.001325891893558632,842.1166868364504,374.31803242338475,0.618789219131462,0.0,0.06521781193151019,41.212684409041735,35.76168761922575,38.27795368029282,39.4260802020959,36.154045233006265,32.844578211565526,31.66390226090996,28.738865995856823,23.313648601685358,18.691071178922346,16.832323047064367,12.092152464583966,9.88540833875353,6.062637677292805,3.2957756911561074
2021-03-24,40.0,4.0,1.0,0.1857752061306825,1.9685132661000828,1.7364820585157132,1.8541875961069463,2.2418301746321276,2.386069402139041,2.4689387967517065,2.253688306703835,1.9459361178824266,2.266420303121384,1.7592966608223428,1.5297019153548534,0.1342143166570232,0.15464311500003125,0.9328852047245909,0.6263509291018452,0.006102476508292675,0.002482713823103187,0.00010824376736442645,24.557144043557727,0.013941192159857407,641.0981057348936,512.440725824073,0.6623559417897066,0.0,1.8103624337396058,56.29631471984833,48.61737702199316,51.946713064199194,53.72303782229342,49.24070709935794,44.59708392672739,43.07888757878107,39.21767200712549,31.773001395033717,25.440753739351315,23.18089693130233,16.674628906249765,13.660560530692868,8.401061074462024,4.781667572915272
2021-03-25,38.0,4.0,5.0,1.460283763791201,1.575850040202827,1.2700916894884386,1.5176135613173287,1.7982539451529689,1.9618926634081002,2.0011515698898528,1.8223644284553846,0.2916031840252319,1.8501700039372595,0.3574996342287341,1.2074943801482707,0.06635617700114647,0.8046813233898302,0.08265892990228237,0.0,0.02437813186098648,0.0,0.017243267133884865,18.261317893231137,0.002984671939025007,647.4038715398354,473.5619588900238,0.595274282915248,0.0,0.16991000586407856,51.96939174748181,45.09284905172798,48.351355352061596,49.85691956073745,45.6666514693996,41.35674775463842,39.86909557286757,36.329153363343224,29.52740249761382,23.672476702244985,21.43570409825922,15.436943758154486,12.636812069386052,7.766047978584034,4.424497907659364
2021-03-26,41.0,4.0,1.0,0.0697535845165073,1.1994192105525125,0.12051646987753359,1.1564478026643557,1.3108942549720546,1.4751359357488865,1.52581045332128,1.4169367880657953,1.2886589019893824,1.3759289869642441,1.1876215715623735,0.9809056638370705,0.12075092825595472,0.6566408854971558,0.07646275980838907,0.0002462136186812344,0.000631076579513866,0.0,0.011430831078606797,13.98048515055904,0.003729181183348124,943.5492428281577,537.7357133402089,0.6578389895888677,0.0,0.6487200083677775,58.752938901475034,51.141611014105635,54.89637461518407,56.46971877447145,51.76359467760209,46.98630723362343,45.27578404613362,41.25040204400922,33.588191836012314,26.97284266271625,24.31575929020096,17.51936614332854,14.334260877030408,8.800747641470583,5.019093574477614
2021-03-27,36.0,4.0,4.0,1.3281746679015913,1.2502048762605262,1.1031169705170714,0.1271724094997157,1.4869147494198234,1.551340446308092,1.6221013528356822,1.50925184254902,1.2874191062162719,0.25889267861885573,0.20416580797449357,0.14456421820691906,0.046212718053730006,0.0,0.008338077025169801,0.0029832868124051014,0.0,0.0,0.0,11.936911657308231,0.0037266077773421566,962.4978020935303,431.2678901238485,0.0032423174621520807,0.0,1.8458340859922029,45.45777627731788,39.85222729611977,42.933218816522036,44.73516551335493,41.405666274904014,38.18869349810361,36.928050964790685,33.39996459069618,27.21626125469328,22.113789894755314,19.903678236138333,14.307610079230908,11.637633966800404,7.199139245625455,4.1431801288033485
2021-03-28,36.0,4.0,6.0,0.0008424116234396582,1.4816819106006272,1.2530181330225034,1.3696339666708917,0.11800598768277826,1.7683588025394368,1.7418884950080231,1.621179727189745,0.27612016779365794,1.5507153528322135,1.1038525336652625,1.2511126543874296,0.9448222680503726,0.6814142896774598,0.11049209247942775,0.007193646601499003,0.004426078980578984,4.104942599441448e-05,0.0,15.284799568231342,0.5875527888591762,567.4810734215324,138.21309675464465,0.0,0.0,0.008465675359974464,14.521374161261233,12.917560030828502,14.037887151581735,14.52002284734145,13.392966250775583,12.339545556276388,11.89489444257537,10.788578679915352,8.848877219400155,7.1933658713589,6.416188953442925,4.592566644665307,3.729615673315423,2.318970356387712,0.6922172401586331
2021-03-29,36.0,4.0,3.0,1.2995439287782495,1.2507148227082416,1.0350244174798133,1.1894393201952578,0.09444167547043322,1.2942637926529637,1.5826426762799022,1.3724365045709046,1.1383213392792406,0.28687395668629223,0.2250952076905247,0.11461602214572297,0.8403739462305522,0.00011878008355763008,0.0,0.0,0.025436121163972696,0.0,3.56542869931805e-05,11.769034782376558,0.5875527888591762,514.678677214833,299.2218330993408,0.015025082825751076,0.0,0.021903035454552723,32.962644620322415,28.504679460702107,30.364588826168045,31.26405924043582,28.699669359395674,26.036874869079796,25.19676193876691,23.070059579030154,18.741444746695812,15.011813280081636,13.688342021378563,9.857122901257888,8.04869175184776,4.957603876856273,2.7955735918673437
2021-03-30,37.0,4.0,5.0,1.6297629569846348,1.539793692987837,1.3063037580003896,1.362907588136376,1.7185892629033557,1.8056562127634062,1.639543936550619,1.646103306198074,1.4680622173887237,0.27063127355202893,0.04240070624361655,1.3709942088150822,1.0143940448252424,0.023574079811778854,0.020997929235917732,0.0,0.0,0.00010762150352562776,0.13290725989585708,17.004770466683194,0.025242658208889775,583.8364810714492,794.9273859489234,0.03092400795882092,0.0,0.003753063242625706,88.9050168301159,76.39294045683198,80.98124014707223,83.22546464835413,76.26583071836805,68.95549015038613,66.74082126793893,61.00515096438585,49.31914699691356,39.33027432468359,36.02314727491041,25.943849615119273,21.33239076113453,13.082390313005853,7.420478416460255
2021-03-31,33.0,4.0,6.0,0.0015510905308228008,1.479699347788454,1.1846539316022426,1.2403089640376965,0.1558022790587776,1.7527761807878404,1.7670823831841367,1.6026450330562438,0.17582912967087208,1.4366292794966495,1.2839383169799983,0.2003433959821368,1.075785004404848,0.1343958770366748,0.0061000115106063825,0.048722942194844174,0.40096727545603467,0.0038210282748028066,0.0,13.951216149108085,0.007419650753906111,749.8930138138696,1046.564222977684,0.5943700113026402,0.0,28.528788958290836,112.89948161773246,97.39596758437331,103.69853952310902,106.72077172751167,97.83961290870619,88.62609740031523,85.68139769737532,78.1923914625361,63.36300572744801,50.66680696071426,46.16549847512918,33.24712951646024,27.277023453648894,16.741902220182073,9.51980774415136
2021-04-01,35.0,4.0,0.0,0.07279759786125099,0.26134640565473466,1.0695879947363933,1.3903717636300712,1.5815150964987952,1.500989623940142,1.8140739104257297,1.4751267965155537,1.485569258029364,1.532981174153944,1.3365404469710793,1.176770102618977,0.845041653090222,0.031166306701867413,0.00013291998086827986,0.01567799041063145,0.0,0.0,0.0,15.589689041219623,0.00039306680867790076,440.11181656652803,1354.5821757880035,0.031088686013224558,0.0,37.36850387887139,146.10881304749864,126.23435336915395,134.55975625509862,138.3554721092003,126.72917516615028,114.71035691146848,110.77020920108323,101.02359141269997,81.90497029664479,65.48934392680887,59.51033252631126,42.860625554532305,35.159936859529196,21.558036866989703,12.238698405962879
2021-04-02,29.0,3.0,4.0,0.024369349082807218,1.6168716078287317,0.13691170581976994,0.13694246521508777,1.83100195845585,0.273654854910778,0.2721741450623766,0.1489065607968829,0.2512370833627449,0.030659745740187466,0.145953707378742,1.434206660147918,1.1639407621395879,0.027726537298970833,0.026424307508723915,0.03057926338415623,0.0,0.28740222814808786,0.0009736220041840788,7.839936564285587,0.002984671939025007,193.12588687032257,983.2858865706842,0.0,0.0,1.9551110854116172,110.24465364928969,94.56067627974919,100.10763074821794,102.87577464383388,94.19216060665772,85.08180373242325,82.35703426500127,75.20501227493054,60.722558729234066,48.35880944691346,44.29214874536795,31.908382623645032,26.249604524111483,16.075872793071017,9.098652422826085
2021-04-03,26.0,3.0,1.0,0.042134956313171976,0.17629422741407588,1.1619137170417873,0.0486675966820173,1.4170278916448455,1.60551750735453,1.6470489574738099,1.4899889675736933,1.3700897153776113,1.4371820327026086,1.2134355278028697,1.040003525091755,0.8619192043288826,0.0006103370927376826,0.0009519961282166535,0.44544165868581925,0.0,0.0,0.0,13.974875102488395,0.000744509244323117,269.82689444039335,292.8812943269064,0.002940474159986355,0.0,1.5443313579026992,29.701349643208644,26.277089436013586,28.35316069009055,29.83090045113767,27.866634420590902,26.002729251055605,25.308066536370827,23.08073491906786,18.955434667201672,15.540711717487799,14.035251293112298,10.09061227270007,8.167217422012872,5.1256155134171415,3.0014547355361607
2021-04-04,28.0,3.0,2.0,0.01977604038790394,0.12472886319097634,1.1538008018332564,1.282939802869678,1.6265631753600562,1.6314644142120607,1.75618523916887,1.5527354066510397,1.4319676144698752,0.04765211658229063,1.2533799763880926,1.2606679982397302,0.02778338596185177,0.0,0.03983798004223396,0.0,0.39891649766111387,0.0,0.000826607407697233,13.612166394586712,0.0,21.15939223720372,89.77809312618348,0.030455242879061917,0.0,0.002179716431982296,9.735463477900323,8.501984995154949,8.946470434128154,9.346271670408655,8.632833572353269,7.774239014948395,7.41360144226596,7.033904466660462,5.72197163332826,4.59622172297503,4.209047059558855,3.0260209765642103,2.463898891520615,1.5279424545212819,0.8460415974630706
2021-04-05,31.0,3.0,3.0,0.018567900839738895,1.0819131805114193,0.9934162705731743,1.0005406697401715,1.0525274866252154,1.3033792168700267,1.3534577715853686,1.294797382667533,0.22022545502218452,1.1824185822810616,0.1989721549903249,0.09215671339272777,0.7259007683984748,0.0002606593993659988,0.0,0.01747209044083947,0.00010455906915791984,0.0012834576233719283,0.0,10.537394320030156,0.5875527888591762,40.41365916338627,63.08748250647854,0.0,0.0,0.0,7.121728330734663,6.232264600679659,6.654594225042681,6.836472492832646,6.3302418000483796,5.741941994669551,5.558840556732827,5.066233737780144,4.068179384014192,3.276856884655841,0.6459518416198068,2.1602431267762516,1.7708145031146667,1.0324196443970353,0.5906993833801953
2021-04-06,30.0,3.0,1.0,0.16645649543872965,0.1753372889005163,0.15121626533372726,1.4420439805541747,1.7143557643466056,1.8127920854994657,1.8174345764060593,1.6436067726357415,1.5534631102130467,1.416388901690045,1.3411244787608174,1.2073657607527857,1.083123601434155,0.07123629862190319,0.6829333808695776,0.49119639655064573,0.40052517735442567,0.019980637713314583,0.0,17.278221490476433,0.5875527888591762,352.4316967516106,538.9250546584528,0.0002343825398794998,0.0,0.10687070947633993,59.49440379226391,51.301075236777066,54.57990163253501,56.36300882516552,51.70727673652128,46.81909798882915,45.344500448136216,41.52529026903153,33.67860137872638,26.947371056154697,24.6699480666464,17.75371892537154,14.558914202256645,8.968322521988984,5.106752868572242
2021-04-07,27.0,3.0,4.0,0.0006969458913708466,1.6026575327281343,0.0768375396164216,1.5641087072381619,1.8866786337781303,2.0207533030739215,2.098657633122874,1.877794524240172,1.6997707230018682,0.0041957257139148595,1.6418162835813757,0.1659171283016655,1.0767083654782852,0.011254550921521935,0.11457937361439635,0.06813959212307058,0.01936568126205671,0.2827193242178325,0.0,16.21298092401398,0.013313742811300005,156.69303940445687,1533.0286130841862,0.00058938411766429,0.0,8.671977535812069,168.5617543332525,145.86676285384982,155.59952520961747,159.8867750787583,146.6262022748459,133.05450291082036,128.45623661066153,117.0073273949065,94.91618414327898,75.99873126949433,68.867636884753,49.627102074786485,40.71428162242772,24.970973934198323,14.20263895272295
2021-04-08,28.0,2.0,4.0,0.9316461696574216,0.8603537290081333,0.9060480009165898,0.9265529661205614,1.2191330699862133,1.3893237963209952,1.4278541141500145,1.319275528321437,0.20820695457925834,0.20312601500496955,1.1037340036418821,0.9682315623783034,0.12761167033967563,0.04396037378735839,0.005556874318208691,0.0030879612246662463,0.020377809520928457,0.0,0.007971295346603279,11.67694295454591,0.007628526587348404,126.38975389712488,1499.1737816339494,0.0854625201586382,0.0,1.5511071828677003,164.84660717851924,142.8979439925522,152.61308725152642,156.9502285661722,144.07095234692713,130.909319422861,126.38509934728121,115.10728313800455,93.46895621591534,74.95388581037317,67.84241546731899,48.883704657261,40.07481072232213,24.60242357228422,14.015956761762801
2021-04-09,28.0,3.0,3.0,0.08255284884659694,0.14482608234152428,0.19151815501848754,1.4360930861430965,1.64754416154317,0.3400834115305163,0.3566241156056352,1.6442488497752543,1.4623980580326987,1.4022317375761542,1.3090608933936327,1.1702482331103412,0.08655699743653893,0.8323262046797304,0.6252375063935535,0.4826902339807715,0.026629230385270913,0.2441151099231563,0.0,13.515440158595192,0.0003018433021657257,205.91513063269386,1530.9817461913317,0.07119173063618864,0.0,1.1596391938804462,169.3248235536666,146.4196397037198,156.02754052420295,160.4075961951283,147.04265706197788,133.27218540886838,128.7654072712862,117.47140180836918,95.28262822471723,76.25298708081125,69.30337898287927,49.91251915582138,40.94498559041573,25.118503498427657,14.275852937159396
2021-04-10,27.0,3.0,7.0,1.0358264918820774,1.03864516160502,0.9113647118820819,0.04538913006813643,1.217936895954474,1.2777125400222493,1.3920062364328432,1.1550486604760395,0.9882400270647343,0.1930436899116006,1.010955020137028,0.9288393132021673,0.032528080971573496,0.014315293437886166,0.03662386672011892,0.005028310828343488,0.2921501154600095,0.004890885000147138,0.0,11.580846274358693,0.03339571703904827,276.26966876583475,1244.2304830711996,0.03808376946641032,0.0,2.3781635038035738,137.01904379734728,118.6962937033514,126.70157961333116,130.20487843023693,119.4555899809762,108.53659735750877,104.77239195969706,95.36661749112585,77.3739620826778,62.010908239062154,56.16076025431621,40.45729231205842,33.17457655033641,20.344762550354908,11.57706524501556
2021-04-11,29.0,3.0,6.0,0.00019463894774275734,1.4100467984434164,0.26580383641412947,1.2279303520684257,1.3960238066280024,1.5400680990077205,1.7902569387840284,1.587646037376333,1.3920801265577951,0.18675024192531461,1.396328600528108,0.011212789238132908,0.11417298591502806,0.038698751661746925,0.05101900893508978,0.00020480518371572933,0.0036506019245460407,0.22882139888353792,0.0,12.641087319211705,0.5904932630191625,322.5180689208889,791.8034970332484,0.0,0.0,0.1591752815397906,88.75954018413658,76.12818661044234,80.5344768999876,82.8802431759275,75.85856574084968,68.4753241297055,66.37018410143439,60.795886945196486,49.11134647120154,39.10778083352133,35.960855478527215,25.901020693557395,21.300212007212288,13.059110867681028,7.401587612327649
2021-04-12,28.0,2.0,0.0,1.4763117936776127,1.282969727830213,1.2320031296354308,1.3773374877942464,0.28327659461448496,1.6380679135488168,1.7506111449439268,1.539844461547812,1.218921326411491,1.4688720552181627,1.3494539889997115,1.0621749994575147,0.842289348387796,0.08825738650183564,0.08096660161910788,0.0,0.0023169773409868174,0.00019144565331449885,0.0014361390278023053,16.695302522210262,0.011806028346846568,74.60936543796608,678.0041117649889,0.00017750078889239507,0.0,17.38348087060044,73.8691475711525,63.37058582430875,67.15565253791947,69.29528175522195,63.478483130628,57.348503029127976,55.54555349396868,50.714093240499906,40.950489991146235,32.64117644047807,29.962727855315546,21.55397392822709,17.70524411982482,10.872098864357447,6.157619112212236
2021-04-13,26.0,2.0,2.0,0.022388142307752126,0.09016937759621399,0.1434501747673011,1.1841917997314808,0.13528927133678015,1.690203891151843,1.6570306162240636,1.3974050164413767,1.347419681737362,1.3101553894977802,1.164173380904309,0.18871496741528282,0.09280057737251166,0.011793070230569264,0.6090986515886717,0.0004990265965447654,0.38779222635040667,0.2203899425753641,0.0,12.828070781543968,0.5993588172060227,128.41548773678716,1334.6596179859591,0.0016277351957243577,0.0,35.62650856197115,144.92683174617005,124.76969759436413,132.59204804410604,136.39298442856114,124.98810306010097,113.12915672702623,109.33438952693474,99.5604815213369,80.52016453232046,64.2833578387466,58.51287629178962,42.15422480382533,34.62326962230427,21.215047444717616,12.03047624168389
2021-04-14,23.0,0.0,3.0,0.09566680352989165,0.9496581814717445,0.12840210419709966,1.0325071875277974,1.0742068176165118,0.18550259527672847,1.217131452902563,1.2324961101659375,0.14875202265186396,0.0010760924568408196,1.0522930833758104,0.8808029841665691,0.016703902447665328,0.01211239915692806,0.4857054542753016,0.00032848315428443914,0.0,0.0,7.346857076392737e-05,8.526732885755601,0.0,485.68145704435483,1446.2978596581647,0.009425109084290516,0.0,40.322329829396324,156.29302130196075,135.12137506413637,144.0074614882146,147.6242932168129,135.16074996357108,122.36953402507716,118.10769961357967,107.71863918191494,87.3840891977997,69.83676207265506,63.2967406617147,45.62505556920486,37.46023489227494,22.942660646049028,13.02721293380281
2021-04-15,24.0,1.0,1.0,0.0,1.0266658276117957,0.9021845195481402,0.9515955847071383,1.1829288410087822,1.2489419090094107,0.24274034294176966,1.1448702109306323,0.18041646861409083,0.17931278587435015,0.8828577245018947,0.1264936404740106,0.7340667706319306,0.0031052288772838257,0.05182565331479033,0.0,0.2703689620617022,0.018242820941115977,0.0,9.146617291048837,0.0,328.03082171690863,1397.4637489223298,0.06117247722829267,63.885324583759356,34.5529686148904,143.5590094942674,124.26757170983684,132.58890380455273,136.23620828954094,124.93608096233282,113.41120940278422,109.50315467836876,99.72905141657868,80.91422965700706,64.80744199556042,58.71550076328492,42.30492270643888,34.69016660666913,21.268174861873277,12.09382937458408
2021-04-16,22.0,1.0,2.0,0.006449013231738503,0.9582732288169795,0.20236502595696199,1.0106388017114163,1.3701880918486227,1.4669017623911675,1.4528989038756588,1.4024051201831704,1.0689576381172305,1.23383651370201,1.1468265646366131,0.21739729321122558,0.03129021987838352,0.6424163969378026,0.5245770920448241,0.029844227869241492,0.022268753013343787,0.004319355823637052,7.998326480762401e-05,12.862055509190121,0.030455242879061917,490.8443926102923,1478.8485915509123,0.03152769456315237,0.0,3.7387695618733376,163.0735332158005,141.11758273976403,150.610922478721,154.89048125057855,141.92045467695226,128.56582290899792,124.1301941265924,113.20568207794783,91.86574099548821,73.53177967056524,66.74904317970267,48.07743539701294,39.42610897117075,24.191815900732514,13.753224399012268
2021-04-17,21.0,1.0,0.0,0.10242465720623779,0.17444169244467225,0.11171552180158517,0.13137980475144545,1.463460087575951,0.022632743857895814,1.629581155773125,1.5657755058748517,0.13944451055929608,1.4417739592443,1.3506354610731999,1.1656933740387938,0.03468443318375578,0.05754132493533971,0.617555430568214,0.0,0.0,0.0,5.835746857734988e-05,10.012040337819391,0.0,475.4746008414828,1485.9253850160478,0.5875527888591762,0.0,42.13344282653884,156.75368303721385,135.78780176552817,144.69740085002348,150.33066877762784,138.6487797581665,126.70594471561049,122.8828003991106,111.94506084092156,90.80985672161435,73.14201354863711,66.75626974239108,47.99203919538871,39.23526640827268,24.23834847485241,13.866007954150513
2021-04-18,21.0,1.0,2.0,0.00656854264112864,1.5771209357343432,1.430450010422023,0.17810030877355862,1.808161606882967,1.8599277966227403,1.743652357156299,1.603576817652555,1.5913843588781074,0.024045295309526475,1.3041905594970589,0.09938161300004279,0.04392721346731051,0.0,0.0,0.0,0.0,0.0,0.0,13.27048741603766,0.0,391.85298779233244,969.7714029062454,0.011806028346846568,0.0,25.793420588213003,103.03923455384154,89.26538706429761,95.00125185559253,98.25710895582458,90.51703405541433,82.53221989052837,80.00574593868984,73.06707107412034,59.32727165300033,47.70029232050594,43.505412486913045,31.298373706966796,25.625711363638363,15.806482060659674,9.029385338039184
2021-04-19,21.0,1.0,0.0,1.4973627636754174,0.10709771529797897,1.3330365615189295,1.468621221770865,1.7375103278389123,1.8772416806770749,1.8945456757498893,0.26407959878653786,0.10252341443552561,1.5579703606898172,1.575895399145201,1.3293961526025138,0.10542464113553446,0.8513695187664353,0.00039747488899713365,0.5094020375517201,0.0,0.0,0.0,16.21205204532024,0.5879458556678541,704.4984387993425,733.7170388094377,0.5877871713990557,0.0,18.912400841142368,79.28020505859806,68.12809057328457,72.21696186665838,74.81441933347057,68.7109393584466,62.29471139760881,60.391643347993494,55.061389826318006,44.467465720352045,35.56222709319397,32.63351470020251,23.461393223065997,19.23693035075207,11.831501942117283,6.713244176232971
2021-04-20,17.0,1.0,1.0,0.24323710207771432,1.1666753980718476,0.04670567578931004,1.1320559579137408,1.3294555289802492,1.4358857934601568,0.24036269436442012,1.3427617172062347,1.0654012482699136,0.01996230729209254,0.18509141477781252,1.0616430015811376,0.11129365486997285,0.0822866956664387,0.5746651719643442,0.0025969167147968843,0.0,0.0,0.0,10.071280031123568,0.013313742811300005,399.70042510021386,935.7785391988868,0.6185293044449711,0.0,0.3739628149189718,105.07273192464979,89.97328014579875,95.1317838332269,98.11242538973843,89.85659305820379,81.10556911419646,78.57478524519584,71.74567911021842,57.84790950638938,46.06341628264571,42.35461207529127,30.472194785874716,25.050288325904056,15.361031626580134,8.682275960054026
2021-04-21,16.0,0.0,0.0,1.3266591118558755,1.3067557469596538,1.1326720842646405,1.0483943263680267,1.3125022478862451,1.5384552041141684,1.6040632599869984,1.5276912644963614,1.3510562339681247,1.4170921239631544,0.18701359091353864,0.9107256296620474,0.1881459421862234,0.6837374691852787,0.00047002243785579514,0.06258968555442347,0.005725726316447589,0.00014151510267442882,0.00010195055229766546,15.674349040989203,0.002940474159986355,461.97311704014317,1195.0935678617818,0.2264503447089217,0.0,6.425549552049144,131.52897329018063,113.82880301902443,121.57147664467355,125.03284984539445,114.59234521460897,103.88770477350481,100.19537518948123,91.08924709356418,73.8618572731881,59.13718421139296,53.48146268870607,38.531625553851306,31.586910569893814,19.352058812113924,10.99014413015444
2021-04-22,15.0,0.0,1.0,1.0165330491652012,0.2000867290130751,0.14928196324441873,1.0275941479834498,1.1820873740777786,1.2997576833320854,0.2681462295616453,1.184238433004609,0.15879927020480272,1.0875675976954722,0.9327231357457262,0.10061785461664918,0.6564315340665539,0.011179743806200045,0.004351775173201497,0.00046268084616841483,0.027165150521000155,0.0,5.003425263961699e-05,9.307553730401736,0.0,338.4485142086015,1225.684767100307,0.17879944637076545,0.0,1.1425384401431822,136.56067689252,117.69891863876865,125.18873813206896,128.57842492643658,117.75922663453625,106.56912383334596,102.9493001046003,93.82227691139963,75.94699258788317,60.63962436954776,55.154454907031685,39.734202733294815,32.629262338944905,19.98297080441688,11.32803484536842
2021-04-23,8.0,0.0,0.0,0.025009632559849476,0.8347349041656172,0.06958887314771463,0.8354407109813387,1.1069550837313118,1.215906214204866,1.1023625952559277,0.9611118768985331,0.23705067616870584,1.0196115453226275,0.9082357070670672,0.016249137322121278,0.13634565572098115,0.12331900117758708,0.007602844003822091,0.0446513143568294,0.2435264692058299,0.00011176241778884243,0.0,8.887814003708517,0.0,298.109355554873,1263.4132669238554,0.7201821534521373,0.0,2.7440081447658917,140.73814583660408,121.10851963303422,128.531702783247,132.19763084162958,121.03297738096697,109.33726185429448,105.78676807253966,96.73955617532441,78.27235739329744,62.44415320726342,57.15360327730343,41.13895697826008,33.79126481031363,20.65992502451535,11.73643551049582
2021-04-24,10.0,1.0,2.0,0.022443420890681944,0.08206168001288394,0.9132316266314922,0.036482169055771035,1.1931151902441284,0.24568990637867363,1.4914944258489387,1.3646162538374733,1.188050703442477,1.205628939590836,0.20310395498296008,0.0042831559683116785,0.18487848672269827,0.6910142731608943,0.007223054280607991,0.0,0.0,0.0,0.0,8.833317241048826,0.0,440.5268187062412,1566.8859496030154,0.004772853761754755,0.0,43.84772176500647,167.68947013734922,145.1196186720711,154.80756947265854,159.72007078301615,146.61498525431688,133.22797843426838,128.73617655013317,117.11682848255228,94.91177310990693,76.10692066867912,69.1502987806937,49.769859438876324,40.779932356638064,25.044534025542596,14.242211671306547
2021-04-25,9.0,0.0,5.0,1.118185396963022,1.2769518465174503,1.1289477983870084,1.087725122052819,1.2919572304539506,0.11130512613671499,1.4682746052760516,1.2143151496700109,1.1798575757587284,1.308723001910447,0.18721084488011983,0.01398206723359138,0.8348611281582444,0.0798543699451406,0.0,0.3973166143241539,0.0,0.0,0.007063791535129121,12.709472143362568,0.030455242879061917,105.45351250565902,437.20844671827336,0.002940474159986355,3.6417343868776957,2.4835534051912287,45.62004141732209,40.45895672096454,44.05286351092738,45.25393432008869,41.71168600505989,38.38287633149217,36.897634127001375,33.50407273183125,27.555225315683632,22.39152390727469,19.81886776963258,14.289840944738877,10.926924189988899,6.76522435465217,3.453487279546139
2021-04-26,10.0,0.0,0.0,0.19457517220441334,1.2152678511838855,0.19806954179410646,0.9901977722024221,0.21434382162360952,1.4161378592683702,1.4645553514698868,0.2827585582740088,0.2573222096228404,0.02841622320689968,0.9866079529084106,0.893780174151289,0.7128497205524026,0.5473911770642794,0.0,0.0035262870356629547,0.00024374747734059584,0.0,0.00011148093596762503,9.406154900975794,0.0,290.0379291829049,1317.79392521844,0.09461832830580154,0.8775129285374474,34.09689258727668,143.03059897658082,123.2878883205357,131.00058105885208,134.54954303575107,123.25747694438893,111.48788482439619,107.75241327848342,98.35808781168905,79.63031813352042,63.57563673556813,57.93958768544963,41.73401285033042,34.293185792446515,21.014773347566617,11.907530907067336
2021-04-27,11.0,0.0,1.0,0.029477790395511374,0.28030239343389707,0.23720034365442624,0.9429923965188182,1.2202806174138017,1.259781933293862,1.3832386380008728,1.3419246879855897,0.26411471397775504,0.2756212438555066,0.2307244711984643,0.79969811724228,0.04609787556931993,0.09028430727475151,0.003911875311611639,0.006986570194484276,0.0005366756383021151,0.024711701257444728,0.0,8.4378863522167,0.0,273.1732709895859,1381.0125963549528,0.07111827608829718,0.17030332753536234,39.35573815455837,149.142814755912,128.5785356212913,136.82367892084378,140.92084437351534,129.12614115490538,116.79865844003734,112.85494029399366,102.89038846556609,83.29703981190936,66.5617143139946,60.61669927966194,43.64637133565144,35.81390929888682,21.960983177989394,12.45383562870048
2021-04-28,10.0,0.0,0.0,0.16750789350461065,1.297014498698919,1.1398496608410105,0.19771449570501207,0.20355308092843985,1.414152086803748,1.5943890218812882,1.2862390057701814,1.3231146163634304,0.2242625115637378,1.2148626401648186,1.074509528846099,0.08529339166690661,0.7503914745738101,0.10450756963792883,0.002341434051656408,0.033188843710894436,0.0036841284070900926,0.0,12.116753383908474,0.0007861336173558015,354.4829611508304,1355.586413799992,0.6367783895106719,0.0,37.692831768909684,146.77334108112422,126.70503327056132,134.95083170135032,138.57552551923584,126.87972556924423,114.82451374537476,110.83827767869573,100.95177431050962,81.76624024099891,65.33083671984667,59.321145707835115,42.73395698050987,34.593523373845734,21.47203148828231,12.176824643667743
2021-04-29,10.0,0.0,0.0,0.220313547982393,0.7365487213806299,0.05592623281351406,0.6529281084433296,0.7944912881911833,0.7554747320367112,0.9815051935709125,0.09614054079412306,0.16103454333914358,0.21376832766069237,0.5973967156970367,0.01936794390094139,0.014972665115933488,0.0005737003563688894,0.02867872191101003,0.0,0.0022697001372076315,0.0,0.0,5.331870027422188,0.011806028346846568,282.7655347797639,1450.7207196821707,0.13061902552372778,0.0,40.273753856805136,156.8477742764412,135.45250898642243,144.4147330051063,148.32224487436085,135.88458055017043,123.11910327066227,118.77734769316992,107.9772362078611,87.44257868864196,69.90609369975708,63.32161999885638,45.631987305770025,37.44837985529628,22.918915811519362,12.981861601330023
2021-04-30,9.0,0.0,0.0,0.15957042505220384,0.025941511300422014,0.9621664364958423,0.1492616411017964,0.21286747499899505,1.176949607585712,1.4039454998495526,0.2564089417405653,0.23664996590287385,0.1686103376871408,0.2294742529860955,0.023932960694536234,0.0060933575497901975,0.09302308703164673,0.4827232729748648,0.0,0.015938499945810432,0.003704496169034769,0.0010614292914710105,5.608487876412758,0.0,336.50416485593206,1186.8704797201083,0.0012453566590758447,0.0,0.2748187014233555,131.82915001564774,113.68070484767416,120.96531131669217,124.53383287081431,114.15622136935811,103.41739557584317,99.9478771420172,91.05924809923698,73.70266783083595,58.92377043571417,53.654793840147306,38.63651913650898,31.702606935721505,19.355404928412245,11.030156674061015
2021-05-01,7.0,0.0,1.0,0.022517382038755192,1.2177742572406092,1.0446376767798422,1.2525780810819271,0.16169836907990037,1.4311603789098835,1.5879958773693097,1.5187515497723856,1.310049061143637,1.4751617245786373,1.141849964586384,1.1099986377890105,0.011103140827562684,0.00025333582008532965,0.052158092893428556,0.0,0.030502033504144127,0.0,0.0,13.368189563415505,0.0,252.0055493926986,1450.7666197344515,0.015103772097455628,0.0,41.307995611282834,157.18679554656433,135.41718794456153,143.87337308223476,147.81295603530836,135.43781184139053,122.69835969640775,118.63408540403168,108.16457810258213,87.51719368834235,69.89459394839479,63.6917453498207,45.88139921410187,37.6833954414055,22.462382761582287,13.102766066440024
2021-05-02,6.0,0.0,0.0,0.14710075318321608,0.7914036736983302,0.10530352756227164,0.004775349392864355,0.009754691982496826,0.20398209526564326,0.8868230900702216,0.6894081887576072,0.6904302555707909,0.10250790353325885,0.5643364957453023,0.05704005115088612,0.01793113903044636,0.027939006583590366,0.0,0.0,0.006585387154637364,0.0,0.0,4.305321608681564,0.0,353.6004648222934,843.1017724659729,0.657674311534464,0.0,23.507098478330622,91.75544326658849,78.97238121020793,83.79927853187267,86.0412714565762,78.8038849265367,71.27046021454863,68.89645637838126,62.835144927762926,50.803806788026066,40.524454749353325,36.960991958254006,26.619590695730977,21.83008357507592,12.928234189465972,7.5531911192613
2021-05-03,6.0,0.0,0.0,1.3692769687322717,1.2517817606406758,1.0861250699080571,1.1823194864580957,1.387078201586793,1.4973674428131647,1.3805015840046297,1.3575964999954873,0.2427365794853981,0.0,0.1619214751141712,0.026178393035494178,0.0028620298802449783,0.04653544890379721,0.5385828080852728,0.0,0.0,0.02399702285132635,0.0,11.55486077149488,0.00039306680867790076,91.81590147697192,331.77823930812053,0.0010832851740539126,0.0,7.707378066734552,36.055800148497894,31.167799167904484,33.11856346824752,34.071718798834205,31.246015810814253,28.2440166949912,27.365473635283728,25.003340742117658,20.271393848275515,16.205047358683185,14.762017982601947,10.360872197799141,8.670346542223612,4.828427588018628,2.7000272570929416
2021-05-04,5.0,0.0,1.0,1.1486936046446024,1.2427396358564016,0.228404813034391,1.1028440178638426,0.28391544104465066,1.4579758979329804,1.555459710504802,1.465782735425121,1.1918072581119443,1.3893876437081625,0.9937220293894489,0.257529580380931,0.6883313514302408,0.09702125396281125,0.13682750666003957,0.00020646228360718852,0.0,0.0010619251974528466,5.0474360150149515e-05,13.242154408600257,0.0032576895706491658,455.0099437361674,1024.4393315074446,0.003778543304197306,0.0,0.5062858556087534,115.55876663789431,98.97220864816047,104.69090850372342,107.826002868499,98.67256375290115,88.95357054178572,86.12155760131651,78.64345000582168,63.42425964614674,50.467190100464755,46.345299913682,32.50757378574805,27.42791978690852,15.702068298498286,8.619705560285155
2021-05-05,8.0,1.0,1.0,0.2156558411413658,1.4029307750700934,1.2312125386639403,1.3509298578886153,0.2491373049423824,1.5601549462869813,1.7787941387409374,1.552323967532132,1.5311955538939144,1.525459586123898,1.454079449653633,1.0836004795861196,0.022816189573442808,0.025862440136077396,0.0,0.0001802043173355812,0.0,0.0,0.0,14.987273747710855,0.044162052499039824,401.9446968409345,1282.6536570627616,0.5880193102157455,0.0,35.152946501872975,138.86812709724128,119.73467879772495,127.53516712189167,131.24851035095617,120.26671693435223,108.98502409865716,105.21878646832774,95.56367046936833,77.28006917365747,61.764923860573425,56.08648150124939,40.391265815802214,32.97287563322452,20.28169983469174,11.302713403170417
2021-05-06,8.0,1.0,0.0,1.442140401028046,1.3586181809458036,1.1987639458551778,1.3062389507779764,0.15820181506314349,0.22199340382415564,1.6670674094145042,1.5155895793659189,0.1473291693054535,1.4651843139374094,1.2095850503532561,0.1373933584605923,0.007887429032233504,0.006951043527276604,0.0018875511886496954,0.0,0.01213308603874225,0.0007814418718881869,0.0,11.857746129990227,0.0,458.6108615343485,1354.6850796259548,0.09275250630885339,0.2661424500317141,38.75886471596986,146.45005108980962,126.11395359446598,134.0186168761364,137.96889122383425,126.46672014784983,114.42481474555319,110.69713971508952,101.08870097353096,81.83566399524902,65.36127672639212,59.695994667561415,42.993709099406345,35.25076326252169,20.977111891980936,12.31666445057197
2021-05-07,9.0,2.0,0.0,1.5701514678841915,1.4941269307256775,1.3115007834243957,0.1969837349029866,1.6372602336759494,1.79449469893258,1.6005678735287807,1.7142678833077811,1.4703809697550885,1.6562548729481748,1.3194414970203867,0.0,0.0,0.10081968261333564,0.0003273879738328791,0.048088137287065576,0.0,0.01860494896378812,0.0,15.933435780998417,0.0,430.86767446864116,1432.7375568370906,0.14518382038892264,0.1719517777183139,40.38691993436367,154.39012185524433,133.71433079866225,142.78113837272312,146.56695418142024,134.26556862184384,121.64720468263214,117.27601903512475,106.68222085103714,86.54392964738096,69.25593901958152,62.58516936325583,45.09377300279248,36.37989756382382,22.188291913133643,12.808126216352607
2021-05-08,9.0,2.0,0.0,0.039243446109765115,0.13416854009570758,0.879954301751775,0.8333048191297711,0.144207887542896,1.206416855717835,1.0375345310717807,1.0749943304078822,0.8883635410090585,0.08267300886309105,0.0810247739617261,0.03772590912530581,0.10471219445440823,0.0,0.0,0.0011306938349365295,0.0,0.0,0.0051640553430108566,6.55061888841895,0.0,586.9627330152163,1378.000178486919,0.013610990299558728,0.0,38.97597460210487,148.01077032168968,128.02568647242197,136.58826148040103,140.67864609825156,128.96673578019923,116.97421345455321,113.00370806923328,102.96792259426392,83.53173713863619,66.89224684999233,60.68419015357649,43.692669701144496,35.78129024118938,20.988850197896436,12.237275331365101
2021-05-09,9.0,2.0,4.0,0.015573843476669234,1.5291718527507276,1.3295113814618043,1.3850071058644118,1.6644169597202527,1.8916590204157273,1.9367877794533173,0.11420111531996889,1.5268944046769022,1.6768757393449054,0.029990536983378183,0.1615424629029878,1.0839670266991532,0.838590419477063,0.07039395112884918,0.00018224701843605628,0.0,0.0,1.5003650654557341e-05,15.254780850345206,0.0,610.0228603835685,842.1346551576394,0.043821545659346615,0.04035879241489407,4.85116003588747,94.17150975361989,81.50052590027344,87.00467638906355,89.22777570026604,81.67427490424346,73.95571358518423,71.36391968960629,65.11656749634327,52.89834224569197,42.29202945112889,38.24902608576374,27.125119611739624,22.162792360711997,2.777879343320362,7.722983812380247
2021-05-10,9.0,2.0,3.0,0.8391974861566583,1.0973284701239008,0.8615679394191107,0.915002815017273,1.149107610388859,1.2141230089499768,1.2467523411176031,1.1602616908672543,0.9885852157330374,0.8854757440732007,0.9927406068406737,0.16149688104499224,0.027600200923707637,0.0,0.0002648538276272253,0.0,0.0,0.0,0.0,11.539504864483872,0.0,624.2433751276371,876.3915591279396,0.002940474159986355,0.0,0.8636464764636859,98.06550470372764,84.42465447663479,89.7143581242374,92.15810644359244,84.31847570909567,76.19408031479114,73.5740387659804,66.98020539606593,54.142565205702134,43.17547856808647,39.28523923539958,28.282683357480458,23.210169755715807,14.160957098328163,7.841395496637941
2021-05-11,9.0,2.0,3.0,0.1529630222539951,1.2275694036431182,1.1183475139138241,1.2235795765440987,1.552276990555333,0.0789627379854464,1.6502074171421157,1.4955038847657862,1.319024486905862,1.5391179978712868,1.2545097666001943,1.057041267817018,0.031180769881998062,0.6251577047044018,0.015308281283983066,0.0,0.3613797128904813,0.0,0.0,14.702364917298823,0.0,474.6237477488643,1191.4055324218307,0.0004687650797589996,0.0,33.63038229614148,129.9384871682496,111.6167441013227,118.51585739318531,122.04177779320142,111.64303015104673,100.74116894261793,97.36035108545273,88.70973570406215,71.6236089558345,57.0811317689149,52.18830164765702,37.559170192602195,30.194421608658153,18.4021671797375,10.159196433146523
2021-05-12,12.0,3.0,0.0,0.0,0.9969193069030349,0.032391409799236284,0.9720960830325482,1.204533856373597,0.27660037743184557,0.20585602050765472,0.2510578991319476,1.0524729104501573,0.03154576220173954,0.9367688358546181,0.11903562542836349,0.6411407194361847,0.0007814418718881869,0.015653795354449107,8.775986730495763e-05,0.2704238897691426,0.0,0.0,7.007365693413712,0.0,390.1408396560982,1278.3655661326059,0.5879646721879481,0.03246967338773493,35.67386151667603,139.02234002367214,119.7601222611733,127.46016937813496,131.07616631094982,120.02036172037118,108.55649924743297,104.74297348371594,95.12818368428678,76.88377510174327,61.387005786965936,55.71815693749381,40.124712509174124,32.134926575134436,19.643470288815116,11.000371633478343
2021-05-13,12.0,3.0,3.0,0.07349206253615576,0.8510033734708972,0.09399913159656045,0.948541557216153,0.1923407623825674,1.2105506104952404,1.328147206268608,1.095571002435719,0.09842694882193434,0.9073882449610399,0.9205055959831476,0.118195650083251,0.025452838351837925,0.46286652483122054,0.47208925052998063,0.0,0.0,0.0,0.0,8.798570759964313,0.0,654.1498779704045,1177.6867480349322,0.11937279400694452,0.08389523306421555,32.862758982301166,126.2534310355347,109.22881398165053,116.52382354905065,119.97913895693455,110.20946116397839,100.17415226595742,96.8334262066067,88.24754437480635,71.61078215548497,57.42361822207126,52.14813711303149,37.57251381449391,29.68594353487848,18.103078298166686,10.746229146920756
2021-05-14,10.0,3.0,2.0,0.01389790622362927,0.043754380153189124,1.2470910360368026,1.3176261259693642,0.16437088533739977,1.5165302478393103,1.6243737806300695,1.4909310930971877,0.256801604975183,1.3815145044623323,0.028548739822265252,1.0770821141142037,0.8094718004928417,0.6382860281646773,0.0,0.4160057878939028,0.0,0.0,0.0,12.029226509372345,0.0,946.3358958326182,980.2147489781988,0.07125699661838698,0.03923215443789643,28.165519568127994,103.78176627088152,90.46310253332753,97.23108162522722,100.09461056248607,91.9259981529455,83.72730022294343,80.70217826268332,73.38984973668133,59.78732464456848,48.11259344786581,43.28686395559822,31.193869254460218,24.493569589323638,14.899844244821494,8.920044751819068
2021-05-15,9.0,2.0,3.0,1.1983531092006563,1.256609831234007,1.125499063949885,0.16775865524868103,0.1980174523287773,1.547346109326429,1.4970782614886615,0.021757554589980313,0.057017170098265436,1.3343645946625904,0.022807645274310895,0.0015259511162113038,0.000105863430670779,0.6225563930478601,0.003914611043917394,0.0,5.7291120334309565e-05,0.0,0.0,9.055003939701118,0.0,1167.7048026774694,773.262344697874,0.07306199683527419,0.0,22.21644459253869,81.9720467501389,71.6034251186631,76.9635563859953,79.26915472302892,72.8205744774826,66.4067085602769,64.03674918056245,58.31076559549994,47.54711901620167,38.307969893267234,34.486410346438255,24.83502058511736,20.050991580573903,12.401484560592626,2.033923331496121
2021-05-16,11.0,1.0,2.0,0.9381008245999582,1.069950831021958,0.8295567177022642,0.11158121444314427,1.1192107172548547,0.18895402412133247,0.24165515943538826,0.2581587472456071,1.0487432044413318,0.9163395857263288,0.15631663953931224,0.7356476571118497,0.6971425876047865,0.07734278335261686,0.001783428500453769,0.0,0.014806278655340328,0.0007398998583451092,0.0,8.406030300614873,0.0,928.3947586965633,350.6796173232206,0.5921209982148868,1.1749183056693875,10.094307471994565,36.58206523920519,32.036572978339045,34.54993249714253,35.72944698557369,32.84870055725478,29.96336799656681,28.943604196062527,26.520544217117465,21.724181744121537,17.53676442002762,15.814017037570913,11.356872643316246,9.224218846231073,5.649336132386997,0.9307660546402541
2021-05-17,13.0,2.0,4.0,1.4549291911115627,1.5970483102409732,0.30937369452501284,1.5436321511487958,1.9511969946579524,1.969763753870052,2.086138636879577,1.8551608469543583,1.326679632073551,1.8071532101033125,0.0890240009235601,1.3728737331675376,0.039930379798566396,0.019660357520752392,0.004111265932756394,0.0,0.06415607805354391,0.0,0.0,17.490832236961865,0.0,438.6864848160264,1019.6758233788071,0.030455242879061917,0.0,0.3090494776057484,114.63420327095646,98.34739824043952,104.21878900068769,107.24092056474022,98.19968817488858,88.68676837024331,85.80238537674438,78.2617743370433,63.18399098774743,50.339901730937406,45.98426073848708,33.15548839249843,26.371225313923517,15.991795851919681,8.948183549944142
2021-05-18,14.0,2.0,3.0,1.9877902172984114,1.8174218876355985,0.26532810072207613,0.025482845886657557,2.1357542936401708,2.2344555230719365,2.302813426925096,2.022855141743946,1.840059361584881,2.0015234668955797,1.5758150769184345,1.4237653115170237,1.138590872501925,0.10233483802033984,0.08120803177942752,0.0,0.0,4.017441568795389e-05,0.0,20.95523857055719,0.0,456.20523870761826,1094.1847757940284,0.00058938411766429,0.0,28.33087096768317,119.7007897098089,102.82033262383094,109.15678250318703,112.92665638313294,103.64356895537531,93.89062443635864,90.91914611312826,82.81374548648968,66.88456179106012,53.45261197423619,48.930635233114025,33.333968874833396,28.674819576900024,17.64498419882939,1.0606769660606181
2021-05-19,16.0,3.0,1.0,1.9601559523542533,1.7267139077723361,1.6531010527934586,1.7120308264900572,2.073651863601807,0.32991943939406726,2.2501256128526266,2.0557257291796196,0.2212652023453162,1.9783408257637576,0.23478820700895522,0.15647169098780087,0.0,0.00757170550226547,0.08619640729117375,0.0,0.010990818069999655,0.0017991299408346491,0.0,16.52914739481251,0.0,1203.365535321119,817.8855794179701,1.7658774210564328,0.0,19.545888694671596,88.42450010566617,76.09418481301097,80.93259819997265,83.74201251556254,76.85865513937654,69.6755199400729,67.42739263563756,61.403306616460775,49.6295262742969,39.698523697928565,36.312831035778075,26.119731264924027,21.412942577254103,13.154042377004567,7.453923530352415
2021-05-20,18.0,3.0,3.0,0.13958714812032508,1.5705311290215516,1.3563434712122087,1.5206981294951964,1.7938699523884827,1.889737631619245,1.931079425542879,1.7431224716562397,1.4431411945643466,1.7562778675867814,1.4062054675847868,0.06758596913633776,0.0030709490445779055,0.08502910415393117,0.0,0.012293311624326673,0.0,0.002415166389683048,7.845602445077374e-05,16.721301227705233,0.002940474159986355,735.8055872163467,1446.3312313115914,0.6372572082488911,0.07393846378337689,8.14233886363916,159.5699437143673,137.77052696149738,146.81975428697785,151.22264487329284,138.67274309095637,125.77349774757067,121.54427759017672,110.75070450744744,89.71330970423179,71.78603113889783,65.36263683904814,47.07294085824108,37.39550002492182,22.50683780258192,12.153604843959862
2021-05-21,18.0,3.0,1.0,1.6580890100856112,1.4916004598116377,1.293320258345016,1.428194542936122,1.5198863282614399,1.5836544794484189,1.6754491636533602,1.705634198035996,0.2282733691211642,1.6610227985094144,0.18817176536914748,1.1679188333847776,0.13386627267090906,0.0027764899927552747,0.010866045647860543,0.0,0.0029670073388143718,0.0,0.00045029523340470173,15.752141317845847,0.0,923.4039831699696,1511.868885867341,0.015425768322214439,0.0,43.14883793846591,163.4760647550035,141.07498284288633,150.1567913071386,154.5319944868256,141.6860726903171,128.42339091815353,124.07520941895389,112.95720044257403,91.43848182781421,73.12885972924583,66.492007806773,47.68061561360656,37.84837629582419,23.221356548091872,12.528643245667205
2021-05-22,19.0,3.0,0.0,1.946679108857413,1.8189262136532285,1.6285653181865996,0.14758684385117263,2.098136681757994,2.180881262393082,2.106861534226142,2.0049430669890405,0.11907219554119691,0.09930487807480269,1.670387453612822,1.5754961413973565,0.021860050193637917,0.06980474401144166,0.0,0.0,0.016853094103157374,0.0,0.0,17.505358586849084,0.0,929.2875471372685,1482.3665822117023,0.7231391668951711,0.0,41.418685600579295,161.72849435634305,139.3531626002118,148.04564035262544,153.0261260877184,140.3988642142883,127.29959977244918,123.26368325623444,112.40861176036279,90.8939794622763,72.72798179810412,66.60026162268689,47.86754137436277,39.079078001171645,4.709759033613096,13.545112918674624
2021-05-23,18.0,3.0,1.0,1.2201202995598681,1.1690524125424817,0.9172916538171119,1.0782292964781826,1.1327867343881444,1.4021718412017414,1.4365387728790409,1.3573453727930724,0.20357619558948561,1.2522078118631863,1.0861862807263438,0.12402132745247477,0.00015436488149298054,0.02327166771452965,0.07748692583811602,0.040666253733004504,0.0,0.0,0.0,12.521107211458277,0.013313742811300005,650.9749794077791,673.840502852138,0.0037216615532102014,0.0,16.12026173391212,74.9436379920223,64.68954295373607,68.7847622611985,71.16543564856514,65.40062885424851,59.403243780725376,57.596087418040135,52.71817929753996,42.7349467932765,34.25285097389813,31.178395167319387,22.345753812766763,2.4512864895088198,9.95943527747658,0.09605439790374126
2021-05-24,16.0,2.0,1.0,1.556632988589802,1.7020007011957332,1.4623792841507444,1.413559293741073,0.23576772620465558,2.0065407532407944,2.07967366040917,0.129657059516452,0.26535043504699324,1.8678287725431528,0.22314859152843194,1.3982049269981682,1.1251558899873693,0.7680204918829057,0.004197860117829313,0.0,0.4761977353202499,0.0,0.0,16.714493671262414,0.0002343825398794998,549.6881568108934,1147.8888517633031,0.0002343825398794998,0.0,30.205862921936365,125.29383621376871,107.63374462739384,114.17826149121638,117.81127956149642,108.00661218870316,97.7699129585063,94.63524097933299,86.2518009429824,69.65281229877137,55.60563783223441,50.89003700278018,34.74168125536242,29.81931664960688,16.359149527499692,9.033665311711612
2021-05-25,13.0,2.0,2.0,0.2913025838504002,1.568584415471496,0.18019472592995758,0.2288748785011295,0.31991695791851754,1.8723521074988794,1.8779336212664854,1.8098422785452188,0.28078463513437335,1.7016765719202522,0.25130121784227216,0.029892164352815175,0.18634498180871273,0.011063590567815942,8.048219454725604e-05,0.0,0.0,0.00013900771252177354,8.367092581291425e-05,10.610367891441207,0.0,597.820293197773,1049.9392512266184,0.003333540968664256,0.0,3.915090652855106,116.52892610397372,100.20134364615639,106.53953023859955,110.08036997116511,100.97269384650778,91.48506633083191,88.5238282194317,80.61082397509942,65.15427478513108,52.08393418964045,47.559210852391615,32.645081651366525,27.81407921287638,16.608717018324498,9.216280532266904
2021-05-26,11.0,2.0,1.0,0.0016899281221191972,1.6587400425810803,1.2581929639781313,1.6452304859797937,0.3345168351338199,2.0357619220488217,2.0523222813901825,1.986089993831756,1.6975493154721026,0.29107450515232075,1.5608972843719215,0.0112904443879529,0.026785926121595475,0.7878155359464961,0.0,0.0,0.050748359275222685,0.03383233985241338,0.0,15.43253816364573,0.00039306680867790076,603.3006934631713,1092.6216472551496,0.7005392693647039,0.0,2.10526644570049,122.93067387127017,105.69800370916313,112.22776230835274,115.71533801088611,106.06008432208604,96.0620096885963,92.96162596498607,84.70571878077511,68.42303944501505,54.640038700951564,50.01954187402185,34.66106357153898,28.722665742147182,17.248363498752624,0.4404513209063292
2021-05-27,10.0,3.0,1.0,1.6854982407634456,1.8542119926733684,1.4342328353143898,1.6983961110956955,1.8873877674022483,0.38768876154156423,2.3146722410968126,1.938333134803872,0.15042422179893214,0.24264355045082614,1.500392395127524,1.468884376864531,1.173588758599415,0.14020677478071888,0.06582545613210028,0.0008895001102867681,0.002377971289001566,6.821867243347686e-05,0.0,17.94595669105704,0.07012152267528783,960.0838772538946,982.9629873456669,0.01796555698573743,0.0,5.3889682279867,108.48256902693053,93.45956630164521,99.42787028854417,102.71143156745607,94.30498277896746,85.59372272969716,82.8517240311742,75.50459671752084,61.090484645350436,48.897560686696366,44.35684257747078,32.154031447793194,26.19757054009679,14.330615002879135,8.210450775457831
2021-05-28,11.0,4.0,1.0,1.3023157778737149,1.5435326437465278,0.2359175768709045,1.3776063206693645,1.5683090841874285,1.8239629740172538,1.8621966288392755,1.764447515946824,1.5522352838313893,1.46622087349343,1.3430354000731246,0.14863614828350097,0.9662530077818595,0.11599477086451021,0.6126720196573618,0.013598254411995884,0.0,0.0,7.941630313335754e-05,17.697013696851602,0.0,965.7967086326307,1249.4478439267023,0.12954860494658765,1.472172704982875,3.2891687136866623,138.83981938455034,119.55243799855751,127.03511764948159,130.958070280939,120.10969210375295,108.84251668728308,105.26427363793205,95.86933541853419,77.48073106649203,61.936919887524006,56.564125431816,38.915736929039404,32.92997920095127,19.032698626259393,11.355048204919795
2021-05-29,11.0,5.0,1.0,0.016435947551683174,1.4491272389026089,1.1986727593966844,0.21889578802974138,0.39536543631588095,0.25620709444916395,1.8586809713470025,1.631771663075022,0.2135499410918668,1.6314649957394833,1.3223853692498173,1.2752111468231542,1.028838917491651,0.0,0.0,0.0846338120923972,0.0,0.0022912529798004505,0.01670178569310379,12.60023412022906,0.0,1105.5956290442666,878.4575242815657,0.22289257421387773,0.0,24.102377563734894,94.28570639063982,81.7456509635409,87.48102244364355,90.2851967059183,82.83564576292122,75.35138584891902,72.75380936932505,66.12667207544654,53.67393751817608,43.078736573233364,38.980648460725,27.51129691557343,21.546423167362853,12.368568661944478,6.330445860461391
2021-05-30,13.0,4.0,4.0,0.02023663765793769,1.3305608722641586,0.18489280272490083,1.264697387948329,1.562995311791535,1.6282097160385451,1.6626186391693962,1.4690343423821155,1.4810244736537788,1.6130510163267704,1.333684604522941,1.1623719414939637,0.02861256914341412,0.7353861313288033,0.0728167510275491,0.04662746191208039,0.03743406199796211,0.0,0.013185658889011225,15.64744038027319,0.0,818.1430292968486,305.79033094593035,0.033439914818086926,0.0,7.554450100262581,34.29868941110561,29.73169045646805,31.826587128526306,32.893262905856794,30.283456851994057,27.656693625400514,26.768027249362238,24.411006968197565,19.841678822672975,15.041131555284858,14.311255020230519,3.084466265138227,7.8363440666603905,0.14911562847452947,0.1024748902951966
2021-05-31,14.0,4.0,1.0,0.19971732355128466,1.568602117826064,1.3151769064300487,1.4707102227304727,1.7306808859651004,0.30687584853461425,1.9818934704846727,1.722918457685894,1.529906804189281,1.730008532225511,1.2646750813837924,1.3058874644703082,0.14295974487771743,0.0,0.00011475487230491413,0.0005191083023092924,0.0,0.030861678085044458,0.0,16.301508401614424,0.0,642.6664168191577,572.4674490302797,0.01642966399101426,0.0,0.2323297940917799,64.56247435822328,55.76569585664577,59.48872816343312,61.33682637205125,56.301277606002465,51.20980530903475,49.47145455241233,44.9274773036292,36.37079069336562,29.14819372518466,26.438438800350223,18.199712382608183,14.696411973157048,0.1309498791262526,4.186882260963606
2021-06-01,14.0,3.0,0.0,2.249403208424892,2.034075304601959,1.8322028510486525,1.9508075678773593,2.304614774620303,2.1339274737455356,2.5639445872064988,2.356091423706097,0.36389905444805026,2.0859395672287,0.40018181872556186,1.6852772874816249,0.0,0.12911895077181862,0.010582419626260728,0.0003256952965357878,0.0,0.03810694937184628,0.0,22.21187814642763,0.0,515.6992579326744,1179.9054485264592,0.03595024388474936,0.0,32.66806827412478,129.21857862055745,111.10311548576865,118.17437449849133,121.95689500378408,111.80361909348464,101.18832358551933,97.82414161617791,89.02298510667612,71.94995891856038,57.46681098090063,52.01475495887404,37.46058799224894,29.498113074232958,18.16856760869494,0.3865537083630645
2021-06-02,14.0,3.0,0.0,1.8031849576503767,1.7113748438859457,0.36834164622991206,1.6291438343748785,1.9733129915370358,2.0094184034559386,2.0466759601022475,1.9041966917420652,1.5917270037395077,1.8203961584719641,1.6131954049213453,0.30365961018341314,0.07626483025857943,0.0,0.001563181111658605,0.5002786221036111,0.00022929140121638491,0.03832801674673957,0.02252273511267468,19.48446820807108,0.07012152267528783,722.0163571225587,847.8923547974605,0.006768731328205816,0.0,24.005611539434074,91.34083347897709,78.8212392171467,84.18608669050491,86.99134852611606,79.81315256119598,72.4925916897723,70.01711753069209,63.5812517141725,51.45092227134328,41.21576330122933,37.455765748747496,26.242491994307134,20.876581876376576,12.285403669150831,7.116192988294307
2021-06-03,14.0,4.0,0.0,0.28850468404358576,1.8267237617524335,1.8106750479563445,1.9555070655168498,2.4188730373663536,2.4596012104167904,2.564202000989784,2.338707562536637,2.119495478055206,1.960521985969178,1.922272198405607,1.707069573828159,1.2931837853035566,0.0,0.0011578258738263584,0.0007221368539158788,0.0029890401508882534,0.0,0.0,24.67020639501911,0.0,900.9777529181581,774.2331713486739,0.04645685132768414,0.0,22.07586457595207,82.43529336093493,71.45113164884513,76.59887381316851,79.31308025119749,72.92232484763124,66.452388775025,64.15980683229863,58.15764376720112,47.19837762551864,37.951075532375725,34.063950559840855,24.506598468265278,18.773294933742516,12.198993290903207,5.974473065773467
2021-06-04,14.0,4.0,2.0,0.028526239512979466,1.814932133788236,1.5944634884291922,1.792866218376426,2.1182345956704522,2.255266194060955,2.280750922358705,0.3578712985568567,1.9391570087968522,0.0840952866911513,1.7778794268563354,0.2876811942803874,1.2771396205180885,0.029254594543013546,0.09412583177079697,0.010538764792995738,0.48709023245125443,0.0,0.0,18.230107433994558,0.0,586.5581456708176,1172.5538585245881,0.05568459571699786,2.314938492194444,29.50666277871402,126.80744187559687,109.50152437115925,116.86297978080701,120.58380616476455,110.57250107693596,100.28800887455775,96.80763864210154,87.895082853809,71.15103296934504,56.96034072136513,50.26196669402891,35.48745357258177,30.05342847224149,18.479735283905608,9.019315900479992
2021-06-05,14.0,4.0,2.0,0.0003601024111918999,1.2218676652870006,1.0433548329743034,1.1742268290786808,1.3772034604165952,0.36103383649281084,1.4758794361929932,1.177787723394184,0.9965050078584587,0.10346160622180926,0.9570267699673116,1.0541293813154722,0.6677512217670187,0.6709156212972346,0.4875393361754641,0.35096859859430013,0.0,0.0,0.0,13.120011429444828,0.0,741.7093394914638,1379.5113959802084,0.0011889899530348968,0.0,39.01380504847212,149.190755312656,128.64801650325043,136.91466012536597,141.14066946784763,129.45108213687595,117.41875672111334,113.4817509566724,103.17962296963418,83.46629107727306,66.76393748351737,60.71410908317262,43.28355089861796,34.32404020289988,20.407892376402238,12.112455616437416
2021-06-06,16.0,4.0,1.0,0.11496312076137542,1.7077057882884064,1.2689028007705765,1.559793633822949,0.299029038982357,1.8808671640745698,2.020906643928372,1.78881747780728,1.6264400880546486,0.23034496603201268,1.5042351669728022,1.2105061601674338,0.1268124780108463,0.12996014244512866,0.0,0.003008779775865825,0.04858438424680062,0.0,0.006792693658282734,15.527670527799707,0.030752490367320643,598.588984551146,808.6487577836423,0.6231821184430014,0.0,20.206164483006784,89.17824910502883,76.7733980605765,81.57134553996374,83.91164891010656,76.9045291816843,69.6545325377103,67.33979741159315,61.33814006065186,49.59041844058659,39.51837736162925,34.62731578607987,24.83286686726378,20.76743583484448,12.3743583377413,0.060179865175038545
2021-06-07,17.0,4.0,1.0,2.553418746884087,2.462427690877388,2.122651767530201,2.353619146345544,2.721568268385596,2.9873938093928634,2.9069405786335807,2.8223945656094807,2.4320911728288324,2.4954655552644422,2.3971976626682903,0.2544279387457612,1.6527490453418345,0.01597510014456526,0.028363172778204146,0.0002805093261852544,0.004569136729373644,0.01294750332416058,0.0,30.224893254139158,0.0,348.14952434456933,1089.2449517853813,0.6008665316704762,0.0,0.1546645866526166,126.25045381993408,108.70958523401346,115.6300565898711,119.17736196095754,109.27150901487906,98.99511293940805,95.65867466776845,86.9677766494807,70.29623646931334,56.17475057803747,50.87368692443562,34.79979311982309,4.7768521498728695,2.8793781790381403,8.629058901895712
2021-06-08,15.0,4.0,3.0,0.33620690317147295,0.49421256670593006,1.7659399863482135,2.0553899807273583,2.435651765526717,2.48661529467443,0.6205777523646745,2.2630274520328624,2.027233649382137,0.4901378758235108,1.94464971442284,0.22991514930170634,1.3113280935570466,0.010342168052512549,0.0,0.0,0.00024774560460993553,0.000145046215350366,0.001066419275848068,18.4730866237815,0.0002972474882587242,348.7944158571944,1032.4706578623047,0.014585668790221074,0.0,0.5396493336972812,114.97726921738138,98.99147629526891,105.36913276482889,108.7676463549313,99.75013842114303,90.3831825338994,87.3560531443751,79.43466617674858,64.21094968451742,51.33333066601874,46.668411399068184,33.64153209543907,26.369996024854167,15.770183895401475,8.907039854731835
2021-06-09,16.0,2.0,3.0,0.0975059392334513,1.8588126135092204,1.6064734391362039,1.7867634976005995,0.4946773174513045,2.2226277418346343,2.212373743981476,2.0824533145190895,1.862805912464906,0.17098294280417595,1.752747696627581,1.6488435285927683,0.11779443162543225,0.18020358763430339,0.13180620688268885,0.0,0.4408627797021749,0.048232693138337085,0.0,18.71620176927822,0.07306199683527419,547.294708687467,993.2031205648683,0.6584553537606299,0.2125096488242612,3.277422241980122,111.86772238360497,96.13350042677094,101.99306431506419,105.03043684247494,96.24614585859761,87.10835038729468,84.28105652266184,76.82848841186926,62.04377020188249,49.51005189596354,45.146472385965545,32.41861755258003,25.827799804008535,14.48379381806137,0.7939178672639042
2021-06-10,17.0,2.0,2.0,0.1030831099903728,0.4891582529601185,2.1124198623244275,2.375607111406306,2.8110795923044827,2.97048589393947,0.5199373309367332,2.804318627392304,0.1868036132451238,0.44692535458470356,2.3592178976141867,2.042926507071008,1.5039590287590188,1.16583343607853,0.13003388420613493,0.0933191619294714,0.0001826448077604511,0.00010018468553477119,0.0,22.115625876775564,0.0002972474882587242,799.3552370815211,559.822847735664,0.0585006900047241,0.3763605342664418,12.889653578866819,60.09795701658177,52.29805433006294,56.216337242745006,58.11880146131856,53.503529149376305,48.9869811407577,47.26635335592101,42.75056070717767,34.72747822501999,26.49376256765997,23.703216556446762,17.712109263728756,13.157334238404111,8.117556862366383,3.406801504963877
2021-06-11,17.0,2.0,1.0,2.4797631439394476,2.3148419433611416,0.41822050207021844,2.352740082565773,2.783122344167116,2.9188601984577356,0.48005808662416216,2.73474642475262,2.333182976654135,2.6530659053677783,2.0005409777156564,0.26177196639142114,0.006500011945976149,1.3237039460863673,1.0939306930907229,0.0002642795119759176,0.0,0.00713222650515744,0.0,26.162623209996294,0.0,899.4042131890164,951.4721326215091,0.03146023380086614,1.982774686655947,26.821458549954478,102.58093971067375,88.69877306789009,94.64682028203006,97.52123305443499,89.52712882344919,81.42847405237649,78.6242263098316,71.34935206901491,57.771966887279866,46.22039998317519,39.77846921050711,29.34297707765618,22.846748691651563,14.477774363912337,7.852615801015436
2021-06-12,16.0,1.0,1.0,0.30618254019440505,1.5021540341358743,1.5321653663721442,1.5970031833856557,1.98392703440441,2.0122060751887387,0.3839793632993728,0.43493159599303804,1.4430749077703782,0.3346006758848456,0.3697635688256322,0.3733800906091282,0.008362432952132905,0.01750397169963354,0.02199710308938884,0.0,0.0,0.0,0.0022676237455454386,12.323499567550325,0.1706982882296376,1101.3136697686082,985.1592890190847,0.049640500466684556,43.921156002367546,27.219569482319674,102.93648713684141,89.14753262149958,95.3108099455237,98.45016101976819,90.45508280941414,82.41967622211848,79.59255647320626,72.18052962910161,58.49825398331202,46.96758209078104,42.463256241630276,28.10937714372399,23.209660576480594,2.72602781553005,1.5515698254664378
2021-06-13,19.0,1.0,1.0,0.33273679562354125,0.4466436127203567,1.409983194600278,1.5167699031559965,1.812019677313793,0.4397244272101134,1.989030823482664,1.7462567398389666,1.4967049656032114,1.7591808985579482,1.610558222702244,1.3398318334324453,0.20265895835360234,0.0017716118723556168,0.1159712589451581,0.00012833326112939229,0.07410646549860939,0.0,0.0,16.294077722172414,0.0,671.1023529470486,389.79821172317514,0.09544635641167697,0.004251493971533211,9.29967495656722,43.377846003996204,37.432755848410636,39.90726076720182,41.27428030809087,37.88288382363305,34.38928679576582,33.25439394828063,30.264466113270878,24.500991195080303,18.645892280133893,16.749084823826124,12.187803995619463,9.939168764664506,0.6002909165935127,0.08787968806869839
2021-06-14,20.0,1.0,4.0,0.4529386069896923,1.963498902965951,1.9461725298565904,2.081404410889516,2.477302037925172,2.4151954450965487,2.4735798313744715,2.230093506327703,2.0260883690006093,2.069414663617569,2.0071261429739615,1.7152192458201487,0.3289209698713207,0.039655540276764295,0.0395694889646796,0.004027035940947254,0.0,0.00021051103352574452,0.0,24.270594739714067,0.0,524.6920711602501,888.9240831590124,0.10174642394234448,0.0,22.899927880330452,98.7659992066361,85.21073602105105,90.85463358095133,93.64180341584046,85.8301125705159,77.7382962218067,75.02084825947018,68.12550159123748,55.126684429757255,43.97579436349879,39.84481862824283,28.541207810361517,3.4138880882213978,13.389417290912071,6.544413800179069
2021-06-15,19.0,0.0,0.0,1.9504772921123525,1.8643978167718496,1.6650986291957486,1.7778488388812002,2.048640515857996,2.2582680507792023,1.930754961029869,2.1129888645616317,1.7525600628239597,0.5468880968441068,1.8589120268704806,1.575222171172339,0.08824051825214588,0.0721692051460488,0.007366821516816183,0.004516861730458983,0.003072440803786009,0.00039080639143467444,0.0001924319923546031,22.10595826218724,0.0,620.3612280234238,1016.5938826015616,0.7712653042733765,0.10540225883002496,2.6357921110216167,114.38062984394787,98.39043043618818,104.57708560246762,107.95089344882214,98.95157892318137,89.49305331761529,86.5247152137661,78.78317402649377,63.67318366138634,50.84363666501559,44.43662482491116,31.922490428338744,26.914512139759577,16.707052076559613,0.3036276232565354
2021-06-16,21.0,1.0,0.0,0.03775737204662386,2.241503747762874,0.5303433854591706,2.2609903272137366,2.6946188266036977,2.862001416128224,2.8301170122565416,2.5308198698204842,2.188760174935717,2.576758067920085,2.141504653848956,0.5312131082483292,0.0016085644609638544,0.13307644341101496,0.0017364865560013196,0.6588018301853951,0.0,0.0,0.03349954196888033,24.255345211366578,0.0,708.5839641805703,487.64508451649374,0.030169902424706557,0.02485506041433238,13.12900383295518,53.624241252556516,46.59061614419936,50.04273288893417,51.89018587015093,47.7245011935126,43.518630473234765,42.00014157655864,38.08792752522939,30.946807549888902,24.90412428173212,20.638336335499794,15.70285799227354,3.6983482793465603,1.3716587183838271,3.7501155416231664
2021-06-17,18.0,1.0,1.0,2.1695951303571763,2.250393832783992,2.1380209815567848,2.302645251940675,2.6019831546346666,2.749916520835705,2.763850491639622,2.5001731123444113,2.2790346582855268,2.5517782456039884,2.256259033093848,1.8359124117765362,1.3881896663653077,0.06642688687327068,1.1110690772732204,0.7174675826528196,0.596080996765956,0.0003092250775778624,0.0,32.279448438704385,0.0,804.8905871966232,513.7059933823872,0.14939563950054952,0.0,14.899469558012802,54.53782731800327,47.58841169407188,51.35945076060049,53.215107803045605,48.92036008366037,44.62168599864904,42.966711109796364,38.874335452330975,31.648889122575227,25.53037953037083,21.194694214905603,16.048659028094022,12.125071996527417,7.086270216024767,3.0886694957185568
2021-06-18,15.0,1.0,1.0,0.22594030570801577,2.1308607373120325,2.0245405393117224,2.1751721263089663,2.558220954588731,2.733789647568579,2.259003004905336,2.452403606124907,2.3439284257557245,2.39513987894414,0.4341013084946987,1.9023121790362836,1.2974504963727114,0.011066016629387925,0.004636985925747451,0.0034566622355571915,0.010508486735426138,0.018327005284028697,0.0,24.980858367241996,0.5877174669135798,986.5438150222587,1073.2848370814745,1.2815602363645031,0.0,28.691357783240317,119.71162658350313,103.0537679015962,109.46366679885332,112.68190333382286,103.20643987546167,93.32428850733321,90.1957244705201,82.16833957551387,66.40911349932729,52.72604275963591,48.01753020917372,34.60438079067278,3.671762066888116,16.730777865416233,8.628115060515645
2021-06-19,15.0,1.0,1.0,0.03162285697663433,0.21912260084056367,1.428429386436025,1.503624926769086,1.7198867242729996,1.7921849498510734,1.9503971631413752,1.7489510282683598,0.2270293369217296,1.7568483455902237,1.6067044840481843,0.17136770666359963,0.8733291009400651,0.684535200189552,0.0009511270281635734,0.08861228329935031,0.3768327608152031,6.101181872381573e-05,0.001202672775661339,16.18169366664658,0.07306199683527419,1260.4812917130807,1145.5109442726553,1.2742100936713752,54.73166636827907,30.376040898226258,118.65828562662558,102.34574275137038,108.88087890513552,112.33669603221976,103.02129268686981,93.43922179947494,90.35097445461945,82.23115088377449,66.52510625086127,50.817606899299584,47.938371161186645,32.73470328711033,26.973947741992617,16.206926389791292,7.9423321358181465
2021-06-20,14.0,0.0,1.0,0.043871334393696906,2.2953748469123445,2.0613398689295375,2.1960272117190613,2.5949017463367614,0.4291147545865788,2.6900665663674435,2.2177895052139744,2.2224035697414415,0.2711351070476687,2.03976702847317,0.11830610950550513,0.016493509332713444,0.1489037341267422,0.009340996372007243,0.0,0.02864451755653645,0.0,0.0,19.383480406615185,0.0,603.602504505484,309.09633857974075,0.017354835269504827,1.601104945466081,9.513685030233418,34.75819719203719,30.624271455251236,33.12927597750327,34.10425805084091,31.346550650923135,28.5407835940405,27.55097569775201,25.400482944307292,20.919418113898264,16.208988196215703,5.535840115907867,4.5382955455904925,3.477716885561767,1.8439877051506048,0.002506479060969666
2021-06-21,12.0,0.0,1.0,2.65933362717818,2.9486035397132038,2.634230841072315,2.8308959163168534,3.34739453307787,3.5704309249740804,3.5429670371966653,3.2244698024301695,2.658660118078778,3.189428256538446,2.8054085695373905,2.5236803208750813,0.05119678600239626,1.3151773699188045,0.01962375179913033,0.013627222349150122,0.003768206542963973,0.0,0.0,37.33913120614135,0.002940474159986355,588.093448452153,795.9186758207893,1.2379495065564254,0.0,19.954271795837045,87.57991350778404,75.14491430408974,79.67355985584186,82.07737348535434,75.13350793602669,67.76318091757231,65.52961086969741,59.750403307227664,48.241560158572824,37.44047767207971,34.204934218098934,24.879364652880945,19.613744767155218,12.28238167717053,6.649476695400194
2021-06-22,10.0,0.0,4.0,0.005386165721614045,3.408187967442251,3.0670740493194604,3.304635538290206,3.806730387644625,4.046738326084546,4.145852541226485,3.770674029328121,3.5453572646595815,3.5816809985718296,3.183782771865921,2.9774848894751407,2.4620891053039795,0.24414757232074946,1.5406701962846303,0.0007619086231211332,0.8622157788931397,0.0,0.0,44.024167575113864,0.0,755.463450942573,509.2088649594898,0.14246668196936024,0.0,12.140330260777986,56.260670281059795,48.67168424513114,52.07609427565925,53.801524529702164,49.406322875018994,44.883221618059146,43.2994802271379,39.27116197354527,31.831931936002913,24.465499260728276,21.78751182592399,13.189092360384572,12.953154392607118,1.6417949271440067,3.5293899706073075
2021-06-23,8.0,0.0,0.0,2.749933146212364,2.5942702065889267,2.3279616764956867,2.486220491070529,2.9679070349176158,3.1803262906017338,3.156412209426726,2.9172723992012712,2.5571434352560294,2.84487197872855,2.592358924217773,2.3586183494117443,0.09768509670052042,1.0958642191188905,0.00038627008239273486,0.0061545925142458885,0.03624171798078628,0.0,0.000236754204915891,33.970609301975024,0.0,876.3996842043518,356.27174944812623,0.7855417806552112,0.19351434574915635,7.990799900583973,38.798168114429835,33.59680825848981,36.00790341767187,37.40613799909967,34.400818735883355,31.31575518242596,30.252393464845124,27.444915122703218,22.207729815266397,17.658247254220488,14.915416960022272,10.648940913358286,8.450933065392883,4.956449152645712,0.026817745338287194
2021-06-24,12.0,0.0,1.0,3.8721192224150243,3.7011025197291847,3.324935471598125,3.570120843253831,4.202436343399774,4.50666497890368,4.633227094286859,4.114197212566716,3.840988544248449,4.030974823180178,3.6644402593897842,3.0692160134238797,0.06111445557375294,1.7604953705181727,0.22635756210649974,0.005299771466244956,0.007124927019499954,0.0037669067935339182,0.3165806585439349,48.91243669363433,0.0003018433021657257,608.4056950527145,599.3213939752981,0.6420703003074252,3.8750809214504884,17.105922313763873,64.8416089907416,55.955652813583775,59.58000976827816,61.332636991190185,56.22160167248258,50.937920597516495,49.1998316927393,44.767537519936106,36.1388517872161,28.089233453998155,26.186666395227157,18.775201889496515,13.135175094448643,8.22530637071165,4.953155702517228
2021-06-25,11.0,0.0,2.0,0.55255938105455,3.432527259092385,3.0627633139860224,3.307129970232827,3.9174037399166073,4.062470097476087,4.157476272204992,3.774972824964683,3.565204796666981,3.8703483966978887,3.357327400743475,3.060427745728125,2.0831772876606314,1.5148444213659165,0.2961883570104028,0.02831884688350944,0.009465289080583968,0.5129149713159369,0.0,44.5655203720816,0.000744509244323117,653.2758158869458,795.3976391300592,0.14794857796001656,0.0,3.389816420807842,92.5386825157362,79.97194385457647,85.29404179549654,87.554150414003,80.17871513177322,72.61961827801258,70.0266286949942,63.657583355545306,51.47608467645653,41.15224186114583,36.54134620056541,26.232433684147345,3.0075987720113364,1.6520779083250217,0.10467556646229645
2021-06-26,10.0,0.0,2.0,0.4120397148459009,3.447696252085308,3.09611396571483,3.3225295355649553,3.808093051330044,4.143948170463488,3.8822807928618173,3.971975987819647,3.408886686232376,3.697666571682037,0.5966156100075796,0.20738103178805495,0.4487948857969089,1.818197785855531,0.10393149590394685,0.005332853356193467,0.0,0.004328105234975134,5.8855498161136235e-05,36.37587135204175,0.0,788.6658376535532,710.8126084162656,0.153653068470705,6.431313524709049,19.27151679445047,75.85488214650874,65.8016082097534,70.45440730916746,73.0020768595908,67.16390339890239,61.252872422781124,59.174359654780346,53.667077191737825,43.554231371993716,35.047930571815606,31.653392409312577,22.519885591509052,17.15791575788211,8.759402391843572,0.04583280952749029
2021-06-27,11.0,0.0,1.0,2.259286147698497,2.6700277624553017,2.2852130371668924,2.535760397009489,2.986766964886553,3.108449663284916,3.331821808042324,2.896298564335649,2.675034283982775,2.8832286571572574,0.7768949872794504,2.2493324019715497,1.57496335447061,0.35520147080669123,0.026378408232232177,0.05481505053855275,0.04834322553161807,0.019009804929547392,0.0013602385016603694,32.73842061082144,0.0002343825398794998,438.63176051048947,425.76450328842463,0.0623621035386915,0.0,11.826319778896133,47.029057269699976,40.83461712397273,43.673665684180015,45.211575350018926,41.58355269981362,37.91688090154827,36.64473483477871,33.28023390383961,26.89068126268329,20.154268612683584,16.454722015626288,10.02063404461177,8.261976419949413,5.980513511615203,0.0010698745070809874
2021-06-28,10.0,1.0,1.0,4.22181645353623,3.9835087506049214,3.54492055876774,3.8005134893756614,4.525347441730227,4.8008827126586375,4.86312360878329,4.578746951147515,4.16775606470856,4.455280380842423,3.82093285126446,3.4997301645322163,2.7844440918491187,0.37746259402552784,0.4759156550637078,1.206092345862681,0.0005916983933241383,0.0003762524979855004,0.0001793632241355353,55.108901137871165,0.0,509.0017959234331,341.09686166083134,0.13769414414660822,0.0,2.692577797277314,38.69437373237158,33.80099756173938,36.34124578030377,37.546162783684444,34.559194650401906,31.612656470059356,30.466194169181392,27.54507425099435,21.23238895265575,18.04074670202167,15.000825127830112,10.746505857560171,2.0696683605231283,0.07808610762437834,0.6701633566025279
2021-06-29,8.0,1.0,2.0,4.665850783078363,4.319259635956478,3.8699331965061745,4.163203607527519,4.943278637572387,5.259019166930074,5.301796530640703,4.981385865531322,4.375098734860872,4.731517811490322,4.323827492470015,3.919631670472016,2.9001855880438043,0.46677585155767487,1.9754119961252323,0.07186470863862304,0.013896906840141552,0.0,0.053621141168543225,60.33928523678687,0.00039306680867790076,575.6115414091162,483.62414007515713,0.6708669101735264,0.0,13.873616662854761,54.46497965468728,46.99487821981292,50.16270625071193,51.64147680916012,47.288009099628695,42.782901574882615,41.26046829933733,37.4906229055435,30.354633663285256,23.356768674489917,21.362533703704724,15.155422111247969,0.5862097025964552,6.357320002284561,0.49159274092904315
2021-06-30,7.0,1.0,0.0,4.584660119117291,4.231640701343411,3.7713891721370154,4.052717589485978,4.820483387974171,5.151130851344003,5.179795980256859,4.868799193145477,4.3898086930921725,4.681787566378523,4.017725758903483,3.7956377337802043,2.4429779767459276,0.5765858421987544,0.10179448335347666,0.21834634010524887,1.0281565740939442,0.0002483528908650146,0.0004445520347219756,57.914998694055576,0.00016467805440364088,523.8711492415086,751.1904930187833,0.6892655346729002,0.017322366256215006,21.30586700100362,82.72047333218053,71.05970936320779,75.37868382619403,77.74406790829066,71.26688798208832,64.45876463601026,62.368421500325994,56.83618598113966,45.90619435348359,36.511139210624,33.160362928056685,22.860387065816475,18.68729843347909,10.38720269295189,0.521524437674466
2021-07-01,9.0,1.0,0.0,5.132299403262866,4.710174525997804,4.224333929241574,4.5584116418426435,5.385635464738627,5.753775487245709,5.888365097867869,5.413144527372505,4.903017266765924,5.179572810673798,4.561215562564962,4.315560449908086,3.356319934716487,2.2040581368216094,0.3600072448500188,1.63917186463373,0.0066085498012777985,0.003388807513273107,0.006056735285716573,67.60216276756739,0.0,420.9779263186811,625.1291167201838,0.6045991332334236,0.0,14.899112376628374,68.9654696549975,59.6230280967487,63.67076453324984,65.88687611774694,60.546049782963756,55.11029863823404,53.2725170687149,48.34481132201388,39.14817025045764,31.283810191470025,28.50275333529671,18.234989273182325,15.671367950568731,1.4016202811821443,0.5674778467281951
2021-07-02,9.0,1.0,0.0,5.468257476629719,5.16245241148775,4.611183598910402,4.963723174956413,5.889690322865159,6.241652866512146,6.463559667076944,5.751797028335538,5.331656270541624,5.81416990284999,5.088231765818425,4.709675030364963,3.743895052631427,2.6533829548516716,2.314198195303472,0.39088792349670404,0.01511514233956881,0.0,0.0003084032379034464,74.61400186626422,0.0006036866043314514,382.91256803021673,465.1909258796272,0.003511041757556651,0.0,2.4950624682724527,53.21996050747967,46.1496768057868,49.374243231874516,51.061892192730085,46.981402772838,42.86426989305589,41.40841549790171,37.56760899077563,30.47730397476707,24.473896989974072,20.459675799345376,14.592775974672897,2.3920436220576002,1.4444003263277112,0.2282968317677157
2021-07-03,7.0,1.0,1.0,5.8043712162657926,5.517917798641273,4.928406386817536,5.3136134833003625,6.256385436826146,6.623011946086859,6.899505762975587,6.300227110566353,5.703088891527614,6.188308587240002,5.327829166525395,4.551574369673209,3.881671674282719,2.7378199377663224,0.18226360403483613,0.006680205820782266,1.4635052441146439,0.0,0.015362978955352756,77.77166532409609,0.00039306680867790076,634.2560930190186,885.2506835980824,0.0799838963472949,0.0,26.085087597761067,100.83497047033043,87.21351675378358,93.09620926408667,95.84104978325216,87.89475976981005,79.82153341044842,77.0120958019253,69.8899676255824,56.46903176551306,43.83868127799114,39.25873304381528,4.8266071498289564,3.7566172238305864,11.876942843820064,7.5348798163031345
2021-07-04,7.0,1.0,1.0,5.209837875363942,4.9316743927484605,4.408733962394309,4.75848968969819,5.634152226702575,5.9901359971541135,6.174293940454086,5.644707644905834,5.134121411050949,5.52327718593835,4.928451974238041,4.49102610689598,3.459597267527967,0.39328270931562526,2.1522884289727084,1.5587473338451379,0.0,0.7762689984092012,0.002762928849002934,71.17185007446447,0.0,330.51108980601043,453.1929461187917,0.0002343825398794998,0.0,13.207742550613279,52.64722494734978,45.35168355801951,48.246129036780125,49.634478418991186,45.462790453001446,41.14465424084364,39.73924902922306,36.06189218822807,29.235585371396223,23.133310478284805,2.8425329383945863,14.421364163683398,11.922296179561693,0.02865743754251372,0.11335512687841676
2021-07-05,8.0,1.0,1.0,5.337805369884433,5.951615677368381,5.3045088881989635,5.689639623048243,6.76204826186008,7.20795895408485,7.434962137007675,6.837006207535027,6.2189252051540675,6.670605851570593,6.001551690514401,5.443821213246814,4.176316827649849,3.3810829281803514,2.828566208594617,0.264135348790114,0.01342546743086636,0.8811686679445434,0.0,86.42195034298571,0.0002343825398794998,410.536127990053,562.5847415925218,0.0875831128552371,0.023991087122136424,13.919480014211752,64.27986223563619,55.61750946974672,59.26622022684314,61.06046697556762,56.0219226579792,50.86797983283374,49.11779613301199,44.614090352748946,35.9380193970688,28.679978780791753,24.903435811922115,17.72615441260513,0.32326849346109887,0.15568064019930156,0.06888507077220923
2021-07-06,8.0,1.0,2.0,7.137743386352787,6.73985005171454,6.016932532182287,6.468854454078917,7.665973597638177,8.1483379794898,8.415546855281562,7.730143143255336,7.003730321456068,7.606732685528421,6.768106529548248,5.843687092863419,4.74275216429142,3.5729663712539557,2.955798810348147,0.054315124855738625,0.0,0.07881830704969686,0.00013321821040789697,96.95092948229663,0.00016467805440364088,256.80693819046417,731.3309030847463,0.07588603282573528,0.03256708832650975,21.367434560012644,84.63742731259735,72.76424952713076,77.18131524219815,79.571552608492,72.94264409826428,66.03876231766195,63.90833179180396,58.244756154392604,47.029214809622914,35.78624034135891,29.212156820744013,20.89610553347,1.6665052636465247,0.02729585237934862,0.024343762644240305
2021-07-07,9.0,1.0,3.0,7.72578218299131,7.1388665161342395,6.378472207294713,6.875980275956766,8.148681781223225,8.666298204937581,8.933680318881954,8.193583847535507,7.4413389288884435,8.070676980382977,7.149130162302683,6.332427512426594,4.5512231190606265,0.7344866873361531,0.4428765680531657,0.11982340252487138,0.2801198935518129,0.14673633951599982,0.00035184027334071895,97.334288187355,0.0,281.9510712281105,629.8700862555881,0.635213528074421,0.0559373907636767,19.100850739825443,75.64109921371457,64.98539676013483,68.93465622416385,70.91022729511498,64.89359787604934,58.57943070499454,56.62472164907677,51.60778487707076,40.87231700123496,32.907807150941224,3.2501009778555012,21.162656049069003,0.04619822543698826,0.29216486971676503,0.005139250424853382
2021-07-08,11.0,1.0,1.0,6.90307313082192,6.258223312351231,5.589318905475569,6.022049775298742,7.136908545131955,7.5910055430189844,7.828781315637683,7.185852221438732,6.518352367077938,6.786272991492516,6.221099819237324,5.713014297602714,4.245707739411733,3.2583611263901213,3.001461410222094,2.0805506852030615,0.04186862469869089,0.03964175980678475,0.004513431194201289,92.42605700151199,0.020966835196008903,260.94148368398504,492.6271389072944,0.8329267359056142,0.0,2.972094923125111,54.6691144522072,47.313466662220854,50.51842807135444,52.10101862564168,47.84355889249346,43.53193801401312,42.03749234688601,38.144642562881984,29.49867925207738,24.7858918151267,21.10887072699766,15.16027858799021,12.341137345135365,7.1551712841957595,3.4453553449474823
2021-07-09,12.0,1.0,4.0,6.234974990692323,5.677121056244609,5.071381231435324,5.470853214670021,6.496598102600421,6.932332532642313,7.12595928569739,6.530554617152155,5.918211163297301,6.3760343564044275,5.697374604401876,5.180604744452889,4.107953730981538,2.801593419492417,0.5040671258845734,1.7496391853450186,0.0015598596609046453,0.924945088621501,0.00020184908741690993,82.80213765955331,0.07012152267528783,307.5993350879838,727.787838724497,0.100006697868537,0.9264806827542094,21.32010992374449,84.50682626586566,72.91628064588211,77.52329045362049,79.79841325649004,73.1252564926775,66.19162599966505,63.947899962926215,58.184846282708286,47.02111220402344,36.457750840428034,31.878323251908668,3.071266483184341,0.12059128798375597,10.60599845064555,0.1917662399891447
2021-07-10,15.0,2.0,1.0,5.68246750761426,5.417702162673059,4.872237713775374,5.236608883301498,6.211990032492369,6.612500768424792,6.810484702129525,6.263014649740572,5.674405086498474,6.099720329208881,5.456970984761712,4.809154591962948,3.8198985449172045,0.5425798289574382,2.608048188941118,0.32032725184467964,0.025796187756667446,0.00048691312139590467,0.0,76.46439432812195,0.08343526548658783,420.92161167773315,856.7441471599582,0.7155230526041436,6.318650112779217,25.65468756713021,96.92419962659856,83.67329619140324,89.2069529327999,91.70561198635897,84.00302675084775,76.07481663540607,73.41286663245742,66.77280407105253,54.07780238236953,43.20066481350874,38.97889464331531,4.3375736025484315,22.208127054703397,0.10334870231481562,0.09082345436418374
2021-07-11,19.0,2.0,0.0,7.056280239768546,6.609633129333923,5.9093955109512555,6.377423505553639,7.553550873201171,7.884038977617416,8.274157525087826,7.587508533562102,6.86443817750477,7.449284604388205,6.6485001082206105,6.051151222109342,4.396522695016121,3.7075664750262085,2.931508110241067,0.22307374452190817,1.8192509445478937,0.05034363657771315,0.00036411047020965204,97.39422650623982,0.0,220.8885670163104,442.113497279387,0.09992386499775369,0.0,12.890471910846161,49.746653877715296,42.89936151806111,45.626534560787846,46.888719844235034,42.949375493294696,38.869440784834396,37.532391960583666,33.39268107886604,26.879606070484968,20.498795563534966,18.533704034013255,13.318297151034928,11.314257347799117,0.7315847340107094,0.041621349284770744
2021-07-12,17.0,2.0,3.0,9.298285691104699,9.163428032853156,8.19217148163327,8.842347393223559,10.471050270784776,11.131294294007594,11.468869444114484,10.514559855001048,9.536796552246855,10.364303369212845,9.128506322987247,8.402755814521296,6.7539211787895885,5.131906994158139,4.521220164327803,0.4969758578218883,0.26863754394631645,0.019760142159067164,0.0,133.75373707143072,0.00017750078889239507,233.2020571252799,583.7523110967927,0.21311005543657863,0.0,2.321237213056032,71.48992756702152,61.51663244195128,65.42099150875062,67.41388953608677,61.82162181317148,56.02786813201322,54.172376600857014,49.300700023950704,38.13397251014205,30.432954607787792,3.899804893564843,19.272289174263292,1.6005799956777704,0.9242719227970564,0.00319315570136185
2021-07-13,15.0,2.0,2.0,9.337625507743311,8.684862450307357,7.755121955466978,8.348897617608774,9.892340983762683,10.523049645070833,10.858082127193232,9.965880950906158,9.0160870303391,9.388769668300561,8.750281760672529,7.970791559381483,6.378417008855624,5.099139571208887,4.334790001551674,3.1328779135949905,2.557664180121879,1.4131794520416738,0.08968869327685866,133.59543139194875,0.00017750078889239507,237.591603964872,534.8972201943584,0.029991652246367503,0.0,15.312711042939794,60.774955683649104,52.43906401714911,55.90007280662836,57.68322459617733,52.90681997780258,47.99518443539402,46.35962063567446,42.12528462906442,34.08625620806966,26.80178368101347,24.276140627056776,17.579075325057296,0.0689730580157183,0.03515370105725392,0.552899769609084
2021-07-14,16.0,3.0,2.0,11.945496902442624,10.690686263823407,9.547086358279405,10.27589115230906,12.17936734851009,12.956481945511085,13.36356941311426,12.269140584557585,11.14061048921953,12.075797135877124,10.77803741737609,9.781166305318523,7.088585140149915,6.3527315315671675,0.10072923312776193,0.20687748408521933,0.07836517109902007,0.0,0.0,150.84350559722282,0.07012152267528783,187.10085030576883,463.19608645499403,0.0003018433021657257,0.0,13.512454926333229,52.085263452365325,44.95230128709812,47.94336608401547,49.373981213276096,45.244515584129175,40.99671506913132,39.45055563626111,35.931690241785546,28.454325283926288,22.724576968503037,19.85925412718466,14.527389381619882,1.5801965189158478,6.094242620408232,0.4652580600406728
2021-07-15,17.0,3.0,3.0,13.025631479948858,13.35393516959352,11.934588900494255,12.871542017104993,15.24229385424238,16.20141811393548,16.70366526065246,15.32715715611321,13.905540995734025,15.096409403444877,13.452267832186742,12.25323480984393,9.47589484252429,6.73242715726448,7.04955469104178,0.7612890969407481,3.465289974716659,0.23101807684394005,1.2275451859956543,198.3108815194112,0.07041877016354656,219.54874622328526,549.6406525073158,0.08138767725665585,4.285585102704121,17.026770840573747,66.43861040611105,57.349077989722495,61.09930144293412,62.89255920933161,57.656832273811396,52.264315170600405,50.46037241540393,44.611579781210274,37.08197282504862,28.748942593620313,4.602417219520668,2.684214526507337,2.247617633952141,0.18642591919178694,0.00405715707175563
2021-07-16,19.0,3.0,2.0,13.165823333118091,11.792940841644894,10.52912897317254,11.327137484634704,13.417389069336576,14.265495266615813,14.729036591325674,13.522002351430464,12.27162674771082,13.207168162136366,11.877733018705806,10.819721583580703,8.760183288652417,6.498286912545317,5.982910721591198,0.6557689695926896,3.329480382698848,2.2523482285399004,0.017181493791224595,178.64212236617658,0.07012152267528783,187.00975482806544,520.3335279259891,0.04910048900406932,0.0,3.0552613014686814,60.72630007465341,52.509198488099884,56.05240409691329,57.806060086272225,53.03897870624205,48.147564736859394,46.47218917913332,40.69164660592488,32.76838112089497,26.954839399688943,23.258705385072243,16.679627543201224,2.1228532395123816,0.029898973929873205,0.019618988122077175
2021-07-17,16.0,2.0,5.0,7.712962386013084,7.343900095255367,6.542224877112385,6.997356484177695,8.31377586477409,8.860622301908098,9.163393657222056,8.423496132745317,7.666521177062041,8.282712249091134,7.3949357068054145,6.750553655155826,5.325785481388349,4.251943136491278,3.6069638129783623,2.5909742520459424,2.010371667029992,0.1326763034240817,0.07896785986296821,111.46345084335478,0.0002972474882587242,279.74072027759405,748.2441495250582,0.1817824876236628,7.596387302328668,21.706346188638285,85.5666156379921,74.1436406914148,79.27993440824447,82.10720111692842,75.530951386156,68.8590759880259,66.54918998700121,60.405808602016954,48.956328988310204,36.699185029737656,32.43564744777065,5.252275668241073,3.0316891821918674,0.09422276353198587,0.02964913652807028
2021-07-18,15.0,2.0,5.0,8.603822342878281,7.944097270907128,7.092675882580226,7.63263388827242,9.049070370255128,9.633256349134804,9.936299441826137,9.117975044718477,8.164526829728576,8.977055141026133,8.000614910460186,7.285424719318499,5.6362823747104995,4.4561809867963404,3.6300865816634786,2.473665294516716,2.3640964049668196,0.07516092459203753,0.015588595212032744,120.08949224534813,0.0034223676250528068,110.88691761878655,361.61939131384116,0.07028620072969147,0.0,10.405933425490616,42.74341994531104,36.91406207538545,39.33256396566274,40.47539453708797,37.09514815928025,33.610568769590444,32.40491230746655,28.64709118678155,23.825940863414772,19.13422935566835,16.30519277609969,0.6626659300218041,0.03666447138487628,0.025603545195013858,0.0
2021-07-19,19.0,2.0,3.0,11.097981119424151,10.245965053379487,9.149789335548597,9.851506585513034,11.695860854604296,12.46323622678197,12.828968289517066,11.774727138320694,10.690912227010752,11.589854722794414,10.329940249046636,9.348361418208183,7.568272176094884,6.062042204087417,0.943593471040488,0.8547570997033123,3.069689045586164,1.6413768862153795,0.936795758137874,152.14422895180527,0.07012152267528783,141.16672675378163,605.7618696150025,0.631714841358216,0.0,15.944259490705734,68.09063121738994,58.77400883852624,62.58196628460075,64.40509880018867,59.03328240736369,53.509867347472195,51.67423973463689,46.89737443386802,37.74580212389235,29.981714618792772,23.608397325122223,18.54299236888504,13.386883323762651,1.585351299795344,0.0
2021-07-20,20.0,2.0,1.0,9.545832425714748,8.542109675859258,7.627404963323431,8.214176555197465,9.743401738608283,10.374417900160337,10.694566020748553,9.811929990057141,8.901548475513255,9.657152332358525,8.609122868560677,7.543559602024651,6.250507965207143,5.07602278350677,4.410639763772558,2.8423332507309125,0.36160603113325096,1.379610431864421,0.827840131753087,130.42571182149206,0.5922344191144188,149.05880622508784,465.61218528520624,0.14107651868087961,0.0,13.455425876576058,52.09273250886484,45.09060718267566,48.22128542198718,49.926038395047414,45.86077983920444,41.70174689883054,40.080875306476806,36.38044108214675,29.124016829242812,22.172543108261003,19.149258305586454,11.397508994436325,10.90044587776861,0.05847965810139231,0.0
2021-07-21,18.0,1.0,8.0,7.845221889280067,7.005901940463564,6.243093009118678,6.693137524301512,7.957131829649556,8.489312591464033,8.763805831107478,8.02771791420778,7.316964732127585,7.9103529977680465,7.072093414143353,6.413457830078459,5.179419183368116,3.956761558604893,3.489702118064681,0.2323494161168652,0.04963615967216403,0.08198555651147388,0.003332138400231905,102.76275488736081,0.07368944618383158,146.58695245301155,510.96100686287855,0.6232526380854331,0.7603676472328315,15.87329321565689,59.39583079451017,51.375648154939185,54.88935191070739,56.609973069971716,51.917971498000405,47.13357006331085,45.484681562042674,41.286103496218104,31.77750284127797,26.127654758880603,22.034930981863532,2.6805166874964184,1.9954532371494749,1.0231598491492504,0.5949970944710481
2021-07-22,16.0,3.0,1.0,6.8561961376195635,6.18186873132994,5.505409926865486,5.891259459678598,7.007778973527529,7.47257990610277,7.7226696558892,7.0990981896243515,6.460583943783379,6.9190802142476855,6.1969772160896905,5.682325792324185,4.282978459848751,3.6616398620495425,3.0841371426560875,0.28722163496727876,0.29970116019594145,0.07411470287731257,0.0812992832795657,90.78019448887501,0.013313742811300005,128.22460546161574,733.8266645823189,0.020404471625729538,0.0,21.377195610615168,83.47546958876225,72.33416229465787,77.30786389472487,79.590100175124,72.9969436337055,66.32165683347412,61.93528464614563,58.08337414917816,45.54798228568304,36.13194968397626,30.548299071925967,23.383153362791468,3.1946652143347922,1.5974108515171843,0.0011532857027073775
2021-07-23,20.0,3.0,2.0,7.398968571484822,6.868054797636543,6.129806542381456,6.592871590789769,7.801802618873907,8.318454722875389,8.287542195479396,7.877820634488287,7.155395964202652,7.652274272269375,6.905583433454086,6.282007116488194,5.066571181095397,3.9564160262750394,3.107391606407259,2.489333259140532,1.839131256276891,0.06750306795897083,0.0037865304252285995,103.85623905572821,0.03093458697012004,105.42042526604462,671.1696687122503,0.034453866236471564,0.0,18.91728796668975,74.3022253879732,64.48247581612993,69.04331346534919,71.05921716819174,65.16840844505856,59.22911566790522,57.09315631971212,51.38690496886958,41.99938044270565,33.653349752022436,30.124069957026315,18.089467919270685,15.873887576308833,0.6835993774012101,0.06380848163591887
2021-07-24,18.0,4.0,2.0,5.223846549119653,4.685733238391726,4.179209842591838,4.487396974742991,5.342045858244288,5.660893199204961,5.878544429924599,5.392137348434955,4.860807226284138,5.303725405796969,4.7253543225215,4.278930920992941,0.7114444847066685,2.7619869508294173,0.047545424651217215,0.17211199905911004,1.3747577379860534,0.8410539613603669,0.07959023054384964,66.06511372591567,0.004470963894731282,202.83124497221897,981.9975885765795,0.12817987315440843,8.51130804911218,28.19245629730267,106.3429663407718,92.25010406419419,98.74201505242888,101.52866375817052,93.06761510088582,84.51747946344875,81.46277673683528,73.85568612191742,59.882821388208704,46.76031603908316,41.804271375157604,28.216866633243654,25.09478769827176,11.763592721785145,0.003861735762106031
2021-07-25,18.0,4.0,5.0,5.6109386390557,5.236087161690416,4.669064452382114,5.010871081374455,5.955359913165721,6.3394342789344105,6.553308045182434,6.0122468514689205,5.4628497662163245,5.917518655162366,5.273901403932781,4.586454617029597,3.809003377872848,0.7272159801314588,2.7820017968940234,1.870691621717784,0.2689058474422569,0.16940886322591098,0.059174304975777844,76.31473850115745,0.007419650753906111,145.30716529155032,567.3899726466938,0.003888888981622173,0.05032834771648846,17.004745442150327,66.71263579601504,57.61679854197735,61.36892345030679,63.11772708289044,57.83358937332904,52.37845389139527,49.25086884049884,46.078523376226734,36.9743365324698,28.62080962339298,25.91551879206265,2.7305626413975963,0.06020152416369484,1.3609998194066801,0.31494957129402534
2021-07-26,20.0,4.0,7.0,6.711182409770817,6.2788611028635435,5.6102871666240945,6.024948619939468,7.160903416538607,7.6665882789705275,7.891958467607584,7.2397538954865635,6.575445577948956,7.103441924080483,6.3462144170988255,5.7278467332248395,4.621358213062429,3.7330020218676583,3.1918877752522814,2.2929432080236176,1.7801944285753017,0.9722579911427025,0.004604867648206137,96.97467764963463,0.10413170261325763,106.06412426462721,712.502360883083,0.6877216154081085,0.0,20.466302455678065,81.14849607580612,70.34462563184961,75.22528841621073,77.34210518863466,70.85273988751725,64.27769356001622,61.92037479501331,56.14145924270666,45.509959644449125,35.38366964666933,30.719148603104905,18.932577387950076,3.225454667682309,0.0841646015422941,0.9283010782523474
2021-07-27,22.0,4.0,5.0,6.588459629188304,5.890081000543396,5.239466862779119,5.639416906416643,6.707456744595327,7.174562855587559,7.387807712894409,6.715666701710163,6.11637996545127,6.604554993666876,5.934787347284177,5.379459742628963,4.365126456933266,3.4966436378981327,0.2271120514160546,0.13680893589100335,0.13368876658328505,0.20698254772761654,0.00041008598710506243,84.03926563744443,0.013313742811300005,166.9323523222555,632.6449189533914,0.10237029282312018,0.0,16.59787706814023,72.09098890073399,62.34514044644798,66.58858664262942,68.60823221490868,62.885901273365114,57.00629803254959,54.977530951895176,49.896406577676174,40.420011559455105,30.131802669584637,27.978656880699464,20.172803225903113,2.5692623130106838,0.2608348736175186,0.11458532277455014
2021-07-28,23.0,4.0,4.0,6.069510358059065,5.45729586004602,4.869306710825336,5.223850403003523,6.212395073814231,6.640925219189679,6.840258553208833,6.2475584139308316,5.713100910184446,6.154543746726483,5.515752464603284,4.972676356109524,3.967451580041762,3.193260842969507,2.782829295692242,1.9786083179716585,0.029529236178901602,0.18864728088102697,0.07760714584989895,82.13562744891846,0.5904932630191625,115.87711417838781,482.2854039321114,0.5909751564842289,0.0,1.3077082176992805,55.12577555310085,47.72669272249962,51.052925602478744,52.561113641254174,48.17647475992836,43.71484886165476,42.13551369304214,37.967918073434625,30.986656816206107,24.523640890606327,21.36244068281756,15.355956558538692,2.2596381711756757,7.251558168166863,0.776541519507576
2021-07-29,20.0,3.0,3.0,7.632186307273053,6.823357543396823,6.084740378880863,6.574451662229243,7.796606964455196,8.300933192952497,8.549168079585243,7.622258067350898,7.102393546353242,7.716208191122499,6.867841055389739,6.251977594560353,4.891972924023036,0.7154080550383607,3.4515366028672765,2.246543791923714,0.2254361914252068,0.005973830139861593,0.6961665931161457,99.56725416553525,0.0,137.90478897222636,545.4663913852063,0.08599173333856049,0.10825342958334998,16.690398670599436,62.78952995837817,54.4035914053572,58.13028505391226,60.042593269876264,55.17341653058524,50.240342592036384,48.51731525937899,44.03334336597048,33.93149634153719,27.096601036109103,5.002774570829321,16.338827599662583,11.516148345420376,0.5553868928399625,0.896087063129984
2021-07-30,21.0,3.0,4.0,4.9954043696604105,4.687523058448654,4.181832316110048,4.472426575065342,5.297394173484049,5.710042172341079,5.888548585462354,5.405334913693528,4.903602310985107,5.283461881206431,4.747865083249953,4.283858093399525,3.4807401627850605,2.7242390877807776,2.3230280872564886,1.679144635061511,1.2813420451009552,0.007747980188940348,0.4717140385980379,72.02119051631676,0.6746307352163121,126.05216684931833,513.1144698781112,0.05460034838585213,0.0,16.026157803063825,62.15856071253896,54.023784524504364,57.92511723756784,59.58513655465151,54.629802199466425,49.65669859570742,47.74987188739611,43.232818474428626,35.22914754954405,26.320037393426983,5.398112561604887,0.47952861074151654,0.1546104027672024,0.5097651494281721,0.03532022127328489
2021-07-31,21.0,4.0,6.0,4.783232605633256,4.261077749737714,3.82471702423949,3.9959909272196583,4.748615219175454,5.207402364821221,5.365068859966713,4.915807512540466,4.2945634018321,4.79949188728834,4.330506237430197,3.925308402043825,3.1294469352118215,2.4104135916756166,2.1223618004447435,1.5556481221145317,0.2817438899257626,0.1386974309017514,0.3801452735344032,64.47023923573707,0.1598809948551702,159.5301809119978,768.8474302371548,1.3219917006179,33.95727860053056,22.43973910321145,82.93053681269436,72.06996259376103,77.27798025770886,79.831043836047,73.34556640255978,66.83908969164032,64.49287378508996,58.51625458390095,47.49191492299937,38.03860256641547,31.32147742632363,6.332181586905479,3.271122790565612,10.594155706498004,0.0976495703029692
2021-08-01,20.0,4.0,7.0,4.785134529445298,4.825034154716477,4.315506476916077,4.638995639447236,5.3881179567777835,5.878607267914779,6.055860624238481,5.543682425977942,5.03077990190954,5.335178290801183,4.674053903214349,4.268359273719994,0.7969973112070304,2.719172671216948,2.4545433168320674,0.28761291241329684,0.085291514349565,0.14111141605526073,0.03438921504182128,67.25917331143944,0.060340418072311094,106.67413218363066,468.165140657607,0.012107871649012295,3.216236681815732,14.075202784332978,54.522814065912904,47.15643229576021,50.30753409871783,51.79570323731934,47.49072168463769,43.07959512029354,41.56430061669772,37.50569799943868,29.339312040883982,23.412797474061797,21.241257723006633,1.770048152917982,1.2452985944596686,0.0,0.44218808735038195
2021-08-02,23.0,4.0,2.0,6.451420125564383,6.2094264920804365,5.533792953072736,5.942796038589782,7.0713420546847106,7.5572973542042075,7.7879082094273295,7.126901268719587,6.4641649712464435,7.002729632984942,6.207023441820817,5.493098647634787,4.59753677137736,0.8118663275505636,2.911981693340497,2.017722113900557,1.627844988799998,1.1029823384074684,0.03524153021850433,92.26489893561384,0.16687053097317567,111.0278670127674,505.9566163599729,0.08192755102213439,0.0,14.905017361583905,56.201166709365836,48.86799371280448,52.38427521019232,53.79667724026189,49.316644210479346,44.801494946206155,43.14696487238811,39.16980779451501,31.557848613650073,24.566708507108387,22.104010163935797,13.581849660329352,10.26982806641489,1.2082129890900468,0.07811630164731134
2021-08-03,26.0,6.0,8.0,6.536536082153948,5.875592141348522,5.253123670169485,5.631485420329712,6.702297608871572,7.160547197686919,7.378005477467106,6.74825307062581,6.155793034549748,6.639013926819952,5.878799044119785,5.350532139107616,4.3425374398190115,3.310310006006034,2.749379135971833,2.028737147020715,1.6701570122315328,0.05889535675365061,0.07737329719063517,90.13525035321157,0.04256311452807421,97.1243182108562,387.3727759325119,0.7857934547381786,0.0,4.1173273804498844,45.24321125828466,39.41162129698222,42.382250328400055,43.83556207966063,40.28566175703531,36.726589229796176,33.48418277075622,30.183829442168435,24.706719650427104,19.380108681524163,4.979414257035866,11.592079203706616,9.197892713497305,0.9757639264374859,0.870561956349789
2021-08-04,19.0,5.0,9.0,1.673649531200477,6.555675670825655,5.858363405526225,6.294675461542989,7.483030266178427,7.990609151833543,8.23370172076616,7.336121135276751,6.855075793452181,1.7348332439515994,6.622326586545596,5.997504636580124,4.817866185373086,3.8798626811637593,3.20423875905635,2.3835372019009298,1.6443673253531947,0.9769551575041315,0.03226410489747779,89.645258885695,0.1259542483077609,91.78684354947517,456.42246628847283,0.028500347779538943,0.13159039830570024,13.288548059517545,50.88579448699539,44.1379322064012,47.31878436762281,48.70732576971077,44.64948614835402,40.52006110704552,39.04316812586484,35.33198726161243,28.022979126874457,22.321242220069585,20.102931817576327,13.316427217082314,2.420390566365138,5.9728324030740225,0.2509850060007732
2021-08-05,26.0,5.0,4.0,8.178852793329447,7.386435910213238,6.604273892888254,7.135781790948814,8.460898494081496,9.016348439915314,9.248566143069405,8.495317702571672,7.695734277640562,8.344561630785092,7.430051617922597,6.762246712671116,5.401357914153838,0.8018396421018114,0.2209953047399895,2.7511377437347644,0.32217664790019157,0.0796664598056531,0.1133593563217564,105.0926242933514,0.7061183743825109,94.65061872930626,484.81470251831104,1.3176557615783633,0.0,4.042152688838352,54.71686236790206,47.61549731095908,51.12748500769383,52.64552760965554,48.319776735151585,44.00727262777341,42.39534561958717,38.402187355523786,30.181098961407198,23.43127657559474,20.029806605317873,14.441536709776413,12.210085808721482,0.5404473657110522,0.7083431686974504
2021-08-06,25.0,6.0,4.0,6.518337476783775,6.315707429060313,5.634226717383382,6.055440701939247,7.196946194266198,7.680105783417498,7.912607666544008,7.241215565282288,6.591404580360024,7.090406780678835,6.365752601082251,5.73348508052736,4.676709483635129,3.4148870680010965,0.6186967514105692,2.0113790117781125,1.548206175100582,0.008845869400612215,0.013427942051768903,93.2182821417222,0.6189300417714536,152.98686368252817,644.5713155724975,0.6243224641538442,0.009129552196887424,19.097568914430575,73.13816073724664,63.30531018156213,67.67559747911247,69.65479936888346,63.79862855832304,57.857112314899986,55.787614194407375,50.636837152108264,39.92694997347155,32.82821449890954,28.11339091182053,19.899253010297674,2.768108811065336,0.07463991376200747,0.0
2021-08-07,24.0,6.0,4.0,5.226694974121975,4.942244100429018,4.44309405708886,4.7732884646415465,5.678457102105137,6.064687013105301,6.197510221802363,5.71642761414109,5.166136668631177,5.581975150298986,4.997379480266835,4.3632722993967255,3.5374066765543577,2.731367687789831,2.492489267670539,1.8632812102752503,0.009625174685033055,0.12545637545914914,0.095775452426652,74.00656899088982,1.9404543202406686,174.27573451918673,811.6791499936242,1.224081134148931,7.522661682261014,24.360840384765822,91.73662447715436,79.4996687889717,85.01605645626535,87.41957929444654,80.1610498058025,72.8256056548484,70.22829016474465,63.50013184904403,50.24859276926346,40.25089531641364,35.09823612557561,22.306959878226436,1.381124321124421,0.0744384386166125,0.04839458609962445
2021-08-08,21.0,5.0,7.0,4.7877983765244165,4.417270402546416,3.9399997455237687,4.240718694127183,5.029299761386483,5.370738864052885,5.531972255106511,5.077035909997425,4.60448104781932,4.923223129037915,4.4070505369451975,4.004495357575393,3.148306020731956,2.5076660275982032,2.2257049213646,1.4343955970128097,1.2586244698483682,0.6659334897100476,0.00041399821349984964,67.57575605447097,0.02511977115814657,87.9421072587356,416.70928522690485,2.839281674140825,0.0,14.084989121218365,54.166808640300225,46.806075959209515,49.99781689256007,51.42988026588471,47.11907847218259,42.6946792163804,41.03425637340866,37.251728028025916,6.448037897096187,23.32320408628183,0.6629878468515826,0.9968295965292707,0.6666156009203181,0.004755277903593913,0.021541952151648225
2021-08-09,23.0,6.0,3.0,6.847899281532964,6.378974765585176,5.7019122159363755,6.13095034045413,7.2807496542974235,7.7666849832363765,8.009274655636418,7.3441674180189604,6.668165506197388,7.06067383542557,6.440862902864103,5.819900782465347,1.108732549750419,0.7477675956332374,3.2312259251010467,2.081967702928348,0.25547059466131894,0.1446901333047717,0.5399560427853959,89.57375251195484,0.0032423174621520807,113.33308149513158,504.78615687175034,0.03899125883252812,0.0,15.007619324264798,57.56343407827528,49.965127820884256,53.54557966871696,55.08707423713793,50.49358656464617,45.84460521704817,43.992291567954695,39.75397838648034,32.19362847134071,24.001356107457458,22.462305034488242,14.860483651515304,0.007998112989132155,0.007088628550913181,0.0
2021-08-10,26.0,6.0,5.0,6.017681434606789,6.16841643903449,5.501590312582199,5.919418375559511,7.027036273714627,7.499463518227632,7.721339555449407,7.087158155778288,6.429018839471225,6.763203791919643,6.027591565393611,5.599100695381723,4.537996038834479,0.7618664622953337,2.7870479936887613,0.3835551906093584,1.8437511681873182,0.059739878488491986,0.5245618346756881,88.74205445903837,0.07306199683527419,105.91828617647381,522.495348863194,0.049972712108291434,0.18952484519948634,3.810460829193106,65.81190925462579,56.878219935122836,60.716686906322515,62.55700031810676,57.35680221864331,52.02999268575021,50.19991131586252,45.4039440081476,36.89190597779801,6.996644338264804,4.119809490806261,17.73321183641817,0.690511228938733,1.1068473299947499,0.0019663439991500714
2021-08-11,26.0,6.0,9.0,7.9496563933482625,7.193656289556591,6.418195974948882,6.9095528762219525,8.20578010045054,8.756808838050594,9.01967431452808,8.269410510290074,7.294170715070235,6.995499973447712,7.240854230702637,6.586047500981255,5.321063243968134,4.104861644354265,3.7099081634468405,0.2050334290820136,2.07601444315126,1.2127046654887454,0.09080873845551785,107.57641198083725,0.6541085587269513,114.13767814649906,545.4973785463162,0.12514977844299705,0.0,3.6512922216823167,63.47716882725533,54.902126007865846,58.67968612195766,60.472329544711044,55.467885732420626,50.37939784430797,48.61367098660778,44.1000196091797,34.569979783217185,27.481216943959122,21.13046688899155,14.52942451954093,0.871160509135583,7.14697847992891,0.024574525554627413
2021-08-12,25.0,7.0,10.0,6.673845376714362,6.131658331837689,5.463507206128097,5.856355233633704,6.791713461952585,7.446981815352907,7.659911978991688,7.049241272956681,6.41103058941056,6.887858025638324,6.191401807894727,5.624430214319265,4.563225457363091,0.9712104392005879,0.6518393067856981,2.239634359492228,0.4318622324054478,0.029989855843588206,0.5382555013019976,87.64074463090022,0.20321570806695602,176.42092436827423,858.3450623478418,1.216034367937448,1.0626485410683315,25.705434682684075,97.860587472691,84.23684704974218,89.48474700081658,92.0514472974992,84.32216868261865,76.30815384166917,73.64778200351184,65.38312893548117,52.56037105335788,41.77940038762416,37.785305858405685,27.491325139290172,0.6617969939607322,1.2780599989120784,6.725857408508957
2021-08-13,29.0,6.0,7.0,7.293330271373037,6.318222175054571,5.796833750810613,6.242351082481762,7.412786615263483,7.905261886659961,8.139367505745502,7.464368888432188,6.771231651422272,7.346975013113703,6.536532139185071,5.949611085512398,4.662538790018064,3.80559646680989,0.6016676354648565,2.075832016180816,1.7283350337165342,1.0498109708415384,0.0840276372785908,97.21537024078378,0.6274638850395228,177.9724351347582,732.028980486463,0.005684377453857172,0.15945284472581384,22.135832119587157,83.3230796525793,72.01751683185869,76.78156302947912,79.10619903331474,72.57336877615427,63.75691538434851,63.44447370793075,55.16769805031939,46.687303423114464,35.8137123889187,31.541589953126707,19.163450849752312,0.7802168571011807,9.576607584151855,0.0
2021-08-14,27.0,7.0,6.0,5.2939303579414805,4.89512472759676,4.3676143086574895,4.694235127016942,5.57353217205802,5.899480977302927,5.919759717748768,5.6235221214201285,5.09977793324201,5.363638198997163,4.9180687211309735,4.470553935515132,3.500069856317468,2.888580911426661,2.6032618963232856,0.3217226755425728,0.2678330281473587,0.019797044924733234,0.050212644094510206,71.7840300982157,0.64046041244016,186.93804064864915,816.2087864481415,0.1101406606200232,0.8250878910118908,23.61657845017793,88.88230267978213,76.95970249059766,82.25963408807227,84.60954637062929,77.57484435282335,70.44022541196139,67.92720408976784,61.33032676296227,49.97630566120414,39.62893935791846,35.52834101359045,24.43739877244346,19.56953898133051,11.656396563586556,0.9864135102818682
2021-08-15,28.0,6.0,9.0,5.32025945566707,4.999599089821061,4.500017330276347,4.843342739151694,5.738970156543301,6.115788994523908,6.313821366555293,5.796610802010751,5.229395453889347,5.020915121870843,5.066410144006994,4.454299239605165,3.7085197444999736,0.4898251144405619,2.6490614531535064,1.620761130253597,0.2354567509380306,0.1701755590699508,0.43244683000951634,72.7056764762869,0.24432402371359857,172.37202164163003,559.2788968087358,1.796840302663287,28.689408485287473,15.028331081948577,61.59208433863837,53.058197505663664,56.3749169004478,58.12354110203229,53.289548575156225,48.36106102492102,44.97256126060779,40.73073857852802,32.99997657679146,26.204071052803997,22.70333289923203,16.76151895750206,0.05291084377301481,0.33669762540205916,0.0
2021-08-16,33.0,7.0,9.0,6.850587993991487,6.204654768934936,5.533994156754893,5.951752010258546,7.072538348674478,7.5522330407585025,7.764687581292364,7.134961723869794,6.477561261854765,6.974337585471341,6.252865392416325,5.684563470275488,4.578902592008323,3.1847579222759235,3.3181156399628335,2.2465473534590785,1.8483089908599108,0.18420924301379055,0.07924513958370268,95.10606119464207,1.2508370664819328,158.74243692872483,705.9939801918714,0.030725141432532126,0.0,21.075301755690145,81.13664847025187,70.11977050923174,74.75591100732855,76.80242510115923,70.34323808503233,63.705840931342514,61.214421818132955,54.60337080811569,44.968753526801116,34.297351618182496,31.143320663947794,21.571742062093634,0.0061912061906840895,0.24969262837075928,0.0
2021-08-17,33.0,7.0,7.0,7.924832953624703,6.8749479573973575,6.346700671961742,6.831286620905277,8.101484352865349,8.579362408399987,8.65166258144691,8.163347887225497,7.411739745186821,8.018051975093405,7.16361418100469,6.448689438942893,5.038260972989367,4.194187333269074,3.6120785509124578,2.4344171275461206,2.027173066407946,0.013306479117051172,0.7000380095495171,108.58755701997549,0.6052867727442444,130.3666042050371,601.7851154692282,0.1651179015413887,4.855255385126707,18.07688540259539,70.38792756390171,60.78765319231993,64.78345122992404,66.74872474456905,61.22968528072155,55.47013305622239,53.623211411839556,46.99700813677252,39.38814187853414,27.150709137290956,28.53838575865174,3.416119832500994,0.28206798802476035,0.04975547023273164,0.0
2021-08-18,35.0,6.0,5.0,6.59871038204737,6.1995778917407165,5.528497902418706,5.947245542115808,7.057294677784638,7.527030309914642,7.747637000024409,7.122308360951952,6.464116163854425,6.974221336915024,6.243843456437457,5.6758926512649035,4.591709317444262,3.6363263725918937,3.310871439118976,2.1703074964605316,1.7689124979674917,1.0919374282680951,0.5347147311744569,96.30771771663775,0.07035590521516732,123.26633818600982,578.9453042657539,0.6066474618501927,0.0,17.169824917689702,65.62832451697376,56.77251309704108,60.62787736093289,62.320519283939475,56.95959564948618,51.80921760932639,49.770604195998544,44.90568060276696,35.82111573515269,27.12121555744262,25.4737269695056,15.347174905567238,0.5577468439706704,8.660167019959975,0.0
2021-08-19,33.0,6.0,4.0,6.989885245659778,6.376333317217272,5.689834407606526,6.127450279789244,7.268076944735002,7.734202640318004,7.988680054006613,7.324273121059339,6.640227760814615,7.211575331262611,6.413529319509007,5.835274514923882,4.68217793798002,3.618725778509695,3.2115516642898014,2.391353491900749,0.298455686459755,0.030816463502543735,0.003400622386315962,95.84993045214502,0.15649726232186204,147.8524578754838,552.1806308279957,0.028681004480347116,0.0,16.79181446056788,65.7161828544216,56.85646051657604,60.65365623881903,62.60566770303403,57.516983790353095,52.33624149643592,50.57359868658394,43.47192428276307,35.373231847485904,28.082027837722393,4.5828836281422385,17.483772150847273,0.06551666086631092,0.03298782917707758,0.037680844199992174
2021-08-20,33.0,5.0,4.0,5.238224187004401,4.678539906886369,4.1664705821398105,4.471825187309696,5.2045070510645175,5.694409639941415,5.820755239631814,5.382611352182695,4.884782520283328,5.147184087811352,4.715761832857121,4.256794514287878,3.3253633332369903,2.7651806534016687,2.1968576347211006,1.696675082901674,1.3381533775736851,0.8384539501198667,0.001857573939678087,72.0480023122226,0.6026453324472135,337.33441153519607,631.4914283438505,0.0013994557021803642,4.934017280926087,3.9616982185856204,73.66124542205574,63.63944359488952,67.83524916806455,69.79215237616229,63.96564364957411,57.88981800648768,55.76205128919846,49.38464553268409,40.560933132924845,31.506200903153054,27.615750615658282,3.445809341908285,16.024091199149417,1.493121426486337,0.019557185942211567
2021-08-21,33.0,5.0,7.0,5.422795160142111,4.964924343346458,4.437970759988091,4.779420533000798,5.577488034369007,6.053781720411164,6.236365547238188,5.587475275510005,5.179149149053366,5.627915665112821,4.9565644293408075,4.531278224750113,3.6679887081964897,2.835398638585605,2.5628742541998824,0.32581844297100904,0.1973089502481175,0.05757313321436899,0.487807904524224,73.48989887420261,0.01641889502569,282.2692127227113,759.4304684220739,0.6677288798793546,0.0,23.46292014169679,90.15955286042133,77.93365420392509,83.12584719171805,85.37510693116599,78.21428250341074,70.90977349487135,68.4072040193503,61.797129101336,50.23040978731133,39.253585015736704,6.538124559854228,21.046003238934432,0.7686554703630912,2.175661733921373,0.03255816805699989
2021-08-22,33.0,5.0,11.0,6.302471228895418,5.739889834500913,5.105567577901604,5.529415351095111,6.560746722979451,6.940993167012243,7.199665869304536,6.5996626740662006,5.800552899437951,6.492786616268517,5.748092525082773,5.221071367443728,4.103422826550541,3.2548356852266433,2.7600951813681984,2.111262309545817,1.6958391843650846,0.109947972274928,0.06570171729750476,87.34202071061716,0.6126725600173227,264.84200127646443,537.8903547865687,0.6590548441967766,2.3945476647044477,16.73805194146164,63.60773499042396,54.70909113487461,58.042463883699256,59.782407414510615,54.75653929840488,49.48909240629485,47.9327517529351,43.73669397852721,34.99245248832903,27.88723215037344,22.89686005832098,0.7911842144905503,0.04154768680613859,0.09170372241195764,0.0
2021-08-23,32.0,5.0,12.0,7.361388357323821,6.6790250929057,5.964955213128078,6.4460542183026455,7.637321424730234,8.13473131250923,8.375621178852784,7.673903900243587,6.947708710022959,7.543872012200575,6.711040918923248,6.111692750040389,4.796689978148036,3.808948606275361,3.557838494935409,2.5040865796127143,2.004588116434286,1.1021216691773636,0.6917936336390202,104.15395893295978,0.07700505507076014,156.77581931460682,445.58563649835247,0.18454366106907583,0.0,2.81726341430546,56.29595334852491,48.776385517368325,52.1431605006195,53.6411032661172,49.1827256546417,44.573616653641686,41.851724996236,38.021615599342745,30.563789014949503,4.687845083940521,4.768996306661085,15.392318271450714,1.789382278270613,1.0797565922824728,0.0
2021-08-24,36.0,5.0,10.0,6.682349890069265,6.171994987854279,5.510744100671384,5.938422290567221,7.0417909966507874,7.502423860670841,7.713899213045378,7.0867291674675,6.428219706710149,6.9784920022713095,6.211798462795223,5.65263539598388,4.554742570998048,3.537307009064677,3.1580326793372246,2.1933886992109546,1.9027047940912025,1.0166079113315583,0.00455004070332996,95.94497461238524,0.10344295008392647,192.22945150471958,579.2010951243062,0.10228021745945344,0.0,17.98499899001657,69.58145565563531,60.068437577420305,64.00810866816798,65.94177277763468,60.46982340288159,54.732148555133136,51.263193915148065,46.34180625681525,38.64536444253337,30.66156204549303,4.382955523273239,0.08108844192632463,13.58361047019436,1.4547684020329537,0.0
2021-08-25,38.0,4.0,10.0,7.272405480406259,6.498796373422957,5.8000621812797135,6.242391137095166,7.4120749705625455,7.90757272597691,8.146652746511052,7.470267638046772,6.775338546487105,7.271891269139408,6.525374664150072,5.950923098981889,4.822661518186625,3.7154317649068656,3.349344462328045,2.282472887007858,0.23724401308696996,0.19981691962202136,0.12873924703341313,98.14986936763663,0.022189650670639337,125.20947530703951,539.0188628776068,0.029196655862080804,0.0,2.6494663120109805,66.66656041139805,57.54317459468323,61.31177620196931,63.045280425526784,57.77698312386854,52.359332493021775,50.46940617235828,44.813158945455335,36.278583305965974,24.22668245371689,4.700200275365324,16.327575458744956,0.6519045729823782,0.18039087745501603,0.018387253084010916
2021-08-26,38.0,4.0,11.0,6.73182238431869,6.104830544721331,5.353861765801695,5.873242890902221,6.978314087653812,7.450086124227502,7.661948096438484,7.022307710964847,6.353333871448346,6.912169823302853,6.145166010777412,5.550226665807512,4.498477058325949,3.5879320931945395,0.6064476088265587,2.170679228348004,0.3127685696566411,0.012129483879144332,0.008216884857378965,89.33396090345292,0.5921659323108808,237.53789328995427,615.9521179811293,0.03460215182603375,0.0,18.777053895363245,70.87097548401627,61.13313547294864,65.10524315653434,66.92630506383038,61.27615012617865,55.46368612743142,53.53871510767603,48.720733081205275,39.27050082503635,30.19245298059901,24.749782377163022,19.59201108768323,0.20860333518448718,0.12440804286235257,0.0023618174165031106
2021-08-27,40.0,3.0,8.0,8.249614667263597,7.357597267038917,6.57966701284023,7.114173386608065,8.427001588162375,8.965888188456722,9.225731531283945,8.454624514422038,7.657340017095486,8.331375033193003,7.397796401805368,6.731358053242636,5.406668336629947,4.226220568075598,3.878544618795335,2.7423194764922565,2.0599785197095395,1.2178980616427337,0.03483608140131085,114.12875484683438,0.5926356520574274,177.67439366134923,463.572436231343,0.09516579096241937,0.0068949053924684785,14.907700135776212,56.549463777971475,48.92347485770545,52.22624493052252,53.755113417565504,49.281105833208954,44.716533182704936,43.081558286067235,38.770879383684424,30.518964551763826,23.239545613998718,3.1267272400583455,2.558614048448695,1.7728083604758211,0.11169582906589763,0.025111876932465974
2021-08-28,40.0,3.0,5.0,6.676381399998865,5.980440715357359,5.34890527447206,5.780070601853766,6.846936193051013,7.283307803997192,7.478675118174054,6.867671905776074,6.214048727181319,6.734719733243911,6.003348814760616,5.422927032028985,4.414007316536541,3.4904420439601536,3.1906378582826163,0.28913911919584506,1.8036318533479574,1.0159763940008137,0.004478262007849582,90.84592366801589,0.01732442493218718,202.87290054570767,649.1640400970986,0.663703294659007,0.21313079319502426,21.16573258064251,80.31635363284333,69.27834111327093,73.74475590611131,75.75967343248304,69.3604831290335,62.75669287663036,60.56983818925337,55.09914673547963,43.823798814843116,6.274263640819774,4.983669824179646,22.6814940466421,2.4497892078265022,0.00400128550692257,0.6828748883375156
2021-08-29,39.0,3.0,7.0,1.0303063759953135,5.240074920013565,4.680886941578997,5.021545989853238,5.9833515133489765,6.277331308831694,6.567456117493553,6.02202007844981,5.458121321975604,5.928875823367962,5.12496433108451,4.7541881924083915,3.8250758297441316,3.000350232842224,2.5016191575092575,1.9643668109105232,1.3519821441102977,0.8186117531819491,0.004059698816996843,75.555188541517,0.07029902346418022,145.1191930759007,407.85907701470666,0.7705610964899199,0.027682893630205145,12.890017235302896,50.815110980410864,43.64643549474622,46.2613107175162,47.58824129229876,43.56035303834952,39.34305825323468,38.02100750443073,33.79866296135537,27.512029271968817,3.28551754223784,19.32511506560778,0.9245744723836213,0.7293753714164461,0.0081181863396398,0.12246673347713764
2021-08-30,44.0,3.0,14.0,6.502216823525993,5.878628670607172,5.244759658562896,5.607315172232535,6.690074558738484,7.124525978499552,7.350267985068415,6.751615087718254,6.1321339101027625,6.6438211714105755,5.928667808640636,5.38013930261568,4.344656303426725,3.4317558726395614,3.1595540771796253,2.028798653430294,0.22947707141938653,1.0198262020674616,0.5349107867460459,89.98337947717192,0.0005362258420452255,67.791740698327,315.5200309908763,0.08343526548658783,0.0,9.798215757197482,39.23419164013917,33.88371569525769,36.0999057476588,37.11116337630336,33.98565905921358,30.726306923041985,29.02585412751791,26.14354709275553,21.15839605970687,16.54506831511614,0.06376960926711815,0.0032733363752614998,1.1622606291092203,0.5787036222161827,0.0
2021-08-31,49.0,3.0,12.0,7.710596363129442,7.028885437583996,6.270724679715039,6.5575750625049345,7.9934385325501935,8.517103316297288,8.789876526395823,8.071607435491938,7.33354135701326,7.673684670176497,6.793809228961852,6.183621582393931,5.007226502559332,3.9401045401492243,3.4869718998065475,2.5487002977134225,1.9712814783256671,1.2071902166434492,0.6021142135406824,108.10878247700425,0.173428179297273,125.38137691568043,457.69795899642514,0.003750684507042731,3.954238565746829,14.658550943899021,55.41458393574174,47.921611964833176,51.13729970485812,52.62545042246661,48.24168257395174,43.76529796203405,42.23467704886681,37.23200543076944,31.010374773604774,23.238842228430983,2.9448664723134117,0.8543171001393144,2.061908860046455,0.4022510087226971,0.0
2021-09-01,48.0,3.0,10.0,7.344721611545939,6.546329717789707,5.832668949620416,6.254986096329265,7.437448586942374,7.947117213236346,8.197430881962056,7.521836225956201,6.831252688889355,7.399668651420118,6.59584265223206,5.943915039962588,4.667011964284502,3.236146317749732,3.0945993348166527,2.459405445565588,1.8003381578224555,1.0021960824675558,0.005564323776676231,100.13477835711993,0.6652289551874068,118.48948767124298,365.2728191406232,0.5883862621894801,0.018190038061317044,11.620318656085255,44.81682724029652,38.811604672206336,41.468974129531894,42.74162953674911,39.22898466694853,35.663063331017845,33.025411966176925,29.200042549080518,23.762156390382053,19.016144357776998,2.7961667244230846,1.6274598752115672,1.2946362897511299,0.0,0.18120871692410165
2021-09-02,50.0,3.0,14.0,7.937026731703851,7.339249845563373,6.543324630854574,7.022437271609916,8.332879643143844,8.885311003906004,9.174336716400186,8.423516573539889,7.650752162086583,8.269627517450386,7.314151043793823,6.3667039815874364,5.450496979946956,4.17550239839625,3.9431266255269204,2.7844092389701913,2.2659986047455147,0.21940010326275441,0.0817896903029755,112.18004076279142,0.704685614686978,143.2025562971477,442.13344635425875,0.0994004744530255,23.166156159435264,13.657243890060172,51.32490989627155,44.347096028174086,47.2783026106902,48.7137833627561,44.69200614216428,40.48893131899508,39.09434367720269,34.32624059479595,28.775917447164495,4.646530637678682,19.216921542078897,2.11771651368083,0.19829552080216875,0.08905101230823442,0.0
2021-09-03,50.0,4.0,6.0,6.7843961825811885,7.050565539307485,6.288837696772849,6.758391892739699,8.0230458986475,8.556426364717385,8.491250210042118,8.097133215025144,7.330432342761683,7.97052040734952,7.0036387480539695,6.231394156577292,5.0427484670939915,4.106284436632899,3.7597413063023426,2.2801051948517785,0.34746085094217516,0.015238321160144048,0.004530946240019099,104.21242837852886,0.11389050836564975,134.32605235604439,395.2381688372172,0.6093402475641198,18.836112847639065,11.821136360982797,44.22674013044769,38.35212920622287,41.03779888570975,42.30219679467967,38.78452287802911,35.349983481665475,34.03532095787144,30.863803559417953,23.97674244043503,18.394186679944493,16.04496145765825,0.07305433058960631,0.06682780212984105,0.9372825481787023,0.1353684756154602
2021-09-04,55.0,5.0,4.0,6.574950919027913,5.86894363965803,5.240595422400263,5.631817027087035,6.688984518870488,7.126490584069182,7.34324179841014,6.736009991091612,6.101314561435378,6.633081217205918,5.899971800809363,5.374704915765425,4.342517814164174,3.4785647430841364,2.8481751084428453,0.32164095013194466,0.20195434552005778,0.04876061665866693,0.03485464111506968,86.49657461494763,0.08704735796770362,155.69614201029492,519.7216194458888,0.8144098909289444,5.087275299598039,16.526870868867388,62.99344968636241,54.47621097357266,58.11566837873246,59.78682893934548,54.815054650006005,49.74033291938041,47.99545961501299,42.42346433390637,35.169196122252266,24.025312323163785,3.1733185481368924,3.07071143485968,2.2870790942349335,0.03538625845699431,0.0
2021-09-05,50.0,5.0,7.0,5.7636049227295665,5.2109257566089555,4.642014095848564,4.939800709900889,5.913636675625731,6.194237106416808,6.526193011427363,5.943848185147483,5.448649027939844,5.890117722025603,5.259159375898742,4.569868923310028,3.872274705250234,3.0868178949811824,2.640707016417308,0.23878233078763927,0.3348622560432697,0.06591823488802447,0.07267716684964574,76.61427261888576,0.003822741083235958,75.3855458804989,288.26962654101993,0.07353076191503319,0.017059885693153698,8.405233033249853,33.00855439652533,28.49246340502679,30.35211503462699,31.285489206365767,28.692881674333616,25.16575773979685,24.900392770618087,21.817286710651263,17.45105152320553,12.312757561433543,11.376816669904457,8.646222097052886,6.345210526064484,0.0,0.00033430647136657385
2021-09-06,48.0,6.0,9.0,8.6194833579025,7.87147516320997,7.027879099596262,7.570044592511214,8.926920031115205,9.558234784998044,9.834889099503593,9.040783750712786,8.200958900792635,8.901260158500532,7.927038503164165,6.9537169684236675,5.837828688177228,4.653024035092529,3.944912412467722,2.855751042886987,2.4254572905756078,1.280073084390278,0.002627040144737959,121.43235800416565,1.2388088770934147,79.11988510374618,432.2350581449466,0.074270439665767,0.0,13.21467108851004,51.01314613179752,44.041937162297685,46.91229216907758,48.19522747242476,44.08869407972396,39.2705769307665,38.403519581468124,34.90003953050463,27.556821945820897,21.948710567400134,19.451301906370595,1.7526203821646569,1.3659736462475804,0.10833717605310392,0.011188374318872507
2021-09-07,47.0,6.0,7.0,6.428800129985475,5.869854157161936,5.2346858469410495,5.622103646594258,6.683811046927819,7.143013467611891,7.358115983737613,6.749853677201564,6.128875350667172,6.640476221686977,5.908607289076933,5.382192580028886,4.333372379905732,3.0235834712554883,3.1348101321110455,1.9887185290248293,1.7521194364780375,0.8809723758185091,0.001012687632150796,90.93614396498202,0.07065864122661365,81.68498326955459,315.24289501975124,0.032360305466134325,0.04364941104072888,10.666824696995498,41.041388195654,35.44628654021398,37.7668770946428,38.90298070229246,35.676227434934,32.41031701818661,30.211695491406736,27.305001705645992,4.192132164731194,17.01069632743321,2.08481528266387,1.611953943186594,0.16503372808086342,0.6689944243498289,0.038020858292847806
2021-09-08,50.0,5.0,5.0,6.474208076815913,5.923435449965784,5.28561575870528,5.686808776654373,6.760206860186144,7.202168629862901,7.426330420167685,6.809631028591185,6.1730499225776585,6.7029376393741265,5.959836289583401,5.267063068989449,4.361726278716272,3.4930968554316695,3.187603471241239,0.3899065705975449,1.778012487154593,0.9600087531247622,0.567547100534774,90.54960116167973,0.6126230814281302,64.12547843246172,235.35578330013027,0.030854303473345057,0.005495451755076817,7.041985315974981,27.490466474075596,23.848106887359446,25.534363833584734,26.265821142477886,23.96753208871122,21.866196367409945,20.296366545180195,18.490879566619192,14.99487889277151,11.830190997539553,1.6813363503382828,6.2301942576066764,5.1656187686357145,0.5988063005080172,0.047544059582224255
2021-09-09,49.0,4.0,6.0,5.188815302484861,4.850385783292105,4.313892338745499,4.6085342679554,5.489859502015985,5.661448399268391,6.05946916080876,5.5722997057901695,5.071622701412186,5.474834688542606,4.904460456728641,4.4081491383478255,3.354711649589751,2.729885630826259,2.59827261575172,0.4873526844445728,1.3864929265049366,0.11532759427353957,0.029885125543744073,72.40128314500369,0.5913295882011622,99.96735717311107,311.170632176209,0.052336802904801145,0.0014154382307405941,9.838833988297282,37.25953345645863,32.17303745748655,34.29368600470174,35.349852898294394,32.43024642500424,29.453141047189607,27.4565022389063,25.8374858129711,19.667985130205725,2.9786425554300804,14.239979319791725,9.351460529420905,0.20816227589709174,0.6289682860852237,0.0016993118376211454
2021-09-10,43.0,4.0,4.0,4.2372117326740115,4.107424130888603,3.664561123906773,3.9416995056462265,4.674891432142905,4.953506580329533,5.14127768585909,4.716635134752787,4.162552447368945,4.6123161879332075,4.1295569691406415,3.733597668663907,3.021581568080199,2.310418496656179,2.2007063171539194,1.3988532565378873,1.1648587921417002,0.11050784610637092,0.35127666826914994,62.80030407522522,0.6740784688190411,91.29353293417428,347.6808672317186,0.6579086940743435,0.0229312209533558,10.500554406605751,40.44280161584444,34.94339180939209,37.26124597094894,38.28119870596728,35.06475418712254,31.76666027153458,30.53524354441579,27.825482660645502,22.45412547205306,14.496999562298676,13.166193538154735,1.6417302402370577,9.274214510153646,0.0025820275639090507,0.000757487827302694
2021-09-11,46.0,4.0,6.0,5.13853552912851,4.631466820623984,4.143862881670586,4.382191624429241,5.295368679246457,5.649290145501504,5.744982446454888,5.336916870673336,4.794833324175842,5.241565694618668,4.65425001171556,4.184526184348278,3.295817626774886,2.649509665422999,2.3361817700121312,1.4238947417839307,1.2257416805636974,0.049757252207665,0.03067683433463573,70.21279215131183,0.14373511746110434,132.79682090703142,419.2298370855892,0.004268827404992622,0.8214392891936272,12.470063556366938,48.166900436786825,41.61393845365614,44.37579082730455,45.555414816972224,41.7050937984485,37.754664960781106,36.32256283043646,32.62688071118935,26.624537869649885,20.654158905427163,18.006770618619093,1.8856177169052386,10.599818264442005,0.046184029410164654,0.0
2021-09-12,48.0,5.0,5.0,3.42788352643285,3.16533257471681,2.816184360447085,2.9228173905290666,3.4869927981459203,3.7451667264601496,3.964252179630407,3.6364568323150226,3.295068296887864,3.557125086077158,3.1515510536879794,2.8985914998211397,2.3029707153136103,1.8486402922501866,1.4299793580027123,0.026226864805889632,0.12667260569470604,0.5195883013476029,0.02665041552428828,46.34845272139262,0.012321982206267672,64.54767953702824,164.63607080808575,1.3025909694644109,0.0,5.3898300364212695,21.27154191942387,18.375364386793205,19.58542078453088,20.17227801546901,18.45291074131425,16.213392456012087,16.089205152356318,14.166052295797268,11.784358341224582,1.608662136801025,0.8251096001030697,0.6029909746639356,0.062372398043365855,0.03658156913161136,0.0
2021-09-13,54.0,5.0,2.0,6.083776254016919,5.653708016854726,5.039913570228808,5.250878106952199,6.422307629795104,6.839036815249192,7.069914718357946,6.490339682464941,5.887834034321977,6.372097296973325,5.677567529959304,5.183884007044884,4.183532361973467,3.0407156938809505,2.851562174436513,0.37711541723981595,1.516733912374861,0.023037324898864148,7.142321310347479e-05,84.03432499370108,0.5882972981034993,96.33016268783658,249.90628444958796,0.5928678622485815,0.0,1.772827629172474,29.63164608499847,25.70364791446153,27.498775499228472,28.30799164532007,25.973051179378846,23.614994910379234,22.57730453687472,20.591949393385445,16.114380622685147,12.326837296113151,11.06662608187391,1.4626206320843798,0.0006192834066055123,3.2611517464884248,0.0018599937370730945
2021-09-14,52.0,5.0,5.0,7.3627203315131835,6.725196542334443,6.013411531347847,6.496653231312718,7.684350245217313,8.14524836752406,8.413082049122735,7.7155855121671335,6.983823514532681,7.607618670673252,6.742020626076139,0.8644138498682193,4.706140498585297,3.772078421503061,0.5985148606554757,2.3231037065875664,0.015400600697869206,0.144966915852551,0.02530194421955215,92.34699587868319,1.2484694178557922,94.17092116668667,257.8694886151601,0.43608836933561806,0.0,8.13744324754762,32.220086384229134,27.747241994039772,29.519392605219323,30.49129601805838,27.97199033064291,25.357230849377533,24.52436316539051,22.2551809563416,17.123846792155454,2.043418555281227,1.513157743331474,8.499559829083207,0.03693380207694603,0.12915215421838855,0.29919418816658355
2021-09-15,47.0,5.0,6.0,6.316890153110391,5.679283496224973,5.067231687505297,5.414761190714529,6.444683385684475,6.875234668912684,7.031515487289491,6.500101219806401,5.86640716009299,6.418246612781128,5.7147024630794,5.195150895072875,4.174012961694352,3.3041154357328675,2.879627608148468,0.2382877535815241,0.16234251004906028,0.10143114097197,0.0030982839385708338,83.45724563706673,0.0002343825398794998,59.885891714530516,188.64967413467755,0.9193402681139888,0.06089276952588578,5.9771229277654,22.84405569972918,19.784281993189325,21.157198434132688,21.853371771993675,20.034243678114734,17.45042567427953,17.619121951525553,15.847893465945127,12.20019608237371,9.558160644981088,1.7002071706894164,0.00745271415278654,0.046503254696255665,2.508545901583185,0.0
2021-09-16,48.0,4.0,6.0,4.581379207161246,4.326106075294758,3.8534313798205315,3.9883551385923766,4.90786913442853,5.240686417607266,5.414198687954066,4.958189746167613,4.516650062101983,4.88839201310321,4.365816486646211,3.961125780209164,2.930677713331157,2.4237831529839564,2.292015004835849,1.6174841194459462,1.2110085375900475,0.018231406271837395,5.878706206944029e-05,65.565814755823,0.07126509251389408,61.676434437947584,141.32147086911334,6.308482403860462,0.0,4.604066949433766,16.976288463102044,14.79736743862633,15.915634503020328,16.448039611019624,15.122117357155163,13.805962927512201,12.54298579178028,12.00391697143484,9.145692550848613,7.2993081135325735,1.4686985385882563,0.3308248843736798,0.7769360354746601,0.07384695823636982,0.009783774974609232
2021-09-17,44.0,5.0,5.0,5.891037552341844,5.450957496083321,4.865406366245837,5.071582732016722,5.997695763636457,6.58306467148113,6.809486236345166,6.246759321925291,5.66342379508569,6.156389649687959,5.482782759877529,4.997321591302904,3.8308636019001585,2.7897185344510693,2.720855057853188,2.0820341221750076,0.20438610903336438,0.04268701580134315,0.04310398150137615,80.92955635874534,0.04226127122590849,106.13847810165034,238.39286026599007,5.62462845416121,0.14315621835647874,7.3891737537770315,27.92700415531467,24.19736862507202,25.88412762602852,26.609467091804003,24.38531919230217,22.142105436773676,21.294725062001834,19.1167126280984,15.449609409564573,11.691736645361964,2.3710063527349527,1.4230250030006943,5.178046514409679,3.128180269770416,0.062096281619011616
2021-09-18,42.0,5.0,5.0,0.7527326079317643,5.121836456517119,4.54080897783881,4.793244264041291,5.809522703866946,6.1236903285004605,6.172479072678905,5.87047780546159,5.262033798547581,5.78494046677897,4.884860603471824,4.677380540574226,3.7361416042909874,2.5837656567372345,0.1363533049775731,1.6239430666347143,0.09164967529862365,0.010295500751716999,0.4559584073399544,68.4321148422403,1.2552340083716633,124.74123269936649,372.64898933265715,11.297876675447217,2.7988391639498778,10.776302306667564,41.65696935395179,35.959333377472404,38.32815187004534,39.41531279906932,36.094075579709624,32.67844774073258,30.902312354252224,27.99302682069152,23.19437179108449,17.399215563266566,15.875894928250457,9.97510950952111,9.486200934894738,0.08714310584753095,0.028282133250064383
2021-09-19,45.0,4.0,4.0,5.726685645020868,5.374600629463466,4.79543915558421,5.109900546790232,6.028976534206009,6.455435320497921,6.651484923551306,6.162017385686626,5.592521288370897,6.0664430945861625,5.230014634724706,4.881686273474613,3.9526053916954305,2.9973516855146465,2.7272487707026976,1.6756170229860539,0.17297850928960393,0.8516546773463053,0.047553273418977075,80.50051660621288,0.1224745974249353,68.5617464350073,143.64259217858927,5.229867147827719,0.0,4.436127660657702,17.574551285796854,15.11594824468215,16.049016710868667,16.52389478975217,15.10793907982721,13.2903423199854,13.129274535621287,11.96438902261871,9.03281355105461,7.132726420696859,0.007073682201041881,4.276266094385758,0.002228780440835787,0.0,0.0
2021-09-20,46.0,4.0,6.0,8.389354445445568,7.7490184076058695,6.916985506388925,7.366943849583049,8.812358283781618,9.08003583929132,9.636146499367696,8.886768297769265,8.00910304915584,8.751778859837591,7.785355831494027,6.513771183067716,5.726601066946089,4.569883777282709,3.578992829714151,2.9509067251607903,2.2622229255538517,0.004619632580353295,0.002253176295922766,116.99310018632235,0.010200362545607803,93.86766294718772,204.72376113454146,55.32487688138596,0.0,6.236441744066416,24.32768747443291,21.06571506011204,22.507661911176374,23.186308756939873,21.263928532152185,19.31044398511741,18.49571686644611,16.820937687199322,13.024700360325117,10.546215958976987,1.5476434575488291,6.344596512805814,0.04545671898216893,0.0,0.0003061082598444774
2021-09-21,45.0,4.0,8.0,7.279129078584578,6.744199703571517,6.014082414435675,6.456894856782347,7.622809530371836,8.143540945615083,8.421411886506252,7.714714492905348,7.014408095067286,7.614480627951978,6.788849819609447,6.186335322926715,4.694910723283632,3.657599101642933,3.6160905080294174,2.4053691062855176,0.12367677972389451,0.11744301905546169,0.6723953470920037,101.8760588263545,0.03571101105229852,103.21711893489645,157.58309370644645,84.3547468979956,0.005746255089872161,4.6248370830904655,20.297893741105444,17.542974649051285,18.752521920101575,19.355508597553303,17.746063681104253,16.08592710475733,15.409734268461822,13.560119028533101,10.987882860467824,1.8600337684652926,0.9825276277794266,0.31874819839446417,0.026155113039946658,0.026419809451057385,0.0
2021-09-22,44.0,4.0,5.0,6.644483348760135,6.218771190731119,5.538015964615122,5.703266307668785,6.726116270048519,7.473004221814247,7.755124667107237,7.131897227557701,6.4861981086227924,7.015638733227714,6.278160064912831,5.3348753402747615,4.3377532170267115,3.2419289716153044,0.29639030975049185,2.02464700743199,1.6379587172920609,0.9947065369964712,0.012009166310832346,91.57897558851444,0.5957585732304381,123.09404889813105,163.9154564114793,99.12544194925741,0.04686152905039723,5.023113045378251,19.65561264109589,17.011884976216578,18.1724021510304,18.711564949849944,17.155382154170507,15.547003868055365,15.011591923717967,13.60256560011326,10.629211019695498,8.686678769127049,1.4636726398773647,0.8697034555514214,0.081692533605614,2.223590557836445,0.022924597107376515
2021-09-23,41.0,3.0,4.0,6.0752093014475195,5.4538077322838765,4.857529605227143,5.199156820557315,6.175231956416968,6.3799312484507285,6.809167644395922,6.238027560719563,5.6881175414777285,6.156481229777663,5.501709196561809,4.710542333202749,3.9755929824054417,3.2142460333364444,2.9175821720972315,1.7580155386207512,1.3887869359092586,0.10737214059695624,0.06698094276427262,82.75553935432222,0.05966611663042737,85.52991799673246,143.59621710453968,141.13876845649256,0.051025091312984196,4.50819658323968,17.547423717323355,15.194208051298789,16.243060858270226,16.7234859248072,15.300902787959748,13.927094872407544,13.245761741439306,12.066581749342504,9.26229308469707,7.475765557413169,0.953506149570275,0.7989386432620947,0.22481846034440967,0.05401910115498801,0.019134730696328418
2021-09-24,41.0,3.0,5.0,4.4562325428887055,4.673870734830487,4.169193235998054,4.328146339939644,4.990654915787938,5.645091374283345,5.830111002469497,5.323915917437814,4.875914683022625,5.280623483931268,4.694886154458564,4.1855530847204125,3.255891773795259,2.6280632213133646,2.4039021144072685,1.4357274933190833,0.14378371411866742,0.08731721330710043,0.40633282107804963,68.8212574474815,0.17710277841970706,82.51118046987435,154.06989417521646,228.88101890596027,0.04644786593233297,5.3731348155364325,20.06053508681712,17.41402690415134,18.641709561714734,19.164889943131993,17.574021400795825,15.961230747017144,15.302506318263768,13.592643820051324,2.6507980638438893,2.0058439725058497,0.570593105980559,4.658336523667037,0.37889435648497083,0.573272231446926,0.10100945787520584
2021-09-25,44.0,3.0,3.0,5.013827394990412,4.824104359860376,4.286484317867211,4.274453175135326,5.1633641488963615,5.754542558458361,6.008374986995214,5.527606129084965,5.031297098869591,5.434113987561084,4.867844198850171,4.3840360033763295,3.165621937317026,2.197021533343363,2.147370200277074,1.5788999073524004,0.18931952045439474,0.00666180704176841,0.3922474638112723,70.24719072954271,1.846448633641901,103.4787582194006,245.43583577210762,471.21725331944873,0.5018875557743133,7.283454329171789,27.569704269129875,23.814762736677316,25.428204676367855,26.162592330720294,23.95530169457954,21.684405775871312,20.907567561576496,18.974320215860324,15.355250752332426,12.286739978874305,10.360603280063549,6.749659261945142,0.30512149083172024,3.8037140254402524,0.29254583689110647
2021-09-26,40.0,3.0,3.0,1.249787590477276,5.86863654656917,5.22364911767739,5.1937534831885435,6.620520191138084,6.8623236450452305,7.047305653176488,6.737848163469571,6.126168555803832,6.6238732378501,5.906457951002252,5.392741916832024,4.019867451200054,3.12400477791422,2.9228384313450086,1.7257571656379203,0.2776774239158844,0.025032904234645048,0.0,80.94824420647768,0.00039306680867790076,46.81372783942744,122.0584519718905,190.1297040214935,0.04053012462825111,3.5323456589531816,14.459447085647357,12.422636610678236,13.172136540366472,13.552312325544149,12.39873038425295,11.135348134924307,10.31127440920185,9.141552104484692,7.723014697189972,5.608241918019122,5.337740526707264,0.107838980900449,3.0477269192128014,0.06664415622851207,0.0009313949509537147
2021-09-27,40.0,3.0,4.0,8.536719167777937,7.948777782785381,7.082655333125282,7.5555838747915525,9.021874402351811,9.622398745694587,9.940002667271438,9.125811265835475,8.28709608396653,8.980483899163735,8.010243156991697,7.221020671698986,5.885311705391914,4.705315811804864,4.028563649234444,2.748848168421013,2.3044158178771195,1.283132330269667,0.12291628337030427,122.41134831861262,0.11903865997746169,105.84742277067657,121.7168139555789,356.8401403227274,0.0,3.9693791947864043,15.01290854446537,13.020510730082224,13.925741772726646,14.35660600688737,13.170624773582803,11.97954084026414,10.994348387000894,10.015205216433086,8.107897004763604,1.5850100296641116,4.557829888996377,0.8824324520142189,0.03845580065466586,0.03161949401812572,0.06870381923887184
2021-09-28,41.0,3.0,5.0,1.2734370242797326,5.211269766570624,4.633215917061229,4.890720622195228,5.820520342826242,5.904692437118295,6.491002610508264,5.965676667094609,5.431838957179241,5.872809586688208,5.25739715455884,4.7748912068272436,3.7738255990754515,3.045087745599747,2.167629547970244,1.9915846627535263,0.10921774231036771,0.024635901008096015,0.05604966555576908,72.69573753972084,0.03363009957892777,100.31246391914839,116.85747423847863,332.8607834628723,0.04187786742672844,3.58372935468675,13.77594839272616,11.911501137010214,12.733188180055576,13.122930248087751,12.023488739637681,10.60605273035147,10.137224322904434,9.216355185928961,7.625854274229833,5.704484038409764,5.504991619274457,0.1441727603796197,0.5848389113247999,0.12518833828562564,0.015648137758815808
2021-09-29,36.0,3.0,6.0,5.953788349903483,5.374627727571805,4.78140418815493,5.07455858773025,6.060816300019095,6.479673505519154,6.68926497892898,6.166687444608512,5.607705322121654,6.062880587463413,5.422460242714967,4.909024616061243,3.8386999507461237,3.021405178244898,0.6868705681183502,1.8980714370457092,1.3081186932714202,0.10079561802972165,0.05992397045869209,79.56707629017657,0.5922663479929754,79.19269565093012,99.45082134907082,337.39568959307417,0.0,3.26193256428509,12.266388802741417,10.622478009373948,11.35387365028906,11.695465686858505,10.437732220012535,9.43279312017186,9.04921839794123,8.200872068721006,6.267900797487835,5.0945357157108955,0.7635937070866651,0.2190340528048612,0.39865931387917336,0.243153486202435,0.143189755504313
2021-09-30,35.0,4.0,3.0,0.365488289412927,6.3856853332081425,5.703957529822308,6.093232579261569,7.080185942138476,7.605690534721791,7.985017261498677,7.325897010214566,6.6417269843457385,7.2173973684490935,6.349138810874086,5.673465205445756,0.8466086792523334,3.498076370292456,3.362074068285486,0.2954391123820894,0.04297443539122905,1.0240514548740378,0.007595502485337082,83.50698898759728,0.13115685085844256,215.60206675593477,112.15389197955277,296.37982681945306,0.031448306617196574,3.4796838129943595,13.430078627941034,11.618588028498044,12.40745990334981,12.75909872631036,11.69274191486925,10.582779553588932,10.178636977717469,9.239494615221313,7.353088223419661,5.375102202379503,0.9653960872626459,0.2155580911388306,2.5611225198907266,0.25003346677719107,0.013580921576449616
2021-10-01,31.0,4.0,6.0,3.1626546977115333,3.812434152764527,3.3740735827032737,3.2474272449925548,3.8775729547619977,4.385694859074042,4.740686837279506,4.378614274434089,3.9994071650349645,4.058148331240453,3.8036587606252206,3.470815956314684,2.714762771482323,2.0711084132277904,1.8366770436886328,1.4281947764131582,0.8202881478382151,0.01601741594832161,0.05922275627729098,55.25769452435245,0.10036169944632178,124.15997503575879,120.25662785789785,476.16005306662515,0.02810079949926972,4.059257385295993,15.224309193837232,13.182633453624621,14.083520420450526,14.495112400015984,13.206914051354381,12.06921615991999,11.634076865397097,2.2085300033931707,8.218966646240402,1.445711771172651,6.0811507356048,3.5400044033841542,0.21135923346856195,0.3354253743662228,0.232338960872783
2021-10-02,33.0,3.0,8.0,5.384913544786093,4.992027542604412,4.441546672563886,4.545812513603567,5.587969180735937,6.020342422188819,6.233498717476696,5.728589210909337,5.1633470863333875,5.634824229375346,5.029452947269778,4.517182402762186,3.6994497589677726,2.820258685076317,2.610630012474268,0.15015560589555174,0.15356211931224864,0.01817038473492005,0.00548117742326274,72.7372142144938,0.6739285285057504,108.09723017546847,192.56112828134616,454.37586538148173,1.8643439645714446,5.865293194532345,22.111027969994662,19.091914184963702,20.35113667921813,20.91728794283438,18.87059452434596,17.352540602264675,16.727162928704058,15.130934778872957,12.025323348738498,9.477082930722185,8.574607972044086,1.0799439781530267,0.29041374003620823,2.7669085716311965,0.06461096971865027
2021-10-03,39.0,3.0,4.0,5.5407677136140885,5.027050414043934,4.471669735713482,4.6285283540883615,5.510780678884921,5.9101422546157165,6.284902572760432,5.773859768205144,5.250719795495098,5.676107965090806,5.070366514367267,4.612509882358016,3.715759653464956,2.9582204639417524,2.678765148288006,1.7476812379244884,1.3789629689926242,0.0010978694854717566,0.003617251219795423,76.24445071671435,0.0733638401374399,47.0827463681061,78.40638605191067,208.17470948903542,0.0022942826303746647,2.6816911975596804,10.398220525521516,8.959709646749793,9.53279871695975,9.821434480899915,8.746328003807017,7.858210539285162,7.600232879806202,6.7880628379228565,5.48472126197858,0.23934036901803057,0.020529173749567933,0.0011439754656799115,0.20232273928283004,0.0650093797879583,0.004336041485761997
2021-10-04,37.0,3.0,8.0,8.827199788131045,7.897870978289261,7.037916603580191,7.5037401043057805,8.961432006676286,9.19506704930588,9.868093047672973,9.06394682173332,8.234389580875968,8.919180713114773,7.964984435568875,7.244172825190413,5.578408250222164,4.40172428782025,3.9843749796604935,0.1395116229780993,0.09047432782731007,0.2004622244584007,0.006950517284538287,115.1204639033447,0.08343526548658783,264.1688851199493,128.65531871065747,391.7027330403967,0.1994606758259271,3.9972491810226227,15.40781086769517,13.318234185981876,14.200223073431683,14.629397029583808,13.415049721309362,12.175389252475883,11.214557982861956,10.237728223813361,8.470194566680624,0.9576750865582733,5.930270063283417,4.169118285260357,0.07180560908331501,0.2603543862480795,0.0008005195417351645
2021-10-05,34.0,2.0,11.0,6.486977211504158,5.826582894800821,5.173109292828622,5.326676284114526,6.346980906314838,7.035262956982382,7.285739614863128,6.695615181503527,6.094472887909923,6.577827236473264,5.8824975224138205,5.29956926385098,4.295033184250824,3.3961784268724893,0.8193107918161862,1.9512193079074065,0.2847075471695686,0.08413089175350814,0.03597530795596423,84.91134513215162,0.01697049297623231,322.50138692658516,92.71341139717185,363.1684786623901,0.07737338174888762,3.0950049648778095,11.45360701948555,9.955433012536814,10.69224155749691,11.023598280477211,10.115593874259957,8.902330191489442,8.716102469682284,7.91942993299777,6.110411249212886,1.173096704270962,0.8863231565850055,0.7789922943886993,0.5396537217507105,1.2562045203618506,0.018015065549123046
2021-10-06,38.0,2.0,1.0,6.555604062365584,5.934325194124316,5.287426806495111,5.4733973898094845,6.508762246151015,7.080503355353847,7.4059147761812065,6.8026317090158805,6.175411366521813,6.697733863536325,5.950759093336272,5.440384425705787,4.158458074631659,3.494117836760021,2.907687862601537,2.250197180285565,1.73795200678367,0.025511657264527483,0.012096343601523847,89.91249083663861,0.05929693006908303,97.42832181395131,96.25672314317582,631.2740220046842,0.04546031818354565,2.9155832873924044,12.374360604550553,10.694471263367419,11.415016576822376,11.771515576122727,10.474550966789499,9.460632079247434,9.429793597047617,1.3406047593771961,6.619816652781154,5.281060327172877,0.7028640046686994,3.4065412389122764,0.08173467198532317,0.22774072050028887,0.014976498254438305
2021-10-07,37.0,2.0,2.0,5.352272679603049,5.3112165270334915,4.726543945659413,5.0301826438855795,5.995658302205803,6.404828084123444,6.357939014042954,6.093776711250155,5.538918490146001,5.99229618848189,5.3593175742778865,4.878346862654959,3.9248262992758542,3.1345164752895354,2.667407045236405,1.8166726901882924,0.3396462672041741,0.8145315367214823,0.0654041750164163,79.80430151229679,0.09680156826687253,92.619247460481,86.5632918022516,711.8998144504018,0.027135495524660123,2.946270910865299,11.129644297583333,9.609715056851531,10.2397061605387,10.546204714234118,9.66040608129377,8.518167197879084,8.14761808564895,1.3851081213383796,6.148028345450563,0.741679672784318,4.18164277105546,0.45541590720445435,2.555276281116826,0.22147454327533247,0.04979815960680898
2021-10-08,35.0,2.0,0.0,1.303437414227681,6.164822809964864,5.502122871396393,5.879268609681124,6.417157900343362,7.468934435053189,7.711970560495008,7.073525299630164,6.410013899275214,6.967158810002417,5.974140909357608,5.648861953372179,4.539794988327996,3.4614764739636845,3.0417089284678784,2.05452819791058,1.7335669558024593,0.0005749638773874803,0.0076095393228792635,87.43096172120178,0.03339571703904827,110.82733641315684,112.59570551025358,788.6278161607138,0.3176716797914594,3.66309575068799,13.585439300876354,11.812685873892265,12.680072168449879,13.06456795202636,11.942971832068459,10.855006692879863,10.463286739185014,9.341652115443651,7.376685901955708,1.8640684400485326,1.5308527246867152,3.5149052336229256,0.38972327436427845,0.1873027393227165,0.005717090951423857
2021-10-09,34.0,2.0,2.0,4.901437047287237,4.6368872369882395,4.1163324987186245,3.9791963107287627,5.180803258889918,5.371559323719302,5.777422508575915,5.31635159201181,4.834704945523059,5.226352918225603,4.652348620726658,4.201145374298277,3.414438648896883,2.760452229130915,2.2397767261080377,0.47840881192331536,0.1018806245336662,0.006272466617296709,0.0,67.19577114290352,0.06761681925035903,105.13440664067451,177.2987793791627,943.229347395059,2.4083286571407867,5.505852628752845,20.598778256902865,17.849827886529223,19.09400608609757,19.629299687622943,17.991138289376305,16.297664095418558,15.704536292943057,13.820539253625089,11.283047727151695,8.810761029249047,0.32728838908125707,4.9583564389441435,0.30484805344739485,2.4465983871946553,0.26790821968526835
2021-10-10,32.0,3.0,2.0,6.798984888149902,6.172990605311505,5.499077996694132,5.861948053144666,6.981314113487664,7.435878001095335,7.715054597282809,7.084286844950344,6.433370280308063,6.970280964686221,6.220806544888843,5.620139513889888,4.3763713939145195,3.643377468213048,3.285837792488931,0.31114910586418526,0.13827485402196119,0.9371720657651439,0.10646038793141323,91.59277547208855,0.5878546321613419,41.495620577801986,77.3659243604503,433.1807502807754,4.2695192811936575,2.495936425399307,9.332627963954769,8.048271202063525,8.56464233330793,8.860261347107292,8.125546837414554,7.3565105569656435,6.909017113070692,6.164928172517569,4.656599521565672,0.23602278675985008,0.3513530276271437,0.13553540768950698,0.1123021164402139,1.0899582261164824,0.6568920412564901
2021-10-11,33.0,3.0,1.0,8.330013442448065,7.432235677333407,6.61364454993244,6.8867746691965745,8.407471029563936,8.984831993605304,9.311709150344186,8.54400942320414,7.758070566310234,8.402501960698013,7.488530268388524,6.799750221995519,5.511957120782166,4.41775077154534,3.529110757636014,0.3765456613168882,2.2022737297336765,1.1389682629261948,0.11448128253434056,112.83836082914303,0.6243726080834628,93.34191447549395,103.2058381496326,526.7101247234293,0.23928610314997192,3.4771554153921773,12.954553606683579,11.060940892694383,12.061031582785567,12.405456633730886,11.352934580703973,10.323690733736562,9.66401122039129,8.86016226068817,2.022281243568961,5.363498358693414,0.8476180111364782,0.606468992219316,0.08101985137872017,1.707113469295624,0.1786151933835256
2021-10-12,30.0,3.0,1.0,6.778711884667385,6.528749077806288,5.810006627747196,6.035385989544513,7.184898805328878,7.888920116961152,8.164607211805167,7.495040668861492,6.805316304031524,7.373060880027978,6.57641707448856,5.95840507048529,4.810106910443165,3.858355099810887,3.339842651220586,0.5287879910377438,0.27242728332119887,0.12410040354332494,0.5484452162847044,96.08158526741703,0.09373357936898097,273.5403139434176,103.71304434868965,859.0083065219226,0.9680166895301211,3.3554906167112515,12.525433970954683,10.84266229056586,11.597150289035293,11.953082432327236,10.939667467523389,9.907198579466675,9.545086109676014,1.5416089179237984,6.780935005284935,5.494280683873054,4.859863429435639,0.1567902854725837,2.8330431593504857,0.2648373980972998,0.14789702346132802
2021-10-13,29.0,3.0,2.0,7.736760410100049,7.021004863317469,6.254957567048566,6.692447044391331,7.968295240386299,8.47634187264028,8.783565374222878,8.058509047291771,7.306722652835469,7.933366128809052,7.062157825508271,6.428768089263976,5.204294633640651,4.148995346278804,3.700617125726061,2.68989332423217,2.0830449692759565,0.20508239674947296,0.07898767724659304,107.83397626701952,0.014008652922143632,323.6914169772905,96.1669149055331,802.4464076115885,0.2246497010415732,3.3218407312386007,12.399664861934793,10.744783978682023,11.505765411808202,11.848147906140188,10.841766229074514,9.829271919889061,9.247314613440514,8.151151478542266,1.6219125422638623,5.274242725397359,0.09759690444436682,0.19054484792022988,0.5045803680327747,0.3514459683131461,0.012234717369639636
2021-10-14,30.0,3.0,3.0,7.001320719654769,6.416358813083229,5.714698621329035,6.101548576003056,7.270518452595289,7.773015784649679,8.028915765690888,7.368157518584787,6.690664713427513,7.248530378852065,6.464418062818247,5.877025636510178,4.768791618258117,3.6053418812700957,3.4153977659663908,2.219130281520172,1.8949955155443627,0.22151658716760475,0.001469767979917521,98.08199396169428,0.0383984355030648,177.4994679285242,89.35486281793398,838.209076573943,5.209270258124219,2.7772026434422465,10.353890741387657,8.955177304390812,9.571060888467924,9.881036955574569,9.047631126888339,7.900276398483514,7.60543490382025,7.110475675196985,4.954794197422728,0.9102937968081176,3.8484198054137932,0.5035974598038812,0.45299801890340174,0.25781320296046845,0.015489440845081387
2021-10-15,24.0,3.0,3.0,7.8463168568618595,7.003420726023941,6.240513836634349,6.503458443676343,7.91734359968501,8.255052468538054,8.756992184142947,8.035806471235322,7.288937431001052,7.910015847024953,7.016554733153349,6.329939952806248,5.139280355704016,4.162307637034038,0.6141138483300135,2.6768636503387393,2.0931089661520965,0.24630787216748345,0.6122512908616629,104.64858617137146,0.08234768556113632,231.31502045551792,169.8822350602432,839.9720662257307,0.3252639696632048,5.338812623596812,20.19616125710457,17.406729665058265,18.515952483002664,19.034498462735833,17.423720989675545,15.473695067280325,15.058013353973612,13.735794362500819,10.974587034077887,8.640526428363202,1.1297915178150486,5.556907510698997,0.6007714603671136,0.3017800851064227,0.16922878922288645
2021-10-16,25.0,3.0,2.0,6.750197350838845,6.054221454064228,5.391411070043839,5.770526950761966,6.60248790454428,7.311938572064316,7.564083423832788,6.946381421598256,6.308629129454195,6.832978728244854,6.101365257507104,5.555056696377897,4.445137291131121,3.592420407327744,3.08731246595995,2.074938951052119,1.6213727310532937,0.19614055224642582,0.04298310432896569,92.24958346243218,1.2506154642862866,83.7528836746289,189.55241554587172,1025.1357934756502,0.05709725283456041,6.452122490860484,24.22744530175743,20.937747150044324,22.336541188958915,22.99233630173747,21.07895832770873,18.623848403413984,18.413772254346863,16.683498749504658,2.6570539816363032,2.220711264245889,1.4479772042737011,5.8479659400008215,5.448947734396074,0.11858360216164854,0.007808397989859439
2021-10-17,26.0,4.0,3.0,7.917964158907371,7.072365699827872,6.300432372163309,6.749431195715898,8.02315756022919,8.343085085953131,8.843708073299698,8.11988218337228,7.37439639072451,7.988126243336462,7.12766106992951,6.483020170426843,5.239145438826913,3.7038758724020253,3.7590178937342476,2.7044810702419837,0.03176893189959252,0.14824028811198753,0.006382575935964399,105.93614227503879,0.70525301649209,36.947508684559466,63.618202320430754,622.126473702452,0.018395438121900656,2.3912677785780048,8.905614580282565,7.675650325580746,8.159078634559098,8.450357315832477,7.337841079132017,6.591301224935273,6.19532228087224,0.6718200459008935,4.403592670303446,0.542654580001895,0.1415863593467942,2.0463621521651953,0.028114327960172773,0.05322386401784726,0.006019662840200193
2021-10-18,28.0,4.0,0.0,7.692441104734613,8.07248958403832,7.177154166725847,7.587745675228012,9.120467706108128,9.73846882577898,10.08797752196256,9.267939731111916,8.425294637725726,9.111167799508461,8.14096216741058,7.394374627380721,5.966162991463576,4.7955049014215945,4.3249752947485085,3.006670100298683,1.9268484923700462,0.12052838352656595,0.016417983151796933,121.9738935379968,0.10421214982517972,441.5781862861933,118.77167443548613,788.9832591075384,0.00330494033706057,3.7091906259223566,13.89267814072865,12.018281205709028,12.829461149094934,13.213309784632974,12.088014245857941,10.60994116396571,10.191960689813767,9.555136157059778,7.44353109979967,5.979616036163275,4.5276882745187494,0.7198414378047007,0.15087280773665476,1.8386038094102883,0.00024286693059954128
2021-10-19,30.0,4.0,1.0,9.439168569101001,8.436468762640938,7.513114477283654,8.026611177567283,9.526393660291754,9.900536325048819,10.537605805169274,9.67757665735761,8.788055620207626,9.523183139687145,8.499081233301952,7.738298762566104,6.268659126849505,4.728950058383807,0.7691421149906722,3.1992800113785744,2.2338801112844413,0.1488563552719409,0.09250325114603573,125.04736521952812,0.014095184683188192,354.7474893597406,119.60344383946129,773.3150888265084,6.226269669129764,3.7075748124905905,13.89493564051005,12.010311538884602,12.833476278208062,13.222868060333825,12.116303205820593,10.9802105485586,10.271810661633559,9.564205669864487,7.682420441766562,5.638740074629253,1.032825912006601,0.1886497808629976,0.11229063284956055,0.07310838709181025,0.04744252482037246
2021-10-20,26.0,4.0,2.0,8.403363006590709,7.509726136563687,6.679312533768449,7.115983733875991,8.49302429830068,9.081283874991408,9.389647785666462,8.622867504116014,7.837409596643019,8.478195642826586,7.57130324647239,6.886556388339016,5.585420366619528,4.4083136940928895,4.032845423809878,2.85023666720596,2.2285016909285025,1.2379472851988962,0.10008871961557854,116.52401112476139,0.01708451992189799,423.69776258654707,90.00225943268234,809.0666782816218,0.04377913546578619,2.9587999125485545,11.040124307930947,9.56204785182484,10.23118825636333,10.539941597656739,9.65743006324894,8.748948949856024,8.388977779582493,7.341288393303515,5.720067717696053,4.599451397193432,0.30204824376090017,0.09837090703320477,0.46597547212090945,0.22183946205584082,0.08197998504082744
2021-10-21,26.0,4.0,1.0,8.955321000059564,8.036503793377863,7.1569173907089825,7.668831529283292,8.789098156603234,9.69428789425836,10.00208238335313,9.217382176882566,8.37531202616244,9.06830033555015,8.103801781816546,7.375649190217499,5.9497378749866225,4.758600223541945,3.929392230587713,3.0133296468234776,0.03492908996857119,0.09292985558692461,0.010566701120839439,120.2359137550497,0.04583938682824367,123.11438600515336,101.3777408818655,1065.5968722475973,5.478581569917836,3.0101850362876195,11.264420443099173,9.7454031451851,10.414757061659106,10.731466538865309,9.82307026386383,8.908258578882423,8.315891973280014,7.323799404719295,6.280377671935553,4.586870345855937,4.362957705523666,0.6459237986984352,0.3352483798038269,0.019002343553030144,0.1315266207353629
2021-10-22,29.0,4.0,1.0,7.906624698913241,7.0598569914656455,6.2887142792864905,6.723372174287091,7.991217569731774,8.550863443342548,8.829801903422704,8.106101270852395,7.361658728754474,7.975783205464274,7.112764033476378,6.471685845933966,5.2460643395592905,4.147272176242351,3.372931151903678,2.5608662471958485,0.11180744872347428,0.22893312226678136,0.013350250230323692,106.05983355910713,0.0470638631214987,129.87857233380265,106.78981115768963,1109.3387850283575,5.258619034265906,3.096730185388326,11.549556560790057,10.010869540684164,10.719076680840109,11.041882380858,10.117091215254087,9.177905829021787,8.784638016689524,7.777312385772542,6.449817667905497,4.924360689446028,4.464426444733487,3.173546369856285,0.14458301442193813,0.051979910375470964,0.0474152313864209
2021-10-23,26.0,4.0,3.0,6.489402083230252,5.8412489114784405,5.199468602228492,5.333823095930137,6.374560065257917,7.025807793967012,7.29110570376699,6.6995008376586345,6.090033229781932,6.570801237642951,5.890558827711891,5.34704516936029,4.325858119319082,3.4813934027549123,3.142298658464602,2.1877760103043724,0.21155754612253463,0.07535093298557177,0.003272119721628091,87.58086234768764,0.14054029283883437,117.522476254079,203.3756856892912,1280.3462507070224,12.305842994264825,5.952750631068467,22.388696619389627,19.340490235593016,20.635948088242632,21.220651726291326,19.436636925993763,17.59654818687168,16.91507337390779,15.331747942220687,12.122267155046007,9.613764372724036,8.837200280021255,0.9794808544949352,0.2717096839179305,0.4191437526332737,0.007732866609947338
2021-10-24,26.0,4.0,1.0,7.4554822943814525,6.808112551094939,6.071237174049912,6.34898254309671,7.486804688908773,8.224181674970614,8.50359773595258,7.805715244203861,7.081399936148288,7.689497072051637,6.85092615228288,6.236644418628948,4.578489232273594,3.7540777198238704,3.6159141137613067,2.401136840953061,0.20476272299830134,0.11375261956662466,0.008986462572275145,101.23970119771963,0.023043091923347372,53.53086244939611,97.01568090126594,689.068012343125,0.5848657672165622,3.12701420678699,11.840320862854838,10.185251620697839,10.812904978680546,11.121513613901563,10.18516910624262,9.190629900551382,7.679264794929193,7.633330086100505,5.801136566523049,4.381360197510196,4.169641348133421,0.1951774887676642,0.0760146727989216,0.0004215373131660173,0.03166415225748323
2021-10-25,27.0,5.0,3.0,8.535966855843837,7.934332420031898,7.074139901378091,7.397262558801795,8.936131979470018,9.59388914986202,9.918231112682697,9.10316932990172,8.26182788855426,8.961699511329849,7.989535566607514,7.247390703097415,5.839199825737406,4.676042423340697,4.295887105742561,0.4755234546325207,2.256979951354722,0.09644593989464943,0.013751719164258502,118.60740739742792,0.155531515809531,194.83917130574628,123.05067812793982,887.4211758677899,0.4725112037924507,3.729487997242143,14.079626056604372,12.184176460684968,13.007372129034385,13.356231544969162,12.234668205082484,10.916462835595697,10.657226184062147,9.464383159825934,7.675043309478807,6.082603075870639,5.22927413979623,3.8457198980166494,0.03037201507344447,0.07605521339099945,0.009464699419324256
2021-10-26,29.0,5.0,3.0,7.711966344695969,6.986421224649286,6.2301464237436095,6.6922262627173685,7.930132727585676,8.443038892688685,8.725304300972999,8.010404513964803,7.269125336880159,7.888241882064834,7.0324681419120845,6.406349654286097,5.184609575244616,3.9565099229042793,3.7335302859024293,0.3689179132906356,0.43395713865177005,0.06041757909646412,0.013904473270697947,103.21809314066192,0.03187567975186364,89.4920165290794,100.87884940609867,862.9941314112912,0.4524662357615832,3.5163650677764444,13.207724890638577,11.411612301405452,12.184358718367678,12.539276112426958,11.279336916833952,10.381280710217863,9.730510148852405,1.716043336743406,7.297988584916537,5.64443651052054,0.90067053539784,0.13506560534425585,0.3868674760554741,0.07981057087292212,0.015035683966779905
2021-10-27,30.0,5.0,1.0,7.653637113760264,7.124654333588018,6.352668679426088,6.820928970934203,8.06752232189835,8.627424628606605,8.908952930723947,8.177531729651344,7.424499047780537,8.047971322974835,7.177952547122358,6.537022806279255,5.2955079768501925,4.18763092092959,3.481904726180052,2.4970319197781574,0.3277033005075128,0.0014514227467554031,0.00728112770224003,106.7194425054947,1.2696550978582946,168.62796522396502,97.47446221906853,899.8916398189407,0.39914857662797043,3.1755274696730553,11.933475803481643,10.150702460540383,10.995352002937988,11.318857697931573,10.3698490950889,9.33019827860058,8.779870033342414,7.948405094298994,1.1981423611544106,5.143352922727756,4.606032882216844,0.44735926290740563,0.0919000693322743,1.5851438849376402,0.0011443232687139515
2021-10-28,32.0,5.0,0.0,8.532591918867011,7.615100212621949,6.799562803893846,7.119564101353508,8.660928545503937,9.242589896609038,9.532470620136246,8.74111321916152,7.919813346787583,8.61124664282797,7.655520228862712,6.973664879326723,5.643788924505261,0.9855026606044113,4.060760005528496,0.36801509602997934,0.40681828902651723,0.06385839215143237,0.7008707517121824,109.63672100967031,0.6782846208802863,109.76676175789122,84.37441042277584,1030.3116701501863,5.105195173490006,2.6335435872571855,9.824211726248999,8.520864234291546,8.997360536021157,9.37294022374215,8.59398095297216,7.641222613882105,7.4727211268320195,1.7184725913033285,5.319222171227463,4.388498311391585,3.317007335722798,0.17120477087104233,0.1049665815969231,1.1800921462279175,0.012906339697434861
2021-10-29,27.0,4.0,1.0,7.5921092420409275,6.787343672977417,6.045914966042039,6.260797908423992,7.692090410272218,8.201851915541543,8.478661719979447,7.7886040445546945,7.078515427907232,7.661593427593039,6.846143378600646,6.232060208930055,5.048852200462593,4.045276980168736,3.453002373769407,2.4201115433864806,1.8702226589406241,0.08575207768042487,0.0018268575020979863,103.59112408158228,0.08413227518926436,125.31170676644327,97.12714374903643,1127.9037237040875,0.992634839610196,2.9411418477978715,10.960246826594544,9.503241172658369,10.166862521284383,10.47096571458086,9.516892665320436,8.724458816697716,8.391742729471758,7.284374391087524,5.906288744097846,4.693939175797477,4.162567477911415,2.5975978019613306,0.5050107718909796,0.3055837111619529,0.0035945411117819614
2021-10-30,26.0,4.0,1.0,5.9938913120816,5.3496706817621185,4.7617790580126576,4.93579102408397,6.063050710413481,6.47733396563397,6.692431864396734,6.140771247767498,5.571822795915068,6.044170602092222,5.381430960093127,4.895368682411076,3.920142884130542,0.8037357624724285,2.7104685881789554,2.041774971456625,0.24920022863988225,0.020841250373659134,0.00368491095075009,78.05736150086635,0.027156217458010945,99.9432830129647,142.47521557427302,1231.350576583401,8.249095431556265,4.540306883257523,17.107492759236422,14.787795837433809,15.787306956739421,16.223885232250268,14.856746346535648,13.2510668759704,12.738671204030867,11.440305967619958,9.242799307737597,1.5545531172513782,1.0267189206404344,0.7080750455537281,0.6455014523538821,0.30462350898805446,0.010270727117371875
2021-10-31,27.0,4.0,2.0,6.075267385652715,5.7667444947772335,5.131271985296831,5.466066946670657,6.492578725501747,6.939900236744383,7.1928561755857,6.610658104503351,5.9917724768872525,6.50170602296314,5.818319990291995,5.295177492992532,4.284479638700167,3.3200599463511757,3.067849614654036,2.039359003754454,1.4563883159549151,0.0076907090002946805,0.0050711947013143965,87.46321846098388,0.0832790926801857,39.60120874649911,54.20809392528747,615.3544247433052,3.1882290271937648,1.7825149548886547,6.748013025036373,5.708666332867029,6.173928314885003,6.3607652817739355,5.82909191196589,5.161761230666518,4.393898747850835,4.355344226997667,3.2773939172549613,0.2993825292898105,0.04271367415972103,0.0019768531023973968,0.005392914565322809,0.8790209827895913,0.0
2021-11-01,28.0,4.0,2.0,9.413399176177254,8.39420948063227,7.4957456261197795,8.079822356944899,9.560526190784003,10.144009683756817,10.495783921732492,9.627955640889445,8.72441307100236,9.486289223776692,8.44099030423946,7.6913627638949045,6.21994637394091,4.815381073432791,4.508047734050298,3.2110367362446857,0.09264631079576707,0.17661858505222458,0.7556388479640225,127.33676357559105,0.21716404346409704,187.91851594127368,101.00620126297086,1002.1528768967789,0.07095392915114987,3.109089933902811,11.753482735531001,10.149212659897723,10.813511515120926,11.101869423414634,10.00418671428067,9.012316046384033,8.680233585047104,8.03922900207981,6.462425744686413,5.0836348607280755,4.295177190836236,0.058635990526881336,2.3270925139661034,0.005017495559784065,0.04013192185751897
2021-11-02,26.0,4.0,5.0,8.588265595004929,7.6587849522146945,6.834068941706214,7.164172628721744,8.70949315549036,9.275375202934137,9.57692492588792,8.7874331248324,7.967437797166883,8.655900351501742,7.6619758146405434,6.8053315438322635,5.591119927108946,4.528493731438499,4.0735277135590655,2.66170275505056,0.02736817113000373,0.018312605006765292,0.00543894959791219,114.59112788682559,0.6639288137422826,186.84563385807007,79.64330527942059,956.6399101877552,4.267783219284533,2.351491399155307,8.897168449918947,7.700108908647881,8.217443963465143,8.467679408926697,7.753685169583965,7.024860231149763,6.5579463332582835,6.089387641864601,4.834380302350226,3.7362164932437953,3.02632115311635,0.1622714981949786,0.3544480135883789,0.19850654075365984,0.003606552918084406
2021-11-03,26.0,4.0,5.0,6.803022093797674,6.087385228146933,5.42015440504269,5.809364560967198,6.883971135403544,7.372002506527179,7.616031924116144,6.990661223456919,6.344402877341668,6.876329671433481,6.134610933413106,5.581649516728514,4.524573852100825,3.5643827617704824,2.76844711404515,0.37713041778505346,1.5623643350456322,0.009138252000390208,0.03655888820989972,90.76258075792678,0.09009979792537551,440.9171941551227,90.56461523296753,678.815616026435,5.679360172529347,2.8314112675414354,10.644954797470639,9.20527977858249,9.829860405044828,10.116083418759919,9.263352247113762,8.376315214026818,8.013125404540656,7.177203853080789,1.166033141378733,0.2726096502276892,3.9274085382617026,0.4841586051962819,2.0973270984025634,1.4744800820954576,0.0056515587143854944
2021-11-04,30.0,4.0,3.0,6.54899795306814,5.871017516086398,5.231958367459273,5.6148771831928705,6.667079092318433,7.112869428303392,7.345188077351499,6.74268346831658,6.124986189775053,6.632877793554135,5.920091717039142,5.385894121701465,4.360437298459406,3.4804443856603795,0.6921059638356349,1.9391307571406746,0.23116886462255148,0.14358085954010288,0.0029459711364586976,86.04833500856158,0.10583738402015769,296.66942460944455,75.66305785252922,847.2751310807812,0.5687290098410487,2.3626989807233554,8.853346179435153,7.639693908438947,8.119795469991212,8.398051161341899,7.699840586968387,6.965654832394244,6.386712522328518,5.899075049837736,4.885870815026314,3.7530733706556445,0.5548668508906189,2.3330856623501877,0.07922485980775973,1.1519323429447292,0.011406249553457095
2021-11-05,30.0,4.0,3.0,6.477306192815802,5.83703291777259,5.211088155978214,5.6030002299411485,6.646826437520979,7.057915608572348,7.298134427536301,6.697014997455063,6.073876714366199,6.5972566915997515,5.874213154396454,5.347437895826477,4.287843505428397,0.7212739218916963,3.1322695043414646,2.1496372318466044,1.6813505764301695,0.018693741798908682,8.648383044940428e-05,86.71225838934902,0.6568534290364566,129.17203389980511,86.29922940901368,989.7059033721473,4.835864174243754,2.9061765240232336,10.824044934786555,9.38985972865164,10.051346451200782,10.3476546603015,9.479933439520485,8.361860325533787,8.292103934966928,7.206743126442739,1.3852161826640026,1.1475272854626157,0.8639719065428138,0.5339959011421505,0.6122638143446099,0.015907811169477287,0.044759208016621685
2021-11-06,30.0,3.0,3.0,4.8379297890133826,4.972624264413457,4.4214350368514514,4.679258093841327,5.620384566086598,5.953363422720435,6.2077811928955695,5.711258089504794,5.157616893468689,5.611433484064778,4.840544790445519,4.564980364431986,3.7006561632686092,2.9678505972890585,2.4724702755015726,0.43849960595255716,0.292562401047013,0.72972805426717,0.39723462428267664,73.57761170934664,0.6849989356389836,89.43000629518785,126.22143240473983,1157.966746717229,2.0344893375767494,3.91619346889591,14.539918173914465,12.634126932344357,13.544331039816518,13.936149953588375,12.753286275057995,11.610689357428042,10.790172164135225,9.79957605637486,7.933583967491226,6.452858168542107,5.323601538396746,0.620392175084037,0.2345576160359441,0.008155434081194428,0.08935074597608782
2021-11-07,30.0,2.0,5.0,5.603921202806699,5.014565765370754,4.471791593957597,4.700046637274398,5.690056553590608,6.084522822588805,6.27745061619059,5.759927785756285,5.228071219382118,5.668480844305557,4.8720430467852545,4.596602853439286,3.6667628397961756,2.8295930534922586,2.5646784882423495,1.8255200416220563,0.22081340799971222,0.012007058837588234,0.05473518912186709,75.14159102055996,0.0003018433021657257,63.307641248635946,48.46623253523293,411.04436702977574,0.010306557732541072,1.6981861106005183,6.329276771848538,5.4653368019948765,5.851998285623365,6.017252256860173,5.522132428201056,4.824004094493735,1.0440853809065622,4.1527140079559715,2.9610648303084677,2.3355270141065256,2.0981161883782367,0.12893005647296463,0.02126072627768742,0.004768072162451501,0.0012729513092645873
2021-11-08,28.0,2.0,3.0,8.191575258801942,7.312567201702944,6.502215995479881,6.821410085871279,8.074763521934267,8.854000345103564,9.145424033948016,8.395028734698661,7.621815917011581,8.261227423007684,7.3690331245985545,6.7057542502794565,5.421673229528089,4.295518876153539,0.5002807104784263,2.8052484114549188,2.1125428345934516,1.198456639738082,0.0039333227703630715,109.60578365996598,0.626193763735972,159.78004169220287,115.12381070136925,1057.3637726859552,0.183171828849001,3.790193601772951,14.310529460084943,12.34906944639149,13.153272458109576,13.518042362856288,12.190539948603279,11.19922567168091,10.806453825575291,9.588142685327652,7.587526631880623,5.974972293007397,0.24946250255781188,0.024295091568258674,0.01186772770059804,0.18674639348624175,0.00029877191694703477
2021-11-09,27.0,2.0,2.0,9.794262926226265,8.740274020028263,7.812275705491017,8.294985009267164,9.975200938045555,10.61244608301852,10.93831868803609,10.025831097767922,9.074474931401863,9.885670509794073,8.702377001160114,8.005161189336537,6.4740933298255685,5.170421098435371,4.472933280613197,3.089869038153926,2.4735499975233006,0.09089764338985606,0.005199444664841861,133.63824193217945,0.07415254716080168,234.2831244700738,105.19748963467676,1148.3448119539798,5.582848258891094,3.075754857439511,11.538542796227444,9.801393901414468,10.63857135103104,10.938535439639484,10.038247036695587,8.870477449617406,8.755061618049815,7.720533955468988,6.17665366516954,4.447345740118838,3.825330276935239,0.04798629552298873,2.30332567600989,1.4318333687569087,0.005047947688491231
2021-11-10,28.0,2.0,3.0,8.449960069836036,7.55145558454423,6.718128728088266,7.197914119620061,8.557782971928019,9.135083598033026,9.436862252996495,8.671223314765763,7.887941150169624,8.526805836968585,7.623713752979174,6.931429282014516,5.618180770089074,1.189189568992919,0.9927750005007197,2.7523938479674532,0.014036349349747233,1.130165487868259,0.014202513243310799,108.39924419995529,0.5940527958919775,74.18164103594053,75.28639053065284,753.840999387072,0.29396518588452225,2.432230608615129,9.084725090930743,7.879655405634623,8.448272524604642,8.704167493422196,7.933247346308192,7.235825308769877,6.935167949229269,6.32842862174984,1.2043827036027999,3.7566098413292868,2.903343284002753,0.24110746565579827,1.8956828865318542,0.0015411765987746967,0.008037637782537022
2021-11-11,30.0,2.0,0.0,9.234524217921233,8.222605992120318,7.342803646687643,7.8905428366571275,9.370108269716091,9.770340424856657,10.288636163337443,9.435792303235466,8.551116839683266,9.295698222052318,8.267593999374311,7.529442956706695,6.100730382505004,4.876163761079505,4.413685816948889,2.6122641028640734,0.3397700603788007,0.13457444455299958,0.0011781805687919055,123.67773729930103,0.0886281687114452,84.90111532968157,92.52659947954042,1050.9755340370734,0.07734384624257301,3.002685644065827,11.244052699268577,9.725244633239264,10.380538612459185,10.682796639826982,9.55491974546184,8.585288249739344,8.261353583578842,7.494075649934921,6.273681733875529,4.832803558789329,0.13567313004761133,0.4517844301852141,0.4408790782458714,1.372719217948003,0.01075902663150867
2021-11-12,28.0,2.0,1.0,6.420582158683767,5.9197939818977545,5.255025108453906,5.6227249833890065,6.691676566966187,7.16607963318741,7.401822098658149,6.79947202877957,6.185945937823188,6.68410127744728,5.935038905187155,5.434067546480664,4.393036203511717,3.4927503731629472,0.7408842377020527,2.2496411536935415,0.24722587693856246,0.20432647654019692,0.0867381846785985,87.00105425585691,0.07603719137400805,131.96415300150085,99.00608004852846,953.8482502715153,5.525637187368965,3.1783239857338152,11.881638140003568,10.301622715656057,11.016390913918949,11.32006526515649,10.205478757024128,9.235817515939464,8.998353608854131,8.213031568731862,6.649000365024621,1.1867301374047254,0.9685461271313357,0.06697015937501304,0.013096961504928267,0.24309926809120125,0.0022773716092071832
2021-11-13,25.0,2.0,2.0,6.995419949450911,6.294012271329094,5.483190561682957,6.034076627504134,7.173744975983891,7.642549734376006,7.878696336470785,7.226267455624787,6.552576367837855,7.117351043147808,6.333078449973087,5.750152642873102,4.669801105175691,3.602576997841707,2.913945199558176,0.2075486123955017,1.8737004057954845,0.014147338888794755,0.07313813856628514,93.83597421447605,0.00942336512207926,118.57169059621468,183.46069896615938,1318.9170804654566,1.8543291225078815,5.543855869804228,20.802864070827482,18.01106079342535,19.242471585176414,19.762809452056928,18.10418538980765,16.391425048480865,15.77792414750602,14.355932058530684,11.54178777368188,9.116201709163722,0.3562244495538918,5.606377976336014,4.548343350414195,2.370258224499577,0.07464794438658662
2021-11-14,26.0,2.0,4.0,1.4545164709781935,6.482272785702163,5.787918745720352,6.219712417619445,7.3838974797054995,7.843947413349017,8.109261198715503,7.441741789590105,6.754729978841804,7.325740412903039,6.532384688971355,5.899568803140632,4.8064984535813915,0.8423765056553858,0.17791725653997312,0.12697600268509046,0.21837734971854625,0.1727495302640267,0.004511138386151924,83.58509842206766,0.07138700038370174,51.891083577157445,66.420225918804,606.1122373549122,4.712207582555853,2.2945553527853844,8.622731075326357,7.2880362775589855,7.907750919952376,8.153283720851935,7.279930501349431,6.532178900814463,6.267505907892584,5.657415578712597,0.9229481376408832,0.6076529478319492,0.0596115100934051,0.0015930089769342192,0.10511181794253303,0.0032065234353739307,0.004506155082952615
2021-11-15,30.0,2.0,0.0,11.155492010008073,9.96261770333361,8.880716332482903,9.252347345305,11.316355966677415,12.059846207045982,12.455736575710906,11.43911468721017,10.394600713537216,11.254484901725185,10.049840801493497,9.1393527579979,7.399786931297205,5.8365709048591325,4.446417777754537,3.4205889025545044,2.804001462678876,0.20648709875357316,0.0009353672480385609,151.54559347113792,0.08302974864784292,79.1691826353488,106.9822707661776,1100.061686093537,0.011249502473787108,3.393110459972085,12.740248199799195,11.001697162196919,11.72873905481862,12.075741598624044,10.798651651925658,9.733401178348226,9.35642079279272,8.574555328764852,6.855242674102111,5.4952928152961995,4.693088723060374,0.4786219871480808,0.01646818909704662,0.02220970069600783,0.007531747061696812
2021-11-16,32.0,2.0,3.0,9.810877995010976,8.75427124223628,7.807643346677194,8.385733729967306,9.951183039286063,10.601493202984058,10.947689503278918,10.047583551879748,8.87156690914045,9.891360004227192,8.81541321263205,8.001463459444054,6.486537560340004,5.135427857591007,0.3437484662970543,0.4927352203495066,0.3049400578566304,0.18804709689436344,0.011267661046166635,124.848983117139,0.026852918693315093,74.44184067600217,89.14475025535748,1009.8285936903443,4.43552221279205,2.696849311164046,10.05878114875406,8.724939318025905,9.34447860489673,9.617825632579725,8.754381728873282,7.99189515875455,7.664031498965531,6.916715224716883,5.4589883171490605,4.341493789047749,0.7354927433507882,0.08854167427891675,2.253787633856378,0.05893527667675371,0.002090981475089012
2021-11-17,20.0,2.0,4.0,7.34539589740641,6.597865211628485,5.8611917329630625,6.24829128237904,7.441748588362689,7.949439487723903,8.24469619022607,7.575696291912102,6.894837388816213,7.4433940337522,6.659922285067693,6.050840482592225,4.908005361134672,3.8746136425325015,3.444220971375724,2.1882968984747952,0.1743105720817222,0.2259360535540668,0.04638319112058666,99.17582680254175,0.0066254575642958275,61.51452165263687,74.31104812561206,761.285763966639,1.0118421233722223,2.5521074898023777,9.530640410100627,8.23648879589415,8.809437728532004,9.080906268715951,8.316327222585263,7.548048380651078,6.973944830550051,6.4074106295286875,1.098241139262262,3.578331812243915,0.6085560225725615,0.10449302739176967,0.37059673305495383,0.0700761634421235,0.013599347912074419
2021-11-18,20.0,2.0,6.0,9.27548746662761,8.309134429404509,7.4001339477554335,7.940208770663224,9.363272078883067,10.0935582945196,10.41061702432895,9.548967109409164,8.665460391359588,9.396309604853169,8.366133174866334,7.607027362520015,6.164394434222726,4.656635576276313,4.204975124451039,2.6276069537076823,0.16315077795373165,0.0021799041449348877,0.01672177994759639,124.2121388839491,0.005340231406675385,64.96725392468417,78.19862518128855,936.5422892265824,4.272962386787565,2.3740118084372255,8.83984166240456,7.654776291570297,8.170305995235589,8.438633030637758,7.740718562617884,6.756799769104691,6.7808748402583605,5.912734019463408,4.946912737993314,0.8636778672691978,3.3299327008692714,0.32135897621269527,1.6268772475019875,0.07414073296568614,0.09406655195906669
2021-11-19,23.0,2.0,1.0,9.410135753820718,8.390486220060716,7.488943243098184,7.885280078268004,9.560918183311298,10.180804970024527,10.502073888868967,9.6352573092245,8.742801929099247,9.487320733613677,8.450909288967669,7.686524737680249,6.1820938266729195,4.910856775419373,0.5673315423276647,3.000898860932821,2.164795998027431,1.4713012087850454,0.09703188553076653,125.81576643373377,0.119360098585157,62.1347331249493,114.4097305936392,1068.3876178200858,7.415216458391272,3.5053655218944897,13.14921663170979,11.37553454870718,12.15498683748691,12.49159861770056,11.424945285550667,10.340392185730348,9.673957747597068,8.909661236958225,7.347117530806109,1.221982235043311,0.70037171380294,3.0102741782998623,0.16963319405073102,1.51039667159339,0.009079998316336825
2021-11-20,27.0,2.0,2.0,7.926989819170805,7.072454875888659,6.306187975505355,6.7281828085461965,8.015806523465825,8.572394223190118,8.848311745312644,8.123028191295342,7.380091083289704,7.991898359866698,7.13372413719126,6.488900864572987,5.229163521109465,4.025867783721004,0.5615746713924108,0.3162262588490629,0.46964578257121053,0.05606420978323837,0.0023580912852421408,101.27932616888627,0.220137636737811,93.28562546782413,117.79369651273983,1066.3808891096496,7.349568875241534,3.5439471580982627,13.128430973757874,11.441215858742886,12.301307417145201,12.436033768989917,11.583802580677101,10.506438529305681,10.06929643272911,9.148556774552436,7.312871436184669,5.8869175039323425,1.1076888259249043,0.002248881282162263,0.5800462881301434,1.3953252080456051,0.0
2021-11-21,28.0,2.0,3.0,9.129956972450838,8.145469859962997,7.268699034506771,7.801444205212921,9.195209124166114,9.625719439684728,10.183005342395708,9.295386243971516,8.482466563582747,9.204465244029972,8.202861647629673,7.464198959029403,5.9867916920871975,4.648224154489256,0.40887632639529964,0.407019776711486,0.06354727663635958,0.018208596976747923,0.005126663554598003,115.53667712347432,0.1073833588657095,40.489449849316415,35.25175790455903,673.7197170151944,2.584336079165308,1.3037803242871857,5.01608433498897,4.333389501417362,4.527850811049467,4.6333544705414464,4.250615575353777,3.9282444590167773,3.5702542606427303,0.6122343356199168,0.24455597473260504,0.14548560102301686,0.048129135050890136,0.033668098609889056,0.0009443260682926952,0.01693562816865628,0.001894988822735856
2021-11-22,29.0,2.0,0.0,10.291857613323184,9.193177447057229,8.192876539990772,8.792404962007632,10.439935591749007,11.130762382189031,11.49800381149582,10.559021967948201,9.598195954546897,10.384136322481071,9.278879223370394,8.436472914170439,6.830578450535747,5.149241717023794,4.601376943805435,0.502140789590858,0.3232983803981588,1.3845903723557405,0.04264917128232494,136.64307897618744,0.10081114809422924,56.88655606272999,92.58471062711374,1108.7746590486972,0.39004118825554057,3.129955248933563,11.843506048082858,10.223001211851438,10.900003807080816,11.217432724633104,10.250243349312145,9.266219444431666,8.776736054347902,7.834096047660205,6.172636734002152,0.25114066335985274,0.7380876979851043,0.12749691725691178,0.07196136756858357,1.3913294663951565,0.0008226559567408693
2021-11-23,26.0,2.0,3.0,10.408298108559855,9.268552426308132,8.270151735855015,8.881710649010772,10.55766098909044,11.258638980250291,11.60735661640306,10.64770746103263,9.660195873574446,10.481728180641479,9.33233102894226,8.491731299575008,6.850552571471481,1.21142643961651,4.894906771839453,3.2343792006121284,0.0034383833968953644,0.08639963572752486,0.005242137905292674,135.1529281694448,0.007825898926359879,66.10440131057514,107.17954728145969,1063.4790380320494,1.1758615843145173,3.6114020844124255,13.59188249688304,11.7257872742882,12.499947670637262,12.834571626950279,11.463966116595135,10.592733745876393,10.271454161510444,9.359384957755905,7.563687355671804,0.9952417994575987,0.855254497501506,0.41266405883271845,0.017943353897167755,0.2017096466172656,0.00605485025802532
2021-11-24,23.0,2.0,1.0,10.683493621531305,9.768453515452551,8.719361811510892,9.385429278829982,11.123445647880361,11.841516114060436,12.221150109510818,11.212579250456859,10.168173649458646,11.041669177302976,9.832486791115818,8.953506855235865,7.209242067426154,5.770558296044972,4.406319149155554,0.4027944313066558,2.9090115326186665,0.0,0.0009540003092974838,145.65352903174116,0.004188182909779568,74.08677884045,71.87124667993787,678.6854393507595,0.34738589471860326,2.550133295115379,9.52964554069242,8.248860265115828,8.82387707586045,9.091880244556927,8.330656449673329,7.536337507304259,7.2381488165089065,1.5745397652987556,5.168647673861891,0.33025661369322457,0.21177628348293967,2.573302001958204,0.08017007104476813,0.23185323001871444,0.0037759510332717443
2021-11-25,22.0,2.0,2.0,9.267466347116438,8.275977979029914,7.374210141618197,7.888716327438434,9.394021347027136,10.023688245657787,10.349660293024934,9.506642280889476,8.646235117796534,9.34821893162304,8.356901117867125,7.598188040572448,6.119872835432621,4.643449794211457,0.6468755381420064,0.42199601066844455,0.03496130003226012,0.061754421950342434,0.7489549609518138,118.79140379732587,0.04777976964149624,49.920271628966404,110.20425296127966,992.7774991719695,5.598122679379034,3.2300120910552086,12.130431305351758,10.327759945801654,11.18057410492176,11.501243250141876,10.52211184741958,9.553725106249795,9.21136701104044,8.381949242379175,6.785836597356047,5.035472955727026,4.476135197023093,0.4683938407533104,0.37252195292212426,1.4171268438931406,0.011468989864616221
2021-11-26,20.0,3.0,2.0,8.256624655882495,7.35735986971858,6.558801004809084,7.04948150624966,8.37171673649344,8.936565734047145,9.217932253005845,8.458584088876071,7.6843937861580205,8.31921480682313,7.422405596734445,6.700169723776069,5.425435070794416,1.0607174559089303,3.7570245493412355,0.16677244314128797,2.1615629046803932,0.20447555341713336,0.0039217641533210055,107.1133241820651,0.016949127082129985,64.53650723483744,129.4775638357786,1155.1577454574565,7.527019421610397,3.6762653201043394,13.733732515347123,11.880870307936638,12.693378040751915,13.08368144118926,11.999263092559486,10.863521687387015,10.141767616050535,9.542280047284295,7.725880924602307,6.025244317007067,4.605608226482254,3.778845989038793,0.5661524741908327,1.583188021842992,0.050864392393352845
2021-11-27,22.0,4.0,2.0,9.510228286985758,8.500028186806869,7.587582777180376,8.162827462788375,9.676301490812257,10.304118957499973,10.633838164768935,9.756595515904662,8.848290335675557,9.607653610109715,8.556326831730784,7.79216351757872,6.288366881425136,0.8871235259708194,0.5280263070278488,3.071965081361478,2.2091962510667007,1.3257139435802185,0.0808455779181224,123.3271927061923,0.03635649205720313,101.53346003029411,204.53631204385792,1148.6595061669732,13.428206996747555,6.239042052168947,23.374605305956685,20.228506559996067,21.61542606246207,22.22410126535674,20.360449927532706,18.46920642857097,17.744525177314646,16.124948043812875,13.113046405710424,2.422485132376273,7.478432758473308,1.2136421961647996,0.04252234745769126,0.45716538375617094,0.0
2021-11-28,19.0,4.0,7.0,7.77872313158289,7.11696632194625,6.3454128007827,6.792820578443543,8.050689533733742,8.640590049153925,8.911994605437254,8.177884175517502,7.424719758929867,8.04604130819081,7.1725275050800965,6.475469052631822,5.26228879130231,4.195155831425279,0.5214308103986431,0.35983904180015136,1.7845931059846785,0.031176120156233972,0.03619381670132228,103.12451633919902,0.0,61.694851872307694,93.81524883069333,607.2619522691961,6.762436809082703,3.474120658978153,13.049385840223826,11.255069272641899,11.986096368183693,12.346532727603023,2.1596758546045898,10.115180494358405,9.852716759043194,8.957425172885564,1.289405981238498,0.28831927871525104,0.6469674955056269,0.4610377146355999,0.2907528402756325,0.0,0.8801255627176892
2021-11-29,22.0,3.0,5.0,9.847598051883471,8.814583799159177,7.852164515616928,8.410787291807544,9.99151732601978,10.684631082032443,11.026752137923443,10.12659667816124,9.20853800385444,9.957583149393747,8.862987921306283,8.089728757654425,6.559594892375596,5.1347361665752365,0.6974526632448262,2.6442757614716763,0.44859625221873545,0.38011076949390804,0.011919566956811931,128.89079689309455,0.0009589426607805819,62.90862179766776,128.39871407782167,798.2179268369317,1.7479653535183448,4.2781329514333954,16.029152751250393,13.861156313810334,14.794751939611661,15.23436454060898,13.947005286493566,12.643307118472988,11.763559255841505,11.103945842871166,8.984934005903414,1.4527811280831764,1.2425319746134136,0.6188068747936292,0.13217420599860102,0.35457432623491186,0.20957020828217976
2021-11-30,27.0,4.0,2.0,12.016777013021816,10.723939735078313,9.568791611633714,10.275440209379244,12.195697688658855,12.983866742396975,13.406087931271045,12.305920589008478,11.170892941344633,12.11561241808778,10.804022123359264,9.834212088282312,7.9577853758388155,6.061185060900929,5.241189621754456,0.48267952649139473,0.4953029249786868,0.19421379890738924,0.11372004905052412,157.97802707486355,1.7748193238117569,85.56850171251862,150.11168518188887,1124.6624434979137,9.372901363440121,4.542999669284976,17.11802865849809,14.752488661451187,15.700058357860266,16.170754758320466,14.809923291912018,13.36386999916341,12.937260655713864,11.646748170601231,9.5409508126715,1.1087334585896182,0.9056997999134481,4.704342330176199,3.4200926409117796,0.010777577369363389,0.0060549760112946814
2021-12-01,26.0,4.0,3.0,12.17824297213762,11.185703987852525,9.971481319069985,10.701981732366924,12.700799504251957,13.541879838968091,13.983839790674153,12.83930397917615,11.660889033056717,12.635937817776167,11.272391033004771,10.25611447443726,8.181460963988645,6.248895338194747,5.682569971648634,3.473452151014221,3.107231948051066,0.043134344665917604,0.12753268447890084,169.79921786729764,0.06915233105162866,89.60774124321983,105.35404485842365,741.7473436823947,6.759445266333379,3.1428913976213186,11.651505767411251,10.109980280968005,10.828899365552255,11.17962238475632,10.22635057093536,9.279226403356898,8.54821362062968,8.1160284269372,6.639144280594482,4.398729936348844,0.3361331207938459,0.10657566277458477,2.500214290725605,1.482878498557876,0.04820558412674642
2021-12-02,26.0,4.0,3.0,9.510399680596242,8.490796729977118,7.552523926660703,8.071555400133489,9.620858497874016,10.298338608165672,10.631809111723303,9.767317781811972,8.89230823679098,9.593095794857021,8.584055177924316,7.796198728472156,6.049456110818523,5.019995764139387,0.255141570160769,0.458933861991783,1.9966243428225527,0.006661710439232778,0.004015388999538178,122.61532764306516,0.009300532031135548,89.94794285098308,118.9678584276003,983.4853840603813,1.0397921819593618,3.548045933150498,13.262149795490815,11.459528318587934,12.218425364987567,12.605955630923713,11.568529942285057,10.506048819611944,9.648951945503876,9.183398840634705,7.481316039019341,5.898805862276513,4.345966963230415,3.6466230437870646,2.543480076619062,0.01073481332369508,0.00010485620875847814
2021-12-03,26.0,4.0,6.0,9.60408383668537,8.595419060335384,7.661854886493066,8.226613646953272,9.769660744716841,10.423521470766424,10.757302484517174,9.875016541573544,8.971912041912939,9.71449508239921,8.42647771540259,7.642566257784238,6.354393440128194,4.830361709602401,4.238682723984679,0.5535628562662244,2.5435487571020254,0.010077490251433771,0.00641003568883933,128.30437693309716,0.8194539193287127,77.20683602857564,134.30131503210245,1130.5834233042242,8.89911731834683,4.123872263347285,15.371158819363586,13.312971395574934,14.261094118138642,14.680145836163385,13.144576174559777,12.197104745953057,11.709245622340715,10.583587635091124,8.68173950981044,1.2956972140796477,1.0235036399376638,0.02087226369092656,3.2918953183536463,1.7040341414783977,0.0006990158723835312
2021-12-04,27.0,3.0,5.0,9.366497946035112,8.376703705611869,7.462608646654901,8.00383815191648,9.490956748779531,10.11170306259706,10.459979818886175,9.605814081171975,8.721018228016263,9.456037292593509,8.435984586079517,7.2992275991095825,5.931136648403603,4.528313818228377,4.421315823103213,0.5377193782040327,0.13991725034765018,0.06005784493014943,0.14872371973480644,122.57731278018376,0.11036300660431328,115.95307512975681,206.92328372192762,1339.654599127249,12.750350192165325,5.909404838181727,22.029386721475326,19.11095716231679,20.44760009022138,21.029850906773554,19.283298589448506,17.512042061884284,16.8520822544343,15.30127008044609,12.439281690583938,9.89145959005686,1.886003733673912,6.368836904358157,4.715101006119929,0.0,1.3963578997875712
2021-12-05,30.0,3.0,7.0,10.413222913245791,9.269834997235362,8.267966525346456,8.870603125375103,10.561957395275698,11.269010182654384,11.615343149334691,10.653990894977508,9.666676982276654,10.486590799560082,9.33367340957841,8.48515667055903,6.6127076767785065,1.3119696291989664,0.3006849807694551,0.4943996957133184,2.8534472763111314,1.590176480205386,0.0,132.05741278439595,0.005382534151691446,97.29896634850624,83.11079695873038,435.5723311345889,5.245074159378303,2.7782586183864573,10.354382251402315,8.926946521129635,9.51130350930138,9.832311415242314,9.026479629858676,7.748629797378309,7.385988012325705,6.676830426868068,0.9842770428518282,4.189112314371117,0.2122743893760013,0.009023891495571416,0.22367027495530778,0.0036198540820254876,0.0026148503273681974
2021-12-06,32.0,5.0,3.0,12.970536822042337,11.599020053466855,10.33201378635606,11.07969297063992,13.169471350865393,14.058416204571051,14.514771141819061,13.326089767816685,12.110594369852658,13.106108780458607,11.699634147041161,10.510056566688556,8.55588361483074,6.898190868911104,5.881005120669342,4.361344396258869,3.2249460539394392,0.3465128552037931,0.005545303259175566,177.750328208854,0.07700790633042376,77.73296072444201,92.68497272012083,1130.836876033829,5.158466882338918,2.9162945957224427,10.865802681953996,9.399494754738068,10.03689447392046,10.04116635093856,9.476735032130202,8.271166697506056,7.971978451166656,7.480841765986264,6.098447256224715,0.8606395814568736,0.7647666266791927,2.841645301432601,0.26587419194455286,0.23199824818062575,0.002759827800631993
2021-12-07,37.0,5.0,3.0,13.581222755127163,12.093272922698926,10.796127412093128,11.622086359466365,13.78453312667888,14.687868104149274,15.140458128740127,13.887994342534563,12.595154061455704,13.675526750423064,12.172126342679562,11.0838923578302,8.977329398227841,6.865311834954211,6.181499572557666,0.5905706265314058,0.017434014640283785,0.23710355814134165,0.019523110576577064,178.099066726044,0.6132303048804043,61.992120057539765,100.53610927068883,728.3296311718689,6.726343423642029,3.220998636453318,12.064183641181293,10.218169298188451,11.128643867402964,11.472094801173526,10.415084620461927,9.409544869640811,2.065566137692829,7.927800988017885,6.720911085004281,4.935135798127266,0.7827831079483968,3.10534040848446,0.2680731201262576,0.07424147975062466,0.001193987392478143
2021-12-08,35.0,4.0,1.0,13.381790528552722,11.931033612666022,10.63140533027707,11.40978353596369,13.564767653572535,14.484845766426528,14.94175639926152,13.715188067554328,12.463335268792742,13.488481094522356,12.036436727882343,10.93873609261791,8.770628026402374,6.6698785265659355,1.1331602812231663,0.8044225935872217,3.405914100576991,1.8217077554421923,1.1235747718614222,176.7586329337087,1.1753399602582317,60.54761376590012,72.79516841646392,687.3774218094009,5.035723759547427,2.446501085165116,9.08022062665373,7.879364578612136,8.275139519716591,8.667545347667804,7.978265059606577,7.17978153331921,6.921212825587494,6.314175680613643,1.3927353388238988,0.6075253111975006,0.18048733634541517,0.41323742634710664,0.29087056743442274,0.034014288290834686,0.09836813153502885
2021-12-09,35.0,4.0,2.0,12.915868712242665,11.528091261619474,10.270932769386757,11.007013325592654,13.09119292666222,13.975271756838318,14.42459618107296,13.246735168352208,12.043538343377286,13.02408953091631,11.636831758803762,10.584018382625983,8.51970121737513,6.833244775545814,5.817185344719587,4.4132254932420905,3.395191523668254,0.11552798540537267,0.08998766698237856,176.93572082443126,0.08269815940405913,75.055818452562,102.90939145032354,1385.2478415133721,6.56262035479501,3.0559623177135036,11.40909520750646,9.861522012096502,10.53057421341385,10.867143659456236,9.96759605572917,9.04526474343014,8.695150183789053,7.586010238601134,6.438679160576569,4.8496741126435134,0.8077797678584688,2.92071112042109,0.2743538492318667,0.03166689997076692,0.005587553090222792
2021-12-10,31.0,4.0,2.0,12.590272674264787,11.424668775761056,10.190508214511416,10.956073352984818,13.032965298839981,13.923046455514116,14.332324454203118,13.14637145757258,11.940246251946567,12.929524124505686,11.523523251550248,10.4760889130391,8.491096011855218,6.7535663172480795,5.925115153265009,3.627941537711869,3.2837633365964516,0.33778609880046034,0.21740929338567228,175.1730968539181,0.04076017593115013,78.45163383163658,128.59251858709484,1199.772154441336,0.6114417670202082,4.28263907762379,16.058392736813143,13.88715483890757,14.818017226715078,15.243261352711809,13.96438211187966,12.66953238600613,12.224435044079524,2.3869544064700907,8.737349565898239,1.373781704412802,5.988435130105729,4.3951802631185055,0.0941696349245223,1.8540237642789463,0.003367576129079773
2021-12-11,33.0,5.0,4.0,13.489377723123349,12.103307228401066,10.799973715275838,11.613746210668035,13.8005371713078,14.72436980261169,15.164384829904265,13.91505880189489,12.640560568072468,13.691201950985812,12.207427108726758,11.099673089397362,8.680272710136109,7.157317996771042,6.44977176305195,4.627479994993701,0.016714397730023638,2.0933147598233206,0.267384017519665,184.5418738403951,0.6244785883641694,90.75132380080916,198.18784969351702,1894.838913686981,13.073280576027482,6.086825337728927,22.849001376672422,19.725954789890626,21.005491203007498,21.62273951309532,19.83460315685458,17.971360341700546,17.24142631101362,15.77481476935176,12.214104924626247,9.760117846188415,0.8911419564695785,0.08122367227827162,0.026354645626980804,0.02086137410445473,0.008547898880267944
2021-12-12,31.0,4.0,1.0,15.396231024833414,13.694914633137168,12.220296972992864,13.146628297088531,15.630811159940892,16.68667247824016,17.172981767426425,15.755428720919918,14.310754585940789,15.500038759461638,13.813045948202957,12.55424276257713,9.850960888834976,8.10276372485697,7.318372281836764,4.933392399349354,0.008985549117591848,0.04362717159677644,0.07832120589088898,206.22141080640517,0.104825487607346,112.81597802459805,103.1652013080897,960.5818162265622,6.609128943355076,3.162381875429976,11.88075442319024,10.251257595282555,10.907415160044192,11.234718271956092,10.266606148101362,9.273452058325326,8.901027860779253,7.987321435717299,6.421270661524354,5.207725511933281,0.346488257283581,0.5449881241808175,0.15803663664657344,0.006442484599481948,0.00618585974024131
2021-12-13,33.0,4.0,3.0,21.672624132777067,19.354409631080973,17.24812718665999,18.495629932017994,22.026731759160143,23.54127528814293,24.257500766741092,22.270060221417697,20.25896417624736,21.884554740217197,19.556535582327328,17.76892840545169,14.413372407612012,11.102820585019938,9.924520004887714,7.36152833613754,1.2393804135617874,3.4566374075534156,1.9628030813735056,297.8015301590421,0.17425782110245247,84.73565906879402,100.39714387649553,2084.7650997113597,6.207730174476535,3.104066198638365,11.473525166189779,9.96936351709712,10.673323071007351,11.01937895754078,10.109369739105164,8.765739913736455,2.651036653485906,8.057316260504315,5.954069441647248,4.8570470504684256,4.333487093733363,2.9426930107816403,0.12543550325898234,0.0011044780161060873,0.15245764680798363
2021-12-14,31.0,4.0,2.0,26.71792805152473,23.95024049590592,21.346409701831124,22.902636834062918,27.281996916100596,29.158716608205008,30.03015963910236,27.568466584226304,25.0832458150668,27.089922368919108,24.209331837148426,21.99042354700972,17.83840518161709,13.715620697584386,12.793510496560359,9.244249021190992,6.770864739234467,1.1547552398039058,0.12573499679129022,370.32446113513066,0.28865025069938055,106.40319369530576,124.95083460434586,2000.8357214516177,8.265667561372108,3.841132120771446,14.379642282240356,12.411105484130083,13.21109520334804,13.634911339405216,12.492432764658144,2.5854847179898974,10.93370856561095,9.959481154792513,8.091664596598648,6.081786299770515,5.296163465678689,3.5021359218182226,0.19406227836165604,0.011410050747970243,0.05895079705141191
2021-12-15,28.0,4.0,2.0,33.16268494555929,29.703050387925952,26.51971749483764,28.562067658664105,33.928411048300354,36.181150243471635,37.24355578732735,34.160707561851865,31.016108268162355,33.61186459465632,29.95110218859108,27.23780772339137,22.067484210101153,17.67328357450604,15.97908001388528,2.4404916598926194,1.4802061995260418,0.09274973068631577,0.3716013750780928,441.5550644162918,0.08491222296115941,90.84437155162514,81.50717334718426,1505.4681463308052,6.066724626653121,2.807349312859638,10.39752979116885,8.990095895643142,9.63497397175839,9.96165441713695,9.1478174908415,8.29019066352073,7.51072003596765,1.9884007370374324,1.4127468678329609,1.0121424280875224,3.6584222771475745,0.21340841626105875,0.06729427228955599,0.32914616719494466,0.018555975783259716
2021-12-16,28.0,4.0,5.0,28.171527945200314,25.086515126615705,22.35274455425669,23.971614771792037,28.570825741530655,30.557230457170565,31.46674506050977,28.883075630430685,26.27582192403873,28.37887220577845,25.35270606409878,23.028288744111926,18.688513290142723,14.940160243280532,13.482856788939955,9.68276009150104,2.0071980170027834,4.334694612428115,2.595101629441944,387.98759655224524,0.14559269657817456,105.88624606369105,127.52101343286964,2374.9728510512355,7.799637159690987,3.6123235710722716,13.431910326285916,11.639618559280356,12.448834676835798,12.837007383051674,11.78282669495438,10.707840917601501,10.27322949532885,9.32378260908624,7.283262912466776,6.062071329499347,4.950703235149221,0.6524290857879756,2.834322052982987,1.7349577952802733,0.1462556285150442
2021-12-17,26.0,4.0,2.0,28.6501498432949,25.49814473141211,22.746040132242104,24.449136449678733,29.092980725506433,31.06641816071836,31.977908684046096,29.34427603942686,26.67372234126097,28.852381871354122,25.74689402073759,23.395774041097013,18.970860291875706,15.210588159082555,13.719388944031744,9.844995384689948,1.3004297894938743,0.9020287615013599,0.014795344645426381,387.48827487646696,0.0952412938334344,145.92276430181266,126.95236298623998,2603.5387435380226,7.917389221532028,3.6694200145944955,13.562533892619442,11.524224441284845,12.650564557807218,13.030011864361551,11.967199732867078,10.90577886525586,10.062579356792707,9.495578045159023,7.745856219773464,4.98705739453844,5.195260998036107,3.707340896638334,0.17963184254573675,0.3504755588331624,0.00146008360050311
2021-12-18,28.0,3.0,6.0,27.955486985413483,24.865591385361373,22.178425680594554,23.83703604897343,28.37785949636265,30.319410128608922,31.202034530869,28.625951782464384,26.01583412597839,28.142013624809458,25.104529559118326,22.81521243182011,18.506335685917318,14.83954666727405,13.423259658121173,9.57654359378979,7.512044558043526,4.168151882961987,0.3676146481479373,387.8330471526843,0.6051816215104363,191.13420198838872,202.70127518446566,2941.9412172521165,12.799024473279088,5.92475332154313,22.130301793385634,19.14400524599628,20.436234972063268,21.04909751044187,19.322404054397346,17.536753175933598,16.928075994192202,15.350925033111173,11.967779506852821,9.753433958710408,8.494825512957812,0.9275502455184417,0.7612063524602973,0.1515240309303661,0.02338000269193271
2021-12-19,24.0,3.0,4.0,27.04144698056641,24.049545980196775,21.467700314828434,23.106826929488346,27.472769271258286,29.316658355593184,30.1643779464488,27.67210545990956,25.13867690423892,27.2199402982022,24.268661101303096,22.062385861173265,17.883114542770826,14.328809825206953,12.927550711290994,9.316748262049803,6.4421153863261,3.9304660605947843,0.4700590766913593,374.86751205699727,1.2471485814815726,171.48136042140598,145.92105930795483,1907.83438996857,9.405210668240526,4.361097014462686,16.291035178368986,14.080588286928585,15.026037788167432,15.511608238640214,14.218718285209363,12.88391114172751,12.439194918287129,11.293698447967948,7.824304893202758,6.104606262129225,5.835606115006657,0.28190959021411344,0.14246080301348893,0.010328848560712756,0.21074282782751474
2021-12-20,28.0,3.0,6.0,35.87766875774167,31.914274711766858,28.468173310575022,30.603899317609642,36.41964061778897,38.90627049649559,40.04477088158548,36.73335428976187,33.377777028838096,36.116084019617844,32.21222563880262,29.280225399013727,23.746239900978996,19.03660155769898,17.16754152137248,12.361726470814252,10.027277865774815,5.896304021377466,0.6960128936539034,498.9715387640133,0.04746484912617741,169.51268462974448,184.31255838948104,2720.9686043063693,11.371073130154555,5.261764334614851,19.574562118843023,16.951405360804404,18.12074236344386,18.690730581360732,17.161346189031963,15.612764245424477,15.009122293781033,13.569222257055996,10.995885964985161,8.842316297703066,7.501978372698037,5.349971536813542,0.2568879222793215,0.033513030930787335,0.009272389556260308
2021-12-21,29.0,3.0,7.0,41.312619087882666,36.747367307498195,32.813002642071844,35.34734826615525,41.98108748285806,44.76185973984654,46.072675578403945,42.26019398477463,38.36796154597541,41.58715985797674,37.052117053449805,33.69411733524371,27.296984960779582,21.859507056832985,19.82865000362127,14.158683579655698,2.5236099690682674,6.8276844648957145,0.7095520885042295,565.8333298354471,0.006045626374376351,168.32700241004537,190.4375684778256,2601.919452635472,12.000028993177983,5.551177096877167,20.773855516630636,17.94560963939261,19.130673712699288,19.72659988424469,18.09776407907657,16.34963892660716,15.863005961491531,14.417878051717073,11.553069863062346,8.917726812192829,6.819919554769756,0.12500293653308345,0.08513568729846907,2.824998206545128,0.2554835555092845
2021-12-22,28.0,3.0,5.0,41.5086694295958,36.8824718672558,32.93512606958459,35.49537967323423,42.17474013422347,44.99493794798135,46.28686511797437,42.43889366211023,38.51572565014756,41.75850347815681,37.179177457051615,33.812745711607754,27.402477524204382,21.942050506968407,19.88704234262261,14.248167899106722,11.639797927660887,7.098410310670177,3.7157063884562307,580.037273836767,0.9153474302011002,120.37700281700042,160.2872706654199,2177.461738950148,10.017428098252823,4.642642986737128,17.347741635430836,15.001673387616643,16.01773395662656,16.491693703737386,15.124742149019436,13.74365527383587,13.25003214999039,11.961897317712706,9.334575051654536,7.64986046702364,1.4764642058093465,4.539513843776801,3.2328221142019755,0.3947182131534092,0.0600761108404402
2021-12-23,29.0,3.0,6.0,42.82188861896253,38.05908039751947,33.99451416676561,36.63947973645513,43.50300938464163,46.37714706680502,47.73225282586378,43.76396713535606,39.69869968463929,43.07487037642017,38.34369773870386,34.91227083273377,28.291694205447882,22.647029749709958,20.566422186810748,14.755569077701159,12.009840991263601,7.0085026662613,0.6846626942584728,595.0034298361645,0.05371834348115749,145.5664395988598,143.04833928302295,1735.8029907960367,8.761126617130504,4.052296603391296,15.053727157021525,13.024820745127634,13.914631804585165,14.375665538873315,13.203302708121914,11.444020885706145,10.93368847036547,10.321892626322764,7.78563059815214,6.587849694648846,5.543520923312507,3.8898001140672775,3.183133938361583,0.02005849490324468,0.9531723629316374
2021-12-24,30.0,3.0,1.0,37.54133249242691,33.33573652112485,29.80039252077558,32.19162491758174,38.17289251801584,40.654144540662024,41.82226580708567,38.328046244801406,34.735292306201174,37.74809934360679,33.5523811762827,30.550801846825426,24.740838597235715,19.785550317312868,17.97998116956672,12.894636469957414,10.510385497232873,6.466545922909994,3.305034450237836,524.1906614702608,0.15902867929994594,98.00136279103437,86.57380036355671,926.5298907578572,6.254947067182516,2.893158635433495,10.902361480450896,9.218532320919241,9.94482956766126,10.28141431101948,9.360823756878943,8.252461842301422,7.934524513188574,7.267050237771215,0.8655641259847007,0.5179607006491134,0.4969742577533939,0.2241486315134188,2.1548120741320624,0.0007455206917036202,0.003491320025283066
2021-12-25,33.0,3.0,6.0,18.831206281006008,16.75993893288683,14.967444959556625,16.123293041538275,19.161006316497264,20.4476987802582,21.03030374296173,19.279723966318034,17.491910512754025,18.974846909882853,16.885233045152187,15.368661862133987,12.461615806775022,9.708929239234205,8.776825435620855,6.505177618655494,4.709133610951556,0.6840772871823071,0.06354563808453514,258.23057298745005,0.007761829597202147,11.752773793221916,20.34088328935115,86.15910867970322,1.6578108327303336,0.8664112140711705,3.3081529325087744,2.8522885088129657,2.9586567010273708,3.1222442859442117,2.7318701484792984,2.4937550187190793,0.000285947405504048,0.0004156898225085055,0.19034375463355838,0.15864825519637568,0.0,0.0,0.0,0.0,0.0
2021-12-26,30.0,3.0,12.0,30.077972489914245,26.727829307285553,23.87419432775749,25.74889698299593,30.55708477424292,32.56803993384472,33.52299427333057,30.728402622747097,27.860212643544582,30.25486199246864,26.90762221452961,24.495271425113504,19.844504842016256,15.878709473917333,14.420270872143304,10.33693211181378,8.180961408139826,4.997571894136056,2.6068435422086775,419.59243482172076,0.08647602365375057,42.80036547687248,38.917951964968864,290.83774044068093,3.501798311935552,1.629387910315242,6.255035621987519,5.323824877683473,5.628263216174797,5.781906993077178,5.087245177925094,4.669853824670835,0.24889901113075452,0.4104106911478636,0.17068522316693988,0.14205737824116474,0.0,0.06858372751245796,0.0,0.0,0.0
2021-12-27,34.0,3.0,6.0,45.91116658761691,40.81659077779966,36.455561737996156,39.28009451404274,46.636777944963086,49.713460413913005,51.17308255932459,46.92250965382597,42.56696004326334,46.189760978101624,41.117203128496065,37.43582552196434,30.336928713879608,24.284603075293997,22.038738531127247,15.880045971523089,12.590302386279228,7.523563740931472,4.279687314465305,641.153256661616,0.03446958239217867,111.03953305207001,129.87610948532796,1322.1554926290119,8.80071987999743,4.072088512821535,15.320840214764273,13.210936271565727,14.031518624150584,14.475105190445527,13.235702938871077,11.191016192379825,11.240232154013594,10.121202353950915,7.859499073984694,0.7288109224837358,5.574573560575634,0.013661607487953023,0.00020198783548339795,0.0,0.0
2021-12-28,43.0,3.0,8.0,47.74013567711174,42.393088419699644,37.89641484816307,40.9393363685225,48.53601717032583,51.688339554007186,53.17938329465345,48.73148073582705,44.152928339158315,48.00287368827538,42.64759018282249,38.83127252252845,31.441991594741147,25.13951384308747,22.849293610222272,16.455036348313488,13.449018799482904,7.880418611953759,4.695876797383757,666.7088231419652,0.12013824512372617,131.48601096079398,149.1164691548682,1122.9547485390215,9.73533413206957,4.496696319161204,16.81193669185789,14.047623791876642,15.435848668988505,15.391078544452236,14.657131474490757,13.1281490868544,12.214547880380941,11.030248260623857,8.924388400070951,6.951840102784651,6.154672225005743,0.06949955079417215,0.04309901671547466,0.02437500874122291,0.0
2021-12-29,41.0,2.0,11.0,57.73001141275848,51.23331072949737,45.76601157063465,49.37953705874262,58.647731518659896,62.574810822469935,64.3367990192387,58.95013022537038,53.448128393662415,58.033733986481614,51.57782317707592,46.91689500949391,38.02200095367888,30.42476543209644,27.569901690827013,19.85933818977849,16.28772917132742,9.676740880740697,1.2669286543136324,803.1369970826096,0.008325680421381662,164.37363843937968,193.88398881920656,1339.7626545633764,12.174372606720777,5.627122895387761,20.91181175862245,18.064642384149458,19.253112194020826,19.93101217980088,18.320700350738562,16.593089581398345,15.149419016149896,13.695432708294298,11.074413779952602,8.733684114291266,8.31710034890045,5.5762847791788674,0.028648354328531224,0.4261187610695513,0.007023006202047022
2021-12-30,44.0,2.0,9.0,51.81672269667177,45.97400268995024,41.131393065056564,44.511369710049266,52.71859211361729,56.09164261589197,57.68392153752895,52.840341103590404,47.83642803698156,52.072712045798795,46.21543301236983,42.10765577465384,34.08244336729338,27.23062980316247,24.78084039052598,17.845979559094967,14.649807200805867,8.975813483772608,5.085732834088325,725.5281745939018,0.23329701302612663,119.60489406813987,140.55514952613947,861.2065109671271,9.090370664509656,4.205188636789287,15.471900862854762,13.410985372821377,14.369231380872053,14.87478865656107,13.687013346494476,12.222180630319006,11.880032818063043,10.105708157751724,8.510687282611176,6.42917584015665,5.704312928627101,0.23977028102879902,0.16323925303697862,0.011669191139218816,0.178894222503115
2021-12-31,50.0,3.0,4.0,38.538262406960506,34.227648945518595,30.592180227165866,33.035372285438136,39.175681390887334,41.72602156172317,42.931955462049466,39.344803395072304,35.654235526012165,38.753229751810636,34.43712715186195,31.35366277270127,25.390047896065532,20.30474579694603,18.451435900504386,13.287040004573766,10.86134762404711,6.6324842060121805,3.764854273069583,538.4740654938176,0.15688363894419674,79.67402809111252,74.05313785887392,524.8742327227449,5.59281769328487,2.5888108192269015,9.54539097180735,8.270416687005126,8.874101088174115,8.850944501455983,8.075977759994986,7.178968062295336,6.852636096677526,1.8517037740777282,1.5821728262958175,0.2998783900877796,3.0497171900033804,0.27710414664212263,0.14382222547159482,1.0185513054379658,0.00012432093532952363
2022-01-01,48.0,3.0,5.0,26.125261580032067,23.201222095585024,20.728799368575253,22.38254073398271,26.538636278945443,28.273955702800723,29.105638317838782,26.6671020009807,24.151066004813792,26.269195135083713,23.32426249840465,21.238142422881175,17.19893211045648,13.751945607924663,12.424873050668227,8.94825323135998,7.362534252220268,4.494411978415206,2.103637302414125,364.3605311960583,1.2980614126921115,23.83335087599104,50.62538126006352,179.87864886544688,3.6877929372460567,1.7001674659004098,6.384053122082929,5.495011553281841,5.820147837451624,5.611959019223621,5.107503235515327,4.82138332475472,4.297186610282334,4.259544998726965,3.240231327850226,0.10358549487078392,0.031337573661081045,0.0654767592156051,0.0,0.0,0.0
2022-01-02,53.0,2.0,7.0,37.82061737203409,33.58357927960308,29.99318441747461,32.358537572988325,38.40847768190803,40.9608463286135,42.14893956879416,38.62273940524836,35.003038523895505,38.030466251811404,33.7891051505126,30.74548267466305,24.91027816078923,19.929504364744545,18.078336506288156,13.02075436707416,10.678313072838952,6.522192690514636,3.693898185299677,528.3116053179075,0.1751488819617208,55.12341626782649,86.66015034629235,378.4270247542939,6.250404016662439,2.8906336764511718,10.704357890912421,9.24074214207352,9.743117713733326,9.605588739463087,8.727157328520208,8.279001127072183,7.387013935052722,6.421170106500918,4.686408834813685,0.008323165519987866,0.0023936310290991526,2.7138380384875798,0.0,0.0,0.0
2022-01-03,54.0,2.0,9.0,48.33720212357534,42.916897978797145,38.334535496119415,41.36573005125074,49.08307757723938,52.332312459853654,53.85124449091303,49.34310034733782,44.70328242061646,48.598326601659465,43.15724658993156,39.281357393548014,31.824834217992315,25.455617015670036,23.099969753815202,16.638386385689873,13.643944643045126,8.343733622838082,1.0197732504098478,671.3470610198136,0.08608417985941713,71.83768872119542,101.88610164143162,389.49842629340975,7.465494195862287,3.4520359408008447,12.689696210333587,11.007409529487372,11.664348213241217,12.089603100619266,10.469355917197495,9.473670839463907,9.597223474690088,7.873347165732352,1.0570380455855992,4.816777477882334,0.056175495426916695,0.0,0.16871572538275612,0.0052103097256064055,0.0
2022-01-04,53.0,2.0,9.0,57.187689942644944,50.768501971758184,45.35727670565308,48.96162230167514,58.0985380450416,61.93281937463851,63.717152080803615,58.383324735192275,52.899094941455964,57.49594989636517,51.07065216517924,46.4825411416062,37.65699275382406,30.121475348094656,27.334725151875656,19.68709112865905,15.71737857808875,9.57439292242788,5.3946962471599385,798.0892050439483,0.10908091371798836,115.48134539981247,157.28232773853878,778.2360219037047,11.095149564550262,5.129022485738671,19.064009269105888,16.42941807799275,17.534351232407328,18.146160323843933,16.646159901637354,15.083359556386073,14.495378163410798,12.440095102173471,1.8994430007577878,7.675102455842759,0.8865711390503108,0.5923735791420766,0.16540194645604564,0.00033194004328849917,0.0
2022-01-05,60.0,2.0,8.0,45.54118705424976,40.462413038930684,36.11330324926004,38.903227276879875,46.22855110253268,49.3354568673549,50.77506220679631,46.54509600131354,42.212738076247,45.81350109332525,40.7389767658735,37.047816489901685,30.030906008017226,24.04477440249581,21.778531875899308,15.686305091242088,12.796109005394241,7.61808287493593,3.8607595860624127,637.044368102489,0.7059818254459622,96.39881602259241,128.0903564738083,693.3566250584544,8.200068580229182,3.793905845136265,14.198799009890555,12.257193414477324,13.070946129045835,13.474319060434702,12.243138567154427,11.208020501508265,10.793514906500347,9.84492029800727,7.533271535790628,6.225250678172357,5.195630003723026,0.009178243802851793,0.016057481614312977,0.013327498185705878,0.012814720135241495
2022-01-06,66.0,3.0,12.0,43.167645983467295,38.305784680279885,34.20749492896272,36.91867756587044,43.840398897184826,46.772746802177316,48.10662985813481,44.07066174486639,39.931370425484296,43.39664148541163,38.527612543900105,35.0386970621732,28.392724311774185,22.714607126181505,20.576280224229194,14.822002337562957,12.087193488493178,7.393054046375393,4.053171546660661,602.4676555460818,0.2534927303851075,82.80123797273993,84.23855168658636,652.1859513106522,5.571308251872521,2.5762530224336184,9.437825601496911,8.201456917174298,8.789599275493813,9.09425005976783,8.400155615131844,7.095121719207306,6.831001169275491,6.0973407542038425,4.957145623744811,3.0251581728407633,3.4270317290304053,0.5687325055195853,0.10505825325791036,0.058652850834242314,0.002460165301186859
2022-01-07,64.0,4.0,10.0,28.78784354264567,25.555060651098238,22.823346065195473,24.622939628459086,29.236357286595858,31.18694335301539,32.08012680246323,29.392987119582855,26.638940395215688,28.94280196760025,25.70894138287804,23.388381297048443,18.953009052290206,15.163933950853746,13.630400317153638,9.875055937448609,8.079204466110141,4.971718871846142,2.8053264566772174,401.8607933446779,0.6795113667738616,94.64452644350108,138.99271263783046,711.9244874407239,9.517287690866562,4.406709166285343,16.506786638447874,14.252831137596127,15.186597992985625,15.642689578604763,14.307260311787276,12.942393334244308,11.933973444036178,10.985914805756599,1.507271187582054,0.8657709111871768,6.213773977844493,0.1385129110888333,3.156251503441619,0.22356481663363223,1.2051232294420118
2022-01-08,66.0,4.0,15.0,22.821867151886014,20.26761239625021,18.080191614672334,19.460004499178606,23.155194848962644,24.745202567697884,25.45434696914231,23.332464782904275,21.172327281801582,22.954353664415557,20.41896963983829,18.55564417318044,15.050723337203484,12.057902402952115,10.836648820319697,7.850152458360295,6.362595244137398,3.7583609917183622,2.2119288692871764,319.13427888530776,0.27758705658635324,119.85649136584989,193.60986484951775,886.7594663351986,12.939076422563303,5.98970828622495,22.37367148631318,19.329700231550387,20.607068549739825,21.24540504397068,18.833432809835234,17.649584874326077,16.9794589200122,14.980361969249664,11.948976715445308,1.4213288961498054,0.9954142374853758,0.8048647232706101,4.866551625893786,2.642027209646931,0.003232847840432655
2022-01-09,72.0,4.0,3.0,25.68751073067796,22.796107778296548,20.37102636675503,22.01499304214164,26.100309693377053,27.808368953413495,28.610338958724828,26.206619420301543,23.72516846548035,25.821835460057176,22.904733170130708,20.846346401031944,16.880466227968963,13.168037402267272,12.250701852161791,8.758171370926386,7.238741982384265,4.236480877246977,2.298280704261842,357.797300854441,0.6850874904880906,53.017634682364644,75.45792551514604,300.5516849916299,6.322422564992804,2.9276723840980527,10.97215906337216,9.298936299837267,10.08324812223477,10.348457819103547,9.276058447046069,1.2607194329300417,8.194099672970882,0.8801097109550362,5.380931775745751,0.13966753033344487,0.23961283072373288,0.1024126101545268,0.015030442379313294,0.01327079297069964,0.0031160152979574293
2022-01-10,82.0,3.0,7.0,33.33121660135162,29.572099951634694,26.42246302567002,28.53818920405563,33.86907584589166,36.115267339235345,37.13455717209173,34.018358103595595,30.81898176252423,33.50421857366133,29.739481459704713,27.04890820604187,21.910210173172707,17.522646943754193,15.884741363023112,11.382940165333286,9.292534695575238,5.700459558126479,3.1556387790743203,466.14686658041353,1.7956391381476096,68.35744519382749,86.07854244606963,419.0839198520079,5.6247010936987,2.5986092969591166,9.644670940074644,8.323195695616175,8.86351642433796,9.196731101414064,8.439744662260697,7.197977647626594,7.395684812696484,6.30198694893775,4.793977611945213,3.3363265529147124,0.16967578843659026,2.4244847950066553,1.7670950246131885,0.00016404953107116772,0.0
2022-01-11,73.0,2.0,7.0,29.143902252463946,25.848554248865284,23.08746348954178,24.934680526229357,29.589272404647897,31.565916875154464,32.46154062125174,29.72977583441673,26.918768796929726,29.288587828674626,25.968572485304108,23.616717327663302,19.132953263966012,15.298730475040642,13.859664285842676,9.985618600487044,7.945447696964434,4.863108871720601,2.7921318344925403,406.06498093748485,0.23990815445988856,64.92789513767238,104.97836041502109,356.03939341778266,7.0977669106268015,3.2808108166460155,11.950749752433948,10.379030683534177,11.232149004867026,11.006588632005005,10.708616313291596,9.69997959926469,8.759879754783446,7.766884127187768,1.6913260717265912,5.377696137044432,4.874270693879582,0.1740952991320894,0.6066604227394341,0.3717400319780215,0.0001161638804581577
2022-01-12,69.0,3.0,11.0,25.59919173013446,22.726711853947318,20.288333922773585,21.881965034633794,25.984684201267328,27.729030461204403,28.532824486355594,26.142124185247148,23.688428341063805,25.74110660678679,22.85670760570825,20.785065537464707,16.843081554670146,13.47710882310276,12.209581701021815,8.766807295258756,7.150690058755286,4.206835745425142,2.2191497091684775,356.8608818166273,0.05514468053735773,74.91640121846088,120.33749532544687,320.5472968561086,8.048426827420718,3.704293615781327,13.76954865927536,11.915295567907012,12.738386461640504,13.169028007953063,12.099980040618892,10.47204408122499,10.031623418974828,8.742065964830305,7.324678296342271,4.644394217330897,0.6423163588033803,3.028492948165179,0.0006478204095656384,0.0010631547892443374,0.005209883979328816
2022-01-13,70.0,3.0,5.0,25.585813604424345,22.69616349848349,20.285129783422164,21.926230348114252,25.999866821558637,27.704771612733495,28.49471199210597,26.097681016112737,23.624840814610298,25.712484633956098,22.805432211784364,20.759287958730052,16.81211421857555,13.43218590550376,12.200256481762874,8.741619675581067,6.982414386946416,4.28924157816596,2.421009810265079,357.1591384978046,1.9618186905988961,70.01441065998972,129.01754708641795,336.8347605493374,9.640452985400254,4.475545245324031,16.524954856597542,14.310786723646164,15.242906661134725,15.09367837129654,14.432017212562318,12.431132580555165,11.923197107667201,2.7581095500915387,2.320121960269426,6.274022271216109,0.48905099203953994,0.014292810421948295,3.0719240143105564,0.005995139936939238,0.009358603947932793
2022-01-14,69.0,3.0,7.0,21.169268889916903,18.7938350517832,16.778477181728356,18.088300844440468,21.48488368688211,22.931802826383276,23.59296547729098,21.61809891111506,19.594946357238967,21.283573231513838,18.908523190290836,17.200617211948757,13.942094038685774,11.157870048272542,9.789712640444312,7.236923443929032,5.963976268235413,3.534675757525726,2.05844798389836,295.129472385615,0.2769987400122077,75.10900108508888,140.63700525135962,305.5125930557009,10.560119079397428,4.886997719630844,18.20193627847096,15.700433330676498,16.797993383085647,17.350644926702923,15.337503131373388,13.899829460134203,13.375818847443183,11.710819499685147,2.058949809259318,0.08307646913792198,0.4588365276886197,0.1270464222560796,0.08700036641746133,0.0,0.0
2022-01-15,66.0,3.0,4.0,21.294102946326944,18.947790587169635,16.915642640895676,18.231467953855,21.617626407604043,23.027054016240758,23.73621181128467,21.763543757732368,19.723270859917495,21.436169549822985,19.05559624767419,17.343992467900325,14.04271979328149,11.235087987601366,10.214669945906802,7.351336064710368,5.421374114671812,3.5158536007029553,0.43587748575903895,296.49244034496803,0.07307568792284125,109.94008497709888,202.73453191400333,518.0610286746672,15.211228515698464,7.048228370812161,26.436411161503678,22.83138020550717,24.3038207223599,24.957934962216335,22.93555860047637,20.69152558158738,19.412775528775125,3.016890563229477,13.452731812568624,1.4844036845987783,0.13999076494205276,0.7637526697527898,0.01970950261493471,0.011520158499038844,0.016669108861029534
2022-01-16,66.0,3.0,12.0,24.64376164919831,21.90254242434658,19.564641389723878,21.10884896126077,25.0198072135676,26.65101616756337,27.453000364888275,25.158197749753302,22.783727871427008,24.78689882356227,22.010426886860763,20.046623832541112,15.786057644228942,12.980545388062627,11.760543683577751,8.340052380691182,6.8231991728869446,3.8579973975446045,0.47940282678725793,341.25176270932405,1.332429244892749,36.247158353056705,63.50315122303427,111.0585492539409,4.772958504333677,2.214661882671107,7.65582678710795,6.9180918331200765,7.506537108488659,7.336746053808769,7.039759042941574,6.496366009189508,6.081286483305085,4.617172374346405,0.5141187480500597,0.06247320241281888,2.199164198363377,0.04446832803851034,0.036250099989859064,0.0072705668668323516,0.0
2022-01-17,64.0,3.0,0.0,31.650194972211327,28.144896360197833,25.11969173839118,27.059554721060966,32.109660163825225,34.24219349820302,35.28177673806442,32.33966415562513,29.309472597802063,31.84534199177508,28.303657800780393,25.761012179876566,20.86805079285804,16.570975286275804,15.170436505210404,10.916880283722435,8.883077311423046,5.44007779602845,2.9230107681448905,442.76358725013023,0.17114141576025826,70.8806987072114,130.54724570593044,236.56673284270954,9.167467154815121,4.255367085091783,15.852798500162072,13.773417137426614,14.738823779310891,15.110873253213496,13.782079223417544,12.49979193723446,11.831307502714488,2.655181129626859,8.740703538011353,7.088135755164688,0.954746492809107,0.0007290906028072776,0.0010742771323479993,0.0,0.09474984919683047
2022-01-18,66.0,4.0,0.0,29.917152969512557,26.60091624557333,23.748805458291127,25.61668824907452,30.376530277713307,32.368166452561475,33.351987127628234,30.56928308040966,27.696441291599296,30.10685379227415,26.74953351572514,24.339977474882605,19.70582841235878,15.763450306174853,14.325227439245861,9.952430961519928,7.334714705291105,4.9515440737050564,2.684177897813401,416.26570095993907,0.21138971978714274,63.910781155913426,85.89751801365567,239.97965285622445,6.4190909707947466,2.9549844779155627,10.972559087104946,9.501929320118759,10.146789589513315,10.450394169775914,9.545502432337274,8.533295252707237,8.00427825853692,7.168881356924851,0.8056960168150966,0.639434378801256,0.7082392197230818,0.034692703178686154,0.011422488838041483,0.0,0.00032829057000768256
2022-01-19,0.0,0.0,0.0,27.94570091412321,24.858957348787676,22.190013263785183,23.90350512219338,28.353984490018988,30.220554839287356,31.146422663429412,28.55380725301736,25.87646250178225,28.121743007221035,24.997089801054965,22.760852787034725,17.866426613460302,14.750940760444937,13.411905328498934,9.563555395001096,1.6046939641050915,4.583887753397826,0.5613908053322871,381.35573353274003,0.015447964584513679,56.5319905841013,82.39897641865844,180.13589401779734,5.386180941001817,2.4923052569198862,9.349743464577461,8.064217670184377,8.587863882997725,8.83868625419776,8.072149960589682,7.334710033076843,6.843158171441627,6.453977387998712,4.974894917255831,0.633760893590834,3.4070191207208778,0.021192355293880267,1.7812814310411822,0.13019233099367253,0.027642346776264558
2022-01-20,0.0,0.0,0.0,25.763186227125765,22.902332678286864,20.45187002631565,22.052934281266104,26.157695261445202,27.877764181385714,28.711043675576853,26.317571750067845,23.85068650826465,25.919932581393084,23.034108783112377,20.964135730927023,16.977801296589412,13.580979887631763,12.339574487457831,8.831038014174158,6.987050670560791,0.7386776563314759,0.3847989712863804,355.11729008238257,0.5962983315066409,54.37224130778437,76.6312120534752,167.24928827103108,6.618574985577827,3.0594569150341067,11.498333687103154,9.699939310727661,10.572474491760072,10.893242486598444,9.717400285353854,1.6186936478442515,8.691525533015618,1.538600305508487,1.0662042749940284,0.8899016786043991,0.679896828913307,0.0018962855723174536,0.08139676504595919,0.0032945871704989542,0.0003799846512323335
2022-01-21,0.0,0.0,0.0,0.0,0.0,0.0,0.0,0.0,0.0,0.0,0.0,0.0,0.0,0.0,0.0,0.0,0.0,0.0,0.0,0.0,0.0,0.0,329.792195153564,0.1546577431974339,94.39109509450877,201.74303250185747,272.6192715231077,14.311473199512555,6.621305384845524,24.81634393613193,20.824359545395865,22.167836640801646,23.413931090749237,21.48413565457985,19.4172273416789,17.954999624759083,15.647689722881779,13.177445297369138,1.066890167327357,0.5772456612050059,0.01712625899798683,0.04244472736090049,0.20257824826070522,0.0
2022-01-22,0.0,0.0,0.0,0.0,0.0,0.0,0.0,0.0,0.0,0.0,0.0,0.0,0.0,0.0,0.0,0.0,0.0,0.0,0.0,0.0,0.0,0.0,276.1824734490429,0.11159064471961273,89.68367174558489,181.37874534570827,360.0890921941308,12.22306838047851,5.657938342894699,21.24343756352141,18.304471758929356,19.533368648623675,20.02420046684038,18.020998717824348,16.384978249438085,15.752734885517613,14.294713790256152,1.9976078948506912,8.999622497623117,7.65778905319867,0.5851102579156114,0.6987048377959344,0.0,0.0
2022-01-23,0.0,0.0,0.0,0.0,0.0,0.0,0.0,0.0,0.0,0.0,0.0,0.0,0.0,0.0,0.0,0.0,0.0,0.0,0.0,0.0,0.0,0.0,321.7032950882505,0.0006036866043314514,24.792528411092793,46.477634718389965,93.73779118357214,4.848297670799469,2.239704169002596,8.19327501428232,6.756285220468736,7.176846900513349,1.7664130500334505,7.26203396949594,0.5602958625749107,5.791964629462559,1.092967831120975,0.3513538974065791,0.09033757512587642,0.010529508645503248,0.12549223102470347,0.20921516993959333,0.0026220184934129154,0.0
2022-01-24,0.0,0.0,0.0,0.0,0.0,0.0,0.0,0.0,0.0,0.0,0.0,0.0,0.0,0.0,0.0,0.0,0.0,0.0,0.0,0.0,0.0,0.0,194.52239577502152,0.14047742789045517,56.1043450508265,123.78036267051817,215.76921356314278,8.932298985357962,4.1380628386419644,15.423612394725534,13.344656661834119,14.01870798448475,14.65767155118666,13.419925767359752,11.835394420440997,10.93843546358191,10.289065722602436,0.36268697705458297,1.2161565542967336,5.0171666015056235,0.0007772882405770671,0.002619896124411006,0.18312356308014482,0.0
2022-01-25,0.0,0.0,0.0,0.0,0.0,0.0,0.0,0.0,0.0,0.0,0.0,0.0,0.0,0.0,0.0,0.0,0.0,0.0,0.0,0.0,0.0,0.0,0.0,0.0,0.0,0.0,0.0,0.0,0.0,0.0,0.0,0.0,0.0,0.0,0.0,0.0,0.0,0.0,0.0,0.0,0.0,0.0,0.0,0.0
2022-01-26,0.0,0.0,0.0,0.0,0.0,0.0,0.0,0.0,0.0,0.0,0.0,0.0,0.0,0.0,0.0,0.0,0.0,0.0,0.0,0.0,0.0,0.0,0.0,0.0,0.0,0.0,0.0,0.0,0.0,0.0,0.0,0.0,0.0,0.0,0.0,0.0,0.0,0.0,0.0,0.0,0.0,0.0,0.0,0.0
2022-01-27,0.0,0.0,0.0,0.0,0.0,0.0,0.0,0.0,0.0,0.0,0.0,0.0,0.0,0.0,0.0,0.0,0.0,0.0,0.0,0.0,0.0,0.0,0.0,0.0,0.0,0.0,0.0,0.0,0.0,0.0,0.0,0.0,0.0,0.0,0.0,0.0,0.0,0.0,0.0,0.0,0.0,0.0,0.0,0.0
2022-01-28,0.0,0.0,0.0,0.0,0.0,0.0,0.0,0.0,0.0,0.0,0.0,0.0,0.0,0.0,0.0,0.0,0.0,0.0,0.0,0.0,0.0,0.0,0.0,0.0,0.0,0.0,0.0,0.0,0.0,0.0,0.0,0.0,0.0,0.0,0.0,0.0,0.0,0.0,0.0,0.0,0.0,0.0,0.0,0.0
2022-01-29,0.0,0.0,0.0,0.0,0.0,0.0,0.0,0.0,0.0,0.0,0.0,0.0,0.0,0.0,0.0,0.0,0.0,0.0,0.0,0.0,0.0,0.0,0.0,0.0,0.0,0.0,0.0,0.0,0.0,0.0,0.0,0.0,0.0,0.0,0.0,0.0,0.0,0.0,0.0,0.0,0.0,0.0,0.0,0.0
2022-01-30,0.0,0.0,0.0,0.0,0.0,0.0,0.0,0.0,0.0,0.0,0.0,0.0,0.0,0.0,0.0,0.0,0.0,0.0,0.0,0.0,0.0,0.0,0.0,0.0,0.0,0.0,0.0,0.0,0.0,0.0,0.0,0.0,0.0,0.0,0.0,0.0,0.0,0.0,0.0,0.0,0.0,0.0,0.0,0.0
2022-01-31,0.0,0.0,0.0,0.0,0.0,0.0,0.0,0.0,0.0,0.0,0.0,0.0,0.0,0.0,0.0,0.0,0.0,0.0,0.0,0.0,0.0,0.0,0.0,0.0,0.0,0.0,0.0,0.0,0.0,0.0,0.0,0.0,0.0,0.0,0.0,0.0,0.0,0.0,0.0,0.0,0.0,0.0,0.0,0.0
2022-02-01,0.0,0.0,0.0,0.0,0.0,0.0,0.0,0.0,0.0,0.0,0.0,0.0,0.0,0.0,0.0,0.0,0.0,0.0,0.0,0.0,0.0,0.0,0.0,0.0,0.0,0.0,0.0,0.0,0.0,0.0,0.0,0.0,0.0,0.0,0.0,0.0,0.0,0.0,0.0,0.0,0.0,0.0,0.0,0.0
2022-02-02,0.0,0.0,0.0,0.0,0.0,0.0,0.0,0.0,0.0,0.0,0.0,0.0,0.0,0.0,0.0,0.0,0.0,0.0,0.0,0.0,0.0,0.0,0.0,0.0,0.0,0.0,0.0,0.0,0.0,0.0,0.0,0.0,0.0,0.0,0.0,0.0,0.0,0.0,0.0,0.0,0.0,0.0,0.0,0.0
2022-02-03,0.0,0.0,0.0,0.0,0.0,0.0,0.0,0.0,0.0,0.0,0.0,0.0,0.0,0.0,0.0,0.0,0.0,0.0,0.0,0.0,0.0,0.0,0.0,0.0,0.0,0.0,0.0,0.0,0.0,0.0,0.0,0.0,0.0,0.0,0.0,0.0,0.0,0.0,0.0,0.0,0.0,0.0,0.0,0.0
2022-02-04,0.0,0.0,0.0,0.0,0.0,0.0,0.0,0.0,0.0,0.0,0.0,0.0,0.0,0.0,0.0,0.0,0.0,0.0,0.0,0.0,0.0,0.0,0.0,0.0,0.0,0.0,0.0,0.0,0.0,0.0,0.0,0.0,0.0,0.0,0.0,0.0,0.0,0.0,0.0,0.0,0.0,0.0,0.0,0.0
2022-02-05,0.0,0.0,0.0,0.0,0.0,0.0,0.0,0.0,0.0,0.0,0.0,0.0,0.0,0.0,0.0,0.0,0.0,0.0,0.0,0.0,0.0,0.0,0.0,0.0,0.0,0.0,0.0,0.0,0.0,0.0,0.0,0.0,0.0,0.0,0.0,0.0,0.0,0.0,0.0,0.0,0.0,0.0,0.0,0.0
2022-02-06,0.0,0.0,0.0,0.0,0.0,0.0,0.0,0.0,0.0,0.0,0.0,0.0,0.0,0.0,0.0,0.0,0.0,0.0,0.0,0.0,0.0,0.0,0.0,0.0,0.0,0.0,0.0,0.0,0.0,0.0,0.0,0.0,0.0,0.0,0.0,0.0,0.0,0.0,0.0,0.0,0.0,0.0,0.0,0.0
2022-02-07,0.0,0.0,0.0,0.0,0.0,0.0,0.0,0.0,0.0,0.0,0.0,0.0,0.0,0.0,0.0,0.0,0.0,0.0,0.0,0.0,0.0,0.0,0.0,0.0,0.0,0.0,0.0,0.0,0.0,0.0,0.0,0.0,0.0,0.0,0.0,0.0,0.0,0.0,0.0,0.0,0.0,0.0,0.0,0.0
2022-02-08,0.0,0.0,0.0,0.0,0.0,0.0,0.0,0.0,0.0,0.0,0.0,0.0,0.0,0.0,0.0,0.0,0.0,0.0,0.0,0.0,0.0,0.0,0.0,0.0,0.0,0.0,0.0,0.0,0.0,0.0,0.0,0.0,0.0,0.0,0.0,0.0,0.0,0.0,0.0,0.0,0.0,0.0,0.0,0.0
2022-02-09,0.0,0.0,0.0,0.0,0.0,0.0,0.0,0.0,0.0,0.0,0.0,0.0,0.0,0.0,0.0,0.0,0.0,0.0,0.0,0.0,0.0,0.0,0.0,0.0,0.0,0.0,0.0,0.0,0.0,0.0,0.0,0.0,0.0,0.0,0.0,0.0,0.0,0.0,0.0,0.0,0.0,0.0,0.0,0.0
2022-02-10,0.0,0.0,0.0,0.0,0.0,0.0,0.0,0.0,0.0,0.0,0.0,0.0,0.0,0.0,0.0,0.0,0.0,0.0,0.0,0.0,0.0,0.0,0.0,0.0,0.0,0.0,0.0,0.0,0.0,0.0,0.0,0.0,0.0,0.0,0.0,0.0,0.0,0.0,0.0,0.0,0.0,0.0,0.0,0.0
2022-02-11,0.0,0.0,0.0,0.0,0.0,0.0,0.0,0.0,0.0,0.0,0.0,0.0,0.0,0.0,0.0,0.0,0.0,0.0,0.0,0.0,0.0,0.0,0.0,0.0,0.0,0.0,0.0,0.0,0.0,0.0,0.0,0.0,0.0,0.0,0.0,0.0,0.0,0.0,0.0,0.0,0.0,0.0,0.0,0.0
2022-02-12,0.0,0.0,0.0,0.0,0.0,0.0,0.0,0.0,0.0,0.0,0.0,0.0,0.0,0.0,0.0,0.0,0.0,0.0,0.0,0.0,0.0,0.0,0.0,0.0,0.0,0.0,0.0,0.0,0.0,0.0,0.0,0.0,0.0,0.0,0.0,0.0,0.0,0.0,0.0,0.0,0.0,0.0,0.0,0.0
2022-02-13,0.0,0.0,0.0,0.0,0.0,0.0,0.0,0.0,0.0,0.0,0.0,0.0,0.0,0.0,0.0,0.0,0.0,0.0,0.0,0.0,0.0,0.0,0.0,0.0,0.0,0.0,0.0,0.0,0.0,0.0,0.0,0.0,0.0,0.0,0.0,0.0,0.0,0.0,0.0,0.0,0.0,0.0,0.0,0.0
2022-02-14,0.0,0.0,0.0,0.0,0.0,0.0,0.0,0.0,0.0,0.0,0.0,0.0,0.0,0.0,0.0,0.0,0.0,0.0,0.0,0.0,0.0,0.0,0.0,0.0,0.0,0.0,0.0,0.0,0.0,0.0,0.0,0.0,0.0,0.0,0.0,0.0,0.0,0.0,0.0,0.0,0.0,0.0,0.0,0.0
2022-02-15,0.0,0.0,0.0,0.0,0.0,0.0,0.0,0.0,0.0,0.0,0.0,0.0,0.0,0.0,0.0,0.0,0.0,0.0,0.0,0.0,0.0,0.0,0.0,0.0,0.0,0.0,0.0,0.0,0.0,0.0,0.0,0.0,0.0,0.0,0.0,0.0,0.0,0.0,0.0,0.0,0.0,0.0,0.0,0.0
2022-02-16,0.0,0.0,0.0,0.0,0.0,0.0,0.0,0.0,0.0,0.0,0.0,0.0,0.0,0.0,0.0,0.0,0.0,0.0,0.0,0.0,0.0,0.0,0.0,0.0,0.0,0.0,0.0,0.0,0.0,0.0,0.0,0.0,0.0,0.0,0.0,0.0,0.0,0.0,0.0,0.0,0.0,0.0,0.0,0.0
2022-02-17,0.0,0.0,0.0,0.0,0.0,0.0,0.0,0.0,0.0,0.0,0.0,0.0,0.0,0.0,0.0,0.0,0.0,0.0,0.0,0.0,0.0,0.0,0.0,0.0,0.0,0.0,0.0,0.0,0.0,0.0,0.0,0.0,0.0,0.0,0.0,0.0,0.0,0.0,0.0,0.0,0.0,0.0,0.0,0.0
2022-02-18,0.0,0.0,0.0,0.0,0.0,0.0,0.0,0.0,0.0,0.0,0.0,0.0,0.0,0.0,0.0,0.0,0.0,0.0,0.0,0.0,0.0,0.0,0.0,0.0,0.0,0.0,0.0,0.0,0.0,0.0,0.0,0.0,0.0,0.0,0.0,0.0,0.0,0.0,0.0,0.0,0.0,0.0,0.0,0.0
2022-02-19,0.0,0.0,0.0,0.0,0.0,0.0,0.0,0.0,0.0,0.0,0.0,0.0,0.0,0.0,0.0,0.0,0.0,0.0,0.0,0.0,0.0,0.0,0.0,0.0,0.0,0.0,0.0,0.0,0.0,0.0,0.0,0.0,0.0,0.0,0.0,0.0,0.0,0.0,0.0,0.0,0.0,0.0,0.0,0.0
2022-02-20,0.0,0.0,0.0,0.0,0.0,0.0,0.0,0.0,0.0,0.0,0.0,0.0,0.0,0.0,0.0,0.0,0.0,0.0,0.0,0.0,0.0,0.0,0.0,0.0,0.0,0.0,0.0,0.0,0.0,0.0,0.0,0.0,0.0,0.0,0.0,0.0,0.0,0.0,0.0,0.0,0.0,0.0,0.0,0.0
2022-02-21,0.0,0.0,0.0,0.0,0.0,0.0,0.0,0.0,0.0,0.0,0.0,0.0,0.0,0.0,0.0,0.0,0.0,0.0,0.0,0.0,0.0,0.0,0.0,0.0,0.0,0.0,0.0,0.0,0.0,0.0,0.0,0.0,0.0,0.0,0.0,0.0,0.0,0.0,0.0,0.0,0.0,0.0,0.0,0.0
2022-02-22,0.0,0.0,0.0,0.0,0.0,0.0,0.0,0.0,0.0,0.0,0.0,0.0,0.0,0.0,0.0,0.0,0.0,0.0,0.0,0.0,0.0,0.0,0.0,0.0,0.0,0.0,0.0,0.0,0.0,0.0,0.0,0.0,0.0,0.0,0.0,0.0,0.0,0.0,0.0,0.0,0.0,0.0,0.0,0.0
2022-02-23,0.0,0.0,0.0,0.0,0.0,0.0,0.0,0.0,0.0,0.0,0.0,0.0,0.0,0.0,0.0,0.0,0.0,0.0,0.0,0.0,0.0,0.0,0.0,0.0,0.0,0.0,0.0,0.0,0.0,0.0,0.0,0.0,0.0,0.0,0.0,0.0,0.0,0.0,0.0,0.0,0.0,0.0,0.0,0.0
2022-02-24,0.0,0.0,0.0,0.0,0.0,0.0,0.0,0.0,0.0,0.0,0.0,0.0,0.0,0.0,0.0,0.0,0.0,0.0,0.0,0.0,0.0,0.0,0.0,0.0,0.0,0.0,0.0,0.0,0.0,0.0,0.0,0.0,0.0,0.0,0.0,0.0,0.0,0.0,0.0,0.0,0.0,0.0,0.0,0.0
2022-02-25,0.0,0.0,0.0,0.0,0.0,0.0,0.0,0.0,0.0,0.0,0.0,0.0,0.0,0.0,0.0,0.0,0.0,0.0,0.0,0.0,0.0,0.0,0.0,0.0,0.0,0.0,0.0,0.0,0.0,0.0,0.0,0.0,0.0,0.0,0.0,0.0,0.0,0.0,0.0,0.0,0.0,0.0,0.0,0.0
2022-02-26,0.0,0.0,0.0,0.0,0.0,0.0,0.0,0.0,0.0,0.0,0.0,0.0,0.0,0.0,0.0,0.0,0.0,0.0,0.0,0.0,0.0,0.0,0.0,0.0,0.0,0.0,0.0,0.0,0.0,0.0,0.0,0.0,0.0,0.0,0.0,0.0,0.0,0.0,0.0,0.0,0.0,0.0,0.0,0.0
2022-02-27,0.0,0.0,0.0,0.0,0.0,0.0,0.0,0.0,0.0,0.0,0.0,0.0,0.0,0.0,0.0,0.0,0.0,0.0,0.0,0.0,0.0,0.0,0.0,0.0,0.0,0.0,0.0,0.0,0.0,0.0,0.0,0.0,0.0,0.0,0.0,0.0,0.0,0.0,0.0,0.0,0.0,0.0,0.0,0.0
2022-02-28,0.0,0.0,0.0,0.0,0.0,0.0,0.0,0.0,0.0,0.0,0.0,0.0,0.0,0.0,0.0,0.0,0.0,0.0,0.0,0.0,0.0,0.0,0.0,0.0,0.0,0.0,0.0,0.0,0.0,0.0,0.0,0.0,0.0,0.0,0.0,0.0,0.0,0.0,0.0,0.0,0.0,0.0,0.0,0.0
2022-03-01,0.0,0.0,0.0,0.0,0.0,0.0,0.0,0.0,0.0,0.0,0.0,0.0,0.0,0.0,0.0,0.0,0.0,0.0,0.0,0.0,0.0,0.0,0.0,0.0,0.0,0.0,0.0,0.0,0.0,0.0,0.0,0.0,0.0,0.0,0.0,0.0,0.0,0.0,0.0,0.0,0.0,0.0,0.0,0.0
2022-03-02,0.0,0.0,0.0,0.0,0.0,0.0,0.0,0.0,0.0,0.0,0.0,0.0,0.0,0.0,0.0,0.0,0.0,0.0,0.0,0.0,0.0,0.0,0.0,0.0,0.0,0.0,0.0,0.0,0.0,0.0,0.0,0.0,0.0,0.0,0.0,0.0,0.0,0.0,0.0,0.0,0.0,0.0,0.0,0.0
2022-03-03,0.0,0.0,0.0,0.0,0.0,0.0,0.0,0.0,0.0,0.0,0.0,0.0,0.0,0.0,0.0,0.0,0.0,0.0,0.0,0.0,0.0,0.0,0.0,0.0,0.0,0.0,0.0,0.0,0.0,0.0,0.0,0.0,0.0,0.0,0.0,0.0,0.0,0.0,0.0,0.0,0.0,0.0,0.0,0.0
2022-03-04,0.0,0.0,0.0,0.0,0.0,0.0,0.0,0.0,0.0,0.0,0.0,0.0,0.0,0.0,0.0,0.0,0.0,0.0,0.0,0.0,0.0,0.0,0.0,0.0,0.0,0.0,0.0,0.0,0.0,0.0,0.0,0.0,0.0,0.0,0.0,0.0,0.0,0.0,0.0,0.0,0.0,0.0,0.0,0.0
2022-03-05,0.0,0.0,0.0,0.0,0.0,0.0,0.0,0.0,0.0,0.0,0.0,0.0,0.0,0.0,0.0,0.0,0.0,0.0,0.0,0.0,0.0,0.0,0.0,0.0,0.0,0.0,0.0,0.0,0.0,0.0,0.0,0.0,0.0,0.0,0.0,0.0,0.0,0.0,0.0,0.0,0.0,0.0,0.0,0.0
2022-03-06,0.0,0.0,0.0,0.0,0.0,0.0,0.0,0.0,0.0,0.0,0.0,0.0,0.0,0.0,0.0,0.0,0.0,0.0,0.0,0.0,0.0,0.0,0.0,0.0,0.0,0.0,0.0,0.0,0.0,0.0,0.0,0.0,0.0,0.0,0.0,0.0,0.0,0.0,0.0,0.0,0.0,0.0,0.0,0.0
2022-03-07,0.0,0.0,0.0,0.0,0.0,0.0,0.0,0.0,0.0,0.0,0.0,0.0,0.0,0.0,0.0,0.0,0.0,0.0,0.0,0.0,0.0,0.0,0.0,0.0,0.0,0.0,0.0,0.0,0.0,0.0,0.0,0.0,0.0,0.0,0.0,0.0,0.0,0.0,0.0,0.0,0.0,0.0,0.0,0.0
2022-03-08,0.0,0.0,0.0,0.0,0.0,0.0,0.0,0.0,0.0,0.0,0.0,0.0,0.0,0.0,0.0,0.0,0.0,0.0,0.0,0.0,0.0,0.0,0.0,0.0,0.0,0.0,0.0,0.0,0.0,0.0,0.0,0.0,0.0,0.0,0.0,0.0,0.0,0.0,0.0,0.0,0.0,0.0,0.0,0.0
2022-03-09,0.0,0.0,0.0,0.0,0.0,0.0,0.0,0.0,0.0,0.0,0.0,0.0,0.0,0.0,0.0,0.0,0.0,0.0,0.0,0.0,0.0,0.0,0.0,0.0,0.0,0.0,0.0,0.0,0.0,0.0,0.0,0.0,0.0,0.0,0.0,0.0,0.0,0.0,0.0,0.0,0.0,0.0,0.0,0.0
2022-03-10,0.0,0.0,0.0,0.0,0.0,0.0,0.0,0.0,0.0,0.0,0.0,0.0,0.0,0.0,0.0,0.0,0.0,0.0,0.0,0.0,0.0,0.0,0.0,0.0,0.0,0.0,0.0,0.0,0.0,0.0,0.0,0.0,0.0,0.0,0.0,0.0,0.0,0.0,0.0,0.0,0.0,0.0,0.0,0.0
2022-03-11,0.0,0.0,0.0,0.0,0.0,0.0,0.0,0.0,0.0,0.0,0.0,0.0,0.0,0.0,0.0,0.0,0.0,0.0,0.0,0.0,0.0,0.0,0.0,0.0,0.0,0.0,0.0,0.0,0.0,0.0,0.0,0.0,0.0,0.0,0.0,0.0,0.0,0.0,0.0,0.0,0.0,0.0,0.0,0.0
