date,covidOccupiedBeds,covidOccupiedMVBeds,estimatedNewAdmissions,EDC0-4,EDC5-9,EDC10-14,EDC15-19,EDC20-24,EDC25-29,EDC30-34,EDC35-39,EDC40-44,EDC45-49,EDC50-54,EDC55-59,EDC60-64,EDC65-69,EDC70-74,EDC75-79,EDC80-84,EDC85-89,EDC90+,dailyCases,newDeaths28DaysByDeathDate,dailyFirstDoseByVaccinationDate,dailySecondDoseByVaccinationDate,dailyThirdInjectionByVaccinationDate,EDV12-15,EDV16-17,EDV18-24,EDV25-29,EDV30-34,EDV35-39,EDV40-44,EDV45-49,EDV50-54,EDV55-59,EDV60-64,EDV65-69,EDV70-74,EDV75-79,EDV80-84,EDV85-89,EDV90+
2020-03-01,0.0,0.0,0.0,0.0,0.0,0.0,0.0,0.0,0.0,0.013944725882925595,0.0,0.018161785317172188,0.0,0.0011566747164974637,0.0006225177106288675,0.0006746373824069563,0.0,0.0,0.0,0.0,0.0,0.0,0.03456034100963108,0.0,0.0,0.0,0.0,0.0,0.0,0.0,0.0,0.0,0.0,0.0,0.0,0.0,0.0,0.0,0.0,0.0,0.0,0.0,0.0,0.0
2020-03-02,0.0,0.0,0.0,0.0,0.0,0.0,0.03591516691283968,0.0,0.06248369742869122,0.04361200005845134,0.0,0.04613540606768917,0.0,0.013944725882925595,0.0,0.0013791362821009745,0.0,0.013523939295084442,0.0,0.0,0.0,0.0,0.21699407192778242,0.002591850817106216,0.0,0.0,0.0,0.0,0.0,0.0,0.0,0.0,0.0,0.0,0.0,0.0,0.0,0.0,0.0,0.0,0.0,0.0,0.0,0.0
2020-03-03,0.0,0.0,0.0,0.00025658021338921083,0.0,0.003420068401368027,0.0020655060489820007,0.027187586400450076,0.0060449476236227135,0.0,0.03787571683370397,0.0562850672206678,0.0,0.013944725882925595,0.0013492747648139126,0.005356752512236378,0.0,0.013289545983106943,0.0012396938153052992,0.006233065122652298,0.0,0.0,0.1745485308232242,0.0,0.0,0.0,0.0,0.0,0.0,0.0,0.0,0.0,0.0,0.0,0.0,0.0,0.0,0.0,0.0,0.0,0.0,0.0,0.0,0.0
2020-03-04,0.0,0.0,0.0,0.0,0.01646127054867941,0.0,0.0429690260872556,0.052335006545282656,0.07988910179099301,0.04361200005845134,0.00025362253092240495,0.006531507380197414,0.0,0.019979390651446993,0.006935380735906849,0.013289545983106943,0.031094565878926686,0.002708186206216986,0.003033102284925259,0.01294128004225724,0.0,0.0,0.33203298672456877,0.0,0.0,0.0,0.0,0.0,0.0,0.0,0.0,0.0,0.0,0.0,0.0,0.0,0.0,0.0,0.0,0.0,0.0,0.0,0.0,0.0
2020-03-05,0.0,0.0,0.0,0.0,0.0,0.004189659335188833,0.030855298759373935,0.04994047160890994,0.020665744095013726,0.10883130867833027,0.040207126689333864,0.0,0.0,0.036472555475361726,0.0,0.0,0.0,0.005913384692428535,0.020528752468064515,0.0,0.0,0.0,0.31760430180200533,0.0074727589379575965,0.0,0.0,0.0,0.0,0.0,0.0,0.0,0.0,0.0,0.0,0.0,0.0,0.0,0.0,0.0,0.0,0.0,0.0,0.0,0.0
2020-03-06,0.0,0.0,0.0,0.011499379956234762,0.006219840524746308,0.004772167791095924,0.05759470334956478,0.0520002980073134,0.019032979288982347,0.014752824522251,0.006821215684922693,0.040176537795909295,0.0,0.028656255095544612,0.017316405857790037,0.02111554896683654,0.0007974770725341647,0.012438701880352693,0.0,0.008463823729652783,0.013971420822494862,0.0,0.3156295803462262,0.0,0.0,0.0,0.0,0.0,0.0,0.0,0.0,0.0,0.0,0.0,0.0,0.0,0.0,0.0,0.0,0.0,0.0,0.0,0.0,0.0
2020-03-07,0.0,0.0,0.0,0.0,0.0,0.0,0.0,0.0032098989101826984,0.021547330566147545,0.0019372304620536445,5.73869592624532e-05,0.033777796981203624,0.0,0.02707286887355545,0.0,0.015541246008506376,0.005838185011643748,0.037470077660128706,0.0,0.0,0.0,0.0,0.1489611751973442,0.0,0.0,0.0,0.0,0.0,0.0,0.0,0.0,0.0,0.0,0.0,0.0,0.0,0.0,0.0,0.0,0.0,0.0,0.0,0.0,0.0
2020-03-08,0.0,0.0,0.0,0.0,0.0,0.0,0.013033729031504732,0.0879380453966787,0.03692268031980007,0.003873696382209064,0.05364390857057546,0.013075312437019074,0.0,0.003866466914326412,0.03858606006690087,0.039255829458377606,0.002705952237946507,0.0,0.02282140582877382,4.107906069480564e-05,0.025804163006790275,0.0,0.34156832871159737,0.0,0.0,0.0,0.0,0.0,0.0,0.0,0.0,0.0,0.0,0.0,0.0,0.0,0.0,0.0,0.0,0.0,0.0,0.0,0.0,0.0
2020-03-09,0.0,0.0,0.0,0.0,0.0,0.0,0.06718637352332876,0.03824958830690803,0.10463334985472159,0.0858464802620011,0.042275655222812625,0.058451281415504965,0.0,0.03670279625688128,0.019032772272523243,0.06555953437760981,0.06375514865724216,0.01609000943985435,0.0058682462674196295,0.0,0.01122704699222799,0.006748014092910232,0.6216262969419456,0.03275425219260247,0.0,0.0,0.0,0.0,0.0,0.0,0.0,0.0,0.0,0.0,0.0,0.0,0.0,0.0,0.0,0.0,0.0,0.0,0.0,0.0
2020-03-10,0.0,0.0,0.0,0.004018282207680972,0.03639220732705207,0.0026183568041893705,0.11424240674697135,0.13316512438293704,0.1213439336535431,0.0952421100874282,0.05182834191586877,0.06813679388099304,0.0,0.07696396988601692,0.10309737900058717,0.12086636865671306,0.064289174450691,0.055915314828440116,0.0326536043928742,0.006638509668957395,0.012296489581517944,0.007961653295892174,1.107670020768354,0.01862359087982993,0.0,0.0,0.0,0.0,0.0,0.0,0.0,0.0,0.0,0.0,0.0,0.0,0.0,0.0,0.0,0.0,0.0,0.0,0.0,0.0
2020-03-11,0.0,0.0,0.0,0.0013509847619431047,0.004852187197962284,0.0237352977685707,0.1287104727401557,0.1941983245045729,0.2788885512765693,0.22317646706483113,0.12634405544304894,0.17376097201894444,0.08212827942502655,0.22367261643672937,0.09737683201183162,0.1336485436350627,0.06527272793066159,0.07605608143694116,0.03557349532810529,0.04471362458601166,0.016017446500219343,0.005794922683674895,1.9352718827508626,0.023712621846527147,0.0,0.0,0.0,0.0,0.0,0.0,0.0,0.0,0.0,0.0,0.0,0.0,0.0,0.0,0.0,0.0,0.0,0.0,0.0,0.0
2020-03-12,0.0,0.0,0.0,0.0028419885013963005,7.171004529505608e-05,0.0,0.03918675311264691,0.16625480080370725,0.3512778142467585,0.2624645247805325,0.13269882199186395,0.07685260690025719,0.012722008787136899,0.10826573119733449,0.17772049489513198,0.08137632863683242,0.039119273800935404,0.058692839272553615,0.07390824977202828,0.035687851212884286,0.030791046147412262,0.027294487787960467,1.682830786191677,0.04013669835994527,0.0,0.0,0.0,0.0,0.0,0.0,0.0,0.0,0.0,0.0,0.0,0.0,0.0,0.0,0.0,0.0,0.0,0.0,0.0,0.0
2020-03-13,0.0,0.0,0.0,0.0021300433786009066,0.0,0.0,0.07670558327488484,0.08605860268822615,0.14743125864043202,0.09062736283577834,0.1301557176967782,0.12791628083883794,0.007372825426212979,0.1728423126692331,0.09516848682830692,0.03207533019199501,0.1211486492273227,0.060844746360201596,0.07462702870908161,0.06042251006078016,0.019909104190547647,0.009820768651216604,1.3152566116684368,0.04557389449860916,0.0,0.0,0.0,0.0,0.0,0.0,0.0,0.0,0.0,0.0,0.0,0.0,0.0,0.0,0.0,0.0,0.0,0.0,0.0,0.0
2020-03-14,0.0,0.0,0.0,0.02944649544521017,0.0,0.0,0.02521303982968937,0.10246620514434675,0.12616622137883093,0.0972098574236929,0.09473043419800035,0.12625242202861778,0.0002550077011990724,0.09839481852428661,0.12396749725275338,0.08543045508285202,0.1030103101940546,0.10851419027126359,0.06539527274956043,0.059369537746632985,0.046665895842475325,0.03922352611376569,1.3317111869272322,0.0858296538596778,0.0,0.0,0.0,0.0,0.0,0.0,0.0,0.0,0.0,0.0,0.0,0.0,0.0,0.0,0.0,0.0,0.0,0.0,0.0,0.0
2020-03-15,0.0,0.0,0.0,0.005443727795096376,0.010333626118157696,0.01634267713322467,0.051419159738720494,0.056095484324747535,0.05728276090516808,0.10966760997509992,0.13916746542496408,0.07216768176848708,0.0,0.1718984791738317,0.11398278864379671,0.14110823766525815,0.08569199480374198,0.18390352447368702,0.18434647582164526,0.11568197685462325,0.04252314483304583,0.039860258256960046,1.596917073710256,0.13948878900571882,0.0,0.0,0.0,0.0,0.0,0.0,0.0,0.0,0.0,0.0,0.0,0.0,0.0,0.0,0.0,0.0,0.0,0.0,0.0,0.0
2020-03-16,0.0,0.0,0.0,0.002309953858102829,0.0,0.03606387110576472,0.057098751619469215,0.09491860132196897,0.32510612364154734,0.014844740924812593,0.18977911556858357,0.16171334076497232,0.0,0.3651341436395471,0.19891944800747313,0.13221998971436633,0.24354741843810737,0.1524796956139099,0.12511142004302683,0.12792149999399643,0.09455204840805699,0.04871889314836012,2.370439055812066,0.12486924480765094,0.0,0.0,0.0,0.0,0.0,0.0,0.0,0.0,0.0,0.0,0.0,0.0,0.0,0.0,0.0,0.0,0.0,0.0,0.0,0.0
2020-03-17,0.0,0.0,0.0,0.07484046714881244,0.0,0.02822825745258039,0.026672030586819093,0.20217228284081923,0.19825050294691576,0.37358965458738314,0.27093190966160885,0.3251968370540499,0.006921402852805143,0.3580102361617711,0.19749184968485164,0.179429837356599,0.19556808904481193,0.2698263043759883,0.22846674222584665,0.1580981124730164,0.10472291485940098,0.049981266384328,3.248398697698408,0.1458862604463825,0.0,0.0,0.0,0.0,0.0,0.0,0.0,0.0,0.0,0.0,0.0,0.0,0.0,0.0,0.0,0.0,0.0,0.0,0.0,0.0
2020-03-18,0.0,0.0,0.0,0.06142984476255253,0.003264550364811867,0.009564146829027322,0.1460574208437784,0.1748867434296937,0.15808786594400306,0.21134436731444206,0.32759904954824776,0.2739558443929334,0.0,0.4993181219688835,0.26072763744698546,0.32740165745170846,0.325781721227691,0.2914791180686632,0.2161645722657764,0.15404831417962006,0.1355118279106551,0.07208800762835661,3.64871081157783,0.31588587472553026,0.0,0.0,0.0,0.0,0.0,0.0,0.0,0.0,0.0,0.0,0.0,0.0,0.0,0.0,0.0,0.0,0.0,0.0,0.0,0.0
2020-03-19,0.0,0.0,7.0,0.021456750773837772,0.0,0.0023259674536255685,0.07124905246134769,0.13602879191048955,0.2736158347901671,0.3080906824265073,0.28400802050942053,0.4187227683938697,0.002401660545347315,0.5017022768726321,0.17641920733440486,0.3390873577348142,0.10892174361707274,0.32411436267537796,0.22344993021933413,0.16713282507003283,0.10001274838190086,0.06829126534799974,3.527031246518182,0.3478870367310387,0.0,0.0,0.0,0.0,0.0,0.0,0.0,0.0,0.0,0.0,0.0,0.0,0.0,0.0,0.0,0.0,0.0,0.0,0.0,0.0
2020-03-20,13.0,0.0,5.0,0.04344132544857077,0.0028153988152728616,0.07687308751437531,0.10812758845642573,0.27827453904123617,0.24387526405601742,0.301353610646948,0.34094137634020766,0.3779102865180249,0.0,0.5028183522797157,0.3652413872900635,0.2591014476882653,0.30705003877706377,0.19626479989436196,0.18766925828542996,0.1592507805671202,0.1083152084492649,0.08242456377548345,3.941748313843848,0.3967971038962813,0.0,0.0,0.0,0.0,0.0,0.0,0.0,0.0,0.0,0.0,0.0,0.0,0.0,0.0,0.0,0.0,0.0,0.0,0.0,0.0
2020-03-21,5.0,0.0,1.0,0.0526073883400091,0.00302186999252356,0.0060836195210560145,0.0642177456275902,0.17103059916655022,0.20831537990025484,0.2778716554446712,0.31076537800895593,0.30525063021007964,0.0,0.3758402516654321,0.30146815679522104,0.3141667697777091,0.2795847823453754,0.26405733311958635,0.14744082000084982,0.13979868631535922,0.12588598208135368,0.050826665458398576,3.398233713770976,0.45822292341679727,0.0,0.0,0.0,0.0,0.0,0.0,0.0,0.0,0.0,0.0,0.0,0.0,0.0,0.0,0.0,0.0,0.0,0.0,0.0,0.0
2020-03-22,16.0,0.0,7.0,0.046555891272240926,0.0,0.045454403273791355,0.0682165356189445,0.3231066196130331,0.32426452798807137,0.2712806432226327,0.3790389478250893,0.25682402492944134,0.02004284044827956,0.3713127655517925,0.4671857928178241,0.39557935463133176,0.18434585866214004,0.24887990018034523,0.23734138417907907,0.21196837762927273,0.10032075109283323,0.06247308369994961,4.014191702636092,0.5678004228899698,0.0,0.0,0.0,0.0,0.0,0.0,0.0,0.0,0.0,0.0,0.0,0.0,0.0,0.0,0.0,0.0,0.0,0.0,0.0,0.0
2020-03-23,20.0,0.0,7.0,0.15191055269502163,0.08843763680399891,0.012859858576976102,0.09807398932114954,0.2684836128488572,0.5882458540255596,0.6511846320894941,0.7253611281906552,0.739404535123888,0.003410787344112143,0.7597540192184077,0.6126015910477924,0.5694968193214748,0.443943837776546,0.5060092739278338,0.40865004184430953,0.2690353157093384,0.22846448714841533,0.11131208684772279,7.2366400598615535,0.6044994087692832,0.0,0.0,0.0,0.0,0.0,0.0,0.0,0.0,0.0,0.0,0.0,0.0,0.0,0.0,0.0,0.0,0.0,0.0,0.0,0.0
2020-03-24,27.0,0.0,4.0,0.09979600274052314,0.04870141800233367,0.0613130663557102,0.11784885497434067,0.41086405735424814,0.571055054861143,0.5457750628129868,0.5346121741046364,0.7340539502978369,0.016955124717504225,0.7389661451287884,0.5913940031528012,0.4551540606057867,0.3306152106286426,0.43295721190912534,0.35186275712578075,0.28935624186316566,0.17053226828653648,0.10472390716896829,6.606700716743333,0.9852057529475742,0.0,0.0,0.0,0.0,0.0,0.0,0.0,0.0,0.0,0.0,0.0,0.0,0.0,0.0,0.0,0.0,0.0,0.0,0.0,0.0
2020-03-25,30.0,0.0,4.0,0.05771924817275341,0.05972931878063367,0.09122918877854028,0.2172213661358783,0.4537633280065241,0.715780512329065,0.8038162245460236,0.775043866084686,0.9634481173064251,0.03207828223043342,0.7616117516098916,0.633989877069128,0.48844773519385737,0.3838557486590428,0.4753579798086974,0.3953467298485758,0.3547012307082956,0.21999312362624301,0.12328449716388923,8.034607611718995,1.148112299527282,0.0,0.0,0.0,0.0,0.0,0.0,0.0,0.0,0.0,0.0,0.0,0.0,0.0,0.0,0.0,0.0,0.0,0.0,0.0,0.0
2020-03-26,36.0,0.0,5.0,0.1454851777548716,0.04992601072105929,0.030219669338413198,0.03676673507339017,0.7433153429284152,0.7761604894900319,0.590862205674547,0.7067315522552289,0.8802888150020161,0.015929502876727272,0.7393556687756839,0.7720160863722981,0.5061429534993696,0.5542234554539964,0.5445055294206443,0.39275783204962794,0.31626837177242906,0.17137202771612586,0.10855060886062728,8.158683552913427,1.1803709088220045,0.0,0.0,0.0,0.0,0.0,0.0,0.0,0.0,0.0,0.0,0.0,0.0,0.0,0.0,0.0,0.0,0.0,0.0,0.0,0.0
2020-03-27,42.0,0.0,4.0,0.10017652108216021,0.05296766482033174,0.003451074498918078,0.24998689075049826,0.40793950096638615,0.8196381180587126,0.9089162185262178,0.7742023790580825,0.9349536458054475,0.048502528961338075,0.8409507371952326,0.7154504313800697,0.4826181085155393,0.5696267030784273,0.6059332818929387,0.4212433056970506,0.3523298075937289,0.25147230110337837,0.11224820171813821,8.66548751985673,1.3096489576091475,0.0,0.0,0.0,0.0,0.0,0.0,0.0,0.0,0.0,0.0,0.0,0.0,0.0,0.0,0.0,0.0,0.0,0.0,0.0,0.0
2020-03-28,45.0,0.0,6.0,0.1737242429541644,0.017945524201509546,0.005533737076399588,0.11798937428247087,0.20681068046906503,0.5845826809180509,0.4303789998479378,0.4566353283894398,0.7571276939437622,0.02933864841973646,0.5880902028007022,0.687634014986912,0.4948121847764656,0.38156938908491056,0.3394266297807158,0.3477962325787472,0.24047701310120193,0.1567103308775135,0.0930531315001781,6.1240112232218396,1.5893605108808968,0.0,0.0,0.0,0.0,0.0,0.0,0.0,0.0,0.0,0.0,0.0,0.0,0.0,0.0,0.0,0.0,0.0,0.0,0.0,0.0
2020-03-29,54.0,0.0,5.0,0.10704301651036029,0.002844388354533326,0.0051957612917394435,0.09250906513471427,0.42084858540720443,0.5410406229804302,0.4704088074591155,0.3188595683219193,0.720653279368,0.0,0.6663600769299769,0.7514671513530953,0.5207360077561733,0.49948130174404287,0.44220012781117246,0.42047364520439623,0.3291710052237875,0.2083180988433039,0.12559430036215904,6.643204810056124,1.785077050821103,0.0,0.0,0.0,0.0,0.0,0.0,0.0,0.0,0.0,0.0,0.0,0.0,0.0,0.0,0.0,0.0,0.0,0.0,0.0,0.0
2020-03-30,57.0,0.0,5.0,0.1112527664165825,0.04916729785211883,0.0635356826059856,0.10252924701256094,0.728813007527197,0.7691031575680826,0.7948529908376004,0.9776428780578984,0.9431658617881792,0.057478440237776846,1.0525018695818875,1.0330126677091056,0.6683423688692114,0.5645949658543961,0.6532983520749028,0.516297395593666,0.4114823481545232,0.24499305575585303,0.11382537826919159,9.924257837267888,1.6656552858912457,0.0,0.0,0.0,0.0,0.0,0.0,0.0,0.0,0.0,0.0,0.0,0.0,0.0,0.0,0.0,0.0,0.0,0.0,0.0,0.0
2020-03-31,60.0,0.0,5.0,0.22174549981918318,0.02197448443144888,0.04188588836315173,0.3441586886693623,0.6652337774493436,0.7268320419451775,0.886664301132365,0.6967081009147003,1.2444387110269366,0.028802588315726328,1.0161682288410303,0.9582318644604124,0.7873015249641898,0.5279347906657437,0.7322736700541786,0.5377680242399524,0.42303305311969597,0.2541585609436015,0.14078119073874867,10.304562502960493,2.0007201388607974,0.0,0.0,0.0,0.0,0.0,0.0,0.0,0.0,0.0,0.0,0.0,0.0,0.0,0.0,0.0,0.0,0.0,0.0,0.0,0.0
2020-04-01,68.0,0.0,0.0,0.19462139604687678,0.02239657230456943,0.14804097911749076,0.23579753976186146,0.8394534622532968,0.5369100618753849,0.7278873747255752,0.7371675952159495,0.9193531594963995,0.09549480322250936,1.1787117972979673,1.1880359120369073,0.7624637028238375,0.7941421629144417,0.6710487917170139,0.5664989057360693,0.3902991206735609,0.23658423688483976,0.1519186509763987,10.41544981596078,2.357821745819124,0.0,0.0,0.0,0.0,0.0,0.0,0.0,0.0,0.0,0.0,0.0,0.0,0.0,0.0,0.0,0.0,0.0,0.0,0.0,0.0
2020-04-02,0.0,0.0,9.0,0.17170245485596947,0.12322293164367609,0.11459421838119693,0.5448849223462034,1.036153934145014,0.8534621572407001,0.8264977432608764,1.0545680353638744,0.9543800838719649,0.043519550707051595,1.074665198857569,0.9046848995641321,0.678955355723181,0.6514875653815764,0.5689051619386128,0.48202735953225384,0.35543392393336903,0.22684419112975446,0.14266988245741524,10.85926219977054,2.197129163471975,0.0,0.0,0.0,0.0,0.0,0.0,0.0,0.0,0.0,0.0,0.0,0.0,0.0,0.0,0.0,0.0,0.0,0.0,0.0,0.0
2020-04-03,72.0,57.0,4.0,0.1470923065472149,0.03947965993045872,0.050039350995457366,0.2416086948243253,0.6264962994356147,1.0824713735001368,1.0720238862003226,0.9499838765814619,1.1135696195806912,0.03793733214907964,1.1252983951762097,0.9915412825922418,0.7771293089139053,0.5708015445930071,0.5355075016016798,0.4785726446860114,0.37061874290636077,0.18357971862319214,0.14135419123636406,10.557694522374197,2.457770491388218,0.0,0.0,0.0,0.0,0.0,0.0,0.0,0.0,0.0,0.0,0.0,0.0,0.0,0.0,0.0,0.0,0.0,0.0,0.0,0.0
2020-04-04,77.0,60.0,5.0,0.05313372903507776,0.08859898318239937,0.041773712649356975,0.19933487700423283,0.6985670983636214,0.7723021510593824,0.43014943764838154,0.8373516415260276,0.7562979725979909,0.03552619440547832,0.8233259227291068,0.6399685810884698,0.6615238506056383,0.34667700680754826,0.41978412974301677,0.3811914741081915,0.2628260229485917,0.18533176723126388,0.09039150425803125,7.724056056991808,2.5239703706103422,0.0,0.0,0.0,0.0,0.0,0.0,0.0,0.0,0.0,0.0,0.0,0.0,0.0,0.0,0.0,0.0,0.0,0.0,0.0,0.0
2020-04-05,82.0,62.0,8.0,0.06785526811809937,0.0008967606812465321,0.02474561216841571,0.20049963337092455,0.3120513785611691,0.5374998998466759,0.471095285124511,0.7144256252409703,0.660091273411514,0.004500346490258388,0.6650467254072069,0.7562630786715526,0.6748559529022431,0.5183740346047533,0.5474853152655895,0.3508016201000203,0.2527768577335612,0.18650053024684418,0.11035309868400689,7.056118296629563,2.5052556511427815,0.0,0.0,0.0,0.0,0.0,0.0,0.0,0.0,0.0,0.0,0.0,0.0,0.0,0.0,0.0,0.0,0.0,0.0,0.0,0.0
2020-04-06,87.0,65.0,8.0,0.16946337649648582,0.11065111782955556,0.07607963548788654,0.2798457533252938,0.8887601850279666,0.8522054985208418,0.891211204343558,1.12067428887305,1.0230733769269618,0.007253845762050349,0.890676991849193,0.7943195697371274,0.6267953701222838,0.43100443028414515,0.4812705584708365,0.3711817250778755,0.3117417063896809,0.21495738101183262,0.10664769486644898,9.647813710403073,2.03726979234508,0.0,0.0,0.0,0.0,0.0,0.0,0.0,0.0,0.0,0.0,0.0,0.0,0.0,0.0,0.0,0.0,0.0,0.0,0.0,0.0
2020-04-07,88.0,65.0,7.0,0.08019251553983488,0.11002347507761609,0.07857950630156502,0.3809775075526062,0.9086735601467201,1.1634771785945284,1.0962004741283133,0.9393597361308348,0.9949604171846597,0.09021878794747863,1.1905959337107908,0.9988946581251864,0.6683860466701058,0.4987164282368117,0.5603353863379118,0.4129668292081137,0.34565087557344604,0.22666911571444648,0.1281326790036903,10.87301111118466,2.4608567864319504,0.0,0.0,0.0,0.0,0.0,0.0,0.0,0.0,0.0,0.0,0.0,0.0,0.0,0.0,0.0,0.0,0.0,0.0,0.0,0.0
2020-04-08,91.0,73.0,6.0,0.15951442403122412,0.04454193788128215,0.0016056016843884432,0.35102086877915667,0.8454735807777078,1.1085239118615429,0.8683083032809592,0.8236847818661874,1.1514242220150048,0.0,0.9132124725578592,0.8371502133347937,0.6068957440787015,0.550159263448166,0.579303789513647,0.36422146134417727,0.3035061626084123,0.18920018785970538,0.11068168770132487,9.80842861462424,2.9095039746594127,0.0,0.0,0.0,0.0,0.0,0.0,0.0,0.0,0.0,0.0,0.0,0.0,0.0,0.0,0.0,0.0,0.0,0.0,0.0,0.0
2020-04-09,97.0,74.0,3.0,0.033664040146925756,0.061340153853666285,0.11973910514291199,0.37802039436216234,0.627199769909414,1.0276800627160134,0.8946501585848972,0.7469800078726454,0.8691441268886749,0.10439920683345556,0.997284003992552,0.9087901870026509,0.6941307275152808,0.4072162880459813,0.3536253667951887,0.4298515486422218,0.3030277357946029,0.20312709090282408,0.1293765272102021,9.291636547795616,2.4004882897177686,0.0,0.0,0.0,0.0,0.0,0.0,0.0,0.0,0.0,0.0,0.0,0.0,0.0,0.0,0.0,0.0,0.0,0.0,0.0,0.0
2020-04-10,93.0,69.0,3.0,0.027309307705745568,0.03337341091332409,0.06208166673299073,0.15104633400709777,0.7701912963056868,0.9443558990478615,0.8071505159264009,0.7130551334702914,0.897673840335155,0.09140903262606159,0.8584856932112874,0.7453832954347888,0.5793070542889716,0.5698535489624813,0.3329792434133307,0.27133461676366033,0.2849444733533617,0.19352265569371518,0.08516346030433473,8.426168912132162,2.0355096619531516,0.0,0.0,0.0,0.0,0.0,0.0,0.0,0.0,0.0,0.0,0.0,0.0,0.0,0.0,0.0,0.0,0.0,0.0,0.0,0.0
2020-04-11,92.0,65.0,7.0,0.1333715088325239,0.023101549169191455,0.0565822521587887,0.14244654135064178,0.5834879470005208,0.6610961233542721,0.5412165995988294,0.5903235105612605,0.65371911211044,0.034356450628424365,0.5268282351726074,0.5874003254205067,0.40520085273730855,0.3046444012051455,0.2689862501580117,0.18958772391166867,0.22834971180929634,0.1415708432844421,0.06076415882861087,6.133034097292491,2.2359688131910262,0.0,0.0,0.0,0.0,0.0,0.0,0.0,0.0,0.0,0.0,0.0,0.0,0.0,0.0,0.0,0.0,0.0,0.0,0.0,0.0
2020-04-12,96.0,69.0,8.0,0.10761571497382186,0.0460550374626428,0.020396902175415333,0.16702816153852335,0.40300858921221133,0.5758728550065165,0.8388358933348864,0.707101253401266,0.6257054109823752,0.008834609889245146,0.567997625269483,0.5693248254438588,0.45598161765751055,0.26150633777196836,0.3065406536027616,0.20508848353841752,0.2715830677841572,0.13708863871992355,0.0852077015798216,6.360773379344806,2.040221103771461,0.0,0.0,0.0,0.0,0.0,0.0,0.0,0.0,0.0,0.0,0.0,0.0,0.0,0.0,0.0,0.0,0.0,0.0,0.0,0.0
2020-04-13,103.0,73.0,7.0,0.07778710008256158,0.04321191551478322,0.0690218213986382,0.2127131583816942,0.6251767703128428,0.9276138011725276,0.7277429944774314,0.7518092261980329,0.7373597864392236,0.004985278046487794,0.8004427610279028,0.7102398358876811,0.5257033819231786,0.29048993218716607,0.3359882133644523,0.30877956614464347,0.2743848212718567,0.18675978857348863,0.08888353404761208,7.699093686452204,2.2636823707520906,0.0,0.0,0.0,0.0,0.0,0.0,0.0,0.0,0.0,0.0,0.0,0.0,0.0,0.0,0.0,0.0,0.0,0.0,0.0,0.0
2020-04-14,108.0,75.0,3.0,0.1908319324915684,0.02951105607755928,0.10043635991092012,0.22859437966532575,0.8078791897245232,0.7323748559433947,0.6830716655635489,0.7122923772657223,0.9028158007732834,0.034115427754606555,0.7439521899436499,0.6210501178937902,0.7232223515503221,0.33812946472217525,0.35816338303826173,0.2661548162864343,0.24156911866673897,0.17542766469990934,0.07916876513456747,7.9687609171063025,1.7671005307136514,0.0,0.0,0.0,0.0,0.0,0.0,0.0,0.0,0.0,0.0,0.0,0.0,0.0,0.0,0.0,0.0,0.0,0.0,0.0,0.0
2020-04-15,110.0,77.0,3.0,0.05922475452893581,0.023727757069507756,0.07169929337333694,0.32486952999722163,0.8994738284410065,0.9215963851535972,0.9574134710271516,1.16147220734707,0.7809913019500253,0.009739241513357382,0.9695319960027097,0.9168095710661366,0.5175826136160205,0.3554084131977283,0.40393729631386577,0.30619652173066225,0.2553272022983776,0.17024020282851862,0.11390211403286926,9.219143701488097,1.8620636748137072,0.0,0.0,0.0,0.0,0.0,0.0,0.0,0.0,0.0,0.0,0.0,0.0,0.0,0.0,0.0,0.0,0.0,0.0,0.0,0.0
2020-04-16,110.0,74.0,4.0,0.04694699116530999,0.041550772764847574,0.021715784254175276,0.30188847188503376,0.6951992803511327,0.9969919425287974,0.7754046119053386,0.6720740173465254,0.7491150974544086,0.059051624914573636,0.9096773192847587,0.6839152019729096,0.7266564516581873,0.29746931012854533,0.31658736010094707,0.3312045689976839,0.2412810650748964,0.18257996557141493,0.09300660475147321,8.14401899968921,1.8704253022451165,0.0,0.0,0.0,0.0,0.0,0.0,0.0,0.0,0.0,0.0,0.0,0.0,0.0,0.0,0.0,0.0,0.0,0.0,0.0,0.0
2020-04-17,111.0,76.0,5.0,0.05944274260188787,0.06707348179813216,0.04959752904840678,0.45412931178387894,0.8025471026362736,1.01249851549259,1.0542351323875063,0.9903835996308277,1.0378264804700963,0.06527479328506457,0.9537621826073546,0.8138990645787223,0.6654065260038069,0.29076998530278203,0.32286162241810423,0.31430082372142243,0.24131772279248653,0.14236246145578932,0.08152531649844509,9.419214394513576,1.7037889799450912,0.0,0.0,0.0,0.0,0.0,0.0,0.0,0.0,0.0,0.0,0.0,0.0,0.0,0.0,0.0,0.0,0.0,0.0,0.0,0.0
2020-04-18,117.0,79.0,3.0,0.026899366668278274,0.005301753229318193,0.17671726014193115,0.2397937739776948,0.5714595306211205,0.7193257194365611,0.6889317868849756,0.6490621796385962,0.7808580141223099,0.03944111892018748,0.7390931389031626,0.6522024057870432,0.4161399327777511,0.345560568644565,0.17437422938343683,0.19337382111639315,0.1586274883091065,0.12436496122278483,0.08893378551505667,6.790460835300273,1.3362526299816464,0.0,0.0,0.0,0.0,0.0,0.0,0.0,0.0,0.0,0.0,0.0,0.0,0.0,0.0,0.0,0.0,0.0,0.0,0.0,0.0
2020-04-19,116.0,81.0,0.0,0.009719222547668774,0.006518585125946216,0.08283605064753152,0.3446420156505886,0.6920665166804354,0.6389030164696183,0.6110045518880365,0.7738999430655866,0.7417762899591952,0.011344984077072864,0.7848440713997895,0.5303907494171581,0.3639252602998101,0.19995039627595682,0.25158701888496304,0.14296695392219516,0.16831248970309987,0.08945712493057342,0.07845560386278838,6.522600844808014,1.7897330684345296,0.0,0.0,0.0,0.0,0.0,0.0,0.0,0.0,0.0,0.0,0.0,0.0,0.0,0.0,0.0,0.0,0.0,0.0,0.0,0.0
2020-04-20,112.0,75.0,3.0,0.07688226248702076,0.021377348871065294,0.03954410183988614,0.3025630777835161,0.5976335965466774,0.6072718663293503,0.7773441555268423,0.7116109044453718,0.6602843200567635,0.007736897930456307,0.6222586913179364,0.44859892130286105,0.50976650410368,0.2893410365919308,0.28376684095538984,0.2215241949297366,0.21551751566534852,0.157646866262226,0.06601657328110391,6.616685676227163,1.558460230787396,0.0,0.0,0.0,0.0,0.0,0.0,0.0,0.0,0.0,0.0,0.0,0.0,0.0,0.0,0.0,0.0,0.0,0.0,0.0,0.0
2020-04-21,112.0,77.0,0.0,0.014175456651638347,0.007299117367207346,0.08260628757211236,0.2682841027242487,0.6077691506937652,0.9452226156201133,0.6540953780784133,0.6307209084689054,0.7738563181212126,0.0027442875152711627,0.7762817045034107,0.8346579293819975,0.46410455160805203,0.33252608661232175,0.3845382526217943,0.18842374657822047,0.28225304097711523,0.17661306719975062,0.10919278789999176,7.535364790195542,1.6568942648432397,0.0,0.0,0.0,0.0,0.0,0.0,0.0,0.0,0.0,0.0,0.0,0.0,0.0,0.0,0.0,0.0,0.0,0.0,0.0,0.0
2020-04-22,107.0,70.0,2.0,0.007030606584645673,0.021861513801015007,0.17822975638992775,0.3999079448820534,0.852043535184872,0.8082797911985249,0.8827241940528404,0.6294752408443934,0.7102777573422394,0.04321968376499867,0.8817998624926146,0.5868797861492094,0.44276580415332834,0.3179776366162369,0.298495768512937,0.2785862541803667,0.2359304096145387,0.16112045860058502,0.07769481990318514,7.8143008242685115,1.5935657398640113,0.0,0.0,0.0,0.0,0.0,0.0,0.0,0.0,0.0,0.0,0.0,0.0,0.0,0.0,0.0,0.0,0.0,0.0,0.0,0.0
2020-04-23,102.0,68.0,0.0,0.0086750053544845,0.05978486164223898,0.1578402327818509,0.5314194381940759,0.6345549714040382,0.8333634057424393,0.7906277994861154,0.8616188967069996,0.860405480477564,0.13326133131669995,1.0011563004129467,0.7496497889489114,0.5788310661921946,0.21955206360218743,0.33743733651767505,0.21275604773842377,0.14991592540848775,0.16119406175953155,0.0782955702329013,8.360339583919766,1.2127447966088698,0.0,0.0,0.0,0.0,0.0,0.0,0.0,0.0,0.0,0.0,0.0,0.0,0.0,0.0,0.0,0.0,0.0,0.0,0.0,0.0
2020-04-24,99.0,63.0,2.0,0.0012312137317250305,0.057770967507287566,0.08314715509592009,0.31424945447647423,0.5497985016232652,0.5165378735622211,0.7482876682265724,0.639389089073783,0.7682507859417234,0.03167677468690553,0.8380280309627005,0.6409594385693467,0.25045321556122724,0.2813135806838254,0.1992962591988375,0.19433215028437728,0.1936326287736861,0.14935452142026137,0.08858173146347745,6.549142480820805,1.1820626035206208,0.0,0.0,0.0,0.0,0.0,0.0,0.0,0.0,0.0,0.0,0.0,0.0,0.0,0.0,0.0,0.0,0.0,0.0,0.0,0.0
2020-04-25,95.0,62.0,1.0,0.02445787945621143,0.028316035277577666,0.09425337083365415,0.2596182145818422,0.44356669235637186,0.6690447447111967,0.6973235766272431,0.6316620899681918,0.4207287859564211,0.07490346584240332,0.6718150824135456,0.5030571253382063,0.47541269411462017,0.20785161182997544,0.17516889576663386,0.14023587706386847,0.15827813863371168,0.10943671677316441,0.06326871142664482,5.848399708971484,1.0892578699407356,0.0,0.0,0.0,0.0,0.0,0.0,0.0,0.0,0.0,0.0,0.0,0.0,0.0,0.0,0.0,0.0,0.0,0.0,0.0,0.0
2020-04-26,93.0,61.0,4.0,0.0,0.019543435075093433,0.09782695459331452,0.1856474347080203,0.4601950970891717,0.67607443100893,0.5849596028862165,0.5034200216874867,0.5957617339293755,0.004996692531632917,0.5606861687568262,0.5213496480411554,0.25685879099684916,0.16956584683106013,0.1672199426606204,0.150756045787939,0.08489055536828374,0.08078734212130413,0.025108445873203735,5.145648189946483,0.905294753964599,0.0,0.0,0.0,0.0,0.0,0.0,0.0,0.0,0.0,0.0,0.0,0.0,0.0,0.0,0.0,0.0,0.0,0.0,0.0,0.0
2020-04-27,93.0,60.0,1.0,0.014189865405855396,0.05779603340033101,0.27616739253076905,0.360376380578935,0.5207850276120907,0.7683971256769997,0.6753105115076663,0.7263723435925593,0.6906666809750939,0.07802569254813696,0.6398494458364473,0.7189142197875038,0.46690925432738695,0.2858270700107508,0.20093784591900377,0.2129385252365143,0.1821086068571201,0.11605962772415901,0.09246061704854461,7.084092266575867,0.9151369874633382,0.0,0.0,0.0,0.0,0.0,0.0,0.0,0.0,0.0,0.0,0.0,0.0,0.0,0.0,0.0,0.0,0.0,0.0,0.0,0.0
2020-04-28,90.0,58.0,3.0,0.05359292407322464,0.003990357682996309,0.11199306241083218,0.2647743254818873,0.4384238098010727,0.6925435888033529,0.6811540146827451,0.5694677436443281,0.6837542930500029,0.025163926099426838,0.595243052015073,0.5302060685987293,0.32842440520463423,0.23193545417041117,0.224185551956104,0.1588339995543286,0.1885892938179896,0.10955087700893298,0.07260775953244347,5.964434507588514,0.826612813535277,0.0,0.0,0.0,0.0,0.0,0.0,0.0,0.0,0.0,0.0,0.0,0.0,0.0,0.0,0.0,0.0,0.0,0.0,0.0,0.0
2020-04-29,90.0,58.0,1.0,0.1301937538574047,0.05666250103124448,0.05088858228491856,0.3985197898523395,0.761140551907338,0.7210765270318961,0.635489255137907,0.5424906189252532,0.717081125446782,0.018417613559860314,0.6429342767747713,0.6360763790001587,0.4803300533078666,0.38584315443856476,0.36581415481160456,0.22747011800693923,0.2093738700169865,0.14609367781420818,0.09680671380440391,7.2227027170104465,0.6726677269305483,0.0,0.0,0.0,0.0,0.0,0.0,0.0,0.0,0.0,0.0,0.0,0.0,0.0,0.0,0.0,0.0,0.0,0.0,0.0,0.0
2020-04-30,85.0,55.0,0.0,0.05432419450034735,0.031846167520372205,0.09145614955747815,0.36867670138234443,0.5546104765746578,0.5721064176681644,0.7155966598837729,0.6591026247078297,0.7414944767103955,0.0021601221799247973,0.6128512547493606,0.6915276558610962,0.3887300212565211,0.2614231471034449,0.1679505256924115,0.14599059341064155,0.20516766050831856,0.13798671145967542,0.11084274080945691,6.5138443015362135,1.0553059278880088,0.0,0.0,0.0,0.0,0.0,0.0,0.0,0.0,0.0,0.0,0.0,0.0,0.0,0.0,0.0,0.0,0.0,0.0,0.0,0.0
2020-05-01,81.0,51.0,0.0,0.023384748933880428,0.03300629153782805,0.07098411253590439,0.2809288600829041,0.7911859446211527,0.7228526538668923,0.6214915279969111,0.5022696856103661,0.5900013442835002,0.06585702752533083,0.6611098908095131,0.4363214677015436,0.27169524362445474,0.3384096656713269,0.30837073291223926,0.2164225900798622,0.1704506921371355,0.1708642744641484,0.09705351355026308,6.372660267945156,1.007097441754102,0.0,0.0,0.0,0.0,0.0,0.0,0.0,0.0,0.0,0.0,0.0,0.0,0.0,0.0,0.0,0.0,0.0,0.0,0.0,0.0
2020-05-02,80.0,51.0,0.0,0.06806925813096003,0.026788798105352195,0.0544103189964934,0.19987942993582034,0.2830643811091727,0.42160964631102016,0.6854880624445828,0.4196881960014288,0.3040964126061763,0.0016713905128428322,0.387049022433244,0.40607599473557543,0.27543436984486463,0.08742916078603669,0.08857511596057537,0.2041689191089305,0.21787498423656843,0.09778160459420611,0.08855381275688573,4.317708878610736,0.8514922288520289,0.0,0.0,0.0,0.0,0.0,0.0,0.0,0.0,0.0,0.0,0.0,0.0,0.0,0.0,0.0,0.0,0.0,0.0,0.0,0.0
2020-05-03,75.0,52.0,1.0,0.0,0.031837060615416996,0.0709870825890885,0.13371725757042982,0.3035192379294025,0.47562567775095843,0.2133102988544779,0.26014898763241,0.30839704631755477,0.006355113041243187,0.31775336070145377,0.29294931101025434,0.18566531679386195,0.12235684374874937,0.13274552947169768,0.08253691923072726,0.18466494270029937,0.1161029376393857,0.07218099943779785,3.310853923035209,0.6763990876111193,0.0,0.0,0.0,0.0,0.0,0.0,0.0,0.0,0.0,0.0,0.0,0.0,0.0,0.0,0.0,0.0,0.0,0.0,0.0,0.0
2020-05-04,70.0,47.0,0.0,0.04225743433106388,0.017104027685806364,0.14220653769093983,0.11711789399384756,0.27952927003119377,0.5511698953336138,0.4566319143202277,0.5163651479944975,0.5367423769843035,0.06824040826405663,0.5016865576432283,0.44939441820016873,0.4379050447264528,0.1352150815797255,0.1899687950775124,0.2036175454313636,0.21695716120081923,0.1283156421523749,0.08732532622631282,5.077750478867509,0.6147135681738546,0.0,0.0,0.0,0.0,0.0,0.0,0.0,0.0,0.0,0.0,0.0,0.0,0.0,0.0,0.0,0.0,0.0,0.0,0.0,0.0
2020-05-05,67.0,43.0,0.0,0.0004007927856359567,0.08441033802900115,0.09227811502370015,0.2452875932032676,0.2982329359006495,0.4335400832183047,0.36133983586385954,0.24649893437681297,0.3697923964882926,0.049954823716169716,0.33631259596350527,0.30577043933477693,0.25580756921763564,0.10818850047673127,0.12926955584020022,0.11139149904803186,0.10464080980627116,0.10600547142881911,0.07476872324264594,3.7138910129643112,0.6595395783406197,0.0,0.0,0.0,0.0,0.0,0.0,0.0,0.0,0.0,0.0,0.0,0.0,0.0,0.0,0.0,0.0,0.0,0.0,0.0,0.0
2020-05-06,63.0,40.0,1.0,0.1173347336181894,0.053576245378277,0.11793323554311422,0.1184009134285543,0.32867233603932994,0.2979893990875791,0.49197859387370896,0.32680602136810455,0.6115722249238366,0.047415144394579486,0.4325123172315432,0.45421712940911585,0.32009643546259214,0.13820617047264505,0.18937252653300946,0.08469015731849266,0.13635614244241862,0.10327845480644043,0.06793584698787167,4.438344028319403,0.5855304863781392,0.0,0.0,0.0,0.0,0.0,0.0,0.0,0.0,0.0,0.0,0.0,0.0,0.0,0.0,0.0,0.0,0.0,0.0,0.0,0.0
2020-05-07,58.0,37.0,1.0,0.0267741249911016,0.06609893029308384,0.0895189142398412,0.16743395012867682,0.43908378392076,0.47133796178416154,0.4420077766868711,0.4066713830072551,0.45603658969764754,0.07620226206166189,0.4483430495262527,0.32737945119705564,0.3042752045363984,0.19092172774009633,0.12744739876750055,0.21366410606125397,0.19497290514418308,0.1826316195805117,0.160938061849641,4.791739201213954,0.5584960797714977,0.0,0.0,0.0,0.0,0.0,0.0,0.0,0.0,0.0,0.0,0.0,0.0,0.0,0.0,0.0,0.0,0.0,0.0,0.0,0.0
2020-05-08,53.0,31.0,0.0,0.0017657024746304437,0.0688320650008138,0.16240661928617053,0.18521894977199974,0.2287644135243415,0.33316030811815656,0.26116093387666794,0.28169374058429214,0.34720863873273533,0.024735922625828105,0.2654617326857875,0.2234124849141525,0.14370701128114896,0.09798081737346274,0.12265220582572246,0.08965757827460596,0.09946881705539036,0.07214914658933581,0.0599019902012031,3.0693390781964456,0.46694358629947197,0.0,0.0,0.0,0.0,0.0,0.0,0.0,0.0,0.0,0.0,0.0,0.0,0.0,0.0,0.0,0.0,0.0,0.0,0.0,0.0
2020-05-09,51.0,29.0,1.0,0.00671606442762032,0.10297263642826204,0.06083032612165165,0.13153837934373055,0.3248532994473504,0.27782561500273156,0.17732207771658104,0.13008790633873069,0.2994718701202031,0.006347692166353248,0.2058724375026059,0.17184611558627222,0.16084405866806556,0.0611058988619835,0.15507886502737744,0.11224361469878134,0.1852689704109731,0.10226129312914473,0.06326741548984378,2.739518301113176,0.4355355763178682,0.0,0.0,0.0,0.0,0.0,0.0,0.0,0.0,0.0,0.0,0.0,0.0,0.0,0.0,0.0,0.0,0.0,0.0,0.0,0.0
2020-05-10,51.0,27.0,1.0,0.019899299951837965,0.011178577535780814,0.03113879132469651,0.16730421137089535,0.23987254079590933,0.18368878611144662,0.16319215484101113,0.14946745638186187,0.19843445973359883,0.005359628933444835,0.30283173257622464,0.16033944563485963,0.2004274978209937,0.08797501346405595,0.0661327819682783,0.052252078808843944,0.03309118667743437,0.0715164974301497,0.04536479304032692,2.18946693440165,0.39300174124651055,0.0,0.0,0.0,0.0,0.0,0.0,0.0,0.0,0.0,0.0,0.0,0.0,0.0,0.0,0.0,0.0,0.0,0.0,0.0,0.0
2020-05-11,50.0,26.0,0.0,0.013157369748393027,0.10503681440667942,0.0471523663929452,0.1554902663835806,0.4418581293849846,0.339328078222482,0.3131249811493762,0.41017625356181253,0.34802104313732707,0.01320600849090298,0.2982276502822472,0.24550597795589563,0.1664423485664537,0.09584744137672432,0.16841293998923262,0.10915542773975856,0.1408090564482642,0.0995449475797811,0.05150305434116768,3.5620001551580085,0.23430082176290012,0.0,0.0,0.0,0.0,0.0,0.0,0.0,0.0,0.0,0.0,0.0,0.0,0.0,0.0,0.0,0.0,0.0,0.0,0.0,0.0
2020-05-12,50.0,26.0,1.0,0.037997024245422395,0.077675487817386,0.0672955743379409,0.41461730902194976,0.22476979469298108,0.30426739476437914,0.2930059644699965,0.31748794351347537,0.4283828402632207,0.04381595833223923,0.4732237871495891,0.3806917276627687,0.28820906333196095,0.08180849224212708,0.18055844701233692,0.10025406949965979,0.11913931888579901,0.1189769183862784,0.078913845047505,4.062290276875347,0.39838050990465584,0.0,0.0,0.0,0.0,0.0,0.0,0.0,0.0,0.0,0.0,0.0,0.0,0.0,0.0,0.0,0.0,0.0,0.0,0.0,0.0
2020-05-13,49.0,25.0,0.0,0.00047828276475702394,0.07468613708502508,0.11875248938821707,0.11706920657832139,0.3395905022854842,0.3617850077144147,0.45086199227114854,0.2222192174615531,0.4536084139438894,0.026144974146763672,0.43276785196893247,0.2439547950827179,0.223503004736272,0.12757509596601316,0.2304906545718225,0.20529232722279578,0.18538923211184913,0.16178780652337704,0.11657787657220109,4.092534868395555,0.4116111357343361,0.0,0.0,0.0,0.0,0.0,0.0,0.0,0.0,0.0,0.0,0.0,0.0,0.0,0.0,0.0,0.0,0.0,0.0,0.0,0.0
2020-05-14,43.0,23.0,0.0,0.0005850669520267896,0.10850615794850209,0.04655802968028043,0.17804198249483172,0.20073148166157936,0.24116461039810583,0.32428472400369596,0.23093287847228403,0.32180420638059914,0.027881994559041272,0.2690057971587228,0.27151793393916546,0.21701437706069743,0.13214705977459312,0.20365739695857302,0.10585316292414604,0.12265109687572398,0.09073127607149035,0.061275300651470715,3.1543445339655296,0.3464667080627651,0.0,0.0,0.0,0.0,0.0,0.0,0.0,0.0,0.0,0.0,0.0,0.0,0.0,0.0,0.0,0.0,0.0,0.0,0.0,0.0
2020-05-15,42.0,22.0,1.0,0.0005384317285306998,0.07539409992971131,0.06007352513644101,0.14237709693480677,0.30871628134061513,0.18859339616426035,0.18201086241295913,0.21089022711005856,0.22521359266105404,0.1064750198941788,0.2112977839006616,0.15836368071156948,0.09465308280723056,0.05064045087486199,0.09908783381930844,0.04524186763782233,0.052302345562368256,0.06263780190940425,0.09737073623234585,2.3718781167681886,0.35857358446144305,0.0,0.0,0.0,0.0,0.0,0.0,0.0,0.0,0.0,0.0,0.0,0.0,0.0,0.0,0.0,0.0,0.0,0.0,0.0,0.0
2020-05-16,42.0,23.0,0.0,0.0,0.031527289824449446,0.04866880406644436,0.08035926984036171,0.13965160500662055,0.20910439190595664,0.17242894719236102,0.1680453935992285,0.13294986476582563,0.005983540272932752,0.08097052691240134,0.1767781000180115,0.06158619466881562,0.05051761485013471,0.05981864291441801,0.05230532370577819,0.056397016097791776,0.034533340305103195,0.051275816269199234,1.612901682215834,0.3522189097219098,0.0,0.0,0.0,0.0,0.0,0.0,0.0,0.0,0.0,0.0,0.0,0.0,0.0,0.0,0.0,0.0,0.0,0.0,0.0,0.0
2020-05-17,40.0,23.0,2.0,0.0,0.10513699036983562,0.06852948183223653,0.11484891263823498,0.181379805762478,0.13140706298846344,0.14949583167280986,0.2103072547104407,0.15497031951146628,0.07848350947415501,0.1362464512349597,0.11361040218299556,0.10862392113790685,0.061456209456107656,0.06536350882516129,0.0335453618865126,0.07518958211647046,0.03574617778669002,0.04230668954886124,1.8666474731357856,0.293421302808186,0.0,0.0,0.0,0.0,0.0,0.0,0.0,0.0,0.0,0.0,0.0,0.0,0.0,0.0,0.0,0.0,0.0,0.0,0.0,0.0
2020-05-18,40.0,22.0,0.0,0.03437832335055407,0.08129815629827555,0.028909035440165452,0.11041800913727091,0.3731400016688885,0.23379296882129175,0.3069218775223204,0.2298359779857948,0.2439181366468096,0.03951331002171384,0.26783604594481686,0.27262513097675456,0.2158729761824817,0.08251173783715794,0.14129279205299583,0.14014508558563005,0.10095531825327231,0.068257002058836,0.0717707344112535,3.044265183939582,0.27574989455878407,0.0,0.0,0.0,0.0,0.0,0.0,0.0,0.0,0.0,0.0,0.0,0.0,0.0,0.0,0.0,0.0,0.0,0.0,0.0,0.0
2020-05-19,40.0,22.0,1.0,0.025101634734244177,0.06748445318763341,0.07884658576813322,0.19312857340001988,0.326750907562973,0.30242397881861405,0.25795395197923854,0.19538503031508075,0.32581489045684087,0.1138581430501623,0.2385837194859472,0.26973296193274876,0.12816007539852656,0.12665025929372378,0.11547238863640912,0.13265190465195856,0.06252932877293846,0.09083654747267673,0.0520416217261412,3.1034069566440103,0.287204080175744,0.0,0.0,0.0,0.0,0.0,0.0,0.0,0.0,0.0,0.0,0.0,0.0,0.0,0.0,0.0,0.0,0.0,0.0,0.0,0.0
2020-05-20,40.0,22.0,1.0,0.024360414777727088,0.13788997351206522,0.015729442488129002,0.12036511662427124,0.4680693279122508,0.17432180366765374,0.2414440157518783,0.2843200485839822,0.2123966926038525,0.07188873356550843,0.2006133474366213,0.234432184529123,0.1922641670088101,0.1038751443958946,0.07545127975095015,0.10439974937622266,0.0855896397626762,0.07606495583474122,0.10091401867058791,2.932428491188358,0.3388820733994817,0.0,0.0,0.0,0.0,0.0,0.0,0.0,0.0,0.0,0.0,0.0,0.0,0.0,0.0,0.0,0.0,0.0,0.0,0.0,0.0
2020-05-21,37.0,23.0,0.0,0.03297055026625037,0.06294881789735228,0.05997621992703148,0.12442552778408467,0.14994718439745502,0.29499746328460286,0.23739148093625523,0.31816265736575877,0.18969359522183826,0.0862686379327736,0.3147082514021278,0.22668178775946715,0.08056369252270343,0.07881945423567344,0.10641378659887697,0.10870993584502309,0.10692658365394483,0.08756190312624076,0.04184669051571414,2.7189488256916645,0.2568647081867095,0.0,0.0,0.0,0.0,0.0,0.0,0.0,0.0,0.0,0.0,0.0,0.0,0.0,0.0,0.0,0.0,0.0,0.0,0.0,0.0
2020-05-22,36.0,22.0,0.0,0.007580211973411568,0.037744368205123405,0.03432680080198204,0.08237466028674705,0.19126772074880327,0.18914422469049413,0.11194375705385863,0.09273252647645433,0.24165770528147285,0.028296734518653555,0.10541223966400055,0.1722130218701089,0.17143412900734672,0.10569975145143425,0.1002094165373276,0.07102437319991137,0.07635190848299456,0.05950535789319594,0.04530455023686556,1.9242234583801865,0.2158148791876529,0.0,0.0,0.0,0.0,0.0,0.0,0.0,0.0,0.0,0.0,0.0,0.0,0.0,0.0,0.0,0.0,0.0,0.0,0.0,0.0
2020-05-23,32.0,18.0,0.0,0.0,0.048365521335926406,0.05553382191602786,0.11634737844991766,0.06413721675417786,0.21172088461346183,0.10569844429013645,0.07665414612635632,0.0839961402832948,0.04919279324143075,0.18544961188503384,0.1127132090216227,0.0692453363945634,0.04578887458171031,0.07965522356274332,0.13613864910826304,0.030479596098278897,0.02136369362826817,0.049773125089865485,1.542253666381079,0.2590394129320073,0.0,0.0,0.0,0.0,0.0,0.0,0.0,0.0,0.0,0.0,0.0,0.0,0.0,0.0,0.0,0.0,0.0,0.0,0.0,0.0
2020-05-24,33.0,19.0,0.0,0.007218774707712875,0.0,0.03249275841940983,0.1142270384964475,0.14916614024754943,0.1368985770986442,0.05303212989643122,0.049460580294189746,0.06029528017720151,0.06711904179735648,0.0928844246430712,0.12974790381560705,0.13888887215677986,0.028086206562328526,0.07404786575115252,0.07122475477941348,0.05297832297278186,0.03319680937577431,0.004484100426803421,1.2954495816186549,0.23618081226227527,0.0,0.0,0.0,0.0,0.0,0.0,0.0,0.0,0.0,0.0,0.0,0.0,0.0,0.0,0.0,0.0,0.0,0.0,0.0,0.0
2020-05-25,31.0,17.0,1.0,0.0,0.0037967231187331463,0.05091623862272579,0.084022467487503,0.13030669790143434,0.21964104715686833,0.11129208260236087,0.08165282376972206,0.09542422814431786,0.002625438003687526,0.22710831777531676,0.17578252885986348,0.06223066708920477,0.06700516539036691,0.09405529819772362,0.08569295737276877,0.09623855543090509,0.0701129435059934,0.03343636282999065,1.6913405432594864,0.2325493952562285,0.0,0.0,0.0,0.0,0.0,0.0,0.0,0.0,0.0,0.0,0.0,0.0,0.0,0.0,0.0,0.0,0.0,0.0,0.0,0.0
2020-05-26,31.0,16.0,0.0,0.005459422214057211,0.05672032026431351,0.013625634740190767,0.09223663718298306,0.09727292512155906,0.24673480256824937,0.10060815915187162,0.1724013704241742,0.08677229896079731,0.056587418697678665,0.12057131058936477,0.15830417320943668,0.08118389142636398,0.04182100325412317,0.09444365497020141,0.05609175508990423,0.08953920302694698,0.047641608816395196,0.04494791246078015,1.6629635021693914,0.2138972146554627,0.0,0.0,0.0,0.0,0.0,0.0,0.0,0.0,0.0,0.0,0.0,0.0,0.0,0.0,0.0,0.0,0.0,0.0,0.0,0.0
2020-05-27,31.0,16.0,0.0,0.0,0.02540681993143563,0.050701921827393616,0.03903365801267235,0.17711518666261203,0.24263450338264578,0.09159162014481091,0.10874433320094141,0.17483205792892342,0.0005523183558837095,0.143539416242016,0.2070576864451918,0.16646370108483938,0.04440650809944412,0.07261515592816112,0.05618677443937051,0.07627517438316514,0.05728909315024487,0.08818397875482556,1.8226299079745774,0.15655895477164283,0.0,0.0,0.0,0.0,0.0,0.0,0.0,0.0,0.0,0.0,0.0,0.0,0.0,0.0,0.0,0.0,0.0,0.0,0.0,0.0
2020-05-28,31.0,16.0,0.0,0.005740257566682633,0.02149427551776584,0.02193296301898943,0.06217570778050877,0.13009836503204172,0.23336055032467834,0.12233524667827336,0.14423102192842308,0.1258762107087706,0.06208909466488813,0.2407316314293535,0.10771787026395063,0.10355818305829548,0.10689843688617298,0.16390360370104617,0.06554173314239664,0.07879734202155282,0.09921137955398864,0.09863563278651288,1.9953873872793437,0.18287940176846074,0.0,0.0,0.0,0.0,0.0,0.0,0.0,0.0,0.0,0.0,0.0,0.0,0.0,0.0,0.0,0.0,0.0,0.0,0.0,0.0
2020-05-29,30.0,16.0,1.0,0.005899454193896892,0.04093288705683015,0.02797081055663485,0.027744521794098028,0.06952510495555779,0.16382732443602177,0.121218944732473,0.07758056474513939,0.2500118281385292,0.0075605714566595525,0.13901853087855653,0.153146990120554,0.06473539440418369,0.12141597396266997,0.04530410898981463,0.08152114063622555,0.03502636408436307,0.06235658462975723,0.025832874513527136,1.5206299742854923,0.26879180839771544,0.0,0.0,0.0,0.0,0.0,0.0,0.0,0.0,0.0,0.0,0.0,0.0,0.0,0.0,0.0,0.0,0.0,0.0,0.0,0.0
2020-05-30,29.0,17.0,0.0,0.00012408119657904932,0.019465674673938917,0.0028439152323296636,0.027736538607989306,0.10925403559459433,0.07713795905441301,0.06810887898919848,0.10477246992077788,0.07918132434006393,0.020665834295390165,0.1456280139915364,0.09147477051235971,0.05368041963905075,0.02106039855469942,0.043037183227909274,0.0626317487142507,0.043141029856080176,0.022708158040374633,0.014974866264436365,1.0076273007059722,0.23799454987753982,0.0,0.0,0.0,0.0,0.0,0.0,0.0,0.0,0.0,0.0,0.0,0.0,0.0,0.0,0.0,0.0,0.0,0.0,0.0,0.0
2020-05-31,28.0,15.0,0.0,0.0005509000267520728,0.0,0.026666993605814336,0.0678823208050841,0.0892340918127281,0.05307011368337203,0.02723719223981954,0.012462927010922092,0.03841796428984006,0.0,0.14687242399623893,0.07534284261813151,0.11150189897590404,0.05203627198100719,0.022459795927656206,0.030727938358802567,0.04883001504114244,0.04514020863141365,0.07400787646457699,0.9224417754692058,0.15516299789863303,0.0,0.0,0.0,0.0,0.0,0.0,0.0,0.0,0.0,0.0,0.0,0.0,0.0,0.0,0.0,0.0,0.0,0.0,0.0,0.0
2020-06-01,27.0,14.0,0.0,0.009871661558893364,0.008372846772890956,0.03560545551558404,0.06548437105876295,0.14255503322564417,0.14942145962941955,0.05133529548549246,0.12020379861759642,0.12049113335778282,0.012067643237899947,0.0971671676254815,0.1466780766840568,0.09572503570712244,0.03647909407110301,0.09754523698278206,0.0861869446744186,0.07774504533802645,0.05563213330459859,0.07969870329279863,1.4882661361403549,0.12338480787741374,0.0,0.0,0.0,0.0,0.0,0.0,0.0,0.0,0.0,0.0,0.0,0.0,0.0,0.0,0.0,0.0,0.0,0.0,0.0,0.0
2020-06-02,27.0,14.0,0.0,0.0721886300216534,0.00582591211065943,0.02780370373347914,0.09567908298487031,0.14946762131332197,0.17520477752794175,0.08721905977161054,0.07672247633879908,0.14270795699353833,0.005786145707030662,0.08298587189744412,0.07334154077751032,0.08303071613251407,0.07976818189039034,0.05720756029687776,0.07107316962357658,0.0907490689091287,0.043440975141195506,0.03447860680806116,1.4546810579796032,0.1558455871441593,0.0,0.0,0.0,0.0,0.0,0.0,0.0,0.0,0.0,0.0,0.0,0.0,0.0,0.0,0.0,0.0,0.0,0.0,0.0,0.0
2020-06-03,26.0,14.0,0.0,0.004581079995169646,0.0019313647176714033,0.013156072401961736,0.04110982965411471,0.12586949225997893,0.27180549136931986,0.13484315189705315,0.08786285506514602,0.15156502136623598,0.0004198115937353201,0.12019913074501169,0.116027579025109,0.04608425760215383,0.057452066432824536,0.01732965722364299,0.04054247577189043,0.07650332360653733,0.048459152178291345,0.029510494264645075,1.385252307170493,0.17551509344624772,0.0,0.0,0.0,0.0,0.0,0.0,0.0,0.0,0.0,0.0,0.0,0.0,0.0,0.0,0.0,0.0,0.0,0.0,0.0,0.0
2020-06-04,26.0,14.0,0.0,0.019869548542974277,0.003454656700006635,0.026474761673109554,0.08070418269801947,0.06231367508575965,0.04541738620904058,0.061271914206137645,0.13093163711599998,0.13550898427106545,0.02925301370894427,0.08495360242713923,0.12881385049925564,0.04728181589008965,0.04700327303250801,0.06563605376169789,0.04247692209515096,0.04939254573544193,0.0336603515978697,0.056721711838320074,1.1511398870885308,0.17535046945038488,0.0,0.0,0.0,0.0,0.0,0.0,0.0,0.0,0.0,0.0,0.0,0.0,0.0,0.0,0.0,0.0,0.0,0.0,0.0,0.0
2020-06-05,25.0,14.0,0.0,0.03747659248038054,0.000745688605466913,0.04065509356547389,0.11051313003192653,0.10406870121025089,0.10757320814939618,0.07356239352750008,0.06507971467109538,0.09888442890790887,0.004534110752212721,0.06501578868431501,0.06084390824303186,0.09479571197018723,0.06710604428222386,0.050502436556868716,0.036801372326827585,0.09636982567810592,0.01590741901719321,0.05791263563457938,1.1883482042949447,0.15110396540982282,0.0,0.0,0.0,0.0,0.0,0.0,0.0,0.0,0.0,0.0,0.0,0.0,0.0,0.0,0.0,0.0,0.0,0.0,0.0,0.0
2020-06-06,24.0,15.0,0.0,0.019371865770438135,0.047583088549733796,0.037896394571196125,0.048160665778770165,0.08353274305891054,0.10017834699308104,0.12158812195548395,0.09401938604004584,0.04234979392866303,0.009857182466956356,0.05585500154492333,0.05328841688309605,0.09914618500501675,0.08538704504614787,0.014864353063889533,0.035142944104647425,0.059018214800358765,0.01664855458053572,0.02005724558509894,1.0439455497269932,0.0648106318715199,0.0,0.0,0.0,0.0,0.0,0.0,0.0,0.0,0.0,0.0,0.0,0.0,0.0,0.0,0.0,0.0,0.0,0.0,0.0,0.0
2020-06-07,24.0,14.0,0.0,0.04972017731373917,0.015722306322681606,0.009992378694216278,0.029644403786689737,0.051848582384943755,0.08292314795598192,0.013062379454035095,0.012183535996390523,0.060708988784235064,0.020966367335028165,0.046984789019581516,0.062089120361503866,0.04494987213651554,0.06883807101808512,0.010358745999195602,0.020041739631459953,0.020021505696465387,0.02545251383879343,0.024293969424513107,0.6698025951540548,0.15764063045732546,0.0,0.0,0.0,0.0,0.0,0.0,0.0,0.0,0.0,0.0,0.0,0.0,0.0,0.0,0.0,0.0,0.0,0.0,0.0,0.0
2020-06-08,25.0,15.0,1.0,0.002184540717909804,0.1080006377384019,0.04745319886219293,0.10625752343792619,0.17966512778182647,0.12678710126622286,0.21246661476945405,0.09425327872284893,0.017510859854921422,0.0009640988863092335,0.13747759411329682,0.05631797366014682,0.10739489140007305,0.06339343384784768,0.020516501142192143,0.026782651386738812,0.051494005676448025,0.03760215677930464,0.037699315081921224,1.4352793863410351,0.1539736378344611,0.0,0.0,0.0,0.0,0.0,0.0,0.0,0.0,0.0,0.0,0.0,0.0,0.0,0.0,0.0,0.0,0.0,0.0,0.0,0.0
2020-06-09,24.0,14.0,0.0,0.033559208637708934,0.030466841730419886,0.004637911100388619,0.08071994420881057,0.049588150662878874,0.13606676290435707,0.1810679531709506,0.1454148387909365,0.14298050914628135,0.0010048693321315955,0.048645550956684984,0.1413528746382645,0.15072896868543645,0.04564049562776922,0.06220152657237968,0.09016241583930856,0.034627373618129995,0.06760162564404497,0.05892599589790695,1.5053938171647894,0.1117488125071147,0.0,0.0,0.0,0.0,0.0,0.0,0.0,0.0,0.0,0.0,0.0,0.0,0.0,0.0,0.0,0.0,0.0,0.0,0.0,0.0
2020-06-10,25.0,14.0,0.0,0.029563740784161824,0.02183668578965146,0.037075223407879825,0.08569292078140342,0.13717568012989914,0.16485935838712926,0.08796181804608132,0.15171540191116092,0.1549188687336956,0.05711167145581486,0.1319498073042698,0.07988999725155027,0.09560715446220451,0.030145299568380024,0.04498828264611058,0.030502856729365868,0.039729235046001184,0.04230862582643005,0.03677706977488139,1.4598096980360713,0.1391942143516896,0.0,0.0,0.0,0.0,0.0,0.0,0.0,0.0,0.0,0.0,0.0,0.0,0.0,0.0,0.0,0.0,0.0,0.0,0.0,0.0
2020-06-11,20.0,12.0,0.0,0.006420756295160247,0.0,0.02169346079702589,0.0601461037480142,0.044942712586273546,0.04135167754337518,0.15997284006053322,0.08878157840531833,0.03326358467764746,0.00048379301681155876,0.1068206444547789,0.03697852477208062,0.027014027370449334,0.03668833147023477,0.05502751176923481,0.03688821800238852,0.07744573020008949,0.10509290763444934,0.014121674129718601,0.9531340769335841,0.06327776782042238,0.0,0.0,0.0,0.0,0.0,0.0,0.0,0.0,0.0,0.0,0.0,0.0,0.0,0.0,0.0,0.0,0.0,0.0,0.0,0.0
2020-06-12,20.0,12.0,0.0,0.027327464584735343,0.026136295319252385,0.07582109958287994,0.027830791777099375,0.06436645658871985,0.08404854672584092,0.1713167340699035,0.11636233070607152,0.04061481610924304,0.015571117059071066,0.06273398624751779,0.06334047548689982,0.01843410495219793,0.026052866134676077,0.03875339771227815,0.05593121612739321,0.04292596113769176,0.012970842668751066,0.02414778301031926,0.9946862860005419,0.11670035090804695,0.0,0.0,0.0,0.0,0.0,0.0,0.0,0.0,0.0,0.0,0.0,0.0,0.0,0.0,0.0,0.0,0.0,0.0,0.0,0.0
2020-06-13,20.0,12.0,0.0,0.005996180379606283,0.018589398362979223,0.018139582848787045,0.0447530804112006,0.11653536941195852,0.13563335390069092,0.11202446666578825,0.10364320642682029,0.08049729161480805,0.0390874473438495,0.021758237504352393,0.04924637213323707,0.035210654678408025,0.03574993735156338,0.014737861077722908,0.04281156917774895,0.03144955140059966,0.02238437099617467,0.02391478907889649,0.9521627207651921,0.07324621594222507,0.0,0.0,0.0,0.0,0.0,0.0,0.0,0.0,0.0,0.0,0.0,0.0,0.0,0.0,0.0,0.0,0.0,0.0,0.0,0.0
2020-06-14,18.0,11.0,0.0,0.019856453368307735,0.03269102608984336,0.017144161305604755,0.03289573380306383,0.08497412464901835,0.08022936755424913,0.08710783026261018,0.06293877071338917,0.017260330174478124,0.04368764962172447,0.07203966314872536,0.11940972750236034,0.04993896474071304,0.027859678101432455,0.031551586835331456,0.04727240634218626,0.039401438940638966,0.01924341194733953,0.024017715766639636,0.9095200408676561,0.14725918252195794,0.0,0.0,0.0,0.0,0.0,0.0,0.0,0.0,0.0,0.0,0.0,0.0,0.0,0.0,0.0,0.0,0.0,0.0,0.0,0.0
2020-06-15,18.0,11.0,0.0,0.02448052141045145,0.0013405506786071607,0.029408544872326015,0.016512725613390636,0.11804482744234715,0.14945071560163703,0.06009294955257294,0.07675325949138721,0.05721890737110466,0.0014815795177468612,0.10260642433287306,0.05042848016604143,0.05510093529964763,0.04924283859048405,0.026782565830673705,0.03355321732979933,0.024744456650920968,0.023998665306675195,0.02271596016901685,0.9239581252277033,0.09697697218191241,0.0,0.0,0.0,0.0,0.0,0.0,0.0,0.0,0.0,0.0,0.0,0.0,0.0,0.0,0.0,0.0,0.0,0.0,0.0,0.0
2020-06-16,18.0,11.0,0.0,0.011351988390783463,0.04641116675284678,0.03871149998684791,0.07280552259730241,0.05007147487730873,0.13962998409910443,0.13363161710182409,0.13141577105961502,0.12205875449863034,0.039275491493127104,0.08418285913602738,0.11240168953323085,0.07190142875556715,0.04693762315459071,0.0627422547400639,0.047119948372745135,0.007932984175160756,0.017902526211273972,0.007194949312193159,1.2436795342482432,0.04496163555777677,0.0,0.0,0.0,0.0,0.0,0.0,0.0,0.0,0.0,0.0,0.0,0.0,0.0,0.0,0.0,0.0,0.0,0.0,0.0,0.0
2020-06-17,17.0,10.0,0.0,0.0,0.03159642234144041,0.03254202097785999,0.03229989205693243,0.04205705441583083,0.21070140336869722,0.07951154398230764,0.08654233720852939,0.03549172194884104,0.012987043754878764,0.07751870835569513,0.09470998023823768,0.06056332415255801,0.06509435090511811,0.058407929362858296,0.0443454489788408,0.04412554343782693,0.030584757513617486,0.03233174608934045,1.0714112290894104,0.11688730667231739,0.0,0.0,0.0,0.0,0.0,0.0,0.0,0.0,0.0,0.0,0.0,0.0,0.0,0.0,0.0,0.0,0.0,0.0,0.0,0.0
2020-06-18,15.0,9.0,0.0,0.0,0.005211472011586649,0.05268023921129812,0.045642351582857316,0.054266377527386736,0.14126761979643476,0.11297413495820853,0.09131904130437017,0.05185595459068963,0.007585952525413216,0.12103632328296043,0.037364163752729974,0.027769220971613738,0.044778429885559856,0.04798507931149991,0.03750539375953925,0.028654480576224568,0.017793464474865028,0.03634751083252984,0.9620372103557677,0.017053185804606904,0.0,0.0,0.0,0.0,0.0,0.0,0.0,0.0,0.0,0.0,0.0,0.0,0.0,0.0,0.0,0.0,0.0,0.0,0.0,0.0
2020-06-19,15.0,8.0,0.0,0.026721387871286757,0.003983575246828274,0.030820396150809528,0.018060119436068847,0.09686407952424064,0.020255029958545764,0.06236890523984483,0.08052204260138082,0.04076403978539137,0.006430796288312997,0.1036597217300124,0.07284901968489864,0.07003307125973568,0.09802731780854262,0.042698445289390353,0.06761901744674398,0.026719956652409775,0.03446609463440711,0.04585428871962379,0.9487173053284741,0.04636019345366606,0.0,0.0,0.0,0.0,0.0,0.0,0.0,0.0,0.0,0.0,0.0,0.0,0.0,0.0,0.0,0.0,0.0,0.0,0.0,0.0
2020-06-20,15.0,8.0,1.0,0.046797806098517636,0.011024113577394468,0.004225620299615926,0.040152277502367335,0.011145087585478435,0.0370405684334356,0.036512841234168855,0.03160021089456552,0.07274457263430925,0.04488152161030273,0.03902621237165709,0.014604231770952207,0.04907252790056521,0.0009590716099603232,0.024298999952608067,0.015466495847123219,0.007706690511013191,0.027256264775899285,0.02647293743625299,0.5409880520461874,0.05418295917091444,0.0,0.0,0.0,0.0,0.0,0.0,0.0,0.0,0.0,0.0,0.0,0.0,0.0,0.0,0.0,0.0,0.0,0.0,0.0,0.0
2020-06-21,16.0,9.0,0.0,0.00845116221870296,0.012119250983882557,0.038107809062104835,0.09405167623024337,0.07225776432399666,0.12885761075944072,0.011547895266745605,0.047334274839055744,0.04370862751792239,0.0,0.03327816403141233,0.053449119344532274,0.035660518651898815,0.018700666240917256,0.04196947878356931,0.029252293309638782,0.01714146721301164,0.04910323818798566,0.0,0.7467610791878827,0.057411776536005266,0.0,0.0,0.0,0.0,0.0,0.0,0.0,0.0,0.0,0.0,0.0,0.0,0.0,0.0,0.0,0.0,0.0,0.0,0.0,0.0
2020-06-22,13.0,8.0,0.0,0.08581409458086053,0.04135092637357159,0.02158020188877497,0.062270996161548964,0.10407936574649086,0.08809966381694884,0.08064671474651611,0.1365237306130801,0.061054459019533554,0.030150630122621938,0.08731242479190768,0.10183597698018317,0.043361159615909556,0.07872627861269191,0.05925856348021054,0.037141838621311485,0.04289552840480812,0.015163612595984814,0.016555043695310096,1.1938212098682646,0.08433860366788457,0.0,0.0,0.0,0.0,0.0,0.0,0.0,0.0,0.0,0.0,0.0,0.0,0.0,0.0,0.0,0.0,0.0,0.0,0.0,0.0
2020-06-23,13.0,8.0,0.0,0.035151502706697674,0.0014117457244272348,0.0,0.053721348414820985,0.0807082239032083,0.08417146114623938,0.05177021861090124,0.05089003128659654,0.11630205763666512,0.03422023549815614,0.022898310317355494,0.06393031803805374,0.05881324582577795,0.10858584667973116,0.07106285915090316,0.08499493978700177,0.03499440731636579,0.047548281094296346,0.04267338636582215,1.0438484195030202,0.025686805167041988,0.0,0.0,0.0,0.0,0.0,0.0,0.0,0.0,0.0,0.0,0.0,0.0,0.0,0.0,0.0,0.0,0.0,0.0,0.0,0.0
2020-06-24,12.0,7.0,0.0,0.00013317909717985897,0.09160692227922784,0.02054835477652393,0.06189413307150454,0.10053833584821885,0.060813762571233713,0.02084129550177192,0.010632107489820627,0.0526042433974333,0.002331001792125168,0.0916937337036551,0.07829731168164866,0.064435259129559,0.0512928594386924,0.032036817434513115,0.07189459850938797,0.0543947073785067,0.009396940650933898,0.013111217873091573,0.8884967816250281,0.0961577858774363,0.0,0.0,0.0,0.0,0.0,0.0,0.0,0.0,0.0,0.0,0.0,0.0,0.0,0.0,0.0,0.0,0.0,0.0,0.0,0.0
2020-06-25,12.0,7.0,0.0,0.0036243105708691804,0.011645854264210834,0.02325261743823195,0.0839906744012057,0.07616810612681565,0.09452851880548499,0.12578456788398693,0.0436549279216081,0.07234030125297637,0.03361286074227253,0.06251084732376473,0.053492449160118416,0.04596397938309082,0.010662751899671547,0.044769503308880264,0.10089460177594034,0.019421372984747297,0.012511445277130854,0.007936283346797801,0.9267659738678043,0.038433678328454596,0.0,0.0,0.0,0.0,0.0,0.0,0.0,0.0,0.0,0.0,0.0,0.0,0.0,0.0,0.0,0.0,0.0,0.0,0.0,0.0
2020-06-26,11.0,7.0,0.0,0.020532302114134253,0.009777411503097497,0.04388322074776236,0.04045176949300861,0.06155125826167608,0.081936122144336,0.09437161515142393,0.06864677050960186,0.09282184123839332,0.0031723835079111736,0.04024670529158607,0.03380305830367793,0.02968443896469815,0.0734200917062457,0.04957720973570369,0.030307566550976574,0.02011984919549284,0.038217640806621316,0.00583396313929895,0.8383552183656463,0.04957984067668805,0.0,0.0,0.0,0.0,0.0,0.0,0.0,0.0,0.0,0.0,0.0,0.0,0.0,0.0,0.0,0.0,0.0,0.0,0.0,0.0
2020-06-27,11.0,6.0,0.0,0.013787806574450317,0.016863479630406034,0.006991833892990003,0.006250724369163177,0.00995850738892354,0.06831483134003692,0.06725023365966577,0.05034138464357306,0.0642444522708549,0.0009664826335789333,0.0670406671530324,0.035001866145824095,0.040020659215036655,0.014062160864658375,0.006451445582181677,0.01255954222283618,0.024076317327603642,0.021148409627851018,0.02430952037432314,0.5496403249169898,0.051889321391997756,0.0,0.0,0.0,0.0,0.0,0.0,0.0,0.0,0.0,0.0,0.0,0.0,0.0,0.0,0.0,0.0,0.0,0.0,0.0,0.0
2020-06-28,11.0,6.0,0.0,0.07814251050118523,0.0,0.0050270319636854825,0.03452463900327494,0.0382856702116333,0.021949622961797532,0.10280426023663146,0.010543984268215375,0.04285909852604472,0.0023683885240930237,0.020176027566447187,0.008596071387830468,0.026468598610649346,0.014408454349941466,0.00751813746334302,0.055467499303381296,0.012356857817049734,0.023393342381044215,0.0011200068229537052,0.5060102018992014,0.04987772633489437,0.0,0.0,0.0,0.0,0.0,0.0,0.0,0.0,0.0,0.0,0.0,0.0,0.0,0.0,0.0,0.0,0.0,0.0,0.0,0.0
2020-06-29,11.0,6.0,0.0,0.06729816407715176,0.015996793779895043,0.0035808340287212313,0.039522356830525386,0.07583438725876426,0.06693874980348785,0.08512240951347477,0.10060297715490496,0.06415387398390113,0.018283739531442744,0.07866079922196101,0.09630529852172678,0.05101200304462629,0.029794248384492496,0.040124582319316156,0.03831878998340126,0.023890157054535597,0.03648237434791004,0.028434737351165758,0.9603572761914045,0.04494548413957396,0.0,0.0,0.0,0.0,0.0,0.0,0.0,0.0,0.0,0.0,0.0,0.0,0.0,0.0,0.0,0.0,0.0,0.0,0.0,0.0
2020-06-30,11.0,6.0,0.0,0.015350738294173516,0.006422717687341876,0.0007191230711951593,0.02330766091323024,0.1042508312696133,0.16289121506950682,0.11301073708485418,0.032720967739388755,0.11708090206504199,0.008711573327609837,0.05262015196884627,0.05309474763795758,0.055211371922366734,0.02469370038765541,0.02920316083190385,0.016580334829026794,0.01038025290742526,0.017098174581465293,0.007480270440113233,0.8508286320287161,0.04774975392374274,0.0,0.0,0.0,0.0,0.0,0.0,0.0,0.0,0.0,0.0,0.0,0.0,0.0,0.0,0.0,0.0,0.0,0.0,0.0,0.0
2020-07-01,11.0,6.0,0.0,0.011451936011777093,0.020733589214129686,0.03354796516338879,0.010445895718867192,0.1419049011642164,0.05718516688399532,0.02559515180277359,0.010948284954642257,0.05370833712743166,0.03407253672987504,0.07573130441104992,0.028157218395806368,0.026881886958880614,0.03721122698288944,0.02124912362200939,0.008574598507736796,0.08102094025963805,0.010950628831309782,0.02681672805422309,0.7161874207946405,0.03228899480348826,0.0,0.0,0.0,0.0,0.0,0.0,0.0,0.0,0.0,0.0,0.0,0.0,0.0,0.0,0.0,0.0,0.0,0.0,0.0,0.0
2020-07-02,10.0,6.0,0.0,0.011411505165527618,0.01403609642509295,0.0,0.042748389552553286,0.13108263217898256,0.1270877970884874,0.027486059708359725,0.148824232291044,0.13035321534512037,0.017437638023990173,0.013030067517545181,0.09034985600773104,0.02214817204125077,0.035228182607618494,0.02489922001280792,0.008299600099276189,0.0455260657698894,0.017267299947493535,0.02023140346383616,0.9417447789513541,0.07758496355473642,0.0,0.0,0.0,0.0,0.0,0.0,0.0,0.0,0.0,0.0,0.0,0.0,0.0,0.0,0.0,0.0,0.0,0.0,0.0,0.0
2020-07-03,11.0,6.0,0.0,0.0312768964416788,0.020028085838666915,0.026901609542257104,0.06546467031483093,0.08124809948291131,0.1133371036606703,0.06564791537726367,0.06972371847597922,0.04869392166555044,0.011035391389689267,0.07428230924147372,0.04981405710258019,0.060872552679262074,0.03675964004567861,0.06407584974525915,0.05844876395376743,0.021073359602740115,0.016926018257000297,0.0010003981425145783,0.916610360959774,0.019959088819484553,0.0,0.0,0.0,0.0,0.0,0.0,0.0,0.0,0.0,0.0,0.0,0.0,0.0,0.0,0.0,0.0,0.0,0.0,0.0,0.0
2020-07-04,9.0,6.0,0.0,0.0391544550215152,0.02429322722416905,0.017017614974614955,0.03890140674046566,0.163578836659539,0.0439199814114468,0.0829135927515588,0.03458211530491763,0.04236017400106447,0.00035642010632568185,0.06052949530035229,0.044491037680314996,0.021126280076863516,0.020290943220868746,0.002027672393620446,0.012114102420827798,0.04493284208891653,0.007171883454056514,0.0,0.6997620808314381,0.056514332549689926,0.0,0.0,0.0,0.0,0.0,0.0,0.0,0.0,0.0,0.0,0.0,0.0,0.0,0.0,0.0,0.0,0.0,0.0,0.0,0.0
2020-07-05,9.0,6.0,0.0,0.01588092805932089,0.009046111600365489,0.010072099601512903,0.0779195229016353,0.15210527740320312,0.10707046904605062,0.03475417428122539,0.11719472668662517,0.010918567383633015,0.004809555419600007,0.014390586631515207,0.03807018309542723,0.011460418223867577,0.040922471476308044,0.007024371956544668,0.028097880136460692,0.003593599658673817,0.015493113162844897,0.02660872199367134,0.7254327787184853,0.06969472167315126,0.0,0.0,0.0,0.0,0.0,0.0,0.0,0.0,0.0,0.0,0.0,0.0,0.0,0.0,0.0,0.0,0.0,0.0,0.0,0.0
2020-07-06,9.0,6.0,0.0,0.06624918596849849,0.002859456143365864,0.041636405890639605,0.045097568338827755,0.04347790273241793,0.07110735766792317,0.15360885180891082,0.09081545684479932,0.03613152549096933,0.0,0.07777309808789525,0.06951245905682578,0.03398374188234148,0.031706909150383704,0.0351672802688759,0.04050525719464582,0.04026848350969222,0.015559087338939565,0.02698342324640187,0.9704683010223524,0.03251317095922852,0.0,0.0,0.0,0.0,0.0,0.0,0.0,0.0,0.0,0.0,0.0,0.0,0.0,0.0,0.0,0.0,0.0,0.0,0.0,0.0
2020-07-07,8.0,5.0,0.0,0.005578427843542583,0.01762791094800485,0.013530183476311321,0.009510104241271336,0.08037929495220451,0.18955406603012542,0.12527944286679457,0.08691863948474633,0.06848036162498679,0.01573092314833072,0.05885736308689829,0.02053114337315507,0.023605531241064542,0.00021684373798071688,0.018402394980542858,0.019750019284171947,0.01618083872346105,0.05649722905786236,0.016258549983445413,0.8627703404008519,0.02917161794659346,0.0,0.0,0.0,0.0,0.0,0.0,0.0,0.0,0.0,0.0,0.0,0.0,0.0,0.0,0.0,0.0,0.0,0.0,0.0,0.0
2020-07-08,8.0,5.0,1.0,0.014352223265150376,0.013353444865659862,0.001034383266270122,0.030604547762150908,0.16548601199674356,0.04997133521834615,0.05430899438894328,0.1130558918058371,0.09152968595369657,0.0,0.05807050673712462,0.11523057110086625,0.06202138681360522,0.008030023294468155,0.021367190730387196,0.03273050112218104,0.027472370597048244,0.006350514344331928,0.013977612054594628,0.8888818003358956,0.042013623600043556,0.0,0.0,0.0,0.0,0.0,0.0,0.0,0.0,0.0,0.0,0.0,0.0,0.0,0.0,0.0,0.0,0.0,0.0,0.0,0.0
2020-07-09,9.0,5.0,0.0,6.849987595839333e-05,0.011666860621376613,0.03933268368121297,0.09753743911197726,0.08980219704829788,0.05646139201875887,0.07864147796341528,0.09750306761418195,0.1044829242599221,0.07997270677432713,0.055959495010523885,0.044347526620833244,0.017522865309468356,0.0272886440344322,0.04241915217828715,0.011100987982781745,0.02614883171167036,0.01879218283585285,0.0069371822579453665,0.9059861169112235,0.1165537112306948,0.0,0.0,0.0,0.0,0.0,0.0,0.0,0.0,0.0,0.0,0.0,0.0,0.0,0.0,0.0,0.0,0.0,0.0,0.0,0.0
2020-07-10,8.0,5.0,0.0,0.025380417194794728,0.038899038032224276,0.06417195433285643,0.03401360262521429,0.035196314505228546,0.036410840722621726,0.062339009286336795,0.0830957676591568,0.10489242580690801,0.0,0.11191138931864357,0.01708561886646662,0.0760517205433355,0.028567110066317764,0.021496938302805777,0.01884585569790553,0.029690293092642046,0.02785855674074894,0.004990146673740238,0.8208969994679477,0.016838739046723127,0.0,0.0,0.0,0.0,0.0,0.0,0.0,0.0,0.0,0.0,0.0,0.0,0.0,0.0,0.0,0.0,0.0,0.0,0.0,0.0
2020-07-11,8.0,5.0,0.0,0.0004287584787749123,0.0032629021844890814,0.043528181206041905,0.02768574548829254,0.039947362781893536,0.06955094866168844,0.08273113809667586,0.04872623886770354,0.03757502427284757,0.005758036395839464,0.006028777644272736,0.062366305968462384,0.02380862782408268,0.002492360373637329,0.04058284235867924,0.005668500590331376,0.018169867243543265,0.007359344718833628,0.0,0.5256709631560894,0.07393992565176968,0.0,0.0,0.0,0.0,0.0,0.0,0.0,0.0,0.0,0.0,0.0,0.0,0.0,0.0,0.0,0.0,0.0,0.0,0.0,0.0
2020-07-12,8.0,5.0,0.0,0.013414224102554896,0.002164278209056559,0.03846400874405348,0.04170273309962254,0.01955216603123512,0.142061218709319,0.049895725375979555,0.056106699180967716,0.02137256677081547,0.06344005644077683,0.02107049073644037,0.03895303106732826,0.02298429637034943,0.01026067135158465,0.025613043308615645,0.00041891083183722317,0.0005598078102693313,0.004875095099042427,5.743516608153348e-05,0.5729664584059301,0.02342566255385954,0.0,0.0,0.0,0.0,0.0,0.0,0.0,0.0,0.0,0.0,0.0,0.0,0.0,0.0,0.0,0.0,0.0,0.0,0.0,0.0
2020-07-13,8.0,5.0,0.0,0.0056752287742807845,0.010241264928158415,0.04048314154904062,0.03620056188736008,0.12628145028840201,0.11221973773171967,0.09275354268081616,0.10624285672574521,0.08410162481022679,0.021165337604915457,0.09683886286818422,0.04232184971827557,0.035770272931305525,0.07975356017110456,0.02545220748235883,0.019625178746858925,0.022672718900582374,0.009734367354556517,0.009192018679203027,0.9925200156590924,0.053132878365466804,0.0,0.0,0.0,0.0,0.0,0.0,0.0,0.0,0.0,0.0,0.0,0.0,0.0,0.0,0.0,0.0,0.0,0.0,0.0,0.0
2020-07-14,8.0,4.0,0.0,0.03310821707752099,0.07849306064505462,0.026773282022789203,0.08639801198942315,0.07573925292522259,0.08370721303280006,0.07021688992981681,0.06828143866850356,0.04972534595014528,0.02832936008225432,0.07338672179395705,0.021864166177926088,0.023030197740790077,0.027189360953677095,0.04196041408904962,0.024693146886341142,0.0225018896688129,0.01087670008633922,0.04661312892175365,0.8928877986421775,0.029394601326715664,0.0,0.0,0.0,0.0,0.0,0.0,0.0,0.0,0.0,0.0,0.0,0.0,0.0,0.0,0.0,0.0,0.0,0.0,0.0,0.0
2020-07-15,8.0,4.0,0.0,0.03909368907061995,0.008820972677094648,0.025554066588372032,0.06864670806398317,0.1593581120020419,0.06823002265623336,0.14658921599549476,0.18187419643361746,0.032700699970723196,0.023491364105606528,0.09901496797061576,0.08877209050489834,0.029314966586557203,0.05032972414038466,0.01842666412246574,0.015902346827471638,0.007765462758436051,0.010126342020689062,0.011418945049910298,1.0854305575452157,0.012479446122799782,0.0,0.0,0.0,0.0,0.0,0.0,0.0,0.0,0.0,0.0,0.0,0.0,0.0,0.0,0.0,0.0,0.0,0.0,0.0,0.0
2020-07-16,8.0,4.0,0.0,0.09274683566664582,0.009678301905850735,0.01165890259835471,0.10948239841522589,0.10567028333859557,0.060663372091634714,0.054697395360097295,0.08870243449119258,0.10813783491154197,0.012971456579347484,0.09879618406680846,0.07912203611012805,0.05553569287753106,0.05237218744602042,0.03220254290436604,0.03026939208986819,0.0557574042396559,0.002023422084786855,0.006153065342935102,1.0666411425205868,0.016946845042767892,0.0,0.0,0.0,0.0,0.0,0.0,0.0,0.0,0.0,0.0,0.0,0.0,0.0,0.0,0.0,0.0,0.0,0.0,0.0,0.0
2020-07-17,8.0,4.0,0.0,0.035438106902411906,0.021703419925759942,0.007483503774164414,0.037605375253855836,0.08329218837833768,0.11321840230556283,0.08550797867786462,0.04540601307585014,0.027319536511695865,0.0003182296370090978,0.03816853116748349,0.0516459826760584,0.008885377846820072,0.023051603611943566,0.04678190306321568,0.011509287463759012,0.01972879650345776,0.0033916705260518282,0.028797675471494394,0.6922548663987166,0.021221014150805417,0.0,0.0,0.0,0.0,0.0,0.0,0.0,0.0,0.0,0.0,0.0,0.0,0.0,0.0,0.0,0.0,0.0,0.0,0.0,0.0
2020-07-18,8.0,4.0,0.0,0.01686732584739277,0.0020031047534116446,0.016774081436398438,0.08071881940049158,0.08328591934974414,0.0579230283028187,0.08630933659356857,0.07797887838541472,0.03051278850246616,0.02200474230951017,0.011809297661482913,0.03568726714388016,0.010868100980692946,0.002408660995216132,0.005813882778128022,0.0005057744833214917,0.0015341282680314213,0.0,0.0009588075374679797,0.5439639447294379,0.008160053838623652,0.0,0.0,0.0,0.0,0.0,0.0,0.0,0.0,0.0,0.0,0.0,0.0,0.0,0.0,0.0,0.0,0.0,0.0,0.0,0.0
2020-07-19,8.0,4.0,0.0,0.030727358788261282,0.018668372934685408,0.0006342533422486898,0.04081781926769626,0.08170556347219873,0.07216853527206425,0.04466412373372845,0.020636588185411302,0.024092086299544284,0.00784136467262524,0.03904744814858201,0.008526978277709586,0.014144607227080707,0.0028028275967793676,0.0050184436313115725,0.005790861758114656,0.005190914920986657,0.01804820849176911,0.0013961294501314884,0.44192248547092905,0.029030766899159847,0.0,0.0,0.0,0.0,0.0,0.0,0.0,0.0,0.0,0.0,0.0,0.0,0.0,0.0,0.0,0.0,0.0,0.0,0.0,0.0
2020-07-20,8.0,4.0,0.0,0.0654917770980635,0.007586751320834485,0.008254948105586895,0.14261544210778945,0.2487226249724638,0.1219523495858036,0.158701900574245,0.10711049605761279,0.11904301383582407,0.005488704085736144,0.11671946610465425,0.060118512013423046,0.05899914527229537,0.07065379802238926,0.08237377555738204,0.0357308422722593,0.06031569531539245,0.0007585077094802366,0.01326990948855549,1.4841642397131802,0.031056234560744276,0.0,0.0,0.0,0.0,0.0,0.0,0.0,0.0,0.0,0.0,0.0,0.0,0.0,0.0,0.0,0.0,0.0,0.0,0.0,0.0
2020-07-21,7.0,4.0,0.0,0.02612187276003721,0.005054223553945686,0.026598623228965407,0.1398629188681662,0.14918026039549925,0.10990811996120911,0.09043987209220798,0.1146621838138471,0.03212911656871845,0.04212197222861549,0.08162633210469003,0.06437536279628389,0.033635148239258915,0.023149906056514194,0.04549643491905261,0.03280557581737319,0.020464206492170782,0.006438308943090667,0.0104242765593492,1.0544947153989954,0.011881941883552866,0.0,0.0,0.0,0.0,0.0,0.0,0.0,0.0,0.0,0.0,0.0,0.0,0.0,0.0,0.0,0.0,0.0,0.0,0.0,0.0
2020-07-22,7.0,4.0,0.0,0.0033098482546747585,0.009287073863491015,0.04720804249904056,0.12158692743684187,0.1122604529370724,0.13836306586132321,0.06827644392079696,0.053871734908408936,0.07106442791367437,0.03997219553210633,0.1001453067057094,0.11308849753822074,0.016208663585651883,0.057302762749746744,0.01476983624808056,0.05699764579238682,0.036681414023252666,0.00274699734394649,0.018060960593457822,1.0812022977078835,0.008500743039315514,0.0,0.0,0.0,0.0,0.0,0.0,0.0,0.0,0.0,0.0,0.0,0.0,0.0,0.0,0.0,0.0,0.0,0.0,0.0,0.0
2020-07-23,7.0,4.0,0.0,0.03162308032001143,0.01715202100271001,0.0026466559156424468,0.08227963570460262,0.0845636259700393,0.08978435909007901,0.08612022669850294,0.0733451967255637,0.08231222877958344,0.010346643153349558,0.06071987932489853,0.10702991021313021,0.03882021129457034,0.020593604017695683,0.046261976117765544,0.01857309118360789,0.006478558863099763,0.001978658160085386,0.0337723532743882,0.8944019158093259,0.00935125007203894,0.0,0.0,0.0,0.0,0.0,0.0,0.0,0.0,0.0,0.0,0.0,0.0,0.0,0.0,0.0,0.0,0.0,0.0,0.0,0.0
2020-07-24,7.0,3.0,0.0,0.05536912573498025,0.025296708804671574,0.08531012619887668,0.14112251110309437,0.07616869230493348,0.15921991302722163,0.09439053048294894,0.15262796256813796,0.13930852821189005,0.02765010041298837,0.04163756685591576,0.05915923038810149,0.034295901046730845,0.07002762126880752,0.04781630016260155,0.032604236771659204,0.021792344366949275,0.05797567703975186,0.040010205762421674,1.3617832825126825,0.004496078316393081,0.0,0.0,0.0,0.0,0.0,0.0,0.0,0.0,0.0,0.0,0.0,0.0,0.0,0.0,0.0,0.0,0.0,0.0,0.0,0.0
2020-07-25,7.0,3.0,0.0,0.008687734476538006,0.02097298606860741,0.026497198515972195,0.07637380489993995,0.05616598893288028,0.023943921619790025,0.06460034126800282,0.0997683181787265,0.041224090399291716,0.025099046419893696,0.018273819277511164,0.04868905142028485,0.037311649567496344,0.02489452240211005,0.0,0.01129634051087345,0.010068709763907233,0.016340139432575326,0.005899602941212429,0.6161072660956133,0.0062991953588142895,0.0,0.0,0.0,0.0,0.0,0.0,0.0,0.0,0.0,0.0,0.0,0.0,0.0,0.0,0.0,0.0,0.0,0.0,0.0,0.0
2020-07-26,7.0,3.0,0.0,0.019547613434120287,0.011186854615786428,0.01047173839099798,0.06325829319103339,0.08645088506232027,0.13939126500442767,0.04233459138380708,0.03639058485430978,0.082010708582354,0.004134556955774263,0.05302155750037399,0.03370806914508204,0.006215465219580544,0.031156619447361443,0.010174795723885282,0.008187457252382294,0.0,0.027739500085641508,0.005404991252462142,0.6707855471017004,0.027178722433387058,0.0,0.0,0.0,0.0,0.0,0.0,0.0,0.0,0.0,0.0,0.0,0.0,0.0,0.0,0.0,0.0,0.0,0.0,0.0,0.0
2020-07-27,7.0,3.0,0.0,0.0348732817708878,0.0389702735211428,0.06355795733865302,0.1037345537045293,0.14752196826555747,0.16079968218755164,0.12081244650609203,0.10900307633349635,0.10513638516907675,0.05302123361247474,0.096827455634847,0.028663162366268514,0.1033568328644343,0.02818672483129929,0.06968289325194836,0.0014652560360287825,0.030473915658055843,0.013463571500296026,0.0028234768947648274,1.3123741474474049,0.02709805887738123,0.0,0.0,0.0,0.0,0.0,0.0,0.0,0.0,0.0,0.0,0.0,0.0,0.0,0.0,0.0,0.0,0.0,0.0,0.0,0.0
2020-07-28,7.0,2.0,0.0,0.041007383187840925,0.015587701826642878,0.040779563492209604,0.17626050677697386,0.28285972610139687,0.1081533887520455,0.1345718401535779,0.12655778976111165,0.08318219680578007,0.04964539419796321,0.039270146615820185,0.10421423214660802,0.03172120466307773,0.06593228161828948,0.03430492607771472,0.00772844669536085,0.03187577765774672,0.006627206312567695,0.012059532736338145,1.3923392455790657,0.009308064032935071,0.0,0.0,0.0,0.0,0.0,0.0,0.0,0.0,0.0,0.0,0.0,0.0,0.0,0.0,0.0,0.0,0.0,0.0,0.0,0.0
2020-07-29,7.0,1.0,0.0,0.060356148312105055,0.006216436973408362,0.045365175427390325,0.0761292006023982,0.11427497274952553,0.1438734210290048,0.14600956398517712,0.11100402336942589,0.11317848613165003,0.014794125662789856,0.04657077067379388,0.10949755034857346,0.06587316662937172,0.0386942930999626,0.06557740374355844,0.037801650590504034,0.0264440325177286,0.013157385462109015,0.0057419221154415695,1.2405597294239186,0.004367594937692253,0.0,0.0,0.0,0.0,0.0,0.0,0.0,0.0,0.0,0.0,0.0,0.0,0.0,0.0,0.0,0.0,0.0,0.0,0.0,0.0
2020-07-30,7.0,1.0,0.0,0.06792500347926538,0.027873782518692942,0.010259286800207254,0.08706484080043786,0.19284845816600613,0.17593508364858088,0.09227260137262017,0.11697344849763143,0.09242216787922758,0.025322316599187555,0.08707431344297029,0.10814255163801324,0.03191744568141687,0.03689868281391062,0.024344670948591628,0.003024489725376333,0.000827821106629733,0.016417575962801884,0.010309854943380065,1.2078543960249477,0.014782710653197315,0.0,0.0,0.0,0.0,0.0,0.0,0.0,0.0,0.0,0.0,0.0,0.0,0.0,0.0,0.0,0.0,0.0,0.0,0.0,0.0
2020-07-31,7.0,1.0,0.0,0.011967835347151533,0.02151117810401056,0.04418801122021382,0.09828891148155636,0.10505959828992845,0.04597783644912395,0.1035298322735045,0.13134746687419138,0.20241238517516214,0.018408795736223463,0.05656226311362531,0.07106690405583078,0.05034982300011814,0.0023543762079366445,0.03310327824186245,0.014022490935183374,0.0009353545195511184,0.003099284888044383,0.007051004836160313,1.0212366307493785,0.013529893555184094,0.0,0.0,0.0,0.0,0.0,0.0,0.0,0.0,0.0,0.0,0.0,0.0,0.0,0.0,0.0,0.0,0.0,0.0,0.0,0.0
2020-08-01,7.0,1.0,0.0,0.015616277251964785,0.0,0.053321878685558245,0.05095873047904832,0.06494584128637677,0.06378730814489295,0.07465764848398115,0.11551694658587905,0.11884055403466642,0.0172195672485169,0.0320560301080965,0.07947472461253555,0.006873172095126575,0.02260521318720627,0.00396303087202835,0.002924491621218946,0.03193463123185895,0.008742962471138373,0.0,0.763439008400094,0.021829315633064547,0.0,0.0,0.0,0.0,0.0,0.0,0.0,0.0,0.0,0.0,0.0,0.0,0.0,0.0,0.0,0.0,0.0,0.0,0.0,0.0
2020-08-02,7.0,1.0,0.0,0.07103196916954867,0.013190847462044871,0.062263465533976714,0.08499076317689305,0.04657557280865442,0.0765350217445989,0.07167004549893813,0.03620567337497586,0.06760474153271162,0.02040455529734937,0.1115133033665894,0.025961355588712296,0.020379331948741516,0.0,0.029180799070094604,0.0007344734831278299,0.014967272805757104,0.016299942640410257,0.0,0.7976350392886646,0.007456518653473812,0.0,0.0,0.0,0.0,0.0,0.0,0.0,0.0,0.0,0.0,0.0,0.0,0.0,0.0,0.0,0.0,0.0,0.0,0.0,0.0
2020-08-03,7.0,1.0,0.0,0.038867581557150116,0.04247205890900604,0.08753218445209776,0.13897915181129653,0.201273786753847,0.2547548353274247,0.2129823508391538,0.08547152191178178,0.07380703221431834,0.0064990983613829505,0.10541627295170825,0.025233168425591316,0.03174644963086451,0.017473883487523684,0.011321816649850302,0.013577424361058948,0.08677868976780245,0.013767396880444193,0.041606528344836094,1.5036241850299088,0.0025720434622854447,0.0,0.0,0.0,0.0,0.0,0.0,0.0,0.0,0.0,0.0,0.0,0.0,0.0,0.0,0.0,0.0,0.0,0.0,0.0,0.0
2020-08-04,7.0,1.0,0.0,0.016528850293887995,0.06045105813478904,0.0725510631341378,0.12701864591302336,0.14197387706406406,0.09435453651741602,0.09435078677365383,0.08337988304626127,0.0770605838960444,0.010833238916294823,0.12092852109420055,0.17639706367087432,0.06386137081329643,0.023963306727700903,0.059277355332776865,0.0117112990697463,0.04780746419394811,0.014659795830438834,0.028922275350009567,1.3260309757725648,0.00010279737352710638,0.0,0.0,0.0,0.0,0.0,0.0,0.0,0.0,0.0,0.0,0.0,0.0,0.0,0.0,0.0,0.0,0.0,0.0,0.0,0.0
2020-08-05,7.0,1.0,0.0,0.025122112015412184,0.026265549529068448,0.06031232887684406,0.09132899009323621,0.18615783725667268,0.2504585232012365,0.24415433379947063,0.19614129456818882,0.028977070691829886,0.0,0.13519352542978313,0.07119445360415293,0.10544187930782756,0.0037697593008070678,0.012637924399931699,0.0008967370728820937,0.004481440096348302,0.0496705869975929,0.0195627729036435,1.511767119144929,0.0010217352732169714,0.0,0.0,0.0,0.0,0.0,0.0,0.0,0.0,0.0,0.0,0.0,0.0,0.0,0.0,0.0,0.0,0.0,0.0,0.0,0.0
2020-08-06,6.0,1.0,0.0,0.0340284039999708,0.03294912835528791,0.028302627371061324,0.08891047296826025,0.35981537673472014,0.11604599657751646,0.15665807699903112,0.12829576672741613,0.04162152282939042,0.008457861722355747,0.06786017720442214,0.09910747031759615,0.037905804276605386,0.07630610319876342,0.03492970930769533,0.015323203732787906,0.028614961183571937,0.028797276341912478,0.01670761317740644,1.4006375530257715,0.004477949616420166,0.0,0.0,0.0,0.0,0.0,0.0,0.0,0.0,0.0,0.0,0.0,0.0,0.0,0.0,0.0,0.0,0.0,0.0,0.0,0.0
2020-08-07,5.0,1.0,0.0,0.07658121583632846,0.05873505582249566,0.04829345441361203,0.13739266422217022,0.20189395641481084,0.2023482700657984,0.19196403348810973,0.08650345405138263,0.11705657604106265,0.0876835954510064,0.086405970050548,0.04868054147508166,0.10589645820584877,0.032348486955965185,0.04884828585573135,0.0,0.010099147911436322,0.0356360936318649,0.007240895808555838,1.5971889802573178,0.0,0.0,0.0,0.0,0.0,0.0,0.0,0.0,0.0,0.0,0.0,0.0,0.0,0.0,0.0,0.0,0.0,0.0,0.0,0.0,0.0
2020-08-08,5.0,1.0,0.0,0.0012911511543471775,0.06921125309833279,0.06394849982697788,0.12559265222292879,0.09384715322014522,0.20398201418065295,0.1425979257887216,0.0521058174592226,0.030982630200503646,0.06020665192121372,0.012301007022973933,0.04024279554881377,0.04049553044084632,0.023612903598933394,0.013494687832494938,0.012350905017158829,0.029078162522136894,0.004660157364307942,0.0,1.0200018984207124,0.002907345760854013,0.0,0.0,0.0,0.0,0.0,0.0,0.0,0.0,0.0,0.0,0.0,0.0,0.0,0.0,0.0,0.0,0.0,0.0,0.0,0.0
2020-08-09,5.0,1.0,0.0,0.013959556645463356,0.03559824294212164,0.059106134807003344,0.06068508569312267,0.08684342212524268,0.21112284185591826,0.05697631076357179,0.06547527632958312,0.11088866960724247,0.004021506789606119,0.10516520942880775,0.05223979337071569,0.015109912234031702,0.011356053192336322,0.024079652697797722,0.0006225177106288675,0.015613358588671399,0.005059399223696877,0.0013215160432047646,0.9352444600487665,0.023666261575409415,0.0,0.0,0.0,0.0,0.0,0.0,0.0,0.0,0.0,0.0,0.0,0.0,0.0,0.0,0.0,0.0,0.0,0.0,0.0,0.0
2020-08-10,5.0,1.0,0.0,0.10353349024263721,0.012573523778274606,0.16499130255605235,0.2781790955256588,0.37357137646622474,0.2975130094113707,0.25395496628839825,0.22256835915088977,0.10082695202029418,0.04354327115520301,0.17305055069639352,0.11482942407691109,0.05358229962531655,0.08076579974819056,0.025251092177514003,0.011967362892167929,0.02402928665305254,0.007409663459620788,0.02208861197029718,2.3760571675118323,0.017337777458368002,0.0,0.0,0.0,0.0,0.0,0.0,0.0,0.0,0.0,0.0,0.0,0.0,0.0,0.0,0.0,0.0,0.0,0.0,0.0,0.0
2020-08-11,5.0,1.0,0.0,0.005241106672647948,0.07179435868773243,0.09148668354005841,0.13070919343311127,0.20940824650905981,0.30284251958542335,0.24419025848145157,0.20865801036122947,0.04083066173230328,0.07918201158711845,0.063282709331407,0.14381452065054356,0.08071419575039562,0.03879168916537716,0.0032152722928175483,0.007376567934240678,0.01580974263064208,0.006722141677935807,0.0027996571510672773,1.7481524482415087,0.029738957708923153,0.0,0.0,0.0,0.0,0.0,0.0,0.0,0.0,0.0,0.0,0.0,0.0,0.0,0.0,0.0,0.0,0.0,0.0,0.0,0.0
2020-08-12,5.0,1.0,0.0,0.04232406175471495,0.12657523504498333,0.18636369407296355,0.37698994278730724,0.373842000846502,0.26902320690318876,0.2126907151877286,0.060373749361398464,0.12232329905374854,0.10745045506743144,0.09137464230292039,0.18660807186665276,0.05142850794581319,0.056880107474112644,0.010781166624964323,0.009688588833933788,0.03152481539726197,0.010506300016598451,0.0025720434622854443,2.3812535031887085,0.00536480686695279,0.0,0.0,0.0,0.0,0.0,0.0,0.0,0.0,0.0,0.0,0.0,0.0,0.0,0.0,0.0,0.0,0.0,0.0,0.0,0.0
2020-08-13,5.0,1.0,0.0,0.06279472856872327,0.045399114202667505,0.19666912668342476,0.16750592786770238,0.17609669945525744,0.16323100171729882,0.11804286473238038,0.16744247855846883,0.1845424347760529,0.02538609185023275,0.23765729591374668,0.05772969882852172,0.03702054501852937,0.045955043609241,0.049423836415973074,0.009642868076638594,0.013005352179563869,0.020789130670116805,0.01013246839774054,1.7884667075222807,0.01233767109887125,0.0,0.0,0.0,0.0,0.0,0.0,0.0,0.0,0.0,0.0,0.0,0.0,0.0,0.0,0.0,0.0,0.0,0.0,0.0,0.0
2020-08-14,5.0,1.0,0.0,0.03180701895227,0.0006178082272743579,0.06969283330963645,0.1569772953201717,0.19935201453895343,0.22573123479078908,0.16009395195391357,0.18858910701329995,0.15723954688362163,0.04457183427155795,0.08397242488173655,0.12351743923156427,0.018924533683787204,0.05460438964426688,0.01860510100537759,0.009942229035576122,0.033726897516736604,0.009239416106770742,0.002157815364165692,1.5893628917314695,0.005073359372475582,0.0,0.0,0.0,0.0,0.0,0.0,0.0,0.0,0.0,0.0,0.0,0.0,0.0,0.0,0.0,0.0,0.0,0.0,0.0,0.0
2020-08-15,5.0,1.0,0.0,0.10533225356911488,0.09047361513527435,0.15391232843211988,0.0921429906780517,0.22913160963183277,0.15623804771262834,0.153858942959878,0.10801799767310553,0.0733125771474357,0.058279226337501946,0.044830332424394284,0.02279145514345766,0.014992525676143597,0.023173650860985093,0.013803605544977053,0.01421427395723138,0.008062953743645003,0.0006348283052363922,0.0,1.3632032149330136,0.0034200684013680274,0.0,0.0,0.0,0.0,0.0,0.0,0.0,0.0,0.0,0.0,0.0,0.0,0.0,0.0,0.0,0.0,0.0,0.0,0.0,0.0
2020-08-16,5.0,1.0,0.0,0.0093991614956423,0.03759420177980046,0.09323519173865905,0.11189275125934273,0.21000301950113734,0.13491577136735824,0.13629222337390423,0.13537379649218437,0.030571926394392254,0.054188720851439935,0.024648869358369022,0.034309412934094716,0.0395656959696796,0.018412809703183514,0.005428848348395261,0.006778839694058534,0.0,0.0009254077292617719,0.0038181240977897954,1.087354772088693,0.0025720434622854447,0.0,0.0,0.0,0.0,0.0,0.0,0.0,0.0,0.0,0.0,0.0,0.0,0.0,0.0,0.0,0.0,0.0,0.0,0.0,0.0
2020-08-17,4.0,1.0,0.0,0.07913551874841865,0.0717466958591375,0.13402901475777937,0.33438905046449635,0.36464587203373916,0.31186014877967944,0.2628013841271542,0.1701397128020386,0.13101555516366026,0.03522424018949071,0.1460626600601317,0.14076478735278808,0.09611550978402991,0.017180738021045274,0.020005046520818377,0.004623748342166587,6.442947459687129e-05,0.0037139927307244776,0.002621886344206253,2.3261399915561016,0.012383538674000879,0.0,0.0,0.0,0.0,0.0,0.0,0.0,0.0,0.0,0.0,0.0,0.0,0.0,0.0,0.0,0.0,0.0,0.0,0.0,0.0
2020-08-18,4.0,1.0,0.0,0.04067185709889755,0.04904706895870866,0.2344342950889035,0.2943967971503779,0.4165558288412823,0.23647315999815777,0.24883193951964266,0.3018939257488739,0.17471949355240307,0.12390667826462642,0.09194682377333949,0.19155689373467777,0.12507096530332895,0.061833569225749035,0.013360554673630436,0.025342910187767118,0.015260960890712594,0.0037365457922738984,0.0029523424587585756,2.651992610262112,0.018157047552373726,0.0,0.0,0.0,0.0,0.0,0.0,0.0,0.0,0.0,0.0,0.0,0.0,0.0,0.0,0.0,0.0,0.0,0.0,0.0,0.0
2020-08-19,4.0,1.0,0.0,0.003733829371995039,0.0067104550497278145,0.11869436879859163,0.21558194227727012,0.3040605208589956,0.3123431274833989,0.20655683076526077,0.11937821148839185,0.0895153131248986,0.014814282519381898,0.0809009997308568,0.16501239875722387,0.048479077555501536,0.032366895664410866,0.0031311216612189136,0.0224841216151726,0.014927966670096752,0.02265918952066185,0.012365021421203586,1.8045562347078414,0.0,0.0,0.0,0.0,0.0,0.0,0.0,0.0,0.0,0.0,0.0,0.0,0.0,0.0,0.0,0.0,0.0,0.0,0.0,0.0,0.0
2020-08-20,4.0,1.0,0.0,0.04658494081341745,0.09212666662227645,0.26471122055190155,0.3250514710675385,0.4110641430822448,0.3979525576230038,0.2638483799399604,0.2037915987458539,0.19181220287853218,0.012730577983754229,0.23412136683804483,0.11899447273117811,0.09434702817665401,0.022980990619665888,0.011809238781330332,0.023859449517228196,0.012604225663826372,0.018393866653029924,0.009625560737985924,2.756666539240816,0.0040591648409721475,0.0,0.0,0.0,0.0,0.0,0.0,0.0,0.0,0.0,0.0,0.0,0.0,0.0,0.0,0.0,0.0,0.0,0.0,0.0,0.0
2020-08-21,4.0,1.0,0.0,0.11765183276587353,0.054048406556075186,0.1761601875348709,0.26424572400133495,0.3815956515304083,0.25256842543925695,0.15926783686034407,0.11559917100298099,0.11845150276565136,0.02551129103716689,0.13614164258366046,0.0668361559576205,0.046797727082948784,0.05340284780901744,0.013033928313730441,0.01605701725090099,0.03187600778603156,0.016319452720976582,0.018811209288827277,2.0643760182876774,0.0,0.0,0.0,0.0,0.0,0.0,0.0,0.0,0.0,0.0,0.0,0.0,0.0,0.0,0.0,0.0,0.0,0.0,0.0,0.0,0.0
2020-08-22,4.0,1.0,0.0,0.04925625134788576,0.0024537178891981325,0.26026869843518974,0.2575073523787305,0.24714614440840818,0.10716128053702949,0.12431131409539992,0.12486759035329406,0.14332929771276964,0.06573344001841527,0.0339213383238696,0.15915344233553766,0.09479746038688215,0.0016715324614541317,0.014576813177773696,0.00964198407321124,0.005536719745584974,0.016797442765307515,0.0,1.7197568854485417,0.0139447258829256,0.0,0.0,0.0,0.0,0.0,0.0,0.0,0.0,0.0,0.0,0.0,0.0,0.0,0.0,0.0,0.0,0.0,0.0,0.0,0.0
2020-08-23,4.0,1.0,0.0,0.024122459697478876,0.01673802527471712,0.18128472676961666,0.1562222162368455,0.21288358728484882,0.1698230881171264,0.2087120916265508,0.14278945516554062,0.10231114028896232,0.04784341282059798,0.08124182265933103,0.15826401389576672,0.051942965049667764,0.017221782136659813,0.024218161196856738,0.007993034003884883,0.011796901388388232,0.006422741949959965,0.0005621341972987508,1.622393759760099,0.005655523191742401,0.0,0.0,0.0,0.0,0.0,0.0,0.0,0.0,0.0,0.0,0.0,0.0,0.0,0.0,0.0,0.0,0.0,0.0,0.0,0.0
2020-08-24,4.0,1.0,0.0,0.07425268687646364,0.055088634964874324,0.22114067696223805,0.2527412576363691,0.38206538298780734,0.40214539322053344,0.2252639021024275,0.10455737417835545,0.11393936260019692,0.10557153100448666,0.21072436598634192,0.11618500324216577,0.09923699155668327,0.022168524524749524,0.01265764856182874,0.021409287536675328,0.013675451428679729,0.00010279737352710638,0.0030293683053943536,2.4389569246757183,0.0026026208848911013,0.0,0.0,0.0,0.0,0.0,0.0,0.0,0.0,0.0,0.0,0.0,0.0,0.0,0.0,0.0,0.0,0.0,0.0,0.0,0.0
2020-08-25,4.0,1.0,0.0,0.054172840134988645,0.013830554244815996,0.1993284867237718,0.25840028796153486,0.30077656972920236,0.2311834015437631,0.20881458743316678,0.21360012479891874,0.14832545384158996,0.051109343726798505,0.12733421674998902,0.1168273789971747,0.11828168242366052,0.009583630944474123,0.06382318543814042,0.04847065027672877,0.018816697203774324,0.019405041682595187,0.0068030633959568305,2.21984766467707,0.004420437370076762,0.0,0.0,0.0,0.0,0.0,0.0,0.0,0.0,0.0,0.0,0.0,0.0,0.0,0.0,0.0,0.0,0.0,0.0,0.0,0.0
2020-08-26,4.0,1.0,1.0,0.07872017036614566,0.07861317759587386,0.25642017354912955,0.23239849975239618,0.42261976653990957,0.3810468576865622,0.2600922983269328,0.2136115760014916,0.09017196811605754,0.046517163157553554,0.08790237045852739,0.14354164602728187,0.06199126704248378,0.013354802548567189,0.01091642129933092,0.010631858949909895,0.015529238461379364,0.00951722697358069,0.004695787273741113,2.422640742101994,0.00010279737352710638,0.0,0.0,0.0,0.0,0.0,0.0,0.0,0.0,0.0,0.0,0.0,0.0,0.0,0.0,0.0,0.0,0.0,0.0,0.0,0.0
2020-08-27,5.0,2.0,0.0,0.07177154774336211,0.07412257036159632,0.2813509712555675,0.30986379857765445,0.49756799959597425,0.39109413506984714,0.30415294301238993,0.17875203702714199,0.04125872550109688,0.04453990141892964,0.1997295461999456,0.12522503193636747,0.08205036679357841,0.004694072554593273,0.035471799975157856,0.00879259898353396,0.003064519532632034,0.009603586783030901,0.001662399132081025,2.6912297993571013,0.0062992776539617015,0.0,0.0,0.0,0.0,0.0,0.0,0.0,0.0,0.0,0.0,0.0,0.0,0.0,0.0,0.0,0.0,0.0,0.0,0.0,0.0
2020-08-28,5.0,1.0,0.0,0.03898550756136283,0.08791596325140666,0.2350855427020792,0.2547118663261891,0.3207978969537907,0.3097686836627809,0.38134109553086964,0.1980946894066767,0.059623907514948844,0.10321793207985402,0.12321666565778176,0.12943644479359617,0.08545693955080651,0.0026415140810869095,0.04706825404085774,0.018494037224092232,0.021136372299236875,0.0007048570002691255,0.010783733559584265,2.4315191708332966,0.013379804288702588,0.0,0.0,0.0,0.0,0.0,0.0,0.0,0.0,0.0,0.0,0.0,0.0,0.0,0.0,0.0,0.0,0.0,0.0,0.0,0.0
2020-08-29,5.0,1.0,0.0,0.07154696280651501,0.06694747284386036,0.27837292603858793,0.2831172369824753,0.2287302771744853,0.2751776384276285,0.13010242510694797,0.24352134538872172,0.032188010500075984,0.15463832506150024,0.09779355950750487,0.1581015663265438,0.03473588204363147,0.01840470769611096,0.02539650595765696,0.011150565796048496,0.012778698844015484,0.001169181286230875,0.004252994223109797,2.130608478032575,0.01177006222282178,0.0,0.0,0.0,0.0,0.0,0.0,0.0,0.0,0.0,0.0,0.0,0.0,0.0,0.0,0.0,0.0,0.0,0.0,0.0,0.0
2020-08-30,5.0,1.0,0.0,0.09431491810661956,0.09959359442643405,0.2503078715793438,0.14853165693580556,0.20446959520957508,0.2355876317272936,0.1521752045584126,0.12390483524575674,0.19281516013155173,0.06217763679212067,0.23007607397567265,0.13351606239547587,0.04231233962260076,0.026135341174767634,0.012759498446865539,0.006876168306044577,0.013336769643267623,0.0,0.0,2.0623612641425066,0.0,0.0,0.0,0.0,0.0,0.0,0.0,0.0,0.0,0.0,0.0,0.0,0.0,0.0,0.0,0.0,0.0,0.0,0.0,0.0,0.0
2020-08-31,5.0,1.0,0.0,0.090064898709395,0.1488595855375649,0.2561243141444513,0.39008266330481356,0.24202360658243532,0.20351976155316553,0.16743558260658198,0.13745799114072782,0.18970515493425588,0.1646038347223561,0.16646162271702986,0.1079540621033914,0.04810043625543747,0.06654402307027713,0.026979231359079366,0.0006808469754462614,0.0025341815592887294,0.0,0.008449394666625287,2.4175811919423227,0.022723532224516757,0.0,0.0,0.0,0.0,0.0,0.0,0.0,0.0,0.0,0.0,0.0,0.0,0.0,0.0,0.0,0.0,0.0,0.0,0.0,0.0
2020-09-01,5.0,1.0,1.0,0.048563145344889314,0.09291811233452754,0.18459010285176547,0.32418903594482396,0.4834067417286675,0.5335613346168782,0.42470844558467197,0.28282377452198426,0.3658830784921427,0.001780847801678856,0.23583682401674544,0.2369622442962143,0.06511289310531473,0.06347329974301819,0.03798449710975836,0.03918267315385152,0.020512713944579077,0.010564514130494747,0.0336598934195023,3.5358037417612977,0.0002979998948235665,0.0,0.0,0.0,0.0,0.0,0.0,0.0,0.0,0.0,0.0,0.0,0.0,0.0,0.0,0.0,0.0,0.0,0.0,0.0,0.0
2020-09-02,6.0,2.0,0.0,0.11701210371677018,0.16542973865076127,0.3635390153562485,0.5559275706898608,0.5604663817193223,0.47482210073111164,0.4054296279840419,0.33853511880531567,0.48070757004753223,0.11792572368980722,0.3614487579396881,0.23948869754567215,0.24572153903630065,0.0657308267076901,0.08199036469521939,0.031604559668919896,0.020360250699079645,0.05860610648038099,0.02262090093566553,4.70943246114837,0.008405745066065864,0.0,0.0,0.0,0.0,0.0,0.0,0.0,0.0,0.0,0.0,0.0,0.0,0.0,0.0,0.0,0.0,0.0,0.0,0.0,0.0
2020-09-03,6.0,2.0,0.0,0.15883700183549898,0.12145817495669922,0.22145944209751722,0.438209303015966,0.5111376673306774,0.47008947030987797,0.4624939786049505,0.36931094268540665,0.23253451941143932,0.12277516380513002,0.2787003785935906,0.23855788292954141,0.10891979150592858,0.028601400711421855,0.04931578436030319,0.04114665301372254,0.023885754010584966,0.03710709044440503,0.024203416349614995,3.938743815972276,0.04095717131337815,0.0,0.0,0.0,0.0,0.0,0.0,0.0,0.0,0.0,0.0,0.0,0.0,0.0,0.0,0.0,0.0,0.0,0.0,0.0,0.0
2020-09-04,6.0,2.0,0.0,0.2540790973548751,0.2113855797299248,0.17612210398371628,0.5155051771764384,0.5703804452501336,0.5871785768499735,0.4100745943075771,0.3721307526399344,0.4528561808351135,0.1271160319960068,0.19894988456999338,0.34252492150762653,0.2412283437656568,0.15391142429262045,0.10315265840007556,0.03142612830129253,0.054967080889813294,0.014763110587921683,0.006169595141404343,4.831306506006574,0.008336848373570205,0.0,0.0,0.0,0.0,0.0,0.0,0.0,0.0,0.0,0.0,0.0,0.0,0.0,0.0,0.0,0.0,0.0,0.0,0.0,0.0
2020-09-05,5.0,2.0,0.0,0.07142431703882729,0.08768341233232432,0.14871978950243078,0.3594249304802792,0.35502056077580735,0.41577182637480137,0.33435147094842654,0.3017438579603999,0.26240733060096094,0.12392766976138772,0.15492409024402237,0.19406549197249082,0.09911009208181415,0.020067545236662238,0.024070305164835507,0.005277702665030125,0.024331880901978842,0.014765706940077533,0.005866136691749361,3.002954117674306,0.0,0.0,0.0,0.0,0.0,0.0,0.0,0.0,0.0,0.0,0.0,0.0,0.0,0.0,0.0,0.0,0.0,0.0,0.0,0.0,0.0
2020-09-06,4.0,2.0,0.0,0.05290323524543984,0.07215889494235675,0.09423074567966629,0.3479921791857044,0.41815656485703884,0.33561620358843464,0.24322970547182285,0.27265609405441094,0.32600449213163607,0.1836714131676802,0.12174366552304575,0.07600099419864562,0.056626195528633974,0.10076509525831275,0.057076200153442044,0.014690552547657344,0.01933425777078198,0.0059530553480902585,0.0051923911799959446,2.8060674418817784,0.02067725104961219,0.0,0.0,0.0,0.0,0.0,0.0,0.0,0.0,0.0,0.0,0.0,0.0,0.0,0.0,0.0,0.0,0.0,0.0,0.0,0.0
2020-09-07,4.0,2.0,0.0,0.14316349264565378,0.16436162806511037,0.35649426820773483,0.6159041632526507,0.6609089538839179,0.7823565004243942,0.6673776081126607,0.46623577391841653,0.3947407976646956,0.24830348461709112,0.25598017021761243,0.2571394608916265,0.16204454426727266,0.11284308751525642,0.0720585680589694,0.042215007178402444,0.009711668254099132,0.016333528831805888,0.01038621426534686,5.5084240030069225,0.0,0.0,0.0,0.0,0.0,0.0,0.0,0.0,0.0,0.0,0.0,0.0,0.0,0.0,0.0,0.0,0.0,0.0,0.0,0.0,0.0
2020-09-08,4.0,2.0,0.0,0.07258656772996863,0.11674009148437645,0.30173431389967464,0.37730063728649704,0.43673793162443536,0.3342870549289153,0.3831473272821854,0.2621379546621142,0.31672548838943315,0.10363111969993938,0.28758918877619,0.21081125901684777,0.13775782448018903,0.06751958812916034,0.010613343785862527,0.05497796929612879,0.021134674604808702,0.017350815403345272,0.02632603718714875,3.539109187667221,0.0,0.0,0.0,0.0,0.0,0.0,0.0,0.0,0.0,0.0,0.0,0.0,0.0,0.0,0.0,0.0,0.0,0.0,0.0,0.0,0.0
2020-09-09,4.0,2.0,0.0,0.1351929829011189,0.23105420090956275,0.25679807134871424,0.4213112570060639,0.44875818440552445,0.5646976229222456,0.4455693510192617,0.3026211154445959,0.22974224397547685,0.19458923906284775,0.27652586819013214,0.26756751184342453,0.1409909730413265,0.04618909293119579,0.028152923561590826,0.025503772319320987,0.012327354201980917,0.00013210686195313823,0.023435995263452372,4.061448115546818,0.0,0.0,0.0,0.0,0.0,0.0,0.0,0.0,0.0,0.0,0.0,0.0,0.0,0.0,0.0,0.0,0.0,0.0,0.0,0.0,0.0
2020-09-10,4.0,2.0,0.0,0.17190599645058546,0.1989591984176312,0.2666311107561583,0.38826752727479436,0.5910909444857726,0.560050665205906,0.6028783464977666,0.4104858210309664,0.35789441558757995,0.28076092356161814,0.3581297442043756,0.25895981812613034,0.1654411576688594,0.08116138663517848,0.09163760884853385,0.057247582395172095,0.026971556511208212,0.03487982227194415,0.027334455163623983,4.966141091686994,0.003102567341650677,0.0,0.0,0.0,0.0,0.0,0.0,0.0,0.0,0.0,0.0,0.0,0.0,0.0,0.0,0.0,0.0,0.0,0.0,0.0,0.0
2020-09-11,4.0,2.0,0.0,0.13690102908945917,0.12806027615947524,0.30771739035311707,0.36710401931165226,0.5406065321737983,0.4858828093542914,0.3724271673669044,0.272675815395494,0.22136828087049737,0.05095944992295609,0.26426322959621495,0.23632852745503172,0.1605027119547706,0.042199335752107874,0.01382999809837768,0.03144190504164551,0.03533683428953632,0.006035908321891767,0.015918161778807324,3.689559382286029,0.0254405383294093,0.0,0.0,0.0,0.0,0.0,0.0,0.0,0.0,0.0,0.0,0.0,0.0,0.0,0.0,0.0,0.0,0.0,0.0,0.0,0.0
2020-09-12,3.0,2.0,0.0,0.1498138278485598,0.1284701976623142,0.18107017065278763,0.30541133953582134,0.2654582581047533,0.3434983688507752,0.3298565605085201,0.2274545772408014,0.1782183087674051,0.11749513852065441,0.19156674845841254,0.1277872764768078,0.11181001606118364,0.05782763631274896,0.04115447884296171,0.00907342697368376,0.00661040015183393,0.015974990831916686,0.0024629354268398147,2.7910146572287813,0.003763764624913971,0.0,0.0,0.0,0.0,0.0,0.0,0.0,0.0,0.0,0.0,0.0,0.0,0.0,0.0,0.0,0.0,0.0,0.0,0.0,0.0
2020-09-13,2.0,2.0,0.0,0.015225258918189485,0.06867928367445089,0.1416498799662309,0.1495074353688777,0.17318028105144787,0.09852167303035197,0.11711822796823157,0.13078308994116977,0.18692395459300162,0.018048470296320458,0.0843070516918292,0.11927019933325368,0.05066147401648376,0.03868978871323317,0.033415221799673864,0.03220366197237988,0.0013239829996714721,0.003926614055017687,0.002177864957655818,1.4656134143474708,0.012252306098009622,0.0,0.0,0.0,0.0,0.0,0.0,0.0,0.0,0.0,0.0,0.0,0.0,0.0,0.0,0.0,0.0,0.0,0.0,0.0,0.0
2020-09-14,2.0,2.0,0.0,0.07052433691170673,0.14389610003867515,0.293954647017014,0.42919230526123464,0.4326494107130463,0.36124325840800564,0.27618116382485275,0.3905336645733999,0.2525965833373931,0.20876943341829352,0.2981115273242305,0.10386300149831881,0.08525780259292833,0.10189462557539233,0.031059945298692375,0.025894115893710087,0.04565430849131233,0.029508549308111236,0.010474002380267869,3.597650732821104,0.0008824358161993171,0.0,0.0,0.0,0.0,0.0,0.0,0.0,0.0,0.0,0.0,0.0,0.0,0.0,0.0,0.0,0.0,0.0,0.0,0.0,0.0
2020-09-15,2.0,2.0,0.0,0.04231841013551425,0.20390036421201013,0.1529465326342454,0.26359763456337015,0.3775409769511222,0.43118521992280073,0.35362879721064233,0.2680195625858239,0.3898079106380682,0.08693943999135842,0.24377565326581407,0.1303033599708538,0.17625530855192953,0.04031095547782436,0.04362353521427204,0.0334388331680793,0.015566830759841629,0.022921021565766305,0.013446419226432922,3.3331268409044763,0.0139984893225841,0.0,0.0,0.0,0.0,0.0,0.0,0.0,0.0,0.0,0.0,0.0,0.0,0.0,0.0,0.0,0.0,0.0,0.0,0.0,0.0
2020-09-16,2.0,2.0,0.0,0.1591834669617546,0.21568783783417947,0.2597223326840667,0.455020402884197,0.3722581419370331,0.40363602213791727,0.36420488102305437,0.33839025510549803,0.39749956854091434,0.16650872171847247,0.3325650952426665,0.26054543400784924,0.16668315677667683,0.04763628595460099,0.0692952166887004,0.06336498990112566,0.02696725516689271,0.0,0.008203721843820481,4.152088362947945,0.0171676074132659,0.0,0.0,0.0,0.0,0.0,0.0,0.0,0.0,0.0,0.0,0.0,0.0,0.0,0.0,0.0,0.0,0.0,0.0,0.0,0.0
2020-09-17,2.0,2.0,0.0,0.17450727389729484,0.13353718024510713,0.16711568845255942,0.3360998368147611,0.4414661944875244,0.43443807233202486,0.46846053354553685,0.27037562479189936,0.2544929761337377,0.14029768584148752,0.22572549143564835,0.22034840008614348,0.16281749318722502,0.023220048134247034,0.0259237572996625,0.03249490015609917,0.019646208318121743,0.010462854659769136,0.005215731150836139,3.5701878603797406,0.026829759545631285,0.0,0.0,0.0,0.0,0.0,0.0,0.0,0.0,0.0,0.0,0.0,0.0,0.0,0.0,0.0,0.0,0.0,0.0,0.0,0.0
2020-09-18,2.0,2.0,0.0,0.09875635114549963,0.25530341621134484,0.2197928554142069,0.5158510342352473,0.5415101438835073,0.565345144584547,0.5131854084150268,0.35860721835515663,0.35949962918373113,0.15113170117027058,0.384219952505597,0.287585066039285,0.1708960309790803,0.09494969758705411,0.04589976224277148,0.024777911104528885,0.01775767708087799,0.007906627536766086,0.006999255519248709,4.65507009617892,0.0051429009070149455,0.0,0.0,0.0,0.0,0.0,0.0,0.0,0.0,0.0,0.0,0.0,0.0,0.0,0.0,0.0,0.0,0.0,0.0,0.0,0.0
2020-09-19,2.0,2.0,0.0,0.13641323351535162,0.33682884525313417,0.2759546001193114,0.44441489593147065,0.48055365204740325,0.4137133498382156,0.32909365029410453,0.25137123131443145,0.3925382887897124,0.14021211308187692,0.2635532724418439,0.1716072428700431,0.07260752084873666,0.025057040292991776,0.022198661131959223,0.050215699708845526,0.006696940671200488,0.007725240123176913,0.0020084909244657396,3.8455145732243228,0.019431782708423846,0.0,0.0,0.0,0.0,0.0,0.0,0.0,0.0,0.0,0.0,0.0,0.0,0.0,0.0,0.0,0.0,0.0,0.0,0.0,0.0
2020-09-20,2.0,2.0,0.0,0.23771529165410138,0.2663071422971146,0.41044139592089646,0.40094114103833906,0.48777542706768795,0.4281083869592018,0.4372760002445535,0.19041453911007786,0.31898030095391117,0.2204337230383888,0.18252395720389966,0.29253547697482263,0.14039153189851447,0.14933324607490195,0.04070049050136729,0.016811269016037293,0.011718693828457256,0.006515342536102132,0.0026660912410437585,4.251304014185514,0.018090494331574558,0.0,0.0,0.0,0.0,0.0,0.0,0.0,0.0,0.0,0.0,0.0,0.0,0.0,0.0,0.0,0.0,0.0,0.0,0.0,0.0
2020-09-21,2.0,2.0,0.0,0.09791380151714829,0.24317196359301127,0.26300494905749344,0.48286929712136856,0.4473084261018897,0.5204988631650028,0.4662112637660538,0.36563108389866084,0.3364307760849433,0.1256069113199085,0.312495433501805,0.2718107476018288,0.22467691334968268,0.10254299125017123,0.04126060842198323,0.012088674277319286,0.01392548226123708,0.015747009542906816,0.004464818887902161,4.410012941071454,0.007353123806851892,0.0,0.0,0.0,0.0,0.0,0.0,0.0,0.0,0.0,0.0,0.0,0.0,0.0,0.0,0.0,0.0,0.0,0.0,0.0,0.0
2020-09-22,2.0,2.0,0.0,0.24776777259736357,0.2937197545467084,0.48420280604992166,0.6517520435191926,0.7543278259159162,0.7402652075997579,0.6269637925560505,0.6794438674398997,0.5288418745343614,0.04712195149339677,0.5654344783650774,0.21977259332557544,0.25122349330978666,0.10063314268496755,0.13879046979877183,0.07413858465254741,0.018478321384632772,0.017162366805384244,0.008145562817185422,6.520631036606621,0.02004426055395001,0.0,0.0,0.0,0.0,0.0,0.0,0.0,0.0,0.0,0.0,0.0,0.0,0.0,0.0,0.0,0.0,0.0,0.0,0.0,0.0
2020-09-23,2.0,2.0,0.0,0.4119740750034237,0.37751919342520984,0.48430591905398934,0.7219953797395713,0.8238821214613571,0.8431948978179984,0.6452322533042633,0.6924428589480346,0.3998659046710214,0.31235563422134244,0.5962616590850849,0.4585851045391381,0.29582724862333987,0.08706635657661191,0.10012594159332744,0.05661124604467831,0.021365761051764437,0.01639280230681085,0.003288054319088323,7.499230541251567,0.05801366591870317,0.0,0.0,0.0,0.0,0.0,0.0,0.0,0.0,0.0,0.0,0.0,0.0,0.0,0.0,0.0,0.0,0.0,0.0,0.0,0.0
2020-09-24,2.0,2.0,1.0,0.18558293288717323,0.22176378885715173,0.4273207470269064,0.5204510271920127,0.7485892125003439,0.7718979148050826,0.8763845946594057,0.5397651853099384,0.550217956335998,0.1098931708254185,0.5348676965341601,0.42564795329358,0.31207582010286244,0.07127391535672345,0.06172917832145696,0.02669417538954376,0.041613690372728024,0.011911428792027313,0.021491776725627607,6.603574508779559,0.029897070172810115,0.0,0.0,0.0,0.0,0.0,0.0,0.0,0.0,0.0,0.0,0.0,0.0,0.0,0.0,0.0,0.0,0.0,0.0,0.0,0.0
2020-09-25,3.0,3.0,0.0,0.2805179997414943,0.3305083451255023,0.4297156096769706,0.668688916576649,0.6199475968821683,0.7189045787127236,0.6409688523783954,0.7083904810714637,0.4425743843409879,0.24465565193874514,0.6476038267816403,0.4840404567945429,0.14689575215893957,0.14625382246057897,0.04857012019052323,0.05215382862549418,0.09458537950072449,0.022584185225314232,0.013559649508950217,6.790157033933731,0.02760983437831177,0.0,0.0,0.0,0.0,0.0,0.0,0.0,0.0,0.0,0.0,0.0,0.0,0.0,0.0,0.0,0.0,0.0,0.0,0.0,0.0
2020-09-26,3.0,3.0,0.0,0.20902145056215068,0.37996974252484056,0.37126579250343006,0.5312390619138521,0.546287539883989,0.7437264462752461,0.6587577161751259,0.602019080818163,0.3523841665889522,0.23715274107119294,0.38445329025556224,0.30943148551248656,0.12497040386988512,0.10123023085920807,0.08763060575806464,0.02049782536892939,0.029783988378087847,0.018561925607409394,0.001753648057500464,5.772256119787182,0.03192276833126466,0.0,0.0,0.0,0.0,0.0,0.0,0.0,0.0,0.0,0.0,0.0,0.0,0.0,0.0,0.0,0.0,0.0,0.0,0.0,0.0
2020-09-27,3.0,3.0,0.0,0.1808261960553938,0.37939529258999444,0.5771257067844769,0.593373106635814,0.6744958723595502,0.5851865683389577,0.6113221261647397,0.3725470128612036,0.4573336771286742,0.12600070995233376,0.49581908468422786,0.2396991165906119,0.22220736293691545,0.08439023607957971,0.06246849933108567,0.021522085161063277,0.03032083268589948,0.01034583360736461,0.009043419880163097,5.841526968246287,0.013109448211266927,0.0,0.0,0.0,0.0,0.0,0.0,0.0,0.0,0.0,0.0,0.0,0.0,0.0,0.0,0.0,0.0,0.0,0.0,0.0,0.0
2020-09-28,3.0,2.0,0.0,0.3440305685088699,0.2855658605680787,0.6049458071934477,0.7121334183128133,0.8424366694365878,0.950469904440823,0.8273835541308717,0.6656782527130028,0.5745962581712816,0.2787578216592143,0.6092700124232362,0.45672561557455527,0.42564374309320185,0.2537978416712169,0.07936783618556138,0.09024040384310861,0.04514150392031871,0.020720464268325973,0.015819342424050482,8.165624250932007,0.06768886066092566,0.0,0.0,0.0,0.0,0.0,0.0,0.0,0.0,0.0,0.0,0.0,0.0,0.0,0.0,0.0,0.0,0.0,0.0,0.0,0.0
2020-09-29,3.0,3.0,0.0,0.11602790607668867,0.2995739192569657,0.7744806497101205,0.8122994582334179,0.8325965867314956,0.8579773032371941,0.7823448614169817,0.8892009205314717,0.6895164223821345,0.15276066561035395,0.6784974453989374,0.5835613969380815,0.3502446852800918,0.27485922269224694,0.16020187528127822,0.03966663397706851,0.05598903143894933,0.031332296886172395,0.04052947725183107,8.57024875227162,0.05102479750588338,0.0,0.0,0.0,0.0,0.0,0.0,0.0,0.0,0.0,0.0,0.0,0.0,0.0,0.0,0.0,0.0,0.0,0.0,0.0,0.0
2020-09-30,3.0,2.0,0.0,0.37362950592685273,0.47984142821705195,0.9561587706830259,1.0037522727973158,1.1320331913503108,1.2106124091981165,1.1594199394121674,0.8872448709401797,0.9298203525640536,0.17122351778172562,0.9285986372190087,0.6252015684065173,0.2728905799832945,0.2309024394010472,0.15713877555318967,0.051427551822587576,0.06276940662033093,0.01017671082437625,0.004800474288079262,10.716275639199392,0.03816180413031262,0.0,0.0,0.0,0.0,0.0,0.0,0.0,0.0,0.0,0.0,0.0,0.0,0.0,0.0,0.0,0.0,0.0,0.0,0.0,0.0
2020-10-01,3.0,2.0,0.0,0.582746681514083,0.6628631546958634,1.00521301390159,1.0851668000856443,1.2052198285614284,1.28127168865857,1.115423943376818,1.0433965079019638,0.9397361979447496,0.25451924397715464,0.9138841425590406,1.0264334815591614,0.6395679521003657,0.3799081869385641,0.24867464450984775,0.1298361892383357,0.053792818852901304,0.08093979791589115,0.02558632387243815,12.746671378869916,0.03677464122803901,0.0,0.0,0.0,0.0,0.0,0.0,0.0,0.0,0.0,0.0,0.0,0.0,0.0,0.0,0.0,0.0,0.0,0.0,0.0,0.0
2020-10-02,3.0,2.0,1.0,0.4275563637912395,0.43625221471592335,1.003613103760454,1.1304118056021706,1.2052738667879217,1.2162782643759744,1.2640645586264585,1.16392690696749,1.0539890055161003,0.47115563796402427,1.0498027781594568,0.939740974951182,0.5562836220901852,0.3868154568692966,0.21626732270820323,0.12778301987807164,0.04704639819919605,0.04854462457444533,0.02774176047208558,12.813754111171807,0.02507312362527748,0.0,0.0,0.0,0.0,0.0,0.0,0.0,0.0,0.0,0.0,0.0,0.0,0.0,0.0,0.0,0.0,0.0,0.0,0.0,0.0
2020-10-03,3.0,3.0,0.0,0.4619211138488104,0.49199296695658484,0.8537615109507994,0.9330420312472386,0.9933150217319263,1.1253432424566199,0.971740655526819,0.8579208632095434,0.8530804681749418,0.18348492334248612,0.9272525411854383,0.5528882864103414,0.36207178993233385,0.2216763232337085,0.137686211886689,0.08121574531766997,0.016180320393094985,0.008043281278882005,0.007856395166366978,10.07337940067959,0.011688021683220548,0.0,0.0,0.0,0.0,0.0,0.0,0.0,0.0,0.0,0.0,0.0,0.0,0.0,0.0,0.0,0.0,0.0,0.0,0.0,0.0
2020-10-04,4.0,3.0,0.0,0.5649387682439009,0.4575155374279659,1.0125233039844226,0.9873351899372985,1.026300148158359,1.08438181272954,1.0518864373934984,1.0662056092025165,0.8930202822765331,0.30417844343481115,0.7783257653959528,0.6043747237963439,0.516629373695481,0.20086112035626674,0.16188360165067212,0.10506640231398037,0.091167748898487,0.016030684446752222,0.00717114805896367,10.938259925131398,0.020033860377841328,0.0,0.0,0.0,0.0,0.0,0.0,0.0,0.0,0.0,0.0,0.0,0.0,0.0,0.0,0.0,0.0,0.0,0.0,0.0,0.0
2020-10-05,4.0,2.0,1.0,0.6845837204551821,0.809927826765871,1.1870638690111008,1.3652700785243475,1.3605896271597373,1.4422202275886644,1.4735821303253298,1.3376225011379201,1.3725540768561413,0.5366178420316597,1.3640644093791596,1.094409133205676,0.7355428011531722,0.46862711722757544,0.29655584268295476,0.2305351586805441,0.058447502388158185,0.08607335491077557,0.026520877711105204,16.014312204860243,0.06608384793668609,0.0,0.0,0.0,0.0,0.0,0.0,0.0,0.0,0.0,0.0,0.0,0.0,0.0,0.0,0.0,0.0,0.0,0.0,0.0,0.0
2020-10-06,5.0,3.0,0.0,0.4844761696851019,0.61815990767443,1.1529717586957222,1.2722585727385158,1.3093514680413467,1.5060080283394888,1.3477019664532524,1.1894422170080277,1.1116712807181532,0.6679804470829396,1.2293969942259915,0.9724648083685117,0.5186936215029786,0.3885942156223685,0.20166658337199073,0.13308622797389766,0.07315429968618674,0.060364975967424864,0.021194183163833535,14.402468931321081,0.05961152305568053,0.0,0.0,0.0,0.0,0.0,0.0,0.0,0.0,0.0,0.0,0.0,0.0,0.0,0.0,0.0,0.0,0.0,0.0,0.0,0.0
2020-10-07,5.0,3.0,1.0,0.6645040112658185,1.1008988391621908,1.3998486204073994,1.496203440072662,1.6008535454604889,1.6428015762433823,1.6168281152542003,1.5495486530470028,1.397783775505136,0.6829091248044197,1.4085248817122602,1.2976177035256666,0.7984990891351664,0.5337593546846523,0.30904778649986264,0.14648794829257028,0.12298649407413573,0.10153038310542573,0.02362768382455627,17.923172865293857,0.04634766840896911,0.0,0.0,0.0,0.0,0.0,0.0,0.0,0.0,0.0,0.0,0.0,0.0,0.0,0.0,0.0,0.0,0.0,0.0,0.0,0.0
2020-10-08,6.0,4.0,0.0,0.7671593777623039,0.9498195087085788,1.3034423365358356,1.4394880552951859,1.5819998291378905,1.6843627148642517,1.6027300049016282,1.5311439845025903,1.339327230006814,0.7615828648485536,1.447760024986741,1.269463396407056,0.7631807903537703,0.43582199054428,0.3397564265984786,0.1901498035981689,0.14238555912883405,0.018133313868016844,0.033388238473777906,17.768960916513876,0.15170458320127875,0.0,0.0,0.0,0.0,0.0,0.0,0.0,0.0,0.0,0.0,0.0,0.0,0.0,0.0,0.0,0.0,0.0,0.0,0.0,0.0
2020-10-09,6.0,4.0,1.0,0.7224795631436175,0.8928296929903896,1.1321212266199319,1.3414104374638114,1.43417283783699,1.534282499012608,1.5727128069823524,1.3371773813403933,1.2648237766607158,0.5128805679255727,1.3006592933714982,1.0885367512002393,0.790468097032547,0.28011143652564713,0.28546939140530175,0.19070999222088547,0.05752135885259909,0.05049772319823561,0.031754676994195916,15.867990042918953,0.08926722323649165,0.0,0.0,0.0,0.0,0.0,0.0,0.0,0.0,0.0,0.0,0.0,0.0,0.0,0.0,0.0,0.0,0.0,0.0,0.0,0.0
2020-10-10,7.0,4.0,1.0,0.2772936800003448,0.5500874197902128,0.9386958087150834,0.9628904554934383,1.028607275170552,1.087722975892831,0.9906764144523866,0.9632817830219648,0.9928501042046541,0.3319505898940439,0.8936342612465784,0.6806971947962499,0.4248362349061792,0.23223758922033688,0.118656380076229,0.12520393421163908,0.04728629879981382,0.02262470957310751,0.006287945042271791,10.731391827147407,0.06054623553274483,0.0,0.0,0.0,0.0,0.0,0.0,0.0,0.0,0.0,0.0,0.0,0.0,0.0,0.0,0.0,0.0,0.0,0.0,0.0,0.0
2020-10-11,8.0,5.0,1.0,0.2639130192927513,0.3026166965601648,0.8615119148417776,0.8485670376021719,0.9334588868768923,1.0480312496440174,0.7761141702334224,0.8686866708624901,0.6992731538767872,0.3813768582130563,0.7018447414228299,0.5447954050042911,0.31965072899238767,0.21635199642032557,0.11826127632205115,0.09635350935287515,0.06104237120509989,0.03476547414310078,0.011846351016883465,9.088461511883377,0.03803427708081289,0.0,0.0,0.0,0.0,0.0,0.0,0.0,0.0,0.0,0.0,0.0,0.0,0.0,0.0,0.0,0.0,0.0,0.0,0.0,0.0
2020-10-12,9.0,6.0,2.0,0.7633738185337412,1.0137157088264914,1.3284492643375592,1.4142466148546124,1.6045244826313956,1.731353046440375,1.7581347053139227,1.633256747585514,1.6247315201567933,0.6548121459643341,1.450782798588182,1.1983884222153434,0.8976258835949514,0.4460619742745923,0.5025149501597855,0.13653926154134166,0.16436758612447666,0.07242961782716645,0.03747380481493519,18.521478023401148,0.0695068527919653,0.0,0.0,0.0,0.0,0.0,0.0,0.0,0.0,0.0,0.0,0.0,0.0,0.0,0.0,0.0,0.0,0.0,0.0,0.0,0.0
2020-10-13,10.0,7.0,0.0,0.9066159189763606,0.9595894096239678,1.2874276972255383,1.3851419842654427,1.612487304148613,1.7613198792442564,1.7429986444421548,1.6345887536124266,1.5828144276245895,0.7480318598524743,1.5787000435004237,1.2515222726757915,1.071464454169149,0.6772679791619998,0.3448496993082394,0.28776006648283886,0.16648360932176168,0.05328184101998166,0.04969720525821446,19.293561045791964,0.05759253737322176,0.0,0.0,0.0,0.0,0.0,0.0,0.0,0.0,0.0,0.0,0.0,0.0,0.0,0.0,0.0,0.0,0.0,0.0,0.0,0.0
2020-10-14,11.0,7.0,0.0,0.6444300144492562,0.980794741206892,1.400456820893596,1.5561989099421596,1.8051335428185926,1.9827967275522524,1.873198532352699,1.6644928790173736,1.5211018162035563,0.8481183368867176,1.5273971911308533,1.369132991189508,1.0557603009958068,0.7515243284533139,0.48580901827637846,0.21845086670657607,0.21262434921614393,0.11168972914638778,0.03349345047519176,20.174596064462943,0.05520089497944934,0.0,0.0,0.0,0.0,0.0,0.0,0.0,0.0,0.0,0.0,0.0,0.0,0.0,0.0,0.0,0.0,0.0,0.0,0.0,0.0
2020-10-15,11.0,7.0,0.0,1.0650843253596616,1.118322558991075,1.4423540044320626,1.6789842106074848,1.8933369892041843,2.135000779769486,2.0659692776617535,1.9750279066136511,1.7093246912770554,0.6293013946119268,1.795221115748348,1.3626687400294797,1.1996860091308243,0.5799063693298061,0.42330744297226985,0.2643840047386222,0.2281997240928876,0.11499419591173277,0.034485469424081955,21.8751526761383,0.08472546059494179,0.0,0.0,0.0,0.0,0.0,0.0,0.0,0.0,0.0,0.0,0.0,0.0,0.0,0.0,0.0,0.0,0.0,0.0,0.0,0.0
2020-10-16,9.0,5.0,0.0,0.6037442633330228,1.0346302937345533,1.3499889211902387,1.4946732983422522,1.704788999703185,1.8767243380134406,1.8755474206985556,1.756971223760927,1.5754915324259802,1.0221520899935104,1.5664952928201918,1.3412315973248736,0.9598837359308283,0.7472812973178916,0.463585664666153,0.22139720401957652,0.21220896383102333,0.10232724543372897,0.04863150153785982,20.12189874346901,0.14098579756977442,0.0,0.0,0.0,0.0,0.0,0.0,0.0,0.0,0.0,0.0,0.0,0.0,0.0,0.0,0.0,0.0,0.0,0.0,0.0,0.0
2020-10-17,9.0,6.0,0.0,0.5540795460602581,0.8296251584149507,0.9356874849992486,1.2626909496771037,1.359309844130973,1.337760876492527,1.5240082733660625,1.3263048697491306,1.182805670172722,0.7460330155368557,1.12848799146347,1.0090606448833113,0.5989820272046706,0.39548608435109606,0.3866378617250809,0.15705085412882688,0.14199811338456786,0.05298359302221521,0.018682358319021264,15.170174734810821,0.06203061008685188,0.0,0.0,0.0,0.0,0.0,0.0,0.0,0.0,0.0,0.0,0.0,0.0,0.0,0.0,0.0,0.0,0.0,0.0,0.0,0.0
2020-10-18,10.0,6.0,0.0,0.7784983825334766,0.8124398458116489,1.0485892230095522,1.1316970336131853,1.3684042300570862,1.4787784300372266,1.4525310562508948,1.2178795605116954,1.1847969354991574,0.5073330154761637,1.2125454647801255,0.9850898195393947,0.47315298227391583,0.4724868706934652,0.3192068912888011,0.1379968487446908,0.04370965081325981,0.04875623279306568,0.026130975089003913,14.869549525722142,0.032996660068423556,0.0,0.0,0.0,0.0,0.0,0.0,0.0,0.0,0.0,0.0,0.0,0.0,0.0,0.0,0.0,0.0,0.0,0.0,0.0,0.0
2020-10-19,10.0,6.0,1.0,1.4702974311202344,1.5942332582109375,1.7112235030411862,1.8993621245580865,2.2375672869076033,2.535698240886834,2.494166541898963,2.3052069029422184,2.1337323710543963,1.3517252531125976,2.190100955849954,1.895683730082147,1.3569417210721015,0.9031320952848076,0.8332574860188101,0.46960258376749603,0.19403952065697405,0.15127749841809185,0.052081644938369726,27.987402595971652,0.14208002020717792,0.0,0.0,0.0,0.0,0.0,0.0,0.0,0.0,0.0,0.0,0.0,0.0,0.0,0.0,0.0,0.0,0.0,0.0,0.0,0.0
2020-10-20,10.0,6.0,0.0,1.2345196213759535,1.8779706634219282,1.802927828072516,1.9982193581484302,2.4041713904313804,2.5338458162092,2.5944943085336085,2.4638839735296783,2.3671328806979015,1.293133446501877,2.2498964589453925,1.9514857389518205,1.1610607716015333,0.948799348576224,0.8130423013098006,0.3223578095154648,0.2967348782766161,0.10210144605272842,0.10528466335475464,28.840921830915327,0.09749128819147518,0.0,0.0,0.0,0.0,0.0,0.0,0.0,0.0,0.0,0.0,0.0,0.0,0.0,0.0,0.0,0.0,0.0,0.0,0.0,0.0
2020-10-21,10.0,6.0,0.0,1.1026868198377993,1.5615069181571084,1.6575706211082835,2.0003421382247546,2.368369513558232,2.601917597216402,2.6021315574877955,2.3303490057407155,2.380707029412754,1.4256118174307049,2.2022815593298746,1.8575601891033153,1.464742201187678,0.9310422703074055,0.8386433274979542,0.37378954126298014,0.23190216897911364,0.15439005806671383,0.03924614708094015,28.58464296780963,0.21849254392661716,0.0,0.0,0.0,0.0,0.0,0.0,0.0,0.0,0.0,0.0,0.0,0.0,0.0,0.0,0.0,0.0,0.0,0.0,0.0,0.0
2020-10-22,10.0,6.0,0.0,1.514269599484796,1.4282130094859635,1.607178213123709,1.8050654078763708,2.254218323512716,2.3799302059932343,2.5066256070551787,2.157870664285485,2.145447544753754,1.5619164479589396,2.1311489488701376,1.7990074687360367,1.2724730124439252,0.9082557171207798,0.64658336492349,0.4510668147356408,0.3152449922212203,0.10407434659388354,0.0798549562523038,27.43318471787317,0.11930349432520436,0.0,0.0,0.0,0.0,0.0,0.0,0.0,0.0,0.0,0.0,0.0,0.0,0.0,0.0,0.0,0.0,0.0,0.0,0.0,0.0
2020-10-23,9.0,6.0,1.0,1.1313426242656721,1.2128348190564238,1.4970431243305622,1.716293257946941,1.9997483678184484,2.1325331879089386,2.2405542203173625,1.9842465538285494,1.7418149070232671,1.2147464805461734,1.8176035025930863,1.6607106368631919,1.2502905938043065,0.7681663748147056,0.6951781334916949,0.34386752945801446,0.22398272500753452,0.10819936901704096,0.044590587573687376,24.207173403390588,0.15065390018606523,0.0,0.0,0.0,0.0,0.0,0.0,0.0,0.0,0.0,0.0,0.0,0.0,0.0,0.0,0.0,0.0,0.0,0.0,0.0,0.0
2020-10-24,10.0,7.0,0.0,0.7001345831594283,0.9298218353407669,1.2128839383042875,1.2634258435395964,1.4933336693508514,1.5178703692050697,1.561101165978408,1.5023718977641667,1.46268051651646,0.9386592590125383,1.4674705192800916,1.1331040993469779,0.7488403758926387,0.4727829272719034,0.30098966374822356,0.16800447192015716,0.08329109870589281,0.08674842487748645,0.03281585646000444,17.450929253178884,0.1737032180223277,0.0,0.0,0.0,0.0,0.0,0.0,0.0,0.0,0.0,0.0,0.0,0.0,0.0,0.0,0.0,0.0,0.0,0.0,0.0,0.0
2020-10-25,10.0,7.0,0.0,0.766509909632882,1.048719563660039,1.060369665627984,1.1986188116241316,1.4972473765097198,1.6041032087255045,1.5229987918523324,1.4486799168600957,1.3546377746593452,0.6677543231875618,1.4373709977199969,1.1399122866839053,0.8999467958778878,0.4133094087177618,0.3537878812020671,0.1984955541412592,0.18469008830616213,0.07872057536189336,0.02444556345186416,17.020372639254994,0.15350403653523814,0.0,0.0,0.0,0.0,0.0,0.0,0.0,0.0,0.0,0.0,0.0,0.0,0.0,0.0,0.0,0.0,0.0,0.0,0.0,0.0
2020-10-26,9.0,6.0,0.0,1.7174421451218647,1.5047283931304687,1.7650079435532968,2.0223646409616864,2.351777079846996,2.6891183442032243,2.7198076733820535,2.4718903373935452,2.3620425383806967,1.3932666490565435,2.205584809658661,2.0556084751153154,1.4222914617835674,0.9864059309189271,0.8889304516345924,0.2972137978193428,0.28367020449825864,0.1367415069871874,0.060406430884057574,29.77412250776666,0.11608215617094347,0.0,0.0,0.0,0.0,0.0,0.0,0.0,0.0,0.0,0.0,0.0,0.0,0.0,0.0,0.0,0.0,0.0,0.0,0.0,0.0
2020-10-27,8.0,6.0,1.0,1.4309148738957733,1.5849861598464843,1.5777138650058122,1.8987712319393324,2.2193837292795426,2.429428592630896,2.467009012279353,2.136761146588025,2.0753648916126495,1.1872880334552272,2.0663365072079474,1.8474096469872994,1.2742484871870752,0.6234881150702272,0.6030288183902895,0.3946416442897057,0.29530519463717475,0.06798260530211496,0.06155396422078118,26.62226121892878,0.1393834166892265,0.0,0.0,0.0,0.0,0.0,0.0,0.0,0.0,0.0,0.0,0.0,0.0,0.0,0.0,0.0,0.0,0.0,0.0,0.0,0.0
2020-10-28,9.0,7.0,2.0,1.3693741147759964,1.2458603521651375,1.423933268771739,1.819588540170704,2.1780542475908975,2.3755617290322717,2.446795235377596,2.115835731356876,2.1350185507325765,1.1347044989027195,2.0480375842267184,1.7991065058197306,1.3469393831980283,0.9587836940689015,0.6762087847791032,0.2993002682796624,0.1722974140693079,0.0727449252622698,0.019615450864458945,25.9900857855471,0.2602084661153834,0.0,0.0,0.0,0.0,0.0,0.0,0.0,0.0,0.0,0.0,0.0,0.0,0.0,0.0,0.0,0.0,0.0,0.0,0.0,0.0
2020-10-29,11.0,7.0,1.0,1.468887752505676,1.613699334715673,1.6476675476589357,1.7460294069550346,2.169183174011428,2.407855335917967,2.4446411241805786,2.1738045856657617,2.1332131619718355,1.2916805019218187,2.0268954856266217,1.6646315844210196,1.2541422245618243,0.8714151386316135,0.8910020194064155,0.37629817997285325,0.3181692117223689,0.15526197030869468,0.08368144963297411,27.033179262064824,0.18267556515814581,0.0,0.0,0.0,0.0,0.0,0.0,0.0,0.0,0.0,0.0,0.0,0.0,0.0,0.0,0.0,0.0,0.0,0.0,0.0,0.0
2020-10-30,12.0,9.0,0.0,1.041004277876577,1.1377999312878657,1.2919677182302964,1.6568423766833231,1.8769068522237964,2.1043736271578193,2.0602609593134233,1.9253378131518986,1.8599666835226571,1.0201028907732024,1.894689610438321,1.42279548257306,1.126452882020479,0.8912669911772608,0.7466498827236316,0.3776646982422051,0.2644976380349523,0.18082391463846945,0.057856564206542095,23.174971438121737,0.194148406958239,0.0,0.0,0.0,0.0,0.0,0.0,0.0,0.0,0.0,0.0,0.0,0.0,0.0,0.0,0.0,0.0,0.0,0.0,0.0,0.0
2020-10-31,12.0,9.0,0.0,0.8798859727403452,1.0556804360749064,1.0220609985000109,1.3233888726948977,1.6362206476919188,1.7494360693767463,1.769117650330904,1.5640527835754634,1.5202938526582885,0.8936613423163591,1.4907963118411607,1.251179361717542,0.9010645023541859,0.5643338511373976,0.5194123911749776,0.26358282808640043,0.1246888436638344,0.07714510779712522,0.04387626521194309,18.784835623930284,0.20134512952399705,0.0,0.0,0.0,0.0,0.0,0.0,0.0,0.0,0.0,0.0,0.0,0.0,0.0,0.0,0.0,0.0,0.0,0.0,0.0,0.0
2020-11-01,11.0,8.0,0.0,0.535341581544231,0.9280734958252912,1.0012298899798853,1.0360061717023932,1.398023088321406,1.571899519892612,1.5490668629078936,1.5429845521814325,1.3259314654916337,0.8365980664245714,1.4288718199820547,1.078212635392506,0.8018703510317914,0.35083861544346434,0.5290954305790903,0.2593334465613807,0.09770533038353972,0.08902291485481154,0.02627730348316672,16.453148755150323,0.29148890118128384,0.0,0.0,0.0,0.0,0.0,0.0,0.0,0.0,0.0,0.0,0.0,0.0,0.0,0.0,0.0,0.0,0.0,0.0,0.0,0.0
2020-11-02,11.0,8.0,0.0,2.107183223682219,2.1368412657498252,2.073134311241042,2.3736410950840456,2.8068264659661755,3.079867818943545,3.1427748892206817,2.8636126029035687,2.7910215786977717,2.185593045437339,2.767053240016622,2.4418016070427457,1.8949902828363476,1.3806862350408895,1.3272166029058516,0.6796863664432263,0.5481382914247261,0.16276300283232584,0.16218995339426612,37.196082916427706,0.3468114752422436,0.0,0.0,0.0,0.0,0.0,0.0,0.0,0.0,0.0,0.0,0.0,0.0,0.0,0.0,0.0,0.0,0.0,0.0,0.0,0.0
2020-11-03,10.0,7.0,0.0,1.5695009655015693,1.699838755008803,1.44381794685335,1.9057641567129684,2.228682069679691,2.3752869662320504,2.437743850747923,2.1985773597100353,2.1959134751704936,1.3147777545606931,2.1395110446441197,1.9128317576612925,1.3216871097608553,0.8988619159209376,0.7335596392755829,0.4210962578581184,0.29476959141078923,0.14067346772642586,0.07203970611897632,27.461638454518763,0.2255896926435812,0.0,0.0,0.0,0.0,0.0,0.0,0.0,0.0,0.0,0.0,0.0,0.0,0.0,0.0,0.0,0.0,0.0,0.0,0.0,0.0
2020-11-04,9.0,7.0,0.0,1.4518383736295422,1.380265509964267,1.566792695403136,1.8673404751313245,2.1963015510564357,2.39983645200015,2.3862807776790356,2.2410814340277367,2.1967611180577467,1.2460113669725954,1.9325138759061393,1.7883194523564323,1.1612411914602354,0.8528612621621398,0.8062927034054437,0.39401002746111197,0.24143192930555893,0.13424189221598593,0.0731913388064776,26.355475418632302,0.17858167217625834,0.0,0.0,0.0,0.0,0.0,0.0,0.0,0.0,0.0,0.0,0.0,0.0,0.0,0.0,0.0,0.0,0.0,0.0,0.0,0.0
2020-11-05,9.0,7.0,2.0,1.2828359424370221,1.2932657116472428,1.5296307003865277,1.8321605195080337,2.1905447293326055,2.321642822738322,2.386153708603058,2.1045666405276275,2.052732391219928,1.4521421552011127,2.0491767322147676,1.8258287824103598,1.3252881773977638,0.976041477300837,0.8207372064023655,0.5508629331249271,0.28064159902832797,0.21657637100042412,0.06309449879027572,26.606345000753915,0.205545062366368,0.0,0.0,0.0,0.0,0.0,0.0,0.0,0.0,0.0,0.0,0.0,0.0,0.0,0.0,0.0,0.0,0.0,0.0,0.0,0.0
2020-11-06,11.0,10.0,0.0,1.2298468066680852,1.364454440146483,1.5438255253914157,1.7469813324642731,2.168503235043921,2.356287192515804,2.349991272696244,2.248889373219423,2.0822603962387665,1.2900710505707351,2.040983935688848,1.6274954277403613,1.2550631307412916,0.984763929922583,0.7675406691074125,0.48523380357017654,0.21843143314608196,0.1069666122165923,0.0589476145861786,25.990968231900748,0.1828417175279307,0.0,0.0,0.0,0.0,0.0,0.0,0.0,0.0,0.0,0.0,0.0,0.0,0.0,0.0,0.0,0.0,0.0,0.0,0.0,0.0
2020-11-07,11.0,10.0,1.0,1.0451279187153408,1.2134424807448734,1.5029347564956972,1.6695626206826273,2.006523975471845,2.0022120756217197,2.2909035520652643,1.9884800902507083,1.9571249494108118,1.1757702362332143,1.8640319848154994,1.5974845792116663,1.2145990452650186,0.7299744279063578,0.581618241661666,0.23162890332496633,0.23848132148747486,0.11991138856685793,0.055418985923023606,23.500231318427883,0.23926405431896214,0.0,0.0,0.0,0.0,0.0,0.0,0.0,0.0,0.0,0.0,0.0,0.0,0.0,0.0,0.0,0.0,0.0,0.0,0.0,0.0
2020-11-08,12.0,11.0,2.0,1.3635488400326043,1.3408396654029435,1.4404905850092455,1.723394602653992,2.02128334021985,2.1975105746671715,2.2481575561579192,2.067022977026454,1.8977817502169538,1.2651007853921694,2.090660077695078,1.6995625869192212,1.193702210579218,0.7060597177034426,0.7516284506224946,0.2696759390627556,0.29584903909990434,0.2084576787737522,0.06771066746863613,24.867809129733352,0.3567710360372438,0.0,0.0,0.0,0.0,0.0,0.0,0.0,0.0,0.0,0.0,0.0,0.0,0.0,0.0,0.0,0.0,0.0,0.0,0.0,0.0
2020-11-09,13.0,12.0,0.0,1.9237765283513304,2.3510218213012686,2.285842041209954,2.5322173830829304,3.0815786181705684,3.368801366375369,3.34367812246625,3.15968392012014,3.0490714031811823,2.032111986084415,2.9782857915386054,2.539349613963092,2.0127201438913493,1.4694670579304785,1.4090101107740514,0.8058551532827996,0.5838863945692512,0.278112855950613,0.15000686643956432,39.65102237879112,0.2868635589623897,0.0,0.0,0.0,0.0,0.0,0.0,0.0,0.0,0.0,0.0,0.0,0.0,0.0,0.0,0.0,0.0,0.0,0.0,0.0,0.0
2020-11-10,14.0,12.0,0.0,2.1547759791253642,2.178970220163875,2.0889694349783428,2.3276957681998702,2.83222705668982,3.018291166269756,3.1167863878557327,2.8458791299136186,2.669500119520617,1.841319347987199,2.6581189411589405,2.434358187799226,1.7235676824201038,1.3853010636928618,1.1541627098457166,0.6478405312673821,0.3320654574641164,0.2354791994262859,0.08374185127789689,35.79762252059908,0.23744774683278838,0.0,0.0,0.0,0.0,0.0,0.0,0.0,0.0,0.0,0.0,0.0,0.0,0.0,0.0,0.0,0.0,0.0,0.0,0.0,0.0
2020-11-11,14.0,12.0,2.0,1.9562040955423046,2.190779113231095,2.1855369459125686,2.390146440709264,2.870622541031654,3.0399714814798977,3.105458290082461,2.9007835501965884,2.839376434306076,2.171668900428629,2.7438363393793455,2.257572918074952,1.847183810920337,1.0871169909697307,1.2297319194890015,0.6683620780827465,0.5658154205173841,0.25909422933689386,0.16173886568103013,36.577401080678705,0.2515642551094762,0.0,0.0,0.0,0.0,0.0,0.0,0.0,0.0,0.0,0.0,0.0,0.0,0.0,0.0,0.0,0.0,0.0,0.0,0.0,0.0
2020-11-12,14.0,14.0,0.0,2.1249737773294335,2.211649926322444,2.155012048134468,2.389969835678823,2.8266116060320803,3.0667922438351964,3.2122794439236055,2.912463354543946,2.858968876308379,1.8950814283553585,2.7136072987035296,2.3827603172895215,1.8248246427288959,1.3596578651844147,0.9761347755134484,0.6603213228744429,0.4601678740252554,0.19763736558536957,0.12490265151985827,36.432309229125025,0.334130283753496,0.0,0.0,0.0,0.0,0.0,0.0,0.0,0.0,0.0,0.0,0.0,0.0,0.0,0.0,0.0,0.0,0.0,0.0,0.0,0.0
2020-11-13,14.0,14.0,0.0,1.5316728202273138,1.9978752781784859,2.005269177108081,2.1838752718782186,2.6447939797643434,2.897836741663691,2.971985093166918,2.7084352484626644,2.61190757815716,2.155367989159003,2.29913925650288,2.258645533235298,1.7718870348187326,1.139029358720517,1.0581241113821058,0.6291638284455517,0.3122099712115951,0.17332155318810882,0.13926284871309264,33.617499676905794,0.2758121043634709,0.0,0.0,0.0,0.0,0.0,0.0,0.0,0.0,0.0,0.0,0.0,0.0,0.0,0.0,0.0,0.0,0.0,0.0,0.0,0.0
2020-11-14,14.0,12.0,0.0,1.223583590471653,1.5352851717008085,1.462737562460369,1.5876575361143264,1.877383200183575,2.0841730332893875,2.055841635527033,1.8644504131780752,1.8750348155063774,1.2226268546689947,1.837634659132462,1.6366529013539266,1.1451078469063996,0.7454484279678664,0.5331621493134253,0.3429693606166081,0.2576322291118585,0.12074242045688564,0.05558663771825481,23.513090950146953,0.2869071030403456,0.0,0.0,0.0,0.0,0.0,0.0,0.0,0.0,0.0,0.0,0.0,0.0,0.0,0.0,0.0,0.0,0.0,0.0,0.0,0.0
2020-11-15,14.0,12.0,0.0,1.2968868457033866,1.3492778858642422,1.3940141434030409,1.441059246066143,1.7575911815104226,1.8883032664435695,2.0046159214579724,1.7804197022146173,1.7742046235193585,1.1456516574001583,1.7647030090217435,1.4916339158648722,1.0959261666471127,0.8085875268521278,0.6664554850125632,0.3672656563167935,0.32792047632548793,0.17184455020528303,0.05179809429921338,22.579959054513182,0.3079955798049838,0.0,0.0,0.0,0.0,0.0,0.0,0.0,0.0,0.0,0.0,0.0,0.0,0.0,0.0,0.0,0.0,0.0,0.0,0.0,0.0
2020-11-16,13.0,12.0,0.0,2.3888618010965343,2.5170201227380042,2.207786560488999,2.204355159376648,2.786007374658712,2.9929585861677745,3.1030134243088283,2.7980685224098494,2.820675531050191,2.1485416518874776,2.7498341330615097,2.366779810307293,1.788316217010233,1.2427713000967842,1.2024794475142255,0.5489538848012919,0.5158818226851615,0.3404914793860656,0.14662419421573947,37.124181452400286,0.38505026681148424,0.0,0.0,0.0,0.0,0.0,0.0,0.0,0.0,0.0,0.0,0.0,0.0,0.0,0.0,0.0,0.0,0.0,0.0,0.0,0.0
2020-11-17,13.0,12.0,0.0,1.5035020857581656,2.0546217410147145,1.7796230788199103,1.9660267909591524,2.475933814650409,2.6715074620983255,2.7972542143926504,2.4560845370078286,2.3732520182028307,1.9795944600075122,2.3281540294228344,2.225384853812811,1.5242073702946242,1.0249948370745667,0.9995882896127565,0.5611158522256631,0.4792404844313762,0.20267722021825274,0.09325169321998752,31.698525378706954,0.35115839856039566,0.0,0.0,0.0,0.0,0.0,0.0,0.0,0.0,0.0,0.0,0.0,0.0,0.0,0.0,0.0,0.0,0.0,0.0,0.0,0.0
2020-11-18,12.0,11.0,0.0,1.3511013287618914,1.8563581433262204,1.723571084539274,1.7974405691050688,2.111492270343811,2.284784684696321,2.3347414802340856,2.3710278576970065,2.1736810253112617,1.8045632457891123,2.209571743580878,1.91996279411329,1.2066377656809841,0.8938556122421546,0.8514797883859123,0.48804227898856817,0.4318498323196977,0.22066906455362129,0.11176900913696902,28.419577017207608,0.3645411941903892,0.0,0.0,0.0,0.0,0.0,0.0,0.0,0.0,0.0,0.0,0.0,0.0,0.0,0.0,0.0,0.0,0.0,0.0,0.0,0.0
2020-11-19,12.0,11.0,0.0,1.3229112576354296,1.6471553955173244,1.56587729812763,1.6172406369336598,1.9818969629062093,2.195419629809698,2.161208177159161,2.1317787090889073,1.9718444999481084,1.506282540949311,1.9546123125954735,1.5552598751950015,1.2912133109646682,0.8552428110768169,0.6983646653955508,0.3419510203905166,0.3073626290222784,0.18785785013432957,0.11883686731167038,25.663587580293203,0.40959761205733713,0.0,0.0,0.0,0.0,0.0,0.0,0.0,0.0,0.0,0.0,0.0,0.0,0.0,0.0,0.0,0.0,0.0,0.0,0.0,0.0
2020-11-20,12.0,11.0,1.0,1.3763620124447604,1.7373490525329753,1.608230805448245,1.5851167947330842,1.9460725189908363,2.1260800377663283,2.1618129715323864,2.12788692565074,1.9435484081275194,1.5589654181022685,1.945263556394119,1.5517233720755117,1.188955714659258,0.7677146093952794,0.44903139820279675,0.44531111813170027,0.22771628452549014,0.20044077801239277,0.10056098923223218,25.217672382991815,0.36906713187281487,0.0,0.0,0.0,0.0,0.0,0.0,0.0,0.0,0.0,0.0,0.0,0.0,0.0,0.0,0.0,0.0,0.0,0.0,0.0,0.0
2020-11-21,12.0,12.0,1.0,0.7549137459239111,1.2418814705506134,1.1054153796214166,1.1017482364077138,1.40992485756575,1.5691826174573362,1.5458558642077116,1.4497677227676198,1.370973469474761,0.9679268057964876,1.3336149120907572,1.0976453478716248,0.7823527170693658,0.6595084214729388,0.44277905298165526,0.29104411316436846,0.18596014319562806,0.13214925073302897,0.045713757160846316,17.520178260761224,0.3340862343780523,0.0,0.0,0.0,0.0,0.0,0.0,0.0,0.0,0.0,0.0,0.0,0.0,0.0,0.0,0.0,0.0,0.0,0.0,0.0,0.0
2020-11-22,13.0,13.0,1.0,0.9232139659938711,1.3915667474044924,1.1494059358388988,1.1996535233269634,1.449366210360285,1.6862868219389884,1.6606439467707375,1.6280182639549035,1.3990926881422097,1.080920597083548,1.5244114807506528,1.2020242956759017,0.9766031911584084,0.5345810185651851,0.462164316421914,0.2940220242309512,0.18255968431146655,0.13818868345494617,0.08482945700915778,19.050636446684173,0.4953288973211866,0.0,0.0,0.0,0.0,0.0,0.0,0.0,0.0,0.0,0.0,0.0,0.0,0.0,0.0,0.0,0.0,0.0,0.0,0.0,0.0
2020-11-23,13.0,13.0,0.0,1.3643400252137021,1.9433425579298624,1.769324159584298,1.79471688185802,2.2155132706255323,2.2666947924144547,2.3402891375978836,2.333152666812232,2.1491064835996503,1.4730305529027183,2.179450816437787,1.7530796819196677,1.2604679335131048,0.9445827004824309,0.6912533179424446,0.5558959564980204,0.35680875993670946,0.16655581674381154,0.08870699353280387,27.822364304505847,0.34311016578382714,0.0,0.0,0.0,0.0,0.0,0.0,0.0,0.0,0.0,0.0,0.0,0.0,0.0,0.0,0.0,0.0,0.0,0.0,0.0,0.0
2020-11-24,13.0,13.0,0.0,1.1338745185363668,1.7112726895655348,1.581929742724787,1.5228099999560147,1.9530344102715504,2.1421283017793664,2.2356255898361663,2.1512131142802153,2.0650825535924384,1.4811738908116237,1.8451115751683782,1.5711343902514858,1.203342681176059,0.7448572248246245,0.7295403678985587,0.3230099605902279,0.38080576788601184,0.2535247153348608,0.11030665299548031,25.178204235625806,0.5594203318528035,0.0,0.0,0.0,0.0,0.0,0.0,0.0,0.0,0.0,0.0,0.0,0.0,0.0,0.0,0.0,0.0,0.0,0.0,0.0,0.0
2020-11-25,13.0,13.0,1.0,1.3116690406579745,1.9070525877404243,1.6097357594931776,1.595744978317842,2.0191414760449216,2.2113684380205876,2.333789558819561,2.1003953735019034,2.008353838847056,1.5640456119713506,2.0343081065917,1.6540297455270436,0.9699155323810267,0.8430738800396044,0.4845885570211779,0.3453897859203331,0.31165369379591323,0.20454753375056373,0.09862138966814835,25.69441956003719,0.4621245993848004,0.0,0.0,0.0,0.0,0.0,0.0,0.0,0.0,0.0,0.0,0.0,0.0,0.0,0.0,0.0,0.0,0.0,0.0,0.0,0.0
2020-11-26,14.0,14.0,1.0,1.3573600052664758,1.5192327461682373,1.4847624365943326,1.3890413855147994,1.847655724673133,2.0294476048161285,2.118685014434865,1.8054505091756825,1.9289468759662247,1.3147435776326217,1.69225137613762,1.586798949687518,1.1444626091406906,0.7747191383901652,0.4879923889082191,0.39330371684223747,0.316450894213777,0.0765483555596071,0.06499032214766887,23.39460258159408,0.41417304420138934,0.0,0.0,0.0,0.0,0.0,0.0,0.0,0.0,0.0,0.0,0.0,0.0,0.0,0.0,0.0,0.0,0.0,0.0,0.0,0.0
2020-11-27,15.0,13.0,0.0,1.3863504055294775,1.6971593497591266,1.5422739229137508,1.5297602977393832,1.8602878511518843,1.9722903682743993,2.1460166795867575,2.018737206459035,1.75016326990608,1.6078511033662353,1.860205852168636,1.6032770212092597,1.1984022795993092,0.6513800197672108,0.5166262178028714,0.46740847129409435,0.30088615856998435,0.21242091817817083,0.08771591521755889,24.467749830149423,0.3066726041209674,0.0,0.0,0.0,0.0,0.0,0.0,0.0,0.0,0.0,0.0,0.0,0.0,0.0,0.0,0.0,0.0,0.0,0.0,0.0,0.0
2020-11-28,15.0,13.0,2.0,1.0304749372451536,1.314481727421092,1.2425457119051724,1.195767076814087,1.4456155744728925,1.6698393571280004,1.5905014795493746,1.7013513460102847,1.5694613808705742,0.8572159890860414,1.4165167409040316,1.1875597827727027,0.8725439587691649,0.4762768102757011,0.38511231044363203,0.2372571038620067,0.20018924035356223,0.10323990656164467,0.053186716228806837,18.5904715293714,0.46918776896084463,0.0,0.0,0.0,0.0,0.0,0.0,0.0,0.0,0.0,0.0,0.0,0.0,0.0,0.0,0.0,0.0,0.0,0.0,0.0,0.0
2020-11-29,17.0,15.0,2.0,1.0931939647576283,1.3381638250813732,1.215146215104105,1.256050487363056,1.4616798051103947,1.6734754434112349,1.7092927175890589,1.650476852807399,1.5546003450416384,1.2551182865695718,1.5462994632165352,1.2897348660075125,0.781877462011358,0.4140892165278385,0.38870135167824593,0.3229567841777964,0.25707643540892444,0.10431093281021524,0.04836323578395155,19.39205058494085,0.48185629562015925,0.0,0.0,0.0,0.0,0.0,0.0,0.0,0.0,0.0,0.0,0.0,0.0,0.0,0.0,0.0,0.0,0.0,0.0,0.0,0.0
2020-11-30,17.0,15.0,0.0,1.8152913547085208,1.942883872901656,1.8116112984424426,1.8775990766120632,2.287276716887367,2.6599710450246956,2.661149635185884,2.4848953596746743,2.4736284267901962,1.712635287176365,2.286667367307413,1.9874429365705273,1.3408818604336494,0.9906266053703272,0.8052123006405307,0.4882814832306505,0.39007685987397045,0.18782190506326124,0.13533923365009665,30.460273344253267,0.5127232345271941,0.0,0.0,0.0,0.0,0.0,0.0,0.0,0.0,0.0,0.0,0.0,0.0,0.0,0.0,0.0,0.0,0.0,0.0,0.0,0.0
2020-12-01,17.0,15.0,0.0,1.6663910968884066,2.0631290364963712,1.719812417905136,1.7530880489607865,2.218632105106327,2.4602265287670337,2.6186242242294786,2.332160304175994,2.211431202391881,2.0250815188244804,2.0800544328296025,1.692302653802715,1.442486818177437,0.8722247903113941,0.8300661585249915,0.3761033826593073,0.44706123874963405,0.15788679725932203,0.13615968917389626,29.21954399938071,0.5109036111230768,0.0,0.0,0.0,0.0,0.0,0.0,0.0,0.0,0.0,0.0,0.0,0.0,0.0,0.0,0.0,0.0,0.0,0.0,0.0,0.0
2020-12-02,16.0,15.0,1.0,1.5807398769664034,2.155166408776752,1.8123913422433624,1.8866691222455427,2.337784624561851,2.503749047534499,2.7301332873056587,2.533368482414083,2.3481122273489126,1.8981641176926074,2.2077088145651746,2.0166893892401685,1.4423030361696387,1.1360207019719493,0.963114315461179,0.45263778930244497,0.32233611182617583,0.29191079808886367,0.1417534707467258,30.846121461571066,0.35438173052277955,0.0,0.0,0.0,0.0,0.0,0.0,0.0,0.0,0.0,0.0,0.0,0.0,0.0,0.0,0.0,0.0,0.0,0.0,0.0,0.0
2020-12-03,17.0,16.0,1.0,1.6454379485953656,1.9909350821882248,1.713827781071516,1.6656603798297773,2.093898354887747,2.296069082286405,2.4596920450299082,2.3042699169557137,2.240349805400343,1.6854195891490533,2.111046543306501,1.8188833409759124,1.3980797501423694,0.9027445417593286,0.679500757133097,0.568119377737867,0.23228274035019758,0.1574281466139491,0.0999067231854219,28.17096290505444,0.3911669768042923,0.0,0.0,0.0,0.0,0.0,0.0,0.0,0.0,0.0,0.0,0.0,0.0,0.0,0.0,0.0,0.0,0.0,0.0,0.0,0.0
2020-12-04,18.0,17.0,0.0,1.6203534945341802,2.0473176924290177,1.7618872755244803,1.6154498393476238,2.34381641543095,2.5452874647925823,2.5988892475957086,2.417862978572605,2.3322394437337164,2.1729837467347393,2.2726212563412176,1.9906303682015003,1.519457968800345,1.0030545582479053,0.5784858454815134,0.6207398921142574,0.3839272838769606,0.16249734037161917,0.10446175464879587,30.14481014976594,0.4317732383321692,0.0,0.0,0.0,0.0,0.0,0.0,0.0,0.0,0.0,0.0,0.0,0.0,0.0,0.0,0.0,0.0,0.0,0.0,0.0,0.0
2020-12-05,16.0,15.0,0.0,1.0860371505903514,1.8250263953711865,1.5310924661743441,1.488589528104013,1.8918019159933133,2.0898933898235827,2.166917625279822,2.112475513959303,1.9332596040727676,1.604872839639401,1.9261465290723756,1.576988074965067,1.135060350604378,0.7238242952399889,0.6463441507847467,0.35506106574930185,0.31339836147750233,0.11403400145360265,0.10807849166825895,24.636832987249736,0.38111648851260427,0.0,0.0,0.0,0.0,0.0,0.0,0.0,0.0,0.0,0.0,0.0,0.0,0.0,0.0,0.0,0.0,0.0,0.0,0.0,0.0
2020-12-06,16.0,15.0,3.0,1.5839389805318178,1.917614902635067,1.6478257813384793,1.5659230619592146,1.953249449607415,2.2407343324830924,2.444640347999749,2.174787863660338,2.1006488008590405,1.7508878619527122,2.027472020125254,1.782484692979159,1.3469161654613535,0.7654553785331331,0.732046750183541,0.4887998105045449,0.23647692221678349,0.21904421543014632,0.10661002791224741,27.122923601184198,0.46352722194026114,0.0,0.0,0.0,0.0,0.0,0.0,0.0,0.0,0.0,0.0,0.0,0.0,0.0,0.0,0.0,0.0,0.0,0.0,0.0,0.0
2020-12-07,17.0,17.0,2.0,2.600989995628804,2.853468811315808,2.4107276034239193,2.5682501007639864,3.202452893657208,3.370574048200175,3.539779828448385,3.2812155336372557,3.151399161916453,2.8677386752768244,3.1675089726128607,2.5478893993748595,2.087590272609944,1.199254979028083,1.1719758093830857,0.7835119467473592,0.6736140665327393,0.40567184887768987,0.1978416835914571,42.13392246198407,0.37266986921301626,0.0,0.0,0.0,0.0,0.0,0.0,0.0,0.0,0.0,0.0,0.0,0.0,0.0,0.0,0.0,0.0,0.0,0.0,0.0,0.0
2020-12-08,20.0,18.0,0.0,2.3413978964078845,2.7916327532113288,2.388293179428583,2.55880932867543,3.064672548246607,3.414409271927712,3.4764472603985115,3.277357253166914,3.0590867950520995,2.747610707880206,3.0822639883430187,2.7731012783599933,1.7979300419349806,1.3775293208142074,1.2543752006592286,0.6395962088270397,0.5813574956902438,0.316296627942584,0.19146150227195255,41.25398097222955,0.4324301613700796,8.867976425870621,0.06209296291636698,0.0,0.0,0.0,0.0,0.0,0.0,0.0013791362821009745,0.024536975572258472,0.0,0.0,0.004209798458440951,0.0012396938153052992,0.0,0.03072735878826128,0.0,0.0,0.0,0.0
2020-12-09,21.0,18.0,0.0,2.6573310422971783,2.913308329229994,2.5701420594116597,2.591676586186849,3.26514920474945,3.5994195454791393,3.7070566693773253,3.407955810037683,3.325513330425162,2.8479114304185744,3.2369354424077135,2.8268485501200837,1.9917875475183817,1.623819181263045,1.2938997593216985,0.7546581274110263,0.5641252629225644,0.3356504306526098,0.15887410484296016,43.76627552174403,0.43973190869709244,13.488869278354677,0.06185945335218749,0.0,0.0,0.0,0.009934605018490274,0.0033455847732587994,0.0005392694842266867,0.006271249018356207,0.005880228903699738,0.0013985184533580831,0.010409532656222175,0.0,0.0012396938153052992,0.0009203413837057894,0.013387963947536344,0.007571591844753017,0.0009608740532750812,0.0,0.0
2020-12-10,21.0,18.0,0.0,3.195715966235121,3.168709890280481,2.9181301232340795,3.0647440407556075,3.7035022423216346,4.153186806401632,4.200022501634113,3.944342404115662,3.786464953165449,3.5124656645997776,3.698122091100441,3.3479835031636056,2.6473398229360297,1.690253946232292,1.5161977970775156,0.9814678755628541,0.6472725740928893,0.41563663621987423,0.27654666833594366,50.991553658372375,0.4777284309941062,17.488632792153336,0.1120848723764892,0.0,0.0,0.0,0.0,0.0,0.0,0.03072735878826128,0.006184203109133986,0.008541011107875387,0.015391039410041094,0.00474661329850549,0.043612000058451325,0.002541260576949929,0.0,0.0003413860272707191,0.0,0.0,0.0
2020-12-11,21.0,18.0,0.0,3.2654697737126286,3.7363135544738335,3.1855179420103314,3.3837806818433003,4.196866255239881,4.6109846309603535,4.754672255393504,4.364187809394754,4.12706562166986,3.857587323888168,4.082386844802392,3.701331616771331,2.8990980332873604,2.292623412671856,1.9428929660443695,1.3106376852752346,1.0078461531215062,0.5643093745703687,0.26285832209173254,57.63551296910499,0.551248883901831,19.611264921506645,0.024091647203260597,0.0,0.0,0.0,0.0,0.0,0.0,0.0,0.0,0.0,0.002764610606645714,0.0014117457244272348,0.0,0.0,0.019915290872187644,0.0,0.0,0.0,0.0
2020-12-12,21.0,18.0,2.0,2.834640785476464,3.147211774211099,2.6993999451225674,2.9056388954432855,3.6042846948004597,3.8690216062775136,4.0922198444840525,3.7267315270093233,3.6036994150287174,3.261066551190454,3.460367362299572,2.972502580471766,2.459877452454044,1.946891995180696,1.347526694143158,1.043911736179446,0.7490979302469809,0.4783160938660336,0.15471564871121746,48.4637688740396,0.4763091863500629,12.38588529003205,0.0003661662394727206,0.0006746373824069562,0.0,0.0,0.0,0.0,0.0,0.0,0.0,0.0,0.0,0.00036616623947272053,0.0,0.0,0.0,0.0,0.0,0.0,0.0
2020-12-13,21.0,17.0,0.0,3.5319149192971833,3.6342436416078603,3.1811904935400914,3.381931398859901,4.102559193286993,4.548346786362519,4.640791372602602,4.298818130798585,4.136900237552942,3.9796181654385854,4.0901208273173895,3.591987849875679,2.697036022840334,1.9236502430552886,1.9005936003480497,1.1104887628689983,0.8097013948538068,0.47948771587773764,0.24418486926191668,56.28356562564646,0.5389617134279088,7.0014733293261795,0.03341309729350221,0.0,0.0,0.0,0.0,0.0,0.0,0.0,0.003224404069831715,0.007975374032378336,0.008875133950062796,0.0012816829071100795,0.0004350633452458181,0.005763704208043103,0.002479803582007207,0.0019706501882069023,0.0014072810106162527,0.0,0.0
2020-12-14,22.0,17.0,0.0,5.416306520077666,5.502572127157347,4.801887596567954,5.106890565815661,6.269334843618147,6.844963389337573,6.999343849195023,6.431288018745426,6.180381951885893,5.665996436371198,6.090898294716631,5.462875311524541,4.350562032463,3.4417356053459183,3.220552387232225,2.081141053010933,1.5585964814768838,0.9021268892635178,0.44355890466164216,86.9094901368977,0.583134631555726,20.098485376991533,0.13276838116425782,0.021753553166704395,0.0,0.0,0.0,0.021548070097959206,0.014909116617735856,0.0,0.01796832832356469,0.00867598709072748,0.00586197892984242,0.010419438886355147,0.007548433635614179,0.042704552357490176,0.0031324752249686756,0.0,0.0,0.0,0.0
2020-12-15,22.0,17.0,1.0,5.458764364928107,5.62434003157253,4.864869059321147,5.251323565402749,6.47965200628531,7.073768690306342,7.183194306847746,6.585412943096764,6.315095346599432,5.871296821349865,6.203774006336986,5.576599025524034,4.422248402763999,3.4624215971355454,3.029556299935816,1.9209533140855204,1.5197756197097636,0.925049105301162,0.5082935051515312,88.38629312464965,0.5094856570688795,97.69148606658709,0.08163832316279476,0.0,0.0,0.0,0.00472444801139701,0.0,0.018669469240300267,0.01378900879742019,0.0,0.0027438925033329404,0.007807769019891154,0.002778750603007608,0.008396463112161938,0.011953730954915687,0.010774790920367958,0.0,0.0,0.0,0.0
2020-12-16,23.0,18.0,1.0,6.549275936965424,6.278611858480336,5.4892490715771,5.892542443112797,7.229829024460352,7.915167139034114,8.07355330250156,7.404017072731244,7.094884964448504,6.71126568523605,6.964656463474861,6.272261144001378,5.002294606958472,4.0162243287232675,3.4847691514788988,2.456780557445597,1.8414398457263534,1.035551064889008,0.5447913651979293,100.42517937959389,0.4572149872928166,175.04267590680655,0.10144425136775266,0.0,0.0,0.0,0.0,0.011688882378790096,0.005907352350961918,0.005537651786364256,0.005191957751935275,0.0,0.011530732010661019,0.0,0.008291338786178477,0.01737397120229746,0.033332148819945846,0.0025902162806183213,0.0,0.0,0.0
2020-12-17,24.0,18.0,3.0,6.347491093608945,6.337994943728597,5.562067911661748,5.981793341948192,7.429455891736344,8.084309228476469,8.2445086402604,7.537819017741012,7.234976653181748,6.513160188129819,7.049951953799523,6.242825210604521,5.130266021520203,4.202499297903638,3.5509315476527865,2.423956932812356,1.8555225066722887,0.9903900419986551,0.6135619947771808,101.45820783097616,0.9111720740157674,171.49273259557057,0.07396223574458154,0.0,0.0,0.0,0.0,0.0022835333032218694,0.0,0.0,0.002641354073871194,0.0,0.0036450637828307083,0.003989555892973922,0.017919448260090315,0.03365284750327868,0.0060539238937510655,0.003776509034563777,0.0,0.0,0.0
2020-12-18,26.0,19.0,1.0,6.758611762325457,6.804547712825422,5.908651123660354,6.3810428568258155,7.9170674160208465,8.645377169452493,8.770044244365229,8.039096599688694,7.674377240675524,7.349425480949514,7.525252790202616,6.7645917555837185,5.473307566287189,4.319217950903008,3.951967680050534,2.612335629996351,2.009979720027813,1.1999549159297396,0.541130180950595,109.0629451034247,0.6239783869706353,165.22037449313947,0.14199689966693033,0.0,0.0,0.0,0.0013791362821009745,0.025058472839019533,0.021336077922404682,0.010954878961483257,0.006639993189750575,0.01098920878451796,0.0,0.019747799464829623,0.013115354199826632,0.004611455926415949,0.012882372826172236,0.0,0.005347544251918629,0.009934605018490274,0.0
2020-12-19,25.0,18.0,0.0,4.621770256790375,4.477772972602458,3.954017411415681,4.241748681956443,5.22729017038409,5.74919881788187,5.857894053392598,5.294475159753061,5.154662049835241,4.73418944496525,5.069107537526189,4.298398010806897,3.5824003923308747,2.716275690977847,2.5578480175286606,1.477191388055916,0.986112060583134,0.6129718250099399,0.33058915784774406,71.27583954331182,0.8201693600774718,129.74358170672656,0.0,0.0,0.0,0.0,0.0,0.0,0.0,0.0,0.0,0.0,0.0,0.0,0.0,0.0,0.0,0.0,0.0,0.0,0.0
2020-12-20,25.0,18.0,2.0,6.5896397744767246,6.469212258410259,5.5658017677486855,5.88902053833181,7.210670808383878,7.873770395026128,8.153445085659298,7.531945551863268,7.232413568671669,6.916233762520061,7.032060624551642,6.366385773832408,5.079342121981873,4.156842538758412,3.715596085136921,2.1094077275423264,1.338878933023229,1.0329449350504334,0.3584331787371221,100.75759800330565,0.8085419138454608,134.3653373505347,0.0448007535744455,0.014062952392769987,0.0,0.0,0.0,0.0,0.0,0.0,0.0023900455833436004,0.0,0.00036616623947272053,0.0032437143469316405,0.018623590879829937,0.006756776003382278,0.012882670470906592,0.000537790050578734,0.0,0.0,0.0
2020-12-21,27.0,19.0,2.0,9.439416212783616,9.069978062176173,7.808902916382715,8.32233358187242,10.248693245674101,11.198661743817278,11.461992784816308,10.548559995550912,10.113835102235138,9.840711693904572,9.933854033908197,8.945447793057667,7.263215383960682,5.965897232572476,5.6548429675184,3.7071090145353343,2.7694036473092343,1.6151267074660847,0.932492667481141,145.36146017796167,1.1029835017579783,95.990326249175,0.06738079623678603,0.013747706008825624,0.0,0.0,0.010141253169141615,0.0008648876700769961,0.0,0.0,0.0,0.0,0.0028908028908028907,0.0,0.011752463253662934,0.01406295239276999,0.017316898591972583,0.010351538268359014,0.0,0.0,0.0
2020-12-22,27.0,19.0,3.0,9.404926759192964,9.172893579147926,7.935562979754918,8.464855543645266,10.413182086501926,11.385144790044492,11.66022340007036,10.720399078470289,10.26869461758597,9.898209764959853,10.059077028312972,9.065169127652485,7.355160211304812,5.937566752878664,5.319747642571235,3.8234288544486694,2.817556961253986,1.624310825576475,0.9829737049125487,146.79886747533004,1.097332808969551,105.68837908004829,0.13481407800858536,0.03824925516730005,0.0,0.0,0.0,0.021782620920365352,0.008156604491962174,0.02937101813995232,0.025170897437995134,0.01958365927299816,0.018158383542798973,0.0,0.0,0.0014554568226891511,0.010141253169141615,0.0009941842106824972,0.0,0.0,0.0
2020-12-23,32.0,20.0,1.0,8.458002696359017,8.070694193402499,6.969740116916774,7.452812146720371,9.178477406824484,10.043858140765595,10.279949570769714,9.443707563952415,9.053841241707882,8.493329404864351,8.8814909444736,7.989204420969587,6.364851651142281,5.342618459345139,5.084656752812116,3.3897438660041574,2.414003300965111,1.5248548177617671,0.7505532587923283,129.45195915059216,1.2633550444650243,115.4735091855398,0.03480997303968474,0.03844413645273351,0.0,0.0,0.0,0.0003413860272707191,0.0,0.0,0.0,0.0,0.01930346382314873,0.0,0.0,0.01394030267257947,0.001224820516685824,0.0,0.0,0.0,0.0
2020-12-24,33.0,20.0,1.0,7.112976784352989,7.054179956431799,6.1476456457560475,6.487972570803638,7.959998476163317,8.716737953666138,8.99318410208607,8.292331989425156,7.911588837628646,7.348790552501656,7.741908886604925,6.978155657907707,5.598742511898094,4.602950818464772,4.1577798853703705,2.784297171420661,1.8356089289345197,1.2011231603174553,0.6638375573562995,111.66520362023441,1.0643476513564445,46.18332072588999,0.0,0.003344877787361651,0.0,0.0,0.0,0.0,0.0,0.0,0.0,0.0,0.0,0.0,0.0,0.0,0.0,0.0,0.0,0.0,0.0
2020-12-25,30.0,18.0,1.0,2.8213350781080258,2.8006813020118115,2.680971754202264,2.9788399854750653,3.6042367360947503,3.8280022341656093,4.045957231141919,3.7967034139114273,3.6481607161618848,2.858360501033042,3.506665173040342,3.047028466852284,2.47053267080369,1.6428334258676327,1.4368468422749465,1.0983882070948192,0.8604542618587422,0.37233364564499677,0.21935460770594248,47.73698113888582,1.1566736709319596,2.8268316539305935,0.0,0.014062952392769987,0.0,0.0,0.0,0.0,0.0,0.0,0.0,0.0,0.0,0.0,0.0,0.0,0.0,0.0,0.0,0.0,0.0
2020-12-26,32.0,20.0,3.0,8.5691300253375,8.210492913284053,7.087400036813791,7.525908270200401,9.216342888871422,10.100802587320779,10.373808177110767,9.552216935360029,9.144614468475448,8.882013247157523,8.958462200911587,8.06938653039664,6.539462540166236,5.110832822086847,5.103030558509536,3.0914701888691343,2.5566975363119475,1.4257136707372993,0.8817477224318443,130.42595874414562,1.2997536053871848,6.471080489606466,0.0,0.0,0.0,0.0,0.0,0.0,0.0,0.0,0.0,0.0,0.0,0.0,0.0,0.0,0.0,0.0,0.0,0.0,0.0
2020-12-27,35.0,20.0,1.0,9.036244214873348,8.885576467287676,7.758389146502308,8.245472004800137,10.100155576751684,11.068038070668543,11.380079818448397,10.50403299386341,10.06834524619143,9.661586683178218,9.880679143755906,8.908851167955794,7.170359517800327,5.872955579159095,5.616942631140735,3.6527393621618236,2.2717868850393965,1.361166108120671,0.732472580062917,142.2089938600527,1.5196939323180478,6.689318178142605,0.0,0.0,0.0,0.0,0.0,0.0,0.0,0.0,0.0,0.0,0.0,0.0,0.0,0.0,0.0,0.0,0.0,0.0,0.0
2020-12-28,37.0,24.0,4.0,7.426355090297074,7.4844365031497375,6.46582662756057,6.944385153374699,8.525048965823226,9.340634258202963,9.589219362733564,8.84108496509816,8.503510493489213,8.157227047704756,8.352521753417506,7.527906816807101,6.086967712505166,5.040375427249408,4.783697271161565,3.035499530154672,2.3459697468811695,1.3757732429023635,0.7690373324664007,120.87380304250361,1.3597411388426324,7.8951081763939985,0.003763764624913971,0.0011566747164974641,0.0,0.0,0.0,0.0,0.0,0.0,0.0,0.0,0.0,0.0,0.003763764624913971,0.0,0.0,0.0,0.0,0.0,0.0
2020-12-29,39.0,29.0,4.0,14.68959491376481,14.05179143793593,12.112487521384816,12.75635214283775,15.594658760208038,17.095518882338492,17.577261067145574,16.20890338619536,15.588194653427655,15.106747083945997,15.335545318653645,13.82611492516678,11.238399597573839,9.429584849070391,8.685731952892036,6.0337938717474,4.690278647483103,2.8532588411675395,1.728385260590439,224.92920085785337,1.5205621259594753,90.09699990062813,3.594209569167522,0.020056490793404165,0.0,0.0,0.16742239145354917,0.21357461114501705,0.3023347716656658,0.27094706441184646,0.3733162978076844,0.317722001904751,0.4868423177240582,0.38366420797752815,0.2127964767343822,0.14404894992756778,0.11763256985324338,0.030151572249066023,0.2994456392554871,0.2016003419099714,0.07271035514770396
2020-12-30,42.0,32.0,4.0,12.736441910252454,12.161677628365345,10.511791837481697,11.162802394669646,13.676594100728323,14.973067069189652,15.356150719248106,14.1240342404824,13.52045665111761,13.327369936006336,13.249168253170458,11.928757310159146,9.69156002687037,8.119116674707056,7.49339263104467,5.366750520430795,3.889576614448353,2.400421920115477,1.347043411157575,195.27560777191744,1.3926819447137744,198.2601911307521,6.586383338177315,0.0022013585996730816,0.0,0.0,0.20792465675030936,0.912310283675509,0.42360831838083823,0.3627727764740587,0.9574449316522199,0.5528852985685181,0.49126358312994,0.6247771805856875,0.41176634329773537,0.2647534588607,0.07377993064499236,0.273486256227242,0.531201568646726,0.3564976725104153,0.14191107877242262
2020-12-31,46.0,35.0,3.0,8.648986425317576,8.176239744732479,7.196395276310179,7.660782713585093,9.364428351269943,10.257823179973684,10.513308705056158,9.669739018557882,9.283363425237452,8.865107032304785,9.105215662799662,8.204612199993269,6.6655197778221735,5.566065163812784,5.2016198939414675,3.579963969182792,2.5709032935388105,1.754385549171237,0.9136457755979741,133.2375633122131,1.5258207073488963,169.96626710064098,6.933777217913996,0.0047800911666872,0.0,0.0,0.18351649555569224,0.47999131788270943,0.49414904674267945,0.46551317761653305,0.5061186693904992,0.4799361989659668,0.5969239538842308,0.5604646142275594,0.4378816674273732,0.28302897908614566,0.05265297888551157,0.06950081431304485,1.2031484251317124,0.7322751616687048,0.3886757171356329
2021-01-01,47.0,36.0,1.0,5.283071254531236,4.9783660631639615,4.505036130846577,4.7107064737336675,5.6989780650755915,6.226608694433382,6.4436039883390785,6.020777886928272,5.8070522102644135,5.25978564316728,5.718217372982742,5.122558275099846,4.164089713534242,3.33885009028903,3.267245727669919,2.0526440632101393,1.3922942972413614,0.955195667575251,0.43594798208447316,81.38170423755287,1.5378372090941912,63.54553747262133,0.6433425366453489,0.0,0.0,0.0,0.009634027900541135,0.0362226691113835,0.07722416983713368,0.044493027360499746,0.04412186549486387,0.05104326495028371,0.07712442875391946,0.07287008560868119,0.044093376401438164,0.022163970673881934,0.015582766279113917,0.0,0.07191388535547219,0.05960558539549918,0.017249413522637175
2021-01-02,47.0,34.0,1.0,9.87053315867755,9.627315131553742,8.34123163029179,8.872018453054404,10.824616751610318,11.8413387404629,12.137926994454533,11.158101561972249,10.687282489781476,10.046893629323165,10.484382033794112,9.453889551405688,7.6915229835705645,6.453643906619503,5.9112649497118595,4.032631579813327,2.9901459453663115,1.8268753677717828,1.0415706521790231,153.36329154252002,1.8020712745225373,38.12350335125237,6.300672536571941,0.0,0.0,0.0,0.22098938371200455,0.26089097812309753,0.3446761884500282,0.36814775041631925,0.40019812778231667,0.9316139498467055,0.4999894227820526,0.3670887073959485,0.2521717306977569,0.18950791207005266,0.18315640307040607,0.5269362588606382,0.9190906215363412,0.5776997001238486,0.25851540170442544
2021-01-03,48.0,32.0,4.0,9.29670928703707,9.096630844714362,7.906375257443106,8.37242795148285,10.246005766279483,11.224280744398124,11.504937844516437,10.58051080422055,10.124512956385455,9.940767295034108,9.928656517058227,8.951749662267622,7.276526085347802,5.99878852031295,5.368262049835053,3.7636335942781485,2.7805935281442706,1.7498642136106803,1.0317297418456544,145.25136809696096,1.9202820620011645,17.979498356555364,4.908938376531159,0.0,0.0,0.0,0.24542219214910557,0.2107435996259797,0.2777305936324743,0.21872278022069597,0.26885341899767035,0.2773114049176779,0.8563197884017897,0.35861196973549003,0.2280175664108723,0.11384260103848477,0.10666578171247765,0.2626270811517479,0.7458891863334391,0.48805303983674003,0.2501273723665132
2021-01-04,50.0,34.0,1.0,12.325953780956588,11.77849024965023,10.202204284637629,10.894975105995787,13.349385576642673,14.594675236054744,14.871781116311116,13.619281669177514,13.053033501463764,12.840780444123151,12.826336322017426,11.572795654345246,9.419010436752131,7.8691159831915085,7.285110887165394,5.251246940017971,3.8556793977542725,2.487626768622282,1.4517632909787535,190.13556759026486,2.3442945447532337,63.85886321490627,12.65787015722502,0.006279550931901256,0.0,0.0022866630274891555,0.6175561748072005,0.913590884974903,0.9736383585539394,1.078762062027559,1.462892139079207,1.1704005640165784,1.2720177583386858,1.4234190394258694,1.0926905352998473,0.36510539457157026,0.49722287982591695,0.1805878718084508,0.8289828215111805,0.5131465482499022,0.2655704617067205
2021-01-05,51.0,34.0,4.0,10.626483072181003,10.17511534851136,8.83943667667928,9.43243623970108,11.542655271627318,12.626217070902692,12.896765767868366,11.817559540580653,11.29647286171105,10.953830962626368,11.078494005581573,9.989183687466584,8.132732057350623,6.777888769152568,6.377009737470855,4.3206351834606505,3.400647044639762,2.0862194291418907,1.2077040087021864,163.85105344481377,2.2271102631784667,129.83908795231983,80.17900588588766,0.06768007632313701,0.0,0.008866707056937644,2.3547031838715897,4.628844649984849,6.992034778001004,7.885959928415707,6.339556826889307,10.307555589557117,10.224970285631422,8.097247902686576,7.013735719493158,3.6837425512501203,2.7325696917252977,1.5222036859123966,4.147147505623925,2.671206351869773,1.568660527918489
2021-01-06,52.0,37.0,8.0,9.282061223845925,8.765771779640346,7.794125751772027,8.42136687385267,10.313639495295089,11.272904084317183,11.49178498940142,10.516967098859025,10.001948146967594,9.540119787815632,9.825212452911725,8.859953678109607,7.213089060501909,6.03562074560227,5.579213840708843,3.8628416161417674,2.839666646395725,1.9331940897606799,1.0657723296776733,144.9266739216924,2.191878692851385,200.37706136395568,145.30364317526897,0.012191720322533073,0.0,0.0,10.732993311512072,9.733597168058457,13.071710623250357,12.782393869387551,12.928984106409368,15.351618875492203,14.784933214592584,14.492354102410932,12.187260653152192,7.244147853034772,5.8952008198333985,4.622868703599324,5.6846220534966685,3.614556934969128,2.1764008860699553
2021-01-07,58.0,40.0,6.0,8.654604649641785,8.356419345966641,7.347728063899453,7.93722953133095,9.717418339104057,10.614884114515,10.793546457025236,9.88874007204328,9.417680977606834,8.820073212603502,9.217845494525552,8.311441175608218,6.760490117290697,5.618161054639774,5.172381370334055,3.650536008581412,2.823732175378267,1.7067326824211007,1.0155056444887942,136.46619036120063,2.596397938814435,377.4584219465304,144.441400642299,0.00243575191165058,0.0,0.48406612255786297,12.098015377513029,12.893742929306471,14.192390876226492,14.60187635289014,13.17691188577071,12.992332156330912,13.556551879840962,12.401422788879113,10.889671444433155,8.197561082207116,4.775637249171311,4.278077228748187,4.884770319235652,3.134036274543084,1.8843366746448122
2021-01-08,63.0,42.0,1.0,7.446640787389982,7.094675781868242,6.40373552748147,6.82978381612674,8.353225683598012,9.118708764368023,9.369430884317207,8.602708138955805,8.210012161530369,7.760525737047368,8.043598630295847,7.238192365128208,5.885438850054167,4.84436277502959,4.538346106733675,3.0755770384640546,2.3448040448871335,1.4179026599242608,0.8770661689375273,117.78836799466546,2.2574427611203918,410.13900641314655,136.39283759284675,0.011679907540063967,0.0,0.1777266089969463,10.279525355928772,11.632600211589434,13.2792414300047,14.603037551156335,13.795074598882792,13.132717271476368,12.64134029763365,11.994240954469575,9.39087279466778,7.495629124470233,5.855960688043636,3.5040931372996553,4.2806577499948615,2.7032112606998453,1.6269085575321631
2021-01-09,68.0,42.0,2.0,6.257144598331596,6.112543353505725,5.31788846566107,5.726721051853585,7.0414320274398525,7.729864584022556,7.897665547633376,7.239661206036925,6.893247396901032,6.297529059124618,6.771440054571828,6.106918669285627,4.934821667023663,4.069498300480514,3.567482728033906,2.4758321305258804,1.725767884454036,1.2024991470016508,0.6253354545004585,98.15693460698046,2.5208651409158653,328.24091643809146,110.87105451320134,0.0022013585996730816,0.0,0.22808555384563237,6.836735143306859,7.717886175830934,9.178115603015893,12.309678511580891,10.199516351071518,11.568776153568747,11.65786159204117,10.862887434654668,7.231176283664687,5.604143196345265,4.664461905805206,4.073889261756192,4.367457781876695,2.7276323031446545,1.6427512616923179
2021-01-10,70.0,46.0,3.0,5.560838904819118,5.514925561751183,4.799203852053065,5.189159199334793,6.30892970422446,6.936945343299897,7.0934967519206955,6.49976973163487,6.217679462529653,5.420073967506919,6.06770307982346,5.490962151664296,4.342995884859572,3.611487623430738,3.2404778441295794,2.2809642033597153,1.7142299988174488,1.080738069728744,0.5230676369321782,88.06408380605812,2.7733290792665124,179.41757033556974,86.9314235938569,0.00825829185076323,0.0,0.0,6.353083204891983,5.796286590319394,7.770276973474104,9.142717277536129,9.385530667940676,8.097918153232085,9.158299057026754,8.034640626343442,6.241931176064242,3.9907841185241595,3.6652042448443867,3.2918061182591845,2.985746007829353,1.8864869120527044,1.1307124655183058
2021-01-11,72.0,50.0,3.0,8.678179582801736,8.18054215843474,7.2414686286206145,7.753016259986205,9.474463753784327,10.37493237603187,10.605296705807023,9.729023479054213,9.303435729143676,8.968914715566429,9.128505754433464,8.235342939629763,6.708228079985882,5.493438849746551,5.134827149876697,3.5134779986305205,2.6021694065928194,1.6384954472545674,0.9972546776458103,134.13956419897733,2.304809134400586,190.9703789921623,38.1098700569238,0.0037543105961754435,0.0,0.0,1.5038246618622484,2.9724796213902023,3.876750968221261,4.548785493275282,3.8112804916972958,3.9299944575869366,3.955450190144693,3.4197196175040614,2.7451044116746535,1.8092547616616197,1.3174305467227045,1.4479518395381084,1.384915531602283,0.8705132626966389,0.5164142013458101
2021-01-12,73.0,49.0,6.0,7.449436655242236,6.954908169469765,6.235822620890201,6.675918348548504,8.168818034091888,8.952376770637459,9.149339933976293,8.369044966833247,7.996808165763297,7.64156172471921,7.833910896153871,7.066426947081536,5.709530311426716,4.706436604085574,4.41473027237832,3.089668905747532,2.331695483002465,1.308046601913705,0.8683602842335997,115.35219862026767,2.9043558045953386,284.2052647114662,27.935712442104368,0.036689859092433684,0.0,0.0,1.894581371051077,2.5395335082810147,2.7920713822850205,3.030725687759195,2.6685760521942092,2.9198471425614128,2.7148668101663693,2.4548476321043076,1.7803393464351722,1.3453695470198552,1.1697505120999614,0.90139176216283,0.8746858010773263,0.5334040802087259,0.315721806697889
2021-01-13,79.0,55.0,3.0,7.099014807836148,6.85829688803715,5.9302443259712065,6.401483039578984,7.832680026367708,8.588304348645007,8.76427118861106,8.034439231815611,7.671255553612814,7.252638501300535,7.517705741040738,6.778640166881016,5.4815895508143315,4.5366399800103885,4.107003815437674,2.859487334318197,2.211700834435886,1.4299181426016856,0.8163071598598013,110.433013995293,2.880977190755882,451.3216426027684,25.192289014803556,0.006645717171373976,0.0,0.0,0.9578896498953016,2.3306514194699375,2.7580599960470957,2.5823187530333374,2.46029691719295,2.4661912479313264,2.5249009061210694,2.2969706462395783,1.8316391553426288,1.3615587337453503,1.2904898048705846,0.7982338082566635,0.8121902732625819,0.46001841695862455,0.260879286436524
2021-01-14,75.0,54.0,3.0,6.855105286862166,6.475721982888586,5.760061809976353,6.214491537104327,7.632117150925275,8.367929784056757,8.541415416163753,7.805414313596303,7.427178530509678,7.048256617501004,7.293562327495164,6.574437820809325,5.319636007778941,4.381724607321833,3.7393576109211235,2.7885650793106724,2.1827515192260267,1.2081114488969062,0.6887477733219466,106.46293091162602,2.7116074601439557,544.5444757444347,14.807356079217291,0.01930346382314873,0.0,0.01097085798951575,0.4178554395475358,1.6967940202396192,2.0679781507303274,2.0227378078427676,1.0795526646200955,1.0638548536186934,1.195406435889721,1.6368459835216296,0.7132469970336995,0.5254984577689742,0.8236761105929302,0.5722208096033528,0.5416514652103023,0.2865797233516048,0.1524863016565187
2021-01-15,77.0,56.0,2.0,6.323849667646025,5.461151744725683,5.2756455382977565,5.6555755597441735,6.903646803469589,7.569625192976507,7.7231453994440695,7.073012412755655,6.757832711707399,6.371852020090478,6.615799912162478,5.9479852185086,4.86002759991273,4.000958527542854,3.702877153083023,2.447793774295144,1.565025791587061,1.1094211750867842,0.7000098234537134,96.1876037399169,2.819151921696733,604.9196320808369,5.449587608145728,0.0003661662394727206,0.0,0.0,0.11013035881902802,0.5983157041462407,0.6947947992905213,0.6577240097659506,0.6641930218659308,0.5867494822789309,0.4563667143632566,0.4677115820736877,0.3760357852094101,0.17671286228265964,0.20705137213360403,0.11022227596820144,0.1831635699114631,0.12304711637212053,0.03736895366472185
2021-01-16,77.0,55.0,1.0,4.86274412821617,4.301360972841976,3.934520807134989,4.288849661953882,5.286913379526057,5.876802145283855,5.938796698880911,5.5100544213217635,5.2154726854543005,4.816734809482336,5.126248106259238,4.613924951481941,3.589224179407889,2.911992498104321,2.5099887517945167,1.8321054761824083,1.3526636681034925,0.7423074129118294,0.4139449397723598,73.19877465099096,2.9393984538342623,466.2691608945008,2.3137396123535554,0.0012396938153052992,0.0,0.0,0.06864733753550423,0.16452151928981962,0.20642467084535232,0.18511863354147956,0.23837942714422522,0.31637428284131264,0.28007591688225614,0.22124048053911366,0.1806194334395665,0.08144650085569366,0.04210784629900791,0.01528273753810389,0.17295622761940438,0.12198272943834422,0.018561868544371737
2021-01-17,75.0,53.0,5.0,4.531892019907375,4.0063988355709865,3.779988563838382,4.049585889656752,4.936604995317678,5.399013968353332,5.574345425645617,5.090638577597958,4.892363040934732,4.4918754490209265,4.786004582158459,4.324540171850831,3.4884291688684863,2.626522161051064,2.453751700653222,1.728561904654412,1.1916904411796574,0.7211186264636298,0.40693427275627003,68.54735254768224,2.9470687482787348,250.3143179512985,0.964634784172822,0.011204961381881824,0.0,0.0,0.09125429317078025,0.029650532950408218,0.14372547586556017,0.046204675892895244,0.12726971227711992,0.1198697610059771,0.15147984966148326,0.12018897666847991,0.0905661440925647,0.013552588481364546,0.013370973819956167,0.005281273760105054,0.0122205265261274,0.0,0.0
2021-01-18,77.0,56.0,4.0,6.090839886563126,6.052525474852584,5.517637107225138,5.8960996058900985,7.191270453419512,7.856595348758301,8.070153475596438,7.412659970279574,7.095467506797707,6.390054395485122,6.962403020129496,6.282923987723157,5.083184228578712,4.133295503053373,3.7813730191429213,2.6000835791107386,2.001024193413013,1.156220731718266,0.7199839975975124,100.46025998746765,3.263204698440778,250.42015097628752,2.2898263754088886,0.01930346382314873,0.0,0.0,0.04024012377351818,0.13617539966398953,0.21288164129017473,0.2948573667636076,0.09125793711519656,0.20083574195154852,0.2854878368067701,0.24515222355865887,0.18398202048353002,0.1621570452318119,0.09169666934062701,0.06612417145189942,0.20012548274225378,0.056687473532816876,0.022165241702485447
2021-01-19,79.0,54.0,3.0,5.511140711941824,5.297062574288667,4.702506857674193,5.068782727173671,6.161947002607258,6.77607282700303,6.928728445421174,6.319468129764968,6.096072719899445,5.434377772099362,5.983646658233058,5.403097811765575,4.383350449171636,3.5571822917085694,3.0923834622150426,2.2392533118734863,1.6447913668447824,0.8918889682741628,0.5063145407700429,86.08073836193009,3.245520432854633,545.0353644339187,3.5491786286100826,0.013465708090836472,0.0,0.0,0.18160134389184585,0.10761824345876937,0.38623806194666654,0.33952667797968394,0.3466383779125637,0.5315196619142873,0.315775591064493,0.3437947939531739,0.30188958781319897,0.12233989767290442,0.11434967818244407,0.06382502473210802,0.28099087207428486,0.09116070413572687,0.021910111877931834
2021-01-20,82.0,56.0,2.0,4.970042776755158,4.54271576120407,4.255031700539483,4.567042052903277,5.572039172444351,6.102940155313201,6.272299610986399,5.689462436067871,5.470748660396141,4.886593679512335,5.389937477733604,4.839669607585991,3.9048397481611254,3.1599888222265986,2.940538415839063,1.8509847454634913,1.5350691219583135,0.8932739197790203,0.5129084560933184,77.52138200393988,2.85647645483541,598.020725790922,6.718209321104174,0.0,0.0,0.0010912983389035453,0.11557590089148868,0.3428500145777452,0.7338241393947542,0.8275115154573107,0.7664586792197365,0.6852987651406017,0.8533997456437243,0.7914721486031279,0.544969107533674,0.322151391296104,0.20364892256133782,0.1676005100341102,0.20199895979265264,0.11102277877529138,0.049335443843610736
2021-01-21,82.0,57.0,1.0,4.5950751766625375,4.421180697958324,3.9606116811747407,4.361028437648785,5.30712182196925,5.877104349792589,5.991435593332348,5.497704456167989,5.232631460920086,4.424678363492724,5.175456802485213,4.6155117795098635,3.63378823957176,2.969250042870833,2.6423435663248593,1.7388150540437701,1.403189060324091,0.8579489930051107,0.5064466351432185,73.38598025225085,2.7852690375735376,664.2671055418989,8.119847380932983,0.013289545983106943,0.0,0.0,0.15245407075614237,0.814250642435083,1.1307656656459137,0.43422555641309374,0.9774892331454604,0.8672842467454007,0.9953941423027901,0.7729531725552389,0.577115126245823,0.4807279298126328,0.30525601550349823,0.2031720633932396,0.2150260395484633,0.12562964437865234,0.06810383205155046
2021-01-22,82.0,59.0,0.0,4.576645751459703,4.1351180695091,3.802045516380965,4.224719516812303,5.120552841630808,5.629304130985955,5.779741661337471,5.291511289989146,4.979703096509851,4.6274488712766155,4.904595900854072,4.4183826362950045,3.5079653429037796,2.910843520795154,2.3601748430022793,1.7148699302058437,1.3364383086383984,0.7613882832969671,0.4797825213630205,70.70682079087275,2.3629489566117035,832.2028340992628,1.3298945297274056,0.00575074243720743,0.0,0.0,0.03590399306926075,0.0429286454134622,0.03937938330416231,0.15234224241226338,0.16324198682184565,0.22205775460921423,0.18101483003416874,0.16069864503251746,0.0989489002870166,0.05136903996811257,0.051291620292598886,0.05487812855823598,0.03894401504107121,0.020717241687741708,0.016178103195733706
2021-01-23,81.0,58.0,4.0,3.293335615901922,2.883837176490048,2.709459304395442,3.0937337343465017,3.792843422436295,4.1425168093562545,4.274600139919993,3.9212204009879423,3.665669287618825,3.224824227083057,3.6472705207949594,3.30805936691717,2.6269617879821916,2.0364294563597665,1.7957882318324596,0.9397308737637251,0.8995736141725839,0.4992538759735816,0.32857238754374113,51.10671707225652,2.6902494187744788,738.7678077454583,1.4691001721500285,0.0,0.0,0.0,0.007895854916736767,0.09578111607932595,0.20147376054018737,0.15937275188803707,0.1900640265567358,0.1956573435039864,0.2258876371790265,0.1554739855518234,0.07807119378608901,0.043989495676382176,0.026352601872119935,0.02218339558671726,0.04155416010300096,0.025321039579312185,2.180933054791091e-05
2021-01-24,82.0,57.0,2.0,2.474528193971035,2.2833156821761404,1.9576827331885056,2.4866187416743126,2.967841928859998,3.264071858587837,3.3220312864013906,3.1010886901886945,2.9011524491931087,2.4725695818526785,2.879756808216921,2.5881058582017964,1.897547202347385,1.453564310350374,1.205624245095553,0.7446758223651653,0.7329598984598146,0.33039185771932195,0.20880864262375048,39.336796692360736,2.0782926639360095,387.3357442579219,2.1972464905855933,0.0,0.0,0.0,0.05926645168436979,0.2591287244620895,0.21188916740834565,0.1490752916309289,0.22411779191430187,0.2949709085815658,0.3389289534405364,0.2192236631616245,0.19124998928918913,0.06838689659676297,0.08467391258131857,0.018821398380019425,0.04351999016191851,0.0285310645185717,0.005462286774050411
2021-01-25,79.0,54.0,1.0,4.2636940021679965,3.914204772729431,3.3994775363631544,4.0117878753932885,4.875713572725316,5.333359791435413,5.4701929321869205,4.973173570614589,4.793569749922637,4.280715020097539,4.709617911286739,4.23586541892923,3.3362563664359146,2.7446503980070958,2.403402764613107,1.6565433270139107,1.2767527920060642,0.7509426868465514,0.4540358992127026,67.00683429974296,2.3051654076428374,430.9825878415384,1.2294972877603136,0.012004455534799278,0.0,0.0,0.05068566468291766,0.09549147570704562,0.07680889236641701,0.19242484282521077,0.1262589167903352,0.07287321190478731,0.1923058170449757,0.12005881786561809,0.17541440998556662,0.03920346807417392,0.01829286626145301,0.016223723569023706,0.029048169865968757,0.01788147568618712,0.006525535130633213
2021-01-26,79.0,53.0,2.0,3.612794374589137,3.335145521463189,3.126087087707152,3.4274686201126263,4.1314023679969845,4.531955221347661,4.6346702424577035,4.240482022658172,4.056269156104611,3.490110421877364,3.958610845698194,3.588332571707937,2.889823993472469,2.236406997725553,2.145035122444657,1.3477145634248802,1.0466593012977998,0.65701583450542,0.3490473344130569,56.90781881053527,2.119852164016643,514.7340405739677,1.992923836777648,0.0001437556154537287,0.0,0.010394515250365312,0.20156537644089617,0.23990869144291874,0.1337956972134779,0.19691573403497628,0.2650906717644984,0.216105844710317,0.2325222893745876,0.17420053230852117,0.14350761156252845,0.04453202933029961,0.021920303543109726,0.015554575598397527,0.08457901336703369,0.009295873912611753,0.0030350769231084498
2021-01-27,77.0,50.0,3.0,3.5085953192846597,3.1397720959352267,3.077024203670895,3.3753912451511514,4.13383891705896,4.5221114073106365,4.587085802373517,4.236216625860343,4.084555457413914,3.6402652214354427,3.99680800898305,3.603786632910265,2.818358044772061,2.351081473183342,1.9518235798260002,1.0963961753434317,1.007774336766229,0.5837928936539822,0.27773122276924733,56.02684532388017,2.3662251396447913,505.5104111740291,2.1693919067595804,0.019202930675535478,0.0,0.0,0.06237284150367472,0.1654622653273884,0.2185661650109764,0.2752053579969234,0.3379970340342558,0.29935716616520863,0.3085043724160333,0.1578992298544293,0.14517874719315405,0.07168364357987209,0.05135576334987923,0.026010603012195165,0.029732781303381948,0.009313206113625048,0.01075272989858299
2021-01-28,80.0,51.0,3.0,3.473590200082917,3.202858749719389,2.9065665345691842,3.152307232306538,3.948482694615233,4.278808974252174,4.427535926200271,4.041503342535036,3.835611186137152,3.2642597432239593,3.751860310211512,3.4228810646436396,2.76216882148496,2.1403792302018902,1.7221606175493394,1.1404569795257475,0.9175487375117848,0.6051742387678974,0.2919515400867622,53.34907593675235,2.5227822001249725,593.9039424680923,3.9953819345005233,0.0,0.0,0.0,0.15749363861935553,0.23771297932876603,0.5044397974849456,0.398233126862947,0.4939546045192983,0.37749303053554495,0.4914399036781641,0.46695785747839663,0.2914598037059128,0.19049672456313943,0.20014223156418356,0.10188355119591473,0.04504407305242299,0.03153592496954996,0.007094686941981538
2021-01-29,74.0,49.0,2.0,3.0102821453800055,2.8035814542616757,2.4662705345033737,2.8212200624454526,3.473777651894402,3.853411290003578,3.955890410572174,3.652203503632649,3.441416782180537,3.0499320464504995,3.3269520364762983,3.0827023387101007,2.379957991268954,1.9094104536990655,1.711286928056333,1.141950971072339,0.8549657957905469,0.4319668946722108,0.2771536172887927,47.68686176601739,2.0768329315732577,824.2049713982136,5.19497206533105,0.0020574250182882232,0.0,0.0,0.3211811873950256,0.47877467203659274,0.6623689887839932,0.5737911524376325,0.5743966989467116,0.5620586478208639,0.5349509307446902,0.5233533451851106,0.3754628265805209,0.17479553072039675,0.18901320173122804,0.07640398689599222,0.09804148401596982,0.043711794483687644,0.006667617552633771
2021-01-30,74.0,50.0,2.0,1.740694847686412,1.7546476048849136,1.8976366407260428,2.22145004703127,2.6516755198836086,2.9560493605470595,3.069301870038156,2.753851258887977,2.682723744265891,2.131340465685441,2.5876684029402695,2.388443931783748,1.7104469797683617,1.3618100617679536,1.1930982909414531,0.7268184763955311,0.4058142153494806,0.2842843874109439,0.1046586835732417,34.62241478956775,1.8918679295071645,773.6419299877243,5.138657119764559,0.0,0.0,0.0011156924390798028,0.2738716171111276,0.24039813591287518,0.46248312134147934,0.5977208939548362,0.6651662284735476,0.674073678008012,0.6310626250007839,0.48761028400104617,0.463547420704827,0.2207951751102241,0.22559112510472212,0.10158885457361959,0.049219428533419984,0.028761661537021657,0.0156511779579369
2021-01-31,76.0,49.0,0.0,1.8948949239518744,1.5902851350477296,1.5879628118511988,1.9320225010207865,2.2731687724052425,2.6056609957520007,2.7227846005677665,2.4593252816722484,2.2431156955686364,1.777991794343316,2.262038780050798,1.9698364853253518,1.4777848601708037,1.1418942521935327,1.0070692659939153,0.6217737450118103,0.480677722683315,0.31462968569066535,0.1499278819405951,30.512845191241585,1.7410182714900424,662.8607851492787,5.333053841347896,0.0,0.0,0.0,0.3695441399806496,0.29394367826493334,0.5029565811065855,0.6958035624482317,0.5736480481061255,0.5718549808619019,0.5568757884282958,0.6032913708599281,0.300827726485481,0.3444922898760337,0.28595530555821413,0.12684168855108674,0.0534015982163265,0.040265308885519824,0.013351773718582712
2021-02-01,0.0,0.0,0.0,3.020910234139902,2.384778412713389,2.432377051293043,2.8303512431950044,3.425760407444652,3.732648598173322,3.879512078318903,3.5862987237979587,3.441257444558437,2.6820601226822527,3.2699399821354245,3.022423481494483,2.399609799550216,1.8183759812498697,1.57906646975848,1.141735613029182,0.7567838896440878,0.48635070178486584,0.24873225899015064,46.164170975181264,1.7562248622585568,527.0645363986666,3.715156566584244,0.0007530269702554348,0.0,0.0,0.05850094575586061,0.2630283005190901,0.5864804325992606,0.5105373792738624,0.37942497235610473,0.3731878486029434,0.5499974330758842,0.4096785895106856,0.2874494930757643,0.08094587366632688,0.10056060275116796,0.05804287673773087,0.044153829672379186,0.011108545348391296,0.0020594436387910663
2021-02-02,0.0,0.0,0.0,2.4956156051952965,2.2534639064619237,2.20904821701976,2.4633750410835558,3.1452779982896404,3.469785575126591,3.524710544971406,3.1516204515344053,3.160637479865399,2.6840705052632727,3.013594516701256,2.6796401707315036,1.9603368124284324,1.6484811291792083,1.4269396637586682,0.9579408962817278,0.5752654191020659,0.40711446742202295,0.2545396116261136,41.52289403136035,1.5809423889957026,570.1299584799945,3.2143067121425672,0.027573379438309745,0.0,0.0,0.31691462463147685,0.24919724568464377,0.3012395977765741,0.34166625678244533,0.4313748526761006,0.2197821322447524,0.3754339624187468,0.3875306678591431,0.27364904261932405,0.1328034923803539,0.07298977567441195,0.04176766561383064,0.04238832754742082,0.019413575562126133,0.008155492671216857
2021-02-03,0.0,0.0,0.0,2.4113377483537106,2.269105366148486,1.9461382117129407,2.3222425869778696,2.8672669608375045,3.2825963716129225,3.343518635247914,2.94139326423627,2.8030210564040154,2.1627536064816497,2.8188897719868384,2.387714035065692,1.993787328667833,1.555674590119671,1.2134673563346356,0.6711485034580655,0.6959762828856487,0.4358979512255511,0.24041869754902567,38.433008678987306,1.83405934078242,583.2477559523863,4.487384289108614,0.005082521153899858,0.0,0.0,0.21137465592145321,0.40013953981475486,0.48039606310184685,0.592300947228755,0.3999173017459634,0.449327267073946,0.5108992719792714,0.49789557188692435,0.3657227095814759,0.24493549408745152,0.10903489068485127,0.10867266798438158,0.06424762926773393,0.040684800443006,0.011835478306798472
2021-02-04,0.0,0.0,0.0,2.208862384418069,1.9947804259017248,1.9315443358023872,2.143264921435203,2.691167572484345,2.9276958073090857,2.966040643501963,2.7955136434026175,2.619496551884493,2.0939741150967146,2.537986160647003,2.3096087960232015,1.9094025934048675,1.2161934631764828,1.0890397871435014,0.7505494510989328,0.5991394545532672,0.32072960143761153,0.1422529877219601,35.28047110516223,1.184757371863102,626.5872578948265,4.7060482078098245,0.008559299089315695,0.0,0.0,0.11672313912394532,0.46503585358854516,0.49933929656288223,0.5932365740249173,0.5161137313070212,0.5403221010178865,0.5000177877932361,0.4933708279683099,0.33542004275388027,0.25979401490512855,0.17679604541476465,0.08792520858307193,0.09039520502587674,0.0234471484595068,0.008111231280852425
2021-02-05,0.0,0.0,0.0,1.98824531986762,1.6511835645152246,1.6349613722646217,1.8829164289916793,2.357919616049272,2.5521366343098775,2.649734133131891,2.4464350733771956,2.2843569298228843,1.715538917625505,2.2875590241276194,1.9157595594061145,1.6134247161364395,1.053212608340863,1.059849258916363,0.7291631628027306,0.5149651231708938,0.23252529981302583,0.14757971359753097,30.743956889895088,1.482128990885911,777.4082836281584,3.3854986104945968,0.002259618243444134,0.0,0.0,0.3060217282372934,0.1779297674935646,0.23740308412716252,0.4088517362836385,0.35182538717626793,0.4407323632116483,0.29720352209511847,0.3035874738992237,0.2957787903446869,0.19677127048834153,0.18069936615850307,0.09176987267774807,0.04837025341062856,0.03012235265642931,0.018431642234342217
2021-02-06,0.0,0.0,0.0,1.1852246585429889,1.190312316344924,0.9852082893856837,1.4489899513612783,1.8624286420855272,2.0377838923474307,1.9597201448578363,1.8563936028782477,1.7022936332746497,1.1449022892057648,1.7295770002908115,1.4934854604639354,1.128229404277388,0.8129076586997015,0.6144001827585112,0.4350131069859804,0.2904314326711947,0.15943364862430356,0.09170930391248276,22.12844461896864,1.2878733539710276,825.0345365618915,2.6764020873185626,0.0,0.0,0.0,0.13533264913657134,0.22284283810504543,0.37721948875183664,0.3010585012619761,0.27676823241972015,0.29457281376582733,0.3041992146357158,0.3041567534186457,0.2520305765857644,0.1043923041546985,0.04304731856741704,0.02180747879976204,0.03056084130513556,0.005540366589486344,0.002872709820960023
2021-02-07,0.0,0.0,0.0,0.985424189800233,0.8761431924318105,1.0814651131300854,1.268738891539279,1.6994276570890827,1.8195053837399142,1.8295556578868022,1.6625106806255936,1.7095042642944172,0.9867951415880647,1.5354603725539724,1.3884394249107987,0.9935943479985914,0.7276475154149806,0.38480986096069075,0.24574475019280284,0.26968050681720734,0.17428891476454522,0.0928664463660584,19.731602312104933,1.0972124347764782,430.7588123612129,2.474196809338443,0.0,0.0,0.0,0.2069884763697037,0.23553375108777258,0.2454438385172231,0.06812820864296959,0.27201281460963767,0.35980677214733164,0.28589406169291554,0.31422070321887563,0.1450077680401362,0.1482940787524878,0.08896416162484877,0.05738012219554562,0.01793161217831965,0.017448183022773796,0.011142257237901531
2021-02-08,0.0,0.0,0.0,1.5909027876178197,1.4507572036294734,1.2886136047888819,1.60232898379721,1.9485158573445416,2.3096493124978092,2.3627125376498213,2.1044153090066966,1.9903913597665202,1.549643221333345,2.0428897078702564,1.687213948684749,1.346482084571231,0.9600008088183668,0.7454616660475184,0.486513374618069,0.3174599860126855,0.20183840375614254,0.13162084368564209,26.31701285079197,1.013886817051318,480.7475472820836,3.663684800258955,0.002024994214302245,0.0,0.006688406007100428,0.17528507315927416,0.4191463274283882,0.3201074709644693,0.38888117675735684,0.45155648132070425,0.41033127048539775,0.4947007812012821,0.33862865035357215,0.3100806465619701,0.20229263476895917,0.09062268452484155,0.011353140429806285,0.020592263994003684,0.010179578444916942,0.013238213856912357
2021-02-09,0.0,0.0,0.0,1.4143860508143598,1.1970226300650153,1.342326992500297,1.5901299232579977,1.9541061275292395,2.2267459096167364,2.2892072957372034,2.133522024229636,2.0405559196508323,1.3827523383486022,1.867958519353286,1.5705936277466366,1.3092654206895504,0.9267025132311674,0.8038812269674889,0.42425975647377867,0.3770153885161313,0.2100665966032939,0.08513702603760145,25.19178989198644,1.1354205094221488,554.0038241114246,5.086133951304875,0.0,0.0,0.0022211360648395507,0.3294399524642936,0.37906274635360193,0.5160222931735449,0.5598517938278366,0.5657713175647978,0.617748834601858,0.5104695512910741,0.5612595822947419,0.37445167287573716,0.27609614668374255,0.20815771795776378,0.08789442514642438,0.057859649719572664,0.028575291114136626,0.011251840170909497
2021-02-10,0.0,0.0,0.0,1.2472412526214098,1.3557466298282295,1.2068964195737066,1.4386400343104473,1.8422535483915357,1.9782098500807113,2.072308059811394,1.9498726352639215,1.8469497750968686,1.3043661581818937,1.6734043337242959,1.5959482127734226,1.1366717696162851,0.7945830789264966,0.6865641872621274,0.39605467875040723,0.279268729052843,0.1270690850949868,0.11580497403716741,23.095012587360166,1.1063438144121398,618.6679912707954,7.903035147986207,0.006279550931901256,0.0,0.0,0.4372438472063682,0.7088180554070231,0.9287131458936347,0.9049641006724888,0.8830050825862857,0.835864448367391,0.9597236820289172,0.804666308929274,0.5273456506021635,0.3936380324921794,0.2274090515535406,0.1457264141654979,0.09687590061017974,0.03180787588002987,0.01723355159123379
2021-02-11,0.0,0.0,0.0,1.2293352494870158,1.1089466230112164,1.1070068666176376,1.3507626293921993,1.7443045338090826,1.8500153170992388,1.9488599865183178,1.7632290588291166,1.4722317709316997,1.2349258831312355,1.6746436543081828,1.3182223889636968,0.8250761390703711,0.704417881139178,0.5650156288100248,0.2628298258798662,0.26363706059861025,0.18350782085724562,0.07364020730880792,20.813480298821254,0.9724583399179156,756.2535777340175,9.455297171642869,0.028051540914221483,0.0,0.0,0.7711147841316702,0.7669256998923188,0.9881196585340726,0.859097170462421,0.9416974910157316,1.083120026921759,1.102962348506391,0.9024319603365527,0.7689234140719948,0.48420945044897185,0.40936295973746,0.17318003632964812,0.11825248965803806,0.058904213421635765,0.026995468174202338
2021-02-12,0.0,0.0,0.0,1.01673721115288,1.0756179050193257,1.0808727263889177,1.387450044472197,1.621508204841574,1.8268992741787398,1.8879230704127843,1.671143805685221,1.5341599994049002,1.158406496040472,1.5332482395672737,1.325187391495071,0.9381060545181632,0.7570455895315955,0.5324352298848618,0.4248237665790375,0.24696913378540744,0.15947141104395043,0.054027311991263774,20.26748815827193,0.7909400730611987,857.7727779915275,7.272619489808294,0.005978597844894553,0.0,0.0068679504915300895,0.3436181826711744,0.5639817496482148,0.6077823239594857,0.8615902071195986,0.8894727483858504,0.7091870017637629,0.8583741836494464,0.7872940310063985,0.6148450116406756,0.39808234921758695,0.3605038384328082,0.13318994157498204,0.08348508532824395,0.026981593667601042,0.02736329125093403
2021-02-13,0.0,0.0,0.0,0.7271036142814674,0.6451202957219742,0.7187579540627538,0.8623130091893927,1.0820950156952158,1.312581177207949,1.2537321171832483,1.2190252353735282,1.0700494300121153,0.6407341347823858,0.9931531142867314,0.9840682219646972,0.7649116018161447,0.5102062945855348,0.3163263738206291,0.1623485797498312,0.051661767376897774,0.04819636566402388,0.055040295533048275,13.42447372153698,0.6904645871067767,707.6092465975161,3.133237659248577,0.0022013585996730816,0.0,0.0,0.2103007536209016,0.142044330900225,0.2956856818233386,0.37493561539323594,0.35603264631034137,0.3968622441520863,0.3768061720475635,0.3449720982419824,0.21391132363374182,0.12230882432121974,0.056271254066391156,0.10733059684217099,0.10336666841131932,0.02226849524561886,0.010140954238440213
2021-02-14,0.0,0.0,0.0,0.8234887411284929,0.6424732045703723,0.5099280307555547,0.9642308811333631,1.091341803255797,1.3439224349058407,1.3204021393432974,1.1478691674818966,1.0886641102760695,0.47909550913935894,0.9661866635006222,0.9265827397499158,0.66148276870617,0.2859191337071988,0.35791494122574374,0.19349285544094247,0.18742455353413695,0.08685426669809213,0.04462534342618647,13.137010101054877,0.7648681145782659,457.9516078208117,0.9980584034500145,0.0013215160432047644,0.0,0.0,0.09421988816899388,0.07799670443062173,0.05112701819728073,0.13018194168705322,0.08081193058967728,0.11018944651561657,0.08359613876985261,0.09741583886032774,0.05011422904099652,0.05024936569865485,0.0909713657523428,0.06006140931189067,0.015589244808101733,0.005533881618604197,0.0
2021-02-15,0.0,0.0,0.0,0.930486450338579,1.1704583922480487,0.8928452940278637,1.510617473572772,1.7194900218989302,1.9261465906656947,1.9887229460721936,1.7272889833750384,1.6743491094430951,0.9281890015949991,1.7263960502555507,1.5422069894364752,1.2358072777757347,0.5361106086306289,0.5500498152165996,0.44790626982309645,0.23975153871094018,0.12917005092738085,0.09803351813149423,21.026867528377682,0.8336458852784144,398.5195790084055,2.5548243373275894,0.0022013585996730816,0.0,0.0,0.1354450351903969,0.253501262541233,0.20577075294903396,0.3138902996342226,0.34553371619816015,0.24219064516506134,0.3243119655680264,0.27564707353337536,0.1631592409103848,0.1683599205914587,0.04749774361072945,0.02274520168640108,0.035833372236644914,0.011615402868071775,0.009322704644388882
2021-02-16,0.0,0.0,0.0,1.0136522261148502,1.0113094390379684,1.0239550075720287,1.223095414427715,1.5860462958682706,1.7216976518016451,1.79967365573568,1.5631570582773338,1.4771286193634312,1.1237763085077561,1.4773641358546854,1.2320456495010028,1.0221489664768906,0.6401609748405135,0.47754058871289456,0.3998129788261493,0.2824842037395966,0.12273471432122045,0.09787690831193814,19.34272511178654,0.8927763756123943,603.161492327724,6.638355200393585,0.008114743292101618,0.0,0.005113038625400899,0.40016043895946196,0.6597623143580378,0.8000441919901725,0.5840104885111237,0.6242055440059516,0.7292206637931092,0.675026513895103,0.7887615486366198,0.507348822094456,0.35768701777864365,0.20898213189094691,0.1134646956926427,0.10478855368865145,0.05210747815006808,0.027671758323195447
2021-02-17,0.0,0.0,0.0,0.9179290629344661,0.7622558352755713,0.932998257661622,1.232522432866101,1.5193051077720525,1.6993677679037649,1.8651610442663442,1.581880267896026,1.3417772807851691,0.8087199882430226,1.4174178354033042,1.3086339525283857,0.9278998546861768,0.606595176158502,0.37070638891797636,0.2327561095153494,0.09314154946950007,0.13695616165084462,0.058643793435287236,17.84295016109954,0.7535141199666545,764.5313875999282,8.127719229922132,0.03242912586422913,0.0,0.009378799398365922,0.5544644555900162,0.8787940056271444,0.9597338032145029,0.8228798066073553,0.8477387916778214,0.8686522789156772,0.843201624797798,0.7483521816130096,0.5643700982273054,0.4289754347128251,0.25986067141862507,0.1542939632480628,0.13473898621395444,0.04407911686156413,0.008205211798103157
2021-02-18,0.0,0.0,0.0,0.7065252907979398,0.5965456858144547,0.7921646605671873,1.0681955214015406,1.3638453542214093,1.5100901086111214,1.5609298927102675,1.3898583202576618,1.333459286640966,0.85771988190075,1.3461656468812562,1.126792956632295,0.7216342315894962,0.4912428222216416,0.500770493646536,0.2559360231769577,0.1866056154573439,0.096983385650792,0.050179168591072854,16.000403196201017,0.6219902628047554,767.0914155627536,12.94536808597384,0.07281521108141448,0.0,0.0,0.9269041770987034,1.2230800264297423,1.4938865958629264,1.4077954723108763,1.3943508338385473,1.3493716776379008,1.3334811077304745,1.2207631514430088,0.8815106725708162,0.7243057686790009,0.4463246530126572,0.294641928941733,0.18728028419880302,0.04397164311304531,0.01770009310560637
2021-02-19,0.0,0.0,0.0,0.7878555019273211,0.8794476877380292,0.7729484798397055,1.0650448359962583,1.2535129491432375,1.3628943916513276,1.5164332342723454,1.3079202090593118,1.1856485751475172,0.8440212000286547,1.203471877303073,0.9872920696877983,0.6955434162696761,0.5061141773875348,0.4261276686843146,0.19456592789858676,0.10323833461367497,0.08794779956620884,0.04720761780879023,15.237524202360394,0.7227271006848071,649.380794762417,12.83358610629,0.011735878186392358,0.0,0.0,1.137392505760926,1.1239959465199763,1.2938899237868153,1.4716981150951303,1.288931357736543,1.3863351024765904,1.2349226366242902,1.16421569381998,0.9252343007955252,0.6425664284448599,0.5347140349158516,0.31639621312525185,0.1996264333707543,0.09121164673870387,0.022455767078799718
2021-02-20,0.0,0.0,0.0,0.646629023403925,0.6416089553295441,0.6475154889559354,0.7844187626032453,1.0926813837843827,1.2577947754271128,1.2791290512914277,1.236814110769576,1.0177346737382045,0.43651398884034687,0.8762633532708451,0.9747614039570228,0.6167381339315255,0.3693321642768457,0.088488023761869,0.13715275662066465,0.08626762747656452,0.04293277190522618,0.031562174400880286,12.26520351141522,0.6016074843692764,581.7214270478524,2.9721359122119733,0.005339463581039473,0.0,0.002933102101182629,0.2588907939141104,0.2840207120441122,0.33055050659624924,0.3306138212495261,0.34185043889373556,0.2908486946970353,0.24472825500717543,0.2854000636105716,0.26031856818514054,0.13956464209547942,0.09546252832330047,0.07680679808519403,0.021639652789897247,0.0036120132692653243,0.004895321349997593
2021-02-21,0.0,0.0,0.0,0.6155122789537649,0.5772360491467889,0.6566567407833447,0.6637295510012481,1.0040987482121593,1.1341466690149287,1.3164439080034478,1.00404491624051,0.9079872333053427,0.5827184351463307,0.9195198225043476,0.9191865829507401,0.49705662626862956,0.4308963783153139,0.20744489005408182,0.1039539442765369,0.08371847599110928,0.056241989565663945,0.03714990403613085,11.759017406532845,0.4326316231006498,222.80879858752022,2.417934551760619,0.0,0.0,0.0,0.19228912108733778,0.1345702690636305,0.216249686981988,0.27976290324748376,0.32026804476437754,0.2641481951446034,0.17587885217748028,0.2969199608017681,0.21113481558926955,0.13533963940890117,0.12722593034402063,0.024978237966237615,0.01326059840843607,0.025623761032351217,0.00028453574273343095
2021-02-22,0.0,0.0,0.0,0.8674268894378043,0.7384394686759529,0.9164539816026707,0.9770253717555024,1.1852296864872183,1.3948490130712874,1.4306434744134628,1.3697377019560075,1.2085370694562643,0.8094888101734719,1.1196324601956504,1.0830438969002874,0.6724229617663986,0.39725974280620957,0.17431962983002708,0.14410722840967533,0.16935726734278345,0.049386519897796494,0.038895631361465434,14.777909413172047,0.4357464418717698,351.05630061791044,13.105550872206297,0.011081042586526136,0.0,0.0031942895241059465,0.956153813042039,1.2605944895791916,1.6489639732077268,1.5444794657983725,1.5218930652974292,1.4428652747456479,1.276852782470512,1.0807624544691936,0.8107849503639075,0.7037422805032751,0.5158146331643298,0.1938090645234321,0.12394335816356691,0.020410253409591482,0.0012867239439767078
2021-02-23,0.0,0.0,0.0,1.0162160090470573,0.6981972041533759,0.7888065576215407,0.8779120019043745,1.2669032211677582,1.3897096991721973,1.395508552704624,1.3895307937188037,1.1153078999847517,0.4982329935168882,1.1405321770402082,0.951266397947298,0.7203844603488698,0.44470900269394803,0.3980705615791627,0.20362262176542928,0.1312523095993893,0.05660861751899628,0.037541071846168624,14.59943072789111,0.38691175360706415,566.6904044793722,16.385356064883666,0.02658657898159427,0.0,0.02551706062087855,1.3156007047487897,1.5202292423372468,1.8209874294768573,1.7110780610217518,1.8150756994645816,1.6200047249680354,1.5857220084133328,1.4614827784621078,1.128025932509477,0.9491740283788892,0.6139829797123435,0.3089777673800502,0.3000717027538054,0.136472176379082,0.07295376825643932
2021-02-24,0.0,0.0,0.0,0.6016628254864648,0.6488436125903894,0.5623020946681017,0.8503458758537156,1.0800787688163118,1.1695443492598023,1.0767389959948461,0.9520776086162395,1.0287808927115107,0.6335781963314435,0.8792628225827728,0.8243513328315153,0.5895151645620076,0.2810971577940995,0.20989575683386028,0.18255147949948214,0.03828385164010538,0.05367245501364526,0.021609760197575673,11.765526622740964,0.3920800551906222,679.391240114123,35.43152094038601,0.018881881175893508,0.0,0.08943438603329378,3.2503704367567288,3.3590887434986434,3.715312153452075,3.9344944133425668,3.664253505612885,3.4766933456719977,3.165887624838586,3.073117073453631,2.422600981511892,1.809830784512275,1.4347602048883044,0.8109879220591694,0.662161516092618,0.37788791829108154,0.18463993037025883
2021-02-25,0.0,0.0,0.0,0.5011362877363073,0.5668363714683569,0.5913081865714507,0.7715311047884765,0.9859649114284603,1.1114755792065236,1.1646564985671835,0.8959300016313827,0.9191290057121251,0.6599413602532476,0.8536027564577638,0.8439178545317402,0.363111996063725,0.36862806007735716,0.16727817395122863,0.1244533667099432,0.06799530821113905,0.07234416871715776,0.032097116297319234,11.121378731445963,0.4706572345972558,812.4696661301002,46.639826024981936,0.017136874735741527,0.0,0.05732060534599386,4.406725443388917,4.428547990920379,4.950183800531385,4.9470299974302065,4.705425121987727,4.4783027400843824,4.451348189820132,4.008054486341413,3.116047424346312,2.5119809992130415,2.0797411337465586,1.260641956819375,0.6865965202006215,0.36833209188117444,0.1835475229243173
2021-02-26,0.0,0.0,0.0,0.56384905650104,0.3548756304092721,0.3934903084738973,0.7236785275332978,0.875025686090432,1.0269538294432852,1.082754719252811,0.9258098530732923,0.6705059101325985,0.6930437512700474,0.7592794756141636,0.7146145030339213,0.506297861514069,0.2626514785631075,0.12435721997140217,0.08032747353612722,0.03981831459065766,0.0418729763972567,0.028381015144013248,9.896499429761551,0.2305743538226973,852.0944760977543,44.724727356773066,0.004800826081594416,0.0,0.08482225591755263,4.116868395414067,4.246770296604799,4.728561464446079,4.839585306478553,4.502838377735469,4.235994239229656,4.203572160139334,3.6654449603953028,2.9125951297805814,2.4232747760372138,1.7604042557607298,1.1155392368085943,0.998029143529642,0.5037898755726065,0.38663748292288597
2021-02-27,0.0,0.0,0.0,0.2917553843365187,0.38798688514704766,0.40831232804836276,0.6066674226423857,0.7752769658439309,0.8440395383773152,0.8564825143979572,0.7176535821802965,0.6219446792689693,0.16565913922394873,0.5446814356374345,0.4574784024224965,0.43276837132198626,0.13114681923759053,0.07977832024505316,0.04877417830447771,0.034964972860820794,0.003760978958280363,0.005754995705536125,7.430778616796447,0.3448150484486552,712.9228976134186,22.781024570295138,0.013790976534975508,0.0,0.04553824867054711,1.9251452084550773,1.897200110555835,2.053505142774495,2.5365486830969566,2.4270986198187074,2.2428645396314555,2.40737730709433,1.8448537832173972,1.6286593749264484,1.1444080923096644,0.8422497990093049,0.46662560600630193,0.7236185787596444,0.3798519425021306,0.21547953346684146
2021-02-28,0.0,0.0,0.0,0.38697476701371064,0.25667213200304717,0.2164958889367124,0.45700148002900537,0.5838893818527509,0.8826080081565365,0.8893387043367947,0.7072296976358103,0.7174411151452971,0.32583726310131644,0.6077231741332634,0.5303666091109929,0.2788206178848039,0.1216814355963304,0.06717985085704425,0.0738413002245412,0.020341698011887482,0.013956993530580584,0.01794338793569243,7.155343505496118,0.20595839061839402,364.0375507029578,12.64356176863896,0.0014764213309828118,0.0,0.04154539652286324,0.9154422094427406,0.8794583895994592,1.1037257691078788,1.1479592932269973,1.4102730218590571,1.425343513914495,1.4069536715513107,1.3263696421658049,0.8000520427526338,0.5979985365531931,0.4279785006851408,0.32594350234453645,0.42567625012692534,0.2702708398767373,0.13857118890918738
2021-03-01,0.0,0.0,0.0,0.34007637637963867,0.4964361957762354,0.4736758848154293,0.5468224448880067,0.8075290848011494,0.8492431898475441,0.9202125785833638,0.8591602600159327,0.7999231397579172,0.543655243775701,0.6647044126405739,0.44282729927968384,0.26326957047305677,0.23473964751841792,0.14679341360805986,0.1039656703467235,0.08621973410316788,0.03973601331097875,0.046679291879787005,8.688893602802963,0.3418131876451875,235.66894728922745,27.254295182720977,0.027244664964200478,0.0,0.008285724171428461,2.281802056089678,2.3841261110080776,2.9379604277935574,3.0799776350949504,2.903047918079912,2.389758737561593,2.7143541167458793,2.4887107864259734,1.9462099732129017,1.4375961994531987,0.9002443505771578,0.4950019570356561,0.6806009322945747,0.3855255104724006,0.22109274670403822
2021-03-02,0.0,0.0,0.0,0.36514808074867056,0.643061974474768,0.4393345720705929,0.6582419355599137,0.9387762547329102,1.0421763504862136,1.014198478146572,0.8796631274232084,0.8364476536274287,0.6381596145005276,0.7413908292143219,0.6789338546912618,0.47408102480095154,0.3013317046087429,0.1569266271844404,0.12278322309748428,0.047769539706385214,0.051406795838422975,0.03036482910458239,10.094193785213047,0.29970757233572215,320.33260890946946,51.62079424844147,0.03511533305999751,0.0,0.06065392375817802,4.097363532446951,4.450298011451401,5.19018713120981,5.258916652684688,4.8621802720853715,4.810355628554306,4.986838650030063,4.4085578285815545,3.562137027724314,2.866787770197527,2.459436493088471,1.615752313507474,1.567430892742066,0.9071451235380208,0.5167529968412763
2021-03-03,0.0,0.0,0.0,0.46997045812452065,0.35460355059409454,0.47791190312315773,0.6163109758641675,0.901201812682382,0.9715217564267297,0.9576980071465572,0.8303264787202793,0.7114339255434984,0.4396237172765306,0.682214879393952,0.6641020160104923,0.4365763697541904,0.1562538949428318,0.1678343664840038,0.06538552600816283,0.03583483189428634,0.020570612977756347,0.017044135927112535,8.98681026460526,0.18865923668225493,445.3011816710791,95.98324121547648,0.029775938782543795,0.0,0.3544558658393418,9.067317590119242,8.206706488884972,9.218064134962827,9.544621318105506,8.810492083885919,8.778984287499275,8.758060617901183,7.871066300422294,6.462384044230808,5.363622002095626,4.849192621863995,3.302028049072016,2.724155207395344,1.6688617278234033,1.0032288753747354
2021-03-04,0.0,0.0,0.0,0.40033061004675374,0.523556288154856,0.532335804062773,0.46124849654643063,0.6881023532271241,0.8303983283241947,0.8065628698231461,0.7100910916486934,0.6905641406301519,0.4631438405486601,0.6613020965359557,0.3927832542865507,0.23656713355873576,0.1941133949401927,0.16421792069747557,0.10533401165104934,0.044711887850218346,0.049093115396672896,0.014824309271581772,7.994007177660444,0.24248878489147507,597.5798127761449,91.85799671767414,0.016265213904330195,0.0,0.2649245512114636,8.136275327607473,7.538137975224858,8.47767730447245,9.179882179791614,9.025862710562583,8.78716893894752,8.625943157976392,7.733172387844731,6.115292379337572,5.081496642571237,4.670797449185162,2.8811410451376567,2.6595215006968576,1.6604927703800003,1.0202103967265748
2021-03-05,0.0,0.0,0.0,0.35198126119501333,0.3355597686860826,0.5116126719044068,0.5128798177819998,0.6773136729291662,0.8326905600694655,0.8625475294638221,0.7684130391293653,0.6383168763803162,0.5881216810983105,0.4116052047228722,0.4900689288665305,0.3876321973411143,0.20153397365480435,0.06400083616268071,0.10919118540371571,0.05215653285237537,0.026717619627320277,0.011648378596319675,7.850557409280128,0.2662656748940256,726.6088032625346,80.22467769939945,0.05991383441646534,0.0,0.084823701679453,7.693419678145144,7.534657554629989,8.151727790274617,8.298942791796524,7.618166385997475,7.2906390025345935,7.124686213647188,6.384033379159995,5.210836651256375,4.238774367184759,3.8717861018509154,2.6046621670198418,2.041756126160942,1.3330229476955922,0.7427428403660455
2021-03-06,0.0,0.0,0.0,0.3349113949423248,0.3449576109833107,0.4106122262531307,0.4213004303601688,0.5479458110446233,0.7366326605945319,0.7555304185816726,0.6851342484423709,0.4917104860218091,0.34336352181653074,0.4477809352076532,0.4506969310306243,0.25077987135235363,0.09660983389718186,0.13496002080310548,0.036375162322041715,0.05687921564650124,0.02109567962460787,0.00899092983025778,6.58213563502222,0.21870626123847664,780.322996395423,48.49466288006746,0.0006803492459462522,0.0,0.07065769970601225,4.177613017986827,4.374604165199918,4.777690235263956,4.891340394231489,4.719396736731351,4.628513739240318,4.241804081259037,3.9959931181395283,3.4579627429507576,2.786636859260981,2.3384016039322333,1.5029312815397047,1.3247023350481266,0.7541687980024696,0.452246071574747
2021-03-07,0.0,0.0,0.0,0.23561576061934889,0.22610971457990742,0.3454801601884717,0.4308247789557533,0.5892548991395073,0.637093852126901,0.7296211778729448,0.6512299846571445,0.6316905420832564,0.2794383397600937,0.5465719112096281,0.4521240958328274,0.3209604218911904,0.11146869533942955,0.09699303600109947,0.038140582034775564,0.03222469427931006,0.02596385763191559,0.015433503828597081,6.405561785192541,0.13137309256952795,306.0884612617099,18.14367242054423,0.0,0.0,0.00015980887259645503,1.5389010043724198,1.5326952555882545,1.8549124491081026,1.904029331449432,1.8353381918508924,1.8523800643175963,1.812681877896478,1.6915182701914733,1.242749940628772,0.991341969128816,0.8263224916526969,0.2504189740104332,0.4455375395502621,0.2545566014198821,0.110128650506123
2021-03-08,0.0,0.0,0.0,0.33957560922552354,0.564208204411731,0.6574159718536806,0.6839248601778392,0.8104457256475985,0.977861772641102,0.8448217668590257,0.8006942817836818,0.6603931473658885,0.32422963840479374,0.5100654626451018,0.5163332265794122,0.328053627131917,0.33432421752666686,0.1346207369855149,0.0802444826363004,0.05091474801636737,0.052850263163501526,0.016941040773655873,8.731530783887752,0.09455052011382291,298.5621352488581,48.05972586071805,0.01500898902541244,0.0,0.006645373467849907,4.566044951076888,4.575312504484925,4.906410986432902,5.189661017335773,4.7479463764000895,4.592907294114838,4.5545200375940365,3.946078929058685,3.0769663627418167,2.5378178273442344,2.1966571332893055,1.3010338392259873,1.0430717542613603,0.5273995910398723,0.29125188284948833
2021-03-09,0.0,0.0,0.0,0.507117290535267,0.49218371306207687,0.5639338184987335,0.6181469240900116,0.7977625383057088,0.9815356776590285,0.9877625239356282,0.7844655235245162,0.7533906534659072,0.47529509925598434,0.6292798833571769,0.6690766439519306,0.32117975338855353,0.20202132771549122,0.18106695620231644,0.08385763599083579,0.051047776656456045,0.04108621629305068,0.011880252703650169,9.235810152011183,0.11925758765885588,379.77082502649336,98.43406738694543,0.06285617672253092,0.0,0.35806385371643473,9.928893941302174,9.002821681996691,9.78135482224031,9.943542325860811,9.195339934079865,8.989990284838344,8.855926360580321,8.008524949761599,6.458695006163475,5.381895114600822,5.051202771977348,2.8096829471043123,2.522288439759686,1.4704757673249085,0.6753691856383337
2021-03-10,0.0,0.0,0.0,0.43652547902493516,0.5958829027720358,0.4088536002566847,0.49126550677597336,0.7766376392168097,0.8183873599401431,0.8870302501110991,0.8206718188321418,0.5389849625086418,0.5630848518972758,0.5921450285713052,0.501702773545273,0.39800418233311197,0.126317746406543,0.09841818406346839,0.04043616877100148,0.050595342808775444,0.01846502730152024,0.006445519206231552,8.184924013253957,0.12038713035049595,399.39538915424066,140.1005110036098,0.052025070449321774,0.0,0.24014260411371963,13.726815945502098,12.502698624292124,13.388877371234116,14.11648826999173,13.269783278387326,12.810677143534324,12.550381506624998,11.290172702053415,9.198317235320198,7.738996166642163,6.999992842309849,4.855822070370789,3.7229432303202765,2.4125679429876983,1.2758340699249564
2021-03-11,0.0,0.0,0.0,0.48328525482623486,0.47729507960530604,0.422712375293807,0.4922937298220809,0.573635274224867,0.7830457377687277,0.671533501381631,0.7394888593423201,0.6708852204369136,0.3812702229178619,0.5389639043150645,0.3988182650137615,0.30547863763255,0.17864063670422323,0.10082798361714791,0.09110878325341523,0.042718572049587844,0.01496340641579109,0.011160531350867604,7.453852885387133,0.09541595743227796,253.13055449648033,106.66330004400517,0.07360691833592398,0.0,0.42002325416379727,9.931574970668663,9.273585321186404,10.338764323003215,10.848589586745522,10.13260913555236,9.896980109495773,9.748781833043003,8.76609997513326,7.098083050464525,5.665887803323964,5.100587460103771,3.77246575613411,2.959951825683622,1.7069460703796584,1.0023695689235148
2021-03-12,0.0,0.0,0.0,0.46298060770611316,0.5444155030808413,0.5130688843488955,0.5565254584862076,0.7652691019836935,0.8459061080693895,0.717163483840399,0.7584623923774576,0.6916974955216767,0.525918957862558,0.6167329056469851,0.5516879074491233,0.35785056977145824,0.15507512634519657,0.15203297583634182,0.0737268154901746,0.0642918984813126,0.01993970703570272,0.012238877863076598,8.418102181568209,0.05421729333474956,623.3535366879648,100.30125762505796,0.2167326467785406,0.0,0.35117102556152024,9.93766185090695,8.956259861929825,9.90877453552858,10.236820449798309,9.420673874038936,9.15537470093888,8.976362677809375,8.090889422765867,6.471799695247414,5.392686763218887,5.089033305044688,3.1400872535749897,2.549367560005424,1.6501570500728988,0.9741375986154243
2021-03-13,0.0,0.0,0.0,0.31354149282159416,0.30975868746552326,0.2981936180667254,0.4373898120708588,0.556233716118923,0.5860021569208961,0.7248099588530504,0.61470315836343,0.5612922202279643,0.3332013734906607,0.42106457699801064,0.27752172042646406,0.2641681840681481,0.15784235230469024,0.03896357587227249,0.03938636980231289,0.05696380174776853,0.019300245603780394,0.00492977429194729,6.025043305377591,0.13307297093401085,775.7525543991097,58.09148989002995,0.023870964026950804,0.0,0.2117742732134206,5.337829587298308,5.03873401353627,5.636661008927658,5.8380334714124595,5.420043655266632,5.382092518439943,5.450411650851211,4.917309834710909,3.922101281945979,3.3019458875089946,3.0552404218464275,1.940483716900012,1.384833590632232,0.815706681939195,0.4382882956002984
2021-03-14,0.0,0.0,0.0,0.38570368673714844,0.3007557939482072,0.48302522946289034,0.2916516936162116,0.4262072311622985,0.6431315636152348,0.69837158124505,0.4955707190548535,0.5107156561200445,0.4604672392533281,0.5339940914013056,0.3713443835180418,0.22978811496197607,0.1712020420702285,0.08692082049903105,0.06481343823432337,0.008501469082814527,0.007162497543610534,0.014022727008744263,6.197622170373794,0.09435329094695519,444.06500090149956,34.3673075438575,0.03185799118658127,0.0,0.24843326257636975,3.398343208746448,3.0927010332892957,3.5154100196201457,3.505237206278019,3.4125630946712637,3.2635968598947,3.1650032766590646,2.8732622580088307,2.3278536764107467,1.8208600202712715,1.5617321822613028,0.9782312945975975,0.7795286062538519,0.24559373672637524,0.17895780759221463
2021-03-15,0.0,0.0,0.0,0.339514644561581,0.6457520086302062,0.5939430037437745,0.6637149567306941,0.8682559140987535,0.9188658084676344,0.9373755796231934,0.7998553638640291,0.75259171665986,0.6819586112858209,0.8291459575056999,0.5985987256757627,0.2978045760537836,0.12364319964602845,0.11362729575224473,0.02557226583273957,0.0628484285310571,0.015925885535009496,0.008895828791980108,9.278762334733152,0.09694090221907024,668.3841722031046,54.826910679920644,0.0019654894300062836,0.0,0.169309345972523,5.176232353447537,5.177947291390625,5.393843817588328,5.886303064245598,5.478613994947232,5.217225030700937,5.2735011342567955,4.749541529297211,3.8535040317969584,2.8978369903590044,2.8069806513232147,1.326122963302248,0.6638895617232523,0.48673864911557563,0.2693202704536035
2021-03-16,0.0,0.0,0.0,0.46096248851223953,0.5367572073918078,0.5497274341576368,0.5335246891817895,0.7090123837788733,0.7546234941413578,0.7949632149984804,0.8203575359297012,0.6283613474679517,0.5064519733841412,0.5888621001932313,0.44223460773680406,0.3075533861587355,0.13314080629886943,0.017033455271482575,0.048878540206682766,0.02274553234275738,0.02091610600922194,0.004438402447550308,7.908055111304678,0.07363925234585723,731.4648443968365,125.5200961018461,0.035903679703583005,0.0,0.17207201842727293,12.38188465659132,11.360388946924589,12.359892152009746,12.744130511055634,11.829429059916773,11.375691077931897,11.186558838344869,10.099026575681641,8.26862221777567,7.033884920961358,6.516471562883878,4.361898778961604,2.9849734629734286,1.8197613466910565,1.02540997471535
2021-03-17,0.0,0.0,0.0,0.3995425605997722,0.5672018210252066,0.5212667238465849,0.5897110331439659,0.7025119759870119,0.845120810539736,0.7567399387390087,0.6482513493022652,0.55259097302963,0.3829209930778448,0.4470904020635241,0.3781799062973503,0.23731003515665094,0.14669462336628797,0.11312428620950393,0.03573911651252365,0.03626154397438957,0.02051291874245411,0.015523607518014154,7.413591300695554,0.13108479509439777,793.5564318617938,194.6508128144026,0.052802942295253036,0.0,1.320423180439507,19.147123960626637,17.00775507720283,18.447223069887553,19.3617089627592,18.105259072863202,17.49804421867827,17.242018261043167,15.584308959314553,12.71549390019591,10.64808464680044,10.046798364577947,6.914578530853219,5.24223427507641,3.3379196252039383,2.031838708879797
2021-03-18,0.0,0.0,0.0,0.3401279680555016,0.6559954303882257,0.3361629395376054,0.47033177840403556,0.640119602265918,0.7816750271754966,0.8552905364948828,0.6217146597509419,0.5343808712898658,0.4837215700271857,0.5039469491407121,0.3872320149499792,0.2092779368863807,0.17006060041760312,0.15404314707632177,0.09084078604386772,0.041823717995019515,0.00899183590659021,0.0013684307368394123,7.31186913169241,0.09994982775320499,917.2260196763243,208.80265030159094,0.03962453590051587,0.0,0.6042869853599968,20.47308012875679,18.263578397957,19.867210799640652,20.761408834837297,19.47409637497003,18.94713998375389,18.607504731937368,16.790128998897398,13.721334539159994,11.539248945751968,11.024857213623754,7.686390454929333,5.321895012837087,3.6714941532322256,2.048994745946148
2021-03-19,0.0,0.0,0.0,0.3961682361055218,0.42973392473283395,0.28847579353007197,0.43633209932740696,0.6479033121480567,0.6144240764162785,0.6083422741974797,0.6202325992165333,0.48874091078827,0.5137318636942763,0.4237896350908053,0.3487462384977702,0.2201177902931375,0.13371653387296256,0.07619634207045886,0.04369221910637196,0.030994214011956733,0.011467717498511876,0.007091949687661153,6.354681959180192,0.08202592708336191,1101.5364830575445,180.36257902880257,0.061880871139914216,0.0,0.48257404818530003,17.706580831505672,15.866062265462226,17.272421565345436,17.91546638359695,16.640172538335698,16.25116586457182,16.071604845987522,14.4898424391903,11.84220855970281,10.005968934236252,9.416528813414695,6.455806613716095,4.958572590642905,3.173084903968416,1.8145178309404568
2021-03-20,0.0,0.0,0.0,0.30538216156380943,0.35445337587309994,0.2865064753718958,0.3976296138359763,0.5348363577759249,0.535512836978621,0.6854290642755427,0.6304265692937828,0.4003701498438666,0.47295651755866674,0.4050556601570821,0.33553658639368494,0.22490130506484085,0.023259563705599916,0.06504862187128196,0.03035190617411171,0.008523001552678334,0.034636879597619165,0.0018383185216715677,5.774984831796574,0.07288867254639275,1157.0716258698242,95.7350500017539,0.022334473286494346,0.014682084786245359,0.596204983823158,9.230170297002815,7.998919287756301,8.887882344074624,9.132880751840966,8.469488985217895,8.705342148752122,8.764250815050657,7.960124389492861,6.512785295232302,5.455504079513851,5.189817302010846,3.6245227683513965,2.6696120515315047,1.6873159547210415,0.8355464625953163
2021-03-21,0.0,0.0,0.0,0.24245200056132862,0.9315416577611261,0.6893961187785544,0.5182318041141211,0.6108160945105071,0.8162692203214689,0.7710685006162634,0.695225125293941,0.6074074414356947,0.5542933568205194,0.5592238435040451,0.4048756451359778,0.23251453765941055,0.11108008282110128,0.06593582347212515,0.012840747347256433,0.056370443307017314,0.015333263063397214,0.0048825665918182486,7.899758273115673,0.06918839615802899,599.9201413520364,63.31373914713439,0.039402749296926526,0.002086867496728639,0.390308480114245,5.95497834172477,5.643792387978389,6.156881209354793,6.361390121591504,5.7846158914286665,5.846839351254299,5.861625417808953,5.454826373745254,4.4630291623464435,3.658044984224373,3.51090776511288,2.032034617618923,1.164928979729415,0.632342516190024,0.3951066794147231
2021-03-22,0.0,0.0,0.0,0.49753989466753634,0.7697831847993921,0.6518194578032717,0.48286446824590235,0.8001356690104191,0.8106634404016937,0.643187326016252,0.7647144914697529,0.6785410020632823,0.5953465459626307,0.6350142132117291,0.3194360046012039,0.22311651805807908,0.1271807505114603,0.0350886758887325,0.08655369108396252,0.041003886981092016,0.03440818018792697,0.004212631799366142,8.206685015406592,0.10836761202532902,588.6667468367613,131.91387524302755,0.022324291645518905,0.0,0.2901199443400046,12.737792274321334,11.503208620718523,12.600918909824605,13.028687011962658,12.18694527786901,12.041359085259128,11.96228771020011,10.878864891976743,8.905586526759835,7.443817341435135,7.16724916629946,4.765154273050104,3.291716595587965,2.0979976453376885,1.0121699680852443
2021-03-23,0.0,0.0,0.0,0.25344791536062544,0.5688762947841197,0.4847935936865099,0.40279093967412655,0.6380899170254797,0.7519718038202358,0.672569865286826,0.6954940043702913,0.5471641779380593,0.4463903213310306,0.504013773250278,0.41588090452298926,0.2242226538452063,0.041391639998138496,0.033163133946054565,0.025607766940277308,0.005052371409235612,0.012891907485945774,0.0033370555563176606,6.748855680862492,0.03405028858663332,544.2072028611689,268.70660012480045,0.1390933638297225,0.0,0.9108989782170578,26.152873656998732,23.745976625849835,25.963054209869096,26.622288942792018,24.60612282234163,24.00928033754884,23.7584990485193,21.433677366713905,17.481453730834932,14.876149447264398,14.271845847225183,9.914427386063414,7.496597934733937,4.6949928565574615,2.768460933270669
2021-03-24,0.0,0.0,0.0,0.3126774719361185,0.9707933309095527,0.6672087607332016,0.5502088338916318,0.8115710160529421,0.8854528578383628,0.9645593052836753,0.9616548390309918,0.66188212262499,0.8116989778143398,0.6339867001729917,0.5298170654617727,0.17703934020193335,0.1585350096843298,0.16022208540049715,0.059455919937520064,0.013930046205594175,0.021341568665323662,0.014041265023325717,9.451181043299924,0.0632429214132254,532.0216301440216,405.2504333065797,0.10214779864867773,0.5913826943826701,3.6520917546210945,39.01365765098305,34.96522362051825,38.41782093657537,39.9128537165513,37.21353747813097,36.17586224209083,35.626669977042596,32.0704222967405,26.05080843545846,22.131680261826936,21.297777802877597,14.902248216907768,11.457293157394767,7.285782343359555,4.48532072111798
2021-03-25,0.0,0.0,0.0,0.2378050319577272,0.6506939736315009,0.5797559054901337,0.4490035397633219,0.6323224714430433,0.7800424548109686,0.7396840962578192,0.6751837527652068,0.4223564724675899,0.5853516036868642,0.4595437566218465,0.37394329576911195,0.1922586936061581,0.1523686184650035,0.06076859868808787,0.008495412310333232,0.023920277388070742,0.0020782758084320766,0.007599114791727009,7.122705470081208,0.03186784088140713,556.0484062810443,414.23053697454293,0.11247850097231737,0.010486212864102272,2.8285934236007666,39.57820365561722,35.61857271798683,39.29896976932831,40.947854182545534,38.21847962607886,37.11607741313564,36.52107277490223,32.957995901278444,26.892713195476528,22.751720518129588,22.03005434877304,15.518438497821453,11.889235824308251,7.488179006471344,4.563889906224778
2021-03-26,0.0,0.0,0.0,0.2203133775756948,0.5305144718033962,0.41846854014223434,0.4884648739195886,0.4770581858901257,0.5562484621777638,0.7869487649064202,0.7086605749087931,0.5541835265837848,0.6247228275481949,0.4502902708617351,0.420671895492332,0.1633404293159978,0.13346578777203594,0.050481002726552864,0.01626714586010868,0.009102739742014015,0.003590547046936271,0.01183871434235857,6.726525160788617,0.04812896694358522,613.6648449336741,403.2745352792667,0.09065629943211502,1.3087804835694952,2.9489041266735305,38.563629671782024,34.587197157478535,38.116008276961004,39.764309017615915,37.17462480545,36.000337850473564,35.29290568252012,31.8643656628088,26.10075805199024,22.245630355260847,21.274792630437865,14.928749185770853,11.465097753154579,7.2077313517648545,4.430713215554527
2021-03-27,0.0,0.0,0.0,0.2803412817961713,0.42690326521545346,0.34839140241445565,0.18354345632618413,0.40360525196447006,0.4718360841332938,0.5548043789051245,0.538677582837304,0.3507515963147224,0.3800682398924642,0.21181876559439158,0.180393959375361,0.11934033602279909,0.03022218065314381,0.053078388331408224,0.02104644612857243,0.009085537416791826,0.0028714347915021953,0.002746893597779817,4.628056896282832,0.05251475595571636,757.717595821246,336.8667875325214,0.03955344898754323,0.0,3.6794816804807904,32.188812591601646,27.84021637402789,30.320273295200874,31.93952635797362,30.117857934440586,29.927808129844735,29.981127129748614,27.275517129489447,22.36020441885205,19.097541285289115,18.592442241773988,13.104575752138707,10.138215900780917,6.437011871548047,3.8661754393303207
2021-03-28,0.0,0.0,0.0,0.12084495127132955,0.879830541014148,0.6939961688520103,0.5295639767493606,0.2909844151254116,0.8091898316628853,0.7832109227916759,0.7245039439156524,0.4479949254526536,0.5251954381263011,0.4254333597774199,0.3459615282634964,0.1768562266682212,0.12231871925828947,0.05034070732057192,0.02534041413825934,0.014571507065878361,0.010656068318581149,0.006690931031945073,6.988831049113309,0.08243675178763231,436.1330271143827,160.06655543774434,0.0006803492459462522,0.0,0.4399962917377711,15.505787897568883,13.539676822976935,14.79607498501145,15.40122450002153,14.425933398106185,14.383007304211663,14.340451828488444,13.085739045172257,10.750344288152165,9.142239001214989,8.828636603516996,6.196879568193268,4.7250075390529345,2.8729647998690604,1.6325915644498217
2021-03-29,0.0,0.0,0.0,0.2455584293843537,0.46942596414239524,0.34079750340530807,0.47588947583995556,0.3875542565503791,0.5738973352182698,0.7495085362081767,0.6920402387733546,0.37573581088103153,0.4376118332481991,0.3639845778094181,0.23274944746447312,0.1985806291038108,0.0638480057658084,0.016393291223194068,0.03510629588267122,0.04102654999325564,0.006144951012909454,0.0034659172453611947,5.810348802638321,0.06115303761822846,355.03094914212613,220.8730748906287,0.0382891684677161,0.0,1.1212514075980407,21.360048312924302,18.756884077662207,20.551925620798556,21.462962424783697,20.203030861552335,19.851735600937296,19.632522380897925,17.85308324457031,14.597104000293218,12.430200371067373,11.973917469045043,8.359407854640715,6.349628782559244,3.992198278078795,2.3771742032196106
2021-03-30,0.0,0.0,0.0,0.27952975315210493,0.4683073908950974,0.3843573058485262,0.40858626573941154,0.4032039543748782,0.6768554659514998,0.5406708074905067,0.46148898916972936,0.4527806178036609,0.3118765789883239,0.22235311676537106,0.33964129170597335,0.19737427537551494,0.08929996319556636,0.09047584380430854,0.011363597134300577,0.019293372962965724,0.007747582349644854,0.010404517792681893,5.407401271052867,0.06921028019208228,331.62016785581557,420.82280780104605,0.10121087295882206,0.0,1.8212175081170359,40.77483314193842,35.59927927416352,38.839730398557904,40.397777232245154,38.361168902831885,37.80611914528391,37.51894381341653,34.024906511639315,27.65088462298099,23.56273886101463,22.924521176804493,16.16216986293672,12.560899217681378,7.983448276351283,4.834169855082853
2021-03-31,0.0,0.0,0.0,0.033416603961179694,0.6544923372543787,0.4699894024960719,0.40983550162165233,0.41350768350890277,0.5659949523914674,0.6546740291460782,0.5254204445970594,0.39782710069973637,0.27450558831323796,0.3946553001838396,0.28631961841055475,0.28656132002266027,0.09987013283013804,0.02169631638176204,0.022471764659579715,0.048469747795304836,0.011056740828506044,0.0007005314138609541,5.606390235016885,0.041167041309010485,392.71043916625956,687.6639338258653,0.14337178524407648,0.8049955425931186,7.560399397004933,65.53560029303674,58.44517307335554,64.13013361483465,66.83488102426799,62.774388511930056,61.35644355261209,60.64474102197743,54.85769525529879,44.576809899625175,37.85479644866135,36.503294629452846,25.64950209063561,19.834415065563512,12.563647856811327,7.737016548204217
2021-04-01,0.0,0.0,0.0,0.1743647151922521,0.3931874709960713,0.36461541529589625,0.4167590243578507,0.4545698874157691,0.5555983959495094,0.6510562962324367,0.5948311945179962,0.5706138941645492,0.3723648833581963,0.3319160095468514,0.3235909635856584,0.1994718747364804,0.048427039817160726,0.03784216736914882,0.02958801604698664,0.012838251316157678,0.006059944841118332,0.001527268758020821,5.56611868850931,0.044096038662434556,218.79046498970146,756.5746482521721,0.10572650181505514,0.0,11.033689516924138,72.80249889857711,64.65271353135506,71.01577650351695,73.77527940590743,69.04162584369479,67.14131540369472,66.07886731528374,59.89600352302467,48.84647222865259,41.39177172127345,39.57654961575492,27.852089379853453,21.563848263894023,13.605756569070367,8.300390531694621
2021-04-02,0.0,0.0,0.0,0.12500702678984332,0.3658325453619499,0.23957491707521383,0.2537104324927593,0.3822670522179574,0.41950413429563516,0.43275405370082787,0.3225155078602716,0.26349718932315436,0.22781262209187028,0.24499104115398362,0.2843421967978614,0.2155983456329479,0.07689380361509758,0.028568290394186714,0.01732348538097482,0.012566875593603354,0.03268549714036416,0.0053852123819704,3.9795057086211454,0.02436750931202026,142.63331949577423,421.3716574842768,0.02812413391081254,0.0,3.588844508734046,40.70129076562729,35.37632861842006,38.737258712351526,40.57534997572649,38.314647886580254,37.62943439071715,37.31985512447532,33.98595179690355,27.759591280414586,23.557620124496815,22.752522033843746,16.003331088691247,12.436383473653558,7.876884108308306,4.756363595332821
2021-04-03,0.0,0.0,0.0,0.13201246264530397,0.29860096468157976,0.3295842556067017,0.26433366484936166,0.37976322645172955,0.47754107650269795,0.47249059114753095,0.39506905251840885,0.34944387164204843,0.23024329354626671,0.2900948785149421,0.21843165183041877,0.13456811939222327,0.02903329484959659,0.037235887722224276,0.04060766464574457,0.0066964147496020796,0.013905921901520037,9.634421046813508e-05,4.137451319719159,0.04497806673432141,144.9515352199336,258.1952135402774,0.042997966054963935,0.0,1.8047062079589327,23.37872405563484,20.444617049357397,22.95303830593901,24.438172701420267,23.195687903311544,23.16788546259269,23.42354025356838,21.456801541281465,17.697453109447043,15.127104014371724,14.750849900025154,10.384295509944131,7.995219502596977,4.983107983747398,2.9940100390804423
2021-04-04,0.0,0.0,0.0,0.05636583909518253,0.2409193669998096,0.2770923397861228,0.22634429711355322,0.46716616050380466,0.44554565673915414,0.45668610137065113,0.3373358696910867,0.35998909436388393,0.15863679173217063,0.18695922493998626,0.2717659840811492,0.10656447504747811,0.020990691643289275,0.027636217147892703,0.010191252379244429,0.03279496610075467,0.00412775735674125,0.021281961356241635,3.7329544876236778,0.026340057277335384,34.48999385738764,55.87290179214272,0.02466827069010152,0.0,0.25927781222250734,5.295556340636879,4.526710715578699,5.14370306504586,5.448617773670654,4.907520236319337,4.913504416972334,4.952478058628557,4.706611266933919,3.974446757688143,2.913604805330267,3.1963061962976886,2.1038935284673514,1.7655613930238128,1.1222393782101776,0.6428700471165321
2021-04-05,0.0,0.0,0.0,0.11285637309182567,0.4130567194762253,0.3500816023572409,0.29793138926740503,0.37101403045429826,0.47627000973210293,0.38695164641233126,0.4331888917514141,0.36274761662583577,0.26446917470499415,0.22334102648596965,0.12019140781062057,0.10673913508573946,0.014510637577776373,0.007817027753016905,0.013604358343829016,0.019132961254089968,0.008278781269344416,0.006207720235881864,3.9922152042893195,0.04703206845981936,35.53919501754541,58.58188461845089,0.0011566747164974641,0.0,0.17205932029285861,5.402995285003668,4.852423622110405,5.27776470460714,5.430569457187625,5.515975022493143,5.510276628717854,5.44381900278636,4.929167751192517,4.085875012271946,3.3318902538642807,3.052206753353904,2.2261933520666073,1.6812439817871867,1.0619249977697565,0.6074994729456408
2021-04-06,0.0,0.0,0.0,0.20785268515662145,0.20856025316523774,0.23582111582602264,0.36765705505236224,0.5866510841391294,0.51743503314993,0.6168362514314804,0.5449164480179067,0.6156135287010382,0.23847502425314204,0.37554757961279195,0.247336479495183,0.217590907892349,0.05394927502410366,0.09454024840796985,0.05006279869730009,0.05297487978219608,0.0288129346432345,0.00035985582231711465,5.384036604477078,0.05141701390745472,129.77428165406164,333.29229530718266,0.02591681911607245,0.0,0.9006397586842843,32.91514281731616,28.81262888573553,31.314765717169948,32.55314012081226,30.54589919524351,29.729605416522762,29.39991575320979,26.82685335502117,21.883281390249568,18.50755183299108,17.789757092188307,12.532366243260796,9.748365534967116,6.14547896072016,3.6869032330902054
2021-04-07,0.0,0.0,0.0,0.06348686282284502,0.45981776970341004,0.27265417414595716,0.35934547122054933,0.4761012227657579,0.61607492005307,0.6387288269888105,0.430652597061983,0.4271465864773646,0.15744747427134265,0.3616462928976293,0.18829380286790537,0.19141989062098702,0.040028390562097386,0.06629352161244126,0.056386727506069614,0.03666588521477909,0.03576461842485342,0.006106001011931589,4.942322165499238,0.02097825170465816,90.74539425065738,791.8867008110321,0.1374256433017788,0.0,9.05316787949238,77.52740311597512,68.73951721898983,74.9353139065533,77.31041430759853,72.31011722155772,70.18528060446859,68.99014491670471,62.51912338414071,50.995736018333,43.33326764652561,41.320353552329195,29.166604558004938,22.62354030246544,14.20893938391584,8.667776793977309
2021-04-08,0.0,0.0,0.0,0.1716929809204041,0.30193239176138215,0.3404036835438684,0.4192800537408269,0.572334964883873,0.5958932823507644,0.6214233291727997,0.5888574484915381,0.41763701913144796,0.17553615035246906,0.3978128413018057,0.23670499878852277,0.09275048126172455,0.08317437967066332,0.05125457210169549,0.022855481428117795,0.029104378639769814,0.0007806803475767737,0.0063885944936580424,5.21361342408505,0.06078249615977144,101.61342557484235,786.8380823598137,0.1050553039282619,0.0,7.732072690933645,75.893091038864,66.94280439995785,73.40878721662271,76.51041116793238,72.05651999213325,70.23927766401245,69.2303617209032,62.81193382606535,51.29221802624768,43.63907387769818,41.75597009456083,29.42581245382714,22.793521002349575,14.354287977571419,8.751939210134054
2021-04-09,0.0,0.0,0.0,0.08348195782072837,0.3284785904489672,0.2836912543777303,0.4459759301713261,0.5134179640177241,0.45508403486737004,0.5432312000708973,0.3871261202935437,0.39038255442490305,0.23666022891810468,0.3944929125897893,0.3732152861864986,0.16783634644276008,0.15744025868797262,0.10229365771244969,0.07110914722843627,0.031672256818224186,0.04572225981946565,0.000999932764159872,5.063170170280513,0.00842958314926188,119.6356544950811,780.4052952069633,0.06655374579451571,0.0,8.99722672343395,75.2610736116315,66.56350158557356,73.05166134249266,75.86110982768506,70.91099858493803,69.08374197302413,68.37956588523411,62.167558742030636,50.8562056085372,43.12427640646298,41.37201976039232,29.169854081665637,22.685414297202595,14.274741470588785,8.646345306070208
2021-04-10,0.0,0.0,0.0,0.12849874946549855,0.2870232120676848,0.3339177307122818,0.2652235356209702,0.4326422664404954,0.54530018870749,0.5103188626258603,0.4218181458812228,0.3469856027592928,0.2300042966672918,0.2984395586027396,0.2601153607706329,0.09853355136060984,0.08553399855928252,0.06598875470061202,0.038208789461463756,0.042222350471027736,0.016548494719987997,0.0039010006857549597,4.417137834972628,0.04695802538481184,170.32490947243366,736.6877462687439,0.13506633276147287,0.18456513806077884,8.203335338772257,70.31348474462797,61.218807217253,67.3865729922539,70.49484965301636,66.50238842609531,65.70662162170129,65.22599607867204,59.28004970958141,48.56067037611177,41.48822563493575,40.200455477229234,28.191641934560757,21.716970858574204,13.705391203589542,8.307719863708375
2021-04-11,0.0,0.0,0.0,0.07490558554480722,0.5060506203584154,0.28932196970030877,0.3011400582750944,0.4154760161304942,0.4901314600359348,0.5678688478384053,0.4727734646791413,0.3353956516408864,0.11991945949934364,0.36512145137517765,0.13061606265395495,0.08453995619148286,0.05451603280822728,0.1105727132155963,0.02041749556734699,0.0038236162337662305,0.020242090211133067,0.0,4.39696830321579,0.056481021508086995,94.42751241648199,325.36002645608863,0.021252200121048483,0.0,2.2276842070149856,31.235924372450217,26.827068465284878,29.386682826401202,30.784255627594785,29.633911929194216,29.17367625304295,29.10238989649656,26.6366648609644,21.796245193761504,18.419381279472223,17.775638348323973,12.529271156063661,9.838866382180155,6.2142682928930775,3.778097364949808
2021-04-12,0.0,0.0,0.0,0.21927715981593116,0.31089007100441524,0.4378272581502484,0.42699166598283983,0.4606149515821726,0.5731502184498832,0.6137407697422516,0.4677550715464357,0.44216081888570946,0.2426210814483316,0.40815866498722714,0.2989322069498781,0.20806499974609174,0.035723402704395744,0.04477063203077744,0.011213871176404397,0.023449734869915344,0.010941757029862333,0.015087660228322345,5.251371996331094,0.01100508430660271,49.78608681264352,280.1582108387574,0.03955041650694273,0.009151934727333399,2.315747016522679,27.128232465433996,24.02796432637109,26.310672669019485,27.457754079737775,25.601638430013477,24.884319068874596,24.662269534755676,22.45679295886439,18.32644372015261,15.415285869571926,14.768480727409898,10.397688242545511,8.126781071672198,5.162293827359803,3.106694895724939
2021-04-13,0.0,0.0,0.0,0.06066611311824329,0.19011045016247463,0.20637251057705486,0.32370994162575395,0.32036476578227746,0.6098443993858129,0.4691796198636452,0.3783194463989296,0.37506097076715955,0.2844780595482583,0.32230981660776714,0.16835612041726883,0.0930694818044144,0.06591976723280647,0.06767765547247942,0.023244466427968985,0.04844580681015213,0.03417312454161138,0.006903949928813829,4.1393978466670935,0.07175500771323029,93.42468292768338,463.14965171783086,0.055894663816210055,0.0,4.839215849456318,45.35067389074075,39.932205904877016,43.570608325214025,45.041311438260394,42.01936598952064,40.85218257869726,40.558455653314816,36.881809620849275,30.149240440984812,25.501765850437195,24.443907154535307,17.254950443505145,13.351496439094634,8.341104203608142,5.061357934735172
2021-04-14,0.0,0.0,0.0,0.07743476126503937,0.392457952860804,0.27353787637135635,0.39681546470551843,0.348452730551544,0.399092717758766,0.4597898219766114,0.3735231314062724,0.24558474110462186,0.07750821701063292,0.32204910899784195,0.2431259447010764,0.11222923402446133,0.03809488928870564,0.07845284230804309,0.0360720031455673,0.02394850003384871,0.007851120329289673,0.01000647708201094,3.9307697378774717,0.002591850817106216,263.30200893092996,593.4209224963158,0.08871646386030449,0.1636867422088376,8.823793050570927,58.42415429411726,51.85149850853351,56.7954185155575,58.38419881208359,54.09765280063383,52.19012848628126,51.29342067828195,46.56587995213977,38.09760071396331,31.90929671220656,30.076421172897533,21.275973930624087,16.623448778369198,10.50116650994427,6.347182837902447
2021-04-15,0.0,0.0,0.0,0.05295833934646714,0.42042734978532637,0.34321167904108907,0.3475424914784898,0.49767184649193563,0.5758879075917865,0.33928980304168976,0.3868149914867694,0.2733721608050407,0.20971406105345092,0.3078236968040252,0.08706658547866353,0.14760081555508844,0.06427532363335048,0.019876230188346344,0.0016086483478898875,0.03450697130997144,0.005251254494187733,0.0007412126859010819,4.122264674799975,0.0165731239141739,219.69113622459315,675.7820271656268,0.09812591598803101,4.89592805703721,8.088040055893318,65.03806545361799,57.42292554784363,62.73666426185773,64.91397173685436,60.725914902203044,59.40506521944376,58.90064392536813,53.54726069971299,43.74288204537631,36.97847602910492,35.438021058981654,24.9754586250904,19.364617331740625,12.200114686995267,7.407977528505398
2021-04-16,0.0,0.0,0.0,0.050734958739335825,0.30134439665672497,0.26185684020295424,0.39658947233737424,0.5362523326922027,0.6052610739309314,0.5209025805062433,0.47885062994816585,0.39705200865775875,0.338076930681502,0.33294213342724777,0.21764268908011936,0.12031201405729701,0.1603811097687312,0.09326747521051806,0.036029919447045214,0.029228237934554854,0.01175225864518242,0.007887856828478507,4.920454886612939,0.041533902796126995,267.51667978378936,808.2791696772879,0.08414985139667636,0.0,10.480233668115385,77.89143229150453,68.33873890736228,74.9065880456174,77.95855785023366,73.30103742375003,71.5482602040124,70.85706060986823,64.3727488512859,52.69452162618683,44.82621197722382,43.14655648655556,30.464534275755867,23.59957550764427,14.850955282522893,9.042156669648826
2021-04-17,0.0,0.0,0.0,0.06054300435823107,0.18948508598310213,0.15876758963348786,0.22319688091074508,0.401996498060867,0.2521423259646823,0.3786995056959087,0.30765134014334183,0.2443984154498329,0.18414629747653333,0.25095379965075415,0.17806711024983557,0.13233706246739074,0.01732671528259645,0.05065097879784936,0.008441592066072503,0.00924307774780777,0.0,0.0019992139235208246,3.068839977709123,0.01710350519845268,275.56244359753657,840.8992502592046,0.09117533997673077,0.3499537314647332,16.650624665943447,79.25634690549816,69.6841681381735,76.07217931250196,80.23813928811019,75.55964490117613,74.2529276483318,73.6160075765646,66.84401424183532,54.80393977199365,46.77157393808082,45.28894994285291,31.8337431254116,24.57792116096785,15.573569154050302,9.52554675624756
2021-04-18,0.0,0.0,0.0,0.05041068661436007,0.6378539787662239,0.5797182963286656,0.22770345377971665,0.5014979499587492,0.509981616564104,0.592004168197009,0.39989016363211655,0.44287730890960564,0.0977234094535491,0.27075683639300124,0.2221703005275935,0.10078458315858624,0.004034947810044028,0.014615593719378437,0.0013606706806661194,0.005795743208084492,0.0014233135371315591,0.0013969444229566244,4.66485140563873,0.008883608678058198,179.4694164977424,439.95623817577894,0.03171454516797301,0.055725830639362234,6.591462420168856,41.43849359267651,36.61226755642507,40.0188585235401,42.48786590039423,40.48058355144234,39.348625755677496,38.736434730210874,35.19549791877562,28.748421217497455,24.446683548275935,23.491720307210148,16.52877088531113,12.84738521678398,8.118732587784335,4.808708632965466
2021-04-19,0.0,0.0,0.0,0.15140835815886913,0.340319493550532,0.41000979522166614,0.4550195895286306,0.5561538606733507,0.6149093802212042,0.6240812782128534,0.3578568953783613,0.3883923388080579,0.24073719584665448,0.3961606919001699,0.3173223926639212,0.198841910231333,0.12786787902463276,0.021458581705236564,0.041951598543026755,0.011775153737606086,0.007380709019616491,0.006194417240440915,5.3174803562871045,0.06385018585971221,257.98771457319276,370.38135104183084,0.1004767803348224,0.06921500504884817,4.687543487556291,35.54706393997503,31.772305266461128,34.702683318462896,36.27754465531043,33.974145807034866,33.032961350643404,32.554137922147355,29.39674768235525,23.880912530970352,20.219865302224868,19.41750414271752,13.63978341026913,10.541033676232129,6.632284442231503,4.035619102189777
2021-04-20,0.0,0.0,0.0,0.1600127021801604,0.3831514506130087,0.24424245349902962,0.3695264881159246,0.4175177012758837,0.5482364395786559,0.45933275448674193,0.38681147401235133,0.3169572315103762,0.12301260028128608,0.1828904469453142,0.2981644947224678,0.13894912468851317,0.0756881747063259,0.07204016926370929,0.025616017109327816,0.012391656508245046,0.00445294265500536,0.0011031650332681909,4.274475777060727,0.031898550593243695,207.30315719497338,453.4265594051322,0.12353598560901152,0.24501439996748428,4.042359182286043,44.687791091394345,39.23817920898891,42.58052534032134,44.17553211822627,41.18810732522844,40.15567803392715,39.745791444544395,35.99573673056338,29.285463025142633,24.923629848453757,24.097113749045352,16.919829694016663,13.031390407349466,8.174260165678598,4.940157639997965
2021-04-21,0.0,0.0,0.0,0.16820270230522794,0.595351770084377,0.4603568311012943,0.3861818297547318,0.41582443748180203,0.5322010007605367,0.5555677001932244,0.5313565287432938,0.3022438974292513,0.2333639822517221,0.24784673619860043,0.21667774878737645,0.21368957289002663,0.10738135798448911,0.047177175878653874,0.03153185665872589,0.03731340332351615,0.007348577621176638,0.010501932520905553,5.127471540344809,0.03582316122808848,269.5149014368605,611.0169487332658,0.16547856651120177,0.0,8.421103138272034,59.31399026184298,52.244884377200194,57.19854907058209,59.51867832845861,55.60065885123403,53.985795024319586,53.41747685898502,48.32762035858786,39.49487500642399,33.56173269755044,32.14216742691137,22.59530833373907,17.488666378246535,10.995258877460358,6.710183743451645
2021-04-22,0.0,0.0,0.0,0.1752557001501388,0.37229110556368766,0.2627658000848405,0.4337881337701074,0.48261180124020847,0.5723158489064119,0.38295987783208413,0.39787008391067147,0.2947286451175132,0.28844459115132404,0.22401636817490203,0.20462937879266357,0.18593179185887856,0.06692565182737814,0.041198004324833615,0.01558942247657099,0.017871854922322235,0.0009835741646045718,0.0030020551583770207,4.4620217915078815,0.0033465102575070092,246.94773826009936,614.7670634256854,0.15374243018754624,0.09637389390896468,8.103791417642192,59.19866223544726,52.186204026048784,57.20316301835227,59.42386359919901,55.65691976377834,54.43039333320096,53.976501485144,49.022839860667766,40.015908958463164,33.94908807088397,32.634373222566744,22.986484789712858,17.828835255015818,11.225428734057607,6.8282317615957195
2021-04-23,0.0,0.0,0.0,0.07554066891934992,0.22868068010531026,0.21881863063247958,0.30300544747089164,0.36401498745382654,0.49347348414078956,0.42793538798270425,0.32858371894887256,0.3122648889683792,0.19516490662560088,0.26348719426194106,0.09834536107018915,0.11207120876509392,0.08804773167020173,0.034173858667969695,0.018136664195984357,0.03284222808873979,0.006828679912418487,0.0003886707042823584,3.601804398585025,0.0014259417676061703,274.2993696940931,704.4797696621567,0.31549542116327534,0.39957183355286674,8.64919306437308,67.76402169758609,59.34217282966579,64.99063463491326,67.92630815936948,63.92922575518565,62.61557029140177,61.9413494916231,56.32953595634497,46.05642450151303,39.21802902875207,37.859530286894746,26.63828766888408,20.519351912483977,12.514548310385434,7.7860142392273595
2021-04-24,0.0,0.0,0.0,0.06831747019420839,0.14547624959904626,0.24320241311036647,0.18361842593017602,0.2477241591045149,0.30195503679615004,0.47570179432790294,0.3778431915083354,0.243125024641968,0.2595644606698435,0.1440058471357848,0.07068841756400797,0.12854914194984668,0.11384912139235341,0.011983740148532892,0.022206881841237768,0.004712220927568133,0.003059964061489458,0.00134136547345561,3.0469249263767884,0.02300277711621114,281.1318808680139,786.9479877792487,0.11112136506641607,0.3006412619854851,14.103771415604825,74.78913240608966,64.7870731416507,70.94901939676758,74.49091995974302,70.22145814065165,69.35727380674234,69.24886418106476,63.05727111536371,51.754699366219526,44.19850018202712,42.96339940782879,30.189937572689622,23.224266283443505,14.666608116108646,8.64515202526776
2021-04-25,0.0,0.0,0.0,0.10773836518267757,0.6459723008080087,0.46392008499747595,0.33551544174682524,0.35355679965271775,0.38837390499106356,0.3808809271713082,0.326770307049311,0.3629915488889545,0.2951066723855526,0.22328031799650574,0.14440702431196473,0.14849100919188848,0.04134766442193108,0.03562205319382769,0.04733976790087589,0.011898113069016605,0.0013082717824725132,0.004477246984832758,4.331676115647584,0.02230474744906874,141.3318587651483,397.7904899257611,0.04175709970669603,2.367199236084576,5.138864065433281,37.375239824195006,32.85357853718573,36.191305323058714,37.68379676068238,35.83273373485291,35.41228285974296,35.25871095604219,32.132642346850076,26.3972814073149,22.524485958091017,21.663889438889793,15.25657593340345,11.185819550132775,6.826665875081054,3.689418118720201
2021-04-26,0.0,0.0,0.0,0.146167810719177,0.4759159861037162,0.2740260297008122,0.31615580763496376,0.3398794031941828,0.5296998855992275,0.4577995652926856,0.3948371683332489,0.35579429516385075,0.16550219523008303,0.3042387684666747,0.2213279354522036,0.18710040422814903,0.0774242750400348,0.005106717603159677,0.024694013950947495,0.008556061461307427,0.0,0.003819121096697348,4.3152535247539845,0.010541556594188171,170.34472059814163,468.44721020548536,0.1707412878759175,1.0221011546696641,7.392547648105227,44.61277290489482,38.59928284262742,42.52923110601685,44.58129749543087,42.28766240946122,41.44041013171997,41.19677890067812,37.6095092838382,30.766262950146437,26.11543149651857,25.134317994308812,17.719252900081134,13.789432934628568,8.626505957286298,5.024412095073163
2021-04-27,0.0,0.0,0.0,0.0791934724944136,0.30214631641899453,0.2911932483310228,0.25725095941463916,0.43030404861389937,0.508270372731077,0.4315990119407768,0.4234731391416225,0.2601395923305951,0.22664757720254386,0.20266312317434051,0.14870366307567323,0.1093470336638128,0.038991126240450945,0.033000353227326494,0.021851891817795087,0.017850014752065137,0.014054979552388115,0.0005214408233276159,3.7988714057625974,0.0059709438237966345,192.58556142459724,630.6607638627903,0.11016204963079944,0.5958640787084141,12.963390575303809,60.50723380462928,52.675697743085834,57.87796981208414,60.76821519388681,57.40105393570731,55.843020250574206,55.03928235492803,49.88115834922124,40.58050147483762,34.378676933516495,32.925285608152606,23.202283569738185,17.997151510399313,11.271647528212709,6.752331139804401
2021-04-28,0.0,0.0,0.0,0.10614021286126385,0.5876858378639315,0.3835498450122765,0.3336214235525113,0.3011068185543919,0.40977375488449774,0.5142261317601997,0.3482261663228167,0.42667688202653564,0.1939585356120668,0.3055470467121259,0.17301469971187394,0.07413344043612863,0.1260344596438545,0.0578572999049802,0.015072809604558672,0.020744939475296962,0.0038587316491322777,0.0008721893382168831,4.413985258431419,0.05118362854374205,266.7536092986698,701.5503195587032,0.21609768232493165,0.0,13.48127487076257,68.13005429722205,59.78739816811386,65.10356733927654,67.33333176809744,62.98817840920069,61.65467015168593,61.13635942948723,55.4310166196599,45.26229706337106,38.483014951138,37.07061674335834,26.056055861475333,19.89352992187165,12.230547221840514,7.508406742142126
2021-04-29,0.0,0.0,0.0,0.10939210078126052,0.3080310858600456,0.2128796810848844,0.19967115604121163,0.3665160464226944,0.26976319540028687,0.3630075773433908,0.3616266499379669,0.266580434170212,0.2031690147412228,0.21051577937317298,0.12786596373382048,0.09452738519875808,0.027319138566408475,0.06488969659850236,0.0020174339117973675,0.009144283652788953,0.0002340297181605122,0.0,3.2364373104141624,0.01405965010407383,283.4522409704342,746.6462892355985,0.2763718491148724,0.531029287145222,13.687470881928125,72.01185477170456,63.0826576150752,68.9874730543706,71.67740912683942,67.34216032060787,65.81080567653422,65.18833694509964,59.109700038567695,48.30000243469654,41.12885337298932,39.49077916140333,27.80492206460311,21.444675707584285,13.293968654842653,7.754190121606717
2021-04-30,0.0,0.0,0.0,0.07981220569749478,0.08796879166197377,0.2523932680137021,0.21465923150533203,0.27929563612947106,0.42138051150658296,0.33011838779527447,0.1780745859691796,0.22077448566217928,0.11383065036750414,0.2264776139350907,0.0870750775398304,0.1175481161349317,0.050756877041583964,0.06722240599520925,0.0026490811334163697,0.01010230843736704,0.014256359677566383,0.0035355906071362618,2.77981365872801,0.0006225177106288673,305.97166384417346,633.5669791897128,0.10434294336036354,0.09180751022989392,6.108943101098938,61.595248726416735,54.03950555840588,58.52639348892445,61.09725252304227,57.29182900903654,56.23666526872478,55.86773701230255,50.74485357866143,41.46635059391234,35.37545590622795,34.217920341923914,24.101798449752952,18.49755796215751,11.383782412384193,6.923877746510508
2021-05-01,0.0,0.0,0.0,0.06509270549329486,0.18036450475915602,0.19103564431650355,0.2546009026554247,0.21745029407421787,0.26506247791982906,0.37395498216626766,0.2290275053384008,0.2324378798761706,0.2565841871765263,0.15745365570105052,0.15784012791242785,0.03487045905535017,0.015317670891579767,0.015191633806640533,0.0071633681894935205,0.008172525657411608,0.00019093889109339857,0.0035387412000276062,2.665350205080866,0.022893843760671922,270.5709109446173,591.9268142058656,0.0683453220156205,0.18565378782015132,11.274941942730129,57.11672025609443,49.02390607990894,53.438785719848646,55.76991416976453,52.66372321799,52.08081235094201,52.067686655505604,47.52488440393492,38.9160388042362,33.10950685350334,32.063400060152524,22.616650315199713,17.27314035220656,10.604541526885917,6.196507709141987
2021-05-02,0.0,0.0,0.0,0.09618718385402783,0.38009439219890795,0.20146855162873134,0.09698342358374479,0.21256571487810222,0.18171059217260405,0.2572093650031703,0.25629803578058663,0.2362825999493091,0.08065639121535334,0.1660338082468319,0.10537973087138575,0.08036422161073445,0.055667455975791466,0.0013755472067749437,0.0020519376062491665,0.0262820105563671,0.0020532318755438765,0.0,2.4386641942142164,0.02737260931112742,176.03581989438797,273.3242280741741,0.0595679027872445,0.0,3.7880362578538445,26.20888947609098,22.463586508184633,24.843081615834038,26.19876204606768,24.87585635207559,24.55299036846949,24.515533627354127,22.38960841882346,18.299861456319768,15.513109339277808,15.032677507526367,10.468905823268573,7.787766711145508,4.097813051409053,2.2877495144731412
2021-05-03,0.0,0.0,0.0,0.22941394966912265,0.5092298691961393,0.30102129628986596,0.2153812944291804,0.3810547313242926,0.3678152748660907,0.33114857253553054,0.39292615351028737,0.21857119210250703,0.1094130965211772,0.2138377631022781,0.12617593809527355,0.06722849894589095,0.04925185310578844,0.059122328517960794,0.003383101587169703,0.0,0.004547955128087363,0.0,3.5795228689266425,0.013465708090836472,107.96976487174547,179.41076413036888,0.0355876797693198,0.0,1.0632966526186662,16.993530533423918,15.072943963159409,16.135881953304853,17.22913022912892,16.719119074702085,16.414263402093955,16.739189420641015,15.32317006131943,12.530490055436006,10.65211548795978,10.338056756930984,6.930715475486358,4.1526964903676085,2.2228559060366466,0.8933086677592557
2021-05-04,0.0,0.0,0.0,0.18658520222621203,0.38789654043578925,0.3288606783942265,0.3107212737516732,0.3505577108269415,0.503224618553968,0.5064722462720154,0.48831545272772164,0.3170648467371222,0.27031149234076446,0.2608333717151646,0.20221084138317777,0.13460426494395625,0.05642602022080361,0.08167840414946709,0.02154795621509347,0.0006280502507058552,0.007744513438054953,0.0030284616090089722,4.432177654282704,0.02694947515443344,274.4468924385706,442.4230135110875,0.07359192381110977,0.0,4.29691356814231,44.06941352751366,38.675223459599636,42.02291724446313,43.43323631590237,40.58533243350991,39.43458159626627,38.9641865219398,35.24119827783313,28.63267659004926,24.25337029880599,23.33065244282804,15.959799535922764,12.414919029079416,7.047648771586249,4.060943897645588
2021-05-05,0.0,0.0,0.0,0.09692089755809494,0.4444534411045624,0.2889878825886566,0.3204160040682812,0.36911922132872993,0.4718691716788703,0.4251342939922227,0.33567428150439094,0.34434263543989907,0.22550270265359246,0.3961427584528229,0.1740380582181642,0.1362346174659624,0.048403657739858816,0.025595798646705047,0.011416140703578699,0.007831477902953363,0.0,0.00027905041498425294,4.132650339799359,0.046713897796910805,276.16221808138033,630.9710239385827,0.10878316973506047,0.11403898943633156,13.026842176382411,61.286103795160685,54.2234596896402,59.33160140953588,61.36787398612562,56.88655697695862,55.450547595990486,54.9602332573936,49.56403999201956,40.47579246306811,34.43308531974614,33.07611809991729,23.108986223298572,17.366672586756103,10.350506688243955,5.948564688909177
2021-05-06,0.0,0.0,0.0,0.19982205582903295,0.31229614703065434,0.3335029544739498,0.3720257278447689,0.4070782255455127,0.36516839739126344,0.37955849137297504,0.3366208663858561,0.20694093062402374,0.2495192160398305,0.23578266125616876,0.16138413040950506,0.06393274915647965,0.0181210205461982,0.011318795819506138,0.007824603720951635,0.007690320787854641,0.009462589849304861,0.0018337810252504257,3.6798836651090867,0.011204961381881824,284.81683042788916,720.0752778004426,0.2238288940100449,1.3545262960734643,16.485052140476878,68.43564741246948,60.6461234340676,66.4581556371908,69.13778232135644,64.7148934741756,63.12986122699398,62.54568243482304,56.60083984573554,46.27935062159523,39.446317076544894,38.004840570172476,26.700436768719467,20.326152398725515,12.1542233823793,7.6553927589428765
2021-05-07,0.0,0.0,0.0,0.18302329296727946,0.37460092934908856,0.27114915816005475,0.23948812791772195,0.4853349624210872,0.4411781358282547,0.3887048411254973,0.36585938111090344,0.2504436163842203,0.28328078323292916,0.22111032413549042,0.03185114168519069,0.0481018164641127,0.10626289184176856,0.055790644350147814,0.014613591556859722,0.00474224433114381,0.011792385326893005,8.219143325838227e-05,3.801784792938939,0.02494761742517985,282.38038333878245,739.2127369620796,0.14164816357043247,3.507291195196358,17.707191770913646,68.71861406302058,61.40041526786696,67.93786919864019,70.57153280186732,66.40473519769459,65.05137564558764,64.48006404852833,58.457882967856925,47.87401104915269,40.74500139804082,39.19039166480025,27.14396524985799,20.41297233472744,12.449523746853124,7.159899361474634
2021-05-08,0.0,0.0,0.0,0.03592162674684746,0.169650477988548,0.21573677565408228,0.23434932150924923,0.17930550638694331,0.30516245528592645,0.28494547850332697,0.286189189373551,0.187369686602919,0.11335830255470003,0.19944208032734617,0.09377206125181498,0.08218493800923644,0.011932367111572771,0.01542748845304989,0.003956116712492542,0.003671091343744628,0.0,0.0037155197063207333,2.426090483521672,0.011546882612951836,294.485448530325,726.592565178003,0.06639534822190007,0.2892869675759621,15.999795212428161,70.257872605038,61.8732609666241,67.57810706789078,70.15481230589064,65.55972883659483,64.15965426163449,63.64400036696284,57.92436402777716,47.562501149009464,40.32702244076696,38.670125461464444,26.509882395706423,18.921440183878357,11.339803006043853,5.82090792271662
2021-05-09,0.0,0.0,0.0,0.08382484827385314,0.5500281576502484,0.30454712181775395,0.3056337404636754,0.4105638042905785,0.49243386559006364,0.5061031045517856,0.2730904640498504,0.28051746043056675,0.25997332507139703,0.1928108113626228,0.15977810823082533,0.16172505469980566,0.10303937725037261,0.04473730895120179,0.021375668869622826,0.0016171376169286764,0.0,0.002266467682547261,4.154065826853699,0.002900620779714668,195.3933688322663,375.46472954920404,0.06909197977742333,1.0464021075856282,5.3544264601200995,37.506279360109865,32.81639283523044,35.94128127708544,37.3770423755533,34.914288920986834,33.63947744187774,33.01310406628336,30.06246629074746,24.66675766879701,20.695907841969195,19.339643852733875,13.194703261535459,9.219723557468473,4.204277641217751,2.472554589902156
2021-05-10,0.0,0.0,0.0,0.15150018214182642,0.45892186444811534,0.33763977798278716,0.39333928091314635,0.4864901317394672,0.5030131141487367,0.4683832634162458,0.46452248384715433,0.24962945117634108,0.2073750906392381,0.3555122197931653,0.21117979782423307,0.13216999073984664,0.004831319631357198,0.01603791673823147,0.004765560142246045,0.004052020862304731,0.0,0.0,4.455370788835039,0.013068018660891072,184.17124713659376,363.97904645877884,0.03450565067689871,0.0,4.20498221069025,36.03694840576237,31.7378864414046,34.76844385138793,36.032859331336105,33.54594661076023,32.64228717448319,32.21558856564955,29.24960217009565,23.799829452879997,20.036393224035752,19.076083733005134,13.143221992832101,9.114320186165028,5.3900527394970625,2.984600368793936
2021-05-11,0.0,0.0,0.0,0.06331978474464522,0.331328044598718,0.2179939319485406,0.3088718325497428,0.4934075898344438,0.3083133409144542,0.550918667617993,0.3548304158089982,0.27463982702529866,0.2989957965602091,0.19725092666914418,0.24498480683029664,0.06512530696446409,0.07789851093222398,0.01638085020679569,0.0035540912043099905,0.05367196257291741,0.0001514997087028026,0.0011085433772118443,3.8768086824618804,0.0,221.11284349146192,581.9024580743518,0.08536725570716512,0.02136546728736555,13.738512056987322,56.72568844234955,50.20775969037183,54.83144249730612,56.63724508465873,52.868737928649445,51.403988913223166,50.583961726537574,45.680280591645406,37.08861981139361,31.454077331368143,30.233023701516462,21.171149948216136,14.772684435000668,9.248360747006277,5.235559700833931
2021-05-12,0.0,0.0,0.0,0.04524076874192418,0.36082099047667093,0.19008826326222994,0.30942783848448446,0.3842377442148666,0.4120794598465695,0.3826334519548173,0.3369326263260742,0.35295297795047764,0.07498510651248215,0.2515631345088085,0.1308284948059589,0.09157931628976654,0.053584278178316874,0.05183332528864157,0.006911909085255583,0.020072624826303377,0.0012248205166858243,0.00010825658537488461,3.4594954334390526,0.0,311.3007019567428,677.9931990871455,0.13972869786067427,4.619427299479251,15.577167484923725,65.38447643533358,58.09700658088566,63.28221936703004,65.39683203776525,60.893558389750766,59.44617696466065,58.72827061174309,52.94611284600824,43.13758829901694,36.879683672655084,35.57943961333338,24.751516880399418,17.476076488037354,10.327840485995718,5.4698056301273414
2021-05-13,0.0,0.0,0.0,0.11112902462455805,0.31275044490959164,0.24952654630143736,0.21911723651482884,0.32360529906157126,0.49247164659861886,0.5334938252330449,0.3609365100044416,0.26024160817216235,0.1518262123213863,0.2518094667832736,0.16423256854870688,0.10866165680731234,0.0536608677817708,0.07024720593796649,2.787472639103181e-05,0.001829469453858381,0.005712104147589237,0.0,3.677147814195929,0.0,396.90727754316936,696.7075124114283,0.1939421736843039,1.8702981511823842,17.791699993277053,65.6413262195133,57.71538115854392,63.35765988506246,66.10894923263683,62.252865514900975,61.27080694816609,60.86534418823154,55.22913622959636,45.14732466270436,38.5345245005058,37.26956860077766,26.19323257101549,19.370014858668313,11.8093039354871,6.280075761158601
2021-05-14,0.0,0.0,0.0,0.037146638512448926,0.14771537496010767,0.32033862964625387,0.35658714964652416,0.24445586610224965,0.33615872386445517,0.3379764953227051,0.3654583401029762,0.21983871628458096,0.2730292865124803,0.20367993679685095,0.19010846783418062,0.11318372363737687,0.07914260443108634,0.03263803202343774,0.03125637627450509,0.006270423839803753,0.00031854143006427823,0.0005727817294590243,3.3061643572885755,0.0,482.79291780857284,666.6043801631287,0.20261064236387302,0.9447063768748867,15.837954053981004,63.280922707294096,56.55135228685499,62.23743541565141,64.45641826137405,60.42737245254366,58.90752638753367,58.27766713032324,52.85033082263432,43.1912086780345,36.776201426799666,35.2068302175943,24.69615812909418,16.723190999825835,9.924171498850468,6.3149333178644795
2021-05-15,0.0,0.0,0.0,0.13160408850210448,0.2648461091330583,0.2687039571659793,0.2590086660696553,0.2188887821399667,0.3678125436223981,0.30459640727761533,0.0865854614162109,0.13399394935997969,0.23218178933247532,0.100824332564571,0.10324835607808266,0.04910276826203319,0.10321978147346722,0.023767834983284598,0.0008952834079614797,0.0034374672200585734,0.0030338254768221508,0.0,2.6795641481137813,0.0014427171569738127,450.3944234087472,620.5744824665198,0.07736842279357947,0.014791234999562726,14.227371756687715,58.84260396307849,51.41067232248653,56.53774714753957,59.30607357871289,56.024997458410006,55.43366967803862,54.97984565242933,49.886896723735006,40.88392266472176,35.01132693843842,33.97372559329181,23.425943899004736,16.518244889392882,9.87192262200277,4.2247263435495706
2021-05-16,0.0,0.0,0.0,0.11849083117378335,0.4202426979065216,0.2997466141213221,0.2076698472511812,0.32666950477569834,0.24814018933694562,0.2736473474606695,0.22878820464221872,0.2348360178649037,0.10269536278180075,0.17554834949333978,0.11410127127338976,0.13741736740533328,0.034611751562985724,0.014126888645008072,0.006372144534093731,0.00938467197630915,0.04300570086209817,0.0,3.0097669549060546,0.004841701403116361,308.52623221619723,344.92170716449095,0.07817657032411879,0.584312050230222,6.787354222264322,33.82540694768788,29.68199526002238,32.50764453807674,34.03437300985332,31.925218202495177,31.15648362912808,30.74600294306219,27.994012474663553,22.979318105517628,19.483058022095538,17.983548060190298,11.857295790376572,7.718653541859961,3.8084136656814187,1.8486167012856956
2021-05-17,0.0,0.0,0.0,0.14946032180938357,0.4587495369541892,0.33792814704879687,0.31637140765687916,0.5098636941785352,0.49939659863298647,0.5573120309994423,0.5321101092790936,0.2281270802238671,0.3956924878648422,0.24529467159782625,0.21046836844798214,0.11291507504358866,0.04305799931495998,0.03382589568978091,0.01708270590302285,0.015935303597855176,0.0053646277853130475,0.004082684345592094,4.673038746373937,0.0,220.58639304491408,421.52815444907253,0.08948324922680975,0.0,2.634779458467724,42.538686167372994,36.85920486166949,40.31293977461736,42.09438112311605,39.73782944706709,38.765788778368176,38.40253685938909,34.860389687554076,28.25661728108475,23.860605521238735,22.416622024895094,14.727927155637623,9.091777789002327,4.511181094062219,2.4568874255297386
2021-05-18,0.0,0.0,0.0,0.31291295195034435,0.47093152463449106,0.3082702050983001,0.2661704826833444,0.5649157198540612,0.633098411316499,0.5762875500754503,0.38223621204442615,0.3175821779504627,0.4280677899512186,0.3360647651009308,0.22192248208021642,0.17509422358460974,0.02811155443812842,0.044032757360782104,0.008759276983346536,0.008645496237257624,0.006962784176831303,0.000846220164109581,5.09091258568481,0.002259618243444134,324.79929962784644,525.6807203855341,0.13871958332446,0.060369945447884744,8.566487619886205,51.979091825588334,45.73077550893961,49.9292315090442,51.97950327487479,48.58845689298545,47.117569169415326,46.47974874987122,41.93001146914368,33.9698994608738,28.753108218885004,27.48178091149085,17.869866951321765,13.654340161979023,7.956921606101169,3.633557109685842
2021-05-19,0.0,0.0,0.0,0.30014328387365935,0.47182283257521856,0.4999686225275824,0.4079799194921699,0.5428270218481942,0.41555196881514583,0.4559719071756182,0.5239633294499528,0.2966050417722248,0.36722493610851364,0.2797816043545717,0.08447482662610922,0.06856201610131483,0.04048332532158147,0.033882306073957216,0.012129728486671782,0.015394254395497506,0.008364196730452836,0.00064590088191371,4.869793927381719,0.0,524.4511565075987,576.3416123284836,0.2127568039438339,0.11454240265467291,9.875530966149512,54.61003128041368,48.074699106258244,52.987724000137064,55.687969434454935,52.727718360736795,51.900071728700404,51.35433964754801,46.35215338932046,37.61785830405457,32.13730938221812,31.077662639737806,20.82731182529602,15.814863502120494,9.642881793163136,5.538944565519652
2021-05-20,0.0,0.0,0.0,0.12065889982936386,0.4162319758716333,0.3323495742647769,0.44143661423329633,0.39821600309718513,0.48325716969326166,0.5312781817046044,0.3580261950797424,0.276510534533188,0.2730181200429144,0.3004014604612622,0.2097540986027977,0.028233134304052485,0.0703950935322958,0.011928627362697916,0.023549413640976256,0.0,0.00705678300589585,0.002957570427649858,4.323572203242448,0.012325419224868286,496.9307040806133,772.0601119615603,0.17747137376324662,1.706777069865683,15.532619751701851,73.48182379609611,64.87137329340334,71.74676954869089,75.17363015971836,70.63329511649293,69.06854925942955,68.25429468907816,61.87403924496621,50.342522279240605,42.66812603923847,40.86261701262013,28.337776574891848,20.364687952257196,11.15619126646902,5.985018907399995
2021-05-21,0.0,0.0,0.0,0.22526594853501794,0.3525972386041583,0.25927679363596984,0.3857178684553725,0.4201720803665772,0.3742236585925432,0.3706526041149959,0.3463801472546676,0.21487206445920456,0.27058460813771157,0.18393230635449748,0.2412523369419965,0.07959176159352445,0.04715363205527097,0.01915327160938423,0.0022143846154433185,0.013288050115601448,0.0007267548330346632,0.0030940982643829253,3.8101496085393545,0.002024994214302245,518.4108911107329,748.9702112895282,0.14133264338933793,0.33357523448642945,15.962980463847174,72.86559416984129,63.94491463620428,69.95339653906899,72.80361152188266,68.55961268732541,67.05199849751958,66.45412114008381,60.266006417497785,49.05248148905244,41.64527113595364,39.840637348747634,26.14022705965621,18.021439132076203,10.651494161304353,5.422849654980179
2021-05-22,0.0,0.0,0.0,0.23972018102508874,0.46216457641738845,0.31131783591492573,0.31993418288654163,0.4440879333539272,0.461734844338683,0.4067680457277696,0.34659404223059986,0.16871668935233847,0.2231473446807137,0.32309567133280825,0.18491170303785306,0.0696358034865764,0.04243565331186895,0.029036539175575162,0.006302188524145515,0.02532427198976363,0.0,0.0,4.065030304160095,0.0,476.847146624316,919.941543135449,0.22863377511064878,1.3987605573643087,18.710001314847503,89.00974390503652,78.10766729190999,85.30985507219613,89.10450604638432,83.54297136637533,82.07193670286625,81.52656192942658,73.8545912937972,60.2956631746236,51.39264715024126,49.772139428974725,34.288837504097586,22.963750950642222,11.51568028955575,7.076229157109724
2021-05-23,0.0,0.0,0.0,0.15904180335188992,0.49250567183044774,0.33499811915681693,0.2547291790470204,0.41057070238351223,0.4174480894325106,0.45703389244824133,0.48901852165691867,0.2577333639003826,0.2853498800641767,0.29249628954272267,0.16274333282450348,0.05106781809101173,0.0522171455552888,0.04548764069418469,0.0159789740870243,0.013595548564492436,0.003534698722325213,0.0,4.19555067135347,0.0139447258829256,285.29450397020975,473.6359317254202,0.10671702227516694,0.0,4.968359717663361,47.337001511199276,41.35529279437936,45.44223830999976,47.65330739463407,45.165645298596466,44.2865089017388,43.96173324155311,39.9435144023432,32.582026543780955,27.71852471140727,24.937775275277573,15.077544896427844,7.811444453959851,4.31381151232032,1.081202760139061
2021-05-24,0.0,0.0,0.0,0.1878058112462488,0.6010559041410511,0.44130421615969706,0.43290631516746825,0.31275288602761286,0.557337051515748,0.6742033203567352,0.3921507374953585,0.27380444707510143,0.4706141333004378,0.3013154544286431,0.30396705252704304,0.19618652370374445,0.09726126425502693,0.023041611818874302,0.021479988272034393,0.04622503999349961,0.0,0.0,5.364139116272586,0.014062952392769987,251.57419705347897,553.0376238573457,0.07575801073316538,0.0,5.988261158344477,55.2321082696833,48.49168642229084,53.16073420880716,55.27547433625923,51.896126588699325,50.78959775409825,50.25301936682405,45.47959638761725,36.827646348080755,31.12944646452065,29.66809472436691,17.477170572705237,12.084481625050273,6.349708613202262,2.9344710167956687
2021-05-25,0.0,0.0,0.0,0.22561141690215086,0.624094601494057,0.3510561872107226,0.3602507691966256,0.6288965769756185,0.8308857972965291,0.6214567773333551,0.6569057073000332,0.3413344173158084,0.4415899330158676,0.29017263059157355,0.20262823994607293,0.17578607373132143,0.013585881500575162,0.01877429671937755,0.004751290092156329,0.005359510568043294,0.005276926728419121,0.0011639069277735693,5.799580940846081,0.0,364.3462691672573,638.8487620933938,0.09116324051997296,0.05853721584948136,7.565900867133883,63.56795951239049,56.05920172879363,61.39444361397919,63.72026424478983,59.61681511941829,57.99322938549005,57.22165457403242,51.63165230352878,41.824563326429725,35.48474446834337,32.709196224565176,21.182400458709097,16.051519502035433,7.805619616022794,4.961059931882172
2021-05-26,0.0,0.0,0.0,0.13889043242128557,0.5914476461899013,0.49139148833882634,0.6295137039598013,0.6682069288692893,0.7120096000814872,0.742793893476029,0.6143972940874578,0.5146600718315468,0.3634238673711995,0.4011251665696019,0.21322458922077214,0.17467045101942752,0.1351801395002625,0.01643700615047288,0.0182944992673573,0.015169163836655593,0.010365406115748302,0.0003756796028524899,6.451577027909975,0.034276504343953115,436.6045383195131,701.0942719149866,0.1784778283124983,0.4127547257949667,9.42641111772399,68.90636311590751,61.37930111134124,67.07275068814066,69.72355083783339,65.20605719665924,63.491014045923414,62.45697403200855,56.2570075712684,45.720731874035124,38.904847967685406,36.73256924517667,24.017193361688417,17.117382238667197,9.606468296290476,4.6628944888419115
2021-05-27,0.0,0.0,0.0,0.2996318977499901,0.7291832754797414,0.5455813218881121,0.6703295441558654,0.7443186167468446,0.7296671885691486,0.7665984530501713,0.6864911876293613,0.230529674057402,0.4351781983934019,0.39910953969250273,0.42742533690239237,0.23182921802399958,0.14014025722065332,0.052131072651723606,0.02848834890840288,0.017714384869180897,0.005225740975975319,0.0,7.1637595597394,0.013289545983106943,582.7496836566166,690.0325551295921,0.14344014782679665,0.4060036107618178,12.651526648897354,66.89319239193587,59.492985247850214,65.19694384940837,67.84275446579979,63.73335520703931,62.33210544331174,61.58255930743953,55.63610694910125,45.21290972765788,38.452995265356066,35.57082067959084,24.83498131748983,16.87758832588116,8.371127953447308,4.9445987386238395
2021-05-28,0.0,0.0,0.0,0.27082115487698716,0.6094699915664813,0.3847243558955916,0.5271004782574662,0.626879064692192,0.613780785490039,0.6311232643030539,0.6145676950846588,0.47868100476746744,0.35825357667683233,0.43807378582270856,0.2128025403941842,0.16364081712978076,0.07680045222346363,0.08233564522765645,0.029057176655639713,0.002676919309461118,0.007851666109705077,0.0016763170849748142,6.130316691568343,0.0062330651226522975,493.5644396147824,743.5162946772654,0.18600770762565533,1.5600798846117956,12.449442615710105,72.08202541417502,64.03770202557274,70.232283276609,72.91312651113658,68.72730641294086,67.50308128725325,66.81867121913518,60.32265833388174,48.91697532883823,41.597306578231624,39.71159527179842,24.344041195549163,16.782133885276,10.280429336408211,5.237436100137493
2021-05-29,0.0,0.0,0.0,0.10548627211033493,0.5201502684512502,0.404906116905299,0.4629957015803792,0.6983624336612428,0.512975625131314,0.6278573717083933,0.5259018907073431,0.31879766784300434,0.43784059440372436,0.29985788092032817,0.21862973772820207,0.13450444300496914,0.02975125746403608,0.017345105351441247,0.027762224674061767,0.0,0.003223040071093911,0.006115315336890904,5.352462947053309,0.0006225177106288673,478.1515163787058,648.6195462922176,0.17038100504010542,0.0,12.329895436097795,63.809475655726565,55.59887253212286,61.059940586625714,63.70305855628506,59.814436698629656,58.99239458068993,58.63358571590047,53.241655333077325,43.588567734171114,37.052738375076686,34.895441487614924,22.71480378041452,13.062817702124066,7.391623430378729,2.7302386872822137
2021-05-30,0.0,0.0,0.0,0.07023122043435041,0.5283229469782087,0.381144674855931,0.3774116171396296,0.6603181302793475,0.554051526158021,0.4846427582558609,0.3477116447611793,0.42975985183726606,0.4648646777098747,0.4217689896408432,0.21359875836544934,0.08041016254830596,0.0947056616505492,0.04498302952834707,0.017629185690261298,0.007387972039525482,0.0043828112819041766,0.0025720520176835625,5.185897671172538,0.008102015810284947,310.99016265875264,316.9009917427715,0.05421347118447843,0.0,3.719923497854483,32.084311786166346,27.182531774534826,29.907789857464255,31.495764132976884,30.107094908130826,30.24115995305928,30.209182050883985,27.50552877904485,22.43342350669468,18.413974758770298,16.16049300092041,8.992500884515588,5.808530266132039,1.5895255547736364,1.049257030849036
2021-05-31,0.0,0.0,0.0,0.13211369946204793,0.5861197619284533,0.4828180315135902,0.603115015596048,0.6588493366930567,0.6697540879388764,0.7735668334788635,0.6084180350474448,0.5254699568433483,0.4462803848424821,0.37526405004826213,0.37138129025803823,0.08540855571928513,0.026072375610576126,0.03262477829994136,0.01423235955682163,0.009003530950309329,0.0068451323215127915,0.0,6.407678602136229,0.01427219183845183,311.81271342835646,355.6253192489835,0.08855606575695973,0.0,2.2257428644817843,36.54444810886475,32.453467854013915,35.59707006888205,36.96395074550955,34.44774293598826,33.69660627631257,33.36353804337788,30.135953602619963,24.455182509285816,20.704790867500613,18.013594894593123,8.826662603281406,5.751421467045261,1.3990068361584496,1.0461395710681034
2021-06-01,0.0,0.0,0.0,0.4662423088008949,0.8183690508116129,0.6083772822810349,0.8157630648082885,0.9424383637225604,1.0514982805765676,1.0231900886849465,0.7245750531765212,0.7454620852950378,0.5949337451117899,0.4802237533692195,0.3442173745086933,0.08114356777902973,0.09902636032142502,0.05496631922716111,0.026042625065641232,0.011579095980121875,0.02108934743473085,0.002219323085802365,8.945236525421775,0.0,225.39884716833512,600.1289638149899,0.09860150269632734,0.0,7.790507354872286,59.93834482384905,52.003570253830155,57.1364077351988,59.87340096660806,56.33659056876689,55.48453201635568,55.05222016626035,49.87101140511374,40.49174765790824,34.30797073174863,30.897023518496898,19.332644608666996,12.241438287561541,6.7844782705601006,2.5870754491924415
2021-06-02,0.0,0.0,0.0,0.3948060618368553,0.7516118506595224,0.7463933306577099,0.9870354865884476,1.1872453503831757,1.1922939894916058,0.9743552518290595,0.9865245602650468,0.8123654776044807,0.63359158122957,0.7405834855644206,0.48738498121318863,0.1749936388843058,0.04387788794444415,0.07019631202200442,0.06803896320657213,0.02907977820855299,0.008474245252649056,0.006085936367462699,10.400409791556966,0.015695254443861276,374.46421518236974,554.1762766991804,0.10716360762152884,0.0,10.244646831949655,55.068047530157614,48.6850746992381,53.43365364608997,55.35528810588369,51.53593861595774,50.395896152932224,49.821850313892156,44.96284777007562,36.46573967629314,30.918906289582,28.31492903366134,17.557604037677137,12.018574377158895,6.47484154189895,2.9224380767322393
2021-06-03,0.0,0.0,0.0,0.3162740081786096,0.6064905840577959,0.7220417366490826,0.970068900498336,1.241814653723846,1.2053779799543454,1.019256870652052,0.8974261325284957,0.8089043829875624,0.43245513472606234,0.6379475942958079,0.43731615447256483,0.2417470726025162,0.07681092692441978,0.06362150311667286,0.02456753217498279,0.0366294908710595,0.0008304855120832716,0.002359607926651684,9.742685663979671,0.0013791362821009745,470.08629500711487,607.4288325883831,0.16103833645816568,0.46809205963299083,13.510354058527971,59.7661165932558,52.42710284142691,57.54005156891909,59.76910185620007,55.79480854449207,54.79942374999238,54.377290948605435,49.213842086399914,40.05132539747373,34.00739801848183,31.974035065583408,20.298958932405544,12.955039209659644,7.312924656264146,3.162967001062174
2021-06-04,0.0,0.0,0.0,0.14307922969900735,0.5823693750827287,0.6155164172198012,0.9193392137269172,1.0538340269034205,1.0273970478583567,0.9347796443284137,0.7636666294087433,0.7779856180658468,0.38434004820676687,0.5578294957594896,0.3796413453548998,0.32448425751252913,0.16722088180511813,0.03601188737100568,0.02977247682296158,0.04463945795817503,2.227725807405951e-05,0.0,8.770264474573477,0.006431091683153682,374.69758560572325,637.8813336559044,0.1623063877857786,1.319414970983221,10.48085492183538,63.636854073247235,56.72136076151845,62.139018859456236,63.978572840432136,59.32187667988197,57.894924027951426,57.3828381895932,51.86267535791035,42.21297056580397,35.61699215962329,32.0069539875959,20.185716242470402,14.435906180314008,5.887289422261636,2.79711441502561
2021-06-05,0.0,0.0,0.0,0.16187876785883237,0.45689539168136517,0.531133689534836,0.7429250968251035,0.881322212308976,0.8730167664271665,0.808815415653676,0.6133062571583647,0.5226231606738989,0.3605711414680981,0.41943747700234996,0.32001483594337093,0.17704965010877757,0.10815172972131765,0.08294388482903221,0.03651205380804747,0.0038079228309814877,0.00983576848970765,0.0016699101216494357,7.126183324284003,0.003001283625920009,456.8903485408061,697.1441670574155,0.11699834889665423,0.0,13.60866802023843,69.48714082693994,61.380255740929655,66.99651733595364,69.19453586826148,64.2967057079439,62.925994110573114,62.39719533163352,56.45431148377411,45.9961662128972,38.929097948929595,36.88293046495229,22.752022108969648,14.509621017401393,7.6527283634556795,3.6802765145620833
2021-06-06,0.0,0.0,0.0,0.17551046946210322,0.8064184248981716,0.710637834997677,0.805746186146607,0.8857915526825517,0.9549522998394169,0.9750649138337156,0.8015062211907014,0.6138921276324378,0.405603920818399,0.5552245853405611,0.30821686435847473,0.1222323447318836,0.14773319786211708,0.03941190170422325,0.06274549992305171,0.04268089574517904,0.005974182175195524,0.005937032145221092,8.430019359517278,0.020120071668277003,315.5173034234413,410.24643270940163,0.10396264562993876,0.12188081032472609,4.226577490991869,42.46538719431779,37.00841850783156,40.581120069257565,42.20865974788667,39.72661447988406,39.08622949274595,38.773666762578706,35.11726937039876,28.53009167196718,23.341400933904886,17.47092531331973,11.683015794903607,6.1700477376510845,2.969469076954871,0.7656582544826773
2021-06-07,0.0,0.0,0.0,0.6525172059477297,1.0521886825280697,0.9231061611749956,1.1029572911545826,1.3031416232988098,1.316912669526804,1.274063859031402,1.0990650088126774,0.988344909177459,0.7661036258531276,0.8005220691738159,0.47015883386939783,0.3184365950939948,0.09009818979324785,0.02624594341350895,0.02147782587980289,0.020578791338140476,0.008845910548499687,0.0,12.285306249234305,0.0006746373824069562,212.6671624829808,506.73250333750764,0.09075606510969955,0.0,2.573994775281689,52.15610026433891,45.42878456498049,49.71776848638177,51.9997751414065,48.89460917048788,47.906384179004014,47.43250573627363,42.874866018933474,34.79916774260083,29.378688999741847,25.35773955759828,14.933057159758988,7.468147466016523,3.466327629193626,2.344586445509103
2021-06-08,0.0,0.0,0.0,0.5544387590707192,0.8617476965696053,0.9319894948252997,1.189063010783148,1.3176896110531138,1.2820438898268345,1.231738597859989,1.1263527691869848,0.9176942924736395,0.6376271977193095,0.6986021183906879,0.5287805579078795,0.3499886707174456,0.1382619326893792,0.04722955944861929,0.011664615190554993,0.0016994341159589062,0.0009363812922684687,0.003201635512105088,11.879935328431248,0.008507796415389032,270.43133927731554,519.227054316364,0.14033007222955962,0.0,5.251003222212967,51.62172314098125,45.56230592180683,50.31222626613463,52.47083549723487,49.14109701748442,47.9462691481315,47.35985956632652,42.70603087961874,34.60438193260338,29.289045087890415,25.8512308395948,17.187229148573277,11.33990136153333,5.836683143119112,2.747232143118064
2021-06-09,0.0,0.0,0.0,0.45320871226654036,1.03220368650084,0.9876400509104291,1.225826425165726,1.294130740963778,1.3872185754257205,1.3680100666991313,1.1628943999237737,1.0578180224187852,0.5368830095431618,0.9429436903988748,0.5223911310216481,0.30795216084902177,0.13523030877972686,0.04941665191463651,0.0015738443088839954,0.038542474343237015,0.018409647349082913,0.002918416454836889,12.549980668877268,0.023577794320135764,406.23098568372956,529.2906498569182,0.23346374109585882,0.7565581960653176,6.569080614416445,53.00593988295207,46.842862681310635,51.056623496319034,52.981784729592846,49.60446799640814,48.35164676714783,47.785868498042746,43.141191510269,34.985162486379416,29.575331626037258,26.572952802364505,17.457702185248486,11.635254956850805,5.9591081541844915,3.009113273329135
2021-06-10,0.0,0.0,0.0,0.3194558121428578,0.6849444650784169,0.9510930137324857,1.2235452269991285,1.3652715333487127,1.342543565314823,1.129009687734505,1.16273107895102,0.8690858129955767,0.6445699746113862,0.6965208004410771,0.5059176935270759,0.32347464061866726,0.16733602613274884,0.05678710381479946,0.029504767359793047,0.03874699289701307,0.018296880289410365,0.0,11.542898028382266,0.0011972103710532604,460.80333789831195,489.69974527593763,0.26700806641997776,1.112060272103858,9.790729926926272,48.35542662169775,42.73540472187779,46.89337638260664,48.74425028523128,45.689595599271655,44.97550997595731,44.54695505989123,40.14390963836628,32.64350780292591,26.848434950214262,25.075222809997822,15.405850255971995,9.853923913632203,5.039840487440098,1.8457465718252526
2021-06-11,0.0,0.0,0.0,0.44072093398512113,0.9037224066819103,0.8789926232956754,1.2263916463458249,1.4387210133545194,1.2665612359060971,0.7926544264608709,0.9330159310406313,0.725726881184165,0.6910930717218281,0.6635385255680166,0.3812192526666215,0.116278125225982,0.25924381046237926,0.26937966769994337,0.0033306363053907913,0.0047178054821807175,0.019279708744601602,0.0028083898162322677,11.049502587018353,0.0,481.08451438740406,533.3233695389883,0.11723225477518082,1.1796821087236853,10.820150686581412,53.42209240437758,47.439580542143695,51.87631423680301,53.416596606930696,49.7657912469928,48.648683156426216,48.19231923553412,43.4866163128508,35.327311847363646,29.40810153634612,25.385207061580413,15.704920733804709,10.367359851712829,5.703132727975675,3.1795092428408847
2021-06-12,0.0,0.0,0.0,0.2866273698835606,0.695287724347688,0.8474371897278743,0.9769321946313414,1.1355746331098926,0.9633651787815221,0.7554817242629295,0.7525697187285599,0.6796748854192769,0.5177138468228154,0.43218883136419145,0.4469277308110598,0.1846478535413404,0.04815752723051075,0.053077510924219584,0.008536531125698028,0.0013037518673450418,0.003184528460751331,0.0035825784996550212,8.792271309540233,0.050725192449251104,523.2288692968388,544.4902127864711,0.26878398956408805,3.6157414177619485,11.49224587836625,54.41757545248094,47.883493905570845,52.50294641285497,54.485716254443524,50.86800343536331,49.72202590091403,49.18729853047001,44.50064247046607,36.30582839827077,30.739652864849482,27.005760647037434,15.931817163869063,9.174693234819367,5.211872466290564,1.444898352642606
2021-06-13,0.0,0.0,0.0,0.3676209570566712,0.8183834249948946,0.6514157586390289,0.9334884423213611,1.0767302314992055,0.9867037823949405,0.9772663839470741,0.6327337214579294,0.7259842784425292,0.5289045139402174,0.7195059419470292,0.34570165882990933,0.2167806862055604,0.0672209719331675,0.0707674343678257,0.020376549225867707,0.029016736396360574,0.0,0.0031703143344897315,9.171771787934063,0.024238827119617817,280.8046698272701,289.0190451628292,0.1619447058263284,0.06628189664735838,3.055127885540765,30.274898625405722,26.71242586688616,29.165334949757725,30.182810125520277,28.223003841108635,27.623060925725095,27.314387320359508,24.72252325091666,20.06621150025928,16.14263317032999,11.745399371811708,6.975889350680215,5.23723482323761,0.9916494200737362,0.5201728385687656
2021-06-14,0.0,0.0,0.0,0.3865545119409852,1.1966362311733,1.154616983288873,1.424284500597073,1.572804915121784,1.4841711015536605,1.191721231586204,1.1954551566317286,1.0664624067428379,0.9581066770580422,0.956482957619865,0.6365298970033844,0.3953606969937065,0.13962990415063725,0.21517012580647396,0.04959084363170056,0.0052298263682374465,0.0051932677600848446,0.000863322230918657,14.065591916047762,0.0,243.1552556691156,403.57018034226826,0.1342524873259084,0.1597670288396606,5.155803013950198,41.60497523237431,36.77169209130737,40.33853802666807,41.937569622204215,39.164317607147744,37.968826474469154,37.36413703565839,33.65533927659619,27.318952740586273,22.19847659380615,20.460579114143368,10.498666616804323,4.929583948077431,2.866465641126751,1.1764902785086673
2021-06-15,0.0,0.0,0.0,0.6142105244742546,1.1662669346599135,1.239170174174387,1.3573118346566664,1.5305247369643065,1.5215765699924266,1.4307442482703356,1.2513097695649118,1.0576193129086993,0.8265858837056475,0.9108339709588732,0.8015412206313808,0.2975171751039931,0.1327519183417388,0.07516877147105322,0.042802578212071216,0.0678220593030438,0.013625311700101152,0.006638659680788593,14.446310694470924,0.017393091311561026,366.2509259585312,424.1230595916392,0.23621605129987672,0.8404849364995448,4.498034239714608,42.84332957853347,37.91408707638346,41.77257015545489,43.761557210572846,41.052513276518475,39.61954559501322,38.9340244459719,35.0208232069849,28.40980032358415,23.589534781526744,19.3336783022421,11.9274468017575,7.639654927407364,5.31839646529714,1.6475782681769024
2021-06-16,0.0,0.0,0.0,0.3975385616973046,1.2967346995118767,1.044786353614599,1.4338487035228944,1.682253353522972,1.6623207557981754,1.4575212475138348,1.1376101194074748,0.9735028123620315,0.901459322498982,0.8601897191965804,0.6352701686095048,0.18964584927188294,0.23467474523026371,0.07942421347987354,0.06812532843047184,0.014940994902366823,0.006720117173632186,0.010492165602734103,14.121368884503745,0.00016637824839994461,430.5142862835143,398.15902052731906,0.20993243667747064,2.4581063066994613,5.188503397442165,40.02009063833535,35.96260775288065,39.37417385385139,40.88141866343916,38.0140391458905,36.68644297605433,35.96948739752071,32.3595202394979,26.363098881547025,22.210652743816294,18.44791631655949,12.374257160033808,7.148300452611949,3.299923321838124,1.400481279300757
2021-06-17,0.0,0.0,0.0,0.6784190419652328,1.1134515681738109,1.1811499143538953,1.423083878314402,1.4947374911117695,1.5336110985955858,1.3827852190248529,1.2177729292982922,1.1050328648034011,0.989924069945629,0.9784354725827044,0.7906764430437833,0.39826385545040643,0.19471299630358146,0.16637463783499432,0.07772904309658532,0.0835066520119361,0.006171683796700444,0.0003366645293444392,14.885791077455902,0.0026905812148506412,454.800869592564,440.66371603415604,0.2688951057584432,0.0,10.232723691769435,43.75093501215795,38.92614830474982,42.91033382917724,45.046953469740785,42.54476431217827,41.28622631368352,40.32145354761502,36.13132864388977,29.3187422561328,24.550379125127755,18.548639028123684,13.334339251624495,9.11290601297726,3.443494117363111,1.204349117845116
2021-06-18,0.0,0.0,0.0,0.28082334745312487,1.0794851499950273,1.0792893871871976,1.3565045972825878,1.382401082327814,1.4247558420183766,0.988872788708901,1.0320541587280718,1.1602716600137088,0.8410755652465275,0.6229144931581155,0.5845922626148645,0.418288780185493,0.1478390497264629,0.11627055924043711,0.02567327158901065,0.014694835815143786,0.015659525974796706,0.0005863551899595984,12.57205271245562,0.06408970852050033,495.72764992971145,452.90466423911505,0.32319352970715876,0.24156426338987083,8.359226435535321,46.24676283016532,41.386765778691675,45.20625767956075,46.9169885560764,43.88887539086949,42.197433073864495,41.31057048912287,37.181693400533284,30.20234067686578,24.610596769797844,19.071840532431317,12.696051718001762,6.376196146094282,5.2927231044865435,1.7187773936280926
2021-06-19,0.0,0.0,0.0,0.23461887089994282,0.8275204142121337,0.9495584108053059,1.1234553120321402,1.1133172283063957,1.0917487289943024,1.016298373807854,0.900213859755233,0.6438895963094856,0.62760872587692,0.8028219051454135,0.32949277813687344,0.23196443730634028,0.10030192999507456,0.04820891572036779,0.04321237938850499,0.0570523110357313,0.015142713324700826,0.006248302607340037,10.163587975000887,0.024258143566082017,633.9692626532303,495.7983446825107,0.24194933999212673,5.543629761369563,11.940866866770504,50.230681220504586,45.03905786069372,49.226871362380855,50.935422060722445,47.27040984852221,45.30886131228024,44.318752318328514,39.9032434060782,32.33645239274752,25.311955237607485,22.058546064695715,13.245287821660723,7.549960781899015,4.3393206799475905,1.2390256863017903
2021-06-20,0.0,0.0,0.0,0.26016516440396353,1.2023313514176563,1.117552093153873,1.2539504388559028,1.3105298578596891,1.0010557168518777,1.0240463112468228,0.8439198961379034,0.9372615006200465,0.5849506210063,0.7080489325936717,0.4699338880570123,0.21302877262328096,0.1779988179506822,0.050355960953791024,0.015544013450791835,0.04005841913004251,0.0013087074553706592,0.0,11.215041747394599,0.004875837987946705,338.24333958740044,245.67504852163958,0.10635917043634072,0.3034440352227288,4.159486795325733,25.363676106841904,22.529650998656095,25.006529411569048,26.080741075049122,24.52928130819834,23.761271342161248,23.243198594745365,21.157424873195247,17.053678017449677,12.818409504325958,9.084752789223906,5.415748130593509,3.3831967446821807,1.5766811733599466,0.20787762103957141
2021-06-21,0.0,0.0,0.0,0.9722803790186186,1.7423456178382362,1.5799388018711256,1.822548111007132,1.9968959375917015,1.9915162006445812,1.8098888592677473,1.6238181640063019,1.6287905265321914,1.6039672684794728,1.3763488477393488,0.9854441832912246,0.3304736378457557,0.3402694795991976,0.043422349516812966,0.04301918633604389,0.03065989628087617,0.0016070886982003753,0.004175471513543324,19.945454716637872,0.011085725409562987,255.23042155334167,274.78348988936006,0.2507961079522243,0.0,2.803653907917681,29.179451310186508,25.90169487918949,28.160389063876032,29.154425591531652,27.192884924382113,26.03895345272455,25.484821340170214,22.935274457473575,18.495797414561387,13.743695866697559,11.215033693440844,6.670583348438199,4.389820656414596,2.361066969950209,1.0559430124054678
2021-06-22,0.0,0.0,0.0,0.5399550249075881,1.8478570825828058,1.699277365919872,1.9104508794609418,2.1292224104099895,2.154365222627761,2.1156188035719747,1.732907720962292,1.8441806749285294,1.3109220285175252,1.4025001108611157,1.1284549459874635,0.6360473125939468,0.24030608525782052,0.34308044066633414,0.06719832341696802,0.08372746830444022,0.007717056704726493,0.0016878198772826234,21.27241461891532,0.020682809763329785,356.9111903314972,305.5051633078429,0.23974177104616118,0.0,5.069908986959498,31.038081148423444,27.824215199164538,30.710341124520763,32.104321933590334,30.157307315657857,29.08553769132684,28.381099270080348,25.404439922072243,20.425505520674687,15.991179387005047,12.653370029496484,8.285134950037955,4.729443176353107,2.417663495193709,1.2276141572861063
2021-06-23,0.0,0.0,0.0,1.154148477615414,1.8668346983519257,1.7233840938268665,1.9160844176256118,2.223420198812561,2.3273264047139772,2.2491437305411885,1.9674328538615884,1.9046982770001113,1.608550926493226,1.6295916107588666,1.2953787877829932,0.4824157762875498,0.18001722977885898,0.18307911548954048,0.08008770915534975,0.07542144586095548,0.004541353043064092,0.017674999729657567,22.910059522820017,0.0,428.89168270737895,277.77562624853437,0.29535143516071727,1.7940276751762911,4.999820471300365,28.568366583483794,26.0456682115187,28.326831117492212,29.046295263867634,26.75407132644817,25.7212061341866,25.117847909527583,22.45577136442841,17.937407399287906,14.339891094753417,12.0879865420543,7.687595558036069,4.5132562716853135,1.9310704145782471,0.44851291070937
2021-06-24,0.0,0.0,0.0,1.0736933795811403,1.9231476864072568,1.8376682240787847,2.0123105192552706,2.340383192689921,2.4584284854868126,2.3935976377809354,2.198976984790025,2.0746445376019946,1.7601053898639871,1.669262344607718,1.3328496725199912,0.6722453545611955,0.31421166676100937,0.3098628702732938,0.06492026916021101,0.0440320784123204,0.019359929214018672,0.03831063739058246,24.624392784493878,0.014268968581458732,409.4137422972304,337.5138620767418,0.3508171238661022,0.7344116917190902,6.9313622099215,34.33982013351718,31.070095950424065,34.092041085460124,35.15315447507771,32.723156903891606,31.397944989551316,30.653461603763937,27.34115029870615,21.55072272967989,16.799697641903606,14.739063684352383,10.385237857787898,4.64742113228626,3.416496166306815,1.5386235223922586
2021-06-25,0.0,0.0,0.0,0.803742415281908,1.966238369010073,1.8034346252681843,2.0526897343514534,2.282361254499892,2.4565970341036025,2.3558304121746274,2.051140074938792,2.014347217467341,1.8693910030754106,1.723100035144917,1.3991578518469707,0.7629987400158136,0.48406262759498475,0.26370256751841015,0.16048679524097628,0.09856016183361058,0.08581230623205277,0.0023583990545340333,24.63601162465356,0.03176421130151598,408.21112210038615,379.2997431941077,0.2977538316983501,0.025077855773935637,4.469353175301263,40.523598032258604,36.62966466631338,39.89431568763257,40.64821549548275,37.414430209988005,35.58434097593065,34.60568289973501,31.044670278552033,24.989467956471298,19.98676156407078,16.09654866595222,10.275472780419085,4.347722774929494,1.9170108044215595,0.8474093708750325
2021-06-26,0.0,0.0,0.0,0.6623630443135413,1.8124464155355713,1.6712513699076132,1.837525239295341,2.0719758267635293,2.123183596916343,1.8061144325560528,2.134814134507633,1.770744705094453,1.6351766780423067,1.1169078078703027,0.9176257964396187,0.6629111189532848,0.4686075589075392,0.18313002304151255,0.09032996639764455,0.030447493161586014,0.02357878698489203,0.0073186626533698765,21.026452657342134,0.0009668257344781846,438.76543847741715,419.01271291786173,0.19193628811698837,2.1236543063108444,9.609850182716722,42.90164933326725,38.20239837451642,41.616377468120184,43.02837013883652,40.081917125537224,38.74200488403233,37.967446599742956,34.17521179786507,27.693856438842285,23.176953313389642,18.243689423865312,10.156363715873365,7.479658316206309,3.0791135654514306,0.7341979332878085
2021-06-27,0.0,0.0,0.0,0.8116343322338752,1.991687423260789,1.7885735501998135,2.024425264613208,2.324919982851881,2.322501235998673,2.339079320314656,2.019811826711736,1.9060969478671774,1.755776895068687,1.7446129996530508,1.1691519551366993,0.8842569533770113,0.45493899392371795,0.18484055371250466,0.1051783381980264,0.11264716601606362,0.012048995412704964,0.008075794850102814,23.980961474982898,0.018966001074834236,272.80675318447004,315.33953773177075,0.1729134150409663,0.0,5.386663661513192,33.08922273927645,30.40713177984285,33.23133251074482,34.50077384183528,32.197031533757375,30.84741417953085,30.09949601140685,26.68722957372657,20.728887771441574,15.278232051089446,12.153880309174639,5.887672110002886,3.2107890473377005,1.4198514215176867,0.21392918957256774
2021-06-28,0.0,0.0,0.0,1.7147501310686355,2.6755912224973732,2.3303592499176067,2.606567012248272,3.1427412907030963,3.165469312683338,3.2504849734471417,3.0027212006522728,2.908842486279613,2.687112276345032,2.6816228056066373,1.9349250497481791,1.1583001511579691,0.5395856702627466,0.6680794144003742,0.2939314590613234,0.14866513986370264,0.04578901061016342,0.012985716808135008,35.08846210531411,0.0,217.2950113398903,268.9488206390683,0.17459759515256254,0.0,2.0951498765037924,28.478604122629,26.002872129091042,28.542609587544746,29.511574464528312,27.647359376524467,26.792454651951314,26.12696754666024,23.28313739048693,17.581436556140527,14.258850039170964,8.815445389612405,5.1807187214507024,2.6780392699833153,1.0675916353999877,0.8860098813905706
2021-06-29,0.0,0.0,0.0,1.9884173853913996,2.5657864035801032,2.4164526424648964,2.6548450415592186,3.214790783150776,3.402849386899543,3.3527798639262425,3.158334295616983,2.7999872286600884,2.5242998725927945,2.6603982721718387,2.1971665669048406,1.1546332547839313,0.8614494959733263,0.5666875899139302,0.23477000893838107,0.13070997381107516,0.009886389658887718,0.013858502272798112,36.01184511845306,0.020594657703769326,247.4883075895575,277.782317949442,0.24316954262533422,0.0,3.8046332207396585,29.55411790280315,25.90363106772304,28.772634944418467,29.833004707120654,27.79222943231227,26.747728645898455,26.16684459204425,23.433829676321537,18.621778794999702,13.649211005482769,11.796348278395389,6.6025331777231395,2.72715710706977,1.7068266905974372,0.6698087057923336
2021-06-30,0.0,0.0,0.0,1.7662924294157007,2.847303412568602,2.5513202713369787,2.799840893080128,3.4157383862155686,3.6311402595832267,3.5529286252766257,3.336104520399877,3.0912787371100636,2.4679158896152833,2.500946281950948,2.5298186491996018,1.5352858001107326,0.6965109095632162,0.3842191642504399,0.15050459372667635,0.1297002694727433,0.04986863139997253,0.05423056817079959,37.553002553908435,0.03989812532895041,258.99381823853173,379.3896014999025,0.2950276466934464,0.4758114107364721,8.087902251341301,39.71701734581545,35.764196212964144,38.77149836028014,40.075838059507554,37.09460263121806,35.42057493904398,34.49594060968471,30.777197513897622,24.037098644932584,18.89992795015668,16.264767287085185,9.401166441528916,6.3316304491300475,2.8975236985386856,0.8769076940409523
2021-07-01,0.0,0.0,0.0,1.9259233189905511,2.8752175434779716,2.518390523024852,2.756612892020591,3.3290888399963174,3.5181245316016474,3.5643082701494593,3.3090971973807006,3.087057266175966,2.922796775162963,2.6440490218400505,2.5060343089332124,1.5667800236179195,0.597837967355922,0.6513225651144606,0.30413513659389496,0.12209666101305107,0.03463771749090278,0.011790923166809863,38.35323559144337,0.003781856603696385,259.126211459485,351.398904964131,0.21112404305445392,0.03550232160302721,6.094926802487555,36.57967334999021,32.71438243543014,36.12986530447447,37.41710013330529,34.79751874498022,33.75330299289899,33.09815778197573,29.273040661943753,23.76571638820895,17.153934281698085,15.225136225002665,7.4719232319318705,4.543966489152266,2.1927090004766345,1.1520488185711635
2021-07-02,0.0,0.0,0.0,1.8048309172893526,2.906825707812699,2.55559409097956,2.7474529076211116,3.339554731605931,3.510806840878794,3.523638640223895,3.1875353123293326,3.082573707381627,2.958936303246878,2.8888799976396884,2.2714995091626515,1.7900228979857256,0.8733847203269077,0.5775995657382248,0.3104713167362015,0.06208077753421853,0.016953936401195992,0.013122974486844668,38.44080804775513,0.011929566758384177,233.4847483691425,315.78827759671367,0.15738335090289618,0.0,4.851724856739788,33.14433563046819,29.816184449806954,32.63152064038212,33.61196791264101,31.40095178793992,30.776564946623136,30.4712570664785,27.385481101426915,21.423642080466916,15.806207934422162,11.401369320447177,7.695567352536953,3.250941757708085,1.5098034345660647,0.6107573240597601
2021-07-03,0.0,0.0,0.0,1.527053189691626,2.7765996566343025,2.464295847885312,2.630136330114559,3.0802541454666423,3.2109031317669707,3.477182839188541,3.0884211223404323,2.933468538355349,2.614362355059046,2.6975958033896057,2.221327601170821,1.7130493700075224,1.0252094072763553,0.42932705001686006,0.14890297210819542,0.17998665981341944,0.023990940809924304,0.019419675184660656,36.27501057557523,0.01888693162073713,267.7727566689451,415.2284876321765,0.13450310221142814,0.10163926820844024,9.889654562377464,43.78444062397707,38.942918521139305,42.67593247379962,44.22590810468372,41.25135423602774,39.909063226123806,39.19982004145785,35.33587628899144,26.906299761882174,21.584197707189702,16.164880390101246,7.385485781672366,4.448321655644591,2.1511969600090026,1.2714980288909739
2021-07-04,0.0,0.0,0.0,1.7455982586704366,2.6341806589159544,2.3352844206937893,2.543712794918749,3.0769016796669484,3.2503048831673813,3.329657113211527,3.05888698324728,2.931055843183266,2.509177560486248,2.747992731550062,2.2145467666986414,1.6540955853839794,0.5227968715179724,0.6817590044103339,0.17624284940730714,0.042928943916059635,0.08548601742030797,0.011124868537289109,35.57223909196464,0.006962174121960476,149.73658043621447,228.5834685311549,0.06587159879101923,0.0,3.827537576502336,23.635654685060413,22.09421043120453,24.72873017418138,25.684985257863037,23.99358925103995,23.280698931316486,22.88769526899305,19.88605744955526,15.382882157199667,10.373178690791436,6.090175946661873,3.639694073490873,2.167771348735856,0.7937003836715786,0.1169069048871785
2021-07-05,0.0,0.0,0.0,2.412809462723517,3.6329393850042084,3.1484820114500325,3.3978574369284913,4.161323578224498,4.509153970768136,4.493934460016149,4.231033649999495,4.0408928927577215,3.6041625297603423,3.884001068970648,2.9340573543775563,2.0809817105801898,1.4717500705463495,1.005907879603226,0.48768919746949535,0.14205020101391908,0.10524552956652883,0.01231658430528941,49.816044007509184,0.03202039420574661,151.9119485039635,284.92625553959476,0.12090548040870576,1.3024032370921488,3.623881881710787,30.19052382882322,27.464506371950538,30.057243662341758,31.398575852546102,29.46944037114831,28.672958430754274,28.07411238109844,25.070612408181148,17.600607301412406,14.344306450920818,9.106082041238041,5.287245786347753,2.002178229070857,1.019979872180137,0.24159743277800527
2021-07-06,0.0,0.0,0.0,2.892778311019059,3.7867844442133594,3.294980154742429,3.556122558829436,4.317146690076519,4.717137971276901,4.791397947509517,4.350163336791536,4.18494351197694,3.9933708945853663,3.917947095038007,3.396131868713824,2.2657493266864885,1.5416821015000497,1.1060405841840082,0.350758352686219,0.13176757219920052,0.09122860021602089,0.03117224130701295,52.78589142028809,0.042138383375064106,153.1710652367697,275.27360578989095,0.2022043070124546,1.2114573001153408,4.932196789097085,29.35498631711886,26.155750696851623,28.790157703803082,29.99750283402453,28.00174270731917,27.085278840404484,26.531103082228068,23.82380694377265,17.961288756772046,12.875728240173988,9.247076319156692,5.273101812520723,2.882697279631131,0.6347003325157938,0.5150298343856328
2021-07-07,0.0,0.0,0.0,3.1563665158248426,4.003406227094022,3.5414664986967757,3.841090400173232,4.693147326656681,5.06354180582997,5.121446410826211,4.70007695269753,4.195783380246526,4.25484978068619,4.209028534262283,3.624262743780462,2.359257718522438,1.2621887388770563,0.9049243448783062,0.4457258978699088,0.18873920164090585,0.11134945878392682,0.017790987080625445,55.782208027218545,0.021127523947111752,167.75041093926876,330.18728079705636,0.19467935608701284,2.188132874107843,6.951716092037034,34.59467586948917,31.355760928782367,34.7251462403706,35.97458799561783,33.343072262931635,31.821337688542187,30.869748699487886,27.225386877732646,19.626182804058246,16.347542644389616,10.579810470389937,8.64496030928512,3.5368698389320423,1.651773368582338,0.7505758323198566
2021-07-08,0.0,0.0,0.0,2.2458594997435752,3.5291853082792524,3.062482558680331,3.3436997566489994,4.077893398602744,4.367463566701995,4.490962652145248,4.049958975201602,3.892312860939927,3.539286772037369,3.7545993490635854,3.1283240934072025,2.200300030931897,1.2093588586341655,1.0374053056767003,0.4954234908283489,0.20878569191999488,0.05566221747532542,0.03150501253634136,48.73074468458631,0.06786707582683149,176.05374492299487,314.6170873564355,0.26035284222638677,0.0,5.199803573094033,33.0847234978548,30.22395361349067,33.00018087611657,34.09842226293024,31.649427643508336,30.58468821355112,29.748559883381496,26.21110068915631,18.208608798083578,15.964999569083792,12.418263683097695,7.098927523457626,4.87666927990818,1.4139531985502358,0.8348050511707925
2021-07-09,0.0,0.0,0.0,2.580188314109809,3.3905662605450937,2.940661521969277,3.156989929301161,3.892093409597123,4.203485109115864,4.253916346895981,3.869716861048935,3.5317248002815957,3.3746212414787706,3.6657466487875525,3.144527768256161,2.181891666056507,1.1967411057303254,1.0810496054875618,0.49012537825260066,0.09369583779207394,0.17555603201695874,0.015144516929784333,47.27217099606732,0.025437792285139132,177.5155011163502,350.60853831158175,0.12775909603412472,0.6224775422129165,7.315775130649404,37.35534958333485,34.04287894578509,37.14724743616133,38.223479318290416,35.33739934938405,34.01458231147828,33.37830802382069,29.9035152250965,23.166091209075724,17.596243372237243,11.618776452991096,5.278419350808428,3.0314066403836435,1.9785965333825672,0.5979918864894979
2021-07-10,0.0,0.0,0.0,2.029043712717362,3.2064733430670964,2.8224933716293643,3.008212945165276,3.6598997624943674,3.9834497818493655,3.9639070836848367,3.782858223924708,3.643412951499073,3.07991234446471,3.3221214825832144,2.864620531551964,1.8101638749058655,1.1166178853468651,0.8122234410085322,0.3627057229556332,0.14906223439749045,0.05369178211079298,0.006144129019616092,43.6780560329186,0.055639434554740026,185.78670174199632,415.87407112403605,0.23341594786948053,1.9837350504972369,10.475766604068586,43.80962614487376,38.99503308507242,42.577777757324,43.93605926057979,40.7987040303338,39.473789236489694,38.84296893215636,35.03962648816389,27.375463732123155,21.129267860439718,16.950709126649212,8.203909576507614,4.459555755995216,1.5248535300641997,0.29722495269735427
2021-07-11,0.0,0.0,0.0,2.232714781700998,3.4637921696915734,3.051694507881222,3.204977612433415,3.896366138539546,4.142256600055647,4.317493248241649,4.006889755221134,3.799494423478877,3.4828474070976636,3.744015017150966,3.0994971452203948,2.3177054030024995,1.4743557428865486,0.9480892004930795,0.28837331802381694,0.377279824126014,0.07261660675329698,0.009001979377586703,48.01567161514741,0.0005105188147454851,82.58894966588137,206.02228493300382,0.10477809853205834,0.0,3.927462132173994,22.82310111331563,20.675958728385808,22.808755866257343,23.4516368928376,21.70467811566055,20.965008620248312,20.394903286577577,17.26861019780579,12.634684740608112,8.26066496594887,5.915040496884695,2.5944887922034114,2.074570245308365,0.436116366804446,0.08660437198331439
2021-07-12,0.0,0.0,0.0,4.241707767406426,4.747403106912104,4.084834018323772,4.346937213708693,5.324483604198728,5.806858966654364,5.977203164002229,5.4240277554117755,5.360443811402067,5.128549829128238,5.130347880910134,4.527274260844257,3.330411994374898,1.9710721151104942,1.7397063436746272,0.9503429981854449,0.3426370869516421,0.16635067737249382,0.02842490947406631,68.7523576516468,0.06173351764356701,97.9350445741402,260.9965235478796,0.13120054018982336,0.0,3.3660218054275406,28.387183245814555,25.132511893636888,27.940340146079908,29.237230585982065,27.48036909092349,26.676208604003527,26.145227251146395,23.165257671714343,15.795641698928858,13.351070122974916,6.536201432853405,4.687055794505013,2.1781345565701375,0.7660287613532237,0.15204088596531434
2021-07-13,0.0,0.0,0.0,3.8817716354195158,5.025109075986095,4.332126754829385,4.5950725083382,5.635282073814959,6.1360723049743315,6.276104255873328,5.837383503638461,5.515590371316204,4.850301145188408,5.502126151151486,5.0130718243165155,3.5857226229946244,2.562910977537819,1.7884858329522406,1.2387475875730958,0.5128537808145647,0.23814703152312555,0.10033328486067093,72.79967542784445,0.04340690653418204,109.53596680073024,275.5440560777301,0.16188883420957045,0.5911385439333672,5.435721002082715,29.297544629139185,26.278672338674397,28.844632455463096,29.923518166253498,27.844661308628993,26.948849802839614,26.45309308084954,23.005689959581886,18.777167431383234,12.656541488431989,11.390289972338934,5.414129432307368,1.3179925013141085,0.8443970974795852,0.5200168670285908
2021-07-14,0.0,0.0,0.0,5.5230154779692056,6.093671552334721,5.250175024465605,5.566010265501959,6.842103629662281,7.4522363909952345,7.638087121595928,7.085479830563401,6.864329046794456,6.367046053815223,6.68867831007835,5.972300498097098,4.2388528697786265,3.3728284706101683,2.062046543064023,1.1017813942181696,0.776984686207677,0.15836913164966065,0.032801141968415486,89.19963812610811,0.03805138428835546,112.72097570811204,377.79644799127334,0.06089961295502144,1.092830218447952,8.647136710305373,40.01941718404946,36.449592053624876,39.615605679145396,40.90571046681224,37.954909002133995,36.53662474792595,35.08374452729539,30.542505765152935,22.18341604098258,18.657411199891577,13.8049752534956,8.59632936323309,4.794154615898194,2.3185250421902235,0.5935601206884688
2021-07-15,0.0,0.0,0.0,5.662592115783463,7.298888526615493,6.309897030518174,6.720645236709222,8.235991250530324,8.962867022471565,9.12680419120778,8.501895973890775,8.275609290984173,7.850767502650402,7.982321842489039,7.319986636844181,5.425137833720399,3.7570916681313866,3.2635260118511162,1.4817280609205248,1.110321417131504,0.4735116447259386,0.14798349096313584,107.98250374318697,0.03339953076728926,114.38827678387449,396.76990830972056,0.18371527464886003,0.8122111174145396,8.61850545284752,41.75608445423115,37.48318816827533,41.17004001787087,42.75716941082337,40.25213752889723,39.140505230362464,37.86169051126198,32.60208096246307,26.517086332312555,20.410743690028244,12.788946975864308,7.554943470989526,4.439509508568397,2.11573679380567,0.48932868370436966
2021-07-16,0.0,0.0,0.0,5.8921255144845475,6.519560628771885,5.62069487673341,5.983892665077395,7.334518708622836,7.986606148488612,8.192487682767652,7.5826761713953035,7.3552599703186585,6.653668227308474,7.174241657623427,6.424605407306138,4.990039111551496,3.0972806158474495,3.1547561612257775,1.1403479221039337,0.735503714024226,0.5344400287528888,0.13500941755604517,96.68238654107742,0.020569710589646125,105.76655802985644,396.2785914601744,0.16149517269221958,0.3615445631428633,8.468612816912659,41.71698782766513,37.69786061045268,41.28858040677817,42.71535855699516,40.01531818087109,38.930941577707,37.99863085343496,32.22546395938182,25.104502244031373,18.209992383086803,16.662012574707497,7.272714183907817,5.755384418674632,1.096722993994452,0.7579633084302813
2021-07-17,0.0,0.0,0.0,3.8467003417896537,4.557247385968991,4.010734803756042,4.256823476177023,5.200305317091812,5.675304560252561,5.773243665322158,5.401156632661799,5.25779844872639,4.857218322341762,5.066254087065548,4.3013973395385054,3.1883380805882475,2.3283514517381945,1.7484180050515084,1.229593757228727,0.3959567601606661,0.1734777756496404,0.122083515887524,67.41062735911513,0.04236513874787537,134.22978072756277,480.23586475326266,0.27511524948585364,4.136470166795091,12.103314298668998,50.58551295948988,45.269845067586445,49.450962150469,51.22741620398417,47.809067884945584,46.472407396293114,45.593127602572395,40.968337255242744,31.743037127140948,22.98704928110441,17.94644567214243,7.878921492864217,3.6616008122055046,1.435190718142979,0.9671586636147429
2021-07-18,0.0,0.0,0.0,3.291307584558898,4.3289070071045375,3.760951847822065,4.0070440852958775,4.886040535458061,5.294400096456189,5.447894294147285,4.999312395078892,4.713470947642965,4.3455867112898705,4.715837729150568,4.3003393416851665,3.0444198997482075,1.6540016556332633,1.4525310892200154,0.7966344274768901,0.6704603232153367,0.18280511074941644,0.0601744961436778,61.981976762095954,0.06085630329399231,59.959938848214485,274.0827662381577,0.05310646869655211,0.4491637056209846,4.941060744135653,31.175776760247494,28.79310792146437,31.121703803775528,31.61834155512484,29.14779626950365,28.01107561856028,26.708673460772246,21.502460032179133,16.902320005115403,12.39518000897842,7.972665706945774,2.037387895615284,0.743331056364523,0.5257384396814491,0.03698325407270568
2021-07-19,0.0,0.0,0.0,4.6696902892740155,5.503069676324459,4.775006102213948,5.093337865664871,6.237598999613746,6.801074663067865,6.9316458749716725,6.246475457823941,6.216575520222733,5.999992507314136,6.132310474279874,5.271624072656441,4.312205199908682,2.994307449684496,2.0748050409129775,1.3121419553087852,0.7014818665335917,0.2915020621128811,0.22267712173147008,81.82711963271134,0.03345116733606728,70.45727311756323,285.16375103139313,0.12665579378681227,0.04239622822035461,6.010661956126615,31.38030560431905,28.609956130483997,31.40518025459232,32.23427988336699,29.81501818789235,28.804167580517937,27.687269049497733,23.418961237879337,16.510355275435444,11.272653785305689,10.181390294592155,4.398457253742287,2.2882982148882864,0.9692343292186899,0.13516576531388702
2021-07-20,0.0,0.0,0.0,4.04706628517945,4.53640780233566,3.9990702201795383,4.265964377140771,5.211977940259341,5.679602314037754,5.818765794218464,5.316417566868758,5.1530061042769555,4.526605724707738,5.115702053652193,4.3855662399207835,3.254923545981445,2.7430965235836107,1.936791507194031,1.1935757261620195,0.4949956832411042,0.2930798216899123,0.10979272525798622,68.10855965466455,0.08196937838630924,78.63899462361684,296.9117432254114,0.08946580269226392,0.5328363142719821,6.274773579229013,32.777178958677574,29.39101539494342,32.18497968046604,33.39796702108456,31.11602350451701,30.253925167260995,28.980723523444578,24.568192130962533,17.131425986746557,12.992589556388612,10.279068144414618,2.6986255622016593,3.34839997217757,0.8058245559553617,0.1781941726692789
2021-07-21,0.0,0.0,0.0,3.7359647730583943,4.131471939794645,3.5685343824074995,3.7632665730080075,4.673076280132201,5.084006755043644,5.205911471145953,4.705531859210095,4.572131693294395,4.322710376221556,4.492303582293623,4.0006013274983045,3.0082263591643006,2.0412871916097832,1.6817874860631579,0.748793977434031,0.32660566628481613,0.2304917705858227,0.04581903628973569,60.434196654447284,0.08912002078328536,81.4926219444886,375.1355489867749,0.289262102811481,4.7112328708644196,8.976380864013949,40.39131562032905,37.11515712464432,40.25803320840866,40.97193040200075,37.64251070600851,36.15603285898405,34.88339281001537,30.59979925486809,21.93214230237842,16.85826071312617,13.34925151107088,6.899736650360292,2.951692982080707,0.9822455194054464,0.45643358821576663
2021-07-22,0.0,0.0,0.0,3.092148813405868,3.7503862896563325,3.239027680440415,3.477555358660445,4.249850430097665,4.630590316854597,4.696422236584463,4.377678608257319,4.144741097847142,3.9172426382963184,4.008549636159731,3.658234144947747,2.3344454400705748,1.9318901613330612,1.4017076641322697,0.4965210038295371,0.2905051978986699,0.20637375722313744,0.09151879727041567,54.09887299054456,0.034881027543220866,75.85041519542035,396.3509672527605,0.2317865901976781,1.4389402759329704,7.615165697416271,42.852967866474906,38.99488390509336,42.701433905064206,43.77554251609726,40.329103564899995,38.69163576990773,36.106138244768445,31.209841816416333,24.671229945541324,17.862034921921726,13.096913183322181,9.795056964110747,4.696141957883745,2.009691395414052,0.5042453224952038
2021-07-23,0.0,0.0,0.0,2.821690356182862,3.320055276330806,2.9542992743398018,3.175586615261218,3.7884614712917313,4.1881616767606475,4.067430007814396,3.810922645374041,3.6993519771402568,3.403369052264952,3.555250478226739,3.090284340064299,2.4481056120169002,1.694070329107617,1.0893992747102594,0.6874564941143791,0.3697704259852295,0.15788822115335285,0.03680588331129795,48.42010432155494,0.10453193200886134,77.22867438760993,411.1839103271612,0.19745300464045806,0.2544715983040233,8.509414835976308,44.18222069311644,40.18356510101977,43.70288265587663,44.56464300030776,41.10742006894484,39.458337995370094,38.484118567801204,32.05090086541552,26.0319482036136,20.401101713383817,16.405030329698565,7.5116096123788125,5.086706971017111,2.2325120175852784,1.017026097351466
2021-07-24,0.0,0.0,0.0,2.35364257534089,2.76968168146169,2.4203144182017886,2.5720326619082425,3.1416706519142963,3.424121800922477,3.4764728806638834,3.1954183212595586,3.029358547413852,2.9297397612745337,2.92708277784918,2.3669776105444855,1.6685479810766506,1.1446467367911972,0.6672929115392455,0.3370525231334521,0.292884398469198,0.164179424640228,0.03397485547158412,38.96996192471956,0.11463033997336708,88.6405706653529,471.99575372105,0.22690561955441518,1.7737475694804978,11.433563724685097,50.574604745473,45.18603369683763,49.50806838925856,51.08372191921422,47.435622069312714,45.784781439706315,44.29382369119421,38.755390808632974,29.399643968496417,22.06050966833601,17.205206737248044,8.255477953811827,7.244183171045236,1.7965125591656268,0.2048616091515893
2021-07-25,0.0,0.0,0.0,2.011369797914174,2.837800154552043,2.43444594706143,2.575831743793227,3.1212351956542372,3.331130444326476,3.4064887336370138,3.211796009492861,2.997601750829704,2.903336909871133,2.697425438390423,2.4556343638807157,1.8830423508946221,0.9423890602063721,0.9848669641695551,0.5852377556376233,0.30716039451736177,0.12245735177124437,0.01680582312577889,38.840242402665815,0.0689294328650685,50.9325360834388,265.72541332769435,0.12257088784142398,0.14870888672007646,4.567087496022811,30.154566145238427,27.757327128152,30.3146673868403,30.995451140142436,28.529330047037828,27.334433482046986,24.902239793551036,22.292754545731256,15.383209651049897,10.952795997178814,7.837631353888711,2.6821051769840696,0.6109715805217278,0.9336872691265293,0.32844624746143836
2021-07-26,0.0,0.0,0.0,2.68687744471359,3.4325108438873952,3.011767568150457,3.2144403406484163,3.877169020155232,4.25123157508485,4.338798107948721,4.004110437505259,3.839772607768941,3.4674807812996002,3.7518514927880857,3.232495864154931,2.2911900556039937,1.662202595214064,1.2563604526086558,0.9202245211020997,0.5329212880612719,0.2038684011033717,0.07781897957837393,50.22144107484664,0.08115295704670063,58.472813548963686,304.27097182353043,0.17395243222898535,0.10517036548063667,5.956050462833921,33.90801202066375,30.665548327651404,33.82200492535815,34.70686417061053,32.006360157793246,30.54407450662088,28.841646148418,24.67639268193456,17.961330448048475,13.57320748653861,9.296348373457269,4.512200163439582,2.2522817343965715,0.9233179764655532,0.5201618738192784
2021-07-27,0.0,0.0,0.0,2.480219070239717,3.3041913159247676,2.913027527309572,3.163240416730076,3.8200525895453215,4.170289961774003,4.27112021977481,3.7809439739890283,3.626447113476223,3.4139323783755584,3.53604896364566,3.1278748855239082,2.274575634972742,1.657816391067474,1.0823878314440474,0.6531714832558845,0.42844271516542776,0.15498404613490616,0.0420386572653243,47.992377403483495,0.0300932035985551,65.30176329986635,290.1239329985985,0.10732114967800366,0.08052088934521157,5.569637330052324,32.05367351528624,29.325725715223744,32.015612197545096,32.661093790017134,29.914524838010347,28.574259533009567,26.905046209287775,23.766228770395955,18.231727477898474,10.655753646622244,9.904234341940782,5.989708908811178,2.789926174648323,1.1691427732839943,0.5171168872201294
2021-07-28,0.0,0.0,0.0,2.7359963616397236,3.338089511094232,2.991448405833557,3.218798997837772,3.8823082791527295,4.2447243814879645,4.207551880353639,3.773156693789001,3.7900535584617394,3.337808823490956,3.3951233376621337,3.1153659979198456,2.2503869061429747,1.5632576026139295,1.191942326759472,0.6879578855596886,0.2690827253256944,0.13856348288828657,0.04023788621226553,48.266512800572215,0.09603874844659087,64.86761059940285,306.2921286559747,0.13732083680839308,0.2779812313817476,5.4570485733566345,33.712665692509496,30.945007309986806,33.878990108254015,34.605724022695526,31.837003328143794,30.636647555138467,28.581835450821536,24.445506240968005,19.017811530420317,11.931275244286967,9.858491864612066,6.088264114288131,3.007813267455842,1.3800428643906024,0.6300202572647222
2021-07-29,0.0,0.0,0.0,2.6267262027050235,3.4017246578893237,2.957002676008124,3.261077555642201,3.957975833533145,4.244478929045087,4.333421817232806,3.880176446005113,3.7054310579429632,3.4313560457760337,3.6838489413990056,3.210773503539624,2.2360774453628043,1.3372777814311665,1.2697090387913976,0.618223607993048,0.2888391712822114,0.08952916321598975,0.10391292291290473,48.690471711200296,0.09769928428657641,71.14255072332934,371.42950108882036,0.11454553299512893,0.5105101788885034,8.927066440595796,39.59677769841742,35.541334516959914,38.93627498845343,40.484954204514736,37.87653882131603,36.69835636871189,34.675067799270046,31.484642361013062,22.682403688744042,17.702853668970203,12.42649123806756,6.8746096409104,4.488773518633225,1.4801008444884465,1.042745110865628
2021-07-30,0.0,0.0,0.0,2.210006950801857,2.8836863788626323,2.5979034570003026,2.784016333254831,3.328960397678955,3.6107493418912395,3.6909548332845152,3.4115026655914624,3.1952816836578872,2.817371419985818,3.122509821927217,2.6697382012972275,1.8839663502349395,1.1669511087123987,1.0022741425673327,0.6689402169752926,0.27653348250572424,0.126904190906983,0.09776288528826256,41.63767764111742,0.1715817085836396,62.36195420960528,319.2215532987798,0.14521612253618899,0.20871289090399361,5.806384677263265,35.63382863922864,32.528741260517926,35.56074416011911,36.342516265844665,33.396524166502665,32.077810789040626,30.482712681192616,25.713370485904655,21.280292285542895,12.498939841033263,9.312860927945378,5.086067075311957,2.0337404560724672,1.0662204790419945,0.19208621731370726
2021-07-31,0.0,0.0,0.0,2.019436857409582,2.3473210924821153,2.1961755902663356,2.308727457548488,2.7635253372980846,3.0324937661334066,3.0001364571222284,2.8547273500389414,2.6160420665259347,2.0304238915949706,2.6495701230761117,2.221088255255775,1.6108098702028664,1.147472305234051,0.884270479929104,0.44235138503735594,0.28090423461444725,0.14250965845797592,0.10324030576723517,34.6584536477632,0.14617991320429652,72.16261528873726,421.84311251403767,0.3065541828480366,2.5896964948456698,10.699459121894819,45.54958172388992,40.93362792763857,44.80065369775399,46.225936127980376,42.831502391083184,41.471943391292434,40.11799243883669,35.57285696196026,25.41858485711099,19.986351137600792,14.234265425972088,6.380506076790909,2.5906134415239706,1.7883246338361436,0.651216664026802
2021-08-01,0.0,0.0,0.0,1.8339402625029007,2.5193943451077403,2.2688689173207917,2.394419751818958,2.824137364861815,3.1359966498423817,3.1242715447073794,2.8854304887912616,2.695192755773251,2.51172395545288,2.4623191787685843,2.3151227574252187,1.3401013578599503,0.9575256770859948,0.8755137434824345,0.304982114646151,0.21466340696424166,0.08463444042360224,0.08636210037426197,34.854142487628216,0.08911844956635911,42.047015511256284,246.85976333429147,0.03707359861350476,0.6190954270989775,5.180841550403781,28.57816909226977,26.16674021252644,28.522493413283193,29.116712119161207,26.805104265758636,25.479037801531152,24.071553218500515,19.41845480226378,13.476990856192732,9.906312416480787,6.600573457247197,2.1355581178345213,0.5601511830357468,0.04960627838406861,0.17236912231895302
2021-08-02,0.0,0.0,0.0,2.42991503024994,3.4766980769579474,3.06658164032483,3.268374558500045,3.944723203266095,4.32985557674619,4.456510320984236,4.064173288150695,3.8020781901729186,3.477575714631064,3.6588150395745505,3.2175297470471085,2.4045114588563092,1.4025037310756185,1.4379025017184603,0.7292509116519619,0.4882987068090639,0.24475053018063636,0.07783521997633937,50.15795017793599,0.08783650309439037,51.17197489878669,249.7612325097423,0.06948473025829403,0.0,4.587352784194155,27.43952551740184,25.555118260756696,27.93606655572687,28.21585604634893,25.778151417829672,24.550798941535554,23.44973343037339,20.01014589619949,14.919517068505161,11.018937524783247,9.329901399704024,4.479921297817353,1.6474259578867967,0.7136043330260065,0.12917607765312236
2021-08-03,0.0,0.0,0.0,2.7338706021227024,3.4292616792141564,3.106604958249969,3.3078504955981853,4.02500482053136,4.373026658586868,4.4909650043677924,4.000925900619187,3.9932643064283937,3.448634108753448,3.7952010647210126,3.2450360383018735,2.4887866588308754,1.6433493137098987,1.3429039372685487,0.6374296830757611,0.5221891140561562,0.1181949166025458,0.04563916576440277,50.82951076904802,0.06874469533933444,54.91628400375743,259.9080671229961,0.1658029278438048,0.07048839027543938,4.732379914824961,29.20039925805451,26.867792322381806,29.326253717807017,29.92370622793514,27.434411141883402,26.31282959167396,24.23679310939167,19.719705896177157,16.303868351891843,10.02062380005378,7.241681996196911,4.940427946385832,2.26609740244278,0.8437114783941528,0.46689657722575795
2021-08-04,0.0,0.0,0.0,2.624866683307782,3.531439183124962,3.2871054228515835,3.5017603738080902,4.2887007086979265,4.657237432408735,4.727389168488369,4.185815651672968,4.220848217428911,3.2950210273346565,4.0874548843337655,3.529153231954303,2.5615541630041623,2.115260572048188,1.453939994628652,0.7948698717421766,0.4331825050605147,0.21688478227582825,0.06180182395520764,53.64501242854275,0.14157871531368502,53.11764334709009,273.51729494644496,0.09802272824630805,0.5659498942741398,4.434714133983773,30.262155772943725,27.65420809212724,30.17064110092495,30.72265368909862,28.22503864449929,27.24402915054839,26.570986937563372,22.49763970503305,16.378679957237892,11.610638817111226,9.738459632943576,3.7532186437807655,1.8595799926748375,1.3434194230978247,0.48528135860227845
2021-08-05,0.0,0.0,0.0,3.0155505125788165,3.3564999091706254,3.26570546964701,3.485927903892399,4.260236254577447,4.620527558387369,4.587317444571266,4.289960656578157,4.197784150376011,3.7118815934821554,4.0168014670333205,3.6241514684741962,2.411104369786456,1.6221681597482815,1.1029528333670164,0.8377301876440417,0.34557479019567516,0.21254791451200222,0.07623104287486064,53.175024864347165,0.16086679650297547,59.34255388932801,345.85995629854864,0.29311513774991194,0.0,7.380778440780504,37.93492837310083,34.66279092527785,37.84975416741109,38.652722771197965,35.56979215860607,34.25074060596722,32.67498579859751,28.14624238285995,20.686139346102618,14.964969070906388,11.208945518294302,5.603036813732416,4.6447354508398035,1.1849845367330845,0.44440993814102786
2021-08-06,0.0,0.0,0.0,2.458653299968862,3.3332307816008426,2.93648390826647,3.112038139449636,3.792459383203399,4.136752337387694,4.216424852123317,3.827616986477351,3.7752349255499524,3.40571801597329,3.699904939478401,3.0220593036584673,2.2284636354332656,1.7755981213001593,1.2157350037385015,0.6924228714664517,0.374383280018917,0.15679322787141153,0.06851029351923109,48.28385997621208,0.20154475140432765,62.31584413526195,338.87905166159595,0.20672986338002972,0.7949266450829982,7.80864701851954,37.017529051134304,33.65477108778455,36.88352964256882,37.85432189714716,34.896623120576415,33.54590708304567,32.08664638640673,27.535015030628756,20.335051476571547,14.79740908114964,12.398711565981493,5.651293852658064,2.7177449134710328,0.8624940811331425,0.03842972773602193
2021-08-07,0.0,0.0,0.0,2.166493989933638,2.5531898813739486,2.439525472980119,2.614063033800571,3.1699692084056794,3.3283293029685126,3.3604133505743223,3.2055346019759168,3.010412188213614,2.53932237136502,2.649983762109008,2.3416080595959254,1.6965671482489786,1.2510240502705199,0.8702893455855536,0.6714845149283221,0.21998120577602648,0.11349634278023249,0.04549520514131252,38.251064158429784,0.2913288048277282,73.8171939981694,409.1029498392579,0.2970291416893516,2.5269351660990633,10.461499594449965,45.0375476123144,40.19018939306879,43.77894019784001,44.96783946196236,41.6908097785723,40.34865523854103,38.496845925963655,34.45047874675426,25.662574214116226,18.699454287961142,11.465186905135377,6.640398463484804,3.219421144860386,1.0901194456272052,0.3760542625069085
2021-08-08,0.0,0.0,0.0,1.9824889997369188,2.5491754697250664,2.2299469173522724,2.4284560526173964,2.890743913083935,3.170805482817013,3.2540697647791372,2.985949151693671,2.840620920887874,2.300426138467329,2.712609344548728,2.4479618117632542,1.6333727708294123,1.166214557913386,1.02676651861428,0.6129542400614163,0.25006630103039806,0.10177778556617721,0.03581280653028699,36.6622763805534,0.08683436747938464,43.07776334739523,242.4790058811689,0.6418472471479784,0.042139995479044935,5.228835571346735,28.77720110237148,25.86880739175109,28.1490691991984,28.89309341536346,26.877073795565494,25.741812204096515,23.94130715095894,19.83106828021954,13.534588336219757,8.112862790561485,3.872190780255505,2.3170221471944887,0.9871563058815754,0.14954824452427937,0.15522917018108567
2021-08-09,0.0,0.0,0.0,2.8957844515598454,3.3680066097860912,2.990962212041266,3.310980612345181,4.0234787204278755,4.36993799543361,4.431758591727419,4.105274399312474,3.9293949994621764,3.389332133258499,3.9210558894877434,3.24516417315344,2.2012904683032803,1.6327180392485976,1.4079238003510228,0.8289108210426634,0.5273763751235785,0.16714192062619615,0.0718891393078501,50.89408077813081,0.08437549554316298,54.55403644516046,285.73626001701916,0.10469962956746007,0.036207829015885866,5.110896096969591,32.62195423138858,30.315768210983187,33.12445202005288,33.47050843294189,30.553638552082344,29.27867290133009,27.755414667627903,22.750357988058802,16.638242044169754,10.715004361252424,7.78758924837366,4.5144885357561755,0.7137602805527508,0.32915852857420497,0.0201460878890702
2021-08-10,0.0,0.0,0.0,2.8495720174410515,3.4677233644783056,3.0162904224329057,3.214800908495935,3.9138413323352728,4.2518261629758,4.281904917696108,3.9955478699572002,3.912384410088306,3.3921874511833816,3.7452837781286425,3.2670802384284676,2.397261145330095,1.3491933231925122,1.3800711811670514,0.603054267149038,0.5252092758243119,0.17982539084542593,0.08886472079616915,49.94416319082684,0.06437599310682338,63.44696092496213,301.3432208707225,0.12169010992777787,1.2171845464784905,5.19828340746815,34.04095916622055,31.262918568049837,34.033129138982005,34.438767969297764,31.483254586388604,30.190946760339568,29.044577086718505,23.248385091073786,17.67691250883998,12.508908312728357,7.9395359944286215,6.076517651906581,1.878993154502319,0.9564534187287042,0.14749350857065452
2021-08-11,0.0,0.0,0.0,3.354592094269556,3.931584778289702,3.4048072404280325,3.644687002464468,4.445171283355879,4.835332843269426,4.909438283973016,4.56614128088618,4.240935935463595,3.7435536202840374,4.3496121428427905,3.822685713553163,2.7239617937530682,2.053790303308129,1.7459939909812285,0.9072875874351918,0.5804448653530693,0.3329946925229298,0.05707256046721004,57.707662195019566,0.20263504347792244,64.23368505460398,344.4850230456706,0.12920541398048357,0.22464456993076837,7.195003398275244,39.080297986928734,35.42699839228298,38.63592639817514,39.4505241381038,36.346739693512816,34.895474116918,32.39568401297146,28.991997766208712,19.286960186327608,13.315078101591315,9.051062664304933,5.322227455150223,3.3392946646773303,1.0541140456929665,0.47299545461853626
2021-08-12,0.0,0.0,0.0,3.013167482517064,3.506883546232965,3.059439886248665,3.2583120115035507,3.8664345790847787,4.266405355761898,4.327371971178908,3.989542793470118,3.744897440633414,3.304012433528869,3.768368328644572,3.3036411824756144,2.729718636090225,1.7224355314535074,1.3660910778230826,1.0866451116506588,0.4996417390547495,0.18899260559758335,0.13709329533160702,51.22274650834158,0.15287341937976823,75.57170821808933,389.98099829176294,0.23719212645017196,1.054718056770048,8.283322280000764,44.24879861305411,40.09562419247542,43.55912563754977,44.2678044007051,40.521530692061475,38.9014935817649,36.79957145933933,29.13975817161753,21.592454867706692,16.51156585164778,11.645927303642349,8.02219978818866,3.0110669229150075,1.3056470027146125,1.0203894696094153
2021-08-13,0.0,0.0,0.0,2.977671078697084,3.2729308225082687,2.938692469732706,3.143651457666415,3.7934230578411445,4.136505778572357,4.201401960463192,3.8609522270371626,3.7606690601743,3.4448884604436643,3.6772511758201034,3.2772500413268877,2.3664839648670184,1.5587019838658798,1.4018990288650404,0.8667885052143562,0.5472809142130459,0.24758016751159745,0.07147577511463278,49.58843171952598,0.17229513929846124,69.83889701578642,352.3755400795143,0.11991341039886179,0.834221907283931,8.688051138393183,40.224923116809,36.31764802642404,39.660510378911496,40.683277575952395,37.701056467542905,35.32909801423625,33.634139874968085,28.107182138963815,21.656566389278535,13.64706689197423,7.943508142961369,3.961728452353423,2.167675922769244,1.4501199691669209,0.3687656715254657
2021-08-14,0.0,0.0,0.0,2.1567336914744915,2.7022813181475387,2.482441724719236,2.6230647779890433,3.105548640934696,3.346163629360055,3.29482878152641,3.2463542068467457,2.8506647882355534,2.5298641694983153,2.9859667837782964,2.4972803804651598,1.915271619921929,1.4690622604444366,1.2332305390413245,0.6814368880844567,0.34658552925335295,0.1173408165875032,0.05277726068399293,39.66207925227049,0.1541166843713897,83.43882926131434,406.7790004041986,0.21072071541717705,1.25408586579159,10.925128032569697,45.08860861583316,40.430631122591365,44.128485901924044,45.2926616991169,42.03239701690411,40.72434054835828,38.44666200581037,32.4560509856204,25.646874037729585,15.81126828303549,12.132388881409817,6.718314183519835,3.139053794187098,2.083182827669634,0.4688666021272099
2021-08-15,0.0,0.0,0.0,1.9684551371088639,2.6410560000009253,2.364382287359938,2.481472242011578,2.9528173690753006,3.1948762771308115,3.2954134307481655,3.120501579274701,2.8956665167712914,2.637078590311639,2.824692341785989,2.5583514052544207,1.5547810071387018,0.9843935733331352,1.1603753471959655,0.4910831785845958,0.32294066622359885,0.16425263435217957,0.0652816584260823,37.69780211050393,0.18183984109857282,60.27845777165822,251.43148440802872,0.6794842838606139,2.3416495296541306,3.9058364969812374,30.55553057825429,27.40198608516445,29.785439150052646,30.541832009370125,27.527839703736596,26.453753660055334,23.090063864581964,19.677587550204546,13.572308392841027,8.339781691062562,4.771556686120874,2.3538868485507694,0.7793758385009238,0.317347731978639,0.015708590918610977
2021-08-16,0.0,0.0,0.0,2.9292209910712947,3.699090138380809,3.246494400813856,3.4269172120793256,4.144064387902277,4.522248810882848,4.599809519447535,4.214648492888588,4.220434589932907,3.885899254201151,4.084307743679896,3.552609384265026,2.8212431839649863,1.8429835171626432,1.8659868121216816,1.0626318585430108,0.5514860992597346,0.25532198101168174,0.10563097630755519,55.13355740526033,0.19344515556690828,76.04322025613627,298.90011969262224,0.11184344703948652,0.872209824233758,6.195341577318139,34.8337591349633,32.14828531720777,35.05652533575913,35.35545110283819,32.275773913100466,30.584028928318382,27.632756946951996,22.450558856849582,17.490607291747782,9.719394286481156,8.490024255696827,4.283094428113265,0.8808502993444156,0.616572346144604,0.014885847553478795
2021-08-17,0.0,0.0,0.0,2.843624178669228,3.7110757326821244,3.364028098400459,3.5270522537994955,4.192461919881877,4.463000094665854,4.480863676107141,4.404990011451346,4.3313748380664086,3.8877106173833655,4.25279547119563,3.6778810029681566,2.7093105309242635,2.154795902112216,1.838480966963026,1.1993385505934249,0.5423714863316407,0.16810905143241048,0.11841522828987117,55.969805220319266,0.1735401010041276,81.3253797703575,290.2597281933096,0.15971230960502125,1.2901702501275445,6.023078579575921,33.354096155106895,30.13724388484173,32.59521209465562,33.10383164052871,30.456548112506738,28.96240594622708,28.27274704983326,22.48187493167721,17.899168811436443,10.729188104195881,8.92733380418816,3.6939753298242786,1.6121258973142993,0.6903126749021091,0.03041492636773955
2021-08-18,0.0,0.0,0.0,2.8428399566804154,3.6624647338065697,3.241954348661263,3.419860599598421,4.1035506543159705,4.401422793945614,4.521250579938495,4.306352529721842,4.142789325509621,3.6921461843096557,4.045081105997647,3.6585210388164393,2.7367662381095594,1.8571914596966885,1.9120265213482486,0.9776461537505016,0.6391117489175433,0.28611958124626874,0.10031511919343351,54.65116894578145,0.08879430449761726,83.4891747067201,318.437004739076,0.20183833546256552,0.3436984897740202,7.67154644379022,36.461156347573294,32.8463522773736,35.70800903547234,36.33874630912588,33.0523726317799,32.456737390165046,30.902170189984336,24.619482512860486,18.34312434673637,12.98028638825759,9.501674181291403,4.327405706368091,1.4549023160248473,1.384643968331472,0.04469620416709013
2021-08-19,0.0,0.0,0.0,2.6606675808424773,3.5764574735401067,3.124687888628519,3.286814104465525,3.9837566215513793,4.271352210696948,4.448922422626307,4.18366487476416,3.966894323520368,3.613691812114914,3.98126366239197,3.4396037460553686,2.6787985646954366,1.8967338299371201,1.7789763400154903,1.106598626754046,0.5105725229455518,0.22273834306511028,0.0382073327122312,52.865914296857156,0.10570881409596308,106.81682223548052,330.46594043749764,0.172494837990596,0.016915089829008405,7.742882223841314,37.85650861925205,34.34290739303466,37.29692762139294,38.02250682877862,35.032949095903554,33.53550784943782,31.02321342214426,25.290278190078098,19.048234560430036,14.102221176098501,7.369985841649971,6.870759907283696,1.5851510587804891,0.9547238219273899,0.37426773763520893
2021-08-20,0.0,0.0,0.0,2.5972761007518366,3.053184046310733,2.694191742049291,2.830894643044362,3.2797234349611317,3.735892889408235,3.706297220645161,3.596949566312711,3.4704857940952305,2.8769437483865317,3.390918724378334,2.8298127895329497,1.9600381678639032,1.8472267574178256,1.4968975280644283,0.8579740068918882,0.47570032567420617,0.24662768323261575,0.05262366452559267,45.15410110842493,0.1518296903011883,125.93259025053992,322.50996533372535,0.115958636514898,1.1154203738136044,6.773416397433657,37.32779789030822,33.68963652035812,36.61885322326126,37.32729330044403,34.382066623773085,32.80990470671053,29.763516093974026,24.893880130642806,18.39238120783524,11.511385623701974,8.666408211614145,3.890734618893988,3.929650903964429,1.1639038940872064,0.2537156129090245
2021-08-21,0.0,0.0,0.0,1.9016270975180898,2.7190847766364037,2.4438700926830492,2.5179701058191446,3.002483248242299,3.358834144369108,3.4051763806452082,3.139661745758556,3.037414366093759,2.981863311379007,2.9770852516919653,2.5749722260041144,1.9872415448736482,1.4152154734210858,1.2961995744405286,0.6764306302704065,0.2949089027267954,0.16259958906923894,0.09500439487257507,39.988481638549864,0.13107975816312295,131.42923455646948,363.7131612821449,0.23782468670150197,0.3165284109437908,9.654161233165812,40.41635841988696,36.052688903810854,39.37933037086485,40.440631596938466,37.471552687483516,36.181516004621486,35.16232890120696,30.91517914880938,23.60294304462988,16.203161140302345,8.341256378433643,5.766375590678316,2.083410961766069,1.5098837584986007,0.21585473010395528
2021-08-22,0.0,0.0,0.0,2.198054940186552,2.769682949057971,2.382688365243081,2.4336471088899017,3.013732255991386,3.21169221533222,3.3894338467555887,3.11040785929727,3.0254247448653437,2.832005092675849,3.044453663325473,2.6843889281153066,1.8329751694748126,1.3518850538853333,1.017170303706156,0.7883724359932357,0.4558914715150155,0.13066984548002616,0.035473339364233386,39.71598334147116,0.17880782414744378,97.44616489136297,231.14238614504123,0.1188731503633298,0.5398799777248743,5.57655295381532,28.03508728703101,24.911490123531923,27.057593683446694,27.821437717402535,25.672913565591138,24.270859101982275,22.183540366864698,17.66343432740192,11.669260098254817,8.328573601775824,5.554391899992317,1.1041973338995654,0.5619379899407246,0.1718571318765857,0.019378984508984554
2021-08-23,0.0,0.0,0.0,2.9606214719628143,3.4345687412049895,3.0010749833044947,3.1834598639703167,3.8250946702212465,4.20710940081433,4.347607135192006,4.017077078567506,3.896226604156923,3.6965622849185076,3.849293264006118,3.490428152998113,2.6308410087119154,1.8745096059247384,1.9489274524895293,1.1946496945855385,0.6369614474027971,0.3059228634373563,0.18912614845994266,52.72265488213544,0.19724520731521117,87.96212421347931,249.35643238488296,0.15351910162728782,0.06224826407553931,4.5976037937481475,29.19645118600335,26.75743657767061,29.181051126274745,29.631379152168076,27.13480676532791,25.560771907371127,22.875987259657204,20.779146170592583,14.163098476715554,7.397664297503633,7.205843989464922,3.079257604327598,1.2161049236618586,0.48105801114450053,0.036522879175594915
2021-08-24,0.0,0.0,0.0,2.825569116013946,3.2985499655561235,2.875779940173231,3.0164108545784254,3.6426964547735055,4.0068499924817145,4.031802543539785,3.7634976951103734,3.6953823566392936,3.464941468225006,3.6777158056247714,3.1932756623257728,2.530863571611994,1.8869095100056474,1.5551383900896036,0.8803529298571209,0.707957504258221,0.2595205740657567,0.06254498465493209,49.48696900325554,0.1406467191327166,108.68569086888503,277.52276678946424,0.12826374875338148,0.02959258380339728,6.634285910834178,32.337878164630226,28.74107081331615,31.11945260761406,31.799477553219642,29.308648651796627,27.362346553010934,25.71781455535151,21.369735281149893,16.339717575794467,12.193294861196367,6.857928245748278,3.2194464108446397,3.180529303647718,1.1344504271754234,0.17709729033068086
2021-08-25,0.0,0.0,0.0,2.906499431141956,3.261731295826248,2.918483315745025,3.077813935189858,3.7252610241434114,3.9716630646037556,4.185449556709719,3.899810678727621,3.6753967464916895,3.5822999889235,3.6412624976137513,3.2575839692146364,2.52406990944102,1.9303343183268105,1.6684524216074548,0.8907062899472217,0.33688403409868595,0.2057126305489791,0.12122973270706172,49.839059983630385,0.11058918219950395,101.46745485773849,278.31295525890584,0.16731103267340358,0.3613594214305064,6.293927012911291,32.2232797365192,28.978757642407825,31.54725049548263,32.12240290350279,29.57099645570178,28.53505551166663,26.0372207001116,22.444324205000118,16.28232097045574,9.053693767077108,7.724325468488887,4.213708113469557,1.9796324586578362,0.7025436094233695,0.2421567865990081
2021-08-26,0.0,0.0,0.0,2.627422618052091,3.147995497778146,2.668477708188663,2.83143218677283,3.4454331827987943,3.7539832769599766,3.7861100808647365,3.619019203493244,3.4700808020274474,3.27117801087716,3.4284028732615015,2.981468311915803,2.3006276980112936,1.6936265455751494,1.3948498032771273,0.8528020681480112,0.4264257225464929,0.2159233044336482,0.09248456246334326,46.03147020890054,0.28600345523481885,97.92632272489932,290.05006253514716,0.10204055735539481,0.17065931407417287,7.440098291065867,32.72623421662694,29.282494041541817,31.956838816617648,32.67715039372486,29.874060730834714,28.340855500744446,27.663696288984248,23.803338414607996,16.634025787692643,11.451800625146612,10.21186744077779,5.494511580065907,1.3365683550819338,0.6391847918902008,0.3466779456693749
2021-08-27,0.0,0.0,0.0,2.7409764438455544,3.103949805647483,2.6746784922325424,2.838149542135235,3.431220012271502,3.764130528762619,3.8617736622700445,3.598097460988403,3.506355852083951,3.360347177576805,3.4062702017210658,3.0281146317305097,2.1995550400764996,1.863185146509587,1.5141784779669856,0.8279634039711675,0.5485795859962103,0.23864334499629875,0.06477353673998135,46.58460035039209,0.16284725925712726,86.61013092004401,266.22484067303446,0.16541402244701536,0.3182549127447962,6.641105522131977,31.084938536341255,27.733917975672163,30.288227263665526,31.040535177454956,28.643120177711467,27.695311779774848,24.902832160262985,20.690860667456647,15.091289366794031,10.594538179096563,5.4705678080775995,3.314291747656574,1.8742324375762571,0.6142822963324548,0.22653466428439606
2021-08-28,0.0,0.0,0.0,2.2272632014684364,2.7111789220400913,2.363061978455489,2.32580693087111,2.9501110027876347,3.1733425329326597,3.198576633834946,3.0213462712313044,2.9612484691288796,2.7905744051202626,2.9204389906326504,2.5552270162057455,1.7949868026549185,1.4210830408589643,1.2438865203505276,0.5684485235065001,0.3602744933536106,0.2140044754093267,0.060332206416877567,38.8919197760482,0.11823589502731507,82.06981725144495,266.6011974662183,0.1613018759815421,1.104559064826173,6.6901993368740165,30.790797289568175,27.26333285101682,29.679930570588752,30.437264160771978,28.156620776773348,27.070364333979036,25.44939585747771,22.98229083624102,16.223134489434635,9.053495754976172,5.7627802620979285,3.9705255427852775,1.3083792454074792,0.41399081483762895,0.24413627856210973
2021-08-29,0.0,0.0,0.0,1.6638971722155829,2.4521274926651104,2.13420828554288,2.042277800329252,2.4943306710870816,2.7595798213586624,2.876388968147641,2.847643536223167,2.575986440138155,2.5047437933891246,2.513309314751128,2.2316591759712194,1.7551930934096163,1.319026558316041,1.0310597561546972,0.6318825242563909,0.3587327543062738,0.16321230470531764,0.04615294538491428,34.407163150789465,0.14998236498831596,49.49863999391062,152.91345284739342,0.20315045989797098,0.22259158015275315,3.364789360735313,19.183218738576084,16.91728529484426,18.322541306752328,18.801647324525902,17.357728030395375,16.282905523407315,15.04309233421019,11.979756754943951,7.240133315525075,3.3921432844849213,3.081555608408709,0.9726110877010297,0.39891886994675096,0.24725350869089396,0.10528092409259274
2021-08-30,0.0,0.0,0.0,2.425462806248848,3.067657322615432,2.648352278585173,2.657058789345972,3.2165548578215426,3.485317938775172,3.507522271658064,3.397086062087192,3.4345113880662472,3.270968115151882,3.3895012584358124,2.6921501727728057,2.106580643964592,1.61353812224728,1.5592213365112724,0.8839915419146765,0.33156253248985434,0.2688269978947204,0.09806058625913855,44.079001546533235,0.07014260064008265,36.45136970962114,121.84751212256798,0.04552737548260515,0.06766056867223208,2.1308275278517614,15.507154545864756,14.088081872657732,15.226163269153151,15.477449835705405,13.47049706775149,12.340028359813388,10.703421007003168,9.132300420173303,6.269719317086235,3.9536446768104163,1.806559634079477,0.6853848673819315,0.8780664351834969,0.10967685960908065,0.0008758577709454618
2021-08-31,0.0,0.0,0.0,3.4458528582761083,4.025588560420907,3.527016235255764,3.5355917564347297,4.344630907573564,4.721396034854374,4.907384307762704,4.674194514530933,4.573620233906359,4.17074088586879,4.322596623829494,3.8441667650648608,2.8649504368350125,2.225582399841363,1.7898392750568632,1.2059669337222898,0.8417412475272572,0.33517815028549613,0.12880031705675893,59.58626129525859,0.22963300721615532,81.63299615812133,246.4911060814452,0.09337974984701564,1.3183323331768104,6.532867485673535,27.783734888502924,24.95344426403416,27.16707882678737,27.70156367394296,25.580836507414745,24.422278832311125,23.594191921643592,20.210602173475884,14.768475798718098,9.733298064838365,6.797806792598576,2.383757183557288,2.436072180993474,0.8454329666062451,0.2613321871700473
2021-09-01,0.0,0.0,0.0,3.271609126196671,3.9685269835177617,3.420880690205838,3.476373194310854,4.233355748253346,4.645181212852697,4.8511728946233195,4.537483060231528,4.433828876727196,4.227579684608649,4.328222718224974,3.7345025866286017,2.8764970045971907,2.009295681614389,1.747836649200305,1.0058662845505044,0.6492675646435386,0.34683976624339713,0.08543194825072203,57.89270024564232,0.17823858026385486,74.02319543203174,222.12325469545456,0.0938339106125945,0.8957665254422478,5.73058737487154,27.02364371855744,24.01758869944979,26.163996339080715,26.834567333541813,24.310526517036877,23.767986854372772,20.843358025347474,15.1776695517255,11.642558505824757,7.742417011377205,4.610648760080137,1.9296050068238864,1.0899747749720805,0.09332800911910796,0.24903168783119145
2021-09-02,0.0,0.0,0.0,3.1724870515158043,3.854261327978495,3.330416573505856,3.4186961119482757,4.092444429352897,4.449148084914181,4.726290800926188,4.416007052526247,4.311410690673049,4.046984785254965,4.034449730280753,3.5640740619291806,2.8433300936762973,2.0814387093112434,1.9614258208267485,1.1095049604152618,0.6516082726995431,0.27179296138415104,0.1048526720145872,56.441304540379676,0.18237597166140035,69.97751712261186,214.9612311548903,0.12474589772430081,2.7062408497573127,5.3758780308158665,25.40553076866834,22.515596020172342,24.488816023265215,25.171229643492605,22.966758954451983,22.02542679440686,19.804491808847363,16.48898049112226,12.163368639999803,6.35878718503261,5.994321864092739,2.2265280652066477,1.1005504392502845,0.166770877760032,0.0019546985480235453
2021-09-03,0.0,0.0,0.0,2.594801966677612,3.635017091497221,3.147092239480033,3.2427962456968045,3.770552181409086,4.183067932397727,4.152826363121589,4.167722141542528,3.953095493288338,3.8899023767597694,3.8744747012584537,3.434312197218385,2.5030378240613316,2.0120417146554734,1.7157140005084293,0.8654821082197858,0.5405818935596897,0.1580085948741377,0.11007779799623325,52.00723623612046,0.17521086178514647,66.06431348728806,218.49293549317488,0.2477247642364891,2.102412645097714,4.83818799952015,25.734700293487318,22.892425628138813,24.967396932432194,25.66374501183477,23.47746137455116,22.90264134749151,19.66029104272246,17.8731327080318,11.822552532371816,7.430395686128149,5.528453636832456,2.0810095578195664,0.9549082490809541,0.4338780445706396,0.12934280306342294
2021-09-04,0.0,0.0,0.0,2.772193936538895,3.0217896920540306,2.6217223518102117,2.599033029559875,3.162921380405062,3.4649178511689382,3.624833856916859,3.4501589130857284,3.258203068038886,3.2568119715687933,3.301149393359047,2.8327039041168,2.252559949162271,1.7262612124096457,1.4175285743310766,0.5209975666466482,0.26272474315518735,0.13315041011478504,0.07715417321873463,43.756815977661475,0.17098930369857324,72.11698352817437,248.7978347586691,0.30524611201236485,2.173886546079597,5.512429551892847,28.952509545406723,25.63807316831514,27.894514685007085,28.61940416430329,26.482373285092475,25.517289098911046,23.925734535888456,20.430531670940056,14.864776079520379,8.911204477575508,5.116570927609009,2.811764845310373,1.6653419225167478,0.24949627558930365,0.03193397871104205
2021-09-05,0.0,0.0,0.0,2.5554472066661624,2.8631105591575547,2.518566119423415,2.5026427405504412,2.9986937295135223,3.28466231320111,3.4136171061807303,3.233890575550101,3.18003400920152,3.033300039217494,3.136450079139188,2.702837491657394,2.0139716509815266,1.62343773267617,1.194861806120344,0.68423418352219,0.46944040311474833,0.19288482080904545,0.03439215858710296,41.682402804304424,0.1152847833127169,34.87842357711827,140.8879801192475,0.11887959382810759,0.06727570742271911,3.029607352063015,17.361309798058564,15.247085234691744,16.547247105681826,17.07878165472359,15.649630463873587,14.853663819157896,12.826479379483983,10.460402557154257,6.714563966564748,4.606288741261871,3.357005758102549,1.7809742609966839,1.1008277096592,0.08752716656109633,0.11930944379015526
2021-09-06,0.0,0.0,0.0,3.691234895446363,3.9401248868878995,3.403295452050581,3.5358152317133777,4.191473075440939,4.651248304578739,4.798185571883762,4.484319030796186,4.401223018836828,4.27827634188957,4.336435129574789,3.7541634517645774,2.9458644585095604,2.202112690286468,1.8268197569719755,1.0679104765822862,0.8027600356328704,0.4001181384771103,0.059646283776033544,58.77606313502434,0.24793007309896253,37.92413170595473,158.70898193835293,0.14778911348981183,0.36836077824025193,3.4275589976987195,19.81272800781553,17.70351888377098,19.186928159187612,19.49363727055101,17.6452542396851,15.930405117418916,14.179759454450837,11.259738544078765,7.324353596085318,6.049009773579145,3.9715165184443464,1.2659266593005896,0.7578225395313132,0.28695816480831116,0.04550523370618577
2021-09-07,0.0,0.0,0.0,2.7768708056263467,3.258616389945894,2.8215459952405864,2.8905185049814226,3.4527534397037973,3.834218602369278,4.000976801515156,3.6914658013409825,3.599205533631171,3.533118782868119,3.526216202951747,3.1060912096941053,2.2400782871646454,1.6375703871538492,1.715127982771147,0.8792053887447653,0.6253710230729307,0.21678625733250062,0.1032868182533756,48.05055634908895,0.16028528031841308,40.13073956935592,156.34917135948493,0.11891473739717111,0.19824079544655665,3.371187609414798,19.226384761701635,17.090610202294133,18.571712309297492,19.03664788419754,17.21878120101397,16.488740653344102,14.635989694224577,11.997457996259573,6.819688903019614,6.374634686007678,2.590440963304183,1.9251932684402628,0.4799186239397982,0.2776669355603627,0.04587487201864996
2021-09-08,0.0,0.0,0.0,2.33430445772211,2.9938601247798102,2.586861125694906,2.635887205461752,3.193982674445814,3.484269985822413,3.591218742693676,3.450185520221026,3.3304990719297747,3.1471034378933043,3.238404954208295,2.7721176649510015,2.174201156204334,1.7507897931577354,1.4741646435609357,0.6596296551256373,0.5731429109409731,0.2208386723111865,0.1364939319637254,43.793158411934456,0.27201826758566583,37.98314749921522,148.27491930108442,0.12096781767494867,0.0588935886804348,2.5497947550135605,17.912738211892197,15.981395891108376,17.419640865467045,17.828273953923812,16.01021343329599,15.61736907634433,13.911594014207141,11.029030248653907,8.631804205300881,5.421985598034253,3.1539048282678284,1.3749550117994953,0.9081347530178421,0.36896337168142823,0.0962274943958858
2021-09-09,0.0,0.0,0.0,2.450899957649529,2.881595700352856,2.4680689345502365,2.53595827504756,3.0080049077143842,3.224012952056286,3.467248728607152,3.2481199513520145,3.140740800152637,3.0658234932994137,3.1405436452245716,2.602187209811125,2.009692915491495,1.5303100044813958,1.4602249806718255,0.6915289972628067,0.37621752689983523,0.15050138294991255,0.040297498648163274,41.58064177358701,0.17224014122052955,45.8485076543832,172.49814395859931,0.2640446195750682,0.3107332524546894,3.671616706151896,20.596461102775947,18.13046247766486,19.83826455361591,20.538937425968,18.9250252341675,18.342918994346032,16.381966899583475,14.581282574886496,9.254014582695602,4.576927207807085,4.441625293019322,2.0580441714841857,0.4787289206544214,0.33500471750200045,0.036129843821889225
2021-09-10,0.0,0.0,0.0,1.6493067799311731,2.486999531894746,2.153541261816923,2.0543905471779813,2.5441645159811808,2.886717444079651,2.7836494330571155,2.8486436520657388,2.6690037251088867,2.616393267339925,2.6910528511893577,2.394611604832682,1.632035298329602,1.285544850922322,1.2107843018785092,0.6510016300150372,0.3868311592032186,0.1394069956689048,0.07762903987117446,35.21837779269587,0.1572675366356412,45.335085527388806,160.9391858516897,0.1251030697045587,0.41521338792524287,3.412721788488773,19.24406426697485,17.073664076714728,18.60932314534931,19.066934096954427,17.46321863584675,16.505820360014653,15.612294229647118,12.153053911372364,9.02293764524533,5.407370801365542,3.6227907641491264,1.5319930056027065,1.5649231598138664,0.17458027406998694,0.05828230215491996
2021-09-11,0.0,0.0,0.0,1.9394628462921801,2.322458693085256,2.001405044023701,1.825030133404036,2.38375913012716,2.666519954023844,2.7172915304032363,2.6664261145360673,2.4490013382888103,2.47933809268409,2.455378764324517,2.0720355133840656,1.4683708879048285,1.1208888029485036,0.7250436481303089,0.4153182953591172,0.2490938835662922,0.11294498987068154,0.03921346170644105,32.14443083971564,0.12787773522791746,51.658984695564854,177.4428653904479,0.9868991009655804,1.8268429390236771,4.631744546112401,20.145400021502628,17.780390529717863,19.422355900925584,19.97607901056341,18.456561506396014,17.933997621425373,16.260707971867554,14.682972888598,10.34990095828369,7.521751517960858,4.8664700871690245,1.8522846114314797,1.2948774900686906,0.4091594120551756,0.03136837734647718
2021-09-12,0.0,0.0,0.0,1.565525505702151,2.3867185169346614,1.9786336728101366,1.8179235499004156,2.332169903154421,2.5357451155811006,2.719474361549026,2.5637811706105817,2.331369168223029,2.4855598787908204,2.4136285665011754,2.220853126927681,1.500792075514086,1.160469802731044,0.8260367337615604,0.44452312715847725,0.22511092038131625,0.12194332975438833,0.031079334668662865,31.679711086409284,0.07091654460678445,25.28708223331735,79.00312857084838,0.548731311119407,0.043906354071664065,1.5149138495605523,10.532800819800018,9.257449553663262,10.100460196707608,10.345018250550758,9.0917942502915,8.851268491257235,7.165169414476211,5.682287452110396,3.3703214333214335,1.9170731359167024,0.5335857094040436,0.38770141394804797,0.10588659993842212,0.08754579228542532,0.015945853545094896
2021-09-13,0.0,0.0,0.0,2.7343443409642205,3.0515275171847915,2.6293760883229056,2.485681530269161,3.2273445904027476,3.4377870572790474,3.6103725063478493,3.419273271287597,3.31618029576882,3.2618336416414078,3.2365871018702252,2.9598913700524103,2.175087688105068,1.498077550103645,1.3627062547450275,0.6487671502094724,0.5192204855249245,0.16996406785201248,0.038772556342568404,43.826811969045266,0.10313772037947258,35.04892167455979,111.66434245072467,0.17634536657392103,0.07662138894743718,1.653457968047837,13.642580457950118,12.271085681202807,13.357184524980537,13.572761764772636,12.436374039301642,11.350810239820877,9.696653385855072,8.842227503973081,6.070315129126069,4.154772190398965,2.577368429462723,0.9403567924274726,0.5420457493375566,0.42435954303979107,0.05536766208004155
2021-09-14,0.0,0.0,0.0,2.505906670953196,3.1298125432828634,2.704143183168947,2.7102006323667243,3.1924968375210905,3.416516116403396,3.733328231718641,3.3666303764163783,3.3724465406416346,3.406950054459257,3.2725088540662033,2.269209872414374,1.782520790639132,1.5519370456951613,1.0167807884867406,0.7559289713826585,0.31289446106148916,0.15417571434315575,0.0813614630183578,42.77763019943664,0.19116349779859793,38.924542104871854,123.83135480910101,1.2466010455721412,0.02087156085892032,2.684845885377748,14.808191037666605,13.061750236408589,14.22031290540101,14.702328760935524,13.61940585244266,12.753077608030416,12.102633388314457,10.488457694259143,6.559390543048374,3.861849028923694,2.1356570595820554,1.869817266139488,0.46858620113525284,0.32883157607685476,0.14534820450021357
2021-09-15,0.0,0.0,0.0,2.454781028233702,3.007095582785242,2.562764672443287,2.395391011540978,2.912045050807554,3.39605088745406,3.4028621130117926,3.384044921098066,3.2483369757338063,3.234427826116108,3.2163700257999164,2.7061616304915117,2.0594005744579844,1.436178817516809,1.0894583934945479,0.4149121452863792,0.3257002134344316,0.14093647638772874,0.07267105736387913,41.47287894944089,0.04765388932046284,40.633057384848584,114.99989971856216,2.6885379316691957,0.3741716557901794,2.47156641538549,13.796579867753499,12.241887765948295,13.341483406605082,13.705643348299931,12.441794170792795,11.441109534411023,11.515502173945157,9.113707768036297,6.206575924022839,4.003814254020038,2.5181131101393865,0.7998769773343299,0.5987810510880852,0.401662717476908,0.027629577512823886
2021-09-16,0.0,0.0,0.0,1.8060416909600139,2.678360693448395,2.2991238016082955,1.8917266130438282,2.5973521718857624,2.9232150133823414,3.2299774675438813,2.9771415214454953,2.903707401146119,2.8747046903058164,2.8586526440524684,2.4675568903521263,1.5905809142535745,1.2811040140913095,1.2659209502132465,0.6319540178775369,0.33141005038003496,0.14765429567858593,0.03357151013716716,36.82598782970141,0.16094536264400727,37.82050942635356,122.07977255536977,4.225061049932594,0.35075273773939286,2.974877509740997,14.53792940411724,12.841219379358057,13.970293149946574,14.356304607171756,13.212162171604197,12.617382825079826,11.340440582674807,9.844144164370755,6.343143609405956,5.027941616155142,2.2732358449932906,1.2614166228553692,0.7595702444492884,0.3150330466265996,0.053925039080533324
2021-09-17,0.0,0.0,0.0,2.142350444399217,2.87293829877747,2.445950406344427,2.2921221617511853,2.740408744315568,2.9190518280576145,3.3000480837384436,3.1937291380353887,3.1621435936604687,3.072660534832922,3.0174592533966935,2.5100348642973644,1.766102445690059,1.1789949264938016,1.0892031278974637,0.8437697883620552,0.3401290467282753,0.09779662182641177,0.05652132215057026,39.04364099944205,0.13131193826458215,40.84475486401469,125.92073485445151,16.494376606747707,0.5497719914255355,2.94331544094143,15.129554028017166,13.51471218278705,14.72134522719168,15.03190106447702,13.717345731496213,12.588298811167647,11.767119594486466,9.736480217848898,7.212467710258261,3.840437579615268,2.66244004587948,1.0988625076300882,1.0605821422437287,0.2558593081549829,0.0902412708305921
2021-09-18,0.0,0.0,0.0,1.6824933124051227,2.7858110425239997,2.3481345255363517,2.151538515998551,2.638705106956574,2.886196559346048,3.016225982780787,3.141563666512084,2.9900371154803307,2.9833896042125287,2.799545860175779,2.4197017754437935,1.491956511098513,1.1383522890692643,1.071187087975566,0.5524789323254701,0.20150688067858727,0.05936417766372022,0.058687320988774334,36.416876267171844,0.27902807289668935,50.380400269538335,151.13875584442826,24.024205644554655,1.159405878704444,4.000631149526486,17.095277134500453,15.227791472406116,16.621476174624814,17.06157206948026,15.826008449602876,15.05573579869459,13.95961045467999,11.361345091780214,9.21463844721992,5.882460315758382,4.043004177153916,2.4757067906424584,1.6333215703654664,0.3845470442591146,0.13622382502875846
2021-09-19,0.0,0.0,0.0,2.4993409701183067,3.2436446355588866,2.7827689892192917,2.1799511894062085,2.7987264937805425,3.4491214121215696,3.6015173112222327,3.604800731736264,3.594810631584842,3.4785970666523234,3.2998866452914037,2.8290057931670796,1.890615549055102,1.3483398979900705,1.3844831793441896,0.6764194707631526,0.31717980057521056,0.20693376382389705,0.052567955593533035,43.25775105157857,0.2066635800680991,22.98715360120596,59.29717629193936,6.694013983214496,0.02660886547032807,1.2855927998313688,7.7776946899686505,6.786400189075869,7.379187205436201,7.5884454858336765,6.716068474371193,5.940111401431125,5.518939763775998,4.546310849002754,2.6127061161251466,1.7414295900937955,0.751291566481792,0.4822156452201859,0.11322158495337767,0.01566217928982632,0.015289885578071687
2021-09-20,0.0,0.0,0.0,3.492840475828172,4.043395075270606,3.4731297708930637,3.1946193559727476,3.8960612902571796,4.159460762608915,4.617102869566419,4.592704047577987,4.396634285608398,4.375454086544943,4.359356442107188,3.7407475144854545,2.6671683216624027,2.2356886490661823,1.6022207349405726,1.0750172875890605,0.5626814034187203,0.13589586385533858,0.08497111427564627,56.705149351528995,0.11841617854461348,39.98471239530874,101.74317786098362,17.053707612771703,0.0009021950236992967,1.837818754660066,12.382846261843962,11.081019393039345,12.080589350316691,12.347437317845557,11.362090563012282,10.45994582129302,9.083328156662061,7.92315902431367,5.088328660950689,4.723039002930572,1.7939897587255003,1.1940188220113237,0.2288619364703936,0.09918103334219541,0.05662180854259404
2021-09-21,0.0,0.0,0.0,3.1285647958373075,3.88160335859001,3.3453656310533133,3.1736914265051195,3.408071178944943,4.1319161463939,4.477695370488988,4.284010417486031,4.3168875592434235,4.206435036142665,4.236213814778133,3.6127025935897317,2.5578350478597667,2.0685139152756586,1.6968067399265168,0.9214745297881111,0.48583706695005646,0.22347500517635682,0.1255340691033058,54.344869294071614,0.13115349313543026,47.147012291909334,85.08417785789993,40.693835332226044,0.24484270162495558,1.9281605575250456,10.335671889499704,9.263478895242637,10.093234877997846,10.354666074495546,9.417778255856241,9.01139864351551,8.054082574287806,6.367340227286125,4.529460668191856,2.586605822509305,1.4795351904308225,0.8216559364974552,0.38007211425298604,0.1581291207850774,0.05806430790101978
2021-09-22,0.0,0.0,0.0,2.792416167043477,3.56688232848114,3.0625609192241092,2.8092067935991185,3.3556213528219185,3.929917142119184,4.311696848905564,4.0928559709784595,3.957495148855727,3.845089889224007,3.851670828109807,3.1405501186646303,2.340698976648551,1.5753734456436312,1.3295470700816021,0.8318185865583376,0.48474443211931145,0.2814728067703356,0.06701276708215737,49.71098843472203,0.16340813738960216,56.16833577431637,87.66846861331265,115.7353076353062,0.2615859624640219,1.9826869668806442,10.472804385358435,9.366513692376335,10.228726829097878,10.460573076295052,9.585880489302282,9.006775897458661,8.159266519058932,6.60553900370807,4.407345189689182,3.251492921394398,1.8906501091838777,0.7315098282224619,0.7376528302559681,0.43202239995806335,0.08744251260837932
2021-09-23,0.0,0.0,0.0,2.7805835233365803,3.341559150565539,2.8315949341935522,2.609914553840201,3.2327999068286584,3.574214084957605,3.941810734918098,3.780312264732268,3.7610427684577536,3.5846162259144077,3.626881579116154,2.9873151783257295,2.282897604559395,1.8104741050487418,1.5517292614029885,0.8958223599796399,0.3880289082749238,0.13273163354561462,0.058437446549449795,47.20597106140259,0.12207332233404286,60.692497670896245,86.92111908697382,138.95137488248105,0.2788981437273229,1.9506265410418289,10.077186675665837,9.063827158214043,9.893702223824324,10.084243870932806,9.030261948215696,8.782148517078266,7.77881160539012,6.974473373575556,5.0002710019775005,3.29946030765504,1.4943600869657363,1.4898039535855614,1.0746597983645179,0.487216575021535,0.16116730573812607
2021-09-24,0.0,0.0,0.0,2.2620154696281394,2.9628695799120224,2.544939592973677,2.042149159116212,2.5278797706636147,3.160283984553615,3.261722278163211,3.244295208155454,3.2896882160323218,3.1786908486571055,3.0837714531333633,2.483259831860472,1.7759036692765284,1.279756326224063,1.1219641021804931,0.5311435845558492,0.27541546181029225,0.09695202415926776,0.10294773884932515,39.27127069549673,0.19890109844836373,56.24654921468504,85.9324327532469,172.8825646625422,0.3833418453655967,2.0716594013926906,10.079590148846643,9.031293957516192,9.858252096084506,10.002929236063094,9.171615949980762,8.54207324911549,7.772143466333105,6.724017220329554,3.990214191751894,2.9620053991436346,2.1578114286216863,1.5694079135320609,0.9417606323273995,0.5378136199424295,0.1365029969001596
2021-09-25,0.0,0.0,0.0,2.2246947690171823,3.1944213230562717,2.738873300800461,2.180752170319798,2.768168652622043,3.012734349918708,3.6707451610404735,3.584278256915179,3.5793597765415948,3.4549451074678506,3.2157550885775756,2.763444021495625,1.8279169064671674,1.32932086300381,1.2299211181318443,0.5531184770386377,0.3413138874254863,0.07829358355356758,0.05766577440943135,41.805722587802705,0.26019745776199726,44.35489737032302,108.70291576571063,253.27659516596233,0.8449372076320244,3.0891590254673873,12.101581790372654,10.734704031579641,11.715986065763632,12.039719931849652,11.035106621325092,10.68471837687509,10.120071294212506,8.571251273508238,5.977892210839746,4.624412084251404,2.935327028370985,1.8542314558672865,1.261112251936624,0.9153426091905272,0.19736250666814742
2021-09-26,0.0,0.0,0.0,2.437846253724896,3.6032407874632657,3.0991875956115615,2.5505225041999346,3.329207987521786,3.8258142471660825,3.878617303598048,4.095711361098145,4.012320972180564,3.852272389710272,3.8427334940770175,3.45180958207222,2.359498024670878,1.4206349911641767,1.3905129699024155,0.810357411806904,0.34054098704237434,0.13103518021351487,0.015971068225835938,48.44783511144989,0.0564597728323949,19.346289769640517,45.1906695942966,94.14400587120288,0.16658223721002358,1.2066872060812976,5.935744225270271,5.150935536536291,5.625412833988014,5.729912960586392,5.0050197320231415,4.246245939999808,3.4131590291177965,3.562350938640872,2.228217712028371,1.0675306173632513,0.8036431113521825,0.3340165209086022,0.5489976482012622,0.1456301381575139,0.020583206831511013
2021-09-27,0.0,0.0,0.0,3.6127938547552927,4.410063409846357,3.7887660381936996,3.464597908849121,4.386888440672886,5.054743021273621,5.322650749294971,5.033094122491354,4.9400110736699085,4.778259589050477,4.842407704774077,4.202810958593722,3.2329276564663654,2.5212062578987,2.1078640946631295,1.1231727887142189,0.6691267474096559,0.31933572836827717,0.14014061694250707,64.00765199230737,0.15029479438757432,52.894642980173565,66.05889768243357,174.28186214009136,0.05046827503380219,1.438433418169856,8.105220906862995,7.289679491401988,7.92042623534106,8.040720231079666,7.192235177810656,6.708816440133127,5.840550940086309,4.785256341326274,3.356760174720598,1.8316207812796184,1.2467528975596207,0.9859094074536146,0.7235194646320786,0.41028265643260653,0.13224484310970042
2021-09-28,0.0,0.0,0.0,2.407396788939968,3.4962452985395522,2.9464358049417494,2.607688134739263,3.2488924626833073,3.601429262815993,4.11969316604442,3.9213670269386536,3.8382291975049796,3.727307215442791,3.5979609232030736,3.224986016134963,2.2281088575146444,1.4858626946436517,1.3149158008584,0.949317670605828,0.4180395100493877,0.1887280793953516,0.06047431879037352,47.40746509203136,0.11478595732130752,72.4998166619752,62.336030664024314,220.46433416551275,0.18821530068115405,1.493301354602736,7.514291159512555,6.677921734506848,7.266927470289243,7.3279971011966865,6.724515679320599,5.891331057334481,5.379885990854802,4.392729374508377,3.199798984649147,2.26469675491585,1.937812805493363,0.734845423484341,0.8585230120670545,0.362714204296675,0.12052325631040817
2021-09-29,0.0,0.0,0.0,3.0115929357379234,3.598002191119041,3.0924018570627396,2.719878085435182,3.3712502196851144,3.8838566540778574,4.15093416727884,4.113468717955336,4.017090569411846,3.7628969526165736,3.8777853261742194,3.251907271009595,2.2658272655345657,1.7559739923429858,1.3865613722415686,0.7589451130067459,0.3760593093849518,0.05848935037555659,0.038934462521479224,49.54599606812525,0.1427090353454748,71.76158914552295,63.52999638125034,289.1875486676323,0.11498278702371557,1.6764372524107916,7.5174204636316295,6.741538056033162,7.354429523943801,7.490845239770033,6.691476073381882,6.248681188068318,5.745863933210517,4.579294444046393,3.333967605854912,2.1406323093628883,1.2780152441817132,0.9733702773719896,0.9275362605865964,0.4533075795990459,0.262198142772954
2021-09-30,0.0,0.0,0.0,1.8140572661815932,3.46353651438043,2.975319017911092,2.6321197293149035,3.133075602548961,3.505339896901793,4.1291752956504775,3.9544042492842597,3.8336900841112804,3.7112130036238313,3.5532589362666047,2.9544457271721063,1.9826024161837654,1.2166132568956178,1.4125223202929436,0.7439032247324023,0.3349200383178302,0.16814338610562082,0.03844105658164719,45.574464469372415,0.15262598173174086,79.20416489326294,64.88607768863716,300.3595826301049,0.3959604714288034,1.611569565656123,7.548806879165705,6.762633411196936,7.380145185601,7.48945108097661,6.774046570289441,6.353788294016894,5.731982885705782,5.131739681433911,3.7768792011924575,1.7373934547455419,1.422597710459959,1.089888952142652,0.9984158914849367,0.417371007796689,0.26340744534372507
2021-10-01,0.0,0.0,0.0,1.8141109142269594,2.90433370753855,2.490150195738164,1.7953363924707673,2.5878737542744483,3.1021458923000615,3.310893559563667,3.314505926860272,3.2477570440890964,3.0005312807424476,3.115608185870303,2.6540382885692098,1.709219081660119,1.425857009145421,1.2386563199028031,0.7151504557229562,0.22699272030958784,0.13037253700073717,0.0453893987061918,38.850937718121415,0.20353942323122198,71.74636804019511,64.54492903200398,361.856188848525,0.3202868528006016,1.6988856696278336,7.649882208638189,6.838571045214838,7.435288389584277,7.585999638739661,6.684481713209707,6.104751949826365,6.236338722620014,4.164145590265639,3.3624480209511223,1.9643846057662044,1.9657804881186869,0.9925030127677045,0.9123659316311803,0.46540585316362065,0.16340933907833755
2021-10-02,0.0,0.0,0.0,2.0630264095982915,3.0904262163805143,2.6451510682949935,2.2472965805052922,2.71449395895924,3.2353230094861516,3.2088136149140074,3.527549160612103,3.358571167187392,3.2960552703505166,3.391738284447742,2.863412386982987,1.9813370574300702,1.2009770235334152,1.3280208567912883,0.5987871302798311,0.22114551959679077,0.09156810613773003,0.016273757971459395,41.085951715209,0.12253487524476603,44.04596254616654,81.68808761651667,357.2799009587904,1.142937463696655,2.3813968870636644,9.227516353359196,8.244468297269261,8.987328812137676,9.197124784039064,8.317155850081669,7.993815483940217,6.948326129720042,5.884759190716926,4.482356989562202,3.387796090485583,2.517279302464372,1.1522211401645146,0.9745166755618586,0.7102133796900211,0.13887478656375207
2021-10-03,0.0,0.0,0.0,2.7465348378619665,3.525363721733603,3.0095218125538046,2.600901181396635,3.1191365342595576,3.400808813308122,4.178697688543377,3.95527348675081,3.8018566751687586,3.7515863289304217,3.8361568543321076,3.377517965453494,2.3258439498854435,1.6325252650561126,1.554985147764976,0.7579118345603647,0.4698940558135112,0.10833451355504214,0.028539932653625352,48.20595103975722,0.08159523738527283,23.702196550833314,37.53620445786021,159.56811482754222,0.08536991537514227,1.1602514249851184,4.947736720987388,4.347488148638741,4.785926961354489,4.899016278079893,4.140528432390976,3.83368520370407,3.484585848421808,2.3211869607557247,1.8149218840056425,0.8070779673171636,0.41882456337400553,0.10222029152618717,0.1622001602546626,0.17680583586123236,0.04837786082796102
2021-10-04,0.0,0.0,0.0,4.2069459598391585,4.517155420968,3.8749443741220775,3.292602737300004,4.259845109826865,4.802935584677253,5.320625381684333,5.131270215945166,5.00387988711229,4.873948055194111,4.964221513653368,4.398189329005731,3.2844603385869533,2.464041279284081,2.0713310617559264,1.0291980118863246,0.6183793236289329,0.3753183383855513,0.1283605772068477,64.68170554940927,0.09541401032579781,91.369755096946,56.80582741920284,236.7001667843498,0.19363246019510616,1.6297451423601104,7.007571413347441,6.267129850771695,6.798100352241277,6.928185320019887,6.3369705946494275,5.815731332337048,5.053434128564782,4.173152758954619,2.5977726337926312,1.01573866100187,1.4947387149033344,0.8574600364119466,0.37538882124799333,0.20528016872409305,0.055795029679581776
2021-10-05,0.0,0.0,0.0,3.2436392333173116,3.957556763791524,3.393005478451173,3.0795344333465433,3.7212527749672923,4.407218098933386,4.681133973434131,4.527814926359913,4.433049192933877,4.282256234252151,4.185708100697385,3.8243492600377342,2.9776519039049933,2.051987748934421,1.7797597946104193,1.039289387528561,0.524431255028307,0.16474345256186468,0.10878936576001542,56.41841709407061,0.12004700281092943,108.56032340869308,58.162125703983456,303.6870960246618,0.26699390857953004,1.6445668851496764,6.895478445750993,6.184863183082232,6.748843480845682,6.87128403865573,6.214808465215405,5.588813336120629,5.21277655779632,4.37330140805441,3.121660479760111,1.6326443579002752,1.2556679660501537,0.7542341680033359,0.8429004706395511,0.37319257383306637,0.18009597854635773
2021-10-06,0.0,0.0,0.0,2.9097927311889418,3.7162612959971493,3.1955370931200884,2.796599006063405,3.3412214417351067,3.9501354567777707,4.35390300506766,4.191356883560029,4.137386843792631,4.00251623268881,3.9724782917200607,3.521453052785725,2.4758894863100656,1.9299419010542989,2.0218077181267873,1.1354953195516633,0.6583431111688748,0.1525930139381417,0.09224420663554107,52.58115006435428,0.15171197916531937,78.95298708949095,57.69496677939557,366.3978018800938,0.2953619837584589,1.6844009581904817,6.872467041700776,6.150949351412688,6.6949057974619315,6.834628377658052,6.007807012543475,5.426722018131198,5.358518442585548,3.48946488986944,3.082791910315894,2.0748817793098744,1.2663181126850345,1.1472856791827795,0.7249599850149062,0.40619630172826837,0.17730713784677019
2021-10-07,0.0,0.0,0.0,2.975755770803761,3.7221566253106797,3.193599070048831,2.766728504280691,3.503310976314704,4.180612193004134,4.052174915692023,4.184110203284107,4.1380864471123715,4.00682765312479,4.11087081432719,3.5732079899488682,2.6732717631804372,1.983800083040362,1.841244171036255,0.912473550568331,0.5326845457345789,0.3052513867325019,0.1386319769475502,52.79571142183299,0.09584056803305571,81.44775596800501,52.6259856062814,385.5870856165171,0.5028195307455148,1.5015516061929508,6.213824565464077,5.615110359291305,6.115035021924841,6.213743418149827,5.641239387014197,4.994121006541293,4.3612439601463135,3.451048556435817,2.904339706639344,1.316082651991719,1.4800853017537172,0.8822766286122317,0.8810180379622363,0.4126762140879886,0.13976965332802
2021-10-08,0.0,0.0,0.0,2.6382695355584675,3.698497787111082,3.1816370653979984,2.7891950839991773,3.1475909115500857,4.112667966732285,4.439369162338405,4.203088688320122,4.124689302536016,3.93213373848219,3.8775583399761553,3.6761358791155114,2.5060371861419837,1.8847035273278703,2.0523205777168707,0.9531525182900326,0.6017966081276799,0.10035776357193538,0.11289734770273911,52.06451355741141,0.1063144731380716,76.62652958896292,65.71459291524418,457.61040121457427,0.3703521209612193,2.0708162930623946,7.570826969264445,6.791569535981078,7.40044649556966,7.564572494503313,6.738367890283952,6.398813397703798,5.724374733360452,4.549712117482363,3.347620203421357,2.44059239298787,1.8916215764945452,1.346263341405708,0.8502032167745126,0.5031805378799078,0.15525959810760287
2021-10-09,0.0,0.0,0.0,2.6186778834740716,3.4441866058210135,2.9353289621923615,2.3727867279437147,2.9024008397960466,3.5835971030392497,3.930827046814412,3.9041267258576484,3.8115271558948054,3.717861651367277,3.6972318481822515,3.1180240911582087,2.4726342128432104,1.8176251198253983,1.7699072540964427,0.9366700882932693,0.3678583635798056,0.12820658365182036,0.0433259887451546,47.572804252576155,0.1316727350351356,45.09863769418482,77.66287879670182,518.7411001658968,1.7268071564027851,2.4846560625070246,8.875561747562225,7.938553955511222,8.67849585925603,8.88074624573629,8.039213675132405,7.333305708594663,6.782778965129028,5.2537179312596525,4.479091397725744,2.7644309576825283,1.4132626000627253,1.4329264816651417,0.8456214745764014,0.5763999933400791,0.15730858455786922
2021-10-10,0.0,0.0,0.0,3.3723609993461063,3.9759883135543723,3.4046479684899507,2.9988892943867094,3.50927194823714,4.188749609447819,4.594293902654198,4.530125636670696,4.464245952365891,4.229496955819931,4.410465760796022,3.8751795970708125,2.7310815895019145,2.3477719416849347,2.1097261576528217,1.0793603832436234,0.6192406198327717,0.15970591594367695,0.07734088935998873,56.67794343605938,0.1244497474117252,20.626525356818185,39.424139893600255,188.62691309935445,0.4884247315985999,1.4429120447260064,5.0787310095566385,4.4666866681924775,4.851910603374558,5.098582153872264,4.538294678834251,4.191613959361824,3.4036820195855246,2.53370602421772,1.3580183450788657,0.6786668580581547,0.5252622715111221,0.30459871971387475,0.24850728011676454,0.12090922870240563,0.09363329709920556
2021-10-11,0.0,0.0,0.0,4.501672515183285,4.923789850308551,4.2247728605462385,3.6731855853287034,4.822870662423342,5.47180349398277,5.913323769616844,5.622926655880715,5.531797345772314,5.322192022954716,5.42214371703274,4.840364520607567,3.9127095084445656,3.1731391587875546,2.628124724187268,1.314453840112212,0.8609297955056735,0.41786603962295277,0.14901881338851458,72.80765730365587,0.12071732231302539,83.40943068507806,52.23083631899473,271.9664910141921,0.3886669717402309,1.7517086490113043,6.399066545936021,5.648720886886492,6.268827187932117,6.405511010382764,5.523698002402603,5.397805840530642,4.339208093626072,3.7406762186644853,2.2680953986550185,1.5602680263813673,0.8408764944957177,0.6512976521064111,0.5076696164127364,0.3931217591554028,0.14561796467534116
2021-10-12,0.0,0.0,0.0,3.856393010128741,4.50000792856332,3.8598938773653266,3.282799656573447,4.310831451395453,4.794775716441562,5.363139413354868,5.095251264246085,5.028557982133917,4.8493140697301,4.993869652725083,4.362693001401446,3.2957979598467197,2.7930121009867683,2.6188638417765593,1.3047457593666762,0.5286273397601764,0.214246349409227,0.16591820743586416,65.22448932507852,0.0746672090486523,105.33457061085693,53.00145249123452,366.11335567885317,0.37197621085558685,1.7861463433194886,6.309824598688718,5.6129071153846875,6.147344488072293,6.319772079470636,5.622547472934973,5.152508929696765,4.497791872704747,2.9674072607864628,2.7277628912765786,2.0529314164928034,1.6028148232069699,0.4994902967027702,0.8180787337174841,0.3764933395630874,0.13565461836046439
2021-10-13,0.0,0.0,0.0,4.215345022926965,4.6715330376028055,4.009587272839227,3.524227323333824,4.774151535782852,5.227757647131776,5.554641065063151,5.340887888524587,5.258366099141963,5.046425574412035,5.11615028192836,4.527071719055229,3.4880088898446586,2.941642574389025,2.7048285207146963,1.4746051539465326,0.7190297558084838,0.27440189801356185,0.129757616261291,69.03416740955547,0.07701416501032965,117.31338072122242,53.86497139525561,429.3130617458638,0.876349062636415,1.7679517686000557,6.316377730274614,5.658979865521648,6.197231406077654,6.352373293173274,5.790997548576195,5.304630286634822,4.779782934605398,3.665436499156869,2.3006631867275855,1.9263566391672053,0.9703847602877674,0.7709812667660921,0.6855798417018535,0.3702983612101974,0.13059694413795492
2021-10-14,0.0,0.0,0.0,3.80265056388245,4.3910434045408975,3.7234486101188518,3.4372850912036395,4.292478086740542,4.781723622781136,5.240841430783688,4.974575935338097,4.9075943649305005,4.732947659332014,4.862731405947887,4.343529663656019,3.37551456746106,2.469804365988389,2.524108336030913,1.4013868584751845,0.91307893353091,0.3435096627169591,0.09217419306057023,64.64115411530796,0.16065033887621158,124.57082779794109,52.51263188312263,411.9060298013829,0.9283792484202005,1.6672881466377185,6.216926105535584,5.525064330716149,6.00210247729915,6.184074412713251,5.539840573250994,4.579877301318562,4.555250107868334,3.761610489256613,2.7983990247446417,1.5282634593168514,1.3660763700428409,0.8421649743227373,0.6063614180118686,0.2938817680793758,0.11707167558775315
2021-10-15,0.0,0.0,0.0,3.9828577466145263,4.382798234262362,3.764949115155364,3.3078136937190763,4.197217364664634,4.765553916785006,5.212207058115693,4.972072651822335,4.917795085643556,4.688408430217393,4.788074532316004,4.168566451610152,3.3438826032330438,2.865085056582002,1.9898021225006162,1.5970555762820924,0.9895488413744756,0.32530140340706903,0.14905687101602474,64.40804675532142,0.09786514420086745,112.36975699438511,63.47744064959723,406.97085306790814,0.6161184914982112,2.0523313840961825,7.319383732454201,6.550901223238777,7.155345450716742,7.3104647283503095,6.638130490359751,6.0119989526558735,5.232656969148453,4.743959037792713,3.658775064400185,2.4194201468819156,1.4777964900505016,1.2457275845380344,0.636072621388233,0.28397790978221915,0.12438037224492586
2021-10-16,0.0,0.0,0.0,3.3003398409504356,3.9807415712528913,3.4141968048602824,3.0958201801142313,3.499427786996456,4.443773169282231,4.749760491239052,4.519031210849912,4.466619900890679,4.183703257587332,4.425265984904171,3.95857419670036,2.9548694351534124,2.3259101754346343,1.8434114734164977,1.1300220418757974,0.6143162850155824,0.27337297661171833,0.14049707800996944,57.319653861145646,0.20666096824291263,44.63177327040518,80.41044925868664,544.7174788564324,1.168742987257288,2.630724973166254,9.283306508502248,8.26145199125303,9.03880882008454,9.293752061832178,8.553511022839237,7.753294511885178,7.05032613804946,6.00928433780576,3.805865834382413,2.674248347064723,1.7825694526865556,1.438733824115245,1.0470968525790507,0.4868312247351548,0.13190037044834224
2021-10-17,0.0,0.0,0.0,4.31797091232235,4.7769570209421355,4.095186488252073,3.55324829012155,4.544286255862443,5.157566352239473,5.520582628834726,5.376180943780739,5.355783277988545,5.152833726052548,5.300461785137955,4.70465591525733,3.681362104365732,2.5780270143667487,2.5064867223993215,1.3828572254449063,0.6268731391768114,0.35432112365371776,0.13531252898365945,69.13753965225288,0.19676902510728808,18.287755924648774,31.826384000502053,225.00890365717032,0.2966195136854891,1.210100121450418,4.305971750037583,3.784932026226379,4.017663745126983,4.217715663412931,3.6156173457517133,3.236459463710592,2.4579331864501515,1.5243565327356186,1.4984626647568478,0.6914915731175739,0.3855817758398231,0.3377340232629615,0.11446969921081286,0.09094942636904546,0.040325489357128666
2021-10-18,0.0,0.0,0.0,5.2001587886415095,5.854724061535847,5.0276075093806005,4.4729892607988315,5.874113910343034,6.532209540547157,6.998034019307823,6.636785604453635,6.565603515706896,6.3188293125982895,6.374560022451319,5.782012232797748,4.618715081468549,3.918114850159299,3.349404628864505,1.8662063806770408,0.9387344705434878,0.4058958573086629,0.12416112390910108,86.86503013639916,0.13118085780177272,122.27655166451605,47.30221450019043,296.47540662630223,0.30487692016957835,1.6116195499250143,5.8423994016622185,5.210569936492935,5.67662919943888,5.70490597503343,5.00742945278922,4.237827384236832,3.706140635237861,3.3895628251717,2.2891753062415394,1.6765038685508196,1.0167484964814977,0.7566694213982277,0.38078359623985625,0.4144498887030353,0.07592264241778701
2021-10-19,0.0,0.0,0.0,5.22510344968805,5.673035943741058,4.869690655322563,4.706811791379784,5.475347164348485,6.309204569171354,6.812025632989286,6.457851184143926,6.364293197808388,6.102720608015333,6.2198667282670295,5.7127150735882575,4.38539450202227,3.3857682193343415,2.9459544564657656,1.9605480387940089,0.973581092510803,0.45525503067290995,0.21156753682613955,84.27295988676381,0.08070331412236133,127.41929935719705,54.037539929176354,389.8329864201096,1.2347295752349063,1.7710386108075673,6.3914447174414715,5.671828722939989,6.197531242902881,6.336271589123612,5.769626343190688,5.376197372171426,4.340048285239046,3.779329210845897,2.8094937844569237,1.6672618868373295,1.2912783746411165,0.5816246059950276,0.4614600696348077,0.2486129617727658,0.10976257594090011
2021-10-20,0.0,0.0,0.0,4.934446087272588,5.346513647826509,4.594676901182052,4.396057569848768,5.480452895963956,6.105627947195074,6.439708597803106,6.083249446137137,6.005402806544733,5.767753201433994,5.948142052572754,5.213707882268492,4.193528403614465,3.409030932675404,3.12416757003742,1.8002390958082706,0.9186775901797913,0.4284385360590285,0.17655414595124433,80.44145375008705,0.13219937839864193,142.0553500082231,50.227325038834735,428.7809261267714,0.9274836922664779,1.6717724697954135,5.995195298917707,5.376575286725018,5.875254556473416,6.019907061906915,5.353890250042323,4.629357841096429,4.449947592993635,3.132649049779961,2.2660373383769277,1.7832794939547374,1.1250614794459635,0.6192947083053255,0.5122383088771197,0.3414717905175563,0.14790881935980787
2021-10-21,0.0,0.0,0.0,4.497682379379676,4.9324400885134025,4.238872574888479,4.030268729199946,4.748418392938345,5.567673733220397,5.788827786326652,5.59420208472914,5.52753776573082,5.258509377530737,5.481316828948587,4.945223529553319,3.895220015085266,3.0447702532801455,2.514061380203242,1.9176734552351649,0.5776830625209852,0.3656288723575289,0.12475244249530944,73.08797737959459,0.14559679199296682,108.76980549948671,49.05747130670832,519.3924424846356,1.6481694858137184,1.56443210423944,5.64873695715141,4.999149385539201,5.485960242805435,5.603471792914942,4.967894422557624,4.50708401454388,4.024792180499114,3.1708736386804715,2.657924402615773,1.4952499533662573,1.5841538975067624,0.8760485197226767,0.4294727582758203,0.25892175241967547,0.13513579805612072
2021-10-22,0.0,0.0,0.0,4.0821569079789874,4.482989148899054,3.848458122738089,3.2656990665937595,4.403704390933238,5.065607575090577,5.324687612150414,5.09152554196666,5.022736178984711,4.840868054462135,4.97715820384353,4.489551175006917,3.59506879402932,2.701344453168545,2.561479953995755,1.401996650163122,0.5670308003082006,0.4510985049525416,0.08476038235015332,66.28835710475478,0.14952117049212738,96.69092708631415,53.51849752016005,546.3430140511032,1.2628872179496258,1.6921249951330737,6.107635040611016,5.467870229454821,5.988600315128226,6.084172994342183,5.532453430598208,4.899736625604494,4.42825106077645,3.6598200693971306,2.6484864813843267,2.090443128016781,1.7035864076938854,0.9923122064697755,0.6194483704733276,0.23166434649115397,0.10900460063555956
2021-10-23,0.0,0.0,0.0,3.4638425947855214,3.9561389631206736,3.397871572098893,2.7742016329336376,3.776700724010195,4.265456629034603,4.641287805093435,4.485670011097456,4.422811873410493,4.2057019654864405,4.297902149393333,3.9102128041641193,2.910839922327701,2.506044231166193,2.1317794051371397,1.2502677682865477,0.5629454699827475,0.2641841704856504,0.061485418666672315,57.29588666727564,0.1211850410154331,64.16710129962343,79.79098922038506,661.2371783570583,3.3112716289214172,2.444520482232229,8.714839262794062,7.780196002064604,8.500205717195827,8.71892100099948,7.976825783521696,7.574561876805913,7.036721779993201,6.032342273673971,4.171746894716717,2.883690865667989,2.3610782910227295,1.1919018394461443,0.6311908735262635,0.31071614186323476,0.1502585059395742
2021-10-24,0.0,0.0,0.0,3.311488059837969,3.8972680509031714,3.273762435315113,2.737465219170688,3.5862991848778836,4.161639686629461,4.633988593162151,4.401928288645563,4.331455964442742,4.1819456401954085,4.301056129654232,3.834852914282902,2.9152117526669534,2.1349618982716554,2.1266558456371767,1.101168776192838,0.540558214065548,0.17039148872620463,0.0740063403097478,55.721809001674664,0.1490140179987008,40.53619373509831,31.5161794666711,260.94342295970614,0.6361381761126605,1.1734114724502807,4.112412853464397,3.545764125807242,3.7809662708959646,3.812545448730167,3.539951667957481,3.1281482237327705,2.314051125155309,1.9440355814942676,1.3963448603065811,0.7641895399607098,0.7707642813087046,0.3822531134257949,0.14506788537909715,0.020034487294337724,0.05010035319533367
2021-10-25,0.0,0.0,0.0,4.436168740870965,5.041476820173935,4.326784745194985,4.134615374815527,5.007604599392699,5.688513844060835,6.062332003149225,5.7413336112171525,5.652237926565801,5.452019172240149,5.602507886248676,5.005992192008212,4.034278855283217,3.323102911467628,3.0840690643443276,1.4520501220092337,0.8361000377812341,0.37090566202999486,0.1849922371857283,75.45555912341251,0.18652318667700601,68.17334404531663,47.20085566209681,378.7017029469274,0.6866006056448701,1.5333453415119678,5.599697568881525,5.039889609820489,5.476680807036833,5.577675354892242,5.075762457054715,4.302191030148311,3.9491621050096417,3.079098275741235,2.4690904142266032,1.64847824803862,1.228062664748307,0.9538926889970994,0.28373455451315066,0.2188679236599368,0.07862601217126419
2021-10-26,0.0,0.0,0.0,3.7172587568549345,4.4809518937541695,3.7522399202746812,3.7069548019035574,4.602768861844957,5.095234492896176,5.372353912891586,5.098279884367807,5.015718844883144,4.829796056133005,4.975103141008678,4.491052050440997,3.5129528688519507,2.8465435278193025,2.5089167621329884,1.5158241910887063,0.6889647690738143,0.21751738601668266,0.12408989151500023,66.61029971876667,0.1671648664761738,69.47461939663035,48.53164660913788,436.78638668805047,1.3373716462896712,1.6020694714664803,5.668234124708673,5.041827065857742,5.495671244058113,5.622441213911853,4.877734479892866,4.6216231151094425,4.195100590132495,2.7422545650035453,2.398147299972747,2.016114073213134,1.438436433654307,0.6762005122665968,0.4190072948960016,0.2917720988291103,0.08764137987510123
2021-10-27,0.0,0.0,0.0,4.115723556036011,4.586724681094294,3.8714191373198052,3.8522130855893555,4.522480216719836,5.260485088034054,5.5077787122097375,5.21485733146181,5.133078556775282,4.95888886188429,5.085738363180129,4.556089232765372,3.7253557232039727,2.9381422727017146,2.570791398713989,1.4276544941363172,0.7775399397657324,0.19377333481891595,0.1353714423082217,68.45561982248947,0.3195359203941068,85.10263510165136,50.92087702261663,511.62750083234346,1.3930085807339938,1.630543659940685,5.851549141046214,5.112281014031512,5.74560209845499,5.853632040340649,5.28764333620946,4.68353464391038,4.120314376860655,3.566931607692254,2.0102598442741204,2.066028315461012,1.881923929442376,0.6350547561839339,0.492941356351037,0.44494395853579183,0.14468436314756253
2021-10-28,0.0,0.0,0.0,4.020218297356319,4.364216592492065,3.752962262032281,3.2684541085768055,4.337835820393999,4.939286008270093,5.260929193434378,4.934435373268774,4.84677673717304,4.723204939682501,4.8022583063055055,4.366726682822381,3.4074081682176804,2.5475483903283784,2.5904586480233673,1.3426554599351,0.7428734319749679,0.29498862803890946,0.15685385388898554,64.72602939048787,0.26322775065695453,76.34284421740723,47.981871381653136,501.2081654840695,1.7381204901930891,1.5393185193189647,5.539923149846761,4.935555025454855,5.336781568216067,5.432310486187006,4.612078181822284,4.522593088698124,3.930856804601368,2.9383628000571265,2.2344124181672167,2.1607325751936948,1.3612200926921005,0.7554560941710758,0.4706019617218898,0.30939854984746246,0.1641495754640495
2021-10-29,0.0,0.0,0.0,3.9131952426191257,4.329126275619835,3.725043220557335,3.3631256632075126,4.333622500682438,4.948896704623226,5.1774512077327435,4.912554120501136,4.848894655140507,4.588622782575086,4.7882148556429,4.2923907906656265,3.4269939403450382,2.7699503954616356,2.3918245713810826,1.3376598713006942,0.5959950337194834,0.2456619926537362,0.11124990802877097,64.12387404556723,0.19110865685118128,70.6264859588433,48.277655425883246,500.32923756412043,1.2250686471120136,1.5325421655241398,5.562704101219049,4.991358995964412,5.40532289174695,5.458184401061152,4.874995651261578,4.607317352492246,4.01335329512487,3.3252141718576453,2.3026362145369816,1.728639581709241,1.4839304487390774,0.8842368661433996,0.49432822894693634,0.26658290951749153,0.12123950292605513
2021-10-30,0.0,0.0,0.0,3.5345359529576257,3.7003353137692625,3.100288821862033,2.891869309107983,3.5667833020718116,4.147343748630861,4.4234922316091785,4.213865262534695,4.151469510685002,4.001659071745851,4.117926378064938,3.6598678643200278,2.843408654161265,2.036444222656225,1.985354787418218,1.4014779197887441,0.44758597904487357,0.22688875013542908,0.06294660433869687,54.513543684902714,0.13147432739391055,59.087458333793386,59.930452216878415,632.5824620775995,2.2673149012084344,1.8778783676210153,6.791650280986887,6.064771910679245,6.630566725343414,6.787752789978791,6.1959876140463175,5.469077222132877,5.103518532528443,4.137797340468952,3.436384674201462,1.8442885613256625,1.4811432176783423,0.8513222106893594,0.6603336056929643,0.22038343193525045,0.11028083036099849
2021-10-31,0.0,0.0,0.0,3.155550992226999,3.84760988076688,3.224950326106939,2.809243346902351,3.6895692257592083,4.35184499261096,4.5965808976960325,4.361242136261473,4.251560308582015,4.152590853674748,4.27135490711582,3.8766377138444197,3.0855264618805553,2.3342151571244556,1.8711682114388393,1.0137159705448036,0.5186214360141406,0.11985380555500434,0.08346519880149515,55.61530182290714,0.1560958173568739,35.59866764346994,23.68244805321018,267.2462069372729,0.5368789991703314,0.8519243226656202,3.203030243648242,2.745464408210773,2.99778536680282,3.009683921356042,2.8066556484920597,2.2350739568155413,1.8538039827583486,1.3853684676773912,1.0007076973192714,0.44522248241831563,0.23843282599694038,0.18650501295733912,0.0810411379058722,0.09257699191720287,0.012292587098071794
2021-11-01,0.0,0.0,0.0,4.543718717210165,4.7233552392761355,4.06185406334238,3.769486816572492,4.91752512414339,5.316289744040302,5.719950515697345,5.385032863808642,5.2825508665153995,5.121687908457462,5.201822644327101,4.721673273659959,3.813076395515147,3.058968118620848,2.5884351088359785,1.4782116499342923,0.5294241138890623,0.3393528707128635,0.21650404771728848,70.80572879580998,0.24723008112587302,104.68521147087365,39.62244500977342,396.0334743059361,0.4047283237755965,1.296463029997995,4.832555785938749,4.347903544494638,4.719584390343286,4.751376678599979,4.059390610157529,3.5664449269501226,3.397479644070298,2.769027833586822,1.947831873757593,1.348202643518638,1.0314956296600355,0.41854400190407387,0.49499889637678085,0.157152205194022,0.07926499144725556
2021-11-02,0.0,0.0,0.0,3.96913935064498,4.100820364476393,3.5294794226831447,3.220126709320344,4.267435168895332,4.720897592537316,4.947879772327673,4.6681037383459625,4.564635163647822,4.4362175982648875,4.402099986716019,3.85318838754654,3.1479713971306382,2.5558587518397555,2.3523885873551005,1.0320060397814936,0.4804987888284836,0.2349301619315181,0.07472938942047352,60.55840637169388,0.20436356371147812,104.93484463418083,40.879915832566155,500.1039924389095,1.1249853143864204,1.1564439219370517,4.757783756587966,4.276532342186633,4.595136879073817,4.746133551597295,4.22720105638471,3.8646162483961426,3.3671344143033126,2.9222877645138725,1.9755469802529668,1.4432851623640102,1.1154124957236713,0.6614643994339758,0.39188148739186085,0.18678808107210987,0.06728197696033728
2021-11-03,0.0,0.0,0.0,3.368031638070132,3.7375457972464625,3.1073748126650487,3.23164736833278,3.7469881728150365,4.377358049370439,4.564606523003446,4.268470742400227,4.15204039748599,4.066773820123638,4.14272033822977,3.728461458089078,2.9030662327986225,2.148043325680152,1.8547553439164386,0.8761478777615124,0.5970459265549883,0.16816069355045338,0.07381481208214204,55.16193210834866,0.19783573506422408,109.5330538567704,45.066137067046675,493.5054014816043,1.4458998298514256,1.4050205815609955,5.260399446924225,4.720583610603675,5.151074862682179,5.2800344418572,4.719465920593015,4.208203953681393,3.6042294419515435,2.9436078771682954,2.085073431953232,1.2708894698209428,1.4048959018645917,0.5932087142708251,0.5873879738268121,0.2985495233952322,0.08761208504109036
2021-11-04,0.0,0.0,0.0,3.28048188488648,3.54964050953384,2.906022130634139,2.9623951160971536,3.717530486282916,4.0699991634283625,4.21667219735768,4.05726474401612,3.9748275681156864,3.8190018191874744,3.939406118349898,3.501968246706658,2.779375366286151,2.283103683931582,1.6448101077366148,0.821783888384368,0.39417640480241023,0.19107401750742045,0.08460320303781034,52.20426000666452,0.14679286560550397,106.63229579379988,38.846239639157595,492.7976995656971,1.0054328487890694,1.2748969375526769,4.578497936841955,4.109277452971621,4.400522558768165,4.5086180320595535,3.9520096765470814,3.7199308076170774,3.072323501842172,2.7148870791590753,2.036954819660431,1.521951655537502,0.8280208416205765,0.590417523186123,0.26967110976842534,0.203390665256177,0.05943619197991736
2021-11-05,0.0,0.0,0.0,2.828770151125774,3.169223563090875,2.651707447448737,2.6031114433571236,3.2598663900407376,3.6080450670622226,3.8655616055653224,3.6326041407315786,3.520519082552967,3.4394940212983216,3.3773106076442905,3.1106060995533364,2.357440883364843,1.6990810463099109,1.8276972007302656,0.931159316282228,0.4660720881240591,0.10112657016904766,0.03949060396213792,46.488887328413774,0.2255144792640203,97.36309567944323,46.92057984986739,544.1089695462106,1.352224249835723,1.4905967526202712,5.451630471812779,4.9211517919346575,5.374377641134878,5.43708857973486,4.857428112260568,4.256565460194414,4.156340998020619,3.1564639973723008,2.2850964607336324,1.387359123336855,1.2026446147958214,0.7636572011623716,0.536145454492832,0.19508170497806948,0.09672723544673267
2021-11-06,0.0,0.0,0.0,2.666843715256039,3.0927370590937913,2.627563319334169,2.3878594424754604,3.1321454489807388,3.4258851238646715,3.609653251879005,3.491291526174642,3.365996154705017,3.2999908731554366,3.2582256083428542,2.894155856358342,2.30912573625969,1.8836079260415497,1.4919961955432413,0.732667067754894,0.3408779159047395,0.14853293732071043,0.07596341764012296,44.23811985971103,0.244494301397375,61.7376317740558,61.83769185416462,655.545217414673,2.3809488171409514,1.9956945195960059,7.039546967659478,6.289408273471762,6.874812047404956,7.058853043433559,6.384206653298577,5.681719709570821,5.353869123526388,4.162461896890204,3.4343955740541743,2.2808420277848467,1.6963024078468216,0.5353864328877991,0.3847757290837022,0.15583455875649316,0.12863407175807248
2021-11-07,0.0,0.0,0.0,2.9571570835328567,3.346220126916555,2.828953877496705,2.7585478005387474,3.3279874606158732,3.7480172551148323,4.026163901044135,3.8184882620358986,3.7502264827263603,3.611685981973883,3.4471796791649782,3.359898902693846,2.529613476858506,1.9602842937954876,1.64062392587423,0.694837213594121,0.22057134555263894,0.12283742151192992,0.057501668263724895,48.20729758985718,0.1467198163448685,38.029648408260805,25.566172936213057,278.0870531565781,0.5180466893690943,0.9942627490585416,3.4541887705056684,2.9239365023383326,3.1998074252474544,3.19541441338031,2.7106739890089537,2.2544500357588695,1.9374790023049515,1.5873593070649372,1.2089346950115316,0.7248131706532147,0.596982845617478,0.18156271585233746,0.03808409116420413,0.025508692629569254,0.014667841247610025
2021-11-08,0.0,0.0,0.0,4.579083776678486,4.66880974190772,3.9634938334086813,4.035634548489504,4.703747192154753,5.416512886689583,5.686575844208957,5.3553222933043845,5.261284798594552,5.057366879819982,5.2111754500543706,4.6188692331237675,3.6655230648429145,3.053752514257374,2.0235147243910228,1.6203594886855572,0.5396816008910602,0.43842948648877283,0.1205522289846557,70.03938505529622,0.2766155813800162,69.8574503407339,46.0453523743486,423.2810922662447,0.7040221203447263,1.4709496138915434,5.431352409115913,4.8801373238032495,5.367358912309862,5.39905112564466,4.802813434187735,4.3905397889295275,4.128853767375749,3.296949968689638,2.490212815186143,1.8264079855692097,1.0283900799661316,0.3553886457808084,0.2754905766554417,0.15527255934171147,0.042161247556552456
2021-11-09,0.0,0.0,0.0,4.6494181115030315,4.799880646031926,4.027388176049835,4.050360428637109,4.8991542799161065,5.529927179835544,5.858506245549632,5.477272078377651,5.399954756603777,5.209177265446866,5.288035132315193,4.830108997985599,3.8487827173411535,3.097384948412564,2.290169851452655,1.4202110971871131,0.8326644494000744,0.36027765448570426,0.12929636535634667,71.99797038188788,0.1489160243471539,89.96661409689666,43.263529000266765,534.9051484107155,1.108458425688825,1.3385999169074494,5.112382364217329,4.486041236831898,4.990872489102087,5.021773579689972,4.582381684940099,4.128607193131716,3.662251063917404,2.8639826711661365,2.193597160851419,1.5006508517426078,1.2777945088995026,0.27961554803250255,0.39212690991760196,0.27655367758548466,0.04783971764472569
2021-11-10,0.0,0.0,0.0,4.841280843153528,4.868389872289716,4.13577104543846,4.249251003450131,5.124961416965141,5.650296889847551,5.904610139384272,5.583570011411522,5.481158743541897,5.274002880622075,5.434945932875777,4.91887359430471,3.9357585362698804,2.7439486492650595,2.4456285213464213,1.1577814563871311,0.4261550972809772,0.3871933600264418,0.15335641583224385,72.71693440969294,0.18501675421181707,67.16905997040377,47.304787051905144,562.0174795892182,1.0530335090084408,1.4849628048581174,5.399965591195445,4.823441996728818,5.273607834445683,5.391334200581912,4.723696861762891,4.508086240212728,4.149206453371468,3.673450759043789,2.3610805026780493,1.7406909697242912,1.223399928189623,0.782789363344075,0.479916203759008,0.17224785948155902,0.0638759735192426
2021-11-11,0.0,0.0,0.0,4.772453479212211,4.767656389301353,4.032232685458535,4.018354576481697,5.000558688280606,5.4395278044020685,5.782347240525248,5.448399707382182,5.3134898911107395,5.172306170113884,5.292095353812235,4.757188559721165,3.817612147246335,3.0538278336183065,2.5403886661848634,1.0337249049710873,0.5593467371307048,0.2312503958781876,0.09387677679862522,71.15953379034832,0.1751397366081432,57.97322519476768,46.2282974942594,584.8399646461821,0.9552836901353177,1.4443289008578708,5.45067376074413,4.871441536132932,5.310729734976297,5.34398992115437,4.651773528102554,4.123630228543324,3.9177363353086307,3.3884726413807544,2.4753174067301957,1.8395980728910912,0.9288486369208301,0.6454210289091072,0.4933830280624297,0.3314444134865816,0.05622462992297868
2021-11-12,0.0,0.0,0.0,3.9122775268270122,4.229037486049285,3.594803256866779,3.5355014412635275,4.375170132254439,4.899357017804087,5.125552873368944,4.847998615225254,4.774005751722011,4.572837298223455,4.553325591891853,4.1069812182465295,3.270542310311299,2.389943537410655,1.7865812562835173,1.233759950649449,0.40790522332743695,0.24750994912562485,0.12292809383020005,62.01069089913625,0.14455731115652656,67.08427420345797,48.424949086323615,576.2731848729486,1.8058043964862538,1.493993565993598,5.550582492441631,4.998655475850342,5.447372274070674,5.529287131955007,4.8464855000186615,4.4885279380542205,4.037699141704333,3.7044863644076216,2.8467033556950865,1.5589785029983032,1.184392618110454,0.40395377250323466,0.3390060081939381,0.14014770505457802,0.04887284278567536
2021-11-13,0.0,0.0,0.0,3.8512516766333653,3.9240132440123907,3.2213830070854663,3.359519194952489,4.095905203316758,4.367406197277682,4.711468924561687,4.473026888494727,4.41591354720795,4.245798530397036,4.332461123784021,3.914822419780413,3.116527656451292,2.2601147795411984,1.6990207716764663,0.6813503270033738,0.4939147877886212,0.08563759931158738,0.08371690872863848,57.33625407163108,0.2071163689100231,57.175452354191115,67.55099696169728,758.2684261910019,2.4960015461940737,2.0971813996771624,7.487058437834053,6.691386296131021,7.294081623116573,7.453453714696287,6.702894586709728,6.204145403846205,5.557801843931049,5.372175496853423,3.9677281856725983,2.7319711287680732,1.0636431303794787,1.0796488215310471,0.9099128132523323,0.3206906711613566,0.12122186194282786
2021-11-14,0.0,0.0,0.0,3.608272793929229,4.146813879572054,3.5797005318899338,3.2800268319929904,4.332563782203009,4.694380015302413,4.9984638949770375,4.723288991608355,4.661937063870572,4.4783887588976725,4.571630420215429,3.9497343583357565,3.223515614457473,2.2260010299258166,1.1994465239167955,0.7772777179211661,0.30476126463254805,0.1649978627358219,0.0724233354638398,59.00789686368637,0.1634701868060285,27.179967588519794,27.99863645353642,327.0346815056799,0.8638479676730926,1.0493521691772172,3.7198544837864946,3.160113288213847,3.489476455873558,3.5044812221717567,2.978345398682767,2.4371442285944513,2.522177379970336,1.860491774946469,1.2668333865096726,0.5259430076877895,0.28499310366120684,0.13475764596252907,0.15484633236767165,0.030599910048325005,0.015378698209233163
2021-11-15,0.0,0.0,0.0,5.98943011076085,5.933804906692038,5.126766668655506,4.792058316995729,6.255492699439966,6.874640204624005,7.202999263564826,6.802991261695804,6.691993881438273,6.428326789617473,6.632540155550559,5.99443547152396,4.7816023765471325,3.680026017629999,2.8166642741220635,1.3524640541456496,0.7030920982091852,0.3546103334664272,0.13358688501952312,88.60581486630878,0.2227701403663661,54.37871687306294,42.07183427978817,455.8915686786756,0.5603485830168582,1.36446924181799,5.142244569913423,4.6069534647908,4.985558744160076,5.0490968897740345,4.351150924412475,3.9247204779438234,3.426718091818098,2.895847263805708,2.3963296363819997,1.7074818478912113,0.9198724693773253,0.32516328174416725,0.20061412520879823,0.1775747426472579,0.037689925084122396
2021-11-16,0.0,0.0,0.0,5.397582833120904,5.355288111565742,4.569039810415495,4.527704387229177,5.640912283646969,6.190339295605031,6.496128345601305,6.134240539830939,5.8776031719443,5.801092677424395,5.955392744360106,5.337677952463689,4.187862196966529,2.9262677227437845,2.1320228679104227,0.8928736435209093,0.5405551788364742,0.23568996759028232,0.08319733250284364,78.32241501780167,0.1507902759380108,52.173004253705486,40.75065066034135,542.6249632818507,1.0997488115456724,1.2914664443239883,4.652632052216663,4.200855835244059,4.599369080737646,4.576180105744293,4.087485875939864,3.816846998275881,3.4183931680973645,2.999926134321306,2.2474173495016276,1.5935778242313172,0.9840225999407307,0.5581315912459343,0.5097544093668958,0.08096720041434478,0.03387517919375568
2021-11-17,0.0,0.0,0.0,5.067176522818977,5.182027124919672,4.393948828869038,4.470413600054881,5.481137349604513,5.936841647435944,6.254651989231611,5.942644200625607,5.844907870320537,5.615964709102494,5.77319511202208,5.200597751712404,4.11811122425999,3.32038824383788,2.388073620463757,1.0549303112786148,0.4383792557126206,0.34560071596327163,0.15960105645587408,77.08481035296612,0.12604324587477042,50.11434537780095,44.74490956034698,562.378639817408,1.1445232237686638,1.384334391869526,5.215544790366918,4.609447096531954,5.099471513266306,5.141844629794077,4.49002351793716,4.184317375384987,3.687764011806924,3.36596450002508,2.264438299477396,2.0048307138076598,0.9643788774356619,0.5177975513261209,0.41037859758191253,0.1659087957676194,0.09394167419900915
2021-11-18,0.0,0.0,0.0,5.227427430495986,5.298852245087218,4.405609037381339,4.58256970540859,5.459222953229957,6.1574256630489,6.458063909926828,6.077310467054897,5.9824178232396585,5.743210015029042,5.92113506741749,5.359333578002651,4.29251341398225,3.061980992521117,2.419658777432274,1.0313335070462104,0.46237297576833053,0.23000512142332216,0.07168665241555526,78.26634875316586,0.14999574771661944,44.29266924901847,41.27698405726777,581.1472807184526,1.3874974815523227,1.2991019941184954,4.690933198089962,4.203570379108617,4.516290359855651,4.677098528564317,4.201489939849433,3.6572929910299536,3.5309542535456515,2.9643812938968996,2.5308446673441587,1.3265799572670096,1.1417921530780908,0.5101062776252997,0.32958762708948103,0.19760213246746097,0.11186082278496473
2021-11-19,0.0,0.0,0.0,4.718246391671612,4.8007799669899915,4.147407310648645,4.089373253250159,4.93691690794769,5.535583291718425,5.830892067947367,5.498608396837572,5.402266381135894,5.2100651955443835,5.250956403645291,4.799946676562624,3.77117600621423,2.8161020236112977,1.4889368869321624,1.1426171475637967,0.52877845121989,0.26829842131862514,0.06519934696392603,70.31728646516602,0.18431733315301438,48.69454729537211,50.82777087092738,631.8703318295668,1.8548725495188103,1.5465307214217292,5.717983911868143,5.127908097479316,5.592190037805998,5.716722499883556,5.17383506047891,4.65464661201286,4.1766446883357915,3.8341255891146764,3.1085694230046563,1.7443038109176865,1.284745932136553,0.5468237585766783,0.5040404480043883,0.18404342648526134,0.059784303882361854
2021-11-20,0.0,0.0,0.0,4.363840690528188,4.554431281817656,3.910035403433026,3.7655588502562805,4.66688319889171,5.217607231951143,5.5065491634207415,5.223458774018634,5.145936105785623,4.931908446529226,5.1003091612444384,4.616212543074066,3.4448945108242968,2.4672382679387495,1.4448934145171202,0.7104803910486482,0.44479415930895766,0.09959777858447635,0.030424113996556198,65.66435695099267,0.17216011732652106,44.81149399500479,56.05796518791886,711.7995257127334,2.6666975851943526,1.7672909104897012,6.299731357043282,5.673802615700253,6.169703260894197,6.22399023066057,5.652125838045922,5.081272227970254,4.494264946173684,4.469565336964776,3.530551153682476,2.218496086631913,0.8330043748041969,0.36220676074397357,0.3276912536843663,0.25824147167258665,0.029329777562354123
2021-11-21,0.0,0.0,0.0,4.75036793914233,4.920466170876487,4.186543511808251,4.123981065237975,4.951366889312027,5.475313415339283,5.9158894987557,5.532181110321744,5.536217707141869,5.32142572822078,5.495163320463331,4.973370819550843,3.6874385180845466,2.4302895169350207,1.3670259280842745,0.5857427582688269,0.3257162700685707,0.12467239454765075,0.030522434339421693,69.73956324276634,0.1631817337060061,22.585290493233437,23.56761075306923,347.9516058178878,0.7112371968103717,0.8712202401580827,3.1366138752458497,2.661192668488762,2.8829427445842577,2.84664933237504,2.510308952173024,2.1561246754421863,1.917445059177509,1.5327962336159384,1.1171818588701068,0.5451981146835676,0.30915773525084145,0.1963591027961537,0.0698491887136169,0.07316979652158892,0.030163978162329765
2021-11-22,0.0,0.0,0.0,6.260040840510568,6.192717299330745,5.346416987489332,5.44739631465678,6.566112217379072,7.203834298262142,7.544906258431222,7.117491132282054,7.00392703790649,6.709750813678313,6.940745889798441,6.193008403687961,5.0416522754761175,3.7235721564500177,2.7500342428615916,1.6620175954928893,0.6548966515510077,0.40594831628929096,0.12938529303318708,92.93461781943702,0.08203015118553479,33.24298229544477,39.8870206625197,485.17220554425984,0.8519369317179468,1.306885691501292,4.791829028268856,4.2357278232560045,4.630946735733233,4.6917862561743116,4.028662293078385,3.7798424846814695,3.5604267024714757,2.961131907652487,2.322991837922582,0.9897680043677863,0.9562746290364432,0.3078186765711385,0.27576887628768887,0.1656278579737831,0.029594925824813743
2021-11-23,0.0,0.0,0.0,6.023921232899312,6.098520725123425,5.253777451122238,5.257793305874694,6.480436099381258,7.142187606911941,7.442877461338795,7.021912227176217,6.896805677624123,6.6154866035077955,6.790246033214779,6.169961545221398,4.765927586713179,3.238777349559321,2.7170082513116367,1.409406623730677,0.4808128719634336,0.2959200844307227,0.16054851587094926,90.35263233343844,0.1482210668740398,44.03740400084186,51.937572585594395,575.8694423910895,1.1040078838884433,1.6897076860321958,6.065825529479838,5.311762766438295,5.828136671643694,5.904451940676471,5.013486964963206,4.687061929731012,4.653982194364215,4.3183043107134145,3.491240367926025,1.4234684176399042,1.1979182156300867,0.568854346429751,0.3815554145779625,0.22226710752393308,0.0755408379359481
2021-11-24,0.0,0.0,0.0,5.996944113205526,6.113461775780155,5.267566709600738,5.196565451759691,6.489502532606593,7.14865342729388,7.4677564410351,7.038720031622993,6.900272491668291,6.635820400692813,6.822600476914406,6.167434626679152,4.899175482634014,3.6308140949427203,1.9984646883867232,1.194313932692781,0.8708246299320669,0.13756564193847204,0.12142944956873332,90.143883377372,0.16754674910543566,39.88084615757479,50.06805193249935,576.0315760500671,1.2600043902648612,1.6301607921399244,5.80865051854704,5.194035910908196,5.686911178006612,5.736371623183795,5.1864887011016085,4.7617374957048275,4.222506323814475,3.805145414418538,3.0226124066096425,1.4363038716435061,1.1588951649171684,0.5800841615569663,0.3914698673798681,0.1408329750284559,0.04584113727386069
2021-11-25,0.0,0.0,0.0,5.665575944305829,5.6532520746964385,4.856253795924676,4.727926669778869,5.995927361934305,6.609766696110232,6.918946531387703,6.521670881004328,6.403420573858766,6.127804119262096,6.32977859588676,5.69968566684137,4.451808103670264,3.1130379015416727,1.9865341402322527,1.013350361224541,0.5429155413735635,0.17372607544644697,0.20434951098646684,83.05369217612085,0.1264554997000608,33.942730058347934,53.63851806369036,593.0105714003674,1.7944272645214467,1.6809669164438663,5.974567513173398,5.218036135031679,5.700349126461712,5.736207987533479,5.293987865813099,4.89929276783525,4.677073895022834,4.605557250616429,3.517169138221405,1.9521390883277319,1.3296166815669044,0.5324313162668137,0.3912035709066049,0.2233206024421546,0.1121709435055486
2021-11-26,0.0,0.0,0.0,5.032382160321086,5.087427238341947,4.331981856835106,4.4377312466529135,5.364345021066221,5.934362588734463,6.216640598942425,5.862101839837356,5.769951389955128,5.518683178082675,5.706142365874932,5.122341270433032,4.073397705643804,2.4722935719014054,1.9661643411361542,0.874621812391976,0.7558715395949005,0.2877660860718792,0.08764219317500678,74.92047159587226,0.13477005423739644,40.08424777203423,65.31635127765954,629.4678580681633,2.719763375100548,1.991416266572892,7.096265454325956,6.306484544458012,6.8548413406504185,6.986564924034705,6.430193556768416,5.698463423934193,5.51344497743388,5.386067558343066,4.359726752843201,2.5265452281743177,1.5517216724864424,1.0689064084746023,0.5024178017269271,0.2216817937768386,0.10184619855511673
2021-11-27,0.0,0.0,0.0,4.777530556874815,4.978128895268308,4.280619058372073,4.085830305004821,5.071320548102164,5.766021364901185,6.068555924375777,5.731273648135185,5.603924072142443,5.3943034387492235,5.4992677066680224,4.978314141520641,3.821988748641283,2.124251021791401,1.6289668617260857,1.0413563910331007,0.4850258845501014,0.22167910054265746,0.04609090683970965,71.604448575239,0.13518007266387339,50.559739878041555,89.98261266341504,756.1614592888488,4.716659327314699,2.776927455640743,9.804122300370624,8.631657395337637,9.51943229041657,9.622967172345335,8.888587393289114,8.513356160046701,7.714584953524765,7.061152397398012,6.030178435742663,3.072615553900109,1.8437045286225606,1.0447096685482677,0.42118040568836673,0.2980409655870386,0.022736259641839306
2021-11-28,0.0,0.0,0.0,4.837571327440989,5.01366731194959,4.324862785974345,4.173755162717408,5.212205535369628,5.795646346508303,6.075132583418288,5.746390568636481,5.6613222478380285,5.4243701139740566,5.616302612149744,5.025423971575205,3.6534809087920035,2.7040693863227037,1.4498815803472347,0.6519387622388177,0.4455642932659634,0.2757707406698474,0.11560115935966356,72.22700159345763,0.10405717028477104,34.65129598821717,61.7824217197774,417.4659169160592,2.3994952422896265,2.219560560845257,7.418655764698053,6.504821989251431,6.963077991710209,7.338976634103556,5.43577524811224,5.53737456455492,5.366769433780277,5.3452146561234954,3.99156116875228,1.293556006812854,0.9623033100747331,0.508167170902823,0.3596145402774379,0.025401186745957233,0.11209625074224802
2021-11-29,0.0,0.0,0.0,6.864877660089151,6.883849296919238,5.946563425352209,6.133626666122788,7.371907982126172,8.127573440975947,8.448171298875552,7.949513104248992,7.82266364883501,7.454876142060128,7.650973119476797,7.005023155526075,5.517928265367603,3.8533546762615125,2.6432486482076585,1.3143581057238274,0.7293995034107661,0.47438722726270244,0.06766325295939855,102.32784736574634,0.12364343812463582,33.73157802872704,63.46513310497774,459.1038127266444,2.110873396328487,2.0821022955994852,7.2810541955904435,6.4175824809183375,7.004541666999261,7.121275049145205,6.159109026593658,5.852853490527189,5.079353128607063,5.188512247048956,4.484643609035463,2.035548360698653,1.1199471590109675,0.9847086546983093,0.2283359839294246,0.2036331183572074,0.11105924188963115
2021-11-30,0.0,0.0,0.0,7.29607976156572,7.152019514489793,6.1548003082691345,6.1734063620330115,7.618546152220519,8.341405349688584,8.708550652339483,8.183519635146212,8.06797767964009,7.748403241805234,7.993047692982819,7.22498515403515,5.658511750873517,3.6052854165202723,2.7889771694344296,1.1142696061313961,0.9439775468412464,0.36123569464237265,0.23859708220476217,105.44305500439218,0.27939571121215245,47.02596959226922,73.01436491340671,633.6230306071292,2.921732565413391,2.2705631265983923,7.956224074075259,7.09707166803285,7.7779006236891295,7.92086606817542,7.274347997440057,6.769539418812644,6.40413399813799,5.7773247777038925,4.973557613810015,2.2613680284319098,1.3270166419880096,1.3255866063086559,0.70436787267112,0.1552919412692929,0.09747189084868708
2021-12-01,0.0,0.0,0.0,7.236270485974311,7.263680626396905,6.255430701676337,6.393941018568265,7.772552828067865,8.522986271361935,8.888222902027929,8.349467079163086,8.196843976261741,7.874554670031906,8.103548837445084,7.320268689256373,5.647081647223007,4.080190301237991,3.209385470900463,1.648309710191988,0.9565070354402601,0.40763910357960054,0.1543771125216961,108.37197792847874,0.10867516710299907,44.77271255319587,69.99547063390412,623.1552195094092,3.6622062389108385,2.1818964444589493,7.560429693095883,6.7117054310586886,7.390486105441902,7.674966756782019,6.82507246678014,6.3475343066042225,5.891855882745329,5.469632313762812,4.630589474261496,2.468563374568509,1.4249457684373708,0.6446344156848985,0.7203716901839762,0.3317075612142258,0.05887270991286194
2021-12-02,0.0,0.0,0.0,6.562997798309294,6.442333377781793,5.5525465923143145,5.739876747431712,6.9193766015056575,7.594118017100301,7.903655888810405,7.435342190590911,7.296433549144057,6.984438321997415,7.216469465743204,6.520810922965054,4.8883383515619805,3.4504798566007984,2.4227503092363634,0.8485819580951119,0.8304937479283909,0.10312052421380007,0.09871808754476878,94.87513094502988,0.1370169680744664,45.537027408475275,63.843795842825166,628.2019545141558,1.9972562074252005,1.9749366420527428,6.98721886508944,6.18182735364878,6.725992812646564,7.011719630585924,6.425363641957776,5.780483370079359,5.1194187740101,5.164390275999474,4.387746580523739,2.5640138970565407,1.6421454531641326,1.223510093615396,0.5107783094706282,0.10571587394172999,0.0412780615576343
2021-12-03,0.0,0.0,0.0,5.8579340417355885,5.909521731710419,5.086239001724176,5.2056691702623565,6.35023970473172,6.951164656377306,7.251713716792808,6.823526754928062,6.6971399930132085,6.410354711901349,6.471522951857327,5.829725391922131,4.681562246401139,3.1428075282975754,2.345744927225638,1.484929491271847,0.8376532960505919,0.24317643675177264,0.23368211170852496,87.87803308199734,0.3242347514595011,50.90680618264,68.44425466959517,669.2256122961446,3.5747106332142757,2.105796902499404,7.451010024471808,6.5228411819929635,7.207937441888278,7.360419704736476,6.655108683964319,6.191632698605765,6.0746414626363885,5.204831537799549,4.560607360128528,2.0060542519218774,1.7568293785391462,0.6892987641146605,0.7333107314241224,0.2858704338159827,0.0633534778416243
2021-12-04,0.0,0.0,0.0,5.274531654256222,5.352405577638169,4.535606076566613,4.708757530745438,5.724595290908028,6.286920192972826,6.5724365431048355,6.130530567077044,6.036309475611994,5.812161984999684,5.951374112790523,5.125886094322456,3.8045438105413987,2.490459201262037,2.3056685923314943,1.1331465866738653,0.558017282917667,0.1688700640675116,0.11856732610198528,78.18614913979292,0.23879726053030986,54.05194027274675,92.65641187584177,809.8751892279005,5.694309422564317,2.7860710911694975,9.79162800858357,8.669005234808631,9.477471560020488,9.779525647915182,8.779880058267578,8.118604891530309,7.926881492068065,7.397820898719801,5.9171606564383215,3.885335604978236,1.6508563707438233,1.7190217158589383,0.7543785691889915,0.11654884847120221,0.19191180451482268
2021-12-05,0.0,0.0,0.0,5.539943661625316,5.524403616122471,4.760165780824907,4.815457638730291,5.890258975827094,6.4968610854630375,6.780941251579934,6.370248600844219,6.2227313790748555,6.000840847640498,6.137433401564081,5.538316203068433,3.905653963089423,2.446762064017988,1.8048299191188097,0.8770195112239595,0.7725467022338511,0.25193792155432865,0.042242089049031054,80.18913616924671,0.1384805033805603,33.75565743965795,47.102277026413134,418.49807569515,2.498967156802626,1.7462041175194383,5.928814905850923,5.094820312278265,5.279791177115994,5.353601063985383,4.717852245924795,4.1498257148467275,3.8599111934100323,3.46745190894258,2.535754052668218,1.2221173779650467,0.7546893073232253,0.24857980588305545,0.1788167025876598,0.04025961864791454,0.024820364661246576
2021-12-06,0.0,0.0,0.0,7.5798917809141635,7.5044730127336905,6.468026909941727,6.79156073908223,8.217687794225816,8.991913964587802,9.307994807056017,8.694274787135438,8.477994743050674,8.160379296506454,8.358014017048431,7.322389241758978,5.955486807499394,4.392662734065433,3.7766209510509134,1.8370036350852794,1.0476046847962797,0.423877858971474,0.1698600500605093,113.55896968315925,0.1632930494310745,34.91409326838337,49.3765534973064,520.956942540137,2.0502914616100107,1.6406862827632005,5.765132437396741,5.035298052783233,5.496726727956619,5.568962613105401,4.812847290110305,4.489894256056587,4.457007817731829,4.035189331671427,3.176025156707153,1.045681093903582,0.9163427838916433,0.490038567409373,0.21408113517255606,0.13227104437111162,0.05007744466562669
2021-12-07,0.0,0.0,0.0,7.474956703224657,7.460429298712084,6.436632327770144,6.782569301219381,8.257257699279315,9.018230800526664,9.30456924494523,8.673217800054378,8.432832296627897,8.120685608516158,8.310301386499752,7.488600044889099,6.041550941129567,4.397464671793295,3.2972142640413358,1.5313497575761004,0.7450151755575398,0.5225977546441306,0.19967254776427532,112.65559348752278,0.17681519159262593,36.28153649403297,56.34342325657961,585.4347241763924,2.986114702005833,1.794754690794095,6.288288270458426,5.547590940864446,6.082339318515065,6.226905832119897,5.514600993027632,5.011180314480738,4.289160845320881,4.339732040987838,3.79371166599647,1.8564293470753155,1.21610559386796,0.8821786948742212,0.2258278637570584,0.23619667554250412,0.05230546689122224
2021-12-08,0.0,0.0,0.0,8.061749597388499,7.862396019785262,6.770998854952479,7.202500100420633,8.825008918507564,9.642528812321972,9.913165839336067,9.201956876536883,8.923203725278734,8.576197653333846,8.77369776825258,7.819237411634229,5.9504358905211525,4.109161389742209,2.69637897022831,1.9790527015591883,1.2663008743855144,0.6816881924495715,0.3460456555597649,118.77451581912325,0.2180038111749531,41.45632531357226,56.994260142234964,655.9616930452277,3.0376405852011903,1.8491224592068705,6.42948513612596,5.576192803098622,6.105072385630451,6.256585912510997,5.609588192349568,5.213655631397917,4.960588571623497,4.376858125691005,3.440416162483851,1.6302017441913268,1.3564929029892974,0.5591705966461995,0.3585098276882522,0.1732348559610346,0.061444249438920136
2021-12-09,0.0,0.0,0.0,7.99571717809062,7.780662891186144,6.716599539878305,7.196659817274344,8.817585982071952,9.60278036445577,9.84925421830503,9.126491981529053,8.841839997602733,8.4932935615234,8.68263183326488,7.810598332953207,6.238171477495702,4.440380529487551,3.3221557780894804,2.301537737766309,0.9910879517835818,0.4851139487284764,0.19820638716757874,118.95197610979669,0.1267903759203331,45.20314602212861,66.89050243855695,803.5849190377627,3.675056488443962,2.1121997844703353,7.381978614276443,6.514052719403504,7.12529338907561,7.306332640371509,6.497118792500907,6.1324512607677715,5.662522118829572,4.853095615319049,4.378880472534412,2.3044809717201202,1.5258191934374077,0.8063968055348663,0.3161284857899739,0.2458829611492208,0.05281212493229646
2021-12-10,0.0,0.0,0.0,7.521520479197614,7.423633051800665,6.417783246282137,6.90622566517164,8.467340065305534,9.230844359667126,9.450108106241519,8.73981203561028,8.441332443658345,8.11514944202995,8.28722006855281,7.429804528703019,5.837730152471399,4.138467556877056,3.8442388245826,1.8558315939781125,1.3229528036406881,0.3202755455264184,0.14713236193067475,114.01091661750284,0.0984083835568059,48.29636310927621,65.66044178148861,759.0571453052635,2.850449432426221,2.0700400558679353,7.351564870766015,6.536358344953714,7.091402499204216,6.9626921653652625,6.551460890456708,5.9938751050905354,6.006928623868289,4.513512807644099,3.990419826910885,1.895705342726916,1.8737381204381105,1.1219029934605202,0.4524867423650578,0.315498712574948,0.08240524736917565
2021-12-11,0.0,0.0,0.0,7.3170894590609885,7.2516656709595315,6.250379887869105,6.7395005263208425,8.286498067626143,9.006758305717405,9.210157934538787,8.518166975856392,8.23420903253398,7.924815658571299,8.074459768963287,7.231770923847898,5.460229919028986,4.319214045071988,3.193459740556653,2.2115670832922363,0.6104366446491347,0.5152241614058513,0.17022014978536623,110.52849843504416,0.15202291508542665,51.395420405310304,85.62032624791627,1044.7411702628647,5.14380803331426,2.6672270584967688,9.357406538043215,8.229446599296907,8.890237510135645,9.134210008489443,8.178154827185907,7.836861265918283,7.2802362314670805,6.924908056896921,5.232176156221904,3.3122731998498836,2.0763157306447826,0.5687265494045055,0.529726526781834,0.17729804891902728,0.0813139068499132
2021-12-12,0.0,0.0,0.0,8.277299963891224,8.299415124264844,7.147459071488359,7.82727391450838,9.689699477043956,10.52741707834764,10.705540172874946,9.852427341137737,9.469660376350722,9.097885270288074,9.262224980621111,8.248500467431583,6.27058841351053,4.904668479261582,3.8857105890129136,2.370840381579652,0.9516680610162684,0.48216347705693485,0.31187460299784076,127.59682500605852,0.1843323391657124,41.06016604323463,50.09096606316876,708.8147514171333,3.2263510727413385,1.7580253172855353,5.902645117783341,5.0609484813318275,5.352220235487039,5.461078920859397,5.012473413816938,4.830039779979975,4.117761100487928,3.627218451436421,2.9323955525954895,1.6578032381140357,0.5493547709939034,0.3297229451383687,0.20698441330159745,0.04345306475839343,0.02249018705722195
2021-12-13,0.0,0.0,0.0,14.010256499374528,13.439568955198556,11.589170526566665,12.894239565740524,16.195017904748838,17.567263973959175,17.695083989995243,16.134043499310998,15.426602713393187,14.76744299034912,15.030087040015728,13.430730774515315,10.528549256088105,8.709087582434918,6.813172531491622,4.00029745144035,2.6373479070680332,1.3804922329115479,0.7330030510617085,213.23612838306337,0.17668649579505347,44.97862278439633,52.71390792427793,984.6529381520478,2.5359345702748772,1.7212259104738075,5.971906714301245,5.2456422776032,5.751080195195319,5.867885581906958,5.344215112347988,4.554419158238936,4.056917951523933,4.217089726230462,3.1023136258827635,1.8294179708074116,1.421172430626981,0.5476346110416125,0.37364871219409995,0.08891987371815163,0.08448350191017687
2021-12-14,0.0,0.0,0.0,17.259199487469697,16.688609553752663,14.395537113922025,16.24583930126924,20.520315725756213,22.189226469136393,22.229383058600803,20.18939182618141,19.23521196187008,18.37936049922483,18.708552050082677,16.693581454055405,13.314923442406345,10.749639432565509,8.83452209733107,5.772791779948472,3.379000620816443,1.8947945668918218,0.5174965483047262,267.7534648332566,0.18695045706439917,53.507602322955904,66.45447694787833,1221.5071176633614,3.652942614752923,2.0400565419397205,7.27799434440615,6.424792602612249,6.980386747638358,7.147264581150858,6.510842350900865,5.150157846815447,5.447771312533026,5.199073577882531,4.043909754631718,2.686316931208604,1.9852983704625016,0.8664135598154374,0.6228231970825648,0.28715463551120174,0.13127797853417122
2021-12-15,0.0,0.0,0.0,18.60038216083692,18.064144696651372,15.618383384567743,17.481080042974536,21.999828637278675,23.815416566145334,23.947808322271843,21.777191729589234,20.730972119156796,19.892824657895876,20.15957026247808,18.0063387412083,14.523308810961508,12.0089696857919,11.201142138475642,5.84873248875672,3.5026526635693447,1.34377090833094,0.4210800437306024,289.3013762168251,0.11819051319303904,59.61571313808802,71.02493750260365,1350.7153818159234,4.164333628924059,2.192196601845563,7.727557646412621,6.860246119591598,7.458664302513309,7.805198416619717,7.1663801001589995,6.804910304502933,5.77972428518112,5.365232572595072,4.219785312823788,2.0322288187059736,1.6369576650192759,0.9131864541417495,0.523947939405754,0.2915363020364718,0.08285103212564718
2021-12-16,0.0,0.0,0.0,17.608593450696105,16.864737840485063,14.574288012473204,16.33414521268507,20.570971722461124,22.287137047798264,22.390520777887566,20.339837204410077,19.354367292309973,18.578335786739295,18.816741908703797,16.799978923787478,13.553347931326153,11.165313681052274,9.972202926007117,6.947951230225946,3.9288603103804953,2.0471236821419416,1.0179052489380587,273.35319790837235,0.1320133937625329,67.90940492654133,75.2689809756035,1516.7237529651468,4.687321072084539,2.2619101043122964,7.930530775473609,7.054101132855165,7.727884434309819,7.891198533300856,7.2112040563706366,6.895940566670379,6.327419337468124,5.360710073681187,4.538891748959708,3.0820066858459345,1.8195624896970346,1.0506123969461225,0.8121856895337896,0.476963074498308,0.1405388035959919
2021-12-17,0.0,0.0,0.0,16.24157880041161,15.495127887847492,13.390767139860394,14.918588313110847,18.732489898062795,20.315162853826067,20.466057590491157,18.646509445338918,17.763755225645525,17.060016770602882,17.2767349840708,15.433988506846772,12.428154876188206,10.390324071827196,9.406029574517994,6.119249027409701,3.1104779625354286,1.5408038990832356,0.6637004413048984,249.53482388684805,0.15156560940517938,79.44435626799445,78.98822708228023,1536.9140361836505,5.0056000791912325,2.3512149672073828,8.297888607168456,7.238655888238346,8.062732516256736,8.260769433369257,7.551881469641439,7.101645613992361,6.436630669017869,6.118446099180813,5.0161010466330955,2.935251295500175,2.3305230477125756,1.1132996543831295,0.7830902559717391,0.23022257181302008,0.15427386700260537
2021-12-18,0.0,0.0,0.0,15.550794980039322,14.785689489878186,12.77416305008954,14.07580749820947,17.570342522622852,19.088146250356104,19.348489554158565,17.70540075952538,16.88761647136105,16.26401459058044,16.44228493317966,14.714596027239303,11.886791633877072,9.755780949211285,9.179818358513986,5.811141802847013,3.42888636019205,1.9991544152155956,0.4915629205625657,237.78990985816696,0.22685995116396157,87.72487200931675,95.17509053982131,1737.2177520687228,6.143024927106007,2.8725643747362177,10.072109865221817,8.951987667384126,9.773609412948948,9.807493706157082,9.345371753370962,8.803730601418753,8.268451287490382,7.509400833463437,5.20277867407242,3.7613206484205,2.393499488848443,1.0429106185161907,0.7865978066364084,0.27760743814482447,0.16263143588478984
2021-12-19,0.0,0.0,0.0,14.538645266513951,13.8838298609451,12.007755160038611,13.161509085048477,16.3267102370955,17.7376099355901,18.00667162066279,16.518108357329563,15.812899370162231,15.242111580651793,15.437754537963574,13.834735656190434,11.183856454963557,9.351204067080348,8.323899550487416,5.902989484998485,3.2920362966941137,1.7188721201461483,0.6212750103152637,222.94882548770988,0.2682378920735484,72.65701745178474,76.22977772985554,1461.3480743599325,5.003914048890737,2.428945516730308,8.39016944445166,7.374482864733599,8.070981019659108,8.41659282626485,7.789657826963121,7.2637653309487025,6.232754975882733,5.920368424687999,4.115861142496094,2.47859786231985,1.6959118644642353,0.522434343652511,0.32197104336731786,0.10245079326864695,0.1009184010740777
2021-12-20,0.0,0.0,0.0,20.54191058311289,19.529548740485247,16.891726333490688,18.628830790075927,23.1459016039451,25.141337529756395,25.47396101491039,23.32009350588881,22.30913271636317,21.45614574291798,21.770182112758864,19.504092733011618,15.747518272772096,13.014669641898344,12.404243012238009,8.537376199502516,5.880789174789881,3.1338502496737686,1.3692728242893624,317.997564089738,0.1718243594716114,81.68122037463935,91.86296596937825,1460.5677258393566,5.747710098733954,2.789025203539535,9.619724923478236,8.45788799368464,9.30388867278128,9.68364104070659,8.909293396703763,8.337750003354722,7.949273554953221,7.0243482115897455,5.0287116918226396,3.8768064118552132,2.373869977208588,1.4237444890783117,0.8351156806086415,0.3498628382743285,0.15231178100484355
2021-12-21,0.0,0.0,0.0,21.752308498456095,20.73993413470336,17.912916869801947,19.525172748753924,24.229605807031035,26.3565599696897,26.822759569070094,24.63922232918566,23.597700243870968,22.758867700096864,23.05570291127043,20.672456032093244,16.708507168992604,14.03971980058968,13.12348584367836,8.757808693641834,5.9413139802040265,3.5539590035348056,1.2680991593064534,335.7775860546251,0.12595181537964276,78.67718684743113,96.82657499916607,1585.2636683770488,6.350220806962327,2.9258221305794,10.162562685239232,8.96464521455927,9.80473230521311,10.13043411482519,9.165553794012375,8.794620541084967,8.624372493359461,7.362295706412089,5.557566625436878,3.6549954946447363,2.701680866019532,1.1893861146671318,0.5592003173640372,0.6269250255238541,0.25156076326247045
2021-12-22,0.0,0.0,0.0,21.367459270650812,20.375513428457314,17.593778016665535,18.985304884422934,23.447606037272717,25.582904183362118,26.124397654816548,24.064908151221037,23.099284962847108,22.343788865517325,22.60625946800907,20.30423796230658,16.435489357097584,13.776781095949193,12.917160683243116,8.95389733005119,6.252028831189108,3.3556322197892614,1.6990827233608607,329.48126317316206,0.24035733349682653,78.15484367000002,96.04946773323043,1384.7325742004575,6.1619874829412495,2.8632974797712327,10.031911173819294,8.86748934292421,9.679788438254757,9.889845176418149,9.280514525360323,8.722574654726898,8.602442402432564,7.444937046502654,5.4898890865920675,3.8904103780079597,2.2577292356787053,1.2811992037436561,0.9343905637843344,0.4970274812196927,0.15403406105268985
2021-12-23,0.0,0.0,0.0,21.156484024789915,20.189176175894055,17.430236294341743,18.65925556895952,22.974084785436943,25.11316648193105,25.716821902452587,23.715786848759524,22.76613637438633,22.129514121476845,22.29889166730808,20.063037289646598,16.258638634402352,13.67400485488068,12.772019812679035,8.985502345695176,5.988866010457683,3.2807814572351446,1.7337891624781154,325.1031015360247,0.30275631791700996,66.93105884215494,78.95366114008385,943.8326606148094,5.357227757267653,2.474050455342634,8.504011826338022,7.440255845480018,8.16414367488894,8.509696441635821,7.845409366561721,6.763360210045328,6.471953773299507,5.468515062187942,4.230455733347221,2.576868198870831,2.485834122014955,1.3451469805588363,0.8309068795460314,0.243269793342066,0.2425550193563383
2021-12-24,0.0,0.0,0.0,17.17835091130149,16.437247441390443,14.216922389867078,15.123280682129115,18.515602382238303,20.23969688081949,20.785898477895124,19.21460012502335,18.486680612772844,18.008729309688217,18.136886077734328,16.340504516257205,13.260886602743593,11.146750039665207,10.547914743142595,7.218149462734873,5.023007334089556,2.8961993862614004,1.1372287387469102,263.97521939447216,0.21329807728969757,30.4756007267812,34.29496448719614,366.5355657216434,2.531930858205092,1.2297628562241578,4.223573118041861,3.5473900993423286,3.826591289931507,4.0259146695334005,3.669130489156681,3.155539277323577,2.594252091707149,2.523134746475326,1.3351171252102996,0.7379575971325802,0.46564269987772766,0.18575402567775293,0.1941404771481362,0.01706046620843871,0.03207260000012076
2021-12-25,0.0,0.0,0.0,7.939463903520741,8.468283036503284,7.321690316664131,7.718533761808515,9.399470982929428,10.299291345961507,10.609013934189294,9.82875328931398,9.489644776115448,9.266517175248822,9.322325386725849,8.390413868392626,6.8411002728200145,5.610603551669731,5.2825964253005235,3.4386515149258385,2.279753160549261,0.9042948673287445,0.4367738029936869,132.84723895383627,0.16298232993508127,2.192911564723307,2.6995899738569444,18.133123958414977,0.16318350227125838,0.11931192495714857,0.48767201671933597,0.41725356782774425,0.3456265932329509,0.41618605318375573,0.2951096624671232,0.26929811302872525,0.07834869599883021,0.023992886761792273,0.05312469449865168,0.03006727752241106,0.00041498538721668416,0.0,0.0,0.0,0.0
2021-12-26,0.0,0.0,0.0,13.809840349461806,13.169161532173874,11.358595825612346,12.08775214002035,14.833192733419095,16.23847757165992,16.660849708106714,15.365324318445914,14.769386351581632,14.439532136935334,14.478605368397368,13.046788362039157,10.595214602821212,8.910293889701661,8.25611533549909,5.763747424605304,3.7070186469203796,2.173551563901339,1.2244983195738572,210.90890971449534,0.2001087660674741,7.343179756692988,6.641651467052821,64.58753826058181,0.517198775676948,0.32105647872848486,1.1451467216619238,0.9057061380463449,0.9034402040206402,0.8921038736626274,0.6433713121254716,0.6166507102466849,0.2790941906652603,0.23367131096923194,0.09786947955212923,0.03712572723290708,0.002531544265825632,0.04347046280834656,0.002867999183396514,0.0,0.0003465382065972296
2021-12-27,0.0,0.0,0.0,21.077002326278976,20.16350000288423,17.427485174773473,18.438691770067337,22.525014998762824,24.663556338114862,25.35940497420028,23.444992585353802,22.5867255004349,22.081868910958246,22.161576132329234,19.987265986762125,16.24283513842552,13.660328609400253,12.702988334567273,9.046578146009917,6.682149842375267,3.5424911390478426,2.070728279688186,323.8916029998219,0.20515011569250688,43.23575047359006,48.6937118300734,501.3570261667438,3.7221553276336103,1.712941006847286,6.030435210386019,5.163545695065213,5.687533703347755,5.694913416902242,4.921163960704924,3.7472064024096414,4.158037455154233,3.0779880284107515,2.402714569139141,0.8256718515724826,1.2665205236832304,0.22459777235542377,0.05469727874326953,0.0009262145136570511,0.002663413204513468
2021-12-28,0.0,0.0,0.0,21.089839003839682,20.14745236824057,17.41934130651828,18.394239793417036,22.453352538201095,24.592295305891895,25.276017449854088,23.360987109118604,22.528179169657943,22.051593874039533,22.153491211395494,19.995394620457724,16.251948089261216,13.671426654936825,12.950086058049623,9.092702279107527,6.9111770372250705,3.779272700412896,2.4877922714464624,324.6888762783709,0.2920822960251126,49.21773510619525,62.869330354246024,507.4976762786678,4.741572426365194,2.1814400843494997,7.514449499957735,6.276594181743513,7.0523461896539805,6.953149030496763,6.909388297793942,6.005143637458752,4.833568078741905,4.286425225273938,2.7507017396644238,1.5910516523607026,1.150920752776375,0.4091582857732377,0.12605339888474937,0.06900045061921051,0.01836742233209796
2021-12-29,0.0,0.0,0.0,26.926913318038494,25.69506942552355,22.229477282084318,23.556578697073267,28.797185905230396,31.54695352939546,32.34749056911236,29.85555130324827,28.79248672568501,28.145389470105567,28.314605476105335,25.541263350651683,20.75930805670686,17.477234922161287,16.54968155187024,11.537888665283345,9.02918314569939,5.41961622963768,2.7036227820353695,415.7433460294987,0.1979945039278874,71.38455505391143,91.72627540516011,742.8755695480137,6.527793659051644,3.012414751895783,10.160851502110866,8.86461256744251,9.745350584022736,10.141134487056767,9.328147870750946,8.619721378460795,7.836820247672434,6.094920777648107,4.1803489759418,3.102867289862816,2.255803418402823,1.3449360818857934,0.20532164775241937,0.25003263329624137,0.05519753190561271
2021-12-30,0.0,0.0,0.0,22.407302546669378,21.38102140185579,18.49990456932994,19.557829371609856,23.828729275170154,26.069606840057393,26.81566840631005,24.80241814038038,23.91790262878354,23.421378180821687,23.52507382891055,21.24303557184794,17.263092567643827,14.537140888005018,13.795562306218628,9.701052444181599,7.5334239216374685,4.548101419227806,2.5888831561451644,345.7313072255901,0.30038977213312706,63.63667592521759,89.65628166724099,604.9916729288718,6.699813518681134,3.0866036370838748,10.18469840607997,8.768522760017866,9.7692130345118,10.299901276077781,9.415700736710965,7.6612292425887745,7.398456962334919,5.925721049670131,4.55236616641428,2.28240238666426,2.2468276181377327,0.5751749520197005,0.4634305917008211,0.20694120083891882,0.11927812770807134
2021-12-31,0.0,0.0,0.0,17.024435953572173,16.275516982435818,14.066128182617758,14.841138067900948,18.117795126589424,19.839670528714677,20.412222234503904,18.883141604169143,18.225855644942957,17.817113622508618,17.923174904278184,16.176166194290357,13.145113405765281,11.0753295004679,10.50780177359093,7.122201107448386,5.640980760411205,3.2773654015165925,1.8575632510969453,262.24738984387807,0.23542716355439225,32.16628054888788,43.90309122830621,294.05421099352344,3.6223295419762613,1.6702735114055378,5.599206770717888,4.7805868682633825,5.128574742345826,4.98559265719673,4.107617175328087,3.715355631538725,3.5451780940277953,2.561348645186617,1.9437651536804783,0.8339541533541759,0.7047117669813362,0.27512884359701784,0.24111884111596887,0.1496612425715161,0.03868758901886677
2022-01-01,0.0,0.0,0.0,11.132436410180503,10.656929313565783,9.197486564169418,9.584332401305849,11.646138449154718,12.80102588319947,13.25370543187038,12.306437926353073,11.870588162699455,11.668533868500576,11.663361778406195,10.535520740001669,8.569053287013848,7.218464374717209,6.655427116318131,4.714950223065568,3.4343952743927684,1.9514213296014387,0.8057284032268227,169.67929006460085,0.39160778520796774,6.687600927630339,9.474547226149406,53.92359666558692,0.972364240913821,0.4121162848433699,1.3025101207393823,1.0521012371829679,1.290951399815233,1.0915836052466723,0.8625451449908879,0.6612345861964976,0.6485643615347157,0.5858171026994151,0.3920624820854373,0.09084788658511642,0.057347308773696266,0.04150117133508098,0.01217818004229087,0.0,0.0008221131648210677
2022-01-02,0.0,0.0,0.0,16.814151503596438,16.013418973155986,13.830925187618556,14.617970931991522,17.858301594387207,19.588575205693143,20.152448940030723,18.607402470579075,17.886257264300653,17.565152111523865,17.538468415152224,15.815822026563337,12.85138171866934,10.802302168845381,10.192755115464116,7.157276987663493,5.390591452458921,3.0033383937675575,1.6727627062507926,257.3748038029504,0.2726769127417654,22.063774718504405,29.43455074227353,196.23713993924494,2.812236779167459,1.3027230924264246,4.312646908864689,3.7079947142302103,3.709419121851482,3.516031919316995,2.7634595910239796,2.4450274147607813,1.9993875126058447,1.4165665158352756,0.7101077576722068,0.29012068046972905,0.12166649324847767,0.3181524208126375,0.0024790741149212456,0.0017014116306125796,0.00482933424180242
2022-01-03,0.0,0.0,0.0,21.189737689098905,20.18316150876206,17.439156159169105,18.446620242287494,22.521621526510433,24.69099466105743,25.389397260313775,23.44490490363568,22.547614206207417,22.128822320353866,22.122955836884387,19.962282145827036,16.23642788802851,13.664002752611053,12.811079612785775,8.963999533540287,6.7959895468932014,4.151304011787494,2.0555769104685444,324.81570722661036,0.25709715725278626,35.72239443785649,53.14617324893859,242.05786713768737,4.487183903198671,2.0757341273933507,6.568673701178638,5.758514023279863,6.0848166651723234,6.363573884998666,5.552909966090647,4.647284975817735,4.381495274323476,3.489400224871524,2.1001249220632747,0.9195254407248563,0.4117749231703854,0.08430107505638962,0.1671593889120903,0.04235137685388604,0.011349375832810874
2022-01-04,0.0,0.0,0.0,25.171115388289426,23.994357477486133,20.75403129007162,22.01171470160003,26.902015317300513,29.435482499087755,30.230392808866146,27.912103977079024,26.885584574991128,26.300251149933537,26.401829074417996,23.820587860349402,19.371765857661664,16.316166444358814,15.447518286474489,10.87135011318582,8.21577134957112,4.858336797008648,2.733101109801258,388.3459677092816,0.23332890748654217,52.78713106431386,79.62108673832395,428.09839530684616,5.997378870204935,2.771123153086352,9.2801410510858,7.983407860591073,8.897840072125113,9.23247466628788,8.593597161642162,7.327623111160244,6.2275294437438395,5.615070065265323,3.152424339000853,2.251889930304136,1.4797157411265454,0.48802298401572175,0.22476205041536768,0.07871213740737265,0.019374100861223556
2022-01-05,0.0,0.0,0.0,19.845807933705473,18.854316259833553,16.309987262850548,17.417032418048358,21.317557261568876,23.32234613404787,23.900324033755954,22.007214646418703,21.104316683458503,20.70733232686728,20.67615341691082,18.639864624477767,15.155600863524821,12.71609726875298,11.995799726372585,8.448994185894524,6.282951598663969,3.502157104646364,1.762152711309447,304.4859052147524,0.3843135584283736,45.09621450433799,63.08507309182584,400.45410850614263,4.551279377699558,2.10298950853415,7.239022567435029,6.372742952398233,6.901666921694607,7.012151828361485,6.371029658044756,6.02044930153574,5.321369519314465,4.458007261363992,2.657783450104909,2.0230579383179226,1.2653554629092658,0.33221647341909744,0.27037362469581583,0.10345452863326579,0.0821227173635551
2022-01-06,0.0,0.0,0.0,17.298290338024618,16.389940926394353,14.17643756874092,15.10407957344191,18.496023347473578,20.265926766734758,20.779865048052912,19.103878651974483,18.266512908398703,18.03073824255416,17.864040160563764,16.10018372401688,13.099206543306307,10.9904492936523,10.215126341926355,7.257543455187727,5.322288495211598,3.1420879865336895,1.480276588507485,263.6289553441197,0.35664755301303874,41.706679481610074,56.30017209038817,374.5517157364797,4.2481988579162815,1.951873696583362,6.604865321890279,5.827174103693355,6.396221146376412,6.499960278685705,6.11688163582232,4.927475400276884,4.607722769247521,3.6138808662560655,2.404295981781284,1.3666261879140227,1.1095896466453559,0.40162899327235607,0.10174428649769365,0.09206812864260755,0.029964788886666153
2022-01-07,0.0,0.0,0.0,12.125383112514447,11.511054593027392,9.970424595355661,10.66325498192825,13.027867540919503,14.256979198439916,14.612384470017806,13.441963060298484,12.8743292512384,12.656279735142471,12.601524319570341,11.359946459295168,9.24130056646397,7.694521996059653,6.989066942045124,4.878814233907191,3.8368630250022986,2.21824432697674,1.1141381046769823,185.24041215753616,0.41708230039304306,43.162728471607615,64.8475010523046,375.2974482633621,4.815915656227766,2.2128711699641292,7.599413295304032,6.7456108964203025,7.422745707268453,7.76765927585265,6.923986116032877,6.2438870907312785,4.9598520722827955,4.39079291356624,2.259345962670639,1.080692356199343,1.2631759936423825,0.5737750840446268,0.3320974016678303,0.1313779254486463,0.12430213498059446
2022-01-08,0.0,0.0,0.0,9.881471437072303,9.395643727263586,8.12720161057989,8.646178816828549,10.555871302348665,11.561142133726475,11.890788705491117,10.972911700246746,10.512526109552438,10.322430669892052,10.281778611239586,9.268467643361411,7.533205733818109,6.158979882177839,5.790535643315321,4.084206239045249,2.7430305520939524,1.507145905055394,0.843538140056797,150.1876491146595,0.36207021486509605,57.729139340498726,95.56962093060862,455.66779012532174,7.079017605817268,3.2645201280625833,11.039480757398582,9.697250878356092,10.583717744485062,11.038205844737133,9.526309854401292,8.789456871646877,7.378164805772327,6.556477098739716,4.611229468338633,2.4110779117419545,1.7522984507890513,0.7141019712950867,0.7239480399246674,0.3131405956594747,0.09122290344281075
2022-01-09,0.0,0.0,0.0,10.344187860709253,9.84323744982083,8.52366672032775,9.113746572825738,11.077657542130964,12.11276404354632,12.46417793559937,11.511193286025946,11.027674357494897,10.807550797349792,10.795017277243746,9.734718589112465,7.917612113502807,6.456559922001519,6.092491964527043,3.944777260913909,2.89879765594335,1.3924039154922954,0.7639877733468632,156.89630560970937,0.42294624714309126,31.31573751527704,47.23524732704454,214.97454855744795,4.044724846255904,1.8653039992586602,6.25793676564173,5.137052614966247,5.93197779261755,5.680774177917839,5.082332393880925,3.8606987428469326,4.211181682117427,2.364030707940851,1.59370000431307,0.6423876042573154,0.3689140711240835,0.1106794006436628,0.027958834329738988,0.021843898553093946,0.033749790379507795
2022-01-10,0.0,0.0,0.0,13.653950824794764,12.981148193363254,11.232885696599455,11.999511257618481,14.665218346655104,16.051153415857094,16.465691552609883,15.165907560339392,14.530989886131358,14.261498104790249,14.223390276600469,12.817239222965132,10.421951982226144,8.765137218210638,8.14820099952405,5.6205404955594656,4.126216039681825,2.4338565728561723,1.4128435541799282,209.31914203345937,0.5450145129101598,32.67765476079746,46.518683548396254,246.81832618061196,3.73875680615585,1.7151695722756117,5.748487742835462,4.929399044896261,5.330701755851332,5.500658731967585,4.534274838503857,4.203824427127485,3.953876449831323,2.6401777620408233,1.8137659428605253,1.2424300768383107,0.5188516450135499,0.38256896091541465,0.20446050969773366,0.04727244558968764,0.014006835995438834
2022-01-11,0.0,0.0,0.0,12.082594168606878,11.479788655674835,9.92033972434557,10.59099826979114,12.93214199874416,14.165517000549483,14.546456316075586,13.410729250337438,12.845609279987183,12.613669105741737,12.566689007300049,11.308590296192572,9.193486705797621,7.659524984765067,7.063620492475522,4.898020721307187,3.4591756205719264,1.9358753959112325,1.0484277269081146,183.81881104993852,0.4183192971824602,32.517002062546034,53.26300084799637,233.39299031213133,4.248231305755827,1.9459369939412625,6.603316019933156,5.368811821616293,6.253652533959526,5.723360078397963,5.662870117288465,4.609321949635407,3.8100487295867147,3.305442825063335,1.5764372601863956,1.7763458429861245,1.4355509477339077,0.5003663545465906,0.20752291679347185,0.1877885690408106,0.04799658153111598
2022-01-12,0.0,0.0,0.0,10.98951247487276,10.45075570186427,9.035867051590925,9.56643381835132,11.713828752104806,12.836341780709368,13.200220593884591,12.176889012446921,11.677588515287368,11.479642115628138,11.430609473098409,10.30271790143363,8.36556016313415,6.874289991996769,6.421225364296974,4.365864123476198,3.0390023849143,1.632583817395492,1.046725352855388,166.7812727268784,0.25396289796583044,33.83992985297683,55.92103347616424,205.31560613206364,4.392179699500849,1.9189910021146948,6.864847430412608,5.758745764043774,6.443694317572802,6.594607643139064,6.021805949506981,5.37331740604963,4.398988852345647,3.0270755099412456,2.4431564455235084,1.3469769556305426,0.5847930527650784,0.5492168558348929,0.08875833601096737,0.03257706047056136,0.08130119530138866
2022-01-13,0.0,0.0,0.0,10.296802401955073,9.790095417466318,8.46730612781303,8.943382694669282,10.916714975096584,11.973984750518662,12.325400239363354,11.377286512302618,10.91451479493963,10.750142659185048,10.691423989947591,9.648557852820051,7.849865941373734,6.472880799275207,6.061694664983584,3.7102337450526943,2.804893982823632,1.5098750072872362,0.7809036057864792,155.414468883378,0.5098532648423478,35.197664815042124,65.64144224191324,191.8452091608561,5.42511248701594,2.514127478293486,8.006668770021657,7.038726801725541,7.748406836586409,7.374078506462992,6.483251733778469,6.093763628133612,5.1009947668028754,3.7666145767001167,2.5300340805663635,1.7758969962870503,0.6743924586827432,0.22192455368000155,0.661431351071214,0.07066301559456618,0.15535420051020576
2022-01-14,0.0,0.0,0.0,9.314922826605128,8.899502673746088,7.6798509703052265,8.119766920229432,9.853562028264466,10.810687714865164,11.150503480555507,10.33068957538685,9.950909669051468,9.750003993864553,9.758025469398508,8.748368800950324,7.0710488558992886,5.868571604316988,5.23293328371628,3.747616168639063,2.740138382131859,1.6129248563460652,0.9212024359977017,141.62207725060762,0.3571881741161561,38.31960364797962,63.38337491575313,204.62196270106972,5.217159791563395,2.280056162693978,7.5538311209317675,7.102450905714973,7.472761197203576,7.566772158793395,6.3148741747571755,5.865195617717471,5.23147152140305,4.022360535486853,2.2462755991811942,1.0689712503564535,0.7211853270266999,0.4531997672596354,0.16957004992235658,0.07171125353445779,0.025528482206697654
2022-01-15,0.0,0.0,0.0,8.828455913862038,8.47020211850123,7.309942072098411,7.569763936903461,9.235716640346455,10.132801313743403,10.512415463304887,9.777568991955468,9.434878474463122,9.263562869796743,9.255242442434088,8.26559384884039,6.790191974808167,5.595378699344642,5.185995591603843,3.3825465637005876,2.211087726558789,1.148444662202643,0.4777548570231037,133.09557612813126,0.35693984828701664,51.3922076859547,98.3647429071764,234.88426827420585,7.64795082821131,3.5302093074658565,12.04380257763893,10.384016334022528,11.34256756327478,11.65343422871945,10.86552396382658,9.572235378173842,8.038983414475016,5.144547289713283,3.8184506836656302,1.9143600656593938,1.2650317258796522,0.7364080228649741,0.1488193415830523,0.1887902278490065,0.06961195415312624
2022-01-16,0.0,0.0,0.0,10.75347391613357,10.32098003921328,8.911243893278828,9.143871908230166,11.221205248430953,12.323497199778766,12.79020511998365,11.88944170619405,11.485593200083517,11.286154351458038,11.287118539405757,10.199575381510208,8.08395301672345,6.934606581580821,6.061059736719322,3.745200157257782,2.6192433313193404,1.3953278710901162,0.6900476262378489,161.3199860222474,0.5023764456251101,26.110617505822685,53.903424197101494,105.36700914580743,5.076833314927809,2.337019452165629,7.12011226493885,5.824781511011414,6.893282101226726,6.037127311322811,5.335915757289435,4.939131097109296,4.467074871350623,3.031088582811928,1.637469520266566,0.690537632905136,0.30923566130095087,0.05879813330212347,0.09564523359289445,0.049371751579303,0.0
2022-01-17,0.0,0.0,0.0,14.376417109842578,13.809471048132206,11.896434172023104,12.396856541124292,15.041278786140198,16.537021088671917,17.16752226932717,15.968952858187643,15.424086975176099,15.097787445826448,15.140975252968838,13.66527959395112,11.117949561342371,9.106919497882794,8.657297484949178,5.873851579801485,4.437701508788915,2.3055416836814313,1.1640517580105507,219.60155598247002,0.33606619327705933,30.234688689113398,53.83872962112141,127.8999706402232,4.455026095136001,2.035508896333231,6.919216054948938,5.869143309082661,6.405856000683758,6.540921245956359,5.494427034459153,4.093991530748993,4.608325190335745,2.5201582207946878,2.3765444709724552,1.788073664375935,0.36148063378033196,0.1845092304577743,0.042710158237100546,0.030388661331663798,0.11244922348663217
2022-01-18,0.0,0.0,0.0,12.993619585120644,12.483556912596125,10.768156015983006,11.215658504271154,13.583740895527685,14.912124587853404,15.47296253488728,14.395158951273157,13.909312237964926,13.64701748575899,13.6653470660192,12.309511746723489,10.0378319242484,8.166909164629,7.854700499077391,4.994864591259946,3.227194285419107,2.04578417919723,1.1655607015238048,197.01649185847577,0.34523948665508103,30.28438322399702,50.973551831478616,126.87849586498584,4.407455458970168,1.9414604921847283,6.646645794536302,5.656316341530294,5.932207301566529,5.918875389499744,5.0434811684109375,4.348277881821854,4.204952046977539,3.028959302446265,1.5548665558898225,0.9240618277880218,0.8451691181316572,0.26520744313714617,0.16852317482694895,0.047897194572937646,0.039195339187715277
2022-01-19,0.0,0.0,0.0,12.423431735394974,11.939334051902176,10.271668253807537,10.717097339297968,12.969459945920388,14.243857294909132,14.782742131526497,13.749255240445065,13.295646818924258,13.048080149414288,13.064514740660256,11.806995508485567,9.302250029251454,7.927108424485685,7.458792565626219,4.970678039877303,2.6793927072443915,1.9227264243860902,0.7280719004038048,187.55816490741606,0.29191879817653177,28.232011228087003,48.67118012961942,113.8884888167046,4.300964999523143,1.9925218260338948,6.2498813504678274,5.042138268281746,5.647578623949428,5.424169680133692,5.0399958435142445,4.574452532317996,3.588334351513302,2.703884689076701,2.119791306781401,0.5758582575920377,0.7093469839393483,0.24759351243617542,0.31714092400642074,0.11129915588860956,0.026227824163453647
2022-01-20,0.0,0.0,0.0,11.252627163960076,10.83702508359605,9.348115253019781,9.679772951984013,11.702389059021048,12.856847389674785,13.37650720661335,12.485086812155442,12.086230543653562,11.829693340009674,11.875816760621927,10.731367311675484,8.709908920548585,7.190215800429554,6.661947231623554,4.513758187350945,2.6405588562647817,1.5282135055698687,0.7629289236602206,170.4674984110324,0.22944747036835045,28.75797883128314,50.763423426442245,111.78466841398651,4.190056099197051,1.9203817144724253,6.402916537797538,5.296877013634841,6.126661891108389,6.1973252680911255,5.208804232856935,4.04518441598281,4.813690747806837,2.5140206397024873,1.9290478157378501,0.9224102352871092,0.7196241527418055,0.2934919716026384,0.10085461628829537,0.07301863124360676,0.009057442890498918
2022-01-21,0.0,0.0,0.0,0.0,0.0,0.0,0.0,0.0,0.0,0.0,0.0,0.0,0.0,0.0,0.0,0.0,0.0,0.0,0.0,0.0,0.0,0.0,157.63226990889345,0.2369093543133957,35.11535945520349,72.80883289608995,141.96277165723856,5.813523670696425,2.672376763779697,8.977892390014338,7.304895388020795,8.275530138347124,8.667160785350454,7.993011968889906,6.946451725468557,5.566146563515456,4.244620928809756,3.3681017590391473,1.2766201329125522,0.9677450107158673,0.3479990317151671,0.2393398057186148,0.12398168178959484,0.02343515130649755
2022-01-22,0.0,0.0,0.0,0.0,0.0,0.0,0.0,0.0,0.0,0.0,0.0,0.0,0.0,0.0,0.0,0.0,0.0,0.0,0.0,0.0,0.0,0.0,142.91737514480812,0.16332335510192514,41.09887531568792,90.67166865008282,167.18835555558636,7.307175260431492,3.37369061511881,11.279912783113293,9.41407337702303,10.64718835999513,10.62655117084778,9.862503207515779,7.771920757442201,7.420176205007721,5.661556020941516,2.9300771626097606,2.140796645451638,1.2685303730296729,0.32911314991568613,0.5343758430779083,0.09661721905782787,0.007410499503573947
2022-01-23,0.0,0.0,0.0,0.0,0.0,0.0,0.0,0.0,0.0,0.0,0.0,0.0,0.0,0.0,0.0,0.0,0.0,0.0,0.0,0.0,0.0,0.0,169.29846485342844,0.08530543458671133,16.73705861833903,44.70882297158682,74.19162648974925,4.64460927583198,2.0088334417291844,6.565351776684501,5.236913515521638,5.48732308704958,5.26883794943677,5.300944918300069,3.0752789034225394,2.9372900952311713,1.8270828240423524,1.1297011521453577,0.4887501926547347,0.4092659094458332,0.22914851982604317,0.08644482271435469,0.013046587550705724,0.0
2022-01-24,0.0,0.0,0.0,0.0,0.0,0.0,0.0,0.0,0.0,0.0,0.0,0.0,0.0,0.0,0.0,0.0,0.0,0.0,0.0,0.0,0.0,0.0,114.71805613838134,0.0488291532224487,24.058953420523835,55.61966719623604,108.41018877913909,5.094278408931101,2.227518979519268,7.623572217031719,6.222784141172431,6.748176300632337,7.01530910834716,5.751162641634243,4.661775686283366,3.6167230251716815,3.142293407464072,1.406598056553923,1.056822383072259,0.700918576609133,0.23024459947658543,0.07041020340158437,0.05107946093517289,0.0
2022-01-25,0.0,0.0,0.0,0.0,0.0,0.0,0.0,0.0,0.0,0.0,0.0,0.0,0.0,0.0,0.0,0.0,0.0,0.0,0.0,0.0,0.0,0.0,0.0,0.0,0.0,0.0,0.0,0.0,0.0,0.0,0.0,0.0,0.0,0.0,0.0,0.0,0.0,0.0,0.0,0.0,0.0,0.0,0.0,0.0
2022-01-26,0.0,0.0,0.0,0.0,0.0,0.0,0.0,0.0,0.0,0.0,0.0,0.0,0.0,0.0,0.0,0.0,0.0,0.0,0.0,0.0,0.0,0.0,0.0,0.0,0.0,0.0,0.0,0.0,0.0,0.0,0.0,0.0,0.0,0.0,0.0,0.0,0.0,0.0,0.0,0.0,0.0,0.0,0.0,0.0
2022-01-27,0.0,0.0,0.0,0.0,0.0,0.0,0.0,0.0,0.0,0.0,0.0,0.0,0.0,0.0,0.0,0.0,0.0,0.0,0.0,0.0,0.0,0.0,0.0,0.0,0.0,0.0,0.0,0.0,0.0,0.0,0.0,0.0,0.0,0.0,0.0,0.0,0.0,0.0,0.0,0.0,0.0,0.0,0.0,0.0
2022-01-28,0.0,0.0,0.0,0.0,0.0,0.0,0.0,0.0,0.0,0.0,0.0,0.0,0.0,0.0,0.0,0.0,0.0,0.0,0.0,0.0,0.0,0.0,0.0,0.0,0.0,0.0,0.0,0.0,0.0,0.0,0.0,0.0,0.0,0.0,0.0,0.0,0.0,0.0,0.0,0.0,0.0,0.0,0.0,0.0
2022-01-29,0.0,0.0,0.0,0.0,0.0,0.0,0.0,0.0,0.0,0.0,0.0,0.0,0.0,0.0,0.0,0.0,0.0,0.0,0.0,0.0,0.0,0.0,0.0,0.0,0.0,0.0,0.0,0.0,0.0,0.0,0.0,0.0,0.0,0.0,0.0,0.0,0.0,0.0,0.0,0.0,0.0,0.0,0.0,0.0
2022-01-30,0.0,0.0,0.0,0.0,0.0,0.0,0.0,0.0,0.0,0.0,0.0,0.0,0.0,0.0,0.0,0.0,0.0,0.0,0.0,0.0,0.0,0.0,0.0,0.0,0.0,0.0,0.0,0.0,0.0,0.0,0.0,0.0,0.0,0.0,0.0,0.0,0.0,0.0,0.0,0.0,0.0,0.0,0.0,0.0
2022-01-31,0.0,0.0,0.0,0.0,0.0,0.0,0.0,0.0,0.0,0.0,0.0,0.0,0.0,0.0,0.0,0.0,0.0,0.0,0.0,0.0,0.0,0.0,0.0,0.0,0.0,0.0,0.0,0.0,0.0,0.0,0.0,0.0,0.0,0.0,0.0,0.0,0.0,0.0,0.0,0.0,0.0,0.0,0.0,0.0
2022-02-01,0.0,0.0,0.0,0.0,0.0,0.0,0.0,0.0,0.0,0.0,0.0,0.0,0.0,0.0,0.0,0.0,0.0,0.0,0.0,0.0,0.0,0.0,0.0,0.0,0.0,0.0,0.0,0.0,0.0,0.0,0.0,0.0,0.0,0.0,0.0,0.0,0.0,0.0,0.0,0.0,0.0,0.0,0.0,0.0
2022-02-02,0.0,0.0,0.0,0.0,0.0,0.0,0.0,0.0,0.0,0.0,0.0,0.0,0.0,0.0,0.0,0.0,0.0,0.0,0.0,0.0,0.0,0.0,0.0,0.0,0.0,0.0,0.0,0.0,0.0,0.0,0.0,0.0,0.0,0.0,0.0,0.0,0.0,0.0,0.0,0.0,0.0,0.0,0.0,0.0
2022-02-03,0.0,0.0,0.0,0.0,0.0,0.0,0.0,0.0,0.0,0.0,0.0,0.0,0.0,0.0,0.0,0.0,0.0,0.0,0.0,0.0,0.0,0.0,0.0,0.0,0.0,0.0,0.0,0.0,0.0,0.0,0.0,0.0,0.0,0.0,0.0,0.0,0.0,0.0,0.0,0.0,0.0,0.0,0.0,0.0
2022-02-04,0.0,0.0,0.0,0.0,0.0,0.0,0.0,0.0,0.0,0.0,0.0,0.0,0.0,0.0,0.0,0.0,0.0,0.0,0.0,0.0,0.0,0.0,0.0,0.0,0.0,0.0,0.0,0.0,0.0,0.0,0.0,0.0,0.0,0.0,0.0,0.0,0.0,0.0,0.0,0.0,0.0,0.0,0.0,0.0
2022-02-05,0.0,0.0,0.0,0.0,0.0,0.0,0.0,0.0,0.0,0.0,0.0,0.0,0.0,0.0,0.0,0.0,0.0,0.0,0.0,0.0,0.0,0.0,0.0,0.0,0.0,0.0,0.0,0.0,0.0,0.0,0.0,0.0,0.0,0.0,0.0,0.0,0.0,0.0,0.0,0.0,0.0,0.0,0.0,0.0
2022-02-06,0.0,0.0,0.0,0.0,0.0,0.0,0.0,0.0,0.0,0.0,0.0,0.0,0.0,0.0,0.0,0.0,0.0,0.0,0.0,0.0,0.0,0.0,0.0,0.0,0.0,0.0,0.0,0.0,0.0,0.0,0.0,0.0,0.0,0.0,0.0,0.0,0.0,0.0,0.0,0.0,0.0,0.0,0.0,0.0
2022-02-07,0.0,0.0,0.0,0.0,0.0,0.0,0.0,0.0,0.0,0.0,0.0,0.0,0.0,0.0,0.0,0.0,0.0,0.0,0.0,0.0,0.0,0.0,0.0,0.0,0.0,0.0,0.0,0.0,0.0,0.0,0.0,0.0,0.0,0.0,0.0,0.0,0.0,0.0,0.0,0.0,0.0,0.0,0.0,0.0
2022-02-08,0.0,0.0,0.0,0.0,0.0,0.0,0.0,0.0,0.0,0.0,0.0,0.0,0.0,0.0,0.0,0.0,0.0,0.0,0.0,0.0,0.0,0.0,0.0,0.0,0.0,0.0,0.0,0.0,0.0,0.0,0.0,0.0,0.0,0.0,0.0,0.0,0.0,0.0,0.0,0.0,0.0,0.0,0.0,0.0
2022-02-09,0.0,0.0,0.0,0.0,0.0,0.0,0.0,0.0,0.0,0.0,0.0,0.0,0.0,0.0,0.0,0.0,0.0,0.0,0.0,0.0,0.0,0.0,0.0,0.0,0.0,0.0,0.0,0.0,0.0,0.0,0.0,0.0,0.0,0.0,0.0,0.0,0.0,0.0,0.0,0.0,0.0,0.0,0.0,0.0
2022-02-10,0.0,0.0,0.0,0.0,0.0,0.0,0.0,0.0,0.0,0.0,0.0,0.0,0.0,0.0,0.0,0.0,0.0,0.0,0.0,0.0,0.0,0.0,0.0,0.0,0.0,0.0,0.0,0.0,0.0,0.0,0.0,0.0,0.0,0.0,0.0,0.0,0.0,0.0,0.0,0.0,0.0,0.0,0.0,0.0
2022-02-11,0.0,0.0,0.0,0.0,0.0,0.0,0.0,0.0,0.0,0.0,0.0,0.0,0.0,0.0,0.0,0.0,0.0,0.0,0.0,0.0,0.0,0.0,0.0,0.0,0.0,0.0,0.0,0.0,0.0,0.0,0.0,0.0,0.0,0.0,0.0,0.0,0.0,0.0,0.0,0.0,0.0,0.0,0.0,0.0
2022-02-12,0.0,0.0,0.0,0.0,0.0,0.0,0.0,0.0,0.0,0.0,0.0,0.0,0.0,0.0,0.0,0.0,0.0,0.0,0.0,0.0,0.0,0.0,0.0,0.0,0.0,0.0,0.0,0.0,0.0,0.0,0.0,0.0,0.0,0.0,0.0,0.0,0.0,0.0,0.0,0.0,0.0,0.0,0.0,0.0
2022-02-13,0.0,0.0,0.0,0.0,0.0,0.0,0.0,0.0,0.0,0.0,0.0,0.0,0.0,0.0,0.0,0.0,0.0,0.0,0.0,0.0,0.0,0.0,0.0,0.0,0.0,0.0,0.0,0.0,0.0,0.0,0.0,0.0,0.0,0.0,0.0,0.0,0.0,0.0,0.0,0.0,0.0,0.0,0.0,0.0
2022-02-14,0.0,0.0,0.0,0.0,0.0,0.0,0.0,0.0,0.0,0.0,0.0,0.0,0.0,0.0,0.0,0.0,0.0,0.0,0.0,0.0,0.0,0.0,0.0,0.0,0.0,0.0,0.0,0.0,0.0,0.0,0.0,0.0,0.0,0.0,0.0,0.0,0.0,0.0,0.0,0.0,0.0,0.0,0.0,0.0
2022-02-15,0.0,0.0,0.0,0.0,0.0,0.0,0.0,0.0,0.0,0.0,0.0,0.0,0.0,0.0,0.0,0.0,0.0,0.0,0.0,0.0,0.0,0.0,0.0,0.0,0.0,0.0,0.0,0.0,0.0,0.0,0.0,0.0,0.0,0.0,0.0,0.0,0.0,0.0,0.0,0.0,0.0,0.0,0.0,0.0
2022-02-16,0.0,0.0,0.0,0.0,0.0,0.0,0.0,0.0,0.0,0.0,0.0,0.0,0.0,0.0,0.0,0.0,0.0,0.0,0.0,0.0,0.0,0.0,0.0,0.0,0.0,0.0,0.0,0.0,0.0,0.0,0.0,0.0,0.0,0.0,0.0,0.0,0.0,0.0,0.0,0.0,0.0,0.0,0.0,0.0
2022-02-17,0.0,0.0,0.0,0.0,0.0,0.0,0.0,0.0,0.0,0.0,0.0,0.0,0.0,0.0,0.0,0.0,0.0,0.0,0.0,0.0,0.0,0.0,0.0,0.0,0.0,0.0,0.0,0.0,0.0,0.0,0.0,0.0,0.0,0.0,0.0,0.0,0.0,0.0,0.0,0.0,0.0,0.0,0.0,0.0
2022-02-18,0.0,0.0,0.0,0.0,0.0,0.0,0.0,0.0,0.0,0.0,0.0,0.0,0.0,0.0,0.0,0.0,0.0,0.0,0.0,0.0,0.0,0.0,0.0,0.0,0.0,0.0,0.0,0.0,0.0,0.0,0.0,0.0,0.0,0.0,0.0,0.0,0.0,0.0,0.0,0.0,0.0,0.0,0.0,0.0
2022-02-19,0.0,0.0,0.0,0.0,0.0,0.0,0.0,0.0,0.0,0.0,0.0,0.0,0.0,0.0,0.0,0.0,0.0,0.0,0.0,0.0,0.0,0.0,0.0,0.0,0.0,0.0,0.0,0.0,0.0,0.0,0.0,0.0,0.0,0.0,0.0,0.0,0.0,0.0,0.0,0.0,0.0,0.0,0.0,0.0
2022-02-20,0.0,0.0,0.0,0.0,0.0,0.0,0.0,0.0,0.0,0.0,0.0,0.0,0.0,0.0,0.0,0.0,0.0,0.0,0.0,0.0,0.0,0.0,0.0,0.0,0.0,0.0,0.0,0.0,0.0,0.0,0.0,0.0,0.0,0.0,0.0,0.0,0.0,0.0,0.0,0.0,0.0,0.0,0.0,0.0
2022-02-21,0.0,0.0,0.0,0.0,0.0,0.0,0.0,0.0,0.0,0.0,0.0,0.0,0.0,0.0,0.0,0.0,0.0,0.0,0.0,0.0,0.0,0.0,0.0,0.0,0.0,0.0,0.0,0.0,0.0,0.0,0.0,0.0,0.0,0.0,0.0,0.0,0.0,0.0,0.0,0.0,0.0,0.0,0.0,0.0
2022-02-22,0.0,0.0,0.0,0.0,0.0,0.0,0.0,0.0,0.0,0.0,0.0,0.0,0.0,0.0,0.0,0.0,0.0,0.0,0.0,0.0,0.0,0.0,0.0,0.0,0.0,0.0,0.0,0.0,0.0,0.0,0.0,0.0,0.0,0.0,0.0,0.0,0.0,0.0,0.0,0.0,0.0,0.0,0.0,0.0
2022-02-23,0.0,0.0,0.0,0.0,0.0,0.0,0.0,0.0,0.0,0.0,0.0,0.0,0.0,0.0,0.0,0.0,0.0,0.0,0.0,0.0,0.0,0.0,0.0,0.0,0.0,0.0,0.0,0.0,0.0,0.0,0.0,0.0,0.0,0.0,0.0,0.0,0.0,0.0,0.0,0.0,0.0,0.0,0.0,0.0
2022-02-24,0.0,0.0,0.0,0.0,0.0,0.0,0.0,0.0,0.0,0.0,0.0,0.0,0.0,0.0,0.0,0.0,0.0,0.0,0.0,0.0,0.0,0.0,0.0,0.0,0.0,0.0,0.0,0.0,0.0,0.0,0.0,0.0,0.0,0.0,0.0,0.0,0.0,0.0,0.0,0.0,0.0,0.0,0.0,0.0
2022-02-25,0.0,0.0,0.0,0.0,0.0,0.0,0.0,0.0,0.0,0.0,0.0,0.0,0.0,0.0,0.0,0.0,0.0,0.0,0.0,0.0,0.0,0.0,0.0,0.0,0.0,0.0,0.0,0.0,0.0,0.0,0.0,0.0,0.0,0.0,0.0,0.0,0.0,0.0,0.0,0.0,0.0,0.0,0.0,0.0
2022-02-26,0.0,0.0,0.0,0.0,0.0,0.0,0.0,0.0,0.0,0.0,0.0,0.0,0.0,0.0,0.0,0.0,0.0,0.0,0.0,0.0,0.0,0.0,0.0,0.0,0.0,0.0,0.0,0.0,0.0,0.0,0.0,0.0,0.0,0.0,0.0,0.0,0.0,0.0,0.0,0.0,0.0,0.0,0.0,0.0
2022-02-27,0.0,0.0,0.0,0.0,0.0,0.0,0.0,0.0,0.0,0.0,0.0,0.0,0.0,0.0,0.0,0.0,0.0,0.0,0.0,0.0,0.0,0.0,0.0,0.0,0.0,0.0,0.0,0.0,0.0,0.0,0.0,0.0,0.0,0.0,0.0,0.0,0.0,0.0,0.0,0.0,0.0,0.0,0.0,0.0
2022-02-28,0.0,0.0,0.0,0.0,0.0,0.0,0.0,0.0,0.0,0.0,0.0,0.0,0.0,0.0,0.0,0.0,0.0,0.0,0.0,0.0,0.0,0.0,0.0,0.0,0.0,0.0,0.0,0.0,0.0,0.0,0.0,0.0,0.0,0.0,0.0,0.0,0.0,0.0,0.0,0.0,0.0,0.0,0.0,0.0
2022-03-01,0.0,0.0,0.0,0.0,0.0,0.0,0.0,0.0,0.0,0.0,0.0,0.0,0.0,0.0,0.0,0.0,0.0,0.0,0.0,0.0,0.0,0.0,0.0,0.0,0.0,0.0,0.0,0.0,0.0,0.0,0.0,0.0,0.0,0.0,0.0,0.0,0.0,0.0,0.0,0.0,0.0,0.0,0.0,0.0
2022-03-02,0.0,0.0,0.0,0.0,0.0,0.0,0.0,0.0,0.0,0.0,0.0,0.0,0.0,0.0,0.0,0.0,0.0,0.0,0.0,0.0,0.0,0.0,0.0,0.0,0.0,0.0,0.0,0.0,0.0,0.0,0.0,0.0,0.0,0.0,0.0,0.0,0.0,0.0,0.0,0.0,0.0,0.0,0.0,0.0
2022-03-03,0.0,0.0,0.0,0.0,0.0,0.0,0.0,0.0,0.0,0.0,0.0,0.0,0.0,0.0,0.0,0.0,0.0,0.0,0.0,0.0,0.0,0.0,0.0,0.0,0.0,0.0,0.0,0.0,0.0,0.0,0.0,0.0,0.0,0.0,0.0,0.0,0.0,0.0,0.0,0.0,0.0,0.0,0.0,0.0
2022-03-04,0.0,0.0,0.0,0.0,0.0,0.0,0.0,0.0,0.0,0.0,0.0,0.0,0.0,0.0,0.0,0.0,0.0,0.0,0.0,0.0,0.0,0.0,0.0,0.0,0.0,0.0,0.0,0.0,0.0,0.0,0.0,0.0,0.0,0.0,0.0,0.0,0.0,0.0,0.0,0.0,0.0,0.0,0.0,0.0
2022-03-05,0.0,0.0,0.0,0.0,0.0,0.0,0.0,0.0,0.0,0.0,0.0,0.0,0.0,0.0,0.0,0.0,0.0,0.0,0.0,0.0,0.0,0.0,0.0,0.0,0.0,0.0,0.0,0.0,0.0,0.0,0.0,0.0,0.0,0.0,0.0,0.0,0.0,0.0,0.0,0.0,0.0,0.0,0.0,0.0
2022-03-06,0.0,0.0,0.0,0.0,0.0,0.0,0.0,0.0,0.0,0.0,0.0,0.0,0.0,0.0,0.0,0.0,0.0,0.0,0.0,0.0,0.0,0.0,0.0,0.0,0.0,0.0,0.0,0.0,0.0,0.0,0.0,0.0,0.0,0.0,0.0,0.0,0.0,0.0,0.0,0.0,0.0,0.0,0.0,0.0
2022-03-07,0.0,0.0,0.0,0.0,0.0,0.0,0.0,0.0,0.0,0.0,0.0,0.0,0.0,0.0,0.0,0.0,0.0,0.0,0.0,0.0,0.0,0.0,0.0,0.0,0.0,0.0,0.0,0.0,0.0,0.0,0.0,0.0,0.0,0.0,0.0,0.0,0.0,0.0,0.0,0.0,0.0,0.0,0.0,0.0
2022-03-08,0.0,0.0,0.0,0.0,0.0,0.0,0.0,0.0,0.0,0.0,0.0,0.0,0.0,0.0,0.0,0.0,0.0,0.0,0.0,0.0,0.0,0.0,0.0,0.0,0.0,0.0,0.0,0.0,0.0,0.0,0.0,0.0,0.0,0.0,0.0,0.0,0.0,0.0,0.0,0.0,0.0,0.0,0.0,0.0
2022-03-09,0.0,0.0,0.0,0.0,0.0,0.0,0.0,0.0,0.0,0.0,0.0,0.0,0.0,0.0,0.0,0.0,0.0,0.0,0.0,0.0,0.0,0.0,0.0,0.0,0.0,0.0,0.0,0.0,0.0,0.0,0.0,0.0,0.0,0.0,0.0,0.0,0.0,0.0,0.0,0.0,0.0,0.0,0.0,0.0
2022-03-10,0.0,0.0,0.0,0.0,0.0,0.0,0.0,0.0,0.0,0.0,0.0,0.0,0.0,0.0,0.0,0.0,0.0,0.0,0.0,0.0,0.0,0.0,0.0,0.0,0.0,0.0,0.0,0.0,0.0,0.0,0.0,0.0,0.0,0.0,0.0,0.0,0.0,0.0,0.0,0.0,0.0,0.0,0.0,0.0
2022-03-11,0.0,0.0,0.0,0.0,0.0,0.0,0.0,0.0,0.0,0.0,0.0,0.0,0.0,0.0,0.0,0.0,0.0,0.0,0.0,0.0,0.0,0.0,0.0,0.0,0.0,0.0,0.0,0.0,0.0,0.0,0.0,0.0,0.0,0.0,0.0,0.0,0.0,0.0,0.0,0.0,0.0,0.0,0.0,0.0
