year,msoa,ltla,ppln_msoa,total_trust_patients,patients_from_msoa_to_trust,total_patients_of_msoa,tfp_msoa,etc_msoa,sex,ag,ag_ppln_msoa,agf_ppln_msoa,ag_trust_factor,msoa_frac_tp,ag_msoa_frac_tp
2012,E02006872,E07000037,12346,97155,354,4893,0.07234825260576333,893.2115266707541,female,0-4,269,0.021788433500728982,0.0015763550907946166,0.003643662189285163,7.938969131036035e-05
2012,E02006872,E07000037,12346,97155,354,4893,0.07234825260576333,893.2115266707541,male,0-4,306,0.0247853555807549,0.0017931771664801215,0.003643662189285163,9.030946297758463e-05
2012,E02004103,E07000037,7137,97155,89,3114,0.028580603725112397,203.97976878612718,female,0-4,243,0.034047919293820936,0.0009731100890013049,0.0009160619628428799,3.1190003779013565e-05
2012,E02004103,E07000037,7137,97155,89,3114,0.028580603725112397,203.97976878612718,male,0-4,263,0.03685021717808603,0.0010532014543512063,0.0009160619628428799,3.37570822793439e-05
2012,E02004097,E07000037,7704,97155,29,2762,0.010499637943519189,80.88921071687183,female,0-4,193,0.025051921079958465,0.00026303610112918014,0.0002984921002521744,7.477800538508523e-06
2012,E02004097,E07000037,7704,97155,29,2762,0.010499637943519189,80.88921071687183,male,0-4,176,0.02284527518172378,0.00023986711812816423,0.0002984921002521744,6.819134169831605e-06
2012,E02004102,E07000037,8625,97155,96,3736,0.02569593147751606,221.627408993576,female,0-4,215,0.024927536231884057,0.0006405362629177916,0.000988111780145129,2.4631192200719155e-05
2012,E02004102,E07000037,8625,97155,96,3736,0.02569593147751606,221.627408993576,male,0-4,175,0.020289855072463767,0.0005213667256307606,0.000988111780145129,2.0048644814538846e-05
2012,E02004098,E07000037,7341,97155,47,3145,0.014944356120826709,109.70651828298887,female,0-4,188,0.02560958997411797,0.0003827188326815722,0.00048376305902938604,1.2388973586367605e-05
2012,E02004098,E07000037,7341,97155,47,3145,0.014944356120826709,109.70651828298887,male,0-4,216,0.029423784225582346,0.00043971950988946586,0.00048376305902938604,1.423413986518831e-05
2012,E02004104,E07000037,7167,97155,84,2895,0.029015544041450778,207.95440414507772,female,0-4,187,0.026091809683270545,0.0007570680529860883,0.0008645978076269878,2.2558921449176323e-05
2012,E02004104,E07000037,7167,97155,84,2895,0.029015544041450778,207.95440414507772,male,0-4,191,0.026649923259383285,0.0007732620220339191,0.0008645978076269878,2.3041465223490257e-05
2012,E02004100,E07000037,7641,97155,54,3050,0.017704918032786884,135.28327868852458,female,0-4,178,0.02329538018583955,0.00041244279673289695,0.000555812876331635,1.2947872266330457e-05
2012,E02004100,E07000037,7641,97155,54,3050,0.017704918032786884,135.28327868852458,male,0-4,211,0.027614186624787332,0.0004889069107339396,0.000555812876331635,1.534832049548161e-05
2012,E02004068,E07000035,7531,97155,1163,2634,0.4415337889141989,3325.190964312832,female,0-4,151,0.02005045810649316,0.00885295473722534,0.011970562503216509,0.00024001526198190053
2012,E02004068,E07000035,7531,97155,1163,2634,0.4415337889141989,3325.190964312832,male,0-4,183,0.024299561811180453,0.01072907759544528,0.011970562503216509,0.00029087942346150855
2012,E02006210,E07000198,5452,97155,24,1854,0.012944983818770227,70.57605177993528,female,0-4,95,0.017424798239178283,0.00022556373125149883,0.0002470279450362822,4.30441210169604e-06
2012,E02006210,E07000198,5452,97155,24,1854,0.012944983818770227,70.57605177993528,male,0-4,126,0.023110785033015408,0.0002991687382914616,0.0002470279450362822,5.709009734881064e-06
2012,E02006204,E07000198,7282,97155,11,2851,0.003858295334970186,28.096106629252894,female,0-4,212,0.029112881076627302,0.00011232609324549292,0.00011322114147496269,3.2961936271205838e-06
2012,E02006204,E07000198,7282,97155,11,2851,0.003858295334970186,28.096106629252894,male,0-4,188,0.02581708321889591,9.960993174600316e-05,0.00011322114147496269,2.923039631597499e-06
2012,E02004070,E07000035,6373,97155,1527,2452,0.6227569331158238,3968.829934747145,female,0-4,123,0.019300172603169623,0.01201931629895596,0.015717153002933457,0.00030334376578704144
2012,E02004070,E07000035,6373,97155,1527,2452,0.6227569331158238,3968.829934747145,male,0-4,124,0.019457084575553115,0.012117034317646658,0.015717153002933457,0.00030580997526498486
2012,E02006803,E08000019,8747,97155,441,3080,0.1431818181818182,1252.4113636363636,female,0-4,246,0.028123928203955643,0.0040268351746572855,0.004539138490041686,0.000127658405001744
2012,E02006803,E08000019,8747,97155,441,3080,0.1431818181818182,1252.4113636363636,male,0-4,255,0.029152852406539385,0.004174158412754503,0.004539138490041686,0.00013232883445302732
2012,E02006869,E08000019,11118,97155,31,4236,0.007318224740321058,81.36402266288952,female,0-4,337,0.03031120705162799,0.00022182422535421806,0.0003190777623385312,9.671632119813366e-06
2012,E02006869,E08000019,11118,97155,31,4236,0.007318224740321058,81.36402266288952,male,0-4,297,0.02671343766864544,0.00019549494044570555,0.0003190777623385312,8.523663915681217e-06
2012,E02006868,E08000019,12500,97155,11,4482,0.0024542614904060687,30.67826863007586,female,0-4,544,0.04352,0.00010680946006247211,0.00011322114147496269,4.927384076990377e-06
2012,E02006868,E08000019,12500,97155,11,4482,0.0024542614904060687,30.67826863007586,male,0-4,362,0.02896,7.107541276215974e-05,0.00011322114147496269,3.2788842571149195e-06
2012,E02004105,E07000038,9450,97155,1852,3263,0.5675758504443763,5363.591786699356,female,0-4,264,0.027936507936507936,0.01585608725050956,0.019062323091966444,0.0005325347403469991
2012,E02004105,E07000038,9450,97155,1852,3263,0.5675758504443763,5363.591786699356,male,0-4,254,0.02687830687830688,0.015255477884959956,0.019062323091966444,0.0005123629698793097
2012,E02001634,E08000019,9260,97155,11,3128,0.003516624040920716,32.56393861892583,female,0-4,227,0.024514038876889847,8.62066584545359e-05,0.00011322114147496269,2.775507463803081e-06
2012,E02001634,E08000019,9260,97155,11,3128,0.003516624040920716,32.56393861892583,male,0-4,252,0.027213822894168467,9.57007838349914e-05,0.00011322114147496269,3.081180091975227e-06
2012,E02001669,E08000019,7690,97155,45,2629,0.017116774438950173,131.62799543552683,female,0-4,247,0.03211963589076723,0.0005497845626034711,0.0004631773969430292,1.487708934264346e-05
2012,E02001669,E08000019,7690,97155,45,2629,0.017116774438950173,131.62799543552683,male,0-4,253,0.032899869960988294,0.000563139653193029,0.0004631773969430292,1.5238476128294716e-05
2012,E02001660,E08000019,9889,97155,23,3458,0.006651243493348756,65.77414690572586,female,0-4,295,0.02983112549297199,0.00019841407933440016,0.0002367351139931038,7.062074894121308e-06
2012,E02001660,E08000019,9889,97155,23,3458,0.006651243493348756,65.77414690572586,male,0-4,336,0.033977146324198605,0.0002259902734113846,0.0002367351139931038,8.043583608219525e-06
2012,E02001653,E08000019,7439,97155,9,2991,0.003009027081243731,22.384152457372114,female,0-4,256,0.03441322758435274,0.00010355033375432117,9.263547938860583e-05,3.18788583458571e-06
2012,E02001653,E08000019,7439,97155,9,2991,0.003009027081243731,22.384152457372114,male,0-4,278,0.03737061432988305,0.00011244919056133313,9.263547938860583e-05,3.461844773495419e-06
2012,E02001662,E08000019,7588,97155,15,3172,0.004728877679697352,35.8827238335435,female,0-4,193,0.025434897206114918,0.00012027851768339336,0.0001543924656476764,3.926956493147277e-06
2012,E02001662,E08000019,7588,97155,15,3172,0.004728877679697352,35.8827238335435,male,0-4,244,0.032156035846072746,0.00015206196018004134,0.0001543924656476764,4.964649659730237e-06
2012,E02001655,E08000019,7681,97155,14,3228,0.004337050805452293,33.31288723667906,female,0-4,254,0.0330686108579612,0.00014342024535670905,0.00014409963460449796,4.765174741510543e-06
2012,E02001655,E08000019,7681,97155,14,3228,0.004337050805452293,33.31288723667906,male,0-4,252,0.03280822809530009,0.00014229095208618379,0.00014409963460449796,4.727653680553767e-06
2012,E02001650,E08000019,9415,97155,10,2336,0.004280821917808219,40.30393835616438,female,0-4,185,0.01964949548592671,8.411599095002873e-05,0.00010292831043178426,2.022489371203408e-06
2012,E02001650,E08000019,9415,97155,10,2336,0.004280821917808219,40.30393835616438,male,0-4,232,0.02464152947424323,0.00010548599946165765,0.00010292831043178426,2.5363109952388687e-06
2012,E02001627,E08000019,6085,97155,8,2236,0.0035778175313059034,21.77101967799642,female,0-4,235,0.038619556285949055,0.00013817372553112363,8.234264834542741e-05,3.180036542510344e-06
2012,E02001627,E08000019,6085,97155,8,2236,0.0035778175313059034,21.77101967799642,male,0-4,185,0.030402629416598194,0.00010877506052450159,8.234264834542741e-05,2.503433022827292e-06
2012,E02001656,E08000019,7888,97155,17,2300,0.007391304347826087,58.302608695652175,female,0-4,183,0.023199797160243407,0.0001714767616191904,0.00017497812773403323,4.059457070908733e-06
2012,E02001656,E08000019,7888,97155,17,2300,0.007391304347826087,58.302608695652175,male,0-4,209,0.026495943204868155,0.00019583958020989506,0.00017497812773403323,4.63621053453511e-06
2012,E02001666,E08000019,6153,97155,17,2708,0.006277695716395864,38.62666174298375,female,0-4,197,0.03201690232406956,0.0002009923705720763,0.00017497812773403323,5.602257624509109e-06
2012,E02001666,E08000019,6153,97155,17,2708,0.006277695716395864,38.62666174298375,male,0-4,177,0.028766455387615797,0.0001805870537627284,0.00017497812773403323,5.033500505269605e-06
2012,E02001678,E08000019,10006,97155,92,3559,0.025849957853329587,258.65467828041585,female,0-4,242,0.024185488706775934,0.0006251938637323366,0.0009469404559724152,2.29022177039101e-05
2012,E02001678,E08000019,10006,97155,92,3559,0.025849957853329587,258.65467828041585,male,0-4,207,0.02068758744753148,0.000534773263605759,0.0009469404559724152,1.958991349053467e-05
2012,E02001680,E08000019,6098,97155,251,2873,0.08736512356421859,532.7525234946049,female,0-4,243,0.039849130862577894,0.0034814242417358344,0.002583500591837785,0.00010295025316769133
2012,E02001680,E08000019,6098,97155,251,2873,0.08736512356421859,532.7525234946049,male,0-4,216,0.0354214496556248,0.0030945993259874085,0.002583500591837785,9.151133614905896e-05
2012,E02001642,E08000019,9800,97155,8,3907,0.002047606859482979,20.066547222933195,female,0-4,344,0.03510204081632653,7.187517955736171e-05,8.234264834542741e-05,2.890395003145615e-06
2012,E02001642,E08000019,9800,97155,8,3907,0.002047606859482979,20.066547222933195,male,0-4,374,0.03816326530612245,7.814336382108512e-05,8.234264834542741e-05,3.1424643348152912e-06
2012,E02001665,E08000019,9466,97155,44,3159,0.013928458372902817,131.84678695789808,female,0-4,221,0.023346714557363195,0.00032518374185627747,0.00045288456589985077,1.0573366687499157e-05
2012,E02001665,E08000019,9466,97155,44,3159,0.013928458372902817,131.84678695789808,male,0-4,232,0.024508768223114305,0.000341369357966771,0.00045288456589985077,1.1099642857465179e-05
2012,E02001664,E08000019,6233,97155,26,2407,0.01080182800166182,67.32779393435813,female,0-4,159,0.025509385528637896,0.0002755479949084276,0.0002676136071226391,6.826658676800837e-06
2012,E02001664,E08000019,6233,97155,26,2407,0.01080182800166182,67.32779393435813,male,0-4,182,0.0291994224290069,0.0003154071388259989,0.0002676136071226391,7.814162762124228e-06
2012,E02001659,E08000019,6120,97155,10,2607,0.0038358266206367474,23.475258918296895,female,0-4,138,0.022549019607843137,8.64941296810247e-05,0.00010292831043178426,2.3209324901284686e-06
2012,E02001659,E08000019,6120,97155,10,2607,0.0038358266206367474,23.475258918296895,male,0-4,197,0.03218954248366013,0.00012347350396494104,0.00010292831043178426,3.3132152214152773e-06
2012,E02001636,E08000019,9739,97155,8,3457,0.0023141452126120912,22.537460225629157,female,0-4,242,0.024848547078755518,5.7503146262668245e-05,8.234264834542741e-05,2.0460951740007634e-06
2012,E02001636,E08000019,9739,97155,8,3457,0.0023141452126120912,22.537460225629157,male,0-4,314,0.032241503234418316,7.46115203573464e-05,8.234264834542741e-05,2.654850762959668e-06
2012,E02001679,E08000019,6324,97155,179,2654,0.06744536548605878,426.5244913338357,female,0-4,238,0.03763440860215054,0.002538266443023718,0.0018424167567289383,6.933826503818585e-05
2012,E02001679,E08000019,6324,97155,179,2654,0.06744536548605878,426.5244913338357,male,0-4,220,0.03478810879190386,0.002346296712038731,0.0018424167567289383,6.409419457311298e-05
2012,E02001681,E08000019,7453,97155,157,2675,0.05869158878504673,437.4284112149533,female,0-4,200,0.026834831611431638,0.0015749789020541186,0.0016159744737790128,4.336440289223166e-05
2012,E02001681,E08000019,7453,97155,157,2675,0.05869158878504673,437.4284112149533,male,0-4,187,0.025090567556688582,0.001472605273420601,0.0016159744737790128,4.05457167042366e-05
2012,E02001657,E08000019,8992,97155,11,2789,0.003944065973467192,35.465041233417,female,0-4,327,0.03636565836298932,0.00014342855575219881,0.00011322114147496269,4.117361350346174e-06
2012,E02001657,E08000019,8992,97155,11,2789,0.003944065973467192,35.465041233417,male,0-4,362,0.040258007117437725,0.00015878023603148618,0.00011322114147496269,4.558057519343471e-06
2012,E02001671,E08000019,5902,97155,28,2247,0.012461059190031152,73.54517133956386,female,0-4,122,0.020670958996950185,0.00025758204357570323,0.0002881992692089959,5.957355276770163e-06
2012,E02001671,E08000019,5902,97155,28,2247,0.012461059190031152,73.54517133956386,male,0-4,119,0.02016265672653338,0.0002512480588976122,0.0002881992692089959,5.810862933898766e-06
2012,E02001652,E08000019,12526,97155,8,2986,0.0026791694574681848,33.55927662424648,female,0-4,272,0.02171483314705413,5.8177717741605165e-05,8.234264834542741e-05,1.788056869707509e-06
2012,E02001652,E08000019,12526,97155,8,2986,0.0026791694574681848,33.55927662424648,male,0-4,316,0.025227526744371707,6.758881914098247e-05,8.234264834542741e-05,2.0773013633366646e-06
2012,E02001673,E08000019,5543,97155,43,1955,0.021994884910485932,121.91764705882352,female,0-4,157,0.02832401226772506,0.0006229833900318044,0.0004425917348566723,1.2535973727674104e-05
2012,E02001673,E08000019,5543,97155,43,1955,0.021994884910485932,121.91764705882352,male,0-4,196,0.0353599134042937,0.0007777372257721888,0.0004425917348566723,1.565000541798805e-05
2012,E02001661,E08000019,7877,97155,14,3256,0.0042997542997543,33.86916461916462,female,0-4,270,0.03427700901358385,0.00014738271688887408,0.00014409963460449796,4.939304474192516e-06
2012,E02001661,E08000019,7877,97155,14,3256,0.0042997542997543,33.86916461916462,male,0-4,275,0.03491176843976133,0.00015011202646089022,0.00014409963460449796,5.030773075566451e-06
2012,E02001649,E08000019,9557,97155,9,4107,0.002191380569758948,20.943024105186268,female,0-4,426,0.04457465731924244,9.768003795305137e-05,9.263547938860583e-05,4.129194749350852e-06
2012,E02001649,E08000019,9557,97155,9,4107,0.002191380569758948,20.943024105186268,male,0-4,428,0.044783928010882074,9.813862968053047e-05,9.263547938860583e-05,4.148580640192874e-06
2012,E02001676,E08000019,5995,97155,109,2168,0.050276752767527674,301.4091328413284,female,0-4,161,0.026855713094245205,0.0013502180476350218,0.0011219185837064484,3.01299235991223e-05
2012,E02001676,E08000019,5995,97155,109,2168,0.050276752767527674,301.4091328413284,male,0-4,169,0.028190158465387822,0.001417309627641731,0.0011219185837064484,3.162706265994825e-05
2012,E02001651,E08000019,8119,97155,13,2920,0.004452054794520548,36.146232876712325,female,0-4,203,0.025003079196945437,0.0001113150786165379,0.00013380680356131955,3.3455821065337933e-06
2012,E02001651,E08000019,8119,97155,13,2920,0.004452054794520548,36.146232876712325,male,0-4,212,0.026111590097302625,0.00011625022988525141,0.00013380680356131955,3.4939084068234692e-06
2012,E02001674,E08000019,8647,97155,130,3282,0.039609993906154786,342.50761730652044,female,0-4,216,0.024979761767086852,0.0009894482113715086,0.0013380680356131953,3.3424620757771504e-05
2012,E02001674,E08000019,8647,97155,130,3282,0.039609993906154786,342.50761730652044,male,0-4,210,0.024285879495778883,0.0009619635388334111,0.0013380680356131953,3.2496159070055625e-05
2012,E02001618,E08000019,9708,97155,8,3293,0.0024293956878226543,23.584573337382327,female,0-4,245,0.02523691800576844,6.131045977714774e-05,8.234264834542741e-05,2.0780746646713757e-06
2012,E02001618,E08000019,9708,97155,8,3293,0.0024293956878226543,23.584573337382327,male,0-4,330,0.033992583436341164,8.258143561819901e-05,8.234264834542741e-05,2.799039344251241e-06
2012,E02001672,E08000019,6175,97155,39,2203,0.017703132092601,109.31684067181118,female,0-4,178,0.02882591093117409,0.000510308908904126,0.0004014204106839586,1.1571309004331115e-05
2012,E02001672,E08000019,6175,97155,39,2203,0.017703132092601,109.31684067181118,male,0-4,158,0.025587044534412955,0.000452970829251977,0.0004014204106839586,1.0271161925192786e-05
2012,E02001675,E08000019,9063,97155,141,3730,0.03780160857908847,342.59597855227884,female,0-4,233,0.025708926404060466,0.0009718387729148862,0.001451289177088158,3.731108664476893e-05
2012,E02001675,E08000019,9063,97155,141,3730,0.03780160857908847,342.59597855227884,male,0-4,302,0.03332229945934018,0.0012596365211171487,0.001451289177088158,4.836029256103098e-05
2012,E02001670,E08000019,6002,97155,19,2500,0.0076,45.6152,female,0-4,207,0.03448850383205598,0.0002621126291236255,0.0001955637898203901,6.744702514631915e-06
2012,E02001670,E08000019,6002,97155,19,2500,0.0076,45.6152,male,0-4,213,0.03548817060979673,0.00026971009663445515,0.0001955637898203901,6.940201138244434e-06
2012,E02001639,E08000019,6154,97155,8,2044,0.003913894324853229,24.08610567514677,female,0-4,154,0.025024374390640234,9.794275691052928e-05,8.234264834542741e-05,2.0605732605128084e-06
2012,E02001639,E08000019,6154,97155,8,2044,0.003913894324853229,24.08610567514677,male,0-4,157,0.025511862203444913,9.985073269450064e-05,8.234264834542741e-05,2.1007142980552656e-06
2012,E02001663,E08000019,7671,97155,36,2525,0.014257425742574258,109.36871287128713,female,0-4,284,0.03702255247034285,0.0005278462926464723,0.00037054191755442334,1.3718407585120092e-05
2012,E02001663,E08000019,7671,97155,36,2525,0.014257425742574258,109.36871287128713,male,0-4,260,0.03389388606439838,0.0004832395636904324,0.00037054191755442334,1.2559105535673323e-05
2012,E02005888,E07000174,8284,97155,13,3488,0.0037270642201834864,30.875,female,0-4,351,0.04237083534524384,0.00015791882439454414,0.00013380680356131955,5.669506041770058e-06
2012,E02005888,E07000174,8284,97155,13,3488,0.0037270642201834864,30.875,male,0-4,334,0.040318686624818925,0.00015027033432415312,0.00013380680356131955,5.3949145810575475e-06
2012,E02005887,E07000174,9349,97155,23,4120,0.00558252427184466,52.19101941747572,female,0-4,365,0.03904160872820622,0.00021795072833707355,0.0002367351139931038,9.242519692746055e-06
2012,E02005887,E07000174,9349,97155,23,4120,0.00558252427184466,52.19101941747572,male,0-4,397,0.042464434698898275,0.0002370587373967622,0.0002367351139931038,1.0052822789096395e-05
2012,E02005880,E07000174,6267,97155,70,2630,0.026615969581749048,166.8022813688213,female,0-4,202,0.032232328067655976,0.0008578946633976875,0.0007204981730224899,2.3223333485007652e-05
2012,E02005880,E07000174,6267,97155,70,2630,0.026615969581749048,166.8022813688213,male,0-4,197,0.03143449816499123,0.0008366596469769528,0.0007204981730224899,2.264849849775499e-05
2012,E02005824,E07000170,9785,97155,37,3726,0.009930220075147612,97.16720343531938,female,0-4,245,0.025038323965252938,0.0002486360672878043,0.00038083474859760175,9.535463812612409e-06
2012,E02005824,E07000170,9785,97155,37,3726,0.009930220075147612,97.16720343531938,male,0-4,317,0.03239652529381707,0.0003217046258376897,0.00038083474859760175,1.233772256570667e-05
2012,E02005819,E07000170,6111,97155,44,2362,0.018628281117696866,113.83742591024554,female,0-4,167,0.027327769595810833,0.0005090693743504134,0.00045288456589985077,1.237632507040993e-05
2012,E02005819,E07000170,6111,97155,44,2362,0.018628281117696866,113.83742591024554,male,0-4,156,0.025527736867943053,0.00047553785867463774,0.00045288456589985077,1.1561118029844006e-05
2012,E02005891,E07000174,6437,97155,13,2886,0.0045045045045045045,28.995495495495494,female,0-4,214,0.0332453006058723,0.00014975360633275812,0.00013380680356131955,4.448447407506973e-06
2012,E02005891,E07000174,6437,97155,13,2886,0.0045045045045045045,28.995495495495494,male,0-4,228,0.03542022681373311,0.00015955057123303202,0.00013380680356131955,4.739467331362569e-06
2012,E02005825,E07000170,8073,97155,18,3312,0.005434782608695652,43.875,female,0-4,284,0.035178991700730834,0.0001911901722865806,0.00018527095877721167,6.517645521209974e-06
2012,E02005825,E07000170,8073,97155,18,3312,0.005434782608695652,43.875,male,0-4,276,0.03418803418803419,0.0001858045336306206,0.00018527095877721167,6.334049872725186e-06
2012,E02004029,E07000032,6402,97155,379,2746,0.13801893663510562,883.5972323379461,female,0-4,148,0.023117775695095284,0.0031906908188059405,0.0039009829653646236,9.018204918368703e-05
2012,E02004029,E07000032,6402,97155,379,2746,0.13801893663510562,883.5972323379461,male,0-4,164,0.025616994689159636,0.003535630366784961,0.0039009829653646236,9.993145990624777e-05
2012,E02004054,E07000033,8677,97155,295,3267,0.09029690847872666,783.5062748699113,female,0-4,224,0.025815373977181054,0.0023310484613616195,0.003036385157737636,7.838541838575896e-05
2012,E02004054,E07000033,8677,97155,295,3267,0.09029690847872666,783.5062748699113,male,0-4,218,0.025123890745649417,0.0022686096632894334,0.003036385157737636,7.628580896471183e-05
2012,E02004050,E07000033,7057,97155,1059,3002,0.35276482345103266,2489.4613590939375,female,0-4,184,0.026073402295593028,0.009197779157572625,0.010900108074725953,0.0002842029028977718
2012,E02004050,E07000033,7057,97155,1059,3002,0.35276482345103266,2489.4613590939375,male,0-4,231,0.032733456142836896,0.011547211877169979,0.010900108074725953,0.0003567982096162243
2012,E02004051,E07000033,9152,97155,1124,3894,0.2886492039034412,2641.7175141242938,female,0-4,268,0.029283216783216784,0.008452577212207412,0.01156914209253255,0.00033878169589146893
2012,E02004051,E07000033,9152,97155,1124,3894,0.2886492039034412,2641.7175141242938,male,0-4,261,0.028518356643356644,0.008231800941739309,0.01156914209253255,0.00032993292025251266
2012,E02004049,E07000033,7821,97155,2582,3223,0.801116971765436,6265.535836177474,female,0-4,180,0.023014959723820484,0.01843767483925054,0.026576089753486697,0.0006116476352931346
2012,E02004049,E07000033,7821,97155,2582,3223,0.801116971765436,6265.535836177474,male,0-4,185,0.023654264160593276,0.018949832473674166,0.026576089753486697,0.0006286378473846105
2012,E02004117,E07000038,7364,97155,2215,2973,0.7450386814665321,5486.464850319542,female,0-4,210,0.028517110266159697,0.021246350231935326,0.022798620760640213,0.0006501507821475346
2012,E02004117,E07000038,7364,97155,2215,2973,0.7450386814665321,5486.464850319542,male,0-4,213,0.028924497555676262,0.021549869520962973,0.022798620760640213,0.0006594386504639279
2012,E02004112,E07000038,6508,97155,2022,2401,0.8421491045397751,5480.706372344856,female,0-4,108,0.016594960049170254,0.013975430745282071,0.020812104369306778,0.0003453760405478077
2012,E02004112,E07000038,6508,97155,2022,2401,0.8421491045397751,5480.706372344856,male,0-4,116,0.01782421634910879,0.015010647837525188,0.020812104369306778,0.00037095945095875636
2012,E02004052,E07000033,7869,97155,1852,3077,0.601884952876178,4736.232694182645,female,0-4,201,0.025543271063667557,0.01537411050045899,0.019062323091966444,0.0004869140858413083
2012,E02004052,E07000033,7869,97155,1852,3077,0.601884952876178,4736.232694182645,male,0-4,193,0.024526623459143474,0.014762205604918333,0.019062323091966444,0.0004675344207331966
2012,E02004061,E07000034,7216,97155,2534,2904,0.8725895316804407,6296.60606060606,female,0-4,180,0.024944567627494457,0.021766368584046472,0.026082033863414133,0.0006506050575685343
2012,E02004061,E07000034,7216,97155,2534,2904,0.8725895316804407,6296.60606060606,male,0-4,179,0.0248059866962306,0.021645444314135103,0.026082033863414133,0.000646990585026487
2012,E02004111,E07000038,5498,97155,1933,2254,0.857586512866016,4715.010647737356,female,0-4,147,0.02673699527100764,0.0229292865389786,0.019896042406463896,0.0005319603917333926
2012,E02004111,E07000038,5498,97155,1933,2254,0.857586512866016,4715.010647737356,male,0-4,129,0.02346307748272099,0.020121618799511833,0.019896042406463896,0.000466822384582365
2012,E02004062,E07000034,7987,97155,2706,3135,0.8631578947368421,6894.042105263158,female,0-4,201,0.02516589457869037,0.021722140583711688,0.02785240080284082,0.0007009305823677232
2012,E02004062,E07000034,7987,97155,2706,3135,0.8631578947368421,6894.042105263158,male,0-4,214,0.026793539501690247,0.02312705514882737,0.02785240080284082,0.0007462644011278247
2012,E02004048,E07000033,6835,97155,2283,2771,0.8238902923132443,5631.290147961025,female,0-4,240,0.03511338697878566,0.028929578662059783,0.023498533271576347,0.0008251130921987305
2012,E02004048,E07000033,6835,97155,2283,2771,0.8238902923132443,5631.290147961025,male,0-4,267,0.03906364301389905,0.03218415626154151,0.023498533271576347,0.0009179383150710878
2012,E02004114,E07000038,7226,97155,2342,2813,0.8325630998933523,6016.100959829364,female,0-4,120,0.016606698034874065,0.013826123994907593,0.024105810303123875,0.00040031791258993425
2012,E02004114,E07000038,7226,97155,2342,2813,0.8325630998933523,6016.100959829364,male,0-4,140,0.01937448104068641,0.01613047799405886,0.024105810303123875,0.00046703756468825667
2012,E02004059,E07000034,7158,97155,2641,3075,0.8588617886178862,6147.7326829268295,female,0-4,156,0.02179379715004191,0.018717859601060385,0.027183366785034222,0.0005924287815682228
2012,E02004059,E07000034,7158,97155,2641,3075,0.8588617886178862,6147.7326829268295,male,0-4,180,0.025146689019279127,0.02159753030891583,0.027183366785034222,0.000683571671040257
2012,E02004073,E07000035,9138,97155,2604,3611,0.7211298809194129,6589.6848518415945,female,0-4,218,0.02385642372510396,0.017203580000047274,0.02680253203643662,0.0006394125611669056
2012,E02004073,E07000035,9138,97155,2604,3611,0.7211298809194129,6589.6848518415945,male,0-4,215,0.023528124316042898,0.01696683348628516,0.02680253203643662,0.0006306133057380032
2012,E02004063,E07000034,7940,97155,2649,3057,0.8665358194308145,6880.294406280667,female,0-4,192,0.024181360201511334,0.02095401477716831,0.02726570943337965,0.0006593219409582988
2012,E02004063,E07000034,7940,97155,2649,3057,0.8665358194308145,6880.294406280667,male,0-4,182,0.02292191435768262,0.01986265984085746,0.02726570943337965,0.0006249822565333875
2012,E02004072,E07000035,8613,97155,2654,3330,0.796996996996997,6864.5351351351355,female,0-4,188,0.02182747010333217,0.017396428124397473,0.027317173588595544,0.0005962647898126044
2012,E02004072,E07000035,8613,97155,2654,3330,0.796996996996997,6864.5351351351355,male,0-4,182,0.021130848717055613,0.01684122297149117,0.027317173588595544,0.0005772350624781596
2012,E02004046,E07000033,6301,97155,1091,2510,0.4346613545816733,2738.8011952191237,female,0-4,163,0.025868909696873513,0.011244215330394025,0.011229478668107662,0.00029049436960824454
2012,E02004046,E07000033,6301,97155,1091,2510,0.4346613545816733,2738.8011952191237,male,0-4,178,0.028249484208855737,0.012278959072454824,0.011229478668107662,0.00031722698030838974
2012,E02004067,E07000034,6422,97155,2390,2772,0.8621933621933622,5537.005772005772,female,0-4,200,0.031142946122703206,0.02685124142614021,0.02459986619319644,0.0007661123074804247
2012,E02004067,E07000034,6422,97155,2390,2772,0.8621933621933622,5537.005772005772,male,0-4,226,0.03519152911865463,0.03034190281153844,0.02459986619319644,0.00086570690745288
2012,E02004065,E07000034,8352,97155,2549,3047,0.8365605513619954,6986.953724975385,female,0-4,167,0.019995210727969347,0.016727204511189323,0.02623642632906181,0.0005246028731984341
2012,E02004065,E07000034,8352,97155,2549,3047,0.8365605513619954,6986.953724975385,male,0-4,155,0.018558429118773947,0.015525249696014043,0.02623642632906181,0.0004869068583578281
2012,E02004071,E07000035,5146,97155,1549,1961,0.7899031106578276,4064.8414074451807,female,0-4,130,0.025262339681305868,0.019954800696758177,0.01594359528588338,0.0004027725198532529
2012,E02004071,E07000035,5146,97155,1549,1961,0.7899031106578276,4064.8414074451807,male,0-4,114,0.022153128643606686,0.017498825226387942,0.01594359528588338,0.00035320051740977563
2012,E02004064,E07000034,8842,97155,3131,3617,0.8656345037323749,7653.940282001659,female,0-4,272,0.03076227097941642,0.026628883172947974,0.03222685399619165,0.0009913712154449364
2012,E02004064,E07000034,8842,97155,3131,3617,0.8656345037323749,7653.940282001659,male,0-4,279,0.03155394707079846,0.027314185313428253,0.03222685399619165,0.0010168844452541812
2012,E02004055,E07000034,7186,97155,2530,2997,0.8441775108441775,6066.259592926259,female,0-4,187,0.0260228221541887,0.021967881231263735,0.026040862539241417,0.0006776567346003542
2012,E02004055,E07000034,7186,97155,2530,2997,0.8441775108441775,6066.259592926259,male,0-4,208,0.028945171166156414,0.02443486254600458,0.026040862539241417,0.0007537572235126934
2012,E02004057,E07000034,7721,97155,2725,3172,0.8590794451450189,6632.95239596469,female,0-4,291,0.03768941846911022,0.03237820470628163,0.02804796459266121,0.0010571114747395948
2012,E02004057,E07000034,7721,97155,2725,3172,0.8590794451450189,6632.95239596469,male,0-4,263,0.03406294521435047,0.02926277607474938,0.02804796459266121,0.0009553962812938607
2012,E02005847,E07000171,6740,97155,22,2812,0.007823613086770981,52.73115220483641,female,0-4,197,0.029228486646884273,0.00022867237063707468,0.00022644228294992538,6.618565243491885e-06
2012,E02005847,E07000171,6740,97155,22,2812,0.007823613086770981,52.73115220483641,male,0-4,162,0.024035608308605343,0.00018804529971170608,0.00022644228294992538,5.4426780174907884e-06
2012,E02004115,E07000038,8980,97155,2819,3379,0.8342704942290619,7491.749038176976,female,0-4,216,0.024053452115812918,0.020067085384574315,0.029015490710719984,0.0006979227164271176
2012,E02004115,E07000038,8980,97155,2819,3379,0.8342704942290619,7491.749038176976,male,0-4,233,0.02594654788418708,0.021646439326878774,0.029015490710719984,0.0007528518191088815
2012,E02005848,E07000171,6722,97155,116,2708,0.04283604135893648,287.94387001477105,female,0-4,146,0.021719726271942873,0.0009303870928897242,0.0011939684010086975,2.593266684725823e-05
2012,E02005848,E07000171,6722,97155,116,2708,0.04283604135893648,287.94387001477105,male,0-4,155,0.02305861350788456,0.0009877397219034743,0.0011939684010086975,2.753125589948648e-05
2012,E02004066,E07000034,11788,97155,3870,4535,0.8533627342888643,10059.439911797133,female,0-4,316,0.02680692229385816,0.022876028506555915,0.03983325613710051,0.001067807001978602
2012,E02004066,E07000034,11788,97155,3870,4535,0.8533627342888643,10059.439911797133,male,0-4,334,0.02833389888021717,0.024179093421486317,0.03983325613710051,0.0011286314514583958
2012,E02004110,E07000038,7526,97155,1841,2781,0.6619920891765552,4982.152463142754,female,0-4,181,0.024049960138187616,0.015920883356491694,0.018949101950491484,0.0004557251465637734
2012,E02004110,E07000038,7526,97155,1841,2781,0.6619920891765552,4982.152463142754,male,0-4,200,0.026574541589157587,0.017592136305515683,0.018949101950491484,0.0005035636978605231
2012,E02004060,E07000034,7633,97155,2906,3387,0.8579864186595807,6549.010333628579,female,0-4,212,0.02777413860867287,0.023829833716210023,0.029910967011476507,0.0008307513436961902
2012,E02004060,E07000034,7633,97155,2906,3387,0.8579864186595807,6549.010333628579,male,0-4,221,0.028953229398663696,0.02484147760038875,0.029910967011476507,0.0008660190894191416
2012,E02006804,E07000038,8215,97155,2323,3176,0.7314231738035264,6008.641372795969,female,0-4,228,0.027754108338405355,0.02029999800696336,0.023910246513303483,0.0006636075721282037
2012,E02006804,E07000038,8215,97155,2323,3176,0.7314231738035264,6008.641372795969,male,0-4,231,0.028119293974437007,0.02056710324389709,0.023910246513303483,0.0006723392507088381
2012,E02001609,E08000018,8379,97155,15,3753,0.003996802557953637,33.489208633093526,female,0-4,180,0.021482277121374866,8.586042014937996e-05,0.0001543924656476764,3.3167017324957335e-06
2012,E02001609,E08000018,8379,97155,15,3753,0.003996802557953637,33.489208633093526,male,0-4,176,0.021004893185344313,8.395241081272707e-05,0.0001543924656476764,3.242997249551384e-06
2012,E02005840,E07000171,9163,97155,27,3537,0.007633587786259542,69.94656488549619,female,0-4,305,0.03328604168940304,0.00025409192129315295,0.0002779064381658175,9.250405286540908e-06
2012,E02005840,E07000171,9163,97155,27,3537,0.007633587786259542,69.94656488549619,male,0-4,295,0.03219469606024228,0.00024576103862780364,0.0002779064381658175,8.94711330993301e-06
2012,E02005842,E07000171,8570,97155,8,3161,0.002530844669408415,21.689338816830116,female,0-4,240,0.028004667444574097,7.087546332065573e-05,8.234264834542741e-05,2.3059784834192042e-06
2012,E02005842,E07000171,8570,97155,8,3161,0.002530844669408415,21.689338816830116,male,0-4,272,0.031738623103850644,8.032552509674316e-05,8.234264834542741e-05,2.6134422812084313e-06
2012,E02004106,E07000038,6998,97155,1667,2703,0.6167221605623382,4315.821679615243,female,0-4,124,0.01771934838525293,0.010927914819909965,0.017158149348978437,0.0003040312259607497
2012,E02004106,E07000038,6998,97155,1667,2703,0.6167221605623382,4315.821679615243,male,0-4,133,0.019005430122892256,0.011721069927806657,0.017158149348978437,0.0003260980084901589
2012,E02001603,E08000018,6481,97155,11,2853,0.00385559060637925,24.988082719943918,female,0-4,175,0.0270020058632927,0.00010410868015990877,0.00011322114147496269,3.057197925955635e-06
2012,E02001603,E08000018,6481,97155,11,2853,0.00385559060637925,24.988082719943918,male,0-4,205,0.03163092115414288,0.00012195588247303599,0.00011322114147496269,3.581288998976601e-06
2012,E02006903,E07000171,11081,97155,27,4864,0.005550986842105263,61.51048519736842,female,0-4,283,0.025539211262521434,0.00014176782567600302,0.0002779064381658175,7.097511235531663e-06
2012,E02006903,E07000171,11081,97155,27,4864,0.005550986842105263,61.51048519736842,male,0-4,282,0.02544896669975634,0.00014126687929552243,0.0002779064381658175,7.072431690529784e-06
2012,E02001600,E08000018,10943,97155,12,4915,0.0024415055951169887,26.717395727365208,female,0-4,335,0.03061317737366353,7.474224384210831e-05,0.0001235139725181411,3.7811551488236564e-06
2012,E02001600,E08000018,10943,97155,12,4915,0.0024415055951169887,26.717395727365208,male,0-4,355,0.03244082975418076,7.920446735507e-05,0.0001235139725181411,4.006895754723576e-06
2012,E02004108,E07000038,7577,97155,2137,3061,0.6981378634433192,5289.790591310029,female,0-4,195,0.02573577933218952,0.017967121997023522,0.021995779939272295,0.0005660785387565127
2012,E02004108,E07000038,7577,97155,2137,3061,0.6981378634433192,5289.790591310029,male,0-4,196,0.02586775768773921,0.018059261084187747,0.021995779939272295,0.0005689815056219308
2012,E02004116,E07000038,8093,97155,3114,3628,0.8583241455347299,6946.417309812569,female,0-4,227,0.028048931175089584,0.024075074884021216,0.03205187586845762,0.0008990208602668824
2012,E02004116,E07000038,8093,97155,3114,3628,0.8583241455347299,6946.417309812569,male,0-4,237,0.029284566909675028,0.025135650870101445,0.03205187586845762,0.0009386253034504456
2012,E02004069,E07000035,6731,97155,1423,2306,0.6170858629661752,4153.604943625325,female,0-4,113,0.016787995840142622,0.01035963490048697,0.014646698574442901,0.0002458887147395703
2012,E02004069,E07000035,6731,97155,1423,2306,0.6170858629661752,4153.604943625325,male,0-4,115,0.01708512850987966,0.010542991270407092,0.014646698574442901,0.0002502407273898282
2012,E02004109,E07000038,6688,97155,1567,2568,0.610202492211838,4081.0342679127725,female,0-4,135,0.020185406698564595,0.012317185473773645,0.016128866244660593,0.0003255677247352243
2012,E02004109,E07000038,6688,97155,1567,2568,0.610202492211838,4081.0342679127725,male,0-4,126,0.018839712918660288,0.011496039775522068,0.016128866244660593,0.000303863209752876
2012,E02004056,E07000034,7708,97155,3030,3494,0.8672009158557528,6684.384659416142,female,0-4,248,0.03217436429683446,0.027901638185291473,0.03118727806083063,0.0010034308457558376
2012,E02004056,E07000034,7708,97155,3030,3494,0.8672009158557528,6684.384659416142,male,0-4,283,0.03671510119356513,0.031839369380796324,0.03118727806083063,0.0011450440699552504
2012,E02004058,E07000034,7835,97155,3009,3480,0.8646551724137931,6774.573275862069,female,0-4,280,0.035737077217613274,0.03090024866316044,0.030971128608923884,0.0011068176146137444
2012,E02004058,E07000034,7835,97155,3009,3480,0.8646551724137931,6774.573275862069,male,0-4,246,0.031397574984045946,0.027148075611205243,0.030971128608923884,0.0009724183328392183
2012,E02005843,E07000171,6511,97155,23,2673,0.008604564160119716,56.024317246539475,female,0-4,272,0.04177545691906005,0.0003594595993783694,0.0002367351139931038,9.889717555847678e-06
2012,E02005843,E07000171,6511,97155,23,2673,0.008604564160119716,56.024317246539475,male,0-4,220,0.03378897250806328,0.0002907393818501517,0.0002367351139931038,7.99903625840621e-06
2012,E02005846,E07000171,6659,97155,12,3337,0.003596044351213665,23.946059334731796,female,0-4,300,0.04505180958101817,0.00016200830535577406,0.0001235139725181411,5.564527970482405e-06
2012,E02005846,E07000171,6659,97155,12,3337,0.003596044351213665,23.946059334731796,male,0-4,306,0.045952845772638536,0.00016524847146288956,0.0001235139725181411,5.675818529892053e-06
2012,E02001608,E08000018,6925,97155,12,3083,0.003892312682452157,26.954265325981186,female,0-4,210,0.03032490974729242,0.00011803403080360332,0.0001235139725181411,3.7455500691421853e-06
2012,E02001608,E08000018,6925,97155,12,3083,0.003892312682452157,26.954265325981186,male,0-4,242,0.03494584837545126,0.00013602016883081905,0.0001235139725181411,4.316300555868614e-06
2012,E02001610,E08000018,8312,97155,39,3825,0.01019607843137255,84.74980392156863,female,0-4,257,0.03091915303176131,0.0003152541093434487,0.0004014204106839586,1.241157910800979e-05
2012,E02001610,E08000018,8312,97155,39,3825,0.01019607843137255,84.74980392156863,male,0-4,242,0.029114533205004813,0.0002968540640510295,0.0004014204106839586,1.1687167876024781e-05
2012,E02004113,E07000038,9224,97155,3474,4038,0.8603268945022289,7935.655274888559,female,0-4,235,0.025477016478751086,0.02191856246834603,0.03575729504400185,0.0009109891950715997
2012,E02004113,E07000038,9224,97155,3474,4038,0.8603268945022289,7935.655274888559,male,0-4,363,0.03935385949696444,0.03385718372770046,0.03575729504400185,0.0014071875651531518
2012,E02001605,E08000018,7380,97155,12,3095,0.0038772213247172858,28.613893376413568,female,0-4,220,0.02981029810298103,0.0001155811235010573,0.0001235139725181411,3.681988340649193e-06
2012,E02001605,E08000018,7380,97155,12,3095,0.0038772213247172858,28.613893376413568,male,0-4,234,0.03170731707317073,0.00012293628590567005,0.0001235139725181411,3.916296689599596e-06
2012,E02001607,E08000018,8856,97155,12,4092,0.002932551319648094,25.970674486803517,female,0-4,241,0.027213188798554652,7.980407272303418e-05,0.0001235139725181411,3.361209053395665e-06
2012,E02001607,E08000018,8856,97155,12,4092,0.002932551319648094,25.970674486803517,male,0-4,297,0.03353658536585366,9.83477576711251e-05,0.0001235139725181411,4.142236883230342e-06
2012,E02004045,E07000033,9079,97155,2469,3220,0.7667701863354037,6961.50652173913,female,0-4,224,0.02467232074016962,0.018917999971266707,0.025412999845607534,0.0006269976831607101
2012,E02004045,E07000033,9079,97155,2469,3220,0.7667701863354037,6961.50652173913,male,0-4,227,0.025002753607225467,0.01917136604231046,0.025412999845607534,0.000635394973560184
2012,E02001606,E08000018,8011,97155,10,3937,0.00254000508001016,20.347980695961393,female,0-4,244,0.030458120084883286,7.736377974316303e-05,0.00010292831043178426,3.13500283926543e-06
2012,E02001606,E08000018,8011,97155,10,3937,0.00254000508001016,20.347980695961393,male,0-4,252,0.031456746972912245,7.990029711179132e-05,0.00010292831043178426,3.237789817602001e-06
2012,E02005838,E07000171,8043,97155,11,3413,0.0032229709932610606,25.92235569879871,female,0-4,188,0.02337436279995027,7.53348932902001e-05,0.00011322114147496269,2.6464720374602744e-06
2012,E02005838,E07000171,8043,97155,11,3413,0.0032229709932610606,25.92235569879871,male,0-4,220,0.027352977744622652,8.815785385023416e-05,0.00011322114147496269,3.0969353629854272e-06
2012,E02004047,E07000033,5751,97155,756,2604,0.2903225806451613,1669.6451612903227,female,0-4,197,0.03425491218918449,0.009944974506537434,0.00778138026864289,0.00026655049781301504
2012,E02004047,E07000033,5751,97155,756,2604,0.2903225806451613,1669.6451612903227,male,0-4,224,0.038949747869935665,0.011307991317078096,0.00778138026864289,0.0003030827995437328
2012,E02005894,E07000175,10073,97155,18,4140,0.004347826086956522,43.79565217391304,female,0-4,323,0.03206591879281247,0.00013941703822961942,0.00018527095877721167,5.940883518816575e-06
2012,E02005894,E07000175,10073,97155,18,4140,0.004347826086956522,43.79565217391304,male,0-4,269,0.026705053112280355,0.00011610892657513198,0.00018527095877721167,4.947670794308542e-06
2012,E02005889,E07000174,10157,97155,24,4422,0.005427408412483039,55.12618724559022,female,0-4,303,0.029831643201732795,0.00016190851127127702,0.0002470279450362822,7.369249517179632e-06
2012,E02005889,E07000174,10157,97155,24,4422,0.005427408412483039,55.12618724559022,male,0-4,333,0.03278527124150832,0.0001779390569417005,0.0002470279450362822,8.09887818224692e-06
2012,E02004053,E07000033,7938,97155,492,3108,0.1583011583011583,1256.5945945945946,female,0-4,247,0.031116150163769212,0.0049257226127974426,0.005064072873243786,0.00015757445196412385
2012,E02004053,E07000033,7938,97155,492,3108,0.1583011583011583,1256.5945945945946,male,0-4,230,0.028974552784076592,0.004586705266977375,0.005064072873243786,0.00014672924676821248
2012,E02004031,E07000032,7666,97155,164,3159,0.051915163026274136,397.98163975941753,female,0-4,282,0.03678580746151839,0.0019097411914178587,0.001688024291081262,6.209533656208138e-05
2012,E02004031,E07000032,7666,97155,164,3159,0.051915163026274136,397.98163975941753,male,0-4,275,0.03587268458126794,0.0018623362682266356,0.001688024291081262,6.055396295947653e-05
2012,E02005883,E07000174,7845,97155,32,3272,0.009779951100244499,76.72371638141809,female,0-4,243,0.030975143403441683,0.00030293538780872063,0.00032937059338170965,1.0202301362875137e-05
2012,E02005883,E07000174,7845,97155,32,3272,0.009779951100244499,76.72371638141809,male,0-4,260,0.0331421287444232,0.00032412839847846645,0.00032937059338170965,1.0916042610483684e-05
2012,E02005822,E07000170,9777,97155,24,3954,0.006069802731411229,59.34446130500759,female,0-4,399,0.04081006443694385,0.00024770904058843006,0.0002470279450362822,1.00812263546565e-05
2012,E02005822,E07000170,9777,97155,24,3954,0.006069802731411229,59.34446130500759,male,0-4,391,0.039991817530939965,0.0002427424432833989,0.0002470279450362822,9.879096502934065e-06
2012,E02004030,E07000032,5665,97155,510,2112,0.24147727272727273,1367.96875,female,0-4,118,0.02082965578111209,0.005029888469870817,0.005249343832020997,0.00010934202509770126
2012,E02004030,E07000032,5665,97155,510,2112,0.24147727272727273,1367.96875,male,0-4,108,0.01906443071491615,0.004603626735136003,0.005249343832020997,0.00010007575178433675
2012,E02004032,E07000032,8284,97155,184,2974,0.06186953597848016,512.5272360457296,female,0-4,186,0.02245292129406084,0.0013891518218248804,0.0018938809119448303,4.252315905622144e-05
2012,E02004032,E07000032,8284,97155,184,2974,0.06186953597848016,512.5272360457296,male,0-4,181,0.02184934814099469,0.0013518090309156095,0.0018938809119448303,4.13800633826671e-05
2012,E02004075,E07000035,7458,97155,155,2523,0.06143479984145858,458.1807372175981,female,0-4,139,0.018637704478412443,0.0011450036441355246,0.0015953888116926561,2.9734385200493322e-05
2012,E02004075,E07000035,7458,97155,155,2523,0.06143479984145858,458.1807372175981,male,0-4,136,0.018235451863770447,0.0011202913352692902,0.0015953888116926561,2.9092635879619364e-05
2012,E02004074,E07000035,5875,97155,386,2042,0.1890303623898139,1110.5533790401566,female,0-4,151,0.02570212765957447,0.004858482505678621,0.003973032782666873,0.00010211539577577835
2012,E02004074,E07000035,5875,97155,386,2042,0.1890303623898139,1110.5533790401566,male,0-4,123,0.020936170212765958,0.003957571842373976,0.003973032782666873,8.318009059881282e-05
2012,E02002806,E06000015,6527,97155,11,1899,0.005792522380200105,37.80779357556609,female,0-4,166,0.02543281752719473,0.00014732016471782097,0.00011322114147496269,2.8795326313534254e-06
2012,E02002806,E06000015,6527,97155,11,1899,0.005792522380200105,37.80779357556609,male,0-4,193,0.029569480618967366,0.00017128187825626173,0.00011322114147496269,3.3478903485012714e-06
2012,E02002815,E06000015,7881,97155,11,2837,0.0038773352132534366,30.557278815650335,female,0-4,386,0.04897855602080954,0.00018990627995379096,0.00011322114147496269,5.545408020471463e-06
2012,E02002815,E06000015,7881,97155,11,2837,0.0038773352132534366,30.557278815650335,male,0-4,455,0.057733790128156326,0.00022385325745848415,0.00011322114147496269,6.536685619985791e-06
2012,E02002811,E06000015,10268,97155,11,3874,0.002839442436757873,29.15539494062984,female,0-4,508,0.04947409427347098,0.00014047884280025318,0.00011322114147496269,5.601513427082299e-06
2012,E02002811,E06000015,10268,97155,11,3874,0.002839442436757873,29.15539494062984,male,0-4,496,0.04830541488118426,0.00013716044493882986,0.00011322114147496269,5.469194212269332e-06
2012,E02004118,E07000039,6815,97155,10,2416,0.0041390728476821195,28.207781456953644,female,0-4,164,0.024064563462949377,9.960498122081696e-05,0.00010292831043178426,2.4769248585198268e-06
2012,E02004118,E07000039,6815,97155,10,2416,0.0041390728476821195,28.207781456953644,male,0-4,174,0.02553191489361702,0.00010567845568550092,0.00010292831043178426,2.6279568620881085e-06
2012,E02006827,E07000032,7622,97155,12,2775,0.004324324324324324,32.96,female,0-4,204,0.02676462870637628,0.00011573893494649202,0.0001235139725181411,3.3058056144976103e-06
2012,E02006827,E07000032,7622,97155,12,2775,0.004324324324324324,32.96,male,0-4,254,0.033324586722644975,0.00014410632096278908,0.0001235139725181411,4.116052088639181e-06
2012,E02005823,E07000170,7513,97155,13,3531,0.0036816765788728408,27.660436137071652,female,0-4,257,0.03420737388526554,0.0001259404872581286,0.00013380680356131955,4.577179357814339e-06
2012,E02005823,E07000170,7513,97155,13,3531,0.0036816765788728408,27.660436137071652,male,0-4,273,0.036337015839212033,0.00013378114016135838,0.00013380680356131955,4.862139940402002e-06
2012,E02005890,E07000174,6715,97155,13,2532,0.005134281200631911,34.47669826224328,female,0-4,170,0.02531645569620253,0.00012998180254764332,0.00013380680356131955,3.3875140142106215e-06
2012,E02005890,E07000174,6715,97155,13,2532,0.005134281200631911,34.47669826224328,male,0-4,166,0.024720774385703647,0.00012692340719358113,0.00013380680356131955,3.307807802111548e-06
2012,E02004040,E07000032,9078,97155,13,2840,0.004577464788732394,41.554225352112674,female,0-4,307,0.033818021590658734,0.00015480080305583222,0.00013380680356131955,4.5250813718137365e-06
2012,E02004040,E07000032,9078,97155,13,2840,0.004577464788732394,41.554225352112674,male,0-4,305,0.033597708746419916,0.00015379232876882356,0.00013380680356131955,4.495602014342637e-06
2012,E02002821,E06000015,11377,97155,13,4175,0.0031137724550898203,35.425389221556884,female,0-4,553,0.04860683835809088,0.0001513506344084267,0.00013380680356131955,6.503925671917879e-06
2012,E02002821,E06000015,11377,97155,13,4175,0.0031137724550898203,35.425389221556884,male,0-4,623,0.05475960270721631,0.0001705089425613921,0.00013380680356131955,7.327207402540395e-06
2012,E02002824,E06000015,9562,97155,13,3558,0.0036537380550871277,34.93704328274311,female,0-4,391,0.04089102698180297,0.00014940510139500805,0.00013380680356131955,5.471497614774727e-06
2012,E02002824,E06000015,9562,97155,13,3558,0.0036537380550871277,34.93704328274311,male,0-4,426,0.044551349090148504,0.00016277895957614687,0.00013380680356131955,5.961273616097273e-06
2012,E02005827,E07000170,8446,97155,14,3234,0.004329004329004329,36.56277056277056,female,0-4,231,0.027350224958560265,0.00011839924224484963,0.00014409963460449796,3.9411574228793544e-06
2012,E02005827,E07000170,8446,97155,14,3234,0.004329004329004329,36.56277056277056,male,0-4,229,0.027113426474070567,0.00011737414058039206,0.00014409963460449796,3.90703484778949e-06
2012,E02002813,E06000015,10537,97155,14,4158,0.003367003367003367,35.47811447811448,female,0-4,577,0.05475941918952264,0.0001843751487862715,0.00014409963460449796,7.890812296364746e-06
2012,E02002813,E06000015,10537,97155,14,4158,0.003367003367003367,35.47811447811448,male,0-4,568,0.053905286134573405,0.00018149927991438855,0.00014409963460449796,7.767732035242938e-06
2012,E02004080,E07000036,9536,97155,15,3327,0.004508566275924256,42.993688007213706,female,0-4,327,0.03429110738255033,0.00015460373030906372,0.0001543924656476764,5.294288618581184e-06
2012,E02004080,E07000036,9536,97155,15,3327,0.004508566275924256,42.993688007213706,male,0-4,355,0.03722734899328859,0.00016784197021320373,0.0001543924656476764,5.747622200600369e-06
2012,E02004076,E07000035,6658,97155,15,2298,0.006527415143603133,43.45953002610966,female,0-4,193,0.02898768398918594,0.0001892146474489944,0.0001543924656476764,4.475480004506089e-06
2012,E02004076,E07000035,6658,97155,15,2298,0.006527415143603133,43.45953002610966,male,0-4,202,0.030339441273655753,0.00019803812841811847,0.0001543924656476764,4.684181144612591e-06
2012,E02005830,E07000170,6081,97155,17,2266,0.007502206531332745,45.620917917034426,female,0-4,143,0.023515869100476896,0.00017642090675556367,0.00017497812773403323,4.114762747240051e-06
2012,E02005830,E07000170,6081,97155,17,2266,0.007502206531332745,45.620917917034426,male,0-4,144,0.023680315737543166,0.00017765461939021792,0.00017497812773403323,4.143537311906066e-06
2012,E02002808,E06000015,12033,97155,18,3850,0.004675324675324675,56.25818181818182,female,0-4,377,0.031330507770298346,0.00014648029606892734,0.00018527095877721167,5.8046332135800545e-06
2012,E02002808,E06000015,12033,97155,18,3850,0.004675324675324675,56.25818181818182,male,0-4,426,0.03540264273248567,0.00016551884913889404,0.00018527095877721167,6.559081562294704e-06
2012,E02005884,E07000174,6034,97155,18,2478,0.007263922518159807,43.83050847457627,female,0-4,179,0.029665230361286047,0.00021548593482774369,0.00018527095877721167,5.496105671382316e-06
2012,E02005884,E07000174,6034,97155,18,2478,0.007263922518159807,43.83050847457627,male,0-4,171,0.028339410009943652,0.00020585527852259313,0.00018527095877721167,5.25046966372277e-06
2012,E02005892,E07000174,11677,97155,19,4381,0.004336909381419767,50.64209084683862,female,0-4,330,0.028260683394707546,0.000122564022939841,0.0001955637898203901,5.526766347583176e-06
2012,E02005892,E07000174,11677,97155,19,4381,0.004336909381419767,50.64209084683862,male,0-4,352,0.030144728954354716,0.00013073495780249706,0.0001955637898203901,5.895217437422054e-06
2012,E02005820,E07000170,5704,97155,24,2206,0.010879419764279238,62.056210335448775,female,0-4,178,0.03120617110799439,0.0003395050347197939,0.0002470279450362822,7.708796321258457e-06
2012,E02005820,E07000170,5704,97155,24,2206,0.010879419764279238,62.056210335448775,male,0-4,128,0.02244039270687237,0.00024413845193333494,0.0002470279450362822,5.543404096185857e-06
2012,E02005886,E07000174,10342,97155,26,4259,0.0061047194177036865,63.135008217891524,female,0-4,340,0.03287565267839876,0.00020069663527550312,0.0002676136071226391,8.797971999777343e-06
2012,E02005886,E07000174,10342,97155,26,4259,0.0061047194177036865,63.135008217891524,male,0-4,309,0.029878166698897698,0.00018239782441214843,0.0002676136071226391,7.995803964503527e-06
2012,E02004039,E07000032,8055,97155,27,2575,0.010485436893203883,84.46019417475728,female,0-4,213,0.02644320297951583,0.00027726853609589413,0.0002779064381658175,7.348736353732977e-06
2012,E02004039,E07000032,8055,97155,27,2575,0.010485436893203883,84.46019417475728,male,0-4,214,0.026567349472377405,0.00027857026631230675,0.0002779064381658175,7.383237463374915e-06
2012,E02005829,E07000170,6670,97155,27,2570,0.010505836575875487,70.0739299610895,female,0-4,157,0.023538230884557722,0.00024728880695838853,0.0002779064381658175,6.541425905852076e-06
2012,E02005829,E07000170,6670,97155,27,2570,0.010505836575875487,70.0739299610895,male,0-4,171,0.025637181409295353,0.0002693400381521302,0.0002779064381658175,7.1247377700681855e-06
2012,E02005882,E07000174,7817,97155,29,3133,0.00925630386211299,72.35652729013725,female,0-4,180,0.023026736599718562,0.0002131424709198335,0.0002984921002521744,6.873298969603606e-06
2012,E02005882,E07000174,7817,97155,29,3133,0.00925630386211299,72.35652729013725,male,0-4,202,0.025841115517461943,0.00023919321736559092,0.0002984921002521744,7.71336884366627e-06
2012,E02005885,E07000174,8195,97155,34,3621,0.009389671361502348,76.94835680751174,female,0-4,249,0.03038438071995119,0.0002852993494831098,0.00034995625546806647,1.0633204101470233e-05
2012,E02005885,E07000174,8195,97155,34,3621,0.009389671361502348,76.94835680751174,male,0-4,230,0.028065893837705917,0.0002635295196028725,0.00034995625546806647,9.821835113807844e-06
2012,E02005821,E07000170,6379,97155,34,2601,0.013071895424836602,83.38562091503269,female,0-4,218,0.034174635522809214,0.00044672726173606816,0.00034995625546806647,1.1959627479548281e-05
2012,E02005821,E07000170,6379,97155,34,2601,0.013071895424836602,83.38562091503269,male,0-4,221,0.03464492867220567,0.0004528748846039957,0.00034995625546806647,1.2124209509083348e-05
2012,E02004037,E07000032,7801,97155,43,2364,0.018189509306260575,141.89636209813875,female,0-4,212,0.02717600307652865,0.0004943181608674839,0.0004425917348566723,1.202787434811108e-05
2012,E02004037,E07000032,7801,97155,43,2364,0.018189509306260575,141.89636209813875,male,0-4,205,0.026278682220228177,0.00047799633480110476,0.0004425917348566723,1.1630727553597979e-05
2012,E02005881,E07000174,5693,97155,43,2422,0.017753922378199834,101.07308009909165,female,0-4,162,0.0284559985947655,0.0005052055902456303,0.0004425917348566723,1.2594389785136292e-05
2012,E02005881,E07000174,5693,97155,43,2422,0.017753922378199834,101.07308009909165,male,0-4,156,0.0274020727208853,0.0004864942720883847,0.0004425917348566723,1.212793090420532e-05
2012,E02004038,E07000032,7843,97155,46,2744,0.016763848396501458,131.47886297376093,female,0-4,227,0.028943006502613795,0.00048519617314877355,0.0004734702279862076,1.3703651887398843e-05
2012,E02004038,E07000032,7843,97155,46,2744,0.016763848396501458,131.47886297376093,male,0-4,221,0.02817799311487951,0.000472371604695502,0.0004734702279862076,1.334144082429579e-05
2012,E02004036,E07000032,9930,97155,53,3520,0.015056818181818182,149.51420454545453,female,0-4,249,0.025075528700906343,0.0003775576764625103,0.0005455200452884565,1.367920355255042e-05
2012,E02004036,E07000032,9930,97155,53,3520,0.015056818181818182,149.51420454545453,male,0-4,286,0.028801611278952668,0.0004336606243705941,0.0005455200452884565,1.571185628927478e-05
2012,E02004033,E07000032,8889,97155,87,3254,0.026736324523663185,237.65918869084206,female,0-4,238,0.02677466531668354,0.0007158561409193202,0.0008954763007565231,2.3976078251777757e-05
2012,E02004033,E07000032,8889,97155,87,3254,0.026736324523663185,237.65918869084206,male,0-4,225,0.02531218359770503,0.000676754755070786,0.0008954763007565231,2.266646053214284e-05
2012,E02004034,E07000032,7217,97155,77,2551,0.03018424147393179,217.83967071736572,female,0-4,151,0.020922821116807537,0.000631539484905598,0.0007925479903247388,1.658233982804982e-05
2012,E02004034,E07000032,7217,97155,77,2551,0.03018424147393179,217.83967071736572,male,0-4,172,0.02383261743106554,0.0007193694794951182,0.0007925479903247388,1.8888493049169332e-05
2012,E02004035,E07000032,6545,97155,85,2141,0.039701074264362445,259.8435310602522,female,0-4,104,0.015889992360580595,0.0006308497667675622,0.0008748906386701663,1.390200556481242e-05
2012,E02004035,E07000032,6545,97155,85,2141,0.039701074264362445,259.8435310602522,male,0-4,144,0.022001527883880826,0.0008734842924473938,0.0008748906386701663,1.9248930782047966e-05
2012,E02004043,E07000032,7034,97155,16,2595,0.006165703275529865,43.369556840077074,female,0-4,173,0.024594825135058288,0.00015164439389631315,0.00016468529669085483,4.050406074426767e-06
2012,E02004043,E07000032,7034,97155,16,2595,0.006165703275529865,43.369556840077074,male,0-4,152,0.021609326130224624,0.00013323669290311906,0.00016468529669085483,3.558738285045484e-06
2012,E02002820,E06000015,9785,97155,11,3613,0.003044561306393579,29.791032383061168,female,0-4,421,0.04302503832396525,0.00013099236688724543,0.00011322114147496269,4.8713439510433615e-06
2012,E02002820,E06000015,9785,97155,11,3613,0.003044561306393579,29.791032383061168,male,0-4,431,0.04404701073071027,0.00013410382453302324,0.00011322114147496269,4.987052833490947e-06
2012,E02002801,E06000015,7589,97155,9,2732,0.003294289897510981,25.000366032210835,female,0-4,244,0.0321517986559494,0.00010591734549910125,9.263547938860583e-05,2.9783972816998054e-06
2012,E02002801,E06000015,7589,97155,9,2732,0.003294289897510981,25.000366032210835,male,0-4,253,0.03333772565555409,0.00010982413283308448,9.263547938860583e-05,3.0882561978280767e-06
2012,E02002816,E06000015,9479,97155,9,2797,0.0032177332856632105,30.50089381480157,female,0-4,307,0.03238738263529908,0.00010421395914111253,9.263547938860583e-05,3.0002207165631387e-06
2012,E02002816,E06000015,9479,97155,9,2797,0.0032177332856632105,30.50089381480157,male,0-4,278,0.029327988184407638,9.43696437825058e-05,9.263547938860583e-05,2.716812244965969e-06
2012,E02002803,E06000015,7912,97155,8,2208,0.0036231884057971015,28.666666666666668,female,0-4,158,0.019969666329625886,7.235386351313727e-05,8.234264834542741e-05,1.6443552121559064e-06
2012,E02002803,E06000015,7912,97155,8,2208,0.0036231884057971015,28.666666666666668,male,0-4,160,0.020222446916076844,7.326973520317698e-05,8.234264834542741e-05,1.6651698350945887e-06
2012,E02004084,E07000036,6139,97155,8,2240,0.0035714285714285713,21.925,female,0-4,196,0.03192702394526796,0.00011402508551881414,8.234264834542741e-05,2.62895570544124e-06
2012,E02004084,E07000036,6139,97155,8,2240,0.0035714285714285713,21.925,male,0-4,188,0.030623880110767224,0.00010937100039559723,8.234264834542741e-05,2.521651390933434e-06
2012,E02002825,E06000015,8582,97155,8,3211,0.002491435689816257,21.381501090003116,female,0-4,317,0.036937776742018175,9.202809527752894e-05,8.234264834542741e-05,3.04155436092991e-06
2012,E02002825,E06000015,8582,97155,8,3211,0.002491435689816257,21.381501090003116,male,0-4,319,0.03717082265206246,9.260871417517897e-05,8.234264834542741e-05,3.0607439783490265e-06
2012,E02004083,E07000036,7917,97155,8,2488,0.003215434083601286,25.456591639871384,female,0-4,237,0.02993558165971959,9.625588958109193e-05,8.234264834542741e-05,2.4649750736221167e-06
2012,E02004083,E07000036,7917,97155,8,2488,0.003215434083601286,25.456591639871384,male,0-4,284,0.035872173803208285,0.0001153446102997051,8.234264834542741e-05,2.9538097928636335e-06
2012,E02006872,E07000037,12346,97155,354,4893,0.07234825260576333,893.2115266707541,female,5-9,307,0.024866353474809654,0.0017990372225797297,0.003643662189285163,9.060459194156367e-05
2012,E02006872,E07000037,12346,97155,354,4893,0.07234825260576333,893.2115266707541,male,5-9,353,0.028592256601328365,0.0020685998031617085,0.003643662189285163,0.00010418052428459926
2012,E02004103,E07000037,7137,97155,89,3114,0.028580603725112397,203.97976878612718,female,5-9,216,0.03026481715006305,0.0008649867457789376,0.0009160619628428799,2.7724447803567614e-05
2012,E02004103,E07000037,7137,97155,89,3114,0.028580603725112397,203.97976878612718,male,5-9,240,0.03362757461118117,0.0009610963841988196,0.0009160619628428799,3.0804942003964015e-05
2012,E02004097,E07000037,7704,97155,29,2762,0.010499637943519189,80.88921071687183,female,5-9,185,0.0240134994807892,0.00025213305030517266,0.0002984921002521744,7.167839894425268e-06
2012,E02004097,E07000037,7704,97155,29,2762,0.010499637943519189,80.88921071687183,male,5-9,191,0.024792315680166148,0.00026031033842317824,0.0002984921002521744,7.400310377487709e-06
2012,E02004102,E07000037,8625,97155,96,3736,0.02569593147751606,221.627408993576,female,5-9,193,0.0223768115942029,0.0005749930174099246,0.000988111780145129,2.2110791138319986e-05
2012,E02004102,E07000037,8625,97155,96,3736,0.02569593147751606,221.627408993576,male,5-9,141,0.01634782608695652,0.00042007261893678427,0.000988111780145129,1.6153479536285585e-05
2012,E02004098,E07000037,7341,97155,47,3145,0.014944356120826709,109.70651828298887,female,5-9,180,0.024519820187985288,0.00036643292490788827,0.00048376305902938604,1.1861783220990258e-05
2012,E02004098,E07000037,7341,97155,47,3145,0.014944356120826709,109.70651828298887,male,5-9,203,0.027652908323116742,0.0004132549097572295,0.00048376305902938604,1.3377455521450125e-05
2012,E02004104,E07000037,7167,97155,84,2895,0.029015544041450778,207.95440414507772,female,5-9,205,0.02860332077577787,0.0008299409137013269,0.0008645978076269878,2.473036843358902e-05
2012,E02004104,E07000037,7167,97155,84,2895,0.029015544041450778,207.95440414507772,male,5-9,194,0.02706850844146784,0.0007854074988197922,0.0008645978076269878,2.3403373054225707e-05
2012,E02004100,E07000037,7641,97155,54,3050,0.017704918032786884,135.28327868852458,female,5-9,207,0.027090694935217905,0.0004796385332792678,0.000555812876331635,1.505735707376632e-05
2012,E02004100,E07000037,7641,97155,54,3050,0.017704918032786884,135.28327868852458,male,5-9,232,0.03036251799502683,0.0005375658923709668,0.000555812876331635,1.6875878459486892e-05
2012,E02004068,E07000035,7531,97155,1163,2634,0.4415337889141989,3325.190964312832,female,5-9,205,0.02722082060815297,0.012018912060471489,0.011970562503216509,0.00032584853447873915
2012,E02004068,E07000035,7531,97155,1163,2634,0.4415337889141989,3325.190964312832,male,5-9,225,0.029876510423582525,0.01319148884685895,0.011970562503216509,0.00035763863540349416
2012,E02006210,E07000198,5452,97155,24,1854,0.012944983818770227,70.57605177993528,female,5-9,121,0.02219369038884813,0.00028729696296243536,0.0002470279450362822,5.482461729528641e-06
2012,E02006210,E07000198,5452,97155,24,1854,0.012944983818770227,70.57605177993528,male,5-9,130,0.02384446074834923,0.0003086661585546826,0.0002470279450362822,5.890248139163003e-06
2012,E02006204,E07000198,7282,97155,11,2851,0.003858295334970186,28.096106629252894,female,5-9,194,0.026641032683328757,0.0001027889721208756,0.00011322114147496269,3.01632813047827e-06
2012,E02006204,E07000198,7282,97155,11,2851,0.003858295334970186,28.096106629252894,male,5-9,191,0.02622905795111233,0.00010119945193343938,0.00011322114147496269,2.9696838810378844e-06
2012,E02004070,E07000035,6373,97155,1527,2452,0.6227569331158238,3968.829934747145,female,5-9,145,0.022752235995606464,0.014169112710151335,0.015717153002933457,0.0003576003743017968
2012,E02004070,E07000035,6373,97155,1527,2452,0.6227569331158238,3968.829934747145,male,5-9,135,0.021183116271771538,0.013191932523244347,0.015717153002933457,0.0003329382795223626
2012,E02006803,E08000019,8747,97155,441,3080,0.1431818181818182,1252.4113636363636,female,5-9,254,0.02903852749514119,0.004157789164077034,0.004539138490041686,0.00013180989784732916
2012,E02006803,E08000019,8747,97155,441,3080,0.1431818181818182,1252.4113636363636,male,5-9,226,0.02583742997599177,0.0036994502011079124,0.004539138490041686,0.00011727967288778107
2012,E02006869,E08000019,11118,97155,31,4236,0.007318224740321058,81.36402266288952,female,5-9,294,0.02644360496492175,0.0001935202440775671,0.0003190777623385312,8.437566300371306e-06
2012,E02006869,E08000019,11118,97155,31,4236,0.007318224740321058,81.36402266288952,male,5-9,354,0.03184025903939557,0.0002330141714403359,0.0003190777623385312,1.015951860656953e-05
2012,E02006868,E08000019,12500,97155,11,4482,0.0024542614904060687,30.67826863007586,female,5-9,322,0.02576,6.322177599286034e-05,0.00011322114147496269,2.9165766043950392e-06
2012,E02006868,E08000019,12500,97155,11,4482,0.0024542614904060687,30.67826863007586,male,5-9,487,0.03896,9.561802766622045e-05,0.00011322114147496269,4.411095671864546e-06
2012,E02004105,E07000038,9450,97155,1852,3263,0.5675758504443763,5363.591786699356,female,5-9,218,0.02306878306878307,0.01309328416898138,0.019062323091966444,0.000439744596195628
2012,E02004105,E07000038,9450,97155,1852,3263,0.5675758504443763,5363.591786699356,male,5-9,224,0.023703703703703703,0.013453649788311142,0.019062323091966444,0.0004518476584762416
2012,E02001634,E08000019,9260,97155,11,3128,0.003516624040920716,32.56393861892583,female,5-9,160,0.017278617710583154,6.0762402434915184e-05,0.00011322114147496269,1.9563048203017313e-06
2012,E02001634,E08000019,9260,97155,11,3128,0.003516624040920716,32.56393861892583,male,5-9,183,0.01976241900647948,6.949699778493422e-05,0.00011322114147496269,2.2375236382201046e-06
2012,E02001669,E08000019,7690,97155,45,2629,0.017116774438950173,131.62799543552683,female,5-9,211,0.027438231469440834,0.0004696540190661231,0.0004631773969430292,1.2708768628735911e-05
2012,E02001669,E08000019,7690,97155,45,2629,0.017116774438950173,131.62799543552683,male,5-9,212,0.027568270481144342,0.00047187986749771605,0.0004631773969430292,1.2768999759677787e-05
2012,E02001660,E08000019,9889,97155,23,3458,0.006651243493348756,65.77414690572586,female,5-9,302,0.03053898270805946,0.00020312221003047066,0.0002367351139931038,7.229649552625882e-06
2012,E02001660,E08000019,9889,97155,23,3458,0.006651243493348756,65.77414690572586,male,5-9,289,0.029224390737182727,0.00019437853873776828,0.0002367351139931038,6.91843947254596e-06
2012,E02001653,E08000019,7439,97155,9,2991,0.003009027081243731,22.384152457372114,female,5-9,198,0.02661648070977282,8.008971126310778e-05,9.263547938860583e-05,2.4656304501873847e-06
2012,E02001653,E08000019,7439,97155,9,2991,0.003009027081243731,22.384152457372114,male,5-9,221,0.02970829412555451,8.939306156134758e-05,9.263547938860583e-05,2.7520420681384448e-06
2012,E02001662,E08000019,7588,97155,15,3172,0.004728877679697352,35.8827238335435,female,5-9,195,0.02569847127042699,0.00012152492719306584,0.0001543924656476764,3.967650342817198e-06
2012,E02001662,E08000019,7588,97155,15,3172,0.004728877679697352,35.8827238335435,male,5-9,196,0.025830258302583026,0.00012214813194790208,0.0001543924656476764,3.987997267652158e-06
2012,E02001655,E08000019,7681,97155,14,3228,0.004337050805452293,33.31288723667906,female,5-9,237,0.03085535737534175,0.00013382125255724427,0.00014409963460449796,4.446245723377948e-06
2012,E02001655,E08000019,7681,97155,14,3228,0.004337050805452293,33.31288723667906,male,5-9,209,0.027209998698086185,0.00011801114676989053,0.00014409963460449796,3.920950869983084e-06
2012,E02001650,E08000019,9415,97155,10,2336,0.004280821917808219,40.30393835616438,female,5-9,160,0.016994158258098777,7.27489651459708e-05,0.00010292831043178426,1.749179996716461e-06
2012,E02001650,E08000019,9415,97155,10,2336,0.004280821917808219,40.30393835616438,male,5-9,153,0.016250663834306955,6.956619792083457e-05,0.00010292831043178426,1.6726533718601158e-06
2012,E02001627,E08000019,6085,97155,8,2236,0.0035778175313059034,21.77101967799642,female,5-9,133,0.021857025472473295,7.820044891761465e-05,8.234264834542741e-05,1.799765362356918e-06
2012,E02001627,E08000019,6085,97155,8,2236,0.0035778175313059034,21.77101967799642,male,5-9,179,0.02941659819227609,0.00010524722072370693,8.234264834542741e-05,2.4222406004653258e-06
2012,E02001656,E08000019,7888,97155,17,2300,0.007391304347826087,58.302608695652175,female,5-9,179,0.022692697768762676,0.00016772863568215892,0.00017497812773403323,3.970725768812367e-06
2012,E02001656,E08000019,7888,97155,17,2300,0.007391304347826087,58.302608695652175,male,5-9,188,0.02383367139959432,0.00017616191904047977,0.00017497812773403323,4.17037119852919e-06
2012,E02001666,E08000019,6153,97155,17,2708,0.006277695716395864,38.62666174298375,female,5-9,178,0.028928977734438484,0.0001816073196031958,0.00017497812773403323,5.06193836123158e-06
2012,E02001666,E08000019,6153,97155,17,2708,0.006277695716395864,38.62666174298375,male,5-9,207,0.03364212579229644,0.00021119502897675018,0.00017497812773403323,5.8866361841288605e-06
2012,E02001678,E08000019,10006,97155,92,3559,0.025849957853329587,258.65467828041585,female,5-9,253,0.025284829102538476,0.000653611766629261,0.0009469404559724152,2.3943227599542377e-05
2012,E02001678,E08000019,10006,97155,92,3559,0.025849957853329587,258.65467828041585,male,5-9,278,0.027783330001998802,0.0007181979095768165,0.0009469404559724152,2.630915918052483e-05
2012,E02001680,E08000019,6098,97155,251,2873,0.08736512356421859,532.7525234946049,female,5-9,176,0.028861921941620204,0.0025215253767304807,0.002583500591837785,7.456479241775175e-05
2012,E02001680,E08000019,6098,97155,251,2873,0.08736512356421859,532.7525234946049,male,5-9,181,0.029681862905870778,0.0025931596203875966,0.002583500591837785,7.668311038416514e-05
2012,E02001642,E08000019,9800,97155,8,3907,0.002047606859482979,20.066547222933195,female,5-9,254,0.025918367346938774,5.30706267661915e-05,8.234264834542741e-05,2.134187008136588e-06
2012,E02001642,E08000019,9800,97155,8,3907,0.002047606859482979,20.066547222933195,male,5-9,324,0.03306122448979592,6.769639004821279e-05,8.234264834542741e-05,2.7223487820324984e-06
2012,E02001665,E08000019,9466,97155,44,3159,0.013928458372902817,131.84678695789808,female,5-9,312,0.0329600676103951,0.0004590829296794506,0.00045288456589985077,1.4927105911763515e-05
2012,E02001665,E08000019,9466,97155,44,3159,0.013928458372902817,131.84678695789808,male,5-9,316,0.03338263257975914,0.0004649686082650846,0.00045288456589985077,1.5118479064478433e-05
2012,E02001664,E08000019,6233,97155,26,2407,0.01080182800166182,67.32779393435813,female,5-9,158,0.02534894914166533,0.0002738149886511419,0.0002676136071226391,6.783723716569386e-06
2012,E02001664,E08000019,6233,97155,26,2407,0.01080182800166182,67.32779393435813,male,5-9,155,0.024867639980747633,0.0002686159698792848,0.0002676136071226391,6.654918835875029e-06
2012,E02001659,E08000019,6120,97155,10,2607,0.0038358266206367474,23.475258918296895,female,5-9,129,0.02107843137254902,8.085320818008831e-05,0.00010292831043178426,2.169567327728786e-06
2012,E02001659,E08000019,6120,97155,10,2607,0.0038358266206367474,23.475258918296895,male,5-9,164,0.02679738562091503,0.00010279012512817427,0.00010292831043178426,2.758209625949774e-06
2012,E02001636,E08000019,9739,97155,8,3457,0.0023141452126120912,22.537460225629157,female,5-9,229,0.02351370777287196,5.441413427335136e-05,8.234264834542741e-05,1.936180970438739e-06
2012,E02001636,E08000019,9739,97155,8,3457,0.0023141452126120912,22.537460225629157,male,5-9,244,0.025053906971968375,5.797837887640931e-05,8.234264834542741e-05,2.063005051471844e-06
2012,E02001679,E08000019,6324,97155,179,2654,0.06744536548605878,426.5244913338357,female,5-9,188,0.029728020240354206,0.0020050171902876424,0.0018424167567289383,5.477140263520563e-05
2012,E02001679,E08000019,6324,97155,179,2654,0.06744536548605878,426.5244913338357,male,5-9,202,0.03194180898165718,0.0021543269810537437,0.0018424167567289383,5.8850124108040096e-05
2012,E02001681,E08000019,7453,97155,157,2675,0.05869158878504673,437.4284112149533,female,5-9,200,0.026834831611431638,0.0015749789020541186,0.0016159744737790128,4.336440289223166e-05
2012,E02001681,E08000019,7453,97155,157,2675,0.05869158878504673,437.4284112149533,male,5-9,211,0.028310747350060377,0.001661602741667095,0.0016159744737790128,4.57494450513044e-05
2012,E02001657,E08000019,8992,97155,11,2789,0.003944065973467192,35.465041233417,female,5-9,296,0.03291814946619217,0.00012983135321911575,0.00011322114147496269,3.727030457805711e-06
2012,E02001657,E08000019,8992,97155,11,2789,0.003944065973467192,35.465041233417,male,5-9,298,0.03314056939501779,0.0001307085920922179,0.00011322114147496269,3.752213096034128e-06
2012,E02001671,E08000019,5902,97155,28,2247,0.012461059190031152,73.54517133956386,female,5-9,103,0.017451711284310403,0.0002174668072811265,0.0002881992692089959,5.029570438584646e-06
2012,E02001671,E08000019,5902,97155,28,2247,0.012461059190031152,73.54517133956386,male,5-9,118,0.019993222636394442,0.00024913673067158184,0.0002881992692089959,5.762032152941633e-06
2012,E02001652,E08000019,12526,97155,8,2986,0.0026791694574681848,33.55927662424648,female,5-9,238,0.01900047900367236,5.0905503023904514e-05,8.234264834542741e-05,1.5645497609940703e-06
2012,E02001652,E08000019,12526,97155,8,2986,0.0026791694574681848,33.55927662424648,male,5-9,257,0.020517323966150407,5.496938771909017e-05,8.234264834542741e-05,1.689450792333933e-06
2012,E02001673,E08000019,5543,97155,43,1955,0.021994884910485932,121.91764705882352,female,5-9,168,0.030308497203680316,0.0006666319078047333,0.0004425917348566723,1.3414290358275472e-05
2012,E02001673,E08000019,5543,97155,43,1955,0.021994884910485932,121.91764705882352,male,5-9,159,0.028684827710626016,0.0006309194841723368,0.0004425917348566723,1.2695667660510716e-05
2012,E02001661,E08000019,7877,97155,14,3256,0.0042997542997543,33.86916461916462,female,5-9,206,0.026152088358512123,0.00011244755436706686,0.00014409963460449796,3.7685063766061417e-06
2012,E02001661,E08000019,7877,97155,14,3256,0.0042997542997543,33.86916461916462,male,5-9,216,0.02742160721086708,0.00011790617351109924,0.00014409963460449796,3.951443579354013e-06
2012,E02001649,E08000019,9557,97155,9,4107,0.002191380569758948,20.943024105186268,female,5-9,350,0.036622371036936274,8.025355230884501e-05,9.263547938860583e-05,3.3925308973539855e-06
2012,E02001649,E08000019,9557,97155,9,4107,0.002191380569758948,20.943024105186268,male,5-9,379,0.039656796065711,8.690313235729218e-05,9.263547938860583e-05,3.6736263145633165e-06
2012,E02001676,E08000019,5995,97155,109,2168,0.050276752767527674,301.4091328413284,female,5-9,151,0.02518765638031693,0.0012663535726266354,0.0011219185837064484,2.825849977308986e-05
2012,E02001676,E08000019,5995,97155,109,2168,0.050276752767527674,301.4091328413284,male,5-9,206,0.03436196830692244,0.0017276081851727609,0.0011219185837064484,3.855133081626829e-05
2012,E02001651,E08000019,8119,97155,13,2920,0.004452054794520548,36.146232876712325,female,5-9,256,0.031530976721271094,0.00014037763608785075,0.00013380680356131955,4.219059208239661e-06
2012,E02001651,E08000019,8119,97155,13,2920,0.004452054794520548,36.146232876712325,male,5-9,270,0.0332553270107156,0.00014805453806140509,0.00013380680356131955,4.449789008690267e-06
2012,E02001674,E08000019,8647,97155,130,3282,0.039609993906154786,342.50761730652044,female,5-9,171,0.01977564473227709,0.0007833131673357776,0.0013380680356131953,2.6461158099902442e-05
2012,E02001674,E08000019,8647,97155,130,3282,0.039609993906154786,342.50761730652044,male,5-9,215,0.024864114721868856,0.000984867432615159,0.0013380680356131953,3.326987714315219e-05
2012,E02001618,E08000019,9708,97155,8,3293,0.0024293956878226543,23.584573337382327,female,5-9,284,0.029254223320972394,7.107008398657126e-05,8.234264834542741e-05,2.4088702235374314e-06
2012,E02001618,E08000019,9708,97155,8,3293,0.0024293956878226543,23.584573337382327,male,5-9,291,0.029975278121137205,7.282181140877548e-05,8.234264834542741e-05,2.468243785385185e-06
2012,E02001672,E08000019,6175,97155,39,2203,0.017703132092601,109.31684067181118,female,5-9,159,0.02574898785425101,0.00045583773323458444,0.0004014204106839586,1.0336169279149704e-05
2012,E02001672,E08000019,6175,97155,39,2203,0.017703132092601,109.31684067181118,male,5-9,150,0.024291497975708502,0.0004300355973911174,0.0004014204106839586,9.751103093537456e-06
2012,E02001675,E08000019,9063,97155,141,3730,0.03780160857908847,342.59597855227884,female,5-9,248,0.027364007503034315,0.0010344035007849432,0.001451289177088158,3.9713087930912854e-05
2012,E02001675,E08000019,9063,97155,141,3730,0.03780160857908847,342.59597855227884,male,5-9,219,0.024164184045018206,0.000913445026902833,0.001451289177088158,3.506921877770127e-05
2012,E02001670,E08000019,6002,97155,19,2500,0.0076,45.6152,female,5-9,173,0.02882372542485838,0.00021906031322892368,0.0001955637898203901,5.6368769808276386e-06
2012,E02001670,E08000019,6002,97155,19,2500,0.0076,45.6152,male,5-9,218,0.03632122625791403,0.0002760413195601466,0.0001955637898203901,7.103116657921533e-06
2012,E02001639,E08000019,6154,97155,8,2044,0.003913894324853229,24.08610567514677,female,5-9,127,0.020636984075398115,8.077097485478715e-05,8.234264834542741e-05,1.6993039226306925e-06
2012,E02001639,E08000019,6154,97155,8,2044,0.003913894324853229,24.08610567514677,male,5-9,107,0.017387065323366917,6.805113629497814e-05,8.234264834542741e-05,1.4316970056809773e-06
2012,E02001663,E08000019,7671,97155,36,2525,0.014257425742574258,109.36871287128713,female,5-9,204,0.02659366445052796,0.00037915719612633927,0.00037054191755442334,9.85406742029753e-06
2012,E02001663,E08000019,7671,97155,36,2525,0.014257425742574258,109.36871287128713,male,5-9,222,0.02894016425498631,0.0004126122428433692,0.00037054191755442334,1.0723543957382606e-05
2012,E02005888,E07000174,8284,97155,13,3488,0.0037270642201834864,30.875,female,5-9,250,0.03017865765330758,0.00011247779515280921,0.00013380680356131955,4.03810971636044e-06
2012,E02005888,E07000174,8284,97155,13,3488,0.0037270642201834864,30.875,male,5-9,283,0.03416224046354418,0.00012732486411298004,0.00013380680356131955,4.571140198920018e-06
2012,E02005887,E07000174,9349,97155,23,4120,0.00558252427184466,52.19101941747572,female,5-9,240,0.025671194780190396,0.0001433100679476648,0.0002367351139931038,6.0772732226275446e-06
2012,E02005887,E07000174,9349,97155,23,4120,0.00558252427184466,52.19101941747572,male,5-9,266,0.028452240881377686,0.00015883532530866184,0.0002367351139931038,6.735644488412194e-06
2012,E02005880,E07000174,6267,97155,70,2630,0.026615969581749048,166.8022813688213,female,5-9,176,0.028083612573799266,0.0007474725780098663,0.0007204981730224899,2.0234191551293795e-05
2012,E02005880,E07000174,6267,97155,70,2630,0.026615969581749048,166.8022813688213,male,5-9,185,0.02951970639859582,0.000785695607567189,0.0007204981730224899,2.126889452834859e-05
2012,E02005824,E07000170,9785,97155,37,3726,0.009930220075147612,97.16720343531938,female,5-9,268,0.027388860500766478,0.00027197741238012876,0.00038083474859760175,1.0430629803184187e-05
2012,E02005824,E07000170,9785,97155,37,3726,0.009930220075147612,97.16720343531938,male,5-9,324,0.03311190597853858,0.00032880851347448406,0.00038083474859760175,1.2610164388924166e-05
2012,E02005819,E07000170,6111,97155,44,2362,0.018628281117696866,113.83742591024554,female,5-9,169,0.027655048273604974,0.0005151660135641908,0.00045288456589985077,1.2524544532331006e-05
2012,E02005819,E07000170,6111,97155,44,2362,0.018628281117696866,113.83742591024554,male,5-9,187,0.03060055637375225,0.0005700357664881875,0.00045288456589985077,1.3858519689620698e-05
2012,E02005891,E07000174,6437,97155,13,2886,0.0045045045045045045,28.995495495495494,female,5-9,177,0.027497281342240176,0.00012386162766774854,0.00013380680356131955,3.679323323031468e-06
2012,E02005891,E07000174,6437,97155,13,2886,0.0045045045045045045,28.995495495495494,male,5-9,195,0.03029361503806121,0.0001364577253966721,0.00013380680356131955,4.053491796560092e-06
2012,E02005825,E07000170,8073,97155,18,3312,0.005434782608695652,43.875,female,5-9,258,0.031958379784466744,0.00017368684665471055,0.00018527095877721167,5.920959663634413e-06
2012,E02005825,E07000170,8073,97155,18,3312,0.005434782608695652,43.875,male,5-9,261,0.032329988851727984,0.00017570646115069557,0.00018527095877721167,5.989808031816208e-06
2012,E02004029,E07000032,6402,97155,379,2746,0.13801893663510562,883.5972323379461,female,5-9,152,0.023742580443611373,0.0032769257058006956,0.0039009829653646236,9.261940186432722e-05
2012,E02004029,E07000032,6402,97155,379,2746,0.13801893663510562,883.5972323379461,male,5-9,152,0.023742580443611373,0.0032769257058006956,0.0039009829653646236,9.261940186432722e-05
2012,E02004054,E07000033,8677,97155,295,3267,0.09029690847872666,783.5062748699113,female,5-9,189,0.021781721793246514,0.0019668221392738663,0.003036385157737636,6.613769676298412e-05
2012,E02004054,E07000033,8677,97155,295,3267,0.09029690847872666,783.5062748699113,male,5-9,233,0.026852598824478508,0.0024247066584698993,0.003036385157737636,8.153483251732963e-05
2012,E02004050,E07000033,7057,97155,1059,3002,0.35276482345103266,2489.4613590939375,female,5-9,200,0.028340654669122858,0.00999758604083981,0.010900108074725953,0.00030891619880192583
2012,E02004050,E07000033,7057,97155,1059,3002,0.35276482345103266,2489.4613590939375,male,5-9,216,0.030607907042652684,0.010797392924106993,0.010900108074725953,0.00033362949470607987
2012,E02004051,E07000033,9152,97155,1124,3894,0.2886492039034412,2641.7175141242938,female,5-9,276,0.030157342657342656,0.008704892949885246,0.01156914209253255,0.00034889458233599034
2012,E02004051,E07000033,9152,97155,1124,3894,0.2886492039034412,2641.7175141242938,male,5-9,251,0.0274256993006993,0.007916406269642016,0.01156914209253255,0.0003172918121968608
2012,E02004049,E07000033,7821,97155,2582,3223,0.801116971765436,6265.535836177474,female,5-9,180,0.023014959723820484,0.01843767483925054,0.026576089753486697,0.0006116476352931346
2012,E02004049,E07000033,7821,97155,2582,3223,0.801116971765436,6265.535836177474,male,5-9,187,0.02390998593530239,0.019154695527443616,0.026576089753486697,0.0006354339322212009
2012,E02004117,E07000038,7364,97155,2215,2973,0.7450386814665321,5486.464850319542,female,5-9,193,0.026208582292232482,0.019526407594111988,0.022798620760640213,0.0005975195283546389
2012,E02004117,E07000038,7364,97155,2215,2973,0.7450386814665321,5486.464850319542,male,5-9,185,0.025122216186854972,0.018717022823371596,0.022798620760640213,0.0005727518795109233
2012,E02004112,E07000038,6508,97155,2022,2401,0.8421491045397751,5480.706372344856,female,5-9,156,0.023970497848801474,0.020186733298740767,0.020812104369306778,0.0004988765030134999
2012,E02004112,E07000038,6508,97155,2022,2401,0.8421491045397751,5480.706372344856,male,5-9,151,0.02320221266133989,0.019539722616088818,0.020812104369306778,0.00048288687150665696
2012,E02004052,E07000033,7869,97155,1852,3077,0.601884952876178,4736.232694182645,female,5-9,208,0.02643283771762613,0.015909527284057066,0.019062323091966444,0.0005038712928109062
2012,E02004052,E07000033,7869,97155,1852,3077,0.601884952876178,4736.232694182645,male,5-9,200,0.025416190113102047,0.015297622388516409,0.019062323091966444,0.00048449162770279434
2012,E02004061,E07000034,7216,97155,2534,2904,0.8725895316804407,6296.60606060606,female,5-9,169,0.023420177383592016,0.020436201615021406,0.026082033863414133,0.0006108458596060127
2012,E02004061,E07000034,7216,97155,2534,2904,0.8725895316804407,6296.60606060606,male,5-9,166,0.023004434589800442,0.0200734288052873,0.026082033863414133,0.0006000024419798705
2012,E02004111,E07000038,5498,97155,1933,2254,0.857586512866016,4715.010647737356,female,5-9,123,0.022371771553292105,0.01918572955302291,0.019896042406463896,0.0004451097155320224
2012,E02004111,E07000038,5498,97155,1933,2254,0.857586512866016,4715.010647737356,male,5-9,117,0.021280465623863223,0.01824984030653399,0.019896042406463896,0.0004233970464816799
2012,E02004062,E07000034,7987,97155,2706,3135,0.8631578947368421,6894.042105263158,female,5-9,180,0.022536622010767497,0.01945266320929405,0.02785240080284082,0.0006276990289860207
2012,E02004062,E07000034,7987,97155,2706,3135,0.8631578947368421,6894.042105263158,male,5-9,186,0.023287842744459747,0.020101085316270518,0.02785240080284082,0.0006486223299522214
2012,E02004048,E07000033,6835,97155,2283,2771,0.8238902923132443,5631.290147961025,female,5-9,181,0.02648134601316752,0.021817723907636755,0.023498533271576347,0.0006222727903665426
2012,E02004048,E07000033,6835,97155,2283,2771,0.8238902923132443,5631.290147961025,male,5-9,209,0.03057790782735918,0.025192841418210394,0.023498533271576347,0.0007185359844563945
2012,E02004114,E07000038,7226,97155,2342,2813,0.8325630998933523,6016.100959829364,female,5-9,147,0.02034320509272073,0.016937001893761804,0.024105810303123875,0.0004903894429226695
2012,E02004114,E07000038,7226,97155,2342,2813,0.8325630998933523,6016.100959829364,male,5-9,159,0.02200387489620814,0.018319614293252563,0.024105810303123875,0.0005304212341816629
2012,E02004059,E07000034,7158,97155,2641,3075,0.8588617886178862,6147.7326829268295,female,5-9,176,0.024587873707739592,0.021117585190939925,0.027183366785034222,0.0006683811894615847
2012,E02004059,E07000034,7158,97155,2641,3075,0.8588617886178862,6147.7326829268295,male,5-9,144,0.020117351215423303,0.017278024247132664,0.027183366785034222,0.0005468573368322057
2012,E02004073,E07000035,9138,97155,2604,3611,0.7211298809194129,6589.6848518415945,female,5-9,200,0.02188662727073758,0.015783100917474566,0.02680253203643662,0.0005866170285934914
2012,E02004073,E07000035,9138,97155,2604,3611,0.7211298809194129,6589.6848518415945,male,5-9,214,0.02341869117968921,0.016887917981697784,0.02680253203643662,0.0006276802205950358
2012,E02004063,E07000034,7940,97155,2649,3057,0.8665358194308145,6880.294406280667,female,5-9,180,0.022670025188916875,0.01964438885359529,0.02726570943337965,0.0006181143196484051
2012,E02004063,E07000034,7940,97155,2649,3057,0.8665358194308145,6880.294406280667,male,5-9,171,0.021536523929471033,0.018662169410915527,0.02726570943337965,0.0005872086036659849
2012,E02004072,E07000035,8613,97155,2654,3330,0.796996996996997,6864.5351351351355,female,5-9,204,0.023685127133402994,0.018876975198814278,0.027317173588595544,0.000647010729371124
2012,E02004072,E07000035,8613,97155,2654,3330,0.796996996996997,6864.5351351351355,male,5-9,225,0.02612330198537095,0.020820193233986338,0.027317173588595544,0.0007136147750416808
2012,E02004046,E07000033,6301,97155,1091,2510,0.4346613545816733,2738.8011952191237,female,5-9,146,0.023170925249960325,0.010071505756058452,0.011229478668107662,0.0002601974108147467
2012,E02004046,E07000033,6301,97155,1091,2510,0.4346613545816733,2738.8011952191237,male,5-9,134,0.021266465640374543,0.009243710762409811,0.011229478668107662,0.0002388113222546305
2012,E02004067,E07000034,6422,97155,2390,2772,0.8621933621933622,5537.005772005772,female,5-9,175,0.027250077857365308,0.023494836247872686,0.02459986619319644,0.0006703482690453717
2012,E02004067,E07000034,6422,97155,2390,2772,0.8621933621933622,5537.005772005772,male,5-9,192,0.02989722827779508,0.025777191769094602,0.02459986619319644,0.0007354678151812078
2012,E02004065,E07000034,8352,97155,2549,3047,0.8365605513619954,6986.953724975385,female,5-9,178,0.021312260536398467,0.017828996425099997,0.02623642632906181,0.0005591575534689897
2012,E02004065,E07000034,8352,97155,2549,3047,0.8365605513619954,6986.953724975385,male,5-9,200,0.023946360153256706,0.020032580252921345,0.02623642632906181,0.0006282669140101008
2012,E02004071,E07000035,5146,97155,1549,1961,0.7899031106578276,4064.8414074451807,female,5-9,125,0.024290711232024875,0.01918730836226748,0.01594359528588338,0.0003872812690896663
2012,E02004071,E07000035,5146,97155,1549,1961,0.7899031106578276,4064.8414074451807,male,5-9,136,0.026428293820443063,0.020875791498147018,0.01594359528588338,0.0004213620207695569
2012,E02004064,E07000034,8842,97155,3131,3617,0.8656345037323749,7653.940282001659,female,5-9,198,0.022393123727663423,0.019384260545013597,0.03222685399619165,0.0007216599288900641
2012,E02004064,E07000034,8842,97155,3131,3617,0.8656345037323749,7653.940282001659,male,5-9,226,0.025559828093191586,0.022125469106934713,0.03222685399619165,0.0008237128481270429
2012,E02004055,E07000034,7186,97155,2530,2997,0.8441775108441775,6066.259592926259,female,5-9,165,0.022961313665460618,0.019383424615820943,0.026040862539241417,0.0005979324128826655
2012,E02004055,E07000034,7186,97155,2530,2997,0.8441775108441775,6066.259592926259,male,5-9,171,0.023796270526022824,0.02008827642003261,0.026040862539241417,0.0006196754097147624
2012,E02004057,E07000034,7721,97155,2725,3172,0.8590794451450189,6632.95239596469,female,5-9,228,0.02952985364590079,0.025368490285334062,0.02804796459266121,0.0008282522894866929
2012,E02004057,E07000034,7721,97155,2725,3172,0.8590794451450189,6632.95239596469,male,5-9,235,0.030436471959590726,0.026147347443217128,0.02804796459266121,0.0008536810878481265
2012,E02005847,E07000171,6740,97155,22,2812,0.007823613086770981,52.73115220483641,female,5-9,180,0.026706231454005934,0.00020893922190189562,0.00022644228294992538,6.047420019434209e-06
2012,E02005847,E07000171,6740,97155,22,2812,0.007823613086770981,52.73115220483641,male,5-9,148,0.02195845697329377,0.00017179447134155865,0.00022644228294992538,4.97232312709035e-06
2012,E02004115,E07000038,8980,97155,2819,3379,0.8342704942290619,7491.749038176976,female,5-9,219,0.024387527839643652,0.020345794903804514,0.029015490710719984,0.0007076160874886054
2012,E02004115,E07000038,8980,97155,2819,3379,0.8342704942290619,7491.749038176976,male,5-9,191,0.021269487750556794,0.017744506057655995,0.029015490710719984,0.0006171446242480531
2012,E02005848,E07000171,6722,97155,116,2708,0.04283604135893648,287.94387001477105,female,5-9,157,0.02335614400476049,0.0010004847505731967,0.0011939684010086975,2.7886497911092758e-05
2012,E02005848,E07000171,6722,97155,116,2708,0.04283604135893648,287.94387001477105,male,5-9,177,0.026331448973519786,0.0011279350372704192,0.0011939684010086975,3.143891802715553e-05
2012,E02004066,E07000034,11788,97155,3870,4535,0.8533627342888643,10059.439911797133,female,5-9,302,0.025619273837801153,0.02186253357272116,0.03983325613710051,0.0010204990968276514
2012,E02004066,E07000034,11788,97155,3870,4535,0.8533627342888643,10059.439911797133,male,5-9,274,0.02324397692568714,0.01983554370505165,0.03983325613710051,0.0009258832865257499
2012,E02004110,E07000038,7526,97155,1841,2781,0.6619920891765552,4982.152463142754,female,5-9,195,0.025910178049428648,0.017152332897877792,0.018949101950491484,0.00049097460541401
2012,E02004110,E07000038,7526,97155,1841,2781,0.6619920891765552,4982.152463142754,male,5-9,191,0.025378687217645496,0.016800490171767476,0.018949101950491484,0.00048090333145679953
2012,E02004060,E07000034,7633,97155,2906,3387,0.8579864186595807,6549.010333628579,female,5-9,211,0.02764312852089611,0.023717428840190166,0.029910967011476507,0.0008268327052825289
2012,E02004060,E07000034,7633,97155,2906,3387,0.8579864186595807,6549.010333628579,male,5-9,227,0.02973928992532425,0.0255159068565079,0.029910967011476507,0.0008895309199011093
2012,E02006804,E07000038,8215,97155,2323,3176,0.7314231738035264,6008.641372795969,female,5-9,227,0.027632379793061473,0.02021096292798545,0.023910246513303483,0.0006606970126013257
2012,E02006804,E07000038,8215,97155,2323,3176,0.7314231738035264,6008.641372795969,male,5-9,209,0.025441265976871578,0.018608331506383084,0.023910246513303483,0.0006083069411175202
2012,E02001609,E08000018,8379,97155,15,3753,0.003996802557953637,33.489208633093526,female,5-9,194,0.0231531208974818,9.253845282766507e-05,0.0001543924656476764,3.5746674228009574e-06
2012,E02001609,E08000018,8379,97155,15,3753,0.003996802557953637,33.489208633093526,male,5-9,241,0.028762382145840794,0.00011495756253333651,0.0001543924656476764,4.440695097397065e-06
2012,E02005840,E07000171,9163,97155,27,3537,0.007633587786259542,69.94656488549619,female,5-9,283,0.030885081305249373,0.00023576397942938452,0.0002779064381658175,8.58316293800353e-06
2012,E02005840,E07000171,9163,97155,27,3537,0.007633587786259542,69.94656488549619,male,5-9,321,0.03503219469606024,0.0002674213335577117,0.0002779064381658175,9.735672449113546e-06
2012,E02005842,E07000171,8570,97155,8,3161,0.002530844669408415,21.689338816830116,female,5-9,212,0.024737456242707116,6.260665926657922e-05,8.234264834542741e-05,2.0369476603536303e-06
2012,E02005842,E07000171,8570,97155,8,3161,0.002530844669408415,21.689338816830116,male,5-9,253,0.029521586931155194,7.471455091719125e-05,8.234264834542741e-05,2.4308856512710777e-06
2012,E02004106,E07000038,6998,97155,1667,2703,0.6167221605623382,4315.821679615243,female,5-9,142,0.02029151186053158,0.012514225035703349,0.017158149348978437,0.0003481647910195682
2012,E02004106,E07000038,6998,97155,1667,2703,0.6167221605623382,4315.821679615243,male,5-9,177,0.02529294084024007,0.015598717121968256,0.017158149348978437,0.00043398005641171524
2012,E02001603,E08000018,6481,97155,11,2853,0.00385559060637925,24.988082719943918,female,5-9,193,0.02977935503780281,0.00011481700154778512,0.00011322114147496269,3.371652569768215e-06
2012,E02001603,E08000018,6481,97155,11,2853,0.00385559060637925,24.988082719943918,male,5-9,153,0.023607467983335906,9.102073179694882e-05,0.00011322114147496269,2.6728644724069266e-06
2012,E02006903,E07000171,11081,97155,27,4864,0.005550986842105263,61.51048519736842,female,5-9,251,0.022651385254038443,0.00012573754150062457,0.0002779064381658175,6.2949657954715445e-06
2012,E02006903,E07000171,11081,97155,27,4864,0.005550986842105263,61.51048519736842,male,5-9,280,0.025268477574226154,0.0001402649865345613,0.0002779064381658175,7.022272600526027e-06
2012,E02001600,E08000018,10943,97155,12,4915,0.0024415055951169887,26.717395727365208,female,5-9,341,0.031161473087818695,7.608091089599682e-05,0.0001235139725181411,3.848877330593632e-06
2012,E02001600,E08000018,10943,97155,12,4915,0.0024415055951169887,26.717395727365208,male,5-9,340,0.031070090468792836,7.585779972034873e-05,0.0001235139725181411,3.837590300298636e-06
2012,E02004108,E07000038,7577,97155,2137,3061,0.6981378634433192,5289.790591310029,female,5-9,197,0.0259997360432889,0.01815140017135197,0.021995779939272295,0.0005718844724873488
2012,E02004108,E07000038,7577,97155,2137,3061,0.6981378634433192,5289.790591310029,male,5-9,189,0.024943909198891383,0.017414287474038184,0.021995779939272295,0.0005486607375640047
2012,E02004116,E07000038,8093,97155,3114,3628,0.8583241455347299,6946.417309812569,female,5-9,221,0.027307549734338316,0.023438729292373076,0.03205187586845762,0.0008752581943567445
2012,E02004116,E07000038,8093,97155,3114,3628,0.8583241455347299,6946.417309812569,male,5-9,208,0.02570122327937724,0.022059980510468778,0.03205187586845762,0.0008237724182181126
2012,E02004069,E07000035,6731,97155,1423,2306,0.6170858629661752,4153.604943625325,female,5-9,129,0.019165057198038925,0.011826485859847958,0.014646698574442901,0.0002807048159416334
2012,E02004069,E07000035,6731,97155,1423,2306,0.6170858629661752,4153.604943625325,male,5-9,173,0.025701975932253752,0.01586032599809067,0.014646698574442901,0.0003764490942473068
2012,E02004109,E07000038,6688,97155,1567,2568,0.610202492211838,4081.0342679127725,female,5-9,164,0.02452153110047847,0.014963099390362056,0.016128866244660593,0.0003955044952339021
2012,E02004109,E07000038,6688,97155,1567,2568,0.610202492211838,4081.0342679127725,male,5-9,164,0.02452153110047847,0.014963099390362056,0.016128866244660593,0.0003955044952339021
2012,E02004056,E07000034,7708,97155,3030,3494,0.8672009158557528,6684.384659416142,female,5-9,236,0.03061754021795537,0.02655155891826124,0.03118727806083063,0.0009548777403160391
2012,E02004056,E07000034,7708,97155,3030,3494,0.8672009158557528,6684.384659416142,male,5-9,238,0.030877010897768554,0.02677657212943295,0.03118727806083063,0.0009629699245560055
2012,E02004058,E07000034,7835,97155,3009,3480,0.8646551724137931,6774.573275862069,female,5-9,190,0.024250159540523293,0.020968025878573156,0.030971128608923884,0.0007510548099164694
2012,E02004058,E07000034,7835,97155,3009,3480,0.8646551724137931,6774.573275862069,male,5-9,205,0.02616464582003829,0.022623396342671038,0.030971128608923884,0.0008103486106993486
2012,E02005843,E07000171,6511,97155,23,2673,0.008604564160119716,56.024317246539475,female,5-9,189,0.029027799109199816,0.00024977155986217575,0.0002367351139931038,6.871899331085335e-06
2012,E02005843,E07000171,6511,97155,23,2673,0.008604564160119716,56.024317246539475,male,5-9,203,0.031178006450622023,0.0002682731568890036,0.0002367351139931038,7.38092891116573e-06
2012,E02005846,E07000171,6659,97155,12,3337,0.003596044351213665,23.946059334731796,female,5-9,240,0.036041447664814534,0.00012960664428461925,0.0001235139725181411,4.451622376385923e-06
2012,E02005846,E07000171,6659,97155,12,3337,0.003596044351213665,23.946059334731796,male,5-9,205,0.03078540321369575,0.00011070567532644562,0.0001235139725181411,3.80242744649631e-06
2012,E02001608,E08000018,6925,97155,12,3083,0.003892312682452157,26.954265325981186,female,5-9,183,0.026425992779783393,0.00010285822684314003,0.0001235139725181411,3.2639793459667614e-06
2012,E02001608,E08000018,6925,97155,12,3083,0.003892312682452157,26.954265325981186,male,5-9,209,0.030180505415162456,0.00011747196399025283,0.0001235139725181411,3.7277141164319845e-06
2012,E02001610,E08000018,8312,97155,39,3825,0.01019607843137255,84.74980392156863,female,5-9,245,0.02947545717035611,0.0003005340731095133,0.0004014204106839586,1.1832050122421783e-05
2012,E02001610,E08000018,8312,97155,39,3825,0.01019607843137255,84.74980392156863,male,5-9,238,0.02863330125120308,0.0002919473853063844,0.0004014204106839586,1.1493991547495447e-05
2012,E02004113,E07000038,9224,97155,3474,4038,0.8603268945022289,7935.655274888559,female,5-9,282,0.0305724197745013,0.026302274962015235,0.03575729504400185,0.0010931870340859197
2012,E02004113,E07000038,9224,97155,3474,4038,0.8603268945022289,7935.655274888559,male,5-9,279,0.030247181266261924,0.026022463526249116,0.03575729504400185,0.001081557384787133
2012,E02001605,E08000018,7380,97155,12,3095,0.0038772213247172858,28.613893376413568,female,5-9,169,0.022899728997289974,8.878731759853947e-05,0.0001235139725181411,2.828436498044153e-06
2012,E02001605,E08000018,7380,97155,12,3095,0.0038772213247172858,28.613893376413568,male,5-9,205,0.027777777777777776,0.00010770059235325793,0.0001235139725181411,3.4309436810594753e-06
2012,E02001607,E08000018,8856,97155,12,4092,0.002932551319648094,25.970674486803517,female,5-9,230,0.025971093044263777,7.616156317965918e-05,0.0001235139725181411,3.207792872535282e-06
2012,E02001607,E08000018,8856,97155,12,4092,0.002932551319648094,25.970674486803517,male,5-9,259,0.029245709123757905,8.576454288492054e-05,0.0001235139725181411,3.6122537129853826e-06
2012,E02004045,E07000033,9079,97155,2469,3220,0.7667701863354037,6961.50652173913,female,5-9,242,0.026654917942504682,0.02043819639752921,0.025412999845607534,0.000677381425557553
2012,E02004045,E07000033,9079,97155,2469,3220,0.7667701863354037,6961.50652173913,male,5-9,278,0.030620112347174797,0.023478589250054215,0.025412999845607534,0.0007781489103512385
2012,E02001606,E08000018,8011,97155,10,3937,0.00254000508001016,20.347980695961393,female,5-9,240,0.029958806640868807,7.60955210588489e-05,0.00010292831043178426,3.0836093500971443e-06
2012,E02001606,E08000018,8011,97155,10,3937,0.00254000508001016,20.347980695961393,male,5-9,260,0.0324553738609412,8.243681448041961e-05,0.00010292831043178426,3.3405767959385727e-06
2012,E02005838,E07000171,8043,97155,11,3413,0.0032229709932610606,25.92235569879871,female,5-9,197,0.024493348253139376,7.894135094770967e-05,0.00011322114147496269,2.7731648477642237e-06
2012,E02005838,E07000171,8043,97155,11,3413,0.0032229709932610606,25.92235569879871,male,5-9,209,0.02598532885739152,8.374996115772245e-05,0.00011322114147496269,2.942088594836156e-06
2012,E02004047,E07000033,5751,97155,756,2604,0.2903225806451613,1669.6451612903227,female,5-9,179,0.031125021735350374,0.009036296632843657,0.00778138026864289,0.00024219562999253647
2012,E02004047,E07000033,5751,97155,756,2604,0.2903225806451613,1669.6451612903227,male,5-9,160,0.027821248478525473,0.008077136655055783,0.00778138026864289,0.00021648771395980915
2012,E02005894,E07000175,10073,97155,18,4140,0.004347826086956522,43.79565217391304,female,5-9,295,0.029286210662166186,0.00012733135070507038,0.00018527095877721167,5.425884328330928e-06
2012,E02005894,E07000175,10073,97155,18,4140,0.004347826086956522,43.79565217391304,male,5-9,312,0.03097389059863,0.00013466908955926088,0.00018527095877721167,5.738562408268643e-06
2012,E02005889,E07000174,10157,97155,24,4422,0.005427408412483039,55.12618724559022,female,5-9,269,0.026484198089987202,0.00014374055951146377,0.0002470279450362822,6.542337030103369e-06
2012,E02005889,E07000174,10157,97155,24,4422,0.005427408412483039,55.12618724559022,male,5-9,263,0.025893472482032096,0.00014053445037737907,0.0002470279450362822,6.396411297089911e-06
2012,E02004053,E07000033,7938,97155,492,3108,0.1583011583011583,1256.5945945945946,female,5-9,276,0.03476946334089191,0.005504046320372851,0.005064072873243786,0.00017607509612185498
2012,E02004053,E07000033,7938,97155,492,3108,0.1583011583011583,1256.5945945945946,male,5-9,245,0.030864197530864196,0.0048858382191715516,0.005064072873243786,0.0001562985454704872
2012,E02004031,E07000032,7666,97155,164,3159,0.051915163026274136,397.98163975941753,female,5-9,252,0.03287242368901644,0.0017065772348840442,0.001688024291081262,5.5489449693774856e-05
2012,E02004031,E07000032,7666,97155,164,3159,0.051915163026274136,397.98163975941753,male,5-9,278,0.03626402295851813,0.001882652663880017,0.001688024291081262,6.121455164630718e-05
2012,E02005883,E07000174,7845,97155,32,3272,0.009779951100244499,76.72371638141809,female,5-9,230,0.029318036966220522,0.0002867289678847973,0.00032937059338170965,9.656499232350952e-06
2012,E02005883,E07000174,7845,97155,32,3272,0.009779951100244499,76.72371638141809,male,5-9,227,0.028935627788400253,0.0002829890248254303,0.00032937059338170965,9.530544894537679e-06
2012,E02005822,E07000170,9777,97155,24,3954,0.006069802731411229,59.34446130500759,female,5-9,295,0.03017285465889332,0.0001831432756230247,0.0002470279450362822,7.453538282264831e-06
2012,E02005822,E07000170,9777,97155,24,3954,0.006069802731411229,59.34446130500759,male,5-9,306,0.03129794415464866,0.00018997234691744258,0.0002470279450362822,7.73146682838318e-06
2012,E02004030,E07000032,5665,97155,510,2112,0.24147727272727273,1367.96875,female,5-9,126,0.022241835834068843,0.00537089785765867,0.005249343832020997,0.00011675504374839288
2012,E02004030,E07000032,5665,97155,510,2112,0.24147727272727273,1367.96875,male,5-9,127,0.02241835834068844,0.005413524031132152,0.005249343832020997,0.00011768167107972933
2012,E02004032,E07000032,8284,97155,184,2974,0.06186953597848016,512.5272360457296,female,5-9,155,0.0187107677450507,0.0011576265181874005,0.0018938809119448303,3.543596588018454e-05
2012,E02004032,E07000032,8284,97155,184,2974,0.06186953597848016,512.5272360457296,male,5-9,196,0.023660067600193145,0.0014638374036434225,0.0018938809119448303,4.480935040333013e-05
2012,E02004075,E07000035,7458,97155,155,2523,0.06143479984145858,458.1807372175981,female,5-9,194,0.02601233574684902,0.0015980626400164876,0.0015953888116926561,4.1499789416515863e-05
2012,E02004075,E07000035,7458,97155,155,2523,0.06143479984145858,458.1807372175981,male,5-9,191,0.025610083132207025,0.0015733503311502533,0.0015953888116926561,4.08580400956419e-05
2012,E02004074,E07000035,5875,97155,386,2042,0.1890303623898139,1110.5533790401566,female,5-9,142,0.024170212765957447,0.004568904078187843,0.003973032782666873,9.602904768318228e-05
2012,E02004074,E07000035,5875,97155,386,2042,0.1890303623898139,1110.5533790401566,male,5-9,159,0.027063829787234043,0.0051158855523370916,0.003973032782666873,0.00010752548296919706
2012,E02002806,E06000015,6527,97155,11,1899,0.005792522380200105,37.80779357556609,female,5-9,109,0.016699862111230274,9.673432502555714e-05,0.00011322114147496269,1.890777450707972e-06
2012,E02002806,E06000015,6527,97155,11,1899,0.005792522380200105,37.80779357556609,male,5-9,112,0.017159491343649455,9.939673764093944e-05,0.00011322114147496269,1.9428171970577328e-06
2012,E02002815,E06000015,7881,97155,11,2837,0.0038773352132534366,30.557278815650335,female,5-9,319,0.040477096815124985,0.00015694327281155264,0.00011322114147496269,4.5828631050010275e-06
2012,E02002815,E06000015,7881,97155,11,2837,0.0038773352132534366,30.557278815650335,male,5-9,352,0.044664382692551706,0.00017317878379205807,0.00011322114147496269,5.056952391725272e-06
2012,E02002811,E06000015,10268,97155,11,3874,0.002839442436757873,29.15539494062984,female,5-9,417,0.040611608881963385,0.00011531432568445979,0.00011322114147496269,4.598092714750628e-06
2012,E02002811,E06000015,10268,97155,11,3874,0.002839442436757873,29.15539494062984,male,5-9,411,0.04002726918582002,0.00011365512675374813,0.00011322114147496269,4.531933107344143e-06
2012,E02004118,E07000039,6815,97155,10,2416,0.0041390728476821195,28.207781456953644,female,5-9,190,0.027879677182685254,0.00011539601482899527,0.00010292831043178426,2.86960806779736e-06
2012,E02004118,E07000039,6815,97155,10,2416,0.0041390728476821195,28.207781456953644,male,5-9,190,0.027879677182685254,0.00011539601482899527,0.00010292831043178426,2.86960806779736e-06
2012,E02006827,E07000032,7622,97155,12,2775,0.004324324324324324,32.96,female,5-9,215,0.028207819469955393,0.00012197975987007737,0.0001235139725181411,3.484059838808756e-06
2012,E02006827,E07000032,7622,97155,12,2775,0.004324324324324324,32.96,male,5-9,219,0.028732616111256888,0.00012424915075138113,0.0001235139725181411,3.548879556740082e-06
2012,E02005823,E07000170,7513,97155,13,3531,0.0036816765788728408,27.660436137071652,female,5-9,216,0.028750166378277653,0.00010584881419360223,0.00013380680356131955,3.8469678649334516e-06
2012,E02005823,E07000170,7513,97155,13,3531,0.0036816765788728408,27.660436137071652,male,5-9,237,0.031545321442832425,0.00011613967112909134,0.00013380680356131955,4.2209786295797595e-06
2012,E02005890,E07000174,6715,97155,13,2532,0.005134281200631911,34.47669826224328,female,5-9,168,0.02501861504095309,0.0001284526048706122,0.00013380680356131955,3.3476609081610847e-06
2012,E02005890,E07000174,6715,97155,13,2532,0.005134281200631911,34.47669826224328,male,5-9,181,0.02695457930007446,0.00013839238977131436,0.00013380680356131955,3.6067060974830736e-06
2012,E02004040,E07000032,9078,97155,13,2840,0.004577464788732394,41.554225352112674,female,5-9,251,0.0276492619519718,0.00012656352301958923,0.00013380680356131955,3.6996593626229577e-06
2012,E02004040,E07000032,9078,97155,13,2840,0.004577464788732394,41.554225352112674,male,5-9,303,0.0333773959021811,0.00015278385448181487,0.00013380680356131955,4.466122656871538e-06
2012,E02002821,E06000015,11377,97155,13,4175,0.0031137724550898203,35.425389221556884,female,5-9,497,0.043684626878790545,0.00013602398788605438,0.00013380680356131955,5.845300287419866e-06
2012,E02002821,E06000015,11377,97155,13,4175,0.0031137724550898203,35.425389221556884,male,5-9,536,0.047112595587589,0.00014669790242842083,0.00013380680356131955,6.303985823052411e-06
2012,E02002824,E06000015,9562,97155,13,3558,0.0036537380550871277,34.93704328274311,female,5-9,374,0.03911315624346371,0.00014290922742131204,0.00013380680356131955,5.233606414132348e-06
2012,E02002824,E06000015,9562,97155,13,3558,0.0036537380550871277,34.93704328274311,male,5-9,370,0.03869483371679565,0.00014138078648632475,0.00013380680356131955,5.1776320139812e-06
2012,E02005827,E07000170,8446,97155,14,3234,0.004329004329004329,36.56277056277056,female,5-9,216,0.02557423632488752,0.00011071097976141783,0.00014409963460449796,3.6852381097053705e-06
2012,E02005827,E07000170,8446,97155,14,3234,0.004329004329004329,36.56277056277056,male,5-9,235,0.027823821927539665,0.00012044944557376479,0.00014409963460449796,4.009402573059084e-06
2012,E02002813,E06000015,10537,97155,14,4158,0.003367003367003367,35.47811447811448,female,5-9,391,0.03710733605390529,0.00012494052543402453,0.00014409963460449796,5.347153566514065e-06
2012,E02002813,E06000015,10537,97155,14,4158,0.003367003367003367,35.47811447811448,male,5-9,428,0.04061877194647433,0.00013676354190732097,0.00014409963460449796,5.853150195570383e-06
2012,E02004080,E07000036,9536,97155,15,3327,0.004508566275924256,42.993688007213706,female,5-9,239,0.02506291946308725,0.00011299783346748083,0.0001543924656476764,3.869525932235178e-06
2012,E02004080,E07000036,9536,97155,15,3327,0.004508566275924256,42.993688007213706,male,5-9,261,0.02736996644295302,0.00012339930767787656,0.0001543924656476764,4.22571660382168e-06
2012,E02004076,E07000035,6658,97155,15,2298,0.006527415143603133,43.45953002610966,female,5-9,204,0.03063983178131571,0.0001999989019668127,0.0001543924656476764,4.730559175747369e-06
2012,E02004076,E07000035,6658,97155,15,2298,0.006527415143603133,43.45953002610966,male,5-9,217,0.03259237008110544,0.0002127439300333253,0.0001543924656476764,5.032016378123427e-06
2012,E02005830,E07000170,6081,97155,17,2266,0.007502206531332745,45.620917917034426,female,5-9,155,0.02548922874527216,0.00019122545837141515,0.00017497812773403323,4.4600575232322234e-06
2012,E02005830,E07000170,6081,97155,17,2266,0.007502206531332745,45.620917917034426,male,5-9,137,0.022529189278079263,0.0001690186309476379,0.00017497812773403323,3.942115359243965e-06
2012,E02002808,E06000015,12033,97155,18,3850,0.004675324675324675,56.25818181818182,female,5-9,234,0.01944652206432311,9.091880445657559e-05,0.00018527095877721167,3.602875787739344e-06
2012,E02002808,E06000015,12033,97155,18,3850,0.004675324675324675,56.25818181818182,male,5-9,190,0.015789911077869194,7.382296088354428e-05,0.00018527095877721167,2.9254119644037414e-06
2012,E02005884,E07000174,6034,97155,18,2478,0.007263922518159807,43.83050847457627,female,5-9,121,0.020053032814053694,0.00014566367661540214,0.00018527095877721167,3.715244615850615e-06
2012,E02005884,E07000174,6034,97155,18,2478,0.007263922518159807,43.83050847457627,male,5-9,147,0.024361948955916472,0.00017696330960714144,0.00018527095877721167,4.5135616407441354e-06
2012,E02005892,E07000174,11677,97155,19,4381,0.004336909381419767,50.64209084683862,female,5-9,322,0.02757557591847221,0.00011959277389887514,0.0001955637898203901,5.39278413309631e-06
2012,E02005892,E07000174,11677,97155,19,4381,0.004336909381419767,50.64209084683862,male,5-9,309,0.02646227626958979,0.00011476449420730564,0.0001955637898203901,5.175063034555155e-06
2012,E02005820,E07000170,5704,97155,24,2206,0.010879419764279238,62.056210335448775,female,5-9,122,0.021388499298737727,0.00023269446199895987,0.0002470279450362822,5.283557029177145e-06
2012,E02005820,E07000170,5704,97155,24,2206,0.010879419764279238,62.056210335448775,male,5-9,128,0.02244039270687237,0.00024413845193333494,0.0002470279450362822,5.543404096185857e-06
2012,E02005886,E07000174,10342,97155,26,4259,0.0061047194177036865,63.135008217891524,female,5-9,271,0.02620382904660607,0.00015996702399900396,0.0002676136071226391,7.012501211587236e-06
2012,E02005886,E07000174,10342,97155,26,4259,0.0061047194177036865,63.135008217891524,male,5-9,281,0.027170760007735446,0.00016586986621298935,0.0002676136071226391,7.271265093933628e-06
2012,E02004039,E07000032,8055,97155,27,2575,0.010485436893203883,84.46019417475728,female,5-9,215,0.02669149596523898,0.0002798719965287194,0.0002779064381658175,7.4177385730168545e-06
2012,E02004039,E07000032,8055,97155,27,2575,0.010485436893203883,84.46019417475728,male,5-9,219,0.027188081936685288,0.00028507891739437,0.0002779064381658175,7.55574301158461e-06
2012,E02005829,E07000170,6670,97155,27,2570,0.010505836575875487,70.0739299610895,female,5-9,188,0.028185907046476763,0.0002961165331731022,0.0002779064381658175,7.833045033759175e-06
2012,E02005829,E07000170,6670,97155,27,2570,0.010505836575875487,70.0739299610895,male,5-9,184,0.027586206896551724,0.00028981618140346173,0.0002779064381658175,7.666384501126e-06
2012,E02005882,E07000174,7817,97155,29,3133,0.00925630386211299,72.35652729013725,female,5-9,195,0.024945631316361776,0.00023090434349648628,0.0002984921002521744,7.44607388373724e-06
2012,E02005882,E07000174,7817,97155,29,3133,0.00925630386211299,72.35652729013725,male,5-9,197,0.025201483945247537,0.00023327259317337332,0.0002984921002521744,7.522443872288391e-06
2012,E02005885,E07000174,8195,97155,34,3621,0.009389671361502348,76.94835680751174,female,5-9,209,0.025503355704697986,0.0002394681286826102,0.00034995625546806647,8.925058864286258e-06
2012,E02005885,E07000174,8195,97155,34,3621,0.009389671361502348,76.94835680751174,male,5-9,222,0.027089688834655276,0.00025436327544277256,0.00034995625546806647,9.48020606637105e-06
2012,E02005821,E07000170,6379,97155,34,2601,0.013071895424836602,83.38562091503269,female,5-9,213,0.033390813607148455,0.00043648122362285565,0.00034995625546806647,1.1685324096989835e-05
2012,E02005821,E07000170,6379,97155,34,2601,0.013071895424836602,83.38562091503269,male,5-9,198,0.03103934786016617,0.0004057431092832179,0.00034995625546806647,1.0862413949314495e-05
2012,E02004037,E07000032,7801,97155,43,2364,0.018189509306260575,141.89636209813875,female,5-9,209,0.026791436995257017,0.0004873230925533214,0.0004425917348566723,1.1857668579034036e-05
2012,E02004037,E07000032,7801,97155,43,2364,0.018189509306260575,141.89636209813875,male,5-9,239,0.030637097807973336,0.0005572737756949465,0.0004425917348566723,1.355972626980447e-05
2012,E02005881,E07000174,5693,97155,43,2422,0.017753922378199834,101.07308009909165,female,5-9,137,0.02406464078693132,0.00042724176459044046,0.0004425917348566723,1.065081111459057e-05
2012,E02005881,E07000174,5693,97155,43,2422,0.017753922378199834,101.07308009909165,male,5-9,177,0.03109081327946601,0.0005519838856387442,0.0004425917348566723,1.3760536987463727e-05
2012,E02004038,E07000032,7843,97155,46,2744,0.016763848396501458,131.47886297376093,female,5-9,174,0.022185388244294276,0.0003719124851448749,0.0004734702279862076,1.050412082998854e-05
2012,E02004038,E07000032,7843,97155,46,2744,0.016763848396501458,131.47886297376093,male,5-9,176,0.02244039270687237,0.0003761873412959654,0.0004734702279862076,1.062485785102289e-05
2012,E02004036,E07000032,9930,97155,53,3520,0.015056818181818182,149.51420454545453,female,5-9,251,0.02527693856998993,0.0003805902682413256,0.0005455200452884565,1.378907667345444e-05
2012,E02004036,E07000032,9930,97155,53,3520,0.015056818181818182,149.51420454545453,male,5-9,303,0.030513595166163143,0.0004594376544905246,0.0005455200452884565,1.6645777816958947e-05
2012,E02004033,E07000032,8889,97155,87,3254,0.026736324523663185,237.65918869084206,female,5-9,195,0.021937225784677692,0.0005865207877280145,0.0008954763007565231,1.9644265794523794e-05
2012,E02004033,E07000032,8889,97155,87,3254,0.026736324523663185,237.65918869084206,male,5-9,211,0.023737203284958937,0.0006346455703108259,0.0008954763007565231,2.1256102987920615e-05
2012,E02004034,E07000032,7217,97155,77,2551,0.03018424147393179,217.83967071736572,female,5-9,157,0.021754191492309824,0.0006566337690740323,0.0007925479903247388,1.7241240748369682e-05
2012,E02004034,E07000032,7217,97155,77,2551,0.03018424147393179,217.83967071736572,male,5-9,143,0.019814327282804488,0.0005980804393476854,0.0007925479903247388,1.570380526762334e-05
2012,E02004035,E07000032,6545,97155,85,2141,0.039701074264362445,259.8435310602522,female,5-9,150,0.02291825821237586,0.0009098794712993685,0.0008748906386701663,2.0050969564633298e-05
2012,E02004035,E07000032,6545,97155,85,2141,0.039701074264362445,259.8435310602522,male,5-9,159,0.024293353705118412,0.0009644722395773306,0.0008748906386701663,2.1254027738511297e-05
2012,E02004043,E07000032,7034,97155,16,2595,0.006165703275529865,43.369556840077074,female,5-9,179,0.02544782485072505,0.00015690373703722575,0.00016468529669085483,4.190882585678563e-06
2012,E02004043,E07000032,7034,97155,16,2595,0.006165703275529865,43.369556840077074,male,5-9,172,0.024452658515780493,0.00015076783670616104,0.00016468529669085483,4.026993322551468e-06
2012,E02002820,E06000015,9785,97155,11,3613,0.003044561306393579,29.791032383061168,female,5-9,313,0.03198773633111906,9.738862431284518e-05,0.00011322114147496269,3.621688020609435e-06
2012,E02002820,E06000015,9785,97155,11,3613,0.003044561306393579,29.791032383061168,male,5-9,375,0.03832396525293817,0.00011667966171666756,0.00011322114147496269,4.339083091784467e-06
2012,E02002801,E06000015,7589,97155,9,2732,0.003294289897510981,25.000366032210835,female,5-9,203,0.02674924232441692,8.81197587553998e-05,9.263547938860583e-05,2.4779288860043465e-06
2012,E02002801,E06000015,7589,97155,9,2732,0.003294289897510981,25.000366032210835,male,5-9,245,0.03228356832257214,0.00010635143298065494,9.263547938860583e-05,2.99060382793628e-06
2012,E02002816,E06000015,9479,97155,9,2797,0.0032177332856632105,30.50089381480157,female,5-9,346,0.036501740689946195,0.00011745286600268707,9.263547938860583e-05,3.3813562473317457e-06
2012,E02002816,E06000015,9479,97155,9,2797,0.0032177332856632105,30.50089381480157,male,5-9,384,0.04051060238421775,0.00013035231371396485,9.263547938860583e-05,3.7527190721832097e-06
2012,E02002803,E06000015,7912,97155,8,2208,0.0036231884057971015,28.666666666666668,female,5-9,123,0.015546006066734074,5.63261089374423e-05,8.234264834542741e-05,1.280099310728965e-06
2012,E02002803,E06000015,7912,97155,8,2208,0.0036231884057971015,28.666666666666668,male,5-9,98,0.012386248736097068,4.48777128119459e-05,8.234264834542741e-05,1.0199165239954355e-06
2012,E02004084,E07000036,6139,97155,8,2240,0.0035714285714285713,21.925,female,5-9,155,0.025248411793451702,9.01728992623275e-05,8.234264834542741e-05,2.079021093588736e-06
2012,E02004084,E07000036,6139,97155,8,2240,0.0035714285714285713,21.925,male,5-9,170,0.027691806483140576,9.88993088683592e-05,8.234264834542741e-05,2.2802166832908714e-06
2012,E02002825,E06000015,8582,97155,8,3211,0.002491435689816257,21.381501090003116,female,5-9,300,0.03495688650664181,8.709283464750374e-05,8.234264834542741e-05,2.8784426128674234e-06
2012,E02002825,E06000015,8582,97155,8,3211,0.002491435689816257,21.381501090003116,male,5-9,303,0.03530645537170823,8.796376299397877e-05,8.234264834542741e-05,2.907227038996097e-06
2012,E02004083,E07000036,7917,97155,8,2488,0.003215434083601286,25.456591639871384,female,5-9,217,0.027409372236958444,8.8133029700831e-05,8.234264834542741e-05,2.2569602994767904e-06
2012,E02004083,E07000036,7917,97155,8,2488,0.003215434083601286,25.456591639871384,male,5-9,261,0.03296703296703297,0.00010600332143740504,8.234264834542741e-05,2.7145928025965083e-06
2012,E02006872,E07000037,12346,97155,354,4893,0.07234825260576333,893.2115266707541,female,10-14,343,0.02778227766078082,0.0020099992421656263,0.003643662189285163,0.00010122923464480892
2012,E02006872,E07000037,12346,97155,354,4893,0.07234825260576333,893.2115266707541,male,10-14,342,0.027701279766726067,0.0020041391860660183,0.003643662189285163,0.00010093410568082988
2012,E02004103,E07000037,7137,97155,89,3114,0.028580603725112397,203.97976878612718,female,10-14,259,0.036289757601233014,0.0010371831812812263,0.0009160619628428799,3.324366657927783e-05
2012,E02004103,E07000037,7137,97155,89,3114,0.028580603725112397,203.97976878612718,male,10-14,233,0.032646770351688385,0.000933064406326354,0.0009160619628428799,2.99064645288484e-05
2012,E02004097,E07000037,7704,97155,29,2762,0.010499637943519189,80.88921071687183,female,10-14,191,0.024792315680166148,0.00026031033842317824,0.0002984921002521744,7.400310377487709e-06
2012,E02004097,E07000037,7704,97155,29,2762,0.010499637943519189,80.88921071687183,male,10-14,175,0.022715472481827623,0.0002385042367751633,0.0002984921002521744,6.780389089321199e-06
2012,E02004102,E07000037,8625,97155,96,3736,0.02569593147751606,221.627408993576,female,10-14,210,0.02434782608695652,0.0006256400707569127,0.000988111780145129,2.4058373777446615e-05
2012,E02004102,E07000037,8625,97155,96,3736,0.02569593147751606,221.627408993576,male,10-14,183,0.021217391304347827,0.0005452006330881669,0.000988111780145129,2.096515429177491e-05
2012,E02004098,E07000037,7341,97155,47,3145,0.014944356120826709,109.70651828298887,female,10-14,219,0.0298324478953821,0.00044582672530459733,0.00048376305902938604,1.4431836252204814e-05
2012,E02004098,E07000037,7341,97155,47,3145,0.014944356120826709,109.70651828298887,male,10-14,238,0.032420651137447215,0.0004845057562670967,0.00048376305902938604,1.568391336997601e-05
2012,E02004104,E07000037,7167,97155,84,2895,0.029015544041450778,207.95440414507772,female,10-14,249,0.034742570113018,0.0010080745732274651,0.0008645978076269878,3.003834995104227e-05
2012,E02004104,E07000037,7167,97155,84,2895,0.029015544041450778,207.95440414507772,male,10-14,247,0.03446351332496163,0.0009999775887035499,0.0008645978076269878,2.9797078063885305e-05
2012,E02004100,E07000037,7641,97155,54,3050,0.017704918032786884,135.28327868852458,female,10-14,225,0.02944640753828033,0.0005213462318252911,0.000555812876331635,1.636669247148513e-05
2012,E02004100,E07000037,7641,97155,54,3050,0.017704918032786884,135.28327868852458,male,10-14,206,0.026959822012825548,0.00047732143891559983,0.000555812876331635,1.4984616218337497e-05
2012,E02004068,E07000035,7531,97155,1163,2634,0.4415337889141989,3325.190964312832,female,10-14,214,0.02841588102509627,0.012546571614345846,0.011970562503216509,0.0003401540798948789
2012,E02004068,E07000035,7531,97155,1163,2634,0.4415337889141989,3325.190964312832,male,10-14,223,0.02961094144203957,0.013074231168220204,0.011970562503216509,0.0003544596253110187
2012,E02006210,E07000198,5452,97155,24,1854,0.012944983818770227,70.57605177993528,female,10-14,131,0.024027879677182687,0.0003110405136204879,0.0002470279450362822,5.935557740233487e-06
2012,E02006210,E07000198,5452,97155,24,1854,0.012944983818770227,70.57605177993528,male,10-14,134,0.02457813646368305,0.0003181635788179036,0.0002470279450362822,6.071486543444941e-06
2012,E02006204,E07000198,7282,97155,11,2851,0.003858295334970186,28.096106629252894,female,10-14,191,0.02622905795111233,0.00010119945193343938,0.00011322114147496269,2.9696838810378844e-06
2012,E02006204,E07000198,7282,97155,11,2851,0.003858295334970186,28.096106629252894,male,10-14,234,0.032134029112881074,0.0001239825746200252,0.00011322114147496269,3.638251456350078e-06
2012,E02004070,E07000035,6373,97155,1527,2452,0.6227569331158238,3968.829934747145,female,10-14,150,0.02353679585752393,0.014657702803604828,0.015717153002933457,0.00036993142169151395
2012,E02004070,E07000035,6373,97155,1527,2452,0.6227569331158238,3968.829934747145,male,10-14,176,0.027616507139494744,0.017198371289563,0.015717153002933457,0.00043405286811804304
2012,E02006803,E08000019,8747,97155,441,3080,0.1431818181818182,1252.4113636363636,female,10-14,213,0.02435120612781525,0.0034866499683008203,0.004539138490041686,0.00011053349701370517
2012,E02006803,E08000019,8747,97155,441,3080,0.1431818181818182,1252.4113636363636,male,10-14,267,0.03052475134331771,0.0043705893968841265,0.004539138490041686,0.00013855607372140509
2012,E02006869,E08000019,11118,97155,31,4236,0.007318224740321058,81.36402266288952,female,10-14,376,0.03381903220003598,0.00024749527814001783,0.0003190777623385312,1.0790901118842214e-05
2012,E02006869,E08000019,11118,97155,31,4236,0.007318224740321058,81.36402266288952,male,10-14,331,0.029771541644180607,0.00021787483261794118,0.0003190777623385312,9.499436889193544e-06
2012,E02006868,E08000019,12500,97155,11,4482,0.0024542614904060687,30.67826863007586,female,10-14,277,0.02216,5.438643462739848e-05,0.00011322114147496269,2.508980495085173e-06
2012,E02006868,E08000019,12500,97155,11,4482,0.0024542614904060687,30.67826863007586,male,10-14,276,0.02208,5.4190093708166e-05,0.00011322114147496269,2.499922803767176e-06
2012,E02004105,E07000038,9450,97155,1852,3263,0.5675758504443763,5363.591786699356,female,10-14,280,0.02962962962962963,0.016817062235388928,0.019062323091966444,0.0005648095730953021
2012,E02004105,E07000038,9450,97155,1852,3263,0.5675758504443763,5363.591786699356,male,10-14,283,0.029947089947089948,0.01699724504505381,0.019062323091966444,0.0005708611042356088
2012,E02001634,E08000019,9260,97155,11,3128,0.003516624040920716,32.56393861892583,female,10-14,174,0.01879049676025918,6.607911264797026e-05,0.00011322114147496269,2.1274814920781326e-06
2012,E02001634,E08000019,9260,97155,11,3128,0.003516624040920716,32.56393861892583,male,10-14,160,0.017278617710583154,6.0762402434915184e-05,0.00011322114147496269,1.9563048203017313e-06
2012,E02001669,E08000019,7690,97155,45,2629,0.017116774438950173,131.62799543552683,female,10-14,202,0.026267880364109233,0.0004496213831817861,0.0004631773969430292,1.2166688450259024e-05
2012,E02001669,E08000019,7690,97155,45,2629,0.017116774438950173,131.62799543552683,male,10-14,186,0.024187256176853057,0.0004140078082762981,0.0004631773969430292,1.1202990355189003e-05
2012,E02001660,E08000019,9889,97155,23,3458,0.006651243493348756,65.77414690572586,female,10-14,252,0.025482859743148952,0.00016949270505853842,0.0002367351139931038,6.032687706164643e-06
2012,E02001660,E08000019,9889,97155,23,3458,0.006651243493348756,65.77414690572586,male,10-14,260,0.026291839417534633,0.00017487342585404759,0.0002367351139931038,6.2242016015984405e-06
2012,E02001653,E08000019,7439,97155,9,2991,0.003009027081243731,22.384152457372114,female,10-14,161,0.021642693910471838,6.512345208767854e-05,9.263547938860583e-05,2.004881325657419e-06
2012,E02001653,E08000019,7439,97155,9,2991,0.003009027081243731,22.384152457372114,male,10-14,209,0.028095174082537977,8.453913966661376e-05,9.263547938860583e-05,2.60260991964224e-06
2012,E02001662,E08000019,7588,97155,15,3172,0.004728877679697352,35.8827238335435,female,10-14,181,0.02385345282024249,0.00011280006062535855,0.0001543924656476764,3.682793395127758e-06
2012,E02001662,E08000019,7588,97155,15,3172,0.004728877679697352,35.8827238335435,male,10-14,204,0.02688455455983131,0.00012713376998659193,0.0001543924656476764,4.150772666331838e-06
2012,E02001655,E08000019,7681,97155,14,3228,0.004337050805452293,33.31288723667906,female,10-14,246,0.032027079807316755,0.000138903072274608,0.00014409963460449796,4.615090497683439e-06
2012,E02001655,E08000019,7681,97155,14,3228,0.004337050805452293,33.31288723667906,male,10-14,209,0.027209998698086185,0.00011801114676989053,0.00014409963460449796,3.920950869983084e-06
2012,E02001650,E08000019,9415,97155,10,2336,0.004280821917808219,40.30393835616438,female,10-14,149,0.015825809877854487,6.77474737921853e-05,0.00010292831043178426,1.6289238719422044e-06
2012,E02001650,E08000019,9415,97155,10,2336,0.004280821917808219,40.30393835616438,male,10-14,138,0.014657461497610196,6.274598243839981e-05,0.00010292831043178426,1.5086677471679476e-06
2012,E02001627,E08000019,6085,97155,8,2236,0.0035778175313059034,21.77101967799642,female,10-14,149,0.02448644207066557,8.760802171973371e-05,8.234264834542741e-05,2.0162784886554946e-06
2012,E02001627,E08000019,6085,97155,8,2236,0.0035778175313059034,21.77101967799642,male,10-14,157,0.02580115036976171,9.231180812079324e-05,8.234264834542741e-05,2.124535051804783e-06
2012,E02001656,E08000019,7888,97155,17,2300,0.007391304347826087,58.302608695652175,female,10-14,178,0.022565922920892496,0.00016679160419790106,0.00017497812773403323,3.948542943288276e-06
2012,E02001656,E08000019,7888,97155,17,2300,0.007391304347826087,58.302608695652175,male,10-14,177,0.022439148073022313,0.0001658545727136432,0.00017497812773403323,3.926360117764184e-06
2012,E02001666,E08000019,6153,97155,17,2708,0.006277695716395864,38.62666174298375,female,10-14,184,0.029904111815374616,0.00018772891464600018,0.00017497812773403323,5.232565497003432e-06
2012,E02001666,E08000019,6153,97155,17,2708,0.006277695716395864,38.62666174298375,male,10-14,186,0.03022915650901999,0.00018976944632693494,0.00017497812773403323,5.289441208927382e-06
2012,E02001678,E08000019,10006,97155,92,3559,0.025849957853329587,258.65467828041585,female,10-14,315,0.03148111133320008,0.0008137854011391984,0.0009469404559724152,2.981073792037885e-05
2012,E02001678,E08000019,10006,97155,92,3559,0.025849957853329587,258.65467828041585,male,10-14,307,0.030681591045372776,0.0007931178353959808,0.0009469404559724152,2.9053639814464465e-05
2012,E02001680,E08000019,6098,97155,251,2873,0.08736512356421859,532.7525234946049,female,10-14,168,0.027550016398819287,0.0024069105868790956,0.002583500591837785,7.11754836714903e-05
2012,E02001680,E08000019,6098,97155,251,2873,0.08736512356421859,532.7525234946049,male,10-14,169,0.0277140045916694,0.0024212374356105187,0.002583500591837785,7.159914726477298e-05
2012,E02001642,E08000019,9800,97155,8,3907,0.002047606859482979,20.066547222933195,female,10-14,285,0.029081632653061223,5.954775050537235e-05,8.234264834542741e-05,2.3946586508619194e-06
2012,E02001642,E08000019,9800,97155,8,3907,0.002047606859482979,20.066547222933195,male,10-14,270,0.027551020408163266,5.6413658373510654e-05,8.234264834542741e-05,2.268623985027082e-06
2012,E02001665,E08000019,9466,97155,44,3159,0.013928458372902817,131.84678695789808,female,10-14,297,0.03137544897527995,0.0004370116349833231,0.00045288456589985077,1.4209456589082576e-05
2012,E02001665,E08000019,9466,97155,44,3159,0.013928458372902817,131.84678695789808,male,10-14,372,0.039298542150855695,0.0005473681084639603,0.00045288456589985077,1.779770320248727e-05
2012,E02001664,E08000019,6233,97155,26,2407,0.01080182800166182,67.32779393435813,female,10-14,140,0.022461094176159154,0.00024262087601999917,0.0002676136071226391,6.0108944324032525e-06
2012,E02001664,E08000019,6233,97155,26,2407,0.01080182800166182,67.32779393435813,male,10-14,155,0.024867639980747633,0.0002686159698792848,0.0002676136071226391,6.654918835875029e-06
2012,E02001659,E08000019,6120,97155,10,2607,0.0038358266206367474,23.475258918296895,female,10-14,161,0.02630718954248366,0.00010090981796119547,0.00010292831043178426,2.7077545718165467e-06
2012,E02001659,E08000019,6120,97155,10,2607,0.0038358266206367474,23.475258918296895,male,10-14,161,0.02630718954248366,0.00010090981796119547,0.00010292831043178426,2.7077545718165467e-06
2012,E02001636,E08000019,9739,97155,8,3457,0.0023141452126120912,22.537460225629157,female,10-14,228,0.02341102782626553,5.417651796648083e-05,8.234264834542741e-05,1.9277260317031986e-06
2012,E02001636,E08000019,9739,97155,8,3457,0.0023141452126120912,22.537460225629157,male,10-14,228,0.02341102782626553,5.417651796648083e-05,8.234264834542741e-05,1.9277260317031986e-06
2012,E02001679,E08000019,6324,97155,179,2654,0.06744536548605878,426.5244913338357,female,10-14,176,0.027830487033523088,0.0018770373696309847,0.0018424167567289383,5.127535565849038e-05
2012,E02001679,E08000019,6324,97155,179,2654,0.06744536548605878,426.5244913338357,male,10-14,187,0.02956989247311828,0.001994352205232921,0.0018424167567289383,5.448006538714603e-05
2012,E02001681,E08000019,7453,97155,157,2675,0.05869158878504673,437.4284112149533,female,10-14,210,0.02817657319200322,0.0016537278471568245,0.0016159744737790128,4.5532623036843244e-05
2012,E02001681,E08000019,7453,97155,157,2675,0.05869158878504673,437.4284112149533,male,10-14,210,0.02817657319200322,0.0016537278471568245,0.0016159744737790128,4.5532623036843244e-05
2012,E02001657,E08000019,8992,97155,11,2789,0.003944065973467192,35.465041233417,female,10-14,241,0.026801601423487545,0.00010570728420880709,0.00011322114147496269,3.034507906524245e-06
2012,E02001657,E08000019,8992,97155,11,2789,0.003944065973467192,35.465041233417,male,10-14,268,0.029804270462633453,0.0001175500089956859,0.00011322114147496269,3.374473522607874e-06
2012,E02001671,E08000019,5902,97155,28,2247,0.012461059190031152,73.54517133956386,female,10-14,133,0.02253473398847848,0.00028080665406203715,0.0002881992692089959,6.49449386729862e-06
2012,E02001671,E08000019,5902,97155,28,2247,0.012461059190031152,73.54517133956386,male,10-14,144,0.024398508980006776,0.000304031264548371,0.0002881992692089959,7.031632457827077e-06
2012,E02001652,E08000019,12526,97155,8,2986,0.0026791694574681848,33.55927662424648,female,10-14,202,0.016126456969503433,4.320551096986854e-05,8.234264834542741e-05,1.3278951752974883e-06
2012,E02001652,E08000019,12526,97155,8,2986,0.0026791694574681848,33.55927662424648,male,10-14,213,0.01700463036883283,4.5558286319712866e-05,8.234264834542741e-05,1.4002062987047773e-06
2012,E02001673,E08000019,5543,97155,43,1955,0.021994884910485932,121.91764705882352,female,10-14,163,0.029406458596427928,0.000646791672453402,0.0004425917348566723,1.3015055526183942e-05
2012,E02001673,E08000019,5543,97155,43,1955,0.021994884910485932,121.91764705882352,male,10-14,160,0.028865235432076492,0.0006348875312426031,0.0004425917348566723,1.2775514626929022e-05
2012,E02001661,E08000019,7877,97155,14,3256,0.0042997542997543,33.86916461916462,female,10-14,199,0.025263425161863654,0.00010862652096624421,0.00014409963460449796,3.640450334682632e-06
2012,E02001661,E08000019,7877,97155,14,3256,0.0042997542997543,33.86916461916462,male,10-14,179,0.022724387457153737,9.770928267817946e-05,0.00014409963460449796,3.27457592918689e-06
2012,E02001649,E08000019,9557,97155,9,4107,0.002191380569758948,20.943024105186268,female,10-14,266,0.027833001988071572,6.099269975472221e-05,9.263547938860583e-05,2.5783234819890294e-06
2012,E02001649,E08000019,9557,97155,9,4107,0.002191380569758948,20.943024105186268,male,10-14,344,0.03599455896201737,7.887777712640768e-05,9.263547938860583e-05,3.3343732248279176e-06
2012,E02001676,E08000019,5995,97155,109,2168,0.050276752767527674,301.4091328413284,female,10-14,181,0.030191826522101752,0.0015179469976517948,0.0011219185837064484,3.387277125118718e-05
2012,E02001676,E08000019,5995,97155,109,2168,0.050276752767527674,301.4091328413284,male,10-14,177,0.029524603836530442,0.00148440120764844,0.0011219185837064484,3.31242017207742e-05
2012,E02001651,E08000019,8119,97155,13,2920,0.004452054794520548,36.146232876712325,female,10-14,272,0.03350166276635053,0.0001491512383433414,0.00013380680356131955,4.482750408754639e-06
2012,E02001651,E08000019,8119,97155,13,2920,0.004452054794520548,36.146232876712325,male,10-14,280,0.03448700578889026,0.00015353803947108676,0.00013380680356131955,4.614596009012129e-06
2012,E02001674,E08000019,8647,97155,130,3282,0.039609993906154786,342.50761730652044,female,10-14,162,0.018734821325315138,0.0007420861585286314,0.0013380680356131953,2.5068465568328628e-05
2012,E02001674,E08000019,8647,97155,130,3282,0.039609993906154786,342.50761730652044,male,10-14,220,0.02544234994795883,0.0010077713263969067,0.0013380680356131953,3.404359521624875e-05
2012,E02001618,E08000019,9708,97155,8,3293,0.0024293956878226543,23.584573337382327,female,10-14,286,0.02946023897816234,7.157057753577247e-05,8.234264834542741e-05,2.425834098351075e-06
2012,E02001618,E08000019,9708,97155,8,3293,0.0024293956878226543,23.584573337382327,male,10-14,309,0.031829419035846726,7.732625335158634e-05,8.234264834542741e-05,2.62091865870798e-06
2012,E02001672,E08000019,6175,97155,39,2203,0.017703132092601,109.31684067181118,female,10-14,159,0.02574898785425101,0.00045583773323458444,0.0004014204106839586,1.0336169279149704e-05
2012,E02001672,E08000019,6175,97155,39,2203,0.017703132092601,109.31684067181118,male,10-14,179,0.028987854251012145,0.0005131758128867334,0.0004014204106839586,1.1636316358288031e-05
2012,E02001675,E08000019,9063,97155,141,3730,0.03780160857908847,342.59597855227884,female,10-14,222,0.024495200264812975,0.0009259579724768444,0.001451289177088158,3.5549619034930054e-05
2012,E02001675,E08000019,9063,97155,141,3730,0.03780160857908847,342.59597855227884,male,10-14,222,0.024495200264812975,0.0009259579724768444,0.001451289177088158,3.5549619034930054e-05
2012,E02001670,E08000019,6002,97155,19,2500,0.0076,45.6152,female,10-14,184,0.030656447850716428,0.00023298900366544486,0.0001955637898203901,5.995291124117258e-06
2012,E02001670,E08000019,6002,97155,19,2500,0.0076,45.6152,male,10-14,188,0.031322892369210265,0.000238053982005998,0.0001955637898203901,6.125623539858937e-06
2012,E02001639,E08000019,6154,97155,8,2044,0.003913894324853229,24.08610567514677,female,10-14,96,0.015599610009749756,6.105522508708319e-05,8.234264834542741e-05,1.2845132013586336e-06
2012,E02001639,E08000019,6154,97155,8,2044,0.003913894324853229,24.08610567514677,male,10-14,123,0.019987000324991875,7.822700714282533e-05,8.234264834542741e-05,1.6457825392407495e-06
2012,E02001663,E08000019,7671,97155,36,2525,0.014257425742574258,109.36871287128713,female,10-14,204,0.02659366445052796,0.00037915719612633927,0.00037054191755442334,9.85406742029753e-06
2012,E02001663,E08000019,7671,97155,36,2525,0.014257425742574258,109.36871287128713,male,10-14,205,0.02672402555077565,0.00038101580983284093,0.00037054191755442334,9.902371672357814e-06
2012,E02005888,E07000174,8284,97155,13,3488,0.0037270642201834864,30.875,female,10-14,220,0.02655721873491067,9.898045973447212e-05,0.00013380680356131955,3.5535365503971875e-06
2012,E02005888,E07000174,8284,97155,13,3488,0.0037270642201834864,30.875,male,10-14,230,0.027764365041042974,0.00010347957154058449,0.00013380680356131955,3.715060939051605e-06
2012,E02005887,E07000174,9349,97155,23,4120,0.00558252427184466,52.19101941747572,female,10-14,175,0.018718579527222164,0.00010449692454517227,0.0002367351139931038,4.431345058165918e-06
2012,E02005887,E07000174,9349,97155,23,4120,0.00558252427184466,52.19101941747572,male,10-14,233,0.02492245159910151,0.00013913019096585793,0.0002367351139931038,5.900019420300908e-06
2012,E02005880,E07000174,6267,97155,70,2630,0.026615969581749048,166.8022813688213,female,10-14,188,0.02999840434019467,0.00079843661741963,0.0007204981730224899,2.161379552070019e-05
2012,E02005880,E07000174,6267,97155,70,2630,0.026615969581749048,166.8022813688213,male,10-14,184,0.02936014041806287,0.0007814486042830421,0.0007204981730224899,2.1153927530898057e-05
2012,E02005824,E07000170,9785,97155,37,3726,0.009930220075147612,97.16720343531938,female,10-14,258,0.026366888094021462,0.00026182900147042246,0.00038083474859760175,1.0041427198587763e-05
2012,E02005824,E07000170,9785,97155,37,3726,0.009930220075147612,97.16720343531938,male,10-14,295,0.030148185998978026,0.00029937812183633577,0.00038083474859760175,1.1481476835594534e-05
2012,E02005819,E07000170,6111,97155,44,2362,0.018628281117696866,113.83742591024554,female,10-14,140,0.022909507445589918,0.00042676474496441844,0.00045288456589985077,1.037536233447539e-05
2012,E02005819,E07000170,6111,97155,44,2362,0.018628281117696866,113.83742591024554,male,10-14,152,0.02487317951235477,0.0004633445802470829,0.00045288456589985077,1.1264679106001852e-05
2012,E02005891,E07000174,6437,97155,13,2886,0.0045045045045045045,28.995495495495494,female,10-14,198,0.03075967065403138,0.00013855707501815936,0.00013380680356131955,4.115853208814862e-06
2012,E02005891,E07000174,6437,97155,13,2886,0.0045045045045045045,28.995495495495494,male,10-14,213,0.03308994873388224,0.0001490538231255957,0.00013380680356131955,4.427660270088716e-06
2012,E02005825,E07000170,8073,97155,18,3312,0.005434782608695652,43.875,female,10-14,224,0.027746810355506007,0.00015079788236688048,0.00018527095877721167,5.140678157574063e-06
2012,E02005825,E07000170,8073,97155,18,3312,0.005434782608695652,43.875,male,10-14,248,0.03071968289359594,0.00016695479833476052,0.00018527095877721167,5.691465103028428e-06
2012,E02004029,E07000032,6402,97155,379,2746,0.13801893663510562,883.5972323379461,female,10-14,185,0.028897219618869104,0.003988363523507426,0.0039009829653646236,0.00011272756147960877
2012,E02004029,E07000032,6402,97155,379,2746,0.13801893663510562,883.5972323379461,male,10-14,172,0.026866604186191814,0.0037081001407744713,0.0039009829653646236,0.00010480616526752815
2012,E02004054,E07000033,8677,97155,295,3267,0.09029690847872666,783.5062748699113,female,10-14,236,0.027198340440244325,0.002455926057505992,0.003036385157737636,8.258463722785319e-05
2012,E02004054,E07000033,8677,97155,295,3267,0.09029690847872666,783.5062748699113,male,10-14,262,0.03019476777688141,0.002726494182485466,0.003036385157737636,9.168294471905734e-05
2012,E02004050,E07000033,7057,97155,1059,3002,0.35276482345103266,2489.4613590939375,female,10-14,224,0.0317415332294176,0.011197296365740586,0.010900108074725953,0.00034598614265815694
2012,E02004050,E07000033,7057,97155,1059,3002,0.35276482345103266,2489.4613590939375,male,10-14,181,0.025648292475556184,0.009047815366960027,0.010900108074725953,0.0002795691599157429
2012,E02004051,E07000033,9152,97155,1124,3894,0.2886492039034412,2641.7175141242938,female,10-14,245,0.026770104895104896,0.007727169466383642,0.01156914209253255,0.00030970714736346973
2012,E02004051,E07000033,9152,97155,1124,3894,0.2886492039034412,2641.7175141242938,male,10-14,259,0.028299825174825176,0.00816872200731985,0.01156914209253255,0.00032740469864138227
2012,E02004049,E07000033,7821,97155,2582,3223,0.801116971765436,6265.535836177474,female,10-14,188,0.024037846822656948,0.01925712705432834,0.026576089753486697,0.000638831974639496
2012,E02004049,E07000033,7821,97155,2582,3223,0.801116971765436,6265.535836177474,male,10-14,226,0.028896560542130162,0.023149525075947898,0.026576089753486697,0.0007679575865347134
2012,E02004117,E07000038,7364,97155,2215,2973,0.7450386814665321,5486.464850319542,female,10-14,182,0.024714828897338403,0.01841350353434395,0.022798620760640213,0.00056346401119453
2012,E02004117,E07000038,7364,97155,2215,2973,0.7450386814665321,5486.464850319542,male,10-14,195,0.026480173818576862,0.019728753786797087,0.022798620760640213,0.0006037114405655679
2012,E02004112,E07000038,6508,97155,2022,2401,0.8421491045397751,5480.706372344856,female,10-14,151,0.02320221266133989,0.019539722616088818,0.020812104369306778,0.00048288687150665696
2012,E02004112,E07000038,6508,97155,2022,2401,0.8421491045397751,5480.706372344856,male,10-14,171,0.026275353411186232,0.02212776534669661,0.020812104369306778,0.0005468453975340287
2012,E02004052,E07000033,7869,97155,1852,3077,0.601884952876178,4736.232694182645,female,10-14,230,0.029228618630067354,0.01759226574679387,0.019062323091966444,0.0005571653718582135
2012,E02004052,E07000033,7869,97155,1852,3077,0.601884952876178,4736.232694182645,male,10-14,217,0.02757656627271572,0.0165979202915403,0.019062323091966444,0.0005256734160575319
2012,E02004061,E07000034,7216,97155,2534,2904,0.8725895316804407,6296.60606060606,female,10-14,177,0.024528824833702882,0.02140359577431236,0.026082033863414133,0.0006397616399423921
2012,E02004061,E07000034,7216,97155,2534,2904,0.8725895316804407,6296.60606060606,male,10-14,184,0.025498891352549888,0.022250065663691948,0.026082033863414133,0.000665062947736724
2012,E02004111,E07000038,5498,97155,1933,2254,0.857586512866016,4715.010647737356,female,10-14,125,0.022735540196435068,0.019497692635185887,0.019896042406463896,0.0004523472718821366
2012,E02004111,E07000038,5498,97155,1933,2254,0.857586512866016,4715.010647737356,male,10-14,124,0.022553655874863587,0.0193417110941044,0.019896042406463896,0.0004487284937070795
2012,E02004062,E07000034,7987,97155,2706,3135,0.8631578947368421,6894.042105263158,female,10-14,181,0.022661825466382873,0.019560733560456796,0.02785240080284082,0.0006311862458137209
2012,E02004062,E07000034,7987,97155,2706,3135,0.8631578947368421,6894.042105263158,male,10-14,219,0.02741955677976712,0.023667406904641093,0.02785240080284082,0.0007637004852663252
2012,E02004048,E07000033,6835,97155,2283,2771,0.8238902923132443,5631.290147961025,female,10-14,181,0.02648134601316752,0.021817723907636755,0.023498533271576347,0.0006222727903665426
2012,E02004048,E07000033,6835,97155,2283,2771,0.8238902923132443,5631.290147961025,male,10-14,184,0.026920263350402342,0.022179343640912504,0.023498533271576347,0.0006325867040190268
2012,E02004114,E07000038,7226,97155,2342,2813,0.8325630998933523,6016.100959829364,female,10-14,180,0.024910047052311098,0.02073918599236139,0.024105810303123875,0.0006004768688849014
2012,E02004114,E07000038,7226,97155,2342,2813,0.8325630998933523,6016.100959829364,male,10-14,174,0.024079712150567395,0.020047879792616012,0.024105810303123875,0.0005804609732554046
2012,E02004059,E07000034,7158,97155,2641,3075,0.8588617886178862,6147.7326829268295,female,10-14,161,0.02249231628946633,0.01931779099853027,0.027183366785034222,0.0006114168835415632
2012,E02004059,E07000034,7158,97155,2641,3075,0.8588617886178862,6147.7326829268295,male,10-14,164,0.022911427773120982,0.0196777498370122,0.027183366785034222,0.0006228097447255674
2012,E02004073,E07000035,9138,97155,2604,3611,0.7211298809194129,6589.6848518415945,female,10-14,229,0.025060188224994527,0.018071650550508377,0.02680253203643662,0.0006716764977395476
2012,E02004073,E07000035,9138,97155,2604,3611,0.7211298809194129,6589.6848518415945,male,10-14,232,0.02538848763405559,0.018308397064270496,0.02680253203643662,0.00068047575316845
2012,E02004063,E07000034,7940,97155,2649,3057,0.8665358194308145,6880.294406280667,female,10-14,216,0.027204030226700253,0.02357326662431435,0.02726570943337965,0.0007417371835780862
2012,E02004063,E07000034,7940,97155,2649,3057,0.8665358194308145,6880.294406280667,male,10-14,225,0.028337531486146095,0.024555486066994113,0.02726570943337965,0.0007726428995605064
2012,E02004072,E07000035,8613,97155,2654,3330,0.796996996996997,6864.5351351351355,female,10-14,190,0.022059677232091027,0.017581496508699574,0.027317173588595544,0.0006026080322574194
2012,E02004072,E07000035,8613,97155,2654,3330,0.796996996996997,6864.5351351351355,male,10-14,230,0.026703819807268082,0.02128286419474159,0.027317173588595544,0.0007294728811537182
2012,E02004046,E07000033,6301,97155,1091,2510,0.4346613545816733,2738.8011952191237,female,10-14,160,0.025392794794477067,0.011037266581981864,0.011229478668107662,0.00028514784746821553
2012,E02004046,E07000033,6301,97155,1091,2510,0.4346613545816733,2738.8011952191237,male,10-14,147,0.023329630217425807,0.010140488672195839,0.011229478668107662,0.00026197958486142304
2012,E02004067,E07000034,6422,97155,2390,2772,0.8621933621933622,5537.005772005772,female,10-14,165,0.025692930551230148,0.022152274176565675,0.02459986619319644,0.0006320426536713504
2012,E02004067,E07000034,6422,97155,2390,2772,0.8621933621933622,5537.005772005772,male,10-14,175,0.027250077857365308,0.023494836247872686,0.02459986619319644,0.0006703482690453717
2012,E02004065,E07000034,8352,97155,2549,3047,0.8365605513619954,6986.953724975385,female,10-14,198,0.023706896551724137,0.01983225445039213,0.02623642632906181,0.0006219842448699997
2012,E02004065,E07000034,8352,97155,2549,3047,0.8365605513619954,6986.953724975385,male,10-14,230,0.02753831417624521,0.023037467290859547,0.02623642632906181,0.0007225069511116159
2012,E02004071,E07000035,5146,97155,1549,1961,0.7899031106578276,4064.8414074451807,female,10-14,159,0.030897784687135638,0.024406256236804234,0.01594359528588338,0.0004926217742820555
2012,E02004071,E07000035,5146,97155,1549,1961,0.7899031106578276,4064.8414074451807,male,10-14,176,0.034201321414691024,0.027015730174072612,0.01594359528588338,0.0005452920268782501
2012,E02004064,E07000034,8842,97155,3131,3617,0.8656345037323749,7653.940282001659,female,10-14,200,0.022619316896629722,0.01958006115657939,0.03222685399619165,0.0007289494231212768
2012,E02004064,E07000034,8842,97155,3131,3617,0.8656345037323749,7653.940282001659,male,10-14,235,0.026577697353539924,0.023006571858980786,0.03222685399619165,0.0008565155721675003
2012,E02004055,E07000034,7186,97155,2530,2997,0.8441775108441775,6066.259592926259,female,10-14,173,0.024074589479543558,0.0203232270214365,0.026040862539241417,0.0006269230753254614
2012,E02004055,E07000034,7186,97155,2530,2997,0.8441775108441775,6066.259592926259,male,10-14,188,0.026161981630949068,0.02208535653196568,0.026040862539241417,0.0006812805674057036
2012,E02004057,E07000034,7721,97155,2725,3172,0.8590794451450189,6632.95239596469,female,10-14,234,0.030306955057635022,0.026036082134948117,0.02804796459266121,0.0008500484023679217
2012,E02004057,E07000034,7721,97155,2725,3172,0.8590794451450189,6632.95239596469,male,10-14,213,0.027587100116565212,0.02369951066129893,0.02804796459266121,0.000773762007283621
2012,E02005847,E07000171,6740,97155,22,2812,0.007823613086770981,52.73115220483641,female,10-14,181,0.02685459940652819,0.00021009999535690616,0.00022644228294992538,6.0810167973199546e-06
2012,E02005847,E07000171,6740,97155,22,2812,0.007823613086770981,52.73115220483641,male,10-14,175,0.02596439169139466,0.00020313535462684299,0.00022644228294992538,5.8794361300054815e-06
2012,E02004115,E07000038,8980,97155,2819,3379,0.8342704942290619,7491.749038176976,female,10-14,237,0.026391982182628063,0.02201805201918571,0.029015490710719984,0.0007657763138575319
2012,E02004115,E07000038,8980,97155,2819,3379,0.8342704942290619,7491.749038176976,male,10-14,217,0.02416481069042316,0.020159988557651047,0.029015490710719984,0.0007011538401142802
2012,E02005848,E07000171,6722,97155,116,2708,0.04283604135893648,287.94387001477105,female,10-14,214,0.031835763165724486,0.0013637180676602807,0.0011939684010086975,3.801089524187165e-05
2012,E02005848,E07000171,6722,97155,116,2708,0.04283604135893648,287.94387001477105,male,10-14,175,0.026033918476643856,0.0011151900086006968,0.0011939684010086975,3.108367601554925e-05
2012,E02004066,E07000034,11788,97155,3870,4535,0.8533627342888643,10059.439911797133,female,10-14,295,0.02502544960977265,0.02135578610580378,0.03983325613710051,0.000996845144252176
2012,E02004066,E07000034,11788,97155,3870,4535,0.8533627342888643,10059.439911797133,male,10-14,300,0.025449609772650154,0.02171774858217334,0.03983325613710051,0.0010137408246632298
2012,E02004110,E07000038,7526,97155,1841,2781,0.6619920891765552,4982.152463142754,female,10-14,195,0.025910178049428648,0.017152332897877792,0.018949101950491484,0.00049097460541401
2012,E02004110,E07000038,7526,97155,1841,2781,0.6619920891765552,4982.152463142754,male,10-14,241,0.032022322614934894,0.0211985242481464,0.018949101950491484,0.0006067942559219304
2012,E02004060,E07000034,7633,97155,2906,3387,0.8579864186595807,6549.010333628579,female,10-14,218,0.02856019913533342,0.024504262972329174,0.029910967011476507,0.0008542631741781578
2012,E02004060,E07000034,7633,97155,2906,3387,0.8579864186595807,6549.010333628579,male,10-14,245,0.03209747150530591,0.02753919462486536,0.029910967011476507,0.0009600664113470123
2012,E02006804,E07000038,8215,97155,2323,3176,0.7314231738035264,6008.641372795969,female,10-14,224,0.027267194157029825,0.019943857691051725,0.023910246513303483,0.0006519653340206914
2012,E02006804,E07000038,8215,97155,2323,3176,0.7314231738035264,6008.641372795969,male,10-14,243,0.029580036518563602,0.021635524191632005,0.023910246513303483,0.000707265965031375
2012,E02001609,E08000018,8379,97155,15,3753,0.003996802557953637,33.489208633093526,female,10-14,230,0.027449576321756774,0.00010971053685754107,0.0001543924656476764,4.238007769300104e-06
2012,E02001609,E08000018,8379,97155,15,3753,0.003996802557953637,33.489208633093526,male,10-14,227,0.02709153836973386,0.00010827952985505139,0.0001543924656476764,4.1827294070918415e-06
2012,E02005840,E07000171,9163,97155,27,3537,0.007633587786259542,69.94656488549619,female,10-14,295,0.03219469606024228,0.00024576103862780364,0.0002779064381658175,8.94711330993301e-06
2012,E02005840,E07000171,9163,97155,27,3537,0.007633587786259542,69.94656488549619,male,10-14,324,0.03535959838480847,0.00026992059835731654,0.0002779064381658175,9.826660042095915e-06
2012,E02005842,E07000171,8570,97155,8,3161,0.002530844669408415,21.689338816830116,female,10-14,215,0.025087514585764293,6.349260255808742e-05,8.234264834542741e-05,2.0657723913963704e-06
2012,E02005842,E07000171,8570,97155,8,3161,0.002530844669408415,21.689338816830116,male,10-14,230,0.026837806301050177,6.792231901562841e-05,8.234264834542741e-05,2.209896046610071e-06
2012,E02004106,E07000038,6998,97155,1667,2703,0.6167221605623382,4315.821679615243,female,10-14,181,0.025864532723635324,0.015951230503255674,0.017158149348978437,0.00044378751531367494
2012,E02004106,E07000038,6998,97155,1667,2703,0.6167221605623382,4315.821679615243,male,10-14,153,0.021863389539868532,0.013483636834243745,0.017158149348978437,0.00037513530299995723
2012,E02001603,E08000018,6481,97155,11,2853,0.00385559060637925,24.988082719943918,female,10-14,194,0.02993365221416448,0.000115411908291556,0.00011322114147496269,3.3891222722022467e-06
2012,E02001603,E08000018,6481,97155,11,2853,0.00385559060637925,24.988082719943918,male,10-14,184,0.028390680450547753,0.00010946284085384694,0.00011322114147496269,3.2144252478619245e-06
2012,E02006903,E07000171,11081,97155,27,4864,0.005550986842105263,61.51048519736842,female,10-14,270,0.024366031946575217,0.0001352555227297555,0.0002779064381658175,6.7714771505072395e-06
2012,E02006903,E07000171,11081,97155,27,4864,0.005550986842105263,61.51048519736842,male,10-14,261,0.02355383088168938,0.00013074700530543034,0.0002779064381658175,6.545761245490332e-06
2012,E02001600,E08000018,10943,97155,12,4915,0.0024415055951169887,26.717395727365208,female,10-14,356,0.032532212373206616,7.942757853071808e-05,0.0001235139725181411,4.0181827850185725e-06
2012,E02001600,E08000018,10943,97155,12,4915,0.0024415055951169887,26.717395727365208,male,10-14,338,0.030887325230741114,7.541157736905257e-05,0.0001235139725181411,3.815016239708645e-06
2012,E02004108,E07000038,7577,97155,2137,3061,0.6981378634433192,5289.790591310029,female,10-14,193,0.025471822621090143,0.01778284382269508,0.021995779939272295,0.0005602726050256768
2012,E02004108,E07000038,7577,97155,2137,3061,0.6981378634433192,5289.790591310029,male,10-14,229,0.030223043420878976,0.02109985096060711,0.021995779939272295,0.0006647794121807253
2012,E02004116,E07000038,8093,97155,3114,3628,0.8583241455347299,6946.417309812569,female,10-14,227,0.028048931175089584,0.024075074884021216,0.03205187586845762,0.0008990208602668824
2012,E02004116,E07000038,8093,97155,3114,3628,0.8583241455347299,6946.417309812569,male,10-14,222,0.02743111330779686,0.0235447868909811,0.03205187586845762,0.0008792186386751008
2012,E02004069,E07000035,6731,97155,1423,2306,0.6170858629661752,4153.604943625325,female,10-14,191,0.02837616995988709,0.01751053332737178,0.014646698574442901,0.0004156172080996277
2012,E02004069,E07000035,6731,97155,1423,2306,0.6170858629661752,4153.604943625325,male,10-14,190,0.028227603625018572,0.017418855142411722,0.014646698574442901,0.00041344120177449876
2012,E02004109,E07000038,6688,97155,1567,2568,0.610202492211838,4081.0342679127725,female,10-14,161,0.024072966507177034,0.014689384157611531,0.016128866244660593,0.0003882696569064527
2012,E02004109,E07000038,6688,97155,1567,2568,0.610202492211838,4081.0342679127725,male,10-14,181,0.027063397129186602,0.016514152375948367,0.016128866244660593,0.0004365019124227822
2012,E02004056,E07000034,7708,97155,3030,3494,0.8672009158557528,6684.384659416142,female,10-14,249,0.03230409963674105,0.02801414479087733,0.03118727806083063,0.001007476937875821
2012,E02004056,E07000034,7708,97155,3030,3494,0.8672009158557528,6684.384659416142,male,10-14,293,0.038012454592631036,0.03296443543665485,0.03118727806083063,0.0011855049911550825
2012,E02004058,E07000034,7835,97155,3009,3480,0.8646551724137931,6774.573275862069,female,10-14,206,0.026292278238672622,0.022733754373610898,0.030971128608923884,0.0008143015307515405
2012,E02004058,E07000034,7835,97155,3009,3480,0.8646551724137931,6774.573275862069,male,10-14,224,0.02858966177409062,0.024720198930528355,0.030971128608923884,0.0008854540916909955
2012,E02005843,E07000171,6511,97155,23,2673,0.008604564160119716,56.024317246539475,female,10-14,190,0.029181385347872832,0.0002510931025069492,0.0002367351139931038,6.908258586805364e-06
2012,E02005843,E07000171,6511,97155,23,2673,0.008604564160119716,56.024317246539475,male,10-14,198,0.03041007525725695,0.00026166544366513654,0.0002367351139931038,7.199132632565589e-06
2012,E02005846,E07000171,6659,97155,12,3337,0.003596044351213665,23.946059334731796,female,10-14,205,0.03078540321369575,0.00011070567532644562,0.0001235139725181411,3.80242744649631e-06
2012,E02005846,E07000171,6659,97155,12,3337,0.003596044351213665,23.946059334731796,male,10-14,191,0.028682985433248237,0.00010314528774317616,0.0001235139725181411,3.5427494745404647e-06
2012,E02001608,E08000018,6925,97155,12,3083,0.003892312682452157,26.954265325981186,female,10-14,205,0.0296028880866426,0.00011522369673685086,0.0001235139725181411,3.656370305591181e-06
2012,E02001608,E08000018,6925,97155,12,3083,0.003892312682452157,26.954265325981186,male,10-14,200,0.02888086642599278,0.0001124133626700984,0.0001235139725181411,3.5671905420401766e-06
2012,E02001610,E08000018,8312,97155,39,3825,0.01019607843137255,84.74980392156863,female,10-14,234,0.02815206929740135,0.00028704070656173925,0.0004014204106839586,1.130081521896611e-05
2012,E02001610,E08000018,8312,97155,39,3825,0.01019607843137255,84.74980392156863,male,10-14,223,0.026828681424446582,0.0002735473400139652,0.0004014204106839586,1.0769580315510438e-05
2012,E02004113,E07000038,9224,97155,3474,4038,0.8603268945022289,7935.655274888559,female,10-14,229,0.024826539462272333,0.021358939596813793,0.03575729504400185,0.0008877298964740269
2012,E02004113,E07000038,9224,97155,3474,4038,0.8603268945022289,7935.655274888559,male,10-14,245,0.026561144839549,0.022851267254233094,0.03575729504400185,0.0009497546927342209
2012,E02001605,E08000018,7380,97155,12,3095,0.0038772213247172858,28.613893376413568,female,10-14,206,0.02791327913279133,0.00010822596109644456,0.0001235139725181411,3.44767999169879e-06
2012,E02001605,E08000018,7380,97155,12,3095,0.0038772213247172858,28.613893376413568,male,10-14,213,0.02886178861788618,0.00011190354229875092,0.0001235139725181411,3.5648341661739914e-06
2012,E02001607,E08000018,8856,97155,12,4092,0.002932551319648094,25.970674486803517,female,10-14,255,0.028794037940379404,8.44399939600569e-05,0.0001235139725181411,3.5564660108543343e-06
2012,E02001607,E08000018,8856,97155,12,4092,0.002932551319648094,25.970674486803517,male,10-14,241,0.027213188798554652,7.980407272303418e-05,0.0001235139725181411,3.361209053395665e-06
2012,E02004045,E07000033,9079,97155,2469,3220,0.7667701863354037,6961.50652173913,female,10-14,233,0.02566361934133715,0.01967809818439796,0.025412999845607534,0.0006521895543591316
2012,E02004045,E07000033,9079,97155,2469,3220,0.7667701863354037,6961.50652173913,male,10-14,256,0.028196937988765283,0.02162057139573338,0.025412999845607534,0.0007165687807550974
2012,E02001606,E08000018,8011,97155,10,3937,0.00254000508001016,20.347980695961393,female,10-14,215,0.026838097615778305,6.816890428188546e-05,0.00010292831043178426,2.7624000427953584e-06
2012,E02001606,E08000018,8011,97155,10,3937,0.00254000508001016,20.347980695961393,male,10-14,263,0.032829858943952066,8.338800849365524e-05,0.00010292831043178426,3.379121912814787e-06
2012,E02005838,E07000171,8043,97155,11,3413,0.0032229709932610606,25.92235569879871,female,10-14,211,0.026233992291433545,8.455139619272458e-05,0.00011322114147496269,2.970242552681478e-06
2012,E02005838,E07000171,8043,97155,11,3413,0.0032229709932610606,25.92235569879871,male,10-14,210,0.02610966057441253,8.415067867522351e-05,0.00011322114147496269,2.9561655737588167e-06
2012,E02004047,E07000033,5751,97155,756,2604,0.2903225806451613,1669.6451612903227,female,10-14,130,0.02260476438880195,0.006562673532232824,0.00778138026864289,0.00017589626759234494
2012,E02004047,E07000033,5751,97155,756,2604,0.2903225806451613,1669.6451612903227,male,10-14,153,0.026604068857589983,0.007723761926397093,0.00778138026864289,0.0002070163764740675
2012,E02005894,E07000175,10073,97155,18,4140,0.004347826086956522,43.79565217391304,female,10-14,304,0.030179688275588205,0.00013121603598081829,0.00018527095877721167,5.5914197824156004e-06
2012,E02005894,E07000175,10073,97155,18,4140,0.004347826086956522,43.79565217391304,male,10-14,302,0.029981137694827756,0.00013035277258620763,0.00018527095877721167,5.55463412595234e-06
2012,E02005889,E07000174,10157,97155,24,4422,0.005427408412483039,55.12618724559022,female,10-14,259,0.025499655410062026,0.00013839704428798927,0.0002470279450362822,6.2991274750809384e-06
2012,E02005889,E07000174,10157,97155,24,4422,0.005427408412483039,55.12618724559022,male,10-14,281,0.027665649305897412,0.00015015277777963317,0.0002470279450362822,6.834188496130285e-06
2012,E02004053,E07000033,7938,97155,492,3108,0.1583011583011583,1256.5945945945946,female,10-14,238,0.029982363315696647,0.0047462428414809365,0.005064072873243786,0.000151832872742759
2012,E02004053,E07000033,7938,97155,492,3108,0.1583011583011583,1256.5945945945946,male,10-14,253,0.031872008062484254,0.005045375793675113,0.005064072873243786,0.00016140217144503373
2012,E02004031,E07000032,7666,97155,164,3159,0.051915163026274136,397.98163975941753,female,10-14,265,0.034568223323767286,0.0017946149493820306,0.001688024291081262,5.8352000670041015e-05
2012,E02004031,E07000032,7666,97155,164,3159,0.051915163026274136,397.98163975941753,male,10-14,231,0.030133055048265068,0.001564362465310374,0.001688024291081262,5.086532888596028e-05
2012,E02005883,E07000174,7845,97155,32,3272,0.009779951100244499,76.72371638141809,female,10-14,207,0.02638623326959847,0.0002580560710963176,0.00032937059338170965,8.690849309115857e-06
2012,E02005883,E07000174,7845,97155,32,3272,0.009779951100244499,76.72371638141809,male,10-14,240,0.030592734225621414,0.0002991954447493537,0.00032937059338170965,1.0076347025061862e-05
2012,E02005822,E07000170,9777,97155,24,3954,0.006069802731411229,59.34446130500759,female,10-14,290,0.02966145034264089,0.00018003915230738022,0.0002470279450362822,7.327207124938308e-06
2012,E02005822,E07000170,9777,97155,24,3954,0.006069802731411229,59.34446130500759,male,10-14,307,0.03140022501789915,0.0001905931715805715,0.0002470279450362822,7.756733059848485e-06
2012,E02004030,E07000032,5665,97155,510,2112,0.24147727272727273,1367.96875,female,10-14,141,0.024889673433362753,0.006010290459760892,0.005249343832020997,0.00013065445371843965
2012,E02004030,E07000032,5665,97155,510,2112,0.24147727272727273,1367.96875,male,10-14,146,0.025772285966460723,0.0062234213271283,0.005249343832020997,0.0001352875903751219
2012,E02004032,E07000032,8284,97155,184,2974,0.06186953597848016,512.5272360457296,female,10-14,203,0.024505070014485757,0.001516117310916402,0.0018938809119448303,4.64096843463062e-05
2012,E02004032,E07000032,8284,97155,184,2974,0.06186953597848016,512.5272360457296,male,10-14,220,0.02655721873491067,0.001643082800007923,0.0018938809119448303,5.029620963639096e-05
2012,E02004075,E07000035,7458,97155,155,2523,0.06143479984145858,458.1807372175981,female,10-14,230,0.030839367122552964,0.0018946103464112997,0.0015953888116926561,4.920078126700334e-05
2012,E02004075,E07000035,7458,97155,155,2523,0.06143479984145858,458.1807372175981,male,10-14,255,0.03419147224456959,0.002100546253629919,0.0015953888116926561,5.454869227428631e-05
2012,E02004074,E07000035,5875,97155,386,2042,0.1890303623898139,1110.5533790401566,female,10-14,145,0.02468085106382979,0.004665430220684769,0.003973032782666873,9.805783038071432e-05
2012,E02004074,E07000035,5875,97155,386,2042,0.1890303623898139,1110.5533790401566,male,10-14,185,0.03148936170212766,0.00595244545397712,0.003973032782666873,0.00012510826634780793
2012,E02002806,E06000015,6527,97155,11,1899,0.005792522380200105,37.80779357556609,female,10-14,83,0.012716408763597364,7.366008235891049e-05,0.00011322114147496269,1.4397663156767127e-06
2012,E02002806,E06000015,6527,97155,11,1899,0.005792522380200105,37.80779357556609,male,10-14,125,0.019151218017465912,0.00011093385897426279,0.00011322114147496269,2.1683227645733626e-06
2012,E02002815,E06000015,7881,97155,11,2837,0.0038773352132534366,30.557278815650335,female,10-14,273,0.034640274076893796,0.00013431195447509049,0.00011322114147496269,3.922011371991475e-06
2012,E02002815,E06000015,7881,97155,11,2837,0.0038773352132534366,30.557278815650335,male,10-14,318,0.04035020936429387,0.00015645128763032518,0.00011322114147496269,4.568496762979081e-06
2012,E02002811,E06000015,10268,97155,11,3874,0.002839442436757873,29.15539494062984,female,10-14,331,0.03223607323724192,9.153247434425945e-05,0.00011322114147496269,3.649805008591026e-06
2012,E02002811,E06000015,10268,97155,11,3874,0.002839442436757873,29.15539494062984,male,10-14,351,0.034183872224386444,9.706313744663162e-05,0.00011322114147496269,3.870337033279305e-06
2012,E02004118,E07000039,6815,97155,10,2416,0.0041390728476821195,28.207781456953644,female,10-14,173,0.025385179750550258,0.00010507110823903253,0.00010292831043178426,2.6128536617312808e-06
2012,E02004118,E07000039,6815,97155,10,2416,0.0041390728476821195,28.207781456953644,male,10-14,215,0.03154805575935436,0.00013057970099070515,0.00010292831043178426,3.247188076718065e-06
2012,E02006827,E07000032,7622,97155,12,2775,0.004324324324324324,32.96,female,10-14,208,0.027289425347677775,0.00011800832582779579,0.0001235139725181411,3.370625332428936e-06
2012,E02006827,E07000032,7622,97155,12,2775,0.004324324324324324,32.96,male,10-14,233,0.030569404355812124,0.00013219201883594433,0.0001235139725181411,3.775748569499722e-06
2012,E02005823,E07000170,7513,97155,13,3531,0.0036816765788728408,27.660436137071652,female,10-14,251,0.033408758152535606,0.00012300024241941742,0.00013380680356131955,4.470319139343965e-06
2012,E02005823,E07000170,7513,97155,13,3531,0.0036816765788728408,27.660436137071652,male,10-14,232,0.030879808332224146,0.00011368946709683204,0.00013380680356131955,4.131928447521115e-06
2012,E02005890,E07000174,6715,97155,13,2532,0.005134281200631911,34.47669826224328,female,10-14,150,0.022338049143708117,0.00011468982577733235,0.00013380680356131955,2.9889829537152545e-06
2012,E02005890,E07000174,6715,97155,13,2532,0.005134281200631911,34.47669826224328,male,10-14,175,0.026061057334326135,0.00013380479674022106,0.00013380680356131955,3.4871467793344632e-06
2012,E02004040,E07000032,9078,97155,13,2840,0.004577464788732394,41.554225352112674,female,10-14,264,0.029081295439524125,0.00013311860588514565,0.00013380680356131955,3.891275186185103e-06
2012,E02004040,E07000032,9078,97155,13,2840,0.004577464788732394,41.554225352112674,male,10-14,284,0.03128442388191231,0.0001432033487552324,0.00013380680356131955,4.186068760896095e-06
2012,E02002821,E06000015,11377,97155,13,4175,0.0031137724550898203,35.425389221556884,female,10-14,416,0.036564999560516835,0.00011385508845190871,0.00013380680356131955,4.892645713413812e-06
2012,E02002821,E06000015,11377,97155,13,4175,0.0031137724550898203,35.425389221556884,male,10-14,447,0.03928979520084381,0.00012233948206250768,0.00013380680356131955,5.257241908403783e-06
2012,E02002824,E06000015,9562,97155,13,3558,0.0036537380550871277,34.93704328274311,female,10-14,315,0.03294289897510981,0.00012036472363024945,0.00013380680356131955,4.407984011902913e-06
2012,E02002824,E06000015,9562,97155,13,3558,0.0036537380550871277,34.93704328274311,male,10-14,342,0.03576657603011922,0.00013068169994141367,0.00013380680356131955,4.785811212923163e-06
2012,E02005827,E07000170,8446,97155,14,3234,0.004329004329004329,36.56277056277056,female,10-14,260,0.030783802983660905,0.00013326321637948443,0.00014409963460449796,4.4359347616823904e-06
2012,E02005827,E07000170,8446,97155,14,3234,0.004329004329004329,36.56277056277056,male,10-14,254,0.030073407530191807,0.0001301879113861117,0.00014409963460449796,4.333567036412797e-06
2012,E02002813,E06000015,10537,97155,14,4158,0.003367003367003367,35.47811447811448,female,10-14,344,0.03264686343361488,0.00010992209910308039,0.00014409963460449796,4.7044010917668495e-06
2012,E02002813,E06000015,10537,97155,14,4158,0.003367003367003367,35.47811447811448,male,10-14,372,0.0353041662712347,0.00011886924670449393,0.00014409963460449796,5.087317459701361e-06
2012,E02004080,E07000036,9536,97155,15,3327,0.004508566275924256,42.993688007213706,female,10-14,191,0.020029362416107383,9.030370791752653e-05,0.0001543924656476764,3.0923826487737197e-06
2012,E02004080,E07000036,9536,97155,15,3327,0.004508566275924256,42.993688007213706,male,10-14,209,0.021916946308724834,9.881400499875939e-05,0.0001543924656476764,3.383811380071767e-06
2012,E02004076,E07000035,6658,97155,15,2298,0.006527415143603133,43.45953002610966,female,10-14,198,0.029738660258335835,0.00019411658132072998,0.0001543924656476764,4.591425082343035e-06
2012,E02004076,E07000035,6658,97155,15,2298,0.006527415143603133,43.45953002610966,male,10-14,232,0.03484529888855512,0.0002274497316485321,0.0001543924656476764,5.379851611634263e-06
2012,E02005830,E07000170,6081,97155,17,2266,0.007502206531332745,45.620917917034426,female,10-14,152,0.024995888834073342,0.00018752432046745227,0.00017497812773403323,4.37373382923418e-06
2012,E02005830,E07000170,6081,97155,17,2266,0.007502206531332745,45.620917917034426,male,10-14,173,0.028449268212465056,0.0002134322857951924,0.00017497812773403323,4.977999687220482e-06
2012,E02002808,E06000015,12033,97155,18,3850,0.004675324675324675,56.25818181818182,female,10-14,147,0.012216404886561954,5.7115659209900044e-05,0.00018527095877721167,2.263345046143947e-06
2012,E02002808,E06000015,12033,97155,18,3850,0.004675324675324675,56.25818181818182,male,10-14,141,0.011717776115681875,5.4784407813577595e-05,0.00018527095877721167,2.170963615689092e-06
2012,E02005884,E07000174,6034,97155,18,2478,0.007263922518159807,43.83050847457627,female,10-14,142,0.023533311236327476,0.00017094414941642235,0.00018527095877721167,4.36003913595692e-06
2012,E02005884,E07000174,6034,97155,18,2478,0.007263922518159807,43.83050847457627,male,10-14,154,0.025522041763341066,0.0001853901338741482,0.00018527095877721167,4.728493147446238e-06
2012,E02005892,E07000174,11677,97155,19,4381,0.004336909381419767,50.64209084683862,female,10-14,285,0.02440695384088379,0.00010585074708440812,0.0001955637898203901,4.77311639109456e-06
2012,E02005892,E07000174,11677,97155,19,4381,0.004336909381419767,50.64209084683862,male,10-14,261,0.022351631412177785,9.693699996151059e-05,0.0001955637898203901,4.3711697476339654e-06
2012,E02005820,E07000170,5704,97155,24,2206,0.010879419764279238,62.056210335448775,female,10-14,141,0.024719495091164095,0.0002689337634578143,0.0002470279450362822,6.106406074704733e-06
2012,E02005820,E07000170,5704,97155,24,2206,0.010879419764279238,62.056210335448775,male,10-14,136,0.023842917251051893,0.00025939710517916835,0.0002470279450362822,5.889866852197472e-06
2012,E02005886,E07000174,10342,97155,26,4259,0.0061047194177036865,63.135008217891524,female,10-14,288,0.027847611680526012,0.00017000185576277914,0.0002676136071226391,7.452399811576104e-06
2012,E02005886,E07000174,10342,97155,26,4259,0.0061047194177036865,63.135008217891524,male,10-14,288,0.027847611680526012,0.00017000185576277914,0.0002676136071226391,7.452399811576104e-06
2012,E02004039,E07000032,8055,97155,27,2575,0.010485436893203883,84.46019417475728,female,10-14,236,0.029298572315332092,0.000307208331073385,0.0002779064381658175,8.14226187549757e-06
2012,E02004039,E07000032,8055,97155,27,2575,0.010485436893203883,84.46019417475728,male,10-14,228,0.02830540037243948,0.00029679448934208385,0.0002779064381658175,7.86625299836206e-06
2012,E02005829,E07000170,6670,97155,27,2570,0.010505836575875487,70.0739299610895,female,10-14,196,0.029385307346326838,0.00030871723671238317,0.0002779064381658175,8.166366099025523e-06
2012,E02005829,E07000170,6670,97155,27,2570,0.010505836575875487,70.0739299610895,male,10-14,199,0.029835082458770614,0.0003134425005396135,0.0002779064381658175,8.291361498500402e-06
2012,E02005882,E07000174,7817,97155,29,3133,0.00925630386211299,72.35652729013725,female,10-14,159,0.020340283996418063,0.00018827584931251957,0.0002984921002521744,6.071414089816518e-06
2012,E02005882,E07000174,7817,97155,29,3133,0.00925630386211299,72.35652729013725,male,10-14,210,0.02686452603300499,0.00024866621607313907,0.0002984921002521744,8.018848797870874e-06
2012,E02005885,E07000174,8195,97155,34,3621,0.009389671361502348,76.94835680751174,female,10-14,214,0.026113483831604636,0.00024519703128267264,0.00034995625546806647,9.138577018934256e-06
2012,E02005885,E07000174,8195,97155,34,3621,0.009389671361502348,76.94835680751174,male,10-14,226,0.027577791336180598,0.0002589463975228225,0.00034995625546806647,9.651020590089447e-06
2012,E02005821,E07000170,6379,97155,34,2601,0.013071895424836602,83.38562091503269,female,10-14,206,0.032293462925223386,0.000422136770264358,0.00034995625546806647,1.1301299361408008e-05
2012,E02005821,E07000170,6379,97155,34,2601,0.013071895424836602,83.38562091503269,male,10-14,195,0.030569054710769712,0.00039959548641529036,0.00034995625546806647,1.0697831919779426e-05
2012,E02004037,E07000032,7801,97155,43,2364,0.018189509306260575,141.89636209813875,female,10-14,250,0.032047173439302655,0.0005829223595135423,0.0004425917348566723,1.4183814089753632e-05
2012,E02004037,E07000032,7801,97155,43,2364,0.018189509306260575,141.89636209813875,male,10-14,265,0.03397000384566081,0.0006178977010843548,0.0004425917348566723,1.5034842935138848e-05
2012,E02005881,E07000174,5693,97155,43,2422,0.017753922378199834,101.07308009909165,female,10-14,162,0.0284559985947655,0.0005052055902456303,0.0004425917348566723,1.2594389785136292e-05
2012,E02005881,E07000174,5693,97155,43,2422,0.017753922378199834,101.07308009909165,male,10-14,155,0.027226418408571932,0.0004833757190621771,0.0004425917348566723,1.205018775738349e-05
2012,E02004038,E07000032,7843,97155,46,2744,0.016763848396501458,131.47886297376093,female,10-14,177,0.022567894938161418,0.00037832476937151065,0.0004734702279862076,1.0685226361540067e-05
2012,E02004038,E07000032,7843,97155,46,2744,0.016763848396501458,131.47886297376093,male,10-14,185,0.0235879127884738,0.00039542419397587276,0.0004734702279862076,1.1168174445677471e-05
2012,E02004036,E07000032,9930,97155,53,3520,0.015056818181818182,149.51420454545453,female,10-14,280,0.028197381671701913,0.00042456284903414813,0.0005455200452884565,1.5382236926562722e-05
2012,E02004036,E07000032,9930,97155,53,3520,0.015056818181818182,149.51420454545453,male,10-14,273,0.027492447129909364,0.0004139487778082944,0.0005455200452884565,1.4997681003398654e-05
2012,E02004033,E07000032,8889,97155,87,3254,0.026736324523663185,237.65918869084206,female,10-14,231,0.025987175160310495,0.0006948015485393402,0.0008954763007565231,2.3270899479666645e-05
2012,E02004033,E07000032,8889,97155,87,3254,0.026736324523663185,237.65918869084206,male,10-14,220,0.02474969062886714,0.0006617157605136575,0.0008954763007565231,2.216276140920633e-05
2012,E02004034,E07000032,7217,97155,77,2551,0.03018424147393179,217.83967071736572,female,10-14,166,0.023001247055563254,0.0006942751953266838,0.0007925479903247388,1.8229592128849473e-05
2012,E02004034,E07000032,7217,97155,77,2551,0.03018424147393179,217.83967071736572,male,10-14,168,0.023278370514064017,0.0007026399567161619,0.0007925479903247388,1.8449225768956094e-05
2012,E02004035,E07000032,6545,97155,85,2141,0.039701074264362445,259.8435310602522,female,10-14,164,0.025057295645530938,0.0009948015552873094,0.0008748906386701663,2.1922393390665737e-05
2012,E02004035,E07000032,6545,97155,85,2141,0.039701074264362445,259.8435310602522,male,10-14,200,0.030557677616501147,0.001213172628399158,0.0008748906386701663,2.6734626086177733e-05
2012,E02004043,E07000032,7034,97155,16,2595,0.006165703275529865,43.369556840077074,female,10-14,202,0.0287176570941143,0.00017706455241072401,0.00016468529669085483,4.729375878810445e-06
2012,E02004043,E07000032,7034,97155,16,2595,0.006165703275529865,43.369556840077074,male,10-14,202,0.0287176570941143,0.00017706455241072401,0.00016468529669085483,4.729375878810445e-06
2012,E02002820,E06000015,9785,97155,11,3613,0.003044561306393579,29.791032383061168,female,10-14,271,0.027695452222789983,8.432050220057841e-05,0.00011322114147496269,3.1357107143295746e-06
2012,E02002820,E06000015,9785,97155,11,3613,0.003044561306393579,29.791032383061168,male,10-14,302,0.03086356668369954,9.39660209024896e-05,0.00011322114147496269,3.4944082499170907e-06
2012,E02002801,E06000015,7589,97155,9,2732,0.003294289897510981,25.000366032210835,female,10-14,226,0.02977994465674002,9.810377083113477e-05,9.263547938860583e-05,2.7586794494432623e-06
2012,E02002801,E06000015,7589,97155,9,2732,0.003294289897510981,25.000366032210835,male,10-14,227,0.029911714323362763,9.853785831268846e-05,9.263547938860583e-05,2.7708859956797373e-06
2012,E02002816,E06000015,9479,97155,9,2797,0.0032177332856632105,30.50089381480157,female,10-14,378,0.03987762422196434,0.00012831555881218416,9.263547938860583e-05,3.6940828366803465e-06
2012,E02002816,E06000015,9479,97155,9,2797,0.0032177332856632105,30.50089381480157,male,10-14,441,0.046523894925625066,0.0001497014852808815,9.263547938860583e-05,4.309763309460404e-06
2012,E02002803,E06000015,7912,97155,8,2208,0.0036231884057971015,28.666666666666668,female,10-14,98,0.012386248736097068,4.48777128119459e-05,8.234264834542741e-05,1.0199165239954355e-06
2012,E02002803,E06000015,7912,97155,8,2208,0.0036231884057971015,28.666666666666668,male,10-14,91,0.011501516683518705,4.1672161896806904e-05,8.234264834542741e-05,9.470653437100472e-07
2012,E02004084,E07000036,6139,97155,8,2240,0.0035714285714285713,21.925,female,10-14,177,0.028832057338328717,0.00010297163335117398,8.234264834542741e-05,2.3741079584852014e-06
2012,E02004084,E07000036,6139,97155,8,2240,0.0035714285714285713,21.925,male,10-14,169,0.027528913503827985,9.831754822795709e-05,8.234264834542741e-05,2.266803643977396e-06
2012,E02002825,E06000015,8582,97155,8,3211,0.002491435689816257,21.381501090003116,female,10-14,247,0.028781169890468424,7.170643385977808e-05,8.234264834542741e-05,2.369917751260845e-06
2012,E02002825,E06000015,8582,97155,8,3211,0.002491435689816257,21.381501090003116,male,10-14,271,0.031577720810999764,7.867386063157837e-05,8.234264834542741e-05,2.6001931602902387e-06
2012,E02004083,E07000036,7917,97155,8,2488,0.003215434083601286,25.456591639871384,female,10-14,216,0.027283061765820387,8.772688670681796e-05,8.234264834542741e-05,2.246559560769524e-06
2012,E02004083,E07000036,7917,97155,8,2488,0.003215434083601286,25.456591639871384,male,10-14,219,0.027661993179234557,8.894531568885709e-05,8.234264834542741e-05,2.277761776891323e-06
2012,E02006872,E07000037,12346,97155,354,4893,0.07234825260576333,893.2115266707541,female,15-19,347,0.02810626923699984,0.0020334394665640593,0.003643662189285163,0.00010240975050072506
2012,E02006872,E07000037,12346,97155,354,4893,0.07234825260576333,893.2115266707541,male,15-19,368,0.029807225012149684,0.002156500644655832,0.003643662189285163,0.00010860745874428479
2012,E02004103,E07000037,7137,97155,89,3114,0.028580603725112397,203.97976878612718,female,15-19,238,0.03334734482275466,0.0009530872476638294,0.0009160619628428799,3.054823415393098e-05
2012,E02004103,E07000037,7137,97155,89,3114,0.028580603725112397,203.97976878612718,male,15-19,262,0.036710102283872774,0.0010491968860837112,0.0009160619628428799,3.362872835432738e-05
2012,E02004097,E07000037,7704,97155,29,2762,0.010499637943519189,80.88921071687183,female,15-19,252,0.03271028037383177,0.00034344610095623514,0.0002984921002521744,9.763760288622525e-06
2012,E02004097,E07000037,7704,97155,29,2762,0.010499637943519189,80.88921071687183,male,15-19,231,0.02998442367601246,0.0003148255925432156,0.0002984921002521744,8.950113597903983e-06
2012,E02004102,E07000037,8625,97155,96,3736,0.02569593147751606,221.627408993576,female,15-19,282,0.03269565217391304,0.0008401452378735685,0.000988111780145129,3.230695907257117e-05
2012,E02004102,E07000037,8625,97155,96,3736,0.02569593147751606,221.627408993576,male,15-19,281,0.03257971014492753,0.0008371659994413927,0.000988111780145129,3.219239538791666e-05
2012,E02004098,E07000037,7341,97155,47,3145,0.014944356120826709,109.70651828298887,female,15-19,184,0.025064705081051627,0.00037457587879473017,0.00048376305902938604,1.212537840367893e-05
2012,E02004098,E07000037,7341,97155,47,3145,0.014944356120826709,109.70651828298887,male,15-19,209,0.02847023566271625,0.00042546934058749244,0.00048376305902938604,1.3772848295483133e-05
2012,E02004104,E07000037,7167,97155,84,2895,0.029015544041450778,207.95440414507772,female,15-19,212,0.029580019533975165,0.0008582803595350308,0.0008645978076269878,2.55748200386384e-05
2012,E02004104,E07000037,7167,97155,84,2895,0.029015544041450778,207.95440414507772,male,15-19,202,0.028184735593693316,0.0008177954369154538,0.0008645978076269878,2.436846060285357e-05
2012,E02004100,E07000037,7641,97155,54,3050,0.017704918032786884,135.28327868852458,female,15-19,223,0.029184661693495616,0.0005167120430979551,0.000555812876331635,1.6221210760627483e-05
2012,E02004100,E07000037,7641,97155,54,3050,0.017704918032786884,135.28327868852458,male,15-19,231,0.030231645072634473,0.0005352487980072988,0.000555812876331635,1.6803137604058066e-05
2012,E02004068,E07000035,7531,97155,1163,2634,0.4415337889141989,3325.190964312832,female,15-19,188,0.024963484265037843,0.011022221792042146,0.011970562503216509,0.00029882694869269735
2012,E02004068,E07000035,7531,97155,1163,2634,0.4415337889141989,3325.190964312832,male,15-19,199,0.0264241136635241,0.011667139024555248,0.011970562503216509,0.0003163115042013126
2012,E02006210,E07000198,5452,97155,24,1854,0.012944983818770227,70.57605177993528,female,15-19,120,0.022010271460014674,0.00028492260789663007,0.0002470279450362822,5.437152128458156e-06
2012,E02006210,E07000198,5452,97155,24,1854,0.012944983818770227,70.57605177993528,male,15-19,135,0.024761555392516506,0.00032053793388370883,0.0002470279450362822,6.1167961445154255e-06
2012,E02006204,E07000198,7282,97155,11,2851,0.003858295334970186,28.096106629252894,female,15-19,218,0.02993683054106015,0.00011550513362036537,0.00011322114147496269,3.389482126001355e-06
2012,E02006204,E07000198,7282,97155,11,2851,0.003858295334970186,28.096106629252894,male,15-19,214,0.029387530898104915,0.00011338577337045039,0.00011322114147496269,3.327289793414174e-06
2012,E02004070,E07000035,6373,97155,1527,2452,0.6227569331158238,3968.829934747145,female,15-19,157,0.02463517966420838,0.01534172893443972,0.015717153002933457,0.00038719488803711796
2012,E02004070,E07000035,6373,97155,1527,2452,0.6227569331158238,3968.829934747145,male,15-19,162,0.025419739526125845,0.015830319027893214,0.015717153002933457,0.0003995259354268351
2012,E02006803,E08000019,8747,97155,441,3080,0.1431818181818182,1252.4113636363636,female,15-19,246,0.028123928203955643,0.0040268351746572855,0.004539138490041686,0.000127658405001744
2012,E02006803,E08000019,8747,97155,441,3080,0.1431818181818182,1252.4113636363636,male,15-19,307,0.03509774779924545,0.005025359343982872,0.004539138490041686,0.0001593135379493309
2012,E02006869,E08000019,11118,97155,31,4236,0.007318224740321058,81.36402266288952,female,15-19,338,0.030401151286202556,0.0002224824574769309,0.0003190777623385312,9.70033132491667e-06
2012,E02006869,E08000019,11118,97155,31,4236,0.007318224740321058,81.36402266288952,male,15-19,334,0.0300413743479043,0.00021984952898607962,0.0003190777623385312,9.585534504503455e-06
2012,E02006868,E08000019,12500,97155,11,4482,0.0024542614904060687,30.67826863007586,female,15-19,407,0.03256,7.99107541276216e-05,0.00011322114147496269,3.6864803664247852e-06
2012,E02006868,E08000019,12500,97155,11,4482,0.0024542614904060687,30.67826863007586,male,15-19,417,0.03336,8.187416331994646e-05,0.00011322114147496269,3.7770572796047556e-06
2012,E02004105,E07000038,9450,97155,1852,3263,0.5675758504443763,5363.591786699356,female,15-19,292,0.0308994708994709,0.017537793474048453,0.019062323091966444,0.0005890156976565293
2012,E02004105,E07000038,9450,97155,1852,3263,0.5675758504443763,5363.591786699356,male,15-19,347,0.03671957671957672,0.020841144984571278,0.019062323091966444,0.0006999604352288208
2012,E02001634,E08000019,9260,97155,11,3128,0.003516624040920716,32.56393861892583,female,15-19,179,0.019330453563714902,6.797793772406135e-05,0.00011322114147496269,2.1886160177125615e-06
2012,E02001634,E08000019,9260,97155,11,3128,0.003516624040920716,32.56393861892583,male,15-19,194,0.020950323974082072,7.367441295233465e-05,0.00011322114147496269,2.372019594615849e-06
2012,E02001669,E08000019,7690,97155,45,2629,0.017116774438950173,131.62799543552683,female,15-19,183,0.023797139141742522,0.00040733026298151907,0.0004631773969430292,1.1022296962363373e-05
2012,E02001669,E08000019,7690,97155,45,2629,0.017116774438950173,131.62799543552683,male,15-19,191,0.024837451235370612,0.00042513705043426307,0.0004631773969430292,1.1504146009898384e-05
2012,E02001660,E08000019,9889,97155,23,3458,0.006651243493348756,65.77414690572586,female,15-19,214,0.021640206289816968,0.00014393428127986994,0.0002367351139931038,5.1229967028541015e-06
2012,E02001660,E08000019,9889,97155,23,3458,0.006651243493348756,65.77414690572586,male,15-19,232,0.02346041055718475,0.00015604090306976554,0.0002367351139931038,5.553902967580148e-06
2012,E02001653,E08000019,7439,97155,9,2991,0.003009027081243731,22.384152457372114,female,15-19,290,0.038983734372899585,0.00011730311245606694,9.263547938860583e-05,3.6112769219916245e-06
2012,E02001653,E08000019,7439,97155,9,2991,0.003009027081243731,22.384152457372114,male,15-19,248,0.033337814222341715,0.00010031438582449863,9.263547938860583e-05,3.0882644022549065e-06
2012,E02001662,E08000019,7588,97155,15,3172,0.004728877679697352,35.8827238335435,female,15-19,239,0.031497100685292566,0.00014894593640586018,0.0001543924656476764,4.862915035555437e-06
2012,E02001662,E08000019,7588,97155,15,3172,0.004728877679697352,35.8827238335435,male,15-19,231,0.03044280442804428,0.0001439602983671703,0.0001543924656476764,4.700139636875757e-06
2012,E02001655,E08000019,7681,97155,14,3228,0.004337050805452293,33.31288723667906,female,15-19,241,0.03137612290066397,0.0001360798390982948,0.00014409963460449796,4.521287845291499e-06
2012,E02001655,E08000019,7681,97155,14,3228,0.004337050805452293,33.31288723667906,male,15-19,256,0.03332899362062231,0.00014454953862723431,0.00014409963460449796,4.802695802467319e-06
2012,E02001650,E08000019,9415,97155,10,2336,0.004280821917808219,40.30393835616438,female,15-19,634,0.06733935209771641,0.0002882677743909093,0.00010292831043178426,6.931125736988977e-06
2012,E02001650,E08000019,9415,97155,10,2336,0.004280821917808219,40.30393835616438,male,15-19,562,0.05969198088157196,0.0002555307400752224,0.00010292831043178426,6.14399473846657e-06
2012,E02001627,E08000019,6085,97155,8,2236,0.0035778175313059034,21.77101967799642,female,15-19,143,0.023500410846343467,8.408018191893905e-05,8.234264834542741e-05,1.9350860662935282e-06
2012,E02001627,E08000019,6085,97155,8,2236,0.0035778175313059034,21.77101967799642,male,15-19,179,0.02941659819227609,0.00010524722072370693,8.234264834542741e-05,2.4222406004653258e-06
2012,E02001656,E08000019,7888,97155,17,2300,0.007391304347826087,58.302608695652175,female,15-19,205,0.025988843813387424,0.00019209145427286358,0.00017497812773403323,4.547479232438744e-06
2012,E02001656,E08000019,7888,97155,17,2300,0.007391304347826087,58.302608695652175,male,15-19,174,0.022058823529411766,0.00016304347826086958,0.00017497812773403323,3.85981164119191e-06
2012,E02001666,E08000019,6153,97155,17,2708,0.006277695716395864,38.62666174298375,female,15-19,220,0.03575491630099139,0.0002244584849028263,0.00017497812773403323,6.256328311634538e-06
2012,E02001666,E08000019,6153,97155,17,2708,0.006277695716395864,38.62666174298375,male,15-19,233,0.03786770680968633,0.0002377219408289024,0.00017497812773403323,6.626020439140215e-06
2012,E02001678,E08000019,10006,97155,92,3559,0.025849957853329587,258.65467828041585,female,15-19,290,0.028982610433739755,0.0007491992581916431,0.0009469404559724152,2.74448063393964e-05
2012,E02001678,E08000019,10006,97155,92,3559,0.025849957853329587,258.65467828041585,male,15-19,317,0.03168099140515691,0.0008189522925750029,0.0009469404559724152,3.0000012446857446e-05
2012,E02001680,E08000019,6098,97155,251,2873,0.08736512356421859,532.7525234946049,female,15-19,191,0.031321744834371924,0.0027364281077018287,0.002583500591837785,8.091974631699195e-05
2012,E02001680,E08000019,6098,97155,251,2873,0.08736512356421859,532.7525234946049,male,15-19,171,0.02804198097736963,0.002449891133073365,0.002583500591837785,7.244647445133834e-05
2012,E02001642,E08000019,9800,97155,8,3907,0.002047606859482979,20.066547222933195,female,15-19,316,0.03224489795918367,6.60248742445532e-05,8.234264834542741e-05,2.655130293587251e-06
2012,E02001642,E08000019,9800,97155,8,3907,0.002047606859482979,20.066547222933195,male,15-19,318,0.032448979591836735,6.64427531954681e-05,8.234264834542741e-05,2.6719349156985632e-06
2012,E02001665,E08000019,9466,97155,44,3159,0.013928458372902817,131.84678695789808,female,15-19,269,0.028417494189731673,0.0003958118848838853,0.00045288456589985077,1.286984452007816e-05
2012,E02001665,E08000019,9466,97155,44,3159,0.013928458372902817,131.84678695789808,male,15-19,298,0.03148109021762096,0.00043848305462973166,0.00045288456589985077,1.4257299877261307e-05
2012,E02001664,E08000019,6233,97155,26,2407,0.01080182800166182,67.32779393435813,female,15-19,167,0.026792876624418416,0.00028941204496671325,0.0002676136071226391,7.170138358652451e-06
2012,E02001664,E08000019,6233,97155,26,2407,0.01080182800166182,67.32779393435813,male,15-19,178,0.02855767688111664,0.00030847511379685606,0.0002676136071226391,7.642422921198422e-06
2012,E02001659,E08000019,6120,97155,10,2607,0.0038358266206367474,23.475258918296895,female,15-19,194,0.03169934640522876,0.00012159319679796224,0.00010292831043178426,3.2627601672820496e-06
2012,E02001659,E08000019,6120,97155,10,2607,0.0038358266206367474,23.475258918296895,male,15-19,171,0.027941176470588237,0.00010717750851779148,0.00010292831043178426,2.875938085593972e-06
2012,E02001636,E08000019,9739,97155,8,3457,0.0023141452126120912,22.537460225629157,female,15-19,404,0.041482698428996816,9.59969879756941e-05,8.234264834542741e-05,3.415795249158299e-06
2012,E02001636,E08000019,9739,97155,8,3457,0.0023141452126120912,22.537460225629157,male,15-19,344,0.035321901632611154,8.174000956346231e-05,8.234264834542741e-05,2.9084989250258785e-06
2012,E02001679,E08000019,6324,97155,179,2654,0.06744536548605878,426.5244913338357,female,15-19,168,0.026565464895635674,0.0017917174891932124,0.0018424167567289383,4.894465767401354e-05
2012,E02001679,E08000019,6324,97155,179,2654,0.06744536548605878,426.5244913338357,male,15-19,197,0.031151170145477546,0.002101002055780136,0.0018424167567289383,5.739343786774207e-05
2012,E02001681,E08000019,7453,97155,157,2675,0.05869158878504673,437.4284112149533,female,15-19,178,0.02388300013417416,0.0014017312228281657,0.0016159744737790128,3.859431857408618e-05
2012,E02001681,E08000019,7453,97155,157,2675,0.05869158878504673,437.4284112149533,male,15-19,208,0.027908224875888905,0.0016379780581362836,0.0016159744737790128,4.509897900792093e-05
2012,E02001657,E08000019,8992,97155,11,2789,0.003944065973467192,35.465041233417,female,15-19,254,0.028247330960854092,0.00011140933688397096,0.00011322114147496269,3.198195055008955e-06
2012,E02001657,E08000019,8992,97155,11,2789,0.003944065973467192,35.465041233417,male,15-19,232,0.025800711743772242,0.00010175970927984749,0.00011322114147496269,2.9211860344963685e-06
2012,E02001671,E08000019,5902,97155,28,2247,0.012461059190031152,73.54517133956386,female,15-19,153,0.0259234157912572,0.00032303321858264425,0.0002881992692089959,7.47110948644127e-06
2012,E02001671,E08000019,5902,97155,28,2247,0.012461059190031152,73.54517133956386,male,15-19,170,0.02880379532361911,0.00035892579842516025,0.0002881992692089959,8.301232762712522e-06
2012,E02001652,E08000019,12526,97155,8,2986,0.0026791694574681848,33.55927662424648,female,15-19,1304,0.10410346479323009,0.0002789108232906365,8.234264834542741e-05,8.572154993009528e-06
2012,E02001652,E08000019,12526,97155,8,2986,0.0026791694574681848,33.55927662424648,male,15-19,1090,0.08701900047900367,0.00023313864830275596,8.234264834542741e-05,7.165374955813179e-06
2012,E02001673,E08000019,5543,97155,43,1955,0.021994884910485932,121.91764705882352,female,15-19,170,0.030669312646581275,0.0006745680019452658,0.0004425917348566723,1.3573984291112087e-05
2012,E02001673,E08000019,5543,97155,43,1955,0.021994884910485932,121.91764705882352,male,15-19,209,0.03770521378314992,0.0008293218376856504,0.0004425917348566723,1.6688015981426035e-05
2012,E02001661,E08000019,7877,97155,14,3256,0.0042997542997543,33.86916461916462,female,15-19,277,0.03516567221023232,0.0001512037502896967,0.00014409963460449796,5.067360516116025e-06
2012,E02001661,E08000019,7877,97155,14,3256,0.0042997542997543,33.86916461916462,male,15-19,213,0.027040751555160593,0.00011626858776788953,0.00014409963460449796,3.896562418529651e-06
2012,E02001649,E08000019,9557,97155,9,4107,0.002191380569758948,20.943024105186268,female,15-19,294,0.03076279167102647,6.741298393942981e-05,9.263547938860583e-05,2.849725953777348e-06
2012,E02001649,E08000019,9557,97155,9,4107,0.002191380569758948,20.943024105186268,male,15-19,325,0.034006487391440826,7.452115571535608e-05,9.263547938860583e-05,3.150207261828701e-06
2012,E02001676,E08000019,5995,97155,109,2168,0.050276752767527674,301.4091328413284,female,15-19,162,0.02702251876563803,0.0013586044951358603,0.0011219185837064484,3.0317065981725544e-05
2012,E02001676,E08000019,5995,97155,109,2168,0.050276752767527674,301.4091328413284,male,15-19,170,0.02835696413678065,0.0014256960751425696,0.0011219185837064484,3.18142050425515e-05
2012,E02001651,E08000019,8119,97155,13,2920,0.004452054794520548,36.146232876712325,female,15-19,226,0.027835940386747138,0.00012392713185880574,0.00013380680356131955,3.7246382072740754e-06
2012,E02001651,E08000019,8119,97155,13,2920,0.004452054794520548,36.146232876712325,male,15-19,248,0.03054563369873137,0.00013599083496010543,0.00013380680356131955,4.0872136079821715e-06
2012,E02001674,E08000019,8647,97155,130,3282,0.039609993906154786,342.50761730652044,female,15-19,230,0.026598820400138775,0.0010535791139604025,0.0013380680356131953,3.559103136244188e-05
2012,E02001674,E08000019,8647,97155,130,3282,0.039609993906154786,342.50761730652044,male,15-19,224,0.02590493812883081,0.0010260944414223051,0.0013380680356131953,3.4662569674726006e-05
2012,E02001618,E08000019,9708,97155,8,3293,0.0024293956878226543,23.584573337382327,female,15-19,250,0.025751957148743305,6.256169365015076e-05,8.234264834542741e-05,2.1204843517054856e-06
2012,E02001618,E08000019,9708,97155,8,3293,0.0024293956878226543,23.584573337382327,male,15-19,264,0.027194066749072928,6.60651484945592e-05,8.234264834542741e-05,2.2392314754009926e-06
2012,E02001672,E08000019,6175,97155,39,2203,0.017703132092601,109.31684067181118,female,15-19,181,0.02931174089068826,0.0005189096208519483,0.0004014204106839586,1.1766331066201863e-05
2012,E02001672,E08000019,6175,97155,39,2203,0.017703132092601,109.31684067181118,male,15-19,170,0.027530364372469637,0.00048737367704326643,0.0004014204106839586,1.1051250172675785e-05
2012,E02001675,E08000019,9063,97155,141,3730,0.03780160857908847,342.59597855227884,female,15-19,214,0.023612490345360258,0.000892590117612814,0.001451289177088158,3.426855168231997e-05
2012,E02001675,E08000019,9063,97155,141,3730,0.03780160857908847,342.59597855227884,male,15-19,262,0.028908749862076574,0.0010927972467969964,0.001451289177088158,4.1954955797980515e-05
2012,E02001670,E08000019,6002,97155,19,2500,0.0076,45.6152,female,15-19,203,0.03382205931356214,0.0002570476507830723,0.0001955637898203901,6.6143700988902345e-06
2012,E02001670,E08000019,6002,97155,19,2500,0.0076,45.6152,male,15-19,188,0.031322892369210265,0.000238053982005998,0.0001955637898203901,6.125623539858937e-06
2012,E02001639,E08000019,6154,97155,8,2044,0.003913894324853229,24.08610567514677,female,15-19,105,0.017062073448163795,6.677915243899724e-05,8.234264834542741e-05,1.4049363139860054e-06
2012,E02001639,E08000019,6154,97155,8,2044,0.003913894324853229,24.08610567514677,male,15-19,139,0.022586935326616833,8.840287799067253e-05,8.234264834542741e-05,1.8598680728005215e-06
2012,E02001663,E08000019,7671,97155,36,2525,0.014257425742574258,109.36871287128713,female,15-19,179,0.02333463694433581,0.0003326918534637977,0.00037054191755442334,8.64646111879048e-06
2012,E02001663,E08000019,7671,97155,36,2525,0.014257425742574258,109.36871287128713,male,15-19,178,0.023204275844088126,0.00033083323975729604,0.00037054191755442334,8.5981568667302e-06
2012,E02005888,E07000174,8284,97155,13,3488,0.0037270642201834864,30.875,female,15-19,224,0.02704007725736359,0.00010078010445691705,0.00013380680356131955,3.6181463058589544e-06
2012,E02005888,E07000174,8284,97155,13,3488,0.0037270642201834864,30.875,male,15-19,236,0.028488652824722356,0.00010617903862425191,0.00013380680356131955,3.8119755722442555e-06
2012,E02005887,E07000174,9349,97155,23,4120,0.00558252427184466,52.19101941747572,female,15-19,254,0.02716868114236817,0.0001516698219112786,0.0002367351139931038,6.431780827280818e-06
2012,E02005887,E07000174,9349,97155,23,4120,0.00558252427184466,52.19101941747572,male,15-19,246,0.026312974649695155,0.00014689281964635643,0.0002367351139931038,6.229205053193233e-06
2012,E02005880,E07000174,6267,97155,70,2630,0.026615969581749048,166.8022813688213,female,15-19,220,0.03510451571724908,0.0009343407225123329,0.0007204981730224899,2.5292739439117244e-05
2012,E02005880,E07000174,6267,97155,70,2630,0.026615969581749048,166.8022813688213,male,15-19,233,0.03717887346417744,0.0009895517652062436,0.0007204981730224899,2.6787310405974175e-05
2012,E02005824,E07000170,9785,97155,37,3726,0.009930220075147612,97.16720343531938,female,15-19,260,0.026571282575370465,0.00026385868365236373,0.00038083474859760175,1.0119267719507048e-05
2012,E02005824,E07000170,9785,97155,37,3726,0.009930220075147612,97.16720343531938,male,15-19,288,0.029432805314256516,0.00029227423419954135,0.00038083474859760175,1.1209035012377037e-05
2012,E02005819,E07000170,6111,97155,44,2362,0.018628281117696866,113.83742591024554,female,15-19,218,0.035673375879561445,0.0006645336743017373,0.00045288456589985077,1.615592134939739e-05
2012,E02005819,E07000170,6111,97155,44,2362,0.018628281117696866,113.83742591024554,male,15-19,192,0.031418753068237604,0.000585277364522631,0.00045288456589985077,1.4229068344423391e-05
2012,E02005891,E07000174,6437,97155,13,2886,0.0045045045045045045,28.995495495495494,female,15-19,236,0.036663041789653565,0.00016514883689033137,0.00013380680356131955,4.905764430708624e-06
2012,E02005891,E07000174,6437,97155,13,2886,0.0045045045045045045,28.995495495495494,male,15-19,235,0.03650768991766351,0.00016444905368316896,0.00013380680356131955,4.8849772932903675e-06
2012,E02005825,E07000170,8073,97155,18,3312,0.005434782608695652,43.875,female,15-19,243,0.030100334448160536,0.00016358877417478552,0.00018527095877721167,5.576717822725435e-06
2012,E02005825,E07000170,8073,97155,18,3312,0.005434782608695652,43.875,male,15-19,233,0.02886163755728973,0.0001568567258548355,0.00018527095877721167,5.3472232621194496e-06
2012,E02004029,E07000032,6402,97155,379,2746,0.13801893663510562,883.5972323379461,female,15-19,176,0.027491408934707903,0.0037943350277692264,0.0039009829653646236,0.00010724351794816834
2012,E02004029,E07000032,6402,97155,379,2746,0.13801893663510562,883.5972323379461,male,15-19,182,0.028428616057482037,0.003923687358261359,0.0039009829653646236,0.00011089954696912864
2012,E02004054,E07000033,8677,97155,295,3267,0.09029690847872666,783.5062748699113,female,15-19,248,0.028581306903307596,0.0025808036536503647,0.003036385157737636,8.678385606994742e-05
2012,E02004054,E07000033,8677,97155,295,3267,0.09029690847872666,783.5062748699113,male,15-19,281,0.03238446467673159,0.002924217043047389,0.003036385157737636,9.833170788570655e-05
2012,E02004050,E07000033,7057,97155,1059,3002,0.35276482345103266,2489.4613590939375,female,15-19,231,0.032733456142836896,0.011547211877169979,0.010900108074725953,0.0003567982096162243
2012,E02004050,E07000033,7057,97155,1059,3002,0.35276482345103266,2489.4613590939375,male,15-19,233,0.03301686268952813,0.011647187737578378,0.010900108074725953,0.0003598873716042436
2012,E02004051,E07000033,9152,97155,1124,3894,0.2886492039034412,2641.7175141242938,female,15-19,271,0.029611013986013988,0.0085471956138366,0.01156914209253255,0.00034257402830816446
2012,E02004051,E07000033,9152,97155,1124,3894,0.2886492039034412,2641.7175141242938,male,15-19,291,0.03179632867132867,0.009177984958031182,0.01156914209253255,0.00036785624441946813
2012,E02004049,E07000033,7821,97155,2582,3223,0.801116971765436,6265.535836177474,female,15-19,225,0.028768699654775604,0.023047093549063175,0.026576089753486697,0.0007645595441164182
2012,E02004049,E07000033,7821,97155,2582,3223,0.801116971765436,6265.535836177474,male,15-19,224,0.028640838767421045,0.022944662022178448,0.026576089753486697,0.000761161501698123
2012,E02004117,E07000038,7364,97155,2215,2973,0.7450386814665321,5486.464850319542,female,15-19,207,0.028109722976643128,0.020942830942907678,0.022798620760640213,0.0006408629138311413
2012,E02004117,E07000038,7364,97155,2215,2973,0.7450386814665321,5486.464850319542,male,15-19,180,0.024443237370994023,0.01821115734165885,0.022798620760640213,0.000557272098983601
2012,E02004112,E07000038,6508,97155,2022,2401,0.8421491045397751,5480.706372344856,female,15-19,150,0.023048555623847573,0.01941032047955843,0.020812104369306778,0.00047968894520528837
2012,E02004112,E07000038,6508,97155,2022,2401,0.8421491045397751,5480.706372344856,male,15-19,178,0.027350952673632453,0.02303358030240934,0.020812104369306778,0.0005692308816436089
2012,E02004052,E07000033,7869,97155,1852,3077,0.601884952876178,4736.232694182645,female,15-19,239,0.030372347185156946,0.018280658754277108,0.019062323091966444,0.0005789674951048393
2012,E02004052,E07000033,7869,97155,1852,3077,0.601884952876178,4736.232694182645,male,15-19,256,0.03253272334477062,0.019580956657301002,0.019062323091966444,0.0006201492834595768
2012,E02004061,E07000034,7216,97155,2534,2904,0.8725895316804407,6296.60606060606,female,15-19,218,0.030210643015521066,0.026361490840678504,0.026082033863414133,0.0007879550141663361
2012,E02004061,E07000034,7216,97155,2534,2904,0.8725895316804407,6296.60606060606,male,15-19,234,0.03242793791574279,0.02829627915926041,0.026082033863414133,0.0008457865748390946
2012,E02004111,E07000038,5498,97155,1933,2254,0.857586512866016,4715.010647737356,female,15-19,168,0.03055656602400873,0.026204898901689828,0.019896042406463896,0.0006079547334095916
2012,E02004111,E07000038,5498,97155,1933,2254,0.857586512866016,4715.010647737356,male,15-19,146,0.026555110949436158,0.022773304997897113,0.019896042406463896,0.0005283416135583355
2012,E02004062,E07000034,7987,97155,2706,3135,0.8631578947368421,6894.042105263158,female,15-19,269,0.03367972956053587,0.029070924462778334,0.02785240080284082,0.0009380613266513311
2012,E02004062,E07000034,7987,97155,2706,3135,0.8631578947368421,6894.042105263158,male,15-19,247,0.03092525353699762,0.026693376737197946,0.02785240080284082,0.0008613425564419284
2012,E02004048,E07000033,6835,97155,2283,2771,0.8238902923132443,5631.290147961025,female,15-19,222,0.03247988295537674,0.026759860262405302,0.023498533271576347,0.0007632296102838258
2012,E02004048,E07000033,6835,97155,2283,2771,0.8238902923132443,5631.290147961025,male,15-19,216,0.0316020482809071,0.026036620795853806,0.023498533271576347,0.0007426017829788575
2012,E02004114,E07000038,7226,97155,2342,2813,0.8325630998933523,6016.100959829364,female,15-19,193,0.026709106006089122,0.022237016091809714,0.024105810303123875,0.000643844642748811
2012,E02004114,E07000038,7226,97155,2342,2813,0.8325630998933523,6016.100959829364,male,15-19,197,0.027262662607251593,0.022697886891639967,0.024105810303123875,0.0006571885731684754
2012,E02004059,E07000034,7158,97155,2641,3075,0.8588617886178862,6147.7326829268295,female,15-19,182,0.025426096675048897,0.021837502867903785,0.027183366785034222,0.0006911669118295933
2012,E02004059,E07000034,7158,97155,2641,3075,0.8588617886178862,6147.7326829268295,male,15-19,212,0.029617211511595416,0.025437091252723087,0.027183366785034222,0.000805095523669636
2012,E02004073,E07000035,9138,97155,2604,3611,0.7211298809194129,6589.6848518415945,female,15-19,258,0.028233749179251477,0.02036020018354219,0.02680253203643662,0.0007567359668856038
2012,E02004073,E07000035,9138,97155,2604,3611,0.7211298809194129,6589.6848518415945,male,15-19,271,0.02965637995184942,0.021386101743178034,0.02680253203643662,0.0007948660737441808
2012,E02004063,E07000034,7940,97155,2649,3057,0.8665358194308145,6880.294406280667,female,15-19,222,0.02795969773299748,0.02422807958610086,0.02726570943337965,0.0007623409942330331
2012,E02004063,E07000034,7940,97155,2649,3057,0.8665358194308145,6880.294406280667,male,15-19,229,0.028841309823677583,0.024992028041518455,0.02726570943337965,0.0007863787733304711
2012,E02004072,E07000035,8613,97155,2654,3330,0.796996996996997,6864.5351351351355,female,15-19,190,0.022059677232091027,0.017581496508699574,0.027317173588595544,0.0006026080322574194
2012,E02004072,E07000035,8613,97155,2654,3330,0.796996996996997,6864.5351351351355,male,15-19,254,0.02949030535237432,0.0235036848063668,0.027317173588595544,0.0008055917904914976
2012,E02004046,E07000033,6301,97155,1091,2510,0.4346613545816733,2738.8011952191237,female,15-19,204,0.032375813362958264,0.014072514892026879,0.011229478668107662,0.00036356350552197483
2012,E02004046,E07000033,6301,97155,1091,2510,0.4346613545816733,2738.8011952191237,male,15-19,188,0.029836533883510555,0.012968788233828691,0.011229478668107662,0.0003350487207751532
2012,E02004067,E07000034,6422,97155,2390,2772,0.8621933621933622,5537.005772005772,female,15-19,200,0.031142946122703206,0.02685124142614021,0.02459986619319644,0.0007661123074804247
2012,E02004067,E07000034,6422,97155,2390,2772,0.8621933621933622,5537.005772005772,male,15-19,199,0.03098723139208969,0.02671698521900951,0.02459986619319644,0.0007622817459430226
2012,E02004065,E07000034,8352,97155,2549,3047,0.8365605513619954,6986.953724975385,female,15-19,250,0.02993295019157088,0.02504072531615168,0.02623642632906181,0.0007853336425126259
2012,E02004065,E07000034,8352,97155,2549,3047,0.8365605513619954,6986.953724975385,male,15-19,249,0.029813218390804596,0.024940562414887072,0.02623642632906181,0.0007821923079425754
2012,E02004071,E07000035,5146,97155,1549,1961,0.7899031106578276,4064.8414074451807,female,15-19,154,0.029926156237854645,0.023638763902313533,0.01594359528588338,0.00047713052351846884
2012,E02004071,E07000035,5146,97155,1549,1961,0.7899031106578276,4064.8414074451807,male,15-19,159,0.030897784687135638,0.024406256236804234,0.01594359528588338,0.0004926217742820555
2012,E02004064,E07000034,8842,97155,3131,3617,0.8656345037323749,7653.940282001659,female,15-19,228,0.02578602126215788,0.022321269718500507,0.03222685399619165,0.0008310023423582555
2012,E02004064,E07000034,8842,97155,3131,3617,0.8656345037323749,7653.940282001659,male,15-19,249,0.028161049536304005,0.024377176139941344,0.03222685399619165,0.0009075420317859898
2012,E02004055,E07000034,7186,97155,2530,2997,0.8441775108441775,6066.259592926259,female,15-19,200,0.027831895352073477,0.02349506014038902,0.026040862539241417,0.0007247665610698975
2012,E02004055,E07000034,7186,97155,2530,2997,0.8441775108441775,6066.259592926259,male,15-19,220,0.030615084887280822,0.02584456615442792,0.026040862539241417,0.0007972432171768873
2012,E02004057,E07000034,7721,97155,2725,3172,0.8590794451450189,6632.95239596469,female,15-19,250,0.03237922548892631,0.027816327067252265,0.02804796459266121,0.0009081713700511984
2012,E02004057,E07000034,7721,97155,2725,3172,0.8590794451450189,6632.95239596469,male,15-19,252,0.032638259292837715,0.02803885768379028,0.02804796459266121,0.0009154367410116079
2012,E02005847,E07000171,6740,97155,22,2812,0.007823613086770981,52.73115220483641,female,15-19,204,0.030267062314540058,0.00023679778482214837,0.00022644228294992538,6.853742688692103e-06
2012,E02005847,E07000171,6740,97155,22,2812,0.007823613086770981,52.73115220483641,male,15-19,195,0.028931750741839762,0.0002263508237270536,0.00022644228294992538,6.551371687720393e-06
2012,E02004115,E07000038,8980,97155,2819,3379,0.8342704942290619,7491.749038176976,female,15-19,227,0.025278396436525612,0.02108902028841838,0.029015490710719984,0.000733465076985906
2012,E02004115,E07000038,8980,97155,2819,3379,0.8342704942290619,7491.749038176976,male,15-19,279,0.03106904231625835,0.02591998528840849,0.029015490710719984,0.0009014835087183603
2012,E02005848,E07000171,6722,97155,116,2708,0.04283604135893648,287.94387001477105,female,15-19,252,0.03748884260636715,0.0016058736123850034,0.0011939684010086975,4.476049346239092e-05
2012,E02005848,E07000171,6722,97155,116,2708,0.04283604135893648,287.94387001477105,male,15-19,336,0.049985123475156205,0.002141164816513338,0.0011939684010086975,5.968065794985456e-05
2012,E02004066,E07000034,11788,97155,3870,4535,0.8533627342888643,10059.439911797133,female,15-19,355,0.03011537156430268,0.025699335822238448,0.03983325613710051,0.001199593309184822
2012,E02004066,E07000034,11788,97155,3870,4535,0.8533627342888643,10059.439911797133,male,15-19,397,0.0336783169324737,0.028739820623742716,0.03983325613710051,0.001341517024637674
2012,E02004110,E07000038,7526,97155,1841,2781,0.6619920891765552,4982.152463142754,female,15-19,190,0.025245814509699708,0.0167125294902399,0.018949101950491484,0.00047838551296749694
2012,E02004110,E07000038,7526,97155,1841,2781,0.6619920891765552,4982.152463142754,male,15-19,205,0.027238905128886527,0.018031939713153575,0.018949101950491484,0.0005161527903070362
2012,E02004060,E07000034,7633,97155,2906,3387,0.8579864186595807,6549.010333628579,female,15-19,237,0.03104939080309184,0.026639955616706488,0.029910967011476507,0.0009287173040377221
2012,E02004060,E07000034,7633,97155,2906,3387,0.8579864186595807,6549.010333628579,male,15-19,265,0.03471767326084108,0.029787292145262528,0.029910967011476507,0.0010384391796202377
2012,E02006804,E07000038,8215,97155,2323,3176,0.7314231738035264,6008.641372795969,female,15-19,244,0.029701765063907485,0.021724559270609914,0.023910246513303483,0.0007101765245582531
2012,E02006804,E07000038,8215,97155,2323,3176,0.7314231738035264,6008.641372795969,male,15-19,300,0.036518563603164945,0.02671052369337285,0.023910246513303483,0.0008731678580634261
2012,E02001609,E08000018,8379,97155,15,3753,0.003996802557953637,33.489208633093526,female,15-19,228,0.027210884353741496,0.00010875653218921461,0.0001543924656476764,4.201155527827929e-06
2012,E02001609,E08000018,8379,97155,15,3753,0.003996802557953637,33.489208633093526,male,15-19,241,0.028762382145840794,0.00011495756253333651,0.0001543924656476764,4.440695097397065e-06
2012,E02005840,E07000171,9163,97155,27,3537,0.007633587786259542,69.94656488549619,female,15-19,317,0.03459565644439594,0.00026408898049157204,0.0002779064381658175,9.614355658470387e-06
2012,E02005840,E07000171,9163,97155,27,3537,0.007633587786259542,69.94656488549619,male,15-19,357,0.03896103896103896,0.00029741251115296917,0.0002779064381658175,1.082752356490198e-05
2012,E02005842,E07000171,8570,97155,8,3161,0.002530844669408415,21.689338816830116,female,15-19,274,0.031971995332555424,8.091615395774862e-05,8.234264834542741e-05,2.632658768570258e-06
2012,E02005842,E07000171,8570,97155,8,3161,0.002530844669408415,21.689338816830116,male,15-19,241,0.028121353558926487,7.117077775115846e-05,8.234264834542741e-05,2.3155867271001173e-06
2012,E02004106,E07000038,6998,97155,1667,2703,0.6167221605623382,4315.821679615243,female,15-19,159,0.022720777364961416,0.014012406906174875,0.017158149348978437,0.00038984649135289675
2012,E02004106,E07000038,6998,97155,1667,2703,0.6167221605623382,4315.821679615243,male,15-19,192,0.02743641040297228,0.016920642301796074,0.017158149348978437,0.00047075802729406403
2012,E02001603,E08000018,6481,97155,11,2853,0.00385559060637925,24.988082719943918,female,15-19,222,0.03425397315229131,0.00013206929711714142,0.00011322114147496269,3.878273940355149e-06
2012,E02001603,E08000018,6481,97155,11,2853,0.00385559060637925,24.988082719943918,male,15-19,202,0.031168029625057863,0.00012017116224172328,0.00011322114147496269,3.528879891674505e-06
2012,E02006903,E07000171,11081,97155,27,4864,0.005550986842105263,61.51048519736842,female,15-19,365,0.032939265409259094,0.00018284542887541026,0.0002779064381658175,9.154033925685714e-06
2012,E02006903,E07000171,11081,97155,27,4864,0.005550986842105263,61.51048519736842,male,15-19,348,0.031405107842252505,0.00017432934040724046,0.0002779064381658175,8.727681660653777e-06
2012,E02001600,E08000018,10943,97155,12,4915,0.0024415055951169887,26.717395727365208,female,15-19,383,0.03499954308690487,8.545158027321638e-05,0.0001235139725181411,4.322932602983465e-06
2012,E02001600,E08000018,10943,97155,12,4915,0.0024415055951169887,26.717395727365208,male,15-19,386,0.03527369094398245,8.612091380016062e-05,0.0001235139725181411,4.356793693868451e-06
2012,E02004108,E07000038,7577,97155,2137,3061,0.6981378634433192,5289.790591310029,female,15-19,227,0.029959086709779596,0.020915572786278668,0.021995779939272295,0.0006589734784498893
2012,E02004108,E07000038,7577,97155,2137,3061,0.6981378634433192,5289.790591310029,male,15-19,248,0.032730632176323084,0.022850493616727353,0.021995779939272295,0.0007199357826236676
2012,E02004116,E07000038,8093,97155,3114,3628,0.8583241455347299,6946.417309812569,female,15-19,227,0.028048931175089584,0.024075074884021216,0.03205187586845762,0.0008990208602668824
2012,E02004116,E07000038,8093,97155,3114,3628,0.8583241455347299,6946.417309812569,male,15-19,250,0.030890893364636105,0.026514399652005742,0.03205187586845762,0.0009901110795890776
2012,E02004069,E07000035,6731,97155,1423,2306,0.6170858629661752,4153.604943625325,female,15-19,157,0.02332491457435745,0.014393475038729684,0.014646698574442901,0.0003416329930452437
2012,E02004069,E07000035,6731,97155,1423,2306,0.6170858629661752,4153.604943625325,male,15-19,161,0.023919179913831527,0.014760187778569932,0.014646698574442901,0.00035033701834575947
2012,E02004109,E07000038,6688,97155,1567,2568,0.610202492211838,4081.0342679127725,female,15-19,189,0.02825956937799043,0.0172440596632831,0.016128866244660593,0.00045579481462931396
2012,E02004109,E07000038,6688,97155,1567,2568,0.610202492211838,4081.0342679127725,male,15-19,183,0.02736244019138756,0.01669662919778205,0.016128866244660593,0.00044132513797441516
2012,E02004056,E07000034,7708,97155,3030,3494,0.8672009158557528,6684.384659416142,female,15-19,302,0.03918007265179035,0.03397699488692752,0.03118727806083063,0.0012219198202349313
2012,E02004056,E07000034,7708,97155,3030,3494,0.8672009158557528,6684.384659416142,male,15-19,324,0.04203425012973534,0.03645214020981628,0.03118727806083063,0.0013109338468745623
2012,E02004058,E07000034,7835,97155,3009,3480,0.8646551724137931,6774.573275862069,female,15-19,241,0.03075941289087428,0.026596285456505952,0.030971128608923884,0.0009526537325782585
2012,E02004058,E07000034,7835,97155,3009,3480,0.8646551724137931,6774.573275862069,male,15-19,236,0.030121250797702618,0.02604449530180666,0.030971128608923884,0.0009328891323172989
2012,E02005843,E07000171,6511,97155,23,2673,0.008604564160119716,56.024317246539475,female,15-19,218,0.03348180003071725,0.00028809629656060485,0.0002367351139931038,7.926317746966154e-06
2012,E02005843,E07000171,6511,97155,23,2673,0.008604564160119716,56.024317246539475,male,15-19,234,0.035939179849485484,0.0003092409788769795,0.0002367351139931038,8.508065838486605e-06
2012,E02005846,E07000171,6659,97155,12,3337,0.003596044351213665,23.946059334731796,female,15-19,201,0.030184712419282174,0.00010854556458836862,0.0001235139725181411,3.728233740223211e-06
2012,E02005846,E07000171,6659,97155,12,3337,0.003596044351213665,23.946059334731796,male,15-19,175,0.026280222255593934,9.45048447908682e-05,0.0001235139725181411,3.2459746494480696e-06
2012,E02001608,E08000018,6925,97155,12,3083,0.003892312682452157,26.954265325981186,female,15-19,213,0.03075812274368231,0.00011972023124365478,0.0001235139725181411,3.799057927272788e-06
2012,E02001608,E08000018,6925,97155,12,3083,0.003892312682452157,26.954265325981186,male,15-19,198,0.02859205776173285,0.0001112892290433974,0.0001235139725181411,3.5315186366197747e-06
2012,E02001610,E08000018,8312,97155,39,3825,0.01019607843137255,84.74980392156863,female,15-19,243,0.029234841193455246,0.00029808073373719074,0.0004014204106839586,1.1735461958157115e-05
2012,E02001610,E08000018,8312,97155,39,3825,0.01019607843137255,84.74980392156863,male,15-19,225,0.02706929740134745,0.0002760006793862878,0.0004014204106839586,1.0866168479775108e-05
2012,E02004113,E07000038,9224,97155,3474,4038,0.8603268945022289,7935.655274888559,female,15-19,315,0.034150043365134435,0.029380200755442554,0.03575729504400185,0.0012211131763725698
2012,E02004113,E07000038,9224,97155,3474,4038,0.8603268945022289,7935.655274888559,male,15-19,304,0.03295750216825672,0.028354225490966778,0.03575729504400185,0.0011784711289436864
2012,E02001605,E08000018,7380,97155,12,3095,0.0038772213247172858,28.613893376413568,female,15-19,209,0.028319783197831978,0.00010980206732600443,0.0001235139725181411,3.4978889236167333e-06
2012,E02001605,E08000018,7380,97155,12,3095,0.0038772213247172858,28.613893376413568,male,15-19,242,0.032791327913279135,0.00012713923585116303,0.0001235139725181411,4.050187174714112e-06
2012,E02001607,E08000018,8856,97155,12,4092,0.002932551319648094,25.970674486803517,female,15-19,264,0.02981029810298103,8.742022904100009e-05,0.0001235139725181411,3.681988340649193e-06
2012,E02001607,E08000018,8856,97155,12,4092,0.002932551319648094,25.970674486803517,male,15-19,266,0.03003613369467028,8.80825035034319e-05,0.0001235139725181411,3.7098821917147172e-06
2012,E02004045,E07000033,9079,97155,2469,3220,0.7667701863354037,6961.50652173913,female,15-19,245,0.026985350809560524,0.020691562468572962,0.025412999845607534,0.0006857787159570268
2012,E02004045,E07000033,9079,97155,2469,3220,0.7667701863354037,6961.50652173913,male,15-19,296,0.032602709549509855,0.024998785676316717,0.025412999845607534,0.0008285326527480813
2012,E02001606,E08000018,8011,97155,10,3937,0.00254000508001016,20.347980695961393,female,15-19,260,0.0324553738609412,8.243681448041961e-05,0.00010292831043178426,3.3405767959385727e-06
2012,E02001606,E08000018,8011,97155,10,3937,0.00254000508001016,20.347980695961393,male,15-19,231,0.028835351391836225,7.324193901914205e-05,0.00010292831043178426,2.967973999468501e-06
2012,E02005838,E07000171,8043,97155,11,3413,0.0032229709932610606,25.92235569879871,female,15-19,222,0.027601641178664676,8.895928888523629e-05,0.00011322114147496269,3.1250893208307493e-06
2012,E02005838,E07000171,8043,97155,11,3413,0.0032229709932610606,25.92235569879871,male,15-19,247,0.030709934104189977,9.89772268227629e-05,0.00011322114147496269,3.477013793897275e-06
2012,E02004047,E07000033,5751,97155,756,2604,0.2903225806451613,1669.6451612903227,female,15-19,182,0.03164667014432273,0.009187742945125954,0.00778138026864289,0.0002462547746292829
2012,E02004047,E07000033,5751,97155,756,2604,0.2903225806451613,1669.6451612903227,male,15-19,172,0.029907842114414884,0.008682921904184966,0.00778138026864289,0.00023272429250679484
2012,E02005894,E07000175,10073,97155,18,4140,0.004347826086956522,43.79565217391304,female,15-19,276,0.027399980144941924,0.00011913034845626923,0.00018527095877721167,5.076420591929953e-06
2012,E02005894,E07000175,10073,97155,18,4140,0.004347826086956522,43.79565217391304,male,15-19,364,0.03613620569840167,0.00015711393781913768,0.00018527095877721167,6.694989476313416e-06
2012,E02005889,E07000174,10157,97155,24,4422,0.005427408412483039,55.12618724559022,female,15-19,302,0.029733188933740277,0.00016137415974892957,0.0002470279450362822,7.344928561677388e-06
2012,E02005889,E07000174,10157,97155,24,4422,0.005427408412483039,55.12618724559022,male,15-19,330,0.032489908437530766,0.00017633600237465814,0.0002470279450362822,8.025915315740193e-06
2012,E02004053,E07000033,7938,97155,492,3108,0.1583011583011583,1256.5945945945946,female,15-19,248,0.03124212648022172,0.004945664809610387,0.005064072873243786,0.00015821240521094216
2012,E02004053,E07000033,7938,97155,492,3108,0.1583011583011583,1256.5945945945946,male,15-19,260,0.0327538422776518,0.005184971171365729,0.005064072873243786,0.00016586784417276196
2012,E02004031,E07000032,7666,97155,164,3159,0.051915163026274136,397.98163975941753,female,15-19,246,0.03208974693451604,0.0016659444435772812,0.001688024291081262,5.416827232011354e-05
2012,E02004031,E07000032,7666,97155,164,3159,0.051915163026274136,397.98163975941753,male,15-19,204,0.026611009653013305,0.0013815149044299404,0.001688024291081262,4.49200307044844e-05
2012,E02005883,E07000174,7845,97155,32,3272,0.009779951100244499,76.72371638141809,female,15-19,252,0.03212237093690248,0.00031415521698682135,0.00032937059338170965,1.0580164376314955e-05
2012,E02005883,E07000174,7845,97155,32,3272,0.009779951100244499,76.72371638141809,male,15-19,262,0.03339706819630338,0.0003266216938513778,0.00032937059338170965,1.1000012169025868e-05
2012,E02005822,E07000170,9777,97155,24,3954,0.006069802731411229,59.34446130500759,female,15-19,312,0.03191162933415158,0.00019369729489621595,0.0002470279450362822,7.883064217175008e-06
2012,E02005822,E07000170,9777,97155,24,3954,0.006069802731411229,59.34446130500759,male,15-19,323,0.03303671882990693,0.00020052636619063386,0.0002470279450362822,8.16099276329336e-06
2012,E02004030,E07000032,5665,97155,510,2112,0.24147727272727273,1367.96875,female,15-19,139,0.024536628420123566,0.00592503811281393,0.005249343832020997,0.00012880119905576675
2012,E02004030,E07000032,5665,97155,510,2112,0.24147727272727273,1367.96875,male,15-19,159,0.028067078552515445,0.0067775615822835596,0.005249343832020997,0.00014733374568249577
2012,E02004032,E07000032,8284,97155,184,2974,0.06186953597848016,512.5272360457296,female,15-19,242,0.02921294060840174,0.0018073910800087156,0.0018938809119448303,5.532583060003005e-05
2012,E02004032,E07000032,8284,97155,184,2974,0.06186953597848016,512.5272360457296,male,15-19,242,0.02921294060840174,0.0018073910800087156,0.0018938809119448303,5.532583060003005e-05
2012,E02004075,E07000035,7458,97155,155,2523,0.06143479984145858,458.1807372175981,female,15-19,202,0.02708500938589434,0.0016639621303264458,0.0015953888116926561,4.321112093884641e-05
2012,E02004075,E07000035,7458,97155,155,2523,0.06143479984145858,458.1807372175981,male,15-19,221,0.029632609278626976,0.0018204734198125968,0.0015953888116926561,4.727553330438147e-05
2012,E02004074,E07000035,5875,97155,386,2042,0.1890303623898139,1110.5533790401566,female,15-19,167,0.028425531914893616,0.005373288598995561,0.003973032782666873,0.00011293557016261579
2012,E02004074,E07000035,5875,97155,386,2042,0.1890303623898139,1110.5533790401566,male,15-19,179,0.030468085106382978,0.005759393168983266,0.003973032782666873,0.00012105070095274386
2012,E02002806,E06000015,6527,97155,11,1899,0.005792522380200105,37.80779357556609,female,15-19,211,0.03232725601348246,0.00018725635394855556,0.00011322114147496269,3.6601288265998358e-06
2012,E02002806,E06000015,6527,97155,11,1899,0.005792522380200105,37.80779357556609,male,15-19,204,0.031254787804504365,0.00018104405784599684,0.00011322114147496269,3.5387027517837274e-06
2012,E02002815,E06000015,7881,97155,11,2837,0.0038773352132534366,30.557278815650335,female,15-19,270,0.03425961172440046,0.0001328359989314082,0.00011322114147496269,3.878912345925635e-06
2012,E02002815,E06000015,7881,97155,11,2837,0.0038773352132534366,30.557278815650335,male,15-19,327,0.04149219642177389,0.00016087915426137215,0.00011322114147496269,4.697793841176602e-06
2012,E02002811,E06000015,10268,97155,11,3874,0.002839442436757873,29.15539494062984,female,15-19,346,0.03369692247760031,9.568047167103858e-05,0.00011322114147496269,3.815204027107235e-06
2012,E02002811,E06000015,10268,97155,11,3874,0.002839442436757873,29.15539494062984,male,15-19,382,0.03720296065446046,0.00010563566525530848,0.00011322114147496269,4.2121616715461385e-06
2012,E02004118,E07000039,6815,97155,10,2416,0.0041390728476821195,28.207781456953644,female,15-19,184,0.026999266324284666,0.00011175193015018488,0.00010292831043178426,2.778988865656391e-06
2012,E02004118,E07000039,6815,97155,10,2416,0.0041390728476821195,28.207781456953644,male,15-19,225,0.03301540719002201,0.00013665317545538913,0.00010292831043178426,3.3982200802863475e-06
2012,E02006827,E07000032,7622,97155,12,2775,0.004324324324324324,32.96,female,15-19,264,0.03463657832589871,0.00014977979816604848,0.0001235139725181411,4.2781013834674955e-06
2012,E02006827,E07000032,7622,97155,12,2775,0.004324324324324324,32.96,male,15-19,238,0.031225400157438993,0.00013502875743757401,0.0001235139725181411,3.8567732169138786e-06
2012,E02005823,E07000170,7513,97155,13,3531,0.0036816765788728408,27.660436137071652,female,15-19,252,0.03354186077465726,0.00012349028322586927,0.00013380680356131955,4.488129175755694e-06
2012,E02005823,E07000170,7513,97155,13,3531,0.0036816765788728408,27.660436137071652,male,15-19,270,0.035937707972847066,0.0001323110177420028,0.00013380680356131955,4.808709831166815e-06
2012,E02005890,E07000174,6715,97155,13,2532,0.005134281200631911,34.47669826224328,female,15-19,221,0.03291139240506329,0.00016897634331193632,0.00013380680356131955,4.403768218473808e-06
2012,E02005890,E07000174,6715,97155,13,2532,0.005134281200631911,34.47669826224328,male,15-19,205,0.03052866716306776,0.00015674276189568754,0.00013380680356131955,4.0849433700775146e-06
2012,E02004040,E07000032,9078,97155,13,2840,0.004577464788732394,41.554225352112674,female,15-19,273,0.03007270323859881,0.0001376567401766847,0.00013380680356131955,4.023932294805049e-06
2012,E02004040,E07000032,9078,97155,13,2840,0.004577464788732394,41.554225352112674,male,15-19,258,0.028420356906807668,0.0001300931830241196,0.00013380680356131955,3.802837113771805e-06
2012,E02002821,E06000015,11377,97155,13,4175,0.0031137724550898203,35.425389221556884,female,15-19,403,0.035422343324250684,0.00011029711693778655,0.00013380680356131955,4.73975053486963e-06
2012,E02002821,E06000015,11377,97155,13,4175,0.0031137724550898203,35.425389221556884,male,15-19,472,0.04148721103981717,0.00012918173497428103,0.00013380680356131955,5.551271097911824e-06
2012,E02002824,E06000015,9562,97155,13,3558,0.0036537380550871277,34.93704328274311,female,15-19,332,0.03472076971344907,0.00012686059760394546,0.00013380680356131955,4.645875212545293e-06
2012,E02002824,E06000015,9562,97155,13,3558,0.0036537380550871277,34.93704328274311,male,15-19,353,0.03691696297845639,0.00013488491251262874,0.00013380680356131955,4.93974081333882e-06
2012,E02005827,E07000170,8446,97155,14,3234,0.004329004329004329,36.56277056277056,female,15-19,295,0.03492777646223064,0.00015120249550749196,0.00014409963460449796,5.03307982575502e-06
2012,E02005827,E07000170,8446,97155,14,3234,0.004329004329004329,36.56277056277056,male,15-19,260,0.030783802983660905,0.00013326321637948443,0.00014409963460449796,4.4359347616823904e-06
2012,E02002813,E06000015,10537,97155,14,4158,0.003367003367003367,35.47811447811448,female,15-19,361,0.0342602258707412,0.00011535429586108148,0.00014409963460449796,4.936886029441375e-06
2012,E02002813,E06000015,10537,97155,14,4158,0.003367003367003367,35.47811447811448,male,15-19,343,0.03255195976084274,0.00010960255811731563,0.00014409963460449796,4.6907255071977595e-06
2012,E02004080,E07000036,9536,97155,15,3327,0.004508566275924256,42.993688007213706,female,15-19,275,0.028838087248322146,0.00013001842762994656,0.0001543924656476764,4.452383394831272e-06
2012,E02004080,E07000036,9536,97155,15,3327,0.004508566275924256,42.993688007213706,male,15-19,246,0.025796979865771813,0.00011630739344351584,0.0001543924656476764,3.982859327739974e-06
2012,E02004076,E07000035,6658,97155,15,2298,0.006527415143603133,43.45953002610966,female,15-19,216,0.03244217482727546,0.00021176354325897818,0.0001543924656476764,5.008827362556038e-06
2012,E02004076,E07000035,6658,97155,15,2298,0.006527415143603133,43.45953002610966,male,15-19,199,0.029888855512165816,0.0001950969680950771,0.0001543924656476764,4.614614097910424e-06
2012,E02005830,E07000170,6081,97155,17,2266,0.007502206531332745,45.620917917034426,female,15-19,168,0.027627035027133696,0.00020726372262192094,0.00017497812773403323,4.83412686389041e-06
2012,E02005830,E07000170,6081,97155,17,2266,0.007502206531332745,45.620917917034426,male,15-19,201,0.03305377405032067,0.00024797623956551257,0.00017497812773403323,5.783687497868884e-06
2012,E02002808,E06000015,12033,97155,18,3850,0.004675324675324675,56.25818181818182,female,15-19,365,0.030333250228538187,0.00014181779327628245,0.00018527095877721167,5.619870352670345e-06
2012,E02002808,E06000015,12033,97155,18,3850,0.004675324675324675,56.25818181818182,male,15-19,406,0.03374054682955206,0.0001577480111511525,0.00018527095877721167,6.25114346077852e-06
2012,E02005884,E07000174,6034,97155,18,2478,0.007263922518159807,43.83050847457627,female,15-19,169,0.028007954922108055,0.0002034476144463055,0.00018527095877721167,5.189060661807884e-06
2012,E02005884,E07000174,6034,97155,18,2478,0.007263922518159807,43.83050847457627,male,15-19,163,0.027013589658601258,0.00019622462221744255,0.00018527095877721167,5.004833656063225e-06
2012,E02005892,E07000174,11677,97155,19,4381,0.004336909381419767,50.64209084683862,female,15-19,307,0.026290999400530958,0.00011402168194706419,0.0001955637898203901,5.141567480933439e-06
2012,E02005892,E07000174,11677,97155,19,4381,0.004336909381419767,50.64209084683862,male,15-19,277,0.023721846364648455,0.00010287949804344229,0.0001955637898203901,4.639134176607696e-06
2012,E02005820,E07000170,5704,97155,24,2206,0.010879419764279238,62.056210335448775,female,15-19,136,0.023842917251051893,0.00025939710517916835,0.0002470279450362822,5.889866852197472e-06
2012,E02005820,E07000170,5704,97155,24,2206,0.010879419764279238,62.056210335448775,male,15-19,173,0.030329593267882187,0.000329968376441148,0.0002470279450362822,7.4922570987511965e-06
2012,E02005886,E07000174,10342,97155,26,4259,0.0061047194177036865,63.135008217891524,female,15-19,330,0.031908721717269384,0.00019479379306151773,0.0002676136071226391,8.53920811743095e-06
2012,E02005886,E07000174,10342,97155,26,4259,0.0061047194177036865,63.135008217891524,male,15-19,342,0.03306903887062464,0.0002018772037183002,0.0002676136071226391,8.849724776246622e-06
2012,E02004039,E07000032,8055,97155,27,2575,0.010485436893203883,84.46019417475728,female,15-19,251,0.03116076970825574,0.00032673428431957474,0.0002779064381658175,8.659778520126652e-06
2012,E02004039,E07000032,8055,97155,27,2575,0.010485436893203883,84.46019417475728,male,15-19,255,0.03165735567970205,0.00033194120518522535,0.0002779064381658175,8.797782958694409e-06
2012,E02005829,E07000170,6670,97155,27,2570,0.010505836575875487,70.0739299610895,female,15-19,209,0.03133433283358321,0.00032919337996371466,0.0002779064381658175,8.708012830083337e-06
2012,E02005829,E07000170,6670,97155,27,2570,0.010505836575875487,70.0739299610895,male,15-19,207,0.03103448275862069,0.00032604320407889444,0.0002779064381658175,8.62468256376675e-06
2012,E02005882,E07000174,7817,97155,29,3133,0.00925630386211299,72.35652729013725,female,15-19,195,0.024945631316361776,0.00023090434349648628,0.0002984921002521744,7.44607388373724e-06
2012,E02005882,E07000174,7817,97155,29,3133,0.00925630386211299,72.35652729013725,male,15-19,257,0.032877062811820394,0.0003043200834799845,0.0002984921002521744,9.813543528822928e-06
2012,E02005885,E07000174,8195,97155,34,3621,0.009389671361502348,76.94835680751174,female,15-19,240,0.02928615009151922,0.00027498732480299735,0.00034995625546806647,1.0248871423103838e-05
2012,E02005885,E07000174,8195,97155,34,3621,0.009389671361502348,76.94835680751174,male,15-19,244,0.029774252593044538,0.0002795704468830473,0.00034995625546806647,1.0419685946822234e-05
2012,E02005821,E07000170,6379,97155,34,2601,0.013071895424836602,83.38562091503269,female,15-19,180,0.028217588963787427,0.0003688573720756527,0.00034995625546806647,9.874921772104086e-06
2012,E02005821,E07000170,6379,97155,34,2601,0.013071895424836602,83.38562091503269,male,15-19,213,0.033390813607148455,0.00043648122362285565,0.00034995625546806647,1.1685324096989835e-05
2012,E02004037,E07000032,7801,97155,43,2364,0.018189509306260575,141.89636209813875,female,15-19,264,0.033841815151903605,0.0006155660116463008,0.0004425917348566723,1.4978107678779836e-05
2012,E02004037,E07000032,7801,97155,43,2364,0.018189509306260575,141.89636209813875,male,15-19,280,0.035892834252018974,0.0006528730426551675,0.0004425917348566723,1.5885871780524066e-05
2012,E02005881,E07000174,5693,97155,43,2422,0.017753922378199834,101.07308009909165,female,15-19,191,0.03354997365185315,0.0005956436280056505,0.0004425917348566723,1.4848941042969332e-05
2012,E02005881,E07000174,5693,97155,43,2422,0.017753922378199834,101.07308009909165,male,15-19,176,0.030915158967152644,0.0005488653326125366,0.0004425917348566723,1.3682793840641899e-05
2012,E02004038,E07000032,7843,97155,46,2744,0.016763848396501458,131.47886297376093,female,15-19,189,0.02409792171362999,0.00040397390627805376,0.0004734702279862076,1.1409648487746174e-05
2012,E02004038,E07000032,7843,97155,46,2744,0.016763848396501458,131.47886297376093,male,15-19,192,0.024480428407497132,0.00041038619050468955,0.0004734702279862076,1.15907540192977e-05
2012,E02004036,E07000032,9930,97155,53,3520,0.015056818181818182,149.51420454545453,female,15-19,295,0.029707955689828803,0.0004473072873752632,0.0005455200452884565,1.6206285333342867e-05
2012,E02004036,E07000032,9930,97155,53,3520,0.015056818181818182,149.51420454545453,male,15-19,295,0.029707955689828803,0.0004473072873752632,0.0005455200452884565,1.6206285333342867e-05
2012,E02004033,E07000032,8889,97155,87,3254,0.026736324523663185,237.65918869084206,female,15-19,270,0.030374620317246033,0.0008121057060849431,0.0008954763007565231,2.7199752638571405e-05
2012,E02004033,E07000032,8889,97155,87,3254,0.026736324523663185,237.65918869084206,male,15-19,288,0.03239959500506244,0.0008662460864906061,0.0008954763007565231,2.9013069481142836e-05
2012,E02004034,E07000032,7217,97155,77,2551,0.03018424147393179,217.83967071736572,female,15-19,195,0.027019537203824304,0.0008155642354741165,0.0007925479903247388,2.1414279910395466e-05
2012,E02004034,E07000032,7217,97155,77,2551,0.03018424147393179,217.83967071736572,male,15-19,176,0.024386864348067062,0.0007360990022740744,0.0007925479903247388,1.932776032938257e-05
2012,E02004035,E07000032,6545,97155,85,2141,0.039701074264362445,259.8435310602522,female,15-19,161,0.02459893048128342,0.000976603965861322,0.0008748906386701663,2.1521373999373073e-05
2012,E02004035,E07000032,6545,97155,85,2141,0.039701074264362445,259.8435310602522,male,15-19,199,0.03040488922841864,0.0012071067652571622,0.0008748906386701663,2.660095295574684e-05
2012,E02004043,E07000032,7034,97155,16,2595,0.006165703275529865,43.369556840077074,female,15-19,190,0.02701165766278078,0.00016654586612889884,0.00016468529669085483,4.448422856306855e-06
2012,E02004043,E07000032,7034,97155,16,2595,0.006165703275529865,43.369556840077074,male,15-19,208,0.029570656809781062,0.00018232389555163661,0.00016468529669085483,4.869852390062241e-06
2012,E02002820,E06000015,9785,97155,11,3613,0.003044561306393579,29.791032383061168,female,15-19,306,0.03127235564639755,9.521060396080073e-05,0.00011322114147496269,3.5406918028961252e-06
2012,E02002820,E06000015,9785,97155,11,3613,0.003044561306393579,29.791032383061168,male,15-19,344,0.03515585079202862,0.00010703414301475639,0.00011322114147496269,3.980385556196952e-06
2012,E02002801,E06000015,7589,97155,9,2732,0.003294289897510981,25.000366032210835,female,15-19,253,0.03333772565555409,0.00010982413283308448,9.263547938860583e-05,3.0882561978280767e-06
2012,E02002801,E06000015,7589,97155,9,2732,0.003294289897510981,25.000366032210835,male,15-19,231,0.030438792989853736,0.00010027420823890324,9.263547938860583e-05,2.8197121806256355e-06
2012,E02002816,E06000015,9479,97155,9,2797,0.0032177332856632105,30.50089381480157,female,15-19,359,0.03787319337482857,0.00012186583495654527,9.263547938860583e-05,3.508401424254615e-06
2012,E02002816,E06000015,9479,97155,9,2797,0.0032177332856632105,30.50089381480157,male,15-19,319,0.033653338959805885,0.00010828746894467392,9.263547938860583e-05,3.1174931875688637e-06
2012,E02002803,E06000015,7912,97155,8,2208,0.0036231884057971015,28.666666666666668,female,15-19,490,0.06193124368048534,0.0002243885640597295,8.234264834542741e-05,5.099582619977178e-06
2012,E02002803,E06000015,7912,97155,8,2208,0.0036231884057971015,28.666666666666668,male,15-19,395,0.04992416582406471,0.00018088465878284316,8.234264834542741e-05,4.110888030389766e-06
2012,E02004084,E07000036,6139,97155,8,2240,0.0035714285714285713,21.925,female,15-19,191,0.031112559048705,0.00011111628231680357,8.234264834542741e-05,2.5618905088738613e-06
2012,E02004084,E07000036,6139,97155,8,2240,0.0035714285714285713,21.925,male,15-19,211,0.03437041863495683,0.00012275149512484582,8.234264834542741e-05,2.8301512951433756e-06
2012,E02002825,E06000015,8582,97155,8,3211,0.002491435689816257,21.381501090003116,female,15-19,227,0.026450710790025634,6.590024488327783e-05,8.234264834542741e-05,2.1780215770696833e-06
2012,E02002825,E06000015,8582,97155,8,3211,0.002491435689816257,21.381501090003116,male,15-19,244,0.028431601025402004,7.083550551330303e-05,8.234264834542741e-05,2.3411333251321706e-06
2012,E02004083,E07000036,7917,97155,8,2488,0.003215434083601286,25.456591639871384,female,15-19,237,0.02993558165971959,9.625588958109193e-05,8.234264834542741e-05,2.4649750736221167e-06
2012,E02004083,E07000036,7917,97155,8,2488,0.003215434083601286,25.456591639871384,male,15-19,246,0.031072375899962108,9.991117652720935e-05,8.234264834542741e-05,2.5585817219875134e-06
2012,E02006872,E07000037,12346,97155,354,4893,0.07234825260576333,893.2115266707541,female,20-24,273,0.022112425076947998,0.0015997953151930494,0.003643662189285163,8.057020716627648e-05
2012,E02006872,E07000037,12346,97155,354,4893,0.07234825260576333,893.2115266707541,male,20-24,304,0.02462335979264539,0.001781457054280905,0.003643662189285163,8.971920504962656e-05
2012,E02004103,E07000037,7137,97155,89,3114,0.028580603725112397,203.97976878612718,female,20-24,219,0.030685161832702815,0.0008770004505814228,0.0009160619628428799,2.810950957861716e-05
2012,E02004103,E07000037,7137,97155,89,3114,0.028580603725112397,203.97976878612718,male,20-24,269,0.03769090654336556,0.001077228863956177,0.0009160619628428799,3.4527205829443e-05
2012,E02004097,E07000037,7704,97155,29,2762,0.010499637943519189,80.88921071687183,female,20-24,167,0.02167705088265836,0.00022760118595115583,0.0002984921002521744,6.470428445237944e-06
2012,E02004097,E07000037,7704,97155,29,2762,0.010499637943519189,80.88921071687183,male,20-24,172,0.02232606438213915,0.00023441559271616052,0.0002984921002521744,6.664153847789979e-06
2012,E02004102,E07000037,8625,97155,96,3736,0.02569593147751606,221.627408993576,female,20-24,436,0.050550724637681156,0.0012989479564286378,0.000988111780145129,4.994976650936535e-05
2012,E02004102,E07000037,8625,97155,96,3736,0.02569593147751606,221.627408993576,male,20-24,463,0.05368115942028986,0.001379387394097384,0.000988111780145129,5.3042985995037066e-05
2012,E02004098,E07000037,7341,97155,47,3145,0.014944356120826709,109.70651828298887,female,20-24,189,0.025745811197384554,0.00038475457115328266,0.00048376305902938604,1.2454872382039772e-05
2012,E02004098,E07000037,7341,97155,47,3145,0.014944356120826709,109.70651828298887,male,20-24,219,0.0298324478953821,0.00044582672530459733,0.00048376305902938604,1.4431836252204814e-05
2012,E02004104,E07000037,7167,97155,84,2895,0.029015544041450778,207.95440414507772,female,20-24,154,0.02148737268034045,0.0006234678083414845,0.0008645978076269878,1.8577935311086385e-05
2012,E02004104,E07000037,7167,97155,84,2895,0.029015544041450778,207.95440414507772,male,20-24,203,0.0283242639877215,0.0008218439291774114,0.0008645978076269878,2.4489096546432052e-05
2012,E02004100,E07000037,7641,97155,54,3050,0.017704918032786884,135.28327868852458,female,20-24,159,0.020808794660384766,0.00036841800382320566,0.000555812876331635,1.1565796013182825e-05
2012,E02004100,E07000037,7641,97155,54,3050,0.017704918032786884,135.28327868852458,male,20-24,182,0.023818871875408976,0.00042171117418756874,0.000555812876331635,1.323883568804575e-05
2012,E02004068,E07000035,7531,97155,1163,2634,0.4415337889141989,3325.190964312832,female,20-24,125,0.016598061346434736,0.007328604914921639,0.011970562503216509,0.00019868813077971898
2012,E02004068,E07000035,7531,97155,1163,2634,0.4415337889141989,3325.190964312832,male,20-24,149,0.019784889124950206,0.008735697058586595,0.011970562503216509,0.00023683625188942502
2012,E02006210,E07000198,5452,97155,24,1854,0.012944983818770227,70.57605177993528,female,20-24,126,0.023110785033015408,0.0002991687382914616,0.0002470279450362822,5.709009734881064e-06
2012,E02006210,E07000198,5452,97155,24,1854,0.012944983818770227,70.57605177993528,male,20-24,149,0.027329420396184887,0.00035377890480498236,0.0002470279450362822,6.751130559502211e-06
2012,E02006204,E07000198,7282,97155,11,2851,0.003858295334970186,28.096106629252894,female,20-24,216,0.029662180719582532,0.00011444545349540789,0.00011322114147496269,3.3583859597077645e-06
2012,E02006204,E07000198,7282,97155,11,2851,0.003858295334970186,28.096106629252894,male,20-24,211,0.028975556165888493,0.00011179625318301418,0.00011322114147496269,3.2806455439737886e-06
2012,E02004070,E07000035,6373,97155,1527,2452,0.6227569331158238,3968.829934747145,female,20-24,126,0.0197709085203201,0.012312470355028055,0.015717153002933457,0.00031074239422087174
2012,E02004070,E07000035,6373,97155,1527,2452,0.6227569331158238,3968.829934747145,male,20-24,132,0.020712380354621057,0.012898778467172248,0.015717153002933457,0.0003255396510885323
2012,E02006803,E08000019,8747,97155,441,3080,0.1431818181818182,1252.4113636363636,female,20-24,199,0.02275065736824054,0.0032574804868162593,0.004539138490041686,0.00010326838453393112
2012,E02006803,E08000019,8747,97155,441,3080,0.1431818181818182,1252.4113636363636,male,20-24,201,0.022979307191036927,0.0032902189841711965,0.004539138490041686,0.00010430625774532741
2012,E02006869,E08000019,11118,97155,31,4236,0.007318224740321058,81.36402266288952,female,20-24,270,0.024284943335132217,0.00017772267313245958,0.0003190777623385312,7.748785377892015e-06
2012,E02006869,E08000019,11118,97155,31,4236,0.007318224740321058,81.36402266288952,male,20-24,363,0.03264975715056665,0.00023893826054475123,0.0003190777623385312,1.0417811452499265e-05
2012,E02006868,E08000019,12500,97155,11,4482,0.0024542614904060687,30.67826863007586,female,20-24,702,0.05616,0.00013783132530120483,0.00011322114147496269,6.358499305233905e-06
2012,E02006868,E08000019,12500,97155,11,4482,0.0024542614904060687,30.67826863007586,male,20-24,974,0.07792,0.0001912360553324409,0.00011322114147496269,8.822191343729093e-06
2012,E02004105,E07000038,9450,97155,1852,3263,0.5675758504443763,5363.591786699356,female,20-24,317,0.033544973544973544,0.019039316887922465,0.019062323091966444,0.0006394451238257527
2012,E02004105,E07000038,9450,97155,1852,3263,0.5675758504443763,5363.591786699356,male,20-24,335,0.035449735449735446,0.02012041374591175,0.019062323091966444,0.0006757543106675934
2012,E02001634,E08000019,9260,97155,11,3128,0.003516624040920716,32.56393861892583,female,20-24,330,0.035637149028077755,0.00012532245502201256,0.00011322114147496269,4.034878691872321e-06
2012,E02001634,E08000019,9260,97155,11,3128,0.003516624040920716,32.56393861892583,male,20-24,477,0.051511879049676024,0.00018114791225909088,0.00011322114147496269,5.832233745524536e-06
2012,E02001669,E08000019,7690,97155,45,2629,0.017116774438950173,131.62799543552683,female,20-24,260,0.033810143042912875,0.0005787205922141802,0.0004631773969430292,1.5660094044887853e-05
2012,E02001669,E08000019,7690,97155,45,2629,0.017116774438950173,131.62799543552683,male,20-24,219,0.02847854356306892,0.00048746080651886704,0.0004631773969430292,1.319061767627092e-05
2012,E02001660,E08000019,9889,97155,23,3458,0.006651243493348756,65.77414690572586,female,20-24,378,0.03822428961472343,0.0002542390575878077,0.0002367351139931038,9.049031559246965e-06
2012,E02001660,E08000019,9889,97155,23,3458,0.006651243493348756,65.77414690572586,male,20-24,412,0.041662453230862574,0.00027710712096872155,0.0002367351139931038,9.862965614840608e-06
2012,E02001653,E08000019,7439,97155,9,2991,0.003009027081243731,22.384152457372114,female,20-24,477,0.06412152170990724,0.00019294339531566874,9.263547938860583e-05,5.939927902724154e-06
2012,E02001653,E08000019,7439,97155,9,2991,0.003009027081243731,22.384152457372114,male,20-24,477,0.06412152170990724,0.00019294339531566874,9.263547938860583e-05,5.939927902724154e-06
2012,E02001662,E08000019,7588,97155,15,3172,0.004728877679697352,35.8827238335435,female,20-24,209,0.02754348972061149,0.00013024979376077313,0.0001543924656476764,4.252507290506638e-06
2012,E02001662,E08000019,7588,97155,15,3172,0.004728877679697352,35.8827238335435,male,20-24,212,0.0279388508170796,0.00013211940802528184,0.0001543924656476764,4.313548065011518e-06
2012,E02001655,E08000019,7681,97155,14,3228,0.004337050805452293,33.31288723667906,female,20-24,257,0.03345918500195287,0.00014511418526249697,0.00014409963460449796,4.821456332945707e-06
2012,E02001655,E08000019,7681,97155,14,3228,0.004337050805452293,33.31288723667906,male,20-24,255,0.03319880223929176,0.0001439848919919717,0.00014409963460449796,4.783935271988931e-06
2012,E02001650,E08000019,9415,97155,10,2336,0.004280821917808219,40.30393835616438,female,20-24,1338,0.14211364843335103,0.0006083632210331808,0.00010292831043178426,1.4627517722541405e-05
2012,E02001650,E08000019,9415,97155,10,2336,0.004280821917808219,40.30393835616438,male,20-24,1538,0.1633563462559745,0.0006992994274656443,0.00010292831043178426,1.681399271843698e-05
2012,E02001627,E08000019,6085,97155,8,2236,0.0035778175313059034,21.77101967799642,female,20-24,247,0.040591618734593264,0.00014522940513271294,8.234264834542741e-05,3.3424213872342763e-06
2012,E02001627,E08000019,6085,97155,8,2236,0.0035778175313059034,21.77101967799642,male,20-24,244,0.040098603122432214,0.0001434654852323156,8.234264834542741e-05,3.3018251760532933e-06
2012,E02001656,E08000019,7888,97155,17,2300,0.007391304347826087,58.302608695652175,female,20-24,769,0.09748985801217039,0.0007205772113943029,0.00017497812773403323,1.7058592828026315e-05
2012,E02001656,E08000019,7888,97155,17,2300,0.007391304347826087,58.302608695652175,male,20-24,754,0.09558823529411764,0.0007065217391304347,0.00017497812773403323,1.672585044516494e-05
2012,E02001666,E08000019,6153,97155,17,2708,0.006277695716395864,38.62666174298375,female,20-24,181,0.029416544774906548,0.00018466811712459797,0.00017497812773403323,5.147251929117506e-06
2012,E02001666,E08000019,6153,97155,17,2708,0.006277695716395864,38.62666174298375,male,20-24,190,0.030879245896310744,0.00019385050968880453,0.00017497812773403323,5.403192632775283e-06
2012,E02001678,E08000019,10006,97155,92,3559,0.025849957853329587,258.65467828041585,female,20-24,163,0.01629022586448131,0.00042110165201806146,0.0009469404559724152,1.5425873908005564e-05
2012,E02001678,E08000019,10006,97155,92,3559,0.025849957853329587,258.65467828041585,male,20-24,155,0.015490705576654008,0.0004004340862748437,0.0009469404559724152,1.466877580209118e-05
2012,E02001680,E08000019,6098,97155,251,2873,0.08736512356421859,532.7525234946049,female,20-24,198,0.03246966218432273,0.0028367160488217908,0.002583500591837785,8.388539146997071e-05
2012,E02001680,E08000019,6098,97155,251,2873,0.08736512356421859,532.7525234946049,male,20-24,201,0.03296162676287307,0.0028796965950160605,0.002583500591837785,8.515638224981875e-05
2012,E02001642,E08000019,9800,97155,8,3907,0.002047606859482979,20.066547222933195,female,20-24,280,0.02857142857142857,5.8503053128085114e-05,8.234264834542741e-05,2.3526470955836404e-06
2012,E02001642,E08000019,9800,97155,8,3907,0.002047606859482979,20.066547222933195,male,20-24,356,0.036326530612244896,7.438245326285107e-05,8.234264834542741e-05,2.9912227358134856e-06
2012,E02001665,E08000019,9466,97155,44,3159,0.013928458372902817,131.84678695789808,female,20-24,138,0.014578491443059371,0.00020305591120437237,0.00045288456589985077,6.602373768664632e-06
2012,E02001665,E08000019,9466,97155,44,3159,0.013928458372902817,131.84678695789808,male,20-24,158,0.01669131628987957,0.0002324843041325423,0.00045288456589985077,7.559239532239217e-06
2012,E02001664,E08000019,6233,97155,26,2407,0.01080182800166182,67.32779393435813,female,20-24,181,0.029038986042034334,0.0003136741325687132,0.0002676136071226391,7.771227801892776e-06
2012,E02001664,E08000019,6233,97155,26,2407,0.01080182800166182,67.32779393435813,male,20-24,181,0.029038986042034334,0.0003136741325687132,0.0002676136071226391,7.771227801892776e-06
2012,E02001659,E08000019,6120,97155,10,2607,0.0038358266206367474,23.475258918296895,female,20-24,165,0.02696078431372549,0.00010341689418383388,0.00010292831043178426,2.775027977327517e-06
2012,E02001659,E08000019,6120,97155,10,2607,0.0038358266206367474,23.475258918296895,male,20-24,198,0.03235294117647059,0.00012410027302060066,0.00010292831043178426,3.3300335727930203e-06
2012,E02001636,E08000019,9739,97155,8,3457,0.0023141452126120912,22.537460225629157,female,20-24,754,0.07742067974124653,0.00017916269538037957,8.234264834542741e-05,6.375023806597419e-06
2012,E02001636,E08000019,9739,97155,8,3457,0.0023141452126120912,22.537460225629157,male,20-24,763,0.07834479926070438,0.00018130124214221435,8.234264834542741e-05,6.451118255217282e-06
2012,E02001679,E08000019,6324,97155,179,2654,0.06744536548605878,426.5244913338357,female,20-24,206,0.03257432005060089,0.00219698692127263,0.0018424167567289383,6.001547310027852e-05
2012,E02001679,E08000019,6324,97155,179,2654,0.06744536548605878,426.5244913338357,male,20-24,176,0.027830487033523088,0.0018770373696309847,0.0018424167567289383,5.127535565849038e-05
2012,E02001681,E08000019,7453,97155,157,2675,0.05869158878504673,437.4284112149533,female,20-24,129,0.017308466389373407,0.0010158613918249066,0.0016159744737790128,2.797003986548942e-05
2012,E02001681,E08000019,7453,97155,157,2675,0.05869158878504673,437.4284112149533,male,20-24,135,0.018113511337716357,0.0010631107588865301,0.0016159744737790128,2.9270971952256373e-05
2012,E02001657,E08000019,8992,97155,11,2789,0.003944065973467192,35.465041233417,female,20-24,291,0.03236209964412812,0.00012763825603636045,0.00011322114147496269,3.6640738622346693e-06
2012,E02001657,E08000019,8992,97155,11,2789,0.003944065973467192,35.465041233417,male,20-24,287,0.031917259786476866,0.00012588377829015615,0.00011322114147496269,3.613708585777835e-06
2012,E02001671,E08000019,5902,97155,28,2247,0.012461059190031152,73.54517133956386,female,20-24,161,0.02727888851236869,0.0003399238443908871,0.0002881992692089959,7.86175573409833e-06
2012,E02001671,E08000019,5902,97155,28,2247,0.012461059190031152,73.54517133956386,male,20-24,171,0.02897322941375805,0.0003610371266511906,0.0002881992692089959,8.350063543669654e-06
2012,E02001652,E08000019,12526,97155,8,2986,0.0026791694574681848,33.55927662424648,female,20-24,1473,0.11759540156474534,0.0003150580082109721,8.234264834542741e-05,9.68311679808515e-06
2012,E02001652,E08000019,12526,97155,8,2986,0.0026791694574681848,33.55927662424648,male,20-24,1821,0.14537761456171164,0.00038949126473331985,8.234264834542741e-05,1.1970777793152109e-05
2012,E02001673,E08000019,5543,97155,43,1955,0.021994884910485932,121.91764705882352,female,20-24,164,0.029586866317878404,0.0006507597195236682,0.0004425917348566723,1.3094902492602247e-05
2012,E02001673,E08000019,5543,97155,43,1955,0.021994884910485932,121.91764705882352,male,20-24,144,0.025978711888868845,0.0005713987781183429,0.0004425917348566723,1.149796316423612e-05
2012,E02001661,E08000019,7877,97155,14,3256,0.0042997542997543,33.86916461916462,female,20-24,287,0.03643519106258728,0.0001566623694337291,0.00014409963460449796,5.2502977188638965e-06
2012,E02001661,E08000019,7877,97155,14,3256,0.0042997542997543,33.86916461916462,male,20-24,311,0.039482036308239175,0.00016976305537940678,0.00014409963460449796,5.689347005458787e-06
2012,E02001649,E08000019,9557,97155,9,4107,0.002191380569758948,20.943024105186268,female,20-24,358,0.03745945380349482,8.208791921876148e-05,9.263547938860583e-05,3.470074460722077e-06
2012,E02001649,E08000019,9557,97155,9,4107,0.002191380569758948,20.943024105186268,male,20-24,287,0.030030344250287746,6.580791289325291e-05,9.263547938860583e-05,2.781875335830268e-06
2012,E02001676,E08000019,5995,97155,109,2168,0.050276752767527674,301.4091328413284,female,20-24,110,0.01834862385321101,0.000922509225092251,0.0011219185837064484,2.0585662086356853e-05
2012,E02001676,E08000019,5995,97155,109,2168,0.050276752767527674,301.4091328413284,male,20-24,115,0.019182652210175146,0.0009644414625964441,0.0011219185837064484,2.1521373999373073e-05
2012,E02001651,E08000019,8119,97155,13,2920,0.004452054794520548,36.146232876712325,female,20-24,127,0.015642320482818082,6.964046790295721e-05,0.00013380680356131955,2.0930489040876443e-06
2012,E02001651,E08000019,8119,97155,13,2920,0.004452054794520548,36.146232876712325,male,20-24,134,0.016504495627540337,7.347891888973438e-05,0.00013380680356131955,2.2084138043129473e-06
2012,E02001674,E08000019,8647,97155,130,3282,0.039609993906154786,342.50761730652044,female,20-24,169,0.0195443506418411,0.0007741516098230784,0.0013380680356131953,2.6151670870663815e-05
2012,E02001674,E08000019,8647,97155,130,3282,0.039609993906154786,342.50761730652044,male,20-24,184,0.021279056320111022,0.0008428632911683221,0.0013380680356131953,2.8472825089953504e-05
2012,E02001618,E08000019,9708,97155,8,3293,0.0024293956878226543,23.584573337382327,female,20-24,215,0.022146683147919243,5.3803056539129654e-05,8.234264834542741e-05,1.8236165424667176e-06
2012,E02001618,E08000019,9708,97155,8,3293,0.0024293956878226543,23.584573337382327,male,20-24,213,0.021940667490729295,5.3302562989928445e-05,8.234264834542741e-05,1.8066526676530736e-06
2012,E02001672,E08000019,6175,97155,39,2203,0.017703132092601,109.31684067181118,female,20-24,146,0.023643724696356276,0.00041856798146068763,0.0004014204106839586,9.491073677709791e-06
2012,E02001672,E08000019,6175,97155,39,2203,0.017703132092601,109.31684067181118,male,20-24,155,0.025101214574898785,0.00044437011730415465,0.0004014204106839586,1.0076139863322038e-05
2012,E02001675,E08000019,9063,97155,141,3730,0.03780160857908847,342.59597855227884,female,20-24,262,0.028908749862076574,0.0010927972467969964,0.001451289177088158,4.1954955797980515e-05
2012,E02001675,E08000019,9063,97155,141,3730,0.03780160857908847,342.59597855227884,male,20-24,242,0.026701975063444777,0.0010093776096369205,0.001451289177088158,3.8752287416455284e-05
2012,E02001670,E08000019,6002,97155,19,2500,0.0076,45.6152,female,20-24,208,0.03465511496167944,0.00026337887370876374,0.0001955637898203901,6.777285618567334e-06
2012,E02001670,E08000019,6002,97155,19,2500,0.0076,45.6152,male,20-24,226,0.0376541152949017,0.00028617127624125296,0.0001955637898203901,7.3637814894048925e-06
2012,E02001639,E08000019,6154,97155,8,2044,0.003913894324853229,24.08610567514677,female,20-24,565,0.09181020474488137,0.0003593354393146042,8.234264834542741e-05,7.5598954038294585e-06
2012,E02001639,E08000019,6154,97155,8,2044,0.003913894324853229,24.08610567514677,male,20-24,461,0.07491062723431914,0.0002931922788035974,8.234264834542741e-05,6.168339435690939e-06
2012,E02001663,E08000019,7671,97155,36,2525,0.014257425742574258,109.36871287128713,female,20-24,237,0.030895580758701604,0.00044049144844089417,0.00037054191755442334,1.1448107738286838e-05
2012,E02001663,E08000019,7671,97155,36,2525,0.014257425742574258,109.36871287128713,male,20-24,230,0.0299830530569678,0.00042748115249538254,0.00037054191755442334,1.1109977973864863e-05
2012,E02005888,E07000174,8284,97155,13,3488,0.0037270642201834864,30.875,female,20-24,314,0.03790439401255432,0.00014127211071192838,0.00013380680356131955,5.071865803748713e-06
2012,E02005888,E07000174,8284,97155,13,3488,0.0037270642201834864,30.875,male,20-24,264,0.0318686624818928,0.00011877655168136653,0.00013380680356131955,4.264243860476625e-06
2012,E02005887,E07000174,9349,97155,23,4120,0.00558252427184466,52.19101941747572,female,20-24,424,0.0453524441116697,0.00025318112004087454,0.0002367351139931038,1.0736516026641995e-05
2012,E02005887,E07000174,9349,97155,23,4120,0.00558252427184466,52.19101941747572,male,20-24,355,0.037971975612364955,0.00021197947550592085,0.0002367351139931038,8.989299975136575e-06
2012,E02005880,E07000174,6267,97155,70,2630,0.026615969581749048,166.8022813688213,female,20-24,184,0.02936014041806287,0.0007814486042830421,0.0007204981730224899,2.1153927530898057e-05
2012,E02005880,E07000174,6267,97155,70,2630,0.026615969581749048,166.8022813688213,male,20-24,204,0.032551460028721876,0.0008663886699659814,0.0007204981730224899,2.3453267479908716e-05
2012,E02005824,E07000170,9785,97155,37,3726,0.009930220075147612,97.16720343531938,female,20-24,246,0.02514052120592744,0.00024965090837877495,0.00038083474859760175,9.574384073072052e-06
2012,E02005824,E07000170,9785,97155,37,3726,0.009930220075147612,97.16720343531938,male,20-24,264,0.026980071538068473,0.00026791804801624627,0.00038083474859760175,1.0274948761345617e-05
2012,E02005819,E07000170,6111,97155,44,2362,0.018628281117696866,113.83742591024554,female,20-24,173,0.028309605629193258,0.0005273592919917457,0.00045288456589985077,1.282098345617316e-05
2012,E02005819,E07000170,6111,97155,44,2362,0.018628281117696866,113.83742591024554,male,20-24,178,0.029127802323678613,0.0005426008900261892,0.00045288456589985077,1.3191532110975853e-05
2012,E02005891,E07000174,6437,97155,13,2886,0.0045045045045045045,28.995495495495494,female,20-24,221,0.034332763709802705,0.00015465208878289507,0.00013380680356131955,4.593957369434771e-06
2012,E02005891,E07000174,6437,97155,13,2886,0.0045045045045045045,28.995495495495494,male,20-24,232,0.03604163430169333,0.00016234970406168168,0.00013380680356131955,4.822615881035596e-06
2012,E02005825,E07000170,8073,97155,18,3312,0.005434782608695652,43.875,female,20-24,279,0.03455964325529543,0.0001878241481266056,0.00018527095877721167,6.402898240906981e-06
2012,E02005825,E07000170,8073,97155,18,3312,0.005434782608695652,43.875,male,20-24,251,0.03109129196085718,0.00016897441283074554,0.00018527095877721167,5.7603134712102226e-06
2012,E02004029,E07000032,6402,97155,379,2746,0.13801893663510562,883.5972323379461,female,20-24,174,0.02717900656044986,0.003751217584271849,0.0039009829653646236,0.00010602484160784824
2012,E02004029,E07000032,6402,97155,379,2746,0.13801893663510562,883.5972323379461,male,20-24,222,0.03467666354264293,0.004786036228208911,0.0039009829653646236,0.00013527307377553054
2012,E02004054,E07000033,8677,97155,295,3267,0.09029690847872666,783.5062748699113,female,20-24,230,0.026506857208712688,0.0023934872594338057,0.003036385157737636,8.048502780680606e-05
2012,E02004054,E07000033,8677,97155,295,3267,0.09029690847872666,783.5062748699113,male,20-24,225,0.025930621182436327,0.002341454927706984,0.003036385157737636,7.87353532892668e-05
2012,E02004050,E07000033,7057,97155,1059,3002,0.35276482345103266,2489.4613590939375,female,20-24,249,0.03528411506305796,0.012446994620845564,0.010900108074725953,0.0003846006675083977
2012,E02004050,E07000033,7057,97155,1059,3002,0.35276482345103266,2489.4613590939375,male,20-24,231,0.032733456142836896,0.011547211877169979,0.010900108074725953,0.0003567982096162243
2012,E02004051,E07000033,9152,97155,1124,3894,0.2886492039034412,2641.7175141242938,female,20-24,329,0.035948426573426576,0.01037648471200089,0.01156914209253255,0.00041589245503094506
2012,E02004051,E07000033,9152,97155,1124,3894,0.2886492039034412,2641.7175141242938,male,20-24,314,0.03430944055944056,0.009903392703854954,0.01156914209253255,0.0003969307929474673
2012,E02004049,E07000033,7821,97155,2582,3223,0.801116971765436,6265.535836177474,female,20-24,175,0.022375655287047692,0.017925517204826914,0.026576089753486697,0.0005946574232016587
2012,E02004049,E07000033,7821,97155,2582,3223,0.801116971765436,6265.535836177474,male,20-24,189,0.024165707710011506,0.019359558581213066,0.026576089753486697,0.0006422300170577913
2012,E02004117,E07000038,7364,97155,2215,2973,0.7450386814665321,5486.464850319542,female,20-24,165,0.02240630092341119,0.01669356089652061,0.022798620760640213,0.0005108327574016343
2012,E02004117,E07000038,7364,97155,2215,2973,0.7450386814665321,5486.464850319542,male,20-24,154,0.02091254752851711,0.01558065683675257,0.022798620760640213,0.0004767772402415253
2012,E02004112,E07000038,6508,97155,2022,2401,0.8421491045397751,5480.706372344856,female,20-24,85,0.013060848186846958,0.01099918160508311,0.020812104369306778,0.0002718237356163301
2012,E02004112,E07000038,6508,97155,2022,2401,0.8421491045397751,5480.706372344856,male,20-24,108,0.016594960049170254,0.013975430745282071,0.020812104369306778,0.0003453760405478077
2012,E02004052,E07000033,7869,97155,1852,3077,0.601884952876178,4736.232694182645,female,20-24,205,0.026051594865929596,0.015680062948229316,0.019062323091966444,0.0004966039183953642
2012,E02004052,E07000033,7869,97155,1852,3077,0.601884952876178,4736.232694182645,male,20-24,222,0.02821197102554327,0.016980360851253214,0.019062323091966444,0.0005377857067501017
2012,E02004061,E07000034,7216,97155,2534,2904,0.8725895316804407,6296.60606060606,female,20-24,221,0.03062638580931264,0.026724263650412614,0.026082033863414133,0.0007987984317924784
2012,E02004061,E07000034,7216,97155,2534,2904,0.8725895316804407,6296.60606060606,male,20-24,260,0.03603104212860311,0.03144031017695602,0.026082033863414133,0.0009397628609323275
2012,E02004111,E07000038,5498,97155,1933,2254,0.857586512866016,4715.010647737356,female,20-24,134,0.02437249909057839,0.020901526504919266,0.019896042406463896,0.0004849162754576504
2012,E02004111,E07000038,5498,97155,1933,2254,0.857586512866016,4715.010647737356,male,20-24,156,0.028373954165150966,0.024333120408711984,0.019896042406463896,0.0005645293953089065
2012,E02004062,E07000034,7987,97155,2706,3135,0.8631578947368421,6894.042105263158,female,20-24,254,0.031801677726305246,0.02744986919533716,0.02785240080284082,0.0008857530742358293
2012,E02004062,E07000034,7987,97155,2706,3135,0.8631578947368421,6894.042105263158,male,20-24,232,0.029047201702766996,0.025072321469756777,0.02785240080284082,0.0008090343040264267
2012,E02004048,E07000033,6835,97155,2283,2771,0.8238902923132443,5631.290147961025,female,20-24,189,0.02765179224579371,0.02278204319637208,0.023498533271576347,0.0006497765601065004
2012,E02004048,E07000033,6835,97155,2283,2771,0.8238902923132443,5631.290147961025,male,20-24,210,0.030724213606437453,0.02531338132930231,0.023498533271576347,0.0007219739556738892
2012,E02004114,E07000038,7226,97155,2342,2813,0.8325630998933523,6016.100959829364,female,20-24,135,0.018682535289233325,0.015554389494271044,0.024105810303123875,0.00045035765166367606
2012,E02004114,E07000038,7226,97155,2342,2813,0.8325630998933523,6016.100959829364,male,20-24,139,0.019236091890395792,0.016015260294101295,0.024105810303123875,0.0004637015820833405
2012,E02004059,E07000034,7158,97155,2641,3075,0.8588617886178862,6147.7326829268295,female,20-24,174,0.024308466051969825,0.02087761263195197,0.027183366785034222,0.0006607859486722485
2012,E02004059,E07000034,7158,97155,2641,3075,0.8588617886178862,6147.7326829268295,male,20-24,206,0.028778988544286115,0.02471717357575923,0.027183366785034222,0.0007823098013016275
2012,E02004073,E07000035,9138,97155,2604,3611,0.7211298809194129,6589.6848518415945,female,20-24,212,0.023199824906981834,0.01673008697252304,0.02680253203643662,0.0006218140503091009
2012,E02004073,E07000035,9138,97155,2604,3611,0.7211298809194129,6589.6848518415945,male,20-24,223,0.0244035894068724,0.01759815752298414,0.02680253203643662,0.0006540779868817429
2012,E02004063,E07000034,7940,97155,2649,3057,0.8665358194308145,6880.294406280667,female,20-24,156,0.01964735516372796,0.017025137006449254,0.02726570943337965,0.0005356990770286178
2012,E02004063,E07000034,7940,97155,2649,3057,0.8665358194308145,6880.294406280667,male,20-24,186,0.023425692695214106,0.0202992018153818,0.02726570943337965,0.000638718130303352
2012,E02004072,E07000035,8613,97155,2654,3330,0.796996996996997,6864.5351351351355,female,20-24,153,0.017763845350052248,0.014157731399110711,0.027317173588595544,0.00048525804702834305
2012,E02004072,E07000035,8613,97155,2654,3330,0.796996996996997,6864.5351351351355,male,20-24,204,0.023685127133402994,0.018876975198814278,0.027317173588595544,0.000647010729371124
2012,E02004046,E07000033,6301,97155,1091,2510,0.4346613545816733,2738.8011952191237,female,20-24,167,0.02650372956673544,0.011520146994943572,0.011229478668107662,0.00029762306579494995
2012,E02004046,E07000033,6301,97155,1091,2510,0.4346613545816733,2738.8011952191237,male,20-24,185,0.02936041898111411,0.012761839485416532,0.011229478668107662,0.0003297021986351242
2012,E02004067,E07000034,6422,97155,2390,2772,0.8621933621933622,5537.005772005772,female,20-24,228,0.03550295857988166,0.030610415225799843,0.02459986619319644,0.0008733680305276842
2012,E02004067,E07000034,6422,97155,2390,2772,0.8621933621933622,5537.005772005772,male,20-24,210,0.03270009342883837,0.028193803497447222,0.02459986619319644,0.0008044179228544459
2012,E02004065,E07000034,8352,97155,2549,3047,0.8365605513619954,6986.953724975385,female,20-24,146,0.017480842911877393,0.01462378358463258,0.02623642632906181,0.0004586348472273735
2012,E02004065,E07000034,8352,97155,2549,3047,0.8365605513619954,6986.953724975385,male,20-24,163,0.019516283524904216,0.016326552906130897,0.02623642632906181,0.0005120375349182322
2012,E02004071,E07000035,5146,97155,1549,1961,0.7899031106578276,4064.8414074451807,female,20-24,95,0.018460940536338902,0.014582354355323283,0.01594359528588338,0.0002943337645081463
2012,E02004071,E07000035,5146,97155,1549,1961,0.7899031106578276,4064.8414074451807,male,20-24,125,0.024290711232024875,0.01918730836226748,0.01594359528588338,0.0003872812690896663
2012,E02004064,E07000034,8842,97155,3131,3617,0.8656345037323749,7653.940282001659,female,20-24,393,0.044446957701877406,0.03847482017267851,0.03222685399619165,0.0014323856164333091
2012,E02004064,E07000034,8842,97155,3131,3617,0.8656345037323749,7653.940282001659,male,20-24,318,0.035964713865641255,0.031132297238961232,0.03222685399619165,0.0011590295827628302
2012,E02004055,E07000034,7186,97155,2530,2997,0.8441775108441775,6066.259592926259,female,20-24,209,0.029084330642916784,0.02455233784670653,0.026040862539241417,0.0007573810563180429
2012,E02004055,E07000034,7186,97155,2530,2997,0.8441775108441775,6066.259592926259,male,20-24,157,0.021848037851377677,0.01844362221020538,0.026040862539241417,0.0005689417504398695
2012,E02004057,E07000034,7721,97155,2725,3172,0.8590794451450189,6632.95239596469,female,20-24,241,0.03121357337132496,0.026814939292831182,0.02804796459266121,0.0008754772007293552
2012,E02004057,E07000034,7721,97155,2725,3172,0.8590794451450189,6632.95239596469,male,20-24,202,0.026162414195052455,0.02247559227033983,0.02804796459266121,0.0007338024670013683
2012,E02005847,E07000171,6740,97155,22,2812,0.007823613086770981,52.73115220483641,female,20-24,188,0.027893175074183978,0.0002182254095419799,0.00022644228294992538,6.316194242520174e-06
2012,E02005847,E07000171,6740,97155,22,2812,0.007823613086770981,52.73115220483641,male,20-24,176,0.026112759643916916,0.00020429612808185352,0.00022644228294992538,5.913032907891227e-06
2012,E02004115,E07000038,8980,97155,2819,3379,0.8342704942290619,7491.749038176976,female,20-24,245,0.027282850779510023,0.022761277403799574,0.029015490710719984,0.0007916253033548326
2012,E02004115,E07000038,8980,97155,2819,3379,0.8342704942290619,7491.749038176976,male,20-24,251,0.027951002227171493,0.023318696442259968,0.029015490710719984,0.000811012045477808
2012,E02005848,E07000171,6722,97155,116,2708,0.04283604135893648,287.94387001477105,female,20-24,163,0.024248735495388276,0.0010387198365823633,0.0011939684010086975,2.8952223945911586e-05
2012,E02005848,E07000171,6722,97155,116,2708,0.04283604135893648,287.94387001477105,male,20-24,170,0.025290092234454033,0.0010833274369263914,0.0011939684010086975,3.019557098653356e-05
2012,E02004066,E07000034,11788,97155,3870,4535,0.8533627342888643,10059.439911797133,female,20-24,341,0.028927723108245675,0.024685840888403695,0.03983325613710051,0.0011522854040338713
2012,E02004066,E07000034,11788,97155,3870,4535,0.8533627342888643,10059.439911797133,male,20-24,310,0.026297930098405156,0.022441673534912446,0.03983325613710051,0.0010475321854853375
2012,E02004110,E07000038,7526,97155,1841,2781,0.6619920891765552,4982.152463142754,female,20-24,166,0.022056869519000797,0.014601473133578017,0.018949101950491484,0.00041795786922423414
2012,E02004110,E07000038,7526,97155,1841,2781,0.6619920891765552,4982.152463142754,male,20-24,194,0.02577730534148286,0.017064372216350213,0.018949101950491484,0.0004884567869247074
2012,E02004060,E07000034,7633,97155,2906,3387,0.8579864186595807,6549.010333628579,female,20-24,186,0.024367876326477137,0.0209073069396937,0.029910967011476507,0.000728866744940997
2012,E02004060,E07000034,7633,97155,2906,3387,0.8579864186595807,6549.010333628579,male,20-24,197,0.025808987292021485,0.022143760575912143,0.029910967011476507,0.000771971767491271
2012,E02006804,E07000038,8215,97155,2323,3176,0.7314231738035264,6008.641372795969,female,20-24,230,0.02799756542909312,0.02047806816491918,0.023910246513303483,0.0006694286911819599
2012,E02006804,E07000038,8215,97155,2323,3176,0.7314231738035264,6008.641372795969,male,20-24,279,0.033962264150943396,0.024840787034836744,0.023910246513303483,0.0008120461079989861
2012,E02001609,E08000018,8379,97155,15,3753,0.003996802557953637,33.489208633093526,female,20-24,187,0.022317699009428333,8.919943648852252e-05,0.0001543924656476764,3.4456845776483454e-06
2012,E02001609,E08000018,8379,97155,15,3753,0.003996802557953637,33.489208633093526,male,20-24,224,0.026733500417710943,0.00010684852285256172,0.0001543924656476764,4.127451044883579e-06
2012,E02005840,E07000171,9163,97155,27,3537,0.007633587786259542,69.94656488549619,female,20-24,242,0.026410564225690276,0.00020160736050145247,0.0002779064381658175,7.339665833911147e-06
2012,E02005840,E07000171,9163,97155,27,3537,0.007633587786259542,69.94656488549619,male,20-24,273,0.029793735676088617,0.00022743309676403524,0.0002779064381658175,8.279870961395632e-06
2012,E02005842,E07000171,8570,97155,8,3161,0.002530844669408415,21.689338816830116,female,20-24,250,0.029171528588098017,7.382860762568306e-05,8.234264834542741e-05,2.4020609202283376e-06
2012,E02005842,E07000171,8570,97155,8,3161,0.002530844669408415,21.689338816830116,male,20-24,264,0.030805134189031504,7.79630096527213e-05,8.234264834542741e-05,2.5365763317611245e-06
2012,E02004106,E07000038,6998,97155,1667,2703,0.6167221605623382,4315.821679615243,female,20-24,135,0.019291226064589884,0.011897326618450365,0.017158149348978437,0.0003310017379411388
2012,E02004106,E07000038,6998,97155,1667,2703,0.6167221605623382,4315.821679615243,male,20-24,151,0.021577593598170904,0.013307380143600037,0.017158149348978437,0.0003702315735489774
2012,E02001603,E08000018,6481,97155,11,2853,0.00385559060637925,24.988082719943918,female,20-24,192,0.029625057861441137,0.0001142220948040142,0.00011322114147496269,3.3541828673341827e-06
2012,E02001603,E08000018,6481,97155,11,2853,0.00385559060637925,24.988082719943918,male,20-24,199,0.030705138095972844,0.00011838644201041055,0.00011322114147496269,3.4764707843724078e-06
2012,E02006903,E07000171,11081,97155,27,4864,0.005550986842105263,61.51048519736842,female,20-24,274,0.024727010197635593,0.00013725930825167783,0.0002779064381658175,6.871795330514754e-06
2012,E02006903,E07000171,11081,97155,27,4864,0.005550986842105263,61.51048519736842,male,20-24,281,0.025358722136991245,0.00014076593291504185,0.0002779064381658175,7.047352145527905e-06
2012,E02001600,E08000018,10943,97155,12,4915,0.0024415055951169887,26.717395727365208,female,20-24,278,0.025404368089189437,6.202490683016749e-05,0.0001235139725181411,3.137794422008885e-06
2012,E02001600,E08000018,10943,97155,12,4915,0.0024415055951169887,26.717395727365208,male,20-24,309,0.028237229278991135,6.89413532752581e-05,0.0001235139725181411,3.4876923611537604e-06
2012,E02004108,E07000038,7577,97155,2137,3061,0.6981378634433192,5289.790591310029,female,20-24,181,0.023888082354493863,0.0166771747767244,0.021995779939272295,0.0005254370026406606
2012,E02004108,E07000038,7577,97155,2137,3061,0.6981378634433192,5289.790591310029,male,20-24,168,0.022172363732347895,0.015479366643589497,0.021995779939272295,0.00048769843339022644
2012,E02004116,E07000038,8093,97155,3114,3628,0.8583241455347299,6946.417309812569,female,20-24,247,0.03052020264426047,0.026196226856181674,0.03205187586845762,0.0009782297466340087
2012,E02004116,E07000038,8093,97155,3114,3628,0.8583241455347299,6946.417309812569,male,20-24,261,0.03225009267268009,0.027681033236693995,0.03205187586845762,0.0010336759670909969
2012,E02004069,E07000035,6731,97155,1423,2306,0.6170858629661752,4153.604943625325,female,20-24,142,0.021096419551329668,0.013018302264328757,0.014646698574442901,0.0003089928981683096
2012,E02004069,E07000035,6731,97155,1423,2306,0.6170858629661752,4153.604943625325,male,20-24,136,0.020205021542118555,0.012468233154568388,0.014646698574442901,0.00029593686021753594
2012,E02004109,E07000038,6688,97155,1567,2568,0.610202492211838,4081.0342679127725,female,20-24,100,0.014952153110047847,0.00912384109168418,0.016128866244660593,0.00024116127758164763
2012,E02004109,E07000038,6688,97155,1567,2568,0.610202492211838,4081.0342679127725,male,20-24,146,0.021830143540669856,0.013320807993858904,0.016128866244660593,0.0003520954652692055
2012,E02004056,E07000034,7708,97155,3030,3494,0.8672009158557528,6684.384659416142,female,20-24,240,0.031136481577581733,0.027001585340604654,0.03118727806083063,0.0009710621087959719
2012,E02004056,E07000034,7708,97155,3030,3494,0.8672009158557528,6684.384659416142,male,20-24,238,0.030877010897768554,0.02677657212943295,0.03118727806083063,0.0009629699245560055
2012,E02004058,E07000034,7835,97155,3009,3480,0.8646551724137931,6774.573275862069,female,20-24,232,0.029610721123165283,0.02560306317804722,0.030971128608923884,0.000917077452108531
2012,E02004058,E07000034,7835,97155,3009,3480,0.8646551724137931,6774.573275862069,male,20-24,244,0.03114231014677728,0.026927359549325527,0.030971128608923884,0.0009645124927348344
2012,E02005843,E07000171,6511,97155,23,2673,0.008604564160119716,56.024317246539475,female,20-24,189,0.029027799109199816,0.00024977155986217575,0.0002367351139931038,6.871899331085335e-06
2012,E02005843,E07000171,6511,97155,23,2673,0.008604564160119716,56.024317246539475,male,20-24,190,0.029181385347872832,0.0002510931025069492,0.0002367351139931038,6.908258586805364e-06
2012,E02005846,E07000171,6659,97155,12,3337,0.003596044351213665,23.946059334731796,female,20-24,231,0.03468989337738399,0.00012474639512394603,0.0001235139725181411,4.284686537271452e-06
2012,E02005846,E07000171,6659,97155,12,3337,0.003596044351213665,23.946059334731796,male,20-24,231,0.03468989337738399,0.00012474639512394603,0.0001235139725181411,4.284686537271452e-06
2012,E02001608,E08000018,6925,97155,12,3083,0.003892312682452157,26.954265325981186,female,20-24,179,0.025848375451263537,0.00010060995958973806,0.0001235139725181411,3.192635535125958e-06
2012,E02001608,E08000018,6925,97155,12,3083,0.003892312682452157,26.954265325981186,male,20-24,162,0.023393501805054152,9.105482376277971e-05,0.0001235139725181411,2.8894243390525433e-06
2012,E02001610,E08000018,8312,97155,39,3825,0.01019607843137255,84.74980392156863,female,20-24,196,0.02358036573628489,0.00024042725848761066,0.0004014204106839586,9.465640097937426e-06
2012,E02001610,E08000018,8312,97155,39,3825,0.01019607843137255,84.74980392156863,male,20-24,186,0.02237728585178056,0.00022816056162599786,0.0004014204106839586,8.98269927661409e-06
2012,E02004113,E07000038,9224,97155,3474,4038,0.8603268945022289,7935.655274888559,female,20-24,301,0.03263226366001735,0.028074414055200662,0.03575729504400185,0.0011668414796449
2012,E02004113,E07000038,9224,97155,3474,4038,0.8603268945022289,7935.655274888559,male,20-24,288,0.031222896790980052,0.026861897833547477,0.03575729504400185,0.0011164463326834924
2012,E02001605,E08000018,7380,97155,12,3095,0.0038772213247172858,28.613893376413568,female,20-24,222,0.03008130081300813,0.00011663186098743055,0.0001235139725181411,3.715460961927822e-06
2012,E02001605,E08000018,7380,97155,12,3095,0.0038772213247172858,28.613893376413568,male,20-24,229,0.03102981029810298,0.00012030944218973691,0.0001235139725181411,3.832615136403024e-06
2012,E02001607,E08000018,8856,97155,12,4092,0.002932551319648094,25.970674486803517,female,20-24,249,0.028116531165311653,8.245317057276145e-05,0.0001235139725181411,3.4727844576577616e-06
2012,E02001607,E08000018,8856,97155,12,4092,0.002932551319648094,25.970674486803517,male,20-24,234,0.026422764227642278,7.74861121045228e-05,0.0001235139725181411,3.2635805746663303e-06
2012,E02004045,E07000033,9079,97155,2469,3220,0.7667701863354037,6961.50652173913,female,20-24,214,0.02357087784998348,0.018073446401120873,0.025412999845607534,0.0005990067151624642
2012,E02004045,E07000033,9079,97155,2469,3220,0.7667701863354037,6961.50652173913,male,20-24,234,0.025773763630355766,0.019762553541412542,0.025412999845607534,0.0006549886511589562
2012,E02001606,E08000018,8011,97155,10,3937,0.00254000508001016,20.347980695961393,female,20-24,248,0.030957433528897765,7.863203842747719e-05,0.00010292831043178426,3.1863963284337155e-06
2012,E02001606,E08000018,8011,97155,10,3937,0.00254000508001016,20.347980695961393,male,20-24,243,0.030333291723879666,7.704671507208449e-05,0.00010292831043178426,3.1221544669733583e-06
2012,E02005838,E07000171,8043,97155,11,3413,0.0032229709932610606,25.92235569879871,female,20-24,214,0.02660698744249658,8.575354874522777e-05,0.00011322114147496269,3.012473489449461e-06
2012,E02005838,E07000171,8043,97155,11,3413,0.0032229709932610606,25.92235569879871,male,20-24,222,0.027601641178664676,8.895928888523629e-05,0.00011322114147496269,3.1250893208307493e-06
2012,E02004047,E07000033,5751,97155,756,2604,0.2903225806451613,1669.6451612903227,female,20-24,181,0.031472787341331944,0.009137260841031855,0.00778138026864289,0.0002449017264170341
2012,E02004047,E07000033,5751,97155,756,2604,0.2903225806451613,1669.6451612903227,male,20-24,144,0.025039123630672927,0.007269422989550205,0.00778138026864289,0.00019483894256382825
2012,E02005894,E07000175,10073,97155,18,4140,0.004347826086956522,43.79565217391304,female,20-24,264,0.02620867666037923,0.00011395076808860535,0.00018527095877721167,4.85570665315039e-06
2012,E02005894,E07000175,10073,97155,18,4140,0.004347826086956522,43.79565217391304,male,20-24,261,0.02591085078923856,0.0001126558729966894,0.00018527095877721167,4.800528168455499e-06
2012,E02005889,E07000174,10157,97155,24,4422,0.005427408412483039,55.12618724559022,female,20-24,321,0.03160382002559811,0.00017152683867353112,0.0002470279450362822,7.807026716220006e-06
2012,E02005889,E07000174,10157,97155,24,4422,0.005427408412483039,55.12618724559022,male,20-24,315,0.031013094417643005,0.00016832072953944642,0.0002470279450362822,7.661100983206547e-06
2012,E02004053,E07000033,7938,97155,492,3108,0.1583011583011583,1256.5945945945946,female,20-24,216,0.027210884353741496,0.004307514511596144,0.005064072873243786,0.00013779790131275606
2012,E02004053,E07000033,7938,97155,492,3108,0.1583011583011583,1256.5945945945946,male,20-24,240,0.030234315948601664,0.004786127235106827,0.005064072873243786,0.00015310877923639565
2012,E02004031,E07000032,7666,97155,164,3159,0.051915163026274136,397.98163975941753,female,20-24,242,0.031567962431515786,0.0016388559160394392,0.001688024291081262,5.328748740433935e-05
2012,E02004031,E07000032,7666,97155,164,3159,0.051915163026274136,397.98163975941753,male,20-24,221,0.028828593790764415,0.001496641146465769,0.001688024291081262,4.8663366596524775e-05
2012,E02005883,E07000174,7845,97155,32,3272,0.009779951100244499,76.72371638141809,female,20-24,225,0.028680688336520075,0.0002804957294525191,0.00032937059338170965,9.446575335995497e-06
2012,E02005883,E07000174,7845,97155,32,3272,0.009779951100244499,76.72371638141809,male,20-24,287,0.03658381134480561,0.0003577878860127688,0.00032937059338170965,1.2049631650803144e-05
2012,E02005822,E07000170,9777,97155,24,3954,0.006069802731411229,59.34446130500759,female,20-24,390,0.039889536667689476,0.00024212161862026998,0.0002470279450362822,9.85383027146876e-06
2012,E02005822,E07000170,9777,97155,24,3954,0.006069802731411229,59.34446130500759,male,20-24,348,0.03559374041116907,0.00021604698276885627,0.0002470279450362822,8.79264854992597e-06
2012,E02004030,E07000032,5665,97155,510,2112,0.24147727272727273,1367.96875,female,20-24,69,0.012180052956751985,0.0029412059696702236,0.005249343832020997,6.393728586221515e-05
2012,E02004030,E07000032,5665,97155,510,2112,0.24147727272727273,1367.96875,male,20-24,119,0.021006178287731686,0.005072514643344299,0.005249343832020997,0.00011026865242903772
2012,E02004032,E07000032,8284,97155,184,2974,0.06186953597848016,512.5272360457296,female,20-24,220,0.02655721873491067,0.001643082800007923,0.0018938809119448303,5.029620963639096e-05
2012,E02004032,E07000032,8284,97155,184,2974,0.06186953597848016,512.5272360457296,male,20-24,206,0.024867213906325448,0.0015385229854619645,0.0018938809119448303,4.70955417504388e-05
2012,E02004075,E07000035,7458,97155,155,2523,0.06143479984145858,458.1807372175981,female,20-24,160,0.02145347278090641,0.001317989806199165,0.0015953888116926561,3.422663044661102e-05
2012,E02004075,E07000035,7458,97155,155,2523,0.06143479984145858,458.1807372175981,male,20-24,168,0.02252614641995173,0.0013838892965091234,0.0015953888116926561,3.593796196894157e-05
2012,E02004074,E07000035,5875,97155,386,2042,0.1890303623898139,1110.5533790401566,female,20-24,119,0.02025531914893617,0.0038288703190447414,0.003973032782666873,8.047504700210347e-05
2012,E02004074,E07000035,5875,97155,386,2042,0.1890303623898139,1110.5533790401566,male,20-24,137,0.023319148936170212,0.004408027174026299,0.003973032782666873,9.264774318729558e-05
2012,E02002806,E06000015,6527,97155,11,1899,0.005792522380200105,37.80779357556609,female,20-24,789,0.12088248812624483,0.0007002145178455467,0.00011322114147496269,1.3686453289987064e-05
2012,E02002806,E06000015,6527,97155,11,1899,0.005792522380200105,37.80779357556609,male,20-24,962,0.14738777386241764,0.0008537469786659262,0.00011322114147496269,1.6687411996156596e-05
2012,E02002815,E06000015,7881,97155,11,2837,0.0038773352132534366,30.557278815650335,female,20-24,304,0.038573785052658294,0.00014956349509314106,0.00011322114147496269,4.367367974671826e-06
2012,E02002815,E06000015,7881,97155,11,2837,0.0038773352132534366,30.557278815650335,male,20-24,274,0.03476716152772491,0.00013480393965631794,0.00011322114147496269,3.9363777140134225e-06
2012,E02002811,E06000015,10268,97155,11,3874,0.002839442436757873,29.15539494062984,female,20-24,481,0.04684456564082587,0.00013301244761205076,0.00011322114147496269,5.303795193753122e-06
2012,E02002811,E06000015,10268,97155,11,3874,0.002839442436757873,29.15539494062984,male,20-24,563,0.054830541488118424,0.00015568816633177663,0.00011322114147496269,6.207976494975067e-06
2012,E02004118,E07000039,6815,97155,10,2416,0.0041390728476821195,28.207781456953644,female,20-24,190,0.027879677182685254,0.00011539601482899527,0.00010292831043178426,2.86960806779736e-06
2012,E02004118,E07000039,6815,97155,10,2416,0.0041390728476821195,28.207781456953644,male,20-24,142,0.020836390315480558,8.624333739851225e-05,0.00010292831043178426,2.144654450669606e-06
2012,E02006827,E07000032,7622,97155,12,2775,0.004324324324324324,32.96,female,20-24,282,0.03699816321175545,0.00015999205713191546,0.0001235139725181411,4.5697901141584614e-06
2012,E02006827,E07000032,7622,97155,12,2775,0.004324324324324324,32.96,male,20-24,243,0.03188139595906586,0.00013786549603920373,0.0001235139725181411,3.937797864328036e-06
2012,E02005823,E07000170,7513,97155,13,3531,0.0036816765788728408,27.660436137071652,female,20-24,261,0.034739784373752164,0.00012790065048393605,0.00013380680356131955,4.648419503461254e-06
2012,E02005823,E07000170,7513,97155,13,3531,0.0036816765788728408,27.660436137071652,male,20-24,242,0.032210834553440704,0.00011858987516135065,0.00013380680356131955,4.310028811638404e-06
2012,E02005890,E07000174,6715,97155,13,2532,0.005134281200631911,34.47669826224328,female,20-24,154,0.022933730454206998,0.00011774822113139454,0.00013380680356131955,3.0686891658143277e-06
2012,E02005890,E07000174,6715,97155,13,2532,0.005134281200631911,34.47669826224328,male,20-24,199,0.029635145197319433,0.00015215516886459425,0.00013380680356131955,3.965384051928904e-06
2012,E02004040,E07000032,9078,97155,13,2840,0.004577464788732394,41.554225352112674,female,20-24,280,0.030843798193434677,0.00014118640018121506,0.00013380680356131955,4.127110045953897e-06
2012,E02004040,E07000032,9078,97155,13,2840,0.004577464788732394,41.554225352112674,male,20-24,258,0.028420356906807668,0.0001300931830241196,0.00013380680356131955,3.802837113771805e-06
2012,E02002821,E06000015,11377,97155,13,4175,0.0031137724550898203,35.425389221556884,female,20-24,424,0.03726817262898831,0.00011604460938367617,0.00013380680356131955,4.986735054056385e-06
2012,E02002821,E06000015,11377,97155,13,4175,0.0031137724550898203,35.425389221556884,male,20-24,385,0.033840203920189854,0.00010537069484130972,0.00013380680356131955,4.528049518423839e-06
2012,E02002824,E06000015,9562,97155,13,3558,0.0036537380550871277,34.93704328274311,female,20-24,324,0.033884124660112945,0.00012380371573397086,0.00013380680356131955,4.533926412242996e-06
2012,E02002824,E06000015,9562,97155,13,3558,0.0036537380550871277,34.93704328274311,male,20-24,309,0.03231541518510772,0.00011807206222776851,0.00013380680356131955,4.324022411676192e-06
2012,E02005827,E07000170,8446,97155,14,3234,0.004329004329004329,36.56277056277056,female,20-24,204,0.024153445417949324,0.00010456036977467239,0.00014409963460449796,3.4805026591661828e-06
2012,E02005827,E07000170,8446,97155,14,3234,0.004329004329004329,36.56277056277056,male,20-24,255,0.030191806772436658,0.0001307004622183405,0.00014409963460449796,4.350628323957729e-06
2012,E02002813,E06000015,10537,97155,14,4158,0.003367003367003367,35.47811447811448,female,20-24,482,0.04574357027616969,0.00015401875513861848,0.00014409963460449796,6.591631762301226e-06
2012,E02002813,E06000015,10537,97155,14,4158,0.003367003367003367,35.47811447811448,male,20-24,461,0.043750593147954826,0.00014730839443755832,0.00014409963460449796,6.304444486350342e-06
2012,E02004080,E07000036,9536,97155,15,3327,0.004508566275924256,42.993688007213706,female,20-24,431,0.045197147651006714,0.00020377433566729807,0.0001543924656476764,6.978099066081012e-06
2012,E02004080,E07000036,9536,97155,15,3327,0.004508566275924256,42.993688007213706,male,20-24,385,0.040373322147651006,0.00018202579868192517,0.0001543924656476764,6.23333675276378e-06
2012,E02004076,E07000035,6658,97155,15,2298,0.006527415143603133,43.45953002610966,female,20-24,163,0.024481826374286572,0.00015980304421858076,0.0001543924656476764,3.7798095374844173e-06
2012,E02004076,E07000035,6658,97155,15,2298,0.006527415143603133,43.45953002610966,male,20-24,187,0.028086512466206068,0.00018333232680291166,0.0001543924656476764,4.3363459111017554e-06
2012,E02005830,E07000170,6081,97155,17,2266,0.007502206531332745,45.620917917034426,female,20-24,165,0.02713369511593488,0.00020356258471795807,0.00017497812773403323,4.747803169892367e-06
2012,E02005830,E07000170,6081,97155,17,2266,0.007502206531332745,45.620917917034426,male,20-24,152,0.024995888834073342,0.00018752432046745227,0.00017497812773403323,4.37373382923418e-06
2012,E02002808,E06000015,12033,97155,18,3850,0.004675324675324675,56.25818181818182,female,20-24,1319,0.10961522479847087,0.0005124867652915521,0.00018527095877721167,2.0308517794992287e-05
2012,E02002808,E06000015,12033,97155,18,3850,0.004675324675324675,56.25818181818182,male,20-24,1450,0.12050195296268594,0.0005633857541112589,0.00018527095877721167,2.2325512359923288e-05
2012,E02005884,E07000174,6034,97155,18,2478,0.007263922518159807,43.83050847457627,female,20-24,194,0.032151143520053035,0.00023354341539990098,0.00018527095877721167,5.956673185743962e-06
2012,E02005884,E07000174,6034,97155,18,2478,0.007263922518159807,43.83050847457627,male,20-24,206,0.03413987404706662,0.00024798939985762683,0.00018527095877721167,6.325127197233279e-06
2012,E02005892,E07000174,11677,97155,19,4381,0.004336909381419767,50.64209084683862,female,20-24,274,0.023464931061060203,0.00010176527965308008,0.0001955637898203901,4.588890846175121e-06
2012,E02005892,E07000174,11677,97155,19,4381,0.004336909381419767,50.64209084683862,male,20-24,253,0.021666523935942452,9.396575092054477e-05,0.0001955637898203901,4.237187533147101e-06
2012,E02005820,E07000170,5704,97155,24,2206,0.010879419764279238,62.056210335448775,female,20-24,139,0.024368863955119214,0.0002651191001463559,0.0002470279450362822,6.019790385701828e-06
2012,E02005820,E07000170,5704,97155,24,2206,0.010879419764279238,62.056210335448775,male,20-24,130,0.02279102384291725,0.0002479531152447933,0.0002470279450362822,5.63001978518876e-06
2012,E02005886,E07000174,10342,97155,26,4259,0.0061047194177036865,63.135008217891524,female,20-24,323,0.031231870044478825,0.00019066180351172798,0.0002676136071226391,8.358073399788477e-06
2012,E02005886,E07000174,10342,97155,26,4259,0.0061047194177036865,63.135008217891524,male,20-24,297,0.028717849545542448,0.00017531441375536597,0.0002676136071226391,7.685287305687857e-06
2012,E02004039,E07000032,8055,97155,27,2575,0.010485436893203883,84.46019417475728,female,20-24,194,0.02408441961514587,0.0002525356619840538,0.0002779064381658175,6.693215270536138e-06
2012,E02004039,E07000032,8055,97155,27,2575,0.010485436893203883,84.46019417475728,male,20-24,177,0.02197392923649907,0.00023040624830503878,0.0002779064381658175,6.1066964066231784e-06
2012,E02005829,E07000170,6670,97155,27,2570,0.010505836575875487,70.0739299610895,female,20-24,146,0.021889055472263868,0.00022996283959187723,0.0002779064381658175,6.083109441110848e-06
2012,E02005829,E07000170,6670,97155,27,2570,0.010505836575875487,70.0739299610895,male,20-24,185,0.027736131934032984,0.00029139126934587183,0.0002779064381658175,7.708049634284294e-06
2012,E02005882,E07000174,7817,97155,29,3133,0.00925630386211299,72.35652729013725,female,20-24,207,0.026480747089676345,0.0002451138415578085,0.0002984921002521744,7.904293815044146e-06
2012,E02005882,E07000174,7817,97155,29,3133,0.00925630386211299,72.35652729013725,male,20-24,224,0.028655494435205323,0.00026524396381134835,0.0002984921002521744,8.553438717728932e-06
2012,E02005885,E07000174,8195,97155,34,3621,0.009389671361502348,76.94835680751174,female,20-24,197,0.024039048200122027,0.00022571876244246035,0.00034995625546806647,8.412615293131068e-06
2012,E02005885,E07000174,8195,97155,34,3621,0.009389671361502348,76.94835680751174,male,20-24,213,0.025991458206223308,0.00024405125076266016,0.00034995625546806647,9.095873388004656e-06
2012,E02005821,E07000170,6379,97155,34,2601,0.013071895424836602,83.38562091503269,female,20-24,203,0.03182316977582693,0.0004159891473964305,0.00034995625546806647,1.1136717331872941e-05
2012,E02005821,E07000170,6379,97155,34,2601,0.013071895424836602,83.38562091503269,male,20-24,187,0.029314939645712496,0.0003832018254341503,0.00034995625546806647,1.0258946507685912e-05
2012,E02004037,E07000032,7801,97155,43,2364,0.018189509306260575,141.89636209813875,female,20-24,188,0.024099474426355596,0.00043835761435418385,0.0004425917348566723,1.0666228195494731e-05
2012,E02004037,E07000032,7801,97155,43,2364,0.018189509306260575,141.89636209813875,male,20-24,177,0.022689398795026277,0.00041270903053558793,0.0004425917348566723,1.004214037554557e-05
2012,E02005881,E07000174,5693,97155,43,2422,0.017753922378199834,101.07308009909165,female,20-24,161,0.028280344282452134,0.0005020870372194227,0.0004425917348566723,1.2516646638314463e-05
2012,E02005881,E07000174,5693,97155,43,2422,0.017753922378199834,101.07308009909165,male,20-24,178,0.03126646759177938,0.0005551024386649518,0.0004425917348566723,1.3838280134285557e-05
2012,E02004038,E07000032,7843,97155,46,2744,0.016763848396501458,131.47886297376093,female,20-24,173,0.022057886013005228,0.0003697750570693296,0.0004734702279862076,1.0443752319471365e-05
2012,E02004038,E07000032,7843,97155,46,2744,0.016763848396501458,131.47886297376093,male,20-24,171,0.021802881550427134,0.0003655002009182391,0.0004734702279862076,1.0323015298437014e-05
2012,E02004036,E07000032,9930,97155,53,3520,0.015056818181818182,149.51420454545453,female,20-24,298,0.03001007049345418,0.0004518561750434862,0.0005455200452884565,1.6371095014698898e-05
2012,E02004036,E07000032,9930,97155,53,3520,0.015056818181818182,149.51420454545453,male,20-24,328,0.03303121852970796,0.0004973450517257164,0.0005455200452884565,1.801919182825919e-05
2012,E02004033,E07000032,8889,97155,87,3254,0.026736324523663185,237.65918869084206,female,20-24,247,0.027787152660591743,0.0007429263311221517,0.0008954763007565231,2.4882736673063473e-05
2012,E02004033,E07000032,8889,97155,87,3254,0.026736324523663185,237.65918869084206,male,20-24,241,0.027112161097986275,0.0007248795376535974,0.0008954763007565231,2.4278297725539664e-05
2012,E02004034,E07000032,7217,97155,77,2551,0.03018424147393179,217.83967071736572,female,20-24,161,0.02230843840931135,0.0006733632918529886,0.0007925479903247388,1.768050802858292e-05
2012,E02004034,E07000032,7217,97155,77,2551,0.03018424147393179,217.83967071736572,male,20-24,186,0.025772481640570874,0.000777922809221465,0.0007925479903247388,2.0425928529915674e-05
2012,E02004035,E07000032,6545,97155,85,2141,0.039701074264362445,259.8435310602522,female,20-24,102,0.015584415584415584,0.0006187180404835706,0.0008748906386701663,1.3634659303950642e-05
2012,E02004035,E07000032,6545,97155,85,2141,0.039701074264362445,259.8435310602522,male,20-24,141,0.02154316271963331,0.0008552867030214064,0.0008748906386701663,1.8847911390755302e-05
2012,E02004043,E07000032,7034,97155,16,2595,0.006165703275529865,43.369556840077074,female,20-24,181,0.025732158089280636,0.00015865685141752995,0.00016468529669085483,4.237708089429162e-06
2012,E02004043,E07000032,7034,97155,16,2595,0.006165703275529865,43.369556840077074,male,20-24,147,0.020898493033835654,0.00012885390695235857,0.00016468529669085483,3.4416745256689873e-06
2012,E02002820,E06000015,9785,97155,11,3613,0.003044561306393579,29.791032383061168,female,20-24,341,0.03484925907000511,0.00010610070572102305,0.00011322114147496269,3.945672891462676e-06
2012,E02002820,E06000015,9785,97155,11,3613,0.003044561306393579,29.791032383061168,male,20-24,333,0.0340316811446091,0.00010361153960440079,0.00011322114147496269,3.853105785504607e-06
2012,E02002801,E06000015,7589,97155,9,2732,0.003294289897510981,25.000366032210835,female,20-24,220,0.02898932665700356,9.54992459418126e-05,9.263547938860583e-05,2.6854401720244146e-06
2012,E02002801,E06000015,7589,97155,9,2732,0.003294289897510981,25.000366032210835,male,20-24,243,0.032020028989326654,0.00010548325801754755,9.263547938860583e-05,2.9661907354633304e-06
2012,E02002816,E06000015,9479,97155,9,2797,0.0032177332856632105,30.50089381480157,female,20-24,209,0.02204873931849351,7.094696241202774e-05,9.263547938860583e-05,2.0424955366830485e-06
2012,E02002816,E06000015,9479,97155,9,2797,0.0032177332856632105,30.50089381480157,male,20-24,201,0.021204768435488977,6.823128920965348e-05,9.263547938860583e-05,1.964313889345899e-06
2012,E02002803,E06000015,7912,97155,8,2208,0.0036231884057971015,28.666666666666668,female,20-24,748,0.09453993933265925,0.00034253601207485235,8.234264834542741e-05,7.784668979067202e-06
2012,E02002803,E06000015,7912,97155,8,2208,0.0036231884057971015,28.666666666666668,male,20-24,993,0.12550556117290193,0.0004547302941047171,8.234264834542741e-05,1.0334460289055792e-05
2012,E02004084,E07000036,6139,97155,8,2240,0.0035714285714285713,21.925,female,20-24,179,0.0291578432969539,0.00010413515463197822,8.234264834542741e-05,2.400934037112153e-06
2012,E02004084,E07000036,6139,97155,8,2240,0.0035714285714285713,21.925,male,20-24,193,0.031438345007330185,0.0001122798035976078,8.234264834542741e-05,2.588716587500813e-06
2012,E02002825,E06000015,8582,97155,8,3211,0.002491435689816257,21.381501090003116,female,20-24,168,0.01957585644371941,4.877198740260209e-05,8.234264834542741e-05,1.6119278632057567e-06
2012,E02002825,E06000015,8582,97155,8,3211,0.002491435689816257,21.381501090003116,male,20-24,186,0.02167326963411792,5.399755748145231e-05,8.234264834542741e-05,1.7846344199778022e-06
2012,E02004083,E07000036,7917,97155,8,2488,0.003215434083601286,25.456591639871384,female,20-24,278,0.035114310976379945,0.00011290775233562683,8.234264834542741e-05,2.8914053606200357e-06
2012,E02004083,E07000036,7917,97155,8,2488,0.003215434083601286,25.456591639871384,male,20-24,242,0.030567134015409878,9.828660455115716e-05,8.234264834542741e-05,2.516978767158448e-06
2012,E02006872,E07000037,12346,97155,354,4893,0.07234825260576333,893.2115266707541,female,25-29,270,0.021869431394783735,0.0015822151468942247,0.003643662189285163,7.968482027433937e-05
2012,E02006872,E07000037,12346,97155,354,4893,0.07234825260576333,893.2115266707541,male,25-29,288,0.023327393487769316,0.001687696156687173,0.003643662189285163,8.4997141625962e-05
2012,E02004103,E07000037,7137,97155,89,3114,0.028580603725112397,203.97976878612718,female,25-29,229,0.03208631077483536,0.0009170461332563736,0.0009160619628428799,2.9393048828782327e-05
2012,E02004103,E07000037,7137,97155,89,3114,0.028580603725112397,203.97976878612718,male,25-29,222,0.031105506515342583,0.0008890141553839081,0.0009160619628428799,2.8494571353666715e-05
2012,E02004097,E07000037,7704,97155,29,2762,0.010499637943519189,80.88921071687183,female,25-29,182,0.023624091381100727,0.00024804440624616984,0.0002984921002521744,7.0516046528940466e-06
2012,E02004097,E07000037,7704,97155,29,2762,0.010499637943519189,80.88921071687183,male,25-29,192,0.024922118380062305,0.00026167321977617916,0.0002984921002521744,7.439055457998115e-06
2012,E02004102,E07000037,8625,97155,96,3736,0.02569593147751606,221.627408993576,female,25-29,211,0.02446376811594203,0.0006286193091890886,0.000988111780145129,2.4172937462101126e-05
2012,E02004102,E07000037,8625,97155,96,3736,0.02569593147751606,221.627408993576,male,25-29,259,0.030028985507246378,0.0007716227539335258,0.000988111780145129,2.9671994325517496e-05
2012,E02004098,E07000037,7341,97155,47,3145,0.014944356120826709,109.70651828298887,female,25-29,198,0.026971802206783815,0.00040307621739867706,0.00048376305902938604,1.3047961543089283e-05
2012,E02004098,E07000037,7341,97155,47,3145,0.014944356120826709,109.70651828298887,male,25-29,193,0.026290696090450892,0.0003928975250401246,0.00048376305902938604,1.2718467564728443e-05
2012,E02004104,E07000037,7167,97155,84,2895,0.029015544041450778,207.95440414507772,female,25-29,145,0.020231617134086787,0.0005870313779838654,0.0008645978076269878,1.7492211818880037e-05
2012,E02004104,E07000037,7167,97155,84,2895,0.029015544041450778,207.95440414507772,male,25-29,159,0.022185014650481373,0.000643710269651273,0.0008645978076269878,1.91811150289788e-05
2012,E02004100,E07000037,7641,97155,54,3050,0.017704918032786884,135.28327868852458,female,25-29,143,0.018714827902107056,0.00033134449400451835,0.000555812876331635,1.0401942326321662e-05
2012,E02004100,E07000037,7641,97155,54,3050,0.017704918032786884,135.28327868852458,male,25-29,137,0.017929590367752914,0.00031744192782251057,0.000555812876331635,9.965497193748724e-06
2012,E02004068,E07000035,7531,97155,1163,2634,0.4415337889141989,3325.190964312832,female,25-29,126,0.016730845837206215,0.0073872337542410125,0.011970562503216509,0.00020027763582595675
2012,E02004068,E07000035,7531,97155,1163,2634,0.4415337889141989,3325.190964312832,male,25-29,127,0.01686363032797769,0.007445862593560385,0.011970562503216509,0.00020186714087219447
2012,E02006210,E07000198,5452,97155,24,1854,0.012944983818770227,70.57605177993528,female,25-29,97,0.017791636096845195,0.00023031244138310933,0.0002470279450362822,4.395031303837009e-06
2012,E02006210,E07000198,5452,97155,24,1854,0.012944983818770227,70.57605177993528,male,25-29,110,0.020176082171680116,0.00026117905723857754,0.0002470279450362822,4.98405611775331e-06
2012,E02006204,E07000198,7282,97155,11,2851,0.003858295334970186,28.096106629252894,female,25-29,178,0.02444383411150783,9.431153112121576e-05,0.00011322114147496269,2.767558800129547e-06
2012,E02006204,E07000198,7282,97155,11,2851,0.003858295334970186,28.096106629252894,male,25-29,166,0.02279593518264213,8.795345037147086e-05,0.00011322114147496269,2.5809818023680043e-06
2012,E02004070,E07000035,6373,97155,1527,2452,0.6227569331158238,3968.829934747145,female,25-29,110,0.017260316962184215,0.010748982055976875,0.015717153002933457,0.0002712830425737769
2012,E02004070,E07000035,6373,97155,1527,2452,0.6227569331158238,3968.829934747145,male,25-29,109,0.017103404989800723,0.010651264037286176,0.015717153002933457,0.0002688168330958335
2012,E02006803,E08000019,8747,97155,441,3080,0.1431818181818182,1252.4113636363636,female,25-29,255,0.029152852406539385,0.004174158412754503,0.004539138490041686,0.00013232883445302732
2012,E02006803,E08000019,8747,97155,441,3080,0.1431818181818182,1252.4113636363636,male,25-29,201,0.022979307191036927,0.0032902189841711965,0.004539138490041686,0.00010430625774532741
2012,E02006869,E08000019,11118,97155,31,4236,0.007318224740321058,81.36402266288952,female,25-29,310,0.02788271271811477,0.00020405195804097212,0.0003190777623385312,8.896753582024165e-06
2012,E02006869,E08000019,11118,97155,31,4236,0.007318224740321058,81.36402266288952,male,25-29,277,0.024914552977154166,0.00018233029799144928,0.0003190777623385312,7.949679813615141e-06
2012,E02006868,E08000019,12500,97155,11,4482,0.0024542614904060687,30.67826863007586,female,25-29,474,0.03792,9.306559571619814e-05,0.00011322114147496269,4.2933456847305856e-06
2012,E02006868,E08000019,12500,97155,11,4482,0.0024542614904060687,30.67826863007586,male,25-29,623,0.04984,0.00012232039268183847,0.00011322114147496269,5.642941691112141e-06
2012,E02004105,E07000038,9450,97155,1852,3263,0.5675758504443763,5363.591786699356,female,25-29,273,0.028888888888888888,0.016396635679504203,0.019062323091966444,0.0005506893337679195
2012,E02004105,E07000038,9450,97155,1852,3263,0.5675758504443763,5363.591786699356,male,25-29,242,0.025608465608465608,0.01453474664630043,0.019062323091966444,0.00048815684531808247
2012,E02001634,E08000019,9260,97155,11,3128,0.003516624040920716,32.56393861892583,female,25-29,546,0.05896328293736501,0.00020735169830914804,0.00011322114147496269,6.675890199279658e-06
2012,E02001634,E08000019,9260,97155,11,3128,0.003516624040920716,32.56393861892583,male,25-29,562,0.06069114470842333,0.00021342793855263958,0.00011322114147496269,6.871520681309831e-06
2012,E02001669,E08000019,7690,97155,45,2629,0.017116774438950173,131.62799543552683,female,25-29,315,0.04096228868660598,0.0007011422559517951,0.0004631773969430292,1.897280624669105e-05
2012,E02001669,E08000019,7690,97155,45,2629,0.017116774438950173,131.62799543552683,male,25-29,292,0.037971391417425226,0.0006499477420251561,0.0004631773969430292,1.7587490235027895e-05
2012,E02001660,E08000019,9889,97155,23,3458,0.006651243493348756,65.77414690572586,female,25-29,501,0.05066235210840327,0.00033696763981876093,0.0002367351139931038,1.199355770154161e-05
2012,E02001660,E08000019,9889,97155,23,3458,0.006651243493348756,65.77414690572586,male,25-29,572,0.05784204671857619,0.0003847215368789047,0.0002367351139931038,1.369324352351657e-05
2012,E02001653,E08000019,7439,97155,9,2991,0.003009027081243731,22.384152457372114,female,25-29,395,0.05309853474929426,0.00015977492903498773,9.263547938860583e-05,4.91880822133342e-06
2012,E02001653,E08000019,7439,97155,9,2991,0.003009027081243731,22.384152457372114,male,25-29,324,0.04355424116144643,0.00013105589115781273,9.263547938860583e-05,4.034668009397539e-06
2012,E02001662,E08000019,7588,97155,15,3172,0.004728877679697352,35.8827238335435,female,25-29,206,0.027148128624143383,0.0001283801794962644,0.0001543924656476764,4.191466516001757e-06
2012,E02001662,E08000019,7588,97155,15,3172,0.004728877679697352,35.8827238335435,male,25-29,165,0.021744860305745916,0.00010282878454797879,0.0001543924656476764,3.3572425977683983e-06
2012,E02001655,E08000019,7681,97155,14,3228,0.004337050805452293,33.31288723667906,female,25-29,265,0.034500716052597316,0.00014963135834459803,0.00014409963460449796,4.97154057677281e-06
2012,E02001655,E08000019,7681,97155,14,3228,0.004337050805452293,33.31288723667906,male,25-29,213,0.02773076422340841,0.00012026973331094107,0.00014409963460449796,3.995992991896637e-06
2012,E02001650,E08000019,9415,97155,10,2336,0.004280821917808219,40.30393835616438,female,25-29,455,0.048327137546468404,0.00020687986963385447,0.00010292831043178426,4.974230615662437e-06
2012,E02001650,E08000019,9415,97155,10,2336,0.004280821917808219,40.30393835616438,male,25-29,586,0.06224110462028678,0.00026644308484711804,0.00010292831043178426,6.406371737974039e-06
2012,E02001627,E08000019,6085,97155,8,2236,0.0035778175313059034,21.77101967799642,female,25-29,320,0.05258833196384552,0.0001881514560423811,8.234264834542741e-05,4.330262525971532e-06
2012,E02001627,E08000019,6085,97155,8,2236,0.0035778175313059034,21.77101967799642,male,25-29,276,0.045357436318816766,0.00016228063083655373,8.234264834542741e-05,3.7348514286504468e-06
2012,E02001656,E08000019,7888,97155,17,2300,0.007391304347826087,58.302608695652175,female,25-29,371,0.04703346855983773,0.00034763868065967017,0.00017497812773403323,8.229828269437921e-06
2012,E02001656,E08000019,7888,97155,17,2300,0.007391304347826087,58.302608695652175,male,25-29,463,0.058696754563894525,0.0004338455772113943,0.00017497812773403323,1.0270648217654334e-05
2012,E02001666,E08000019,6153,97155,17,2708,0.006277695716395864,38.62666174298375,female,25-29,187,0.03039167885584268,0.00019078971216740235,0.00017497812773403323,5.317879064889357e-06
2012,E02001666,E08000019,6153,97155,17,2708,0.006277695716395864,38.62666174298375,male,25-29,196,0.03185437997724687,0.00019997210473160886,0.00017497812773403323,5.573819768547133e-06
2012,E02001678,E08000019,10006,97155,92,3559,0.025849957853329587,258.65467828041585,female,25-29,135,0.013491904857085749,0.00034876517191679933,0.0009469404559724152,1.2776030537305221e-05
2012,E02001678,E08000019,10006,97155,92,3559,0.025849957853329587,258.65467828041585,male,25-29,132,0.01319208474915051,0.00034101483476309274,0.0009469404559724152,1.2492118747587328e-05
2012,E02001680,E08000019,6098,97155,251,2873,0.08736512356421859,532.7525234946049,female,25-29,213,0.03492948507707445,0.0030516187797931383,0.002583500591837785,9.024034536921091e-05
2012,E02001680,E08000019,6098,97155,251,2873,0.08736512356421859,532.7525234946049,male,25-29,211,0.03460150869137422,0.003022965082330292,0.002583500591837785,8.939301818264555e-05
2012,E02001642,E08000019,9800,97155,8,3907,0.002047606859482979,20.066547222933195,female,25-29,351,0.035816326530612244,7.333775588556384e-05,8.234264834542741e-05,2.949211180535206e-06
2012,E02001642,E08000019,9800,97155,8,3907,0.002047606859482979,20.066547222933195,male,25-29,325,0.03316326530612245,6.790532952367023e-05,8.234264834542741e-05,2.7307510930881542e-06
2012,E02001665,E08000019,9466,97155,44,3159,0.013928458372902817,131.84678695789808,female,25-29,125,0.01320515529262624,0.00018392745580106192,0.00045288456589985077,5.980411022341152e-06
2012,E02001665,E08000019,9466,97155,44,3159,0.013928458372902817,131.84678695789808,male,25-29,154,0.01626875132051553,0.00022659862554690827,0.00045288456589985077,7.367866379524299e-06
2012,E02001664,E08000019,6233,97155,26,2407,0.01080182800166182,67.32779393435813,female,25-29,173,0.02775549494625381,0.00029981008251042754,0.0002676136071226391,7.427748120041162e-06
2012,E02001664,E08000019,6233,97155,26,2407,0.01080182800166182,67.32779393435813,male,25-29,191,0.030643349911759987,0.00033100419514157025,0.0002676136071226391,8.200577404207295e-06
2012,E02001659,E08000019,6120,97155,10,2607,0.0038358266206367474,23.475258918296895,female,25-29,172,0.028104575163398694,0.00010780427757345107,0.00010292831043178426,2.8927564369717145e-06
2012,E02001659,E08000019,6120,97155,10,2607,0.0038358266206367474,23.475258918296895,male,25-29,170,0.027777777777777776,0.00010655073946213187,0.00010292831043178426,2.8591197342162294e-06
2012,E02001636,E08000019,9739,97155,8,3457,0.0023141452126120912,22.537460225629157,female,25-29,432,0.044357736933976794,0.00010265024456806894,8.234264834542741e-05,3.6525335337534288e-06
2012,E02001636,E08000019,9739,97155,8,3457,0.0023141452126120912,22.537460225629157,male,25-29,507,0.052058732929458874,0.00012047146758335868,8.234264834542741e-05,4.286653938918954e-06
2012,E02001679,E08000019,6324,97155,179,2654,0.06744536548605878,426.5244913338357,female,25-29,188,0.029728020240354206,0.0020050171902876424,0.0018424167567289383,5.477140263520563e-05
2012,E02001679,E08000019,6324,97155,179,2654,0.06744536548605878,426.5244913338357,male,25-29,179,0.028304870335230867,0.001909032324795149,0.0018424167567289383,5.214936740266919e-05
2012,E02001681,E08000019,7453,97155,157,2675,0.05869158878504673,437.4284112149533,female,25-29,136,0.018247685495773516,0.0010709856533968009,0.0016159744737790128,2.948779396671753e-05
2012,E02001681,E08000019,7453,97155,157,2675,0.05869158878504673,437.4284112149533,male,25-29,101,0.013551589963772977,0.0007953643455373299,0.0016159744737790128,2.189902346057699e-05
2012,E02001657,E08000019,8992,97155,11,2789,0.003944065973467192,35.465041233417,female,25-29,273,0.03036032028469751,0.00011974310617844122,0.00011322114147496269,3.4374301181789163e-06
2012,E02001657,E08000019,8992,97155,11,2789,0.003944065973467192,35.465041233417,male,25-29,225,0.02502224199288256,9.868937322399002e-05,0.00011322114147496269,2.833046800696909e-06
2012,E02001671,E08000019,5902,97155,28,2247,0.012461059190031152,73.54517133956386,female,25-29,136,0.02304303625889529,0.0002871406387401282,0.0002881992692089959,6.6409862101700175e-06
2012,E02001671,E08000019,5902,97155,28,2247,0.012461059190031152,73.54517133956386,male,25-29,136,0.02304303625889529,0.0002871406387401282,0.0002881992692089959,6.6409862101700175e-06
2012,E02001652,E08000019,12526,97155,8,2986,0.0026791694574681848,33.55927662424648,female,25-29,621,0.04957688008941402,0.00013282486293212062,8.234264834542741e-05,4.08229160326604e-06
2012,E02001652,E08000019,12526,97155,8,2986,0.0026791694574681848,33.55927662424648,male,25-29,996,0.07951460961200703,0.0002130331134949954,8.234264834542741e-05,6.547443537605437e-06
2012,E02001673,E08000019,5543,97155,43,1955,0.021994884910485932,121.91764705882352,female,25-29,142,0.02561789644596789,0.0005634626839778103,0.0004425917348566723,1.1338269231399508e-05
2012,E02001673,E08000019,5543,97155,43,1955,0.021994884910485932,121.91764705882352,male,25-29,145,0.02615911961031932,0.0005753668251886091,0.0004425917348566723,1.1577810130654426e-05
2012,E02001661,E08000019,7877,97155,14,3256,0.0042997542997543,33.86916461916462,female,25-29,325,0.041259362701536115,0.0001774051221810521,0.00014409963460449796,5.945459089305805e-06
2012,E02001661,E08000019,7877,97155,14,3256,0.0042997542997543,33.86916461916462,male,25-29,284,0.03605433540688079,0.00015502478369051938,0.00014409963460449796,5.195416558039536e-06
2012,E02001649,E08000019,9557,97155,9,4107,0.002191380569758948,20.943024105186268,female,25-29,398,0.04164486763628754,9.125975376834376e-05,9.263547938860583e-05,3.857792277562533e-06
2012,E02001649,E08000019,9557,97155,9,4107,0.002191380569758948,20.943024105186268,male,25-29,343,0.03588992361619755,7.864848126266811e-05,9.263547938860583e-05,3.324680279406906e-06
2012,E02001676,E08000019,5995,97155,109,2168,0.050276752767527674,301.4091328413284,female,25-29,107,0.017848206839032526,0.0008973498825897349,0.0011219185837064484,2.002423493854712e-05
2012,E02001676,E08000019,5995,97155,109,2168,0.050276752767527674,301.4091328413284,male,25-29,81,0.013511259382819015,0.0006793022475679301,0.0011219185837064484,1.5158532990862772e-05
2012,E02001651,E08000019,8119,97155,13,2920,0.004452054794520548,36.146232876712325,female,25-29,95,0.011700948392659194,5.2093263391975864e-05,0.00013380680356131955,1.5656665030576866e-06
2012,E02001651,E08000019,8119,97155,13,2920,0.004452054794520548,36.146232876712325,male,25-29,102,0.01256312353738145,5.5931714378753036e-05,0.00013380680356131955,1.6810314032829897e-06
2012,E02001674,E08000019,8647,97155,130,3282,0.039609993906154786,342.50761730652044,female,25-29,161,0.018619174280097142,0.0007375053797722817,0.0013380680356131953,2.4913721953709313e-05
2012,E02001674,E08000019,8647,97155,130,3282,0.039609993906154786,342.50761730652044,male,25-29,135,0.015612351104429281,0.0006184051321071927,0.0013380680356131953,2.0890387973607188e-05
2012,E02001618,E08000019,9708,97155,8,3293,0.0024293956878226543,23.584573337382327,female,25-29,218,0.02245570663370416,5.455379686293146e-05,8.234264834542741e-05,1.8490623546871832e-06
2012,E02001618,E08000019,9708,97155,8,3293,0.0024293956878226543,23.584573337382327,male,25-29,206,0.021219612690564483,5.155083556772422e-05,8.234264834542741e-05,1.74727910580532e-06
2012,E02001672,E08000019,6175,97155,39,2203,0.017703132092601,109.31684067181118,female,25-29,180,0.029149797570850202,0.0005160427168693409,0.0004014204106839586,1.1701323712244947e-05
2012,E02001672,E08000019,6175,97155,39,2203,0.017703132092601,109.31684067181118,male,25-29,158,0.025587044534412955,0.000452970829251977,0.0004014204106839586,1.0271161925192786e-05
2012,E02001675,E08000019,9063,97155,141,3730,0.03780160857908847,342.59597855227884,female,25-29,301,0.03321196071940859,0.001255465539259145,0.001451289177088158,4.820015914195472e-05
2012,E02001675,E08000019,9063,97155,141,3730,0.03780160857908847,342.59597855227884,male,25-29,268,0.029570782301666116,0.0011178231379450193,0.001451289177088158,4.2915756312438084e-05
2012,E02001670,E08000019,6002,97155,19,2500,0.0076,45.6152,female,25-29,220,0.036654448517160945,0.0002785738087304232,0.0001955637898203901,7.168282865792373e-06
2012,E02001670,E08000019,6002,97155,19,2500,0.0076,45.6152,male,25-29,193,0.03215594801732756,0.00024438520493168947,0.0001955637898203901,6.288539059536037e-06
2012,E02001639,E08000019,6154,97155,8,2044,0.003913894324853229,24.08610567514677,female,25-29,382,0.062073448163795904,0.00024294891649235186,8.234264834542741e-05,5.111292113739563e-06
2012,E02001639,E08000019,6154,97155,8,2044,0.003913894324853229,24.08610567514677,male,25-29,382,0.062073448163795904,0.00024294891649235186,8.234264834542741e-05,5.111292113739563e-06
2012,E02001663,E08000019,7671,97155,36,2525,0.014257425742574258,109.36871287128713,female,25-29,345,0.0449745795854517,0.0006412217287430738,0.00037054191755442334,1.6664966960797296e-05
2012,E02001663,E08000019,7671,97155,36,2525,0.014257425742574258,109.36871287128713,male,25-29,308,0.040151218876287316,0.0005724530216025122,0.00037054191755442334,1.4877709634566861e-05
2012,E02005888,E07000174,8284,97155,13,3488,0.0037270642201834864,30.875,female,25-29,398,0.048044422984065666,0.00017906464988327227,0.00013380680356131955,6.42867066844582e-06
2012,E02005888,E07000174,8284,97155,13,3488,0.0037270642201834864,30.875,male,25-29,378,0.04563013037180106,0.00017006642627104753,0.00013380680356131955,6.105621891136985e-06
2012,E02005887,E07000174,9349,97155,23,4120,0.00558252427184466,52.19101941747572,female,25-29,447,0.04781260027810461,0.00026691500155252574,0.0002367351139931038,1.1318921377143802e-05
2012,E02005887,E07000174,9349,97155,23,4120,0.00558252427184466,52.19101941747572,male,25-29,463,0.049524013263450635,0.00027646900608237,0.0002367351139931038,1.172407292531897e-05
2012,E02005880,E07000174,6267,97155,70,2630,0.026615969581749048,166.8022813688213,female,25-29,190,0.03031753630126057,0.0008069306239879239,0.0007204981730224899,2.1843729515601256e-05
2012,E02005880,E07000174,6267,97155,70,2630,0.026615969581749048,166.8022813688213,male,25-29,201,0.03207276208712303,0.0008536476601135407,0.0007204981730224899,2.3108366487557122e-05
2012,E02005824,E07000170,9785,97155,37,3726,0.009930220075147612,97.16720343531938,female,25-29,289,0.029535002554931016,0.00029328907529051196,0.00038083474859760175,1.1247955272836678e-05
2012,E02005824,E07000170,9785,97155,37,3726,0.009930220075147612,97.16720343531938,male,25-29,222,0.022687787429739398,0.0002252947221954798,0.00038083474859760175,8.640297822040633e-06
2012,E02005819,E07000170,6111,97155,44,2362,0.018628281117696866,113.83742591024554,female,25-29,142,0.023236786123384062,0.00043286138417819586,0.00045288456589985077,1.0523581796396467e-05
2012,E02005819,E07000170,6111,97155,44,2362,0.018628281117696866,113.83742591024554,male,25-29,138,0.022582228767795778,0.00042066810575064106,0.00045288456589985077,1.0227142872554313e-05
2012,E02005891,E07000174,6437,97155,13,2886,0.0045045045045045045,28.995495495495494,female,25-29,234,0.03635233804567345,0.00016374927047600654,0.00013380680356131955,4.86419015587211e-06
2012,E02005891,E07000174,6437,97155,13,2886,0.0045045045045045045,28.995495495495494,male,25-29,186,0.02889544819015069,0.00013015967653221032,0.00013380680356131955,3.86640755979578e-06
2012,E02005825,E07000170,8073,97155,18,3312,0.005434782608695652,43.875,female,25-29,240,0.029728725380899292,0.0001615691596788005,0.00018527095877721167,5.507869454543639e-06
2012,E02005825,E07000170,8073,97155,18,3312,0.005434782608695652,43.875,male,25-29,199,0.024650068128328997,0.00013396776156700542,0.00018527095877721167,4.5669417560591006e-06
2012,E02004029,E07000032,6402,97155,379,2746,0.13801893663510562,883.5972323379461,female,25-29,227,0.03545766947828804,0.004893829836952355,0.0039009829653646236,0.00013831976462633079
2012,E02004029,E07000032,6402,97155,379,2746,0.13801893663510562,883.5972323379461,male,25-29,186,0.029053420805998126,0.004009922245256115,0.0039009829653646236,0.00011333689964976883
2012,E02004054,E07000033,8677,97155,295,3267,0.09029690847872666,783.5062748699113,female,25-29,255,0.029388037340094503,0.0026536489180679153,0.003036385157737636,8.923340039450237e-05
2012,E02004054,E07000033,8677,97155,295,3267,0.09029690847872666,783.5062748699113,male,25-29,248,0.028581306903307596,0.0025808036536503647,0.003036385157737636,8.678385606994742e-05
2012,E02004050,E07000033,7057,97155,1059,3002,0.35276482345103266,2489.4613590939375,female,25-29,216,0.030607907042652684,0.010797392924106993,0.010900108074725953,0.00033362949470607987
2012,E02004050,E07000033,7057,97155,1059,3002,0.35276482345103266,2489.4613590939375,male,25-29,250,0.03542581833640357,0.012496982551049762,0.010900108074725953,0.0003861452485024073
2012,E02004051,E07000033,9152,97155,1124,3894,0.2886492039034412,2641.7175141242938,female,25-29,298,0.03256118881118881,0.009398761228499286,0.01156914209253255,0.00037670502005842434
2012,E02004051,E07000033,9152,97155,1124,3894,0.2886492039034412,2641.7175141242938,male,25-29,303,0.03310751748251748,0.009556458564547931,0.01156914209253255,0.00038302557408625027
2012,E02004049,E07000033,7821,97155,2582,3223,0.801116971765436,6265.535836177474,female,25-29,173,0.022119933512338576,0.017720654151057464,0.026576089753486697,0.0005878613383650682
2012,E02004049,E07000033,7821,97155,2582,3223,0.801116971765436,6265.535836177474,male,25-29,175,0.022375655287047692,0.017925517204826914,0.026576089753486697,0.0005946574232016587
2012,E02004117,E07000038,7364,97155,2215,2973,0.7450386814665321,5486.464850319542,female,25-29,169,0.022949483976099947,0.01709825328189081,0.022798620760640213,0.0005232165818234921
2012,E02004117,E07000038,7364,97155,2215,2973,0.7450386814665321,5486.464850319542,male,25-29,183,0.024850624660510592,0.018514676630686497,0.022798620760640213,0.0005665599672999945
2012,E02004112,E07000038,6508,97155,2022,2401,0.8421491045397751,5480.706372344856,female,25-29,85,0.013060848186846958,0.01099918160508311,0.020812104369306778,0.0002718237356163301
2012,E02004112,E07000038,6508,97155,2022,2401,0.8421491045397751,5480.706372344856,male,25-29,94,0.014443761524277812,0.012163800833856616,0.020812104369306778,0.00030060507232864737
2012,E02004052,E07000033,7869,97155,1852,3077,0.601884952876178,4736.232694182645,female,25-29,220,0.02795780912441225,0.016827384627368047,0.019062323091966444,0.0005329407904730738
2012,E02004052,E07000033,7869,97155,1852,3077,0.601884952876178,4736.232694182645,male,25-29,217,0.02757656627271572,0.0165979202915403,0.019062323091966444,0.0005256734160575319
2012,E02004061,E07000034,7216,97155,2534,2904,0.8725895316804407,6296.60606060606,female,25-29,185,0.025637472283813748,0.022370989933603317,0.026082033863414133,0.0006686774202787714
2012,E02004061,E07000034,7216,97155,2534,2904,0.8725895316804407,6296.60606060606,male,25-29,238,0.032982261640798226,0.028779976238905887,0.026082033863414133,0.0008602444650072843
2012,E02004111,E07000038,5498,97155,1933,2254,0.857586512866016,4715.010647737356,female,25-29,157,0.028555838486722444,0.02448910194979347,0.019896042406463896,0.0005681481734839636
2012,E02004111,E07000038,5498,97155,1933,2254,0.857586512866016,4715.010647737356,male,25-29,136,0.024736267733721354,0.021213489587082242,0.019896042406463896,0.0004921538318077647
2012,E02004062,E07000034,7987,97155,2706,3135,0.8631578947368421,6894.042105263158,female,25-29,173,0.02166019782145987,0.018696170751154838,0.02785240080284082,0.0006032885111921199
2012,E02004062,E07000034,7987,97155,2706,3135,0.8631578947368421,6894.042105263158,male,25-29,176,0.022035808188305996,0.01902038180464307,0.02785240080284082,0.0006137501616752202
2012,E02004048,E07000033,6835,97155,2283,2771,0.8238902923132443,5631.290147961025,female,25-29,240,0.03511338697878566,0.028929578662059783,0.023498533271576347,0.0008251130921987305
2012,E02004048,E07000033,6835,97155,2283,2771,0.8238902923132443,5631.290147961025,male,25-29,239,0.03496708119970739,0.028809038750967866,0.023498533271576347,0.0008216751209812358
2012,E02004114,E07000038,7226,97155,2342,2813,0.8325630998933523,6016.100959829364,female,25-29,118,0.016329919734292833,0.01359568859499247,0.024105810303123875,0.0003936459473801021
2012,E02004114,E07000038,7226,97155,2342,2813,0.8325630998933523,6016.100959829364,male,25-29,128,0.017713811237199003,0.0147478655945681,0.024105810303123875,0.0004270057734292632
2012,E02004059,E07000034,7158,97155,2641,3075,0.8588617886178862,6147.7326829268295,female,25-29,165,0.02305113160100587,0.01979773611650618,0.027183366785034222,0.0006266073651202356
2012,E02004059,E07000034,7158,97155,2641,3075,0.8588617886178862,6147.7326829268295,male,25-29,158,0.02207320480581168,0.01895783216004834,0.027183366785034222,0.000600024022357559
2012,E02004073,E07000035,9138,97155,2604,3611,0.7211298809194129,6589.6848518415945,female,25-29,199,0.021777194134383893,0.015704185412887192,0.02680253203643662,0.000583683943450524
2012,E02004073,E07000035,9138,97155,2604,3611,0.7211298809194129,6589.6848518415945,male,25-29,217,0.023746990588750273,0.017124664495459904,0.02680253203643662,0.0006364794760239382
2012,E02004063,E07000034,7940,97155,2649,3057,0.8665358194308145,6880.294406280667,female,25-29,146,0.018387909319899243,0.015933782070138403,0.02726570943337965,0.0005013593926037064
2012,E02004063,E07000034,7940,97155,2649,3057,0.8665358194308145,6880.294406280667,male,25-29,165,0.020780856423173802,0.018007356449129014,0.02726570943337965,0.0005666047930110381
2012,E02004072,E07000035,8613,97155,2654,3330,0.796996996996997,6864.5351351351355,female,25-29,187,0.021711366538952746,0.017303893932246423,0.027317173588595544,0.000593093168590197
2012,E02004072,E07000035,8613,97155,2654,3330,0.796996996996997,6864.5351351351355,male,25-29,180,0.02089864158829676,0.01665615458718907,0.027317173588595544,0.0005708918200333447
2012,E02004046,E07000033,6301,97155,1091,2510,0.4346613545816733,2738.8011952191237,female,25-29,172,0.027297254404062846,0.011865061575630505,0.011229478668107662,0.00030653393602833167
2012,E02004046,E07000033,6301,97155,1091,2510,0.4346613545816733,2738.8011952191237,male,25-29,172,0.027297254404062846,0.011865061575630505,0.011229478668107662,0.00030653393602833167
2012,E02004067,E07000034,6422,97155,2390,2772,0.8621933621933622,5537.005772005772,female,25-29,209,0.03254437869822485,0.02805954729031652,0.02459986619319644,0.0008005873613170438
2012,E02004067,E07000034,6422,97155,2390,2772,0.8621933621933622,5537.005772005772,male,25-29,202,0.03145437558393024,0.02711975384040161,0.02459986619319644,0.000773773430555229
2012,E02004065,E07000034,8352,97155,2549,3047,0.8365605513619954,6986.953724975385,female,25-29,127,0.015205938697318008,0.012720688460605053,0.02623642632906181,0.000398949490396414
2012,E02004065,E07000034,8352,97155,2549,3047,0.8365605513619954,6986.953724975385,male,25-29,139,0.01664272030651341,0.013922643275780336,0.02623642632906181,0.00043664550523702007
2012,E02004071,E07000035,5146,97155,1549,1961,0.7899031106578276,4064.8414074451807,female,25-29,84,0.016323357947920714,0.012893871219443746,0.01594359528588338,0.0002602530128282557
2012,E02004071,E07000035,5146,97155,1549,1961,0.7899031106578276,4064.8414074451807,male,25-29,107,0.020792848814613293,0.01642433595810096,0.01594359528588338,0.0003315127663407543
2012,E02004064,E07000034,8842,97155,3131,3617,0.8656345037323749,7653.940282001659,female,25-29,421,0.04761366206740556,0.04121602873459962,0.03222685399619165,0.0015344385356702876
2012,E02004064,E07000034,8842,97155,3131,3617,0.8656345037323749,7653.940282001659,male,25-29,444,0.050214883510517984,0.04346773576760625,0.03222685399619165,0.0016182677193292347
2012,E02004055,E07000034,7186,97155,2530,2997,0.8441775108441775,6066.259592926259,female,25-29,223,0.031032563317561927,0.02619699205653376,0.026040862539241417,0.0008081147155929358
2012,E02004055,E07000034,7186,97155,2530,2997,0.8441775108441775,6066.259592926259,male,25-29,245,0.03409407180629001,0.028781448671976552,0.026040862539241417,0.0008878390373106245
2012,E02004057,E07000034,7721,97155,2725,3172,0.8590794451450189,6632.95239596469,female,25-29,313,0.04053879031213573,0.03482604148819983,0.02804796459266121,0.0011370305553041003
2012,E02004057,E07000034,7721,97155,2725,3172,0.8590794451450189,6632.95239596469,male,25-29,280,0.03626473254759746,0.031154286315322535,0.02804796459266121,0.0010171519344573422
2012,E02005847,E07000171,6740,97155,22,2812,0.007823613086770981,52.73115220483641,female,25-29,212,0.0314540059347181,0.00024608397246223267,0.00022644228294992538,7.122516911778068e-06
2012,E02005847,E07000171,6740,97155,22,2812,0.007823613086770981,52.73115220483641,male,25-29,212,0.0314540059347181,0.00024608397246223267,0.00022644228294992538,7.122516911778068e-06
2012,E02004115,E07000038,8980,97155,2819,3379,0.8342704942290619,7491.749038176976,female,25-29,244,0.027171492204899776,0.022668374230722838,0.029015490710719984,0.0007883941796676699
2012,E02004115,E07000038,8980,97155,2819,3379,0.8342704942290619,7491.749038176976,male,25-29,257,0.02861915367483296,0.023876115480720366,0.029015490710719984,0.0008303987876007835
2012,E02005848,E07000171,6722,97155,116,2708,0.04283604135893648,287.94387001477105,female,25-29,134,0.019934543290687296,0.0008539169208713908,0.0011939684010086975,2.380121477762057e-05
2012,E02005848,E07000171,6722,97155,116,2708,0.04283604135893648,287.94387001477105,male,25-29,118,0.017554299315679856,0.0007519566915136127,0.0011939684010086975,2.095927868477035e-05
2012,E02004066,E07000034,11788,97155,3870,4535,0.8533627342888643,10059.439911797133,female,25-29,374,0.03172718018323719,0.02707479323244276,0.03983325613710051,0.0012637968947468265
2012,E02004066,E07000034,11788,97155,3870,4535,0.8533627342888643,10059.439911797133,male,25-29,344,0.029182219205972176,0.024903018374225427,0.03983325613710051,0.0011624228122805035
2012,E02004110,E07000038,7526,97155,1841,2781,0.6619920891765552,4982.152463142754,female,25-29,132,0.017539197448844007,0.01161080996164035,0.018949101950491484,0.00033235204058794523
2012,E02004110,E07000038,7526,97155,1841,2781,0.6619920891765552,4982.152463142754,male,25-29,126,0.01674196120116928,0.01108304587247488,0.018949101950491484,0.00031724512965212954
2012,E02004060,E07000034,7633,97155,2906,3387,0.8579864186595807,6549.010333628579,female,25-29,204,0.026726057906458798,0.022930594708051154,0.029910967011476507,0.0007994022363869
2012,E02004060,E07000034,7633,97155,2906,3387,0.8579864186595807,6549.010333628579,male,25-29,179,0.023450805712039828,0.02012047280755469,0.029910967011476507,0.0007014362760453681
2012,E02006804,E07000038,8215,97155,2323,3176,0.7314231738035264,6008.641372795969,female,25-29,254,0.03091905051734632,0.022614910060389008,0.023910246513303483,0.0007392821198270341
2012,E02006804,E07000038,8215,97155,2323,3176,0.7314231738035264,6008.641372795969,male,25-29,258,0.03140596469872185,0.022971050376300647,0.023910246513303483,0.0007509243579345464
2012,E02001609,E08000018,8379,97155,15,3753,0.003996802557953637,33.489208633093526,female,25-29,163,0.019453395393245018,7.775138046860518e-05,0.0001543924656476764,3.003457679982248e-06
2012,E02001609,E08000018,8379,97155,15,3753,0.003996802557953637,33.489208633093526,male,25-29,143,0.017066475713092253,6.821133378534074e-05,0.0001543924656476764,2.634935265260499e-06
2012,E02005840,E07000171,9163,97155,27,3537,0.007633587786259542,69.94656488549619,female,25-29,264,0.028811524609843937,0.00021993530236522087,0.0002779064381658175,8.006908182448523e-06
2012,E02005840,E07000171,9163,97155,27,3537,0.007633587786259542,69.94656488549619,male,25-29,229,0.024991814907781296,0.00019077721303649843,0.0002779064381658175,6.945386264320879e-06
2012,E02005842,E07000171,8570,97155,8,3161,0.002530844669408415,21.689338816830116,female,25-29,243,0.028354725787631273,7.176140661216394e-05,8.234264834542741e-05,2.3348032144619443e-06
2012,E02005842,E07000171,8570,97155,8,3161,0.002530844669408415,21.689338816830116,male,25-29,231,0.026954492415402567,6.821763344613113e-05,8.234264834542741e-05,2.219504290290984e-06
2012,E02004106,E07000038,6998,97155,1667,2703,0.6167221605623382,4315.821679615243,female,25-29,141,0.020148613889682768,0.012426096690381493,0.017158149348978437,0.0003457129262940783
2012,E02004106,E07000038,6998,97155,1667,2703,0.6167221605623382,4315.821679615243,male,25-29,142,0.02029151186053158,0.012514225035703349,0.017158149348978437,0.0003481647910195682
2012,E02001603,E08000018,6481,97155,11,2853,0.00385559060637925,24.988082719943918,female,25-29,185,0.028544977626909426,0.00011005774759761784,0.00011322114147496269,3.231894950295957e-06
2012,E02001603,E08000018,6481,97155,11,2853,0.00385559060637925,24.988082719943918,male,25-29,166,0.025613331276037647,9.87545194659706e-05,0.00011322114147496269,2.899970604049345e-06
2012,E02006903,E07000171,11081,97155,27,4864,0.005550986842105263,61.51048519736842,female,25-29,316,0.028517281833769514,0.00015829905623186203,0.0002779064381658175,7.925136220593658e-06
2012,E02006903,E07000171,11081,97155,27,4864,0.005550986842105263,61.51048519736842,male,25-29,284,0.025629455825286526,0.00014226877205648358,0.0002779064381658175,7.122590780533541e-06
2012,E02001600,E08000018,10943,97155,12,4915,0.0024415055951169887,26.717395727365208,female,25-29,325,0.029699351183404915,7.251113208562747e-05,0.0001235139725181411,3.6682848458736963e-06
2012,E02001600,E08000018,10943,97155,12,4915,0.0024415055951169887,26.717395727365208,male,25-29,305,0.02787169880288769,6.804890857266578e-05,0.0001235139725181411,3.4425442399737767e-06
2012,E02004108,E07000038,7577,97155,2137,3061,0.6981378634433192,5289.790591310029,female,25-29,180,0.023756103998944175,0.016585035689560178,0.021995779939272295,0.0005225340357752426
2012,E02004108,E07000038,7577,97155,2137,3061,0.6981378634433192,5289.790591310029,male,25-29,178,0.023492147287844795,0.01640075751523173,0.021995779939272295,0.0005167281020444066
2012,E02004116,E07000038,8093,97155,3114,3628,0.8583241455347299,6946.417309812569,female,25-29,283,0.03496849128876807,0.0300143004060705,0.03205187586845762,0.0011208057420948358
2012,E02004116,E07000038,8093,97155,3114,3628,0.8583241455347299,6946.417309812569,male,25-29,224,0.02767824045471395,0.023756902088197144,0.03205187586845762,0.0008871395273118135
2012,E02004069,E07000035,6731,97155,1423,2306,0.6170858629661752,4153.604943625325,female,25-29,110,0.016342296835537066,0.010084600345606784,0.014646698574442901,0.00023936069576418348
2012,E02004069,E07000035,6731,97155,1423,2306,0.6170858629661752,4153.604943625325,male,25-29,111,0.016490863170405587,0.010176278530566848,0.014646698574442901,0.00024153670208931245
2012,E02004109,E07000038,6688,97155,1567,2568,0.610202492211838,4081.0342679127725,female,25-29,105,0.015699760765550238,0.009580033146268388,0.016128866244660593,0.00025321934146073
2012,E02004109,E07000038,6688,97155,1567,2568,0.610202492211838,4081.0342679127725,male,25-29,99,0.014802631578947368,0.009032602680767337,0.016128866244660593,0.0002387496648058311
2012,E02004056,E07000034,7708,97155,3030,3494,0.8672009158557528,6684.384659416142,female,25-29,186,0.024130773222625843,0.020926228638968605,0.03118727806083063,0.0007525731343168782
2012,E02004056,E07000034,7708,97155,3030,3494,0.8672009158557528,6684.384659416142,male,25-29,204,0.026466009340944473,0.022951347539513955,0.03118727806083063,0.0008254027924765762
2012,E02004058,E07000034,7835,97155,3009,3480,0.8646551724137931,6774.573275862069,female,25-29,243,0.03101467772814295,0.02681700151838567,0.030971128608923884,0.0009605595726826426
2012,E02004058,E07000034,7835,97155,3009,3480,0.8646551724137931,6774.573275862069,male,25-29,207,0.026419910657306957,0.022844112404550757,0.030971128608923884,0.0008182544508037325
2012,E02005843,E07000171,6511,97155,23,2673,0.008604564160119716,56.024317246539475,female,25-29,197,0.030256489018583934,0.0002603439010203631,0.0002367351139931038,7.162773376845561e-06
2012,E02005843,E07000171,6511,97155,23,2673,0.008604564160119716,56.024317246539475,male,25-29,186,0.02856704039318077,0.0002458069319278555,0.0002367351139931038,6.762821563925251e-06
2012,E02005846,E07000171,6659,97155,12,3337,0.003596044351213665,23.946059334731796,female,25-29,325,0.04880612704610302,0.00017550899746875524,0.0001235139725181411,6.0282386346892725e-06
2012,E02005846,E07000171,6659,97155,12,3337,0.003596044351213665,23.946059334731796,male,25-29,262,0.039345247034089204,0.0001414872533440427,0.0001235139725181411,4.859687760887967e-06
2012,E02001608,E08000018,6925,97155,12,3083,0.003892312682452157,26.954265325981186,female,25-29,208,0.03003610108303249,0.00011690989717690232,0.0001235139725181411,3.7098781637217834e-06
2012,E02001608,E08000018,6925,97155,12,3083,0.003892312682452157,26.954265325981186,male,25-29,195,0.02815884476534296,0.00010960302860334594,0.0001235139725181411,3.4780107784891724e-06
2012,E02001610,E08000018,8312,97155,39,3825,0.01019607843137255,84.74980392156863,female,25-29,213,0.025625601539942252,0.0002612806431523524,0.0004014204106839586,1.0286639494187101e-05
2012,E02001610,E08000018,8312,97155,39,3825,0.01019607843137255,84.74980392156863,male,25-29,191,0.022978825794032723,0.00023429391005680425,0.0004014204106839586,9.224169687275758e-06
2012,E02004113,E07000038,9224,97155,3474,4038,0.8603268945022289,7935.655274888559,female,25-29,316,0.034258456201214225,0.02947347123403126,0.03575729504400185,0.001224989726138832
2012,E02004113,E07000038,9224,97155,3474,4038,0.8603268945022289,7935.655274888559,male,25-29,310,0.03360797918473547,0.02891384836249902,0.03575729504400185,0.0012017304275412592
2012,E02001605,E08000018,7380,97155,12,3095,0.0038772213247172858,28.613893376413568,female,25-29,240,0.032520325203252036,0.0001260884983647898,0.0001235139725181411,4.016714553435484e-06
2012,E02001605,E08000018,7380,97155,12,3095,0.0038772213247172858,28.613893376413568,male,25-29,262,0.03550135501355014,0.00013764661071489551,0.0001235139725181411,4.384913387500403e-06
2012,E02001607,E08000018,8856,97155,12,4092,0.002932551319648094,25.970674486803517,female,25-29,244,0.027551942186088526,8.079748441668189e-05,0.0001235139725181411,3.403049829993951e-06
2012,E02001607,E08000018,8856,97155,12,4092,0.002932551319648094,25.970674486803517,male,25-29,214,0.024164408310749775,7.086336748020462e-05,0.0001235139725181411,2.9846420640110884e-06
2012,E02004045,E07000033,9079,97155,2469,3220,0.7667701863354037,6961.50652173913,female,25-29,225,0.024782465029188235,0.01900245532828129,0.025412999845607534,0.0006297967799605347
2012,E02004045,E07000033,9079,97155,2469,3220,0.7667701863354037,6961.50652173913,male,25-29,210,0.02313030069390902,0.01773562497306254,0.025412999845607534,0.0005878103279631658
2012,E02001606,E08000018,8011,97155,10,3937,0.00254000508001016,20.347980695961393,female,25-29,222,0.027711896142803644,7.038835697943522e-05,0.00010292831043178426,2.8523386488398584e-06
2012,E02001606,E08000018,8011,97155,10,3937,0.00254000508001016,20.347980695961393,male,25-29,199,0.024840843839720385,6.309586954462886e-05,0.00010292831043178426,2.556826086122215e-06
2012,E02005838,E07000171,8043,97155,11,3413,0.0032229709932610606,25.92235569879871,female,25-29,196,0.024369016536118365,7.854063343020861e-05,0.00011322114147496269,2.759087868841563e-06
2012,E02005838,E07000171,8043,97155,11,3413,0.0032229709932610606,25.92235569879871,male,25-29,198,0.02461767997016039,7.934206846521074e-05,0.00011322114147496269,2.787241826686885e-06
2012,E02004047,E07000033,5751,97155,756,2604,0.2903225806451613,1669.6451612903227,female,25-29,246,0.04277516953573292,0.012418597607148267,0.00778138026864289,0.00033284986021320657
2012,E02004047,E07000033,5751,97155,756,2604,0.2903225806451613,1669.6451612903227,male,25-29,212,0.03686315423404625,0.010702206067948913,0.00778138026864289,0.0002868462209967471
2012,E02005894,E07000175,10073,97155,18,4140,0.004347826086956522,43.79565217391304,female,25-29,270,0.026804328402660577,0.00011654055827243729,0.00018527095877721167,4.966063622540172e-06
2012,E02005894,E07000175,10073,97155,18,4140,0.004347826086956522,43.79565217391304,male,25-29,269,0.026705053112280355,0.00011610892657513198,0.00018527095877721167,4.947670794308542e-06
2012,E02005889,E07000174,10157,97155,24,4422,0.005427408412483039,55.12618724559022,female,25-29,342,0.03367135965344098,0.00018274822064282757,0.0002470279450362822,8.31776678176711e-06
2012,E02005889,E07000174,10157,97155,24,4422,0.005427408412483039,55.12618724559022,male,25-29,305,0.03002855173771783,0.00016297721431597192,0.0002470279450362822,7.4178914281841166e-06
2012,E02004053,E07000033,7938,97155,492,3108,0.1583011583011583,1256.5945945945946,female,25-29,297,0.03741496598639456,0.005922832453444698,0.005064072873243786,0.0001894721143050396
2012,E02004053,E07000033,7938,97155,492,3108,0.1583011583011583,1256.5945945945946,male,25-29,252,0.031746031746031744,0.0050254335968621675,0.005064072873243786,0.00016076421819821542
2012,E02004031,E07000032,7666,97155,164,3159,0.051915163026274136,397.98163975941753,female,25-29,326,0.042525436994521264,0.0022077149943341206,0.001688024291081262,7.178397063559763e-05
2012,E02004031,E07000032,7666,97155,164,3159,0.051915163026274136,397.98163975941753,male,25-29,258,0.03365510044351683,0.001747210026190807,0.001688024291081262,5.681062706743616e-05
2012,E02005883,E07000174,7845,97155,32,3272,0.009779951100244499,76.72371638141809,female,25-29,280,0.035691523263224986,0.0003490613522075793,0.00032937059338170965,1.1755738195905508e-05
2012,E02005883,E07000174,7845,97155,32,3272,0.009779951100244499,76.72371638141809,male,25-29,300,0.03824091778202677,0.0003739943059366921,0.00032937059338170965,1.259543378132733e-05
2012,E02005822,E07000170,9777,97155,24,3954,0.006069802731411229,59.34446130500759,female,25-29,405,0.041423749616446764,0.00025143398856720343,0.0002470279450362822,1.0232823743448329e-05
2012,E02005822,E07000170,9777,97155,24,3954,0.006069802731411229,59.34446130500759,male,25-29,391,0.039991817530939965,0.0002427424432833989,0.0002470279450362822,9.879096502934065e-06
2012,E02004030,E07000032,5665,97155,510,2112,0.24147727272727273,1367.96875,female,25-29,96,0.016946160635481024,0.004092112653454225,0.005249343832020997,8.895622380829933e-05
2012,E02004030,E07000032,5665,97155,510,2112,0.24147727272727273,1367.96875,male,25-29,88,0.015533980582524271,0.0037511032656663726,0.005249343832020997,8.154320515760773e-05
2012,E02004032,E07000032,8284,97155,184,2974,0.06186953597848016,512.5272360457296,female,25-29,191,0.023056494447126992,0.0014264946127341516,0.0018938809119448303,4.3666254729775784e-05
2012,E02004032,E07000032,8284,97155,184,2974,0.06186953597848016,512.5272360457296,male,25-29,229,0.027643650410429745,0.001710299823644611,0.0018938809119448303,5.235378184878877e-05
2012,E02004075,E07000035,7458,97155,155,2523,0.06143479984145858,458.1807372175981,female,25-29,132,0.017699115044247787,0.001087341590114311,0.0015953888116926561,2.823697011845409e-05
2012,E02004075,E07000035,7458,97155,155,2523,0.06143479984145858,458.1807372175981,male,25-29,116,0.015553767766157146,0.0009555426094943946,0.0015953888116926561,2.481430707379299e-05
2012,E02004074,E07000035,5875,97155,386,2042,0.1890303623898139,1110.5533790401566,female,25-29,100,0.01702127659574468,0.003217538083230875,0.003973032782666873,6.7626089917734e-05
2012,E02004074,E07000035,5875,97155,386,2042,0.1890303623898139,1110.5533790401566,male,25-29,128,0.021787234042553193,0.00411844874653552,0.003973032782666873,8.656139509469952e-05
2012,E02002806,E06000015,6527,97155,11,1899,0.005792522380200105,37.80779357556609,female,25-29,338,0.051784893519227826,0.0002999651546664066,0.00011322114147496269,5.863144755406372e-06
2012,E02002806,E06000015,6527,97155,11,1899,0.005792522380200105,37.80779357556609,male,25-29,423,0.06480772177110464,0.00037540017876890524,0.00011322114147496269,7.337604235316258e-06
2012,E02002815,E06000015,7881,97155,11,2837,0.0038773352132534366,30.557278815650335,female,25-29,356,0.04517193249587616,0.00017514672451696782,0.00011322114147496269,5.114417759813059e-06
2012,E02002815,E06000015,7881,97155,11,2837,0.0038773352132534366,30.557278815650335,male,25-29,320,0.0406039842659561,0.0001574352579927801,0.00011322114147496269,4.5972294470229745e-06
2012,E02002811,E06000015,10268,97155,11,3874,0.002839442436757873,29.15539494062984,female,25-29,467,0.0454811063498247,0.0001291409834403902,0.00011322114147496269,5.149422776471326e-06
2012,E02002811,E06000015,10268,97155,11,3874,0.002839442436757873,29.15539494062984,male,25-29,505,0.0491819244253993,0.00013964924333489736,0.00011322114147496269,5.568433623379058e-06
2012,E02004118,E07000039,6815,97155,10,2416,0.0041390728476821195,28.207781456953644,female,25-29,194,0.028466617754952312,0.00011782540461486885,0.00010292831043178426,2.930020869224673e-06
2012,E02004118,E07000039,6815,97155,10,2416,0.0041390728476821195,28.207781456953644,male,25-29,141,0.020689655172413793,8.563598995204384e-05,0.00010292831043178426,2.129551250312778e-06
2012,E02006827,E07000032,7622,97155,12,2775,0.004324324324324324,32.96,female,25-29,251,0.03293098924166885,0.00014240427780181126,0.0001235139725181411,4.067437300190687e-06
2012,E02006827,E07000032,7622,97155,12,2775,0.004324324324324324,32.96,male,25-29,206,0.02702702702702703,0.00011687363038714391,0.0001235139725181411,3.3382154734632734e-06
2012,E02005823,E07000170,7513,97155,13,3531,0.0036816765788728408,27.660436137071652,female,25-29,249,0.033142552908292294,0.0001220201608065137,0.00013380680356131955,4.434699066520507e-06
2012,E02005823,E07000170,7513,97155,13,3531,0.0036816765788728408,27.660436137071652,male,25-29,263,0.035005989617995475,0.00012888073209683977,0.00013380680356131955,4.684039576284712e-06
2012,E02005890,E07000174,6715,97155,13,2532,0.005134281200631911,34.47669826224328,female,25-29,168,0.02501861504095309,0.0001284526048706122,0.00013380680356131955,3.3476609081610847e-06
2012,E02005890,E07000174,6715,97155,13,2532,0.005134281200631911,34.47669826224328,male,25-29,141,0.02099776619508563,0.0001078084362306924,0.00013380680356131955,2.809643976492339e-06
2012,E02004040,E07000032,9078,97155,13,2840,0.004577464788732394,41.554225352112674,female,25-29,263,0.028971139017404713,0.00013261436874164128,0.00013380680356131955,3.876535507449553e-06
2012,E02004040,E07000032,9078,97155,13,2840,0.004577464788732394,41.554225352112674,male,25-29,236,0.025996915620180656,0.00011899996586702413,0.00013380680356131955,3.478564181589713e-06
2012,E02002821,E06000015,11377,97155,13,4175,0.0031137724550898203,35.425389221556884,female,25-29,549,0.04825525182385515,0.00015025587394254297,0.00013380680356131955,6.456881001596593e-06
2012,E02002821,E06000015,11377,97155,13,4175,0.0031137724550898203,35.425389221556884,male,25-29,436,0.03832293223169553,0.0001193288907813274,0.00013380680356131955,5.1278690650202445e-06
2012,E02002824,E06000015,9562,97155,13,3558,0.0036537380550871277,34.93704328274311,female,25-29,359,0.03754444676845848,0.00013717757391510968,0.00013380680356131955,5.023702413565542e-06
2012,E02002824,E06000015,9562,97155,13,3558,0.0036537380550871277,34.93704328274311,male,25-29,324,0.033884124660112945,0.00012380371573397086,0.00013380680356131955,4.533926412242996e-06
2012,E02005827,E07000170,8446,97155,14,3234,0.004329004329004329,36.56277056277056,female,25-29,290,0.03433578025100639,0.00014863974134634802,0.00014409963460449796,4.947773388030358e-06
2012,E02005827,E07000170,8446,97155,14,3234,0.004329004329004329,36.56277056277056,male,25-29,215,0.025455837082642672,0.00011019842892918906,0.00014409963460449796,3.6681768221604385e-06
2012,E02002813,E06000015,10537,97155,14,4158,0.003367003367003367,35.47811447811448,female,25-29,570,0.05409509348011768,0.0001821383618859181,0.00014409963460449796,7.795083204381118e-06
2012,E02002813,E06000015,10537,97155,14,4158,0.003367003367003367,35.47811447811448,male,25-29,589,0.05589826326278827,0.0001882096406154487,0.00014409963460449796,8.054919311193821e-06
2012,E02004080,E07000036,9536,97155,15,3327,0.004508566275924256,42.993688007213706,female,25-29,354,0.03712248322147651,0.00016736917593091302,0.0001543924656476764,5.731431715528255e-06
2012,E02004080,E07000036,9536,97155,15,3327,0.004508566275924256,42.993688007213706,male,25-29,340,0.03565436241610738,0.000160750055978843,0.0001543924656476764,5.5047649245186624e-06
2012,E02004076,E07000035,6658,97155,15,2298,0.006527415143603133,43.45953002610966,female,25-29,185,0.02778612195854611,0.00018137155325421742,0.0001543924656476764,4.289967879966977e-06
2012,E02004076,E07000035,6658,97155,15,2298,0.006527415143603133,43.45953002610966,male,25-29,175,0.02628416942024632,0.0001715676855107462,0.0001543924656476764,4.058077724293086e-06
2012,E02005830,E07000170,6081,97155,17,2266,0.007502206531332745,45.620917917034426,female,25-29,124,0.020391382996217726,0.0001529803666971321,0.00017497812773403323,3.5680460185857786e-06
2012,E02005830,E07000170,6081,97155,17,2266,0.007502206531332745,45.620917917034426,male,25-29,137,0.022529189278079263,0.0001690186309476379,0.00017497812773403323,3.942115359243965e-06
2012,E02002808,E06000015,12033,97155,18,3850,0.004675324675324675,56.25818181818182,female,25-29,759,0.06307653951633009,0.00029490330163479,0.00018527095877721167,1.1686250952539154e-05
2012,E02002808,E06000015,12033,97155,18,3850,0.004675324675324675,56.25818181818182,male,25-29,868,0.07213496218731821,0.0003372543686679813,0.00018527095877721167,1.3364513605802356e-05
2012,E02005884,E07000174,6034,97155,18,2478,0.007263922518159807,43.83050847457627,female,25-29,183,0.030328140536957243,0.00022030126298031898,0.00018527095877721167,5.618923675212088e-06
2012,E02005884,E07000174,6034,97155,18,2478,0.007263922518159807,43.83050847457627,male,25-29,169,0.028007954922108055,0.0002034476144463055,0.00018527095877721167,5.189060661807884e-06
2012,E02005892,E07000174,11677,97155,19,4381,0.004336909381419767,50.64209084683862,female,25-29,357,0.030572921127001797,0.0001325919884531007,0.0001955637898203901,5.9789563214763435e-06
2012,E02005892,E07000174,11677,97155,19,4381,0.004336909381419767,50.64209084683862,male,25-29,366,0.03134366703776655,0.00013593464362418727,0.0001955637898203901,6.129686312774067e-06
2012,E02005820,E07000170,5704,97155,24,2206,0.010879419764279238,62.056210335448775,female,25-29,171,0.029978962131837306,0.00032615371312968966,0.0002470279450362822,7.405641409748292e-06
2012,E02005820,E07000170,5704,97155,24,2206,0.010879419764279238,62.056210335448775,male,25-29,151,0.0264726507713885,0.00028800708001510604,0.0002470279450362822,6.539484519719252e-06
2012,E02005886,E07000174,10342,97155,26,4259,0.0061047194177036865,63.135008217891524,female,25-29,317,0.0306517114678012,0.00018712009818333674,0.0002676136071226391,8.202815070380642e-06
2012,E02005886,E07000174,10342,97155,26,4259,0.0061047194177036865,63.135008217891524,male,25-29,288,0.027847611680526012,0.00017000185576277914,0.0002676136071226391,7.452399811576104e-06
2012,E02004039,E07000032,8055,97155,27,2575,0.010485436893203883,84.46019417475728,female,25-29,198,0.024581005586592177,0.00025774258284970436,0.0002779064381658175,6.831219709103894e-06
2012,E02004039,E07000032,8055,97155,27,2575,0.010485436893203883,84.46019417475728,male,25-29,221,0.02743637492240844,0.0002876823778271953,0.0002779064381658175,7.6247452308684874e-06
2012,E02005829,E07000170,6670,97155,27,2570,0.010505836575875487,70.0739299610895,female,25-29,151,0.022638680659670164,0.00023783827930392781,0.0002779064381658175,6.291435106902315e-06
2012,E02005829,E07000170,6670,97155,27,2570,0.010505836575875487,70.0739299610895,male,25-29,159,0.02383808095952024,0.00025043898284320875,0.0002779064381658175,6.624756172168662e-06
2012,E02005882,E07000174,7817,97155,29,3133,0.00925630386211299,72.35652729013725,female,25-29,158,0.02021235768197518,0.00018709172447407604,0.0002984921002521744,6.033229095540943e-06
2012,E02005882,E07000174,7817,97155,29,3133,0.00925630386211299,72.35652729013725,male,25-29,183,0.023410515543047204,0.00021669484543516404,0.0002984921002521744,6.987853952430333e-06
2012,E02005885,E07000174,8195,97155,34,3621,0.009389671361502348,76.94835680751174,female,25-29,237,0.02892007321537523,0.0002715499832429599,0.00034995625546806647,1.012076053031504e-05
2012,E02005885,E07000174,8195,97155,34,3621,0.009389671361502348,76.94835680751174,male,25-29,220,0.026845637583892617,0.0002520717144027476,0.00034995625546806647,9.39479880451185e-06
2012,E02005821,E07000170,6379,97155,34,2601,0.013071895424836602,83.38562091503269,female,25-29,206,0.032293462925223386,0.000422136770264358,0.00034995625546806647,1.1301299361408008e-05
2012,E02005821,E07000170,6379,97155,34,2601,0.013071895424836602,83.38562091503269,male,25-29,182,0.028531117730051733,0.0003729557873209377,0.00034995625546806647,9.984643125127465e-06
2012,E02004037,E07000032,7801,97155,43,2364,0.018189509306260575,141.89636209813875,female,25-29,187,0.023971285732598383,0.0004360259249161296,0.0004425917348566723,1.0609492939135716e-05
2012,E02004037,E07000032,7801,97155,43,2364,0.018189509306260575,141.89636209813875,male,25-29,185,0.023714908345083965,0.0004313625460400214,0.0004425917348566723,1.0496022426417688e-05
2012,E02005881,E07000174,5693,97155,43,2422,0.017753922378199834,101.07308009909165,female,25-29,192,0.03372562796416652,0.0005987621810318581,0.0004425917348566723,1.492668418979116e-05
2012,E02005881,E07000174,5693,97155,43,2422,0.017753922378199834,101.07308009909165,male,25-29,162,0.0284559985947655,0.0005052055902456303,0.0004425917348566723,1.2594389785136292e-05
2012,E02004038,E07000032,7843,97155,46,2744,0.016763848396501458,131.47886297376093,female,25-29,254,0.032385566747418076,0.0005429067311884955,0.0004734702279862076,1.533360167136258e-05
2012,E02004038,E07000032,7843,97155,46,2744,0.016763848396501458,131.47886297376093,male,25-29,237,0.030218028815504273,0.0005065704539042262,0.0004734702279862076,1.4307336992570598e-05
2012,E02004036,E07000032,9930,97155,53,3520,0.015056818181818182,149.51420454545453,female,25-29,285,0.028700906344410877,0.0004321443284811865,0.0005455200452884565,1.5656919728822772e-05
2012,E02004036,E07000032,9930,97155,53,3520,0.015056818181818182,149.51420454545453,male,25-29,251,0.02527693856998993,0.0003805902682413256,0.0005455200452884565,1.378907667345444e-05
2012,E02004033,E07000032,8889,97155,87,3254,0.026736324523663185,237.65918869084206,female,25-29,284,0.03194960062999212,0.0008542148908449031,0.0008954763007565231,2.8610110182793626e-05
2012,E02004033,E07000032,8889,97155,87,3254,0.026736324523663185,237.65918869084206,male,25-29,255,0.028687141410732364,0.0007669887224135574,0.0008954763007565231,2.568865526976188e-05
2012,E02004034,E07000032,7217,97155,77,2551,0.03018424147393179,217.83967071736572,female,25-29,169,0.023416932243314398,0.000706822337410901,0.0007925479903247388,1.8559042589009403e-05
2012,E02004034,E07000032,7217,97155,77,2551,0.03018424147393179,217.83967071736572,male,25-29,143,0.019814327282804488,0.0005980804393476854,0.0007925479903247388,1.570380526762334e-05
2012,E02004035,E07000032,6545,97155,85,2141,0.039701074264362445,259.8435310602522,female,25-29,113,0.017265087853323147,0.0006854425350455242,0.0008748906386701663,1.5105063738690417e-05
2012,E02004035,E07000032,6545,97155,85,2141,0.039701074264362445,259.8435310602522,male,25-29,99,0.015126050420168067,0.0006005204510575832,0.0008748906386701663,1.3233639912657977e-05
2012,E02004043,E07000032,7034,97155,16,2595,0.006165703275529865,43.369556840077074,female,25-29,167,0.023741825419391526,0.00014638505075540055,0.00016468529669085483,3.909929563174973e-06
2012,E02004043,E07000032,7034,97155,16,2595,0.006165703275529865,43.369556840077074,male,25-29,173,0.024594825135058288,0.00015164439389631315,0.00016468529669085483,4.050406074426767e-06
2012,E02002820,E06000015,9785,97155,11,3613,0.003044561306393579,29.791032383061168,female,25-29,461,0.04711292795094532,0.00014343819747035665,0.00011322114147496269,5.334179480833705e-06
2012,E02002820,E06000015,9785,97155,11,3613,0.003044561306393579,29.791032383061168,male,25-29,378,0.03863055697496168,0.0001176130990104009,0.00011322114147496269,4.373795756518743e-06
2012,E02002801,E06000015,7589,97155,9,2732,0.003294289897510981,25.000366032210835,female,25-29,246,0.03241533798919489,0.00010678552046220864,9.263547938860583e-05,3.002810374172755e-06
2012,E02002801,E06000015,7589,97155,9,2732,0.003294289897510981,25.000366032210835,male,25-29,210,0.027671629990776124,9.115837112627566e-05,9.263547938860583e-05,2.5633747096596688e-06
2012,E02002816,E06000015,9479,97155,9,2797,0.0032177332856632105,30.50089381480157,female,25-29,267,0.028167528220276402,9.063559312924119e-05,9.263547938860583e-05,2.609312479877388e-06
2012,E02002816,E06000015,9479,97155,9,2797,0.0032177332856632105,30.50089381480157,male,25-29,231,0.024369659246755986,7.841506371855697e-05,9.263547938860583e-05,2.2574950668602116e-06
2012,E02002803,E06000015,7912,97155,8,2208,0.0036231884057971015,28.666666666666668,female,25-29,389,0.04916582406471183,0.000178137043712724,8.234264834542741e-05,4.048444161573719e-06
2012,E02002803,E06000015,7912,97155,8,2208,0.0036231884057971015,28.666666666666668,male,25-29,495,0.06256319514661274,0.00022667824328482877,8.234264834542741e-05,5.151619177323884e-06
2012,E02004084,E07000036,6139,97155,8,2240,0.0035714285714285713,21.925,female,25-29,194,0.03160123798664278,0.00011286156423800991,8.234264834542741e-05,2.602129626814289e-06
2012,E02004084,E07000036,6139,97155,8,2240,0.0035714285714285713,21.925,male,25-29,164,0.026714448607265028,9.540874502594653e-05,8.234264834542741e-05,2.1997384474100174e-06
2012,E02002825,E06000015,8582,97155,8,3211,0.002491435689816257,21.381501090003116,female,25-29,244,0.028431601025402004,7.083550551330303e-05,8.234264834542741e-05,2.3411333251321706e-06
2012,E02002825,E06000015,8582,97155,8,3211,0.002491435689816257,21.381501090003116,male,25-29,244,0.028431601025402004,7.083550551330303e-05,8.234264834542741e-05,2.3411333251321706e-06
2012,E02004083,E07000036,7917,97155,8,2488,0.003215434083601286,25.456591639871384,female,25-29,285,0.03599848427434634,0.00011575075329371814,8.234264834542741e-05,2.9642105315708995e-06
2012,E02004083,E07000036,7917,97155,8,2488,0.003215434083601286,25.456591639871384,male,25-29,228,0.028798787419477074,9.260060263497452e-05,8.234264834542741e-05,2.3713684252567196e-06
2012,E02006872,E07000037,12346,97155,354,4893,0.07234825260576333,893.2115266707541,female,30-34,280,0.02267941033533128,0.001640815707890307,0.003643662189285163,8.263610991412972e-05
2012,E02006872,E07000037,12346,97155,354,4893,0.07234825260576333,893.2115266707541,male,30-34,266,0.02154543981856472,0.001558774922495792,0.003643662189285163,7.850430441842324e-05
2012,E02004103,E07000037,7137,97155,89,3114,0.028580603725112397,203.97976878612718,female,30-34,219,0.030685161832702815,0.0008770004505814228,0.0009160619628428799,2.810950957861716e-05
2012,E02004103,E07000037,7137,97155,89,3114,0.028580603725112397,203.97976878612718,male,30-34,178,0.02494045116995937,0.0007128131516141245,0.0009160619628428799,2.284699865293998e-05
2012,E02004097,E07000037,7704,97155,29,2762,0.010499637943519189,80.88921071687183,female,30-34,214,0.027777777777777776,0.0002916566095421997,0.0002984921002521744,8.291447229227065e-06
2012,E02004097,E07000037,7704,97155,29,2762,0.010499637943519189,80.88921071687183,male,30-34,191,0.024792315680166148,0.00026031033842317824,0.0002984921002521744,7.400310377487709e-06
2012,E02004102,E07000037,8625,97155,96,3736,0.02569593147751606,221.627408993576,female,30-34,222,0.025739130434782608,0.0006613909319430221,0.000988111780145129,2.5433137993300707e-05
2012,E02004102,E07000037,8625,97155,96,3736,0.02569593147751606,221.627408993576,male,30-34,236,0.02736231884057971,0.0007031002699934829,0.000988111780145129,2.7037029578463816e-05
2012,E02004098,E07000037,7341,97155,47,3145,0.014944356120826709,109.70651828298887,female,30-34,201,0.027380465876583573,0.00040918343281380853,0.00048376305902938604,1.324565793010579e-05
2012,E02004098,E07000037,7341,97155,47,3145,0.014944356120826709,109.70651828298887,male,30-34,190,0.025882032420651138,0.00038679030962499315,0.00048376305902938604,1.252077117771194e-05
2012,E02004104,E07000037,7167,97155,84,2895,0.029015544041450778,207.95440414507772,female,30-34,197,0.027487093623552394,0.0007975529756056654,0.0008645978076269878,2.3765280884961154e-05
2012,E02004104,E07000037,7167,97155,84,2895,0.029015544041450778,207.95440414507772,male,30-34,172,0.023998883772847774,0.0006963406690567229,0.0008645978076269878,2.0749382295499077e-05
2012,E02004100,E07000037,7641,97155,54,3050,0.017704918032786884,135.28327868852458,female,30-34,151,0.01976181128124591,0.000349881248913862,0.000555812876331635,1.0983869169752242e-05
2012,E02004100,E07000037,7641,97155,54,3050,0.017704918032786884,135.28327868852458,male,30-34,143,0.018714827902107056,0.00033134449400451835,0.000555812876331635,1.0401942326321662e-05
2012,E02004068,E07000035,7531,97155,1163,2634,0.4415337889141989,3325.190964312832,female,30-34,131,0.017394768291063605,0.0076803779508378784,0.011970562503216509,0.00020822516105714552
2012,E02004068,E07000035,7531,97155,1163,2634,0.4415337889141989,3325.190964312832,male,30-34,146,0.01938653565263577,0.008559810540628475,0.011970562503216509,0.00023206773675071176
2012,E02006210,E07000198,5452,97155,24,1854,0.012944983818770227,70.57605177993528,female,30-34,106,0.019442406456346296,0.0002516816369753566,0.0002470279450362822,4.8028177134713715e-06
2012,E02006210,E07000198,5452,97155,24,1854,0.012944983818770227,70.57605177993528,male,30-34,97,0.017791636096845195,0.00023031244138310933,0.0002470279450362822,4.395031303837009e-06
2012,E02006204,E07000198,7282,97155,11,2851,0.003858295334970186,28.096106629252894,female,30-34,183,0.025130458665201867,9.696073143360945e-05,0.00011322114147496269,2.845299215863523e-06
2012,E02006204,E07000198,7282,97155,11,2851,0.003858295334970186,28.096106629252894,male,30-34,149,0.020461411700082394,7.894616930933229e-05,0.00011322114147496269,2.3166643888724856e-06
2012,E02004070,E07000035,6373,97155,1527,2452,0.6227569331158238,3968.829934747145,female,30-34,127,0.019927820492703592,0.012410188373718755,0.015717153002933457,0.00031320860369881515
2012,E02004070,E07000035,6373,97155,1527,2452,0.6227569331158238,3968.829934747145,male,30-34,98,0.0153773732935823,0.009576365831688489,0.015717153002933457,0.0002416885288384558
2012,E02006803,E08000019,8747,97155,441,3080,0.1431818181818182,1252.4113636363636,female,30-34,281,0.03212530010289242,0.0045997588783686875,0.004539138490041686,0.00014582118620117912
2012,E02006803,E08000019,8747,97155,441,3080,0.1431818181818182,1252.4113636363636,male,30-34,300,0.0342974734194581,0.004910774603240592,0.004539138490041686,0.0001556809817094439
2012,E02006869,E08000019,11118,97155,31,4236,0.007318224740321058,81.36402266288952,female,30-34,360,0.032379924446842956,0.00023696356417661276,0.0003190777623385312,1.0331713837189352e-05
2012,E02006869,E08000019,11118,97155,31,4236,0.007318224740321058,81.36402266288952,male,30-34,307,0.027612880014391078,0.00020207726167283368,0.0003190777623385312,8.810655966714255e-06
2012,E02006868,E08000019,12500,97155,11,4482,0.0024542614904060687,30.67826863007586,female,30-34,412,0.03296,8.089245872378404e-05,0.00011322114147496269,3.7317688230147706e-06
2012,E02006868,E08000019,12500,97155,11,4482,0.0024542614904060687,30.67826863007586,male,30-34,642,0.05136,0.0001260508701472557,0.00011322114147496269,5.815037826154084e-06
2012,E02004105,E07000038,9450,97155,1852,3263,0.5675758504443763,5363.591786699356,female,30-34,264,0.027936507936507936,0.01585608725050956,0.019062323091966444,0.0005325347403469991
2012,E02004105,E07000038,9450,97155,1852,3263,0.5675758504443763,5363.591786699356,male,30-34,265,0.028042328042328042,0.01591614818706452,0.019062323091966444,0.000534551917393768
2012,E02001634,E08000019,9260,97155,11,3128,0.003516624040920716,32.56393861892583,female,30-34,531,0.05734341252699784,0.00020165522308087473,0.00011322114147496269,6.49248662237637e-06
2012,E02001634,E08000019,9260,97155,11,3128,0.003516624040920716,32.56393861892583,male,30-34,528,0.05701943844492441,0.00020051592803522008,0.00011322114147496269,6.455805906995713e-06
2012,E02001669,E08000019,7690,97155,45,2629,0.017116774438950173,131.62799543552683,female,30-34,349,0.045383615084525354,0.000776821102625957,0.0004631773969430292,2.1020664698714847e-05
2012,E02001669,E08000019,7690,97155,45,2629,0.017116774438950173,131.62799543552683,male,30-34,341,0.04434330299089727,0.0007590143151732131,0.0004631773969430292,2.0538815651179836e-05
2012,E02001660,E08000019,9889,97155,23,3458,0.006651243493348756,65.77414690572586,female,30-34,445,0.04499949438770351,0.00029930259425019684,0.0002367351139931038,1.0652960433505025e-05
2012,E02001660,E08000019,9889,97155,23,3458,0.006651243493348756,65.77414690572586,male,30-34,546,0.05521286277682273,0.00036723419429349994,0.0002367351139931038,1.3070823363356728e-05
2012,E02001653,E08000019,7439,97155,9,2991,0.003009027081243731,22.384152457372114,female,30-34,289,0.0388493077026482,0.00011689861896483912,9.263547938860583e-05,3.5988242429502734e-06
2012,E02001653,E08000019,7439,97155,9,2991,0.003009027081243731,22.384152457372114,male,30-34,306,0.04113456109692163,0.000123775008315712,9.263547938860583e-05,3.810519786653231e-06
2012,E02001662,E08000019,7588,97155,15,3172,0.004728877679697352,35.8827238335435,female,30-34,211,0.027807063784923564,0.0001314962032704456,0.0001543924656476764,4.293201140176557e-06
2012,E02001662,E08000019,7588,97155,15,3172,0.004728877679697352,35.8827238335435,male,30-34,207,0.02727991565629942,0.00012900338425110065,0.0001543924656476764,4.2118134408367175e-06
2012,E02001655,E08000019,7681,97155,14,3228,0.004337050805452293,33.31288723667906,female,30-34,184,0.02395521416482229,0.00010389498088832468,0.00014409963460449796,3.4519376080233857e-06
2012,E02001655,E08000019,7681,97155,14,3228,0.004337050805452293,33.31288723667906,male,30-34,204,0.026559041791433407,0.00011518791359357737,0.00014409963460449796,3.827148217591144e-06
2012,E02001650,E08000019,9415,97155,10,2336,0.004280821917808219,40.30393835616438,female,30-34,284,0.030164630908125333,0.00012912941313409816,0.00010292831043178426,3.1047944941717186e-06
2012,E02001650,E08000019,9415,97155,10,2336,0.004280821917808219,40.30393835616438,male,30-34,460,0.048858204992033985,0.000209153274794666,0.00010292831043178426,5.028892490559825e-06
2012,E02001627,E08000019,6085,97155,8,2236,0.0035778175313059034,21.77101967799642,female,30-34,274,0.045028759244042725,0.00016110468423628882,8.234264834542741e-05,3.707787287863124e-06
2012,E02001627,E08000019,6085,97155,8,2236,0.0035778175313059034,21.77101967799642,male,30-34,285,0.04683648315529992,0.00016757239053774567,8.234264834542741e-05,3.856640062193396e-06
2012,E02001656,E08000019,7888,97155,17,2300,0.007391304347826087,58.302608695652175,female,30-34,269,0.03410243407707911,0.0002520614692653673,0.00017497812773403323,5.967180065980596e-06
2012,E02001656,E08000019,7888,97155,17,2300,0.007391304347826087,58.302608695652175,male,30-34,348,0.04411764705882353,0.00032608695652173916,0.00017497812773403323,7.71962328238382e-06
2012,E02001666,E08000019,6153,97155,17,2708,0.006277695716395864,38.62666174298375,female,30-34,211,0.03429221517958719,0.00021527609233861975,0.00017497812773403323,6.000387607976761e-06
2012,E02001666,E08000019,6153,97155,17,2708,0.006277695716395864,38.62666174298375,male,30-34,154,0.02502844141069397,0.0001571209394319784,0.00017497812773403323,4.379429818144176e-06
2012,E02001678,E08000019,10006,97155,92,3559,0.025849957853329587,258.65467828041585,female,30-34,172,0.017189686188287027,0.0004443526634791814,0.0009469404559724152,1.6277609277159246e-05
2012,E02001678,E08000019,10006,97155,92,3559,0.025849957853329587,258.65467828041585,male,30-34,185,0.018488906656006394,0.0004779374578119102,0.0009469404559724152,1.7507893699270116e-05
2012,E02001680,E08000019,6098,97155,251,2873,0.08736512356421859,532.7525234946049,female,30-34,206,0.033781567727123644,0.0029513308386731763,0.002583500591837785,8.727470021623214e-05
2012,E02001680,E08000019,6098,97155,251,2873,0.08736512356421859,532.7525234946049,male,30-34,198,0.03246966218432273,0.0028367160488217908,0.002583500591837785,8.388539146997071e-05
2012,E02001642,E08000019,9800,97155,8,3907,0.002047606859482979,20.066547222933195,female,30-34,362,0.03693877551020408,7.563609011559576e-05,8.234264834542741e-05,3.041636602147421e-06
2012,E02001642,E08000019,9800,97155,8,3907,0.002047606859482979,20.066547222933195,male,30-34,341,0.03479591836734694,7.124836113098938e-05,8.234264834542741e-05,2.865188069978648e-06
2012,E02001665,E08000019,9466,97155,44,3159,0.013928458372902817,131.84678695789808,female,30-34,159,0.016796957532220578,0.00023395572377895075,0.00045288456589985077,7.607082820417945e-06
2012,E02001665,E08000019,9466,97155,44,3159,0.013928458372902817,131.84678695789808,male,30-34,131,0.013839002746672302,0.0001927559736795129,0.00045288456589985077,6.2674707514135274e-06
2012,E02001664,E08000019,6233,97155,26,2407,0.01080182800166182,67.32779393435813,female,30-34,153,0.024546767206802503,0.00026514995736471334,0.0002676136071226391,6.569048915412126e-06
2012,E02001664,E08000019,6233,97155,26,2407,0.01080182800166182,67.32779393435813,male,30-34,160,0.02566982191561046,0.00027728100116571335,0.0002676136071226391,6.869593637032289e-06
2012,E02001659,E08000019,6120,97155,10,2607,0.0038358266206367474,23.475258918296895,female,30-34,174,0.028431372549019607,0.00010905781568477027,0.00010292831043178426,2.9263931397271992e-06
2012,E02001659,E08000019,6120,97155,10,2607,0.0038358266206367474,23.475258918296895,male,30-34,176,0.02875816993464052,0.00011031135379608947,0.00010292831043178426,2.9600298424826843e-06
2012,E02001636,E08000019,9739,97155,8,3457,0.0023141452126120912,22.537460225629157,female,30-34,385,0.03953177944347469,9.148227814515403e-05,8.234264834542741e-05,3.255151413183033e-06
2012,E02001636,E08000019,9739,97155,8,3457,0.0023141452126120912,22.537460225629157,male,30-34,409,0.041996098162028955,9.718506951004675e-05,8.234264834542741e-05,3.4580699428360008e-06
2012,E02001679,E08000019,6324,97155,179,2654,0.06744536548605878,426.5244913338357,female,30-34,215,0.033997469955724224,0.002292971786765123,0.0018424167567289383,6.263750833281495e-05
2012,E02001679,E08000019,6324,97155,179,2654,0.06744536548605878,426.5244913338357,male,30-34,200,0.031625553447185324,0.0021329970109443003,0.0018424167567289383,5.826744961192088e-05
2012,E02001681,E08000019,7453,97155,157,2675,0.05869158878504673,437.4284112149533,female,30-34,195,0.026163960821145846,0.0015356044295027657,0.0016159744737790128,4.228029281992587e-05
2012,E02001681,E08000019,7453,97155,157,2675,0.05869158878504673,437.4284112149533,male,30-34,150,0.02012612370857373,0.001181234176540589,0.0016159744737790128,3.252330216917375e-05
2012,E02001657,E08000019,8992,97155,11,2789,0.003944065973467192,35.465041233417,female,30-34,309,0.034363879003558716,0.00013553340589427963,0.00011322114147496269,3.890717606290421e-06
2012,E02001657,E08000019,8992,97155,11,2789,0.003944065973467192,35.465041233417,male,30-34,312,0.03469750889679715,0.00013684926420393282,0.00011322114147496269,3.928491563633047e-06
2012,E02001671,E08000019,5902,97155,28,2247,0.012461059190031152,73.54517133956386,female,30-34,166,0.028126058963063368,0.0003504804855210388,0.0002881992692089959,8.105909638883992e-06
2012,E02001671,E08000019,5902,97155,28,2247,0.012461059190031152,73.54517133956386,male,30-34,138,0.02338190443917316,0.00029136329519218894,0.0002881992692089959,6.7386477720842826e-06
2012,E02001652,E08000019,12526,97155,8,2986,0.0026791694574681848,33.55927662424648,female,30-34,394,0.03145457448507105,8.427213525806042e-05,8.234264834542741e-05,2.5900529656792594e-06
2012,E02001652,E08000019,12526,97155,8,2986,0.0026791694574681848,33.55927662424648,male,30-34,532,0.04247165894938528,0.00011378877146519834,8.234264834542741e-05,3.4972288775161575e-06
2012,E02001673,E08000019,5543,97155,43,1955,0.021994884910485932,121.91764705882352,female,30-34,182,0.03283420530398701,0.000722184566788461,0.0004425917348566723,1.4532147888131761e-05
2012,E02001673,E08000019,5543,97155,43,1955,0.021994884910485932,121.91764705882352,male,30-34,152,0.02742197366047267,0.000603143154680473,0.0004425917348566723,1.2136738895582571e-05
2012,E02001661,E08000019,7877,97155,14,3256,0.0042997542997543,33.86916461916462,female,30-34,301,0.03821251745588422,0.00016430443623537442,0.00014409963460449796,5.506409802710916e-06
2012,E02001661,E08000019,7877,97155,14,3256,0.0042997542997543,33.86916461916462,male,30-34,358,0.045448774914307474,0.00019541856535635891,0.00014409963460449796,6.54915185837378e-06
2012,E02001649,E08000019,9557,97155,9,4107,0.002191380569758948,20.943024105186268,female,30-34,373,0.03902898399079209,8.552735717485483e-05,9.263547938860583e-05,3.6154686420372478e-06
2012,E02001649,E08000019,9557,97155,9,4107,0.002191380569758948,20.943024105186268,male,30-34,393,0.041121690907188445,9.011327444964596e-05,9.263547938860583e-05,3.809327550457475e-06
2012,E02001676,E08000019,5995,97155,109,2168,0.050276752767527674,301.4091328413284,female,30-34,133,0.022185154295246038,0.0011153975176115397,0.0011219185837064484,2.4889936886231466e-05
2012,E02001676,E08000019,5995,97155,109,2168,0.050276752767527674,301.4091328413284,male,30-34,113,0.01884904086738949,0.0009476685675947668,0.0011219185837064484,2.1147089234166584e-05
2012,E02001651,E08000019,8119,97155,13,2920,0.004452054794520548,36.146232876712325,female,30-34,166,0.020445867717699222,9.102612340071572e-05,0.00013380680356131955,2.7357962053429046e-06
2012,E02001651,E08000019,8119,97155,13,2920,0.004452054794520548,36.146232876712325,male,30-34,127,0.015642320482818082,6.964046790295721e-05,0.00013380680356131955,2.0930489040876443e-06
2012,E02001674,E08000019,8647,97155,130,3282,0.039609993906154786,342.50761730652044,female,30-34,183,0.021163409274893026,0.0008382825124119724,0.0013380680356131953,2.831808147533419e-05
2012,E02001674,E08000019,8647,97155,130,3282,0.039609993906154786,342.50761730652044,male,30-34,215,0.024864114721868856,0.000984867432615159,0.0013380680356131953,3.326987714315219e-05
2012,E02001618,E08000019,9708,97155,8,3293,0.0024293956878226543,23.584573337382327,female,30-34,276,0.02843016069221261,6.906810978976644e-05,8.234264834542741e-05,2.3410147242828562e-06
2012,E02001618,E08000019,9708,97155,8,3293,0.0024293956878226543,23.584573337382327,male,30-34,302,0.03110836423568191,7.557452592938212e-05,8.234264834542741e-05,2.5615450968602264e-06
2012,E02001672,E08000019,6175,97155,39,2203,0.017703132092601,109.31684067181118,female,30-34,150,0.024291497975708502,0.0004300355973911174,0.0004014204106839586,9.751103093537456e-06
2012,E02001672,E08000019,6175,97155,39,2203,0.017703132092601,109.31684067181118,male,30-34,147,0.023805668016194333,0.00042143488544329506,0.0004014204106839586,9.556081031666707e-06
2012,E02001675,E08000019,9063,97155,141,3730,0.03780160857908847,342.59597855227884,female,30-34,287,0.031667218360366324,0.0011970717932470916,0.001451289177088158,4.595829127488705e-05
2012,E02001675,E08000019,9063,97155,141,3730,0.03780160857908847,342.59597855227884,male,30-34,280,0.030894847180845196,0.0011678749202410652,0.001451289177088158,4.483735734135322e-05
2012,E02001670,E08000019,6002,97155,19,2500,0.0076,45.6152,female,30-34,192,0.0319893368877041,0.00024311896034655116,0.0001955637898203901,6.255955955600616e-06
2012,E02001670,E08000019,6002,97155,19,2500,0.0076,45.6152,male,30-34,179,0.029823392202599133,0.0002266577807397534,0.0001955637898203901,5.8323756044401576e-06
2012,E02001639,E08000019,6154,97155,8,2044,0.003913894324853229,24.08610567514677,female,30-34,284,0.04614884627884303,0.0001806217075492878,8.234264834542741e-05,3.8000182206859583e-06
2012,E02001639,E08000019,6154,97155,8,2044,0.003913894324853229,24.08610567514677,male,30-34,267,0.043386415339616506,0.0001698098447734501,8.234264834542741e-05,3.5725523412787e-06
2012,E02001663,E08000019,7671,97155,36,2525,0.014257425742574258,109.36871287128713,female,30-34,410,0.0534480511015513,0.0007620316196656819,0.00037054191755442334,1.9804743344715628e-05
2012,E02001663,E08000019,7671,97155,36,2525,0.014257425742574258,109.36871287128713,male,30-34,425,0.05540346760526659,0.0007899108252632068,0.00037054191755442334,2.0529307125619857e-05
2012,E02005888,E07000174,8284,97155,13,3488,0.0037270642201834864,30.875,female,30-34,333,0.040197971994205696,0.00014982042314354188,0.00013380680356131955,5.378762142192106e-06
2012,E02005888,E07000174,8284,97155,13,3488,0.0037270642201834864,30.875,male,30-34,307,0.03705939159826171,0.00013812273244764972,0.00013380680356131955,4.95879873169062e-06
2012,E02005887,E07000174,9349,97155,23,4120,0.00558252427184466,52.19101941747572,female,30-34,367,0.03925553535137448,0.00021914497890330412,0.0002367351139931038,9.293163636267953e-06
2012,E02005887,E07000174,9349,97155,23,4120,0.00558252427184466,52.19101941747572,male,30-34,441,0.04717082040859985,0.0002633322498538341,0.0002367351139931038,1.1166989546578113e-05
2012,E02005880,E07000174,6267,97155,70,2630,0.026615969581749048,166.8022813688213,female,30-34,169,0.026966650710068613,0.0007177435550208376,0.0007204981730224899,1.9429422569140066e-05
2012,E02005880,E07000174,6267,97155,70,2630,0.026615969581749048,166.8022813688213,male,30-34,156,0.02489229296314026,0.0006625325123269269,0.0007204981730224899,1.7934851602283136e-05
2012,E02005824,E07000170,9785,97155,37,3726,0.009930220075147612,97.16720343531938,female,30-34,317,0.03239652529381707,0.0003217046258376897,0.00038083474859760175,1.233772256570667e-05
2012,E02005824,E07000170,9785,97155,37,3726,0.009930220075147612,97.16720343531938,male,30-34,290,0.02963719979560552,0.0002943039163814826,0.00038083474859760175,1.1286875533296321e-05
2012,E02005819,E07000170,6111,97155,44,2362,0.018628281117696866,113.83742591024554,female,30-34,158,0.025855015545737194,0.0004816344978884151,0.00045288456589985077,1.1709337491765082e-05
2012,E02005819,E07000170,6111,97155,44,2362,0.018628281117696866,113.83742591024554,male,30-34,145,0.023727704140075273,0.00044200634299886195,0.00045288456589985077,1.0745910989278082e-05
2012,E02005891,E07000174,6437,97155,13,2886,0.0045045045045045045,28.995495495495494,female,30-34,191,0.029672207550100978,0.00013365859256802241,0.00013380680356131955,3.970343246887064e-06
2012,E02005891,E07000174,6437,97155,13,2886,0.0045045045045045045,28.995495495495494,male,30-34,209,0.032468541245922015,0.00014625469029694603,0.00013380680356131955,4.344511720415689e-06
2012,E02005825,E07000170,8073,97155,18,3312,0.005434782608695652,43.875,female,30-34,245,0.030348073826334695,0.0001649351838387755,0.00018527095877721167,5.6226167348466316e-06
2012,E02005825,E07000170,8073,97155,18,3312,0.005434782608695652,43.875,male,30-34,207,0.02564102564102564,0.00013935340022296544,0.00018527095877721167,4.7505374045438886e-06
2012,E02004029,E07000032,6402,97155,379,2746,0.13801893663510562,883.5972323379461,female,30-34,210,0.03280224929709466,0.004527331567224646,0.0039009829653646236,0.00012796101573360998
2012,E02004029,E07000032,6402,97155,379,2746,0.13801893663510562,883.5972323379461,male,30-34,191,0.029834426741643237,0.004117715853999559,0.0039009829653646236,0.00011638359050056906
2012,E02004054,E07000033,8677,97155,295,3267,0.09029690847872666,783.5062748699113,female,30-34,260,0.029964273366370864,0.0027056812497947367,0.003036385157737636,9.098307491204164e-05
2012,E02004054,E07000033,8677,97155,295,3267,0.09029690847872666,783.5062748699113,male,30-34,266,0.0306557565979025,0.0027681200478669233,0.003036385157737636,9.308268433308876e-05
2012,E02004050,E07000033,7057,97155,1059,3002,0.35276482345103266,2489.4613590939375,female,30-34,194,0.02749043502904917,0.009697658459614615,0.010900108074725953,0.00029964871283786807
2012,E02004050,E07000033,7057,97155,1059,3002,0.35276482345103266,2489.4613590939375,male,30-34,184,0.026073402295593028,0.009197779157572625,0.010900108074725953,0.0002842029028977718
2012,E02004051,E07000033,9152,97155,1124,3894,0.2886492039034412,2641.7175141242938,female,30-34,276,0.030157342657342656,0.008704892949885246,0.01156914209253255,0.00034889458233599034
2012,E02004051,E07000033,9152,97155,1124,3894,0.2886492039034412,2641.7175141242938,male,30-34,257,0.028081293706293708,0.008105643072900392,0.01156914209253255,0.0003248764770302519
2012,E02004049,E07000033,7821,97155,2582,3223,0.801116971765436,6265.535836177474,female,30-34,185,0.023654264160593276,0.018949832473674166,0.026576089753486697,0.0006286378473846105
2012,E02004049,E07000033,7821,97155,2582,3223,0.801116971765436,6265.535836177474,male,30-34,155,0.01981843753995653,0.01587688666713241,0.026576089753486697,0.0005266965748357548
2012,E02004117,E07000038,7364,97155,2215,2973,0.7450386814665321,5486.464850319542,female,30-34,212,0.028788701792504073,0.021448696424620422,0.022798620760640213,0.0006563426943584635
2012,E02004117,E07000038,7364,97155,2215,2973,0.7450386814665321,5486.464850319542,male,30-34,186,0.025258011950027158,0.018818195919714144,0.022798620760640213,0.0005758478356163877
2012,E02004112,E07000038,6508,97155,2022,2401,0.8421491045397751,5480.706372344856,female,30-34,111,0.017055931161647202,0.014363637154873238,0.020812104369306778,0.00035496981945191334
2012,E02004112,E07000038,6508,97155,2022,2401,0.8421491045397751,5480.706372344856,male,30-34,103,0.015826674861708665,0.01332842006263012,0.020812104369306778,0.00032938640904096465
2012,E02004052,E07000033,7869,97155,1852,3077,0.601884952876178,4736.232694182645,female,30-34,199,0.025289109162536537,0.015221134276573825,0.019062323091966444,0.00048206916956428043
2012,E02004052,E07000033,7869,97155,1852,3077,0.601884952876178,4736.232694182645,male,30-34,185,0.02350997585461939,0.014150300709377676,0.019062323091966444,0.0004481547556250848
2012,E02004061,E07000034,7216,97155,2534,2904,0.8725895316804407,6296.60606060606,female,30-34,183,0.02536031042128603,0.02212914139378058,0.026082033863414133,0.0006614484751946766
2012,E02004061,E07000034,7216,97155,2534,2904,0.8725895316804407,6296.60606060606,male,30-34,201,0.027854767184035477,0.024305778252185224,0.026082033863414133,0.00072650898095153
2012,E02004111,E07000038,5498,97155,1933,2254,0.857586512866016,4715.010647737356,female,30-34,122,0.022189887231720627,0.019029748011941426,0.019896042406463896,0.0004414909373569654
2012,E02004111,E07000038,5498,97155,1933,2254,0.857586512866016,4715.010647737356,male,30-34,117,0.021280465623863223,0.01824984030653399,0.019896042406463896,0.0004233970464816799
2012,E02004062,E07000034,7987,97155,2706,3135,0.8631578947368421,6894.042105263158,female,30-34,193,0.024164266933767373,0.020857577774409733,0.02785240080284082,0.0006730328477461223
2012,E02004062,E07000034,7987,97155,2706,3135,0.8631578947368421,6894.042105263158,male,30-34,212,0.026543132590459498,0.02291091444650188,0.02785240080284082,0.0007392899674724245
2012,E02004048,E07000033,6835,97155,2283,2771,0.8238902923132443,5631.290147961025,female,30-34,206,0.03013899049012436,0.024831221684934648,0.023498533271576347,0.0007082220708039104
2012,E02004048,E07000033,6835,97155,2283,2771,0.8238902923132443,5631.290147961025,male,30-34,205,0.029992684711046085,0.02471068177384273,0.023498533271576347,0.0007047840995864157
2012,E02004114,E07000038,7226,97155,2342,2813,0.8325630998933523,6016.100959829364,female,30-34,114,0.015776363133130362,0.013134817795162214,0.024105810303123875,0.00038030201696043756
2012,E02004114,E07000038,7226,97155,2342,2813,0.8325630998933523,6016.100959829364,male,30-34,109,0.015084417381677276,0.012558729295374398,0.024105810303123875,0.00036362210393585696
2012,E02004059,E07000034,7158,97155,2641,3075,0.8588617886178862,6147.7326829268295,female,30-34,195,0.027242246437552388,0.02339732450132548,0.027183366785034222,0.0007405359769602785
2012,E02004059,E07000034,7158,97155,2641,3075,0.8588617886178862,6147.7326829268295,male,30-34,166,0.023190835428890753,0.019917722396000155,0.027183366785034222,0.0006304049855149037
2012,E02004073,E07000035,9138,97155,2604,3611,0.7211298809194129,6589.6848518415945,female,30-34,175,0.01915079886189538,0.013810213302790244,0.02680253203643662,0.000513289900019305
2012,E02004073,E07000035,9138,97155,2604,3611,0.7211298809194129,6589.6848518415945,male,30-34,178,0.019479098270956445,0.014046959816552362,0.02680253203643662,0.0005220891554482074
2012,E02004063,E07000034,7940,97155,2649,3057,0.8665358194308145,6880.294406280667,female,30-34,183,0.023047858942065493,0.019971795334488545,0.02726570943337965,0.0006284162249758787
2012,E02004063,E07000034,7940,97155,2649,3057,0.8665358194308145,6880.294406280667,male,30-34,179,0.022544080604534004,0.019535253359964203,0.02726570943337965,0.000614680351205914
2012,E02004072,E07000035,8613,97155,2654,3330,0.796996996996997,6864.5351351351355,female,30-34,180,0.02089864158829676,0.01665615458718907,0.027317173588595544,0.0005708918200333447
2012,E02004072,E07000035,8613,97155,2654,3330,0.796996996996997,6864.5351351351355,male,30-34,216,0.025078369905956112,0.019987385504626882,0.027317173588595544,0.0006850701840400137
2012,E02004046,E07000033,6301,97155,1091,2510,0.4346613545816733,2738.8011952191237,female,30-34,156,0.02475797492461514,0.010761334917432318,0.011229478668107662,0.0002780191512815101
2012,E02004046,E07000033,6301,97155,1091,2510,0.4346613545816733,2738.8011952191237,male,30-34,161,0.02555149976194255,0.011106249498119251,0.011229478668107662,0.0002869300215148919
2012,E02004067,E07000034,6422,97155,2390,2772,0.8621933621933622,5537.005772005772,female,30-34,188,0.029274369355341015,0.0252401669405718,0.02459986619319644,0.0007201455690315992
2012,E02004067,E07000034,6422,97155,2390,2772,0.8621933621933622,5537.005772005772,male,30-34,187,0.0291186546247275,0.025105910733441098,0.02459986619319644,0.0007163150074941971
2012,E02004065,E07000034,8352,97155,2549,3047,0.8365605513619954,6986.953724975385,female,30-34,149,0.017840038314176247,0.014924272288426403,0.02623642632906181,0.0004680588509375251
2012,E02004065,E07000034,8352,97155,2549,3047,0.8365605513619954,6986.953724975385,male,30-34,130,0.015565134099616858,0.013021177164398873,0.02623642632906181,0.0004083734941065655
2012,E02004071,E07000035,5146,97155,1549,1961,0.7899031106578276,4064.8414074451807,female,30-34,97,0.018849591916051303,0.014889351289119565,0.01594359528588338,0.00030053026481358103
2012,E02004071,E07000035,5146,97155,1549,1961,0.7899031106578276,4064.8414074451807,male,30-34,102,0.019821220365332296,0.015656843623610264,0.01594359528588338,0.00031602151557716764
2012,E02004064,E07000034,8842,97155,3131,3617,0.8656345037323749,7653.940282001659,female,30-34,400,0.045238633793259445,0.03916012231315878,0.03222685399619165,0.0014578988462425537
2012,E02004064,E07000034,8842,97155,3131,3617,0.8656345037323749,7653.940282001659,male,30-34,446,0.05044107667948428,0.04366353637917205,0.03222685399619165,0.0016255572135604475
2012,E02004055,E07000034,7186,97155,2530,2997,0.8441775108441775,6066.259592926259,female,30-34,222,0.03089340384080156,0.026079516755831814,0.026040862539241417,0.0008044908827875862
2012,E02004055,E07000034,7186,97155,2530,2997,0.8441775108441775,6066.259592926259,male,30-34,190,0.026440300584469802,0.02232030713336957,0.026040862539241417,0.0006885282330164026
2012,E02004057,E07000034,7721,97155,2725,3172,0.8590794451450189,6632.95239596469,female,30-34,292,0.037818935371065926,0.032489470014550645,0.02804796459266121,0.0010607441602197996
2012,E02004057,E07000034,7721,97155,2725,3172,0.8590794451450189,6632.95239596469,male,30-34,288,0.0373008677632431,0.032044408781474604,0.02804796459266121,0.0010462134182989806
2012,E02005847,E07000171,6740,97155,22,2812,0.007823613086770981,52.73115220483641,female,30-34,194,0.028783382789317507,0.00022519005027204307,0.00022644228294992538,6.517774909834648e-06
2012,E02005847,E07000171,6740,97155,22,2812,0.007823613086770981,52.73115220483641,male,30-34,197,0.029228486646884273,0.00022867237063707468,0.00022644228294992538,6.618565243491885e-06
2012,E02004115,E07000038,8980,97155,2819,3379,0.8342704942290619,7491.749038176976,female,30-34,298,0.033184855233853006,0.027685145576866417,0.029015490710719984,0.0009628748587744493
2012,E02004115,E07000038,8980,97155,2819,3379,0.8342704942290619,7491.749038176976,male,30-34,253,0.028173719376391983,0.023504502788413435,0.029015490710719984,0.0008174742928521332
2012,E02005848,E07000171,6722,97155,116,2708,0.04283604135893648,287.94387001477105,female,30-34,134,0.019934543290687296,0.0008539169208713908,0.0011939684010086975,2.380121477762057e-05
2012,E02005848,E07000171,6722,97155,116,2708,0.04283604135893648,287.94387001477105,male,30-34,123,0.018298125557869683,0.0007838192631879185,0.0011939684010086975,2.1847383713786046e-05
2012,E02004066,E07000034,11788,97155,3870,4535,0.8533627342888643,10059.439911797133,female,30-34,389,0.0329996606718697,0.02816068066155143,0.03983325613710051,0.001314483935979988
2012,E02004066,E07000034,11788,97155,3870,4535,0.8533627342888643,10059.439911797133,male,30-34,402,0.034102477095351205,0.029101783100112272,0.03983325613710051,0.001358412705048728
2012,E02004110,E07000038,7526,97155,1841,2781,0.6619920891765552,4982.152463142754,female,30-34,183,0.024315705554079192,0.016096804719546852,0.018949101950491484,0.0004607607835423786
2012,E02004110,E07000038,7526,97155,1841,2781,0.6619920891765552,4982.152463142754,male,30-34,165,0.02192399681105501,0.014513512452050438,0.018949101950491484,0.00041544005073493155
2012,E02004060,E07000034,7633,97155,2906,3387,0.8579864186595807,6549.010333628579,female,30-34,215,0.028167168872003143,0.0241670483442696,0.029910967011476507,0.0008425072589371739
2012,E02004060,E07000034,7633,97155,2906,3387,0.8579864186595807,6549.010333628579,male,30-34,178,0.02331979562426307,0.020008067931534833,0.029910967011476507,0.0006975176376317069
2012,E02006804,E07000038,8215,97155,2323,3176,0.7314231738035264,6008.641372795969,female,30-34,232,0.02824102251978089,0.020656138322875002,0.023910246513303483,0.0006752498102357161
2012,E02006804,E07000038,8215,97155,2323,3176,0.7314231738035264,6008.641372795969,male,30-34,215,0.026171637248934874,0.019142541980250536,0.023910246513303483,0.0006257702982787886
2012,E02001609,E08000018,8379,97155,15,3753,0.003996802557953637,33.489208633093526,female,30-34,193,0.02303377491347416,9.206145049350185e-05,0.0001543924656476764,3.5562413020648696e-06
2012,E02001609,E08000018,8379,97155,15,3753,0.003996802557953637,33.489208633093526,male,30-34,173,0.0206468552333214,8.252140381023741e-05,0.0001543924656476764,3.1877188873431216e-06
2012,E02005840,E07000171,9163,97155,27,3537,0.007633587786259542,69.94656488549619,female,30-34,288,0.03143075411982975,0.00023992942076205915,0.0002779064381658175,8.734808926307479e-06
2012,E02005840,E07000171,9163,97155,27,3537,0.007633587786259542,69.94656488549619,male,30-34,286,0.031212484993997598,0.00023826324422898928,0.0002779064381658175,8.6741505309859e-06
2012,E02005842,E07000171,8570,97155,8,3161,0.002530844669408415,21.689338816830116,female,30-34,263,0.030688448074679114,7.766769522221857e-05,8.234264834542741e-05,2.526968088080211e-06
2012,E02005842,E07000171,8570,97155,8,3161,0.002530844669408415,21.689338816830116,male,30-34,248,0.028938156359393234,7.323797876467759e-05,8.234264834542741e-05,2.382844432866511e-06
2012,E02004106,E07000038,6998,97155,1667,2703,0.6167221605623382,4315.821679615243,female,30-34,147,0.02100600171477565,0.012954866762312622,0.017158149348978437,0.00036042411464701777
2012,E02004106,E07000038,6998,97155,1667,2703,0.6167221605623382,4315.821679615243,male,30-34,139,0.01986281794798514,0.012249839999737784,0.017158149348978437,0.00034080919684309843
2012,E02001603,E08000018,6481,97155,11,2853,0.00385559060637925,24.988082719943918,female,30-34,152,0.023453170806974233,9.04258250531779e-05,0.00011322114147496269,2.6553947699728944e-06
2012,E02001603,E08000018,6481,97155,11,2853,0.00385559060637925,24.988082719943918,male,30-34,163,0.025150439746952632,9.696979923465789e-05,0.00011322114147496269,2.847561496747249e-06
2012,E02006903,E07000171,11081,97155,27,4864,0.005550986842105263,61.51048519736842,female,30-34,261,0.02355383088168938,0.00013074700530543034,0.0002779064381658175,6.545761245490332e-06
2012,E02006903,E07000171,11081,97155,27,4864,0.005550986842105263,61.51048519736842,male,30-34,252,0.022741629816803537,0.00012623848788110515,0.0002779064381658175,6.320045340473424e-06
2012,E02001600,E08000018,10943,97155,12,4915,0.0024415055951169887,26.717395727365208,female,30-34,350,0.031983916659051446,7.808891147682957e-05,0.0001235139725181411,3.950460603248596e-06
2012,E02001600,E08000018,10943,97155,12,4915,0.0024415055951169887,26.717395727365208,male,30-34,310,0.028328611898016998,6.916446445090619e-05,0.0001235139725181411,3.498979391448757e-06
2012,E02004108,E07000038,7577,97155,2137,3061,0.6981378634433192,5289.790591310029,female,30-34,187,0.024679952487792003,0.017230009299709737,0.021995779939272295,0.0005428548038331687
2012,E02004108,E07000038,7577,97155,2137,3061,0.6981378634433192,5289.790591310029,male,30-34,173,0.022832255510096343,0.01594006207941061,0.021995779939272295,0.0005022132677173165
2012,E02004116,E07000038,8093,97155,3114,3628,0.8583241455347299,6946.417309812569,female,30-34,237,0.029284566909675028,0.025135650870101445,0.03205187586845762,0.0009386253034504456
2012,E02004116,E07000038,8093,97155,3114,3628,0.8583241455347299,6946.417309812569,male,30-34,252,0.031138020511553195,0.02672651484922179,0.03205187586845762,0.0009980319682257903
2012,E02004069,E07000035,6731,97155,1423,2306,0.6170858629661752,4153.604943625325,female,30-34,93,0.013816669142772247,0.008526071201285736,0.014646698574442901,0.0002023685882369915
2012,E02004069,E07000035,6731,97155,1423,2306,0.6170858629661752,4153.604943625325,male,30-34,103,0.015302332491457436,0.009442853050886353,0.014646698574442901,0.00022412865148828092
2012,E02004109,E07000038,6688,97155,1567,2568,0.610202492211838,4081.0342679127725,female,30-34,101,0.015101674641148326,0.009215079502601023,0.016128866244660593,0.0002435728903574641
2012,E02004109,E07000038,6688,97155,1567,2568,0.610202492211838,4081.0342679127725,male,30-34,114,0.017045454545454544,0.010401178844519965,0.016128866244660593,0.00027492385644307824
2012,E02004056,E07000034,7708,97155,3030,3494,0.8672009158557528,6684.384659416142,female,30-34,238,0.030877010897768554,0.02677657212943295,0.03118727806083063,0.0009629699245560055
2012,E02004056,E07000034,7708,97155,3030,3494,0.8672009158557528,6684.384659416142,male,30-34,212,0.027503892060197196,0.023851400384200777,0.03118727806083063,0.0008577715294364419
2012,E02004058,E07000034,7835,97155,3009,3480,0.8646551724137931,6774.573275862069,female,30-34,243,0.03101467772814295,0.02681700151838567,0.030971128608923884,0.0009605595726826426
2012,E02004058,E07000034,7835,97155,3009,3480,0.8646551724137931,6774.573275862069,male,30-34,258,0.03292916400765795,0.028472371982483553,0.030971128608923884,0.0010198533734655218
2012,E02005843,E07000171,6511,97155,23,2673,0.008604564160119716,56.024317246539475,female,30-34,219,0.03363538626939026,0.0002894178392053783,0.0002367351139931038,7.962677002686182e-06
2012,E02005843,E07000171,6511,97155,23,2673,0.008604564160119716,56.024317246539475,male,30-34,184,0.028259867915834742,0.00024316384663830868,0.0002367351139931038,6.690103052485194e-06
2012,E02005846,E07000171,6659,97155,12,3337,0.003596044351213665,23.946059334731796,female,30-34,263,0.0394954197326926,0.00014202728102856194,0.0001235139725181411,4.878236187456242e-06
2012,E02005846,E07000171,6659,97155,12,3337,0.003596044351213665,23.946059334731796,male,30-34,239,0.03589127496621114,0.0001290666166001,0.0001235139725181411,4.433073949817649e-06
2012,E02001608,E08000018,6925,97155,12,3083,0.003892312682452157,26.954265325981186,female,30-34,226,0.032635379061371844,0.0001270270998172112,0.0001235139725181411,4.0309253125054e-06
2012,E02001608,E08000018,6925,97155,12,3083,0.003892312682452157,26.954265325981186,male,30-34,228,0.03292418772563177,0.0001281512334439122,0.0001235139725181411,4.066597217925802e-06
2012,E02001610,E08000018,8312,97155,39,3825,0.01019607843137255,84.74980392156863,female,30-34,235,0.02827237728585178,0.00028826737624790055,0.0004014204106839586,1.1349109301098445e-05
2012,E02001610,E08000018,8312,97155,39,3825,0.01019607843137255,84.74980392156863,male,30-34,223,0.026828681424446582,0.0002735473400139652,0.0004014204106839586,1.0769580315510438e-05
2012,E02004113,E07000038,9224,97155,3474,4038,0.8603268945022289,7935.655274888559,female,30-34,254,0.02753686036426713,0.023690701561531455,0.03575729504400185,0.0009846436406305802
2012,E02004113,E07000038,9224,97155,3474,4038,0.8603268945022289,7935.655274888559,male,30-34,263,0.028512575888985255,0.02453013586882981,0.03575729504400185,0.0010195325885269393
2012,E02001605,E08000018,7380,97155,12,3095,0.0038772213247172858,28.613893376413568,female,30-34,241,0.032655826558265585,0.0001266138671079764,0.0001235139725181411,4.033450864074798e-06
2012,E02001605,E08000018,7380,97155,12,3095,0.0038772213247172858,28.613893376413568,male,30-34,216,0.02926829268292683,0.00011347964852831081,0.0001235139725181411,3.6150430980919352e-06
2012,E02001607,E08000018,8856,97155,12,4092,0.002932551319648094,25.970674486803517,female,30-34,285,0.03218157181571816,9.437411089653419e-05,0.0001235139725181411,3.974873776837198e-06
2012,E02001607,E08000018,8856,97155,12,4092,0.002932551319648094,25.970674486803517,male,30-34,216,0.024390243902439025,7.152564194263644e-05,0.0001235139725181411,3.0125359150766128e-06
2012,E02004045,E07000033,9079,97155,2469,3220,0.7667701863354037,6961.50652173913,female,30-34,240,0.026434629364467454,0.020269285683500046,0.025412999845607534,0.0006717832319579037
2012,E02004045,E07000033,9079,97155,2469,3220,0.7667701863354037,6961.50652173913,male,30-34,220,0.024231743584095165,0.018580178543208373,0.025412999845607534,0.0006158012959614118
2012,E02001606,E08000018,8011,97155,10,3937,0.00254000508001016,20.347980695961393,female,30-34,201,0.025090500561727624,6.372999888678595e-05,0.00010292831043178426,2.582522830706358e-06
2012,E02001606,E08000018,8011,97155,10,3937,0.00254000508001016,20.347980695961393,male,30-34,211,0.026338784171763826,6.690064559757132e-05,0.00010292831043178426,2.711006553627073e-06
2012,E02005838,E07000171,8043,97155,11,3413,0.0032229709932610606,25.92235569879871,female,30-34,210,0.02610966057441253,8.415067867522351e-05,0.00011322114147496269,2.9561655737588167e-06
2012,E02005838,E07000171,8043,97155,11,3413,0.0032229709932610606,25.92235569879871,male,30-34,196,0.024369016536118365,7.854063343020861e-05,0.00011322114147496269,2.759087868841563e-06
2012,E02004047,E07000033,5751,97155,756,2604,0.2903225806451613,1669.6451612903227,female,30-34,211,0.03668927143105547,0.010651723963854815,0.00778138026864289,0.00028549317278449835
2012,E02004047,E07000033,5751,97155,756,2604,0.2903225806451613,1669.6451612903227,male,30-34,212,0.03686315423404625,0.010702206067948913,0.00778138026864289,0.0002868462209967471
2012,E02005894,E07000175,10073,97155,18,4140,0.004347826086956522,43.79565217391304,female,30-34,276,0.027399980144941924,0.00011913034845626923,0.00018527095877721167,5.076420591929953e-06
2012,E02005894,E07000175,10073,97155,18,4140,0.004347826086956522,43.79565217391304,male,30-34,220,0.02184056388364936,9.495897340717113e-05,0.00018527095877721167,4.046422210958658e-06
2012,E02005889,E07000174,10157,97155,24,4422,0.005427408412483039,55.12618724559022,female,30-34,283,0.027862557841882445,0.00015122148082432805,0.0002470279450362822,6.882830407134771e-06
2012,E02005889,E07000174,10157,97155,24,4422,0.005427408412483039,55.12618724559022,male,30-34,337,0.03317908831347839,0.00018007646303109032,0.0002470279450362822,8.196162004255894e-06
2012,E02004053,E07000033,7938,97155,492,3108,0.1583011583011583,1256.5945945945946,female,30-34,253,0.031872008062484254,0.005045375793675113,0.005064072873243786,0.00016140217144503373
2012,E02004053,E07000033,7938,97155,492,3108,0.1583011583011583,1256.5945945945946,male,30-34,249,0.03136810279667423,0.004965607006423333,0.005064072873243786,0.00015885035845776048
2012,E02004031,E07000032,7666,97155,164,3159,0.051915163026274136,397.98163975941753,female,30-34,253,0.0330028698147665,0.0017133493667685045,0.001688024291081262,5.57096459227184e-05
2012,E02004031,E07000032,7666,97155,164,3159,0.051915163026274136,397.98163975941753,male,30-34,226,0.02948082441951474,0.0015305018058880714,0.001688024291081262,4.9764347741242526e-05
2012,E02005883,E07000174,7845,97155,32,3272,0.009779951100244499,76.72371638141809,female,30-34,271,0.03454429572976418,0.0003378415230294786,0.00032937059338170965,1.1377875182465688e-05
2012,E02005883,E07000174,7845,97155,32,3272,0.009779951100244499,76.72371638141809,male,30-34,249,0.03173996175908222,0.0003104152739274544,0.00032937059338170965,1.0454210038501682e-05
2012,E02005822,E07000170,9777,97155,24,3954,0.006069802731411229,59.34446130500759,female,30-34,328,0.033548123146159355,0.00020363048950627834,0.0002470279450362822,8.28732392061988e-06
2012,E02005822,E07000170,9777,97155,24,3954,0.006069802731411229,59.34446130500759,male,30-34,396,0.04050322184719239,0.0002458465665990434,0.0002470279450362822,1.0005427660260588e-05
2012,E02004030,E07000032,5665,97155,510,2112,0.24147727272727273,1367.96875,female,30-34,80,0.01412180052956752,0.0034100938778785206,0.005249343832020997,7.413018650691612e-05
2012,E02004030,E07000032,5665,97155,510,2112,0.24147727272727273,1367.96875,male,30-34,106,0.018711385701676964,0.004518374388189039,0.005249343832020997,9.822249712166384e-05
2012,E02004032,E07000032,8284,97155,184,2974,0.06186953597848016,512.5272360457296,female,30-34,219,0.026436504104297442,0.001635614241826069,0.0018938809119448303,5.006759050168009e-05
2012,E02004032,E07000032,8284,97155,184,2974,0.06186953597848016,512.5272360457296,male,30-34,184,0.02221149203283438,0.0013742147054611722,0.0018938809119448303,4.206592078679971e-05
2012,E02004075,E07000035,7458,97155,155,2523,0.06143479984145858,458.1807372175981,female,30-34,129,0.01729686242960579,0.0010626292812480767,0.0015953888116926561,2.7595220797580132e-05
2012,E02004075,E07000035,7458,97155,155,2523,0.06143479984145858,458.1807372175981,male,30-34,122,0.016358272995441136,0.0010049672272268632,0.0015953888116926561,2.60978057155409e-05
2012,E02004074,E07000035,5875,97155,386,2042,0.1890303623898139,1110.5533790401566,female,30-34,114,0.019404255319148935,0.0036679934148831973,0.003973032782666873,7.709374250621676e-05
2012,E02004074,E07000035,5875,97155,386,2042,0.1890303623898139,1110.5533790401566,male,30-34,103,0.01753191489361702,0.003314064225727801,0.003973032782666873,6.965487261526602e-05
2012,E02002806,E06000015,6527,97155,11,1899,0.005792522380200105,37.80779357556609,female,30-34,251,0.03845564577907155,0.00022275518882031964,0.00011322114147496269,4.353992111263311e-06
2012,E02002806,E06000015,6527,97155,11,1899,0.005792522380200105,37.80779357556609,male,30-34,280,0.04289872835912364,0.0002484918441023486,0.00011322114147496269,4.8570429926443315e-06
2012,E02002815,E06000015,7881,97155,11,2837,0.0038773352132534366,30.557278815650335,female,30-34,340,0.04314173328257835,0.0001672749616173288,0.00011322114147496269,4.88455628746191e-06
2012,E02002815,E06000015,7881,97155,11,2837,0.0038773352132534366,30.557278815650335,male,30-34,357,0.04529881994670727,0.00017563870969819527,0.00011322114147496269,5.128784101835006e-06
2012,E02002811,E06000015,10268,97155,11,3874,0.002839442436757873,29.15539494062984,female,30-34,399,0.03885858979353331,0.00011033672889232483,0.00011322114147496269,4.399613892531176e-06
2012,E02002811,E06000015,10268,97155,11,3874,0.002839442436757873,29.15539494062984,male,30-34,440,0.04285157771717959,0.00012167458825218779,0.00011322114147496269,4.851704543142149e-06
2012,E02004118,E07000039,6815,97155,10,2416,0.0041390728476821195,28.207781456953644,female,30-34,204,0.029933969185619955,0.0001238988790795528,0.00010292831043178426,3.0810528727929547e-06
2012,E02004118,E07000039,6815,97155,10,2416,0.0041390728476821195,28.207781456953644,male,30-34,164,0.024064563462949377,9.960498122081696e-05,0.00010292831043178426,2.4769248585198268e-06
2012,E02006827,E07000032,7622,97155,12,2775,0.004324324324324324,32.96,female,30-34,221,0.028995014431907634,0.00012538384619203302,0.0001235139725181411,3.5812894157057446e-06
2012,E02006827,E07000032,7622,97155,12,2775,0.004324324324324324,32.96,male,30-34,231,0.030307006035161375,0.00013105732339529244,0.0001235139725181411,3.7433387105340588e-06
2012,E02005823,E07000170,7513,97155,13,3531,0.0036816765788728408,27.660436137071652,female,30-34,229,0.03048050046585918,0.00011221934467747645,0.00013380680356131955,4.078498338285928e-06
2012,E02005823,E07000170,7513,97155,13,3531,0.0036816765788728408,27.660436137071652,male,30-34,200,0.02662052442433116,9.800816129037244e-05,0.00013380680356131955,3.562007282345789e-06
2012,E02005890,E07000174,6715,97155,13,2532,0.005134281200631911,34.47669826224328,female,30-34,188,0.027997021593447507,0.0001437445816409232,0.00013380680356131955,3.746191968656452e-06
2012,E02005890,E07000174,6715,97155,13,2532,0.005134281200631911,34.47669826224328,male,30-34,176,0.026209977661950858,0.00013456939557873662,0.00013380680356131955,3.507073332359232e-06
2012,E02004040,E07000032,9078,97155,13,2840,0.004577464788732394,41.554225352112674,female,30-34,343,0.03778365278695748,0.00017295334022198846,0.00013380680356131955,5.055709806293523e-06
2012,E02004040,E07000032,9078,97155,13,2840,0.004577464788732394,41.554225352112674,male,30-34,281,0.030953954615554086,0.0001416906373247194,0.00013380680356131955,4.141849724689446e-06
2012,E02002821,E06000015,11377,97155,13,4175,0.0031137724550898203,35.425389221556884,female,30-34,499,0.043860420145908414,0.00013657136811899627,0.00013380680356131955,5.8688226225805095e-06
2012,E02002821,E06000015,11377,97155,13,4175,0.0031137724550898203,35.425389221556884,male,30-34,360,0.03164278808121649,9.852844192953637e-05,0.00013380680356131955,4.234020328915798e-06
2012,E02002824,E06000015,9562,97155,13,3558,0.0036537380550871277,34.93704328274311,female,30-34,388,0.040577285086801924,0.00014825877069376758,0.00013380680356131955,5.429516814661366e-06
2012,E02002824,E06000015,9562,97155,13,3558,0.0036537380550871277,34.93704328274311,male,30-34,346,0.03618489855678728,0.00013221014087640097,0.00013380680356131955,4.841785613074311e-06
2012,E02005827,E07000170,8446,97155,14,3234,0.004329004329004329,36.56277056277056,female,30-34,236,0.027942221169784513,0.00012096199640599356,0.00014409963460449796,4.026463860604016e-06
2012,E02005827,E07000170,8446,97155,14,3234,0.004329004329004329,36.56277056277056,male,30-34,241,0.02853421738100876,0.00012352475056713749,0.00014409963460449796,4.1117702983286765e-06
2012,E02002813,E06000015,10537,97155,14,4158,0.003367003367003367,35.47811447811448,female,30-34,396,0.037581854417765966,0.00012653823036284836,0.00014409963460449796,5.415531489359513e-06
2012,E02002813,E06000015,10537,97155,14,4158,0.003367003367003367,35.47811447811448,male,30-34,495,0.04697731802220746,0.00015817278795356046,0.00014409963460449796,6.7694143616993915e-06
2012,E02004080,E07000036,9536,97155,15,3327,0.004508566275924256,42.993688007213706,female,30-34,299,0.03135486577181208,0.00014136549040492371,0.0001543924656476764,4.840955036562001e-06
2012,E02004080,E07000036,9536,97155,15,3327,0.004508566275924256,42.993688007213706,male,30-34,305,0.03198406040268456,0.000144202256098668,0.0001543924656476764,4.938097946994683e-06
2012,E02004076,E07000035,6658,97155,15,2298,0.006527415143603133,43.45953002610966,female,30-34,183,0.02748573145088615,0.00017941077970552317,0.0001543924656476764,4.243589848832199e-06
2012,E02004076,E07000035,6658,97155,15,2298,0.006527415143603133,43.45953002610966,male,30-34,163,0.024481826374286572,0.00015980304421858076,0.0001543924656476764,3.7798095374844173e-06
2012,E02005830,E07000170,6081,97155,17,2266,0.007502206531332745,45.620917917034426,female,30-34,164,0.026969248478868606,0.00020232887208330376,0.00017497812773403323,4.719028605226352e-06
2012,E02005830,E07000170,6081,97155,17,2266,0.007502206531332745,45.620917917034426,male,30-34,141,0.023186975826344353,0.00017395348148625507,0.00017497812773403323,4.057213617908023e-06
2012,E02002808,E06000015,12033,97155,18,3850,0.004675324675324675,56.25818181818182,female,30-34,474,0.0393916728995263,0.00018416886030947363,0.00018527095877721167,7.298133005933544e-06
2012,E02002808,E06000015,12033,97155,18,3850,0.004675324675324675,56.25818181818182,male,30-34,680,0.056511260699742376,0.0002642084915832111,0.00018527095877721167,1.0469895451550231e-05
2012,E02005884,E07000174,6034,97155,18,2478,0.007263922518159807,43.83050847457627,female,30-34,177,0.029333775273450446,0.00021307827075145604,0.00018527095877721167,5.434696669467429e-06
2012,E02005884,E07000174,6034,97155,18,2478,0.007263922518159807,43.83050847457627,male,30-34,208,0.03447132913490222,0.00025039706393391445,0.00018527095877721167,6.386536199148165e-06
2012,E02005892,E07000174,11677,97155,19,4381,0.004336909381419767,50.64209084683862,female,30-34,421,0.03605378093688447,0.00015636198078082745,0.0001955637898203901,7.0508140373712625e-06
2012,E02005892,E07000174,11677,97155,19,4381,0.004336909381419767,50.64209084683862,male,30-34,378,0.03237132825211955,0.00014039151718563605,0.0001955637898203901,6.330659634504364e-06
2012,E02005820,E07000170,5704,97155,24,2206,0.010879419764279238,62.056210335448775,female,30-34,161,0.028225806451612902,0.00030708039657239785,0.0002470279450362822,6.972562964733773e-06
2012,E02005820,E07000170,5704,97155,24,2206,0.010879419764279238,62.056210335448775,male,30-34,171,0.029978962131837306,0.00032615371312968966,0.0002470279450362822,7.405641409748292e-06
2012,E02005886,E07000174,10342,97155,26,4259,0.0061047194177036865,63.135008217891524,female,30-34,289,0.027944304776638947,0.00017059213998417766,0.0002676136071226391,7.4782761998107425e-06
2012,E02005886,E07000174,10342,97155,26,4259,0.0061047194177036865,63.135008217891524,male,30-34,264,0.02552697737381551,0.0001558350344492142,0.0002676136071226391,6.831366493944761e-06
2012,E02004039,E07000032,8055,97155,27,2575,0.010485436893203883,84.46019417475728,female,30-34,248,0.03078833022967101,0.0003228290936703368,0.0002779064381658175,8.556275191200837e-06
2012,E02004039,E07000032,8055,97155,27,2575,0.010485436893203883,84.46019417475728,male,30-34,225,0.027932960893854747,0.00029288929869284586,0.0002779064381658175,7.762749669436242e-06
2012,E02005829,E07000170,6670,97155,27,2570,0.010505836575875487,70.0739299610895,female,30-34,163,0.024437781109445278,0.0002567393346128492,0.0002779064381658175,6.791416704801837e-06
2012,E02005829,E07000170,6670,97155,27,2570,0.010505836575875487,70.0739299610895,male,30-34,157,0.023538230884557722,0.00024728880695838853,0.0002779064381658175,6.541425905852076e-06
2012,E02005882,E07000174,7817,97155,29,3133,0.00925630386211299,72.35652729013725,female,30-34,210,0.02686452603300499,0.00024866621607313907,0.0002984921002521744,8.018848797870874e-06
2012,E02005882,E07000174,7817,97155,29,3133,0.00925630386211299,72.35652729013725,male,30-34,164,0.02097991556863247,0.00019419647350473718,0.0002984921002521744,6.262339061194397e-06
2012,E02005885,E07000174,8195,97155,34,3621,0.009389671361502348,76.94835680751174,female,30-34,225,0.027455765710799267,0.00025780061700281004,0.00034995625546806647,9.608316959159848e-06
2012,E02005885,E07000174,8195,97155,34,3621,0.009389671361502348,76.94835680751174,male,30-34,231,0.028187919463087248,0.00026467530012288495,0.00034995625546806647,9.864538744737445e-06
2012,E02005821,E07000170,6379,97155,34,2601,0.013071895424836602,83.38562091503269,female,30-34,235,0.03683963003605581,0.000481563791320991,0.00034995625546806647,1.2892258980247002e-05
2012,E02005821,E07000170,6379,97155,34,2601,0.013071895424836602,83.38562091503269,male,30-34,192,0.030098761561373255,0.0003934478635473628,0.00034995625546806647,1.0533249890244359e-05
2012,E02004037,E07000032,7801,97155,43,2364,0.018189509306260575,141.89636209813875,female,30-34,188,0.024099474426355596,0.00043835761435418385,0.0004425917348566723,1.0666228195494731e-05
2012,E02004037,E07000032,7801,97155,43,2364,0.018189509306260575,141.89636209813875,male,30-34,191,0.024484040507627227,0.0004453526826683464,0.0004425917348566723,1.0836433964571774e-05
2012,E02005881,E07000174,5693,97155,43,2422,0.017753922378199834,101.07308009909165,female,30-34,166,0.02915861584401897,0.0005176798023504606,0.0004425917348566723,1.2905362372423608e-05
2012,E02005881,E07000174,5693,97155,43,2422,0.017753922378199834,101.07308009909165,male,30-34,156,0.0274020727208853,0.0004864942720883847,0.0004425917348566723,1.212793090420532e-05
2012,E02004038,E07000032,7843,97155,46,2744,0.016763848396501458,131.47886297376093,female,30-34,284,0.036210633686089504,0.0006070295734548532,0.0004734702279862076,1.7144656986877845e-05
2012,E02004038,E07000032,7843,97155,46,2744,0.016763848396501458,131.47886297376093,male,30-34,236,0.030090526584215224,0.0005044330258286809,0.0004734702279862076,1.4246968482053421e-05
2012,E02004036,E07000032,9930,97155,53,3520,0.015056818181818182,149.51420454545453,female,30-34,279,0.028096676737160122,0.00042304655314474046,0.0005455200452884565,1.5327300366110714e-05
2012,E02004036,E07000032,9930,97155,53,3520,0.015056818181818182,149.51420454545453,male,30-34,277,0.027895266868076536,0.00042001396136592513,0.0005455200452884565,1.5217427245206694e-05
2012,E02004033,E07000032,8889,97155,87,3254,0.026736324523663185,237.65918869084206,female,30-34,285,0.0320620992237597,0.0008572226897563289,0.0008954763007565231,2.8710850007380926e-05
2012,E02004033,E07000032,8889,97155,87,3254,0.026736324523663185,237.65918869084206,male,30-34,282,0.03172460344245697,0.0008481992930220518,0.0008954763007565231,2.8408630533619027e-05
2012,E02004034,E07000032,7217,97155,77,2551,0.03018424147393179,217.83967071736572,female,30-34,176,0.024386864348067062,0.0007360990022740744,0.0007925479903247388,1.932776032938257e-05
2012,E02004034,E07000032,7217,97155,77,2551,0.03018424147393179,217.83967071736572,male,30-34,150,0.020784259387557156,0.0006273571042108588,0.0007925479903247388,1.647252300799651e-05
2012,E02004035,E07000032,6545,97155,85,2141,0.039701074264362445,259.8435310602522,female,30-34,123,0.018792971734148206,0.0007461011664654822,0.0008748906386701663,1.6441795042999304e-05
2012,E02004035,E07000032,6545,97155,85,2141,0.039701074264362445,259.8435310602522,male,30-34,111,0.016959511077158138,0.0006733108087615328,0.0008748906386701663,1.4837717477828641e-05
2012,E02004043,E07000032,7034,97155,16,2595,0.006165703275529865,43.369556840077074,female,30-34,192,0.027295990901336366,0.00016829898050920304,0.00016468529669085483,4.495248360057453e-06
2012,E02004043,E07000032,7034,97155,16,2595,0.006165703275529865,43.369556840077074,male,30-34,170,0.024168325277224907,0.00014901472232585684,0.00016468529669085483,3.98016781880087e-06
2012,E02002820,E06000015,9785,97155,11,3613,0.003044561306393579,29.791032383061168,female,30-34,358,0.03658661216147164,0.00011139018371884529,0.00011322114147496269,4.142377991623571e-06
2012,E02002820,E06000015,9785,97155,11,3613,0.003044561306393579,29.791032383061168,male,30-34,336,0.0343382728666326,0.00010454497689813413,0.00011322114147496269,3.887818450238883e-06
2012,E02002801,E06000015,7589,97155,9,2732,0.003294289897510981,25.000366032210835,female,30-34,250,0.03294241665568586,0.00010852187038842342,9.263547938860583e-05,3.051636559118653e-06
2012,E02002801,E06000015,7589,97155,9,2732,0.003294289897510981,25.000366032210835,male,30-34,202,0.026617472657794176,8.768567127384612e-05,9.263547938860583e-05,2.465722339767872e-06
2012,E02002816,E06000015,9479,97155,9,2797,0.0032177332856632105,30.50089381480157,female,30-34,296,0.031226922671167844,0.00010047990848784791,9.263547938860583e-05,2.892720951474557e-06
2012,E02002816,E06000015,9479,97155,9,2797,0.0032177332856632105,30.50089381480157,male,30-34,260,0.02742905369764743,8.82593790771637e-05,9.263547938860583e-05,2.5409035384573813e-06
2012,E02002803,E06000015,7912,97155,8,2208,0.0036231884057971015,28.666666666666668,female,30-34,326,0.04120323559150657,0.00014928708547647308,8.234264834542741e-05,3.3927835390052245e-06
2012,E02002803,E06000015,7912,97155,8,2208,0.0036231884057971015,28.666666666666668,male,30-34,370,0.0467644084934277,0.00016943626265734674,8.234264834542741e-05,3.850705243656236e-06
2012,E02004084,E07000036,6139,97155,8,2240,0.0035714285714285713,21.925,female,30-34,163,0.026551555627952434,9.482698438554441e-05,8.234264834542741e-05,2.1863254080965414e-06
2012,E02004084,E07000036,6139,97155,8,2240,0.0035714285714285713,21.925,male,30-34,147,0.02394526795895097,8.551881413911061e-05,8.234264834542741e-05,1.9717167790809303e-06
2012,E02002825,E06000015,8582,97155,8,3211,0.002491435689816257,21.381501090003116,female,30-34,350,0.040783034257748776,0.00010160830708875436,8.234264834542741e-05,3.3581830483453267e-06
2012,E02002825,E06000015,8582,97155,8,3211,0.002491435689816257,21.381501090003116,male,30-34,271,0.031577720810999764,7.867386063157837e-05,8.234264834542741e-05,2.6001931602902387e-06
2012,E02004083,E07000036,7917,97155,8,2488,0.003215434083601286,25.456591639871384,female,30-34,285,0.03599848427434634,0.00011575075329371814,8.234264834542741e-05,2.9642105315708995e-06
2012,E02004083,E07000036,7917,97155,8,2488,0.003215434083601286,25.456591639871384,male,30-34,282,0.03561955286093217,0.000114532324311679,8.234264834542741e-05,2.9330083154491006e-06
2012,E02006872,E07000037,12346,97155,354,4893,0.07234825260576333,893.2115266707541,female,35-39,319,0.02583832820346671,0.0018693578957750285,0.003643662189285163,9.414613950931208e-05
2012,E02006872,E07000037,12346,97155,354,4893,0.07234825260576333,893.2115266707541,male,35-39,288,0.023327393487769316,0.001687696156687173,0.003643662189285163,8.4997141625962e-05
2012,E02004103,E07000037,7137,97155,89,3114,0.028580603725112397,203.97976878612718,female,35-39,213,0.029844472467423288,0.0008529730409764524,0.0009160619628428799,2.7339386028518064e-05
2012,E02004103,E07000037,7137,97155,89,3114,0.028580603725112397,203.97976878612718,male,35-39,202,0.028303208631077485,0.0008089227900340065,0.0009160619628428799,2.592749285333638e-05
2012,E02004097,E07000037,7704,97155,29,2762,0.010499637943519189,80.88921071687183,female,35-39,250,0.03245067497403946,0.0003407203382502333,0.0002984921002521744,9.686270127601712e-06
2012,E02004097,E07000037,7704,97155,29,2762,0.010499637943519189,80.88921071687183,male,35-39,263,0.03413811007268951,0.00035843779583924544,0.0002984921002521744,1.0189956174237002e-05
2012,E02004102,E07000037,8625,97155,96,3736,0.02569593147751606,221.627408993576,female,35-39,213,0.024695652173913042,0.00063457778605344,0.000988111780145129,2.440206483141014e-05
2012,E02004102,E07000037,8625,97155,96,3736,0.02569593147751606,221.627408993576,male,35-39,255,0.029565217391304348,0.0007597058002048226,0.000988111780145129,2.9213739586899464e-05
2012,E02004098,E07000037,7341,97155,47,3145,0.014944356120826709,109.70651828298887,female,35-39,246,0.03351042092357989,0.0005007916640407806,0.00048376305902938604,1.6211103735353354e-05
2012,E02004098,E07000037,7341,97155,47,3145,0.014944356120826709,109.70651828298887,male,35-39,199,0.027108023430050403,0.00040511195587038755,0.00048376305902938604,1.3113860338761453e-05
2012,E02004104,E07000037,7167,97155,84,2895,0.029015544041450778,207.95440414507772,female,35-39,212,0.029580019533975165,0.0008582803595350308,0.0008645978076269878,2.55748200386384e-05
2012,E02004104,E07000037,7167,97155,84,2895,0.029015544041450778,207.95440414507772,male,35-39,180,0.025115110925073254,0.0007287286071523846,0.0008645978076269878,2.1714469844126945e-05
2012,E02004100,E07000037,7641,97155,54,3050,0.017704918032786884,135.28327868852458,female,35-39,204,0.026698076168040832,0.0004726872501882639,0.000555812876331635,1.483913450747985e-05
2012,E02004100,E07000037,7641,97155,54,3050,0.017704918032786884,135.28327868852458,male,35-39,188,0.02460410940976312,0.0004356137403695765,0.000555812876331635,1.3675280820618685e-05
2012,E02004068,E07000035,7531,97155,1163,2634,0.4415337889141989,3325.190964312832,female,35-39,202,0.026822467135838534,0.01184302554251337,0.011970562503216509,0.00032108001934002585
2012,E02004068,E07000035,7531,97155,1163,2634,0.4415337889141989,3325.190964312832,male,35-39,164,0.021776656486522373,0.00961512964837719,0.011970562503216509,0.00026067882758299126
2012,E02006210,E07000198,5452,97155,24,1854,0.012944983818770227,70.57605177993528,female,35-39,150,0.027512839325018343,0.00035615325987078765,0.0002470279450362822,6.796440160572696e-06
2012,E02006210,E07000198,5452,97155,24,1854,0.012944983818770227,70.57605177993528,male,35-39,131,0.024027879677182687,0.0003110405136204879,0.0002470279450362822,5.935557740233487e-06
2012,E02006204,E07000198,7282,97155,11,2851,0.003858295334970186,28.096106629252894,female,35-39,210,0.028838231255149685,0.00011126641312053544,0.00011322114147496269,3.2650974608269934e-06
2012,E02006204,E07000198,7282,97155,11,2851,0.003858295334970186,28.096106629252894,male,35-39,191,0.02622905795111233,0.00010119945193343938,0.00011322114147496269,2.9696838810378844e-06
2012,E02004070,E07000035,6373,97155,1527,2452,0.6227569331158238,3968.829934747145,female,35-39,132,0.020712380354621057,0.012898778467172248,0.015717153002933457,0.0003255396510885323
2012,E02004070,E07000035,6373,97155,1527,2452,0.6227569331158238,3968.829934747145,male,35-39,136,0.02134002824415503,0.013289650541935046,0.015717153002933457,0.000335404489000306
2012,E02006803,E08000019,8747,97155,441,3080,0.1431818181818182,1252.4113636363636,female,35-39,306,0.03498342288784726,0.005008990095305404,0.004539138490041686,0.00015879460134363276
2012,E02006803,E08000019,8747,97155,441,3080,0.1431818181818182,1252.4113636363636,male,35-39,326,0.037269921115811136,0.005336375068854777,0.004539138490041686,0.0001691733334575957
2012,E02006869,E08000019,11118,97155,31,4236,0.007318224740321058,81.36402266288952,female,35-39,360,0.032379924446842956,0.00023696356417661276,0.0003190777623385312,1.0331713837189352e-05
2012,E02006869,E08000019,11118,97155,31,4236,0.007318224740321058,81.36402266288952,male,35-39,376,0.03381903220003598,0.00024749527814001783,0.0003190777623385312,1.0790901118842214e-05
2012,E02006868,E08000019,12500,97155,11,4482,0.0024542614904060687,30.67826863007586,female,35-39,326,0.02608,6.400713966979027e-05,0.00011322114147496269,2.952807369667027e-06
2012,E02006868,E08000019,12500,97155,11,4482,0.0024542614904060687,30.67826863007586,male,35-39,550,0.044,0.00010798750557786701,0.00011322114147496269,4.9817302248983585e-06
2012,E02004105,E07000038,9450,97155,1852,3263,0.5675758504443763,5363.591786699356,female,35-39,268,0.02835978835978836,0.016096330996729403,0.019062323091966444,0.0005406034485340748
2012,E02004105,E07000038,9450,97155,1852,3263,0.5675758504443763,5363.591786699356,male,35-39,236,0.024973544973544974,0.014174381026970669,0.019062323091966444,0.0004760537830374689
2012,E02001634,E08000019,9260,97155,11,3128,0.003516624040920716,32.56393861892583,female,35-39,304,0.03282937365010799,0.00011544856462633883,0.00011322114147496269,3.716979158573289e-06
2012,E02001634,E08000019,9260,97155,11,3128,0.003516624040920716,32.56393861892583,male,35-39,331,0.0357451403887689,0.00012570222003723078,0.00011322114147496269,4.047105596999207e-06
2012,E02001669,E08000019,7690,97155,45,2629,0.017116774438950173,131.62799543552683,female,35-39,270,0.035110533159947985,0.0006009790765301101,0.0004631773969430292,1.6262405354306617e-05
2012,E02001669,E08000019,7690,97155,45,2629,0.017116774438950173,131.62799543552683,male,35-39,272,0.03537061118335501,0.0006054307733932961,0.0004631773969430292,1.638286761619037e-05
2012,E02001660,E08000019,9889,97155,23,3458,0.006651243493348756,65.77414690572586,female,35-39,360,0.03640408534735565,0.00024213243579791204,0.0002367351139931038,8.618125294520918e-06
2012,E02001660,E08000019,9889,97155,23,3458,0.006651243493348756,65.77414690572586,male,35-39,418,0.042269187986651836,0.00028114266156535346,0.0002367351139931038,1.0006601036415955e-05
2012,E02001653,E08000019,7439,97155,9,2991,0.003009027081243731,22.384152457372114,female,35-39,239,0.03212797419007931,9.667394440344827e-05,9.263547938860583e-05,2.976190290882752e-06
2012,E02001653,E08000019,7439,97155,9,2991,0.003009027081243731,22.384152457372114,male,35-39,253,0.034009947573598605,0.00010233685328063772,9.263547938860583e-05,3.1505277974616585e-06
2012,E02001662,E08000019,7588,97155,15,3172,0.004728877679697352,35.8827238335435,female,35-39,249,0.032814971006852926,0.00015517798395422254,0.0001543924656476764,5.066384283905037e-06
2012,E02001662,E08000019,7588,97155,15,3172,0.004728877679697352,35.8827238335435,male,35-39,187,0.024644175013178702,0.00011653928915437594,0.0001543924656476764,3.8048749441375174e-06
2012,E02001655,E08000019,7681,97155,14,3228,0.004337050805452293,33.31288723667906,female,35-39,231,0.030074209087358417,0.00013043337274566848,0.00014409963460449796,4.3336825405076195e-06
2012,E02001655,E08000019,7681,97155,14,3228,0.004337050805452293,33.31288723667906,male,35-39,214,0.027860955604738967,0.0001208343799462037,0.00014409963460449796,4.0147535223750245e-06
2012,E02001650,E08000019,9415,97155,10,2336,0.004280821917808219,40.30393835616438,female,35-39,212,0.02251725969198088,9.63923788184113e-05,0.00010292831043178426,2.3176634956493106e-06
2012,E02001650,E08000019,9415,97155,10,2336,0.004280821917808219,40.30393835616438,male,35-39,302,0.03207647371216144,0.00013731367171301986,0.00010292831043178426,3.30157724380232e-06
2012,E02001627,E08000019,6085,97155,8,2236,0.0035778175313059034,21.77101967799642,female,35-39,241,0.039605587510271156,0.00014170156533191826,8.234264834542741e-05,3.26122896487231e-06
2012,E02001627,E08000019,6085,97155,8,2236,0.0035778175313059034,21.77101967799642,male,35-39,232,0.038126540673788005,0.00013640980563072632,8.234264834542741e-05,3.139440331329361e-06
2012,E02001656,E08000019,7888,97155,17,2300,0.007391304347826087,58.302608695652175,female,35-39,215,0.027256592292089248,0.00020146176911544226,0.00017497812773403323,4.769307487679658e-06
2012,E02001656,E08000019,7888,97155,17,2300,0.007391304347826087,58.302608695652175,male,35-39,249,0.03156693711967545,0.00023332083958020988,0.00017497812773403323,5.523523555498767e-06
2012,E02001666,E08000019,6153,97155,17,2708,0.006277695716395864,38.62666174298375,female,35-39,191,0.03104176824313343,0.00019487077552927191,0.00017497812773403323,5.431630488737258e-06
2012,E02001666,E08000019,6153,97155,17,2708,0.006277695716395864,38.62666174298375,male,35-39,188,0.030554201202665367,0.00019180997800786974,0.00017497812773403323,5.346316920851332e-06
2012,E02001678,E08000019,10006,97155,92,3559,0.025849957853329587,258.65467828041585,female,35-39,247,0.024685188886668,0.0006381110923218477,0.0009469404559724152,2.337540402010659e-05
2012,E02001678,E08000019,10006,97155,92,3559,0.025849957853329587,258.65467828041585,male,35-39,184,0.018388966620027983,0.000475354012094008,0.0009469404559724152,1.741325643603082e-05
2012,E02001680,E08000019,6098,97155,251,2873,0.08736512356421859,532.7525234946049,female,35-39,176,0.028861921941620204,0.0025215253767304807,0.002583500591837785,7.456479241775175e-05
2012,E02001680,E08000019,6098,97155,251,2873,0.08736512356421859,532.7525234946049,male,35-39,185,0.030337815677271236,0.0026504670153132894,0.002583500591837785,7.837776475729586e-05
2012,E02001642,E08000019,9800,97155,8,3907,0.002047606859482979,20.066547222933195,female,35-39,320,0.0326530612244898,6.6860632146383e-05,8.234264834542741e-05,2.688739537809875e-06
2012,E02001642,E08000019,9800,97155,8,3907,0.002047606859482979,20.066547222933195,male,35-39,364,0.037142857142857144,7.605396906651066e-05,8.234264834542741e-05,3.0584412242587324e-06
2012,E02001665,E08000019,9466,97155,44,3159,0.013928458372902817,131.84678695789808,female,35-39,243,0.025670821888865412,0.0003575549740772644,0.00045288456589985077,1.16259190274312e-05
2012,E02001665,E08000019,9466,97155,44,3159,0.013928458372902817,131.84678695789808,male,35-39,216,0.022818508345658146,0.000317826643624235,0.00045288456589985077,1.0334150246605511e-05
2012,E02001664,E08000019,6233,97155,26,2407,0.01080182800166182,67.32779393435813,female,35-39,208,0.0333707684902936,0.00036046530151542734,0.0002676136071226391,8.930471728141976e-06
2012,E02001664,E08000019,6233,97155,26,2407,0.01080182800166182,67.32779393435813,male,35-39,191,0.030643349911759987,0.00033100419514157025,0.0002676136071226391,8.200577404207295e-06
2012,E02001659,E08000019,6120,97155,10,2607,0.0038358266206367474,23.475258918296895,female,35-39,158,0.025816993464052286,9.902951079421667e-05,0.00010292831043178426,2.657299517683319e-06
2012,E02001659,E08000019,6120,97155,10,2607,0.0038358266206367474,23.475258918296895,male,35-39,196,0.03202614379084967,0.00012284673490928143,0.00010292831043178426,3.2963968700375348e-06
2012,E02001636,E08000019,9739,97155,8,3457,0.0023141452126120912,22.537460225629157,female,35-39,255,0.02618338638463908,6.059215825198514e-05,8.234264834542741e-05,2.156009377562788e-06
2012,E02001636,E08000019,9739,97155,8,3457,0.0023141452126120912,22.537460225629157,male,35-39,337,0.034603142006366154,8.007669541536858e-05,8.234264834542741e-05,2.8493143538770957e-06
2012,E02001679,E08000019,6324,97155,179,2654,0.06744536548605878,426.5244913338357,female,35-39,215,0.033997469955724224,0.002292971786765123,0.0018424167567289383,6.263750833281495e-05
2012,E02001679,E08000019,6324,97155,179,2654,0.06744536548605878,426.5244913338357,male,35-39,205,0.03241619228336496,0.002186321936217908,0.0018424167567289383,5.9724135852218905e-05
2012,E02001681,E08000019,7453,97155,157,2675,0.05869158878504673,437.4284112149533,female,35-39,238,0.03193344961760365,0.0018742248934444012,0.0016159744737790128,5.1603639441755677e-05
2012,E02001681,E08000019,7453,97155,157,2675,0.05869158878504673,437.4284112149533,male,35-39,216,0.02898161814034617,0.001700977214218448,0.0016159744737790128,4.6833555123610197e-05
2012,E02001657,E08000019,8992,97155,11,2789,0.003944065973467192,35.465041233417,female,35-39,362,0.040258007117437725,0.00015878023603148618,0.00011322114147496269,4.558057519343471e-06
2012,E02001657,E08000019,8992,97155,11,2789,0.003944065973467192,35.465041233417,male,35-39,329,0.03658807829181494,0.00014430579462530095,0.00011322114147496269,4.142543988574591e-06
2012,E02001671,E08000019,5902,97155,28,2247,0.012461059190031152,73.54517133956386,female,35-39,163,0.027617756692646562,0.0003441465008429478,0.0002881992692089959,7.959417296012596e-06
2012,E02001671,E08000019,5902,97155,28,2247,0.012461059190031152,73.54517133956386,male,35-39,131,0.02219586580820061,0.00027658399760997646,0.0002881992692089959,6.396832305384355e-06
2012,E02001652,E08000019,12526,97155,8,2986,0.0026791694574681848,33.55927662424648,female,35-39,254,0.020277822129969664,5.432772171458718e-05,8.234264834542741e-05,1.669729576859218e-06
2012,E02001652,E08000019,12526,97155,8,2986,0.0026791694574681848,33.55927662424648,male,35-39,328,0.026185534089094683,7.015548315899446e-05,8.234264834542741e-05,2.1561862252355252e-06
2012,E02001673,E08000019,5543,97155,43,1955,0.021994884910485932,121.91764705882352,female,35-39,188,0.03391665163268988,0.0007459928492100587,0.0004425917348566723,1.5011229686641601e-05
2012,E02001673,E08000019,5543,97155,43,1955,0.021994884910485932,121.91764705882352,male,35-39,203,0.03662276745444705,0.0008055135552640527,0.0004425917348566723,1.6208934182916195e-05
2012,E02001661,E08000019,7877,97155,14,3256,0.0042997542997543,33.86916461916462,female,35-39,236,0.029960644915576998,0.000128823411799164,0.00014409963460449796,4.317317984849755e-06
2012,E02001661,E08000019,7877,97155,14,3256,0.0042997542997543,33.86916461916462,male,35-39,248,0.031484067538402945,0.00013537375477200284,0.00014409963460449796,4.5368426281471995e-06
2012,E02001649,E08000019,9557,97155,9,4107,0.002191380569758948,20.943024105186268,female,35-39,289,0.030239614941927385,6.626650462073203e-05,9.263547938860583e-05,2.8012612266722912e-06
2012,E02001649,E08000019,9557,97155,9,4107,0.002191380569758948,20.943024105186268,male,35-39,267,0.027937637333891388,6.122199561846177e-05,9.263547938860583e-05,2.5880164274100406e-06
2012,E02001676,E08000019,5995,97155,109,2168,0.050276752767527674,301.4091328413284,female,35-39,152,0.02535446205170976,0.001274740020127474,0.0011219185837064484,2.8445642155693105e-05
2012,E02001676,E08000019,5995,97155,109,2168,0.050276752767527674,301.4091328413284,male,35-39,183,0.030525437864887407,0.0015347198926534721,0.0011219185837064484,3.424705601639367e-05
2012,E02001651,E08000019,8119,97155,13,2920,0.004452054794520548,36.146232876712325,female,35-39,226,0.027835940386747138,0.00012392713185880574,0.00013380680356131955,3.7246382072740754e-06
2012,E02001651,E08000019,8119,97155,13,2920,0.004452054794520548,36.146232876712325,male,35-39,215,0.02648109373075502,0.00011789528030815591,0.00013380680356131955,3.5433505069200273e-06
2012,E02001674,E08000019,8647,97155,130,3282,0.039609993906154786,342.50761730652044,female,35-39,251,0.029027408349716666,0.0011497754678437438,0.0013380680356131953,3.8840647269447446e-05
2012,E02001674,E08000019,8647,97155,130,3282,0.039609993906154786,342.50761730652044,male,35-39,240,0.027755290852318724,0.0010993869015238984,0.0013380680356131953,3.7138467508635004e-05
2012,E02001618,E08000019,9708,97155,8,3293,0.0024293956878226543,23.584573337382327,female,35-39,351,0.0361557478368356,8.783661788481168e-05,8.234264834542741e-05,2.977160029794502e-06
2012,E02001618,E08000019,9708,97155,8,3293,0.0024293956878226543,23.584573337382327,male,35-39,358,0.03687680263700041,8.958834530701589e-05,8.234264834542741e-05,3.036533591642255e-06
2012,E02001672,E08000019,6175,97155,39,2203,0.017703132092601,109.31684067181118,female,35-39,171,0.027692307692307693,0.0004902405810258739,0.0004014204106839586,1.11162575266327e-05
2012,E02001672,E08000019,6175,97155,39,2203,0.017703132092601,109.31684067181118,male,35-39,168,0.027206477732793524,0.0004816398690780515,0.0004014204106839586,1.0921235464761952e-05
2012,E02001675,E08000019,9063,97155,141,3730,0.03780160857908847,342.59597855227884,female,35-39,301,0.03321196071940859,0.001255465539259145,0.001451289177088158,4.820015914195472e-05
2012,E02001675,E08000019,9063,97155,141,3730,0.03780160857908847,342.59597855227884,male,35-39,243,0.026812313803376366,0.0010135485914949244,0.001451289177088158,3.8912420835531546e-05
2012,E02001670,E08000019,6002,97155,19,2500,0.0076,45.6152,female,35-39,182,0.03032322559146951,0.0002304565144951683,0.0001955637898203901,5.9301249162464175e-06
2012,E02001670,E08000019,6002,97155,19,2500,0.0076,45.6152,male,35-39,170,0.028323892035988004,0.00021526157947350882,0.0001955637898203901,5.5391276690213795e-06
2012,E02001639,E08000019,6154,97155,8,2044,0.003913894324853229,24.08610567514677,female,35-39,182,0.029574260643483914,0.00011575053089426188,8.234264834542741e-05,2.4352229442424096e-06
2012,E02001639,E08000019,6154,97155,8,2044,0.003913894324853229,24.08610567514677,male,35-39,221,0.03591160220994475,0.00014055421608588943,8.234264834542741e-05,2.9570564322943545e-06
2012,E02001663,E08000019,7671,97155,36,2525,0.014257425742574258,109.36871287128713,female,35-39,333,0.04341024638247947,0.0006189183642650539,0.00037054191755442334,1.6085315936073912e-05
2012,E02001663,E08000019,7671,97155,36,2525,0.014257425742574258,109.36871287128713,male,35-39,360,0.046929996089166995,0.0006691009343405988,0.00037054191755442334,1.7389530741701526e-05
2012,E02005888,E07000174,8284,97155,13,3488,0.0037270642201834864,30.875,female,35-39,267,0.0322308063737325,0.00012012628522320025,0.00013380680356131955,4.3127011770729504e-06
2012,E02005888,E07000174,8284,97155,13,3488,0.0037270642201834864,30.875,male,35-39,276,0.03331723804925157,0.00012417548584870138,0.00013380680356131955,4.458073126861925e-06
2012,E02005887,E07000174,9349,97155,23,4120,0.00558252427184466,52.19101941747572,female,35-39,305,0.032623810033158625,0.00018212321135015736,0.0002367351139931038,7.72320138708917e-06
2012,E02005887,E07000174,9349,97155,23,4120,0.00558252427184466,52.19101941747572,male,35-39,320,0.034228259706920526,0.00019108009059688643,0.0002367351139931038,8.103030963503392e-06
2012,E02005880,E07000174,6267,97155,70,2630,0.026615969581749048,166.8022813688213,female,35-39,156,0.02489229296314026,0.0006625325123269269,0.0007204981730224899,1.7934851602283136e-05
2012,E02005880,E07000174,6267,97155,70,2630,0.026615969581749048,166.8022813688213,male,35-39,153,0.024413595021541407,0.0006497915024744861,0.0007204981730224899,1.7589950609931538e-05
2012,E02005824,E07000170,9785,97155,37,3726,0.009930220075147612,97.16720343531938,female,35-39,348,0.035564639754726624,0.0003531646996577792,0.00038083474859760175,1.3544250639955586e-05
2012,E02005824,E07000170,9785,97155,37,3726,0.009930220075147612,97.16720343531938,male,35-39,317,0.03239652529381707,0.0003217046258376897,0.00038083474859760175,1.233772256570667e-05
2012,E02005819,E07000170,6111,97155,44,2362,0.018628281117696866,113.83742591024554,female,35-39,173,0.028309605629193258,0.0005273592919917457,0.00045288456589985077,1.282098345617316e-05
2012,E02005819,E07000170,6111,97155,44,2362,0.018628281117696866,113.83742591024554,male,35-39,147,0.024054982817869417,0.00044810298221263943,0.00045288456589985077,1.089413045119916e-05
2012,E02005891,E07000174,6437,97155,13,2886,0.0045045045045045045,28.995495495495494,female,35-39,193,0.029982911294081094,0.00013505815898234727,0.00013380680356131955,4.011917521723578e-06
2012,E02005891,E07000174,6437,97155,13,2886,0.0045045045045045045,28.995495495495494,male,35-39,196,0.030448966910051264,0.00013715750860383453,0.00013380680356131955,4.074278933978348e-06
2012,E02005825,E07000170,8073,97155,18,3312,0.005434782608695652,43.875,female,35-39,246,0.030471943515421776,0.0001656083886707705,0.00018527095877721167,5.64556619090723e-06
2012,E02005825,E07000170,8073,97155,18,3312,0.005434782608695652,43.875,male,35-39,242,0.029976464759073455,0.00016291556934279052,0.00018527095877721167,5.553768366664836e-06
2012,E02004029,E07000032,6402,97155,379,2746,0.13801893663510562,883.5972323379461,female,35-39,163,0.025460793502030614,0.003514071645036272,0.0039009829653646236,9.932212173608773e-05
2012,E02004029,E07000032,6402,97155,379,2746,0.13801893663510562,883.5972323379461,male,35-39,220,0.03436426116838488,0.004742918784711533,0.0039009829653646236,0.00013405439743521043
2012,E02004054,E07000033,8677,97155,295,3267,0.09029690847872666,783.5062748699113,female,35-39,275,0.031692981445199955,0.0028617782449752026,0.003036385157737636,9.623209846465944e-05
2012,E02004054,E07000033,8677,97155,295,3267,0.09029690847872666,783.5062748699113,male,35-39,264,0.030425262187391954,0.002747307115176194,0.003036385157737636,9.238281452607305e-05
2012,E02004050,E07000033,7057,97155,1059,3002,0.35276482345103266,2489.4613590939375,female,35-39,201,0.02848235794246847,0.010047573971044008,0.010900108074725953,0.0003104607797959355
2012,E02004050,E07000033,7057,97155,1059,3002,0.35276482345103266,2489.4613590939375,male,35-39,182,0.0257899957489018,0.009097803297164227,0.010900108074725953,0.00028111374090975254
2012,E02004051,E07000033,9152,97155,1124,3894,0.2886492039034412,2641.7175141242938,female,35-39,273,0.029829545454545456,0.008610274548256058,0.01156914209253255,0.00034510224991929486
2012,E02004051,E07000033,9152,97155,1124,3894,0.2886492039034412,2641.7175141242938,male,35-39,238,0.026005244755244756,0.007506393195915537,0.01156914209253255,0.00030085837172451346
2012,E02004049,E07000033,7821,97155,2582,3223,0.801116971765436,6265.535836177474,female,35-39,230,0.029408004091548395,0.023559251183486802,0.026576089753486697,0.0007815497562078941
2012,E02004049,E07000033,7821,97155,2582,3223,0.801116971765436,6265.535836177474,male,35-39,219,0.028001534330648253,0.022432504387754824,0.026576089753486697,0.000744171289606647
2012,E02004117,E07000038,7364,97155,2215,2973,0.7450386814665321,5486.464850319542,female,35-39,211,0.028652906029331886,0.021347523328277877,0.022798620760640213,0.0006532467382529991
2012,E02004117,E07000038,7364,97155,2215,2973,0.7450386814665321,5486.464850319542,male,35-39,193,0.026208582292232482,0.019526407594111988,0.022798620760640213,0.0005975195283546389
2012,E02004112,E07000038,6508,97155,2022,2401,0.8421491045397751,5480.706372344856,female,35-39,159,0.024431468961278426,0.020574939708331935,0.020812104369306778,0.0005084702819176057
2012,E02004112,E07000038,6508,97155,2022,2401,0.8421491045397751,5480.706372344856,male,35-39,148,0.022741241548862937,0.01915151620649765,0.020812104369306778,0.0004732930926025511
2012,E02004052,E07000033,7869,97155,1852,3077,0.601884952876178,4736.232694182645,female,35-39,217,0.02757656627271572,0.0165979202915403,0.019062323091966444,0.0005256734160575319
2012,E02004052,E07000033,7869,97155,1852,3077,0.601884952876178,4736.232694182645,male,35-39,220,0.02795780912441225,0.016827384627368047,0.019062323091966444,0.0005329407904730738
2012,E02004061,E07000034,7216,97155,2534,2904,0.8725895316804407,6296.60606060606,female,35-39,208,0.028824833702882482,0.02515224814156481,0.026082033863414133,0.0007518102887458619
2012,E02004061,E07000034,7216,97155,2534,2904,0.8725895316804407,6296.60606060606,male,35-39,204,0.02827050997782705,0.024668551061919335,0.026082033863414133,0.0007373523985776723
2012,E02004111,E07000038,5498,97155,1933,2254,0.857586512866016,4715.010647737356,female,35-39,153,0.02782830120043652,0.023865175785467523,0.019896042406463896,0.0005536730607837352
2012,E02004111,E07000038,5498,97155,1933,2254,0.857586512866016,4715.010647737356,male,35-39,140,0.025463805020007276,0.02183741575140819,0.019896042406463896,0.000506628944507993
2012,E02004062,E07000034,7987,97155,2706,3135,0.8631578947368421,6894.042105263158,female,35-39,213,0.02666833604607487,0.023018984797664625,0.02785240080284082,0.0007427771843001246
2012,E02004062,E07000034,7987,97155,2706,3135,0.8631578947368421,6894.042105263158,male,35-39,215,0.026918742957305623,0.023235125499990118,0.02785240080284082,0.0007497516179555249
2012,E02004048,E07000033,6835,97155,2283,2771,0.8238902923132443,5631.290147961025,female,35-39,218,0.031894659839063644,0.02627770061803764,0.023498533271576347,0.000749477725413847
2012,E02004048,E07000033,6835,97155,2283,2771,0.8238902923132443,5631.290147961025,male,35-39,202,0.029553767373811265,0.024349062040566985,0.023498533271576347,0.0006944701859339315
2012,E02004114,E07000038,7226,97155,2342,2813,0.8325630998933523,6016.100959829364,female,35-39,191,0.026432327705507887,0.022006580691894588,0.024105810303123875,0.0006371726775389787
2012,E02004114,E07000038,7226,97155,2342,2813,0.8325630998933523,6016.100959829364,male,35-39,190,0.02629393855521727,0.021891362991937023,0.024105810303123875,0.0006338366949340626
2012,E02004059,E07000034,7158,97155,2641,3075,0.8588617886178862,6147.7326829268295,female,35-39,207,0.028918692372170998,0.024837159855253206,0.027183366785034222,0.0007861074216962956
2012,E02004059,E07000034,7158,97155,2641,3075,0.8588617886178862,6147.7326829268295,male,35-39,202,0.028220173232746577,0.02423722845778332,0.027183366785034222,0.0007671193197229552
2012,E02004073,E07000035,9138,97155,2604,3611,0.7211298809194129,6589.6848518415945,female,35-39,269,0.029437513679142043,0.02122827073400329,0.02680253203643662,0.0007889999034582459
2012,E02004073,E07000035,9138,97155,2604,3611,0.7211298809194129,6589.6848518415945,male,35-39,220,0.024075289997811337,0.017361411009222023,0.02680253203643662,0.0006452787314528405
2012,E02004063,E07000034,7940,97155,2649,3057,0.8665358194308145,6880.294406280667,female,35-39,254,0.03198992443324937,0.027720415382295575,0.02726570943337965,0.0008722279843927495
2012,E02004063,E07000034,7940,97155,2649,3057,0.8665358194308145,6880.294406280667,male,35-39,211,0.026574307304785893,0.023027589156158924,0.02726570943337965,0.0007245673413656305
2012,E02004072,E07000035,8613,97155,2654,3330,0.796996996996997,6864.5351351351355,female,35-39,242,0.0280970625798212,0.022393274500554193,0.027317173588595544,0.0007675323358226079
2012,E02004072,E07000035,8613,97155,2654,3330,0.796996996996997,6864.5351351351355,male,35-39,221,0.025658887727853245,0.020450056465382137,0.027317173588595544,0.000700928290152051
2012,E02004046,E07000033,6301,97155,1091,2510,0.4346613545816733,2738.8011952191237,female,35-39,168,0.026662434534200922,0.011589129911080959,0.011229478668107662,0.0002994052398416263
2012,E02004046,E07000033,6301,97155,1091,2510,0.4346613545816733,2738.8011952191237,male,35-39,178,0.028249484208855737,0.012278959072454824,0.011229478668107662,0.00031722698030838974
2012,E02004067,E07000034,6422,97155,2390,2772,0.8621933621933622,5537.005772005772,female,35-39,165,0.025692930551230148,0.022152274176565675,0.02459986619319644,0.0006320426536713504
2012,E02004067,E07000034,6422,97155,2390,2772,0.8621933621933622,5537.005772005772,male,35-39,173,0.026938648396138274,0.02322632383361128,0.02459986619319644,0.0006626871459705675
2012,E02004065,E07000034,8352,97155,2549,3047,0.8365605513619954,6986.953724975385,female,35-39,204,0.02442528735632184,0.020433231857979774,0.02623642632906181,0.0006408322522903028
2012,E02004065,E07000034,8352,97155,2549,3047,0.8365605513619954,6986.953724975385,male,35-39,172,0.020593869731800767,0.017228019017512357,0.02623642632906181,0.0005403095460486867
2012,E02004071,E07000035,5146,97155,1549,1961,0.7899031106578276,4064.8414074451807,female,35-39,135,0.026233968130586864,0.020722293031248878,0.01594359528588338,0.0004182637706168396
2012,E02004071,E07000035,5146,97155,1549,1961,0.7899031106578276,4064.8414074451807,male,35-39,128,0.02487368830159347,0.019647803762961897,0.01594359528588338,0.00039657601954781827
2012,E02004064,E07000034,8842,97155,3131,3617,0.8656345037323749,7653.940282001659,female,35-39,313,0.035399230943225515,0.03064279571004675,0.03222685399619165,0.0011408058471847984
2012,E02004064,E07000034,8842,97155,3131,3617,0.8656345037323749,7653.940282001659,male,35-39,323,0.036530196788057,0.03162179876787572,0.03222685399619165,0.0011772533183408622
2012,E02004055,E07000034,7186,97155,2530,2997,0.8441775108441775,6066.259592926259,female,35-39,224,0.031171722794322294,0.026314467357235704,0.026040862539241417,0.0008117385483982852
2012,E02004055,E07000034,7186,97155,2530,2997,0.8441775108441775,6066.259592926259,male,35-39,204,0.028388533259114945,0.0239649613431968,0.026040862539241417,0.0007392618922912954
2012,E02004057,E07000034,7721,97155,2725,3172,0.8590794451450189,6632.95239596469,female,35-39,280,0.03626473254759746,0.031154286315322535,0.02804796459266121,0.0010171519344573422
2012,E02004057,E07000034,7721,97155,2725,3172,0.8590794451450189,6632.95239596469,male,35-39,296,0.03833700297888874,0.03293453124762668,0.02804796459266121,0.0010752749021406187
2012,E02005847,E07000171,6740,97155,22,2812,0.007823613086770981,52.73115220483641,female,35-39,178,0.026409495548961423,0.00020661767499187457,0.00022644228294992538,5.980226463662718e-06
2012,E02005847,E07000171,6740,97155,22,2812,0.007823613086770981,52.73115220483641,male,35-39,211,0.03130563798219584,0.0002449231990072221,0.00022644228294992538,7.088920133892322e-06
2012,E02004115,E07000038,8980,97155,2819,3379,0.8342704942290619,7491.749038176976,female,35-39,261,0.029064587973273943,0.0242477281730273,0.029015490710719984,0.0008433232823494339
2012,E02004115,E07000038,8980,97155,2819,3379,0.8342704942290619,7491.749038176976,male,35-39,246,0.027394209354120267,0.022854180576876305,0.029015490710719984,0.0007948564270419951
2012,E02005848,E07000171,6722,97155,116,2708,0.04283604135893648,287.94387001477105,female,35-39,183,0.027224040464147576,0.001166170123279586,0.0011939684010086975,3.250464406197436e-05
2012,E02005848,E07000171,6722,97155,116,2708,0.04283604135893648,287.94387001477105,male,35-39,162,0.024099970246950313,0.0010323473222475022,0.0011939684010086975,2.877460294010845e-05
2012,E02004066,E07000034,11788,97155,3870,4535,0.8533627342888643,10059.439911797133,female,35-39,394,0.0334238208347472,0.028522643137920984,0.03983325613710051,0.0013313796163910419
2012,E02004066,E07000034,11788,97155,3870,4535,0.8533627342888643,10059.439911797133,male,35-39,356,0.03020020359687818,0.02577172831751236,0.03983325613710051,0.0012029724452670327
2012,E02004110,E07000038,7526,97155,1841,2781,0.6619920891765552,4982.152463142754,female,35-39,261,0.03467977677385065,0.022957737878697967,0.018949101950491484,0.0006571506257079826
2012,E02004110,E07000038,7526,97155,1841,2781,0.6619920891765552,4982.152463142754,male,35-39,240,0.0318894499069891,0.02111056356661882,0.018949101950491484,0.0006042764374326276
2012,E02004060,E07000034,7633,97155,2906,3387,0.8579864186595807,6549.010333628579,female,35-39,235,0.03078737062753832,0.026415145864666773,0.029910967011476507,0.0009208800272103995
2012,E02004060,E07000034,7633,97155,2906,3387,0.8579864186595807,6549.010333628579,male,35-39,223,0.029215249574217214,0.025066287352428468,0.029910967011476507,0.0008738563662464641
2012,E02006804,E07000038,8215,97155,2323,3176,0.7314231738035264,6008.641372795969,female,35-39,256,0.031162507608034084,0.022792980218344826,0.023910246513303483,0.0007451032388807903
2012,E02006804,E07000038,8215,97155,2323,3176,0.7314231738035264,6008.641372795969,male,35-39,242,0.02945830797321972,0.021546489112654093,0.023910246513303483,0.000704355405504497
2012,E02001609,E08000018,8379,97155,15,3753,0.003996802557953637,33.489208633093526,female,35-39,232,0.02768826828977205,0.0001106645415258675,0.0001543924656476764,4.274860010772279e-06
2012,E02001609,E08000018,8379,97155,15,3753,0.003996802557953637,33.489208633093526,male,35-39,190,0.022675736961451247,9.063044349101218e-05,0.0001543924656476764,3.5009629398566073e-06
2012,E02005840,E07000171,9163,97155,27,3537,0.007633587786259542,69.94656488549619,female,35-39,341,0.03721488595438175,0.0002840830988884103,0.0002779064381658175,1.0342256402329343e-05
2012,E02005840,E07000171,9163,97155,27,3537,0.007633587786259542,69.94656488549619,male,35-39,298,0.03252209974899051,0.00024826030342740845,0.0002779064381658175,9.03810090291538e-06
2012,E02005842,E07000171,8570,97155,8,3161,0.002530844669408415,21.689338816830116,female,35-39,268,0.03127187864644107,7.914426737473222e-05,8.234264834542741e-05,2.5750093064847777e-06
2012,E02005842,E07000171,8570,97155,8,3161,0.002530844669408415,21.689338816830116,male,35-39,234,0.027304550758459743,6.910357673763934e-05,8.234264834542741e-05,2.248329021333724e-06
2012,E02004106,E07000038,6998,97155,1667,2703,0.6167221605623382,4315.821679615243,female,35-39,174,0.024864246927693626,0.015334332086002692,0.017158149348978437,0.0004266244622352455
2012,E02004106,E07000038,6998,97155,1667,2703,0.6167221605623382,4315.821679615243,male,35-39,153,0.021863389539868532,0.013483636834243745,0.017158149348978437,0.00037513530299995723
2012,E02001603,E08000018,6481,97155,11,2853,0.00385559060637925,24.988082719943918,female,35-39,180,0.027773491745101065,0.00010708321387876331,0.00011322114147496269,3.144546438125796e-06
2012,E02001603,E08000018,6481,97155,11,2853,0.00385559060637925,24.988082719943918,male,35-39,175,0.0270020058632927,0.00010410868015990877,0.00011322114147496269,3.057197925955635e-06
2012,E02006903,E07000171,11081,97155,27,4864,0.005550986842105263,61.51048519736842,female,35-39,308,0.027795325331648767,0.0001542914851880174,0.0002779064381658175,7.72449986057863e-06
2012,E02006903,E07000171,11081,97155,27,4864,0.005550986842105263,61.51048519736842,male,35-39,277,0.024997743885930873,0.00013876214739311956,0.0002779064381658175,6.947033965520391e-06
2012,E02001600,E08000018,10943,97155,12,4915,0.0024415055951169887,26.717395727365208,female,35-39,297,0.0271406378506808,6.62640191674811e-05,0.0001235139725181411,3.3522479976138086e-06
2012,E02001600,E08000018,10943,97155,12,4915,0.0024415055951169887,26.717395727365208,male,35-39,325,0.029699351183404915,7.251113208562747e-05,0.0001235139725181411,3.6682848458736963e-06
2012,E02004108,E07000038,7577,97155,2137,3061,0.6981378634433192,5289.790591310029,female,35-39,204,0.02692358453213673,0.018796373781501535,0.021995779939272295,0.0005922052405452749
2012,E02004108,E07000038,7577,97155,2137,3061,0.6981378634433192,5289.790591310029,male,35-39,204,0.02692358453213673,0.018796373781501535,0.021995779939272295,0.0005922052405452749
2012,E02004116,E07000038,8093,97155,3114,3628,0.8583241455347299,6946.417309812569,female,35-39,245,0.030273075497343382,0.025984111658965626,0.03205187586845762,0.000970308857997296
2012,E02004116,E07000038,8093,97155,3114,3628,0.8583241455347299,6946.417309812569,male,35-39,236,0.029161003336216483,0.02502959327149342,0.03205187586845762,0.0009346648591320892
2012,E02004069,E07000035,6731,97155,1423,2306,0.6170858629661752,4153.604943625325,female,35-39,145,0.021542118555935224,0.013293336819208943,0.014646698574442901,0.0003155209171436964
2012,E02004069,E07000035,6731,97155,1423,2306,0.6170858629661752,4153.604943625325,male,35-39,130,0.019313623532907442,0.011918164044808019,0.014646698574442901,0.0002828808222667623
2012,E02004109,E07000038,6688,97155,1567,2568,0.610202492211838,4081.0342679127725,female,35-39,180,0.026913875598086126,0.016422913965031524,0.016128866244660593,0.00043409029964696575
2012,E02004109,E07000038,6688,97155,1567,2568,0.610202492211838,4081.0342679127725,male,35-39,140,0.020933014354066987,0.012773377528357853,0.016128866244660593,0.0003376257886143067
2012,E02004056,E07000034,7708,97155,3030,3494,0.8672009158557528,6684.384659416142,female,35-39,267,0.03463933575505968,0.03003926369142268,0.03118727806083063,0.0010803065960355187
2012,E02004056,E07000034,7708,97155,3030,3494,0.8672009158557528,6684.384659416142,male,35-39,207,0.026855215360664243,0.02328886735627151,0.03118727806083063,0.0008375410688365257
2012,E02004058,E07000034,7835,97155,3009,3480,0.8646551724137931,6774.573275862069,female,35-39,217,0.02769623484365029,0.023947692713949344,0.030971128608923884,0.0008577836513256519
2012,E02004058,E07000034,7835,97155,3009,3480,0.8646551724137931,6774.573275862069,male,35-39,207,0.026419910657306957,0.022844112404550757,0.030971128608923884,0.0008182544508037325
2012,E02005843,E07000171,6511,97155,23,2673,0.008604564160119716,56.024317246539475,female,35-39,230,0.035324834894793426,0.00030395480829788587,0.0002367351139931038,8.362628815606492e-06
2012,E02005843,E07000171,6511,97155,23,2673,0.008604564160119716,56.024317246539475,male,35-39,212,0.03256028259867916,0.00028016704069196434,0.0002367351139931038,7.708162212645984e-06
2012,E02005846,E07000171,6659,97155,12,3337,0.003596044351213665,23.946059334731796,female,35-39,234,0.035140411473194175,0.00012636647817750377,0.0001235139725181411,4.340331816976276e-06
2012,E02005846,E07000171,6659,97155,12,3337,0.003596044351213665,23.946059334731796,male,35-39,236,0.03544075687040096,0.00012744653354654226,0.0001235139725181411,4.3774286701128255e-06
2012,E02001608,E08000018,6925,97155,12,3083,0.003892312682452157,26.954265325981186,female,35-39,228,0.03292418772563177,0.0001281512334439122,0.0001235139725181411,4.066597217925802e-06
2012,E02001608,E08000018,6925,97155,12,3083,0.003892312682452157,26.954265325981186,male,35-39,232,0.03350180505415162,0.00013039950069731413,0.0001235139725181411,4.137941028766605e-06
2012,E02001610,E08000018,8312,97155,39,3825,0.01019607843137255,84.74980392156863,female,35-39,243,0.029234841193455246,0.00029808073373719074,0.0004014204106839586,1.1735461958157115e-05
2012,E02001610,E08000018,8312,97155,39,3825,0.01019607843137255,84.74980392156863,male,35-39,236,0.028392685274302214,0.0002894940459340618,0.0004014204106839586,1.1397403383230779e-05
2012,E02004113,E07000038,9224,97155,3474,4038,0.8603268945022289,7935.655274888559,female,35-39,254,0.02753686036426713,0.023690701561531455,0.03575729504400185,0.0009846436406305802
2012,E02004113,E07000038,9224,97155,3474,4038,0.8603268945022289,7935.655274888559,male,35-39,268,0.029054640069384217,0.024996488261773347,0.03575729504400185,0.00103891533735825
2012,E02001605,E08000018,7380,97155,12,3095,0.0038772213247172858,28.613893376413568,female,35-39,212,0.02872628726287263,0.0001113781735555643,0.0001235139725181411,3.548097855534677e-06
2012,E02001605,E08000018,7380,97155,12,3095,0.0038772213247172858,28.613893376413568,male,35-39,212,0.02872628726287263,0.0001113781735555643,0.0001235139725181411,3.548097855534677e-06
2012,E02001607,E08000018,8856,97155,12,4092,0.002932551319648094,25.970674486803517,female,35-39,232,0.026196928635953028,7.682383764209099e-05,0.0001235139725181411,3.2356867236008064e-06
2012,E02001607,E08000018,8856,97155,12,4092,0.002932551319648094,25.970674486803517,male,35-39,227,0.0256323396567299,7.516815148601143e-05,0.0001235139725181411,3.1659520959369957e-06
2012,E02004045,E07000033,9079,97155,2469,3220,0.7667701863354037,6961.50652173913,female,35-39,255,0.02808679369974667,0.021536116038718797,0.025412999845607534,0.0007137696839552728
2012,E02004045,E07000033,9079,97155,2469,3220,0.7667701863354037,6961.50652173913,male,35-39,284,0.031280978081286485,0.02398532139214172,0.025412999845607534,0.0007949434911501862
2012,E02001606,E08000018,8011,97155,10,3937,0.00254000508001016,20.347980695961393,female,35-39,240,0.029958806640868807,7.60955210588489e-05,0.00010292831043178426,3.0836093500971443e-06
2012,E02001606,E08000018,8011,97155,10,3937,0.00254000508001016,20.347980695961393,male,35-39,196,0.024466358756709525,6.214467553139325e-05,0.00010292831043178426,2.5182809692460012e-06
2012,E02005838,E07000171,8043,97155,11,3413,0.0032229709932610606,25.92235569879871,female,35-39,220,0.027352977744622652,8.815785385023416e-05,0.00011322114147496269,3.0969353629854272e-06
2012,E02005838,E07000171,8043,97155,11,3413,0.0032229709932610606,25.92235569879871,male,35-39,203,0.025239338555265448,8.134565605271606e-05,0.00011322114147496269,2.85762672130019e-06
2012,E02004047,E07000033,5751,97155,756,2604,0.2903225806451613,1669.6451612903227,female,35-39,191,0.03321161537123978,0.00964208188197284,0.00778138026864289,0.00025843220853952214
2012,E02004047,E07000033,5751,97155,756,2604,0.2903225806451613,1669.6451612903227,male,35-39,187,0.03251608415927665,0.009440153465596447,0.00778138026864289,0.00025302001569052696
2012,E02005894,E07000175,10073,97155,18,4140,0.004347826086956522,43.79565217391304,female,35-39,350,0.03474635163307853,0.00015107109405686317,0.00018527095877721167,6.437489881070593e-06
2012,E02005894,E07000175,10073,97155,18,4140,0.004347826086956522,43.79565217391304,male,35-39,307,0.03047751414672888,0.00013251093107273426,0.00018527095877721167,5.646598267110492e-06
2012,E02005889,E07000174,10157,97155,24,4422,0.005427408412483039,55.12618724559022,female,35-39,306,0.030127006005710347,0.00016351156583831937,0.0002470279450362822,7.44221238368636e-06
2012,E02005889,E07000174,10157,97155,24,4422,0.005427408412483039,55.12618724559022,male,35-39,275,0.027074923697942305,0.00014694666864554845,0.0002470279450362822,6.688262763116827e-06
2012,E02004053,E07000033,7938,97155,492,3108,0.1583011583011583,1256.5945945945946,female,35-39,245,0.030864197530864196,0.0048858382191715516,0.005064072873243786,0.0001562985454704872
2012,E02004053,E07000033,7938,97155,492,3108,0.1583011583011583,1256.5945945945946,male,35-39,287,0.036155202821869487,0.005723410485315246,0.005064072873243786,0.00018309258183685643
2012,E02004031,E07000032,7666,97155,164,3159,0.051915163026274136,397.98163975941753,female,35-39,246,0.03208974693451604,0.0016659444435772812,0.001688024291081262,5.416827232011354e-05
2012,E02004031,E07000032,7666,97155,164,3159,0.051915163026274136,397.98163975941753,male,35-39,268,0.03495956170101748,0.001814931345035412,0.001688024291081262,5.9012589356871665e-05
2012,E02005883,E07000174,7845,97155,32,3272,0.009779951100244499,76.72371638141809,female,35-39,235,0.02995538559592097,0.0002929622063170755,0.00032937059338170965,9.866423128706408e-06
2012,E02005883,E07000174,7845,97155,32,3272,0.009779951100244499,76.72371638141809,male,35-39,236,0.030082855321861057,0.0002942088540035311,0.00032937059338170965,9.908407907977499e-06
2012,E02005822,E07000170,9777,97155,24,3954,0.006069802731411229,59.34446130500759,female,35-39,337,0.03446865091541373,0.00020921791147443842,0.0002470279450362822,8.514720003807621e-06
2012,E02005822,E07000170,9777,97155,24,3954,0.006069802731411229,59.34446130500759,male,35-39,327,0.033445842282908866,0.00020300966484314943,0.0002470279450362822,8.262057689154575e-06
2012,E02004030,E07000032,5665,97155,510,2112,0.24147727272727273,1367.96875,female,35-39,140,0.02471315092674316,0.0059676642862874114,0.005249343832020997,0.0001297278263871032
2012,E02004030,E07000032,5665,97155,510,2112,0.24147727272727273,1367.96875,male,35-39,121,0.021359223300970873,0.0051577669902912624,0.005249343832020997,0.00011212190709171062
2012,E02004032,E07000032,8284,97155,184,2974,0.06186953597848016,512.5272360457296,female,35-39,223,0.026919362626750362,0.0016654884745534858,0.0018938809119448303,5.098206704052356e-05
2012,E02004032,E07000032,8284,97155,184,2974,0.06186953597848016,512.5272360457296,male,35-39,260,0.031385803959439885,0.001941825127282091,0.0018938809119448303,5.9440975024825676e-05
2012,E02004075,E07000035,7458,97155,155,2523,0.06143479984145858,458.1807372175981,female,35-39,160,0.02145347278090641,0.001317989806199165,0.0015953888116926561,3.422663044661102e-05
2012,E02004075,E07000035,7458,97155,155,2523,0.06143479984145858,458.1807372175981,male,35-39,149,0.019978546527219095,0.0012273780070229726,0.0015953888116926561,3.187354960340651e-05
2012,E02004074,E07000035,5875,97155,386,2042,0.1890303623898139,1110.5533790401566,female,35-39,159,0.027063829787234043,0.0051158855523370916,0.003973032782666873,0.00010752548296919706
2012,E02004074,E07000035,5875,97155,386,2042,0.1890303623898139,1110.5533790401566,male,35-39,142,0.024170212765957447,0.004568904078187843,0.003973032782666873,9.602904768318228e-05
2012,E02002806,E06000015,6527,97155,11,1899,0.005792522380200105,37.80779357556609,female,35-39,158,0.02420713957407691,0.00014022039774346813,0.00011322114147496269,2.74075997442073e-06
2012,E02002806,E06000015,6527,97155,11,1899,0.005792522380200105,37.80779357556609,male,35-39,203,0.031101578060364638,0.00018015658697420275,0.00011322114147496269,3.5213561696671405e-06
2012,E02002815,E06000015,7881,97155,11,2837,0.0038773352132534366,30.557278815650335,female,35-39,289,0.0366704732901916,0.00014218371737472952,0.00011322114147496269,4.151872844342624e-06
2012,E02002815,E06000015,7881,97155,11,2837,0.0038773352132534366,30.557278815650335,male,35-39,297,0.037685572896840505,0.000146119598824549,0.00011322114147496269,4.266803580518198e-06
2012,E02002811,E06000015,10268,97155,11,3874,0.002839442436757873,29.15539494062984,female,35-39,335,0.03262563303467082,9.263860696473389e-05,0.00011322114147496269,3.6939114135286817e-06
2012,E02002811,E06000015,10268,97155,11,3874,0.002839442436757873,29.15539494062984,male,35-39,461,0.04489676665368134,0.00012748178450967858,0.00011322114147496269,5.083263169064843e-06
2012,E02004118,E07000039,6815,97155,10,2416,0.0041390728476821195,28.207781456953644,female,35-39,240,0.03521643433602348,0.00014576338715241506,0.00010292831043178426,3.6247680856387706e-06
2012,E02004118,E07000039,6815,97155,10,2416,0.0041390728476821195,28.207781456953644,male,35-39,197,0.028906823184152605,0.00011964744695427404,0.00010292831043178426,2.9753304702951574e-06
2012,E02006827,E07000032,7622,97155,12,2775,0.004324324324324324,32.96,female,35-39,205,0.026895827866701652,0.00011630628266681795,0.0001235139725181411,3.322010543980442e-06
2012,E02006827,E07000032,7622,97155,12,2775,0.004324324324324324,32.96,male,35-39,199,0.02610863290474941,0.00011290219634486232,0.0001235139725181411,3.2247809670834536e-06
2012,E02005823,E07000170,7513,97155,13,3531,0.0036816765788728408,27.660436137071652,female,35-39,193,0.02568880606947957,9.45778756452094e-05,0.00013380680356131955,3.437337027463686e-06
2012,E02005823,E07000170,7513,97155,13,3531,0.0036816765788728408,27.660436137071652,male,35-39,172,0.022893651004924798,8.42870187097203e-05,0.00013380680356131955,3.0633262628173785e-06
2012,E02005890,E07000174,6715,97155,13,2532,0.005134281200631911,34.47669826224328,female,35-39,192,0.028592702903946388,0.0001468029769949854,0.00013380680356131955,3.825898180755525e-06
2012,E02005890,E07000174,6715,97155,13,2532,0.005134281200631911,34.47669826224328,male,35-39,201,0.029932985852568875,0.00015368436654162535,0.00013380680356131955,4.005237157978441e-06
2012,E02004040,E07000032,9078,97155,13,2840,0.004577464788732394,41.554225352112674,female,35-39,303,0.0333773959021811,0.00015278385448181487,0.00013380680356131955,4.466122656871538e-06
2012,E02004040,E07000032,9078,97155,13,2840,0.004577464788732394,41.554225352112674,male,35-39,302,0.03326723948006169,0.00015227961733831055,0.00013380680356131955,4.451382978135989e-06
2012,E02002821,E06000015,11377,97155,13,4175,0.0031137724550898203,35.425389221556884,female,35-39,380,0.03340072075239518,0.00010400224425895506,0.00013380680356131955,4.469243680522232e-06
2012,E02002821,E06000015,11377,97155,13,4175,0.0031137724550898203,35.425389221556884,male,35-39,347,0.03050013184495034,9.497047041541423e-05,0.00013380680356131955,4.081125150371617e-06
2012,E02002824,E06000015,9562,97155,13,3558,0.0036537380550871277,34.93704328274311,female,35-39,346,0.03618489855678728,0.00013221014087640097,0.00013380680356131955,4.841785613074311e-06
2012,E02002824,E06000015,9562,97155,13,3558,0.0036537380550871277,34.93704328274311,male,35-39,348,0.03639405982012131,0.00013297436134389462,0.00013380680356131955,4.869772813149885e-06
2012,E02005827,E07000170,8446,97155,14,3234,0.004329004329004329,36.56277056277056,female,35-39,253,0.029955008287946956,0.00012967536055388291,0.00014409963460449796,4.316505748867864e-06
2012,E02005827,E07000170,8446,97155,14,3234,0.004329004329004329,36.56277056277056,male,35-39,255,0.030191806772436658,0.0001307004622183405,0.00014409963460449796,4.350628323957729e-06
2012,E02002813,E06000015,10537,97155,14,4158,0.003367003367003367,35.47811447811448,female,35-39,333,0.03160292303312138,0.00010640714825966794,0.00014409963460449796,4.553969661506863e-06
2012,E02002813,E06000015,10537,97155,14,4158,0.003367003367003367,35.47811447811448,male,35-39,519,0.04925500616873873,0.0001658417716119149,0.00014409963460449796,7.097628391357543e-06
2012,E02004080,E07000036,9536,97155,15,3327,0.004508566275924256,42.993688007213706,female,35-39,286,0.029991610738255032,0.00013521916473514442,0.0001543924656476764,4.630478730624522e-06
2012,E02004080,E07000036,9536,97155,15,3327,0.004508566275924256,42.993688007213706,male,35-39,301,0.03156459731543624,0.00014231107896950514,0.0001543924656476764,4.873336006706228e-06
2012,E02004076,E07000035,6658,97155,15,2298,0.006527415143603133,43.45953002610966,female,35-39,206,0.03094022228897567,0.00020195967551550698,0.0001543924656476764,4.776937206882147e-06
2012,E02004076,E07000035,6658,97155,15,2298,0.006527415143603133,43.45953002610966,male,35-39,200,0.030039050765995796,0.00019607735486942425,0.0001543924656476764,4.6378031134778135e-06
2012,E02005830,E07000170,6081,97155,17,2266,0.007502206531332745,45.620917917034426,female,35-39,162,0.026640355204736062,0.0001998614468139952,0.00017497812773403323,4.661479475894324e-06
2012,E02005830,E07000170,6081,97155,17,2266,0.007502206531332745,45.620917917034426,male,35-39,165,0.02713369511593488,0.00020356258471795807,0.00017497812773403323,4.747803169892367e-06
2012,E02002808,E06000015,12033,97155,18,3850,0.004675324675324675,56.25818181818182,female,35-39,300,0.024931438544003988,0.00011656256981612254,0.00018527095877721167,4.619071522742749e-06
2012,E02002808,E06000015,12033,97155,18,3850,0.004675324675324675,56.25818181818182,male,35-39,492,0.040887559212166545,0.000191162614498441,0.00018527095877721167,7.575277297298109e-06
2012,E02005884,E07000174,6034,97155,18,2478,0.007263922518159807,43.83050847457627,female,35-39,167,0.027676499834272457,0.00020103995037001787,0.00018527095877721167,5.127651659892998e-06
2012,E02005884,E07000174,6034,97155,18,2478,0.007263922518159807,43.83050847457627,male,35-39,155,0.025687769307258867,0.00018659396591229202,0.00018527095877721167,4.759197648403681e-06
2012,E02005892,E07000174,11677,97155,19,4381,0.004336909381419767,50.64209084683862,female,35-39,412,0.03528303502611972,0.00015301932560974086,0.0001955637898203901,6.9000840460735396e-06
2012,E02005892,E07000174,11677,97155,19,4381,0.004336909381419767,50.64209084683862,male,35-39,365,0.031258028603237134,0.00013556323749406654,0.0001955637898203901,6.112938535963209e-06
2012,E02005820,E07000170,5704,97155,24,2206,0.010879419764279238,62.056210335448775,female,35-39,144,0.025245441795231416,0.0002746557584250018,0.0002470279450362822,6.236329608209088e-06
2012,E02005820,E07000170,5704,97155,24,2206,0.010879419764279238,62.056210335448775,male,35-39,165,0.028927068723702664,0.00031470972319531455,0.0002470279450362822,7.14579434273958e-06
2012,E02005886,E07000174,10342,97155,26,4259,0.0061047194177036865,63.135008217891524,female,35-39,314,0.030361632179462385,0.0001853492455191411,0.0002676136071226391,8.125185905676723e-06
2012,E02005886,E07000174,10342,97155,26,4259,0.0061047194177036865,63.135008217891524,male,35-39,287,0.027750918584413073,0.00016941157154138058,0.0002676136071226391,7.426523423341464e-06
2012,E02004039,E07000032,8055,97155,27,2575,0.010485436893203883,84.46019417475728,female,35-39,289,0.03587833643699565,0.00037620003254325535,0.0002779064381658175,9.97082068652033e-06
2012,E02004039,E07000032,8055,97155,27,2575,0.010485436893203883,84.46019417475728,male,35-39,233,0.028926132836747363,0.0003033031404241471,0.0002779064381658175,8.038758546571753e-06
2012,E02005829,E07000170,6670,97155,27,2570,0.010505836575875487,70.0739299610895,female,35-39,207,0.03103448275862069,0.00032604320407889444,0.0002779064381658175,8.62468256376675e-06
2012,E02005829,E07000170,6670,97155,27,2570,0.010505836575875487,70.0739299610895,male,35-39,177,0.02653673163418291,0.0002787905658065909,0.0002779064381658175,7.374728569017946e-06
2012,E02005882,E07000174,7817,97155,29,3133,0.00925630386211299,72.35652729013725,female,35-39,230,0.029423052321862608,0.00027234871284200944,0.0002984921002521744,8.782548683382386e-06
2012,E02005882,E07000174,7817,97155,29,3133,0.00925630386211299,72.35652729013725,male,35-39,218,0.027887936548548035,0.0002581392147806872,0.0002984921002521744,8.324328752075478e-06
2012,E02005885,E07000174,8195,97155,34,3621,0.009389671361502348,76.94835680751174,female,35-39,235,0.02867602196461257,0.0002692584222029349,0.00034995625546806647,1.0035353268455843e-05
2012,E02005885,E07000174,8195,97155,34,3621,0.009389671361502348,76.94835680751174,male,35-39,194,0.023672971323978036,0.0002222814208824229,0.00034995625546806647,8.28450440034227e-06
2012,E02005821,E07000170,6379,97155,34,2601,0.013071895424836602,83.38562091503269,female,35-39,179,0.028060824580655275,0.00036680816445301017,0.00034995625546806647,9.820061095592397e-06
2012,E02005821,E07000170,6379,97155,34,2601,0.013071895424836602,83.38562091503269,male,35-39,225,0.03527198620473428,0.00046107171509456583,0.00034995625546806647,1.2343652215130108e-05
2012,E02004037,E07000032,7801,97155,43,2364,0.018189509306260575,141.89636209813875,female,35-39,273,0.0349955133957185,0.0006365512165887883,0.0004425917348566723,1.5488724986010964e-05
2012,E02004037,E07000032,7801,97155,43,2364,0.018189509306260575,141.89636209813875,male,35-39,228,0.02922702217664402,0.0005316251918763506,0.0004425917348566723,1.2935638449855311e-05
2012,E02005881,E07000174,5693,97155,43,2422,0.017753922378199834,101.07308009909165,female,35-39,144,0.02529422097312489,0.00044907163577389354,0.0004425917348566723,1.1195013142343371e-05
2012,E02005881,E07000174,5693,97155,43,2422,0.017753922378199834,101.07308009909165,male,35-39,134,0.023537677849991216,0.0004178861055118176,0.0004425917348566723,1.041758167412508e-05
2012,E02004038,E07000032,7843,97155,46,2744,0.016763848396501458,131.47886297376093,female,35-39,273,0.03480810914190998,0.0005835178646238553,0.0004734702279862076,1.6480603371188914e-05
2012,E02004038,E07000032,7843,97155,46,2744,0.016763848396501458,131.47886297376093,male,35-39,278,0.03544562029835522,0.0005942050050015817,0.0004734702279862076,1.6782445923774793e-05
2012,E02004036,E07000032,9930,97155,53,3520,0.015056818181818182,149.51420454545453,female,35-39,306,0.03081570996978852,0.0004639865421587476,0.0005455200452884565,1.6810587498314974e-05
2012,E02004036,E07000032,9930,97155,53,3520,0.015056818181818182,149.51420454545453,male,35-39,255,0.0256797583081571,0.00038665545179895634,0.0005455200452884565,1.400882291526248e-05
2012,E02004033,E07000032,8889,97155,87,3254,0.026736324523663185,237.65918869084206,female,35-39,271,0.030487118911013612,0.0008151135049963688,0.0008954763007565231,2.730049246315871e-05
2012,E02004033,E07000032,8889,97155,87,3254,0.026736324523663185,237.65918869084206,male,35-39,333,0.03746203172460344,0.001001597037504763,0.0008954763007565231,3.3546361587571395e-05
2012,E02004034,E07000032,7217,97155,77,2551,0.03018424147393179,217.83967071736572,female,35-39,198,0.027435222391575448,0.0008281113775583337,0.0007925479903247388,2.1743730370555395e-05
2012,E02004034,E07000032,7217,97155,77,2551,0.03018424147393179,217.83967071736572,male,35-39,202,0.027989469308576972,0.00084484090033729,0.0007925479903247388,2.2182997650768636e-05
2012,E02004035,E07000032,6545,97155,85,2141,0.039701074264362445,259.8435310602522,female,35-39,177,0.027043544690603515,0.0010736577761332549,0.0008748906386701663,2.366014408626729e-05
2012,E02004035,E07000032,6545,97155,85,2141,0.039701074264362445,259.8435310602522,male,35-39,168,0.025668449197860963,0.0010190650078552928,0.0008748906386701663,2.2457085912389296e-05
2012,E02004043,E07000032,7034,97155,16,2595,0.006165703275529865,43.369556840077074,female,35-39,190,0.02701165766278078,0.00016654586612889884,0.00016468529669085483,4.448422856306855e-06
2012,E02004043,E07000032,7034,97155,16,2595,0.006165703275529865,43.369556840077074,male,35-39,169,0.024026158657947112,0.00014813816513570475,0.00016468529669085483,3.956755066925571e-06
2012,E02002820,E06000015,9785,97155,11,3613,0.003044561306393579,29.791032383061168,female,35-39,336,0.0343382728666326,0.00010454497689813413,0.00011322114147496269,3.887818450238883e-06
2012,E02002820,E06000015,9785,97155,11,3613,0.003044561306393579,29.791032383061168,male,35-39,318,0.03249872253449157,9.89443531357341e-05,0.00011322114147496269,3.6795424618332283e-06
2012,E02002801,E06000015,7589,97155,9,2732,0.003294289897510981,25.000366032210835,female,35-39,222,0.029252865990249045,9.636742090491999e-05,9.263547938860583e-05,2.709853264497364e-06
2012,E02002801,E06000015,7589,97155,9,2732,0.003294289897510981,25.000366032210835,male,35-39,206,0.02714455132428515,8.94220212000609e-05,9.263547938860583e-05,2.51454852471377e-06
2012,E02002816,E06000015,9479,97155,9,2797,0.0032177332856632105,30.50089381480157,female,35-39,353,0.037240215212575166,0.00011982908005476457,9.263547938860583e-05,3.4497651887517522e-06
2012,E02002816,E06000015,9479,97155,9,2797,0.0032177332856632105,30.50089381480157,male,35-39,301,0.03175440447304568,0.00010217720423933182,9.263547938860583e-05,2.941584481060276e-06
2012,E02002803,E06000015,7912,97155,8,2208,0.0036231884057971015,28.666666666666668,female,35-39,176,0.022244691607684528,8.059670872349467e-05,8.234264834542741e-05,1.8316868186040476e-06
2012,E02002803,E06000015,7912,97155,8,2208,0.0036231884057971015,28.666666666666668,male,35-39,275,0.034757330637007075,0.00012593235738046042,8.234264834542741e-05,2.862010654068824e-06
2012,E02004084,E07000036,6139,97155,8,2240,0.0035714285714285713,21.925,female,35-39,173,0.02818048542107835,0.00010064459078956554,8.234264834542741e-05,2.3204558012312986e-06
2012,E02004084,E07000036,6139,97155,8,2240,0.0035714285714285713,21.925,male,35-39,170,0.027691806483140576,9.88993088683592e-05,8.234264834542741e-05,2.2802166832908714e-06
2012,E02002825,E06000015,8582,97155,8,3211,0.002491435689816257,21.381501090003116,female,35-39,314,0.03658820787695176,9.115716693105391e-05,8.234264834542741e-05,3.012769934801236e-06
2012,E02002825,E06000015,8582,97155,8,3211,0.002491435689816257,21.381501090003116,male,35-39,264,0.03076206012584479,7.664169448980329e-05,8.234264834542741e-05,2.533029499323332e-06
2012,E02004083,E07000036,7917,97155,8,2488,0.003215434083601286,25.456591639871384,female,35-39,280,0.03536693191865606,0.00011372003832365291,8.234264834542741e-05,2.912206838034568e-06
2012,E02004083,E07000036,7917,97155,8,2488,0.003215434083601286,25.456591639871384,male,35-39,251,0.031703928255652394,0.00010194189149727458,8.234264834542741e-05,2.610585415523845e-06
2012,E02006872,E07000037,12346,97155,354,4893,0.07234825260576333,893.2115266707541,female,40-44,465,0.03766402073546088,0.0027249260863178317,0.003643662189285163,0.00013723496825025116
2012,E02006872,E07000037,12346,97155,354,4893,0.07234825260576333,893.2115266707541,male,40-44,439,0.03555807549003726,0.0025725646277280174,0.003643662189285163,0.00012956161518679627
2012,E02004103,E07000037,7137,97155,89,3114,0.028580603725112397,203.97976878612718,female,40-44,278,0.03895194059128485,0.0011132699783636326,0.0009160619628428799,3.568239115459165e-05
2012,E02004103,E07000037,7137,97155,89,3114,0.028580603725112397,203.97976878612718,male,40-44,260,0.03642987249544627,0.0010411877495487213,0.0009160619628428799,3.337202050429435e-05
2012,E02004097,E07000037,7704,97155,29,2762,0.010499637943519189,80.88921071687183,female,40-44,292,0.03790238836967809,0.0003979613550762725,0.0002984921002521744,1.13135635090388e-05
2012,E02004097,E07000037,7704,97155,29,2762,0.010499637943519189,80.88921071687183,male,40-44,340,0.044132917964693666,0.0004633796600203173,0.0002984921002521744,1.317332737353833e-05
2012,E02004102,E07000037,8625,97155,96,3736,0.02569593147751606,221.627408993576,female,40-44,289,0.03350724637681159,0.000860999906898799,0.000988111780145129,3.3108904865152725e-05
2012,E02004102,E07000037,8625,97155,96,3736,0.02569593147751606,221.627408993576,male,40-44,304,0.035246376811594204,0.0009056884833814357,0.000988111780145129,3.4827360134970345e-05
2012,E02004098,E07000037,7341,97155,47,3145,0.014944356120826709,109.70651828298887,female,40-44,279,0.0380057212913772,0.0005679710336072268,0.00048376305902938604,1.8385763992534903e-05
2012,E02004098,E07000037,7341,97155,47,3145,0.014944356120826709,109.70651828298887,male,40-44,272,0.0370521727285111,0.0005537208643052533,0.00048376305902938604,1.7924472422829724e-05
2012,E02004104,E07000037,7167,97155,84,2895,0.029015544041450778,207.95440414507772,female,40-44,287,0.04004464908608902,0.0011619172791818575,0.0008645978076269878,3.4622515807024624e-05
2012,E02004104,E07000037,7167,97155,84,2895,0.029015544041450778,207.95440414507772,male,40-44,274,0.038230779963722615,0.0011092868797764075,0.0008645978076269878,3.3054248540504345e-05
2012,E02004100,E07000037,7641,97155,54,3050,0.017704918032786884,135.28327868852458,female,40-44,320,0.04187933516555425,0.0007414701963737473,0.000555812876331635,2.3277073737223295e-05
2012,E02004100,E07000037,7641,97155,54,3050,0.017704918032786884,135.28327868852458,male,40-44,295,0.03860751210574532,0.0006835428372820483,0.000555812876331635,2.1458552351502725e-05
2012,E02004068,E07000035,7531,97155,1163,2634,0.4415337889141989,3325.190964312832,female,40-44,310,0.041163192139158145,0.018174940189005666,0.011970562503216509,0.000492746564333703
2012,E02004068,E07000035,7531,97155,1163,2634,0.4415337889141989,3325.190964312832,male,40-44,267,0.0354534590359846,0.01565390009827262,0.011970562503216509,0.0004243978473454797
2012,E02006210,E07000198,5452,97155,24,1854,0.012944983818770227,70.57605177993528,female,40-44,178,0.0326485693323551,0.0004226352017133346,0.0002470279450362822,8.065108990546265e-06
2012,E02006210,E07000198,5452,97155,24,1854,0.012944983818770227,70.57605177993528,male,40-44,191,0.035033015407190025,0.00045350181756880295,0.0002470279450362822,8.654133804462566e-06
2012,E02006204,E07000198,7282,97155,11,2851,0.003858295334970186,28.096106629252894,female,40-44,277,0.03803900027464982,0.00014676569730661103,0.00011322114147496269,4.306819031662272e-06
2012,E02006204,E07000198,7282,97155,11,2851,0.003858295334970186,28.096106629252894,male,40-44,254,0.034880527327657236,0.0001345793758696,0.00011322114147496269,3.949213119285982e-06
2012,E02004070,E07000035,6373,97155,1527,2452,0.6227569331158238,3968.829934747145,female,40-44,210,0.0329515142005335,0.02052078392504676,0.015717153002933457,0.0005179039903681195
2012,E02004070,E07000035,6373,97155,1527,2452,0.6227569331158238,3968.829934747145,male,40-44,198,0.031068570531931586,0.019348167700758374,0.015717153002933457,0.0004883094766327985
2012,E02006803,E08000019,8747,97155,441,3080,0.1431818181818182,1252.4113636363636,female,40-44,411,0.046987538584657595,0.006727761206439611,0.004539138490041686,0.00021328294494193814
2012,E02006803,E08000019,8747,97155,441,3080,0.1431818181818182,1252.4113636363636,male,40-44,364,0.041614267748942495,0.0059584065185985845,0.004539138490041686,0.00018889292447412526
2012,E02006869,E08000019,11118,97155,31,4236,0.007318224740321058,81.36402266288952,female,40-44,486,0.04371289800323799,0.0003199008116384272,0.0003190777623385312,1.3947813680205627e-05
2012,E02006869,E08000019,11118,97155,31,4236,0.007318224740321058,81.36402266288952,male,40-44,441,0.039665407447382624,0.00029028036611635063,0.0003190777623385312,1.2656349450556959e-05
2012,E02006868,E08000019,12500,97155,11,4482,0.0024542614904060687,30.67826863007586,female,40-44,396,0.03168,7.775100401606426e-05,0.00011322114147496269,3.586845761926818e-06
2012,E02006868,E08000019,12500,97155,11,4482,0.0024542614904060687,30.67826863007586,male,40-44,485,0.0388,9.522534582775547e-05,0.00011322114147496269,4.3929802892285524e-06
2012,E02004105,E07000038,9450,97155,1852,3263,0.5675758504443763,5363.591786699356,female,40-44,355,0.03756613756613757,0.021321632477010962,0.019062323091966444,0.0007160978516029722
2012,E02004105,E07000038,9450,97155,1852,3263,0.5675758504443763,5363.591786699356,male,40-44,328,0.03470899470899471,0.01969998719002703,0.019062323091966444,0.000661634071340211
2012,E02001634,E08000019,9260,97155,11,3128,0.003516624040920716,32.56393861892583,female,40-44,330,0.035637149028077755,0.00012532245502201256,0.00011322114147496269,4.034878691872321e-06
2012,E02001634,E08000019,9260,97155,11,3128,0.003516624040920716,32.56393861892583,male,40-44,323,0.03488120950323974,0.00012266409991548501,0.00011322114147496269,3.94929035598412e-06
2012,E02001669,E08000019,7690,97155,45,2629,0.017116774438950173,131.62799543552683,female,40-44,313,0.04070221066319896,0.0006966905590886091,0.0004631773969430292,1.8852343984807298e-05
2012,E02001669,E08000019,7690,97155,45,2629,0.017116774438950173,131.62799543552683,male,40-44,339,0.044083224967490245,0.0007545626183100271,0.0004631773969430292,2.0418353389296084e-05
2012,E02001660,E08000019,9889,97155,23,3458,0.006651243493348756,65.77414690572586,female,40-44,357,0.036100717969461016,0.00024011466549959612,0.0002367351139931038,8.546307583733244e-06
2012,E02001660,E08000019,9889,97155,23,3458,0.006651243493348756,65.77414690572586,male,40-44,386,0.039033269289109114,0.00025961977838331684,0.0002367351139931038,9.240545454680763e-06
2012,E02001653,E08000019,7439,97155,9,2991,0.003009027081243731,22.384152457372114,female,40-44,229,0.030783707487565534,9.262900949117011e-05,9.263547938860583e-05,2.851663500469248e-06
2012,E02001653,E08000019,7439,97155,9,2991,0.003009027081243731,22.384152457372114,male,40-44,224,0.030111574136308644,9.060654203503101e-05,9.263547938860583e-05,2.7894001052624957e-06
2012,E02001662,E08000019,7588,97155,15,3172,0.004728877679697352,35.8827238335435,female,40-44,320,0.04217185028993147,0.00019942552154759521,0.0001543924656476764,6.511015947187196e-06
2012,E02001662,E08000019,7588,97155,15,3172,0.004728877679697352,35.8827238335435,male,40-44,294,0.03874538745387454,0.00018322219792185312,0.0001543924656476764,5.981995901478237e-06
2012,E02001655,E08000019,7681,97155,14,3228,0.004337050805452293,33.31288723667906,female,40-44,309,0.04022913683114178,0.00017447581029615396,0.00014409963460449796,5.7970039178218814e-06
2012,E02001655,E08000019,7681,97155,14,3228,0.004337050805452293,33.31288723667906,male,40-44,279,0.0363233953912251,0.00015753641123827494,0.00014409963460449796,5.234188003470243e-06
2012,E02001650,E08000019,9415,97155,10,2336,0.004280821917808219,40.30393835616438,female,40-44,184,0.019543281996813596,8.366130991786642e-05,0.00010292831043178426,2.0115569962239303e-06
2012,E02001650,E08000019,9415,97155,10,2336,0.004280821917808219,40.30393835616438,male,40-44,268,0.028465215082315455,0.00012185451661950109,0.00010292831043178426,2.9298764945000723e-06
2012,E02001627,E08000019,6085,97155,8,2236,0.0035778175313059034,21.77101967799642,female,40-44,244,0.040098603122432214,0.0001434654852323156,8.234264834542741e-05,3.3018251760532933e-06
2012,E02001627,E08000019,6085,97155,8,2236,0.0035778175313059034,21.77101967799642,male,40-44,220,0.036154478225143796,0.000129354126029137,8.234264834542741e-05,2.977055486605428e-06
2012,E02001656,E08000019,7888,97155,17,2300,0.007391304347826087,58.302608695652175,female,40-44,253,0.03207403651115619,0.00023706896551724138,0.00017497812773403323,5.612254857595133e-06
2012,E02001656,E08000019,7888,97155,17,2300,0.007391304347826087,58.302608695652175,male,40-44,260,0.03296146044624747,0.0002436281859070465,0.00017497812773403323,5.767534636263774e-06
2012,E02001666,E08000019,6153,97155,17,2708,0.006277695716395864,38.62666174298375,female,40-44,249,0.040468064358849344,0.0002540461942763807,0.00017497812773403323,7.081026134531818e-06
2012,E02001666,E08000019,6153,97155,17,2708,0.006277695716395864,38.62666174298375,male,40-44,241,0.039167885584267835,0.0002458840675526415,0.00017497812773403323,6.853523286836016e-06
2012,E02001678,E08000019,10006,97155,92,3559,0.025849957853329587,258.65467828041585,female,40-44,360,0.035978412952228665,0.0009300404584447983,0.0009469404559724152,3.406941476614726e-05
2012,E02001678,E08000019,10006,97155,92,3559,0.025849957853329587,258.65467828041585,male,40-44,320,0.03198081151309214,0.0008267026297287095,0.0009469404559724152,3.028392423657534e-05
2012,E02001680,E08000019,6098,97155,251,2873,0.08736512356421859,532.7525234946049,female,40-44,221,0.03624139061987537,0.0031662335696445243,0.002583500591837785,9.362965411547237e-05
2012,E02001680,E08000019,6098,97155,251,2873,0.08736512356421859,532.7525234946049,male,40-44,258,0.042308953755329615,0.003696326972707182,0.002583500591837785,0.00010930520706693152
2012,E02001642,E08000019,9800,97155,8,3907,0.002047606859482979,20.066547222933195,female,40-44,390,0.03979591836734694,8.148639542840427e-05,8.234264834542741e-05,3.276901311705785e-06
2012,E02001642,E08000019,9800,97155,8,3907,0.002047606859482979,20.066547222933195,male,40-44,390,0.03979591836734694,8.148639542840427e-05,8.234264834542741e-05,3.276901311705785e-06
2012,E02001665,E08000019,9466,97155,44,3159,0.013928458372902817,131.84678695789808,female,40-44,378,0.03993238960490175,0.0005561966263424112,0.00045288456589985077,1.8084762931559642e-05
2012,E02001665,E08000019,9466,97155,44,3159,0.013928458372902817,131.84678695789808,male,40-44,325,0.034333403760828225,0.00047821138508276096,0.00045288456589985077,1.5549068658086994e-05
2012,E02001664,E08000019,6233,97155,26,2407,0.01080182800166182,67.32779393435813,female,40-44,238,0.03818386009947056,0.0004124554892339985,0.0002676136071226391,1.021852053508553e-05
2012,E02001664,E08000019,6233,97155,26,2407,0.01080182800166182,67.32779393435813,male,40-44,218,0.03497513236001925,0.00037779536408828437,0.0002676136071226391,9.359821330456493e-06
2012,E02001659,E08000019,6120,97155,10,2607,0.0038358266206367474,23.475258918296895,female,40-44,261,0.04264705882352941,0.0001635867235271554,0.00010292831043178426,4.3895897095908e-06
2012,E02001659,E08000019,6120,97155,10,2607,0.0038358266206367474,23.475258918296895,male,40-44,244,0.03986928104575163,0.0001529316495809422,0.00010292831043178426,4.103677736169176e-06
2012,E02001636,E08000019,9739,97155,8,3457,0.0023141452126120912,22.537460225629157,female,40-44,287,0.029469144676044768,6.81958800718421e-05,8.234264834542741e-05,2.4265674171000787e-06
2012,E02001636,E08000019,9739,97155,8,3457,0.0023141452126120912,22.537460225629157,male,40-44,311,0.031933463394599036,7.389867143673481e-05,8.234264834542741e-05,2.629485946753047e-06
2012,E02001679,E08000019,6324,97155,179,2654,0.06744536548605878,426.5244913338357,female,40-44,230,0.036369386464263125,0.002452946562585946,0.0018424167567289383,6.700756705370902e-05
2012,E02001679,E08000019,6324,97155,179,2654,0.06744536548605878,426.5244913338357,male,40-44,208,0.03289057558507274,0.0022183168913820724,0.0018424167567289383,6.059814759639772e-05
2012,E02001681,E08000019,7453,97155,157,2675,0.05869158878504673,437.4284112149533,female,40-44,284,0.038105460888232925,0.0022364700409168484,0.0016159744737790128,6.157745210696895e-05
2012,E02001681,E08000019,7453,97155,157,2675,0.05869158878504673,437.4284112149533,male,40-44,299,0.0401180732590903,0.0023545934585709077,0.0016159744737790128,6.482978232388634e-05
2012,E02001657,E08000019,8992,97155,11,2789,0.003944065973467192,35.465041233417,female,40-44,377,0.041926156583629894,0.00016535952757975217,0.00011322114147496269,4.746927306056599e-06
2012,E02001657,E08000019,8992,97155,11,2789,0.003944065973467192,35.465041233417,male,40-44,341,0.03792259786476868,0.00014956922786391378,0.00011322114147496269,4.293639817945093e-06
2012,E02001671,E08000019,5902,97155,28,2247,0.012461059190031152,73.54517133956386,female,40-44,228,0.0386309725516774,0.00048138283553492085,0.0002881992692089959,1.1133418058226205e-05
2012,E02001671,E08000019,5902,97155,28,2247,0.012461059190031152,73.54517133956386,male,40-44,230,0.03896984073195527,0.0004856054919869816,0.0002881992692089959,1.1231079620140472e-05
2012,E02001652,E08000019,12526,97155,8,2986,0.0026791694574681848,33.55927662424648,female,40-44,216,0.01724413220501357,4.619995232421586e-05,8.234264834542741e-05,1.4199275141794922e-06
2012,E02001652,E08000019,12526,97155,8,2986,0.0026791694574681848,33.55927662424648,male,40-44,270,0.021555165256266964,5.774994040526983e-05,8.234264834542741e-05,1.7749093927243653e-06
2012,E02001673,E08000019,5543,97155,43,1955,0.021994884910485932,121.91764705882352,female,40-44,228,0.041132960490709004,0.0009047147320207095,0.0004425917348566723,1.8205108343373856e-05
2012,E02001673,E08000019,5543,97155,43,1955,0.021994884910485932,121.91764705882352,male,40-44,248,0.044741114919718564,0.0009840756734260348,0.0004425917348566723,1.9802047671739983e-05
2012,E02001661,E08000019,7877,97155,14,3256,0.0042997542997543,33.86916461916462,female,40-44,310,0.03935508442300368,0.00016921719346500353,0.00014409963460449796,5.671053285184e-06
2012,E02001661,E08000019,7877,97155,14,3256,0.0042997542997543,33.86916461916462,male,40-44,285,0.03618128729211629,0.0001555706456049226,0.00014409963460449796,5.213710278314323e-06
2012,E02001649,E08000019,9557,97155,9,4107,0.002191380569758948,20.943024105186268,female,40-44,360,0.037668724495134455,8.254651094624059e-05,9.263547938860583e-05,3.4894603515640994e-06
2012,E02001649,E08000019,9557,97155,9,4107,0.002191380569758948,20.943024105186268,male,40-44,359,0.03756408914931464,8.231721508250104e-05,9.263547938860583e-05,3.4797674061430883e-06
2012,E02001676,E08000019,5995,97155,109,2168,0.050276752767527674,301.4091328413284,female,40-44,264,0.044036697247706424,0.002214022140221402,0.0011219185837064484,4.9405589007256447e-05
2012,E02001676,E08000019,5995,97155,109,2168,0.050276752767527674,301.4091328413284,male,40-44,207,0.03452877397831526,0.0017359946326735993,0.0011219185837064484,3.8738473198871526e-05
2012,E02001651,E08000019,8119,97155,13,2920,0.004452054794520548,36.146232876712325,female,40-44,323,0.03978322453504126,0.00017711709553271793,0.00013380680356131955,5.323266110396134e-06
2012,E02001651,E08000019,8119,97155,13,2920,0.004452054794520548,36.146232876712325,male,40-44,317,0.03904421726813647,0.00017382699468690893,0.00013380680356131955,5.224381910203017e-06
2012,E02001674,E08000019,8647,97155,130,3282,0.039609993906154786,342.50761730652044,female,40-44,323,0.037353995605412284,0.0014795915383009133,0.0013380680356131953,4.998218752203795e-05
2012,E02001674,E08000019,8647,97155,130,3282,0.039609993906154786,342.50761730652044,male,40-44,324,0.037469642650630276,0.0014841723170572628,0.0013380680356131953,5.0136931136657256e-05
2012,E02001618,E08000019,9708,97155,8,3293,0.0024293956878226543,23.584573337382327,female,40-44,463,0.0476926246394726,0.00011586425664007921,8.234264834542741e-05,3.927137019358559e-06
2012,E02001618,E08000019,9708,97155,8,3293,0.0024293956878226543,23.584573337382327,male,40-44,411,0.04233621755253399,0.00010285142436084785,8.234264834542741e-05,3.4860762742038182e-06
2012,E02001672,E08000019,6175,97155,39,2203,0.017703132092601,109.31684067181118,female,40-44,224,0.03627530364372469,0.0006421864921040686,0.0004014204106839586,1.4561647286349268e-05
2012,E02001672,E08000019,6175,97155,39,2203,0.017703132092601,109.31684067181118,male,40-44,190,0.03076923076923077,0.0005447117566954154,0.0004014204106839586,1.2351397251814112e-05
2012,E02001675,E08000019,9063,97155,141,3730,0.03780160857908847,342.59597855227884,female,40-44,310,0.034205009378792894,0.001293004375981179,0.001451289177088158,4.964135991364107e-05
2012,E02001675,E08000019,9063,97155,141,3730,0.03780160857908847,342.59597855227884,male,40-44,343,0.03784618779653536,0.0014306467772953046,0.001451289177088158,5.49257627431577e-05
2012,E02001670,E08000019,6002,97155,19,2500,0.0076,45.6152,female,40-44,213,0.03548817060979673,0.00026971009663445515,0.0001955637898203901,6.940201138244434e-06
2012,E02001670,E08000019,6002,97155,19,2500,0.0076,45.6152,male,40-44,198,0.032989003665444855,0.0002507164278573809,0.0001955637898203901,6.451454579213136e-06
2012,E02001639,E08000019,6154,97155,8,2044,0.003913894324853229,24.08610567514677,female,40-44,219,0.035586610334741635,0.00013928223222990855,8.234264834542741e-05,2.9302957405993833e-06
2012,E02001639,E08000019,6154,97155,8,2044,0.003913894324853229,24.08610567514677,male,40-44,170,0.027624309392265192,0.00010811862775837647,8.234264834542741e-05,2.2746587940725804e-06
2012,E02001663,E08000019,7671,97155,36,2525,0.014257425742574258,109.36871287128713,female,40-44,357,0.04653891278842393,0.0006635250932210937,0.00037054191755442334,1.724461798552068e-05
2012,E02001663,E08000019,7671,97155,36,2525,0.014257425742574258,109.36871287128713,male,40-44,347,0.04523530178594708,0.0006449389561560771,0.00037054191755442334,1.676157546491786e-05
2012,E02005888,E07000174,8284,97155,13,3488,0.0037270642201834864,30.875,female,40-44,270,0.032592950265572185,0.00012147601876503395,0.00013380680356131955,4.361158493669275e-06
2012,E02005888,E07000174,8284,97155,13,3488,0.0037270642201834864,30.875,male,40-44,299,0.03609367455335587,0.00013452344300275983,0.00013380680356131955,4.8295792207670865e-06
2012,E02005887,E07000174,9349,97155,23,4120,0.00558252427184466,52.19101941747572,female,40-44,290,0.031019360359396727,0.00017316633210342832,0.0002367351139931038,7.343371810674949e-06
2012,E02005887,E07000174,9349,97155,23,4120,0.00558252427184466,52.19101941747572,male,40-44,320,0.034228259706920526,0.00019108009059688643,0.0002367351139931038,8.103030963503392e-06
2012,E02005880,E07000174,6267,97155,70,2630,0.026615969581749048,166.8022813688213,female,40-44,197,0.03143449816499123,0.0008366596469769528,0.0007204981730224899,2.264849849775499e-05
2012,E02005880,E07000174,6267,97155,70,2630,0.026615969581749048,166.8022813688213,male,40-44,225,0.03590234561991384,0.0009555757389330679,0.0007204981730224899,2.5867574426369912e-05
2012,E02005824,E07000170,9785,97155,37,3726,0.009930220075147612,97.16720343531938,female,40-44,427,0.04363822176801226,0.0004333371458444589,0.00038083474859760175,1.6618951216267343e-05
2012,E02005824,E07000170,9785,97155,37,3726,0.009930220075147612,97.16720343531938,male,40-44,466,0.04762391415431783,0.00047291594839231343,0.00038083474859760175,1.81368413741934e-05
2012,E02005819,E07000170,6111,97155,44,2362,0.018628281117696866,113.83742591024554,female,40-44,227,0.037146129929635084,0.0006919685507637357,0.00045288456589985077,1.682290892804224e-05
2012,E02005819,E07000170,6111,97155,44,2362,0.018628281117696866,113.83742591024554,male,40-44,194,0.031746031746031744,0.0005913740037364084,0.00045288456589985077,1.4377287806344468e-05
2012,E02005891,E07000174,6437,97155,13,2886,0.0045045045045045045,28.995495495495494,female,40-44,214,0.0332453006058723,0.00014975360633275812,0.00013380680356131955,4.448447407506973e-06
2012,E02005891,E07000174,6437,97155,13,2886,0.0045045045045045045,28.995495495495494,male,40-44,229,0.03557557868572316,0.00016025035444019442,0.00013380680356131955,4.760254468780826e-06
2012,E02005825,E07000170,8073,97155,18,3312,0.005434782608695652,43.875,female,40-44,306,0.0379041248606466,0.00020600067859047065,0.00018527095877721167,7.02253355454314e-06
2012,E02005825,E07000170,8073,97155,18,3312,0.005434782608695652,43.875,male,40-44,276,0.03418803418803419,0.0001858045336306206,0.00018527095877721167,6.334049872725186e-06
2012,E02004029,E07000032,6402,97155,379,2746,0.13801893663510562,883.5972323379461,female,40-44,216,0.033739456419868794,0.0046566838977167785,0.0039009829653646236,0.00013161704475457025
2012,E02004029,E07000032,6402,97155,379,2746,0.13801893663510562,883.5972323379461,male,40-44,233,0.036394876601062165,0.005023182167444487,0.0039009829653646236,0.00014197579364729103
2012,E02004054,E07000033,8677,97155,295,3267,0.09029690847872666,783.5062748699113,female,40-44,399,0.04598363489685375,0.004152180071800385,0.003036385157737636,0.00013962402649963314
2012,E02004054,E07000033,8677,97155,295,3267,0.09029690847872666,783.5062748699113,male,40-44,394,0.04540739887057739,0.004100147740073563,0.003036385157737636,0.00013787435198209388
2012,E02004050,E07000033,7057,97155,1059,3002,0.35276482345103266,2489.4613590939375,female,40-44,294,0.0416607623636106,0.014696451480034518,0.010900108074725953,0.00045410681223883095
2012,E02004050,E07000033,7057,97155,1059,3002,0.35276482345103266,2489.4613590939375,male,40-44,260,0.03684285106985971,0.01299686185309175,0.010900108074725953,0.0004015910584425036
2012,E02004051,E07000033,9152,97155,1124,3894,0.2886492039034412,2641.7175141242938,female,40-44,348,0.03802447552447553,0.010975734588985745,0.01156914209253255,0.00043991056033668353
2012,E02004051,E07000033,9152,97155,1124,3894,0.2886492039034412,2641.7175141242938,male,40-44,313,0.034200174825174824,0.009871853236645224,0.01156914209253255,0.00039566668214190213
2012,E02004049,E07000033,7821,97155,2582,3223,0.801116971765436,6265.535836177474,female,40-44,289,0.03695179644546733,0.02960271126968559,0.026576089753486697,0.0009820342588873106
2012,E02004049,E07000033,7821,97155,2582,3223,0.801116971765436,6265.535836177474,male,40-44,283,0.03618463112133998,0.028988122108377236,0.026576089753486697,0.0009616460043775394
2012,E02004117,E07000038,7364,97155,2215,2973,0.7450386814665321,5486.464850319542,female,40-44,259,0.03517110266159696,0.026203831952720236,0.022798620760640213,0.0008018526313152927
2012,E02004117,E07000038,7364,97155,2215,2973,0.7450386814665321,5486.464850319542,male,40-44,253,0.03435632808256382,0.025596793374664938,0.022798620760640213,0.0007832768946825059
2012,E02004112,E07000038,6508,97155,2022,2401,0.8421491045397751,5480.706372344856,female,40-44,214,0.03288260602335587,0.027692057217503358,0.020812104369306778,0.000684356228492878
2012,E02004112,E07000038,6508,97155,2022,2401,0.8421491045397751,5480.706372344856,male,40-44,208,0.03196066379840197,0.026915644398321024,0.020812104369306778,0.0006651686706846666
2012,E02004052,E07000033,7869,97155,1852,3077,0.601884952876178,4736.232694182645,female,40-44,315,0.040030499428135725,0.024093755261913343,0.019062323091966444,0.0007630743136319011
2012,E02004052,E07000033,7869,97155,1852,3077,0.601884952876178,4736.232694182645,male,40-44,292,0.037107637565128984,0.022334528687233953,0.019062323091966444,0.0007073577764460797
2012,E02004061,E07000034,7216,97155,2534,2904,0.8725895316804407,6296.60606060606,female,40-44,243,0.03367516629711752,0.029384597588462735,0.026082033863414133,0.0008783168277175214
2012,E02004061,E07000034,7216,97155,2534,2904,0.8725895316804407,6296.60606060606,male,40-44,309,0.04282150776053215,0.03736559940261311,0.026082033863414133,0.0011168720154926507
2012,E02004111,E07000038,5498,97155,1933,2254,0.857586512866016,4715.010647737356,female,40-44,217,0.03946889778101128,0.0338479944146827,0.019896042406463896,0.0007852748639873892
2012,E02004111,E07000038,5498,97155,1933,2254,0.857586512866016,4715.010647737356,male,40-44,182,0.03310294652600946,0.028388640476830648,0.019896042406463896,0.000658617627860391
2012,E02004062,E07000034,7987,97155,2706,3135,0.8631578947368421,6894.042105263158,female,40-44,276,0.0345561537498435,0.029827416920917546,0.02785240080284082,0.000962471844445232
2012,E02004062,E07000034,7987,97155,2706,3135,0.8631578947368421,6894.042105263158,male,40-44,281,0.03518217102792037,0.030367768676731268,0.02785240080284082,0.0009799079285837324
2012,E02004048,E07000033,6835,97155,2283,2771,0.8238902923132443,5631.290147961025,female,40-44,270,0.03950256035113387,0.03254577599481726,0.023498533271576347,0.0009282522287235718
2012,E02004048,E07000033,6835,97155,2283,2771,0.8238902923132443,5631.290147961025,male,40-44,273,0.03994147768836869,0.03290739572809301,0.023498533271576347,0.000938566142376056
2012,E02004114,E07000038,7226,97155,2342,2813,0.8325630998933523,6016.100959829364,female,40-44,239,0.033075006919457514,0.027537030289857625,0.024105810303123875,0.0007972998425749524
2012,E02004114,E07000038,7226,97155,2342,2813,0.8325630998933523,6016.100959829364,male,40-44,245,0.03390534182120122,0.028228336489603004,0.024105810303123875,0.0008173157382044491
2012,E02004059,E07000034,7158,97155,2641,3075,0.8588617886178862,6147.7326829268295,female,40-44,283,0.03953618329142219,0.03395611709679545,0.027183366785034222,0.0010747265716910708
2012,E02004059,E07000034,7158,97155,2641,3075,0.8588617886178862,6147.7326829268295,male,40-44,250,0.034925956971221014,0.02999656987349421,0.027183366785034222,0.0009494050986670237
2012,E02004073,E07000035,9138,97155,2604,3611,0.7211298809194129,6589.6848518415945,female,40-44,301,0.03293937404246006,0.023753566880799222,0.02680253203643662,0.0008828586280332046
2012,E02004073,E07000035,9138,97155,2604,3611,0.7211298809194129,6589.6848518415945,male,40-44,333,0.03644123440577807,0.026278863027595148,0.02680253203643662,0.0009767173526081631
2012,E02004063,E07000034,7940,97155,2649,3057,0.8665358194308145,6880.294406280667,female,40-44,293,0.03690176322418136,0.03197669963390789,0.02726570943337965,0.001006152753649904
2012,E02004063,E07000034,7940,97155,2649,3057,0.8665358194308145,6880.294406280667,male,40-44,251,0.031612090680100756,0.02739300890140232,0.02726570943337965,0.0008619260790652761
2012,E02004072,E07000035,8613,97155,2654,3330,0.796996996996997,6864.5351351351355,female,40-44,329,0.0381980726808313,0.030443749217695576,0.027317173588595544,0.0010434633821720578
2012,E02004072,E07000035,8613,97155,2654,3330,0.796996996996997,6864.5351351351355,male,40-44,320,0.037153140601416466,0.029610941488336127,0.027317173588595544,0.0010149187911703906
2012,E02004046,E07000033,6301,97155,1091,2510,0.4346613545816733,2738.8011952191237,female,40-44,240,0.0380891921917156,0.016555899872972797,0.011229478668107662,0.0004277217712023233
2012,E02004046,E07000033,6301,97155,1091,2510,0.4346613545816733,2738.8011952191237,male,40-44,218,0.034597682907475,0.01503827571795029,0.011229478668107662,0.0003885139421754436
2012,E02004067,E07000034,6422,97155,2390,2772,0.8621933621933622,5537.005772005772,female,40-44,227,0.03534724384926814,0.030476159018669142,0.02459986619319644,0.0008695374689902821
2012,E02004067,E07000034,6422,97155,2390,2772,0.8621933621933622,5537.005772005772,male,40-44,248,0.03861725319215198,0.03329553936841386,0.02459986619319644,0.0009499792612757267
2012,E02004065,E07000034,8352,97155,2549,3047,0.8365605513619954,6986.953724975385,female,40-44,287,0.03436302681992337,0.02874675266294213,0.02623642632906181,0.0009015630216044946
2012,E02004065,E07000034,8352,97155,2549,3047,0.8365605513619954,6986.953724975385,male,40-44,269,0.03220785440613027,0.02694382044017921,0.02623642632906181,0.0008450189993435856
2012,E02004071,E07000035,5146,97155,1549,1961,0.7899031106578276,4064.8414074451807,female,40-44,197,0.0382821609016712,0.030239197978933544,0.01594359528588338,0.000610355280085314
2012,E02004071,E07000035,5146,97155,1549,1961,0.7899031106578276,4064.8414074451807,male,40-44,170,0.033035367275553826,0.02609473937268377,0.01594359528588338,0.0005267025259619461
2012,E02004064,E07000034,8842,97155,3131,3617,0.8656345037323749,7653.940282001659,female,40-44,315,0.035625424112191814,0.030838596321612545,0.03222685399619165,0.0011480953414160111
2012,E02004064,E07000034,8842,97155,3131,3617,0.8656345037323749,7653.940282001659,male,40-44,343,0.03879212847771997,0.033579804883533654,0.03222685399619165,0.0012501482606529896
2012,E02004055,E07000034,7186,97155,2530,2997,0.8441775108441775,6066.259592926259,female,40-44,275,0.03826885610910103,0.0323057076930349,0.026040862539241417,0.0009965540214711092
2012,E02004055,E07000034,7186,97155,2530,2997,0.8441775108441775,6066.259592926259,male,40-44,249,0.03465070971333148,0.02925134987478433,0.026040862539241417,0.0009023343685320224
2012,E02004057,E07000034,7721,97155,2725,3172,0.8590794451450189,6632.95239596469,female,40-44,311,0.040279756508224324,0.034603510871661816,0.02804796459266121,0.0011297651843436907
2012,E02004057,E07000034,7721,97155,2725,3172,0.8590794451450189,6632.95239596469,male,40-44,322,0.04170444242973708,0.03582742926262091,0.02804796459266121,0.0011697247246259435
2012,E02005847,E07000171,6740,97155,22,2812,0.007823613086770981,52.73115220483641,female,40-44,273,0.04050445103857567,0.00031689115321787505,0.00022644228294992538,9.17192036280855e-06
2012,E02005847,E07000171,6740,97155,22,2812,0.007823613086770981,52.73115220483641,male,40-44,240,0.03560830860534125,0.0002785856292025275,0.00022644228294992538,8.063226692578946e-06
2012,E02004115,E07000038,8980,97155,2819,3379,0.8342704942290619,7491.749038176976,female,40-44,352,0.039198218262806235,0.03270191692301,0.029015490710719984,0.0011373555378812288
2012,E02004115,E07000038,8980,97155,2819,3379,0.8342704942290619,7491.749038176976,male,40-44,338,0.03763919821826281,0.03140127249993574,0.029015490710719984,0.0010921198062609527
2012,E02005848,E07000171,6722,97155,116,2708,0.04283604135893648,287.94387001477105,female,40-44,276,0.04105920856887831,0.0017588139564216707,0.0011939684010086975,4.9023397601666246e-05
2012,E02005848,E07000171,6722,97155,116,2708,0.04283604135893648,287.94387001477105,male,40-44,240,0.03570365962511157,0.00152940344036667,0.0011939684010086975,4.2629041392753254e-05
2012,E02004066,E07000034,11788,97155,3870,4535,0.8533627342888643,10059.439911797133,female,40-44,464,0.039362063115032236,0.03359011780709476,0.03983325613710051,0.0015679191421457954
2012,E02004066,E07000034,11788,97155,3870,4535,0.8533627342888643,10059.439911797133,male,40-44,454,0.03851374278927723,0.03286619285435565,0.03983325613710051,0.0015341277813236878
2012,E02004110,E07000038,7526,97155,1841,2781,0.6619920891765552,4982.152463142754,female,40-44,292,0.038798830720170076,0.025684519006052897,0.018949101950491484,0.0007352029988763637
2012,E02004110,E07000038,7526,97155,1841,2781,0.6619920891765552,4982.152463142754,male,40-44,270,0.03587563114536274,0.02374938401244617,0.018949101950491484,0.0006798109921117061
2012,E02004060,E07000034,7633,97155,2906,3387,0.8579864186595807,6549.010333628579,female,40-44,309,0.040482117123018475,0.03473310669013631,0.029910967011476507,0.0012108592698213338
2012,E02004060,E07000034,7633,97155,2906,3387,0.8579864186595807,6549.010333628579,male,40-44,285,0.03733787501637626,0.0320353896656597,0.029910967011476507,0.0011168119478934633
2012,E02006804,E07000038,8215,97155,2323,3176,0.7314231738035264,6008.641372795969,female,40-44,337,0.04102251978088862,0.030004821615555496,0.023910246513303483,0.0009808585605579152
2012,E02006804,E07000038,8215,97155,2323,3176,0.7314231738035264,6008.641372795969,male,40-44,296,0.03603164942178941,0.026354383377461207,0.023910246513303483,0.0008615256199559137
2012,E02001609,E08000018,8379,97155,15,3753,0.003996802557953637,33.489208633093526,female,40-44,356,0.042487170306719176,0.00016981283096210702,0.0001543924656476764,6.559698982047117e-06
2012,E02001609,E08000018,8379,97155,15,3753,0.003996802557953637,33.489208633093526,male,40-44,318,0.03795202291442893,0.0001516867422639046,0.0001543924656476764,5.8595063940757956e-06
2012,E02005840,E07000171,9163,97155,27,3537,0.007633587786259542,69.94656488549619,female,40-44,413,0.04507257448433919,0.00034406545407892513,0.0002779064381658175,1.2525958633906214e-05
2012,E02005840,E07000171,9163,97155,27,3537,0.007633587786259542,69.94656488549619,male,40-44,414,0.04518170904725526,0.00034489854234546,0.0002779064381658175,1.2556287831567001e-05
2012,E02005842,E07000171,8570,97155,8,3161,0.002530844669408415,21.689338816830116,female,40-44,303,0.0353558926487748,8.948027244232786e-05,8.234264834542741e-05,2.9112978353167453e-06
2012,E02005842,E07000171,8570,97155,8,3161,0.002530844669408415,21.689338816830116,male,40-44,309,0.03605600933488915,9.125215902534426e-05,8.234264834542741e-05,2.9689472974022255e-06
2012,E02004106,E07000038,6998,97155,1667,2703,0.6167221605623382,4315.821679615243,female,40-44,263,0.03758216633323807,0.02317775481964775,0.017158149348978437,0.0006448404228038482
2012,E02004106,E07000038,6998,97155,1667,2703,0.6167221605623382,4315.821679615243,male,40-44,257,0.036724778508145185,0.022648984747716622,0.017158149348978437,0.0006301292344509087
2012,E02001603,E08000018,6481,97155,11,2853,0.00385559060637925,24.988082719943918,female,40-44,206,0.03178521833050455,0.0001225507892168069,0.00011322114147496269,3.5987587014106333e-06
2012,E02001603,E08000018,6481,97155,11,2853,0.00385559060637925,24.988082719943918,male,40-44,251,0.03872859126677982,0.00014932159268649773,0.00011322114147496269,4.384895310942082e-06
2012,E02006903,E07000171,11081,97155,27,4864,0.005550986842105263,61.51048519736842,female,40-44,365,0.032939265409259094,0.00018284542887541026,0.0002779064381658175,9.154033925685714e-06
2012,E02006903,E07000171,11081,97155,27,4864,0.005550986842105263,61.51048519736842,male,40-44,364,0.032849020846494,0.00018234448249492967,0.0002779064381658175,9.128954380683835e-06
2012,E02001600,E08000018,10943,97155,12,4915,0.0024415055951169887,26.717395727365208,female,40-44,377,0.0344512473727497,8.411291321932786e-05,0.0001235139725181411,4.255210421213488e-06
2012,E02001600,E08000018,10943,97155,12,4915,0.0024415055951169887,26.717395727365208,male,40-44,380,0.03472539522982729,8.478224674627211e-05,0.0001235139725181411,4.289071512098476e-06
2012,E02004108,E07000038,7577,97155,2137,3061,0.6981378634433192,5289.790591310029,female,40-44,294,0.03880163653160881,0.027088891626281617,0.021995779939272295,0.0008534722584328962
2012,E02004108,E07000038,7577,97155,2137,3061,0.6981378634433192,5289.790591310029,male,40-44,283,0.037349874620562225,0.026075361667475164,0.021995779939272295,0.000821539622913298
2012,E02004116,E07000038,8093,97155,3114,3628,0.8583241455347299,6946.417309812569,female,40-44,290,0.03583343630297788,0.03075670359632666,0.03205187586845762,0.00114852885232333
2012,E02004116,E07000038,8093,97155,3114,3628,0.8583241455347299,6946.417309812569,male,40-44,284,0.035092054862226614,0.03012035800467852,0.03205187586845762,0.001124766186413192
2012,E02004069,E07000035,6731,97155,1423,2306,0.6170858629661752,4153.604943625325,female,40-44,206,0.03060466498291487,0.018885706101772707,0.014646698574442901,0.00044825730297656184
2012,E02004069,E07000035,6731,97155,1423,2306,0.6170858629661752,4153.604943625325,male,40-44,205,0.030456098648046354,0.018794027916812645,0.014646698574442901,0.0004460812966514329
2012,E02004109,E07000038,6688,97155,1567,2568,0.610202492211838,4081.0342679127725,female,40-44,230,0.03438995215311005,0.020984834510873615,0.016128866244660593,0.0005546709384377894
2012,E02004109,E07000038,6688,97155,1567,2568,0.610202492211838,4081.0342679127725,male,40-44,222,0.03319377990430622,0.02025492722353888,0.016128866244660593,0.0005353780362312577
2012,E02004056,E07000034,7708,97155,3030,3494,0.8672009158557528,6684.384659416142,female,40-44,301,0.03905033731188376,0.03386448828134167,0.03118727806083063,0.001217873728114948
2012,E02004056,E07000034,7708,97155,3030,3494,0.8672009158557528,6684.384659416142,male,40-44,312,0.040477426050856254,0.03510206094278605,0.03118727806083063,0.0012623807414347634
2012,E02004058,E07000034,7835,97155,3009,3480,0.8646551724137931,6774.573275862069,female,40-44,291,0.03714103382259094,0.032114187003498884,0.030971128608923884,0.0011502997351878557
2012,E02004058,E07000034,7835,97155,3009,3480,0.8646551724137931,6774.573275862069,male,40-44,278,0.035481812380344604,0.030679532601280722,0.030971128608923884,0.0010989117745093605
2012,E02005843,E07000171,6511,97155,23,2673,0.008604564160119716,56.024317246539475,female,40-44,316,0.048533251420672704,0.0004176074757483997,0.0002367351139931038,1.148952480752892e-05
2012,E02005843,E07000171,6511,97155,23,2673,0.008604564160119716,56.024317246539475,male,40-44,282,0.0433113193057902,0.0003726750258261035,0.0002367351139931038,1.025331011304796e-05
2012,E02005846,E07000171,6659,97155,12,3337,0.003596044351213665,23.946059334731796,female,40-44,247,0.037092656555038295,0.00013338683807625397,0.0001235139725181411,4.581461362363847e-06
2012,E02005846,E07000171,6659,97155,12,3337,0.003596044351213665,23.946059334731796,male,40-44,212,0.031836612103919505,0.00011448586911808033,0.0001235139725181411,3.932266432474232e-06
2012,E02001608,E08000018,6925,97155,12,3083,0.003892312682452157,26.954265325981186,female,40-44,308,0.04447653429602888,0.00017311657851195152,0.0001235139725181411,5.493473434741872e-06
2012,E02001608,E08000018,6925,97155,12,3083,0.003892312682452157,26.954265325981186,male,40-44,285,0.04115523465703971,0.00016018904180489023,0.0001235139725181411,5.083246522407252e-06
2012,E02001610,E08000018,8312,97155,39,3825,0.01019607843137255,84.74980392156863,female,40-44,315,0.03789701636188643,0.00038640095114080285,0.0004014204106839586,1.521263587168515e-05
2012,E02001610,E08000018,8312,97155,39,3825,0.01019607843137255,84.74980392156863,male,40-44,314,0.037776708373435997,0.00038517428145464156,0.0004014204106839586,1.5164341789552816e-05
2012,E02004113,E07000038,9224,97155,3474,4038,0.8603268945022289,7935.655274888559,female,40-44,335,0.03631830008673027,0.03124561032721668,0.03575729504400185,0.0012986441716978123
2012,E02004113,E07000038,9224,97155,3474,4038,0.8603268945022289,7935.655274888559,male,40-44,332,0.035993061578490894,0.030965798891450562,0.03575729504400185,0.001287014522399026
2012,E02001605,E08000018,7380,97155,12,3095,0.0038772213247172858,28.613893376413568,female,40-44,291,0.03943089430894309,0.0001528823042673076,0.0001235139725181411,4.870266396040523e-06
2012,E02001605,E08000018,7380,97155,12,3095,0.0038772213247172858,28.613893376413568,male,40-44,276,0.03739837398373984,0.00014500177311950826,0.0001235139725181411,4.619221736450806e-06
2012,E02001607,E08000018,8856,97155,12,4092,0.002932551319648094,25.970674486803517,female,40-44,305,0.03443992773261066,0.00010099685552085238,0.0001235139725181411,4.25381228749244e-06
2012,E02001607,E08000018,8856,97155,12,4092,0.002932551319648094,25.970674486803517,male,40-44,293,0.03308491418247516,9.702320874626147e-05,0.0001235139725181411,4.086449181099294e-06
2012,E02004045,E07000033,9079,97155,2469,3220,0.7667701863354037,6961.50652173913,female,40-44,409,0.045049014208613285,0.03454224101896466,0.025412999845607534,0.001144830591128261
2012,E02004045,E07000033,9079,97155,2469,3220,0.7667701863354037,6961.50652173913,male,40-44,409,0.045049014208613285,0.03454224101896466,0.025412999845607534,0.001144830591128261
2012,E02001606,E08000018,8011,97155,10,3937,0.00254000508001016,20.347980695961393,female,40-44,280,0.034951941081013606,8.877810790199037e-05,0.00010292831043178426,3.5975442417800015e-06
2012,E02001606,E08000018,8011,97155,10,3937,0.00254000508001016,20.347980695961393,male,40-44,297,0.037074023218075146,9.416820731032549e-05,0.00010292831043178426,3.815966570745215e-06
2012,E02005838,E07000171,8043,97155,11,3413,0.0032229709932610606,25.92235569879871,female,40-44,259,0.03220191470844212,0.00010378583703277566,0.00011322114147496269,3.6459375409692076e-06
2012,E02005838,E07000171,8043,97155,11,3413,0.0032229709932610606,25.92235569879871,male,40-44,242,0.03008827551908492,9.697363923525758e-05,0.00011322114147496269,3.40662889928397e-06
2012,E02004047,E07000033,5751,97155,756,2604,0.2903225806451613,1669.6451612903227,female,40-44,182,0.03164667014432273,0.009187742945125954,0.00778138026864289,0.0002462547746292829
2012,E02004047,E07000033,5751,97155,756,2604,0.2903225806451613,1669.6451612903227,male,40-44,208,0.036167623022083116,0.010500277651572519,0.00778138026864289,0.0002814340281477519
2012,E02005894,E07000175,10073,97155,18,4140,0.004347826086956522,43.79565217391304,female,40-44,386,0.0383202620867666,0.00016660983515985478,0.00018527095877721167,7.099631697409282e-06
2012,E02005894,E07000175,10073,97155,18,4140,0.004347826086956522,43.79565217391304,male,40-44,410,0.04070286905589199,0.00017696899589518257,0.00018527095877721167,7.541059574968409e-06
2012,E02005889,E07000174,10157,97155,24,4422,0.005427408412483039,55.12618724559022,female,40-44,374,0.03682189622920153,0.0001998474693579459,0.0002470279450362822,9.096037357838884e-06
2012,E02005889,E07000174,10157,97155,24,4422,0.005427408412483039,55.12618724559022,male,40-44,357,0.03514817367332874,0.00019076349347803926,0.0002470279450362822,8.682581114300754e-06
2012,E02004053,E07000033,7938,97155,492,3108,0.1583011583011583,1256.5945945945946,female,40-44,331,0.04169816074577979,0.006600867145084831,0.005064072873243786,0.0002111625246968623
2012,E02004053,E07000033,7938,97155,492,3108,0.1583011583011583,1256.5945945945946,male,40-44,316,0.03980851599899219,0.0063017341928906555,0.005064072873243786,0.0002015932259945876
2012,E02004031,E07000032,7666,97155,164,3159,0.051915163026274136,397.98163975941753,female,40-44,278,0.03626402295851813,0.001882652663880017,0.001688024291081262,6.121455164630718e-05
2012,E02004031,E07000032,7666,97155,164,3159,0.051915163026274136,397.98163975941753,male,40-44,288,0.037568484216018785,0.001950373982724622,0.001688024291081262,6.34165139357427e-05
2012,E02005883,E07000174,7845,97155,32,3272,0.009779951100244499,76.72371638141809,female,40-44,258,0.03288718929254302,0.0003216351031055552,0.00032937059338170965,1.0832073051941504e-05
2012,E02005883,E07000174,7845,97155,32,3272,0.009779951100244499,76.72371638141809,male,40-44,238,0.030337794773741236,0.0002967021493764424,0.00032937059338170965,9.99237746651968e-06
2012,E02005822,E07000170,9777,97155,24,3954,0.006069802731411229,59.34446130500759,female,40-44,389,0.03978725580443899,0.00024150079395714107,0.0002470279450362822,9.828564040003456e-06
2012,E02005822,E07000170,9777,97155,24,3954,0.006069802731411229,59.34446130500759,male,40-44,395,0.0404009409839419,0.00024522574193591446,0.0002470279450362822,9.980161428795283e-06
2012,E02004030,E07000032,5665,97155,510,2112,0.24147727272727273,1367.96875,female,40-44,233,0.0411297440423654,0.00993189841932119,0.005249343832020997,0.00021590416820139316
2012,E02004030,E07000032,5665,97155,510,2112,0.24147727272727273,1367.96875,male,40-44,171,0.030185348631950572,0.0072890756639653375,0.005249343832020997,0.0001584532736585332
2012,E02004032,E07000032,8284,97155,184,2974,0.06186953597848016,512.5272360457296,female,40-44,333,0.040197971994205696,0.0024870298745574473,0.0018938809119448303,7.613017185871903e-05
2012,E02004032,E07000032,8284,97155,184,2974,0.06186953597848016,512.5272360457296,male,40-44,333,0.040197971994205696,0.0024870298745574473,0.0018938809119448303,7.613017185871903e-05
2012,E02004075,E07000035,7458,97155,155,2523,0.06143479984145858,458.1807372175981,female,40-44,298,0.03995709305443819,0.002454756014045945,0.0015953888116926561,6.374709920681302e-05
2012,E02004075,E07000035,7458,97155,155,2523,0.06143479984145858,458.1807372175981,male,40-44,250,0.03352105122016626,0.002059359072186195,0.0015953888116926561,5.347911007282972e-05
2012,E02004074,E07000035,5875,97155,386,2042,0.1890303623898139,1110.5533790401566,female,40-44,237,0.04034042553191489,0.007625565257257174,0.003973032782666873,0.0001602738331050296
2012,E02004074,E07000035,5875,97155,386,2042,0.1890303623898139,1110.5533790401566,male,40-44,224,0.038127659574468085,0.00720728530643716,0.003973032782666873,0.00015148244141572416
2012,E02002806,E06000015,6527,97155,11,1899,0.005792522380200105,37.80779357556609,female,40-44,133,0.02037689597058373,0.00011803362594861561,0.00011322114147496269,2.307095421506058e-06
2012,E02002806,E06000015,6527,97155,11,1899,0.005792522380200105,37.80779357556609,male,40-44,203,0.031101578060364638,0.00018015658697420275,0.00011322114147496269,3.5213561696671405e-06
2012,E02002815,E06000015,7881,97155,11,2837,0.0038773352132534366,30.557278815650335,female,40-44,265,0.03362517447024489,0.000130376073025271,0.00011322114147496269,3.8070806358159008e-06
2012,E02002815,E06000015,7881,97155,11,2837,0.0038773352132534366,30.557278815650335,male,40-44,279,0.03540159878188047,0.00013726386556245511,0.00011322114147496269,4.0082094241231555e-06
2012,E02002811,E06000015,10268,97155,11,3874,0.002839442436757873,29.15539494062984,female,40-44,328,0.03194390338917024,9.070287487890363e-05,0.00011322114147496269,3.616725204887784e-06
2012,E02002811,E06000015,10268,97155,11,3874,0.002839442436757873,29.15539494062984,male,40-44,462,0.044994156603038564,0.00012775831766479717,0.00011322114147496269,5.094289770299256e-06
2012,E02004118,E07000039,6815,97155,10,2416,0.0041390728476821195,28.207781456953644,female,40-44,303,0.04446074834922964,0.00018402627627992402,0.00010292831043178426,4.5762697081189475e-06
2012,E02004118,E07000039,6815,97155,10,2416,0.0041390728476821195,28.207781456953644,male,40-44,305,0.04475421863536317,0.0001852409711728608,0.00010292831043178426,4.606476108832605e-06
2012,E02006827,E07000032,7622,97155,12,2775,0.004324324324324324,32.96,female,40-44,307,0.04027814221988979,0.00017417575014006396,0.0001235139725181411,4.974913351229247e-06
2012,E02006827,E07000032,7622,97155,12,2775,0.004324324324324324,32.96,male,40-44,270,0.03542377328785096,0.00015318388448800415,0.0001235139725181411,4.375330960364484e-06
2012,E02005823,E07000170,7513,97155,13,3531,0.0036816765788728408,27.660436137071652,female,40-44,268,0.035671502728603754,0.00013133093612909907,0.00013380680356131955,4.773089758343357e-06
2012,E02005823,E07000170,7513,97155,13,3531,0.0036816765788728408,27.660436137071652,male,40-44,239,0.031811526687075736,0.00011711975274199507,0.00013380680356131955,4.256598702403217e-06
2012,E02005890,E07000174,6715,97155,13,2532,0.005134281200631911,34.47669826224328,female,40-44,249,0.037081161578555476,0.0001903851107903717,0.00013380680356131955,4.961711703167322e-06
2012,E02005890,E07000174,6715,97155,13,2532,0.005134281200631911,34.47669826224328,male,40-44,243,0.036187639612807146,0.0001857975177592784,0.00013380680356131955,4.842152385018711e-06
2012,E02004040,E07000032,9078,97155,13,2840,0.004577464788732394,41.554225352112674,female,40-44,329,0.036241462877285746,0.00016589402021292772,0.00013380680356131955,4.849354303995828e-06
2012,E02004040,E07000032,9078,97155,13,2840,0.004577464788732394,41.554225352112674,male,40-44,373,0.041088345450539764,0.00018808045452711864,0.00013380680356131955,5.497900168360012e-06
2012,E02002821,E06000015,11377,97155,13,4175,0.0031137724550898203,35.425389221556884,female,40-44,395,0.034719170255779204,0.00010810759600601907,0.00013380680356131955,4.645661194227056e-06
2012,E02002821,E06000015,11377,97155,13,4175,0.0031137724550898203,35.425389221556884,male,40-44,377,0.03313703085171838,0.00010318117390954226,0.00013380680356131955,4.433960177781267e-06
2012,E02002824,E06000015,9562,97155,13,3558,0.0036537380550871277,34.93704328274311,female,40-44,337,0.03524367287178415,0.00012877114877267958,0.00013380680356131955,4.715843212734229e-06
2012,E02002824,E06000015,9562,97155,13,3558,0.0036537380550871277,34.93704328274311,male,40-44,287,0.030014641288433383,0.00010966563708533838,0.00013380680356131955,4.016163210844876e-06
2012,E02005827,E07000170,8446,97155,14,3234,0.004329004329004329,36.56277056277056,female,40-44,350,0.041439734785697374,0.00017939279128007521,0.00014409963460449796,5.971450640726295e-06
2012,E02005827,E07000170,8446,97155,14,3234,0.004329004329004329,36.56277056277056,male,40-44,363,0.04297892493488042,0.00018605595209904941,0.00014409963460449796,6.193247378810414e-06
2012,E02002813,E06000015,10537,97155,14,4158,0.003367003367003367,35.47811447811448,female,40-44,321,0.030464078959855746,0.00010257265643049073,0.00014409963460449796,4.389862646677787e-06
2012,E02002813,E06000015,10537,97155,14,4158,0.003367003367003367,35.47811447811448,male,40-44,369,0.03501945525291829,0.00011791062374719962,0.00014409963460449796,5.046290705994092e-06
2012,E02004080,E07000036,9536,97155,15,3327,0.004508566275924256,42.993688007213706,female,40-44,343,0.035968959731543626,0.00016216843882571518,0.0001543924656476764,5.553336379735005e-06
2012,E02004080,E07000036,9536,97155,15,3327,0.004508566275924256,42.993688007213706,male,40-44,378,0.039639261744966445,0.0001787162387058902,0.0001543924656476764,6.120003357258985e-06
2012,E02004076,E07000035,6658,97155,15,2298,0.006527415143603133,43.45953002610966,female,40-44,250,0.037548813457494744,0.0002450966935867803,0.0001543924656476764,5.797253891847266e-06
2012,E02004076,E07000035,6658,97155,15,2298,0.006527415143603133,43.45953002610966,male,40-44,248,0.037248422949834784,0.00024313592003808604,0.0001543924656476764,5.750875860712488e-06
2012,E02005830,E07000170,6081,97155,17,2266,0.007502206531332745,45.620917917034426,female,40-44,232,0.038151619799375106,0.0002862213312397956,0.00017497812773403323,6.675699002515329e-06
2012,E02005830,E07000170,6081,97155,17,2266,0.007502206531332745,45.620917917034426,male,40-44,228,0.03749383325111001,0.0002812864807011784,0.00017497812773403323,6.56060074385127e-06
2012,E02002808,E06000015,12033,97155,18,3850,0.004675324675324675,56.25818181818182,female,40-44,277,0.023020028255630348,0.00010762610613021981,0.00018527095877721167,4.264942705999138e-06
2012,E02002808,E06000015,12033,97155,18,3850,0.004675324675324675,56.25818181818182,male,40-44,410,0.03407296601013878,0.0001593021787487008,0.00018527095877721167,6.312731081081757e-06
2012,E02005884,E07000174,6034,97155,18,2478,0.007263922518159807,43.83050847457627,female,40-44,215,0.03563142194232682,0.0002588238882009212,0.00018527095877721167,6.601467705850267e-06
2012,E02005884,E07000174,6034,97155,18,2478,0.007263922518159807,43.83050847457627,male,40-44,198,0.03281405369572423,0.00023835874355247627,0.00018527095877721167,6.0794911895737345e-06
2012,E02005892,E07000174,11677,97155,19,4381,0.004336909381419767,50.64209084683862,female,40-44,441,0.03776654962747281,0.00016379010338324205,0.0001955637898203901,7.3857695735884255e-06
2012,E02005892,E07000174,11677,97155,19,4381,0.004336909381419767,50.64209084683862,male,40-44,474,0.040592617966943564,0.00017604650567722615,0.0001955637898203901,7.938446208346743e-06
2012,E02005820,E07000170,5704,97155,24,2206,0.010879419764279238,62.056210335448775,female,40-44,208,0.0364656381486676,0.00039672498439166924,0.0002470279450362822,9.008031656302016e-06
2012,E02005820,E07000170,5704,97155,24,2206,0.010879419764279238,62.056210335448775,male,40-44,213,0.037342215988779806,0.00040626164267031523,0.0002470279450362822,9.224570878809277e-06
2012,E02005886,E07000174,10342,97155,26,4259,0.0061047194177036865,63.135008217891524,female,40-44,421,0.0407077934635467,0.00024850965720878474,0.0002676136071226391,1.0893959446783122e-05
2012,E02005886,E07000174,10342,97155,26,4259,0.0061047194177036865,63.135008217891524,male,40-44,359,0.03471282150454458,0.0002119120354820754,0.0002676136071226391,9.28962337623549e-06
2012,E02004039,E07000032,8055,97155,27,2575,0.010485436893203883,84.46019417475728,female,40-44,352,0.04369956548727499,0.0004582090361772523,0.0002779064381658175,1.2144390593962479e-05
2012,E02004039,E07000032,8055,97155,27,2575,0.010485436893203883,84.46019417475728,male,40-44,318,0.03947858472998138,0.00041395020881922223,0.0002779064381658175,1.0971352866136557e-05
2012,E02005829,E07000170,6670,97155,27,2570,0.010505836575875487,70.0739299610895,female,40-44,282,0.042278860569715145,0.0004441747997596533,0.0002779064381658175,1.1749567550638761e-05
2012,E02005829,E07000170,6670,97155,27,2570,0.010505836575875487,70.0739299610895,male,40-44,260,0.038980509745127435,0.0004095228650266307,0.0002779064381658175,1.0832934621156305e-05
2012,E02005882,E07000174,7817,97155,29,3133,0.00925630386211299,72.35652729013725,female,40-44,293,0.03748241013176411,0.0003469485776639512,0.0002984921002521744,1.1188203322743648e-05
2012,E02005882,E07000174,7817,97155,29,3133,0.00925630386211299,72.35652729013725,male,40-44,266,0.03402839964180632,0.00031497720702597615,0.0002984921002521744,1.0157208477303107e-05
2012,E02005885,E07000174,8195,97155,34,3621,0.009389671361502348,76.94835680751174,female,40-44,286,0.0348993288590604,0.0003276932287235718,0.00034995625546806647,1.2213238445865407e-05
2012,E02005885,E07000174,8195,97155,34,3621,0.009389671361502348,76.94835680751174,male,40-44,287,0.035021354484441734,0.00032883900924358435,0.00034995625546806647,1.2255942076795006e-05
2012,E02005821,E07000170,6379,97155,34,2601,0.013071895424836602,83.38562091503269,female,40-44,259,0.040601975231227466,0.0005307447742644114,0.00034995625546806647,1.4208915216527547e-05
2012,E02005821,E07000170,6379,97155,34,2601,0.013071895424836602,83.38562091503269,male,40-44,228,0.03574227935413074,0.00046721933796249333,0.00034995625546806647,1.2508234244665175e-05
2012,E02004037,E07000032,7801,97155,43,2364,0.018189509306260575,141.89636209813875,female,40-44,387,0.04960902448404051,0.0009023638125269636,0.0004425917348566723,2.1956544210938623e-05
2012,E02004037,E07000032,7801,97155,43,2364,0.018189509306260575,141.89636209813875,male,40-44,319,0.040892193308550186,0.00074380893073928,0.0004425917348566723,1.8098546778525633e-05
2012,E02005881,E07000174,5693,97155,43,2422,0.017753922378199834,101.07308009909165,female,40-44,174,0.03056385034252591,0.0005426282265601214,0.0004425917348566723,1.352730754699824e-05
2012,E02005881,E07000174,5693,97155,43,2422,0.017753922378199834,101.07308009909165,male,40-44,196,0.034428245213419986,0.0006112363931366884,0.0004425917348566723,1.5237656777078476e-05
2012,E02004038,E07000032,7843,97155,46,2744,0.016763848396501458,131.47886297376093,female,40-44,292,0.037230651536401885,0.0006241289980592153,0.0004734702279862076,1.762760507101525e-05
2012,E02004038,E07000032,7843,97155,46,2744,0.016763848396501458,131.47886297376093,male,40-44,333,0.042458243019252835,0.0007117635491565708,0.0004734702279862076,2.0102714002219448e-05
2012,E02004036,E07000032,9930,97155,53,3520,0.015056818181818182,149.51420454545453,female,40-44,360,0.03625377643504532,0.0005458665201867619,0.0005455200452884565,1.9777161762723503e-05
2012,E02004036,E07000032,9930,97155,53,3520,0.015056818181818182,149.51420454545453,male,40-44,385,0.03877139979859013,0.0005837739174219536,0.0005455200452884565,2.1150575774023744e-05
2012,E02004033,E07000032,8889,97155,87,3254,0.026736324523663185,237.65918869084206,female,40-44,331,0.03723703453706829,0.000995581439681912,0.0008954763007565231,3.33448819383968e-05
2012,E02004033,E07000032,8889,97155,87,3254,0.026736324523663185,237.65918869084206,male,40-44,348,0.03914951063111711,0.001046714021176149,0.0008954763007565231,3.505745895638092e-05
2012,E02004034,E07000032,7217,97155,77,2551,0.03018424147393179,217.83967071736572,female,40-44,285,0.0394900928363586,0.0011919784980006318,0.0007925479903247388,3.129779371519337e-05
2012,E02004034,E07000032,7217,97155,77,2551,0.03018424147393179,217.83967071736572,male,40-44,282,0.03907440764860746,0.0011794313559164147,0.0007925479903247388,3.0968343255033445e-05
2012,E02004035,E07000032,6545,97155,85,2141,0.039701074264362445,259.8435310602522,female,40-44,233,0.03559969442322383,0.001413346112085019,0.0008748906386701663,3.1145839390397054e-05
2012,E02004035,E07000032,6545,97155,85,2141,0.039701074264362445,259.8435310602522,male,40-44,252,0.038502673796791446,0.0015285975117829392,0.0008748906386701663,3.3685628868583944e-05
2012,E02004043,E07000032,7034,97155,16,2595,0.006165703275529865,43.369556840077074,female,40-44,258,0.03667898777367074,0.00022615175505924157,0.00016468529669085483,6.040489983827203e-06
2012,E02004043,E07000032,7034,97155,16,2595,0.006165703275529865,43.369556840077074,male,40-44,247,0.03511515496161501,0.00021650962596756848,0.00016468529669085483,5.782949713198911e-06
2012,E02002820,E06000015,9785,97155,11,3613,0.003044561306393579,29.791032383061168,female,40-44,353,0.03607562595809913,0.00010983445489595639,0.00011322114147496269,4.084523550399778e-06
2012,E02002820,E06000015,9785,97155,11,3613,0.003044561306393579,29.791032383061168,male,40-44,331,0.03382728666326009,0.00010298924807524523,0.00011322114147496269,3.829964009015089e-06
2012,E02002801,E06000015,7589,97155,9,2732,0.003294289897510981,25.000366032210835,female,40-44,270,0.03557780998814073,0.00011720362001949729,9.263547938860583e-05,3.2957674838481453e-06
2012,E02002801,E06000015,7589,97155,9,2732,0.003294289897510981,25.000366032210835,male,40-44,283,0.03729081565423639,0.0001228467572796953,9.263547938860583e-05,3.454452584922315e-06
2012,E02002816,E06000015,9479,97155,9,2797,0.0032177332856632105,30.50089381480157,female,40-44,449,0.0473678658086296,0.00015241715848325578,9.263547938860583e-05,4.387944956797554e-06
2012,E02002816,E06000015,9479,97155,9,2797,0.0032177332856632105,30.50089381480157,male,40-44,429,0.045257938601118264,0.00014562797547732013,9.263547938860583e-05,4.192490838454679e-06
2012,E02002803,E06000015,7912,97155,8,2208,0.0036231884057971015,28.666666666666668,female,40-44,201,0.025404448938321538,9.204510484899108e-05,8.234264834542741e-05,2.0918696053375774e-06
2012,E02002803,E06000015,7912,97155,8,2208,0.0036231884057971015,28.666666666666668,male,40-44,265,0.03349342770475228,0.00012135299893026187,8.234264834542741e-05,2.757937539375413e-06
2012,E02004084,E07000036,6139,97155,8,2240,0.0035714285714285713,21.925,female,40-44,193,0.031438345007330185,0.0001122798035976078,8.234264834542741e-05,2.588716587500813e-06
2012,E02004084,E07000036,6139,97155,8,2240,0.0035714285714285713,21.925,male,40-44,192,0.03127545202801759,0.00011169804295720568,8.234264834542741e-05,2.575303548187337e-06
2012,E02002825,E06000015,8582,97155,8,3211,0.002491435689816257,21.381501090003116,female,40-44,342,0.03985085061757166,9.928583149815425e-05,8.234264834542741e-05,3.281424578668862e-06
2012,E02002825,E06000015,8582,97155,8,3211,0.002491435689816257,21.381501090003116,male,40-44,339,0.039501281752505245,9.841490315167923e-05,8.234264834542741e-05,3.252640152540188e-06
2012,E02004083,E07000036,7917,97155,8,2488,0.003215434083601286,25.456591639871384,female,40-44,305,0.03852469369710749,0.00012387361317397905,8.234264834542741e-05,3.1722253057162257e-06
2012,E02004083,E07000036,7917,97155,8,2488,0.003215434083601286,25.456591639871384,male,40-44,339,0.04281924971580144,0.00013768247497042264,8.234264834542741e-05,3.525850421763281e-06
2012,E02006872,E07000037,12346,97155,354,4893,0.07234825260576333,893.2115266707541,female,45-49,510,0.041308925967924834,0.002988628610800202,0.003643662189285163,0.00015051577162930772
2012,E02006872,E07000037,12346,97155,354,4893,0.07234825260576333,893.2115266707541,male,45-49,533,0.04317187753118419,0.003123409901091192,0.003643662189285163,0.00015730373780082553
2012,E02004103,E07000037,7137,97155,89,3114,0.028580603725112397,203.97976878612718,female,45-49,277,0.038811825697071596,0.0011092654100961375,0.0009160619628428799,3.5554037229575134e-05
2012,E02004103,E07000037,7137,97155,89,3114,0.028580603725112397,203.97976878612718,male,45-49,261,0.03656998738965952,0.0010451923178162162,0.0009160619628428799,3.350037442931086e-05
2012,E02004097,E07000037,7704,97155,29,2762,0.010499637943519189,80.88921071687183,female,45-49,349,0.04530114226375909,0.0004756455921973257,0.0002984921002521744,1.3522033098131991e-05
2012,E02004097,E07000037,7704,97155,29,2762,0.010499637943519189,80.88921071687183,male,45-49,378,0.04906542056074766,0.0005151691514343527,0.0002984921002521744,1.464564043293379e-05
2012,E02004102,E07000037,8625,97155,96,3736,0.02569593147751606,221.627408993576,female,45-49,295,0.034202898550724635,0.0008788753374918536,0.000988111780145129,3.3796286973079766e-05
2012,E02004102,E07000037,8625,97155,96,3736,0.02569593147751606,221.627408993576,male,45-49,344,0.03988405797101449,0.0010248580206684665,0.000988111780145129,3.940990752115065e-05
2012,E02004098,E07000037,7341,97155,47,3145,0.014944356120826709,109.70651828298887,female,45-49,307,0.041819915542841576,0.0006249717108151205,0.00048376305902938604,2.023093027135561e-05
2012,E02004098,E07000037,7341,97155,47,3145,0.014944356120826709,109.70651828298887,male,45-49,269,0.036643509058711346,0.0005476136488901218,0.00048376305902938604,1.772677603581322e-05
2012,E02004104,E07000037,7167,97155,84,2895,0.029015544041450778,207.95440414507772,female,45-49,323,0.04506767127110367,0.0013076630006123345,0.0008645978076269878,3.8965409775850015e-05
2012,E02004104,E07000037,7167,97155,84,2895,0.029015544041450778,207.95440414507772,male,45-49,335,0.04674201199944188,0.0013562449077558266,0.0008645978076269878,4.041304109879181e-05
2012,E02004100,E07000037,7641,97155,54,3050,0.017704918032786884,135.28327868852458,female,45-49,335,0.0438424290014396,0.0007762266118287667,0.000555812876331635,2.4368186568655637e-05
2012,E02004100,E07000037,7641,97155,54,3050,0.017704918032786884,135.28327868852458,male,45-49,342,0.0447585394581861,0.0007924462723744424,0.000555812876331635,2.4877372556657395e-05
2012,E02004068,E07000035,7531,97155,1163,2634,0.4415337889141989,3325.190964312832,female,45-49,315,0.04182711459301554,0.018468084385602532,0.011970562503216509,0.0005006940895648918
2012,E02004068,E07000035,7531,97155,1163,2634,0.4415337889141989,3325.190964312832,male,45-49,327,0.04342052848227327,0.01917163045743501,0.011970562503216509,0.0005197681501197449
2012,E02006210,E07000198,5452,97155,24,1854,0.012944983818770227,70.57605177993528,female,45-49,260,0.04768892149669846,0.0006173323171093652,0.0002470279450362822,1.1780496278326006e-05
2012,E02006210,E07000198,5452,97155,24,1854,0.012944983818770227,70.57605177993528,male,45-49,222,0.040719002201027144,0.0005271068246087657,0.0002470279450362822,1.0058731437647588e-05
2012,E02006204,E07000198,7282,97155,11,2851,0.003858295334970186,28.096106629252894,female,45-49,293,0.04023619884647075,0.00015524313830627087,0.00011322114147496269,4.555588362010995e-06
2012,E02006204,E07000198,7282,97155,11,2851,0.003858295334970186,28.096106629252894,male,45-49,285,0.03913759956056029,0.00015100441780644097,0.00011322114147496269,4.431203696836634e-06
2012,E02004070,E07000035,6373,97155,1527,2452,0.6227569331158238,3968.829934747145,female,45-49,252,0.0395418170406402,0.02462494071005611,0.015717153002933457,0.0006214847884417435
2012,E02004070,E07000035,6373,97155,1527,2452,0.6227569331158238,3968.829934747145,male,45-49,197,0.030911658559548093,0.019250449682067676,0.015717153002933457,0.000485843267154855
2012,E02006803,E08000019,8747,97155,441,3080,0.1431818181818182,1252.4113636363636,female,45-49,378,0.043214816508517204,0.0061875760000831455,0.004539138490041686,0.0001961580369538993
2012,E02006803,E08000019,8747,97155,441,3080,0.1431818181818182,1252.4113636363636,male,45-49,384,0.04390076597690637,0.006285791492147958,0.004539138490041686,0.0001992716565880882
2012,E02006869,E08000019,11118,97155,31,4236,0.007318224740321058,81.36402266288952,female,45-49,457,0.04110451520057564,0.0003008120800797556,0.0003190777623385312,1.3115536732209817e-05
2012,E02006869,E08000019,11118,97155,31,4236,0.007318224740321058,81.36402266288952,male,45-49,427,0.03840618816333873,0.0002810651163983713,0.0003190777623385312,1.2254560579110705e-05
2012,E02006868,E08000019,12500,97155,11,4482,0.0024542614904060687,30.67826863007586,female,45-49,369,0.02952,7.244979919678716e-05,0.00011322114147496269,3.3422880963408988e-06
2012,E02006868,E08000019,12500,97155,11,4482,0.0024542614904060687,30.67826863007586,male,45-49,386,0.03088,7.57875948237394e-05,0.00011322114147496269,3.496268848746848e-06
2012,E02004105,E07000038,9450,97155,1852,3263,0.5675758504443763,5363.591786699356,female,45-49,420,0.044444444444444446,0.025225593353083393,0.019062323091966444,0.0008472143596429531
2012,E02004105,E07000038,9450,97155,1852,3263,0.5675758504443763,5363.591786699356,male,45-49,379,0.0401058201058201,0.022763094954330012,0.019062323091966444,0.0007645101007254266
2012,E02001634,E08000019,9260,97155,11,3128,0.003516624040920716,32.56393861892583,female,45-49,302,0.0326133909287257,0.0001146890345959024,0.00011322114147496269,3.692525348319517e-06
2012,E02001634,E08000019,9260,97155,11,3128,0.003516624040920716,32.56393861892583,male,45-49,342,0.03693304535637149,0.0001298796352046312,0.00011322114147496269,4.18160155339495e-06
2012,E02001669,E08000019,7690,97155,45,2629,0.017116774438950173,131.62799543552683,female,45-49,327,0.04252275682704811,0.0007278524371309111,0.0004631773969430292,1.969557981799357e-05
2012,E02001669,E08000019,7690,97155,45,2629,0.017116774438950173,131.62799543552683,male,45-49,286,0.037191157347204164,0.0006365926514355981,0.0004631773969430292,1.722610344937664e-05
2012,E02001660,E08000019,9889,97155,23,3458,0.006651243493348756,65.77414690572586,female,45-49,293,0.029628880574375568,0.00019706889913552285,0.0002367351139931038,7.014196420262859e-06
2012,E02001660,E08000019,9889,97155,23,3458,0.006651243493348756,65.77414690572586,male,45-49,333,0.033673778946303974,0.00022397250311306864,0.0002367351139931038,7.97176589743185e-06
2012,E02001653,E08000019,7439,97155,9,2991,0.003009027081243731,22.384152457372114,female,45-49,201,0.02701976072052695,8.130319173679122e-05,9.263547938860583e-05,2.502988487311436e-06
2012,E02001653,E08000019,7439,97155,9,2991,0.003009027081243731,22.384152457372114,male,45-49,202,0.02715418739077833,8.170768522801904e-05,9.263547938860583e-05,2.5154411663527864e-06
2012,E02001662,E08000019,7588,97155,15,3172,0.004728877679697352,35.8827238335435,female,45-49,279,0.036768581971534,0.0001738741265993096,0.0001543924656476764,5.676792028953837e-06
2012,E02001662,E08000019,7588,97155,15,3172,0.004728877679697352,35.8827238335435,male,45-49,264,0.03479177648919346,0.00016452605527676604,0.0001543924656476764,5.3715881564294366e-06
2012,E02001655,E08000019,7681,97155,14,3228,0.004337050805452293,33.31288723667906,female,45-49,303,0.039447988543158445,0.00017108793048457816,0.00014409963460449796,5.684440734951553e-06
2012,E02001655,E08000019,7681,97155,14,3228,0.004337050805452293,33.31288723667906,male,45-49,267,0.03476109881525843,0.0001507606516151233,0.00014409963460449796,5.0090616377295864e-06
2012,E02001650,E08000019,9415,97155,10,2336,0.004280821917808219,40.30393835616438,female,45-49,145,0.015400955921402018,6.592874966353604e-05,0.00010292831043178426,1.585194372024293e-06
2012,E02001650,E08000019,9415,97155,10,2336,0.004280821917808219,40.30393835616438,male,45-49,206,0.021879978757302177,9.36642926254374e-05,0.00010292831043178426,2.252069245772444e-06
2012,E02001627,E08000019,6085,97155,8,2236,0.0035778175313059034,21.77101967799642,female,45-49,223,0.03664749383730485,0.00013111804592953435,8.234264834542741e-05,3.017651697786411e-06
2012,E02001627,E08000019,6085,97155,8,2236,0.0035778175313059034,21.77101967799642,male,45-49,230,0.03779786359901397,0.00013523385903046144,8.234264834542741e-05,3.1123761905420387e-06
2012,E02001656,E08000019,7888,97155,17,2300,0.007391304347826087,58.302608695652175,female,45-49,217,0.027510141987829615,0.00020333583208395801,0.00017497812773403323,4.813673138727841e-06
2012,E02001656,E08000019,7888,97155,17,2300,0.007391304347826087,58.302608695652175,male,45-49,230,0.02915821501014199,0.00021551724137931034,0.00017497812773403323,5.10204987054103e-06
2012,E02001666,E08000019,6153,97155,17,2708,0.006277695716395864,38.62666174298375,female,45-49,245,0.03981797497155859,0.0002499651309145111,0.00017497812773403323,6.967274710683917e-06
2012,E02001666,E08000019,6153,97155,17,2708,0.006277695716395864,38.62666174298375,male,45-49,229,0.03721761742239558,0.0002336408774670328,0.00017497812773403323,6.512269015292314e-06
2012,E02001678,E08000019,10006,97155,92,3559,0.025849957853329587,258.65467828041585,female,45-49,452,0.045172896262242655,0.0011677174644918022,0.0009469404559724152,4.277604298416267e-05
2012,E02001678,E08000019,10006,97155,92,3559,0.025849957853329587,258.65467828041585,male,45-49,409,0.0408754747151709,0.0010566292986220068,0.0009469404559724152,3.8706640664872856e-05
2012,E02001680,E08000019,6098,97155,251,2873,0.08736512356421859,532.7525234946049,female,45-49,190,0.03115775664152181,0.0027221012589704052,0.002583500591837785,8.049608272370927e-05
2012,E02001680,E08000019,6098,97155,251,2873,0.08736512356421859,532.7525234946049,male,45-49,243,0.039849130862577894,0.0034814242417358344,0.002583500591837785,0.00010295025316769133
2012,E02001642,E08000019,9800,97155,8,3907,0.002047606859482979,20.066547222933195,female,45-49,305,0.031122448979591835,6.372654001452129e-05,8.234264834542741e-05,2.5627048719750366e-06
2012,E02001642,E08000019,9800,97155,8,3907,0.002047606859482979,20.066547222933195,male,45-49,353,0.03602040816326531,7.375563483647874e-05,8.234264834542741e-05,2.9660158026465182e-06
2012,E02001665,E08000019,9466,97155,44,3159,0.013928458372902817,131.84678695789808,female,45-49,458,0.048383688992182546,0.0006739101980550909,0.00045288456589985077,2.191222598585798e-05
2012,E02001665,E08000019,9466,97155,44,3159,0.013928458372902817,131.84678695789808,male,45-49,411,0.04341855060215508,0.0006047534746738916,0.00045288456589985077,1.966359144145771e-05
2012,E02001664,E08000019,6233,97155,26,2407,0.01080182800166182,67.32779393435813,female,45-49,206,0.03304989571634847,0.0003569992890008559,0.0002676136071226391,8.844601807679073e-06
2012,E02001664,E08000019,6233,97155,26,2407,0.01080182800166182,67.32779393435813,male,45-49,234,0.0375421145515803,0.00040552346420485573,0.0002676136071226391,1.0046780694159721e-05
2012,E02001659,E08000019,6120,97155,10,2607,0.0038358266206367474,23.475258918296895,female,45-49,228,0.03725490196078431,0.00014290334469038861,0.00010292831043178426,3.834584114125296e-06
2012,E02001659,E08000019,6120,97155,10,2607,0.0038358266206367474,23.475258918296895,male,45-49,244,0.03986928104575163,0.0001529316495809422,0.00010292831043178426,4.103677736169176e-06
2012,E02001636,E08000019,9739,97155,8,3457,0.0023141452126120912,22.537460225629157,female,45-49,255,0.02618338638463908,6.059215825198514e-05,8.234264834542741e-05,2.156009377562788e-06
2012,E02001636,E08000019,9739,97155,8,3457,0.0023141452126120912,22.537460225629157,male,45-49,310,0.03183078344799261,7.36610551298643e-05,8.234264834542741e-05,2.621031008017507e-06
2012,E02001679,E08000019,6324,97155,179,2654,0.06744536548605878,426.5244913338357,female,45-49,207,0.03273244781783681,0.002207651906327351,0.0018424167567289383,6.030681034833811e-05
2012,E02001679,E08000019,6324,97155,179,2654,0.06744536548605878,426.5244913338357,male,45-49,235,0.03716002530044276,0.002506271487859553,0.0018424167567289383,6.846425329400704e-05
2012,E02001681,E08000019,7453,97155,157,2675,0.05869158878504673,437.4284112149533,female,45-49,313,0.04199651147189051,0.002464841981714696,0.0016159744737790128,6.786529052634254e-05
2012,E02001681,E08000019,7453,97155,157,2675,0.05869158878504673,437.4284112149533,male,45-49,277,0.037166241781832816,0.0021813457793449544,0.0016159744737790128,6.005969800574085e-05
2012,E02001657,E08000019,8992,97155,11,2789,0.003944065973467192,35.465041233417,female,45-49,380,0.04225978647686833,0.0001666753858894054,0.00011322114147496269,4.7847012633992246e-06
2012,E02001657,E08000019,8992,97155,11,2789,0.003944065973467192,35.465041233417,male,45-49,339,0.03770017793594306,0.00014869198899081164,0.00011322114147496269,4.268457179716676e-06
2012,E02001671,E08000019,5902,97155,28,2247,0.012461059190031152,73.54517133956386,female,45-49,258,0.043713995255845475,0.0005447226823158314,0.0002881992692089959,1.259834148694018e-05
2012,E02001671,E08000019,5902,97155,28,2247,0.012461059190031152,73.54517133956386,male,45-49,247,0.04185022026431718,0.0005214980718294976,0.0002881992692089959,1.2061202896411723e-05
2012,E02001652,E08000019,12526,97155,8,2986,0.0026791694574681848,33.55927662424648,female,45-49,159,0.012693597317579434,3.40082982386589e-05,8.234264834542741e-05,1.045224420159904e-06
2012,E02001652,E08000019,12526,97155,8,2986,0.0026791694574681848,33.55927662424648,male,45-49,181,0.014449944116238225,3.871384893834755e-05,8.234264834542741e-05,1.189846666974482e-06
2012,E02001673,E08000019,5543,97155,43,1955,0.021994884910485932,121.91764705882352,female,45-49,280,0.050514162006133866,0.0011110531796745555,0.0004425917348566723,2.235715059712579e-05
2012,E02001673,E08000019,5543,97155,43,1955,0.021994884910485932,121.91764705882352,male,45-49,217,0.039148475554753745,0.0008610662142477805,0.0004425917348566723,1.7326791712772486e-05
2012,E02001661,E08000019,7877,97155,14,3256,0.0042997542997543,33.86916461916462,female,45-49,268,0.03402310524311286,0.0001462909930600676,0.00014409963460449796,4.902717033642942e-06
2012,E02001661,E08000019,7877,97155,14,3256,0.0042997542997543,33.86916461916462,male,45-49,274,0.03478481655452584,0.00014956616454648702,0.00014409963460449796,5.012479355291664e-06
2012,E02001649,E08000019,9557,97155,9,4107,0.002191380569758948,20.943024105186268,female,45-49,289,0.030239614941927385,6.626650462073203e-05,9.263547938860583e-05,2.8012612266722912e-06
2012,E02001649,E08000019,9557,97155,9,4107,0.002191380569758948,20.943024105186268,male,45-49,282,0.02950716752118866,6.466143357455513e-05,9.263547938860583e-05,2.7334106087252117e-06
2012,E02001676,E08000019,5995,97155,109,2168,0.050276752767527674,301.4091328413284,female,45-49,286,0.047706422018348627,0.0023985239852398524,0.0011219185837064484,5.3522721424527817e-05
2012,E02001676,E08000019,5995,97155,109,2168,0.050276752767527674,301.4091328413284,male,45-49,261,0.04353628023352794,0.002188862797718886,0.0011219185837064484,4.8844161859446705e-05
2012,E02001651,E08000019,8119,97155,13,2920,0.004452054794520548,36.146232876712325,female,45-49,349,0.042985589358295356,0.0001913741991978903,0.00013380680356131955,5.751764311232975e-06
2012,E02001651,E08000019,8119,97155,13,2920,0.004452054794520548,36.146232876712325,male,45-49,280,0.03448700578889026,0.00015353803947108676,0.00013380680356131955,4.614596009012129e-06
2012,E02001674,E08000019,8647,97155,130,3282,0.039609993906154786,342.50761730652044,female,45-49,373,0.043136347866312014,0.001708630476118392,0.0013380680356131953,5.7719368253003565e-05
2012,E02001674,E08000019,8647,97155,130,3282,0.039609993906154786,342.50761730652044,male,45-49,339,0.0392043483289002,0.0015528839984025064,0.0013380680356131953,5.2458085355946945e-05
2012,E02001618,E08000019,9708,97155,8,3293,0.0024293956878226543,23.584573337382327,female,45-49,388,0.03996703749484961,9.709574854503399e-05,8.234264834542741e-05,3.2909917138469138e-06
2012,E02001618,E08000019,9708,97155,8,3293,0.0024293956878226543,23.584573337382327,male,45-49,386,0.039761021837659664,9.659525499583278e-05,8.234264834542741e-05,3.27402783903327e-06
2012,E02001672,E08000019,6175,97155,39,2203,0.017703132092601,109.31684067181118,female,45-49,242,0.03919028340080972,0.0006937907637910028,0.0004014204106839586,1.5731779657573764e-05
2012,E02001672,E08000019,6175,97155,39,2203,0.017703132092601,109.31684067181118,male,45-49,241,0.03902834008097166,0.0006909238598083954,0.0004014204106839586,1.5666772303616846e-05
2012,E02001675,E08000019,9063,97155,141,3730,0.03780160857908847,342.59597855227884,female,45-49,329,0.036301445437493106,0.0013722530312832515,0.001451289177088158,5.268389487609004e-05
2012,E02001675,E08000019,9063,97155,141,3730,0.03780160857908847,342.59597855227884,male,45-49,328,0.036191106697561516,0.0013680820494252476,0.001451289177088158,5.252376145701378e-05
2012,E02001670,E08000019,6002,97155,19,2500,0.0076,45.6152,female,45-49,190,0.03165611462845718,0.00024058647117627458,0.0001955637898203901,6.190789747729777e-06
2012,E02001670,E08000019,6002,97155,19,2500,0.0076,45.6152,male,45-49,212,0.03532155948017328,0.0002684438520493169,0.0001955637898203901,6.907618034309014e-06
2012,E02001639,E08000019,6154,97155,8,2044,0.003913894324853229,24.08610567514677,female,45-49,129,0.020961975950601234,8.204295871076804e-05,8.234264834542741e-05,1.7260646143256639e-06
2012,E02001639,E08000019,6154,97155,8,2044,0.003913894324853229,24.08610567514677,male,45-49,166,0.026974325641858955,0.00010557466004641469,8.234264834542741e-05,2.2211374106826376e-06
2012,E02001663,E08000019,7671,97155,36,2525,0.014257425742574258,109.36871287128713,female,45-49,294,0.03832616347281971,0.000546432429711489,0.00037054191755442334,1.4201450105722913e-05
2012,E02001663,E08000019,7671,97155,36,2525,0.014257425742574258,109.36871287128713,male,45-49,313,0.04080302437752575,0.0005817460901350206,0.00037054191755442334,1.511923089486827e-05
2012,E02005888,E07000174,8284,97155,13,3488,0.0037270642201834864,30.875,female,45-49,281,0.03392081120231772,0.00012642504175175757,0.00013380680356131955,4.538835321189135e-06
2012,E02005888,E07000174,8284,97155,13,3488,0.0037270642201834864,30.875,male,45-49,292,0.035248672139063256,0.00013137406473848117,0.00013380680356131955,4.716512148708995e-06
2012,E02005887,E07000174,9349,97155,23,4120,0.00558252427184466,52.19101941747572,female,45-49,330,0.035297892822761794,0.00019705134342803913,0.0002367351139931038,8.356250681112874e-06
2012,E02005887,E07000174,9349,97155,23,4120,0.00558252427184466,52.19101941747572,male,45-49,324,0.03465611295325703,0.00019346859172934749,0.0002367351139931038,8.204318850547185e-06
2012,E02005880,E07000174,6267,97155,70,2630,0.026615969581749048,166.8022813688213,female,45-49,241,0.038455401308441044,0.0010235277914794193,0.0007204981730224899,2.7707046385578437e-05
2012,E02005880,E07000174,6267,97155,70,2630,0.026615969581749048,166.8022813688213,male,45-49,226,0.036061911600446785,0.0009598227422172147,0.0007204981730224899,2.5982541423820443e-05
2012,E02005824,E07000170,9785,97155,37,3726,0.009930220075147612,97.16720343531938,female,45-49,391,0.0399591211037302,0.0003968028665695162,0.00038083474859760175,1.5217821839720213e-05
2012,E02005824,E07000170,9785,97155,37,3726,0.009930220075147612,97.16720343531938,male,45-49,401,0.040981093510475214,0.0004069512774792225,0.00038083474859760175,1.5607024444316635e-05
2012,E02005819,E07000170,6111,97155,44,2362,0.018628281117696866,113.83742591024554,female,45-49,264,0.043200785468826705,0.0008047563762186177,0.00045288456589985077,1.9564968973582162e-05
2012,E02005819,E07000170,6111,97155,44,2362,0.018628281117696866,113.83742591024554,male,45-49,243,0.039764359351988215,0.0007407416644739549,0.00045288456589985077,1.8008664623410853e-05
2012,E02005891,E07000174,6437,97155,13,2886,0.0045045045045045045,28.995495495495494,female,45-49,246,0.03821656050955414,0.00017214666896195557,0.00013380680356131955,5.1136358048911925e-06
2012,E02005891,E07000174,6437,97155,13,2886,0.0045045045045045045,28.995495495495494,male,45-49,237,0.03681839366164362,0.00016584862009749377,0.00013380680356131955,4.9265515681268805e-06
2012,E02005825,E07000170,8073,97155,18,3312,0.005434782608695652,43.875,female,45-49,294,0.03641768859160163,0.0001979222206065306,0.00018527095877721167,6.747140081815958e-06
2012,E02005825,E07000170,8073,97155,18,3312,0.005434782608695652,43.875,male,45-49,309,0.03827573392790784,0.00020802029308645564,0.00018527095877721167,7.0913819227249355e-06
2012,E02004029,E07000032,6402,97155,379,2746,0.13801893663510562,883.5972323379461,female,45-49,264,0.041237113402061855,0.00569150254165384,0.0039009829653646236,0.00016086527692225252
2012,E02004029,E07000032,6402,97155,379,2746,0.13801893663510562,883.5972323379461,male,45-49,259,0.040456107466416744,0.005583708932910395,0.0039009829653646236,0.00015781858607145227
2012,E02004054,E07000033,8677,97155,295,3267,0.09029690847872666,783.5062748699113,female,45-49,355,0.040912757865621756,0.0036942955526043523,0.003036385157737636,0.00012422689074528763
2012,E02004054,E07000033,8677,97155,295,3267,0.09029690847872666,783.5062748699113,male,45-49,396,0.045637893281087936,0.004120960672764292,0.003036385157737636,0.0001385742217891096
2012,E02004050,E07000033,7057,97155,1059,3002,0.35276482345103266,2489.4613590939375,female,45-49,251,0.035567521609749186,0.012546970481253961,0.010900108074725953,0.00038768982949641696
2012,E02004050,E07000033,7057,97155,1059,3002,0.35276482345103266,2489.4613590939375,male,45-49,294,0.0416607623636106,0.014696451480034518,0.010900108074725953,0.00045410681223883095
2012,E02004051,E07000033,9152,97155,1124,3894,0.2886492039034412,2641.7175141242938,female,45-49,358,0.039117132867132864,0.011291129261083034,0.01156914209253255,0.00045255166839233533
2012,E02004051,E07000033,9152,97155,1124,3894,0.2886492039034412,2641.7175141242938,male,45-49,373,0.04075611888111888,0.011764221269228973,0.01156914209253255,0.00047151333047581307
2012,E02004049,E07000033,7821,97155,2582,3223,0.801116971765436,6265.535836177474,female,45-49,342,0.04372842347525892,0.03503158219457603,0.026576089753486697,0.0011621305070569556
2012,E02004049,E07000033,7821,97155,2582,3223,0.801116971765436,6265.535836177474,male,45-49,315,0.04027617951668585,0.03226593096868845,0.026576089753486697,0.0010703833617629855
2012,E02004117,E07000038,7364,97155,2215,2973,0.7450386814665321,5486.464850319542,female,45-49,302,0.041010320478001086,0.030554275095449848,0.022798620760640213,0.000934978743850264
2012,E02004117,E07000038,7364,97155,2215,2973,0.7450386814665321,5486.464850319542,male,45-49,291,0.03951656708310701,0.02944137103568181,0.022798620760640213,0.0009009232266901551
2012,E02004112,E07000038,6508,97155,2022,2401,0.8421491045397751,5480.706372344856,female,45-49,266,0.040872771972956363,0.03442096831708362,0.020812104369306778,0.0008506483961640448
2012,E02004112,E07000038,6508,97155,2022,2401,0.8421491045397751,5480.706372344856,male,45-49,252,0.03872157344806392,0.03260933840565816,0.020812104369306778,0.0008058774279448845
2012,E02004052,E07000033,7869,97155,1852,3077,0.601884952876178,4736.232694182645,female,45-49,359,0.045622061253018174,0.027459232187386953,0.019062323091966444,0.0008696624717265159
2012,E02004052,E07000033,7869,97155,1852,3077,0.601884952876178,4736.232694182645,male,45-49,322,0.040920066082094295,0.024629172045511415,0.019062323091966444,0.0007800315206014989
2012,E02004061,E07000034,7216,97155,2534,2904,0.8725895316804407,6296.60606060606,female,45-49,276,0.03824833702882483,0.03337509849553792,0.026082033863414133,0.000997594421605086
2012,E02004061,E07000034,7216,97155,2534,2904,0.8725895316804407,6296.60606060606,male,45-49,289,0.040049889135254986,0.03494711400438572,0.026082033863414133,0.0010445825646517024
2012,E02004111,E07000038,5498,97155,1933,2254,0.857586512866016,4715.010647737356,female,45-49,203,0.03692251727901055,0.03166425283954188,0.019896042406463896,0.0007346119695365899
2012,E02004111,E07000038,5498,97155,1933,2254,0.857586512866016,4715.010647737356,male,45-49,212,0.038559476173153875,0.03306808670927526,0.019896042406463896,0.0007671809731121037
2012,E02004062,E07000034,7987,97155,2706,3135,0.8631578947368421,6894.042105263158,female,45-49,346,0.04332039564291974,0.037392341502309676,0.02785240080284082,0.0012065770223842398
2012,E02004062,E07000034,7987,97155,2706,3135,0.8631578947368421,6894.042105263158,male,45-49,313,0.03918868160761237,0.033826019913939104,0.02785240080284082,0.0010914988670701362
2012,E02004048,E07000033,6835,97155,2283,2771,0.8238902923132443,5631.290147961025,female,45-49,271,0.039648866130212145,0.032666315905909175,0.023498533271576347,0.0009316901999410666
2012,E02004048,E07000033,6835,97155,2283,2771,0.8238902923132443,5631.290147961025,male,45-49,257,0.037600585223116316,0.030978757150622354,0.023498533271576347,0.0008835586028961407
2012,E02004114,E07000038,7226,97155,2342,2813,0.8325630998933523,6016.100959829364,female,45-49,302,0.0417935233877664,0.034795745387184114,0.024105810303123875,0.001007466746684668
2012,E02004114,E07000038,7226,97155,2342,2813,0.8325630998933523,6016.100959829364,male,45-49,275,0.038057016329919736,0.0316848674883299,0.024105810303123875,0.0009173952163519328
2012,E02004059,E07000034,7158,97155,2641,3075,0.8588617886178862,6147.7326829268295,female,45-49,316,0.04414640961162336,0.03791566432009668,0.027183366785034222,0.001200048044715118
2012,E02004059,E07000034,7158,97155,2641,3075,0.8588617886178862,6147.7326829268295,male,45-49,286,0.03995529477507684,0.03431607593527738,0.027183366785034222,0.0010861194328750752
2012,E02004073,E07000035,9138,97155,2604,3611,0.7211298809194129,6589.6848518415945,female,45-49,378,0.04136572554169402,0.029830060734026925,0.02680253203643662,0.0011087061840416986
2012,E02004073,E07000035,9138,97155,2604,3611,0.7211298809194129,6589.6848518415945,male,45-49,363,0.03972422849638871,0.028646328165216336,0.02680253203643662,0.001064709906897187
2012,E02004063,E07000034,7940,97155,2649,3057,0.8665358194308145,6880.294406280667,female,45-49,333,0.041939546599496225,0.03634211937915129,0.02726570943337965,0.0011435114913495496
2012,E02004063,E07000034,7940,97155,2649,3057,0.8665358194308145,6880.294406280667,male,45-49,332,0.04181360201511335,0.0362329838855202,0.02726570943337965,0.0011400775229070586
2012,E02004072,E07000035,8613,97155,2654,3330,0.796996996996997,6864.5351351351355,female,45-49,322,0.037385347730175315,0.029796009872638224,0.027317173588595544,0.0010212620336152054
2012,E02004072,E07000035,8613,97155,2654,3330,0.796996996996997,6864.5351351351355,male,45-49,333,0.038662486938349006,0.030813885986299777,0.027317173588595544,0.0010561498670616876
2012,E02004046,E07000033,6301,97155,1091,2510,0.4346613545816733,2738.8011952191237,female,45-49,243,0.038565307094112045,0.016762848621384958,0.011229478668107662,0.0004330682933423523
2012,E02004046,E07000033,6301,97155,1091,2510,0.4346613545816733,2738.8011952191237,male,45-49,239,0.03793048722425012,0.01648691695683541,0.011229478668107662,0.0004259395971556469
2012,E02004067,E07000034,6422,97155,2390,2772,0.8621933621933622,5537.005772005772,female,45-49,233,0.036281532232949235,0.03128169626145334,0.02459986619319644,0.0008925208382146948
2012,E02004067,E07000034,6422,97155,2390,2772,0.8621933621933622,5537.005772005772,male,45-49,230,0.03581438804110869,0.030878927640061244,0.02459986619319644,0.0008810291536024884
2012,E02004065,E07000034,8352,97155,2549,3047,0.8365605513619954,6986.953724975385,female,45-49,384,0.04597701149425287,0.03846255408560898,0.02623642632906181,0.0012062724748993935
2012,E02004065,E07000034,8352,97155,2549,3047,0.8365605513619954,6986.953724975385,male,45-49,329,0.03939176245210728,0.03295359451605561,0.02623642632906181,0.0010334990735466159
2012,E02004071,E07000035,5146,97155,1549,1961,0.7899031106578276,4064.8414074451807,female,45-49,196,0.038087835211815003,0.030085699512035408,0.01594359528588338,0.0006072570299325967
2012,E02004071,E07000035,5146,97155,1549,1961,0.7899031106578276,4064.8414074451807,male,45-49,201,0.039059463661096,0.030853191846526108,0.01594359528588338,0.0006227482806961834
2012,E02004064,E07000034,8842,97155,3131,3617,0.8656345037323749,7653.940282001659,female,45-49,327,0.03698258312598959,0.0320133999910073,0.03222685399619165,0.0011918323068032875
2012,E02004064,E07000034,8842,97155,3131,3617,0.8656345037323749,7653.940282001659,male,45-49,348,0.03935761140013572,0.034069306412448146,0.03222685399619165,0.0012683719962310218
2012,E02004055,E07000034,7186,97155,2530,2997,0.8441775108441775,6066.259592926259,female,45-49,269,0.03743389924853883,0.031600855888823234,0.026040862539241417,0.0009748110246390122
2012,E02004055,E07000034,7186,97155,2530,2997,0.8441775108441775,6066.259592926259,male,45-49,316,0.04397439465627609,0.03712219502181465,0.026040862539241417,0.001145131166490438
2012,E02004057,E07000034,7721,97155,2725,3172,0.8590794451450189,6632.95239596469,female,45-49,280,0.03626473254759746,0.031154286315322535,0.02804796459266121,0.0010171519344573422
2012,E02004057,E07000034,7721,97155,2725,3172,0.8590794451450189,6632.95239596469,male,45-49,331,0.04287009454733843,0.036828817037041994,0.02804796459266121,0.0012024188939477867
2012,E02005847,E07000171,6740,97155,22,2812,0.007823613086770981,52.73115220483641,female,45-49,283,0.04198813056379822,0.00032849888776798037,0.00022644228294992538,9.507888141666008e-06
2012,E02005847,E07000171,6740,97155,22,2812,0.007823613086770981,52.73115220483641,male,45-49,291,0.04317507418397626,0.0003377850754080646,0.00022644228294992538,9.77666236475197e-06
2012,E02004115,E07000038,8980,97155,2819,3379,0.8342704942290619,7491.749038176976,female,45-49,341,0.037973273942093544,0.031679982019165935,0.029015490710719984,0.0011018131773224405
2012,E02004115,E07000038,8980,97155,2819,3379,0.8342704942290619,7491.749038176976,male,45-49,354,0.03942093541202673,0.03288772326916346,0.029015490710719984,0.001143817785255554
2012,E02005848,E07000171,6722,97155,116,2708,0.04283604135893648,287.94387001477105,female,45-49,267,0.039720321332936626,0.0017014613274079205,0.0011939684010086975,4.7424808549438e-05
2012,E02005848,E07000171,6722,97155,116,2708,0.04283604135893648,287.94387001477105,male,45-49,271,0.040315382326688486,0.0017269513847473648,0.0011939684010086975,4.8135292572650554e-05
2012,E02004066,E07000034,11788,97155,3870,4535,0.8533627342888643,10059.439911797133,female,45-49,507,0.04300984051577876,0.03670299510387294,0.03983325613710051,0.0017132219936808585
2012,E02004066,E07000034,11788,97155,3870,4535,0.8533627342888643,10059.439911797133,male,45-49,471,0.03995588734306074,0.03409686527401214,0.03983325613710051,0.0015915730947212707
2012,E02004110,E07000038,7526,97155,1841,2781,0.6619920891765552,4982.152463142754,female,45-49,275,0.036539994685091684,0.024189187420084066,0.018949101950491484,0.0006924000845582193
2012,E02004110,E07000038,7526,97155,1841,2781,0.6619920891765552,4982.152463142754,male,45-49,277,0.03680574010098326,0.024365108783139224,0.018949101950491484,0.0006974357215368245
2012,E02004060,E07000034,7633,97155,2906,3387,0.8579864186595807,6549.010333628579,female,45-49,259,0.03393161273418053,0.029112862889143373,0.029910967011476507,0.00101492734913827
2012,E02004060,E07000034,7633,97155,2906,3387,0.8579864186595807,6549.010333628579,male,45-49,273,0.035765753963055154,0.030686531153421397,0.029910967011476507,0.0010697882869295278
2012,E02006804,E07000038,8215,97155,2323,3176,0.7314231738035264,6008.641372795969,female,45-49,332,0.040413877054169205,0.02955964622066595,0.023910246513303483,0.0009663057629235248
2012,E02006804,E07000038,8215,97155,2323,3176,0.7314231738035264,6008.641372795969,male,45-49,357,0.04345709068776628,0.031785523195113685,0.023910246513303483,0.001039069751095477
2012,E02001609,E08000018,8379,97155,15,3753,0.003996802557953637,33.489208633093526,female,45-49,289,0.03449098937820742,0.00013785367457317115,0.0001543924656476764,5.325148892729261e-06
2012,E02001609,E08000018,8379,97155,15,3753,0.003996802557953637,33.489208633093526,male,45-49,309,0.036877909058360185,0.0001473937212564356,0.0001543924656476764,5.693671307451009e-06
2012,E02005840,E07000171,9163,97155,27,3537,0.007633587786259542,69.94656488549619,female,45-49,453,0.04943795700098221,0.0003773889847403222,0.0002779064381658175,1.3739126540337807e-05
2012,E02005840,E07000171,9163,97155,27,3537,0.007633587786259542,69.94656488549619,male,45-49,430,0.04692786205391247,0.0003582279546100189,0.0002779064381658175,1.304155499413964e-05
2012,E02005842,E07000171,8570,97155,8,3161,0.002530844669408415,21.689338816830116,female,45-49,321,0.03745624270711785,9.479593219137703e-05,8.234264834542741e-05,3.0842462215731854e-06
2012,E02005842,E07000171,8570,97155,8,3161,0.002530844669408415,21.689338816830116,male,45-49,313,0.03652275379229872,9.243341674735519e-05,8.234264834542741e-05,3.0073802721258786e-06
2012,E02004106,E07000038,6998,97155,1667,2703,0.6167221605623382,4315.821679615243,female,45-49,256,0.03658188053729637,0.022560856402394767,0.017158149348978437,0.0006276773697254187
2012,E02004106,E07000038,6998,97155,1667,2703,0.6167221605623382,4315.821679615243,male,45-49,257,0.036724778508145185,0.022648984747716622,0.017158149348978437,0.0006301292344509087
2012,E02001603,E08000018,6481,97155,11,2853,0.00385559060637925,24.988082719943918,female,45-49,244,0.03764851103224811,0.00014515724548010137,0.00011322114147496269,4.262607393903857e-06
2012,E02001603,E08000018,6481,97155,11,2853,0.00385559060637925,24.988082719943918,male,45-49,239,0.036877025150439745,0.00014218271176124684,0.00011322114147496269,4.175258881733696e-06
2012,E02006903,E07000171,11081,97155,27,4864,0.005550986842105263,61.51048519736842,female,45-49,431,0.03889540655175526,0.00021590788998712828,0.0002779064381658175,1.0809283895809706e-05
2012,E02006903,E07000171,11081,97155,27,4864,0.005550986842105263,61.51048519736842,male,45-49,412,0.03718075985921848,0.00020638990875799734,0.0002779064381658175,1.033277254077401e-05
2012,E02001600,E08000018,10943,97155,12,4915,0.0024415055951169887,26.717395727365208,female,45-49,367,0.03353742118249109,8.188180146284701e-05,0.0001235139725181411,4.142340118263528e-06
2012,E02001600,E08000018,10943,97155,12,4915,0.0024415055951169887,26.717395727365208,male,45-49,384,0.03509092570593073,8.567469144886445e-05,0.0001235139725181411,4.33421963327846e-06
2012,E02004108,E07000038,7577,97155,2137,3061,0.6981378634433192,5289.790591310029,female,45-49,332,0.04381681404249703,0.0305901769385221,0.021995779939272295,0.0009637849993187808
2012,E02004108,E07000038,7577,97155,2137,3061,0.6981378634433192,5289.790591310029,male,45-49,324,0.04276098719809951,0.029853064241208316,0.021995779939272295,0.0009405612643954367
2012,E02004116,E07000038,8093,97155,3114,3628,0.8583241455347299,6946.417309812569,female,45-49,326,0.040281724947485484,0.03457477714621549,0.03205187586845762,0.0012911048477841573
2012,E02004116,E07000038,8093,97155,3114,3628,0.8583241455347299,6946.417309812569,male,45-49,333,0.04114666996169529,0.035317180336471646,0.03205187586845762,0.0013188279580126513
2012,E02004069,E07000035,6731,97155,1423,2306,0.6170858629661752,4153.604943625325,female,45-49,277,0.041152874758579705,0.025394857233937085,0.014646698574442901,0.0006027537520607166
2012,E02004069,E07000035,6731,97155,1423,2306,0.6170858629661752,4153.604943625325,male,45-49,279,0.04145000742831674,0.025578213603857206,0.014646698574442901,0.0006071057647109745
2012,E02004109,E07000038,6688,97155,1567,2568,0.610202492211838,4081.0342679127725,female,45-49,268,0.04007177033492823,0.024451894125713605,0.016128866244660593,0.0006463122239188156
2012,E02004109,E07000038,6688,97155,1567,2568,0.610202492211838,4081.0342679127725,male,45-49,228,0.03409090909090909,0.02080235768903993,0.016128866244660593,0.0005498477128861565
2012,E02004056,E07000034,7708,97155,3030,3494,0.8672009158557528,6684.384659416142,female,45-49,294,0.03814218993253762,0.0330769420422407,0.03118727806083063,0.0011895510832750655
2012,E02004056,E07000034,7708,97155,3030,3494,0.8672009158557528,6684.384659416142,male,45-49,270,0.03502854177477945,0.030376783508180235,0.03118727806083063,0.0010924448723954685
2012,E02004058,E07000034,7835,97155,3009,3480,0.8646551724137931,6774.573275862069,female,45-49,320,0.0408423739629866,0.035314569900754794,0.030971128608923884,0.0012649344167014222
2012,E02004058,E07000034,7835,97155,3009,3480,0.8646551724137931,6774.573275862069,male,45-49,280,0.035737077217613274,0.03090024866316044,0.030971128608923884,0.0011068176146137444
2012,E02005843,E07000171,6511,97155,23,2673,0.008604564160119716,56.024317246539475,female,45-49,265,0.04070035324834895,0.0003502088008649554,0.0002367351139931038,9.635202765807481e-06
2012,E02005843,E07000171,6511,97155,23,2673,0.008604564160119716,56.024317246539475,male,45-49,312,0.04791890646598065,0.000412321305169306,0.0002367351139931038,1.1344087784648806e-05
2012,E02005846,E07000171,6659,97155,12,3337,0.003596044351213665,23.946059334731796,female,45-49,186,0.027932121940231265,0.00010044514932057991,0.0001235139725181411,3.450007341699091e-06
2012,E02005846,E07000171,6659,97155,12,3337,0.003596044351213665,23.946059334731796,male,45-49,251,0.03769334734945187,0.00013554694881433098,0.0001235139725181411,4.655655068636946e-06
2012,E02001608,E08000018,6925,97155,12,3083,0.003892312682452157,26.954265325981186,female,45-49,245,0.03537906137184116,0.00013770636927087055,0.0001235139725181411,4.369808413999217e-06
2012,E02001608,E08000018,6925,97155,12,3083,0.003892312682452157,26.954265325981186,male,45-49,276,0.03985559566787004,0.0001551304404847358,0.0001235139725181411,4.922722948015444e-06
2012,E02001610,E08000018,8312,97155,39,3825,0.01019607843137255,84.74980392156863,female,45-49,327,0.03934071222329163,0.0004011209873747382,0.0004014204106839586,1.5792164857273155e-05
2012,E02001610,E08000018,8312,97155,39,3825,0.01019607843137255,84.74980392156863,male,45-49,332,0.03994225216554379,0.00040725433580554457,0.0004014204106839586,1.6033635267934825e-05
2012,E02004113,E07000038,9224,97155,3474,4038,0.8603268945022289,7935.655274888559,female,45-49,347,0.03761925411968777,0.03236485607028116,0.03575729504400185,0.0013451627688929578
2012,E02004113,E07000038,9224,97155,3474,4038,0.8603268945022289,7935.655274888559,male,45-49,332,0.035993061578490894,0.030965798891450562,0.03575729504400185,0.001287014522399026
2012,E02001605,E08000018,7380,97155,12,3095,0.0038772213247172858,28.613893376413568,female,45-49,336,0.04552845528455285,0.0001765238977107057,0.0001235139725181411,5.623400374809677e-06
2012,E02001605,E08000018,7380,97155,12,3095,0.0038772213247172858,28.613893376413568,male,45-49,317,0.042953929539295395,0.00016654189159015983,0.0001235139725181411,5.3054104726627016e-06
2012,E02001607,E08000018,8856,97155,12,4092,0.002932551319648094,25.970674486803517,female,45-49,317,0.035794941282746164,0.0001049705022954433,0.0001235139725181411,4.421175393885584e-06
2012,E02001607,E08000018,8856,97155,12,4092,0.002932551319648094,25.970674486803517,male,45-49,318,0.03590785907859079,0.0001053016395266592,0.0001235139725181411,4.4351223194183465e-06
2012,E02004045,E07000033,9079,97155,2469,3220,0.7667701863354037,6961.50652173913,female,45-49,414,0.045599735653706355,0.03496451780403757,0.025412999845607534,0.0011588260751273839
2012,E02004045,E07000033,9079,97155,2469,3220,0.7667701863354037,6961.50652173913,male,45-49,392,0.04317656129529684,0.03310649994971673,0.025412999845607534,0.0010972459455312427
2012,E02001606,E08000018,8011,97155,10,3937,0.00254000508001016,20.347980695961393,female,45-49,316,0.039445762077143925,0.0001001924360608177,0.00010292831043178426,4.060085644294573e-06
2012,E02001606,E08000018,8011,97155,10,3937,0.00254000508001016,20.347980695961393,male,45-49,327,0.04081887404818375,0.00010368014744268161,0.00010292831043178426,4.2014177395073585e-06
2012,E02005838,E07000171,8043,97155,11,3413,0.0032229709932610606,25.92235569879871,female,45-49,331,0.041153798333954994,0.0001326374982928523,0.00011322114147496269,4.6594800234008025e-06
2012,E02005838,E07000171,8043,97155,11,3413,0.0032229709932610606,25.92235569879871,male,45-49,280,0.034812880765883375,0.00011220090490029801,0.00011322114147496269,3.9415540983450895e-06
2012,E02004047,E07000033,5751,97155,756,2604,0.2903225806451613,1669.6451612903227,female,45-49,174,0.03025560772039645,0.008783886112373164,0.00778138026864289,0.00023543038893129243
2012,E02004047,E07000033,5751,97155,756,2604,0.2903225806451613,1669.6451612903227,male,45-49,166,0.02886454529647018,0.008380029279620376,0.00778138026864289,0.000224606003233302
2012,E02005894,E07000175,10073,97155,18,4140,0.004347826086956522,43.79565217391304,female,45-49,418,0.041497071378933784,0.00018042204947362514,0.00018527095877721167,7.688202200821452e-06
2012,E02005894,E07000175,10073,97155,18,4140,0.004347826086956522,43.79565217391304,male,45-49,396,0.03931301499056885,0.00017092615213290803,0.00018527095877721167,7.283559979725586e-06
2012,E02005889,E07000174,10157,97155,24,4422,0.005427408412483039,55.12618724559022,female,45-49,394,0.038790981589051886,0.0002105344998048949,0.0002470279450362822,9.582456467883746e-06
2012,E02005889,E07000174,10157,97155,24,4422,0.005427408412483039,55.12618724559022,male,45-49,381,0.03751107610514916,0.00020358793001437804,0.0002470279450362822,9.266284046354585e-06
2012,E02004053,E07000033,7938,97155,492,3108,0.1583011583011583,1256.5945945945946,female,45-49,275,0.0346434870244394,0.005484104123559905,0.005064072873243786,0.00017543714287503664
2012,E02004053,E07000033,7938,97155,492,3108,0.1583011583011583,1256.5945945945946,male,45-49,294,0.037037037037037035,0.005863005863005862,0.005064072873243786,0.00018755825456458463
2012,E02004031,E07000032,7666,97155,164,3159,0.051915163026274136,397.98163975941753,female,45-49,244,0.03182885468301591,0.00165240017980836,0.001688024291081262,5.3727879862226435e-05
2012,E02004031,E07000032,7666,97155,164,3159,0.051915163026274136,397.98163975941753,male,45-49,256,0.033394208192016696,0.001733665762421886,0.001688024291081262,5.637023460954905e-05
2012,E02005883,E07000174,7845,97155,32,3272,0.009779951100244499,76.72371638141809,female,45-49,317,0.040407903123008286,0.00039518731660643803,0.00032937059338170965,1.3309175028935878e-05
2012,E02005883,E07000174,7845,97155,32,3272,0.009779951100244499,76.72371638141809,male,45-49,277,0.035309114085404714,0.0003453214091482124,0.00032937059338170965,1.1629783858092233e-05
2012,E02005822,E07000170,9777,97155,24,3954,0.006069802731411229,59.34446130500759,female,45-49,374,0.0382530428556817,0.0002321884240102076,0.0002470279450362822,9.449570568023887e-06
2012,E02005822,E07000170,9777,97155,24,3954,0.006069802731411229,59.34446130500759,male,45-49,349,0.03569602127441956,0.00021666780743198518,0.0002470279450362822,8.817914781391276e-06
2012,E02004030,E07000032,5665,97155,510,2112,0.24147727272727273,1367.96875,female,45-49,241,0.042541924095322155,0.010272907807109044,0.005249343832020997,0.0002233171868520848
2012,E02004030,E07000032,5665,97155,510,2112,0.24147727272727273,1367.96875,male,45-49,236,0.04165931156222418,0.010059776939741635,0.005249343832020997,0.00021868405019540252
2012,E02004032,E07000032,8284,97155,184,2974,0.06186953597848016,512.5272360457296,female,45-49,320,0.0386286817962337,0.0023899386181933427,0.0018938809119448303,7.315812310747775e-05
2012,E02004032,E07000032,8284,97155,184,2974,0.06186953597848016,512.5272360457296,male,45-49,323,0.0389908256880734,0.0024123442927389055,0.0018938809119448303,7.384398051161036e-05
2012,E02004075,E07000035,7458,97155,155,2523,0.06143479984145858,458.1807372175981,female,45-49,363,0.048672566371681415,0.0029901893728143556,0.0015953888116926561,7.765166782574875e-05
2012,E02004075,E07000035,7458,97155,155,2523,0.06143479984145858,458.1807372175981,male,45-49,327,0.04384553499597747,0.0026936416664195433,0.0015953888116926561,6.995067597526127e-05
2012,E02004074,E07000035,5875,97155,386,2042,0.1890303623898139,1110.5533790401566,female,45-49,232,0.03948936170212766,0.0074646883530956306,0.003973032782666873,0.0001568925286091429
2012,E02004074,E07000035,5875,97155,386,2042,0.1890303623898139,1110.5533790401566,male,45-49,263,0.04476595744680851,0.008462125158897202,0.003973032782666873,0.00017785661648364042
2012,E02002806,E06000015,6527,97155,11,1899,0.005792522380200105,37.80779357556609,female,45-49,149,0.022828251876819364,0.00013223315989732123,0.00011322114147496269,2.584640735371448e-06
2012,E02002806,E06000015,6527,97155,11,1899,0.005792522380200105,37.80779357556609,male,45-49,180,0.027577753945150912,0.0001597447569229384,0.00011322114147496269,3.122384780985642e-06
2012,E02002815,E06000015,7881,97155,11,2837,0.0038773352132534366,30.557278815650335,female,45-49,216,0.027407689379520365,0.00010626879914512654,0.00011322114147496269,3.103129876740508e-06
2012,E02002815,E06000015,7881,97155,11,2837,0.0038773352132534366,30.557278815650335,male,45-49,245,0.031087425453622638,0.00012053636940072225,0.00011322114147496269,3.5197537953769648e-06
2012,E02002811,E06000015,10268,97155,11,3874,0.002839442436757873,29.15539494062984,female,45-49,243,0.023665757693805998,6.719755669382189e-05,0.00011322114147496269,2.6794640999625956e-06
2012,E02002811,E06000015,10268,97155,11,3874,0.002839442436757873,29.15539494062984,male,45-49,328,0.03194390338917024,9.070287487890363e-05,0.00011322114147496269,3.616725204887784e-06
2012,E02004118,E07000039,6815,97155,10,2416,0.0041390728476821195,28.207781456953644,female,45-49,324,0.047542186353631694,0.00019678057265576035,0.00010292831043178426,4.89343691561234e-06
2012,E02004118,E07000039,6815,97155,10,2416,0.0041390728476821195,28.207781456953644,male,45-49,331,0.04856933235509905,0.0002010320047810391,0.00010292831043178426,4.9991593181101375e-06
2012,E02006827,E07000032,7622,97155,12,2775,0.004324324324324324,32.96,female,45-49,298,0.03909734977696143,0.0001690696206571305,0.0001235139725181411,4.829068985883764e-06
2012,E02006827,E07000032,7622,97155,12,2775,0.004324324324324324,32.96,male,45-49,261,0.03424298084492259,0.00014807775500507065,0.0001235139725181411,4.229486595019001e-06
2012,E02005823,E07000170,7513,97155,13,3531,0.0036816765788728408,27.660436137071652,female,45-49,271,0.03607081059496872,0.00013280105854845465,0.00013380680356131955,4.8265198675785435e-06
2012,E02005823,E07000170,7513,97155,13,3531,0.0036816765788728408,27.660436137071652,male,45-49,263,0.035005989617995475,0.00012888073209683977,0.00013380680356131955,4.684039576284712e-06
2012,E02005890,E07000174,6715,97155,13,2532,0.005134281200631911,34.47669826224328,female,45-49,298,0.04437825763216679,0.0002278504538776336,0.00013380680356131955,5.938112801380972e-06
2012,E02005890,E07000174,6715,97155,13,2532,0.005134281200631911,34.47669826224328,male,45-49,308,0.045867460908413996,0.00023549644226278908,0.00013380680356131955,6.137378331628655e-06
2012,E02004040,E07000032,9078,97155,13,2840,0.004577464788732394,41.554225352112674,female,45-49,342,0.03767349636483807,0.00017244910307848412,0.00013380680356131955,5.040970127557974e-06
2012,E02004040,E07000032,9078,97155,13,2840,0.004577464788732394,41.554225352112674,male,45-49,368,0.04053756333994272,0.00018555926880959694,0.00013380680356131955,5.424201774682264e-06
2012,E02002821,E06000015,11377,97155,13,4175,0.0031137724550898203,35.425389221556884,female,45-49,403,0.035422343324250684,0.00011029711693778655,0.00013380680356131955,4.73975053486963e-06
2012,E02002821,E06000015,11377,97155,13,4175,0.0031137724550898203,35.425389221556884,male,45-49,393,0.034543376988661334,0.0001075602157730772,0.00013380680356131955,4.622138859066413e-06
2012,E02002824,E06000015,9562,97155,13,3558,0.0036537380550871277,34.93704328274311,female,45-49,321,0.0335703827651119,0.0001226573850327304,0.00013380680356131955,4.491945612129635e-06
2012,E02002824,E06000015,9562,97155,13,3558,0.0036537380550871277,34.93704328274311,male,45-49,282,0.029491738130098307,0.00010775508591660428,0.00013380680356131955,3.946195210655941e-06
2012,E02005827,E07000170,8446,97155,14,3234,0.004329004329004329,36.56277056277056,female,45-49,380,0.04499171205304286,0.00019476931624693878,0.00014409963460449796,6.483289267074262e-06
2012,E02005827,E07000170,8446,97155,14,3234,0.004329004329004329,36.56277056277056,male,45-49,364,0.043097324177125265,0.00018656850293127821,0.00014409963460449796,6.210308666355346e-06
2012,E02002813,E06000015,10537,97155,14,4158,0.003367003367003367,35.47811447811448,female,45-49,263,0.024959665939071844,8.403927925613415e-05,0.00014409963460449796,3.596678741670586e-06
2012,E02002813,E06000015,10537,97155,14,4158,0.003367003367003367,35.47811447811448,male,45-49,310,0.029420138559362246,9.905770558707826e-05,0.00014409963460449796,4.239431216417801e-06
2012,E02004080,E07000036,9536,97155,15,3327,0.004508566275924256,42.993688007213706,female,45-49,349,0.036598154362416105,0.00016500520451945944,0.0001543924656476764,5.650479290167687e-06
2012,E02004080,E07000036,9536,97155,15,3327,0.004508566275924256,42.993688007213706,male,45-49,377,0.03953439597315436,0.00017824344442359948,0.0001543924656476764,6.103812872186871e-06
2012,E02004076,E07000035,6658,97155,15,2298,0.006527415143603133,43.45953002610966,female,45-49,276,0.0414538900570742,0.00027058674971980546,0.0001543924656476764,6.400168296599382e-06
2012,E02004076,E07000035,6658,97155,15,2298,0.006527415143603133,43.45953002610966,male,45-49,284,0.04265545208771403,0.0002784298439145824,0.0001543924656476764,6.5856804211384945e-06
2012,E02005830,E07000170,6081,97155,17,2266,0.007502206531332745,45.620917917034426,female,45-49,260,0.04275612563723072,0.00032076528501011575,0.00017497812773403323,7.48138681316373e-06
2012,E02005830,E07000170,6081,97155,17,2266,0.007502206531332745,45.620917917034426,male,45-49,219,0.036013813517513565,0.0002701830669892898,0.00017497812773403323,6.301629661857141e-06
2012,E02002808,E06000015,12033,97155,18,3850,0.004675324675324675,56.25818181818182,female,45-49,315,0.02617801047120419,0.00012239069830692866,0.00018527095877721167,4.850025098879886e-06
2012,E02002808,E06000015,12033,97155,18,3850,0.004675324675324675,56.25818181818182,male,45-49,357,0.029668411867364748,0.00013870945808118585,0.00018527095877721167,5.496695112063872e-06
2012,E02005884,E07000174,6034,97155,18,2478,0.007263922518159807,43.83050847457627,female,45-49,264,0.043752071594298975,0.00031781165806996835,0.00018527095877721167,8.10598825276498e-06
2012,E02005884,E07000174,6034,97155,18,2478,0.007263922518159807,43.83050847457627,male,45-49,264,0.043752071594298975,0.00031781165806996835,0.00018527095877721167,8.10598825276498e-06
2012,E02005892,E07000174,11677,97155,19,4381,0.004336909381419767,50.64209084683862,female,45-49,457,0.03913676457994348,0.00016973260146517372,0.0001955637898203901,7.653734002562155e-06
2012,E02005892,E07000174,11677,97155,19,4381,0.004336909381419767,50.64209084683862,male,45-49,466,0.03990751049070823,0.0001730752566362603,0.0001955637898203901,7.804463993859878e-06
2012,E02005820,E07000170,5704,97155,24,2206,0.010879419764279238,62.056210335448775,female,45-49,233,0.040848527349228614,0.0004444082757848988,0.0002470279450362822,1.0090727768838317e-05
2012,E02005820,E07000170,5704,97155,24,2206,0.010879419764279238,62.056210335448775,male,45-49,251,0.04400420757363254,0.000478740245588024,0.0002470279450362822,1.0870268969864453e-05
2012,E02005886,E07000174,10342,97155,26,4259,0.0061047194177036865,63.135008217891524,female,45-49,433,0.04186811061690195,0.0002555930678655672,0.0002676136071226391,1.1204476105598795e-05
2012,E02005886,E07000174,10342,97155,26,4259,0.0061047194177036865,63.135008217891524,male,45-49,442,0.04273834848191839,0.00026090562585815406,0.0002676136071226391,1.1437363599710547e-05
2012,E02004039,E07000032,8055,97155,27,2575,0.010485436893203883,84.46019417475728,female,45-49,365,0.04531346989447548,0.00047513152899061667,0.0002779064381658175,1.2592905019307684e-05
2012,E02004039,E07000032,8055,97155,27,2575,0.010485436893203883,84.46019417475728,male,45-49,384,0.047672253258845436,0.0004998644031024569,0.0002779064381658175,1.3248426102504522e-05
2012,E02005829,E07000170,6670,97155,27,2570,0.010505836575875487,70.0739299610895,female,45-49,264,0.039580209895052475,0.00041582321679627115,0.0002779064381658175,1.0999595153789479e-05
2012,E02005829,E07000170,6670,97155,27,2570,0.010505836575875487,70.0739299610895,male,45-49,290,0.043478260869565216,0.0004567755032989342,0.0002779064381658175,1.2082888615905108e-05
2012,E02005882,E07000174,7817,97155,29,3133,0.00925630386211299,72.35652729013725,female,45-49,329,0.04208775745170781,0.00038957707184791786,0.0002984921002521744,1.2562863116664367e-05
2012,E02005882,E07000174,7817,97155,29,3133,0.00925630386211299,72.35652729013725,male,45-49,296,0.037866189075092746,0.0003505009521792817,0.0002984921002521744,1.1302758305570374e-05
2012,E02005885,E07000174,8195,97155,34,3621,0.009389671361502348,76.94835680751174,female,45-49,306,0.037339841366687006,0.00035060883912382167,0.00034995625546806647,1.3067311064457394e-05
2012,E02005885,E07000174,8195,97155,34,3621,0.009389671361502348,76.94835680751174,male,45-49,297,0.036241610738255034,0.0003402968144437092,0.00034995625546806647,1.2682978386090999e-05
2012,E02005821,E07000170,6379,97155,34,2601,0.013071895424836602,83.38562091503269,female,45-49,223,0.03495845743846998,0.0004569732998492808,0.00034995625546806647,1.2233930862106729e-05
2012,E02005821,E07000170,6379,97155,34,2601,0.013071895424836602,83.38562091503269,male,45-49,240,0.03762345195171657,0.0004918098294342036,0.00034995625546806647,1.3166562362805448e-05
2012,E02004037,E07000032,7801,97155,43,2364,0.018189509306260575,141.89636209813875,female,45-49,338,0.043327778489937185,0.0007881110300623092,0.0004425917348566723,1.9176516649346908e-05
2012,E02004037,E07000032,7801,97155,43,2364,0.018189509306260575,141.89636209813875,male,45-49,337,0.04319958979617998,0.0007857793406242552,0.0004425917348566723,1.9119781392987896e-05
2012,E02005881,E07000174,5693,97155,43,2422,0.017753922378199834,101.07308009909165,female,45-49,242,0.042508343579834885,0.0007546898323422378,0.0004425917348566723,1.881384153088261e-05
2012,E02005881,E07000174,5693,97155,43,2422,0.017753922378199834,101.07308009909165,male,45-49,243,0.04268399789214825,0.0007578083853684454,0.0004425917348566723,1.8891584677704437e-05
2012,E02004038,E07000032,7843,97155,46,2744,0.016763848396501458,131.47886297376093,female,45-49,319,0.04067321178120617,0.0006818395560989372,0.0004734702279862076,1.9257554854978988e-05
2012,E02004038,E07000032,7843,97155,46,2744,0.016763848396501458,131.47886297376093,male,45-49,335,0.04271324748183093,0.0007160384053076615,0.0004734702279862076,2.02234510232538e-05
2012,E02004036,E07000032,9930,97155,53,3520,0.015056818181818182,149.51420454545453,female,45-49,405,0.04078549848942598,0.0006140998352101071,0.0005455200452884565,2.224930698306394e-05
2012,E02004036,E07000032,9930,97155,53,3520,0.015056818181818182,149.51420454545453,male,45-49,370,0.03726082578046324,0.0005610294790808386,0.0005455200452884565,2.0326527367243596e-05
2012,E02004033,E07000032,8889,97155,87,3254,0.026736324523663185,237.65918869084206,female,45-49,374,0.042074474069074136,0.0011249167928732175,0.0008954763007565231,3.7676694395650765e-05
2012,E02004033,E07000032,8889,97155,87,3254,0.026736324523663185,237.65918869084206,male,45-49,379,0.042636967037912026,0.0011399557874303462,0.0008954763007565231,3.818039351858727e-05
2012,E02004034,E07000032,7217,97155,77,2551,0.03018424147393179,217.83967071736572,female,45-49,272,0.037688790356103646,0.0011376075489690242,0.0007925479903247388,2.9870175054500342e-05
2012,E02004034,E07000032,7217,97155,77,2551,0.03018424147393179,217.83967071736572,male,45-49,265,0.036718858251350975,0.0011083308841058506,0.0007925479903247388,2.9101457314127168e-05
2012,E02004035,E07000032,6545,97155,85,2141,0.039701074264362445,259.8435310602522,female,45-49,285,0.04354469060351413,0.0017287709954688,0.0008748906386701663,3.8096842172803265e-05
2012,E02004035,E07000032,6545,97155,85,2141,0.039701074264362445,259.8435310602522,male,45-49,280,0.0427807486631016,0.001698441679758821,0.0008748906386701663,3.742847652064882e-05
2012,E02004043,E07000032,7034,97155,16,2595,0.006165703275529865,43.369556840077074,female,45-49,308,0.04378731873756042,0.0002699796145668465,0.00016468529669085483,7.211127577592165e-06
2012,E02004043,E07000032,7034,97155,16,2595,0.006165703275529865,43.369556840077074,male,45-49,289,0.04108615297128234,0.00025332502795395663,0.00016468529669085483,6.766285291961479e-06
2012,E02002820,E06000015,9785,97155,11,3613,0.003044561306393579,29.791032383061168,female,45-49,364,0.03719979560551865,0.00011325705830631197,0.00011322114147496269,4.211803321092122e-06
2012,E02002820,E06000015,9785,97155,11,3613,0.003044561306393579,29.791032383061168,male,45-49,327,0.033418497700562086,0.00010174466501693412,0.00011322114147496269,3.7836804560360554e-06
2012,E02002801,E06000015,7589,97155,9,2732,0.003294289897510981,25.000366032210835,female,45-49,294,0.038740281987086574,0.00012762171957678592,9.263547938860583e-05,3.588724593523536e-06
2012,E02002801,E06000015,7589,97155,9,2732,0.003294289897510981,25.000366032210835,male,45-49,296,0.03900382132033206,0.00012848989453989333,9.263547938860583e-05,3.6131376859964855e-06
2012,E02002816,E06000015,9479,97155,9,2797,0.0032177332856632105,30.50089381480157,female,45-49,413,0.04356999683510919,0.00014019662907257158,9.263547938860583e-05,4.036127543780379e-06
2012,E02002816,E06000015,9479,97155,9,2797,0.0032177332856632105,30.50089381480157,male,45-49,394,0.04156556598797342,0.0001337469052169327,9.263547938860583e-05,3.850446131354647e-06
2012,E02002803,E06000015,7912,97155,8,2208,0.0036231884057971015,28.666666666666668,female,45-49,172,0.021739130434782608,7.876496534341525e-05,8.234264834542741e-05,1.7900575727266828e-06
2012,E02002803,E06000015,7912,97155,8,2208,0.0036231884057971015,28.666666666666668,male,45-49,234,0.029575328614762385,0.00010715698773464633,8.234264834542741e-05,2.435310883825836e-06
2012,E02004084,E07000036,6139,97155,8,2240,0.0035714285714285713,21.925,female,45-49,208,0.03388173969701906,0.0001210062132036395,8.234264834542741e-05,2.789912177202949e-06
2012,E02004084,E07000036,6139,97155,8,2240,0.0035714285714285713,21.925,male,45-49,214,0.034859097572894605,0.00012449677704605216,8.234264834542741e-05,2.870390413083803e-06
2012,E02002825,E06000015,8582,97155,8,3211,0.002491435689816257,21.381501090003116,female,45-49,298,0.03472384059659753,8.651221574985371e-05,8.234264834542741e-05,2.8592529954483067e-06
2012,E02002825,E06000015,8582,97155,8,3211,0.002491435689816257,21.381501090003116,male,45-49,329,0.03833605220228385,9.55118086634291e-05,8.234264834542741e-05,3.1566920654446073e-06
2012,E02004083,E07000036,7917,97155,8,2488,0.003215434083601286,25.456591639871384,female,45-49,322,0.040671971706454466,0.00013077804407220085,8.234264834542741e-05,3.3490378637397535e-06
2012,E02004083,E07000036,7917,97155,8,2488,0.003215434083601286,25.456591639871384,male,45-49,306,0.038651004168245545,0.0001242797561679921,8.234264834542741e-05,3.182626044423492e-06
2012,E02006872,E07000037,12346,97155,354,4893,0.07234825260576333,893.2115266707541,female,50-54,473,0.03831200388789891,0.0027718065351146973,0.003643662189285163,0.0001395959999620834
2012,E02006872,E07000037,12346,97155,354,4893,0.07234825260576333,893.2115266707541,male,50-54,480,0.0388789891462822,0.0028128269278119553,0.003643662189285163,0.00014166190270993668
2012,E02004103,E07000037,7137,97155,89,3114,0.028580603725112397,203.97976878612718,female,50-54,255,0.03572929802437999,0.0010211649082112458,0.0009160619628428799,3.273025087921177e-05
2012,E02004103,E07000037,7137,97155,89,3114,0.028580603725112397,203.97976878612718,male,50-54,262,0.036710102283872774,0.0010491968860837112,0.0009160619628428799,3.362872835432738e-05
2012,E02004097,E07000037,7704,97155,29,2762,0.010499637943519189,80.88921071687183,female,50-54,318,0.04127725856697819,0.0004333962702542967,0.0002984921002521744,1.2320935602309377e-05
2012,E02004097,E07000037,7704,97155,29,2762,0.010499637943519189,80.88921071687183,male,50-54,312,0.040498442367601244,0.0004252189821362911,0.0002984921002521744,1.2088465119246937e-05
2012,E02004102,E07000037,8625,97155,96,3736,0.02569593147751606,221.627408993576,female,50-54,292,0.033855072463768114,0.0008699376221953263,0.000988111780145129,3.345259591911625e-05
2012,E02004102,E07000037,8625,97155,96,3736,0.02569593147751606,221.627408993576,male,50-54,299,0.034666666666666665,0.0008907922912205567,0.000988111780145129,3.42545417116978e-05
2012,E02004098,E07000037,7341,97155,47,3145,0.014944356120826709,109.70651828298887,female,50-54,264,0.03596240294237842,0.0005374349565315694,0.00048376305902938604,1.739728205745238e-05
2012,E02004098,E07000037,7341,97155,47,3145,0.014944356120826709,109.70651828298887,male,50-54,267,0.03637106661217818,0.0005435421719467008,0.00048376305902938604,1.7594978444468884e-05
2012,E02004104,E07000037,7167,97155,84,2895,0.029015544041450778,207.95440414507772,female,50-54,282,0.039347007115948095,0.0011416748178720692,0.0008645978076269878,3.401933608913221e-05
2012,E02004104,E07000037,7167,97155,84,2895,0.029015544041450778,207.95440414507772,male,50-54,273,0.03809125156969443,0.0011052383875144497,0.0008645978076269878,3.293361259692586e-05
2012,E02004100,E07000037,7641,97155,54,3050,0.017704918032786884,135.28327868852458,female,50-54,314,0.0410940976312001,0.0007275676301917394,0.000555812876331635,2.284062860465036e-05
2012,E02004100,E07000037,7641,97155,54,3050,0.017704918032786884,135.28327868852458,male,50-54,325,0.04253369977751603,0.000753055668192087,0.000555812876331635,2.364077801436741e-05
2012,E02004068,E07000035,7531,97155,1163,2634,0.4415337889141989,3325.190964312832,female,50-54,313,0.04156154561147258,0.018350826706963783,0.011970562503216509,0.0004975150794724163
2012,E02004068,E07000035,7531,97155,1163,2634,0.4415337889141989,3325.190964312832,male,50-54,288,0.03824193334218563,0.016885105723979457,0.011970562503216509,0.0004577774533164725
2012,E02006210,E07000198,5452,97155,24,1854,0.012944983818770227,70.57605177993528,female,50-54,240,0.04402054292002935,0.0005698452157932601,0.0002470279450362822,1.0874304256916312e-05
2012,E02006210,E07000198,5452,97155,24,1854,0.012944983818770227,70.57605177993528,male,50-54,235,0.04310344827586207,0.000557973440464234,0.0002470279450362822,1.0647756251563889e-05
2012,E02006204,E07000198,7282,97155,11,2851,0.003858295334970186,28.096106629252894,female,50-54,276,0.037901675363911015,0.0001462358572441323,0.00011322114147496269,4.291270948515477e-06
2012,E02006204,E07000198,7282,97155,11,2851,0.003858295334970186,28.096106629252894,male,50-54,249,0.0341939027739632,0.0001319301755572063,0.00011322114147496269,3.871472703552006e-06
2012,E02004070,E07000035,6373,97155,1527,2452,0.6227569331158238,3968.829934747145,female,50-54,237,0.03718813745488781,0.02315917042969563,0.015717153002933457,0.0005844916462725921
2012,E02004070,E07000035,6373,97155,1527,2452,0.6227569331158238,3968.829934747145,male,50-54,234,0.03671740153773733,0.022866016373623534,0.015717153002933457,0.0005770930178387618
2012,E02006803,E08000019,8747,97155,441,3080,0.1431818181818182,1252.4113636363636,female,50-54,319,0.03646964673602378,0.005221790328112496,0.004539138490041686,0.00016554077721770867
2012,E02006803,E08000019,8747,97155,441,3080,0.1431818181818182,1252.4113636363636,male,50-54,317,0.036240996913227394,0.005189051830757559,0.004539138490041686,0.0001645029040063124
2012,E02006869,E08000019,11118,97155,31,4236,0.007318224740321058,81.36402266288952,female,50-54,374,0.03363914373088685,0.00024617881389459213,0.0003190777623385312,1.0733502708635604e-05
2012,E02006869,E08000019,11118,97155,31,4236,0.007318224740321058,81.36402266288952,male,50-54,366,0.03291958985429034,0.00024091295691288964,0.0003190777623385312,1.0503909067809176e-05
2012,E02006868,E08000019,12500,97155,11,4482,0.0024542614904060687,30.67826863007586,female,50-54,286,0.02288,5.615350290049085e-05,0.00011322114147496269,2.5904997169471466e-06
2012,E02006868,E08000019,12500,97155,11,4482,0.0024542614904060687,30.67826863007586,male,50-54,296,0.02368,5.811691209281571e-05,0.00011322114147496269,2.6810766301271165e-06
2012,E02004105,E07000038,9450,97155,1852,3263,0.5675758504443763,5363.591786699356,female,50-54,419,0.04433862433862434,0.02516553241652843,0.019062323091966444,0.0008451971825961841
2012,E02004105,E07000038,9450,97155,1852,3263,0.5675758504443763,5363.591786699356,male,50-54,389,0.04116402116402117,0.02336370431987962,0.019062323091966444,0.0007846818711931161
2012,E02001634,E08000019,9260,97155,11,3128,0.003516624040920716,32.56393861892583,female,50-54,303,0.032721382289416845,0.0001150687996111206,0.00011322114147496269,3.7047522534464033e-06
2012,E02001634,E08000019,9260,97155,11,3128,0.003516624040920716,32.56393861892583,male,50-54,248,0.02678185745140389,9.418172377411853e-05,0.00011322114147496269,3.0322724714676837e-06
2012,E02001669,E08000019,7690,97155,45,2629,0.017116774438950173,131.62799543552683,female,50-54,244,0.031729518855656696,0.000543107017308692,0.0004631773969430292,1.469639594981783e-05
2012,E02001669,E08000019,7690,97155,45,2629,0.017116774438950173,131.62799543552683,male,50-54,257,0.03342002600780234,0.000572043046919401,0.0004631773969430292,1.5479400652062222e-05
2012,E02001660,E08000019,9889,97155,23,3458,0.006651243493348756,65.77414690572586,female,50-54,267,0.026999696632622104,0.00017958155655011809,0.0002367351139931038,6.391776260103015e-06
2012,E02001660,E08000019,9889,97155,23,3458,0.006651243493348756,65.77414690572586,male,50-54,311,0.03144908484174335,0.00020917552092541847,0.0002367351139931038,7.445102684988904e-06
2012,E02001653,E08000019,7439,97155,9,2991,0.003009027081243731,22.384152457372114,female,50-54,188,0.025272214007259042,7.60447763508296e-05,9.263547938860583e-05,2.341103659773881e-06
2012,E02001653,E08000019,7439,97155,9,2991,0.003009027081243731,22.384152457372114,male,50-54,177,0.023793520634493883,7.159534794732362e-05,9.263547938860583e-05,2.2041241903190257e-06
2012,E02001662,E08000019,7588,97155,15,3172,0.004728877679697352,35.8827238335435,female,50-54,235,0.030969952556668425,0.00014645311738651525,0.0001543924656476764,4.781527336215598e-06
2012,E02001662,E08000019,7588,97155,15,3172,0.004728877679697352,35.8827238335435,male,50-54,238,0.03136531365313653,0.00014832273165102394,0.0001543924656476764,4.842568110720477e-06
2012,E02001655,E08000019,7681,97155,14,3228,0.004337050805452293,33.31288723667906,female,50-54,239,0.031115740138002865,0.00013495054582776957,0.00014409963460449796,4.483766784334724e-06
2012,E02001655,E08000019,7681,97155,14,3228,0.004337050805452293,33.31288723667906,male,50-54,265,0.034500716052597316,0.00014963135834459803,0.00014409963460449796,4.97154057677281e-06
2012,E02001650,E08000019,9415,97155,10,2336,0.004280821917808219,40.30393835616438,female,50-54,103,0.010939989378651089,4.68321463127187e-05,0.00010292831043178426,1.126034622886222e-06
2012,E02001650,E08000019,9415,97155,10,2336,0.004280821917808219,40.30393835616438,male,50-54,151,0.01603823685608072,6.865683585650993e-05,0.00010292831043178426,1.65078862190116e-06
2012,E02001627,E08000019,6085,97155,8,2236,0.0035778175313059034,21.77101967799642,female,50-54,211,0.03467543138866064,0.00012406236632794503,8.234264834542741e-05,2.8552668530624788e-06
2012,E02001627,E08000019,6085,97155,8,2236,0.0035778175313059034,21.77101967799642,male,50-54,197,0.0323746918652424,0.00011583074012609089,8.234264834542741e-05,2.6658178675512246e-06
2012,E02001656,E08000019,7888,97155,17,2300,0.007391304347826087,58.302608695652175,female,50-54,214,0.02712981744421907,0.00020052473763118442,0.00017497812773403323,4.7471246621555675e-06
2012,E02001656,E08000019,7888,97155,17,2300,0.007391304347826087,58.302608695652175,male,50-54,168,0.02129817444219067,0.00015742128935532235,0.00017497812773403323,3.7267146880473607e-06
2012,E02001666,E08000019,6153,97155,17,2708,0.006277695716395864,38.62666174298375,female,50-54,234,0.03803022915650902,0.00023874220666936978,0.00017497812773403323,6.65445829510219e-06
2012,E02001666,E08000019,6153,97155,17,2708,0.006277695716395864,38.62666174298375,male,50-54,224,0.03640500568828214,0.00022853954826469584,0.00017497812773403323,6.370079735482438e-06
2012,E02001678,E08000019,10006,97155,92,3559,0.025849957853329587,258.65467828041585,female,50-54,380,0.03797721367179692,0.0009817093728028425,0.0009469404559724152,3.596216003093321e-05
2012,E02001678,E08000019,10006,97155,92,3559,0.025849957853329587,258.65467828041585,male,50-54,407,0.040675594643214075,0.0010514624071862025,0.0009469404559724152,3.8517366138394266e-05
2012,E02001680,E08000019,6098,97155,251,2873,0.08736512356421859,532.7525234946049,female,50-54,178,0.029189898327320433,0.0025501790741933273,0.002583500591837785,7.541211960431711e-05
2012,E02001680,E08000019,6098,97155,251,2873,0.08736512356421859,532.7525234946049,male,50-54,213,0.03492948507707445,0.0030516187797931383,0.002583500591837785,9.024034536921091e-05
2012,E02001642,E08000019,9800,97155,8,3907,0.002047606859482979,20.066547222933195,female,50-54,307,0.0313265306122449,6.414441896543618e-05,8.234264834542741e-05,2.5795094940863486e-06
2012,E02001642,E08000019,9800,97155,8,3907,0.002047606859482979,20.066547222933195,male,50-54,293,0.02989795918367347,6.121926630903193e-05,8.234264834542741e-05,2.4618771393071666e-06
2012,E02001665,E08000019,9466,97155,44,3159,0.013928458372902817,131.84678695789808,female,50-54,371,0.03919290090851468,0.0005458966888175517,0.00045288456589985077,1.7749859914308538e-05
2012,E02001665,E08000019,9466,97155,44,3159,0.013928458372902817,131.84678695789808,male,50-54,376,0.039721107120219735,0.0005532537870495943,0.00045288456589985077,1.7989076355202187e-05
2012,E02001664,E08000019,6233,97155,26,2407,0.01080182800166182,67.32779393435813,female,50-54,233,0.03738167816460773,0.00040379045794757,0.0002676136071226391,1.000384573392827e-05
2012,E02001664,E08000019,6233,97155,26,2407,0.01080182800166182,67.32779393435813,male,50-54,206,0.03304989571634847,0.0003569992890008559,0.0002676136071226391,8.844601807679073e-06
2012,E02001659,E08000019,6120,97155,10,2607,0.0038358266206367474,23.475258918296895,female,50-54,231,0.037745098039215684,0.00014478365185736743,0.00010292831043178426,3.885039168258523e-06
2012,E02001659,E08000019,6120,97155,10,2607,0.0038358266206367474,23.475258918296895,male,50-54,231,0.037745098039215684,0.00014478365185736743,0.00010292831043178426,3.885039168258523e-06
2012,E02001636,E08000019,9739,97155,8,3457,0.0023141452126120912,22.537460225629157,female,50-54,202,0.020741349214498408,4.799849398784705e-05,8.234264834542741e-05,1.7078976245791495e-06
2012,E02001636,E08000019,9739,97155,8,3457,0.0023141452126120912,22.537460225629157,male,50-54,251,0.025772666598213367,5.964169302450301e-05,8.234264834542741e-05,2.122189622620626e-06
2012,E02001679,E08000019,6324,97155,179,2654,0.06744536548605878,426.5244913338357,female,50-54,181,0.02862112586970272,0.001930362294904592,0.0018424167567289383,5.27320418987884e-05
2012,E02001679,E08000019,6324,97155,179,2654,0.06744536548605878,426.5244913338357,male,50-54,212,0.033523086654016446,0.0022609768316009587,0.0018424167567289383,6.176349658863614e-05
2012,E02001681,E08000019,7453,97155,157,2675,0.05869158878504673,437.4284112149533,female,50-54,263,0.035287803569032605,0.0020710972562011662,0.0016159744737790128,5.7024189803284636e-05
2012,E02001681,E08000019,7453,97155,157,2675,0.05869158878504673,437.4284112149533,male,50-54,289,0.03877633167851872,0.0022758445134682015,0.0016159744737790128,6.266156217927475e-05
2012,E02001657,E08000019,8992,97155,11,2789,0.003944065973467192,35.465041233417,female,50-54,322,0.03580960854092527,0.0001412354585694435,0.00011322114147496269,4.054404754775132e-06
2012,E02001657,E08000019,8992,97155,11,2789,0.003944065973467192,35.465041233417,male,50-54,271,0.030137900355871886,0.00011886586730533909,0.00011322114147496269,3.4122474799504994e-06
2012,E02001671,E08000019,5902,97155,28,2247,0.012461059190031152,73.54517133956386,female,50-54,286,0.048458149779735685,0.0006038398726446815,0.0002881992692089959,1.396560335373989e-05
2012,E02001671,E08000019,5902,97155,28,2247,0.012461059190031152,73.54517133956386,male,50-54,250,0.04235852253473399,0.0005278320565075886,0.0002881992692089959,1.2207695239283121e-05
2012,E02001652,E08000019,12526,97155,8,2986,0.0026791694574681848,33.55927662424648,female,50-54,135,0.010777582628133482,2.8874970202634915e-05,8.234264834542741e-05,8.874546963621827e-07
2012,E02001652,E08000019,12526,97155,8,2986,0.0026791694574681848,33.55927662424648,male,50-54,168,0.013412102826121666,3.5933296252167895e-05,8.234264834542741e-05,1.1043880665840496e-06
2012,E02001673,E08000019,5543,97155,43,1955,0.021994884910485932,121.91764705882352,female,50-54,235,0.04239581454086235,0.0009324910615125734,0.0004425917348566723,1.8764037108302002e-05
2012,E02001673,E08000019,5543,97155,43,1955,0.021994884910485932,121.91764705882352,male,50-54,276,0.04979253112033195,0.0010951809913934904,0.0004425917348566723,2.203776273145256e-05
2012,E02001661,E08000019,7877,97155,14,3256,0.0042997542997543,33.86916461916462,female,50-54,219,0.02780246286657357,0.00011954375925430896,0.00014409963460449796,4.006324740178375e-06
2012,E02001661,E08000019,7877,97155,14,3256,0.0042997542997543,33.86916461916462,male,50-54,262,0.033261393931699884,0.00014301582157364814,0.00014409963460449796,4.792954711994219e-06
2012,E02001649,E08000019,9557,97155,9,4107,0.002191380569758948,20.943024105186268,female,50-54,280,0.02929789682954902,6.420284184707601e-05,9.263547938860583e-05,2.7140247178831885e-06
2012,E02001649,E08000019,9557,97155,9,4107,0.002191380569758948,20.943024105186268,male,50-54,295,0.03086742701684629,6.764227980316938e-05,9.263547938860583e-05,2.8594188991983596e-06
2012,E02001676,E08000019,5995,97155,109,2168,0.050276752767527674,301.4091328413284,female,50-54,234,0.0390325271059216,0.001962428715196243,0.0011219185837064484,4.379131752915912e-05
2012,E02001676,E08000019,5995,97155,109,2168,0.050276752767527674,301.4091328413284,male,50-54,217,0.03619683069224354,0.001819859107681986,0.0011219185837064484,4.060989702490397e-05
2012,E02001651,E08000019,8119,97155,13,2920,0.004452054794520548,36.146232876712325,female,50-54,335,0.04126123906885085,0.00018369729722433596,0.00013380680356131955,5.521034510782369e-06
2012,E02001651,E08000019,8119,97155,13,2920,0.004452054794520548,36.146232876712325,male,50-54,327,0.04027589604631112,0.0001793104960965906,0.00013380680356131955,5.389188910524879e-06
2012,E02001674,E08000019,8647,97155,130,3282,0.039609993906154786,342.50761730652044,female,50-54,330,0.038163524921938245,0.0015116569895953602,0.0013380680356131953,5.1065392824373134e-05
2012,E02001674,E08000019,8647,97155,130,3282,0.039609993906154786,342.50761730652044,male,50-54,348,0.04024517173586215,0.0015941110072096526,0.0013380680356131953,5.385077788752076e-05
2012,E02001618,E08000019,9708,97155,8,3293,0.0024293956878226543,23.584573337382327,female,50-54,394,0.040585084466419445,9.859722919263758e-05,8.234264834542741e-05,3.341883338287845e-06
2012,E02001618,E08000019,9708,97155,8,3293,0.0024293956878226543,23.584573337382327,male,50-54,397,0.04089410795220437,9.934796951643942e-05,8.234264834542741e-05,3.3673291505083113e-06
2012,E02001672,E08000019,6175,97155,39,2203,0.017703132092601,109.31684067181118,female,50-54,190,0.03076923076923077,0.0005447117566954154,0.0004014204106839586,1.2351397251814112e-05
2012,E02001672,E08000019,6175,97155,39,2203,0.017703132092601,109.31684067181118,male,50-54,227,0.03676113360323886,0.0006507872040518909,0.0004014204106839586,1.4756669348220016e-05
2012,E02001675,E08000019,9063,97155,141,3730,0.03780160857908847,342.59597855227884,female,50-54,319,0.0351980580381772,0.0013305432127032133,0.001451289177088158,5.108256068532742e-05
2012,E02001675,E08000019,9063,97155,141,3730,0.03780160857908847,342.59597855227884,male,50-54,297,0.03277060575968222,0.0012387816118271295,0.001451289177088158,4.755962546564967e-05
2012,E02001670,E08000019,6002,97155,19,2500,0.0076,45.6152,female,50-54,172,0.02865711429523492,0.0002177940686437854,0.0001955637898203901,5.604293876892219e-06
2012,E02001670,E08000019,6002,97155,19,2500,0.0076,45.6152,male,50-54,198,0.032989003665444855,0.0002507164278573809,0.0001955637898203901,6.451454579213136e-06
2012,E02001639,E08000019,6154,97155,8,2044,0.003913894324853229,24.08610567514677,female,50-54,160,0.025999350016249593,0.00010175870847847199,8.234264834542741e-05,2.1408553355977228e-06
2012,E02001639,E08000019,6154,97155,8,2044,0.003913894324853229,24.08610567514677,male,50-54,122,0.019824504387390314,7.759101521483488e-05,8.234264834542741e-05,1.6324021933932635e-06
2012,E02001663,E08000019,7671,97155,36,2525,0.014257425742574258,109.36871287128713,female,50-54,245,0.031938469560683094,0.0004553603580929075,0.00037054191755442334,1.1834541754769094e-05
2012,E02001663,E08000019,7671,97155,36,2525,0.014257425742574258,109.36871287128713,male,50-54,253,0.03298135836266458,0.00047022926774492076,0.00037054191755442334,1.222097577125135e-05
2012,E02005888,E07000174,8284,97155,13,3488,0.0037270642201834864,30.875,female,50-54,278,0.03355866731047803,0.00012507530820992386,0.00013380680356131955,4.49037800459281e-06
2012,E02005888,E07000174,8284,97155,13,3488,0.0037270642201834864,30.875,male,50-54,277,0.033437952679864796,0.00012462539702931262,0.00013380680356131955,4.474225565727367e-06
2012,E02005887,E07000174,9349,97155,23,4120,0.00558252427184466,52.19101941747572,female,50-54,272,0.029094020750882448,0.00016241807700735346,0.0002367351139931038,6.887576318977883e-06
2012,E02005887,E07000174,9349,97155,23,4120,0.00558252427184466,52.19101941747572,male,50-54,297,0.031768103540485614,0.0001773462090852352,0.0002367351139931038,7.520625613001586e-06
2012,E02005880,E07000174,6267,97155,70,2630,0.026615969581749048,166.8022813688213,female,50-54,247,0.039412797191638746,0.0010490098111843012,0.0007204981730224899,2.8396848370281636e-05
2012,E02005880,E07000174,6267,97155,70,2630,0.026615969581749048,166.8022813688213,male,50-54,207,0.03303015797032073,0.0008791296798184225,0.0007204981730224899,2.3798168472260317e-05
2012,E02005824,E07000170,9785,97155,37,3726,0.009930220075147612,97.16720343531938,female,50-54,355,0.036280020439448134,0.00036026858729457356,0.00038083474859760175,1.3816692463173083e-05
2012,E02005824,E07000170,9785,97155,37,3726,0.009930220075147612,97.16720343531938,male,50-54,349,0.03566683699540112,0.00035417954074874974,0.00038083474859760175,1.3583170900415227e-05
2012,E02005819,E07000170,6111,97155,44,2362,0.018628281117696866,113.83742591024554,female,50-54,221,0.03616429389625266,0.0006736786331224035,0.00045288456589985077,1.637825054227901e-05
2012,E02005819,E07000170,6111,97155,44,2362,0.018628281117696866,113.83742591024554,male,50-54,232,0.037964326624120436,0.0007072101487981791,0.00045288456589985077,1.719345758284493e-05
2012,E02005891,E07000174,6437,97155,13,2886,0.0045045045045045045,28.995495495495494,female,50-54,237,0.03681839366164362,0.00016584862009749377,0.00013380680356131955,4.9265515681268805e-06
2012,E02005891,E07000174,6437,97155,13,2886,0.0045045045045045045,28.995495495495494,male,50-54,265,0.04116824607736523,0.0001854425498980416,0.00013380680356131955,5.508591415838074e-06
2012,E02005825,E07000170,8073,97155,18,3312,0.005434782608695652,43.875,female,50-54,298,0.03691316734794996,0.00020061503993451063,0.00018527095877721167,6.838937906058352e-06
2012,E02005825,E07000170,8073,97155,18,3312,0.005434782608695652,43.875,male,50-54,281,0.03480738263346959,0.00018917055779059557,0.00018527095877721167,6.4487971530281775e-06
2012,E02004029,E07000032,6402,97155,379,2746,0.13801893663510562,883.5972323379461,female,50-54,206,0.03217744454857857,0.00444109668022989,0.0039009829653646236,0.00012552366305296979
2012,E02004029,E07000032,6402,97155,379,2746,0.13801893663510562,883.5972323379461,male,50-54,244,0.03811308965948141,0.005260328106680064,0.0039009829653646236,0.00014867851351905157
2012,E02004054,E07000033,8677,97155,295,3267,0.09029690847872666,783.5062748699113,female,50-54,262,0.03019476777688141,0.002726494182485466,0.003036385157737636,9.168294471905734e-05
2012,E02004054,E07000033,8677,97155,295,3267,0.09029690847872666,783.5062748699113,male,50-54,325,0.03745534170796358,0.003382101562243421,0.003036385157737636,0.00011372884364005204
2012,E02004050,E07000033,7057,97155,1059,3002,0.35276482345103266,2489.4613590939375,female,50-54,222,0.03145812668272637,0.011097320505332188,0.010900108074725953,0.0003428969806701377
2012,E02004050,E07000033,7057,97155,1059,3002,0.35276482345103266,2489.4613590939375,male,50-54,245,0.0347173019696755,0.012247042900028766,0.010900108074725953,0.00037842234353235914
2012,E02004051,E07000033,9152,97155,1124,3894,0.2886492039034412,2641.7175141242938,female,50-54,296,0.032342657342657344,0.009335682294079828,0.01156914209253255,0.00037417679844729406
2012,E02004051,E07000033,9152,97155,1124,3894,0.2886492039034412,2641.7175141242938,male,50-54,316,0.034527972027972025,0.00996647163827441,0.01156914209253255,0.0003994590145585976
2012,E02004049,E07000033,7821,97155,2582,3223,0.801116971765436,6265.535836177474,female,50-54,290,0.03707965733282189,0.029705142796570314,0.026576089753486697,0.0009854323013056057
2012,E02004049,E07000033,7821,97155,2582,3223,0.801116971765436,6265.535836177474,male,50-54,288,0.03682393555811277,0.029500279742800863,0.026576089753486697,0.0009786362164690154
2012,E02004117,E07000038,7364,97155,2215,2973,0.7450386814665321,5486.464850319542,female,50-54,258,0.03503530689842477,0.026102658856377685,0.022798620760640213,0.0007987566752098281
2012,E02004117,E07000038,7364,97155,2215,2973,0.7450386814665321,5486.464850319542,male,50-54,266,0.03612167300380228,0.026912043627118076,0.022798620760640213,0.0008235243240535437
2012,E02004112,E07000038,6508,97155,2022,2401,0.8421491045397751,5480.706372344856,female,50-54,278,0.042716656422864166,0.03597379395544829,0.020812104369306778,0.0008890235117804677
2012,E02004112,E07000038,6508,97155,2022,2401,0.8421491045397751,5480.706372344856,male,50-54,254,0.039028887523048554,0.03286814267871894,0.020812104369306778,0.0008122732805476216
2012,E02004052,E07000033,7869,97155,1852,3077,0.601884952876178,4736.232694182645,female,50-54,290,0.036853475663997964,0.02218155246334879,0.019062323091966444,0.0007025128601690517
2012,E02004052,E07000033,7869,97155,1852,3077,0.601884952876178,4736.232694182645,male,50-54,325,0.041301308933790824,0.02485863638133916,0.019062323091966444,0.0007872988950170408
2012,E02004061,E07000034,7216,97155,2534,2904,0.8725895316804407,6296.60606060606,female,50-54,252,0.03492239467849224,0.030472916017665056,0.026082033863414133,0.000910847080595948
2012,E02004061,E07000034,7216,97155,2534,2904,0.8725895316804407,6296.60606060606,male,50-54,271,0.03755543237250554,0.032770477145981074,0.026082033863414133,0.0009795220588948489
2012,E02004111,E07000038,5498,97155,1933,2254,0.857586512866016,4715.010647737356,female,50-54,225,0.040923972353583124,0.035095846743334595,0.019896042406463896,0.000814225089387846
2012,E02004111,E07000038,5498,97155,1933,2254,0.857586512866016,4715.010647737356,male,50-54,228,0.041469625318297565,0.035563791366579056,0.019896042406463896,0.0008250814239130172
2012,E02004062,E07000034,7987,97155,2706,3135,0.8631578947368421,6894.042105263158,female,50-54,327,0.04094152998622762,0.03533900483021752,0.02785240080284082,0.0011403199026579376
2012,E02004062,E07000034,7987,97155,2706,3135,0.8631578947368421,6894.042105263158,male,50-54,317,0.03968949543007387,0.034258301318590076,0.02785240080284082,0.0011054477343809366
2012,E02004048,E07000033,6835,97155,2283,2771,0.8238902923132443,5631.290147961025,female,50-54,193,0.028237015362106804,0.023264202840739743,0.023498533271576347,0.0006635284449764792
2012,E02004048,E07000033,6835,97155,2283,2771,0.8238902923132443,5631.290147961025,male,50-54,208,0.030431602048280906,0.025072301507118477,0.023498533271576347,0.0007150980132388997
2012,E02004114,E07000038,7226,97155,2342,2813,0.8325630998933523,6016.100959829364,female,50-54,263,0.036396346526432324,0.03030225508883914,0.024105810303123875,0.0008773634250929392
2012,E02004114,E07000038,7226,97155,2342,2813,0.8325630998933523,6016.100959829364,male,50-54,256,0.035427622474398006,0.0294957311891362,0.024105810303123875,0.0008540115468585264
2012,E02004059,E07000034,7158,97155,2641,3075,0.8588617886178862,6147.7326829268295,female,50-54,258,0.03604358759430008,0.030956460109446023,0.027183366785034222,0.0009797860618243684
2012,E02004059,E07000034,7158,97155,2641,3075,0.8588617886178862,6147.7326829268295,male,50-54,296,0.041352333053925674,0.03551593873021714,0.027183366785034222,0.001124095636821756
2012,E02004073,E07000035,9138,97155,2604,3611,0.7211298809194129,6589.6848518415945,female,50-54,337,0.03687896695119282,0.02659452504594464,0.02680253203643662,0.0009884496931800329
2012,E02004073,E07000035,9138,97155,2604,3611,0.7211298809194129,6589.6848518415945,male,50-54,367,0.04016196104180346,0.02896199018356583,0.02680253203643662,0.0010764422474690567
2012,E02004063,E07000034,7940,97155,2649,3057,0.8665358194308145,6880.294406280667,female,50-54,284,0.035768261964735516,0.030994480191228125,0.02726570943337965,0.0009752470376674838
2012,E02004063,E07000034,7940,97155,2649,3057,0.8665358194308145,6880.294406280667,male,50-54,313,0.03942065491183879,0.03415940950652959,0.02726570943337965,0.001074832122499727
2012,E02004072,E07000035,8613,97155,2654,3330,0.796996996996997,6864.5351351351355,female,50-54,352,0.04086845466155811,0.03257203563716974,0.027317173588595544,0.0011164106702874297
2012,E02004072,E07000035,8613,97155,2654,3330,0.796996996996997,6864.5351351351355,male,50-54,344,0.039939626146522696,0.03183176209996133,0.027317173588595544,0.0010910377005081697
2012,E02004046,E07000033,6301,97155,1091,2510,0.4346613545816733,2738.8011952191237,female,50-54,246,0.039041421996508494,0.01696979736979712,0.011229478668107662,0.00043841481548238136
2012,E02004046,E07000033,6301,97155,1091,2510,0.4346613545816733,2738.8011952191237,male,50-54,225,0.03570861767973338,0.015521156130912,0.011229478668107662,0.0004009891605021781
2012,E02004067,E07000034,6422,97155,2390,2772,0.8621933621933622,5537.005772005772,female,50-54,249,0.038772967922765494,0.03342979557554456,0.02459986619319644,0.0009538098228131288
2012,E02004067,E07000034,6422,97155,2390,2772,0.8621933621933622,5537.005772005772,male,50-54,218,0.0339458112737465,0.02926785315449283,0.02459986619319644,0.000835062415153663
2012,E02004065,E07000034,8352,97155,2549,3047,0.8365605513619954,6986.953724975385,female,50-54,343,0.04106800766283525,0.03435587513376011,0.02623642632906181,0.0010774777575273228
2012,E02004065,E07000034,8352,97155,2549,3047,0.8365605513619954,6986.953724975385,male,50-54,324,0.03879310344827586,0.032452780009732576,0.02623642632906181,0.0010177924006963632
2012,E02004071,E07000035,5146,97155,1549,1961,0.7899031106578276,4064.8414074451807,female,50-54,220,0.04275165176836378,0.033769662717590763,0.01594359528588338,0.0006816150335978126
2012,E02004071,E07000035,5146,97155,1549,1961,0.7899031106578276,4064.8414074451807,male,50-54,176,0.034201321414691024,0.027015730174072612,0.01594359528588338,0.0005452920268782501
2012,E02004064,E07000034,8842,97155,3131,3617,0.8656345037323749,7653.940282001659,female,50-54,262,0.029631305134584937,0.025649880115119005,0.03222685399619165,0.0009549237442888727
2012,E02004064,E07000034,8842,97155,3131,3617,0.8656345037323749,7653.940282001659,male,50-54,308,0.03483374802080977,0.030153294181132263,0.03222685399619165,0.0011225821116067662
2012,E02004055,E07000034,7186,97155,2530,2997,0.8441775108441775,6066.259592926259,female,50-54,262,0.03645978291121625,0.030778528783909614,0.026040862539241417,0.0009494441950015657
2012,E02004055,E07000034,7186,97155,2530,2997,0.8441775108441775,6066.259592926259,male,50-54,261,0.036320623434455884,0.03066105348320767,0.026040862539241417,0.0009458203621962162
2012,E02004057,E07000034,7721,97155,2725,3172,0.8590794451450189,6632.95239596469,female,50-54,237,0.030695505763502138,0.026369878059755145,0.02804796459266121,0.0008609464588085361
2012,E02004057,E07000034,7721,97155,2725,3172,0.8590794451450189,6632.95239596469,male,50-54,256,0.03315632690066054,0.02848391891686632,0.02804796459266121,0.0009299674829324272
2012,E02005847,E07000171,6740,97155,22,2812,0.007823613086770981,52.73115220483641,female,50-54,226,0.03353115727002967,0.00026233480083238004,0.00022644228294992538,7.592871802178506e-06
2012,E02005847,E07000171,6740,97155,22,2812,0.007823613086770981,52.73115220483641,male,50-54,241,0.0357566765578635,0.00027974640265753805,0.00022644228294992538,8.09682347046469e-06
2012,E02004115,E07000038,8980,97155,2819,3379,0.8342704942290619,7491.749038176976,female,50-54,375,0.04175946547884187,0.03483868990377485,0.029015490710719984,0.001211671382685968
2012,E02004115,E07000038,8980,97155,2819,3379,0.8342704942290619,7491.749038176976,male,50-54,380,0.042316258351893093,0.03530320576915852,0.029015490710719984,0.001227827001121781
2012,E02005848,E07000171,6722,97155,116,2708,0.04283604135893648,287.94387001477105,female,50-54,238,0.035406129128235646,0.0015166584116969477,0.0011939684010086975,4.227379938114698e-05
2012,E02005848,E07000171,6722,97155,116,2708,0.04283604135893648,287.94387001477105,male,50-54,221,0.03287711990479024,0.0014083256680043085,0.0011939684010086975,3.925424228249362e-05
2012,E02004066,E07000034,11788,97155,3870,4535,0.8533627342888643,10059.439911797133,female,50-54,415,0.03520529351883271,0.03004288553867312,0.03983325613710051,0.0014023414741174678
2012,E02004066,E07000034,11788,97155,3870,4535,0.8533627342888643,10059.439911797133,male,50-54,416,0.03529012555140821,0.030115278033947025,0.03983325613710051,0.0014057206101996786
2012,E02004110,E07000038,7526,97155,1841,2781,0.6619920891765552,4982.152463142754,female,50-54,276,0.03667286739303747,0.02427714810161164,0.018949101950491484,0.0006949179030475218
2012,E02004110,E07000038,7526,97155,1841,2781,0.6619920891765552,4982.152463142754,male,50-54,268,0.035609885729471165,0.023573462649391013,0.018949101950491484,0.000674775355133101
2012,E02004060,E07000034,7633,97155,2906,3387,0.8579864186595807,6549.010333628579,female,50-54,233,0.030525350451984803,0.026190336112627055,0.029910967011476507,0.0009130427503830769
2012,E02004060,E07000034,7633,97155,2906,3387,0.8579864186595807,6549.010333628579,male,50-54,220,0.028822219310886937,0.024729072724368893,0.029910967011476507,0.0008621004510054803
2012,E02006804,E07000038,8215,97155,2323,3176,0.7314231738035264,6008.641372795969,female,50-54,265,0.03225806451612903,0.02359429592914601,0.023910246513303483,0.000771298274622693
2012,E02006804,E07000038,8215,97155,2323,3176,0.7314231738035264,6008.641372795969,male,50-54,274,0.03335362142422398,0.0243956116399472,0.023910246513303483,0.0007974933103645958
2012,E02001609,E08000018,8379,97155,15,3753,0.003996802557953637,33.489208633093526,female,50-54,283,0.033774913474161596,0.00013499166056819183,0.0001543924656476764,5.214592168312737e-06
2012,E02001609,E08000018,8379,97155,15,3753,0.003996802557953637,33.489208633093526,male,50-54,297,0.03544575725026853,0.00014166969324647694,0.0001543924656476764,5.472557858617961e-06
2012,E02005840,E07000171,9163,97155,27,3537,0.007633587786259542,69.94656488549619,female,50-54,327,0.0356870020735567,0.00027241986315692135,0.0002779064381658175,9.917647635078285e-06
2012,E02005840,E07000171,9163,97155,27,3537,0.007633587786259542,69.94656488549619,male,50-54,328,0.03579613663647277,0.0002732529514234562,0.0002779064381658175,9.947976832739074e-06
2012,E02005842,E07000171,8570,97155,8,3161,0.002530844669408415,21.689338816830116,female,50-54,337,0.039323220536756125,9.952096307942075e-05,8.234264834542741e-05,3.237978120467799e-06
2012,E02005842,E07000171,8570,97155,8,3161,0.002530844669408415,21.689338816830116,male,50-54,299,0.03488914819136523,8.829901472031694e-05,8.234264834542741e-05,2.872864860593092e-06
2012,E02004106,E07000038,6998,97155,1667,2703,0.6167221605623382,4315.821679615243,female,50-54,235,0.03358102314947128,0.02071016115063582,0.017158149348978437,0.0005761882104901305
2012,E02004106,E07000038,6998,97155,1667,2703,0.6167221605623382,4315.821679615243,male,50-54,277,0.039582737925121465,0.024411551654153714,0.017158149348978437,0.000679166528960707
2012,E02001603,E08000018,6481,97155,11,2853,0.00385559060637925,24.988082719943918,female,50-54,235,0.03625983644499306,0.00013980308478616323,0.00011322114147496269,4.1053800719975676e-06
2012,E02001603,E08000018,6481,97155,11,2853,0.00385559060637925,24.988082719943918,male,50-54,241,0.03718561950316309,0.00014337252524878865,0.00011322114147496269,4.21019828660176e-06
2012,E02006903,E07000171,11081,97155,27,4864,0.005550986842105263,61.51048519736842,female,50-54,434,0.03916614024005054,0.00021741072912857,0.0002779064381658175,1.0884522530815342e-05
2012,E02006903,E07000171,11081,97155,27,4864,0.005550986842105263,61.51048519736842,male,50-54,382,0.03447342297626568,0.00019136151734358006,0.0002779064381658175,9.580386190717651e-06
2012,E02001600,E08000018,10943,97155,12,4915,0.0024415055951169887,26.717395727365208,female,50-54,351,0.03207529927807731,7.831202265247766e-05,0.0001235139725181411,3.961747633543593e-06
2012,E02001600,E08000018,10943,97155,12,4915,0.0024415055951169887,26.717395727365208,male,50-54,328,0.0299734990404825,7.318046561257172e-05,0.0001235139725181411,3.7021459367586843e-06
2012,E02004108,E07000038,7577,97155,2137,3061,0.6981378634433192,5289.790591310029,female,50-54,265,0.03497426422066781,0.024416858098519147,0.021995779939272295,0.0007692862193357738
2012,E02004108,E07000038,7577,97155,2137,3061,0.6981378634433192,5289.790591310029,male,50-54,275,0.03629404777616471,0.025338248970161383,0.021995779939272295,0.000798315887989954
2012,E02004116,E07000038,8093,97155,3114,3628,0.8583241455347299,6946.417309812569,female,50-54,254,0.03138514765847028,0.026938630046437834,0.03205187586845762,0.0010059528568625027
2012,E02004116,E07000038,8093,97155,3114,3628,0.8583241455347299,6946.417309812569,male,50-54,289,0.03570987272951934,0.030650645997718638,0.03205187586845762,0.0011445684080049737
2012,E02004069,E07000035,6731,97155,1423,2306,0.6170858629661752,4153.604943625325,female,50-54,279,0.04145000742831674,0.025578213603857206,0.014646698574442901,0.0006071057647109745
2012,E02004069,E07000035,6731,97155,1423,2306,0.6170858629661752,4153.604943625325,male,50-54,240,0.03565592036844451,0.022002764390414806,0.014646698574442901,0.0005222415180309458
2012,E02004109,E07000038,6688,97155,1567,2568,0.610202492211838,4081.0342679127725,female,50-54,228,0.03409090909090909,0.02080235768903993,0.016128866244660593,0.0005498477128861565
2012,E02004109,E07000038,6688,97155,1567,2568,0.610202492211838,4081.0342679127725,male,50-54,271,0.040520334928229665,0.02472560935846413,0.016128866244660593,0.000653547062246265
2012,E02004056,E07000034,7708,97155,3030,3494,0.8672009158557528,6684.384659416142,female,50-54,242,0.031395952257394916,0.02722659855177636,0.03118727806083063,0.0009791542930359383
2012,E02004056,E07000034,7708,97155,3030,3494,0.8672009158557528,6684.384659416142,male,50-54,241,0.03126621691748832,0.027114091946190504,0.03118727806083063,0.000975108200915955
2012,E02004058,E07000034,7835,97155,3009,3480,0.8646551724137931,6774.573275862069,female,50-54,247,0.03152520740268028,0.027258433642145103,0.030971128608923884,0.0009763712528914101
2012,E02004058,E07000034,7835,97155,3009,3480,0.8646551724137931,6774.573275862069,male,50-54,239,0.030504148053605615,0.026375569394626232,0.030971128608923884,0.0009447478924738747
2012,E02005843,E07000171,6511,97155,23,2673,0.008604564160119716,56.024317246539475,female,50-54,237,0.03639993856550453,0.00031320560681129977,0.0002367351139931038,8.61714360564669e-06
2012,E02005843,E07000171,6511,97155,23,2673,0.008604564160119716,56.024317246539475,male,50-54,238,0.03655352480417755,0.0003145271494560732,0.0002367351139931038,8.653502861366718e-06
2012,E02005846,E07000171,6659,97155,12,3337,0.003596044351213665,23.946059334731796,female,50-54,171,0.025679531461180356,9.234473405279122e-05,0.0001235139725181411,3.1717809431749706e-06
2012,E02005846,E07000171,6659,97155,12,3337,0.003596044351213665,23.946059334731796,male,50-54,193,0.028983330830455022,0.00010422534311221465,0.0001235139725181411,3.5798463276770136e-06
2012,E02001608,E08000018,6925,97155,12,3083,0.003892312682452157,26.954265325981186,female,50-54,241,0.0348014440433213,0.00013545810201746856,0.0001235139725181411,4.298464603158413e-06
2012,E02001608,E08000018,6925,97155,12,3083,0.003892312682452157,26.954265325981186,male,50-54,229,0.033068592057761734,0.00012871330025726268,0.0001235139725181411,4.084433170636002e-06
2012,E02001610,E08000018,8312,97155,39,3825,0.01019607843137255,84.74980392156863,female,50-54,275,0.0330846968238691,0.00033733416369435165,0.0004014204106839586,1.3280872586391796e-05
2012,E02001610,E08000018,8312,97155,39,3825,0.01019607843137255,84.74980392156863,male,50-54,298,0.03585178055822907,0.0003655475664760611,0.0004014204106839586,1.4391636475435475e-05
2012,E02004113,E07000038,9224,97155,3474,4038,0.8603268945022289,7935.655274888559,female,50-54,305,0.03306591500433651,0.028447495969555484,0.03575729504400185,0.0011823476787099485
2012,E02004113,E07000038,9224,97155,3474,4038,0.8603268945022289,7935.655274888559,male,50-54,299,0.03241543798785776,0.027887873098023246,0.03575729504400185,0.0011590883801123756
2012,E02001605,E08000018,7380,97155,12,3095,0.0038772213247172858,28.613893376413568,female,50-54,240,0.032520325203252036,0.0001260884983647898,0.0001235139725181411,4.016714553435484e-06
2012,E02001605,E08000018,7380,97155,12,3095,0.0038772213247172858,28.613893376413568,male,50-54,264,0.03577235772357724,0.00013869734820126875,0.0001235139725181411,4.418386008779032e-06
2012,E02001607,E08000018,8856,97155,12,4092,0.002932551319648094,25.970674486803517,female,50-54,349,0.03940831074977416,0.00011556689369435238,0.0001235139725181411,4.8674770109339705e-06
2012,E02001607,E08000018,8856,97155,12,4092,0.002932551319648094,25.970674486803517,male,50-54,301,0.03398825654923216,9.967230659598874e-05,0.0001235139725181411,4.198024585361391e-06
2012,E02004045,E07000033,9079,97155,2469,3220,0.7667701863354037,6961.50652173913,female,50-54,310,0.03414472959577046,0.02618116067452089,0.025412999845607534,0.0008677200079456257
2012,E02004045,E07000033,9079,97155,2469,3220,0.7667701863354037,6961.50652173913,male,50-54,326,0.03590703822006829,0.027532446386754228,0.025412999845607534,0.0009125055567428194
2012,E02001606,E08000018,8011,97155,10,3937,0.00254000508001016,20.347980695961393,female,50-54,284,0.035451254525028085,9.004636658630451e-05,0.00010292831043178426,3.648937730948287e-06
2012,E02001606,E08000018,8011,97155,10,3937,0.00254000508001016,20.347980695961393,male,50-54,280,0.034951941081013606,8.877810790199037e-05,0.00010292831043178426,3.5975442417800015e-06
2012,E02005838,E07000171,8043,97155,11,3413,0.0032229709932610606,25.92235569879871,female,50-54,292,0.03630486137013552,0.00011700951511031079,0.00011322114147496269,4.110477845417021e-06
2012,E02005838,E07000171,8043,97155,11,3413,0.0032229709932610606,25.92235569879871,male,50-54,290,0.0360561979360935,0.00011620808007530867,0.00011322114147496269,4.0823238875717e-06
2012,E02004047,E07000033,5751,97155,756,2604,0.2903225806451613,1669.6451612903227,female,50-54,175,0.030429490523387236,0.008834368216467263,0.00778138026864289,0.00023678343714354124
2012,E02004047,E07000033,5751,97155,756,2604,0.2903225806451613,1669.6451612903227,male,50-54,189,0.03286384976525822,0.009541117673784644,0.00778138026864289,0.0002557261121150246
2012,E02005894,E07000175,10073,97155,18,4140,0.004347826086956522,43.79565217391304,female,50-54,371,0.03683113273106324,0.00016013535970027496,0.00018527095877721167,6.823739273934829e-06
2012,E02005894,E07000175,10073,97155,18,4140,0.004347826086956522,43.79565217391304,male,50-54,312,0.03097389059863,0.00013466908955926088,0.00018527095877721167,5.738562408268643e-06
2012,E02005889,E07000174,10157,97155,24,4422,0.005427408412483039,55.12618724559022,female,50-54,385,0.03790489317711923,0.00020572533610376786,0.0002470279450362822,9.363567868363559e-06
2012,E02005889,E07000174,10157,97155,24,4422,0.005427408412483039,55.12618724559022,male,50-54,369,0.03632962488923895,0.00019717571174620866,0.0002470279450362822,8.97443258032767e-06
2012,E02004053,E07000033,7938,97155,492,3108,0.1583011583011583,1256.5945945945946,female,50-54,254,0.03199798437893676,0.005065317990488058,0.005064072873243786,0.00016204012469185205
2012,E02004053,E07000033,7938,97155,492,3108,0.1583011583011583,1256.5945945945946,male,50-54,254,0.03199798437893676,0.005065317990488058,0.005064072873243786,0.00016204012469185205
2012,E02004031,E07000032,7666,97155,164,3159,0.051915163026274136,397.98163975941753,female,50-54,240,0.031307070180015655,0.0016253116522705184,0.001688024291081262,5.284709494645224e-05
2012,E02004031,E07000032,7666,97155,164,3159,0.051915163026274136,397.98163975941753,male,50-54,239,0.03117662405426559,0.0016185395203860578,0.001688024291081262,5.262689871750869e-05
2012,E02005883,E07000174,7845,97155,32,3272,0.009779951100244499,76.72371638141809,female,50-54,304,0.038750796685787126,0.00037898089668251465,0.00032937059338170965,1.2763372898411693e-05
2012,E02005883,E07000174,7845,97155,32,3272,0.009779951100244499,76.72371638141809,male,50-54,264,0.03365200764818355,0.00032911498922428905,0.00032937059338170965,1.1083981727568048e-05
2012,E02005822,E07000170,9777,97155,24,3954,0.006069802731411229,59.34446130500759,female,50-54,269,0.02751355221438069,0.00016700183438167338,0.0002470279450362822,6.796616264166915e-06
2012,E02005822,E07000170,9777,97155,24,3954,0.006069802731411229,59.34446130500759,male,50-54,308,0.03150250588114964,0.0001912139962437004,0.0002470279450362822,7.78199929131379e-06
2012,E02004030,E07000032,5665,97155,510,2112,0.24147727272727273,1367.96875,female,50-54,232,0.04095322153574581,0.00988927224584771,0.005249343832020997,0.00021497754087005673
2012,E02004030,E07000032,5665,97155,510,2112,0.24147727272727273,1367.96875,male,50-54,203,0.03583406884377758,0.008653113215116746,0.005249343832020997,0.00018810534826129962
2012,E02004032,E07000032,8284,97155,184,2974,0.06186953597848016,512.5272360457296,female,50-54,317,0.038266537904394014,0.0023675329436477805,0.0018938809119448303,7.247226570334516e-05
2012,E02004032,E07000032,8284,97155,184,2974,0.06186953597848016,512.5272360457296,male,50-54,310,0.0374215354901014,0.002315253036374801,0.0018938809119448303,7.087193176036908e-05
2012,E02004075,E07000035,7458,97155,155,2523,0.06143479984145858,458.1807372175981,female,50-54,296,0.039688924644676854,0.002438281141468455,0.0015953888116926561,6.331926632623038e-05
2012,E02004075,E07000035,7458,97155,155,2523,0.06143479984145858,458.1807372175981,male,50-54,308,0.04129793510324484,0.0025371303769333928,0.0015953888116926561,6.588626360972621e-05
2012,E02004074,E07000035,5875,97155,386,2042,0.1890303623898139,1110.5533790401566,female,50-54,226,0.03846808510638298,0.007271636068101777,0.003973032782666873,0.00015283496321407886
2012,E02004074,E07000035,5875,97155,386,2042,0.1890303623898139,1110.5533790401566,male,50-54,232,0.03948936170212766,0.0074646883530956306,0.003973032782666873,0.0001568925286091429
2012,E02002806,E06000015,6527,97155,11,1899,0.005792522380200105,37.80779357556609,female,50-54,131,0.020070476482304273,0.00011625868420502739,0.00011322114147496269,2.2724022572728836e-06
2012,E02002806,E06000015,6527,97155,11,1899,0.005792522380200105,37.80779357556609,male,50-54,135,0.020683315458863184,0.00011980856769220381,0.00011322114147496269,2.3417885857392317e-06
2012,E02002815,E06000015,7881,97155,11,2837,0.0038773352132534366,30.557278815650335,female,50-54,168,0.02131709173962695,8.265351044620953e-05,0.00011322114147496269,2.4135454596870616e-06
2012,E02002815,E06000015,7881,97155,11,2837,0.0038773352132534366,30.557278815650335,male,50-54,183,0.02322040350209364,9.00332881646211e-05,0.00011322114147496269,2.6290405900162633e-06
2012,E02002811,E06000015,10268,97155,11,3874,0.002839442436757873,29.15539494062984,female,50-54,220,0.021425788858589794,6.0837294126093896e-05,0.00011322114147496269,2.4258522715710744e-06
2012,E02002811,E06000015,10268,97155,11,3874,0.002839442436757873,29.15539494062984,male,50-54,298,0.029022204908453447,8.240688022534537e-05,0.00011322114147496269,3.2859271678553645e-06
2012,E02004118,E07000039,6815,97155,10,2416,0.0041390728476821195,28.207781456953644,female,50-54,280,0.041085840058694055,0.0001700572850111509,0.00010292831043178426,4.2288960999118985e-06
2012,E02004118,E07000039,6815,97155,10,2416,0.0041390728476821195,28.207781456953644,male,50-54,258,0.03785766691122524,0.0001566956411888462,0.00010292831043178426,3.896625692061678e-06
2012,E02006827,E07000032,7622,97155,12,2775,0.004324324324324324,32.96,female,50-54,240,0.03148779847808974,0.0001361634528782259,0.0001235139725181411,3.889183075879542e-06
2012,E02006827,E07000032,7622,97155,12,2775,0.004324324324324324,32.96,male,50-54,222,0.02912621359223301,0.00012595119391235898,0.0001235139725181411,3.597494345188576e-06
2012,E02005823,E07000170,7513,97155,13,3531,0.0036816765788728408,27.660436137071652,female,50-54,245,0.03261014241980567,0.00012005999758070624,0.00013380680356131955,4.3634589208735915e-06
2012,E02005823,E07000170,7513,97155,13,3531,0.0036816765788728408,27.660436137071652,male,50-54,247,0.03287634766404898,0.00012104007919360997,0.00013380680356131955,4.399078993697049e-06
2012,E02005890,E07000174,6715,97155,13,2532,0.005134281200631911,34.47669826224328,female,50-54,270,0.040208488458674606,0.0002064416863991982,0.00013380680356131955,5.380169316687457e-06
2012,E02005890,E07000174,6715,97155,13,2532,0.005134281200631911,34.47669826224328,male,50-54,252,0.03752792256142964,0.00019267890730591836,0.00013380680356131955,5.021491362241627e-06
2012,E02004040,E07000032,9078,97155,13,2840,0.004577464788732394,41.554225352112674,female,50-54,323,0.035580524344569285,0.00016286859735190165,0.00013380680356131955,4.7609162315825305e-06
2012,E02004040,E07000032,9078,97155,13,2840,0.004577464788732394,41.554225352112674,male,50-54,307,0.033818021590658734,0.00015480080305583222,0.00013380680356131955,4.5250813718137365e-06
2012,E02002821,E06000015,11377,97155,13,4175,0.0031137724550898203,35.425389221556884,female,50-54,308,0.027072163136151885,8.429655587304778e-05,0.00013380680356131955,3.622439614739072e-06
2012,E02002821,E06000015,11377,97155,13,4175,0.0031137724550898203,35.425389221556884,male,50-54,283,0.024874747297178517,7.745430296127443e-05,0.00013380680356131955,3.32841042523103e-06
2012,E02002824,E06000015,9562,97155,13,3558,0.0036537380550871277,34.93704328274311,female,50-54,287,0.030014641288433383,0.00010966563708533838,0.00013380680356131955,4.016163210844876e-06
2012,E02002824,E06000015,9562,97155,13,3558,0.0036537380550871277,34.93704328274311,male,50-54,260,0.02719096423342397,9.934866077417414e-05,0.00013380680356131955,3.638336009824627e-06
2012,E02005827,E07000170,8446,97155,14,3234,0.004329004329004329,36.56277056277056,female,50-54,317,0.037532559791617334,0.00016247861381652525,0.00014409963460449796,5.40842815174353e-06
2012,E02005827,E07000170,8446,97155,14,3234,0.004329004329004329,36.56277056277056,male,50-54,306,0.036230168126923985,0.0001568405546620086,0.00014409963460449796,5.220753988749275e-06
2012,E02002813,E06000015,10537,97155,14,4158,0.003367003367003367,35.47811447811448,female,50-54,215,0.0204042896460093,6.870131193942525e-05,0.00014409963460449796,2.9402506823542813e-06
2012,E02002813,E06000015,10537,97155,14,4158,0.003367003367003367,35.47811447811448,male,50-54,242,0.02296668881085698,7.7328918555074e-05,0.00014409963460449796,3.309491465719703e-06
2012,E02004080,E07000036,9536,97155,15,3327,0.004508566275924256,42.993688007213706,female,50-54,299,0.03135486577181208,0.00014136549040492371,0.0001543924656476764,4.840955036562001e-06
2012,E02004080,E07000036,9536,97155,15,3327,0.004508566275924256,42.993688007213706,male,50-54,335,0.03513003355704698,0.00015838608456738947,0.0001543924656476764,5.4238124991580955e-06
2012,E02004076,E07000035,6658,97155,15,2298,0.006527415143603133,43.45953002610966,female,50-54,202,0.030339441273655753,0.00019803812841811847,0.0001543924656476764,4.684181144612591e-06
2012,E02004076,E07000035,6658,97155,15,2298,0.006527415143603133,43.45953002610966,male,50-54,225,0.03379393211174527,0.00022058702422810228,0.0001543924656476764,5.21752850266254e-06
2012,E02005830,E07000170,6081,97155,17,2266,0.007502206531332745,45.620917917034426,female,50-54,230,0.03782272652524256,0.000283753905970487,0.00017497812773403323,6.6181498731833e-06
2012,E02005830,E07000170,6081,97155,17,2266,0.007502206531332745,45.620917917034426,male,50-54,251,0.04127610590363427,0.0003096618712982271,0.00017497812773403323,7.222415731169601e-06
2012,E02002808,E06000015,12033,97155,18,3850,0.004675324675324675,56.25818181818182,female,50-54,226,0.01878168370314967,8.781046926147899e-05,0.00018527095877721167,3.479700547132871e-06
2012,E02002808,E06000015,12033,97155,18,3850,0.004675324675324675,56.25818181818182,male,50-54,280,0.02326934264107039,0.00010879173182838104,0.00018527095877721167,4.311133421226566e-06
2012,E02005884,E07000174,6034,97155,18,2478,0.007263922518159807,43.83050847457627,female,50-54,265,0.04391779913821677,0.00031901549010811216,0.00018527095877721167,8.136692753722422e-06
2012,E02005884,E07000174,6034,97155,18,2478,0.007263922518159807,43.83050847457627,male,50-54,252,0.04176334106728538,0.0003033656736122425,0.00018527095877721167,7.737534241275661e-06
2012,E02005892,E07000174,11677,97155,19,4381,0.004336909381419767,50.64209084683862,female,50-54,416,0.03562558876423739,0.0001545049501302238,0.0001955637898203901,6.967075153316972e-06
2012,E02005892,E07000174,11677,97155,19,4381,0.004336909381419767,50.64209084683862,male,50-54,422,0.03613941937141389,0.00015673338691094818,0.0001955637898203901,7.067561814182121e-06
2012,E02005820,E07000170,5704,97155,24,2206,0.010879419764279238,62.056210335448775,female,50-54,211,0.036991584852734925,0.00040244697935885686,0.0002470279450362822,9.137955189806373e-06
2012,E02005820,E07000170,5704,97155,24,2206,0.010879419764279238,62.056210335448775,male,50-54,213,0.037342215988779806,0.00040626164267031523,0.0002470279450362822,9.224570878809277e-06
2012,E02005886,E07000174,10342,97155,26,4259,0.0061047194177036865,63.135008217891524,female,50-54,371,0.035873138657899824,0.00021899544613885783,0.0002676136071226391,9.60014003505116e-06
2012,E02005886,E07000174,10342,97155,26,4259,0.0061047194177036865,63.135008217891524,male,50-54,381,0.0368400696190292,0.00022489828835284322,0.0002676136071226391,9.858903917397553e-06
2012,E02004039,E07000032,8055,97155,27,2575,0.010485436893203883,84.46019417475728,female,50-54,293,0.036374922408441965,0.000381406953408906,0.0002779064381658175,1.0108825125088086e-05
2012,E02004039,E07000032,8055,97155,27,2575,0.010485436893203883,84.46019417475728,male,50-54,282,0.035009310986964616,0.00036708792102836685,0.0002779064381658175,9.729312919026758e-06
2012,E02005829,E07000170,6670,97155,27,2570,0.010505836575875487,70.0739299610895,female,50-54,222,0.03328335832083958,0.00034966952321504626,0.0002779064381658175,9.249659561141154e-06
2012,E02005829,E07000170,6670,97155,27,2570,0.010505836575875487,70.0739299610895,male,50-54,250,0.037481259370314844,0.0003937719856025295,0.0002779064381658175,1.041628328957337e-05
2012,E02005882,E07000174,7817,97155,29,3133,0.00925630386211299,72.35652729013725,female,50-54,322,0.04119227325060765,0.0003812881979788132,0.0002984921002521744,1.2295568156735338e-05
2012,E02005882,E07000174,7817,97155,29,3133,0.00925630386211299,72.35652729013725,male,50-54,312,0.03991301010617884,0.00036944694959437806,0.0002984921002521744,1.1913718213979584e-05
2012,E02005885,E07000174,8195,97155,34,3621,0.009389671361502348,76.94835680751174,female,50-54,293,0.035753508236729716,0.0003357136923636593,0.00034995625546806647,1.2512163862372603e-05
2012,E02005885,E07000174,8195,97155,34,3621,0.009389671361502348,76.94835680751174,male,50-54,300,0.036607687614399025,0.0003437341560037467,0.00034995625546806647,1.2811089278879797e-05
2012,E02005821,E07000170,6379,97155,34,2601,0.013071895424836602,83.38562091503269,female,50-54,208,0.032606991691487695,0.0004262351855096431,0.00034995625546806647,1.1411020714431389e-05
2012,E02005821,E07000170,6379,97155,34,2601,0.013071895424836602,83.38562091503269,male,50-54,195,0.030569054710769712,0.00039959548641529036,0.00034995625546806647,1.0697831919779426e-05
2012,E02004037,E07000032,7801,97155,43,2364,0.018189509306260575,141.89636209813875,female,50-54,285,0.03653377772080502,0.0006645314898454383,0.0004425917348566723,1.6169548062319137e-05
2012,E02004037,E07000032,7801,97155,43,2364,0.018189509306260575,141.89636209813875,male,50-54,323,0.04140494808357903,0.0007531356884914967,0.0004425917348566723,1.832548780396169e-05
2012,E02005881,E07000174,5693,97155,43,2422,0.017753922378199834,101.07308009909165,female,50-54,212,0.037238714210433864,0.00066113324155601,0.0004425917348566723,1.648154712622774e-05
2012,E02005881,E07000174,5693,97155,43,2422,0.017753922378199834,101.07308009909165,male,50-54,206,0.03618478833655366,0.0006424219233987645,0.0004425917348566723,1.6015088245296766e-05
2012,E02004038,E07000032,7843,97155,46,2744,0.016763848396501458,131.47886297376093,female,50-54,257,0.032768073441285225,0.0005493190154151313,0.0004734702279862076,1.551470720291411e-05
2012,E02004038,E07000032,7843,97155,46,2744,0.016763848396501458,131.47886297376093,male,50-54,278,0.03544562029835522,0.0005942050050015817,0.0004734702279862076,1.6782445923774793e-05
2012,E02004036,E07000032,9930,97155,53,3520,0.015056818181818182,149.51420454545453,female,50-54,323,0.032527693856998996,0.000489763572278678,0.0005455200452884565,1.774450902599914e-05
2012,E02004036,E07000032,9930,97155,53,3520,0.015056818181818182,149.51420454545453,male,50-54,326,0.03282980866062437,0.000494312459946901,0.0005455200452884565,1.790931870735517e-05
2012,E02004033,E07000032,8889,97155,87,3254,0.026736324523663185,237.65918869084206,female,50-54,333,0.03746203172460344,0.001001597037504763,0.0008954763007565231,3.3546361587571395e-05
2012,E02004033,E07000032,8889,97155,87,3254,0.026736324523663185,237.65918869084206,male,50-54,310,0.03487456406794915,0.0009324176625419718,0.0008954763007565231,3.122934562206347e-05
2012,E02004034,E07000032,7217,97155,77,2551,0.03018424147393179,217.83967071736572,female,50-54,263,0.03644173479285021,0.0010999661227163724,0.0007925479903247388,2.8881823674020547e-05
2012,E02004034,E07000032,7217,97155,77,2551,0.03018424147393179,217.83967071736572,male,50-54,265,0.036718858251350975,0.0011083308841058506,0.0007925479903247388,2.9101457314127168e-05
2012,E02004035,E07000032,6545,97155,85,2141,0.039701074264362445,259.8435310602522,female,50-54,254,0.038808250572956456,0.0015407292380669305,0.0008748906386701663,3.395297512944572e-05
2012,E02004035,E07000032,6545,97155,85,2141,0.039701074264362445,259.8435310602522,male,50-54,258,0.03941940412528648,0.001564992690634914,0.0008748906386701663,3.448766765116928e-05
2012,E02004043,E07000032,7034,97155,16,2595,0.006165703275529865,43.369556840077074,female,50-54,239,0.03397782200739267,0.0002094971684463517,0.00016468529669085483,5.595647698196518e-06
2012,E02004043,E07000032,7034,97155,16,2595,0.006165703275529865,43.369556840077074,male,50-54,257,0.03653682115439295,0.00022527519786908945,0.00016468529669085483,6.017077231951904e-06
2012,E02002820,E06000015,9785,97155,11,3613,0.003044561306393579,29.791032383061168,female,50-54,295,0.030148185998978026,9.178800055044514e-05,0.00011322114147496269,3.4134120322037807e-06
2012,E02002820,E06000015,9785,97155,11,3613,0.003044561306393579,29.791032383061168,male,50-54,336,0.0343382728666326,0.00010454497689813413,0.00011322114147496269,3.887818450238883e-06
2012,E02002801,E06000015,7589,97155,9,2732,0.003294289897510981,25.000366032210835,female,50-54,265,0.03491896165502701,0.0001150331826117288,9.263547938860583e-05,3.234734752665772e-06
2012,E02002801,E06000015,7589,97155,9,2732,0.003294289897510981,25.000366032210835,male,50-54,239,0.03149295032283568,0.00010374690809133277,9.263547938860583e-05,2.9173645505174323e-06
2012,E02002816,E06000015,9479,97155,9,2797,0.0032177332856632105,30.50089381480157,female,50-54,345,0.03639624432957063,0.0001171134068523903,9.263547938860583e-05,3.371583541414602e-06
2012,E02002816,E06000015,9479,97155,9,2797,0.0032177332856632105,30.50089381480157,male,50-54,339,0.035763266167317224,0.00011507665195060958,9.263547938860583e-05,3.312947305911739e-06
2012,E02002803,E06000015,7912,97155,8,2208,0.0036231884057971015,28.666666666666668,female,50-54,153,0.019337714863498483,7.006418428803798e-05,8.234264834542741e-05,1.5923186548092005e-06
2012,E02002803,E06000015,7912,97155,8,2208,0.0036231884057971015,28.666666666666668,male,50-54,193,0.024393326592517695,8.838161808883222e-05,8.234264834542741e-05,2.0086111135828477e-06
2012,E02004084,E07000036,6139,97155,8,2240,0.0035714285714285713,21.925,female,50-54,209,0.03404463267633165,0.0001215879738440416,8.234264834542741e-05,2.8033252165164245e-06
2012,E02004084,E07000036,6139,97155,8,2240,0.0035714285714285713,21.925,male,50-54,195,0.031764130965955366,0.00011344332487841202,8.234264834542741e-05,2.615542666127764e-06
2012,E02002825,E06000015,8582,97155,8,3211,0.002491435689816257,21.381501090003116,female,50-54,241,0.028082032160335585,6.9964577166828e-05,8.234264834542741e-05,2.3123488990034965e-06
2012,E02002825,E06000015,8582,97155,8,3211,0.002491435689816257,21.381501090003116,male,50-54,270,0.031461197855977625,7.838355118275335e-05,8.234264834542741e-05,2.5905983515806803e-06
2012,E02004083,E07000036,7917,97155,8,2488,0.003215434083601286,25.456591639871384,female,50-54,246,0.031072375899962108,9.991117652720935e-05,8.234264834542741e-05,2.5585817219875134e-06
2012,E02004083,E07000036,7917,97155,8,2488,0.003215434083601286,25.456591639871384,male,50-54,292,0.036882657572312745,0.00011859375425180947,8.234264834542741e-05,3.0370157025217637e-06
2012,E02006872,E07000037,12346,97155,354,4893,0.07234825260576333,893.2115266707541,female,55-59,433,0.03507208812570873,0.0025374042911303677,0.003643662189285163,0.00012779084140292202
2012,E02006872,E07000037,12346,97155,354,4893,0.07234825260576333,893.2115266707541,male,55-59,440,0.035639073384092015,0.0025784246838276258,0.003643662189285163,0.0001298567441507753
2012,E02004103,E07000037,7137,97155,89,3114,0.028580603725112397,203.97976878612718,female,55-59,189,0.02648171500630517,0.0007568634025565704,0.0009160619628428799,2.4258891828121664e-05
2012,E02004103,E07000037,7137,97155,89,3114,0.028580603725112397,203.97976878612718,male,55-59,197,0.02760263416001121,0.0007888999486965311,0.0009160619628428799,2.5285723228253797e-05
2012,E02004097,E07000037,7704,97155,29,2762,0.010499637943519189,80.88921071687183,female,55-59,254,0.03296988577362409,0.00034617186366223704,0.0002984921002521744,9.84125044964334e-06
2012,E02004097,E07000037,7704,97155,29,2762,0.010499637943519189,80.88921071687183,male,55-59,287,0.0372533748701973,0.0003911469483112678,0.0002984921002521744,1.1119838106486767e-05
2012,E02004102,E07000037,8625,97155,96,3736,0.02569593147751606,221.627408993576,female,55-59,248,0.028753623188405797,0.0007388511311795921,0.000988111780145129,2.8411793794317908e-05
2012,E02004102,E07000037,8625,97155,96,3736,0.02569593147751606,221.627408993576,male,55-59,297,0.034434782608695653,0.0008848338143562052,0.000988111780145129,3.402541434238879e-05
2012,E02004098,E07000037,7341,97155,47,3145,0.014944356120826709,109.70651828298887,female,55-59,238,0.032420651137447215,0.0004845057562670967,0.00048376305902938604,1.568391336997601e-05
2012,E02004098,E07000037,7341,97155,47,3145,0.014944356120826709,109.70651828298887,male,55-59,248,0.03378286337011306,0.0005048631409842016,0.00048376305902938604,1.634290132669769e-05
2012,E02004104,E07000037,7167,97155,84,2895,0.029015544041450778,207.95440414507772,female,55-59,239,0.03334728617273615,0.0009675896506078882,0.0008645978076269878,2.8831990515257437e-05
2012,E02004104,E07000037,7167,97155,84,2895,0.029015544041450778,207.95440414507772,male,55-59,247,0.03446351332496163,0.0009999775887035499,0.0008645978076269878,2.9797078063885305e-05
2012,E02004100,E07000037,7641,97155,54,3050,0.017704918032786884,135.28327868852458,female,55-59,267,0.03494307027875933,0.0006186641950993454,0.000555812876331635,1.942180839949569e-05
2012,E02004100,E07000037,7641,97155,54,3050,0.017704918032786884,135.28327868852458,male,55-59,303,0.03965449548488418,0.000702079592191392,0.000555812876331635,2.204047919493331e-05
2012,E02004068,E07000035,7531,97155,1163,2634,0.4415337889141989,3325.190964312832,female,55-59,294,0.0390386402868145,0.017236878759895696,0.011970562503216509,0.00046731448359389906
2012,E02004068,E07000035,7531,97155,1163,2634,0.4415337889141989,3325.190964312832,male,55-59,245,0.032532200239012085,0.014364065633246414,0.011970562503216509,0.0003894287363282492
2012,E02006210,E07000198,5452,97155,24,1854,0.012944983818770227,70.57605177993528,female,55-59,216,0.03961848862802641,0.0005128606942139341,0.0002470279450362822,9.78687383122468e-06
2012,E02006210,E07000198,5452,97155,24,1854,0.012944983818770227,70.57605177993528,male,55-59,226,0.04145267791636097,0.0005366042448719866,0.0002470279450362822,1.0239969841929527e-05
2012,E02006204,E07000198,7282,97155,11,2851,0.003858295334970186,28.096106629252894,female,55-59,211,0.028975556165888493,0.00011179625318301418,0.00011322114147496269,3.2806455439737886e-06
2012,E02006204,E07000198,7282,97155,11,2851,0.003858295334970186,28.096106629252894,male,55-59,225,0.030898104916231805,0.00011921401405771654,0.00011322114147496269,3.4983187080289216e-06
2012,E02004070,E07000035,6373,97155,1527,2452,0.6227569331158238,3968.829934747145,female,55-59,273,0.04283696846069355,0.026677019102560786,0.015717153002933457,0.0006732751874785553
2012,E02004070,E07000035,6373,97155,1527,2452,0.6227569331158238,3968.829934747145,male,55-59,246,0.038600345206339245,0.02403863259791192,0.015717153002933457,0.0006066875315740829
2012,E02006803,E08000019,8747,97155,441,3080,0.1431818181818182,1252.4113636363636,female,55-59,233,0.026637704355779123,0.003814034941850193,0.004539138490041686,0.00012091222912766809
2012,E02006803,E08000019,8747,97155,441,3080,0.1431818181818182,1252.4113636363636,male,55-59,285,0.032582599748485194,0.004665235873078562,0.004539138490041686,0.0001478969326239717
2012,E02006869,E08000019,11118,97155,31,4236,0.007318224740321058,81.36402266288952,female,55-59,296,0.026623493434070875,0.00019483670832299272,0.0003190777623385312,8.494964710577912e-06
2012,E02006869,E08000019,11118,97155,31,4236,0.007318224740321058,81.36402266288952,male,55-59,310,0.02788271271811477,0.00020405195804097212,0.0003190777623385312,8.896753582024165e-06
2012,E02006868,E08000019,12500,97155,11,4482,0.0024542614904060687,30.67826863007586,female,55-59,264,0.02112,5.183400267737617e-05,0.00011322114147496269,2.391230507951212e-06
2012,E02006868,E08000019,12500,97155,11,4482,0.0024542614904060687,30.67826863007586,male,55-59,249,0.01992,4.888888888888889e-05,0.00011322114147496269,2.255365138181257e-06
2012,E02004105,E07000038,9450,97155,1852,3263,0.5675758504443763,5363.591786699356,female,55-59,335,0.035449735449735446,0.02012041374591175,0.019062323091966444,0.0006757543106675934
2012,E02004105,E07000038,9450,97155,1852,3263,0.5675758504443763,5363.591786699356,male,55-59,366,0.03873015873015873,0.021982302779115528,0.019062323091966444,0.0007382867991174305
2012,E02001634,E08000019,9260,97155,11,3128,0.003516624040920716,32.56393861892583,female,55-59,248,0.02678185745140389,9.418172377411853e-05,0.00011322114147496269,3.0322724714676837e-06
2012,E02001634,E08000019,9260,97155,11,3128,0.003516624040920716,32.56393861892583,male,55-59,246,0.0265658747300216,9.342219374368208e-05,0.00011322114147496269,3.007818661213912e-06
2012,E02001669,E08000019,7690,97155,45,2629,0.017116774438950173,131.62799543552683,female,55-59,233,0.030299089726918076,0.0005186226845611691,0.0004631773969430292,1.4033853509457191e-05
2012,E02001669,E08000019,7690,97155,45,2629,0.017116774438950173,131.62799543552683,male,55-59,204,0.026527958387516256,0.0004540730800449721,0.0004631773969430292,1.2287150712142777e-05
2012,E02001660,E08000019,9889,97155,23,3458,0.006651243493348756,65.77414690572586,female,55-59,260,0.026291839417534633,0.00017487342585404759,0.0002367351139931038,6.2242016015984405e-06
2012,E02001660,E08000019,9889,97155,23,3458,0.006651243493348756,65.77414690572586,male,55-59,252,0.025482859743148952,0.00016949270505853842,0.0002367351139931038,6.032687706164643e-06
2012,E02001653,E08000019,7439,97155,9,2991,0.003009027081243731,22.384152457372114,female,55-59,152,0.020432853878209437,6.148301066662819e-05,9.263547938860583e-05,1.892807214285265e-06
2012,E02001653,E08000019,7439,97155,9,2991,0.003009027081243731,22.384152457372114,male,55-59,148,0.019895147197203925,5.9865036701716926e-05,9.263547938860583e-05,1.8429964981198634e-06
2012,E02001662,E08000019,7588,97155,15,3172,0.004728877679697352,35.8827238335435,female,55-59,239,0.031497100685292566,0.00014894593640586018,0.0001543924656476764,4.862915035555437e-06
2012,E02001662,E08000019,7588,97155,15,3172,0.004728877679697352,35.8827238335435,male,55-59,209,0.02754348972061149,0.00013024979376077313,0.0001543924656476764,4.252507290506638e-06
2012,E02001655,E08000019,7681,97155,14,3228,0.004337050805452293,33.31288723667906,female,55-59,204,0.026559041791433407,0.00011518791359357737,0.00014409963460449796,3.827148217591144e-06
2012,E02001655,E08000019,7681,97155,14,3228,0.004337050805452293,33.31288723667906,male,55-59,249,0.032417653951308426,0.00014059701218039592,0.00014409963460449796,4.671372089118604e-06
2012,E02001650,E08000019,9415,97155,10,2336,0.004280821917808219,40.30393835616438,female,55-59,100,0.010621348911311737,4.546810321623175e-05,0.00010292831043178426,1.0932374979477883e-06
2012,E02001650,E08000019,9415,97155,10,2336,0.004280821917808219,40.30393835616438,male,55-59,130,0.013807753584705257,5.9108534181101266e-05,0.00010292831043178426,1.4212087473321245e-06
2012,E02001627,E08000019,6085,97155,8,2236,0.0035778175313059034,21.77101967799642,female,55-59,167,0.02744453574363188,9.819154112211764e-05,8.234264834542741e-05,2.2598557557413934e-06
2012,E02001627,E08000019,6085,97155,8,2236,0.0035778175313059034,21.77101967799642,male,55-59,159,0.026129827444535743,9.348775472105812e-05,8.234264834542741e-05,2.1515991925921047e-06
2012,E02001656,E08000019,7888,97155,17,2300,0.007391304347826087,58.302608695652175,female,55-59,177,0.022439148073022313,0.0001658545727136432,0.00017497812773403323,3.926360117764184e-06
2012,E02001656,E08000019,7888,97155,17,2300,0.007391304347826087,58.302608695652175,male,55-59,180,0.02281947261663286,0.00016866566716641678,0.00017497812773403323,3.992908594336458e-06
2012,E02001666,E08000019,6153,97155,17,2708,0.006277695716395864,38.62666174298375,female,55-59,163,0.026491142532098163,0.00016630333199618493,0.00017497812773403323,4.635370521801953e-06
2012,E02001666,E08000019,6153,97155,17,2708,0.006277695716395864,38.62666174298375,male,55-59,171,0.02779132130667967,0.00017446545871992406,0.00017497812773403323,4.862873369497755e-06
2012,E02001678,E08000019,10006,97155,92,3559,0.025849957853329587,258.65467828041585,female,55-59,364,0.036378173096142316,0.0009403742413164072,0.0009469404559724152,3.444796381910445e-05
2012,E02001678,E08000019,10006,97155,92,3559,0.025849957853329587,258.65467828041585,male,55-59,344,0.034379372376574055,0.0008887053269583628,0.0009469404559724152,3.255521855431849e-05
2012,E02001680,E08000019,6098,97155,251,2873,0.08736512356421859,532.7525234946049,female,55-59,148,0.02427025254181699,0.0021203736122506318,0.002583500591837785,6.270221180583669e-05
2012,E02001680,E08000019,6098,97155,251,2873,0.08736512356421859,532.7525234946049,male,55-59,155,0.025418169891767792,0.0022206615533705938,0.002583500591837785,6.566785695881545e-05
2012,E02001642,E08000019,9800,97155,8,3907,0.002047606859482979,20.066547222933195,female,55-59,227,0.02316326530612245,4.7429260928840433e-05,8.234264834542741e-05,1.9073246096338798e-06
2012,E02001642,E08000019,9800,97155,8,3907,0.002047606859482979,20.066547222933195,male,55-59,240,0.024489795918367346,5.014547410978724e-05,8.234264834542741e-05,2.016554653357406e-06
2012,E02001665,E08000019,9466,97155,44,3159,0.013928458372902817,131.84678695789808,female,55-59,363,0.0383477709697866,0.0005341253316462838,0.00045288456589985077,1.7367113608878705e-05
2012,E02001665,E08000019,9466,97155,44,3159,0.013928458372902817,131.84678695789808,male,55-59,326,0.03443904500316924,0.0004796828047291695,0.00045288456589985077,1.5596911946265723e-05
2012,E02001664,E08000019,6233,97155,26,2407,0.01080182800166182,67.32779393435813,female,55-59,207,0.033210332103321034,0.0003587322952581416,0.0002676136071226391,8.887536767910523e-06
2012,E02001664,E08000019,6233,97155,26,2407,0.01080182800166182,67.32779393435813,male,55-59,202,0.03240815016845821,0.0003500672639717131,0.0002676136071226391,8.672861966753265e-06
2012,E02001659,E08000019,6120,97155,10,2607,0.0038358266206367474,23.475258918296895,female,55-59,189,0.030882352941176472,0.00011845935151966426,0.00010292831043178426,3.1786684103933377e-06
2012,E02001659,E08000019,6120,97155,10,2607,0.0038358266206367474,23.475258918296895,male,55-59,186,0.030392156862745098,0.00011657904435268546,0.00010292831043178426,3.1282133562601096e-06
2012,E02001636,E08000019,9739,97155,8,3457,0.0023141452126120912,22.537460225629157,female,55-59,165,0.01694219119006058,3.920669063363744e-05,8.234264834542741e-05,1.3950648913641568e-06
2012,E02001636,E08000019,9739,97155,8,3457,0.0023141452126120912,22.537460225629157,male,55-59,181,0.018585070335763426,4.3008551543565924e-05,8.234264834542741e-05,1.5303439111328024e-06
2012,E02001679,E08000019,6324,97155,179,2654,0.06744536548605878,426.5244913338357,female,55-59,180,0.028462998102466792,0.0019196973098498703,0.0018424167567289383,5.244070465072879e-05
2012,E02001679,E08000019,6324,97155,179,2654,0.06744536548605878,426.5244913338357,male,55-59,155,0.024509803921568627,0.001653072683481833,0.0018424167567289383,4.5157273449238684e-05
2012,E02001681,E08000019,7453,97155,157,2675,0.05869158878504673,437.4284112149533,female,55-59,231,0.030994230511203542,0.0018191006318725072,0.0016159744737790128,5.008588534052757e-05
2012,E02001681,E08000019,7453,97155,157,2675,0.05869158878504673,437.4284112149533,male,55-59,217,0.029115792298403328,0.0017088521087287188,0.0016159744737790128,4.7050377138071354e-05
2012,E02001657,E08000019,8992,97155,11,2789,0.003944065973467192,35.465041233417,female,55-59,271,0.030137900355871886,0.00011886586730533909,0.00011322114147496269,3.4122474799504994e-06
2012,E02001657,E08000019,8992,97155,11,2789,0.003944065973467192,35.465041233417,male,55-59,281,0.03125,0.00012325206167084976,0.00011322114147496269,3.538160671092584e-06
2012,E02001671,E08000019,5902,97155,28,2247,0.012461059190031152,73.54517133956386,female,55-59,215,0.03642832937987123,0.0004539355685965262,0.0002881992692089959,1.0498617905783482e-05
2012,E02001671,E08000019,5902,97155,28,2247,0.012461059190031152,73.54517133956386,male,55-59,217,0.0367671975601491,0.00045815822504858693,0.0002881992692089959,1.0596279467697749e-05
2012,E02001652,E08000019,12526,97155,8,2986,0.0026791694574681848,33.55927662424648,female,55-59,116,0.009260737665655437,2.481108550744926e-05,8.234264834542741e-05,7.6255366502232e-07
2012,E02001652,E08000019,12526,97155,8,2986,0.0026791694574681848,33.55927662424648,male,55-59,114,0.009101069774868274,2.4383308171113926e-05,8.234264834542741e-05,7.494061880391765e-07
2012,E02001673,E08000019,5543,97155,43,1955,0.021994884910485932,121.91764705882352,female,55-59,183,0.03301461302543749,0.0007261526138587274,0.0004425917348566723,1.461199485455007e-05
2012,E02001673,E08000019,5543,97155,43,1955,0.021994884910485932,121.91764705882352,male,55-59,207,0.03734439834024896,0.0008213857435451178,0.0004425917348566723,1.652832204858942e-05
2012,E02001661,E08000019,7877,97155,14,3256,0.0042997542997543,33.86916461916462,female,55-59,204,0.02589818458804113,0.00011135583053826039,0.00014409963460449796,3.7319189360565673e-06
2012,E02001661,E08000019,7877,97155,14,3256,0.0042997542997543,33.86916461916462,male,55-59,171,0.02170877237526977,9.334238736295356e-05,0.00014409963460449796,3.128226166988593e-06
2012,E02001649,E08000019,9557,97155,9,4107,0.002191380569758948,20.943024105186268,female,55-59,255,0.026682013184053572,5.847044525358708e-05,9.263547938860583e-05,2.471701082357904e-06
2012,E02001649,E08000019,9557,97155,9,4107,0.002191380569758948,20.943024105186268,male,55-59,215,0.022496599351260856,4.92986107040048e-05,9.263547938860583e-05,2.0839832655174482e-06
2012,E02001676,E08000019,5995,97155,109,2168,0.050276752767527674,301.4091328413284,female,55-59,222,0.03703085904920767,0.0018617913451861791,0.0011219185837064484,4.154560893792019e-05
2012,E02001676,E08000019,5995,97155,109,2168,0.050276752767527674,301.4091328413284,male,55-59,191,0.03185988323603003,0.0016018114726601813,0.0011219185837064484,3.5744195077219625e-05
2012,E02001651,E08000019,8119,97155,13,2920,0.004452054794520548,36.146232876712325,female,55-59,286,0.03522601305579505,0.00015682814031689577,0.00013380680356131955,4.713480209205246e-06
2012,E02001651,E08000019,8119,97155,13,2920,0.004452054794520548,36.146232876712325,male,55-59,267,0.03288582337726321,0.00014640948763850058,0.00013380680356131955,4.400346908593709e-06
2012,E02001674,E08000019,8647,97155,130,3282,0.039609993906154786,342.50761730652044,female,55-59,303,0.035041054701052385,0.0013879759631739215,0.0013380680356131953,4.688731522965169e-05
2012,E02001674,E08000019,8647,97155,130,3282,0.039609993906154786,342.50761730652044,male,55-59,306,0.03538799583670637,0.0014017182994429701,0.0013380680356131953,4.735154607350963e-05
2012,E02001618,E08000019,9708,97155,8,3293,0.0024293956878226543,23.584573337382327,female,55-59,322,0.03316852080758138,8.057946142139418e-05,8.234264834542741e-05,2.731183844996665e-06
2012,E02001618,E08000019,9708,97155,8,3293,0.0024293956878226543,23.584573337382327,male,55-59,296,0.030490317264112072,7.40730452817785e-05,8.234264834542741e-05,2.5106534724192946e-06
2012,E02001672,E08000019,6175,97155,39,2203,0.017703132092601,109.31684067181118,female,55-59,172,0.02785425101214575,0.0004931074850084813,0.0004014204106839586,1.1181264880589617e-05
2012,E02001672,E08000019,6175,97155,39,2203,0.017703132092601,109.31684067181118,male,55-59,196,0.03174089068825911,0.00056191318059106,0.0004014204106839586,1.274144137555561e-05
2012,E02001675,E08000019,9063,97155,141,3730,0.03780160857908847,342.59597855227884,female,55-59,307,0.033873993158998125,0.0012804914304071677,0.001451289177088158,4.916095965641228e-05
2012,E02001675,E08000019,9063,97155,141,3730,0.03780160857908847,342.59597855227884,male,55-59,296,0.03266026701975063,0.0012346106299691258,0.001451289177088158,4.7399492046573406e-05
2012,E02001670,E08000019,6002,97155,19,2500,0.0076,45.6152,female,55-59,137,0.02282572475841386,0.00017347550816394536,0.0001955637898203901,4.463885239152523e-06
2012,E02001670,E08000019,6002,97155,19,2500,0.0076,45.6152,male,55-59,125,0.020826391202932355,0.0001582805731422859,0.0001955637898203901,4.072887991927485e-06
2012,E02001639,E08000019,6154,97155,8,2044,0.003913894324853229,24.08610567514677,female,55-59,117,0.019012024699382516,7.441105557488264e-05,8.234264834542741e-05,1.5655004641558349e-06
2012,E02001639,E08000019,6154,97155,8,2044,0.003913894324853229,24.08610567514677,male,55-59,105,0.017062073448163795,6.677915243899724e-05,8.234264834542741e-05,1.4049363139860054e-06
2012,E02001663,E08000019,7671,97155,36,2525,0.014257425742574258,109.36871287128713,female,55-59,200,0.026072220049537218,0.00037172274130033264,0.00037054191755442334,9.660850412056403e-06
2012,E02001663,E08000019,7671,97155,36,2525,0.014257425742574258,109.36871287128713,male,55-59,196,0.025550775648546475,0.00036428828647432597,0.00037054191755442334,9.467633403815276e-06
2012,E02005888,E07000174,8284,97155,13,3488,0.0037270642201834864,30.875,female,55-59,204,0.024625784645098986,9.178188084469233e-05,0.00013380680356131955,3.295097528550119e-06
2012,E02005888,E07000174,8284,97155,13,3488,0.0037270642201834864,30.875,male,55-59,238,0.028730082085948818,0.00010707886098547438,0.00013380680356131955,3.844280449975139e-06
2012,E02005887,E07000174,9349,97155,23,4120,0.00558252427184466,52.19101941747572,female,55-59,225,0.024066745106428495,0.00013435318870093577,0.0002367351139931038,5.697443646213323e-06
2012,E02005887,E07000174,9349,97155,23,4120,0.00558252427184466,52.19101941747572,male,55-59,244,0.026099048026526902,0.0001456985690801259,0.0002367351139931038,6.178561109671337e-06
2012,E02005880,E07000174,6267,97155,70,2630,0.026615969581749048,166.8022813688213,female,55-59,181,0.028881442476464018,0.0007687075944306012,0.0007204981730224899,2.080902653854646e-05
2012,E02005880,E07000174,6267,97155,70,2630,0.026615969581749048,166.8022813688213,male,55-59,187,0.02983883835966172,0.000794189614135483,0.0007204981730224899,2.1498828523249658e-05
2012,E02005824,E07000170,9785,97155,37,3726,0.009930220075147612,97.16720343531938,female,55-59,283,0.028921819110884005,0.0002872000287446882,0.00038083474859760175,1.1014433710078824e-05
2012,E02005824,E07000170,9785,97155,37,3726,0.009930220075147612,97.16720343531938,male,55-59,295,0.030148185998978026,0.00029937812183633577,0.00038083474859760175,1.1481476835594534e-05
2012,E02005819,E07000170,6111,97155,44,2362,0.018628281117696866,113.83742591024554,female,55-59,210,0.03436426116838488,0.0006401471174466277,0.00045288456589985077,1.5563043501713086e-05
2012,E02005819,E07000170,6111,97155,44,2362,0.018628281117696866,113.83742591024554,male,55-59,203,0.033218785796105384,0.0006188088801984068,0.00045288456589985077,1.5044275384989315e-05
2012,E02005891,E07000174,6437,97155,13,2886,0.0045045045045045045,28.995495495495494,female,55-59,179,0.027807985086220288,0.00012526119408207338,0.00013380680356131955,3.7208975978679817e-06
2012,E02005891,E07000174,6437,97155,13,2886,0.0045045045045045045,28.995495495495494,male,55-59,204,0.03169178188597173,0.0001427557742611339,0.00013380680356131955,4.240576033324405e-06
2012,E02005825,E07000170,8073,97155,18,3312,0.005434782608695652,43.875,female,55-59,239,0.029604855691812215,0.0001608959548468055,0.00018527095877721167,5.484919998483041e-06
2012,E02005825,E07000170,8073,97155,18,3312,0.005434782608695652,43.875,male,55-59,242,0.029976464759073455,0.00016291556934279052,0.00018527095877721167,5.553768366664836e-06
2012,E02004029,E07000032,6402,97155,379,2746,0.13801893663510562,883.5972323379461,female,55-59,215,0.03358325523273977,0.004635125175968089,0.0039009829653646236,0.00013100770658441022
2012,E02004029,E07000032,6402,97155,379,2746,0.13801893663510562,883.5972323379461,male,55-59,208,0.032489846922836615,0.004484214123727268,0.0039009829653646236,0.00012674233939328987
2012,E02004054,E07000033,8677,97155,295,3267,0.09029690847872666,783.5062748699113,female,55-59,281,0.03238446467673159,0.002924217043047389,0.003036385157737636,9.833170788570655e-05
2012,E02004054,E07000033,8677,97155,295,3267,0.09029690847872666,783.5062748699113,male,55-59,269,0.031001498213668318,0.0027993394469030164,0.003036385157737636,9.413248904361231e-05
2012,E02004050,E07000033,7057,97155,1059,3002,0.35276482345103266,2489.4613590939375,female,55-59,185,0.02621510556893864,0.009247767087776823,0.010900108074725953,0.0002857474838917814
2012,E02004050,E07000033,7057,97155,1059,3002,0.35276482345103266,2489.4613590939375,male,55-59,187,0.026498512115629872,0.009347742948185222,0.010900108074725953,0.00028883664587980065
2012,E02004051,E07000033,9152,97155,1124,3894,0.2886492039034412,2641.7175141242938,female,55-59,283,0.030922202797202796,0.008925669220353349,0.01156914209253255,0.00035774335797494666
2012,E02004051,E07000033,9152,97155,1124,3894,0.2886492039034412,2641.7175141242938,male,55-59,275,0.030048076923076924,0.008673353482675516,0.01156914209253255,0.0003476304715304252
2012,E02004049,E07000033,7821,97155,2582,3223,0.801116971765436,6265.535836177474,female,55-59,291,0.03720751822017645,0.02980757432345504,0.026576089753486697,0.000988830343723901
2012,E02004049,E07000033,7821,97155,2582,3223,0.801116971765436,6265.535836177474,male,55-59,287,0.036696074670758215,0.02939784821591614,0.026576089753486697,0.0009752381740507201
2012,E02004117,E07000038,7364,97155,2215,2973,0.7450386814665321,5486.464850319542,female,55-59,255,0.0346279196089082,0.025799139567350037,0.022798620760640213,0.0007894688068934349
2012,E02004117,E07000038,7364,97155,2215,2973,0.7450386814665321,5486.464850319542,male,55-59,250,0.03394894079304726,0.025293274085637293,0.022798620760640213,0.0007739890263661126
2012,E02004112,E07000038,6508,97155,2022,2401,0.8421491045397751,5480.706372344856,female,55-59,210,0.0322679778733866,0.027174448671381805,0.020812104369306778,0.0006715645232874037
2012,E02004112,E07000038,6508,97155,2022,2401,0.8421491045397751,5480.706372344856,male,55-59,236,0.03626306084818685,0.03053890422117193,0.020812104369306778,0.000754710607122987
2012,E02004052,E07000033,7869,97155,1852,3077,0.601884952876178,4736.232694182645,female,55-59,258,0.03278688524590164,0.019733932881186165,0.019062323091966444,0.0006249941997366048
2012,E02004052,E07000033,7869,97155,1852,3077,0.601884952876178,4736.232694182645,male,55-59,265,0.03367645189986021,0.02026934966478424,0.019062323091966444,0.0006419514067062026
2012,E02004061,E07000034,7216,97155,2534,2904,0.8725895316804407,6296.60606060606,female,55-59,218,0.030210643015521066,0.026361490840678504,0.026082033863414133,0.0007879550141663361
2012,E02004061,E07000034,7216,97155,2534,2904,0.8725895316804407,6296.60606060606,male,55-59,233,0.032289356984478934,0.028175354889349042,0.026082033863414133,0.0008421721022970472
2012,E02004111,E07000038,5498,97155,1933,2254,0.857586512866016,4715.010647737356,female,55-59,166,0.03019279738086577,0.025892935819526855,0.019896042406463896,0.0006007171770594774
2012,E02004111,E07000038,5498,97155,1933,2254,0.857586512866016,4715.010647737356,male,55-59,180,0.032739177882866496,0.028076677394667675,0.019896042406463896,0.0006513800715102767
2012,E02004062,E07000034,7987,97155,2706,3135,0.8631578947368421,6894.042105263158,female,55-59,308,0.03856266432953549,0.03328566815812537,0.02785240080284082,0.0010740627829316355
2012,E02004062,E07000034,7987,97155,2706,3135,0.8631578947368421,6894.042105263158,male,55-59,313,0.03918868160761237,0.033826019913939104,0.02785240080284082,0.0010914988670701362
2012,E02004048,E07000033,6835,97155,2283,2771,0.8238902923132443,5631.290147961025,female,55-59,210,0.030724213606437453,0.02531338132930231,0.023498533271576347,0.0007219739556738892
2012,E02004048,E07000033,6835,97155,2283,2771,0.8238902923132443,5631.290147961025,male,55-59,215,0.03145574250182882,0.02591608088476189,0.023498533271576347,0.0007391638117613628
2012,E02004114,E07000038,7226,97155,2342,2813,0.8325630998933523,6016.100959829364,female,55-59,314,0.043454193191253807,0.03617835778667487,0.024105810303123875,0.0010474985379436614
2012,E02004114,E07000038,7226,97155,2342,2813,0.8325630998933523,6016.100959829364,male,55-59,320,0.04428452809299751,0.036869663986420255,0.024105810303123875,0.001067514433573158
2012,E02004059,E07000034,7158,97155,2641,3075,0.8588617886178862,6147.7326829268295,female,55-59,247,0.03450684548756636,0.029636611035012278,0.027183366785034222,0.0009380122374830194
2012,E02004059,E07000034,7158,97155,2641,3075,0.8588617886178862,6147.7326829268295,male,55-59,248,0.03464654931545124,0.029756597314506254,0.027183366785034222,0.0009418098578776874
2012,E02004073,E07000035,9138,97155,2604,3611,0.7211298809194129,6589.6848518415945,female,55-59,346,0.03786386517837601,0.027304764587231,0.02680253203643662,0.0010148474594667402
2012,E02004073,E07000035,9138,97155,2604,3611,0.7211298809194129,6589.6848518415945,male,55-59,343,0.03753556576931495,0.027068018073468883,0.02680253203643662,0.001006048204037838
2012,E02004063,E07000034,7940,97155,2649,3057,0.8665358194308145,6880.294406280667,female,55-59,272,0.03425692695214106,0.029684854267655107,0.02726570943337965,0.0009340394163575901
2012,E02004063,E07000034,7940,97155,2649,3057,0.8665358194308145,6880.294406280667,male,55-59,283,0.035642317380352645,0.03088534469759704,0.02726570943337965,0.0009718130692249926
2012,E02004072,E07000035,8613,97155,2654,3330,0.796996996996997,6864.5351351351355,female,55-59,338,0.03924300476024614,0.031276556947055036,0.027317173588595544,0.001072007973173725
2012,E02004072,E07000035,8613,97155,2654,3330,0.796996996996997,6864.5351351351355,male,55-59,305,0.035411587135725064,0.028222928606070365,0.027317173588595544,0.0009673444728342784
2012,E02004046,E07000033,6301,97155,1091,2510,0.4346613545816733,2738.8011952191237,female,55-59,211,0.03348674813521663,0.014555395304988585,0.011229478668107662,0.0003760387238487092
2012,E02004046,E07000033,6301,97155,1091,2510,0.4346613545816733,2738.8011952191237,male,55-59,224,0.03554991271226789,0.015452173214774611,0.011229478668107662,0.00039920698645550174
2012,E02004067,E07000034,6422,97155,2390,2772,0.8621933621933622,5537.005772005772,female,55-59,188,0.029274369355341015,0.0252401669405718,0.02459986619319644,0.0007201455690315992
2012,E02004067,E07000034,6422,97155,2390,2772,0.8621933621933622,5537.005772005772,male,55-59,191,0.029741513547181565,0.0256429355619639,0.02459986619319644,0.0007316372536438057
2012,E02004065,E07000034,8352,97155,2549,3047,0.8365605513619954,6986.953724975385,female,55-59,346,0.0414272030651341,0.03465636383755393,0.02623642632906181,0.0010869017612374745
2012,E02004065,E07000034,8352,97155,2549,3047,0.8365605513619954,6986.953724975385,male,55-59,328,0.039272030651340994,0.032853431614791005,0.02623642632906181,0.0010303577389765652
2012,E02004071,E07000035,5146,97155,1549,1961,0.7899031106578276,4064.8414074451807,female,55-59,181,0.035172949863972014,0.02778322250856331,0.01594359528588338,0.0005607832776418367
2012,E02004071,E07000035,5146,97155,1549,1961,0.7899031106578276,4064.8414074451807,male,55-59,187,0.03633890400310921,0.02870421330995215,0.01594359528588338,0.0005793727785581408
2012,E02004064,E07000034,8842,97155,3131,3617,0.8656345037323749,7653.940282001659,female,55-59,218,0.024655055417326398,0.021342266660671537,0.03222685399619165,0.0007945548712021918
2012,E02004064,E07000034,8842,97155,3131,3617,0.8656345037323749,7653.940282001659,male,55-59,250,0.02827414612078715,0.02447507644572424,0.03222685399619165,0.000911186778901596
2012,E02004055,E07000034,7186,97155,2530,2997,0.8441775108441775,6066.259592926259,female,55-59,217,0.03019760645699972,0.025492140252322087,0.026040862539241417,0.0007863717187608387
2012,E02004055,E07000034,7186,97155,2530,2997,0.8441775108441775,6066.259592926259,male,55-59,240,0.03339827442248817,0.02819407216846682,0.026040862539241417,0.0008697198732838769
2012,E02004057,E07000034,7721,97155,2725,3172,0.8590794451450189,6632.95239596469,female,55-59,212,0.027457583214609508,0.02358824535302992,0.02804796459266121,0.0007701293218034162
2012,E02004057,E07000034,7721,97155,2725,3172,0.8590794451450189,6632.95239596469,male,55-59,225,0.029141302940033673,0.025034694360527035,0.02804796459266121,0.0008173542330460785
2012,E02005847,E07000171,6740,97155,22,2812,0.007823613086770981,52.73115220483641,female,55-59,224,0.03323442136498516,0.000260013253922359,0.00022644228294992538,7.525678246407015e-06
2012,E02005847,E07000171,6740,97155,22,2812,0.007823613086770981,52.73115220483641,male,55-59,228,0.03382789317507418,0.0002646563477424011,0.00022644228294992538,7.660065357949998e-06
2012,E02004115,E07000038,8980,97155,2819,3379,0.8342704942290619,7491.749038176976,female,55-59,305,0.03396436525612472,0.02833546778840355,0.029015490710719984,0.0009854927245845873
2012,E02004115,E07000038,8980,97155,2819,3379,0.8342704942290619,7491.749038176976,male,55-59,353,0.03930957683741648,0.03279482009608673,0.029015490710719984,0.0011405866615683915
2012,E02005848,E07000171,6722,97155,116,2708,0.04283604135893648,287.94387001477105,female,55-59,244,0.03629872061886343,0.0015548934977061145,0.0011939684010086975,4.333952541596581e-05
2012,E02005848,E07000171,6722,97155,116,2708,0.04283604135893648,287.94387001477105,male,55-59,267,0.039720321332936626,0.0017014613274079205,0.0011939684010086975,4.7424808549438e-05
2012,E02004066,E07000034,11788,97155,3870,4535,0.8533627342888643,10059.439911797133,female,55-59,361,0.030624363759755684,0.026133690793881916,0.03983325613710051,0.0012198681256780865
2012,E02004066,E07000034,11788,97155,3870,4535,0.8533627342888643,10059.439911797133,male,55-59,339,0.028758059043094673,0.024541055897855872,0.03983325613710051,0.0011455271318694497
2012,E02004110,E07000038,7526,97155,1841,2781,0.6619920891765552,4982.152463142754,female,55-59,285,0.037868721764549564,0.02506879423535985,0.018949101950491484,0.0007175782694512455
2012,E02004110,E07000038,7526,97155,1841,2781,0.6619920891765552,4982.152463142754,male,55-59,279,0.037071485516874836,0.024541030146194378,0.018949101950491484,0.0007024713585154298
2012,E02004060,E07000034,7633,97155,2906,3387,0.8579864186595807,6549.010333628579,female,55-59,232,0.030394340364208045,0.026077931236607194,0.029910967011476507,0.0009091241119694157
2012,E02004060,E07000034,7633,97155,2906,3387,0.8579864186595807,6549.010333628579,male,55-59,238,0.031180400890868598,0.02675236049272635,0.029910967011476507,0.0009326359424513833
2012,E02006804,E07000038,8215,97155,2323,3176,0.7314231738035264,6008.641372795969,female,55-59,240,0.029214850882531954,0.021368418954698275,0.023910246513303483,0.0006985342864507408
2012,E02006804,E07000038,8215,97155,2323,3176,0.7314231738035264,6008.641372795969,male,55-59,226,0.02751065124771759,0.020121927849007543,0.023910246513303483,0.0006577864530744476
2012,E02001609,E08000018,8379,97155,15,3753,0.003996802557953637,33.489208633093526,female,55-59,316,0.03771333094641365,0.00015073273759557814,0.0001543924656476764,5.822654152603621e-06
2012,E02001609,E08000018,8379,97155,15,3753,0.003996802557953637,33.489208633093526,male,55-59,263,0.031387993794008834,0.0001254516138849274,0.0001543924656476764,4.846069753590988e-06
2012,E02005840,E07000171,9163,97155,27,3537,0.007633587786259542,69.94656488549619,female,55-59,222,0.024227872967368766,0.00018494559517075393,0.0002779064381658175,6.733081880695349e-06
2012,E02005840,E07000171,9163,97155,27,3537,0.007633587786259542,69.94656488549619,male,55-59,269,0.029357197424424317,0.00022410074369789553,0.0002779064381658175,8.158554170752473e-06
2012,E02005842,E07000171,8570,97155,8,3161,0.002530844669408415,21.689338816830116,female,55-59,267,0.03115519253208868,7.88489529442295e-05,8.234264834542741e-05,2.5654010628038646e-06
2012,E02005842,E07000171,8570,97155,8,3161,0.002530844669408415,21.689338816830116,male,55-59,270,0.03150525087514586,7.973489623573769e-05,8.234264834542741e-05,2.5942257938466047e-06
2012,E02004106,E07000038,6998,97155,1667,2703,0.6167221605623382,4315.821679615243,female,55-59,264,0.03772506430408688,0.023265883164969605,0.017158149348978437,0.0006472922875293381
2012,E02004106,E07000038,6998,97155,1667,2703,0.6167221605623382,4315.821679615243,male,55-59,238,0.03400971706201772,0.020974546186601384,0.017158149348978437,0.0005835438046666002
2012,E02001603,E08000018,6481,97155,11,2853,0.00385559060637925,24.988082719943918,female,55-59,209,0.03224810985958957,0.00012433550944811962,0.00011322114147496269,3.65116780871273e-06
2012,E02001603,E08000018,6481,97155,11,2853,0.00385559060637925,24.988082719943918,male,55-59,236,0.036414133621354726,0.00014039799152993412,0.00011322114147496269,4.122849774431599e-06
2012,E02006903,E07000171,11081,97155,27,4864,0.005550986842105263,61.51048519736842,female,55-59,389,0.03510513491562133,0.00019486814200694408,0.0002779064381658175,9.755943005730801e-06
2012,E02006903,E07000171,11081,97155,27,4864,0.005550986842105263,61.51048519736842,male,55-59,374,0.03375146647414493,0.00018735394629973542,0.0002779064381658175,9.379749830702621e-06
2012,E02001600,E08000018,10943,97155,12,4915,0.0024415055951169887,26.717395727365208,female,55-59,320,0.02924243808827561,7.139557620738705e-05,0.0001235139725181411,3.611849694398717e-06
2012,E02001600,E08000018,10943,97155,12,4915,0.0024415055951169887,26.717395727365208,male,55-59,328,0.0299734990404825,7.318046561257172e-05,0.0001235139725181411,3.7021459367586843e-06
2012,E02004108,E07000038,7577,97155,2137,3061,0.6981378634433192,5289.790591310029,female,55-59,236,0.031146891909726804,0.021744824570756674,0.021995779939272295,0.0006851001802386514
2012,E02004108,E07000038,7577,97155,2137,3061,0.6981378634433192,5289.790591310029,male,55-59,199,0.02626369275438828,0.018335678345680416,0.021995779939272295,0.0005776904062181848
2012,E02004116,E07000038,8093,97155,3114,3628,0.8583241455347299,6946.417309812569,female,55-59,211,0.026071913999752873,0.022378153306292847,0.03205187586845762,0.0008356537511731815
2012,E02004116,E07000038,8093,97155,3114,3628,0.8583241455347299,6946.417309812569,male,55-59,235,0.02903743976275794,0.024923535672885397,0.03205187586845762,0.0009307044148137329
2012,E02004069,E07000035,6731,97155,1423,2306,0.6170858629661752,4153.604943625325,female,55-59,261,0.0387758134006834,0.023928006274576096,0.014646698574442901,0.0005679376508586536
2012,E02004069,E07000035,6731,97155,1423,2306,0.6170858629661752,4153.604943625325,male,55-59,243,0.036101619373050065,0.022277798945294986,0.014646698574442901,0.0005287695370063326
2012,E02004109,E07000038,6688,97155,1567,2568,0.610202492211838,4081.0342679127725,female,55-59,263,0.03932416267942584,0.023995702071129395,0.016128866244660593,0.0006342541600397332
2012,E02004109,E07000038,6688,97155,1567,2568,0.610202492211838,4081.0342679127725,male,55-59,226,0.03379186602870814,0.020619880867206248,0.016128866244660593,0.0005450244873345236
2012,E02004056,E07000034,7708,97155,3030,3494,0.8672009158557528,6684.384659416142,female,55-59,222,0.028801245459263103,0.024976466440059304,0.03118727806083063,0.000898232450636274
2012,E02004056,E07000034,7708,97155,3030,3494,0.8672009158557528,6684.384659416142,male,55-59,232,0.03009859885832901,0.02610153249591783,0.03118727806083063,0.0009386933718361062
2012,E02004058,E07000034,7835,97155,3009,3480,0.8646551724137931,6774.573275862069,female,55-59,223,0.028462029355456286,0.024609840899588495,0.030971128608923884,0.0008815011716388036
2012,E02004058,E07000034,7835,97155,3009,3480,0.8646551724137931,6774.573275862069,male,55-59,236,0.030121250797702618,0.02604449530180666,0.030971128608923884,0.0009328891323172989
2012,E02005843,E07000171,6511,97155,23,2673,0.008604564160119716,56.024317246539475,female,55-59,171,0.026263246813085547,0.00022598379225625427,0.0002367351139931038,6.2174327281248265e-06
2012,E02005843,E07000171,6511,97155,23,2673,0.008604564160119716,56.024317246539475,male,55-59,200,0.03071724773460298,0.0002643085289546833,0.0002367351139931038,7.271851144005645e-06
2012,E02005846,E07000171,6659,97155,12,3337,0.003596044351213665,23.946059334731796,female,55-59,171,0.025679531461180356,9.234473405279122e-05,0.0001235139725181411,3.1717809431749706e-06
2012,E02005846,E07000171,6659,97155,12,3337,0.003596044351213665,23.946059334731796,male,55-59,191,0.028682985433248237,0.00010314528774317616,0.0001235139725181411,3.5427494745404647e-06
2012,E02001608,E08000018,6925,97155,12,3083,0.003892312682452157,26.954265325981186,female,55-59,210,0.03032490974729242,0.00011803403080360332,0.0001235139725181411,3.7455500691421853e-06
2012,E02001608,E08000018,6925,97155,12,3083,0.003892312682452157,26.954265325981186,male,55-59,201,0.029025270758122744,0.0001129754294834489,0.0001235139725181411,3.5850264947503773e-06
2012,E02001610,E08000018,8312,97155,39,3825,0.01019607843137255,84.74980392156863,female,55-59,267,0.03212223291626564,0.00032752080620506146,0.0004014204106839586,1.2894519929333127e-05
2012,E02001610,E08000018,8312,97155,39,3825,0.01019607843137255,84.74980392156863,male,55-59,234,0.02815206929740135,0.00028704070656173925,0.0004014204106839586,1.130081521896611e-05
2012,E02004113,E07000038,9224,97155,3474,4038,0.8603268945022289,7935.655274888559,female,55-59,275,0.029813529921942757,0.02564938161189429,0.03575729504400185,0.0010660511857220846
2012,E02004113,E07000038,9224,97155,3474,4038,0.8603268945022289,7935.655274888559,male,55-59,298,0.03230702515177797,0.02779460261943454,0.03575729504400185,0.0011552118303461134
2012,E02001605,E08000018,7380,97155,12,3095,0.0038772213247172858,28.613893376413568,female,55-59,216,0.02926829268292683,0.00011347964852831081,0.0001235139725181411,3.6150430980919352e-06
2012,E02001605,E08000018,7380,97155,12,3095,0.0038772213247172858,28.613893376413568,male,55-59,226,0.03062330623306233,0.00011873333596017704,0.0001235139725181411,3.78240620448508e-06
2012,E02001607,E08000018,8856,97155,12,4092,0.002932551319648094,25.970674486803517,female,55-59,325,0.036698283649503165,0.00010761960014517057,0.0001235139725181411,4.5327507981476815e-06
2012,E02001607,E08000018,8856,97155,12,4092,0.002932551319648094,25.970674486803517,male,55-59,297,0.03353658536585366,9.83477576711251e-05,0.0001235139725181411,4.142236883230342e-06
2012,E02004045,E07000033,9079,97155,2469,3220,0.7667701863354037,6961.50652173913,female,55-59,290,0.03194184381539817,0.02449205353422922,0.025412999845607534,0.0008117380719491337
2012,E02004045,E07000033,9079,97155,2469,3220,0.7667701863354037,6961.50652173913,male,55-59,293,0.03227227668245401,0.02474541960527297,0.025412999845607534,0.0008201353623486074
2012,E02001606,E08000018,8011,97155,10,3937,0.00254000508001016,20.347980695961393,female,55-59,255,0.03183123205592311,8.085149112502695e-05,0.00010292831043178426,3.276334934478216e-06
2012,E02001606,E08000018,8011,97155,10,3937,0.00254000508001016,20.347980695961393,male,55-59,238,0.029709149918861564,7.546139171669181e-05,0.00010292831043178426,3.057912605513001e-06
2012,E02005838,E07000171,8043,97155,11,3413,0.0032229709932610606,25.92235569879871,female,55-59,312,0.03879149571055576,0.00012502386546033207,0.00011322114147496269,4.392017423870242e-06
2012,E02005838,E07000171,8043,97155,11,3413,0.0032229709932610606,25.92235569879871,male,55-59,274,0.034066890463757306,0.00010979659979529163,0.00011322114147496269,3.857092224809124e-06
2012,E02004047,E07000033,5751,97155,756,2604,0.2903225806451613,1669.6451612903227,female,55-59,156,0.027125717266562335,0.007875208238679389,0.00778138026864289,0.00021107552111081392
2012,E02004047,E07000033,5751,97155,756,2604,0.2903225806451613,1669.6451612903227,male,55-59,139,0.024169709615719005,0.007017012469079711,0.00778138026864289,0.00018807370150258418
2012,E02005894,E07000175,10073,97155,18,4140,0.004347826086956522,43.79565217391304,female,55-59,294,0.029186935371785964,0.00012689971900776506,0.00018527095877721167,5.407491500099298e-06
2012,E02005894,E07000175,10073,97155,18,4140,0.004347826086956522,43.79565217391304,male,55-59,288,0.028591283629504617,0.00012430992882393312,0.00018527095877721167,5.2971345307095165e-06
2012,E02005889,E07000174,10157,97155,24,4422,0.005427408412483039,55.12618724559022,female,55-59,331,0.03258836270552328,0.0001768703538970056,0.0002470279450362822,8.050236271242435e-06
2012,E02005889,E07000174,10157,97155,24,4422,0.005427408412483039,55.12618724559022,male,55-59,305,0.03002855173771783,0.00016297721431597192,0.0002470279450362822,7.4178914281841166e-06
2012,E02004053,E07000033,7938,97155,492,3108,0.1583011583011583,1256.5945945945946,female,55-59,219,0.02758881330309902,0.00436734110203498,0.005064072873243786,0.00013971176105321103
2012,E02004053,E07000033,7938,97155,492,3108,0.1583011583011583,1256.5945945945946,male,55-59,235,0.029604434366339128,0.004686416251042101,0.005064072873243786,0.00014991901300230405
2012,E02004031,E07000032,7666,97155,164,3159,0.051915163026274136,397.98163975941753,female,55-59,221,0.028828593790764415,0.001496641146465769,0.001688024291081262,4.8663366596524775e-05
2012,E02004031,E07000032,7666,97155,164,3159,0.051915163026274136,397.98163975941753,male,55-59,217,0.028306809287764155,0.001469552618927927,0.001688024291081262,4.778258168075057e-05
2012,E02005883,E07000174,7845,97155,32,3272,0.009779951100244499,76.72371638141809,female,55-59,212,0.027023581899298918,0.00026428930952859575,0.00032937059338170965,8.900773205471313e-06
2012,E02005883,E07000174,7845,97155,32,3272,0.009779951100244499,76.72371638141809,male,55-59,240,0.030592734225621414,0.0002991954447493537,0.00032937059338170965,1.0076347025061862e-05
2012,E02005822,E07000170,9777,97155,24,3954,0.006069802731411229,59.34446130500759,female,55-59,247,0.025263373222870002,0.00015334369179283765,0.0002470279450362822,6.240759171930215e-06
2012,E02005822,E07000170,9777,97155,24,3954,0.006069802731411229,59.34446130500759,male,55-59,278,0.028434079983635063,0.00017258925634983346,0.0002470279450362822,7.024012347354655e-06
2012,E02004030,E07000032,5665,97155,510,2112,0.24147727272727273,1367.96875,female,55-59,213,0.03759929390997352,0.00907937494985156,0.005249343832020997,0.00019737162157466414
2012,E02004030,E07000032,5665,97155,510,2112,0.24147727272727273,1367.96875,male,55-59,234,0.041306266548985,0.009974524592794673,0.005249343832020997,0.00021683079553272964
2012,E02004032,E07000032,8284,97155,184,2974,0.06186953597848016,512.5272360457296,female,55-59,319,0.03850796716562047,0.0023824700600114886,0.0018938809119448303,7.292950397276689e-05
2012,E02004032,E07000032,8284,97155,184,2974,0.06186953597848016,512.5272360457296,male,55-59,292,0.035248672139063256,0.0021808189891014255,0.0018938809119448303,6.675678733557346e-05
2012,E02004075,E07000035,7458,97155,155,2523,0.06143479984145858,458.1807372175981,female,55-59,259,0.03472780906409225,0.0021334959987848985,0.0015953888116926561,5.540435803545159e-05
2012,E02004075,E07000035,7458,97155,155,2523,0.06143479984145858,458.1807372175981,male,55-59,305,0.04089568248860284,0.0025124180680671584,0.0015953888116926561,6.524451428885226e-05
2012,E02004074,E07000035,5875,97155,386,2042,0.1890303623898139,1110.5533790401566,female,55-59,215,0.03659574468085106,0.006917706878946381,0.003973032782666873,0.00014539609332312812
2012,E02004074,E07000035,5875,97155,386,2042,0.1890303623898139,1110.5533790401566,male,55-59,212,0.036085106382978724,0.006821180736449455,0.003973032782666873,0.00014336731062559608
2012,E02002806,E06000015,6527,97155,11,1899,0.005792522380200105,37.80779357556609,female,55-59,95,0.014554925693274092,8.430973282043972e-05,0.00011322114147496269,1.6479253010757554e-06
2012,E02002806,E06000015,6527,97155,11,1899,0.005792522380200105,37.80779357556609,male,55-59,124,0.018998008273326185,0.00011004638810246868,0.00011322114147496269,2.1509761824567757e-06
2012,E02002815,E06000015,7881,97155,11,2837,0.0038773352132534366,30.557278815650335,female,55-59,152,0.019286892526329147,7.478174754657053e-05,0.00011322114147496269,2.183683987335913e-06
2012,E02002815,E06000015,7881,97155,11,2837,0.0038773352132534366,30.557278815650335,male,55-59,135,0.01712980586220023,6.64179994657041e-05,0.00011322114147496269,1.9394561729628173e-06
2012,E02002811,E06000015,10268,97155,11,3874,0.002839442436757873,29.15539494062984,female,55-59,186,0.0181145305804441,5.1435166852061205e-05,0.00011322114147496269,2.0509478296009994e-06
2012,E02002811,E06000015,10268,97155,11,3874,0.002839442436757873,29.15539494062984,male,55-59,204,0.019867549668874173,5.641276364419616e-05,0.00011322114147496269,2.2494266518204507e-06
2012,E02004118,E07000039,6815,97155,10,2416,0.0041390728476821195,28.207781456953644,female,55-59,229,0.03360234776228907,0.0001390825652412627,0.00010292831043178426,3.4586328817136604e-06
2012,E02004118,E07000039,6815,97155,10,2416,0.0041390728476821195,28.207781456953644,male,55-59,225,0.03301540719002201,0.00013665317545538913,0.00010292831043178426,3.3982200802863475e-06
2012,E02006827,E07000032,7622,97155,12,2775,0.004324324324324324,32.96,female,55-59,219,0.028732616111256888,0.00012424915075138113,0.0001235139725181411,3.548879556740082e-06
2012,E02006827,E07000032,7622,97155,12,2775,0.004324324324324324,32.96,male,55-59,224,0.029388611912883757,0.00012708588935301084,0.0001235139725181411,3.629904204154239e-06
2012,E02005823,E07000170,7513,97155,13,3531,0.0036816765788728408,27.660436137071652,female,55-59,196,0.026088113935844537,9.604799806456499e-05,0.00013380680356131955,3.490767136698873e-06
2012,E02005823,E07000170,7513,97155,13,3531,0.0036816765788728408,27.660436137071652,male,55-59,181,0.0240915746040197,8.869738596778706e-05,0.00013380680356131955,3.223616590522939e-06
2012,E02005890,E07000174,6715,97155,13,2532,0.005134281200631911,34.47669826224328,female,55-59,233,0.03469843633655994,0.0001781515293741229,0.00013380680356131955,4.642886854771028e-06
2012,E02005890,E07000174,6715,97155,13,2532,0.005134281200631911,34.47669826224328,male,55-59,231,0.0344005956813105,0.0001766223316970918,0.00013380680356131955,4.6030337487214915e-06
2012,E02004040,E07000032,9078,97155,13,2840,0.004577464788732394,41.554225352112674,female,55-59,266,0.029301608283762944,0.00013412708017215431,0.00013380680356131955,3.920754543656202e-06
2012,E02004040,E07000032,9078,97155,13,2840,0.004577464788732394,41.554225352112674,male,55-59,268,0.02952192112800176,0.000135135554459163,0.00013380680356131955,3.9502339011273005e-06
2012,E02002821,E06000015,11377,97155,13,4175,0.0031137724550898203,35.425389221556884,female,55-59,215,0.01889777621517096,5.884337504125089e-05,0.00013380680356131955,2.5286510297691573e-06
2012,E02002821,E06000015,11377,97155,13,4175,0.0031137724550898203,35.425389221556884,male,55-59,201,0.017667223345345873,5.5011713410657805e-05,0.00013380680356131955,2.363994683644654e-06
2012,E02002824,E06000015,9562,97155,13,3558,0.0036537380550871277,34.93704328274311,female,55-59,299,0.03126960886843756,0.00011425095989030026,0.00013380680356131955,4.18408641129832e-06
2012,E02002824,E06000015,9562,97155,13,3558,0.0036537380550871277,34.93704328274311,male,55-59,250,0.026145157916753817,9.552755843670592e-05,0.00013380680356131955,3.4984000094467567e-06
2012,E02005827,E07000170,8446,97155,14,3234,0.004329004329004329,36.56277056277056,female,55-59,276,0.0326781908595785,0.00014146402969514502,0.00014409963460449796,4.708915362401307e-06
2012,E02005827,E07000170,8446,97155,14,3234,0.004329004329004329,36.56277056277056,male,55-59,281,0.033270187070802745,0.00014402678385628894,0.00014409963460449796,4.7942218001259674e-06
2012,E02002813,E06000015,10537,97155,14,4158,0.003367003367003367,35.47811447811448,female,55-59,167,0.015848913352946758,5.3363344622716354e-05,0.00014409963460449796,2.2838226230379764e-06
2012,E02002813,E06000015,10537,97155,14,4158,0.003367003367003367,35.47811447811448,male,55-59,187,0.017746986808389483,5.975416433801172e-05,0.00014409963460449796,2.55733431441977e-06
2012,E02004080,E07000036,9536,97155,15,3327,0.004508566275924256,42.993688007213706,female,55-59,265,0.027789429530201342,0.00012529048480703942,0.0001543924656476764,4.2904785441101345e-06
2012,E02004080,E07000036,9536,97155,15,3327,0.004508566275924256,42.993688007213706,male,55-59,292,0.030620805369127518,0.0001380559304288887,0.0001543924656476764,4.727621641057205e-06
2012,E02004076,E07000035,6658,97155,15,2298,0.006527415143603133,43.45953002610966,female,55-59,195,0.0292880744968459,0.0001911754209976886,0.0001543924656476764,4.521858035640867e-06
2012,E02004076,E07000035,6658,97155,15,2298,0.006527415143603133,43.45953002610966,male,55-59,172,0.025833583658756383,0.00016862652518770483,0.0001543924656476764,3.988510677590919e-06
2012,E02005830,E07000170,6081,97155,17,2266,0.007502206531332745,45.620917917034426,female,55-59,229,0.037658279888176285,0.00028252019333583267,0.00017497812773403323,6.5893753085172845e-06
2012,E02005830,E07000170,6081,97155,17,2266,0.007502206531332745,45.620917917034426,male,55-59,209,0.034369347146850845,0.00025784594064274684,0.00017497812773403323,6.013884015196998e-06
2012,E02002808,E06000015,12033,97155,18,3850,0.004675324675324675,56.25818181818182,female,55-59,169,0.014044710379788914,6.56635809964157e-05,0.00018527095877721167,2.6020769578117487e-06
2012,E02002808,E06000015,12033,97155,18,3850,0.004675324675324675,56.25818181818182,male,55-59,197,0.01637164464389595,7.65427541792538e-05,0.00018527095877721167,3.033190299934405e-06
2012,E02005884,E07000174,6034,97155,18,2478,0.007263922518159807,43.83050847457627,female,55-59,212,0.03513423931057342,0.00025521239208648974,0.00018527095877721167,6.509354202977937e-06
2012,E02005884,E07000174,6034,97155,18,2478,0.007263922518159807,43.83050847457627,male,55-59,216,0.035797149486244614,0.000260027720239065,0.00018527095877721167,6.632172206807709e-06
2012,E02005892,E07000174,11677,97155,19,4381,0.004336909381419767,50.64209084683862,female,55-59,358,0.030658559561531216,0.00013296339458322142,0.0001955637898203901,5.995704098287202e-06
2012,E02005892,E07000174,11677,97155,19,4381,0.004336909381419767,50.64209084683862,male,55-59,323,0.027661214353001628,0.00011996418002899588,0.0001955637898203901,5.409531909907168e-06
2012,E02005820,E07000170,5704,97155,24,2206,0.010879419764279238,62.056210335448775,female,55-59,173,0.030329593267882187,0.000329968376441148,0.0002470279450362822,7.4922570987511965e-06
2012,E02005820,E07000170,5704,97155,24,2206,0.010879419764279238,62.056210335448775,male,55-59,185,0.032433380084151475,0.00035285635630989817,0.0002470279450362822,8.011951232768621e-06
2012,E02005886,E07000174,10342,97155,26,4259,0.0061047194177036865,63.135008217891524,female,55-59,316,0.03055501837168826,0.0001865298139619382,0.0002676136071226391,8.176938682146002e-06
2012,E02005886,E07000174,10342,97155,26,4259,0.0061047194177036865,63.135008217891524,male,55-59,331,0.03200541481338232,0.00019538407728291628,0.0002676136071226391,8.56508450566559e-06
2012,E02004039,E07000032,8055,97155,27,2575,0.010485436893203883,84.46019417475728,female,55-59,236,0.029298572315332092,0.000307208331073385,0.0002779064381658175,8.14226187549757e-06
2012,E02004039,E07000032,8055,97155,27,2575,0.010485436893203883,84.46019417475728,male,55-59,257,0.0319056486654252,0.0003345446656180507,0.0002779064381658175,8.866785177978287e-06
2012,E02005829,E07000170,6670,97155,27,2570,0.010505836575875487,70.0739299610895,female,55-59,208,0.03118440779610195,0.00032761829202130455,0.0002779064381658175,8.666347696925044e-06
2012,E02005829,E07000170,6670,97155,27,2570,0.010505836575875487,70.0739299610895,male,55-59,201,0.030134932533733134,0.00031659267642443375,0.0002779064381658175,8.374691764816989e-06
2012,E02005882,E07000174,7817,97155,29,3133,0.00925630386211299,72.35652729013725,female,55-59,274,0.035051810157349365,0.0003244502057335243,0.0002984921002521744,1.046268843150771e-05
2012,E02005882,E07000174,7817,97155,29,3133,0.00925630386211299,72.35652729013725,male,55-59,289,0.03697070487399258,0.0003422120783101771,0.0002984921002521744,1.1035463345641345e-05
2012,E02005885,E07000174,8195,97155,34,3621,0.009389671361502348,76.94835680751174,female,55-59,305,0.03721781574130567,0.00034946305860380914,0.00034995625546806647,1.3024607433527793e-05
2012,E02005885,E07000174,8195,97155,34,3621,0.009389671361502348,76.94835680751174,male,55-59,290,0.035387431360585725,0.00033227635080362183,0.00034995625546806647,1.2384052969583804e-05
2012,E02005821,E07000170,6379,97155,34,2601,0.013071895424836602,83.38562091503269,female,55-59,165,0.02586612321680514,0.00033811925773601494,0.00034995625546806647,9.052011624428746e-06
2012,E02005821,E07000170,6379,97155,34,2601,0.013071895424836602,83.38562091503269,male,55-59,204,0.031979934158959084,0.000418038355019073,0.00034995625546806647,1.119157800838463e-05
2012,E02004037,E07000032,7801,97155,43,2364,0.018189509306260575,141.89636209813875,female,55-59,215,0.027560569157800283,0.0005013132291816464,0.0004425917348566723,1.2198080117188123e-05
2012,E02004037,E07000032,7801,97155,43,2364,0.018189509306260575,141.89636209813875,male,55-59,227,0.029098833482886808,0.0005292935024382964,0.0004425917348566723,1.2878903193496296e-05
2012,E02005881,E07000174,5693,97155,43,2422,0.017753922378199834,101.07308009909165,female,55-59,198,0.03477955383804673,0.0006174734991891037,0.0004425917348566723,1.5393143070722136e-05
2012,E02005881,E07000174,5693,97155,43,2422,0.017753922378199834,101.07308009909165,male,55-59,172,0.030212541717899173,0.0005363911205077062,0.0004425917348566723,1.3371821253354582e-05
2012,E02004038,E07000032,7843,97155,46,2744,0.016763848396501458,131.47886297376093,female,55-59,250,0.03187555782226189,0.0005343570188863144,0.0004734702279862076,1.509212762929388e-05
2012,E02004038,E07000032,7843,97155,46,2744,0.016763848396501458,131.47886297376093,male,55-59,242,0.030855539971949508,0.0005172575942819524,0.0004734702279862076,1.4609179545156475e-05
2012,E02004036,E07000032,9930,97155,53,3520,0.015056818181818182,149.51420454545453,female,55-59,310,0.03121852970795569,0.00047005172571637824,0.0005455200452884565,1.7030333740123012e-05
2012,E02004036,E07000032,9930,97155,53,3520,0.015056818181818182,149.51420454545453,male,55-59,283,0.02849949647532729,0.0004291117367023711,0.0005455200452884565,1.5547046607918753e-05
2012,E02004033,E07000032,8889,97155,87,3254,0.026736324523663185,237.65918869084206,female,55-59,306,0.03442456969287884,0.000920386466896269,0.0008954763007565231,3.082638632371426e-05
2012,E02004033,E07000032,8889,97155,87,3254,0.026736324523663185,237.65918869084206,male,55-59,310,0.03487456406794915,0.0009324176625419718,0.0008954763007565231,3.122934562206347e-05
2012,E02004034,E07000032,7217,97155,77,2551,0.03018424147393179,217.83967071736572,female,55-59,261,0.03616461133434945,0.0010916013613268944,0.0007925479903247388,2.8662190033913926e-05
2012,E02004034,E07000032,7217,97155,77,2551,0.03018424147393179,217.83967071736572,male,55-59,261,0.03616461133434945,0.0010916013613268944,0.0007925479903247388,2.8662190033913926e-05
2012,E02004035,E07000032,6545,97155,85,2141,0.039701074264362445,259.8435310602522,female,55-59,284,0.04339190221543163,0.0017227051323268044,0.0008748906386701663,3.796316904237238e-05
2012,E02004035,E07000032,6545,97155,85,2141,0.039701074264362445,259.8435310602522,male,55-59,245,0.0374331550802139,0.0014861364697889685,0.0008748906386701663,3.274991695556772e-05
2012,E02004043,E07000032,7034,97155,16,2595,0.006165703275529865,43.369556840077074,female,55-59,283,0.040233153255615585,0.00024806568481304406,0.00016468529669085483,6.625808780709684e-06
2012,E02004043,E07000032,7034,97155,16,2595,0.006165703275529865,43.369556840077074,male,55-59,266,0.037816320727893094,0.0002331642125804584,0.00016468529669085483,6.2277919988295975e-06
2012,E02002820,E06000015,9785,97155,11,3613,0.003044561306393579,29.791032383061168,female,55-59,222,0.022687787429739398,6.907435973626719e-05,0.00011322114147496269,2.5687371903364047e-06
2012,E02002820,E06000015,9785,97155,11,3613,0.003044561306393579,29.791032383061168,male,55-59,224,0.0228921819110884,6.969665126542275e-05,0.00011322114147496269,2.5918789668259218e-06
2012,E02002801,E06000015,7589,97155,9,2732,0.003294289897510981,25.000366032210835,female,55-59,187,0.024640927658453025,8.117435905054072e-05,9.263547938860583e-05,2.2826241462207526e-06
2012,E02002801,E06000015,7589,97155,9,2732,0.003294289897510981,25.000366032210835,male,55-59,205,0.027012781657662407,8.89879337185072e-05,9.263547938860583e-05,2.5023419784772956e-06
2012,E02002816,E06000015,9479,97155,9,2797,0.0032177332856632105,30.50089381480157,female,55-59,282,0.029749973625909906,9.572748038369293e-05,9.263547938860583e-05,2.7559030686345444e-06
2012,E02002816,E06000015,9479,97155,9,2797,0.0032177332856632105,30.50089381480157,male,55-59,301,0.03175440447304568,0.00010217720423933182,9.263547938860583e-05,2.941584481060276e-06
2012,E02002803,E06000015,7912,97155,8,2208,0.0036231884057971015,28.666666666666668,female,55-59,143,0.01807381193124368,6.548482583783942e-05,8.234264834542741e-05,1.4882455401157888e-06
2012,E02002803,E06000015,7912,97155,8,2208,0.0036231884057971015,28.666666666666668,male,55-59,165,0.020854398382204247,7.555941442827626e-05,8.234264834542741e-05,1.7172063924412946e-06
2012,E02004084,E07000036,6139,97155,8,2240,0.0035714285714285713,21.925,female,55-59,176,0.028669164359016126,0.00010238987271077188,8.234264834542741e-05,2.3606949191717258e-06
2012,E02004084,E07000036,6139,97155,8,2240,0.0035714285714285713,21.925,male,55-59,185,0.030135201172829452,0.0001076257184743909,8.234264834542741e-05,2.4814122729930073e-06
2012,E02002825,E06000015,8582,97155,8,3211,0.002491435689816257,21.381501090003116,female,55-59,225,0.026217664879981357,6.53196259856278e-05,8.234264834542741e-05,2.1588319596505674e-06
2012,E02002825,E06000015,8582,97155,8,3211,0.002491435689816257,21.381501090003116,male,55-59,200,0.02330459100442787,5.8061889765002486e-05,8.234264834542741e-05,1.918961741911615e-06
2012,E02004083,E07000036,7917,97155,8,2488,0.003215434083601286,25.456591639871384,female,55-59,207,0.02614626752557787,8.407159976070055e-05,8.234264834542741e-05,2.1529529124041273e-06
2012,E02004083,E07000036,7917,97155,8,2488,0.003215434083601286,25.456591639871384,male,55-59,188,0.02374636857395478,7.635488287445267e-05,8.234264834542741e-05,1.955338876966067e-06
2012,E02006872,E07000037,12346,97155,354,4893,0.07234825260576333,893.2115266707541,female,60-64,482,0.039040984934391704,0.0028245470400111716,0.003643662189285163,0.00014225216063789474
2012,E02006872,E07000037,12346,97155,354,4893,0.07234825260576333,893.2115266707541,male,60-64,450,0.03644905232463956,0.002637025244823708,0.003643662189285163,0.00013280803379056563
2012,E02004103,E07000037,7137,97155,89,3114,0.028580603725112397,203.97976878612718,female,60-64,181,0.025360795852599132,0.0007248268564166098,0.0009160619628428799,2.3232060427989527e-05
2012,E02004103,E07000037,7137,97155,89,3114,0.028580603725112397,203.97976878612718,male,60-64,178,0.02494045116995937,0.0007128131516141245,0.0009160619628428799,2.284699865293998e-05
2012,E02004097,E07000037,7704,97155,29,2762,0.010499637943519189,80.88921071687183,female,60-64,304,0.03946002076843198,0.0004143159313122837,0.0002984921002521744,1.1778504475163683e-05
2012,E02004097,E07000037,7704,97155,29,2762,0.010499637943519189,80.88921071687183,male,60-64,326,0.04231568016614746,0.00044429932107830424,0.0002984921002521744,1.2630896246392633e-05
2012,E02004102,E07000037,8625,97155,96,3736,0.02569593147751606,221.627408993576,female,60-64,259,0.030028985507246378,0.0007716227539335258,0.000988111780145129,2.9671994325517496e-05
2012,E02004102,E07000037,8625,97155,96,3736,0.02569593147751606,221.627408993576,male,60-64,271,0.03142028985507246,0.0008073736151196349,0.000988111780145129,3.104675854137158e-05
2012,E02004098,E07000037,7341,97155,47,3145,0.014944356120826709,109.70651828298887,female,60-64,268,0.03650728783544476,0.0005455779104184113,0.00048376305902938604,1.766087724014105e-05
2012,E02004098,E07000037,7341,97155,47,3145,0.014944356120826709,109.70651828298887,male,60-64,258,0.035145075602778915,0.0005252205257013066,0.00048376305902938604,1.7001889283419373e-05
2012,E02004104,E07000037,7167,97155,84,2895,0.029015544041450778,207.95440414507772,female,60-64,239,0.03334728617273615,0.0009675896506078882,0.0008645978076269878,2.8831990515257437e-05
2012,E02004104,E07000037,7167,97155,84,2895,0.029015544041450778,207.95440414507772,male,60-64,240,0.033486814566764334,0.000971638142869846,0.0008645978076269878,2.895262645883592e-05
2012,E02004100,E07000037,7641,97155,54,3050,0.017704918032786884,135.28327868852458,female,60-64,276,0.036120926580290535,0.000639518044372357,0.000555812876331635,2.0076476098355092e-05
2012,E02004100,E07000037,7641,97155,54,3050,0.017704918032786884,135.28327868852458,male,60-64,289,0.03782227457139118,0.0006696402711000405,0.000555812876331635,2.102210721892979e-05
2012,E02004068,E07000035,7531,97155,1163,2634,0.4415337889141989,3325.190964312832,female,60-64,289,0.03837471783295711,0.01694373456329883,0.011970562503216509,0.00045936695836271027
2012,E02004068,E07000035,7531,97155,1163,2634,0.4415337889141989,3325.190964312832,male,60-64,341,0.04527951135307396,0.01999243420790623,0.011970562503216509,0.0005420212207670734
2012,E02006210,E07000198,5452,97155,24,1854,0.012944983818770227,70.57605177993528,female,60-64,246,0.04512105649303008,0.0005840913461880917,0.0002470279450362822,1.1146161863339221e-05
2012,E02006210,E07000198,5452,97155,24,1854,0.012944983818770227,70.57605177993528,male,60-64,248,0.04548789435069699,0.0005888400563197022,0.0002470279450362822,1.1236781065480189e-05
2012,E02006204,E07000198,7282,97155,11,2851,0.003858295334970186,28.096106629252894,female,60-64,283,0.03886294973908267,0.00014994473768148347,0.00011322114147496269,4.4001075305430434e-06
2012,E02006204,E07000198,7282,97155,11,2851,0.003858295334970186,28.096106629252894,male,60-64,273,0.037489700631694586,0.00014464633705669607,0.00011322114147496269,4.244626699075091e-06
2012,E02004070,E07000035,6373,97155,1527,2452,0.6227569331158238,3968.829934747145,female,60-64,281,0.044092264239761494,0.02745876325208638,0.015717153002933457,0.0006930048633021029
2012,E02004070,E07000035,6373,97155,1527,2452,0.6227569331158238,3968.829934747145,male,60-64,262,0.04111093676447513,0.0256021208969631,0.015717153002933457,0.0006461468832211777
2012,E02006803,E08000019,8747,97155,441,3080,0.1431818181818182,1252.4113636363636,female,60-64,267,0.03052475134331771,0.0043705893968841265,0.004539138490041686,0.00013855607372140509
2012,E02006803,E08000019,8747,97155,441,3080,0.1431818181818182,1252.4113636363636,male,60-64,262,0.02995312678632674,0.004288743153496783,0.004539138490041686,0.00013596139069291434
2012,E02006869,E08000019,11118,97155,31,4236,0.007318224740321058,81.36402266288952,female,60-64,328,0.029501708940456915,0.00021590013624980274,0.0003190777623385312,9.413339273883633e-06
2012,E02006869,E08000019,11118,97155,31,4236,0.007318224740321058,81.36402266288952,male,60-64,277,0.024914552977154166,0.00018233029799144928,0.0003190777623385312,7.949679813615141e-06
2012,E02006868,E08000019,12500,97155,11,4482,0.0024542614904060687,30.67826863007586,female,60-64,243,0.01944,4.7710843373493976e-05,0.00011322114147496269,2.2010189902732747e-06
2012,E02006868,E08000019,12500,97155,11,4482,0.0024542614904060687,30.67826863007586,male,60-64,234,0.01872,4.594377510040161e-05,0.00011322114147496269,2.1194997684113016e-06
2012,E02004105,E07000038,9450,97155,1852,3263,0.5675758504443763,5363.591786699356,female,60-64,329,0.03481481481481481,0.01976004812658199,0.019062323091966444,0.0006636512483869798
2012,E02004105,E07000038,9450,97155,1852,3263,0.5675758504443763,5363.591786699356,male,60-64,355,0.03756613756613757,0.021321632477010962,0.019062323091966444,0.0007160978516029722
2012,E02001634,E08000019,9260,97155,11,3128,0.003516624040920716,32.56393861892583,female,60-64,230,0.024838012958963283,8.734595350019057e-05,0.00011322114147496269,2.8121881791837388e-06
2012,E02001634,E08000019,9260,97155,11,3128,0.003516624040920716,32.56393861892583,male,60-64,226,0.024406047516198705,8.582689343931769e-05,0.00011322114147496269,2.7632805586761956e-06
2012,E02001669,E08000019,7690,97155,45,2629,0.017116774438950173,131.62799543552683,female,60-64,184,0.023927178153446034,0.0004095561114131121,0.0004631773969430292,1.1082528093305249e-05
2012,E02001669,E08000019,7690,97155,45,2629,0.017116774438950173,131.62799543552683,male,60-64,149,0.019375812743823148,0.00033165141630735705,0.0004631773969430292,8.974438510339577e-06
2012,E02001660,E08000019,9889,97155,23,3458,0.006651243493348756,65.77414690572586,female,60-64,225,0.02275255334209728,0.00015133277237369504,0.0002367351139931038,5.386328309075574e-06
2012,E02001660,E08000019,9889,97155,23,3458,0.006651243493348756,65.77414690572586,male,60-64,262,0.026494084336131055,0.00017621860605292487,0.0002367351139931038,6.272080075456891e-06
2012,E02001653,E08000019,7439,97155,9,2991,0.003009027081243731,22.384152457372114,female,60-64,133,0.01787874714343326,5.379763433329967e-05,9.263547938860583e-05,1.656206312499607e-06
2012,E02001653,E08000019,7439,97155,9,2991,0.003009027081243731,22.384152457372114,male,60-64,139,0.018685307164941524,5.6224595280666566e-05,9.263547938860583e-05,1.7309223867477096e-06
2012,E02001662,E08000019,7588,97155,15,3172,0.004728877679697352,35.8827238335435,female,60-64,220,0.028993147074327884,0.0001371050460639717,0.0001543924656476764,4.4763234636911974e-06
2012,E02001662,E08000019,7588,97155,15,3172,0.004728877679697352,35.8827238335435,male,60-64,237,0.031233526620980497,0.00014769952689618773,0.0001543924656476764,4.822221185885517e-06
2012,E02001655,E08000019,7681,97155,14,3228,0.004337050805452293,33.31288723667906,female,60-64,243,0.031636505663325085,0.00013720913236882007,0.00014409963460449796,4.558808906248275e-06
2012,E02001655,E08000019,7681,97155,14,3228,0.004337050805452293,33.31288723667906,male,60-64,209,0.027209998698086185,0.00011801114676989053,0.00014409963460449796,3.920950869983084e-06
2012,E02001650,E08000019,9415,97155,10,2336,0.004280821917808219,40.30393835616438,female,60-64,71,0.007541157727031333,3.228235328352454e-05,0.00010292831043178426,7.761986235429297e-07
2012,E02001650,E08000019,9415,97155,10,2336,0.004280821917808219,40.30393835616438,male,60-64,97,0.010302708443972384,4.410406011974479e-05,0.00010292831043178426,1.0604403730093545e-06
2012,E02001627,E08000019,6085,97155,8,2236,0.0035778175313059034,21.77101967799642,female,60-64,128,0.021035332785538208,7.526058241695244e-05,8.234264834542741e-05,1.7321050103886126e-06
2012,E02001627,E08000019,6085,97155,8,2236,0.0035778175313059034,21.77101967799642,male,60-64,129,0.021199671322925225,7.584855571708488e-05,8.234264834542741e-05,1.7456370807822738e-06
2012,E02001656,E08000019,7888,97155,17,2300,0.007391304347826087,58.302608695652175,female,60-64,157,0.019903651115618662,0.00014711394302848577,0.00017497812773403323,3.4827036072823552e-06
2012,E02001656,E08000019,7888,97155,17,2300,0.007391304347826087,58.302608695652175,male,60-64,176,0.02231237322515213,0.0001649175412293853,0.00017497812773403323,3.904177292240092e-06
2012,E02001666,E08000019,6153,97155,17,2708,0.006277695716395864,38.62666174298375,female,60-64,170,0.02762879895985698,0.00017344519287945667,0.00017497812773403323,4.83443551353578e-06
2012,E02001666,E08000019,6153,97155,17,2708,0.006277695716395864,38.62666174298375,male,60-64,150,0.02437835202340322,0.00015303987607010884,0.00017497812773403323,4.265678394296276e-06
2012,E02001678,E08000019,10006,97155,92,3559,0.025849957853329587,258.65467828041585,female,60-64,387,0.038676793923645814,0.0009997934928281582,0.0009469404559724152,3.6624620873608304e-05
2012,E02001678,E08000019,10006,97155,92,3559,0.025849957853329587,258.65467828041585,male,60-64,343,0.03427943234059564,0.0008861218812404605,0.0009469404559724152,3.246058129107919e-05
2012,E02001680,E08000019,6098,97155,251,2873,0.08736512356421859,532.7525234946049,female,60-64,151,0.024762217120367334,0.002163354158444901,0.002583500591837785,6.397320258568474e-05
2012,E02001680,E08000019,6098,97155,251,2873,0.08736512356421859,532.7525234946049,male,60-64,152,0.02492620531321745,0.0021776810071763245,0.002583500591837785,6.439686617896742e-05
2012,E02001642,E08000019,9800,97155,8,3907,0.002047606859482979,20.066547222933195,female,60-64,246,0.02510204081632653,5.139911096253192e-05,8.234264834542741e-05,2.066968519691341e-06
2012,E02001642,E08000019,9800,97155,8,3907,0.002047606859482979,20.066547222933195,male,60-64,240,0.024489795918367346,5.014547410978724e-05,8.234264834542741e-05,2.016554653357406e-06
2012,E02001665,E08000019,9466,97155,44,3159,0.013928458372902817,131.84678695789808,female,60-64,377,0.03982674836256074,0.0005547252066960027,0.00045288456589985077,1.8036919643380913e-05
2012,E02001665,E08000019,9466,97155,44,3159,0.013928458372902817,131.84678695789808,male,60-64,344,0.03634058736530742,0.0005061683583645224,0.00045288456589985077,1.645809113348285e-05
2012,E02001664,E08000019,6233,97155,26,2407,0.01080182800166182,67.32779393435813,female,60-64,207,0.033210332103321034,0.0003587322952581416,0.0002676136071226391,8.887536767910523e-06
2012,E02001664,E08000019,6233,97155,26,2407,0.01080182800166182,67.32779393435813,male,60-64,197,0.03160596823359538,0.0003414022326852845,0.0002676136071226391,8.458187165596004e-06
2012,E02001659,E08000019,6120,97155,10,2607,0.0038358266206367474,23.475258918296895,female,60-64,179,0.029248366013071896,0.00011219166096306826,0.00010292831043178426,3.010484896615912e-06
2012,E02001659,E08000019,6120,97155,10,2607,0.0038358266206367474,23.475258918296895,male,60-64,186,0.030392156862745098,0.00011657904435268546,0.00010292831043178426,3.1282133562601096e-06
2012,E02001636,E08000019,9739,97155,8,3457,0.0023141452126120912,22.537460225629157,female,60-64,177,0.018174350549337713,4.20580863160838e-05,8.234264834542741e-05,1.4965241561906408e-06
2012,E02001636,E08000019,9739,97155,8,3457,0.0023141452126120912,22.537460225629157,male,60-64,206,0.02115206900092412,4.8948959215329175e-05,8.234264834542741e-05,1.7417173795213111e-06
2012,E02001679,E08000019,6324,97155,179,2654,0.06744536548605878,426.5244913338357,female,60-64,186,0.029411764705882353,0.0019836872201781995,0.0018424167567289383,5.4188728139086423e-05
2012,E02001679,E08000019,6324,97155,179,2654,0.06744536548605878,426.5244913338357,male,60-64,166,0.02624920936116382,0.0017703875190837695,0.0018424167567289383,4.8361983177894336e-05
2012,E02001681,E08000019,7453,97155,157,2675,0.05869158878504673,437.4284112149533,female,60-64,277,0.037166241781832816,0.0021813457793449544,0.0016159744737790128,6.005969800574085e-05
2012,E02001681,E08000019,7453,97155,157,2675,0.05869158878504673,437.4284112149533,male,60-64,245,0.032872668724003754,0.001929349155016295,0.0016159744737790128,5.312139354298378e-05
2012,E02001657,E08000019,8992,97155,11,2789,0.003944065973467192,35.465041233417,female,60-64,246,0.0273576512455516,0.00010790038139156242,0.00011322114147496269,3.097464502095287e-06
2012,E02001657,E08000019,8992,97155,11,2789,0.003944065973467192,35.465041233417,male,60-64,252,0.02802491103202847,0.00011053209801086882,0.00011322114147496269,3.173012416780538e-06
2012,E02001671,E08000019,5902,97155,28,2247,0.012461059190031152,73.54517133956386,female,60-64,210,0.03558115892917655,0.00044337892746637445,0.0002881992692089959,1.0254464000997821e-05
2012,E02001671,E08000019,5902,97155,28,2247,0.012461059190031152,73.54517133956386,male,60-64,228,0.0386309725516774,0.00048138283553492085,0.0002881992692089959,1.1133418058226205e-05
2012,E02001652,E08000019,12526,97155,8,2986,0.0026791694574681848,33.55927662424648,female,60-64,111,0.00886156793868753,2.3741642166610928e-05,8.234264834542741e-05,7.296849725644613e-07
2012,E02001652,E08000019,12526,97155,8,2986,0.0026791694574681848,33.55927662424648,male,60-64,96,0.007664058757783809,2.053331214409594e-05,8.234264834542741e-05,6.310788951908854e-07
2012,E02001673,E08000019,5543,97155,43,1955,0.021994884910485932,121.91764705882352,female,60-64,156,0.02814360454627458,0.0006190153429615381,0.0004425917348566723,1.2456126761255796e-05
2012,E02001673,E08000019,5543,97155,43,1955,0.021994884910485932,121.91764705882352,male,60-64,152,0.02742197366047267,0.000603143154680473,0.0004425917348566723,1.2136738895582571e-05
2012,E02001661,E08000019,7877,97155,14,3256,0.0042997542997543,33.86916461916462,female,60-64,178,0.022597435571918244,9.716342076377623e-05,0.00014409963460449796,3.256282208912103e-06
2012,E02001661,E08000019,7877,97155,14,3256,0.0042997542997543,33.86916461916462,male,60-64,205,0.026025136473276627,0.00011190169245266363,0.00014409963460449796,3.7502126563313545e-06
2012,E02001649,E08000019,9557,97155,9,4107,0.002191380569758948,20.943024105186268,female,60-64,207,0.02165951658470231,4.7464243794088336e-05,9.263547938860583e-05,2.006439702149357e-06
2012,E02001649,E08000019,9557,97155,9,4107,0.002191380569758948,20.943024105186268,male,60-64,215,0.022496599351260856,4.92986107040048e-05,9.263547938860583e-05,2.0839832655174482e-06
2012,E02001676,E08000019,5995,97155,109,2168,0.050276752767527674,301.4091328413284,female,60-64,199,0.03319432860717264,0.0016689030526668902,0.0011219185837064484,3.724133413804557e-05
2012,E02001676,E08000019,5995,97155,109,2168,0.050276752767527674,301.4091328413284,male,60-64,190,0.0316930775646372,0.0015934250251593426,0.0011219185837064484,3.555705269461638e-05
2012,E02001651,E08000019,8119,97155,13,2920,0.004452054794520548,36.146232876712325,female,60-64,314,0.038674713634684076,0.00017218194426400445,0.00013380680356131955,5.174939810106459e-06
2012,E02001651,E08000019,8119,97155,13,2920,0.004452054794520548,36.146232876712325,male,60-64,286,0.03522601305579505,0.00015682814031689577,0.00013380680356131955,4.713480209205246e-06
2012,E02001674,E08000019,8647,97155,130,3282,0.039609993906154786,342.50761730652044,female,60-64,271,0.031340349254076555,0.001241391042970735,0.0013380680356131953,4.1935519561833685e-05
2012,E02001674,E08000019,8647,97155,130,3282,0.039609993906154786,342.50761730652044,male,60-64,282,0.0326124667514745,0.0012917796092905805,0.0013380680356131953,4.363769932264613e-05
2012,E02001618,E08000019,9708,97155,8,3293,0.0024293956878226543,23.584573337382327,female,60-64,296,0.030490317264112072,7.40730452817785e-05,8.234264834542741e-05,2.5106534724192946e-06
2012,E02001618,E08000019,9708,97155,8,3293,0.0024293956878226543,23.584573337382327,male,60-64,297,0.030593325092707045,7.43232920563791e-05,8.234264834542741e-05,2.5191354098261165e-06
2012,E02001672,E08000019,6175,97155,39,2203,0.017703132092601,109.31684067181118,female,60-64,181,0.02931174089068826,0.0005189096208519483,0.0004014204106839586,1.1766331066201863e-05
2012,E02001672,E08000019,6175,97155,39,2203,0.017703132092601,109.31684067181118,male,60-64,156,0.02526315789473684,0.0004472370212867621,0.0004014204106839586,1.0141147217278954e-05
2012,E02001675,E08000019,9063,97155,141,3730,0.03780160857908847,342.59597855227884,female,60-64,313,0.034536025598587664,0.0013055173215551904,0.001451289177088158,5.012176017086985e-05
2012,E02001675,E08000019,9063,97155,141,3730,0.03780160857908847,342.59597855227884,male,60-64,278,0.030674169700982013,0.0011595329565250573,0.001451289177088158,4.45170905032007e-05
2012,E02001670,E08000019,6002,97155,19,2500,0.0076,45.6152,female,60-64,149,0.02482505831389537,0.0001886704431856048,0.0001955637898203901,4.854882486377562e-06
2012,E02001670,E08000019,6002,97155,19,2500,0.0076,45.6152,male,60-64,148,0.02465844718427191,0.0001874041986004665,0.0001955637898203901,4.822299382442142e-06
2012,E02001639,E08000019,6154,97155,8,2044,0.003913894324853229,24.08610567514677,female,60-64,99,0.016087097822554436,6.296320087105454e-05,8.234264834542741e-05,1.324654238901091e-06
2012,E02001639,E08000019,6154,97155,8,2044,0.003913894324853229,24.08610567514677,male,60-64,120,0.019499512512187196,7.631903135885399e-05,8.234264834542741e-05,1.605641501698292e-06
2012,E02001663,E08000019,7671,97155,36,2525,0.014257425742574258,109.36871287128713,female,60-64,141,0.01838091513492374,0.0002620645326167345,0.00037054191755442334,6.810899540499765e-06
2012,E02001663,E08000019,7671,97155,36,2525,0.014257425742574258,109.36871287128713,male,60-64,162,0.02111849824012515,0.00030109542045326945,0.00037054191755442334,7.825288833765687e-06
2012,E02005888,E07000174,8284,97155,13,3488,0.0037270642201834864,30.875,female,60-64,195,0.023539352969579912,8.773268021919119e-05,0.00013380680356131955,3.1497255787611433e-06
2012,E02005888,E07000174,8284,97155,13,3488,0.0037270642201834864,30.875,male,60-64,203,0.024505070014485757,9.13319696640811e-05,0.00013380680356131955,3.2789450896846775e-06
2012,E02005887,E07000174,9349,97155,23,4120,0.00558252427184466,52.19101941747572,female,60-64,166,0.01775590972296502,9.912279699713482e-05,0.0002367351139931038,4.203447312317384e-06
2012,E02005887,E07000174,9349,97155,23,4120,0.00558252427184466,52.19101941747572,male,60-64,211,0.022569258744250722,0.00012599343473732199,0.0002367351139931038,5.342936041560049e-06
2012,E02005880,E07000174,6267,97155,70,2630,0.026615969581749048,166.8022813688213,female,60-64,170,0.027126216690601564,0.0007219905583049845,0.0007204981730224899,1.9544389566590596e-05
2012,E02005880,E07000174,6267,97155,70,2630,0.026615969581749048,166.8022813688213,male,60-64,163,0.02600925482687091,0.0006922615353159557,0.0007204981730224899,1.8739620584436868e-05
2012,E02005824,E07000170,9785,97155,37,3726,0.009930220075147612,97.16720343531938,female,60-64,323,0.03300970873786408,0.00032779367238351345,0.00038083474859760175,1.2571244128464525e-05
2012,E02005824,E07000170,9785,97155,37,3726,0.009930220075147612,97.16720343531938,male,60-64,294,0.030045988758303527,0.00029836328074536516,0.00038083474859760175,1.1442556575134893e-05
2012,E02005819,E07000170,6111,97155,44,2362,0.018628281117696866,113.83742591024554,female,60-64,197,0.03223694976272296,0.0006005189625570746,0.00045288456589985077,1.4599616999226086e-05
2012,E02005819,E07000170,6111,97155,44,2362,0.018628281117696866,113.83742591024554,male,60-64,218,0.035673375879561445,0.0006645336743017373,0.00045288456589985077,1.615592134939739e-05
2012,E02005891,E07000174,6437,97155,13,2886,0.0045045045045045045,28.995495495495494,female,60-64,161,0.025011651390399254,0.00011266509635314979,0.00013380680356131955,3.346729124339358e-06
2012,E02005891,E07000174,6437,97155,13,2886,0.0045045045045045045,28.995495495495494,male,60-64,161,0.025011651390399254,0.00011266509635314979,0.00013380680356131955,3.346729124339358e-06
2012,E02005825,E07000170,8073,97155,18,3312,0.005434782608695652,43.875,female,60-64,272,0.03369255543168587,0.00018311171430264057,0.00018527095877721167,6.242252048482791e-06
2012,E02005825,E07000170,8073,97155,18,3312,0.005434782608695652,43.875,male,60-64,251,0.03109129196085718,0.00016897441283074554,0.00018527095877721167,5.7603134712102226e-06
2012,E02004029,E07000032,6402,97155,379,2746,0.13801893663510562,883.5972323379461,female,60-64,203,0.031708840987191504,0.004376420514983824,0.0039009829653646236,0.00012369564854248962
2012,E02004029,E07000032,6402,97155,379,2746,0.13801893663510562,883.5972323379461,male,60-64,222,0.03467666354264293,0.004786036228208911,0.0039009829653646236,0.00013527307377553054
2012,E02004054,E07000033,8677,97155,295,3267,0.09029690847872666,783.5062748699113,female,60-64,276,0.031808228650455225,0.002872184711320567,0.003036385157737636,9.658203336816728e-05
2012,E02004054,E07000033,8677,97155,295,3267,0.09029690847872666,783.5062748699113,male,60-64,287,0.03307594790826322,0.002986655841119575,0.003036385157737636,0.00010043131730675365
2012,E02004050,E07000033,7057,97155,1059,3002,0.35276482345103266,2489.4613590939375,female,60-64,167,0.023664446648717585,0.00834798434410124,0.010900108074725953,0.00025794502599960805
2012,E02004050,E07000033,7057,97155,1059,3002,0.35276482345103266,2489.4613590939375,male,60-64,152,0.021538897548533373,0.007598165391038255,0.010900108074725953,0.00023477631108946367
2012,E02004051,E07000033,9152,97155,1124,3894,0.2886492039034412,2641.7175141242938,female,60-64,261,0.028518356643356644,0.008231800941739309,0.01156914209253255,0.00032993292025251266
2012,E02004051,E07000033,9152,97155,1124,3894,0.2886492039034412,2641.7175141242938,male,60-64,285,0.031140734265734264,0.008988748154772807,0.01156914209253255,0.000360271579586077
2012,E02004049,E07000033,7821,97155,2582,3223,0.801116971765436,6265.535836177474,female,60-64,281,0.035928909346630865,0.028783259054607786,0.026576089753486697,0.0009548499195409489
2012,E02004049,E07000033,7821,97155,2582,3223,0.801116971765436,6265.535836177474,male,60-64,289,0.03695179644546733,0.02960271126968559,0.026576089753486697,0.0009820342588873106
2012,E02004117,E07000038,7364,97155,2215,2973,0.7450386814665321,5486.464850319542,female,60-64,283,0.03843020097772949,0.028631986264941414,0.022798620760640213,0.0008761555778464394
2012,E02004117,E07000038,7364,97155,2215,2973,0.7450386814665321,5486.464850319542,male,60-64,264,0.035850081477457905,0.02670969743443298,0.022798620760640213,0.000817332411842615
2012,E02004112,E07000038,6508,97155,2022,2401,0.8421491045397751,5480.706372344856,female,60-64,324,0.04978488014751076,0.04192629223584621,0.020812104369306778,0.0010361281216434229
2012,E02004112,E07000038,6508,97155,2022,2401,0.8421491045397751,5480.706372344856,male,60-64,269,0.04133374308543331,0.03480917472667478,0.020812104369306778,0.0008602421750681504
2012,E02004052,E07000033,7869,97155,1852,3077,0.601884952876178,4736.232694182645,female,60-64,246,0.031261913839115515,0.01881607553787518,0.019062323091966444,0.0005959247020744371
2012,E02004052,E07000033,7869,97155,1852,3077,0.601884952876178,4736.232694182645,male,60-64,231,0.029355699580632864,0.017668753858736452,0.019062323091966444,0.0005595878299967274
2012,E02004061,E07000034,7216,97155,2534,2904,0.8725895316804407,6296.60606060606,female,60-64,207,0.028686252771618626,0.02503132387165344,0.026082033863414133,0.0007481958162038145
2012,E02004061,E07000034,7216,97155,2534,2904,0.8725895316804407,6296.60606060606,male,60-64,229,0.031735033259423506,0.02769165780970357,0.026082033863414133,0.0008277142121288577
2012,E02004111,E07000038,5498,97155,1933,2254,0.857586512866016,4715.010647737356,female,60-64,220,0.04001455074572572,0.03431593903792716,0.019896042406463896,0.0007961311985125605
2012,E02004111,E07000038,5498,97155,1933,2254,0.857586512866016,4715.010647737356,male,60-64,218,0.03965078210258276,0.03400397595576418,0.019896042406463896,0.0007888936421624462
2012,E02004062,E07000034,7987,97155,2706,3135,0.8631578947368421,6894.042105263158,female,60-64,290,0.036309002128458744,0.03134040183719597,0.02785240080284082,0.0010112928800330334
2012,E02004062,E07000034,7987,97155,2706,3135,0.8631578947368421,6894.042105263158,male,60-64,297,0.03718542631776637,0.03209689429533518,0.02785240080284082,0.0010357033978269342
2012,E02004048,E07000033,6835,97155,2283,2771,0.8238902923132443,5631.290147961025,female,60-64,215,0.03145574250182882,0.02591608088476189,0.023498533271576347,0.0007391638117613628
2012,E02004048,E07000033,6835,97155,2283,2771,0.8238902923132443,5631.290147961025,male,60-64,200,0.029261155815654718,0.024107982218383155,0.023498533271576347,0.0006875942434989421
2012,E02004114,E07000038,7226,97155,2342,2813,0.8325630998933523,6016.100959829364,female,60-64,326,0.04511486299474121,0.03756097018616563,0.024105810303123875,0.0010875303292026547
2012,E02004114,E07000038,7226,97155,2342,2813,0.8325630998933523,6016.100959829364,male,60-64,291,0.04027124273456961,0.03352835068765092,0.024105810303123875,0.0009707709380305906
2012,E02004059,E07000034,7158,97155,2641,3075,0.8588617886178862,6147.7326829268295,female,60-64,252,0.03520536462699078,0.030236542432482166,0.027183366785034222,0.0009570003394563599
2012,E02004059,E07000034,7158,97155,2641,3075,0.8588617886178862,6147.7326829268295,male,60-64,245,0.03422743783179659,0.029396638476024323,0.027183366785034222,0.0009304169966936832
2012,E02004073,E07000035,9138,97155,2604,3611,0.7211298809194129,6589.6848518415945,female,60-64,396,0.04333552199606041,0.03125053981659964,0.02680253203643662,0.001161501716615113
2012,E02004073,E07000035,9138,97155,2604,3611,0.7211298809194129,6589.6848518415945,male,60-64,378,0.04136572554169402,0.029830060734026925,0.02680253203643662,0.0011087061840416986
2012,E02004063,E07000034,7940,97155,2649,3057,0.8665358194308145,6880.294406280667,female,60-64,289,0.03639798488664987,0.03154015765938355,0.02726570943337965,0.0009924168798799394
2012,E02004063,E07000034,7940,97155,2649,3057,0.8665358194308145,6880.294406280667,male,60-64,279,0.03513853904282116,0.0304488027230727,0.02726570943337965,0.000958077195455028
2012,E02004072,E07000035,8613,97155,2654,3330,0.796996996996997,6864.5351351351355,female,60-64,393,0.04562870080111459,0.0363659375153628,0.027317173588595544,0.0012464471404061359
2012,E02004072,E07000035,8613,97155,2654,3330,0.796996996996997,6864.5351351351355,male,60-64,359,0.0416811796122141,0.03321977498222709,0.027317173588595544,0.001138612018844282
2012,E02004046,E07000033,6301,97155,1091,2510,0.4346613545816733,2738.8011952191237,female,60-64,237,0.037613077289319154,0.016348951124560637,0.011229478668107662,0.00042237524906229423
2012,E02004046,E07000033,6301,97155,1091,2510,0.4346613545816733,2738.8011952191237,male,60-64,206,0.03269322329788922,0.01421048072430165,0.011229478668107662,0.00036712785361532743
2012,E02004067,E07000034,6422,97155,2390,2772,0.8621933621933622,5537.005772005772,female,60-64,212,0.0330115228900654,0.02846231591170862,0.02459986619319644,0.0008120790459292502
2012,E02004067,E07000034,6422,97155,2390,2772,0.8621933621933622,5537.005772005772,male,60-64,210,0.03270009342883837,0.028193803497447222,0.02459986619319644,0.0008044179228544459
2012,E02004065,E07000034,8352,97155,2549,3047,0.8365605513619954,6986.953724975385,female,60-64,356,0.042624521072796934,0.03565799285019999,0.02623642632906181,0.0011183151069379795
2012,E02004065,E07000034,8352,97155,2549,3047,0.8365605513619954,6986.953724975385,male,60-64,345,0.04130747126436782,0.03455620093628932,0.02623642632906181,0.0010837604266674238
2012,E02004071,E07000035,5146,97155,1549,1961,0.7899031106578276,4064.8414074451807,female,60-64,208,0.04041974349008939,0.03192768111481308,0.01594359528588338,0.0006444360317652046
2012,E02004071,E07000035,5146,97155,1549,1961,0.7899031106578276,4064.8414074451807,male,60-64,186,0.03614457831325301,0.028550714843054006,0.01594359528588338,0.0005762745284054234
2012,E02004064,E07000034,8842,97155,3131,3617,0.8656345037323749,7653.940282001659,female,60-64,190,0.021488351051798235,0.01860105809875042,0.03222685399619165,0.000692501951965213
2012,E02004064,E07000034,8842,97155,3131,3617,0.8656345037323749,7653.940282001659,male,60-64,207,0.02341099298801176,0.02026536329705967,0.03222685399619165,0.0007544626529305215
2012,E02004055,E07000034,7186,97155,2530,2997,0.8441775108441775,6066.259592926259,female,60-64,212,0.029501809073197886,0.024904763748812363,0.026040862539241417,0.0007682525547340913
2012,E02004055,E07000034,7186,97155,2530,2997,0.8441775108441775,6066.259592926259,male,60-64,227,0.031589201224603396,0.02666689325934154,0.026040862539241417,0.0008226100468143336
2012,E02004057,E07000034,7721,97155,2725,3172,0.8590794451450189,6632.95239596469,female,60-64,198,0.025644346587229635,0.022030531037263792,0.02804796459266121,0.0007192717250805492
2012,E02004057,E07000034,7721,97155,2725,3172,0.8590794451450189,6632.95239596469,male,60-64,185,0.023960626861805466,0.020584082029766675,0.02804796459266121,0.0006720468138378868
2012,E02005847,E07000171,6740,97155,22,2812,0.007823613086770981,52.73115220483641,female,60-64,216,0.032047477744807124,0.00025072706628227477,0.00022644228294992538,7.2569040233210515e-06
2012,E02005847,E07000171,6740,97155,22,2812,0.007823613086770981,52.73115220483641,male,60-64,198,0.02937685459940653,0.0002298331440920852,0.00022644228294992538,6.65216202137763e-06
2012,E02004115,E07000038,8980,97155,2819,3379,0.8342704942290619,7491.749038176976,female,60-64,313,0.03485523385300668,0.02907869317301741,0.029015490710719984,0.001011341714081888
2012,E02004115,E07000038,8980,97155,2819,3379,0.8342704942290619,7491.749038176976,male,60-64,287,0.031959910913140314,0.026663210673022356,0.029015490710719984,0.000927332498215661
2012,E02005848,E07000171,6722,97155,116,2708,0.04283604135893648,287.94387001477105,female,60-64,247,0.036745016364177326,0.0015740110407106978,0.0011939684010086975,4.387238843337522e-05
2012,E02005848,E07000171,6722,97155,116,2708,0.04283604135893648,287.94387001477105,male,60-64,250,0.037191312109491226,0.0015931285837152815,0.0011939684010086975,4.4405251450784645e-05
2012,E02004066,E07000034,11788,97155,3870,4535,0.8533627342888643,10059.439911797133,female,60-64,381,0.032321004411265696,0.02758154069936014,0.03983325613710051,0.0012874508473223018
2012,E02004066,E07000034,11788,97155,3870,4535,0.8533627342888643,10059.439911797133,male,60-64,333,0.02824906684764167,0.024106700926212404,0.03983325613710051,0.001125252315376185
2012,E02004110,E07000038,7526,97155,1841,2781,0.6619920891765552,4982.152463142754,female,60-64,294,0.03906457613606165,0.025860440369108055,0.018949101950491484,0.0007402386358549689
2012,E02004110,E07000038,7526,97155,1841,2781,0.6619920891765552,4982.152463142754,male,60-64,259,0.03441403135795908,0.02278181651564281,0.018949101950491484,0.0006521149887293774
2012,E02004060,E07000034,7633,97155,2906,3387,0.8579864186595807,6549.010333628579,female,60-64,275,0.03602777413860867,0.030911340905461115,0.029910967011476507,0.0010776255637568505
2012,E02004060,E07000034,7633,97155,2906,3387,0.8579864186595807,6549.010333628579,male,60-64,257,0.03366959255862701,0.02888805313710366,0.029910967011476507,0.0010070900723109474
2012,E02006804,E07000038,8215,97155,2323,3176,0.7314231738035264,6008.641372795969,female,60-64,219,0.026658551430310408,0.019498682296162178,0.023910246513303483,0.000637412536386301
2012,E02006804,E07000038,8215,97155,2323,3176,0.7314231738035264,6008.641372795969,male,60-64,206,0.025076080340839926,0.018341226269449354,0.023910246513303483,0.0005995752625368859
2012,E02001609,E08000018,8379,97155,15,3753,0.003996802557953637,33.489208633093526,female,60-64,368,0.04391932211481084,0.0001755368589720657,0.0001543924656476764,6.780812430880166e-06
2012,E02001609,E08000018,8379,97155,15,3753,0.003996802557953637,33.489208633093526,male,60-64,337,0.04021959661057405,0.0001607497866130058,0.0001543924656476764,6.209602688061456e-06
2012,E02005840,E07000171,9163,97155,27,3537,0.007633587786259542,69.94656488549619,female,60-64,258,0.028156717232347483,0.0002149367727660113,0.0002779064381658175,7.824932996483784e-06
2012,E02005840,E07000171,9163,97155,27,3537,0.007633587786259542,69.94656488549619,male,60-64,231,0.025210084033613446,0.0001924433895695683,0.0002779064381658175,7.006044659642458e-06
2012,E02005842,E07000171,8570,97155,8,3161,0.002530844669408415,21.689338816830116,female,60-64,255,0.029754959159859977,7.530517977819671e-05,8.234264834542741e-05,2.4501021386329043e-06
2012,E02005842,E07000171,8570,97155,8,3161,0.002530844669408415,21.689338816830116,male,60-64,266,0.03103850641773629,7.855363851372677e-05,8.234264834542741e-05,2.555792819122951e-06
2012,E02004106,E07000038,6998,97155,1667,2703,0.6167221605623382,4315.821679615243,female,60-64,313,0.04472706487567876,0.027584172085740474,0.017158149348978437,0.0007674336590783439
2012,E02004106,E07000038,6998,97155,1667,2703,0.6167221605623382,4315.821679615243,male,60-64,258,0.036867676478994,0.022737113093038476,0.017158149348978437,0.0006325810991763985
2012,E02001603,E08000018,6481,97155,11,2853,0.00385559060637925,24.988082719943918,female,60-64,213,0.03286529856503626,0.00012671513642320326,0.00011322114147496269,3.721046618448859e-06
2012,E02001603,E08000018,6481,97155,11,2853,0.00385559060637925,24.988082719943918,male,60-64,217,0.03348248727048295,0.00012909476339828687,0.00011322114147496269,3.7909254281849872e-06
2012,E02006903,E07000171,11081,97155,27,4864,0.005550986842105263,61.51048519736842,female,60-64,442,0.03988809674217129,0.00022141830017241462,0.0002779064381658175,1.1085158890830372e-05
2012,E02006903,E07000171,11081,97155,27,4864,0.005550986842105263,61.51048519736842,male,60-64,411,0.03709051529645339,0.00020588896237751675,0.0002779064381658175,1.0307692995772132e-05
2012,E02001600,E08000018,10943,97155,12,4915,0.0024415055951169887,26.717395727365208,female,60-64,329,0.030064881659508363,7.340357678821981e-05,0.0001235139725181411,3.713432967053681e-06
2012,E02001600,E08000018,10943,97155,12,4915,0.0024415055951169887,26.717395727365208,male,60-64,338,0.030887325230741114,7.541157736905257e-05,0.0001235139725181411,3.815016239708645e-06
2012,E02004108,E07000038,7577,97155,2137,3061,0.6981378634433192,5289.790591310029,female,60-64,212,0.027979411376534247,0.019533486478815316,0.021995779939272295,0.0006154289754686191
2012,E02004108,E07000038,7577,97155,2137,3061,0.6981378634433192,5289.790591310029,male,60-64,220,0.029035238220931767,0.020270599176129105,0.021995779939272295,0.0006386527103919632
2012,E02004116,E07000038,8093,97155,3114,3628,0.8583241455347299,6946.417309812569,female,60-64,271,0.03348572840726554,0.028741609222774227,0.03205187586845762,0.0010732804102745602
2012,E02004116,E07000038,8093,97155,3114,3628,0.8583241455347299,6946.417309812569,male,60-64,274,0.033856419127641174,0.029059782018598296,0.03205187586845762,0.0010851617432296292
2012,E02004069,E07000035,6731,97155,1423,2306,0.6170858629661752,4153.604943625325,female,60-64,304,0.045164165800029715,0.027870168227858753,0.014646698574442901,0.000661505922839198
2012,E02004069,E07000035,6731,97155,1423,2306,0.6170858629661752,4153.604943625325,male,60-64,295,0.04382706878621304,0.027045064563218195,0.014646698574442901,0.0006419218659130375
2012,E02004109,E07000038,6688,97155,1567,2568,0.610202492211838,4081.0342679127725,female,60-64,325,0.0485944976076555,0.029652483547973587,0.016128866244660593,0.0007837741521403548
2012,E02004109,E07000038,6688,97155,1567,2568,0.610202492211838,4081.0342679127725,male,60-64,289,0.04321172248803828,0.02636790075496728,0.016128866244660593,0.0006969560922109616
2012,E02004056,E07000034,7708,97155,3030,3494,0.8672009158557528,6684.384659416142,female,60-64,207,0.026855215360664243,0.02328886735627151,0.03118727806083063,0.0008375410688365257
2012,E02004056,E07000034,7708,97155,3030,3494,0.8672009158557528,6684.384659416142,male,60-64,215,0.02789309807991697,0.024188920200958336,0.03118727806083063,0.0008699098057963915
2012,E02004058,E07000034,7835,97155,3009,3480,0.8646551724137931,6774.573275862069,female,60-64,215,0.02744097000638162,0.023726976652069624,0.030971128608923884,0.000849877811221268
2012,E02004058,E07000034,7835,97155,3009,3480,0.8646551724137931,6774.573275862069,male,60-64,234,0.02986598596043395,0.02582377923992694,0.030971128608923884,0.000924983292212915
2012,E02005843,E07000171,6511,97155,23,2673,0.008604564160119716,56.024317246539475,female,60-64,165,0.025341729381047458,0.00021805453638761377,0.0002367351139931038,5.999277193804658e-06
2012,E02005843,E07000171,6511,97155,23,2673,0.008604564160119716,56.024317246539475,male,60-64,167,0.025648901858393486,0.00022069762167716057,0.0002367351139931038,6.071995705244713e-06
2012,E02005846,E07000171,6659,97155,12,3337,0.003596044351213665,23.946059334731796,female,60-64,151,0.02267607748911248,8.154418036240627e-05,0.0001235139725181411,2.800812411809477e-06
2012,E02005846,E07000171,6659,97155,12,3337,0.003596044351213665,23.946059334731796,male,60-64,165,0.024778495269559993,8.910456794567574e-05,0.0001235139725181411,3.0604903837653228e-06
2012,E02001608,E08000018,6925,97155,12,3083,0.003892312682452157,26.954265325981186,female,60-64,220,0.03176895306859206,0.00012365469893710823,0.0001235139725181411,3.923909596244194e-06
2012,E02001608,E08000018,6925,97155,12,3083,0.003892312682452157,26.954265325981186,male,60-64,209,0.030180505415162456,0.00011747196399025283,0.0001235139725181411,3.7277141164319845e-06
2012,E02001610,E08000018,8312,97155,39,3825,0.01019607843137255,84.74980392156863,female,60-64,248,0.029836381135707413,0.00030421408216799715,0.0004014204106839586,1.1976932368818785e-05
2012,E02001610,E08000018,8312,97155,39,3825,0.01019607843137255,84.74980392156863,male,60-64,270,0.03248315688161694,0.0003312008152635453,0.0004014204106839586,1.3039402175730127e-05
2012,E02004113,E07000038,9224,97155,3474,4038,0.8603268945022289,7935.655274888559,female,60-64,289,0.03133130962705984,0.026955168312136183,0.03575729504400185,0.0011203228824497545
2012,E02004113,E07000038,9224,97155,3474,4038,0.8603268945022289,7935.655274888559,male,60-64,266,0.02883781439722463,0.024809947304595934,0.03575729504400185,0.0010311622378257257
2012,E02001605,E08000018,7380,97155,12,3095,0.0038772213247172858,28.613893376413568,female,60-64,238,0.03224932249322493,0.00012503776087841652,0.0001235139725181411,3.983241932156854e-06
2012,E02001605,E08000018,7380,97155,12,3095,0.0038772213247172858,28.613893376413568,male,60-64,230,0.03116531165311653,0.00012083481093292354,0.0001235139725181411,3.849351447042338e-06
2012,E02001607,E08000018,8856,97155,12,4092,0.002932551319648094,25.970674486803517,female,60-64,303,0.03421409214092141,0.00010033458105842055,0.0001235139725181411,4.225918436426915e-06
2012,E02001607,E08000018,8856,97155,12,4092,0.002932551319648094,25.970674486803517,male,60-64,312,0.03523035230352303,0.00010331481613936373,0.0001235139725181411,4.351440766221773e-06
2012,E02004045,E07000033,9079,97155,2469,3220,0.7667701863354037,6961.50652173913,female,60-64,335,0.03689833682123582,0.028292544599885477,0.025412999845607534,0.0009376974279412406
2012,E02004045,E07000033,9079,97155,2469,3220,0.7667701863354037,6961.50652173913,male,60-64,314,0.034585306751844916,0.026518982102579223,0.025412999845607534,0.000878916395144924
2012,E02001606,E08000018,8011,97155,10,3937,0.00254000508001016,20.347980695961393,female,60-64,279,0.03482711272000999,8.846104323091184e-05,0.00010292831043178426,3.5846958694879303e-06
2012,E02001606,E08000018,8011,97155,10,3937,0.00254000508001016,20.347980695961393,male,60-64,252,0.031456746972912245,7.990029711179132e-05,0.00010292831043178426,3.237789817602001e-06
2012,E02005838,E07000171,8043,97155,11,3413,0.0032229709932610606,25.92235569879871,female,60-64,340,0.0422727837871441,0.00013624395595036187,0.00011322114147496269,4.786172833704752e-06
2012,E02005838,E07000171,8043,97155,11,3413,0.0032229709932610606,25.92235569879871,male,60-64,287,0.03568320278503046,0.00011500592752280547,0.00011322114147496269,4.040092950803716e-06
2012,E02004047,E07000033,5751,97155,756,2604,0.2903225806451613,1669.6451612903227,female,60-64,164,0.02851677969048861,0.008279065071432178,0.00778138026864289,0.00022189990680880438
2012,E02004047,E07000033,5751,97155,756,2604,0.2903225806451613,1669.6451612903227,male,60-64,165,0.028690662493479395,0.008329547175526277,0.00778138026864289,0.0002232529550210532
2012,E02005894,E07000175,10073,97155,18,4140,0.004347826086956522,43.79565217391304,female,60-64,311,0.030874615308249777,0.00013423745786195557,0.00018527095877721167,5.720169580037013e-06
2012,E02005894,E07000175,10073,97155,18,4140,0.004347826086956522,43.79565217391304,male,60-64,291,0.02888910950064529,0.0001256048239158491,0.00018527095877721167,5.352313015404407e-06
2012,E02005889,E07000174,10157,97155,24,4422,0.005427408412483039,55.12618724559022,female,60-64,323,0.03180072856158314,0.000172595541718226,0.0002470279450362822,7.85566862722449e-06
2012,E02005889,E07000174,10157,97155,24,4422,0.005427408412483039,55.12618724559022,male,60-64,324,0.03189918282957566,0.00017312989324057347,0.0002470279450362822,7.879989582726735e-06
2012,E02004053,E07000033,7938,97155,492,3108,0.1583011583011583,1256.5945945945946,female,60-64,201,0.025321239606953892,0.0040083815594019676,0.005064072873243786,0.00012822860261048135
2012,E02004053,E07000033,7938,97155,492,3108,0.1583011583011583,1256.5945945945946,male,60-64,225,0.02834467120181406,0.00448699428291265,0.005064072873243786,0.0001435394805341209
2012,E02004031,E07000032,7666,97155,164,3159,0.051915163026274136,397.98163975941753,female,60-64,211,0.027524132533263763,0.001428919827621164,0.001688024291081262,4.646140430708926e-05
2012,E02004031,E07000032,7666,97155,164,3159,0.051915163026274136,397.98163975941753,male,60-64,228,0.02974171667101487,0.0015440460696569923,0.001688024291081262,5.0204740199129626e-05
2012,E02005883,E07000174,7845,97155,32,3272,0.009779951100244499,76.72371638141809,female,60-64,209,0.02664117272147865,0.0002605493664692288,0.00032937059338170965,8.774818867658039e-06
2012,E02005883,E07000174,7845,97155,32,3272,0.009779951100244499,76.72371638141809,male,60-64,220,0.02804333970681963,0.0002742624910202409,0.00032937059338170965,9.23665143964004e-06
2012,E02005822,E07000170,9777,97155,24,3954,0.006069802731411229,59.34446130500759,female,60-64,226,0.0231154750946098,0.0001403063738671308,0.0002470279450362822,5.71016831115882e-06
2012,E02005822,E07000170,9777,97155,24,3954,0.006069802731411229,59.34446130500759,male,60-64,233,0.0238314411373632,0.0001446521465090331,0.0002470279450362822,5.887031931415951e-06
2012,E02004030,E07000032,5665,97155,510,2112,0.24147727272727273,1367.96875,female,60-64,279,0.04924977934686672,0.01189270239910134,0.005249343832020997,0.00025852902544286994
2012,E02004030,E07000032,5665,97155,510,2112,0.24147727272727273,1367.96875,male,60-64,278,0.04907325684024713,0.01185007622562786,0.005249343832020997,0.0002576023981115335
2012,E02004032,E07000032,8284,97155,184,2974,0.06186953597848016,512.5272360457296,female,60-64,335,0.04043940125543216,0.002501966990921156,0.0018938809119448303,7.658741012814078e-05
2012,E02004032,E07000032,8284,97155,184,2974,0.06186953597848016,512.5272360457296,male,60-64,312,0.03766296475132786,0.002330190152738509,0.0018938809119448303,7.13291700297908e-05
2012,E02004075,E07000035,7458,97155,155,2523,0.06143479984145858,458.1807372175981,female,60-64,315,0.042236524537409496,0.0025947924309546065,0.0015953888116926561,6.738367869176546e-05
2012,E02004075,E07000035,7458,97155,155,2523,0.06143479984145858,458.1807372175981,male,60-64,336,0.04505229283990346,0.0027677785930182467,0.0015953888116926561,7.187592393788314e-05
2012,E02004074,E07000035,5875,97155,386,2042,0.1890303623898139,1110.5533790401566,female,60-64,255,0.04340425531914894,0.008204722112238732,0.003973032782666873,0.0001724465292902217
2012,E02004074,E07000035,5875,97155,386,2042,0.1890303623898139,1110.5533790401566,male,60-64,215,0.03659574468085106,0.006917706878946381,0.003973032782666873,0.00014539609332312812
2012,E02002806,E06000015,6527,97155,11,1899,0.005792522380200105,37.80779357556609,female,60-64,102,0.015627393902252183,9.052202892299842e-05,0.00011322114147496269,1.7693513758918637e-06
2012,E02002806,E06000015,6527,97155,11,1899,0.005792522380200105,37.80779357556609,male,60-64,111,0.017006281599509728,9.850926676914535e-05,0.00011322114147496269,1.925470614941146e-06
2012,E02002815,E06000015,7881,97155,11,2837,0.0038773352132534366,30.557278815650335,female,60-64,136,0.01725669331303134,6.690998464693153e-05,0.00011322114147496269,1.953822514984764e-06
2012,E02002815,E06000015,7881,97155,11,2837,0.0038773352132534366,30.557278815650335,male,60-64,92,0.011673645476462378,4.526263667292427e-05,0.00011322114147496269,1.321703466019105e-06
2012,E02002811,E06000015,10268,97155,11,3874,0.002839442436757873,29.15539494062984,female,60-64,128,0.012465913517724971,3.53962438551819e-05,0.00011322114147496269,1.4114049580049887e-06
2012,E02002811,E06000015,10268,97155,11,3874,0.002839442436757873,29.15539494062984,male,60-64,162,0.015777171795870668,4.47983711292146e-05,0.00011322114147496269,1.7863093999750642e-06
2012,E02004118,E07000039,6815,97155,10,2416,0.0041390728476821195,28.207781456953644,female,60-64,199,0.029200293470286135,0.00012086214184721084,0.00010292831043178426,3.005536871008814e-06
2012,E02004118,E07000039,6815,97155,10,2416,0.0041390728476821195,28.207781456953644,male,60-64,212,0.031107850330154074,0.0001287576586513,0.00010292831043178426,3.201878475647581e-06
2012,E02006827,E07000032,7622,97155,12,2775,0.004324324324324324,32.96,female,60-64,251,0.03293098924166885,0.00014240427780181126,0.0001235139725181411,4.067437300190687e-06
2012,E02006827,E07000032,7622,97155,12,2775,0.004324324324324324,32.96,male,60-64,256,0.03358698504329572,0.00014524101640344097,0.0001235139725181411,4.1484619476048445e-06
2012,E02005823,E07000170,7513,97155,13,3531,0.0036816765788728408,27.660436137071652,female,60-64,161,0.021429522161586584,7.889656983874982e-05,0.00013380680356131955,2.86741586228836e-06
2012,E02005823,E07000170,7513,97155,13,3531,0.0036816765788728408,27.660436137071652,male,60-64,203,0.027019832290696127,9.947828370972803e-05,0.00013380680356131955,3.6154373915809756e-06
2012,E02005890,E07000174,6715,97155,13,2532,0.005134281200631911,34.47669826224328,female,60-64,266,0.03961280714817573,0.00020338329104513603,0.00013380680356131955,5.300463104588384e-06
2012,E02005890,E07000174,6715,97155,13,2532,0.005134281200631911,34.47669826224328,male,60-64,260,0.0387192851824274,0.0001987956980140427,0.00013380680356131955,5.180903786439773e-06
2012,E02004040,E07000032,9078,97155,13,2840,0.004577464788732394,41.554225352112674,female,60-64,286,0.03150473672615114,0.00014421182304224112,0.00013380680356131955,4.215548118367195e-06
2012,E02004040,E07000032,9078,97155,13,2840,0.004577464788732394,41.554225352112674,male,60-64,288,0.031725049570389956,0.00014522029732924979,0.00013380680356131955,4.245027475838294e-06
2012,E02002821,E06000015,11377,97155,13,4175,0.0031137724550898203,35.425389221556884,female,60-64,188,0.01652456710907972,5.145374189653566e-05,0.00013380680356131955,2.211099505100472e-06
2012,E02002821,E06000015,11377,97155,13,4175,0.0031137724550898203,35.425389221556884,male,60-64,192,0.01687615364331546,5.2548502362419396e-05,0.00013380680356131955,2.258144175421759e-06
2012,E02002824,E06000015,9562,97155,13,3558,0.0036537380550871277,34.93704328274311,female,60-64,248,0.025935996653419786,9.476333796921227e-05,0.00013380680356131955,3.4704128093711826e-06
2012,E02002824,E06000015,9562,97155,13,3558,0.0036537380550871277,34.93704328274311,male,60-64,245,0.02562225475841874,9.36170072679718e-05,0.00013380680356131955,3.4284320092578216e-06
2012,E02005827,E07000170,8446,97155,14,3234,0.004329004329004329,36.56277056277056,female,60-64,232,0.027468624200805116,0.00011891179307707843,0.00014409963460449796,3.958218710424287e-06
2012,E02005827,E07000170,8446,97155,14,3234,0.004329004329004329,36.56277056277056,male,60-64,255,0.030191806772436658,0.0001307004622183405,0.00014409963460449796,4.350628323957729e-06
2012,E02002813,E06000015,10537,97155,14,4158,0.003367003367003367,35.47811447811448,female,60-64,127,0.012052766442061307,4.058170519212561e-05,0.00014409963460449796,1.7367992402743892e-06
2012,E02002813,E06000015,10537,97155,14,4158,0.003367003367003367,35.47811447811448,male,60-64,153,0.01452026193413685,4.8889770822009594e-05,0.00014409963460449796,2.092364439070721e-06
2012,E02004080,E07000036,9536,97155,15,3327,0.004508566275924256,42.993688007213706,female,60-64,227,0.02380453020134228,0.00010732430207999225,0.0001543924656476764,3.6752401113698132e-06
2012,E02004080,E07000036,9536,97155,15,3327,0.004508566275924256,42.993688007213706,male,60-64,233,0.024433724832214766,0.00011016106777373655,0.0001543924656476764,3.7723830218024958e-06
2012,E02004076,E07000035,6658,97155,15,2298,0.006527415143603133,43.45953002610966,female,60-64,209,0.0313908080504656,0.00020490083583854832,0.0001543924656476764,4.846504253584314e-06
2012,E02004076,E07000035,6658,97155,15,2298,0.006527415143603133,43.45953002610966,male,60-64,189,0.028386902973866025,0.0001852931003516059,0.0001543924656476764,4.382723942236533e-06
2012,E02005830,E07000170,6081,97155,17,2266,0.007502206531332745,45.620917917034426,female,60-64,214,0.035191580332182205,0.00026401450381601833,0.00017497812773403323,6.15775683852707e-06
2012,E02005830,E07000170,6081,97155,17,2266,0.007502206531332745,45.620917917034426,male,60-64,202,0.033218220687386946,0.0002492099522001669,0.00017497812773403323,5.812462062534898e-06
2012,E02002808,E06000015,12033,97155,18,3850,0.004675324675324675,56.25818181818182,female,60-64,140,0.011634671320535195,5.439586591419052e-05,0.00018527095877721167,2.155566710613283e-06
2012,E02002808,E06000015,12033,97155,18,3850,0.004675324675324675,56.25818181818182,male,60-64,155,0.012881243247735394,6.022399440499664e-05,0.00018527095877721167,2.3865202867504204e-06
2012,E02005884,E07000174,6034,97155,18,2478,0.007263922518159807,43.83050847457627,female,60-64,196,0.03248259860788863,0.0002359510794761886,0.00018527095877721167,6.0180821876588475e-06
2012,E02005884,E07000174,6034,97155,18,2478,0.007263922518159807,43.83050847457627,male,60-64,212,0.03513423931057342,0.00025521239208648974,0.00018527095877721167,6.509354202977937e-06
2012,E02005892,E07000174,11677,97155,19,4381,0.004336909381419767,50.64209084683862,female,60-64,379,0.03245696668664897,0.00014076292331575678,0.0001955637898203901,6.347407411315223e-06
2012,E02005892,E07000174,11677,97155,19,4381,0.004336909381419767,50.64209084683862,male,60-64,374,0.032028774514001886,0.00013890589266515313,0.0001955637898203901,6.263668527260932e-06
2012,E02005820,E07000170,5704,97155,24,2206,0.010879419764279238,62.056210335448775,female,60-64,203,0.0355890603085554,0.0003871883261130234,0.0002470279450362822,8.791492433794758e-06
2012,E02005820,E07000170,5704,97155,24,2206,0.010879419764279238,62.056210335448775,male,60-64,180,0.03155680224403927,0.00034331969803125224,0.0002470279450362822,7.79541201026136e-06
2012,E02005886,E07000174,10342,97155,26,4259,0.0061047194177036865,63.135008217891524,female,60-64,312,0.03016824598723651,0.00018416867707634406,0.0002676136071226391,8.073433129207446e-06
2012,E02005886,E07000174,10342,97155,26,4259,0.0061047194177036865,63.135008217891524,male,60-64,304,0.02939470121833301,0.00017944640330515573,0.0002676136071226391,7.866422023330332e-06
2012,E02004039,E07000032,8055,97155,27,2575,0.010485436893203883,84.46019417475728,female,60-64,258,0.03202979515828678,0.0003358463958344633,0.0002779064381658175,8.901286287620226e-06
2012,E02004039,E07000032,8055,97155,27,2575,0.010485436893203883,84.46019417475728,male,60-64,264,0.03277467411545624,0.0003436567771329392,0.0002779064381658175,9.108292945471859e-06
2012,E02005829,E07000170,6670,97155,27,2570,0.010505836575875487,70.0739299610895,female,60-64,258,0.038680659670164916,0.0004063726891418104,0.0002779064381658175,1.0749604354839717e-05
2012,E02005829,E07000170,6670,97155,27,2570,0.010505836575875487,70.0739299610895,male,60-64,238,0.03568215892053973,0.0003748709302936081,0.0002779064381658175,9.916301691673848e-06
2012,E02005882,E07000174,7817,97155,29,3133,0.00925630386211299,72.35652729013725,female,60-64,309,0.0395292311628502,0.00036589457507904744,0.0002984921002521744,1.1799163231152856e-05
2012,E02005882,E07000174,7817,97155,29,3133,0.00925630386211299,72.35652729013725,male,60-64,282,0.036075220672892414,0.00033392320444107244,0.0002984921002521744,1.0768168385712316e-05
2012,E02005885,E07000174,8195,97155,34,3621,0.009389671361502348,76.94835680751174,female,60-64,289,0.03526540573520439,0.0003311305702836093,0.00034995625546806647,1.2341349338654203e-05
2012,E02005885,E07000174,8195,97155,34,3621,0.009389671361502348,76.94835680751174,male,60-64,310,0.037827943868212324,0.0003551919612038716,0.00034995625546806647,1.323812558817579e-05
2012,E02005821,E07000170,6379,97155,34,2601,0.013071895424836602,83.38562091503269,female,60-64,195,0.030569054710769712,0.00039959548641529036,0.00034995625546806647,1.0697831919779426e-05
2012,E02005821,E07000170,6379,97155,34,2601,0.013071895424836602,83.38562091503269,male,60-64,176,0.02759053143125882,0.0003606605415850826,0.00034995625546806647,9.655479066057328e-06
2012,E02004037,E07000032,7801,97155,43,2364,0.018189509306260575,141.89636209813875,female,60-64,269,0.034482758620689655,0.0006272244588365716,0.0004425917348566723,1.5261783960574905e-05
2012,E02004037,E07000032,7801,97155,43,2364,0.018189509306260575,141.89636209813875,male,60-64,238,0.030508909114216127,0.0005549420862568924,0.0004425917348566723,1.3502991013445457e-05
2012,E02005881,E07000174,5693,97155,43,2422,0.017753922378199834,101.07308009909165,female,60-64,149,0.026172492534691727,0.00046466440090493153,0.0004425917348566723,1.1583728876452516e-05
2012,E02005881,E07000174,5693,97155,43,2422,0.017753922378199834,101.07308009909165,male,60-64,213,0.03741436852274723,0.0006642517945822175,0.0004425917348566723,1.655929027304957e-05
2012,E02004038,E07000032,7843,97155,46,2744,0.016763848396501458,131.47886297376093,female,60-64,253,0.03225806451612903,0.0005407693031129503,0.0004734702279862076,1.5273233160845406e-05
2012,E02004038,E07000032,7843,97155,46,2744,0.016763848396501458,131.47886297376093,male,60-64,234,0.029835522121637127,0.0005001581696775903,0.0004734702279862076,1.4126231461019071e-05
2012,E02004036,E07000032,9930,97155,53,3520,0.015056818181818182,149.51420454545453,female,60-64,321,0.032326283987915407,0.00048673098049986267,0.0005455200452884565,1.763463590509512e-05
2012,E02004036,E07000032,9930,97155,53,3520,0.015056818181818182,149.51420454545453,male,60-64,343,0.03454179254783484,0.0005200894900668315,0.0005455200452884565,1.8843240235039333e-05
2012,E02004033,E07000032,8889,97155,87,3254,0.026736324523663185,237.65918869084206,female,60-64,287,0.03228709641129486,0.0008632382875791804,0.0008954763007565231,2.8912329656555533e-05
2012,E02004033,E07000032,8889,97155,87,3254,0.026736324523663185,237.65918869084206,male,60-64,319,0.03588705141185735,0.0009594878527448031,0.0008954763007565231,3.213600404334918e-05
2012,E02004034,E07000032,7217,97155,77,2551,0.03018424147393179,217.83967071736572,female,60-64,315,0.04364694471387003,0.0013174499188428038,0.0007925479903247388,3.459229831679267e-05
2012,E02004034,E07000032,7217,97155,77,2551,0.03018424147393179,217.83967071736572,male,60-64,301,0.041707080504364696,0.0012588965891164568,0.0007925479903247388,3.305486283604633e-05
2012,E02004035,E07000032,6545,97155,85,2141,0.039701074264362445,259.8435310602522,female,60-64,251,0.038349885408708935,0.0015225316486409432,0.0008748906386701663,3.355195573815305e-05
2012,E02004035,E07000032,6545,97155,85,2141,0.039701074264362445,259.8435310602522,male,60-64,277,0.04232238349885409,0.0016802440903328339,0.0008748906386701663,3.702745712935616e-05
2012,E02004043,E07000032,7034,97155,16,2595,0.006165703275529865,43.369556840077074,female,60-64,267,0.03795848734717088,0.00023404076977061046,0.00016468529669085483,6.251204750704896e-06
2012,E02004043,E07000032,7034,97155,16,2595,0.006165703275529865,43.369556840077074,male,60-64,281,0.039948820017059995,0.0002463125704327399,0.00016468529669085483,6.578983276959085e-06
2012,E02002820,E06000015,9785,97155,11,3613,0.003044561306393579,29.791032383061168,female,60-64,223,0.022789984670413897,6.938550550084497e-05,0.00011322114147496269,2.580308078581163e-06
2012,E02002820,E06000015,9785,97155,11,3613,0.003044561306393579,29.791032383061168,male,60-64,220,0.022483392948390392,6.845206820711163e-05,0.00011322114147496269,2.5455954138468873e-06
2012,E02002801,E06000015,7589,97155,9,2732,0.003294289897510981,25.000366032210835,female,60-64,206,0.02714455132428515,8.94220212000609e-05,9.263547938860583e-05,2.51454852471377e-06
2012,E02002801,E06000015,7589,97155,9,2732,0.003294289897510981,25.000366032210835,male,60-64,183,0.02411384899196205,7.943800912432594e-05,9.263547938860583e-05,2.233797961274854e-06
2012,E02002816,E06000015,9479,97155,9,2797,0.0032177332856632105,30.50089381480157,female,60-64,251,0.026479586454267328,8.520424672449265e-05,9.263547938860583e-05,2.4529491852030874e-06
2012,E02002816,E06000015,9479,97155,9,2797,0.0032177332856632105,30.50089381480157,male,60-64,231,0.024369659246755986,7.841506371855697e-05,9.263547938860583e-05,2.2574950668602116e-06
2012,E02002803,E06000015,7912,97155,8,2208,0.0036231884057971015,28.666666666666668,female,60-64,136,0.017189079878665317,6.227927492270043e-05,8.234264834542741e-05,1.4153943598304004e-06
2012,E02002803,E06000015,7912,97155,8,2208,0.0036231884057971015,28.666666666666668,male,60-64,164,0.020728008088978768,7.510147858325641e-05,8.234264834542741e-05,1.7067990809719535e-06
2012,E02004084,E07000036,6139,97155,8,2240,0.0035714285714285713,21.925,female,60-64,169,0.027528913503827985,9.831754822795709e-05,8.234264834542741e-05,2.266803643977396e-06
2012,E02004084,E07000036,6139,97155,8,2240,0.0035714285714285713,21.925,male,60-64,160,0.02606287669001466,9.308170246433807e-05,8.234264834542741e-05,2.1460862901561142e-06
2012,E02002825,E06000015,8582,97155,8,3211,0.002491435689816257,21.381501090003116,female,60-64,268,0.031228151945933348,7.780293228510334e-05,8.234264834542741e-05,2.5714087341615645e-06
2012,E02002825,E06000015,8582,97155,8,3211,0.002491435689816257,21.381501090003116,male,60-64,235,0.02738289443020275,6.822272047387793e-05,8.234264834542741e-05,2.254780046746148e-06
2012,E02004083,E07000036,7917,97155,8,2488,0.003215434083601286,25.456591639871384,female,60-64,223,0.028167235063786787,9.056988766490929e-05,8.234264834542741e-05,2.3193647317203882e-06
2012,E02004083,E07000036,7917,97155,8,2488,0.003215434083601286,25.456591639871384,male,60-64,203,0.02564102564102564,8.244702778464835e-05,8.234264834542741e-05,2.111349957575062e-06
2012,E02006872,E07000037,12346,97155,354,4893,0.07234825260576333,893.2115266707541,female,65-69,426,0.03450510286732545,0.0024963838984331105,0.003643662189285163,0.0001257249386550688
2012,E02006872,E07000037,12346,97155,354,4893,0.07234825260576333,893.2115266707541,male,65-69,451,0.036530050218694314,0.0026428853009233164,0.003643662189285163,0.00013310316275454465
2012,E02004103,E07000037,7137,97155,89,3114,0.028580603725112397,203.97976878612718,female,65-69,184,0.025781140535238896,0.000736840561219095,0.0009160619628428799,2.3617122203039078e-05
2012,E02004103,E07000037,7137,97155,89,3114,0.028580603725112397,203.97976878612718,male,65-69,141,0.019756200084068937,0.0005646441257168065,0.0009160619628428799,1.809790342732886e-05
2012,E02004097,E07000037,7704,97155,29,2762,0.010499637943519189,80.88921071687183,female,65-69,286,0.03712357217030114,0.0003897840669582669,0.0002984921002521744,1.108109302597636e-05
2012,E02004097,E07000037,7704,97155,29,2762,0.010499637943519189,80.88921071687183,male,65-69,262,0.03400830737279335,0.00035707491448624446,0.0002984921002521744,1.0151211093726595e-05
2012,E02004102,E07000037,8625,97155,96,3736,0.02569593147751606,221.627408993576,female,65-69,219,0.025391304347826087,0.0006524532166464948,0.000988111780145129,2.5089446939337187e-05
2012,E02004102,E07000037,8625,97155,96,3736,0.02569593147751606,221.627408993576,male,65-69,217,0.025159420289855072,0.0006464947397821432,0.000988111780145129,2.486031957002817e-05
2012,E02004098,E07000037,7341,97155,47,3145,0.014944356120826709,109.70651828298887,female,65-69,255,0.03473641193297916,0.0005191133102861751,0.00048376305902938604,1.6804192896402868e-05
2012,E02004098,E07000037,7341,97155,47,3145,0.014944356120826709,109.70651828298887,male,65-69,219,0.0298324478953821,0.00044582672530459733,0.00048376305902938604,1.4431836252204814e-05
2012,E02004104,E07000037,7167,97155,84,2895,0.029015544041450778,207.95440414507772,female,65-69,242,0.0337658713548207,0.0009797351273937614,0.0008645978076269878,2.9193898345992887e-05
2012,E02004104,E07000037,7167,97155,84,2895,0.029015544041450778,207.95440414507772,male,65-69,226,0.03153341705036975,0.0009149592512024384,0.0008645978076269878,2.7263723248737162e-05
2012,E02004100,E07000037,7641,97155,54,3050,0.017704918032786884,135.28327868852458,female,65-69,268,0.03507394320115168,0.0006209812894630134,0.000555812876331635,1.949454925492451e-05
2012,E02004100,E07000037,7641,97155,54,3050,0.017704918032786884,135.28327868852458,male,65-69,264,0.03455045151158225,0.0006117129120083415,0.000555812876331635,1.9203585833209216e-05
2012,E02004068,E07000035,7531,97155,1163,2634,0.4415337889141989,3325.190964312832,female,65-69,281,0.03731244190678529,0.016474703848743846,0.011970562503216509,0.0004466509179928083
2012,E02004068,E07000035,7531,97155,1163,2634,0.4415337889141989,3325.190964312832,male,65-69,268,0.03558624352675607,0.015712528937591994,0.011970562503216509,0.0004259873523917175
2012,E02006210,E07000198,5452,97155,24,1854,0.012944983818770227,70.57605177993528,female,65-69,200,0.036683785766691124,0.0004748710131610502,0.0002470279450362822,9.061920214096927e-06
2012,E02006210,E07000198,5452,97155,24,1854,0.012944983818770227,70.57605177993528,male,65-69,240,0.04402054292002935,0.0005698452157932601,0.0002470279450362822,1.0874304256916312e-05
2012,E02006204,E07000198,7282,97155,11,2851,0.003858295334970186,28.096106629252894,female,65-69,228,0.03131007964844823,0.00012080353424515277,0.00011322114147496269,3.5449629574693072e-06
2012,E02006204,E07000198,7282,97155,11,2851,0.003858295334970186,28.096106629252894,male,65-69,238,0.03268332875583631,0.00012610193486994016,0.00011322114147496269,3.700443788937259e-06
2012,E02004070,E07000035,6373,97155,1527,2452,0.6227569331158238,3968.829934747145,female,65-69,290,0.04550447199121293,0.02833822542030267,0.015717153002933457,0.0007152007486035936
2012,E02004070,E07000035,6373,97155,1527,2452,0.6227569331158238,3968.829934747145,male,65-69,281,0.044092264239761494,0.02745876325208638,0.015717153002933457,0.0006930048633021029
2012,E02006803,E08000019,8747,97155,441,3080,0.1431818181818182,1252.4113636363636,female,65-69,271,0.030982050988910485,0.004436066391594002,0.004539138490041686,0.00014063182014419767
2012,E02006803,E08000019,8747,97155,441,3080,0.1431818181818182,1252.4113636363636,male,65-69,240,0.02743797873556648,0.003928619682592473,0.004539138490041686,0.00012454478536755512
2012,E02006869,E08000019,11118,97155,31,4236,0.007318224740321058,81.36402266288952,female,65-69,315,0.028332433890987586,0.00020734311865453617,0.0003190777623385312,9.040249607540684e-06
2012,E02006869,E08000019,11118,97155,31,4236,0.007318224740321058,81.36402266288952,male,65-69,281,0.02527432991545242,0.00018496322648230054,0.0003190777623385312,8.064476634028357e-06
2012,E02006868,E08000019,12500,97155,11,4482,0.0024542614904060687,30.67826863007586,female,65-69,229,0.01832,4.496207050423918e-05,0.00011322114147496269,2.0742113118213166e-06
2012,E02006868,E08000019,12500,97155,11,4482,0.0024542614904060687,30.67826863007586,male,65-69,207,0.01656,4.0642570281124496e-05,0.00011322114147496269,1.874942102825382e-06
2012,E02004105,E07000038,9450,97155,1852,3263,0.5675758504443763,5363.591786699356,female,65-69,251,0.02656084656084656,0.015075295075295073,0.019062323091966444,0.0005063114387390029
2012,E02004105,E07000038,9450,97155,1852,3263,0.5675758504443763,5363.591786699356,male,65-69,268,0.02835978835978836,0.016096330996729403,0.019062323091966444,0.0005406034485340748
2012,E02001634,E08000019,9260,97155,11,3128,0.003516624040920716,32.56393861892583,female,65-69,209,0.022570194384449245,7.937088818060795e-05,0.00011322114147496269,2.5554231715191363e-06
2012,E02001634,E08000019,9260,97155,11,3128,0.003516624040920716,32.56393861892583,male,65-69,208,0.0224622030237581,7.899112316538973e-05,0.00011322114147496269,2.5431962663922507e-06
2012,E02001669,E08000019,7690,97155,45,2629,0.017116774438950173,131.62799543552683,female,65-69,194,0.025227568270481143,0.00043181459572904203,0.0004631773969430292,1.1684839402724012e-05
2012,E02001669,E08000019,7690,97155,45,2629,0.017116774438950173,131.62799543552683,male,65-69,152,0.01976592977893368,0.000338328961602136,0.0004631773969430292,9.155131903165205e-06
2012,E02001660,E08000019,9889,97155,23,3458,0.006651243493348756,65.77414690572586,female,65-69,183,0.018505410051572455,0.00012308398819727196,0.0002367351139931038,4.3808803580481335e-06
2012,E02001660,E08000019,9889,97155,23,3458,0.006651243493348756,65.77414690572586,male,65-69,149,0.01506724643543331,0.00010021592481635804,0.0002367351139931038,3.5669463024544913e-06
2012,E02001653,E08000019,7439,97155,9,2991,0.003009027081243731,22.384152457372114,female,65-69,177,0.023793520634493883,7.159534794732362e-05,9.263547938860583e-05,2.2041241903190257e-06
2012,E02001653,E08000019,7439,97155,9,2991,0.003009027081243731,22.384152457372114,male,65-69,164,0.02204597392122597,6.633693256136199e-05,9.263547938860583e-05,2.04223936278147e-06
2012,E02001662,E08000019,7588,97155,15,3172,0.004728877679697352,35.8827238335435,female,65-69,229,0.03017923036373221,0.00014271388885749782,0.0001543924656476764,4.6594457872058375e-06
2012,E02001662,E08000019,7588,97155,15,3172,0.004728877679697352,35.8827238335435,male,65-69,201,0.026489193463363207,0.00012526415572208324,0.0001543924656476764,4.089731891826958e-06
2012,E02001655,E08000019,7681,97155,14,3228,0.004337050805452293,33.31288723667906,female,65-69,214,0.027860955604738967,0.0001208343799462037,0.00014409963460449796,4.0147535223750245e-06
2012,E02001655,E08000019,7681,97155,14,3228,0.004337050805452293,33.31288723667906,male,65-69,220,0.0286421038927223,0.0001242222597577795,0.00014409963460449796,4.127316705245352e-06
2012,E02001650,E08000019,9415,97155,10,2336,0.004280821917808219,40.30393835616438,female,65-69,64,0.006797663303239511,2.909958605838832e-05,0.00010292831043178426,6.996719986865844e-07
2012,E02001650,E08000019,9415,97155,10,2336,0.004280821917808219,40.30393835616438,male,65-69,81,0.008603292618162506,3.682916360514771e-05,0.00010292831043178426,8.855223733377083e-07
2012,E02001627,E08000019,6085,97155,8,2236,0.0035778175313059034,21.77101967799642,female,65-69,115,0.018898931799506986,6.761692951523072e-05,8.234264834542741e-05,1.5561880952710193e-06
2012,E02001627,E08000019,6085,97155,8,2236,0.0035778175313059034,21.77101967799642,male,65-69,87,0.014297452752670501,5.1153677111522365e-05,8.234264834542741e-05,1.1772901242485103e-06
2012,E02001656,E08000019,7888,97155,17,2300,0.007391304347826087,58.302608695652175,female,65-69,153,0.01939655172413793,0.00014336581709145426,0.00017497812773403323,3.3939723051859896e-06
2012,E02001656,E08000019,7888,97155,17,2300,0.007391304347826087,58.302608695652175,male,65-69,122,0.015466531440162272,0.00011431784107946027,0.00017497812773403323,2.706304713939155e-06
2012,E02001666,E08000019,6153,97155,17,2708,0.006277695716395864,38.62666174298375,female,65-69,166,0.026978709572566227,0.0001693641295175871,0.00017497812773403323,4.720684089687879e-06
2012,E02001666,E08000019,6153,97155,17,2708,0.006277695716395864,38.62666174298375,male,65-69,173,0.028116366000325046,0.00017650599040085885,0.00017497812773403323,4.919749081421705e-06
2012,E02001678,E08000019,10006,97155,92,3559,0.025849957853329587,258.65467828041585,female,65-69,391,0.039076554067559464,0.001010127275699767,0.0009469404559724152,3.700316992656549e-05
2012,E02001678,E08000019,10006,97155,92,3559,0.025849957853329587,258.65467828041585,male,65-69,349,0.03487907255646612,0.0009016225555478739,0.0009469404559724152,3.302840487051498e-05
2012,E02001680,E08000019,6098,97155,251,2873,0.08736512356421859,532.7525234946049,female,65-69,156,0.025582158084617907,0.002234988402102017,0.002583500591837785,6.609152055209813e-05
2012,E02001680,E08000019,6098,97155,251,2873,0.08736512356421859,532.7525234946049,male,65-69,138,0.022630370613315843,0.0019771051249364,0.002583500591837785,5.846557587300989e-05
2012,E02001642,E08000019,9800,97155,8,3907,0.002047606859482979,20.066547222933195,female,65-69,261,0.02663265306122449,5.4533203094393626e-05,8.234264834542741e-05,2.193003185526179e-06
2012,E02001642,E08000019,9800,97155,8,3907,0.002047606859482979,20.066547222933195,male,65-69,252,0.025714285714285714,5.2652747815276605e-05,8.234264834542741e-05,2.1173823860252764e-06
2012,E02001665,E08000019,9466,97155,44,3159,0.013928458372902817,131.84678695789808,female,65-69,322,0.034016480033805196,0.0004737971261435355,0.00045288456589985077,1.5405538793550807e-05
2012,E02001665,E08000019,9466,97155,44,3159,0.013928458372902817,131.84678695789808,male,65-69,300,0.031692372702302976,0.00044142589392254857,0.00045288456589985077,1.4352986453618764e-05
2012,E02001664,E08000019,6233,97155,26,2407,0.01080182800166182,67.32779393435813,female,65-69,188,0.030162040750842292,0.00032580517636971313,0.0002676136071226391,8.07177252351294e-06
2012,E02001664,E08000019,6233,97155,26,2407,0.01080182800166182,67.32779393435813,male,65-69,196,0.03144553184662281,0.0003396692264279988,0.0002676136071226391,8.415252205364554e-06
2012,E02001659,E08000019,6120,97155,10,2607,0.0038358266206367474,23.475258918296895,female,65-69,148,0.024183006535947713,9.276182023762069e-05,0.00010292831043178426,2.489116003905894e-06
2012,E02001659,E08000019,6120,97155,10,2607,0.0038358266206367474,23.475258918296895,male,65-69,137,0.02238562091503268,8.58673606253651e-05,0.00010292831043178426,2.304114138750726e-06
2012,E02001636,E08000019,9739,97155,8,3457,0.0023141452126120912,22.537460225629157,female,65-69,157,0.016120751617209158,3.73057601786732e-05,8.234264834542741e-05,1.327425381479834e-06
2012,E02001636,E08000019,9739,97155,8,3457,0.0023141452126120912,22.537460225629157,male,65-69,207,0.021254748947530547,4.91865755221997e-05,8.234264834542741e-05,1.7501723182568513e-06
2012,E02001679,E08000019,6324,97155,179,2654,0.06744536548605878,426.5244913338357,female,65-69,170,0.026881720430107527,0.0018130474593026555,0.0018424167567289383,4.952733217013275e-05
2012,E02001679,E08000019,6324,97155,179,2654,0.06744536548605878,426.5244913338357,male,65-69,160,0.02530044275774826,0.0017063976087554403,0.0018424167567289383,4.6613959689536704e-05
2012,E02001681,E08000019,7453,97155,157,2675,0.05869158878504673,437.4284112149533,female,65-69,282,0.03783711257211861,0.0022207202518963074,0.0016159744737790128,6.114380807804664e-05
2012,E02001681,E08000019,7453,97155,157,2675,0.05869158878504673,437.4284112149533,male,65-69,254,0.03408023614651818,0.0020002232056087308,0.0016159744737790128,5.5072791673134204e-05
2012,E02001657,E08000019,8992,97155,11,2789,0.003944065973467192,35.465041233417,female,65-69,220,0.024466192170818506,9.649627604123469e-05,0.00011322114147496269,2.770090205125867e-06
2012,E02001657,E08000019,8992,97155,11,2789,0.003944065973467192,35.465041233417,male,65-69,189,0.021018683274021354,8.289907350815163e-05,0.00011322114147496269,2.379759312585404e-06
2012,E02001671,E08000019,5902,97155,28,2247,0.012461059190031152,73.54517133956386,female,65-69,233,0.039478143002372075,0.0004919394766650726,0.0002881992692089959,1.1377571963011868e-05
2012,E02001671,E08000019,5902,97155,28,2247,0.012461059190031152,73.54517133956386,male,65-69,193,0.032700779396814636,0.0004074863476238584,0.0002881992692089959,9.424340724726568e-06
2012,E02001652,E08000019,12526,97155,8,2986,0.0026791694574681848,33.55927662424648,female,65-69,73,0.005827878013731439,1.561387277623962e-05,8.234264834542741e-05,4.798829098847359e-07
2012,E02001652,E08000019,12526,97155,8,2986,0.0026791694574681848,33.55927662424648,male,65-69,87,0.006945553249241577,1.8608314130586945e-05,8.234264834542741e-05,5.7191524876674e-07
2012,E02001673,E08000019,5543,97155,43,1955,0.021994884910485932,121.91764705882352,female,65-69,110,0.01984484935955259,0.0004364851777292897,0.0004425917348566723,8.783166306013703e-06
2012,E02001673,E08000019,5543,97155,43,1955,0.021994884910485932,121.91764705882352,male,65-69,105,0.0189428107523002,0.0004166449423779583,0.0004425917348566723,8.38393147392217e-06
2012,E02001661,E08000019,7877,97155,14,3256,0.0042997542997543,33.86916461916462,female,65-69,177,0.02247048368668275,9.6617558849373e-05,0.00014409963460449796,3.237988488637316e-06
2012,E02001661,E08000019,7877,97155,14,3256,0.0042997542997543,33.86916461916462,male,65-69,146,0.018534975244382378,7.969583950287263e-05,0.00014409963460449796,2.670883160118916e-06
2012,E02001649,E08000019,9557,97155,9,4107,0.002191380569758948,20.943024105186268,female,65-69,219,0.022915140734540127,5.0215794158963024e-05,9.263547938860583e-05,2.122755047201494e-06
2012,E02001649,E08000019,9557,97155,9,4107,0.002191380569758948,20.943024105186268,male,65-69,201,0.021031704509783405,4.608846861165099e-05,9.263547938860583e-05,1.948282029623289e-06
2012,E02001676,E08000019,5995,97155,109,2168,0.050276752767527674,301.4091328413284,female,65-69,193,0.03219349457881568,0.0016185843676618584,0.0011219185837064484,3.611847984242611e-05
2012,E02001676,E08000019,5995,97155,109,2168,0.050276752767527674,301.4091328413284,male,65-69,176,0.029357798165137616,0.0014760147601476014,0.0011219185837064484,3.293705933817096e-05
2012,E02001651,E08000019,8119,97155,13,2920,0.004452054794520548,36.146232876712325,female,65-69,284,0.03497967730016012,0.00015573144003495944,0.00013380680356131955,4.680518809140874e-06
2012,E02001651,E08000019,8119,97155,13,2920,0.004452054794520548,36.146232876712325,male,65-69,281,0.034610173666707725,0.00015408638961205494,0.00013380680356131955,4.631076709044316e-06
2012,E02001674,E08000019,8647,97155,130,3282,0.039609993906154786,342.50761730652044,female,65-69,338,0.0390887012836822,0.0015483032196461567,0.0013380680356131953,5.230334174132763e-05
2012,E02001674,E08000019,8647,97155,130,3282,0.039609993906154786,342.50761730652044,male,65-69,305,0.03527234879148838,0.0013971375206866207,0.0013380680356131953,4.719680245889032e-05
2012,E02001618,E08000019,9708,97155,8,3293,0.0024293956878226543,23.584573337382327,female,65-69,299,0.030799340749896993,7.482378560558032e-05,8.234264834542741e-05,2.5360992846397607e-06
2012,E02001618,E08000019,9708,97155,8,3293,0.0024293956878226543,23.584573337382327,male,65-69,291,0.029975278121137205,7.282181140877548e-05,8.234264834542741e-05,2.468243785385185e-06
2012,E02001672,E08000019,6175,97155,39,2203,0.017703132092601,109.31684067181118,female,65-69,187,0.030283400809716598,0.000536111044747593,0.0004014204106839586,1.2156375189943362e-05
2012,E02001672,E08000019,6175,97155,39,2203,0.017703132092601,109.31684067181118,male,65-69,183,0.02963562753036437,0.0005246434288171632,0.0004014204106839586,1.1896345774115696e-05
2012,E02001675,E08000019,9063,97155,141,3730,0.03780160857908847,342.59597855227884,female,65-69,321,0.03541873551804038,0.0013388851764192208,0.001451289177088158,5.1402827523479943e-05
2012,E02001675,E08000019,9063,97155,141,3730,0.03780160857908847,342.59597855227884,male,65-69,283,0.031225863400639965,0.0011803878658150765,0.001451289177088158,4.5317757598582006e-05
2012,E02001670,E08000019,6002,97155,19,2500,0.0076,45.6152,female,65-69,152,0.025324891702765744,0.00019246917694101966,0.0001955637898203901,4.9526317981838216e-06
2012,E02001670,E08000019,6002,97155,19,2500,0.0076,45.6152,male,65-69,143,0.023825391536154615,0.00018107297567477508,0.0001955637898203901,4.659383862765043e-06
2012,E02001639,E08000019,6154,97155,8,2044,0.003913894324853229,24.08610567514677,female,65-69,139,0.022586935326616833,8.840287799067253e-05,8.234264834542741e-05,1.8598680728005215e-06
2012,E02001639,E08000019,6154,97155,8,2044,0.003913894324853229,24.08610567514677,male,65-69,110,0.017874553136171596,6.995911207894949e-05,8.234264834542741e-05,1.4718380432234345e-06
2012,E02001663,E08000019,7671,97155,36,2525,0.014257425742574258,109.36871287128713,female,65-69,120,0.01564333202972233,0.0002230336447801996,0.00037054191755442334,5.796510247233842e-06
2012,E02001663,E08000019,7671,97155,36,2525,0.014257425742574258,109.36871287128713,male,65-69,105,0.01368791552600704,0.00019515443918267464,0.00037054191755442334,5.071946466329612e-06
2012,E02005888,E07000174,8284,97155,13,3488,0.0037270642201834864,30.875,female,65-69,170,0.020521487204249154,7.648490070391027e-05,0.00013380680356131955,2.745914607125099e-06
2012,E02005888,E07000174,8284,97155,13,3488,0.0037270642201834864,30.875,male,65-69,167,0.020159343312409463,7.513516716207656e-05,0.00013380680356131955,2.6974572905287737e-06
2012,E02005887,E07000174,9349,97155,23,4120,0.00558252427184466,52.19101941747572,female,65-69,190,0.020323029200984062,0.00011345380379190131,0.0002367351139931038,4.811174634580139e-06
2012,E02005887,E07000174,9349,97155,23,4120,0.00558252427184466,52.19101941747572,male,65-69,158,0.01690020323029201,9.434579473221268e-05,0.0002367351139931038,4.0008715382298e-06
2012,E02005880,E07000174,6267,97155,70,2630,0.026615969581749048,166.8022813688213,female,65-69,222,0.03542364767831498,0.0009428347290806269,0.0007204981730224899,2.552267343401831e-05
2012,E02005880,E07000174,6267,97155,70,2630,0.026615969581749048,166.8022813688213,male,65-69,201,0.03207276208712303,0.0008536476601135407,0.0007204981730224899,2.3108366487557122e-05
2012,E02005824,E07000170,9785,97155,37,3726,0.009930220075147612,97.16720343531938,female,65-69,312,0.03188553909044456,0.0003166304203828365,0.00038083474859760175,1.2143121263408457e-05
2012,E02005824,E07000170,9785,97155,37,3726,0.009930220075147612,97.16720343531938,male,65-69,276,0.028206438426162495,0.00028009614110789384,0.00038083474859760175,1.0741991886861328e-05
2012,E02005819,E07000170,6111,97155,44,2362,0.018628281117696866,113.83742591024554,female,65-69,239,0.039109801996399934,0.0007285483860464001,0.00045288456589985077,1.77122256995687e-05
2012,E02005819,E07000170,6111,97155,44,2362,0.018628281117696866,113.83742591024554,male,65-69,234,0.03829160530191458,0.0007133067880119566,0.00045288456589985077,1.734167704476601e-05
2012,E02005891,E07000174,6437,97155,13,2886,0.0045045045045045045,28.995495495495494,female,65-69,135,0.02097250271865776,9.447073296692684e-05,0.00013380680356131955,2.806263551464679e-06
2012,E02005891,E07000174,6437,97155,13,2886,0.0045045045045045045,28.995495495495494,male,65-69,133,0.020661798974677646,9.307116655260201e-05,0.00013380680356131955,2.7646892766281656e-06
2012,E02005825,E07000170,8073,97155,18,3312,0.005434782608695652,43.875,female,65-69,237,0.029357116313638052,0.0001595495451828155,0.00018527095877721167,5.4390210863618436e-06
2012,E02005825,E07000170,8073,97155,18,3312,0.005434782608695652,43.875,male,65-69,230,0.02849002849002849,0.00015483711135885048,0.00018527095877721167,5.278374893937655e-06
2012,E02004029,E07000032,6402,97155,379,2746,0.13801893663510562,883.5972323379461,female,65-69,190,0.029678225554514215,0.0040961571322508696,0.0039009829653646236,0.00011577425233040902
2012,E02004029,E07000032,6402,97155,379,2746,0.13801893663510562,883.5972323379461,male,65-69,201,0.03139643861293346,0.004333303071486446,0.0039009829653646236,0.00012247697220216954
2012,E02004054,E07000033,8677,97155,295,3267,0.09029690847872666,783.5062748699113,female,65-69,260,0.029964273366370864,0.0027056812497947367,0.003036385157737636,9.098307491204164e-05
2012,E02004054,E07000033,8677,97155,295,3267,0.09029690847872666,783.5062748699113,male,65-69,257,0.029618531750605047,0.0026744618507586436,0.003036385157737636,8.993327020151808e-05
2012,E02004050,E07000033,7057,97155,1059,3002,0.35276482345103266,2489.4613590939375,female,65-69,204,0.028907467762505315,0.010197537761656605,0.010900108074725953,0.0003150945227779644
2012,E02004050,E07000033,7057,97155,1059,3002,0.35276482345103266,2489.4613590939375,male,65-69,211,0.029899390675924613,0.010547453273085998,0.010900108074725953,0.00032590658973603176
2012,E02004051,E07000033,9152,97155,1124,3894,0.2886492039034412,2641.7175141242938,female,65-69,283,0.030922202797202796,0.008925669220353349,0.01156914209253255,0.00035774335797494666
2012,E02004051,E07000033,9152,97155,1124,3894,0.2886492039034412,2641.7175141242938,male,65-69,264,0.028846153846153848,0.008326419343368497,0.01156914209253255,0.0003337252526692082
2012,E02004049,E07000033,7821,97155,2582,3223,0.801116971765436,6265.535836177474,female,65-69,296,0.03784682265694924,0.030319731957878664,0.026576089753486697,0.001005820555815377
2012,E02004049,E07000033,7821,97155,2582,3223,0.801116971765436,6265.535836177474,male,65-69,265,0.03388313514895793,0.02714435462445218,0.026576089753486697,0.0009004812408482259
2012,E02004117,E07000038,7364,97155,2215,2973,0.7450386814665321,5486.464850319542,female,65-69,282,0.038294405214557306,0.028530813168598866,0.022798620760640213,0.000873059621740975
2012,E02004117,E07000038,7364,97155,2215,2973,0.7450386814665321,5486.464850319542,male,65-69,280,0.03802281368821293,0.028328466975913767,0.022798620760640213,0.000866867709530046
2012,E02004112,E07000038,6508,97155,2022,2401,0.8421491045397751,5480.706372344856,female,65-69,312,0.04794099569760295,0.04037346659748153,0.020812104369306778,0.0009977530060269997
2012,E02004112,E07000038,6508,97155,2022,2401,0.8421491045397751,5480.706372344856,male,65-69,304,0.04671173939766441,0.03933824950523842,0.020812104369306778,0.000972169595616051
2012,E02004052,E07000033,7869,97155,1852,3077,0.601884952876178,4736.232694182645,female,65-69,237,0.030118185284025923,0.01812768253039194,0.019062323091966444,0.0005741225788278112
2012,E02004052,E07000033,7869,97155,1852,3077,0.601884952876178,4736.232694182645,male,65-69,266,0.03380353285042572,0.02034583777672682,0.019062323091966444,0.0006443738648447165
2012,E02004061,E07000034,7216,97155,2534,2904,0.8725895316804407,6296.60606060606,female,65-69,244,0.033813747228381374,0.029505521858374104,0.026082033863414133,0.0008819313002595688
2012,E02004061,E07000034,7216,97155,2534,2904,0.8725895316804407,6296.60606060606,male,65-69,193,0.02674611973392461,0.02333838409289427,0.026082033863414133,0.0006975932006151507
2012,E02004111,E07000038,5498,97155,1933,2254,0.857586512866016,4715.010647737356,female,65-69,205,0.03728628592215351,0.03197621592170485,0.019896042406463896,0.000741849525886704
2012,E02004111,E07000038,5498,97155,1933,2254,0.857586512866016,4715.010647737356,male,65-69,194,0.03528555838486722,0.03026041896980849,0.019896042406463896,0.0007020429659610759
2012,E02004062,E07000034,7987,97155,2706,3135,0.8631578947368421,6894.042105263158,female,65-69,248,0.031050456992612996,0.026801447088360693,0.02785240080284082,0.0008648297732696286
2012,E02004062,E07000034,7987,97155,2706,3135,0.8631578947368421,6894.042105263158,male,65-69,256,0.032052084637536,0.02766600989766265,0.02785240080284082,0.0008927275078912296
2012,E02004048,E07000033,6835,97155,2283,2771,0.8238902923132443,5631.290147961025,female,65-69,176,0.02574981711777615,0.021215024352177175,0.023498533271576347,0.000605082934279069
2012,E02004048,E07000033,6835,97155,2283,2771,0.8238902923132443,5631.290147961025,male,65-69,201,0.02940746159473299,0.02422852212947507,0.023498533271576347,0.0006910322147164369
2012,E02004114,E07000038,7226,97155,2342,2813,0.8325630998933523,6016.100959829364,female,65-69,333,0.04608358704677553,0.03836749408586857,0.024105810303123875,0.0011108822074370676
2012,E02004114,E07000038,7226,97155,2342,2813,0.8325630998933523,6016.100959829364,male,65-69,330,0.04566841959590368,0.03802184098599588,0.024105810303123875,0.0011008742596223193
2012,E02004059,E07000034,7158,97155,2641,3075,0.8588617886178862,6147.7326829268295,female,65-69,241,0.033668622520257055,0.028916693358048418,0.027183366785034222,0.0009152265151150109
2012,E02004059,E07000034,7158,97155,2641,3075,0.8588617886178862,6147.7326829268295,male,65-69,204,0.028499580888516344,0.024477201016771272,0.027183366785034222,0.0007747145605122913
2012,E02004073,E07000035,9138,97155,2604,3611,0.7211298809194129,6589.6848518415945,female,65-69,338,0.03698840008754651,0.026673440550532015,0.02680253203643662,0.0009913827783230005
2012,E02004073,E07000035,9138,97155,2604,3611,0.7211298809194129,6589.6848518415945,male,65-69,342,0.03742613263296126,0.026989102568881505,0.02680253203643662,0.0010031151188948702
2012,E02004063,E07000034,7940,97155,2649,3057,0.8665358194308145,6880.294406280667,female,65-69,283,0.035642317380352645,0.03088534469759704,0.02726570943337965,0.0009718130692249926
2012,E02004063,E07000034,7940,97155,2649,3057,0.8665358194308145,6880.294406280667,male,65-69,291,0.036649874055415615,0.03175842864664572,0.02726570943337965,0.0009992848167649216
2012,E02004072,E07000035,8613,97155,2654,3330,0.796996996996997,6864.5351351351355,female,65-69,363,0.0421455938697318,0.03358991175083129,0.027317173588595544,0.0011512985037339118
2012,E02004072,E07000035,8613,97155,2654,3330,0.796996996996997,6864.5351351351355,male,65-69,356,0.04133286891907582,0.03294217240577394,0.027317173588595544,0.0011290971551770595
2012,E02004046,E07000033,6301,97155,1091,2510,0.4346613545816733,2738.8011952191237,female,65-69,235,0.03729566735438819,0.016210985292285863,0.011229478668107662,0.0004188109009689415
2012,E02004046,E07000033,6301,97155,1091,2510,0.4346613545816733,2738.8011952191237,male,65-69,209,0.03316933820028567,0.014417429472713812,0.011229478668107662,0.00037247437575535654
2012,E02004067,E07000034,6422,97155,2390,2772,0.8621933621933622,5537.005772005772,female,65-69,202,0.03145437558393024,0.02711975384040161,0.02459986619319644,0.000773773430555229
2012,E02004067,E07000034,6422,97155,2390,2772,0.8621933621933622,5537.005772005772,male,65-69,163,0.025381501090003113,0.02188376176230427,0.02459986619319644,0.0006243815305965462
2012,E02004065,E07000034,8352,97155,2549,3047,0.8365605513619954,6986.953724975385,female,65-69,352,0.0421455938697318,0.03525734124514157,0.02623642632906181,0.0011057497686577775
2012,E02004065,E07000034,8352,97155,2549,3047,0.8365605513619954,6986.953724975385,male,65-69,352,0.0421455938697318,0.03525734124514157,0.02623642632906181,0.0011057497686577775
2012,E02004071,E07000035,5146,97155,1549,1961,0.7899031106578276,4064.8414074451807,female,65-69,210,0.04080839486980179,0.03223467804860937,0.01594359528588338,0.0006506325320706393
2012,E02004071,E07000035,5146,97155,1549,1961,0.7899031106578276,4064.8414074451807,male,65-69,190,0.036921881072677805,0.029164708710646567,0.01594359528588338,0.0005886675290162927
2012,E02004064,E07000034,8842,97155,3131,3617,0.8656345037323749,7653.940282001659,female,65-69,170,0.019226419362135264,0.016643051983092485,0.03222685399619165,0.0006196070096530854
2012,E02004064,E07000034,8842,97155,3131,3617,0.8656345037323749,7653.940282001659,male,65-69,158,0.017869260348337482,0.015468248313697721,0.03222685399619165,0.0005758700442658088
2012,E02004055,E07000034,7186,97155,2530,2997,0.8441775108441775,6066.259592926259,female,65-69,254,0.035346507097133315,0.029838726378294055,0.026040862539241417,0.0009204535325587698
2012,E02004055,E07000034,7186,97155,2530,2997,0.8441775108441775,6066.259592926259,male,65-69,209,0.029084330642916784,0.02455233784670653,0.026040862539241417,0.0007573810563180429
2012,E02004057,E07000034,7721,97155,2725,3172,0.8590794451450189,6632.95239596469,female,65-69,206,0.026680481802875276,0.022920653503415864,0.02804796459266121,0.0007483332089221875
2012,E02004057,E07000034,7721,97155,2725,3172,0.8590794451450189,6632.95239596469,male,65-69,176,0.022794974744204118,0.019582694255345593,0.02804796459266121,0.0006393526445160437
2012,E02005847,E07000171,6740,97155,22,2812,0.007823613086770981,52.73115220483641,female,65-69,222,0.032937685459940656,0.000257691707012338,0.00022644228294992538,7.458484690635525e-06
2012,E02005847,E07000171,6740,97155,22,2812,0.007823613086770981,52.73115220483641,male,65-69,197,0.029228486646884273,0.00022867237063707468,0.00022644228294992538,6.618565243491885e-06
2012,E02004115,E07000038,8980,97155,2819,3379,0.8342704942290619,7491.749038176976,female,65-69,269,0.029955456570155903,0.024990953557641162,0.029015490710719984,0.0008691722718467346
2012,E02004115,E07000038,8980,97155,2819,3379,0.8342704942290619,7491.749038176976,male,65-69,291,0.03240534521158129,0.027034823365329284,0.029015490710719984,0.0009402569929643112
2012,E02005848,E07000171,6722,97155,116,2708,0.04283604135893648,287.94387001477105,female,65-69,241,0.03585242487354954,0.0015357759547015312,0.0011939684010086975,4.28066623985564e-05
2012,E02005848,E07000171,6722,97155,116,2708,0.04283604135893648,287.94387001477105,male,65-69,227,0.03376971139541803,0.0014465607540134755,0.0011939684010086975,4.031996831731246e-05
2012,E02004066,E07000034,11788,97155,3870,4535,0.8533627342888643,10059.439911797133,female,65-69,336,0.028503562945368172,0.02432387841203414,0.03983325613710051,0.0011353897236228174
2012,E02004066,E07000034,11788,97155,3870,4535,0.8533627342888643,10059.439911797133,male,65-69,332,0.02816423481506617,0.024034308430938494,0.03983325613710051,0.0011218731792939744
2012,E02004110,E07000038,7526,97155,1841,2781,0.6619920891765552,4982.152463142754,female,65-69,348,0.0462397023651342,0.03061031717159729,0.018949101950491484,0.0008762008342773102
2012,E02004110,E07000038,7526,97155,1841,2781,0.6619920891765552,4982.152463142754,male,65-69,276,0.03667286739303747,0.02427714810161164,0.018949101950491484,0.0006949179030475218
2012,E02004060,E07000034,7633,97155,2906,3387,0.8579864186595807,6549.010333628579,female,65-69,266,0.03484868334861784,0.029899697021282385,0.029910967011476507,0.001042357818033899
2012,E02004060,E07000034,7633,97155,2906,3387,0.8579864186595807,6549.010333628579,male,65-69,268,0.03511070352417136,0.030124506773322103,0.029910967011476507,0.0010501950948612214
2012,E02006804,E07000038,8215,97155,2323,3176,0.7314231738035264,6008.641372795969,female,65-69,248,0.03018867924528302,0.022080699586521552,0.023910246513303483,0.0007218187626657655
2012,E02006804,E07000038,8215,97155,2323,3176,0.7314231738035264,6008.641372795969,male,65-69,226,0.02751065124771759,0.020121927849007543,0.023910246513303483,0.0006577864530744476
2012,E02001609,E08000018,8379,97155,15,3753,0.003996802557953637,33.489208633093526,female,65-69,403,0.04809643155507817,0.00019223194066777846,0.0001543924656476764,7.425726656643226e-06
2012,E02001609,E08000018,8379,97155,15,3753,0.003996802557953637,33.489208633093526,male,65-69,365,0.04356128416278792,0.00017410585196957602,0.0001543924656476764,6.7255340686719035e-06
2012,E02005840,E07000171,9163,97155,27,3537,0.007633587786259542,69.94656488549619,female,65-69,199,0.02171777802029903,0.0001657845650404506,0.0002779064381658175,6.035510334497183e-06
2012,E02005840,E07000171,9163,97155,27,3537,0.007633587786259542,69.94656488549619,male,65-69,193,0.021062970642802575,0.00016078603544124104,0.0002779064381658175,5.853535148532443e-06
2012,E02005842,E07000171,8570,97155,8,3161,0.002530844669408415,21.689338816830116,female,65-69,270,0.03150525087514586,7.973489623573769e-05,8.234264834542741e-05,2.5942257938466047e-06
2012,E02005842,E07000171,8570,97155,8,3161,0.002530844669408415,21.689338816830116,male,65-69,235,0.027421236872812137,6.939889116814208e-05,8.234264834542741e-05,2.2579372650146376e-06
2012,E02004106,E07000038,6998,97155,1667,2703,0.6167221605623382,4315.821679615243,female,65-69,321,0.045870248642469275,0.028289198848315312,0.017158149348978437,0.0007870485768822632
2012,E02004106,E07000038,6998,97155,1667,2703,0.6167221605623382,4315.821679615243,male,65-69,291,0.04158330951700486,0.025645348488659677,0.017158149348978437,0.0007134926351175658
2012,E02001603,E08000018,6481,97155,11,2853,0.00385559060637925,24.988082719943918,female,65-69,202,0.031168029625057863,0.00012017116224172328,0.00011322114147496269,3.528879891674505e-06
2012,E02001603,E08000018,6481,97155,11,2853,0.00385559060637925,24.988082719943918,male,65-69,191,0.029470760685079464,0.0001136271880602433,0.00011322114147496269,3.3367131649001505e-06
2012,E02006903,E07000171,11081,97155,27,4864,0.005550986842105263,61.51048519736842,female,65-69,381,0.03438317841350059,0.00019086057096309947,0.0002779064381658175,9.555306645715772e-06
2012,E02006903,E07000171,11081,97155,27,4864,0.005550986842105263,61.51048519736842,male,65-69,348,0.031405107842252505,0.00017432934040724046,0.0002779064381658175,8.727681660653777e-06
2012,E02001600,E08000018,10943,97155,12,4915,0.0024415055951169887,26.717395727365208,female,65-69,330,0.030156264278534222,7.362668796386788e-05,0.0001235139725181411,3.7247199973486766e-06
2012,E02001600,E08000018,10943,97155,12,4915,0.0024415055951169887,26.717395727365208,male,65-69,294,0.026866489993603217,6.559468564053684e-05,0.0001235139725181411,3.318386906728821e-06
2012,E02004108,E07000038,7577,97155,2137,3061,0.6981378634433192,5289.790591310029,female,65-69,302,0.03985746337600633,0.027826004323595405,0.021995779939272295,0.0008766959933562403
2012,E02004108,E07000038,7577,97155,2137,3061,0.6981378634433192,5289.790591310029,male,65-69,252,0.033258545598521844,0.023219049965384247,0.021995779939272295,0.0007315476500853397
2012,E02004116,E07000038,8093,97155,3114,3628,0.8583241455347299,6946.417309812569,female,65-69,246,0.030396639070801926,0.02609016925757365,0.03205187586845762,0.0009742693023156523
2012,E02004116,E07000038,8093,97155,3114,3628,0.8583241455347299,6946.417309812569,male,65-69,239,0.029531694056592117,0.02534776606731749,0.03205187586845762,0.0009465461920871582
2012,E02004069,E07000035,6731,97155,1423,2306,0.6170858629661752,4153.604943625325,female,65-69,313,0.04650126281384638,0.028695271892499305,0.014646698574442901,0.0006810899797653584
2012,E02004069,E07000035,6731,97155,1423,2306,0.6170858629661752,4153.604943625325,male,65-69,317,0.04709552815332046,0.029061984632339555,0.014646698574442901,0.0006897940050658742
2012,E02004109,E07000038,6688,97155,1567,2568,0.610202492211838,4081.0342679127725,female,65-69,317,0.047398325358851676,0.028922576260638853,0.016128866244660593,0.000764481249933823
2012,E02004109,E07000038,6688,97155,1567,2568,0.610202492211838,4081.0342679127725,male,65-69,306,0.045753588516746414,0.027918953740553594,0.016128866244660593,0.0007379535093998417
2012,E02004056,E07000034,7708,97155,3030,3494,0.8672009158557528,6684.384659416142,female,65-69,197,0.02555786196159834,0.022163801300412986,0.03118727806083063,0.0007970801476366936
2012,E02004056,E07000034,7708,97155,3030,3494,0.8672009158557528,6684.384659416142,male,65-69,192,0.024909185262065387,0.021601268272483723,0.03118727806083063,0.0007768496870367775
2012,E02004058,E07000034,7835,97155,3009,3480,0.8646551724137931,6774.573275862069,female,65-69,254,0.03241863433312061,0.028030939858724114,0.030971128608923884,0.0010040416932567537
2012,E02004058,E07000034,7835,97155,3009,3480,0.8646551724137931,6774.573275862069,male,65-69,231,0.029483088704530952,0.025492705147107365,0.030971128608923884,0.0009131245320563392
2012,E02005843,E07000171,6511,97155,23,2673,0.008604564160119716,56.024317246539475,female,65-69,158,0.024266625710336352,0.00020880373787419984,0.0002367351139931038,5.74476240376446e-06
2012,E02005843,E07000171,6511,97155,23,2673,0.008604564160119716,56.024317246539475,male,65-69,149,0.02288434956227922,0.0001969098540712391,0.0002367351139931038,5.417529102284206e-06
2012,E02005846,E07000171,6659,97155,12,3337,0.003596044351213665,23.946059334731796,female,65-69,135,0.020273314311458176,7.290373741009832e-05,0.0001235139725181411,2.504037586717082e-06
2012,E02005846,E07000171,6659,97155,12,3337,0.003596044351213665,23.946059334731796,male,65-69,126,0.018921760024027633,6.804348824942511e-05,0.0001235139725181411,2.3371017476026103e-06
2012,E02001608,E08000018,6925,97155,12,3083,0.003892312682452157,26.954265325981186,female,65-69,216,0.031191335740072202,0.00012140643168370627,0.0001235139725181411,3.852565785403391e-06
2012,E02001608,E08000018,6925,97155,12,3083,0.003892312682452157,26.954265325981186,male,65-69,206,0.029747292418772563,0.00011578576355020135,0.0001235139725181411,3.674206258301382e-06
2012,E02001610,E08000018,8312,97155,39,3825,0.01019607843137255,84.74980392156863,female,65-69,359,0.04319056785370549,0.0004403744173318991,0.0004014204106839586,1.7337575485507837e-05
2012,E02001610,E08000018,8312,97155,39,3825,0.01019607843137255,84.74980392156863,male,65-69,291,0.03500962463907603,0.00035696087867293213,0.0004014204106839586,1.4053577900509137e-05
2012,E02004113,E07000038,9224,97155,3474,4038,0.8603268945022289,7935.655274888559,female,65-69,258,0.027970511708586297,0.02406378347588628,0.03575729504400185,0.0010001498396956287
2012,E02004113,E07000038,9224,97155,3474,4038,0.8603268945022289,7935.655274888559,male,65-69,244,0.02645273200346921,0.022757996775644388,0.03575729504400185,0.0009458781429679588
2012,E02001605,E08000018,7380,97155,12,3095,0.0038772213247172858,28.613893376413568,female,65-69,187,0.025338753387533875,9.824395497589871e-05,0.0001235139725181411,3.1296900895518142e-06
2012,E02001605,E08000018,7380,97155,12,3095,0.0038772213247172858,28.613893376413568,male,65-69,203,0.027506775067750677,0.0001066498548668847,0.0001235139725181411,3.3974710597808465e-06
2012,E02001607,E08000018,8856,97155,12,4092,0.002932551319648094,25.970674486803517,female,65-69,308,0.03477868112014453,0.0001019902672145001,0.0001235139725181411,4.295653064090725e-06
2012,E02001607,E08000018,8856,97155,12,4092,0.002932551319648094,25.970674486803517,male,65-69,328,0.037037037037037035,0.00010861301183881828,0.0001235139725181411,4.574591574745967e-06
2012,E02004045,E07000033,9079,97155,2469,3220,0.7667701863354037,6961.50652173913,female,65-69,289,0.031831699526379556,0.024407598177214634,0.025412999845607534,0.0008089389751493091
2012,E02004045,E07000033,9079,97155,2469,3220,0.7667701863354037,6961.50652173913,male,65-69,282,0.031060689503249257,0.023816410678112552,0.025412999845607534,0.0007893452975505369
2012,E02001606,E08000018,8011,97155,10,3937,0.00254000508001016,20.347980695961393,female,65-69,250,0.031207090250905005,7.926616776963425e-05,0.00010292831043178426,3.2120930730178583e-06
2012,E02001606,E08000018,8011,97155,10,3937,0.00254000508001016,20.347980695961393,male,65-69,239,0.029833978279865184,7.577845638777034e-05,0.00010292831043178426,3.0707609778050723e-06
2012,E02005838,E07000171,8043,97155,11,3413,0.0032229709932610606,25.92235569879871,female,65-69,279,0.034688549048862365,0.00011180018738279695,0.00011322114147496269,3.927477119422429e-06
2012,E02005838,E07000171,8043,97155,11,3413,0.0032229709932610606,25.92235569879871,male,65-69,312,0.03879149571055576,0.00012502386546033207,0.00011322114147496269,4.392017423870242e-06
2012,E02004047,E07000033,5751,97155,756,2604,0.2903225806451613,1669.6451612903227,female,65-69,179,0.031125021735350374,0.009036296632843657,0.00778138026864289,0.00024219562999253647
2012,E02004047,E07000033,5751,97155,756,2604,0.2903225806451613,1669.6451612903227,male,65-69,179,0.031125021735350374,0.009036296632843657,0.00778138026864289,0.00024219562999253647
2012,E02005894,E07000175,10073,97155,18,4140,0.004347826086956522,43.79565217391304,female,65-69,307,0.03047751414672888,0.00013251093107273426,0.00018527095877721167,5.646598267110492e-06
2012,E02005894,E07000175,10073,97155,18,4140,0.004347826086956522,43.79565217391304,male,65-69,289,0.02869055891988484,0.00012474156052123844,0.00018527095877721167,5.3155273589411465e-06
2012,E02005889,E07000174,10157,97155,24,4422,0.005427408412483039,55.12618724559022,female,65-69,287,0.028256374913852515,0.00015335888691371785,0.0002470279450362822,6.980114229143743e-06
2012,E02005889,E07000174,10157,97155,24,4422,0.005427408412483039,55.12618724559022,male,65-69,257,0.025302746874076992,0.00013732834124329437,0.0002470279450362822,6.2504855640764535e-06
2012,E02004053,E07000033,7938,97155,492,3108,0.1583011583011583,1256.5945945945946,female,65-69,224,0.02821869488536155,0.004467052086099705,0.005064072873243786,0.00014290152728730257
2012,E02004053,E07000033,7938,97155,492,3108,0.1583011583011583,1256.5945945945946,male,65-69,231,0.0291005291005291,0.0046066474637903206,0.005064072873243786,0.0001473672000150308
2012,E02004031,E07000032,7666,97155,164,3159,0.051915163026274136,397.98163975941753,female,65-69,188,0.024523871641012263,0.0012731607942785728,0.001688024291081262,4.139689104138759e-05
2012,E02004031,E07000032,7666,97155,164,3159,0.051915163026274136,397.98163975941753,male,65-69,192,0.025045656144012524,0.0013002493218164145,0.001688024291081262,4.2277675957161794e-05
2012,E02005883,E07000174,7845,97155,32,3272,0.009779951100244499,76.72371638141809,female,65-69,210,0.02676864244741874,0.0002617960141556845,0.00032937059338170965,8.816803646929132e-06
2012,E02005883,E07000174,7845,97155,32,3272,0.009779951100244499,76.72371638141809,male,65-69,184,0.02345442957297642,0.00022938317430783783,0.00032937059338170965,7.725199385880763e-06
2012,E02005822,E07000170,9777,97155,24,3954,0.006069802731411229,59.34446130500759,female,65-69,195,0.019944768333844738,0.00012106080931013499,0.0002470279450362822,4.92691513573438e-06
2012,E02005822,E07000170,9777,97155,24,3954,0.006069802731411229,59.34446130500759,male,65-69,190,0.019433364017592308,0.0001179566859944905,0.0002470279450362822,4.800583978407857e-06
2012,E02004030,E07000032,5665,97155,510,2112,0.24147727272727273,1367.96875,female,65-69,281,0.049602824360105914,0.011977954746048304,0.005249343832020997,0.00026038228010554285
2012,E02004030,E07000032,5665,97155,510,2112,0.24147727272727273,1367.96875,male,65-69,264,0.04660194174757282,0.011253309796999117,0.005249343832020997,0.00024462961547282316
2012,E02004032,E07000032,8284,97155,184,2974,0.06186953597848016,512.5272360457296,female,65-69,304,0.03669724770642202,0.002270441687283676,0.0018938809119448303,6.950021695210387e-05
2012,E02004032,E07000032,8284,97155,184,2974,0.06186953597848016,512.5272360457296,male,65-69,298,0.03597295992274264,0.0022256303381925505,0.0018938809119448303,6.812850214383866e-05
2012,E02004075,E07000035,7458,97155,155,2523,0.06143479984145858,458.1807372175981,female,65-69,286,0.038348082595870206,0.0023559067785810075,0.0015953888116926561,6.118010192331719e-05
2012,E02004075,E07000035,7458,97155,155,2523,0.06143479984145858,458.1807372175981,male,65-69,313,0.04196835612764816,0.0025783175583771164,0.0015953888116926561,6.69558458111828e-05
2012,E02004074,E07000035,5875,97155,386,2042,0.1890303623898139,1110.5533790401566,female,65-69,204,0.03472340425531915,0.0065637776897909846,0.003973032782666873,0.00013795722343217735
2012,E02004074,E07000035,5875,97155,386,2042,0.1890303623898139,1110.5533790401566,male,65-69,204,0.03472340425531915,0.0065637776897909846,0.003973032782666873,0.00013795722343217735
2012,E02002806,E06000015,6527,97155,11,1899,0.005792522380200105,37.80779357556609,female,65-69,82,0.012563199019457637,7.277261148711638e-05,0.00011322114147496269,1.4224197335601258e-06
2012,E02002806,E06000015,6527,97155,11,1899,0.005792522380200105,37.80779357556609,male,65-69,91,0.013942086716715183,8.075984933326331e-05,0.00011322114147496269,1.5785389726094077e-06
2012,E02002815,E06000015,7881,97155,11,2837,0.0038773352132534366,30.557278815650335,female,65-69,79,0.010024108615657912,3.886682931696758e-05,0.00011322114147496269,1.1349410197337969e-06
2012,E02002815,E06000015,7881,97155,11,2837,0.0038773352132534366,30.557278815650335,male,65-69,83,0.010531658418982362,4.0834770041877325e-05,0.00011322114147496269,1.1924063878215838e-06
2012,E02002811,E06000015,10268,97155,11,3874,0.002839442436757873,29.15539494062984,female,65-69,98,0.009544215037008181,2.7100249201623643e-05,0.00011322114147496269,1.0806069209725696e-06
2012,E02002811,E06000015,10268,97155,11,3874,0.002839442436757873,29.15539494062984,male,65-69,105,0.010225944682508765,2.9035981287453905e-05,0.00011322114147496269,1.1577931296134673e-06
2012,E02004118,E07000039,6815,97155,10,2416,0.0041390728476821195,28.207781456953644,female,65-69,197,0.028906823184152605,0.00011964744695427404,0.00010292831043178426,2.9753304702951574e-06
2012,E02004118,E07000039,6815,97155,10,2416,0.0041390728476821195,28.207781456953644,male,65-69,204,0.029933969185619955,0.0001238988790795528,0.00010292831043178426,3.0810528727929547e-06
2012,E02006827,E07000032,7622,97155,12,2775,0.004324324324324324,32.96,female,65-69,216,0.028339018630280766,0.0001225471075904033,0.0001235139725181411,3.5002647682915876e-06
2012,E02006827,E07000032,7622,97155,12,2775,0.004324324324324324,32.96,male,65-69,219,0.028732616111256888,0.00012424915075138113,0.0001235139725181411,3.548879556740082e-06
2012,E02005823,E07000170,7513,97155,13,3531,0.0036816765788728408,27.660436137071652,female,65-69,179,0.023825369359776388,8.771730435488334e-05,0.00013380680356131955,3.187996517699481e-06
2012,E02005823,E07000170,7513,97155,13,3531,0.0036816765788728408,27.660436137071652,male,65-69,168,0.022361240516438174,8.232685548391285e-05,0.00013380680356131955,2.9920861171704625e-06
2012,E02005890,E07000174,6715,97155,13,2532,0.005134281200631911,34.47669826224328,female,65-69,231,0.0344005956813105,0.0001766223316970918,0.00013380680356131955,4.6030337487214915e-06
2012,E02005890,E07000174,6715,97155,13,2532,0.005134281200631911,34.47669826224328,male,65-69,230,0.03425167535368578,0.00017585773285857625,0.00013380680356131955,4.583107195696723e-06
2012,E02004040,E07000032,9078,97155,13,2840,0.004577464788732394,41.554225352112674,female,65-69,253,0.02786957479621062,0.00012757199730659792,0.00013380680356131955,3.7291387200940565e-06
2012,E02004040,E07000032,9078,97155,13,2840,0.004577464788732394,41.554225352112674,male,65-69,225,0.02478519497686715,0.00011345335728847639,0.00013380680356131955,3.316427715498667e-06
2012,E02002821,E06000015,11377,97155,13,4175,0.0031137724550898203,35.425389221556884,female,65-69,169,0.014854531071459964,4.625362968358791e-05,0.00013380680356131955,1.987637321074361e-06
2012,E02002821,E06000015,11377,97155,13,4175,0.0031137724550898203,35.425389221556884,male,65-69,174,0.015294014239254637,4.762208026594258e-05,0.00013380680356131955,2.0464431589759692e-06
2012,E02002824,E06000015,9562,97155,13,3558,0.0036537380550871277,34.93704328274311,female,65-69,190,0.0198703200167329,7.26009444118965e-05,0.00013380680356131955,2.658784007179535e-06
2012,E02002824,E06000015,9562,97155,13,3558,0.0036537380550871277,34.93704328274311,male,65-69,213,0.022275674545074252,8.138947978807344e-05,0.00013380680356131955,2.9806368080486366e-06
2012,E02005827,E07000170,8446,97155,14,3234,0.004329004329004329,36.56277056277056,female,65-69,199,0.023561449206725076,0.00010199761561352846,0.00014409963460449796,3.3951962214415217e-06
2012,E02005827,E07000170,8446,97155,14,3234,0.004329004329004329,36.56277056277056,male,65-69,207,0.024508643144683873,0.00010609802227135876,0.00014409963460449796,3.53168652180098e-06
2012,E02002813,E06000015,10537,97155,14,4158,0.003367003367003367,35.47811447811448,female,65-69,111,0.010534307677707128,3.546904941988932e-05,0.00014409963460449796,1.5179898871689547e-06
2012,E02002813,E06000015,10537,97155,14,4158,0.003367003367003367,35.47811447811448,male,65-69,113,0.0107241150232514,3.610813139141886e-05,0.00014409963460449796,1.5453410563071338e-06
2012,E02004080,E07000036,9536,97155,15,3327,0.004508566275924256,42.993688007213706,female,65-69,240,0.025167785234899327,0.00011347062774977154,0.0001543924656476764,3.885716417307291e-06
2012,E02004080,E07000036,9536,97155,15,3327,0.004508566275924256,42.993688007213706,male,65-69,250,0.026216442953020135,0.00011819857057267869,0.0001543924656476764,4.047621268028429e-06
2012,E02004076,E07000035,6658,97155,15,2298,0.006527415143603133,43.45953002610966,female,65-69,205,0.03079002703514569,0.00020097928874115984,0.0001543924656476764,4.753748191314758e-06
2012,E02004076,E07000035,6658,97155,15,2298,0.006527415143603133,43.45953002610966,male,65-69,163,0.024481826374286572,0.00015980304421858076,0.0001543924656476764,3.7798095374844173e-06
2012,E02005830,E07000170,6081,97155,17,2266,0.007502206531332745,45.620917917034426,female,65-69,256,0.04209833908896563,0.00031583043447149856,0.00017497812773403323,7.366288554499673e-06
2012,E02005830,E07000170,6081,97155,17,2266,0.007502206531332745,45.620917917034426,male,65-69,242,0.039796086170037825,0.0002985584575863385,0.00017497812773403323,6.963444649175472e-06
2012,E02002808,E06000015,12033,97155,18,3850,0.004675324675324675,56.25818181818182,female,65-69,123,0.010221889803041636,4.779065362461025e-05,0.00018527095877721167,1.8938193243245273e-06
2012,E02002808,E06000015,12033,97155,18,3850,0.004675324675324675,56.25818181818182,male,65-69,125,0.010388099393334996,4.85677374233844e-05,0.00018527095877721167,1.9246131344761458e-06
2012,E02005884,E07000174,6034,97155,18,2478,0.007263922518159807,43.83050847457627,female,65-69,188,0.03115677825654624,0.00022632042317103808,0.00018527095877721167,5.772446179999303e-06
2012,E02005884,E07000174,6034,97155,18,2478,0.007263922518159807,43.83050847457627,male,65-69,188,0.03115677825654624,0.00022632042317103808,0.00018527095877721167,5.772446179999303e-06
2012,E02005892,E07000174,11677,97155,19,4381,0.004336909381419767,50.64209084683862,female,65-69,375,0.032114412948531304,0.00013927729879527386,0.0001955637898203901,6.28041630407179e-06
2012,E02005892,E07000174,11677,97155,19,4381,0.004336909381419767,50.64209084683862,male,65-69,343,0.029373983043589964,0.00012739230263141048,0.0001955637898203901,5.74448744612433e-06
2012,E02005820,E07000170,5704,97155,24,2206,0.010879419764279238,62.056210335448775,female,65-69,220,0.038569424964936885,0.00041961296426041943,0.0002470279450362822,9.52772579031944e-06
2012,E02005820,E07000170,5704,97155,24,2206,0.010879419764279238,62.056210335448775,male,65-69,217,0.03804347826086957,0.0004138909692932319,0.0002470279450362822,9.397802256815086e-06
2012,E02005886,E07000174,10342,97155,26,4259,0.0061047194177036865,63.135008217891524,female,65-69,292,0.02823438406497776,0.0001723629926483733,0.0002676136071226391,7.55590536451466e-06
2012,E02005886,E07000174,10342,97155,26,4259,0.0061047194177036865,63.135008217891524,male,65-69,293,0.0283310771610907,0.00017295327686977182,0.0002676136071226391,7.5817817527493e-06
2012,E02004039,E07000032,8055,97155,27,2575,0.010485436893203883,84.46019417475728,female,65-69,241,0.029919304779639975,0.0003137169821554483,0.0002779064381658175,8.314767423707265e-06
2012,E02004039,E07000032,8055,97155,27,2575,0.010485436893203883,84.46019417475728,male,65-69,237,0.02942271880819367,0.0003085100612897977,0.0002779064381658175,8.17676298513951e-06
2012,E02005829,E07000170,6670,97155,27,2570,0.010505836575875487,70.0739299610895,female,65-69,219,0.0328335832083958,0.00034494425938781583,0.0002779064381658175,9.124664161666271e-06
2012,E02005829,E07000170,6670,97155,27,2570,0.010505836575875487,70.0739299610895,male,65-69,239,0.03583208395802099,0.0003764460182360182,0.0002779064381658175,9.957966824832141e-06
2012,E02005882,E07000174,7817,97155,29,3133,0.00925630386211299,72.35652729013725,female,65-69,304,0.038889599590635794,0.00035997395088682986,0.0002984921002521744,1.1608238259774978e-05
2012,E02005882,E07000174,7817,97155,29,3133,0.00925630386211299,72.35652729013725,male,65-69,286,0.036586925930663934,0.0003386597037948465,0.0002984921002521744,1.0920908362814617e-05
2012,E02005885,E07000174,8195,97155,34,3621,0.009389671361502348,76.94835680751174,female,65-69,260,0.03172666259914582,0.00029790293520324715,0.00034995625546806647,1.1102944041695824e-05
2012,E02005885,E07000174,8195,97155,34,3621,0.009389671361502348,76.94835680751174,male,65-69,251,0.03062843197071385,0.00028759091052313476,0.00034995625546806647,1.071861136332943e-05
2012,E02005821,E07000170,6379,97155,34,2601,0.013071895424836602,83.38562091503269,female,65-69,171,0.026806709515598055,0.00035041450347187,0.00034995625546806647,9.381175683498882e-06
2012,E02005821,E07000170,6379,97155,34,2601,0.013071895424836602,83.38562091503269,male,65-69,164,0.02570935883367299,0.00033607005011337244,0.00034995625546806647,8.997150947917056e-06
2012,E02004037,E07000032,7801,97155,43,2364,0.018189509306260575,141.89636209813875,female,65-69,225,0.02884245609537239,0.0005246301235621881,0.0004425917348566723,1.2765432680778268e-05
2012,E02004037,E07000032,7801,97155,43,2364,0.018189509306260575,141.89636209813875,male,65-69,223,0.028586078707857968,0.0005199667446860798,0.0004425917348566723,1.2651962168060239e-05
2012,E02005881,E07000174,5693,97155,43,2422,0.017753922378199834,101.07308009909165,female,65-69,166,0.02915861584401897,0.0005176798023504606,0.0004425917348566723,1.2905362372423608e-05
2012,E02005881,E07000174,5693,97155,43,2422,0.017753922378199834,101.07308009909165,male,65-69,171,0.030036887405585806,0.0005332725674814986,0.0004425917348566723,1.3294078106532754e-05
2012,E02004038,E07000032,7843,97155,46,2744,0.016763848396501458,131.47886297376093,female,65-69,255,0.03251306897870713,0.0005450441592640408,0.0004734702279862076,1.5393970181879756e-05
2012,E02004038,E07000032,7843,97155,46,2744,0.016763848396501458,131.47886297376093,male,65-69,246,0.0313655488971057,0.0005258073065841335,0.0004734702279862076,1.4850653587225179e-05
2012,E02004036,E07000032,9930,97155,53,3520,0.015056818181818182,149.51420454545453,female,65-69,347,0.034944612286002014,0.0005261546736244621,0.0005455200452884565,1.9062986476847374e-05
2012,E02004036,E07000032,9930,97155,53,3520,0.015056818181818182,149.51420454545453,male,65-69,368,0.03705941591137966,0.0005579968873020233,0.0005455200452884565,2.0216654246339577e-05
2012,E02004033,E07000032,8889,97155,87,3254,0.026736324523663185,237.65918869084206,female,65-69,261,0.029362132973337833,0.0007850355158821118,0.0008954763007565231,2.6293094217285694e-05
2012,E02004033,E07000032,8889,97155,87,3254,0.026736324523663185,237.65918869084206,male,65-69,249,0.0280121498481269,0.0007489419289450031,0.0008954763007565231,2.5084216322238076e-05
2012,E02004034,E07000032,7217,97155,77,2551,0.03018424147393179,217.83967071736572,female,65-69,302,0.041845642233615074,0.001263078969811196,0.0007925479903247388,3.316467965609964e-05
2012,E02004034,E07000032,7217,97155,77,2551,0.03018424147393179,217.83967071736572,male,65-69,293,0.04059858667036165,0.0012254375435585443,0.0007925479903247388,3.2176328275619854e-05
2012,E02004035,E07000032,6545,97155,85,2141,0.039701074264362445,259.8435310602522,female,65-69,274,0.04186401833460657,0.0016620465009068463,0.0008748906386701663,3.662643773806349e-05
2012,E02004035,E07000032,6545,97155,85,2141,0.039701074264362445,259.8435310602522,male,65-69,277,0.04232238349885409,0.0016802440903328339,0.0008748906386701663,3.702745712935616e-05
2012,E02004043,E07000032,7034,97155,16,2595,0.006165703275529865,43.369556840077074,female,65-69,245,0.03483082172305942,0.00021475651158726428,0.00016468529669085483,5.736124209448313e-06
2012,E02004043,E07000032,7034,97155,16,2595,0.006165703275529865,43.369556840077074,male,65-69,228,0.03241398919533694,0.00019985503935467862,0.00016468529669085483,5.338107427568227e-06
2012,E02002820,E06000015,9785,97155,11,3613,0.003044561306393579,29.791032383061168,female,65-69,211,0.021563617782319876,6.565175632591161e-05,0.00011322114147496269,2.4414574196440598e-06
2012,E02002820,E06000015,9785,97155,11,3613,0.003044561306393579,29.791032383061168,male,65-69,190,0.019417475728155338,5.911769526977822e-05,0.00011322114147496269,2.1984687665041296e-06
2012,E02002801,E06000015,7589,97155,9,2732,0.003294289897510981,25.000366032210835,female,65-69,219,0.028857556990380815,9.506515846025891e-05,9.263547938860583e-05,2.67323362578794e-06
2012,E02002801,E06000015,7589,97155,9,2732,0.003294289897510981,25.000366032210835,male,65-69,206,0.02714455132428515,8.94220212000609e-05,9.263547938860583e-05,2.51454852471377e-06
2012,E02002816,E06000015,9479,97155,9,2797,0.0032177332856632105,30.50089381480157,female,65-69,174,0.018356366705348664,5.9065892151640315e-05,9.263547938860583e-05,1.7004508295830165e-06
2012,E02002816,E06000015,9479,97155,9,2797,0.0032177332856632105,30.50089381480157,male,65-69,199,0.02099377571473784,6.755237090905991e-05,9.263547938860583e-05,1.944768477511611e-06
2012,E02002803,E06000015,7912,97155,8,2208,0.0036231884057971015,28.666666666666668,female,65-69,120,0.015166835187057633,5.495230140238273e-05,8.234264834542741e-05,1.2488773763209415e-06
2012,E02002803,E06000015,7912,97155,8,2208,0.0036231884057971015,28.666666666666668,male,65-69,111,0.014029322548028312,5.083087879720403e-05,8.234264834542741e-05,1.155211573096871e-06
2012,E02004084,E07000036,6139,97155,8,2240,0.0035714285714285713,21.925,female,65-69,189,0.03078677309007982,0.00010995276103599935,8.234264834542741e-05,2.53506443024691e-06
2012,E02004084,E07000036,6139,97155,8,2240,0.0035714285714285713,21.925,male,65-69,183,0.029809415214204268,0.00010646219719358667,8.234264834542741e-05,2.4545861943660557e-06
2012,E02002825,E06000015,8582,97155,8,3211,0.002491435689816257,21.381501090003116,female,65-69,217,0.02528548123980424,6.29971503950277e-05,8.234264834542741e-05,2.0820734899741025e-06
2012,E02002825,E06000015,8582,97155,8,3211,0.002491435689816257,21.381501090003116,male,65-69,203,0.02365415986949429,5.893281811147753e-05,8.234264834542741e-05,1.9477461680402893e-06
2012,E02004083,E07000036,7917,97155,8,2488,0.003215434083601286,25.456591639871384,female,65-69,214,0.02703044082354427,8.691460071879186e-05,8.234264834542741e-05,2.225758083354991e-06
2012,E02004083,E07000036,7917,97155,8,2488,0.003215434083601286,25.456591639871384,male,65-69,239,0.030188202601995704,9.706817556911801e-05,8.234264834542741e-05,2.485776551036649e-06
2012,E02006872,E07000037,12346,97155,354,4893,0.07234825260576333,893.2115266707541,female,70-74,327,0.026486311355904745,0.0019162383445718945,0.003643662189285163,9.650717122114435e-05
2012,E02006872,E07000037,12346,97155,354,4893,0.07234825260576333,893.2115266707541,male,70-74,322,0.026081321885630972,0.001886938064073853,0.003643662189285163,9.503152640124917e-05
2012,E02004103,E07000037,7137,97155,89,3114,0.028580603725112397,203.97976878612718,female,70-74,129,0.01807482135350988,0.0005165893065068656,0.0009160619628428799,1.655765632713066e-05
2012,E02004103,E07000037,7137,97155,89,3114,0.028580603725112397,203.97976878612718,male,70-74,121,0.01695390219980384,0.0004845527603669049,0.0009160619628428799,1.5530824926998525e-05
2012,E02004097,E07000037,7704,97155,29,2762,0.010499637943519189,80.88921071687183,female,70-74,151,0.019600207684319835,0.00020579508430314093,0.0002984921002521744,5.850507157071435e-06
2012,E02004097,E07000037,7704,97155,29,2762,0.010499637943519189,80.88921071687183,male,70-74,138,0.01791277258566978,0.00018807762671412876,0.0002984921002521744,5.346821110436145e-06
2012,E02004102,E07000037,8625,97155,96,3736,0.02569593147751606,221.627408993576,female,70-74,224,0.025971014492753623,0.0006673494088073736,0.000988111780145129,2.5662265362609723e-05
2012,E02004102,E07000037,8625,97155,96,3736,0.02569593147751606,221.627408993576,male,70-74,170,0.01971014492753623,0.0005064705334698817,0.000988111780145129,1.947582639126631e-05
2012,E02004098,E07000037,7341,97155,47,3145,0.014944356120826709,109.70651828298887,female,70-74,164,0.02234028061571993,0.0003338611093605204,0.00048376305902938604,1.080740249023557e-05
2012,E02004098,E07000037,7341,97155,47,3145,0.014944356120826709,109.70651828298887,male,70-74,152,0.02070562593652091,0.0003094322476999945,0.00048376305902938604,1.0016616942169552e-05
2012,E02004104,E07000037,7167,97155,84,2895,0.029015544041450778,207.95440414507772,female,70-74,148,0.020650202316171342,0.0005991768547697385,0.0008645978076269878,1.7854119649615487e-05
2012,E02004104,E07000037,7167,97155,84,2895,0.029015544041450778,207.95440414507772,male,70-74,160,0.022324543044509558,0.0006477587619132307,0.0008645978076269878,1.9301750972557282e-05
2012,E02004100,E07000037,7641,97155,54,3050,0.017704918032786884,135.28327868852458,female,70-74,187,0.024473236487370764,0.0004332966460059086,0.000555812876331635,1.3602539965189865e-05
2012,E02004100,E07000037,7641,97155,54,3050,0.017704918032786884,135.28327868852458,male,70-74,175,0.02290276141866248,0.0004054915136418931,0.000555812876331635,1.2729649700043991e-05
2012,E02004068,E07000035,7531,97155,1163,2634,0.4415337889141989,3325.190964312832,female,70-74,235,0.031204355331297305,0.013777777240052682,0.011970562503216509,0.0003735336858658717
2012,E02004068,E07000035,7531,97155,1163,2634,0.4415337889141989,3325.190964312832,male,70-74,191,0.025361837737352278,0.011198108310000265,0.011970562503216509,0.0003035954638314106
2012,E02006210,E07000198,5452,97155,24,1854,0.012944983818770227,70.57605177993528,female,70-74,152,0.027879677182685254,0.0003609019700023981,0.0002470279450362822,6.8870593627136645e-06
2012,E02006210,E07000198,5452,97155,24,1854,0.012944983818770227,70.57605177993528,male,70-74,162,0.02971386647101981,0.0003846455206604506,0.0002470279450362822,7.340155373418511e-06
2012,E02006204,E07000198,7282,97155,11,2851,0.003858295334970186,28.096106629252894,female,70-74,178,0.02444383411150783,9.431153112121576e-05,0.00011322114147496269,2.767558800129547e-06
2012,E02006204,E07000198,7282,97155,11,2851,0.003858295334970186,28.096106629252894,male,70-74,162,0.0222466355396869,8.583409012155591e-05,0.00011322114147496269,2.5187894697808235e-06
2012,E02004070,E07000035,6373,97155,1527,2452,0.6227569331158238,3968.829934747145,female,70-74,218,0.034206809979601446,0.021302528074572353,0.015717153002933457,0.000537633666191667
2012,E02004070,E07000035,6373,97155,1527,2452,0.6227569331158238,3968.829934747145,male,70-74,173,0.027145771222344264,0.0169052172334909,0.015717153002933457,0.00042665423968421274
2012,E02006803,E08000019,8747,97155,441,3080,0.1431818181818182,1252.4113636363636,female,70-74,190,0.021721733165656797,0.0031101572487190416,0.004539138490041686,9.859795508264781e-05
2012,E02006803,E08000019,8747,97155,441,3080,0.1431818181818182,1252.4113636363636,male,70-74,155,0.017720361266720018,0.002537233545007639,0.004539138490041686,8.043517388321268e-05
2012,E02006869,E08000019,11118,97155,31,4236,0.007318224740321058,81.36402266288952,female,70-74,260,0.02338550098938658,0.00017114035190533144,0.0003190777623385312,7.461793326858977e-06
2012,E02006869,E08000019,11118,97155,31,4236,0.007318224740321058,81.36402266288952,male,70-74,220,0.01978773160640403,0.00014481106699681893,0.0003190777623385312,6.313825122726827e-06
2012,E02006868,E08000019,12500,97155,11,4482,0.0024542614904060687,30.67826863007586,female,70-74,202,0.01616,3.966086568496207e-05,0.00011322114147496269,1.8296536462353973e-06
2012,E02006868,E08000019,12500,97155,11,4482,0.0024542614904060687,30.67826863007586,male,70-74,172,0.01376,3.377063810798751e-05,0.00011322114147496269,1.5579229066954865e-06
2012,E02004105,E07000038,9450,97155,1852,3263,0.5675758504443763,5363.591786699356,female,70-74,169,0.017883597883597883,0.010150298277788317,0.019062323091966444,0.0003409029209039502
2012,E02004105,E07000038,9450,97155,1852,3263,0.5675758504443763,5363.591786699356,male,70-74,145,0.015343915343915344,0.008708835800469265,0.019062323091966444,0.0002924906717814957
2012,E02001634,E08000019,9260,97155,11,3128,0.003516624040920716,32.56393861892583,female,70-74,161,0.0173866090712743,6.114216745013341e-05,0.00011322114147496269,1.9685317254286174e-06
2012,E02001634,E08000019,9260,97155,11,3128,0.003516624040920716,32.56393861892583,male,70-74,153,0.01652267818574514,5.810404732838764e-05,0.00011322114147496269,1.8707164844135304e-06
2012,E02001669,E08000019,7690,97155,45,2629,0.017116774438950173,131.62799543552683,female,70-74,150,0.01950585175552666,0.00033387726473895006,0.0004631773969430292,9.034669641281453e-06
2012,E02001669,E08000019,7690,97155,45,2629,0.017116774438950173,131.62799543552683,male,70-74,117,0.015214564369310794,0.00026042426649638105,0.0004631773969430292,7.047042320199534e-06
2012,E02001660,E08000019,9889,97155,23,3458,0.006651243493348756,65.77414690572586,female,70-74,123,0.012438062493679847,8.272858223095328e-05,0.0002367351139931038,2.9445261422946473e-06
2012,E02001660,E08000019,9889,97155,23,3458,0.006651243493348756,65.77414690572586,male,70-74,107,0.010820103144908484,7.196714063993497e-05,0.0002367351139931038,2.5614983514270507e-06
2012,E02001653,E08000019,7439,97155,9,2991,0.003009027081243731,22.384152457372114,female,70-74,126,0.01693776045167361,5.096617989470495e-05,9.263547938860583e-05,1.5690375592101539e-06
2012,E02001653,E08000019,7439,97155,9,2991,0.003009027081243731,22.384152457372114,male,70-74,126,0.01693776045167361,5.096617989470495e-05,9.263547938860583e-05,1.5690375592101539e-06
2012,E02001662,E08000019,7588,97155,15,3172,0.004728877679697352,35.8827238335435,female,70-74,207,0.02727991565629942,0.00012900338425110065,0.0001543924656476764,4.2118134408367175e-06
2012,E02001662,E08000019,7588,97155,15,3172,0.004728877679697352,35.8827238335435,male,70-74,196,0.025830258302583026,0.00012214813194790208,0.0001543924656476764,3.987997267652158e-06
2012,E02001655,E08000019,7681,97155,14,3228,0.004337050805452293,33.31288723667906,female,70-74,173,0.022523108970186174,9.76838679004357e-05,0.00014409963460449796,3.245571772761118e-06
2012,E02001655,E08000019,7681,97155,14,3228,0.004337050805452293,33.31288723667906,male,70-74,131,0.017055070954302826,7.396870921940508e-05,0.00014409963460449796,2.4576294926688234e-06
2012,E02001650,E08000019,9415,97155,10,2336,0.004280821917808219,40.30393835616438,female,70-74,61,0.006479022835900159,2.7735542961901366e-05,0.00010292831043178426,6.668748737481508e-07
2012,E02001650,E08000019,9415,97155,10,2336,0.004280821917808219,40.30393835616438,male,70-74,64,0.006797663303239511,2.909958605838832e-05,0.00010292831043178426,6.996719986865844e-07
2012,E02001627,E08000019,6085,97155,8,2236,0.0035778175313059034,21.77101967799642,female,70-74,99,0.01626951520131471,5.820935671311166e-05,8.234264834542741e-05,1.3396749689724428e-06
2012,E02001627,E08000019,6085,97155,8,2236,0.0035778175313059034,21.77101967799642,male,70-74,77,0.01265406737880033,4.527394411019796e-05,8.234264834542741e-05,1.0419694203119e-06
2012,E02001656,E08000019,7888,97155,17,2300,0.007391304347826087,58.302608695652175,female,70-74,109,0.0138184584178499,0.00010213643178410795,0.00017497812773403323,2.4179279821259663e-06
2012,E02001656,E08000019,7888,97155,17,2300,0.007391304347826087,58.302608695652175,male,70-74,101,0.012804259634888439,9.464017991004498e-05,0.00017497812773403323,2.240465377933235e-06
2012,E02001666,E08000019,6153,97155,17,2708,0.006277695716395864,38.62666174298375,female,70-74,118,0.019177636925077197,0.00012039136917515227,0.00017497812773403323,3.35566700351307e-06
2012,E02001666,E08000019,6153,97155,17,2708,0.006277695716395864,38.62666174298375,male,70-74,94,0.015277100601332683,9.590498900393487e-05,0.00017497812773403323,2.673158460425666e-06
2012,E02001678,E08000019,10006,97155,92,3559,0.025849957853329587,258.65467828041585,female,70-74,306,0.03058165100939436,0.0007905343896780785,0.0009469404559724152,2.8959002551225166e-05
2012,E02001678,E08000019,10006,97155,92,3559,0.025849957853329587,258.65467828041585,male,70-74,266,0.026584049570257846,0.0006871965609619899,0.0009469404559724152,2.5173512021653254e-05
2012,E02001680,E08000019,6098,97155,251,2873,0.08736512356421859,532.7525234946049,female,70-74,118,0.019350606756313546,0.001690568150307936,0.002583500591837785,4.999230400735628e-05
2012,E02001680,E08000019,6098,97155,251,2873,0.08736512356421859,532.7525234946049,male,70-74,98,0.01607084289931125,0.0014040311756794723,0.002583500591837785,4.151903214170267e-05
2012,E02001642,E08000019,9800,97155,8,3907,0.002047606859482979,20.066547222933195,female,70-74,195,0.01989795918367347,4.074319771420213e-05,8.234264834542741e-05,1.6384506558528924e-06
2012,E02001642,E08000019,9800,97155,8,3907,0.002047606859482979,20.066547222933195,male,70-74,174,0.017755102040816328,3.635546872959575e-05,8.234264834542741e-05,1.4620021236841194e-06
2012,E02001665,E08000019,9466,97155,44,3159,0.013928458372902817,131.84678695789808,female,70-74,235,0.024825691950137334,0.0003457836169059964,0.00045288456589985077,1.1243172722001366e-05
2012,E02001665,E08000019,9466,97155,44,3159,0.013928458372902817,131.84678695789808,male,70-74,201,0.021233889710542995,0.0002957553489281076,0.00045288456589985077,9.616500923924572e-06
2012,E02001664,E08000019,6233,97155,26,2407,0.01080182800166182,67.32779393435813,female,70-74,203,0.032568586555430774,0.0003518002702289988,0.0002676136071226391,8.715796926984717e-06
2012,E02001664,E08000019,6233,97155,26,2407,0.01080182800166182,67.32779393435813,male,70-74,152,0.024386330819829938,0.00026341695110742767,0.0002676136071226391,6.526113955180675e-06
2012,E02001659,E08000019,6120,97155,10,2607,0.0038358266206367474,23.475258918296895,female,70-74,148,0.024183006535947713,9.276182023762069e-05,0.00010292831043178426,2.489116003905894e-06
2012,E02001659,E08000019,6120,97155,10,2607,0.0038358266206367474,23.475258918296895,male,70-74,129,0.02107843137254902,8.085320818008831e-05,0.00010292831043178426,2.169567327728786e-06
2012,E02001636,E08000019,9739,97155,8,3457,0.0023141452126120912,22.537460225629157,female,70-74,165,0.01694219119006058,3.920669063363744e-05,8.234264834542741e-05,1.3950648913641568e-06
2012,E02001636,E08000019,9739,97155,8,3457,0.0023141452126120912,22.537460225629157,male,70-74,178,0.018277030495944143,4.229570262295433e-05,8.234264834542741e-05,1.5049790949261814e-06
2012,E02001679,E08000019,6324,97155,179,2654,0.06744536548605878,426.5244913338357,female,70-74,136,0.021505376344086023,0.0014504379674421244,0.0018424167567289383,3.96218657361062e-05
2012,E02001679,E08000019,6324,97155,179,2654,0.06744536548605878,426.5244913338357,male,70-74,99,0.015654648956356737,0.001055833520417429,0.0018424167567289383,2.884238755790084e-05
2012,E02001681,E08000019,7453,97155,157,2675,0.05869158878504673,437.4284112149533,female,70-74,202,0.027103179927545955,0.0015907286910746598,0.0016159744737790128,4.379804692115398e-05
2012,E02001681,E08000019,7453,97155,157,2675,0.05869158878504673,437.4284112149533,male,70-74,204,0.02737152824366027,0.0016064784800952012,0.0016159744737790128,4.423169095007629e-05
2012,E02001657,E08000019,8992,97155,11,2789,0.003944065973467192,35.465041233417,female,70-74,165,0.01834964412811388,7.237220703092602e-05,0.00011322114147496269,2.0775676538444e-06
2012,E02001657,E08000019,8992,97155,11,2789,0.003944065973467192,35.465041233417,male,70-74,120,0.013345195729537367,5.263433238612801e-05,0.00011322114147496269,1.5109582937050182e-06
2012,E02001671,E08000019,5902,97155,28,2247,0.012461059190031152,73.54517133956386,female,70-74,149,0.025245679430701457,0.0003145879056785228,0.0002881992692089959,7.2757863626127396e-06
2012,E02001671,E08000019,5902,97155,28,2247,0.012461059190031152,73.54517133956386,male,70-74,141,0.02389020670958997,0.00029769727987028,0.0002881992692089959,6.88514011495568e-06
2012,E02001652,E08000019,12526,97155,8,2986,0.0026791694574681848,33.55927662424648,female,70-74,82,0.006546383522273671,1.7538870789748614e-05,8.234264834542741e-05,5.390465563088813e-07
2012,E02001652,E08000019,12526,97155,8,2986,0.0026791694574681848,33.55927662424648,male,70-74,81,0.006466549576880089,1.732498212158095e-05,8.234264834542741e-05,5.324728178173096e-07
2012,E02001673,E08000019,5543,97155,43,1955,0.021994884910485932,121.91764705882352,female,70-74,77,0.013891394551686812,0.00030553962441050276,0.0004425917348566723,6.148216414209592e-06
2012,E02001673,E08000019,5543,97155,43,1955,0.021994884910485932,121.91764705882352,male,70-74,78,0.01407180227313729,0.00030950767148076904,0.0004425917348566723,6.228063380627898e-06
2012,E02001661,E08000019,7877,97155,14,3256,0.0042997542997543,33.86916461916462,female,70-74,155,0.01967754221150184,8.460859673250176e-05,0.00014409963460449796,2.835526642592e-06
2012,E02001661,E08000019,7877,97155,14,3256,0.0042997542997543,33.86916461916462,male,70-74,137,0.01739240827726292,7.478308227324351e-05,0.00014409963460449796,2.506239677645832e-06
2012,E02001649,E08000019,9557,97155,9,4107,0.002191380569758948,20.943024105186268,female,70-74,162,0.016950926022810505,3.7145929925808264e-05,9.263547938860583e-05,1.5702571582038449e-06
2012,E02001649,E08000019,9557,97155,9,4107,0.002191380569758948,20.943024105186268,male,70-74,149,0.015590666527152873,3.416508369719402e-05,9.263547938860583e-05,1.4442488677306968e-06
2012,E02001676,E08000019,5995,97155,109,2168,0.050276752767527674,301.4091328413284,female,70-74,170,0.02835696413678065,0.0014256960751425696,0.0011219185837064484,3.18142050425515e-05
2012,E02001676,E08000019,5995,97155,109,2168,0.050276752767527674,301.4091328413284,male,70-74,123,0.020517097581317766,0.0010315330426031533,0.0011219185837064484,2.3018513060199027e-05
2012,E02001651,E08000019,8119,97155,13,2920,0.004452054794520548,36.146232876712325,female,70-74,207,0.025495750708215296,0.00011350847918041056,0.00013380680356131955,3.411504906662538e-06
2012,E02001651,E08000019,8119,97155,13,2920,0.004452054794520548,36.146232876712325,male,70-74,174,0.021431210740238946,9.541292452846106e-05,0.00013380680356131955,2.867641805600394e-06
2012,E02001674,E08000019,8647,97155,130,3282,0.039609993906154786,342.50761730652044,female,70-74,256,0.02960564357580664,0.0011726793616254915,0.0013380680356131953,3.9614365342544e-05
2012,E02001674,E08000019,8647,97155,130,3282,0.039609993906154786,342.50761730652044,male,70-74,248,0.028680467214062682,0.001136033131574695,0.0013380680356131953,3.837641642558951e-05
2012,E02001618,E08000019,9708,97155,8,3293,0.0024293956878226543,23.584573337382327,female,70-74,199,0.02049855789039967,4.979910814552001e-05,8.234264834542741e-05,1.6879055439575666e-06
2012,E02001618,E08000019,9708,97155,8,3293,0.0024293956878226543,23.584573337382327,male,70-74,189,0.01946847960444994,4.729664039951397e-05,8.234264834542741e-05,1.603086169889347e-06
2012,E02001672,E08000019,6175,97155,39,2203,0.017703132092601,109.31684067181118,female,70-74,171,0.027692307692307693,0.0004902405810258739,0.0004014204106839586,1.11162575266327e-05
2012,E02001672,E08000019,6175,97155,39,2203,0.017703132092601,109.31684067181118,male,70-74,146,0.023643724696356276,0.00041856798146068763,0.0004014204106839586,9.491073677709791e-06
2012,E02001675,E08000019,9063,97155,141,3730,0.03780160857908847,342.59597855227884,female,70-74,222,0.024495200264812975,0.0009259579724768444,0.001451289177088158,3.5549619034930054e-05
2012,E02001675,E08000019,9063,97155,141,3730,0.03780160857908847,342.59597855227884,male,70-74,210,0.023171135385633895,0.0008759061901807987,0.001451289177088158,3.3628018006014916e-05
2012,E02001670,E08000019,6002,97155,19,2500,0.0076,45.6152,female,70-74,117,0.019493502165944684,0.0001481506164611796,0.0001955637898203901,3.8122231604441255e-06
2012,E02001670,E08000019,6002,97155,19,2500,0.0076,45.6152,male,70-74,96,0.01599466844385205,0.00012155948017327558,0.0001955637898203901,3.127977977800308e-06
2012,E02001639,E08000019,6154,97155,8,2044,0.003913894324853229,24.08610567514677,female,70-74,120,0.019499512512187196,7.631903135885399e-05,8.234264834542741e-05,1.605641501698292e-06
2012,E02001639,E08000019,6154,97155,8,2044,0.003913894324853229,24.08610567514677,male,70-74,100,0.016249593760155997,6.3599192799045e-05,8.234264834542741e-05,1.3380345847485768e-06
2012,E02001663,E08000019,7671,97155,36,2525,0.014257425742574258,109.36871287128713,female,70-74,94,0.012253943423282492,0.00017470968841115634,0.00037054191755442334,4.54059969366651e-06
2012,E02001663,E08000019,7671,97155,36,2525,0.014257425742574258,109.36871287128713,male,70-74,83,0.010819971320557946,0.00015426493763963804,0.00037054191755442334,4.009252921003407e-06
2012,E02005888,E07000174,8284,97155,13,3488,0.0037270642201834864,30.875,female,70-74,148,0.017865765330758086,6.658685473046306e-05,0.00013380680356131955,2.3905609520853803e-06
2012,E02005888,E07000174,8284,97155,13,3488,0.0037270642201834864,30.875,male,70-74,117,0.014123611781747947,5.263960813151471e-05,0.00013380680356131955,1.889835347256686e-06
2012,E02005887,E07000174,9349,97155,23,4120,0.00558252427184466,52.19101941747572,female,70-74,148,0.015830570114450743,8.837454190105996e-05,0.0002367351139931038,3.7476518206203185e-06
2012,E02005887,E07000174,9349,97155,23,4120,0.00558252427184466,52.19101941747572,male,70-74,125,0.01337041394801583,7.464066038940876e-05,0.0002367351139931038,3.1652464701185126e-06
2012,E02005880,E07000174,6267,97155,70,2630,0.026615969581749048,166.8022813688213,female,70-74,150,0.023934897079942556,0.0006370504926220452,0.0007204981730224899,1.724504961757994e-05
2012,E02005880,E07000174,6267,97155,70,2630,0.026615969581749048,166.8022813688213,male,70-74,142,0.022658369235678953,0.0006030744663488695,0.0007204981730224899,1.6325313637975675e-05
2012,E02005824,E07000170,9785,97155,37,3726,0.009930220075147612,97.16720343531938,female,70-74,214,0.02187020950434338,0.00021717599346771476,0.00038083474859760175,8.328935738363492e-06
2012,E02005824,E07000170,9785,97155,37,3726,0.009930220075147612,97.16720343531938,male,70-74,215,0.021972406745017884,0.0002181908345586854,0.00038083474859760175,8.367855998823135e-06
2012,E02005819,E07000170,6111,97155,44,2362,0.018628281117696866,113.83742591024554,female,70-74,147,0.024054982817869417,0.00044810298221263943,0.00045288456589985077,1.089413045119916e-05
2012,E02005819,E07000170,6111,97155,44,2362,0.018628281117696866,113.83742591024554,male,70-74,141,0.023073146784486992,0.0004298130645713072,0.00045288456589985077,1.0449472065435928e-05
2012,E02005891,E07000174,6437,97155,13,2886,0.0045045045045045045,28.995495495495494,female,70-74,125,0.019418983998757185,8.747290089530263e-05,0.00013380680356131955,2.59839217728211e-06
2012,E02005891,E07000174,6437,97155,13,2886,0.0045045045045045045,28.995495495495494,male,70-74,103,0.01600124281497592,7.207767033772937e-05,0.00013380680356131955,2.141075154080459e-06
2012,E02005825,E07000170,8073,97155,18,3312,0.005434782608695652,43.875,female,70-74,168,0.020810107766629504,0.00011309841177516035,0.00018527095877721167,3.855508618180547e-06
2012,E02005825,E07000170,8073,97155,18,3312,0.005434782608695652,43.875,male,70-74,181,0.02242041372476155,0.00012185007459109538,0.00018527095877721167,4.153851546968328e-06
2012,E02004029,E07000032,6402,97155,379,2746,0.13801893663510562,883.5972323379461,female,70-74,128,0.01999375195251484,0.0027595163838321645,0.0039009829653646236,7.799528578048607e-05
2012,E02004029,E07000032,6402,97155,379,2746,0.13801893663510562,883.5972323379461,male,70-74,143,0.022336769759450172,0.0030828972100624967,0.0039009829653646236,8.713535833288679e-05
2012,E02004054,E07000033,8677,97155,295,3267,0.09029690847872666,783.5062748699113,female,70-74,179,0.02062924974069379,0.0018627574758202229,0.003036385157737636,6.26383477279056e-05
2012,E02004054,E07000033,8677,97155,295,3267,0.09029690847872666,783.5062748699113,male,70-74,175,0.0201682609196727,0.0018211316104387654,0.003036385157737636,6.123860811387418e-05
2012,E02004050,E07000033,7057,97155,1059,3002,0.35276482345103266,2489.4613590939375,female,70-74,169,0.023947853195408812,0.008447960204509638,0.010900108074725953,0.0002610341879876273
2012,E02004050,E07000033,7057,97155,1059,3002,0.35276482345103266,2489.4613590939375,male,70-74,138,0.01955505172169477,0.006898334368179468,0.010900108074725953,0.00021315217717332883
2012,E02004051,E07000033,9152,97155,1124,3894,0.2886492039034412,2641.7175141242938,female,70-74,190,0.020760489510489512,0.005992498769848539,0.01156914209253255,0.0002401810530573847
2012,E02004051,E07000033,9152,97155,1124,3894,0.2886492039034412,2641.7175141242938,male,70-74,220,0.02403846153846154,0.006938682786140413,0.01156914209253255,0.0002781043772243402
2012,E02004049,E07000033,7821,97155,2582,3223,0.801116971765436,6265.535836177474,female,70-74,202,0.025827899245620765,0.020691168430714495,0.026576089753486697,0.0006864045684956288
2012,E02004049,E07000033,7821,97155,2582,3223,0.801116971765436,6265.535836177474,male,70-74,222,0.02838511699271193,0.022739798968408997,0.026576089753486697,0.0007543654168615326
2012,E02004117,E07000038,7364,97155,2215,2973,0.7450386814665321,5486.464850319542,female,70-74,190,0.025801195002715917,0.019222888305084344,0.022798620760640213,0.0005882316600382456
2012,E02004117,E07000038,7364,97155,2215,2973,0.7450386814665321,5486.464850319542,male,70-74,200,0.027159152634437807,0.020234619268509835,0.022798620760640213,0.0006191912210928901
2012,E02004112,E07000038,6508,97155,2022,2401,0.8421491045397751,5480.706372344856,female,70-74,233,0.0358020897357099,0.030150697811580765,0.020812104369306778,0.0007451168282188813
2012,E02004112,E07000038,6508,97155,2022,2401,0.8421491045397751,5480.706372344856,male,70-74,211,0.03242163491087892,0.027303850807912193,0.020812104369306778,0.0006747624495887723
2012,E02004052,E07000033,7869,97155,1852,3077,0.601884952876178,4736.232694182645,female,70-74,181,0.023001652052357352,0.01384434826160735,0.019062323091966444,0.0004384649230710289
2012,E02004052,E07000033,7869,97155,1852,3077,0.601884952876178,4736.232694182645,male,70-74,150,0.019062142584826535,0.011473216791387306,0.019062323091966444,0.00036336872077709576
2012,E02004061,E07000034,7216,97155,2534,2904,0.8725895316804407,6296.60606060606,female,70-74,180,0.024944567627494457,0.021766368584046472,0.026082033863414133,0.0006506050575685343
2012,E02004061,E07000034,7216,97155,2534,2904,0.8725895316804407,6296.60606060606,male,70-74,157,0.021757206208425722,0.01898511037608498,0.026082033863414133,0.0005674721891014439
2012,E02004111,E07000038,5498,97155,1933,2254,0.857586512866016,4715.010647737356,female,70-74,164,0.029829028737722807,0.02558097273736388,0.019896042406463896,0.0005934796207093632
2012,E02004111,E07000038,5498,97155,1933,2254,0.857586512866016,4715.010647737356,male,70-74,151,0.027464532557293562,0.02355321270330455,0.019896042406463896,0.000546435504433621
2012,E02004062,E07000034,7987,97155,2706,3135,0.8631578947368421,6894.042105263158,female,70-74,180,0.022536622010767497,0.01945266320929405,0.02785240080284082,0.0006276990289860207
2012,E02004062,E07000034,7987,97155,2706,3135,0.8631578947368421,6894.042105263158,male,70-74,156,0.0195317390759985,0.01685897478138818,0.02785240080284082,0.0005440058251212181
2012,E02004048,E07000033,6835,97155,2283,2771,0.8238902923132443,5631.290147961025,female,70-74,131,0.01916605705925384,0.01579072835304097,0.023498533271576347,0.0004503742294918071
2012,E02004048,E07000033,6835,97155,2283,2771,0.8238902923132443,5631.290147961025,male,70-74,130,0.019019751280175568,0.015670188441949052,0.023498533271576347,0.0004469362582743124
2012,E02004114,E07000038,7226,97155,2342,2813,0.8325630998933523,6016.100959829364,female,70-74,237,0.03279822861887628,0.0273065948899425,0.024105810303123875,0.0007906278773651202
2012,E02004114,E07000038,7226,97155,2342,2813,0.8325630998933523,6016.100959829364,male,70-74,234,0.03238306116800443,0.026960941790069807,0.024105810303123875,0.0007806199295503718
2012,E02004059,E07000034,7158,97155,2641,3075,0.8588617886178862,6147.7326829268295,female,70-74,193,0.02696283878178262,0.02315735194233753,0.027183366785034222,0.0007329407361709423
2012,E02004059,E07000034,7158,97155,2641,3075,0.8588617886178862,6147.7326829268295,male,70-74,182,0.025426096675048897,0.021837502867903785,0.027183366785034222,0.0006911669118295933
2012,E02004073,E07000035,9138,97155,2604,3611,0.7211298809194129,6589.6848518415945,female,70-74,234,0.025607353906762966,0.01846622807344524,0.02680253203643662,0.0006863419234543848
2012,E02004073,E07000035,9138,97155,2604,3611,0.7211298809194129,6589.6848518415945,male,70-74,227,0.02484132195228715,0.01791381954133363,0.02680253203643662,0.0006658103274536127
2012,E02004063,E07000034,7940,97155,2649,3057,0.8665358194308145,6880.294406280667,female,70-74,233,0.02934508816120907,0.025428570016042793,0.02726570943337965,0.0008001146471004356
2012,E02004063,E07000034,7940,97155,2649,3057,0.8665358194308145,6880.294406280667,male,70-74,200,0.02518891687657431,0.02182709872621699,0.02726570943337965,0.000686793688498228
2012,E02004072,E07000035,8613,97155,2654,3330,0.796996996996997,6864.5351351351355,female,70-74,201,0.023336816440264717,0.018599372622361127,0.027317173588595544,0.0006374958657039017
2012,E02004072,E07000035,8613,97155,2654,3330,0.796996996996997,6864.5351351351355,male,70-74,199,0.023104609311505864,0.018414304238059027,0.027317173588595544,0.0006311526232590867
2012,E02004046,E07000033,6301,97155,1091,2510,0.4346613545816733,2738.8011952191237,female,70-74,142,0.022536105380098398,0.009795574091508906,0.011229478668107662,0.00025306871462804127
2012,E02004046,E07000033,6301,97155,1091,2510,0.4346613545816733,2738.8011952191237,male,70-74,149,0.023647040152356767,0.01027845450447061,0.011229478668107662,0.0002655439329547757
2012,E02004067,E07000034,6422,97155,2390,2772,0.8621933621933622,5537.005772005772,female,70-74,138,0.02148863282466521,0.018527356584036744,0.02459986619319644,0.0005286174921614931
2012,E02004067,E07000034,6422,97155,2390,2772,0.8621933621933622,5537.005772005772,male,70-74,141,0.02195577701650576,0.01893012520542885,0.02459986619319644,0.0005401091767736995
2012,E02004065,E07000034,8352,97155,2549,3047,0.8365605513619954,6986.953724975385,female,70-74,255,0.0305316091954023,0.025541539822474715,0.02623642632906181,0.0008010403153628785
2012,E02004065,E07000034,8352,97155,2549,3047,0.8365605513619954,6986.953724975385,male,70-74,228,0.027298850574712645,0.022837141488330333,0.02623642632906181,0.0007162242819715149
2012,E02004071,E07000035,5146,97155,1549,1961,0.7899031106578276,4064.8414074451807,female,70-74,132,0.02565099106101827,0.02026179763055446,0.01594359528588338,0.0004089690201586876
2012,E02004071,E07000035,5146,97155,1549,1961,0.7899031106578276,4064.8414074451807,male,70-74,118,0.02293043140303148,0.0181128190939805,0.01594359528588338,0.000365593518020645
2012,E02004064,E07000034,8842,97155,3131,3617,0.8656345037323749,7653.940282001659,female,70-74,139,0.015720425243157657,0.013608142503822678,0.03222685399619165,0.0005066198490692875
2012,E02004064,E07000034,8842,97155,3131,3617,0.8656345037323749,7653.940282001659,male,70-74,115,0.01300610721556209,0.01125853516503315,0.03222685399619165,0.0004191459182947342
2012,E02004055,E07000034,7186,97155,2530,2997,0.8441775108441775,6066.259592926259,female,70-74,172,0.02393543000278319,0.020205751720734556,0.026040862539241417,0.0006232992425201119
2012,E02004055,E07000034,7186,97155,2530,2997,0.8441775108441775,6066.259592926259,male,70-74,157,0.021848037851377677,0.01844362221020538,0.026040862539241417,0.0005689417504398695
2012,E02004057,E07000034,7721,97155,2725,3172,0.8590794451450189,6632.95239596469,female,70-74,103,0.013340240901437638,0.011460326751707932,0.02804796459266121,0.00037416660446109375
2012,E02004057,E07000034,7721,97155,2725,3172,0.8590794451450189,6632.95239596469,male,70-74,116,0.015023960626861805,0.01290677575920505,0.02804796459266121,0.00042139151570375603
2012,E02005847,E07000171,6740,97155,22,2812,0.007823613086770981,52.73115220483641,female,70-74,147,0.021810089020771514,0.00017063369788654812,0.00022644228294992538,4.938726349204605e-06
2012,E02005847,E07000171,6740,97155,22,2812,0.007823613086770981,52.73115220483641,male,70-74,144,0.021364985163204748,0.0001671513775215165,0.00022644228294992538,4.837936015547367e-06
2012,E02004115,E07000038,8980,97155,2819,3379,0.8342704942290619,7491.749038176976,female,70-74,219,0.024387527839643652,0.020345794903804514,0.029015490710719984,0.0007076160874886054
2012,E02004115,E07000038,8980,97155,2819,3379,0.8342704942290619,7491.749038176976,male,70-74,209,0.0232739420935412,0.019416763173037185,0.029015490710719984,0.0006753048506169796
2012,E02005848,E07000171,6722,97155,116,2708,0.04283604135893648,287.94387001477105,female,70-74,171,0.025438857482891996,0.0010896999512612525,0.0011939684010086975,3.0373191992336697e-05
2012,E02005848,E07000171,6722,97155,116,2708,0.04283604135893648,287.94387001477105,male,70-74,162,0.024099970246950313,0.0010323473222475022,0.0011939684010086975,2.877460294010845e-05
2012,E02004066,E07000034,11788,97155,3870,4535,0.8533627342888643,10059.439911797133,female,70-74,243,0.020614183915846622,0.0175913763515604,0.03983325613710051,0.0008211300679772161
2012,E02004066,E07000034,11788,97155,3870,4535,0.8533627342888643,10059.439911797133,male,70-74,228,0.019341703427214117,0.016505488922451735,0.03983325613710051,0.0007704430267440547
2012,E02004110,E07000038,7526,97155,1841,2781,0.6619920891765552,4982.152463142754,female,70-74,198,0.02630879617326601,0.017416214942460526,0.018949101950491484,0.0004985280608819178
2012,E02004110,E07000038,7526,97155,1841,2781,0.6619920891765552,4982.152463142754,male,70-74,204,0.02710603242094074,0.017943979031625996,0.018949101950491484,0.0005136349718177335
2012,E02004060,E07000034,7633,97155,2906,3387,0.8579864186595807,6549.010333628579,female,70-74,203,0.02659504781868204,0.022818189832031297,0.029910967011476507,0.0007954835979732387
2012,E02004060,E07000034,7633,97155,2906,3387,0.8579864186595807,6549.010333628579,male,70-74,174,0.022795755273156033,0.019558448427455397,0.029910967011476507,0.0006818430839770618
2012,E02006804,E07000038,8215,97155,2323,3176,0.7314231738035264,6008.641372795969,female,70-74,191,0.02325015216068168,0.017005700084780712,0.023910246513303483,0.0005559168696337146
2012,E02006804,E07000038,8215,97155,2323,3176,0.7314231738035264,6008.641372795969,male,70-74,167,0.020328667072428485,0.014868858189310883,0.023910246513303483,0.00048606344098864047
2012,E02001609,E08000018,8379,97155,15,3753,0.003996802557953637,33.489208633093526,female,70-74,266,0.031746031746031744,0.00012688262088741704,0.0001543924656476764,4.90134811579925e-06
2012,E02001609,E08000018,8379,97155,15,3753,0.003996802557953637,33.489208633093526,male,70-74,233,0.027807614273779688,0.00011114154386003073,0.0001543924656476764,4.293286131508366e-06
2012,E02005840,E07000171,9163,97155,27,3537,0.007633587786259542,69.94656488549619,female,70-74,162,0.017679799192404234,0.00013496029917865827,0.0002779064381658175,4.913330021047958e-06
2012,E02005840,E07000171,9163,97155,27,3537,0.007633587786259542,69.94656488549619,male,70-74,112,0.012223071046600458,9.330588585191189e-05,0.0002779064381658175,3.3968701380084643e-06
2012,E02005842,E07000171,8570,97155,8,3161,0.002530844669408415,21.689338816830116,female,70-74,221,0.025787631271878646,6.526448914110382e-05,8.234264834542741e-05,2.1234218534818506e-06
2012,E02005842,E07000171,8570,97155,8,3161,0.002530844669408415,21.689338816830116,male,70-74,183,0.02135355892648775,5.404254078199999e-05,8.234264834542741e-05,1.7583085936071432e-06
2012,E02004106,E07000038,6998,97155,1667,2703,0.6167221605623382,4315.821679615243,female,70-74,285,0.04072592169191198,0.02511657841672855,0.017158149348978437,0.0006987814467646264
2012,E02004106,E07000038,6998,97155,1667,2703,0.6167221605623382,4315.821679615243,male,70-74,245,0.03501000285795942,0.021591444603854367,0.017158149348978437,0.0006007068577450296
2012,E02001603,E08000018,6481,97155,11,2853,0.00385559060637925,24.988082719943918,female,70-74,154,0.02376176515969758,9.161563854071973e-05,0.00011322114147496269,2.690334174840959e-06
2012,E02001603,E08000018,6481,97155,11,2853,0.00385559060637925,24.988082719943918,male,70-74,143,0.02206449621971918,8.507166435923974e-05,0.00011322114147496269,2.498167448066605e-06
2012,E02006903,E07000171,11081,97155,27,4864,0.005550986842105263,61.51048519736842,female,70-74,302,0.02725385795505821,0.00015128580690513396,0.0002779064381658175,7.574022590567358e-06
2012,E02006903,E07000171,11081,97155,27,4864,0.005550986842105263,61.51048519736842,male,70-74,275,0.024817254760400687,0.0001377602546321584,0.0002779064381658175,6.896874875516634e-06
2012,E02001600,E08000018,10943,97155,12,4915,0.0024415055951169887,26.717395727365208,female,70-74,256,0.023393950470620487,5.711646096590963e-05,0.0001235139725181411,2.8894797555189732e-06
2012,E02001600,E08000018,10943,97155,12,4915,0.0024415055951169887,26.717395727365208,male,70-74,237,0.021657680709129122,5.2877348628596026e-05,0.0001235139725181411,2.6750261799140493e-06
2012,E02004108,E07000038,7577,97155,2137,3061,0.6981378634433192,5289.790591310029,female,70-74,220,0.029035238220931767,0.020270599176129105,0.021995779939272295,0.0006386527103919632
2012,E02004108,E07000038,7577,97155,2137,3061,0.6981378634433192,5289.790591310029,male,70-74,158,0.020852580176850998,0.014557975771947267,0.021995779939272295,0.0004586687647360463
2012,E02004116,E07000038,8093,97155,3114,3628,0.8583241455347299,6946.417309812569,female,70-74,186,0.022982824663289263,0.019726713341092272,0.03205187586845762,0.0007366426432142738
2012,E02004116,E07000038,8093,97155,3114,3628,0.8583241455347299,6946.417309812569,male,70-74,172,0.02125293463486964,0.01824190696057995,0.03205187586845762,0.0006811964227572854
2012,E02004069,E07000035,6731,97155,1423,2306,0.6170858629661752,4153.604943625325,female,70-74,226,0.033575991680285244,0.02071926980097394,0.014646698574442901,0.0004917774294791406
2012,E02004069,E07000035,6731,97155,1423,2306,0.6170858629661752,4153.604943625325,male,70-74,198,0.02941613430396672,0.01815228062209221,0.014646698574442901,0.00043084925237553027
2012,E02004109,E07000038,6688,97155,1567,2568,0.610202492211838,4081.0342679127725,female,70-74,233,0.03483851674641148,0.02125854974362414,0.016128866244660593,0.000561905776765239
2012,E02004109,E07000038,6688,97155,1567,2568,0.610202492211838,4081.0342679127725,male,70-74,219,0.032745215311004786,0.019981211990788356,0.016128866244660593,0.0005281431979038083
2012,E02004056,E07000034,7708,97155,3030,3494,0.8672009158557528,6684.384659416142,female,70-74,160,0.02075765438505449,0.018001056893736433,0.03118727806083063,0.0006473747391973146
2012,E02004056,E07000034,7708,97155,3030,3494,0.8672009158557528,6684.384659416142,male,70-74,136,0.017644006227296314,0.015300898359675968,0.03118727806083063,0.0005502685283177174
2012,E02004058,E07000034,7835,97155,3009,3480,0.8646551724137931,6774.573275862069,female,70-74,186,0.02373962986598596,0.020526593754813725,0.030971128608923884,0.0007352431297077017
2012,E02004058,E07000034,7835,97155,3009,3480,0.8646551724137931,6774.573275862069,male,70-74,164,0.020931716656030632,0.01809871707413683,0.030971128608923884,0.0006482788885594789
2012,E02005843,E07000171,6511,97155,23,2673,0.008604564160119716,56.024317246539475,female,70-74,90,0.01382276148057134,0.0001189388380296075,0.0002367351139931038,3.2723330148025405e-06
2012,E02005843,E07000171,6511,97155,23,2673,0.008604564160119716,56.024317246539475,male,70-74,90,0.01382276148057134,0.0001189388380296075,0.0002367351139931038,3.2723330148025405e-06
2012,E02005846,E07000171,6659,97155,12,3337,0.003596044351213665,23.946059334731796,female,70-74,95,0.014266406367322421,5.1302630029328456e-05,0.0001235139725181411,1.762100523986095e-06
2012,E02005846,E07000171,6659,97155,12,3337,0.003596044351213665,23.946059334731796,male,70-74,100,0.01501726986033939,5.400276845192469e-05,0.0001235139725181411,1.8548426568274681e-06
2012,E02001608,E08000018,6925,97155,12,3083,0.003892312682452157,26.954265325981186,female,70-74,160,0.023104693140794223,8.993069013607871e-05,0.0001235139725181411,2.853752433632141e-06
2012,E02001608,E08000018,6925,97155,12,3083,0.003892312682452157,26.954265325981186,male,70-74,148,0.021371841155234658,8.318588837587282e-05,0.0001235139725181411,2.6397210011097307e-06
2012,E02001610,E08000018,8312,97155,39,3825,0.01019607843137255,84.74980392156863,female,70-74,230,0.027670837343599614,0.00028213402781709413,0.0004014204106839586,1.1107638890436776e-05
2012,E02001610,E08000018,8312,97155,39,3825,0.01019607843137255,84.74980392156863,male,70-74,211,0.025384985563041387,0.0002588273037800298,0.0004014204106839586,1.0190051329922433e-05
2012,E02004113,E07000038,9224,97155,3474,4038,0.8603268945022289,7935.655274888559,female,70-74,178,0.019297484822202948,0.01660214518878976,0.03575729504400185,0.0006900258583946584
2012,E02004113,E07000038,9224,97155,3474,4038,0.8603268945022289,7935.655274888559,male,70-74,170,0.018430182133564614,0.015855981360080106,0.03575729504400185,0.0006590134602645614
2012,E02001605,E08000018,7380,97155,12,3095,0.0038772213247172858,28.613893376413568,female,70-74,161,0.02181571815718157,8.458436765304648e-05,0.0001235139725181411,2.6945460129296367e-06
2012,E02001605,E08000018,7380,97155,12,3095,0.0038772213247172858,28.613893376413568,male,70-74,163,0.022086720867208674,8.563510513941973e-05,0.0001235139725181411,2.728018634208266e-06
2012,E02001607,E08000018,8856,97155,12,4092,0.002932551319648094,25.970674486803517,female,70-74,236,0.026648599819331528,7.814838656695463e-05,0.0001235139725181411,3.2914744257318547e-06
2012,E02001607,E08000018,8856,97155,12,4092,0.002932551319648094,25.970674486803517,male,70-74,196,0.022131887985546522,6.490289731831825e-05,0.0001235139725181411,2.733597404421371e-06
2012,E02004045,E07000033,9079,97155,2469,3220,0.7667701863354037,6961.50652173913,female,70-74,204,0.022469434959797335,0.017228892830975038,0.025412999845607534,0.0005710157471642182
2012,E02004045,E07000033,9079,97155,2469,3220,0.7667701863354037,6961.50652173913,male,70-74,191,0.02103755920255535,0.01613097318978545,0.025412999845607534,0.0005346274887664984
2012,E02001606,E08000018,8011,97155,10,3937,0.00254000508001016,20.347980695961393,female,70-74,197,0.024591187117713145,6.24617402024718e-05,0.00010292831043178426,2.5311293415380724e-06
2012,E02001606,E08000018,8011,97155,10,3937,0.00254000508001016,20.347980695961393,male,70-74,183,0.022843590063662465,5.802283480737228e-05,0.00010292831043178426,2.3512521294490724e-06
2012,E02005838,E07000171,8043,97155,11,3413,0.0032229709932610606,25.92235569879871,female,70-74,218,0.027104314310580628,8.735641881523203e-05,0.00011322114147496269,3.068781405140105e-06
2012,E02005838,E07000171,8043,97155,11,3413,0.0032229709932610606,25.92235569879871,male,70-74,197,0.024493348253139376,7.894135094770967e-05,0.00011322114147496269,2.7731648477642237e-06
2012,E02004047,E07000033,5751,97155,756,2604,0.2903225806451613,1669.6451612903227,female,70-74,112,0.019474873934967833,0.005653995658539048,0.00778138026864289,0.0001515413997718664
2012,E02004047,E07000033,5751,97155,756,2604,0.2903225806451613,1669.6451612903227,male,70-74,122,0.021213701964875674,0.006158816699480035,0.00778138026864289,0.00016507188189435448
2012,E02005894,E07000175,10073,97155,18,4140,0.004347826086956522,43.79565217391304,female,70-74,218,0.02164201330288891,9.409571001256048e-05,0.00018527095877721167,4.009636554495398e-06
2012,E02005894,E07000175,10073,97155,18,4140,0.004347826086956522,43.79565217391304,male,70-74,196,0.019457956914523976,8.459981267184337e-05,0.00018527095877721167,3.604994333399532e-06
2012,E02005889,E07000174,10157,97155,24,4422,0.005427408412483039,55.12618724559022,female,70-74,198,0.01949394506251846,0.0001058016014247949,0.0002470279450362822,4.815549189444116e-06
2012,E02005889,E07000174,10157,97155,24,4422,0.005427408412483039,55.12618724559022,male,70-74,189,0.018607856650585803,0.00010099243772366786,0.0002470279450362822,4.596660589923929e-06
2012,E02004053,E07000033,7938,97155,492,3108,0.1583011583011583,1256.5945945945946,female,70-74,143,0.018014613252708492,0.002851734144251151,0.005064072873243786,9.122731429501907e-05
2012,E02004053,E07000033,7938,97155,492,3108,0.1583011583011583,1256.5945945945946,male,70-74,129,0.016250944822373395,0.0025725433888699194,0.005064072873243786,8.229596883956266e-05
2012,E02004031,E07000032,7666,97155,164,3159,0.051915163026274136,397.98163975941753,female,70-74,115,0.015001304461257501,0.0007787951667129567,0.001688024291081262,2.5322566328508367e-05
2012,E02004031,E07000032,7666,97155,164,3159,0.051915163026274136,397.98163975941753,male,70-74,116,0.015131750587007565,0.0007855672985974171,0.001688024291081262,2.5542762557451913e-05
2012,E02005883,E07000174,7845,97155,32,3272,0.009779951100244499,76.72371638141809,female,70-74,159,0.02026768642447419,0.00019821698214644683,0.00032937059338170965,6.675579904103485e-06
2012,E02005883,E07000174,7845,97155,32,3272,0.009779951100244499,76.72371638141809,male,70-74,148,0.018865519439133206,0.00018450385759543478,0.00032937059338170965,6.213747332121483e-06
2012,E02005822,E07000170,9777,97155,24,3954,0.006069802731411229,59.34446130500759,female,70-74,161,0.01646721898332822,9.995277076375247e-05,0.0002470279450362822,4.067863265914027e-06
2012,E02005822,E07000170,9777,97155,24,3954,0.006069802731411229,59.34446130500759,male,70-74,128,0.013091950496062188,7.946555688049887e-05,0.0002470279450362822,3.2340776275589777e-06
2012,E02004030,E07000032,5665,97155,510,2112,0.24147727272727273,1367.96875,female,70-74,159,0.028067078552515445,0.0067775615822835596,0.005249343832020997,0.00014733374568249577
2012,E02004030,E07000032,5665,97155,510,2112,0.24147727272727273,1367.96875,male,70-74,153,0.02700794351279788,0.00652180454144267,0.005249343832020997,0.00014177398169447705
2012,E02004032,E07000032,8284,97155,184,2974,0.06186953597848016,512.5272360457296,female,70-74,189,0.02281506518590053,0.001411557496370443,0.0018938809119448303,4.320901646035405e-05
2012,E02004032,E07000032,8284,97155,184,2974,0.06186953597848016,512.5272360457296,male,70-74,193,0.023297923708353454,0.00144143172909786,0.0018938809119448303,4.412349299919752e-05
2012,E02004075,E07000035,7458,97155,155,2523,0.06143479984145858,458.1807372175981,female,70-74,185,0.024805577902923037,0.0015239257134177847,0.0015953888116926561,3.957454145389399e-05
2012,E02004075,E07000035,7458,97155,155,2523,0.06143479984145858,458.1807372175981,male,70-74,186,0.0249396621078037,0.0015321631497065295,0.0015953888116926561,3.978845789418531e-05
2012,E02004074,E07000035,5875,97155,386,2042,0.1890303623898139,1110.5533790401566,female,70-74,164,0.027914893617021277,0.005276762456498636,0.003973032782666873,0.00011090678746508377
2012,E02004074,E07000035,5875,97155,386,2042,0.1890303623898139,1110.5533790401566,male,70-74,165,0.028085106382978724,0.005308937837330944,0.003973032782666873,0.00011158304836426111
2012,E02002806,E06000015,6527,97155,11,1899,0.005792522380200105,37.80779357556609,female,70-74,72,0.011031101578060365,6.389790276917536e-05,0.00011322114147496269,1.2489539123942567e-06
2012,E02002806,E06000015,6527,97155,11,1899,0.005792522380200105,37.80779357556609,male,70-74,54,0.008273326183545274,4.7923427076881525e-05,0.00011322114147496269,9.367154342956926e-07
2012,E02002815,E06000015,7881,97155,11,2837,0.0038773352132534366,30.557278815650335,female,70-74,114,0.01446516939474686,5.60863106599279e-05,0.00011322114147496269,1.6377629905019348e-06
2012,E02002815,E06000015,7881,97155,11,2837,0.0038773352132534366,30.557278815650335,male,70-74,89,0.01129298312396904,4.3786681129241954e-05,0.00011322114147496269,1.2786044399532647e-06
2012,E02002811,E06000015,10268,97155,11,3874,0.002839442436757873,29.15539494062984,female,70-74,109,0.01061550447993767,3.0142113907928337e-05,0.00011322114147496269,1.2018995345511233e-06
2012,E02002811,E06000015,10268,97155,11,3874,0.002839442436757873,29.15539494062984,male,70-74,87,0.008472925594078692,2.405838449531895e-05,0.00011322114147496269,9.593143073940158e-07
2012,E02004118,E07000039,6815,97155,10,2416,0.0041390728476821195,28.207781456953644,female,70-74,130,0.019075568598679385,7.89551680408915e-05,0.00010292831043178426,1.9634160463876676e-06
2012,E02004118,E07000039,6815,97155,10,2416,0.0041390728476821195,28.207781456953644,male,70-74,127,0.01863536316947909,7.71331257014863e-05,0.00010292831043178426,1.918106445317183e-06
2012,E02006827,E07000032,7622,97155,12,2775,0.004324324324324324,32.96,female,70-74,179,0.023484649698241933,0.00010155524193834349,0.0001235139725181411,2.900682377426825e-06
2012,E02006827,E07000032,7622,97155,12,2775,0.004324324324324324,32.96,male,70-74,179,0.023484649698241933,0.00010155524193834349,0.0001235139725181411,2.900682377426825e-06
2012,E02005823,E07000170,7513,97155,13,3531,0.0036816765788728408,27.660436137071652,female,70-74,151,0.020098495940370026,7.399616177423119e-05,0.00013380680356131955,2.6893154981710705e-06
2012,E02005823,E07000170,7513,97155,13,3531,0.0036816765788728408,27.660436137071652,male,70-74,147,0.019566085451883403,7.203599854842374e-05,0.00013380680356131955,2.6180753525241545e-06
2012,E02005890,E07000174,6715,97155,13,2532,0.005134281200631911,34.47669826224328,female,70-74,153,0.02278481012658228,0.000116983622292879,0.00013380680356131955,3.0487626127895595e-06
2012,E02005890,E07000174,6715,97155,13,2532,0.005134281200631911,34.47669826224328,male,70-74,142,0.02114668652271035,0.00010857303506920795,0.00013380680356131955,2.829570529517107e-06
2012,E02004040,E07000032,9078,97155,13,2840,0.004577464788732394,41.554225352112674,female,70-74,176,0.019387530293016084,8.874573725676377e-05,0.00013380680356131955,2.594183457456735e-06
2012,E02004040,E07000032,9078,97155,13,2840,0.004577464788732394,41.554225352112674,male,70-74,158,0.01740471469486671,7.966946867368565e-05,0.00013380680356131955,2.3288692402168418e-06
2012,E02002821,E06000015,11377,97155,13,4175,0.0031137724550898203,35.425389221556884,female,70-74,123,0.010811285927748967,3.3663884325924926e-05,0.00013380680356131955,1.4466236123795643e-06
2012,E02002821,E06000015,11377,97155,13,4175,0.0031137724550898203,35.425389221556884,male,70-74,121,0.010635492660631098,3.311650409298306e-05,0.00013380680356131955,1.4231012772189212e-06
2012,E02002824,E06000015,9562,97155,13,3558,0.0036537380550871277,34.93704328274311,female,70-74,122,0.012758837063375862,4.661744851711248e-05,0.00013380680356131955,1.7072192046100172e-06
2012,E02002824,E06000015,9562,97155,13,3558,0.0036537380550871277,34.93704328274311,male,70-74,121,0.012654256431708848,4.623533828336566e-05,0.00013380680356131955,1.6932256045722303e-06
2012,E02005827,E07000170,8446,97155,14,3234,0.004329004329004329,36.56277056277056,female,70-74,174,0.020601468150603836,8.918384480780881e-05,0.00014409963460449796,2.9686640328182152e-06
2012,E02005827,E07000170,8446,97155,14,3234,0.004329004329004329,36.56277056277056,male,70-74,147,0.017404688609992894,7.534497233763158e-05,0.00014409963460449796,2.5080092691050435e-06
2012,E02002813,E06000015,10537,97155,14,4158,0.003367003367003367,35.47811447811448,female,70-74,121,0.01148334440542849,3.8664459277537e-05,0.00014409963460449796,1.6547457328598514e-06
2012,E02002813,E06000015,10537,97155,14,4158,0.003367003367003367,35.47811447811448,male,70-74,104,0.009869981968302173,3.323226251953593e-05,0.00014409963460449796,1.4222607951853267e-06
2012,E02004080,E07000036,9536,97155,15,3327,0.004508566275924256,42.993688007213706,female,70-74,191,0.020029362416107383,9.030370791752653e-05,0.0001543924656476764,3.0923826487737197e-06
2012,E02004080,E07000036,9536,97155,15,3327,0.004508566275924256,42.993688007213706,male,70-74,174,0.018246644295302015,8.226620511858438e-05,0.0001543924656476764,2.817144402547787e-06
2012,E02004076,E07000035,6658,97155,15,2298,0.006527415143603133,43.45953002610966,female,70-74,152,0.022829678582156804,0.0001490187897007624,0.0001543924656476764,3.524730366243138e-06
2012,E02004076,E07000035,6658,97155,15,2298,0.006527415143603133,43.45953002610966,male,70-74,141,0.021177530790027037,0.0001382345351829441,0.0001543924656476764,3.2696511950018583e-06
2012,E02005830,E07000170,6081,97155,17,2266,0.007502206531332745,45.620917917034426,female,70-74,155,0.02548922874527216,0.00019122545837141515,0.00017497812773403323,4.4600575232322234e-06
2012,E02005830,E07000170,6081,97155,17,2266,0.007502206531332745,45.620917917034426,male,70-74,155,0.02548922874527216,0.00019122545837141515,0.00017497812773403323,4.4600575232322234e-06
2012,E02002808,E06000015,12033,97155,18,3850,0.004675324675324675,56.25818181818182,female,70-74,101,0.008393584309814676,3.924273183809459e-05,0.00018527095877721167,1.5550874126567256e-06
2012,E02002808,E06000015,12033,97155,18,3850,0.004675324675324675,56.25818181818182,male,70-74,91,0.0075625363583478765,3.535731284422384e-05,0.00018527095877721167,1.4011183618986338e-06
2012,E02005884,E07000174,6034,97155,18,2478,0.007263922518159807,43.83050847457627,female,70-74,122,0.020218760357971495,0.00014686750865354597,0.00018527095877721167,3.7459491168080583e-06
2012,E02005884,E07000174,6034,97155,18,2478,0.007263922518159807,43.83050847457627,male,70-74,97,0.016075571760026518,0.00011677170769995049,0.00018527095877721167,2.978336592871981e-06
2012,E02005892,E07000174,11677,97155,19,4381,0.004336909381419767,50.64209084683862,female,70-74,278,0.02380748479917787,0.00010325090417356301,0.0001955637898203901,4.6558819534185535e-06
2012,E02005892,E07000174,11677,97155,19,4381,0.004336909381419767,50.64209084683862,male,70-74,259,0.022180354543118952,9.619418770126914e-05,0.0001955637898203901,4.337674194012249e-06
2012,E02005820,E07000170,5704,97155,24,2206,0.010879419764279238,62.056210335448775,female,70-74,167,0.029277699859747545,0.0003185243865067729,0.0002470279450362822,7.232410031742485e-06
2012,E02005820,E07000170,5704,97155,24,2206,0.010879419764279238,62.056210335448775,male,70-74,165,0.028927068723702664,0.00031470972319531455,0.0002470279450362822,7.14579434273958e-06
2012,E02005886,E07000174,10342,97155,26,4259,0.0061047194177036865,63.135008217891524,female,70-74,225,0.021755946625410947,0.0001328139498146712,0.0002676136071226391,5.822187352793831e-06
2012,E02005886,E07000174,10342,97155,26,4259,0.0061047194177036865,63.135008217891524,male,70-74,189,0.018274995165345195,0.00011156371784432381,0.0002676136071226391,4.890637376346818e-06
2012,E02004039,E07000032,8055,97155,27,2575,0.010485436893203883,84.46019417475728,female,70-74,142,0.017628801986343885,0.00018484569073059606,0.0002779064381658175,4.899157569155317e-06
2012,E02004039,E07000032,8055,97155,27,2575,0.010485436893203883,84.46019417475728,male,70-74,159,0.01973929236499069,0.00020697510440961111,0.0002779064381658175,5.485676433068279e-06
2012,E02005829,E07000170,6670,97155,27,2570,0.010505836575875487,70.0739299610895,female,70-74,158,0.02368815592203898,0.00024886389490079864,0.0002779064381658175,6.583091039010369e-06
2012,E02005829,E07000170,6670,97155,27,2570,0.010505836575875487,70.0739299610895,male,70-74,141,0.021139430284857572,0.00022208739987982664,0.0002779064381658175,5.874783775319381e-06
2012,E02005882,E07000174,7817,97155,29,3133,0.00925630386211299,72.35652729013725,female,70-74,215,0.027504157605219393,0.00025458684026535665,0.0002984921002521744,8.209773769248751e-06
2012,E02005882,E07000174,7817,97155,29,3133,0.00925630386211299,72.35652729013725,male,70-74,206,0.026352820775233467,0.000243929716719365,0.0002984921002521744,7.86610882076857e-06
2012,E02005885,E07000174,8195,97155,34,3621,0.009389671361502348,76.94835680751174,female,70-74,197,0.024039048200122027,0.00022571876244246035,0.00034995625546806647,8.412615293131068e-06
2012,E02005885,E07000174,8195,97155,34,3621,0.009389671361502348,76.94835680751174,male,70-74,171,0.020866381940207443,0.00019592846892213563,0.00034995625546806647,7.302320888961485e-06
2012,E02005821,E07000170,6379,97155,34,2601,0.013071895424836602,83.38562091503269,female,70-74,150,0.023514657469822856,0.0003073811433963772,0.00034995625546806647,8.229101476753404e-06
2012,E02005821,E07000170,6379,97155,34,2601,0.013071895424836602,83.38562091503269,male,70-74,148,0.023201128703558553,0.0003032827281510922,0.00034995625546806647,8.119380123730027e-06
2012,E02004037,E07000032,7801,97155,43,2364,0.018189509306260575,141.89636209813875,female,70-74,183,0.023458530957569543,0.00042669916716391303,0.0004425917348566723,1.0382551913699658e-05
2012,E02004037,E07000032,7801,97155,43,2364,0.018189509306260575,141.89636209813875,male,70-74,159,0.020382002307396486,0.0003707386206506129,0.0004425917348566723,9.020905761083309e-06
2012,E02005881,E07000174,5693,97155,43,2422,0.017753922378199834,101.07308009909165,female,70-74,111,0.01949762866678377,0.00034615938590904297,0.0004425917348566723,8.629489297223015e-06
2012,E02005881,E07000174,5693,97155,43,2422,0.017753922378199834,101.07308009909165,male,70-74,90,0.015808888108203058,0.0002806697723586835,0.0004425917348566723,6.996883213964608e-06
2012,E02004038,E07000032,7843,97155,46,2744,0.016763848396501458,131.47886297376093,female,70-74,155,0.019762845849802372,0.00033130135170951496,0.0004734702279862076,9.357119130162205e-06
2012,E02004038,E07000032,7843,97155,46,2744,0.016763848396501458,131.47886297376093,male,70-74,158,0.020145352543669514,0.00033771363593615075,0.0004734702279862076,9.538224661713731e-06
2012,E02004036,E07000032,9930,97155,53,3520,0.015056818181818182,149.51420454545453,female,70-74,235,0.02366565961732125,0.00035632953401080287,0.0005455200452884565,1.2910091706222284e-05
2012,E02004036,E07000032,9930,97155,53,3520,0.015056818181818182,149.51420454545453,male,70-74,226,0.022759315206445117,0.00034268287100613383,0.0005455200452884565,1.2415662662154198e-05
2012,E02004033,E07000032,8889,97155,87,3254,0.026736324523663185,237.65918869084206,female,70-74,155,0.017437282033974575,0.0004662088312709859,0.0008954763007565231,1.5614672811031734e-05
2012,E02004033,E07000032,8889,97155,87,3254,0.026736324523663185,237.65918869084206,male,70-74,157,0.01766227922150973,0.0004722244290938373,0.0008954763007565231,1.5816152460206334e-05
2012,E02004034,E07000032,7217,97155,77,2551,0.03018424147393179,217.83967071736572,female,70-74,202,0.027989469308576972,0.00084484090033729,0.0007925479903247388,2.2182997650768636e-05
2012,E02004034,E07000032,7217,97155,77,2551,0.03018424147393179,217.83967071736572,male,70-74,226,0.03131495081058611,0.0009452180370110273,0.0007925479903247388,2.4818601332048075e-05
2012,E02004035,E07000032,6545,97155,85,2141,0.039701074264362445,259.8435310602522,female,70-74,192,0.0293353705118411,0.0011646457232631917,0.0008748906386701663,2.5665241042730622e-05
2012,E02004035,E07000032,6545,97155,85,2141,0.039701074264362445,259.8435310602522,male,70-74,203,0.031016042780748664,0.0012313702178251454,0.0008748906386701663,2.7135645477470397e-05
2012,E02004043,E07000032,7034,97155,16,2595,0.006165703275529865,43.369556840077074,female,70-74,170,0.024168325277224907,0.00014901472232585684,0.00016468529669085483,3.98016781880087e-06
2012,E02004043,E07000032,7034,97155,16,2595,0.006165703275529865,43.369556840077074,male,70-74,175,0.024879158373613874,0.00015339750827661735,0.00016468529669085483,4.0972315781773665e-06
2012,E02002820,E06000015,9785,97155,11,3613,0.003044561306393579,29.791032383061168,female,70-74,142,0.014512008175779254,4.418269857004478e-05,0.00011322114147496269,1.643066130755718e-06
2012,E02002820,E06000015,9785,97155,11,3613,0.003044561306393579,29.791032383061168,male,70-74,133,0.013592233009708738,4.138238668884476e-05,0.00011322114147496269,1.538928136552891e-06
2012,E02002801,E06000015,7589,97155,9,2732,0.003294289897510981,25.000366032210835,female,70-74,204,0.026881011991039663,8.855384623695351e-05,9.263547938860583e-05,2.490135432240821e-06
2012,E02002801,E06000015,7589,97155,9,2732,0.003294289897510981,25.000366032210835,male,70-74,145,0.0191066016602978,6.294268482528559e-05,9.263547938860583e-05,1.769949204288819e-06
2012,E02002816,E06000015,9479,97155,9,2797,0.0032177332856632105,30.50089381480157,female,70-74,135,0.01424200865070155,4.582698529006577e-05,9.263547938860583e-05,1.3193152988144095e-06
2012,E02002816,E06000015,9479,97155,9,2797,0.0032177332856632105,30.50089381480157,male,70-74,128,0.013503534128072581,4.345077123798828e-05,9.263547938860583e-05,1.2509063573944031e-06
2012,E02002803,E06000015,7912,97155,8,2208,0.0036231884057971015,28.666666666666668,female,70-74,85,0.010743174924165825,3.8924546826687774e-05,8.234264834542741e-05,8.846214748940003e-07
2012,E02002803,E06000015,7912,97155,8,2208,0.0036231884057971015,28.666666666666668,male,70-74,86,0.010869565217391304,3.9382482671707626e-05,8.234264834542741e-05,8.950287863633414e-07
2012,E02004084,E07000036,6139,97155,8,2240,0.0035714285714285713,21.925,female,70-74,130,0.02117608731063691,7.562888325227468e-05,8.234264834542741e-05,1.743695110751843e-06
2012,E02004084,E07000036,6139,97155,8,2240,0.0035714285714285713,21.925,male,70-74,146,0.02378237497963838,8.493705349870849e-05,8.234264834542741e-05,1.9583037397674547e-06
2012,E02002825,E06000015,8582,97155,8,3211,0.002491435689816257,21.381501090003116,female,70-74,177,0.020624563038918665,5.13847724420272e-05,8.234264834542741e-05,1.6982811415917794e-06
2012,E02002825,E06000015,8582,97155,8,3211,0.002491435689816257,21.381501090003116,male,70-74,175,0.020391517128874388,5.080415354437718e-05,8.234264834542741e-05,1.6790915241726633e-06
2012,E02004083,E07000036,7917,97155,8,2488,0.003215434083601286,25.456591639871384,female,70-74,150,0.018946570670708603,6.092144910195692e-05,8.234264834542741e-05,1.5601108060899472e-06
2012,E02004083,E07000036,7917,97155,8,2488,0.003215434083601286,25.456591639871384,male,70-74,153,0.019325502084122773,6.213987808399605e-05,8.234264834542741e-05,1.591313022211746e-06
2012,E02006872,E07000037,12346,97155,354,4893,0.07234825260576333,893.2115266707541,female,75-79,248,0.020087477725579134,0.0014532939127028435,0.003643662189285163,7.319198306680061e-05
2012,E02006872,E07000037,12346,97155,354,4893,0.07234825260576333,893.2115266707541,male,75-79,210,0.017009557751498462,0.0012306117809177304,0.003643662189285163,6.19770824355973e-05
2012,E02004103,E07000037,7137,97155,89,3114,0.028580603725112397,203.97976878612718,female,75-79,132,0.018495166036149643,0.0005286030113093508,0.0009160619628428799,1.694271810218021e-05
2012,E02004103,E07000037,7137,97155,89,3114,0.028580603725112397,203.97976878612718,male,75-79,97,0.013591144738685723,0.00038844312194702294,0.0009160619628428799,1.2450330726602123e-05
2012,E02004097,E07000037,7704,97155,29,2762,0.010499637943519189,80.88921071687183,female,75-79,117,0.015186915887850467,0.00015945711830110917,0.0002984921002521744,4.533174419717602e-06
2012,E02004097,E07000037,7704,97155,29,2762,0.010499637943519189,80.88921071687183,male,75-79,126,0.016355140186915886,0.00017172305047811757,0.0002984921002521744,4.881880144311262e-06
2012,E02004102,E07000037,8625,97155,96,3736,0.02569593147751606,221.627408993576,female,75-79,193,0.0223768115942029,0.0005749930174099246,0.000988111780145129,2.2110791138319986e-05
2012,E02004102,E07000037,8625,97155,96,3736,0.02569593147751606,221.627408993576,male,75-79,131,0.01518840579710145,0.00039028023461502653,0.000988111780145129,1.5007842689740508e-05
2012,E02004098,E07000037,7341,97155,47,3145,0.014944356120826709,109.70651828298887,female,75-79,134,0.01825364391772238,0.00027278895520920567,0.00048376305902938604,8.830438620070525e-06
2012,E02004098,E07000037,7341,97155,47,3145,0.014944356120826709,109.70651828298887,male,75-79,123,0.016755210461789946,0.0002503958320203903,0.00048376305902938604,8.105551867676677e-06
2012,E02004104,E07000037,7167,97155,84,2895,0.029015544041450778,207.95440414507772,female,75-79,136,0.018975861587833123,0.0005505949476262461,0.0008645978076269878,1.640648832667369e-05
2012,E02004104,E07000037,7167,97155,84,2895,0.029015544041450778,207.95440414507772,male,75-79,109,0.015208594949072136,0.0004412856565533884,0.0008645978076269878,1.3149317850054649e-05
2012,E02004100,E07000037,7641,97155,54,3050,0.017704918032786884,135.28327868852458,female,75-79,145,0.018976573746891767,0.00033597868273185425,0.000555812876331635,1.0547424037179306e-05
2012,E02004100,E07000037,7641,97155,54,3050,0.017704918032786884,135.28327868852458,male,75-79,109,0.014265148540766916,0.0002525632856398077,0.000555812876331635,7.928753241741686e-06
2012,E02004068,E07000035,7531,97155,1163,2634,0.4415337889141989,3325.190964312832,female,75-79,177,0.023502854866551588,0.010377304559529042,0.011970562503216509,0.0002813423931840821
2012,E02004068,E07000035,7531,97155,1163,2634,0.4415337889141989,3325.190964312832,male,75-79,169,0.022440578940379763,0.009908273844974056,0.011970562503216509,0.00026862635281418005
2012,E02006210,E07000198,5452,97155,24,1854,0.012944983818770227,70.57605177993528,female,75-79,108,0.019809244314013204,0.00025643034710696707,0.0002470279450362822,4.89343691561234e-06
2012,E02006210,E07000198,5452,97155,24,1854,0.012944983818770227,70.57605177993528,male,75-79,105,0.01925898752751284,0.00024930728190955136,0.0002470279450362822,4.757508112400887e-06
2012,E02006204,E07000198,7282,97155,11,2851,0.003858295334970186,28.096106629252894,female,75-79,146,0.020049436967865972,7.735664912189607e-05,0.00011322114147496269,2.2700201394321e-06
2012,E02006204,E07000198,7282,97155,11,2851,0.003858295334970186,28.096106629252894,male,75-79,136,0.01867618786047789,7.205824849710867e-05,0.00011322114147496269,2.114539307964148e-06
2012,E02004070,E07000035,6373,97155,1527,2452,0.6227569331158238,3968.829934747145,female,75-79,156,0.024478267691824887,0.015244010915749022,0.015717153002933457,0.00038472867855917454
2012,E02004070,E07000035,6373,97155,1527,2452,0.6227569331158238,3968.829934747145,male,75-79,155,0.024321355719441395,0.015146292897058324,0.015717153002933457,0.0003822624690812311
2012,E02006803,E08000019,8747,97155,441,3080,0.1431818181818182,1252.4113636363636,female,75-79,149,0.017034411798330856,0.002439018052942827,0.004539138490041686,7.732155424902379e-05
2012,E02006803,E08000019,8747,97155,441,3080,0.1431818181818182,1252.4113636363636,male,75-79,132,0.015090888304561564,0.0021607408254258604,0.004539138490041686,6.849963195215531e-05
2012,E02006869,E08000019,11118,97155,31,4236,0.007318224740321058,81.36402266288952,female,75-79,172,0.015470408346824968,0.00011321592510660388,0.0003190777623385312,4.936263277768246e-06
2012,E02006869,E08000019,11118,97155,31,4236,0.007318224740321058,81.36402266288952,male,75-79,165,0.014840798704803022,0.0001086083002476142,0.0003190777623385312,4.7353688420451205e-06
2012,E02006868,E08000019,12500,97155,11,4482,0.0024542614904060687,30.67826863007586,female,75-79,173,0.01384,3.396697902721999e-05,0.00011322114147496269,1.5669805980134836e-06
2012,E02006868,E08000019,12500,97155,11,4482,0.0024542614904060687,30.67826863007586,male,75-79,155,0.0124,3.043284248103525e-05,0.00011322114147496269,1.4039421542895373e-06
2012,E02004105,E07000038,9450,97155,1852,3263,0.5675758504443763,5363.591786699356,female,75-79,136,0.014391534391534391,0.008168287371474622,0.019062323091966444,0.00027433607836057527
2012,E02004105,E07000038,9450,97155,1852,3263,0.5675758504443763,5363.591786699356,male,75-79,114,0.012063492063492064,0.006846946767265492,0.019062323091966444,0.00022995818333165872
2012,E02001634,E08000019,9260,97155,11,3128,0.003516624040920716,32.56393861892583,female,75-79,145,0.01565874730021598,5.506592720664187e-05,0.00011322114147496269,1.7729012433984436e-06
2012,E02001634,E08000019,9260,97155,11,3128,0.003516624040920716,32.56393861892583,male,75-79,121,0.01306695464362851,4.5951566841404606e-05,0.00011322114147496269,1.4794555203531844e-06
2012,E02001669,E08000019,7690,97155,45,2629,0.017116774438950173,131.62799543552683,female,75-79,110,0.014304291287386216,0.00024484332747523005,0.0004631773969430292,6.625424403606399e-06
2012,E02001669,E08000019,7690,97155,45,2629,0.017116774438950173,131.62799543552683,male,75-79,103,0.013394018205461638,0.00022926238845407903,0.0004631773969430292,6.203806487013265e-06
2012,E02001660,E08000019,9889,97155,23,3458,0.006651243493348756,65.77414690572586,female,75-79,92,0.009303266255435332,6.18782891483553e-05,0.0002367351139931038,2.2024097974886793e-06
2012,E02001660,E08000019,9889,97155,23,3458,0.006651243493348756,65.77414690572586,male,75-79,92,0.009303266255435332,6.18782891483553e-05,0.0002367351139931038,2.2024097974886793e-06
2012,E02001653,E08000019,7439,97155,9,2991,0.003009027081243731,22.384152457372114,female,75-79,106,0.014249227046646055,4.287631007014861e-05,9.263547938860583e-05,1.3199839783831454e-06
2012,E02001653,E08000019,7439,97155,9,2991,0.003009027081243731,22.384152457372114,male,75-79,98,0.013173813684635032,3.9640362140326075e-05,9.263547938860583e-05,1.220362546052342e-06
2012,E02001662,E08000019,7588,97155,15,3172,0.004728877679697352,35.8827238335435,female,75-79,170,0.022403795466526093,0.00010594480832215995,0.0001543924656476764,3.458977221943198e-06
2012,E02001662,E08000019,7588,97155,15,3172,0.004728877679697352,35.8827238335435,male,75-79,148,0.019504480759093307,9.22343037157628e-05,0.0001543924656476764,3.0113448755740784e-06
2012,E02001655,E08000019,7681,97155,14,3228,0.004337050805452293,33.31288723667906,female,75-79,133,0.017315453716963938,7.509800248993035e-05,0.00014409963460449796,2.4951505536255994e-06
2012,E02001655,E08000019,7681,97155,14,3228,0.004337050805452293,33.31288723667906,male,75-79,110,0.01432105194636115,6.211112987888975e-05,0.00014409963460449796,2.063658352622676e-06
2012,E02001650,E08000019,9415,97155,10,2336,0.004280821917808219,40.30393835616438,female,75-79,66,0.007010090281465746,3.000894812271295e-05,0.00010292831043178426,7.215367486455401e-07
2012,E02001650,E08000019,9415,97155,10,2336,0.004280821917808219,40.30393835616438,male,75-79,60,0.006372809346787042,2.728086192973905e-05,0.00010292831043178426,6.559424987686729e-07
2012,E02001627,E08000019,6085,97155,8,2236,0.0035778175313059034,21.77101967799642,female,75-79,102,0.01676253081347576,5.9973276613508984e-05,8.234264834542741e-05,1.3802711801534258e-06
2012,E02001627,E08000019,6085,97155,8,2236,0.0035778175313059034,21.77101967799642,male,75-79,67,0.011010682004930156,3.939421110887355e-05,8.234264834542741e-05,9.066487163752895e-07
2012,E02001656,E08000019,7888,97155,17,2300,0.007391304347826087,58.302608695652175,female,75-79,107,0.013564908722109534,0.00010026236881559221,0.00017497812773403323,2.3735623310777837e-06
2012,E02001656,E08000019,7888,97155,17,2300,0.007391304347826087,58.302608695652175,male,75-79,80,0.010141987829614604,7.496251874062968e-05,0.00017497812773403323,1.7746260419273148e-06
2012,E02001666,E08000019,6153,97155,17,2708,0.006277695716395864,38.62666174298375,female,75-79,107,0.01738989111002763,0.00010916844493001098,0.00017497812773403323,3.0428505879313438e-06
2012,E02001666,E08000019,6153,97155,17,2708,0.006277695716395864,38.62666174298375,male,75-79,87,0.014139444173573866,8.876312812066312e-05,0.00017497812773403323,2.47409346869184e-06
2012,E02001678,E08000019,10006,97155,92,3559,0.025849957853329587,258.65467828041585,female,75-79,281,0.02808315010993404,0.0007259482467305231,0.0009469404559724152,2.6593070970242718e-05
2012,E02001678,E08000019,10006,97155,92,3559,0.025849957853329587,258.65467828041585,male,75-79,231,0.023086148311013393,0.0005967759608354122,0.0009469404559724152,2.1861207808277825e-05
2012,E02001680,E08000019,6098,97155,251,2873,0.08736512356421859,532.7525234946049,female,75-79,107,0.017546736634962284,0.0015329728142622811,0.002583500591837785,4.53320044812468e-05
2012,E02001680,E08000019,6098,97155,251,2873,0.08736512356421859,532.7525234946049,male,75-79,76,0.012463102656608724,0.0010888405035881623,0.002583500591837785,3.219843308948371e-05
2012,E02001642,E08000019,9800,97155,8,3907,0.002047606859482979,20.066547222933195,female,75-79,184,0.018775510204081632,3.844486348417022e-05,8.234264834542741e-05,1.546025234240678e-06
2012,E02001642,E08000019,9800,97155,8,3907,0.002047606859482979,20.066547222933195,male,75-79,150,0.015306122448979591,3.134092131861703e-05,8.234264834542741e-05,1.2603466583483788e-06
2012,E02001665,E08000019,9466,97155,44,3159,0.013928458372902817,131.84678695789808,female,75-79,207,0.021867737164589056,0.00030458386680655853,0.00045288456589985077,9.903560652996949e-06
2012,E02001665,E08000019,9466,97155,44,3159,0.013928458372902817,131.84678695789808,male,75-79,195,0.020600042256496937,0.0002869268310496566,0.00045288456589985077,9.329441194852197e-06
2012,E02001664,E08000019,6233,97155,26,2407,0.01080182800166182,67.32779393435813,female,75-79,165,0.026472003850473286,0.00028594603245214186,0.0002676136071226391,7.0842684381895475e-06
2012,E02001664,E08000019,6233,97155,26,2407,0.01080182800166182,67.32779393435813,male,75-79,129,0.020696293919460932,0.00022355780718985634,0.0002676136071226391,5.538609869857282e-06
2012,E02001659,E08000019,6120,97155,10,2607,0.0038358266206367474,23.475258918296895,female,75-79,145,0.02369281045751634,9.08815130706419e-05,0.00010292831043178426,2.438660949772666e-06
2012,E02001659,E08000019,6120,97155,10,2607,0.0038358266206367474,23.475258918296895,male,75-79,119,0.019444444444444445,7.45855176234923e-05,0.00010292831043178426,2.0013838139513604e-06
2012,E02001636,E08000019,9739,97155,8,3457,0.0023141452126120912,22.537460225629157,female,75-79,154,0.015812711777389875,3.659291125806161e-05,8.234264834542741e-05,1.302060565273213e-06
2012,E02001636,E08000019,9739,97155,8,3457,0.0023141452126120912,22.537460225629157,male,75-79,101,0.010370674607249204,2.3999246993923525e-05,8.234264834542741e-05,8.539488122895748e-07
2012,E02001679,E08000019,6324,97155,179,2654,0.06744536548605878,426.5244913338357,female,75-79,126,0.019924098671726755,0.0013437881168949094,0.0018424167567289383,3.6708493255510155e-05
2012,E02001679,E08000019,6324,97155,179,2654,0.06744536548605878,426.5244913338357,male,75-79,104,0.01644528779253637,0.0011091584456910362,0.0018424167567289383,3.029907379819886e-05
2012,E02001681,E08000019,7453,97155,157,2675,0.05869158878504673,437.4284112149533,female,75-79,219,0.029384140614517645,0.00172460189774926,0.0016159744737790128,4.748402116699367e-05
2012,E02001681,E08000019,7453,97155,157,2675,0.05869158878504673,437.4284112149533,male,75-79,170,0.022809606869716892,0.001338732066746001,0.0016159744737790128,3.685974245839691e-05
2012,E02001657,E08000019,8992,97155,11,2789,0.003944065973467192,35.465041233417,female,75-79,123,0.0136788256227758,5.395019069578121e-05,0.00011322114147496269,1.5487322510476436e-06
2012,E02001657,E08000019,8992,97155,11,2789,0.003944065973467192,35.465041233417,male,75-79,98,0.010898576512455516,4.298470478200454e-05,0.00011322114147496269,1.2339492731924313e-06
2012,E02001671,E08000019,5902,97155,28,2247,0.012461059190031152,73.54517133956386,female,75-79,133,0.02253473398847848,0.00028080665406203715,0.0002881992692089959,6.49449386729862e-06
2012,E02001671,E08000019,5902,97155,28,2247,0.012461059190031152,73.54517133956386,male,75-79,127,0.021518129447644866,0.000268138684705855,0.0002881992692089959,6.2015091815558256e-06
2012,E02001652,E08000019,12526,97155,8,2986,0.0026791694574681848,33.55927662424648,female,75-79,77,0.006147213795305764,1.6469427448910287e-05,8.234264834542741e-05,5.061778638510228e-07
2012,E02001652,E08000019,12526,97155,8,2986,0.0026791694574681848,33.55927662424648,male,75-79,67,0.0053488743413699505,1.4330540767233625e-05,8.234264834542741e-05,4.404404789353055e-07
2012,E02001673,E08000019,5543,97155,43,1955,0.021994884910485932,121.91764705882352,female,75-79,66,0.011906909615731553,0.00026189110663757376,0.0004425917348566723,5.269899783608221e-06
2012,E02001673,E08000019,5543,97155,43,1955,0.021994884910485932,121.91764705882352,male,75-79,53,0.009561609236875337,0.00021030649472411226,0.0004425917348566723,4.231889220170238e-06
2012,E02001661,E08000019,7877,97155,14,3256,0.0042997542997543,33.86916461916462,female,75-79,168,0.021327916719563286,9.170480161974387e-05,0.00014409963460449796,3.0733450061642323e-06
2012,E02001661,E08000019,7877,97155,14,3256,0.0042997542997543,33.86916461916462,male,75-79,113,0.01434556303161102,6.168239632756581e-05,0.00014409963460449796,2.067190391050942e-06
2012,E02001649,E08000019,9557,97155,9,4107,0.002191380569758948,20.943024105186268,female,75-79,131,0.013707230302396149,3.003775814988199e-05,9.263547938860583e-05,1.2697758501524917e-06
2012,E02001649,E08000019,9557,97155,9,4107,0.002191380569758948,20.943024105186268,male,75-79,99,0.010358899236161975,2.270029051021616e-05,9.263547938860583e-05,9.596015966801274e-07
2012,E02001676,E08000019,5995,97155,109,2168,0.050276752767527674,301.4091328413284,female,75-79,145,0.02418682235195997,0.0012160348876216036,0.0011219185837064484,2.7135645477470397e-05
2012,E02001676,E08000019,5995,97155,109,2168,0.050276752767527674,301.4091328413284,male,75-79,131,0.021851542952460383,0.0010986246226098624,0.0011219185837064484,2.4515652121024977e-05
2012,E02001651,E08000019,8119,97155,13,2920,0.004452054794520548,36.146232876712325,female,75-79,224,0.027589604631112204,0.0001228304315768694,0.00013380680356131955,3.691676807209703e-06
2012,E02001651,E08000019,8119,97155,13,2920,0.004452054794520548,36.146232876712325,male,75-79,177,0.02180071437369134,9.705797495136556e-05,0.00013380680356131955,2.9170839056969526e-06
2012,E02001674,E08000019,8647,97155,130,3282,0.039609993906154786,342.50761730652044,female,75-79,239,0.02763964380710073,0.0010948061227675488,0.0013380680356131953,3.698372389401569e-05
2012,E02001674,E08000019,8647,97155,130,3282,0.039609993906154786,342.50761730652044,male,75-79,173,0.02000693882271308,0.0007924747248484767,0.0013380680356131953,2.6770645329141066e-05
2012,E02001618,E08000019,9708,97155,8,3293,0.0024293956878226543,23.584573337382327,female,75-79,170,0.01751133086114545,4.254195168210252e-05,8.234264834542741e-05,1.4419293591597303e-06
2012,E02001618,E08000019,9708,97155,8,3293,0.0024293956878226543,23.584573337382327,male,75-79,138,0.014215080346106305,3.453405489488322e-05,8.234264834542741e-05,1.1705073621414281e-06
2012,E02001672,E08000019,6175,97155,39,2203,0.017703132092601,109.31684067181118,female,75-79,193,0.03125506072874494,0.0005533124686432377,0.0004014204106839586,1.2546419313684862e-05
2012,E02001672,E08000019,6175,97155,39,2203,0.017703132092601,109.31684067181118,male,75-79,151,0.02445344129554656,0.00043290250137372486,0.0004014204106839586,9.816110447494374e-06
2012,E02001675,E08000019,9063,97155,141,3730,0.03780160857908847,342.59597855227884,female,75-79,198,0.021847070506454815,0.0008258544078847531,0.001451289177088158,3.170641697709978e-05
2012,E02001675,E08000019,9063,97155,141,3730,0.03780160857908847,342.59597855227884,male,75-79,135,0.014895729890764648,0.0005630825508305135,0.001451289177088158,2.1618011575295303e-05
2012,E02001670,E08000019,6002,97155,19,2500,0.0076,45.6152,female,75-79,123,0.020493168943685438,0.00015574808397200932,0.0001955637898203901,4.0077217840566445e-06
2012,E02001670,E08000019,6002,97155,19,2500,0.0076,45.6152,male,75-79,78,0.01299566811062979,9.87670776407864e-05,0.0001955637898203901,2.5414821069627506e-06
2012,E02001639,E08000019,6154,97155,8,2044,0.003913894324853229,24.08610567514677,female,75-79,112,0.018199545011374715,7.123109593493039e-05,8.234264834542741e-05,1.4985987349184058e-06
2012,E02001639,E08000019,6154,97155,8,2044,0.003913894324853229,24.08610567514677,male,75-79,89,0.014462138446538837,5.660328159115004e-05,8.234264834542741e-05,1.1908507804262334e-06
2012,E02001663,E08000019,7671,97155,36,2525,0.014257425742574258,109.36871287128713,female,75-79,96,0.012514665623777864,0.00017842691582415965,0.00037054191755442334,4.637208197787073e-06
2012,E02001663,E08000019,7671,97155,36,2525,0.014257425742574258,109.36871287128713,male,75-79,63,0.008212749315604223,0.00011709266350960477,0.00037054191755442334,3.043167879797767e-06
2012,E02005888,E07000174,8284,97155,13,3488,0.0037270642201834864,30.875,female,75-79,111,0.013399323998068566,4.99401410478473e-05,0.00013380680356131955,1.7929207140640355e-06
2012,E02005888,E07000174,8284,97155,13,3488,0.0037270642201834864,30.875,male,75-79,80,0.009657170449058426,3.599289444889895e-05,0.00013380680356131955,1.2921951092353407e-06
2012,E02005887,E07000174,9349,97155,23,4120,0.00558252427184466,52.19101941747572,female,75-79,144,0.015402716868114237,8.598604076859889e-05,0.0002367351139931038,3.6463639335765265e-06
2012,E02005887,E07000174,9349,97155,23,4120,0.00558252427184466,52.19101941747572,male,75-79,129,0.013798267194352338,7.702916152186984e-05,0.0002367351139931038,3.266534357162305e-06
2012,E02005880,E07000174,6267,97155,70,2630,0.026615969581749048,166.8022813688213,female,75-79,123,0.019626615605552896,0.0005223814039500771,0.0007204981730224899,1.4140940686415551e-05
2012,E02005880,E07000174,6267,97155,70,2630,0.026615969581749048,166.8022813688213,male,75-79,108,0.01723312589755864,0.00045867635468787254,0.0007204981730224899,1.2416435724657557e-05
2012,E02005824,E07000170,9785,97155,37,3726,0.009930220075147612,97.16720343531938,female,75-79,170,0.017373530914665303,0.00017252298546500705,0.00038083474859760175,6.616444278139223e-06
2012,E02005824,E07000170,9785,97155,37,3726,0.009930220075147612,97.16720343531938,male,75-79,135,0.013796627491057742,0.00013700354728103501,0.00038083474859760175,5.254235162051736e-06
2012,E02005819,E07000170,6111,97155,44,2362,0.018628281117696866,113.83742591024554,female,75-79,119,0.019473081328751432,0.0003627500332197557,0.00045288456589985077,8.819057984304081e-06
2012,E02005819,E07000170,6111,97155,44,2362,0.018628281117696866,113.83742591024554,male,75-79,110,0.018000327278677793,0.00033531515675775737,0.00045288456589985077,8.152070405659234e-06
2012,E02005891,E07000174,6437,97155,13,2886,0.0045045045045045045,28.995495495495494,female,75-79,101,0.015690539070995806,7.067810392340453e-05,0.00013380680356131955,2.0995008792439454e-06
2012,E02005891,E07000174,6437,97155,13,2886,0.0045045045045045045,28.995495495495494,male,75-79,85,0.013204909119154886,5.948157260880579e-05,0.00013380680356131955,1.766906680551835e-06
2012,E02005825,E07000170,8073,97155,18,3312,0.005434782608695652,43.875,female,75-79,149,0.01845658367397498,0.00010030751996725532,0.00018527095877721167,3.419468953029176e-06
2012,E02005825,E07000170,8073,97155,18,3312,0.005434782608695652,43.875,male,75-79,130,0.01610305958132045,8.751662815935027e-05,0.00018527095877721167,2.9834292878778045e-06
2012,E02004029,E07000032,6402,97155,379,2746,0.13801893663510562,883.5972323379461,female,75-79,133,0.02077475788815995,0.0028673099925756087,0.0039009829653646236,8.104197663128631e-05
2012,E02004029,E07000032,6402,97155,379,2746,0.13801893663510562,883.5972323379461,male,75-79,84,0.013120899718837863,0.001810932626889858,0.0039009829653646236,5.118440629344398e-05
2012,E02004054,E07000033,8677,97155,295,3267,0.09029690847872666,783.5062748699113,female,75-79,141,0.01624985594099343,0.0014673117546963766,0.003036385157737636,4.9340821394607196e-05
2012,E02004054,E07000033,8677,97155,295,3267,0.09029690847872666,783.5062748699113,male,75-79,151,0.017402327993546157,0.0015713764181500204,0.003036385157737636,5.284017042968573e-05
2012,E02004050,E07000033,7057,97155,1059,3002,0.35276482345103266,2489.4613590939375,female,75-79,171,0.024231259742100043,0.008547936064918037,0.010900108074725953,0.0002641233499756466
2012,E02004050,E07000033,7057,97155,1059,3002,0.35276482345103266,2489.4613590939375,male,75-79,131,0.018563128808275473,0.006548418856750076,0.010900108074725953,0.00020234011021526144
2012,E02004051,E07000033,9152,97155,1124,3894,0.2886492039034412,2641.7175141242938,female,75-79,158,0.017263986013986012,0.004983235819137205,0.01156914209253255,0.0001997295072792988
2012,E02004051,E07000033,9152,97155,1124,3894,0.2886492039034412,2641.7175141242938,male,75-79,118,0.012893356643356644,0.0037216571307480397,0.01156914209253255,0.00014916507505669153
2012,E02004049,E07000033,7821,97155,2582,3223,0.801116971765436,6265.535836177474,female,75-79,175,0.022375655287047692,0.017925517204826914,0.026576089753486697,0.0005946574232016587
2012,E02004049,E07000033,7821,97155,2582,3223,0.801116971765436,6265.535836177474,male,75-79,112,0.014320419383710523,0.011472331011089224,0.026576089753486697,0.0003805807508490615
2012,E02004117,E07000038,7364,97155,2215,2973,0.7450386814665321,5486.464850319542,female,75-79,168,0.022813688212927757,0.016997080185548262,0.022798620760640213,0.0005201206257180276
2012,E02004117,E07000038,7364,97155,2215,2973,0.7450386814665321,5486.464850319542,male,75-79,142,0.019282998370450843,0.014366579680641983,0.022798620760640213,0.00043962576697595195
2012,E02004112,E07000038,6508,97155,2022,2401,0.8421491045397751,5480.706372344856,female,75-79,177,0.027197295636140137,0.02290417816587895,0.020812104369306778,0.0005660329553422403
2012,E02004112,E07000038,6508,97155,2022,2401,0.8421491045397751,5480.706372344856,male,75-79,172,0.02642901044867855,0.022257167483226998,0.020812104369306778,0.0005500433238353973
2012,E02004052,E07000033,7869,97155,1852,3077,0.601884952876178,4736.232694182645,female,75-79,151,0.019189223535392045,0.011549704903329888,0.019062323091966444,0.0003657911789156097
2012,E02004052,E07000033,7869,97155,1852,3077,0.601884952876178,4736.232694182645,male,75-79,130,0.01652052357351633,0.009943454552535666,0.019062323091966444,0.00031491955800681636
2012,E02004061,E07000034,7216,97155,2534,2904,0.8725895316804407,6296.60606060606,female,75-79,178,0.02466740576496674,0.02152452004422373,0.026082033863414133,0.0006433761124844395
2012,E02004061,E07000034,7216,97155,2534,2904,0.8725895316804407,6296.60606060606,male,75-79,137,0.01898558758314856,0.016566624977857592,0.026082033863414133,0.0004951827382604956
2012,E02004111,E07000038,5498,97155,1933,2254,0.857586512866016,4715.010647737356,female,75-79,144,0.0261913423062932,0.02246134191573414,0.019896042406463896,0.0005211040572082214
2012,E02004111,E07000038,5498,97155,1933,2254,0.857586512866016,4715.010647737356,male,75-79,105,0.019097853765005456,0.016378061813556142,0.019896042406463896,0.00037997170838099476
2012,E02004062,E07000034,7987,97155,2706,3135,0.8631578947368421,6894.042105263158,female,75-79,145,0.018154501064229372,0.015670200918597985,0.02785240080284082,0.0005056464400165167
2012,E02004062,E07000034,7987,97155,2706,3135,0.8631578947368421,6894.042105263158,male,75-79,110,0.013772380117691248,0.01188773862790192,0.02785240080284082,0.0003835938510470127
2012,E02004048,E07000033,6835,97155,2283,2771,0.8238902923132443,5631.290147961025,female,75-79,141,0.020629114850036576,0.016996127463960124,0.023498533271576347,0.00048475394166675416
2012,E02004048,E07000033,6835,97155,2283,2771,0.8238902923132443,5631.290147961025,male,75-79,82,0.011997073884418435,0.009884272709537094,0.023498533271576347,0.00028191363983456625
2012,E02004114,E07000038,7226,97155,2342,2813,0.8325630998933523,6016.100959829364,female,75-79,177,0.024494879601439246,0.0203935328924887,0.024105810303123875,0.000590468921070153
2012,E02004114,E07000038,7226,97155,2342,2813,0.8325630998933523,6016.100959829364,male,75-79,176,0.02435649045114863,0.02027831519253114,0.024105810303123875,0.0005871329384652369
2012,E02004059,E07000034,7158,97155,2641,3075,0.8588617886178862,6147.7326829268295,female,75-79,178,0.02486728136350936,0.021357557749927876,0.027183366785034222,0.0006759764302509208
2012,E02004059,E07000034,7158,97155,2641,3075,0.8588617886178862,6147.7326829268295,male,75-79,134,0.018720312936574463,0.016078161452192898,0.027183366785034222,0.0005088811328855247
2012,E02004073,E07000035,9138,97155,2604,3611,0.7211298809194129,6589.6848518415945,female,75-79,226,0.024731888815933464,0.017834904036746257,0.02680253203643662,0.0006628772423106453
2012,E02004073,E07000035,9138,97155,2604,3611,0.7211298809194129,6589.6848518415945,male,75-79,166,0.01816590063471219,0.013099973761503889,0.02680253203643662,0.00048689213373259786
2012,E02004063,E07000034,7940,97155,2649,3057,0.8665358194308145,6880.294406280667,female,75-79,204,0.025692695214105794,0.02226364070074133,0.02726570943337965,0.0007005295622681926
2012,E02004063,E07000034,7940,97155,2649,3057,0.8665358194308145,6880.294406280667,male,75-79,144,0.0181360201511335,0.01571551108287623,0.02726570943337965,0.0004944914557187242
2012,E02004072,E07000035,8613,97155,2654,3330,0.796996996996997,6864.5351351351355,female,75-79,194,0.02252409148960873,0.017951633277303775,0.027317173588595544,0.0006152945171470493
2012,E02004072,E07000035,8613,97155,2654,3330,0.796996996996997,6864.5351351351355,male,75-79,150,0.017415534656913968,0.013880128822657559,0.027317173588595544,0.0004757431833611206
2012,E02004046,E07000033,6301,97155,1091,2510,0.4346613545816733,2738.8011952191237,female,75-79,133,0.02110776067290906,0.009174727846272424,0.011229478668107662,0.00023702914820795414
2012,E02004046,E07000033,6301,97155,1091,2510,0.4346613545816733,2738.8011952191237,male,75-79,138,0.02190128551023647,0.009519642426959359,0.011229478668107662,0.0002459400184413359
2012,E02004067,E07000034,6422,97155,2390,2772,0.8621933621933622,5537.005772005772,female,75-79,95,0.014792899408284023,0.0127543396774166,0.02459986619319644,0.0003639033460532018
2012,E02004067,E07000034,6422,97155,2390,2772,0.8621933621933622,5537.005772005772,male,75-79,90,0.014014325755216444,0.012083058641763096,0.02459986619319644,0.00034475053836619115
2012,E02004065,E07000034,8352,97155,2549,3047,0.8365605513619954,6986.953724975385,female,75-79,210,0.02514367816091954,0.021034209265567413,0.02623642632906181,0.0006596802597106058
2012,E02004065,E07000034,8352,97155,2549,3047,0.8365605513619954,6986.953724975385,male,75-79,148,0.017720306513409962,0.014824109387161796,0.02623642632906181,0.0004649175163674746
2012,E02004071,E07000035,5146,97155,1549,1961,0.7899031106578276,4064.8414074451807,female,75-79,119,0.02312475709288768,0.01826631756087864,0.01594359528588338,0.0003686917681733623
2012,E02004071,E07000035,5146,97155,1549,1961,0.7899031106578276,4064.8414074451807,male,75-79,88,0.017100660707345512,0.013507865087036306,0.01594359528588338,0.00027264601343912506
2012,E02004064,E07000034,8842,97155,3131,3617,0.8656345037323749,7653.940282001659,female,75-79,120,0.013571590137977834,0.011748036693947635,0.03222685399619165,0.00043736965387276616
2012,E02004064,E07000034,8842,97155,3131,3617,0.8656345037323749,7653.940282001659,male,75-79,83,0.009387016512101335,0.008125725379980448,0.03222685399619165,0.00030251401059532994
2012,E02004055,E07000034,7186,97155,2530,2997,0.8441775108441775,6066.259592926259,female,75-79,144,0.0200389646534929,0.016916443301080095,0.026040862539241417,0.0005218319239703262
2012,E02004055,E07000034,7186,97155,2530,2997,0.8441775108441775,6066.259592926259,male,75-79,120,0.016699137211244084,0.01409703608423341,0.026040862539241417,0.00043485993664193844
2012,E02004057,E07000034,7721,97155,2725,3172,0.8590794451450189,6632.95239596469,female,75-79,80,0.010361352156456418,0.008901224661520725,0.02804796459266121,0.0002906148384163835
2012,E02004057,E07000034,7721,97155,2725,3172,0.8590794451450189,6632.95239596469,male,75-79,90,0.011656521176013469,0.010013877744210814,0.02804796459266121,0.00032694169321843136
2012,E02005847,E07000171,6740,97155,22,2812,0.007823613086770981,52.73115220483641,female,75-79,146,0.02166172106824926,0.00016947292443153758,0.00022644228294992538,4.905129571318858e-06
2012,E02005847,E07000171,6740,97155,22,2812,0.007823613086770981,52.73115220483641,male,75-79,102,0.015133531157270029,0.00011839889241107418,0.00022644228294992538,3.4268713443460515e-06
2012,E02004115,E07000038,8980,97155,2819,3379,0.8342704942290619,7491.749038176976,female,75-79,167,0.018596881959910914,0.015514829903814403,0.029015490710719984,0.0005395976557561512
2012,E02004115,E07000038,8980,97155,2819,3379,0.8342704942290619,7491.749038176976,male,75-79,132,0.014699331848552339,0.01226321884612875,0.029015490710719984,0.0004265083267054608
2012,E02005848,E07000171,6722,97155,116,2708,0.04283604135893648,287.94387001477105,female,75-79,141,0.02097590002975305,0.0008985245212154186,0.0011939684010086975,2.504456181824254e-05
2012,E02005848,E07000171,6722,97155,116,2708,0.04283604135893648,287.94387001477105,male,75-79,152,0.022612317762570663,0.000968622178898891,0.0011939684010086975,2.6998392882077062e-05
2012,E02004066,E07000034,11788,97155,3870,4535,0.8533627342888643,10059.439911797133,female,75-79,206,0.017475398710553106,0.014912854026425693,0.03983325613710051,0.0006961020329354178
2012,E02004066,E07000034,11788,97155,3870,4535,0.8533627342888643,10059.439911797133,male,75-79,187,0.015863590091618595,0.01353739661622138,0.03983325613710051,0.0006318984473734133
2012,E02004110,E07000038,7526,97155,1841,2781,0.6619920891765552,4982.152463142754,female,75-79,155,0.02059526973159713,0.013633905636774654,0.018949101950491484,0.00039026186584190537
2012,E02004110,E07000038,7526,97155,1841,2781,0.6619920891765552,4982.152463142754,male,75-79,141,0.018735051820356098,0.012402456095388556,0.018949101950491484,0.00035501240699166876
2012,E02004060,E07000034,7633,97155,2906,3387,0.8579864186595807,6549.010333628579,female,75-79,178,0.02331979562426307,0.020008067931534833,0.029910967011476507,0.0006975176376317069
2012,E02004060,E07000034,7633,97155,2906,3387,0.8579864186595807,6549.010333628579,male,75-79,130,0.017031311410978644,0.014612633882581617,0.029910967011476507,0.0005094229937759656
2012,E02006804,E07000038,8215,97155,2323,3176,0.7314231738035264,6008.641372795969,female,75-79,161,0.019598295800365186,0.014334647715443426,0.023910246513303483,0.00046860008382737197
2012,E02006804,E07000038,8215,97155,2323,3176,0.7314231738035264,6008.641372795969,male,75-79,124,0.01509433962264151,0.011040349793260776,0.023910246513303483,0.0003609093813328828
2012,E02001609,E08000018,8379,97155,15,3753,0.003996802557953637,33.489208633093526,female,75-79,173,0.0206468552333214,8.252140381023741e-05,0.0001543924656476764,3.1877188873431216e-06
2012,E02001609,E08000018,8379,97155,15,3753,0.003996802557953637,33.489208633093526,male,75-79,160,0.019095357441222104,7.632037346611552e-05,0.0001543924656476764,2.9481793177739855e-06
2012,E02005840,E07000171,9163,97155,27,3537,0.007633587786259542,69.94656488549619,female,75-79,92,0.010040379788278948,7.664412052121334e-05,0.0002779064381658175,2.790286184792667e-06
2012,E02005840,E07000171,9163,97155,27,3537,0.007633587786259542,69.94656488549619,male,75-79,87,0.00949470697369857,7.24786791885387e-05,0.0002779064381658175,2.638640196488718e-06
2012,E02005842,E07000171,8570,97155,8,3161,0.002530844669408415,21.689338816830116,female,75-79,167,0.019486581096849476,4.931750989395628e-05,8.234264834542741e-05,1.6045766947125296e-06
2012,E02005842,E07000171,8570,97155,8,3161,0.002530844669408415,21.689338816830116,male,75-79,143,0.016686114352392065,4.22299635618907e-05,8.234264834542741e-05,1.3739788463706091e-06
2012,E02004106,E07000038,6998,97155,1667,2703,0.6167221605623382,4315.821679615243,female,75-79,201,0.028722492140611604,0.017713797409692766,0.017158149348978437,0.0004928248098234733
2012,E02004106,E07000038,6998,97155,1667,2703,0.6167221605623382,4315.821679615243,male,75-79,177,0.02529294084024007,0.015598717121968256,0.017158149348978437,0.00043398005641171524
2012,E02001603,E08000018,6481,97155,11,2853,0.00385559060637925,24.988082719943918,female,75-79,118,0.018207066810677363,7.019899576496706e-05,0.00011322114147496269,2.0614248872157995e-06
2012,E02001603,E08000018,6481,97155,11,2853,0.00385559060637925,24.988082719943918,male,75-79,118,0.018207066810677363,7.019899576496706e-05,0.00011322114147496269,2.0614248872157995e-06
2012,E02006903,E07000171,11081,97155,27,4864,0.005550986842105263,61.51048519736842,female,75-79,246,0.022200162440212976,0.0001232328095982217,0.0002779064381658175,6.169568070462152e-06
2012,E02006903,E07000171,11081,97155,27,4864,0.005550986842105263,61.51048519736842,male,75-79,191,0.01723671148813284,9.568075867179003e-05,0.0002779064381658175,4.7901930953588255e-06
2012,E02001600,E08000018,10943,97155,12,4915,0.0024415055951169887,26.717395727365208,female,75-79,223,0.020378324042767067,4.9753792169522846e-05,0.0001235139725181411,2.5170077557841057e-06
2012,E02001600,E08000018,10943,97155,12,4915,0.0024415055951169887,26.717395727365208,male,75-79,184,0.016814401900758474,4.1052456319247545e-05,0.0001235139725181411,2.0768135742792618e-06
2012,E02004108,E07000038,7577,97155,2137,3061,0.6981378634433192,5289.790591310029,female,75-79,181,0.023888082354493863,0.0166771747767244,0.021995779939272295,0.0005254370026406606
2012,E02004108,E07000038,7577,97155,2137,3061,0.6981378634433192,5289.790591310029,male,75-79,166,0.021908407021248515,0.01529508846926105,0.021995779939272295,0.0004818924996593904
2012,E02004116,E07000038,8093,97155,3114,3628,0.8583241455347299,6946.417309812569,female,75-79,123,0.015198319535400963,0.013045084628786825,0.03205187586845762,0.00048713465115782613
2012,E02004116,E07000038,8093,97155,3114,3628,0.8583241455347299,6946.417309812569,male,75-79,127,0.01569257382923514,0.013469315023218917,0.03205187586845762,0.0005029764284312513
2012,E02004069,E07000035,6731,97155,1423,2306,0.6170858629661752,4153.604943625325,female,75-79,199,0.02956470063883524,0.018243958807052277,0.014646698574442901,0.0004330252587006592
2012,E02004069,E07000035,6731,97155,1423,2306,0.6170858629661752,4153.604943625325,male,75-79,168,0.024959144257911157,0.015401935073290362,0.014646698574442901,0.00036556906262166203
2012,E02004109,E07000038,6688,97155,1567,2568,0.610202492211838,4081.0342679127725,female,75-79,174,0.026016746411483254,0.015875483499530475,0.016128866244660593,0.00041962062299206684
2012,E02004109,E07000038,6688,97155,1567,2568,0.610202492211838,4081.0342679127725,male,75-79,161,0.024072966507177034,0.014689384157611531,0.016128866244660593,0.0003882696569064527
2012,E02004056,E07000034,7708,97155,3030,3494,0.8672009158557528,6684.384659416142,female,75-79,98,0.012714063310845874,0.011025647347413566,0.03118727806083063,0.0003965170277583552
2012,E02004056,E07000034,7708,97155,3030,3494,0.8672009158557528,6684.384659416142,male,75-79,89,0.01154644525168656,0.010013087897140891,0.03118727806083063,0.00036010219867850627
2012,E02004058,E07000034,7835,97155,3009,3480,0.8646551724137931,6774.573275862069,female,75-79,140,0.017868538608806637,0.01545012433158022,0.030971128608923884,0.0005534088073068722
2012,E02004058,E07000034,7835,97155,3009,3480,0.8646551724137931,6774.573275862069,male,75-79,139,0.017740906190172302,0.015339766300640361,0.030971128608923884,0.0005494558872546802
2012,E02005843,E07000171,6511,97155,23,2673,0.008604564160119716,56.024317246539475,female,75-79,76,0.011672554139149133,0.00010043724100277968,0.0002367351139931038,2.7633034347221454e-06
2012,E02005843,E07000171,6511,97155,23,2673,0.008604564160119716,56.024317246539475,male,75-79,66,0.010136691752418983,8.72218145550455e-05,0.0002367351139931038,2.399710877521863e-06
2012,E02005846,E07000171,6659,97155,12,3337,0.003596044351213665,23.946059334731796,female,75-79,72,0.010812434299444361,3.8881993285385775e-05,0.0001235139725181411,1.3354867129157771e-06
2012,E02005846,E07000171,6659,97155,12,3337,0.003596044351213665,23.946059334731796,male,75-79,57,0.008559843820393452,3.078157801759707e-05,0.0001235139725181411,1.0572603143916569e-06
2012,E02001608,E08000018,6925,97155,12,3083,0.003892312682452157,26.954265325981186,female,75-79,107,0.015451263537906138,6.0141149028502645e-05,0.0001235139725181411,1.9084469399914943e-06
2012,E02001608,E08000018,6925,97155,12,3083,0.003892312682452157,26.954265325981186,male,75-79,101,0.014584837545126354,5.676874814839969e-05,0.0001235139725181411,1.801431223730289e-06
2012,E02001610,E08000018,8312,97155,39,3825,0.01019607843137255,84.74980392156863,female,75-79,135,0.01624157844080847,0.00016560040763177264,0.0004014204106839586,6.5197010878650636e-06
2012,E02001610,E08000018,8312,97155,39,3825,0.01019607843137255,84.74980392156863,male,75-79,157,0.018888354186717998,0.00019258714072732078,0.0004014204106839586,7.582170894776408e-06
2012,E02004113,E07000038,9224,97155,3474,4038,0.8603268945022289,7935.655274888559,female,75-79,173,0.01875542064180399,0.01613579279584623,0.03575729504400185,0.0006706431095633478
2012,E02004113,E07000038,9224,97155,3474,4038,0.8603268945022289,7935.655274888559,male,75-79,141,0.01528620988725065,0.013151137481007618,0.03575729504400185,0.0005465935170429598
2012,E02001605,E08000018,7380,97155,12,3095,0.0038772213247172858,28.613893376413568,female,75-79,124,0.016802168021680216,6.514572415514138e-05,0.0001235139725181411,2.0753025192749996e-06
2012,E02001605,E08000018,7380,97155,12,3095,0.0038772213247172858,28.613893376413568,male,75-79,103,0.013956639566395665,5.411298054822228e-05,0.0001235139725181411,1.723839995849395e-06
2012,E02001607,E08000018,8856,97155,12,4092,0.002932551319648094,25.970674486803517,female,75-79,160,0.018066847335140017,5.2981956994545505e-05,0.0001235139725181411,2.231508085241935e-06
2012,E02001607,E08000018,8856,97155,12,4092,0.002932551319648094,25.970674486803517,male,75-79,182,0.02055103884372177,6.026697608129552e-05,0.0001235139725181411,2.538340446962701e-06
2012,E02004045,E07000033,9079,97155,2469,3220,0.7667701863354037,6961.50652173913,female,75-79,150,0.01652164335279216,0.012668303552187529,0.025412999845607534,0.00041986451997368986
2012,E02004045,E07000033,9079,97155,2469,3220,0.7667701863354037,6961.50652173913,male,75-79,144,0.01586077761868047,0.012161571410100026,0.025412999845607534,0.00040306993917474225
2012,E02001606,E08000018,8011,97155,10,3937,0.00254000508001016,20.347980695961393,female,75-79,137,0.017101485457495944,4.3437859937759575e-05,0.00010292831043178426,1.7602270040137865e-06
2012,E02001606,E08000018,8011,97155,10,3937,0.00254000508001016,20.347980695961393,male,75-79,118,0.014729746598427162,3.7413631187267365e-05,0.00010292831043178426,1.5161079304644292e-06
2012,E02005838,E07000171,8043,97155,11,3413,0.0032229709932610606,25.92235569879871,female,75-79,203,0.025239338555265448,8.134565605271606e-05,0.00011322114147496269,2.85762672130019e-06
2012,E02005838,E07000171,8043,97155,11,3413,0.0032229709932610606,25.92235569879871,male,75-79,148,0.018401094119109784,5.9306192590157524e-05,0.00011322114147496269,2.0833928805538327e-06
2012,E02004047,E07000033,5751,97155,756,2604,0.2903225806451613,1669.6451612903227,female,75-79,99,0.017214397496087636,0.004997728305315766,0.00778138026864289,0.0001339517730126319
2012,E02004047,E07000033,5751,97155,756,2604,0.2903225806451613,1669.6451612903227,male,75-79,88,0.01530168666318901,0.004442425160280681,0.00778138026864289,0.00011906824267789504
2012,E02005894,E07000175,10073,97155,18,4140,0.004347826086956522,43.79565217391304,female,75-79,217,0.021542738012508687,9.366407831525516e-05,0.00018527095877721167,3.991243726263768e-06
2012,E02005894,E07000175,10073,97155,18,4140,0.004347826086956522,43.79565217391304,male,75-79,160,0.0158840464608359,6.906107156885174e-05,0.00018527095877721167,2.942852517060843e-06
2012,E02005889,E07000174,10157,97155,24,4422,0.005427408412483039,55.12618724559022,female,75-79,188,0.018509402382593285,0.0001004580862013204,0.0002470279450362822,4.572339634421685e-06
2012,E02005889,E07000174,10157,97155,24,4422,0.005427408412483039,55.12618724559022,male,75-79,139,0.013685143250959928,7.42748616062954e-05,0.0002470279450362822,3.3806128148117777e-06
2012,E02004053,E07000033,7938,97155,492,3108,0.1583011583011583,1256.5945945945946,female,75-79,128,0.01612496850592089,0.0025526011920569743,0.005064072873243786,8.165801559274435e-05
2012,E02004053,E07000033,7938,97155,492,3108,0.1583011583011583,1256.5945945945946,male,75-79,106,0.013353489543965735,0.002113872862172182,0.005064072873243786,6.76230441627414e-05
2012,E02004031,E07000032,7666,97155,164,3159,0.051915163026274136,397.98163975941753,female,75-79,130,0.01695799634750848,0.0008803771449798641,0.001688024291081262,2.8625509762661632e-05
2012,E02004031,E07000032,7666,97155,164,3159,0.051915163026274136,397.98163975941753,male,75-79,90,0.01174015131750587,0.0006094918696014443,0.001688024291081262,1.981766060491959e-05
2012,E02005883,E07000174,7845,97155,32,3272,0.009779951100244499,76.72371638141809,female,75-79,127,0.016188655194391333,0.00015832425617986633,0.00032937059338170965,5.332066967428569e-06
2012,E02005883,E07000174,7845,97155,32,3272,0.009779951100244499,76.72371638141809,male,75-79,120,0.015296367112810707,0.00014959772237467685,0.00032937059338170965,5.038173512530931e-06
2012,E02005822,E07000170,9777,97155,24,3954,0.006069802731411229,59.34446130500759,female,75-79,107,0.010944052367801984,6.642823895479201e-05,0.0002470279450362822,2.7034867667875828e-06
2012,E02005822,E07000170,9777,97155,24,3954,0.006069802731411229,59.34446130500759,male,75-79,84,0.00859159251304081,5.2149271702827377e-05,0.0002470279450362822,2.122363443085579e-06
2012,E02004030,E07000032,5665,97155,510,2112,0.24147727272727273,1367.96875,female,75-79,135,0.02383053839364519,0.005754533418920004,0.005249343832020997,0.00012509468973042096
2012,E02004030,E07000032,5665,97155,510,2112,0.24147727272727273,1367.96875,male,75-79,115,0.02030008826125331,0.004902009949450374,0.005249343832020997,0.00010656214310369193
2012,E02004032,E07000032,8284,97155,184,2974,0.06186953597848016,512.5272360457296,female,75-79,162,0.019555770159343313,0.0012099064254603798,0.0018938809119448303,3.703629982316061e-05
2012,E02004032,E07000032,8284,97155,184,2974,0.06186953597848016,512.5272360457296,male,75-79,140,0.016900048285852245,0.0010455981454595875,0.0018938809119448303,3.200667885952152e-05
2012,E02004075,E07000035,7458,97155,155,2523,0.06143479984145858,458.1807372175981,female,75-79,156,0.02091713596138375,0.001285040061044186,0.0015953888116926561,3.3370964685445743e-05
2012,E02004075,E07000035,7458,97155,155,2523,0.06143479984145858,458.1807372175981,male,75-79,153,0.020514883346741754,0.0012603277521779515,0.0015953888116926561,3.272921536457179e-05
2012,E02004074,E07000035,5875,97155,386,2042,0.1890303623898139,1110.5533790401566,female,75-79,137,0.023319148936170212,0.004408027174026299,0.003973032782666873,9.264774318729558e-05
2012,E02004074,E07000035,5875,97155,386,2042,0.1890303623898139,1110.5533790401566,male,75-79,138,0.02348936170212766,0.004440202554858608,0.003973032782666873,9.332400408647292e-05
2012,E02002806,E06000015,6527,97155,11,1899,0.005792522380200105,37.80779357556609,female,75-79,55,0.008426535927685,4.881089794867562e-05,0.00011322114147496269,9.540620164122795e-07
2012,E02002806,E06000015,6527,97155,11,1899,0.005792522380200105,37.80779357556609,male,75-79,56,0.008579745671824728,4.969836882046972e-05,0.00011322114147496269,9.714085985288664e-07
2012,E02002815,E06000015,7881,97155,11,2837,0.0038773352132534366,30.557278815650335,female,75-79,86,0.0109123207714757,4.231072558555964e-05,0.00011322114147496269,1.2355054138874243e-06
2012,E02002815,E06000015,7881,97155,11,2837,0.0038773352132534366,30.557278815650335,male,75-79,85,0.010785433320644588,4.18187404043322e-05,0.00011322114147496269,1.2211390718654775e-06
2012,E02002811,E06000015,10268,97155,11,3874,0.002839442436757873,29.15539494062984,female,75-79,97,0.009446825087650955,2.6823716046505035e-05,0.00011322114147496269,1.0695803197381555e-06
2012,E02002811,E06000015,10268,97155,11,3874,0.002839442436757873,29.15539494062984,male,75-79,74,0.007206856252434749,2.0463453478777035e-05,0.00011322114147496269,8.159684913466341e-07
2012,E02004118,E07000039,6815,97155,10,2416,0.0041390728476821195,28.207781456953644,female,75-79,110,0.016140865737344093,6.680821911152356e-05,0.00010292831043178426,1.661352039251103e-06
2012,E02004118,E07000039,6815,97155,10,2416,0.0041390728476821195,28.207781456953644,male,75-79,86,0.012619222303741746,5.223188039628207e-05,0.00010292831043178426,1.298875230687226e-06
2012,E02006827,E07000032,7622,97155,12,2775,0.004324324324324324,32.96,female,75-79,153,0.02007347152978221,8.680420120986902e-05,0.0001235139725181411,2.479354210873208e-06
2012,E02006827,E07000032,7622,97155,12,2775,0.004324324324324324,32.96,male,75-79,119,0.015612700078719496,6.751437871878701e-05,0.0001235139725181411,1.9283866084569393e-06
2012,E02005823,E07000170,7513,97155,13,3531,0.0036816765788728408,27.660436137071652,female,75-79,165,0.021961932650073207,8.085673306455727e-05,0.00013380680356131955,2.9386560079352757e-06
2012,E02005823,E07000170,7513,97155,13,3531,0.0036816765788728408,27.660436137071652,male,75-79,90,0.011979235990949022,4.41036725806676e-05,0.00013380680356131955,1.6029032770556048e-06
2012,E02005890,E07000174,6715,97155,13,2532,0.005134281200631911,34.47669826224328,female,75-79,119,0.017721518987341773,9.098726178335033e-05,0.00013380680356131955,2.371259809947435e-06
2012,E02005890,E07000174,6715,97155,13,2532,0.005134281200631911,34.47669826224328,male,75-79,111,0.016530156366344004,8.487047107522593e-05,0.00013380680356131955,2.211847385749288e-06
2012,E02004040,E07000032,9078,97155,13,2840,0.004577464788732394,41.554225352112674,female,75-79,128,0.014100022031284423,6.454235436855546e-05,0.00013380680356131955,1.8866788781503527e-06
2012,E02004040,E07000032,9078,97155,13,2840,0.004577464788732394,41.554225352112674,male,75-79,122,0.013439083498567966,6.151693150752942e-05,0.00013380680356131955,1.798240805737055e-06
2012,E02002821,E06000015,11377,97155,13,4175,0.0031137724550898203,35.425389221556884,female,75-79,120,0.010547596027072163,3.2842813976512124e-05,0.00013380680356131955,1.4113401096385994e-06
2012,E02002821,E06000015,11377,97155,13,4175,0.0031137724550898203,35.425389221556884,male,75-79,73,0.006416454249802233,1.997937850237821e-05,0.00013380680356131955,8.585652333634813e-07
2012,E02002824,E06000015,9562,97155,13,3558,0.0036537380550871277,34.93704328274311,female,75-79,114,0.011922192010039741,4.35605666471379e-05,0.00013380680356131955,1.5952704043077211e-06
2012,E02002824,E06000015,9562,97155,13,3558,0.0036537380550871277,34.93704328274311,male,75-79,95,0.00993516000836645,3.630047220594825e-05,0.00013380680356131955,1.3293920035897675e-06
2012,E02005827,E07000170,8446,97155,14,3234,0.004329004329004329,36.56277056277056,female,75-79,157,0.018588681032441393,8.047048065991945e-05,0.00014409963460449796,2.6786221445543665e-06
2012,E02005827,E07000170,8446,97155,14,3234,0.004329004329004329,36.56277056277056,male,75-79,116,0.013734312100402558,5.9455896538539215e-05,0.00014409963460449796,1.9791093552121436e-06
2012,E02002813,E06000015,10537,97155,14,4158,0.003367003367003367,35.47811447811448,female,75-79,118,0.011198633387112081,3.77058363202427e-05,0.00014409963460449796,1.6137189791525822e-06
2012,E02002813,E06000015,10537,97155,14,4158,0.003367003367003367,35.47811447811448,male,75-79,94,0.00892094524058081,3.0036852661888248e-05,0.00014409963460449796,1.28550494949443e-06
2012,E02004080,E07000036,9536,97155,15,3327,0.004508566275924256,42.993688007213706,female,75-79,176,0.018456375838926176,8.321179368316581e-05,0.0001543924656476764,2.849525372692014e-06
2012,E02004080,E07000036,9536,97155,15,3327,0.004508566275924256,42.993688007213706,male,75-79,133,0.013947147651006712,6.288163954466507e-05,0.0001543924656476764,2.1533345145911242e-06
2012,E02004076,E07000035,6658,97155,15,2298,0.006527415143603133,43.45953002610966,female,75-79,124,0.018624211474917392,0.00012156796001904302,0.0001543924656476764,2.875437930356244e-06
2012,E02004076,E07000035,6658,97155,15,2298,0.006527415143603133,43.45953002610966,male,75-79,99,0.014869330129167918,9.705829066036499e-05,0.0001543924656476764,2.2957125411715174e-06
2012,E02005830,E07000170,6081,97155,17,2266,0.007502206531332745,45.620917917034426,female,75-79,115,0.01891136326262128,0.0001418769529852435,0.00017497812773403323,3.30907493659165e-06
2012,E02005830,E07000170,6081,97155,17,2266,0.007502206531332745,45.620917917034426,male,75-79,125,0.020555829633284,0.0001542140793317864,0.00017497812773403323,3.596820583251793e-06
2012,E02002808,E06000015,12033,97155,18,3850,0.004675324675324675,56.25818181818182,female,75-79,99,0.008227374719521317,3.846564803932044e-05,0.00018527095877721167,1.5242936025051072e-06
2012,E02002808,E06000015,12033,97155,18,3850,0.004675324675324675,56.25818181818182,male,75-79,71,0.005900440455414277,2.7586474856482335e-05,0.00018527095877721167,1.0931802603824506e-06
2012,E02005884,E07000174,6034,97155,18,2478,0.007263922518159807,43.83050847457627,female,75-79,116,0.0192243950944647,0.00013964451642468307,0.00018527095877721167,3.5617221110634e-06
2012,E02005884,E07000174,6034,97155,18,2478,0.007263922518159807,43.83050847457627,male,75-79,92,0.015246934040437522,0.00011075254750923139,0.00018527095877721167,2.8248140880847655e-06
2012,E02005892,E07000174,11677,97155,19,4381,0.004336909381419767,50.64209084683862,female,75-79,232,0.019868116810824697,8.616622218800942e-05,0.0001955637898203901,3.88548422011908e-06
2012,E02005892,E07000174,11677,97155,19,4381,0.004336909381419767,50.64209084683862,male,75-79,192,0.016442579429648024,7.13099769831802e-05,0.0001955637898203901,3.215573147684756e-06
2012,E02005820,E07000170,5704,97155,24,2206,0.010879419764279238,62.056210335448775,female,75-79,113,0.019810659186535764,0.00021552847709739725,0.0002470279450362822,4.893786428664076e-06
2012,E02005820,E07000170,5704,97155,24,2206,0.010879419764279238,62.056210335448775,male,75-79,103,0.01805750350631136,0.00019645516054010546,0.0002470279450362822,4.460707983649556e-06
2012,E02005886,E07000174,10342,97155,26,4259,0.0061047194177036865,63.135008217891524,female,75-79,210,0.020305550183716884,0.00012395968649369312,0.0002676136071226391,5.434041529274242e-06
2012,E02005886,E07000174,10342,97155,26,4259,0.0061047194177036865,63.135008217891524,male,75-79,155,0.014987429897505318,9.149405431677349e-05,0.0002676136071226391,4.0108401763690834e-06
2012,E02004039,E07000032,8055,97155,27,2575,0.010485436893203883,84.46019417475728,female,75-79,129,0.01601489757914339,0.00016792319791723165,0.0002779064381658175,4.450643143810113e-06
2012,E02004039,E07000032,8055,97155,27,2575,0.010485436893203883,84.46019417475728,male,75-79,110,0.013656114214773432,0.00014319032380539132,0.0002779064381658175,3.795122060613274e-06
2012,E02005829,E07000170,6670,97155,27,2570,0.010505836575875487,70.0739299610895,female,75-79,128,0.019190404797601198,0.0002016112566284951,0.0002779064381658175,5.3331370442615646e-06
2012,E02005829,E07000170,6670,97155,27,2570,0.010505836575875487,70.0739299610895,male,75-79,121,0.018140929535232383,0.00019058564103162427,0.0002779064381658175,5.04148111215351e-06
2012,E02005882,E07000174,7817,97155,29,3133,0.00925630386211299,72.35652729013725,female,75-79,159,0.020340283996418063,0.00018827584931251957,0.0002984921002521744,6.071414089816518e-06
2012,E02005882,E07000174,7817,97155,29,3133,0.00925630386211299,72.35652729013725,male,75-79,157,0.020084431367532303,0.00018590759963563256,0.0002984921002521744,5.995044101265368e-06
2012,E02005885,E07000174,8195,97155,34,3621,0.009389671361502348,76.94835680751174,female,75-79,180,0.021964612568639415,0.00020624049360224803,0.00034995625546806647,7.686653567327879e-06
2012,E02005885,E07000174,8195,97155,34,3621,0.009389671361502348,76.94835680751174,male,75-79,115,0.014032946918852958,0.00013176475980143624,0.00034995625546806647,4.910917556903922e-06
2012,E02005821,E07000170,6379,97155,34,2601,0.013071895424836602,83.38562091503269,female,75-79,92,0.01442232324815802,0.00018852710128311137,0.00034995625546806647,5.047182239075422e-06
2012,E02005821,E07000170,6379,97155,34,2601,0.013071895424836602,83.38562091503269,male,75-79,79,0.012384386267440038,0.00016188740218875866,0.00034995625546806647,4.3339934444234604e-06
2012,E02004037,E07000032,7801,97155,43,2364,0.018189509306260575,141.89636209813875,female,75-79,121,0.015510831944622484,0.0002821344220045545,0.0004425917348566723,6.864966019440757e-06
2012,E02004037,E07000032,7801,97155,43,2364,0.018189509306260575,141.89636209813875,male,75-79,112,0.014357133700807588,0.00026114921706206696,0.0004425917348566723,6.354348712209626e-06
2012,E02005881,E07000174,5693,97155,43,2422,0.017753922378199834,101.07308009909165,female,75-79,103,0.01809239416827683,0.00032121096169938223,0.0004425917348566723,8.007544122648383e-06
2012,E02005881,E07000174,5693,97155,43,2422,0.017753922378199834,101.07308009909165,male,75-79,79,0.013876690672756016,0.00024636568907039993,0.0004425917348566723,6.141708598924488e-06
2012,E02004038,E07000032,7843,97155,46,2744,0.016763848396501458,131.47886297376093,female,75-79,137,0.017467805686599516,0.00029282764634970033,0.0004734702279862076,8.270485940853046e-06
2012,E02004038,E07000032,7843,97155,46,2744,0.016763848396501458,131.47886297376093,male,75-79,106,0.01351523651663904,0.00022656737600779733,0.0004734702279862076,6.3990621148206045e-06
2012,E02004036,E07000032,9930,97155,53,3520,0.015056818181818182,149.51420454545453,female,75-79,198,0.019939577039274924,0.000300226586102719,0.0005455200452884565,1.0877438969497925e-05
2012,E02004036,E07000032,9930,97155,53,3520,0.015056818181818182,149.51420454545453,male,75-79,148,0.014904330312185297,0.00022441179163233544,0.0005455200452884565,8.13061094689744e-06
2012,E02004033,E07000032,8889,97155,87,3254,0.026736324523663185,237.65918869084206,female,75-79,143,0.01608729890876364,0.0004301152443338773,0.0008954763007565231,1.4405794915984115e-05
2012,E02004033,E07000032,8889,97155,87,3254,0.026736324523663185,237.65918869084206,male,75-79,111,0.012487343908201148,0.00033386567916825443,0.0008954763007565231,1.1182120529190467e-05
2012,E02004034,E07000032,7217,97155,77,2551,0.03018424147393179,217.83967071736572,female,75-79,169,0.023416932243314398,0.000706822337410901,0.0007925479903247388,1.8559042589009403e-05
2012,E02004034,E07000032,7217,97155,77,2551,0.03018424147393179,217.83967071736572,male,75-79,121,0.016765969239296106,0.0005060680640634261,0.0007925479903247388,1.3287835226450519e-05
2012,E02004035,E07000032,6545,97155,85,2141,0.039701074264362445,259.8435310602522,female,75-79,157,0.0239877769289534,0.000952340513293339,0.0008748906386701663,2.0986681477649517e-05
2012,E02004035,E07000032,6545,97155,85,2141,0.039701074264362445,259.8435310602522,male,75-79,143,0.021848739495798318,0.0008674184293053979,0.0008748906386701663,1.9115257651617078e-05
2012,E02004043,E07000032,7034,97155,16,2595,0.006165703275529865,43.369556840077074,female,75-79,140,0.0199033266988911,0.00012271800662129389,0.00016468529669085483,3.277785262541893e-06
2012,E02004043,E07000032,7034,97155,16,2595,0.006165703275529865,43.369556840077074,male,75-79,122,0.017344327551890817,0.0001069399771985561,0.00016468529669085483,2.856355728786507e-06
2012,E02002820,E06000015,9785,97155,11,3613,0.003044561306393579,29.791032383061168,female,75-79,119,0.012161471640265712,3.7026345984755834e-05,0.00011322114147496269,1.3769357011262707e-06
2012,E02002820,E06000015,9785,97155,11,3613,0.003044561306393579,29.791032383061168,male,75-79,113,0.011548288196218701,3.515947139728916e-05,0.00011322114147496269,1.3075103716577192e-06
2012,E02002801,E06000015,7589,97155,9,2732,0.003294289897510981,25.000366032210835,female,75-79,178,0.023455000658848334,7.726757171655747e-05,9.263547938860583e-05,2.1727652300924812e-06
2012,E02002801,E06000015,7589,97155,9,2732,0.003294289897510981,25.000366032210835,male,75-79,147,0.019370140993543287,6.381085978839296e-05,9.263547938860583e-05,1.794362296761768e-06
2012,E02002816,E06000015,9479,97155,9,2797,0.0032177332856632105,30.50089381480157,female,75-79,98,0.01033864331680557,3.3266996729084776e-05,9.263547938860583e-05,9.577251798800898e-07
2012,E02002816,E06000015,9479,97155,9,2797,0.0032177332856632105,30.50089381480157,male,75-79,93,0.009811161514927735,3.1569700977600864e-05,9.263547938860583e-05,9.08861650294371e-07
2012,E02002803,E06000015,7912,97155,8,2208,0.0036231884057971015,28.666666666666668,female,75-79,70,0.00884732052578362,3.205550915138993e-05,8.234264834542741e-05,7.285118028538826e-07
2012,E02002803,E06000015,7912,97155,8,2208,0.0036231884057971015,28.666666666666668,male,75-79,52,0.006572295247724975,2.381266394103252e-05,8.234264834542741e-05,5.411801964057413e-07
2012,E02004084,E07000036,6139,97155,8,2240,0.0035714285714285713,21.925,female,75-79,155,0.025248411793451702,9.01728992623275e-05,8.234264834542741e-05,2.079021093588736e-06
2012,E02004084,E07000036,6139,97155,8,2240,0.0035714285714285713,21.925,male,75-79,111,0.018081120703697672,6.457543108463454e-05,8.234264834542741e-05,1.4888473637958044e-06
2012,E02002825,E06000015,8582,97155,8,3211,0.002491435689816257,21.381501090003116,female,75-79,165,0.019226287578652995,4.7901059056127055e-05,8.234264834542741e-05,1.5831434370770826e-06
2012,E02002825,E06000015,8582,97155,8,3211,0.002491435689816257,21.381501090003116,male,75-79,113,0.013167093917501748,3.280496771722641e-05,8.234264834542741e-05,1.0842133841800627e-06
2012,E02004083,E07000036,7917,97155,8,2488,0.003215434083601286,25.456591639871384,female,75-79,113,0.01427308323860048,4.5894158323474215e-05,8.234264834542741e-05,1.1752834739210936e-06
2012,E02004083,E07000036,7917,97155,8,2488,0.003215434083601286,25.456591639871384,male,75-79,95,0.011999494758115448,3.8583584431239385e-05,8.234264834542741e-05,9.880701771903e-07
2012,E02006872,E07000037,12346,97155,354,4893,0.07234825260576333,893.2115266707541,female,80-84,238,0.01927749878503159,0.0013946933517067612,0.003643662189285163,7.024069342701026e-05
2012,E02006872,E07000037,12346,97155,354,4893,0.07234825260576333,893.2115266707541,male,80-84,157,0.012716669366596468,0.0009200288076384937,0.003643662189285163,4.633524734470845e-05
2012,E02004103,E07000037,7137,97155,89,3114,0.028580603725112397,203.97976878612718,female,80-84,97,0.013591144738685723,0.00038844312194702294,0.0009160619628428799,1.2450330726602123e-05
2012,E02004103,E07000037,7137,97155,89,3114,0.028580603725112397,203.97976878612718,male,80-84,65,0.009107468123861567,0.00026029693738718033,0.0009160619628428799,8.343005126073588e-06
2012,E02004097,E07000037,7704,97155,29,2762,0.010499637943519189,80.88921071687183,female,80-84,71,0.009215991692627207,9.676457606306626e-05,0.0002984921002521744,2.7509007162388864e-06
2012,E02004097,E07000037,7704,97155,29,2762,0.010499637943519189,80.88921071687183,male,80-84,62,0.008047767393561786,8.449864388605786e-05,0.0002984921002521744,2.402194991645225e-06
2012,E02004102,E07000037,8625,97155,96,3736,0.02569593147751606,221.627408993576,female,80-84,154,0.017855072463768117,0.0004588027185550694,0.000988111780145129,1.764280743679419e-05
2012,E02004102,E07000037,8625,97155,96,3736,0.02569593147751606,221.627408993576,male,80-84,102,0.01182608695652174,0.00030388232008192906,0.000988111780145129,1.1685495834759785e-05
2012,E02004098,E07000037,7341,97155,47,3145,0.014944356120826709,109.70651828298887,female,80-84,113,0.015392998229124098,0.0002300384473032854,0.00048376305902938604,7.4465639109549955e-06
2012,E02004098,E07000037,7341,97155,47,3145,0.014944356120826709,109.70651828298887,male,80-84,70,0.009535485628660946,0.00014250169301973433,0.00048376305902938604,4.612915697051767e-06
2012,E02004104,E07000037,7167,97155,84,2895,0.029015544041450778,207.95440414507772,female,80-84,92,0.012836612250592995,0.0003724612881001076,0.0008645978076269878,1.1098506809220436e-05
2012,E02004104,E07000037,7167,97155,84,2895,0.029015544041450778,207.95440414507772,male,80-84,85,0.011859913492395702,0.0003441218422664038,0.0008645978076269878,1.0254055204171057e-05
2012,E02004100,E07000037,7641,97155,54,3050,0.017704918032786884,135.28327868852458,female,80-84,110,0.014396021463159272,0.0002548803800034756,0.000555812876331635,8.001494097170508e-06
2012,E02004100,E07000037,7641,97155,54,3050,0.017704918032786884,135.28327868852458,male,80-84,84,0.01099332548095799,0.0001946359265481087,0.000555812876331635,6.110231856021116e-06
2012,E02004068,E07000035,7531,97155,1163,2634,0.4415337889141989,3325.190964312832,female,80-84,146,0.01938653565263577,0.008559810540628475,0.011970562503216509,0.00023206773675071176
2012,E02004068,E07000035,7531,97155,1163,2634,0.4415337889141989,3325.190964312832,male,80-84,103,0.013676802549462222,0.0060387704498954305,0.011970562503216509,0.00016371901976248843
2012,E02006210,E07000198,5452,97155,24,1854,0.012944983818770227,70.57605177993528,female,80-84,68,0.012472487160674981,0.00016145614447475703,0.0002470279450362822,3.081052872792955e-06
2012,E02006210,E07000198,5452,97155,24,1854,0.012944983818770227,70.57605177993528,male,80-84,69,0.012655906089508437,0.0001638304995405623,0.0002470279450362822,3.1263624738634395e-06
2012,E02006204,E07000198,7282,97155,11,2851,0.003858295334970186,28.096106629252894,female,80-84,133,0.018264213128261465,7.046872830967244e-05,0.00011322114147496269,2.067895058523762e-06
2012,E02006204,E07000198,7282,97155,11,2851,0.003858295334970186,28.096106629252894,male,80-84,84,0.011535292502059874,4.450656524821418e-05,0.00011322114147496269,1.3060389843307973e-06
2012,E02004070,E07000035,6373,97155,1527,2452,0.6227569331158238,3968.829934747145,female,80-84,148,0.023222971912756945,0.014462266766223432,0.015717153002933457,0.0003649990027356271
2012,E02004070,E07000035,6373,97155,1527,2452,0.6227569331158238,3968.829934747145,male,80-84,83,0.013023693707829907,0.008110595551328004,0.015717153002933457,0.0002046953866693044
2012,E02006803,E08000019,8747,97155,441,3080,0.1431818181818182,1252.4113636363636,female,80-84,98,0.01120384131702298,0.0016041863703919268,0.004539138490041686,5.0855787358418346e-05
2012,E02006803,E08000019,8747,97155,441,3080,0.1431818181818182,1252.4113636363636,male,80-84,81,0.009260317823253686,0.0013259091428749596,0.004539138490041686,4.203386506154985e-05
2012,E02006869,E08000019,11118,97155,31,4236,0.007318224740321058,81.36402266288952,female,80-84,165,0.014840798704803022,0.0001086083002476142,0.0003190777623385312,4.7353688420451205e-06
2012,E02006869,E08000019,11118,97155,31,4236,0.007318224740321058,81.36402266288952,male,80-84,103,0.009264256161180068,6.779790863941976e-05,0.0003190777623385312,2.956018125640287e-06
2012,E02006868,E08000019,12500,97155,11,4482,0.0024542614904060687,30.67826863007586,female,80-84,122,0.00976,2.395359214636323e-05,0.00011322114147496269,1.1050383407956358e-06
2012,E02006868,E08000019,12500,97155,11,4482,0.0024542614904060687,30.67826863007586,male,80-84,91,0.00728,1.786702365015618e-05,0.00011322114147496269,8.242499099377284e-07
2012,E02004105,E07000038,9450,97155,1852,3263,0.5675758504443763,5363.591786699356,female,80-84,103,0.0108994708994709,0.006186276465160927,0.019062323091966444,0.0002077692358172004
2012,E02004105,E07000038,9450,97155,1852,3263,0.5675758504443763,5363.591786699356,male,80-84,57,0.006031746031746032,0.003423473383632746,0.019062323091966444,0.00011497909166582936
2012,E02001634,E08000019,9260,97155,11,3128,0.003516624040920716,32.56393861892583,female,80-84,97,0.010475161987041036,3.683720647616733e-05,0.00011322114147496269,1.1860097973079245e-06
2012,E02001634,E08000019,9260,97155,11,3128,0.003516624040920716,32.56393861892583,male,80-84,62,0.006695464362850972,2.3545430943529633e-05,0.00011322114147496269,7.580681178669209e-07
2012,E02001669,E08000019,7690,97155,45,2629,0.017116774438950173,131.62799543552683,female,80-84,101,0.013133940182054616,0.00022481069159089304,0.0004631773969430292,6.083344225129512e-06
2012,E02001669,E08000019,7690,97155,45,2629,0.017116774438950173,131.62799543552683,male,80-84,64,0.008322496749024707,0.000142454299621952,0.0004631773969430292,3.8547923802800865e-06
2012,E02001660,E08000019,9889,97155,23,3458,0.006651243493348756,65.77414690572586,female,80-84,98,0.009910001011224592,6.591382974498716e-05,0.0002367351139931038,2.3460452190640275e-06
2012,E02001660,E08000019,9889,97155,23,3458,0.006651243493348756,65.77414690572586,male,80-84,66,0.006674082313681869,4.4390946562950546e-05,0.0002367351139931038,1.5799896373288352e-06
2012,E02001653,E08000019,7439,97155,9,2991,0.003009027081243731,22.384152457372114,female,80-84,66,0.00887216023659094,2.6696570421035927e-05,9.263547938860583e-05,8.218768167291283e-07
2012,E02001653,E08000019,7439,97155,9,2991,0.003009027081243731,22.384152457372114,male,80-84,58,0.0077967468745799165,2.3460622491213387e-05,9.263547938860583e-05,7.222553843983249e-07
2012,E02001662,E08000019,7588,97155,15,3172,0.004728877679697352,35.8827238335435,female,80-84,149,0.019636267791249343,9.285750847059904e-05,0.0001543924656476764,3.0316918004090386e-06
2012,E02001662,E08000019,7588,97155,15,3172,0.004728877679697352,35.8827238335435,male,80-84,109,0.014364786505007908,6.792931827714962e-05,0.0001543924656476764,2.217814807010639e-06
2012,E02001655,E08000019,7681,97155,14,3228,0.004337050805452293,33.31288723667906,female,80-84,123,0.016013539903658378,6.9451536137304e-05,0.00014409963460449796,2.3075452488417197e-06
2012,E02001655,E08000019,7681,97155,14,3228,0.004337050805452293,33.31288723667906,male,80-84,83,0.01080588465043614,4.686567072679863e-05,0.00014409963460449796,1.557124029706201e-06
2012,E02001650,E08000019,9415,97155,10,2336,0.004280821917808219,40.30393835616438,female,80-84,41,0.004354753053637812,1.8641922318655017e-05,0.00010292831043178426,4.482273741585932e-07
2012,E02001650,E08000019,9415,97155,10,2336,0.004280821917808219,40.30393835616438,male,80-84,25,0.0026553372278279343,1.1367025804057938e-05,0.00010292831043178426,2.733093744869471e-07
2012,E02001627,E08000019,6085,97155,8,2236,0.0035778175313059034,21.77101967799642,female,80-84,47,0.007723911257189811,2.7634745106224726e-05,8.234264834542741e-05,6.360073085020688e-07
2012,E02001627,E08000019,6085,97155,8,2236,0.0035778175313059034,21.77101967799642,male,80-84,37,0.006080525883319639,2.1755012104900318e-05,8.234264834542741e-05,5.006866045654584e-07
2012,E02001656,E08000019,7888,97155,17,2300,0.007391304347826087,58.302608695652175,female,80-84,67,0.008493914807302232,6.278110944527737e-05,0.00017497812773403323,1.4862493101141263e-06
2012,E02001656,E08000019,7888,97155,17,2300,0.007391304347826087,58.302608695652175,male,80-84,64,0.008113590263691683,5.997001499250375e-05,0.00017497812773403323,1.4197008335418517e-06
2012,E02001666,E08000019,6153,97155,17,2708,0.006277695716395864,38.62666174298375,female,80-84,94,0.015277100601332683,9.590498900393487e-05,0.00017497812773403323,2.673158460425666e-06
2012,E02001666,E08000019,6153,97155,17,2708,0.006277695716395864,38.62666174298375,male,80-84,40,0.006500893872907525,4.081063361869569e-05,0.00017497812773403323,1.137514238479007e-06
2012,E02001678,E08000019,10006,97155,92,3559,0.025849957853329587,258.65467828041585,female,80-84,259,0.025884469318408956,0.0006691124409366744,0.0009469404559724152,2.4511051178978166e-05
2012,E02001678,E08000019,10006,97155,92,3559,0.025849957853329587,258.65467828041585,male,80-84,186,0.01858884669198481,0.00048052090352981245,0.0009469404559724152,1.7602530962509415e-05
2012,E02001680,E08000019,6098,97155,251,2873,0.08736512356421859,532.7525234946049,female,80-84,113,0.018530665792062972,0.00161893390665082,0.002583500591837785,4.787398604094288e-05
2012,E02001680,E08000019,6098,97155,251,2873,0.08736512356421859,532.7525234946049,male,80-84,77,0.012627090849458839,0.0011031673523195853,0.002583500591837785,3.262209668276639e-05
2012,E02001642,E08000019,9800,97155,8,3907,0.002047606859482979,20.066547222933195,female,80-84,126,0.012857142857142857,2.6326373907638302e-05,8.234264834542741e-05,1.0586911930126382e-06
2012,E02001642,E08000019,9800,97155,8,3907,0.002047606859482979,20.066547222933195,male,80-84,67,0.006836734693877551,1.3998944855648939e-05,8.234264834542741e-05,5.629548407289425e-07
2012,E02001665,E08000019,9466,97155,44,3159,0.013928458372902817,131.84678695789808,female,80-84,184,0.019437988590745827,0.00027074121493916316,0.00045288456589985077,8.803165024886175e-06
2012,E02001665,E08000019,9466,97155,44,3159,0.013928458372902817,131.84678695789808,male,80-84,128,0.013522079019649271,0.0001883417147402874,0.00045288456589985077,6.12394088687734e-06
2012,E02001664,E08000019,6233,97155,26,2407,0.01080182800166182,67.32779393435813,female,80-84,102,0.01636451147120167,0.00017676663824314225,0.0002676136071226391,4.379365943608085e-06
2012,E02001664,E08000019,6233,97155,26,2407,0.01080182800166182,67.32779393435813,male,80-84,86,0.013797529279640623,0.0001490385381265709,0.0002676136071226391,3.692406579904855e-06
2012,E02001659,E08000019,6120,97155,10,2607,0.0038358266206367474,23.475258918296895,female,80-84,115,0.018790849673202614,7.207844140085391e-05,0.00010292831043178426,1.9341104084403905e-06
2012,E02001659,E08000019,6120,97155,10,2607,0.0038358266206367474,23.475258918296895,male,80-84,85,0.013888888888888888,5.3275369731065934e-05,0.00010292831043178426,1.4295598671081147e-06
2012,E02001636,E08000019,9739,97155,8,3457,0.0023141452126120912,22.537460225629157,female,80-84,112,0.01150015401991991,2.6613026369499355e-05,8.234264834542741e-05,9.469531383805186e-07
2012,E02001636,E08000019,9739,97155,8,3457,0.0023141452126120912,22.537460225629157,male,80-84,86,0.008830475408152788,2.043500239086558e-05,8.234264834542741e-05,7.271247312564696e-07
2012,E02001679,E08000019,6324,97155,179,2654,0.06744536548605878,426.5244913338357,female,80-84,142,0.02245414294750158,0.0015144278777704534,0.0018424167567289383,4.136988922446383e-05
2012,E02001679,E08000019,6324,97155,179,2654,0.06744536548605878,426.5244913338357,male,80-84,66,0.010436432637571158,0.0007038890136116192,0.0018424167567289383,1.9228258371933894e-05
2012,E02001681,E08000019,7453,97155,157,2675,0.05869158878504673,437.4284112149533,female,80-84,172,0.02307795518583121,0.001354481855766542,0.0016159744737790128,3.729338648731923e-05
2012,E02001681,E08000019,7453,97155,157,2675,0.05869158878504673,437.4284112149533,male,80-84,114,0.015295854018516034,0.0008977379741708476,0.0016159744737790128,2.4717709648572047e-05
2012,E02001657,E08000019,8992,97155,11,2789,0.003944065973467192,35.465041233417,female,80-84,95,0.010564946619217083,4.166884647235135e-05,0.00011322114147496269,1.1961753158498061e-06
2012,E02001657,E08000019,8992,97155,11,2789,0.003944065973467192,35.465041233417,male,80-84,70,0.007784697508896797,3.0703360558574676e-05,0.00011322114147496269,8.813923379945939e-07
2012,E02001671,E08000019,5902,97155,28,2247,0.012461059190031152,73.54517133956386,female,80-84,93,0.015757370382921045,0.00019635352502082298,0.0002881992692089959,4.541262629013321e-06
2012,E02001671,E08000019,5902,97155,28,2247,0.012461059190031152,73.54517133956386,male,80-84,64,0.010843781768891902,0.0001351250064659427,0.0002881992692089959,3.125169981256479e-06
2012,E02001652,E08000019,12526,97155,8,2986,0.0026791694574681848,33.55927662424648,female,80-84,55,0.004390866996646974,1.1763876749221632e-05,8.234264834542741e-05,3.615556170364448e-07
2012,E02001652,E08000019,12526,97155,8,2986,0.0026791694574681848,33.55927662424648,male,80-84,50,0.003991697269679068,1.0694433408383302e-05,8.234264834542741e-05,3.286869245785862e-07
2012,E02001673,E08000019,5543,97155,43,1955,0.021994884910485932,121.91764705882352,female,80-84,45,0.008118347465271514,0.00017856211816198213,0.0004425917348566723,3.5931134888237876e-06
2012,E02001673,E08000019,5543,97155,43,1955,0.021994884910485932,121.91764705882352,male,80-84,42,0.007577124300920079,0.00016665797695118332,0.0004425917348566723,3.353572589568868e-06
2012,E02001661,E08000019,7877,97155,14,3256,0.0042997542997543,33.86916461916462,female,80-84,116,0.014726418687317507,6.331998207077553e-05,0.00014409963460449796,2.1220715518753033e-06
2012,E02001661,E08000019,7877,97155,14,3256,0.0042997542997543,33.86916461916462,male,80-84,94,0.0119334772121366,5.1311019953904296e-05,0.00014409963460449796,1.719609705829987e-06
2012,E02001649,E08000019,9557,97155,9,4107,0.002191380569758948,20.943024105186268,female,80-84,95,0.009940357852882704,2.1783107055257933e-05,9.263547938860583e-05,9.208298149960819e-07
2012,E02001649,E08000019,9557,97155,9,4107,0.002191380569758948,20.943024105186268,male,80-84,52,0.005441037982630533,1.1923384914456974e-05,9.263547938860583e-05,5.040331618925922e-07
2012,E02001676,E08000019,5995,97155,109,2168,0.050276752767527674,301.4091328413284,female,80-84,121,0.02018348623853211,0.0010147601476014761,0.0011219185837064484,2.2644228294992538e-05
2012,E02001676,E08000019,5995,97155,109,2168,0.050276752767527674,301.4091328413284,male,80-84,81,0.013511259382819015,0.0006793022475679301,0.0011219185837064484,1.5158532990862772e-05
2012,E02001651,E08000019,8119,97155,13,2920,0.004452054794520548,36.146232876712325,female,80-84,160,0.019706860450794433,8.773602255490672e-05,0.00013380680356131955,2.636912005149788e-06
2012,E02001651,E08000019,8119,97155,13,2920,0.004452054794520548,36.146232876712325,male,80-84,128,0.015765488360635547,7.018881804392538e-05,0.00013380680356131955,2.1095296041198303e-06
2012,E02001674,E08000019,8647,97155,130,3282,0.039609993906154786,342.50761730652044,female,80-84,208,0.024054585405342895,0.000952801981320712,0.0013380680356131953,3.2186671840817e-05
2012,E02001674,E08000019,8647,97155,130,3282,0.039609993906154786,342.50761730652044,male,80-84,138,0.015959292240083266,0.0006321474683762415,0.0013380680356131953,2.1354618817465127e-05
2012,E02001618,E08000019,9708,97155,8,3293,0.0024293956878226543,23.584573337382327,female,80-84,114,0.011742892459826947,2.8528132304468747e-05,8.234264834542741e-05,9.669408643777013e-07
2012,E02001618,E08000019,9708,97155,8,3293,0.0024293956878226543,23.584573337382327,male,80-84,101,0.010403790688092295,2.5274924234660906e-05,8.234264834542741e-05,8.566756780890161e-07
2012,E02001672,E08000019,6175,97155,39,2203,0.017703132092601,109.31684067181118,female,80-84,141,0.022834008097165993,0.0004042334615476504,0.0004014204106839586,9.16603690792521e-06
2012,E02001672,E08000019,6175,97155,39,2203,0.017703132092601,109.31684067181118,male,80-84,124,0.02008097165991903,0.00035549609384332375,0.0004014204106839586,8.06091189065763e-06
2012,E02001675,E08000019,9063,97155,141,3730,0.03780160857908847,342.59597855227884,female,80-84,147,0.016219794769943726,0.0006131343331265591,0.001451289177088158,2.353961260421044e-05
2012,E02001675,E08000019,9063,97155,141,3730,0.03780160857908847,342.59597855227884,male,80-84,98,0.010813196513295818,0.00040875622208437273,0.001451289177088158,1.5693075069473628e-05
2012,E02001670,E08000019,6002,97155,19,2500,0.0076,45.6152,female,80-84,143,0.023825391536154615,0.00018107297567477508,0.0001955637898203901,4.659383862765043e-06
2012,E02001670,E08000019,6002,97155,19,2500,0.0076,45.6152,male,80-84,75,0.012495834721759413,9.496834388537154e-05,0.0001955637898203901,2.4437327951564907e-06
2012,E02001639,E08000019,6154,97155,8,2044,0.003913894324853229,24.08610567514677,female,80-84,94,0.015274618134546636,5.9783241231102293e-05,8.234264834542741e-05,1.2577525096636622e-06
2012,E02001639,E08000019,6154,97155,8,2044,0.003913894324853229,24.08610567514677,male,80-84,59,0.009587260318492039,3.752352375143655e-05,8.234264834542741e-05,7.894404050016603e-07
2012,E02001663,E08000019,7671,97155,36,2525,0.014257425742574258,109.36871287128713,female,80-84,61,0.007952027115108852,0.00011337543609660145,0.00037054191755442334,2.946559375677203e-06
2012,E02001663,E08000019,7671,97155,36,2525,0.014257425742574258,109.36871287128713,male,80-84,39,0.005084082909659757,7.248593455356486e-05,0.00037054191755442334,1.8838658303509986e-06
2012,E02005888,E07000174,8284,97155,13,3488,0.0037270642201834864,30.875,female,80-84,93,0.01122646064703042,4.184173979684503e-05,0.00013380680356131955,1.5021768144860838e-06
2012,E02005888,E07000174,8284,97155,13,3488,0.0037270642201834864,30.875,male,80-84,40,0.004828585224529213,1.7996447224449475e-05,0.00013380680356131955,6.460975546176704e-07
2012,E02005887,E07000174,9349,97155,23,4120,0.00558252427184466,52.19101941747572,female,80-84,145,0.015509680179698363,8.658316605171416e-05,0.0002367351139931038,3.6716859053374744e-06
2012,E02005887,E07000174,9349,97155,23,4120,0.00558252427184466,52.19101941747572,male,80-84,67,0.007166541876136485,4.0007393968723094e-05,0.0002367351139931038,1.6965721079835227e-06
2012,E02005880,E07000174,6267,97155,70,2630,0.026615969581749048,166.8022813688213,female,80-84,94,0.014999202170097335,0.000399218308709815,0.0007204981730224899,1.0806897760350096e-05
2012,E02005880,E07000174,6267,97155,70,2630,0.026615969581749048,166.8022813688213,male,80-84,67,0.010690920695707675,0.0002845492200378469,0.0007204981730224899,7.702788829185706e-06
2012,E02005824,E07000170,9785,97155,37,3726,0.009930220075147612,97.16720343531938,female,80-84,106,0.01083290751149719,0.00010757315564288676,0.00038083474859760175,4.125547608722104e-06
2012,E02005824,E07000170,9785,97155,37,3726,0.009930220075147612,97.16720343531938,male,80-84,81,0.008277976494634645,8.220212836862101e-05,0.00038083474859760175,3.1525410972310416e-06
2012,E02005819,E07000170,6111,97155,44,2362,0.018628281117696866,113.83742591024554,female,80-84,92,0.015054819178530519,0.0002804454038337607,0.00045288456589985077,6.818095248369542e-06
2012,E02005819,E07000170,6111,97155,44,2362,0.018628281117696866,113.83742591024554,male,80-84,85,0.013909343806251022,0.00025910716658553975,0.00045288456589985077,6.299327131645772e-06
2012,E02005891,E07000174,6437,97155,13,2886,0.0045045045045045045,28.995495495495494,female,80-84,77,0.011962094143234426,5.388330695150642e-05,0.00013380680356131955,1.6006095812057798e-06
2012,E02005891,E07000174,6437,97155,13,2886,0.0045045045045045045,28.995495495495494,male,80-84,58,0.009010408575423333,4.058742601542042e-05,0.00013380680356131955,1.205653970258899e-06
2012,E02005825,E07000170,8073,97155,18,3312,0.005434782608695652,43.875,female,80-84,79,0.009785705437879351,5.318318172760517e-05,0.00018527095877721167,1.8130070287872813e-06
2012,E02005825,E07000170,8073,97155,18,3312,0.005434782608695652,43.875,male,80-84,64,0.007927660101573145,4.3085109247680135e-05,0.00018527095877721167,1.468765187878304e-06
2012,E02004029,E07000032,6402,97155,379,2746,0.13801893663510562,883.5972323379461,female,80-84,89,0.013901905654482974,0.001918726235633302,0.0039009829653646236,5.423109714424422e-05
2012,E02004029,E07000032,6402,97155,379,2746,0.13801893663510562,883.5972323379461,male,80-84,50,0.007810059356451109,0.0010779360874344395,0.0039009829653646236,3.0466908508002372e-05
2012,E02004054,E07000033,8677,97155,295,3267,0.09029690847872666,783.5062748699113,female,80-84,106,0.012216203757058891,0.0011030854326086236,0.003036385157737636,3.709309977183236e-05
2012,E02004054,E07000033,8677,97155,295,3267,0.09029690847872666,783.5062748699113,male,80-84,73,0.008413045983634897,0.0007596720432115992,0.003036385157737636,2.554524795607323e-05
2012,E02004050,E07000033,7057,97155,1059,3002,0.35276482345103266,2489.4613590939375,female,80-84,131,0.018563128808275473,0.006548418856750076,0.010900108074725953,0.00020234011021526144
2012,E02004050,E07000033,7057,97155,1059,3002,0.35276482345103266,2489.4613590939375,male,80-84,66,0.009352416040810543,0.0032992033934771373,0.010900108074725953,0.00010194234560463553
2012,E02004051,E07000033,9152,97155,1124,3894,0.2886492039034412,2641.7175141242938,female,80-84,126,0.013767482517482518,0.003973972868425873,0.01156914209253255,0.000159277961501213
2012,E02004051,E07000033,9152,97155,1124,3894,0.2886492039034412,2641.7175141242938,male,80-84,89,0.00972465034965035,0.0028070125816658945,0.01156914209253255,0.00011250586169530125
2012,E02004049,E07000033,7821,97155,2582,3223,0.801116971765436,6265.535836177474,female,80-84,154,0.01969057665260197,0.015774455140247685,0.026576089753486697,0.0005232985324174596
2012,E02004049,E07000033,7821,97155,2582,3223,0.801116971765436,6265.535836177474,male,80-84,98,0.012530366960746707,0.010038289634703072,0.026576089753486697,0.00033300815699292884
2012,E02004117,E07000038,7364,97155,2215,2973,0.7450386814665321,5486.464850319542,female,80-84,113,0.01534492123845736,0.011432559886708056,0.022798620760640213,0.0003498430399174829
2012,E02004117,E07000038,7364,97155,2215,2973,0.7450386814665321,5486.464850319542,male,80-84,87,0.011814231395980446,0.008802059381801779,0.022798620760640213,0.0002693481811754072
2012,E02004112,E07000038,6508,97155,2022,2401,0.8421491045397751,5480.706372344856,female,80-84,153,0.023509526736324525,0.0197985268891496,0.020812104369306778,0.0004892827241093941
2012,E02004112,E07000038,6508,97155,2022,2401,0.8421491045397751,5480.706372344856,male,80-84,112,0.017209588199139522,0.01449303929140363,0.020812104369306778,0.000358167745753282
2012,E02004052,E07000033,7869,97155,1852,3077,0.601884952876178,4736.232694182645,female,80-84,133,0.01690176642521286,0.01017291888836341,0.019062323091966444,0.00032218693242235826
2012,E02004052,E07000033,7869,97155,1852,3077,0.601884952876178,4736.232694182645,male,80-84,82,0.010420637946371838,0.006272025179291727,0.019062323091966444,0.00019864156735814568
2012,E02004061,E07000034,7216,97155,2534,2904,0.8725895316804407,6296.60606060606,female,80-84,120,0.01662971175166297,0.014510912389364312,0.026082033863414133,0.0004337367050456895
2012,E02004061,E07000034,7216,97155,2534,2904,0.8725895316804407,6296.60606060606,male,80-84,81,0.011225055432372505,0.009794865862820912,0.026082033863414133,0.00029277227590584045
2012,E02004111,E07000038,5498,97155,1933,2254,0.857586512866016,4715.010647737356,female,80-84,105,0.019097853765005456,0.016378061813556142,0.019896042406463896,0.00037997170838099476
2012,E02004111,E07000038,5498,97155,1933,2254,0.857586512866016,4715.010647737356,male,80-84,82,0.014914514368861403,0.01279048636868194,0.019896042406463896,0.0002967398103546816
2012,E02004062,E07000034,7987,97155,2706,3135,0.8631578947368421,6894.042105263158,female,80-84,134,0.01677726305246025,0.014481427055807794,0.02785240080284082,0.0004672870549118155
2012,E02004062,E07000034,7987,97155,2706,3135,0.8631578947368421,6894.042105263158,male,80-84,69,0.008639038437460875,0.0074568542302293865,0.02785240080284082,0.000240617961111308
2012,E02004048,E07000033,6835,97155,2283,2771,0.8238902923132443,5631.290147961025,female,80-84,82,0.011997073884418435,0.009884272709537094,0.023498533271576347,0.00028191363983456625
2012,E02004048,E07000033,6835,97155,2283,2771,0.8238902923132443,5631.290147961025,male,80-84,54,0.007900512070226774,0.006509155198963452,0.023498533271576347,0.00018565044574471437
2012,E02004114,E07000038,7226,97155,2342,2813,0.8325630998933523,6016.100959829364,female,80-84,154,0.021311929144755052,0.01774352579346475,0.024105810303123875,0.0005137413211570823
2012,E02004114,E07000038,7226,97155,2342,2813,0.8325630998933523,6016.100959829364,male,80-84,100,0.013838915029061722,0.01152176999575633,0.024105810303123875,0.0003335982604916119
2012,E02004059,E07000034,7158,97155,2641,3075,0.8588617886178862,6147.7326829268295,female,80-84,154,0.021514389494272142,0.01847788704207243,0.027183366785034222,0.0005848335407788866
2012,E02004059,E07000034,7158,97155,2641,3075,0.8588617886178862,6147.7326829268295,male,80-84,99,0.013830678960603521,0.011878641669903708,0.027183366785034222,0.0003759644190721414
2012,E02004073,E07000035,9138,97155,2604,3611,0.7211298809194129,6589.6848518415945,female,80-84,164,0.017947034362004816,0.012942142752329144,0.02680253203643662,0.00048102596344666294
2012,E02004073,E07000035,9138,97155,2604,3611,0.7211298809194129,6589.6848518415945,male,80-84,103,0.011271613044429854,0.0081282969724994,0.02680253203643662,0.00030210776972564805
2012,E02004063,E07000034,7940,97155,2649,3057,0.8665358194308145,6880.294406280667,female,80-84,166,0.020906801007556677,0.0181164919427601,0.02726570943337965,0.0005700387614535293
2012,E02004063,E07000034,7940,97155,2649,3057,0.8665358194308145,6880.294406280667,male,80-84,132,0.01662468513853904,0.014405885159303211,0.02726570943337965,0.0004532838344088304
2012,E02004072,E07000035,8613,97155,2654,3330,0.796996996996997,6864.5351351351355,female,80-84,141,0.01637060257749913,0.013047321093298106,0.027317173588595544,0.00044719859235945337
2012,E02004072,E07000035,8613,97155,2654,3330,0.796996996996997,6864.5351351351355,male,80-84,114,0.013235806339254615,0.010548897905219744,0.027317173588595544,0.0003615648193544516
2012,E02004046,E07000033,6301,97155,1091,2510,0.4346613545816733,2738.8011952191237,female,80-84,99,0.015711791779082687,0.00682930869760128,0.011229478668107662,0.00017643523062095835
2012,E02004046,E07000033,6301,97155,1091,2510,0.4346613545816733,2738.8011952191237,male,80-84,75,0.011902872559911125,0.005173718710303999,0.011229478668107662,0.00013366305350072602
2012,E02004067,E07000034,6422,97155,2390,2772,0.8621933621933622,5537.005772005772,female,80-84,85,0.013235752102148864,0.011411777606109591,0.02459986619319644,0.0003255977306791805
2012,E02004067,E07000034,6422,97155,2390,2772,0.8621933621933622,5537.005772005772,male,80-84,58,0.00903145437558393,0.0077868600135806605,0.02459986619319644,0.00022217256916932316
2012,E02004065,E07000034,8352,97155,2549,3047,0.8365605513619954,6986.953724975385,female,80-84,185,0.02215038314176245,0.018530136733952245,0.02623642632906181,0.0005811468954593432
2012,E02004065,E07000034,8352,97155,2549,3047,0.8365605513619954,6986.953724975385,male,80-84,157,0.018797892720306512,0.015725575498543254,0.02623642632906181,0.0004931895274979291
2012,E02004071,E07000035,5146,97155,1549,1961,0.7899031106578276,4064.8414074451807,female,80-84,104,0.020209871745044693,0.01596384055740654,0.01594359528588338,0.0003222180158826023
2012,E02004071,E07000035,5146,97155,1549,1961,0.7899031106578276,4064.8414074451807,male,80-84,72,0.013991449669646328,0.011051889616666068,0.01594359528588338,0.00022307401099564778
2012,E02004064,E07000034,8842,97155,3131,3617,0.8656345037323749,7653.940282001659,female,80-84,99,0.011196561863831712,0.009692130272506799,0.03222685399619165,0.00036082996444503204
2012,E02004064,E07000034,8842,97155,3131,3617,0.8656345037323749,7653.940282001659,male,80-84,71,0.00802985749830355,0.006950921710585684,0.03222685399619165,0.00025877704520805325
2012,E02004055,E07000034,7186,97155,2530,2997,0.8441775108441775,6066.259592926259,female,80-84,121,0.016838296688004455,0.014214511384935359,0.026040862539241417,0.00043848376944728804
2012,E02004055,E07000034,7186,97155,2530,2997,0.8441775108441775,6066.259592926259,male,80-84,76,0.010576120233787921,0.008928122853347827,0.026040862539241417,0.00027541129320656106
2012,E02004057,E07000034,7721,97155,2725,3172,0.8590794451450189,6632.95239596469,female,80-84,75,0.009713767646677892,0.008344898120175678,0.02804796459266121,0.0002724514110153595
2012,E02004057,E07000034,7721,97155,2725,3172,0.8590794451450189,6632.95239596469,male,80-84,53,0.006864395803652377,0.00589706133825748,0.02804796459266121,0.00019253233045085405
2012,E02005847,E07000171,6740,97155,22,2812,0.007823613086770981,52.73115220483641,female,80-84,110,0.016320474777448073,0.00012768508005115846,0.00022644228294992538,3.695645567432017e-06
2012,E02005847,E07000171,6740,97155,22,2812,0.007823613086770981,52.73115220483641,male,80-84,95,0.014094955489614243,0.00011027347822600047,0.00022644228294992538,3.1916938991458323e-06
2012,E02004115,E07000038,8980,97155,2819,3379,0.8342704942290619,7491.749038176976,female,80-84,127,0.014142538975501114,0.011798702980745084,0.029015490710719984,0.0004103527082696479
2012,E02004115,E07000038,8980,97155,2819,3379,0.8342704942290619,7491.749038176976,male,80-84,101,0.011247216035634744,0.009383220480750028,0.029015490710719984,0.00032634349240342076
2012,E02005848,E07000171,6722,97155,116,2708,0.04283604135893648,287.94387001477105,female,80-84,87,0.012942576614102946,0.0005544087471329179,0.0011939684010086975,1.5453027504873056e-05
2012,E02005848,E07000171,6722,97155,116,2708,0.04283604135893648,287.94387001477105,male,80-84,71,0.010562332639095508,0.0004524485177751399,0.0011939684010086975,1.261109141202284e-05
2012,E02004066,E07000034,11788,97155,3870,4535,0.8533627342888643,10059.439911797133,female,80-84,182,0.015439429928741092,0.013175434139851824,0.03983325613710051,0.0006150027669623594
2012,E02004066,E07000034,11788,97155,3870,4535,0.8533627342888643,10059.439911797133,male,80-84,145,0.012300644723447574,0.010496911814717113,0.03983325613710051,0.0004899747319205611
2012,E02004110,E07000038,7526,97155,1841,2781,0.6619920891765552,4982.152463142754,female,80-84,137,0.018203560988572946,0.012050613369278243,0.018949101950491484,0.0003449411330344583
2012,E02004110,E07000038,7526,97155,1841,2781,0.6619920891765552,4982.152463142754,male,80-84,91,0.012091416423066702,0.008004422019009636,0.018949101950491484,0.000229121482526538
2012,E02004060,E07000034,7633,97155,2906,3387,0.8579864186595807,6549.010333628579,female,80-84,92,0.012052928075461811,0.010341248593826992,0.029910967011476507,0.00036051473405683727
2012,E02004060,E07000034,7633,97155,2906,3387,0.8579864186595807,6549.010333628579,male,80-84,96,0.012576968426568845,0.010790868097906425,0.029910967011476507,0.0003761892877114823
2012,E02006804,E07000038,8215,97155,2323,3176,0.7314231738035264,6008.641372795969,female,80-84,148,0.018015824710894704,0.013177191688730603,0.023910246513303483,0.00043076280997795684
2012,E02006804,E07000038,8215,97155,2323,3176,0.7314231738035264,6008.641372795969,male,80-84,91,0.011077297626293366,0.008102192186989763,0.023910246513303483,0.0002648609169459059
2012,E02001609,E08000018,8379,97155,15,3753,0.003996802557953637,33.489208633093526,female,80-84,137,0.016350399809046425,6.534931978036141e-05,0.0001543924656476764,2.5243785408439747e-06
2012,E02001609,E08000018,8379,97155,15,3753,0.003996802557953637,33.489208633093526,male,80-84,100,0.011934598400763814,4.77002334163222e-05,0.0001543924656476764,1.8426120736087408e-06
2012,E02005840,E07000171,9163,97155,27,3537,0.007633587786259542,69.94656488549619,female,80-84,87,0.00949470697369857,7.24786791885387e-05,0.0002779064381658175,2.638640196488718e-06
2012,E02005840,E07000171,9163,97155,27,3537,0.007633587786259542,69.94656488549619,male,80-84,59,0.0064389392120484555,4.9152207725560724e-05,0.0002779064381658175,1.7894226619866019e-06
2012,E02005842,E07000171,8570,97155,8,3161,0.002530844669408415,21.689338816830116,female,80-84,118,0.013768961493582263,3.48471027993224e-05,8.234264834542741e-05,1.1337727543477753e-06
2012,E02005842,E07000171,8570,97155,8,3161,0.002530844669408415,21.689338816830116,male,80-84,121,0.01411901983663944,3.57330460908306e-05,8.234264834542741e-05,1.1625974853905154e-06
2012,E02004106,E07000038,6998,97155,1667,2703,0.6167221605623382,4315.821679615243,female,80-84,121,0.017290654472706488,0.010663529783944402,0.017158149348978437,0.00029667563178427994
2012,E02004106,E07000038,6998,97155,1667,2703,0.6167221605623382,4315.821679615243,male,80-84,108,0.015432980851671906,0.009517861294760292,0.017158149348978437,0.000264801390352911
2012,E02001603,E08000018,6481,97155,11,2853,0.00385559060637925,24.988082719943918,female,80-84,111,0.017126986576145656,6.603464855857071e-05,0.00011322114147496269,1.9391369701775744e-06
2012,E02001603,E08000018,6481,97155,11,2853,0.00385559060637925,24.988082719943918,male,80-84,74,0.01141799105076377,4.4023099039047134e-05,0.00011322114147496269,1.2927579801183828e-06
2012,E02006903,E07000171,11081,97155,27,4864,0.005550986842105263,61.51048519736842,female,80-84,231,0.020846493998736577,0.00011571861389101306,0.0002779064381658175,5.793374895433972e-06
2012,E02006903,E07000171,11081,97155,27,4864,0.005550986842105263,61.51048519736842,male,80-84,159,0.014348885479649852,7.965047449641159e-05,0.0002779064381658175,3.987647655298708e-06
2012,E02001600,E08000018,10943,97155,12,4915,0.0024415055951169887,26.717395727365208,female,80-84,174,0.015900575710499864,3.8821344562766706e-05,0.0001235139725181411,1.963943271329302e-06
2012,E02001600,E08000018,10943,97155,12,4915,0.0024415055951169887,26.717395727365208,male,80-84,139,0.012702184044594719,3.1012453415083745e-05,0.0001235139725181411,1.5688972110044425e-06
2012,E02004108,E07000038,7577,97155,2137,3061,0.6981378634433192,5289.790591310029,female,80-84,138,0.0182130130658572,0.0127151940286628,0.021995779939272295,0.000400609427427686
2012,E02004108,E07000038,7577,97155,2137,3061,0.6981378634433192,5289.790591310029,male,80-84,95,0.012537943777220536,0.008753213280601203,0.021995779939272295,0.00027578185221471135
2012,E02004116,E07000038,8093,97155,3114,3628,0.8583241455347299,6946.417309812569,female,80-84,123,0.015198319535400963,0.013045084628786825,0.03205187586845762,0.00048713465115782613
2012,E02004116,E07000038,8093,97155,3114,3628,0.8583241455347299,6946.417309812569,male,80-84,91,0.011244285184727542,0.00965124147333009,0.03205187586845762,0.00036040043297042425
2012,E02004069,E07000035,6731,97155,1423,2306,0.6170858629661752,4153.604943625325,female,80-84,148,0.02198781756054078,0.013568371374089129,0.014646698574442901,0.00032204893611908326
2012,E02004069,E07000035,6731,97155,1423,2306,0.6170858629661752,4153.604943625325,male,80-84,110,0.016342296835537066,0.010084600345606784,0.014646698574442901,0.00023936069576418348
2012,E02004109,E07000038,6688,97155,1567,2568,0.610202492211838,4081.0342679127725,female,80-84,134,0.020035885167464115,0.012225947062856802,0.016128866244660593,0.0003231561119594078
2012,E02004109,E07000038,6688,97155,1567,2568,0.610202492211838,4081.0342679127725,male,80-84,107,0.015998803827751196,0.009762509968102073,0.016128866244660593,0.00025804256701236295
2012,E02004056,E07000034,7708,97155,3030,3494,0.8672009158557528,6684.384659416142,female,80-84,107,0.01388168137000519,0.012038206797686241,0.03118727806083063,0.0004329318568382041
2012,E02004056,E07000034,7708,97155,3030,3494,0.8672009158557528,6684.384659416142,male,80-84,55,0.007135443694862481,0.0061878633072219,0.03118727806083063,0.00022253506659907692
2012,E02004058,E07000034,7835,97155,3009,3480,0.8646551724137931,6774.573275862069,female,80-84,126,0.016081684747925973,0.013905111898422199,0.030971128608923884,0.000498067926576185
2012,E02004058,E07000034,7835,97155,3009,3480,0.8646551724137931,6774.573275862069,male,80-84,71,0.009061901723037651,0.007835420196729968,0.030971128608923884,0.000280657323705628
2012,E02005843,E07000171,6511,97155,23,2673,0.008604564160119716,56.024317246539475,female,80-84,48,0.007372139456304715,6.343404694912401e-05,0.0002367351139931038,1.745244274561355e-06
2012,E02005843,E07000171,6511,97155,23,2673,0.008604564160119716,56.024317246539475,male,80-84,38,0.0058362770695745666,5.021862050138984e-05,0.0002367351139931038,1.3816517173610727e-06
2012,E02005846,E07000171,6659,97155,12,3337,0.003596044351213665,23.946059334731796,female,80-84,77,0.011563297792461331,4.1582131707982014e-05,0.0001235139725181411,1.4282288457571508e-06
2012,E02005846,E07000171,6659,97155,12,3337,0.003596044351213665,23.946059334731796,male,80-84,58,0.008710016518996846,3.132160570211632e-05,0.0001235139725181411,1.0758087409599315e-06
2012,E02001608,E08000018,6925,97155,12,3083,0.003892312682452157,26.954265325981186,female,80-84,65,0.009386281588447653,3.6534342867781977e-05,0.0001235139725181411,1.1593369261630574e-06
2012,E02001608,E08000018,6925,97155,12,3083,0.003892312682452157,26.954265325981186,male,80-84,53,0.0076534296028880865,2.9789541107576077e-05,0.0001235139725181411,9.453054936406468e-07
2012,E02001610,E08000018,8312,97155,39,3825,0.01019607843137255,84.74980392156863,female,80-84,122,0.01467757459095284,0.00014965370171167601,0.0004014204106839586,5.891878020144725e-06
2012,E02001610,E08000018,8312,97155,39,3825,0.01019607843137255,84.74980392156863,male,80-84,98,0.011790182868142445,0.00012021362924380533,0.0004014204106839586,4.732820048968713e-06
2012,E02004113,E07000038,9224,97155,3474,4038,0.8603268945022289,7935.655274888559,female,80-84,155,0.016803989592367737,0.01445692418124951,0.03575729504400185,0.0006008652137706296
2012,E02004113,E07000038,9224,97155,3474,4038,0.8603268945022289,7935.655274888559,male,80-84,95,0.010299219427580225,0.008860695465927118,0.03575729504400185,0.000368272227794902
2012,E02001605,E08000018,7380,97155,12,3095,0.0038772213247172858,28.613893376413568,female,80-84,84,0.011382113821138212,4.4130974427676426e-05,0.0001235139725181411,1.4058500937024193e-06
2012,E02001605,E08000018,7380,97155,12,3095,0.0038772213247172858,28.613893376413568,male,80-84,65,0.008807588075880758,3.414896830713056e-05,0.0001235139725181411,1.0878601915554432e-06
2012,E02001607,E08000018,8856,97155,12,4092,0.002932551319648094,25.970674486803517,female,80-84,121,0.013663053297199638,4.006760497712504e-05,0.0001235139725181411,1.6875779894642135e-06
2012,E02001607,E08000018,8856,97155,12,4092,0.002932551319648094,25.970674486803517,male,80-84,85,0.009598012646793134,2.81466646533523e-05,0.0001235139725181411,1.185488670284778e-06
2012,E02004045,E07000033,9079,97155,2469,3220,0.7667701863354037,6961.50652173913,female,80-84,154,0.016962220508866616,0.013006124980245861,0.025412999845607534,0.00043106090717298824
2012,E02004045,E07000033,9079,97155,2469,3220,0.7667701863354037,6961.50652173913,male,80-84,100,0.011014428901861438,0.00844553570145835,0.025412999845607534,0.0002799096799824599
2012,E02001606,E08000018,8011,97155,10,3937,0.00254000508001016,20.347980695961393,female,80-84,113,0.014105604793409063,3.5828307831874686e-05,0.00010292831043178426,1.4518660690040722e-06
2012,E02001606,E08000018,8011,97155,10,3937,0.00254000508001016,20.347980695961393,male,80-84,64,0.007989015104231681,2.029213894902637e-05,0.00010292831043178426,8.222958266925717e-07
2012,E02005838,E07000171,8043,97155,11,3413,0.0032229709932610606,25.92235569879871,female,80-84,120,0.014919806042521447,4.808610210012772e-05,0.00011322114147496269,1.689237470719324e-06
2012,E02005838,E07000171,8043,97155,11,3413,0.0032229709932610606,25.92235569879871,male,80-84,103,0.012806166853164241,4.1273904302609624e-05,0.00011322114147496269,1.4499288290340862e-06
2012,E02004047,E07000033,5751,97155,756,2604,0.2903225806451613,1669.6451612903227,female,80-84,66,0.011476264997391758,0.0033318188702105107,0.00778138026864289,8.930118200842128e-05
2012,E02004047,E07000033,5751,97155,756,2604,0.2903225806451613,1669.6451612903227,male,80-84,59,0.010259085376456268,0.00297844414155182,0.00778138026864289,7.982984452267962e-05
2012,E02005894,E07000175,10073,97155,18,4140,0.004347826086956522,43.79565217391304,female,80-84,156,0.015486945299315,6.733454477963044e-05,0.00018527095877721167,2.8692812041343214e-06
2012,E02005894,E07000175,10073,97155,18,4140,0.004347826086956522,43.79565217391304,male,80-84,108,0.01072173136106423,4.661622330897492e-05,0.00018527095877721167,1.9864254490160687e-06
2012,E02005889,E07000174,10157,97155,24,4422,0.005427408412483039,55.12618724559022,female,80-84,187,0.018410948114600766,9.992373467897294e-05,0.0002470279450362822,4.548018678919442e-06
2012,E02005889,E07000174,10157,97155,24,4422,0.005427408412483039,55.12618724559022,male,80-84,108,0.010633060943191887,5.770996441352448e-05,0.0002470279450362822,2.626663194242245e-06
2012,E02004053,E07000033,7938,97155,492,3108,0.1583011583011583,1256.5945945945946,female,80-84,113,0.014235323759133283,0.0022534682398627974,0.005064072873243786,7.208871689046961e-05
2012,E02004053,E07000033,7938,97155,492,3108,0.1583011583011583,1256.5945945945946,male,80-84,81,0.01020408163265306,0.0016153179418485538,0.005064072873243786,5.1674212992283526e-05
2012,E02004031,E07000032,7666,97155,164,3159,0.051915163026274136,397.98163975941753,female,80-84,106,0.013827289329506914,0.0007178459797528122,0.001688024291081262,2.334080026801641e-05
2012,E02004031,E07000032,7666,97155,164,3159,0.051915163026274136,397.98163975941753,male,80-84,61,0.007957213670753978,0.00041310004495209,0.001688024291081262,1.3431969965556609e-05
2012,E02005883,E07000174,7845,97155,32,3272,0.009779951100244499,76.72371638141809,female,80-84,102,0.0130019120458891,0.0001271580640184753,0.00032937059338170965,4.282447485651291e-06
2012,E02005883,E07000174,7845,97155,32,3272,0.009779951100244499,76.72371638141809,male,80-84,68,0.008667941363926068,8.477204267898355e-05,0.00032937059338170965,2.8549649904341946e-06
2012,E02005822,E07000170,9777,97155,24,3954,0.006069802731411229,59.34446130500759,female,80-84,92,0.009409839419044696,5.711586900785855e-05,0.0002470279450362822,2.324493294808015e-06
2012,E02005822,E07000170,9777,97155,24,3954,0.006069802731411229,59.34446130500759,male,80-84,59,0.006034570931778664,3.6628655124604944e-05,0.0002470279450362822,1.4907076564529663e-06
2012,E02004030,E07000032,5665,97155,510,2112,0.24147727272727273,1367.96875,female,80-84,113,0.01994704324801412,0.00481675760250341,0.005249343832020997,0.00010470888844101901
2012,E02004030,E07000032,5665,97155,510,2112,0.24147727272727273,1367.96875,male,80-84,78,0.013768755516328331,0.0033248415309315572,0.005249343832020997,7.22769318442432e-05
2012,E02004032,E07000032,8284,97155,184,2974,0.06186953597848016,512.5272360457296,female,80-84,145,0.0175036214389184,0.0010829409363688587,0.0018938809119448303,3.314977453307586e-05
2012,E02004032,E07000032,8284,97155,184,2974,0.06186953597848016,512.5272360457296,male,80-84,87,0.010502172863351039,0.0006497645618213151,0.0018938809119448303,1.9889864719845515e-05
2012,E02004075,E07000035,7458,97155,155,2523,0.06143479984145858,458.1807372175981,female,80-84,105,0.01407884151246983,0.000864930810318202,0.0015953888116926561,2.246122623058848e-05
2012,E02004075,E07000035,7458,97155,155,2523,0.06143479984145858,458.1807372175981,male,80-84,107,0.01434700992223116,0.0008814056828956916,0.0015953888116926561,2.2889059111171118e-05
2012,E02004074,E07000035,5875,97155,386,2042,0.1890303623898139,1110.5533790401566,female,80-84,84,0.014297872340425531,0.002702731989913935,0.003973032782666873,5.680591553089656e-05
2012,E02004074,E07000035,5875,97155,386,2042,0.1890303623898139,1110.5533790401566,male,80-84,65,0.011063829787234043,0.0020913997541000687,0.003973032782666873,4.3956958446527104e-05
2012,E02002806,E06000015,6527,97155,11,1899,0.005792522380200105,37.80779357556609,female,80-84,35,0.005362341044890455,3.1061480512793576e-05,0.00011322114147496269,6.071303740805414e-07
2012,E02002806,E06000015,6527,97155,11,1899,0.005792522380200105,37.80779357556609,male,80-84,33,0.005055921556611001,2.9286538769205377e-05,0.00011322114147496269,5.724372098473677e-07
2012,E02002815,E06000015,7881,97155,11,2837,0.0038773352132534366,30.557278815650335,female,80-84,76,0.009643446263164573,3.7390873773285266e-05,0.00011322114147496269,1.0918419936679565e-06
2012,E02002815,E06000015,7881,97155,11,2837,0.0038773352132534366,30.557278815650335,male,80-84,65,0.008247684304022332,3.197903677978345e-05,0.00011322114147496269,9.338122314265416e-07
2012,E02002811,E06000015,10268,97155,11,3874,0.002839442436757873,29.15539494062984,female,80-84,75,0.007304246201791975,2.0739986633895646e-05,0.00011322114147496269,8.26995092581048e-07
2012,E02002811,E06000015,10268,97155,11,3874,0.002839442436757873,29.15539494062984,male,80-84,45,0.004382547721075185,1.2443991980337388e-05,0.00011322114147496269,4.961970555486289e-07
2012,E02004118,E07000039,6815,97155,10,2416,0.0041390728476821195,28.207781456953644,female,80-84,94,0.013793103448275862,5.709065996802923e-05,0.00010292831043178426,1.4197008335418517e-06
2012,E02004118,E07000039,6815,97155,10,2416,0.0041390728476821195,28.207781456953644,male,80-84,74,0.010858400586940571,4.494371103866131e-05,0.00010292831043178426,1.1176368264052876e-06
2012,E02006827,E07000032,7622,97155,12,2775,0.004324324324324324,32.96,female,80-84,104,0.013644712673838887,5.9004162913897893e-05,0.0001235139725181411,1.685312666214468e-06
2012,E02006827,E07000032,7622,97155,12,2775,0.004324324324324324,32.96,male,80-84,65,0.008527945421149305,3.687760182118619e-05,0.0001235139725181411,1.0533204163840425e-06
2012,E02005823,E07000170,7513,97155,13,3531,0.0036816765788728408,27.660436137071652,female,80-84,153,0.020364701184613337,7.497624338713492e-05,0.00013380680356131955,2.7249355709945285e-06
2012,E02005823,E07000170,7513,97155,13,3531,0.0036816765788728408,27.660436137071652,male,80-84,80,0.010648209769732464,3.920326451614898e-05,0.00013380680356131955,1.4248029129383154e-06
2012,E02005890,E07000174,6715,97155,13,2532,0.005134281200631911,34.47669826224328,female,80-84,95,0.014147431124348473,7.263688965897714e-05,0.00013380680356131955,1.8930225373529942e-06
2012,E02005890,E07000174,6715,97155,13,2532,0.005134281200631911,34.47669826224328,male,80-84,69,0.010275502606105734,5.275731985757288e-05,0.00013380680356131955,1.3749321587090171e-06
2012,E02004040,E07000032,9078,97155,13,2840,0.004577464788732394,41.554225352112674,female,80-84,102,0.011235955056179775,5.143218863744263e-05,0.00013380680356131955,1.5034472310260624e-06
2012,E02004040,E07000032,9078,97155,13,2840,0.004577464788732394,41.554225352112674,male,80-84,92,0.01013439083498568,4.6389817202399235e-05,0.00013380680356131955,1.356050443670566e-06
2012,E02002821,E06000015,11377,97155,13,4175,0.0031137724550898203,35.425389221556884,female,80-84,107,0.009404939790806012,2.9284842462389976e-05,0.00013380680356131955,1.2584449310944178e-06
2012,E02002821,E06000015,11377,97155,13,4175,0.0031137724550898203,35.425389221556884,male,80-84,52,0.004570624945064604,1.4231886056488588e-05,0.00013380680356131955,6.115807141767265e-07
2012,E02002824,E06000015,9562,97155,13,3558,0.0036537380550871277,34.93704328274311,female,80-84,58,0.006065676636686885,2.216239355731577e-05,0.00013380680356131955,8.116288021916475e-07
2012,E02002824,E06000015,9562,97155,13,3558,0.0036537380550871277,34.93704328274311,male,80-84,71,0.007425224848358084,2.7129826596024478e-05,0.00013380680356131955,9.935456026828787e-07
2012,E02005827,E07000170,8446,97155,14,3234,0.004329004329004329,36.56277056277056,female,80-84,107,0.01266871892019891,5.484293904848013e-05,0.00014409963460449796,1.8255577673077528e-06
2012,E02005827,E07000170,8446,97155,14,3234,0.004329004329004329,36.56277056277056,male,80-84,88,0.010419133317546767,4.510447323613319e-05,0.00014409963460449796,1.5013933039540398e-06
2012,E02002813,E06000015,10537,97155,14,4158,0.003367003367003367,35.47811447811448,female,80-84,103,0.009775078295530037,3.2912721533771166e-05,0.00014409963460449796,1.408585210616237e-06
2012,E02002813,E06000015,10537,97155,14,4158,0.003367003367003367,35.47811447811448,male,80-84,66,0.006263642402960994,2.1089705060474726e-05,0.00014409963460449796,9.025885815599188e-07
2012,E02004080,E07000036,9536,97155,15,3327,0.004508566275924256,42.993688007213706,female,80-84,138,0.014471476510067114,6.524561095611864e-05,0.0001543924656476764,2.234286939951693e-06
2012,E02004080,E07000036,9536,97155,15,3327,0.004508566275924256,42.993688007213706,male,80-84,103,0.010801174496644295,4.869781107594362e-05,0.0001543924656476764,1.6676199624277128e-06
2012,E02004076,E07000035,6658,97155,15,2298,0.006527415143603133,43.45953002610966,female,80-84,128,0.01922499249023731,0.0001254895071164315,0.0001543924656476764,2.9681939926258003e-06
2012,E02004076,E07000035,6658,97155,15,2298,0.006527415143603133,43.45953002610966,male,80-84,68,0.01021327726043857,6.666630065560424e-05,0.0001543924656476764,1.5768530585824563e-06
2012,E02005830,E07000170,6081,97155,17,2266,0.007502206531332745,45.620917917034426,female,80-84,89,0.014635750698898208,0.00010980042448423193,0.00017497812773403323,2.5609362552752766e-06
2012,E02005830,E07000170,6081,97155,17,2266,0.007502206531332745,45.620917917034426,male,80-84,50,0.0082223318533136,6.168563173271456e-05,0.00017497812773403323,1.4387282333007174e-06
2012,E02002808,E06000015,12033,97155,18,3850,0.004675324675324675,56.25818181818182,female,80-84,81,0.006731488406881077,3.1471893850353086e-05,0.00018527095877721167,1.2471493111405424e-06
2012,E02002808,E06000015,12033,97155,18,3850,0.004675324675324675,56.25818181818182,male,80-84,55,0.004570763733067398,2.136980446628913e-05,0.00018527095877721167,8.46829779169504e-07
2012,E02005884,E07000174,6034,97155,18,2478,0.007263922518159807,43.83050847457627,female,80-84,72,0.011932383162081539,8.667590674635501e-05,0.00018527095877721167,2.2107240689359036e-06
2012,E02005884,E07000174,6034,97155,18,2478,0.007263922518159807,43.83050847457627,male,80-84,59,0.00977792509115015,7.102609025048536e-05,0.00018527095877721167,1.811565556489143e-06
2012,E02005892,E07000174,11677,97155,19,4381,0.004336909381419767,50.64209084683862,female,80-84,216,0.01849790185835403,8.022372410607775e-05,0.0001955637898203901,3.6175197911453513e-06
2012,E02005892,E07000174,11677,97155,19,4381,0.004336909381419767,50.64209084683862,male,80-84,135,0.011561188661471268,5.0139827566298586e-05,0.0001955637898203901,2.260949869465844e-06
2012,E02005820,E07000170,5704,97155,24,2206,0.010879419764279238,62.056210335448775,female,80-84,84,0.014726507713884993,0.00016021585908125105,0.0002470279450362822,3.6378589381219684e-06
2012,E02005820,E07000170,5704,97155,24,2206,0.010879419764279238,62.056210335448775,male,80-84,76,0.01332398316970547,0.00014495720583541761,0.0002470279450362822,3.291396182110352e-06
2012,E02005886,E07000174,10342,97155,26,4259,0.0061047194177036865,63.135008217891524,female,80-84,159,0.015374202281957069,9.385519120236765e-05,0.0002676136071226391,4.114345729307641e-06
2012,E02005886,E07000174,10342,97155,26,4259,0.0061047194177036865,63.135008217891524,male,80-84,104,0.010056081995745503,6.138955902544801e-05,0.0002676136071226391,2.6911443764024817e-06
2012,E02004039,E07000032,8055,97155,27,2575,0.010485436893203883,84.46019417475728,female,80-84,122,0.015145872129112352,0.0001588110864023431,0.0002779064381658175,4.209135376316541e-06
2012,E02004039,E07000032,8055,97155,27,2575,0.010485436893203883,84.46019417475728,male,80-84,86,0.010676598386095592,0.00011194879861148775,0.0002779064381658175,2.9670954292067414e-06
2012,E02005829,E07000170,6670,97155,27,2570,0.010505836575875487,70.0739299610895,female,80-84,92,0.013793103448275862,0.00014490809070173086,0.0002779064381658175,3.833192250563e-06
2012,E02005829,E07000170,6670,97155,27,2570,0.010505836575875487,70.0739299610895,male,80-84,80,0.01199400299850075,0.00012600703539280943,0.0002779064381658175,3.333210652663478e-06
2012,E02005882,E07000174,7817,97155,29,3133,0.00925630386211299,72.35652729013725,female,80-84,111,0.01419982090315978,0.00013143785706723064,0.0002984921002521744,4.23853436458889e-06
2012,E02005882,E07000174,7817,97155,29,3133,0.00925630386211299,72.35652729013725,male,80-84,75,0.009594473583216068,8.880936288326396e-05,0.0002984921002521744,2.8638745706681693e-06
2012,E02005885,E07000174,8195,97155,34,3621,0.009389671361502348,76.94835680751174,female,80-84,167,0.020378279438682124,0.00019134534684208567,0.00034995625546806647,7.131506365243088e-06
2012,E02005885,E07000174,8195,97155,34,3621,0.009389671361502348,76.94835680751174,male,80-84,98,0.011958511287370348,0.00011228649096122392,0.00034995625546806647,4.1849558311007335e-06
2012,E02005821,E07000170,6379,97155,34,2601,0.013071895424836602,83.38562091503269,female,80-84,60,0.009405862987929142,0.0001229524573585509,0.00034995625546806647,3.291640590701362e-06
2012,E02005821,E07000170,6379,97155,34,2601,0.013071895424836602,83.38562091503269,male,80-84,51,0.007994983539739771,0.00010450958875476824,0.00034995625546806647,2.7978945020961574e-06
2012,E02004037,E07000032,7801,97155,43,2364,0.018189509306260575,141.89636209813875,female,80-84,94,0.012049737213177798,0.00021917880717709192,0.0004425917348566723,5.3331140977473656e-06
2012,E02004037,E07000032,7801,97155,43,2364,0.018189509306260575,141.89636209813875,male,80-84,75,0.009614152031790796,0.00017487670785406272,0.0004425917348566723,4.255144226926089e-06
2012,E02005881,E07000174,5693,97155,43,2422,0.017753922378199834,101.07308009909165,female,80-84,109,0.019146320042157036,0.0003399222798566278,0.0004425917348566723,8.474003003579358e-06
2012,E02005881,E07000174,5693,97155,43,2422,0.017753922378199834,101.07308009909165,male,80-84,62,0.010890567363428772,0.00019335028762487084,0.0004425917348566723,4.820075102953396e-06
2012,E02004038,E07000032,7843,97155,46,2744,0.016763848396501458,131.47886297376093,female,80-84,153,0.019507841387224275,0.00032702649555842444,0.0004734702279862076,9.236382109127853e-06
2012,E02004038,E07000032,7843,97155,46,2744,0.016763848396501458,131.47886297376093,male,80-84,81,0.010327680734412852,0.0001731316741191659,0.0004734702279862076,4.889849351891217e-06
2012,E02004036,E07000032,9930,97155,53,3520,0.015056818181818182,149.51420454545453,female,80-84,133,0.01339375629405841,0.00020166735329122035,0.0005455200452884565,7.3065625401172934e-06
2012,E02004036,E07000032,9930,97155,53,3520,0.015056818181818182,149.51420454545453,male,80-84,110,0.011077542799597181,0.00016679254783484392,0.0005455200452884565,6.04302164972107e-06
2012,E02004033,E07000032,8889,97155,87,3254,0.026736324523663185,237.65918869084206,female,80-84,113,0.012712341095736303,0.00033988127699110583,0.0008954763007565231,1.138360017836507e-05
2012,E02004033,E07000032,8889,97155,87,3254,0.026736324523663185,237.65918869084206,male,80-84,99,0.011137360782990213,0.00029777209223114586,0.0008954763007565231,9.973242634142849e-06
2012,E02004034,E07000032,7217,97155,77,2551,0.03018424147393179,217.83967071736572,female,80-84,120,0.016627407510045725,0.000501885683368687,0.0007925479903247388,1.3178018406397208e-05
2012,E02004034,E07000032,7217,97155,77,2551,0.03018424147393179,217.83967071736572,male,80-84,96,0.01330192600803658,0.0004015085466949497,0.0007925479903247388,1.0542414725117766e-05
2012,E02004035,E07000032,6545,97155,85,2141,0.039701074264362445,259.8435310602522,female,80-84,106,0.016195569136745608,0.0006429814930515537,0.0008748906386701663,1.4169351825674198e-05
2012,E02004035,E07000032,6545,97155,85,2141,0.039701074264362445,259.8435310602522,male,80-84,85,0.012987012987012988,0.0005155983670696422,0.0008748906386701663,1.1362216086625536e-05
2012,E02004043,E07000032,7034,97155,16,2595,0.006165703275529865,43.369556840077074,female,80-84,109,0.0154961615012795,9.554473372657881e-05,0.00016468529669085483,2.551989954407617e-06
2012,E02004043,E07000032,7034,97155,16,2595,0.006165703275529865,43.369556840077074,male,80-84,90,0.01279499573500142,7.889014711368892e-05,0.00016468529669085483,2.107147668776931e-06
2012,E02002820,E06000015,9785,97155,11,3613,0.003044561306393579,29.791032383061168,female,80-84,104,0.010628513030148185,3.235915951608913e-05,0.00011322114147496269,1.2033723774548921e-06
2012,E02002820,E06000015,9785,97155,11,3613,0.003044561306393579,29.791032383061168,male,80-84,85,0.008686765457332652,2.6447389989111313e-05,0.00011322114147496269,9.835255008044792e-07
2012,E02002801,E06000015,7589,97155,9,2732,0.003294289897510981,25.000366032210835,female,80-84,112,0.014758202661747266,4.861779793401369e-05,9.263547938860583e-05,1.3671331784851566e-06
2012,E02002801,E06000015,7589,97155,9,2732,0.003294289897510981,25.000366032210835,male,80-84,83,0.010936882329687706,3.602926096895657e-05,9.263547938860583e-05,1.013143337627393e-06
2012,E02002816,E06000015,9479,97155,9,2797,0.0032177332856632105,30.50089381480157,female,80-84,82,0.008650701550796497,2.7835650324336242e-05,9.263547938860583e-05,8.013618852057895e-07
2012,E02002816,E06000015,9479,97155,9,2797,0.0032177332856632105,30.50089381480157,male,80-84,66,0.006962759784787425,2.240430391958771e-05,9.263547938860583e-05,6.449985905314891e-07
2012,E02002803,E06000015,7912,97155,8,2208,0.0036231884057971015,28.666666666666668,female,80-84,62,0.007836198179979777,2.8392022391231076e-05,8.234264834542741e-05,6.452533110991531e-07
2012,E02002803,E06000015,7912,97155,8,2208,0.0036231884057971015,28.666666666666668,male,80-84,37,0.00467644084934277,1.6943626265734675e-05,8.234264834542741e-05,3.850705243656236e-07
2012,E02004084,E07000036,6139,97155,8,2240,0.0035714285714285713,21.925,female,80-84,165,0.02687734158657762,9.599050566634863e-05,8.234264834542741e-05,2.213151486723493e-06
2012,E02004084,E07000036,6139,97155,8,2240,0.0035714285714285713,21.925,male,80-84,83,0.013520117282945105,4.8286133153375375e-05,8.234264834542741e-05,1.1132822630184843e-06
2012,E02002825,E06000015,8582,97155,8,3211,0.002491435689816257,21.381501090003116,female,80-84,150,0.017478443253320906,4.354641732375187e-05,8.234264834542741e-05,1.4392213064337117e-06
2012,E02002825,E06000015,8582,97155,8,3211,0.002491435689816257,21.381501090003116,male,80-84,114,0.013283616872523888,3.309527716605142e-05,8.234264834542741e-05,1.0938081928896208e-06
2012,E02004083,E07000036,7917,97155,8,2488,0.003215434083601286,25.456591639871384,female,80-84,93,0.011746873815839333,3.777129844321329e-05,8.234264834542741e-05,9.672686997757673e-07
2012,E02004083,E07000036,7917,97155,8,2488,0.003215434083601286,25.456591639871384,male,80-84,64,0.00808387015283567,2.599315161683495e-05,8.234264834542741e-05,6.656472772650441e-07
2012,E02006872,E07000037,12346,97155,354,4893,0.07234825260576333,893.2115266707541,female,85-89,140,0.01133970516766564,0.0008204078539451535,0.003643662189285163,4.131805495706486e-05
2012,E02006872,E07000037,12346,97155,354,4893,0.07234825260576333,893.2115266707541,male,85-89,80,0.0064798315243803665,0.0004688044879686592,0.003643662189285163,2.361031711832278e-05
2012,E02004103,E07000037,7137,97155,89,3114,0.028580603725112397,203.97976878612718,female,85-89,57,0.007986548970155528,0.00022826039124721967,0.0009160619628428799,7.316173725941454e-06
2012,E02004103,E07000037,7137,97155,89,3114,0.028580603725112397,203.97976878612718,male,85-89,35,0.00490402129746392,0.00014015988936232784,0.0009160619628428799,4.492387375578086e-06
2012,E02004097,E07000037,7704,97155,29,2762,0.010499637943519189,80.88921071687183,female,85-89,32,0.004153686396677051,4.361220329602986e-05,0.0002984921002521744,1.239842576333019e-06
2012,E02004097,E07000037,7704,97155,29,2762,0.010499637943519189,80.88921071687183,male,85-89,29,0.003764278296988577,3.952355923702706e-05,0.0002984921002521744,1.1236073348017987e-06
2012,E02004102,E07000037,8625,97155,96,3736,0.02569593147751606,221.627408993576,female,85-89,143,0.016579710144927536,0.00042603109580113585,0.000988111780145129,1.63826069055946e-05
2012,E02004102,E07000037,8625,97155,96,3736,0.02569593147751606,221.627408993576,male,85-89,61,0.007072463768115942,0.00018173354436272227,0.000988111780145129,6.988384763924969e-06
2012,E02004098,E07000037,7341,97155,47,3145,0.014944356120826709,109.70651828298887,female,85-89,59,0.008037052172728511,0.00012010856983091892,0.00048376305902938604,3.888028944657918e-06
2012,E02004098,E07000037,7341,97155,47,3145,0.014944356120826709,109.70651828298887,male,85-89,43,0.005857512600463152,8.753675428355108e-05,0.00048376305902938604,2.8336482139032282e-06
2012,E02004104,E07000037,7167,97155,84,2895,0.029015544041450778,207.95440414507772,female,85-89,51,0.007115948095437421,0.00020647310535984228,0.0008645978076269878,6.152433122502634e-06
2012,E02004104,E07000037,7167,97155,84,2895,0.029015544041450778,207.95440414507772,male,85-89,34,0.004743965396958281,0.00013764873690656152,0.0008645978076269878,4.101622081668422e-06
2012,E02004100,E07000037,7641,97155,54,3050,0.017704918032786884,135.28327868852458,female,85-89,69,0.009030231645072634,0.00015987951109308924,0.000555812876331635,5.019119024588773e-06
2012,E02004100,E07000037,7641,97155,54,3050,0.017704918032786884,135.28327868852458,male,85-89,53,0.006936264886794922,0.0001228060012744019,0.000555812876331635,3.855265337727608e-06
2012,E02004068,E07000035,7531,97155,1163,2634,0.4415337889141989,3325.190964312832,female,85-89,84,0.011153897224804143,0.004924822502827342,0.011970562503216509,0.00013351842388397117
2012,E02004068,E07000035,7531,97155,1163,2634,0.4415337889141989,3325.190964312832,male,85-89,46,0.006108086575487983,0.0026969266086911635,0.011970562503216509,7.311723212693658e-05
2012,E02006210,E07000198,5452,97155,24,1854,0.012944983818770227,70.57605177993528,female,85-89,51,0.009354365370506237,0.0001210921083560678,0.0002470279450362822,2.3107896545947166e-06
2012,E02006210,E07000198,5452,97155,24,1854,0.012944983818770227,70.57605177993528,male,85-89,32,0.00586940572267058,7.597936210576803e-05,0.0002470279450362822,1.4499072342555084e-06
2012,E02006204,E07000198,7282,97155,11,2851,0.003858295334970186,28.096106629252894,female,85-89,86,0.01180994232353749,4.556624537317166e-05,0.00011322114147496269,1.337135150624388e-06
2012,E02006204,E07000198,7282,97155,11,2851,0.003858295334970186,28.096106629252894,male,85-89,62,0.008514144465806098,3.28500838736819e-05,0.00011322114147496269,9.63981155101303e-07
2012,E02004070,E07000035,6373,97155,1527,2452,0.6227569331158238,3968.829934747145,female,85-89,148,0.023222971912756945,0.014462266766223432,0.015717153002933457,0.0003649990027356271
2012,E02004070,E07000035,6373,97155,1527,2452,0.6227569331158238,3968.829934747145,male,85-89,61,0.009571630315393065,0.0059607991401326305,0.015717153002933457,0.00015043877815454902
2012,E02006803,E08000019,8747,97155,441,3080,0.1431818181818182,1252.4113636363636,female,85-89,47,0.0053732708357151025,0.0007693546878410261,0.004539138490041686,2.4390020467812878e-05
2012,E02006803,E08000019,8747,97155,441,3080,0.1431818181818182,1252.4113636363636,male,85-89,44,0.005030296101520521,0.0007202469418086201,0.004539138490041686,2.283321065071844e-05
2012,E02006869,E08000019,11118,97155,31,4236,0.007318224740321058,81.36402266288952,female,85-89,174,0.015650296815974095,0.00011453238935202949,0.0003190777623385312,4.993661687974853e-06
2012,E02006869,E08000019,11118,97155,31,4236,0.007318224740321058,81.36402266288952,male,85-89,82,0.007375427235114229,5.3975034062450686e-05,0.0003190777623385312,2.3533348184709083e-06
2012,E02006868,E08000019,12500,97155,11,4482,0.0024542614904060687,30.67826863007586,female,85-89,63,0.00504,1.2369477911646587e-05,0.00011322114147496269,5.70634553033812e-07
2012,E02006868,E08000019,12500,97155,11,4482,0.0024542614904060687,30.67826863007586,male,85-89,38,0.00304,7.4609549308344494e-06,0.00011322114147496269,3.441922700838866e-07
2012,E02004105,E07000038,9450,97155,1852,3263,0.5675758504443763,5363.591786699356,female,85-89,72,0.007619047619047619,0.004324387431957153,0.019062323091966444,0.0001452367473673634
2012,E02004105,E07000038,9450,97155,1852,3263,0.5675758504443763,5363.591786699356,male,85-89,30,0.0031746031746031746,0.0018018280966488136,0.019062323091966444,6.051531140306808e-05
2012,E02001634,E08000019,9260,97155,11,3128,0.003516624040920716,32.56393861892583,female,85-89,75,0.008099352051835854,2.8482376141366493e-05,0.00011322114147496269,9.170178845164366e-07
2012,E02001634,E08000019,9260,97155,11,3128,0.003516624040920716,32.56393861892583,male,85-89,39,0.004211663066954643,1.4810835593510573e-05,0.00011322114147496269,4.768492999485469e-07
2012,E02001669,E08000019,7690,97155,45,2629,0.017116774438950173,131.62799543552683,female,85-89,54,0.007022106631989597,0.00012019581530602202,0.0004631773969430292,3.252481070861323e-06
2012,E02001669,E08000019,7690,97155,45,2629,0.017116774438950173,131.62799543552683,male,85-89,35,0.004551365409622887,7.790469510575501e-05,0.0004631773969430292,2.1080895829656725e-06
2012,E02001660,E08000019,9889,97155,23,3458,0.006651243493348756,65.77414690572586,female,85-89,85,0.00859540904034786,5.7170158452284784e-05,0.0002367351139931038,2.0348351389841055e-06
2012,E02001660,E08000019,9889,97155,23,3458,0.006651243493348756,65.77414690572586,male,85-89,36,0.0036404085347355648,2.4213243579791204e-05,0.0002367351139931038,8.618125294520918e-07
2012,E02001653,E08000019,7439,97155,9,2991,0.003009027081243731,22.384152457372114,female,85-89,40,0.005377066810055115,1.617973964911268e-05,9.263547938860583e-05,4.981071616540171e-07
2012,E02001653,E08000019,7439,97155,9,2991,0.003009027081243731,22.384152457372114,male,85-89,28,0.0037639467670385804,1.1325817754378877e-05,9.263547938860583e-05,3.4867501315781196e-07
2012,E02001662,E08000019,7588,97155,15,3172,0.004728877679697352,35.8827238335435,female,85-89,141,0.018581971534001054,8.787187043190914e-05,0.0001543924656476764,2.8689164017293583e-06
2012,E02001662,E08000019,7588,97155,15,3172,0.004728877679697352,35.8827238335435,male,85-89,72,0.009488666315234581,4.487074234820893e-05,0.0001543924656476764,1.4649785881171192e-06
2012,E02001655,E08000019,7681,97155,14,3228,0.004337050805452293,33.31288723667906,female,85-89,81,0.01054550188777503,4.573637745627337e-05,0.00014409963460449796,1.519602968749425e-06
2012,E02001655,E08000019,7681,97155,14,3228,0.004337050805452293,33.31288723667906,male,85-89,36,0.004686889727900013,2.0327278869454832e-05,0.00014409963460449796,6.753790972219668e-07
2012,E02001650,E08000019,9415,97155,10,2336,0.004280821917808219,40.30393835616438,female,85-89,42,0.0044609665427509295,1.9096603350817334e-05,0.00010292831043178426,4.5915974913807106e-07
2012,E02001650,E08000019,9415,97155,10,2336,0.004280821917808219,40.30393835616438,male,85-89,25,0.0026553372278279343,1.1367025804057938e-05,0.00010292831043178426,2.733093744869471e-07
2012,E02001627,E08000019,6085,97155,8,2236,0.0035778175313059034,21.77101967799642,female,85-89,30,0.0049301561216105174,1.7639199003973228e-05,8.234264834542741e-05,4.059621118098311e-07
2012,E02001627,E08000019,6085,97155,8,2236,0.0035778175313059034,21.77101967799642,male,85-89,19,0.0031224322103533277,1.1171492702516378e-05,8.234264834542741e-05,2.571093374795597e-07
2012,E02001656,E08000019,7888,97155,17,2300,0.007391304347826087,58.302608695652175,female,85-89,58,0.007352941176470588,5.4347826086956524e-05,0.00017497812773403323,1.2866038803973031e-06
2012,E02001656,E08000019,7888,97155,17,2300,0.007391304347826087,58.302608695652175,male,85-89,22,0.002789046653144016,2.0614692653673163e-05,0.00017497812773403323,4.880221615300115e-07
2012,E02001666,E08000019,6153,97155,17,2708,0.006277695716395864,38.62666174298375,female,85-89,58,0.009426296115715911,5.9175418747108754e-05,0.00017497812773403323,1.6493956457945601e-06
2012,E02001666,E08000019,6153,97155,17,2708,0.006277695716395864,38.62666174298375,male,85-89,21,0.0034129692832764505,2.1425582649815238e-05,0.00017497812773403323,5.971949752014786e-07
2012,E02001678,E08000019,10006,97155,92,3559,0.025849957853329587,258.65467828041585,female,85-89,159,0.01589046572056766,0.0004107678691464526,0.0009469404559724152,1.5047324855048372e-05
2012,E02001678,E08000019,10006,97155,92,3559,0.025849957853329587,258.65467828041585,male,85-89,93,0.009294423345992404,0.00024026045176490623,0.0009469404559724152,8.801265481254707e-06
2012,E02001680,E08000019,6098,97155,251,2873,0.08736512356421859,532.7525234946049,female,85-89,77,0.012627090849458839,0.0011031673523195853,0.002583500591837785,3.262209668276639e-05
2012,E02001680,E08000019,6098,97155,251,2873,0.08736512356421859,532.7525234946049,male,85-89,44,0.007215480485405051,0.0006303813441826202,0.002583500591837785,1.8641198104437937e-05
2012,E02001642,E08000019,9800,97155,8,3907,0.002047606859482979,20.066547222933195,female,85-89,98,0.01,2.0476068594829793e-05,8.234264834542741e-05,8.234264834542741e-07
2012,E02001642,E08000019,9800,97155,8,3907,0.002047606859482979,20.066547222933195,male,85-89,43,0.004387755102040816,8.984397444670213e-06,8.234264834542741e-05,3.612993753932019e-07
2012,E02001665,E08000019,9466,97155,44,3159,0.013928458372902817,131.84678695789808,female,85-89,126,0.01331079653496725,0.0001853988754474704,0.00045288456589985077,6.028254310519881e-06
2012,E02001665,E08000019,9466,97155,44,3159,0.013928458372902817,131.84678695789808,male,85-89,80,0.008451299387280795,0.00011771357171267964,0.00045288456589985077,3.827463054298338e-06
2012,E02001664,E08000019,6233,97155,26,2407,0.01080182800166182,67.32779393435813,female,85-89,64,0.010267928766244184,0.00011091240046628532,0.0002676136071226391,2.747837454812915e-06
2012,E02001664,E08000019,6233,97155,26,2407,0.01080182800166182,67.32779393435813,male,85-89,36,0.0057757099310123535,6.23882252622855e-05,0.0002676136071226391,1.545658568332265e-06
2012,E02001659,E08000019,6120,97155,10,2607,0.0038358266206367474,23.475258918296895,female,85-89,80,0.013071895424836602,5.014152445276794e-05,0.00010292831043178426,1.345468110219402e-06
2012,E02001659,E08000019,6120,97155,10,2607,0.0038358266206367474,23.475258918296895,male,85-89,50,0.008169934640522876,3.1338452782979964e-05,0.00010292831043178426,8.409175688871264e-07
2012,E02001636,E08000019,9739,97155,8,3457,0.0023141452126120912,22.537460225629157,female,85-89,51,0.005236677276927816,1.2118431650397027e-05,8.234264834542741e-05,4.3120187551255755e-07
2012,E02001636,E08000019,9739,97155,8,3457,0.0023141452126120912,22.537460225629157,male,85-89,39,0.004004517917650683,9.267035967950668e-06,8.234264834542741e-05,3.297426106860734e-07
2012,E02001679,E08000019,6324,97155,179,2654,0.06744536548605878,426.5244913338357,female,85-89,84,0.013282732447817837,0.0008958587445966062,0.0018424167567289383,2.447232883700677e-05
2012,E02001679,E08000019,6324,97155,179,2654,0.06744536548605878,426.5244913338357,male,85-89,50,0.007906388361796331,0.0005332492527360751,0.0018424167567289383,1.456686240298022e-05
2012,E02001681,E08000019,7453,97155,157,2675,0.05869158878504673,437.4284112149533,female,85-89,98,0.013149067489601502,0.0007717396620065181,0.0016159744737790128,2.1248557417193512e-05
2012,E02001681,E08000019,7453,97155,157,2675,0.05869158878504673,437.4284112149533,male,85-89,56,0.007513752851200858,0.0004409940925751532,0.0016159744737790128,1.2142032809824864e-05
2012,E02001657,E08000019,8992,97155,11,2789,0.003944065973467192,35.465041233417,female,85-89,64,0.0071174377224199285,2.807164393926827e-05,0.00011322114147496269,8.05844423309343e-07
2012,E02001657,E08000019,8992,97155,11,2789,0.003944065973467192,35.465041233417,male,85-89,36,0.00400355871886121,1.5790299715838404e-05,0.00011322114147496269,4.5328748811150543e-07
2012,E02001671,E08000019,5902,97155,28,2247,0.012461059190031152,73.54517133956386,female,85-89,58,0.009827177228058285,0.00012245703710976057,0.0002881992692089959,2.832185295513684e-06
2012,E02001671,E08000019,5902,97155,28,2247,0.012461059190031152,73.54517133956386,male,85-89,44,0.007455099966113182,9.28984419453356e-05,0.0002881992692089959,2.1485543621138293e-06
2012,E02001652,E08000019,12526,97155,8,2986,0.0026791694574681848,33.55927662424648,female,85-89,30,0.0023950183618074404,6.4166600450299804e-06,8.234264834542741e-05,1.972121547471517e-07
2012,E02001652,E08000019,12526,97155,8,2986,0.0026791694574681848,33.55927662424648,male,85-89,21,0.0016765128532652083,4.491662031520987e-06,8.234264834542741e-05,1.380485083230062e-07
2012,E02001673,E08000019,5543,97155,43,1955,0.021994884910485932,121.91764705882352,female,85-89,28,0.0050514162006133866,0.00011110531796745556,0.0004425917348566723,2.235715059712579e-06
2012,E02001673,E08000019,5543,97155,43,1955,0.021994884910485932,121.91764705882352,male,85-89,17,0.003066931264658127,6.745680019452658e-05,0.0004425917348566723,1.3573984291112085e-06
2012,E02001661,E08000019,7877,97155,14,3256,0.0042997542997543,33.86916461916462,female,85-89,82,0.01041005458931065,4.476067698106545e-05,0.00014409963460449796,1.5000850625325418e-06
2012,E02001661,E08000019,7877,97155,14,3256,0.0042997542997543,33.86916461916462,male,85-89,39,0.004951123524184334,2.128861466172625e-05,0.00014409963460449796,7.134550907166968e-07
2012,E02001649,E08000019,9557,97155,9,4107,0.002191380569758948,20.943024105186268,female,85-89,78,0.0081615569739458,1.7885077371685463e-05,9.263547938860583e-05,7.560497428388883e-07
2012,E02001649,E08000019,9557,97155,9,4107,0.002191380569758948,20.943024105186268,male,85-89,30,0.003139060374594538,6.878875912186716e-06,9.263547938860583e-05,2.9078836263034166e-07
2012,E02001676,E08000019,5995,97155,109,2168,0.050276752767527674,301.4091328413284,female,85-89,81,0.013511259382819015,0.0006793022475679301,0.0011219185837064484,1.5158532990862772e-05
2012,E02001676,E08000019,5995,97155,109,2168,0.050276752767527674,301.4091328413284,male,85-89,46,0.007673060884070058,0.00038577658503857764,0.0011219185837064484,8.608549599749228e-06
2012,E02001651,E08000019,8119,97155,13,2920,0.004452054794520548,36.146232876712325,female,85-89,78,0.009607094469762286,4.2771310995517026e-05,0.00013380680356131955,1.2854946025105217e-06
2012,E02001651,E08000019,8119,97155,13,2920,0.004452054794520548,36.146232876712325,male,85-89,72,0.008868087202857495,3.948121014970802e-05,0.00013380680356131955,1.1866104023174045e-06
2012,E02001674,E08000019,8647,97155,130,3282,0.039609993906154786,342.50761730652044,female,85-89,142,0.016421880420955246,0.0006504705834016399,0.0013380680356131953,2.197359327594238e-05
2012,E02001674,E08000019,8647,97155,130,3282,0.039609993906154786,342.50761730652044,male,85-89,76,0.008789175436567596,0.0003481391854825678,0.0013380680356131953,1.1760514711067752e-05
2012,E02001618,E08000019,9708,97155,8,3293,0.0024293956878226543,23.584573337382327,female,85-89,61,0.0062834775442933664,1.5265053250636787e-05,8.234264834542741e-05,5.173981818161385e-07
2012,E02001618,E08000019,9708,97155,8,3293,0.0024293956878226543,23.584573337382327,male,85-89,47,0.0048413679439637414,1.1761598406228344e-05,8.234264834542741e-05,3.9865105812063127e-07
2012,E02001672,E08000019,6175,97155,39,2203,0.017703132092601,109.31684067181118,female,85-89,108,0.01748987854251012,0.00030962563012160453,0.0004014204106839586,7.0207942273469685e-06
2012,E02001672,E08000019,6175,97155,39,2203,0.017703132092601,109.31684067181118,male,85-89,63,0.010202429149797571,0.0001806149509042693,0.0004014204106839586,4.095463299285731e-06
2012,E02001675,E08000019,9063,97155,141,3730,0.03780160857908847,342.59597855227884,female,85-89,92,0.010151164073706278,0.0003837303309363499,0.001451289177088158,1.4732274555016059e-05
2012,E02001675,E08000019,9063,97155,141,3730,0.03780160857908847,342.59597855227884,male,85-89,49,0.005406598256647909,0.00020437811104218636,0.001451289177088158,7.846537534736814e-06
2012,E02001670,E08000019,6002,97155,19,2500,0.0076,45.6152,female,85-89,72,0.011996001332889037,9.116961012995668e-05,0.0001955637898203901,2.345983483350231e-06
2012,E02001670,E08000019,6002,97155,19,2500,0.0076,45.6152,male,85-89,43,0.00716427857380873,5.444851716094635e-05,0.0001955637898203901,1.4010734692230547e-06
2012,E02001639,E08000019,6154,97155,8,2044,0.003913894324853229,24.08610567514677,female,85-89,61,0.009912252193695157,3.879550760741744e-05,8.234264834542741e-05,8.162010966966317e-07
2012,E02001639,E08000019,6154,97155,8,2044,0.003913894324853229,24.08610567514677,male,85-89,39,0.006337341566460838,2.4803685191627543e-05,8.234264834542741e-05,5.218334880519449e-07
2012,E02001663,E08000019,7671,97155,36,2525,0.014257425742574258,109.36871287128713,female,85-89,42,0.005475166210402816,7.806177567306985e-05,0.00037054191755442334,2.0287785865318448e-06
2012,E02001663,E08000019,7671,97155,36,2525,0.014257425742574258,109.36871287128713,male,85-89,33,0.004301916308173641,6.133425231455489e-05,0.00037054191755442334,1.5940403179893067e-06
2012,E02005888,E07000174,8284,97155,13,3488,0.0037270642201834864,30.875,female,85-89,72,0.008691453404152583,3.2393605004009056e-05,0.00013380680356131955,1.1629755983118067e-06
2012,E02005888,E07000174,8284,97155,13,3488,0.0037270642201834864,30.875,male,85-89,30,0.0036214389183969096,1.3497335418337107e-05,0.00013380680356131955,4.845731659632528e-07
2012,E02005887,E07000174,9349,97155,23,4120,0.00558252427184466,52.19101941747572,female,85-89,106,0.011338111027917425,6.329528001021863e-05,0.0002367351139931038,2.6841290066604988e-06
2012,E02005887,E07000174,9349,97155,23,4120,0.00558252427184466,52.19101941747572,male,85-89,54,0.005776018825542839,3.224476528822458e-05,0.0002367351139931038,1.3673864750911975e-06
2012,E02005880,E07000174,6267,97155,70,2630,0.026615969581749048,166.8022813688213,female,85-89,52,0.00829743098771342,0.00022084417077564234,0.0007204981730224899,5.978283867427712e-06
2012,E02005880,E07000174,6267,97155,70,2630,0.026615969581749048,166.8022813688213,male,85-89,27,0.00430828147438966,0.00011466908867196813,0.0007204981730224899,3.104108931164389e-06
2012,E02005824,E07000170,9785,97155,37,3726,0.009930220075147612,97.16720343531938,female,85-89,48,0.004905467552376086,4.871237236659023e-05,0.00038083474859760175,1.8681725020628394e-06
2012,E02005824,E07000170,9785,97155,37,3726,0.009930220075147612,97.16720343531938,male,85-89,39,0.00398569238630557,3.957880254785456e-05,0.00038083474859760175,1.5178901579260572e-06
2012,E02005819,E07000170,6111,97155,44,2362,0.018628281117696866,113.83742591024554,female,85-89,32,0.005236458844706267,9.75462274204385e-05,0.00045288456589985077,2.3715113907372317e-06
2012,E02005819,E07000170,6111,97155,44,2362,0.018628281117696866,113.83742591024554,male,85-89,29,0.0047455408280150544,8.840126859977238e-05,0.00045288456589985077,2.149182197855616e-06
2012,E02005891,E07000174,6437,97155,13,2886,0.0045045045045045045,28.995495495495494,female,85-89,48,0.007456889855522759,3.358959394379621e-05,0.00013380680356131955,9.977825960763303e-07
2012,E02005891,E07000174,6437,97155,13,2886,0.0045045045045045045,28.995495495495494,male,85-89,33,0.005126611775671897,2.3092845836359895e-05,0.00013380680356131955,6.859755348024772e-07
2012,E02005825,E07000170,8073,97155,18,3312,0.005434782608695652,43.875,female,85-89,62,0.007679920723398985,4.173869958369013e-05,0.00018527095877721167,1.422866275757107e-06
2012,E02005825,E07000170,8073,97155,18,3312,0.005434782608695652,43.875,male,85-89,37,0.004583178496221974,2.4908578783815077e-05,0.00018527095877721167,8.491298742421444e-07
2012,E02004029,E07000032,6402,97155,379,2746,0.13801893663510562,883.5972323379461,female,85-89,70,0.010934083099031553,0.0015091105224082151,0.0039009829653646236,4.265367191120332e-05
2012,E02004029,E07000032,6402,97155,379,2746,0.13801893663510562,883.5972323379461,male,85-89,50,0.007810059356451109,0.0010779360874344395,0.0039009829653646236,3.0466908508002372e-05
2012,E02004054,E07000033,8677,97155,295,3267,0.09029690847872666,783.5062748699113,female,85-89,76,0.008758787599400715,0.0007908914422476924,0.003036385157737636,2.659505266659679e-05
2012,E02004054,E07000033,8677,97155,295,3267,0.09029690847872666,783.5062748699113,male,85-89,35,0.00403365218393454,0.0003642263220877531,0.003036385157737636,1.2247721622774837e-05
2012,E02004050,E07000033,7057,97155,1059,3002,0.35276482345103266,2489.4613590939375,female,85-89,83,0.011761371687685986,0.004148998206948521,0.010900108074725953,0.00012820022250279922
2012,E02004050,E07000033,7057,97155,1059,3002,0.35276482345103266,2489.4613590939375,male,85-89,37,0.005243021113787729,0.0018495534175553647,0.010900108074725953,5.714949677835628e-05
2012,E02004051,E07000033,9152,97155,1124,3894,0.2886492039034412,2641.7175141242938,female,85-89,80,0.008741258741258742,0.0025231573767783323,0.01156914209253255,0.00010112886444521461
2012,E02004051,E07000033,9152,97155,1124,3894,0.2886492039034412,2641.7175141242938,male,85-89,46,0.005026223776223776,0.0014508154916475409,0.01156914209253255,5.814909705599839e-05
2012,E02004049,E07000033,7821,97155,2582,3223,0.801116971765436,6265.535836177474,female,85-89,113,0.014448280271065081,0.011574762537973949,0.026576089753486697,0.0003839787932673567
2012,E02004049,E07000033,7821,97155,2582,3223,0.801116971765436,6265.535836177474,male,85-89,43,0.005498018156246004,0.004404555656043184,0.026576089753486697,0.00014611582398669327
2012,E02004117,E07000038,7364,97155,2215,2973,0.7450386814665321,5486.464850319542,female,85-89,73,0.009913090711569799,0.007385636033006089,0.022798620760640213,0.00022600479569890488
2012,E02004117,E07000038,7364,97155,2215,2973,0.7450386814665321,5486.464850319542,male,85-89,44,0.005975013579576317,0.004451616239072163,0.022798620760640213,0.0001362220686404358
2012,E02004112,E07000038,6508,97155,2022,2401,0.8421491045397751,5480.706372344856,female,85-89,99,0.015212046711739398,0.012810811516508565,0.020812104369306778,0.00031659470383549034
2012,E02004112,E07000038,6508,97155,2022,2401,0.8421491045397751,5480.706372344856,male,85-89,76,0.011677934849416103,0.009834562376309605,0.020812104369306778,0.00024304239890401275
2012,E02004052,E07000033,7869,97155,1852,3077,0.601884952876178,4736.232694182645,female,85-89,86,0.01092896174863388,0.0065779776270620555,0.019062323091966444,0.00020833139991220157
2012,E02004052,E07000033,7869,97155,1852,3077,0.601884952876178,4736.232694182645,male,85-89,45,0.0057186427754479605,0.0034419650374161916,0.019062323091966444,0.00010901061623312874
2012,E02004061,E07000034,7216,97155,2534,2904,0.8725895316804407,6296.60606060606,female,85-89,81,0.011225055432372505,0.009794865862820912,0.026082033863414133,0.00029277227590584045
2012,E02004061,E07000034,7216,97155,2534,2904,0.8725895316804407,6296.60606060606,male,85-89,39,0.0054046563192904655,0.0047160465265434015,0.026082033863414133,0.0001409644291398491
2012,E02004111,E07000038,5498,97155,1933,2254,0.857586512866016,4715.010647737356,female,85-89,39,0.007093488541287741,0.006083280102177996,0.019896042406463896,0.00014113234882722663
2012,E02004111,E07000038,5498,97155,1933,2254,0.857586512866016,4715.010647737356,male,85-89,20,0.0036376864314296106,0.003119630821629741,0.019896042406463896,7.237556350114185e-05
2012,E02004062,E07000034,7987,97155,2706,3135,0.8631578947368421,6894.042105263158,female,85-89,103,0.012895955928383624,0.011131246169762707,0.02785240080284082,0.0003591833332531119
2012,E02004062,E07000034,7987,97155,2706,3135,0.8631578947368421,6894.042105263158,male,85-89,68,0.008513834981845499,0.007348783879066641,0.02785240080284082,0.00023713074428360784
2012,E02004048,E07000033,6835,97155,2283,2771,0.8238902923132443,5631.290147961025,female,85-89,51,0.007461594732991953,0.006147535465687704,0.023498533271576347,0.00017533653209223022
2012,E02004048,E07000033,6835,97155,2283,2771,0.8238902923132443,5631.290147961025,male,85-89,23,0.003365032918800293,0.002772417955114063,0.023498533271576347,7.907333800237834e-05
2012,E02004114,E07000038,7226,97155,2342,2813,0.8325630998933523,6016.100959829364,female,85-89,80,0.011071132023249377,0.009217415996605064,0.024105810303123875,0.0002668786083932895
2012,E02004114,E07000038,7226,97155,2342,2813,0.8325630998933523,6016.100959829364,male,85-89,61,0.00844173816772765,0.0070282796974113606,0.024105810303123875,0.00020349493889988324
2012,E02004059,E07000034,7158,97155,2641,3075,0.8588617886178862,6147.7326829268295,female,85-89,102,0.014249790444258172,0.012238600508385636,0.027183366785034222,0.00038735728025614567
2012,E02004059,E07000034,7158,97155,2641,3075,0.8588617886178862,6147.7326829268295,male,85-89,49,0.006845487566359318,0.005879327695204864,0.027183366785034222,0.00018608339933873664
2012,E02004073,E07000035,9138,97155,2604,3611,0.7211298809194129,6589.6848518415945,female,85-89,103,0.011271613044429854,0.0081282969724994,0.02680253203643662,0.00030210776972564805
2012,E02004073,E07000035,9138,97155,2604,3611,0.7211298809194129,6589.6848518415945,male,85-89,60,0.006565988181221274,0.00473493027524237,0.02680253203643662,0.00017598510857804744
2012,E02004063,E07000034,7940,97155,2649,3057,0.8665358194308145,6880.294406280667,female,85-89,99,0.012468513853904283,0.01080441386947741,0.02726570943337965,0.0003399628758066229
2012,E02004063,E07000034,7940,97155,2649,3057,0.8665358194308145,6880.294406280667,male,85-89,61,0.007682619647355163,0.006657265111496181,0.02726570943337965,0.00020947207499195952
2012,E02004072,E07000035,8613,97155,2654,3330,0.796996996996997,6864.5351351351355,female,85-89,95,0.011029838616045513,0.008790748254349787,0.027317173588595544,0.0003013040161287097
2012,E02004072,E07000035,8613,97155,2654,3330,0.796996996996997,6864.5351351351355,male,85-89,55,0.006385696040868455,0.005089380568307772,0.027317173588595544,0.0001744391672324109
2012,E02004046,E07000033,6301,97155,1091,2510,0.4346613545816733,2738.8011952191237,female,85-89,61,0.009681003015394382,0.004207957884380586,0.011229478668107662,0.00010871261684725718
2012,E02004046,E07000033,6301,97155,1091,2510,0.4346613545816733,2738.8011952191237,male,85-89,43,0.006824313601015711,0.002966265393907626,0.011229478668107662,7.663348400708292e-05
2012,E02004067,E07000034,6422,97155,2390,2772,0.8621933621933622,5537.005772005772,female,85-89,67,0.010432886951105575,0.00899516587775697,0.02459986619319644,0.00025664762300594234
2012,E02004067,E07000034,6422,97155,2390,2772,0.8621933621933622,5537.005772005772,male,85-89,28,0.004360012457178449,0.003759173799659629,0.02459986619319644,0.00010725572304725946
2012,E02004065,E07000034,8352,97155,2549,3047,0.8365605513619954,6986.953724975385,female,85-89,133,0.015924329501915708,0.013321665868192693,0.02623642632906181,0.000417797497816717
2012,E02004065,E07000034,8352,97155,2549,3047,0.8365605513619954,6986.953724975385,male,85-89,63,0.007543103448275862,0.006310262779670224,0.02623642632906181,0.00019790407791318176
2012,E02004071,E07000035,5146,97155,1549,1961,0.7899031106578276,4064.8414074451807,female,85-89,72,0.013991449669646328,0.011051889616666068,0.01594359528588338,0.00022307401099564778
2012,E02004071,E07000035,5146,97155,1549,1961,0.7899031106578276,4064.8414074451807,male,85-89,46,0.008938981733385153,0.007060929477314432,0.01594359528588338,0.00014251950702499718
2012,E02004064,E07000034,8842,97155,3131,3617,0.8656345037323749,7653.940282001659,female,85-89,80,0.009047726758651889,0.007832024462631757,0.03222685399619165,0.00029157976924851074
2012,E02004064,E07000034,8842,97155,3131,3617,0.8656345037323749,7653.940282001659,male,85-89,47,0.005315539470707985,0.004601314371796158,0.03222685399619165,0.00017130311443350007
2012,E02004055,E07000034,7186,97155,2530,2997,0.8441775108441775,6066.259592926259,female,85-89,98,0.013637628722516002,0.01151257946879062,0.026040862539241417,0.0003551356149242497
2012,E02004055,E07000034,7186,97155,2530,2997,0.8441775108441775,6066.259592926259,male,85-89,58,0.008071249652101308,0.006813567440712816,0.026040862539241417,0.00021018230271027026
2012,E02004057,E07000034,7721,97155,2725,3172,0.8590794451450189,6632.95239596469,female,85-89,38,0.004921642274316798,0.0042280817142223434,0.02804796459266121,0.00013804204824778213
2012,E02004057,E07000034,7721,97155,2725,3172,0.8590794451450189,6632.95239596469,male,85-89,32,0.004144540862582567,0.00356048986460829,0.02804796459266121,0.0001162459353665534
2012,E02005847,E07000171,6740,97155,22,2812,0.007823613086770981,52.73115220483641,female,85-89,68,0.010089020771513354,7.893259494071614e-05,0.00022644228294992538,2.2845808962307016e-06
2012,E02005847,E07000171,6740,97155,22,2812,0.007823613086770981,52.73115220483641,male,85-89,33,0.0048961424332344215,3.830552401534753e-05,0.00022644228294992538,1.108693670229605e-06
2012,E02004115,E07000038,8980,97155,2819,3379,0.8342704942290619,7491.749038176976,female,85-89,74,0.00824053452115813,0.006874834807678238,0.029015490710719984,0.00023910315285003106
2012,E02004115,E07000038,8980,97155,2819,3379,0.8342704942290619,7491.749038176976,male,85-89,47,0.005233853006681515,0.004366449134606449,0.029015490710719984,0.00015186281329664135
2012,E02005848,E07000171,6722,97155,116,2708,0.04283604135893648,287.94387001477105,female,85-89,53,0.00788455816721214,0.0003377432597476397,0.0011939684010086975,9.413913307566346e-06
2012,E02005848,E07000171,6722,97155,116,2708,0.04283604135893648,287.94387001477105,male,85-89,42,0.006248140434394526,0.00026764560206416724,0.0011939684010086975,7.46008224373182e-06
2012,E02004066,E07000034,11788,97155,3870,4535,0.8533627342888643,10059.439911797133,female,85-89,130,0.011028164234815067,0.009411024385608447,0.03983325613710051,0.0004392876906873996
2012,E02004066,E07000034,11788,97155,3870,4535,0.8533627342888643,10059.439911797133,male,85-89,76,0.006447234475738039,0.005501829640817245,0.03983325613710051,0.00025681434224801824
2012,E02004110,E07000038,7526,97155,1841,2781,0.6619920891765552,4982.152463142754,female,85-89,44,0.005846399149614669,0.0038702699872134503,0.018949101950491484,0.00011078401352931508
2012,E02004110,E07000038,7526,97155,1841,2781,0.6619920891765552,4982.152463142754,male,85-89,39,0.005182035609885729,0.003430466579575558,0.018949101950491484,9.8194921082802e-05
2012,E02004060,E07000034,7633,97155,2906,3387,0.8579864186595807,6549.010333628579,female,85-89,91,0.011921917987685052,0.010228843717807133,0.029910967011476507,0.000356596095643176
2012,E02004060,E07000034,7633,97155,2906,3387,0.8579864186595807,6549.010333628579,male,85-89,37,0.004847373247740076,0.004158980412734769,0.029910967011476507,0.00014498962130546716
2012,E02006804,E07000038,8215,97155,2323,3176,0.7314231738035264,6008.641372795969,female,85-89,102,0.01241631162507608,0.009081578055746766,0.023910246513303483,0.00029687707174156486
2012,E02006804,E07000038,8215,97155,2323,3176,0.7314231738035264,6008.641372795969,male,85-89,47,0.005721241631162508,0.004184648711961746,0.023910246513303483,0.00013679629776327008
2012,E02001609,E08000018,8379,97155,15,3753,0.003996802557953637,33.489208633093526,female,85-89,71,0.008473564864542309,3.386716572558876e-05,0.0001543924656476764,1.308254572262206e-06
2012,E02001609,E08000018,8379,97155,15,3753,0.003996802557953637,33.489208633093526,male,85-89,49,0.005847953216374269,2.3373114373997877e-05,0.0001543924656476764,9.02879916068283e-07
2012,E02005840,E07000171,9163,97155,27,3537,0.007633587786259542,69.94656488549619,female,85-89,44,0.004801920768307323,3.6655883727536815e-05,0.0002779064381658175,1.3344846970747538e-06
2012,E02005840,E07000171,9163,97155,27,3537,0.007633587786259542,69.94656488549619,male,85-89,28,0.0030557677616501145,2.3326471462977972e-05,0.0002779064381658175,8.492175345021161e-07
2012,E02005842,E07000171,8570,97155,8,3161,0.002530844669408415,21.689338816830116,female,85-89,106,0.012368728121353558,3.130332963328961e-05,8.234264834542741e-05,1.0184738301768152e-06
2012,E02005842,E07000171,8570,97155,8,3161,0.002530844669408415,21.689338816830116,male,85-89,43,0.005017502917152859,1.2698520511617485e-05,8.234264834542741e-05,4.131544782792741e-07
2012,E02004106,E07000038,6998,97155,1667,2703,0.6167221605623382,4315.821679615243,female,85-89,69,0.009859959988568163,0.006080855827207965,0.017158149348978437,0.00016917866605880427
2012,E02004106,E07000038,6998,97155,1667,2703,0.6167221605623382,4315.821679615243,male,85-89,58,0.008288082309231209,0.0051114440286675646,0.017158149348978437,0.00014220815407841518
2012,E02001603,E08000018,6481,97155,11,2853,0.00385559060637925,24.988082719943918,female,85-89,50,0.007714858818083629,2.9745337188545366e-05,0.00011322114147496269,8.7348512170161e-07
2012,E02001603,E08000018,6481,97155,11,2853,0.00385559060637925,24.988082719943918,male,85-89,43,0.006634778583551921,2.5580989982149015e-05,0.00011322114147496269,7.511972046633847e-07
2012,E02006903,E07000171,11081,97155,27,4864,0.005550986842105263,61.51048519736842,female,85-89,146,0.013175706163703636,7.313817155016409e-05,0.0002779064381658175,3.661613570274285e-06
2012,E02006903,E07000171,11081,97155,27,4864,0.005550986842105263,61.51048519736842,male,85-89,83,0.007490298709502753,4.157854957988781e-05,0.0002779064381658175,2.0816022351559293e-06
2012,E02001600,E08000018,10943,97155,12,4915,0.0024415055951169887,26.717395727365208,female,85-89,117,0.01069176642602577,2.6104007550825887e-05,0.0001235139725181411,1.320582544514531e-06
2012,E02001600,E08000018,10943,97155,12,4915,0.0024415055951169887,26.717395727365208,male,85-89,59,0.005391574522525816,1.3163559363236986e-05,0.0001235139725181411,6.659347874047634e-07
2012,E02004108,E07000038,7577,97155,2137,3061,0.6981378634433192,5289.790591310029,female,85-89,103,0.013593770621618055,0.00949032597791499,0.021995779939272295,0.0002990055871380555
2012,E02004108,E07000038,7577,97155,2137,3061,0.6981378634433192,5289.790591310029,male,85-89,64,0.008446614755180151,0.005896901578510285,0.021995779939272295,0.00018578987938675293
2012,E02004116,E07000038,8093,97155,3114,3628,0.8583241455347299,6946.417309812569,female,85-89,87,0.010750030890893365,0.009227011078898,0.03205187586845762,0.000344558655696999
2012,E02004116,E07000038,8093,97155,3114,3628,0.8583241455347299,6946.417309812569,male,85-89,47,0.005807487952551588,0.00498470713457708,0.03205187586845762,0.0001861408829627466
2012,E02004069,E07000035,6731,97155,1423,2306,0.6170858629661752,4153.604943625325,female,85-89,110,0.016342296835537066,0.010084600345606784,0.014646698574442901,0.00023936069576418348
2012,E02004069,E07000035,6731,97155,1423,2306,0.6170858629661752,4153.604943625325,male,85-89,75,0.01114247511513891,0.006875863872004626,0.014646698574442901,0.00016320047438467055
2012,E02004109,E07000038,6688,97155,1567,2568,0.610202492211838,4081.0342679127725,female,85-89,74,0.011064593301435407,0.006751642407846294,0.016128866244660593,0.00017845934541041924
2012,E02004109,E07000038,6688,97155,1567,2568,0.610202492211838,4081.0342679127725,male,85-89,65,0.009718899521531101,0.0059304967095947176,0.016128866244660593,0.00015675483042807095
2012,E02004056,E07000034,7708,97155,3030,3494,0.8672009158557528,6684.384659416142,female,85-89,85,0.011027503892060198,0.009563061474797482,0.03118727806083063,0.0003439178301985734
2012,E02004056,E07000034,7708,97155,3030,3494,0.8672009158557528,6684.384659416142,male,85-89,35,0.00454073689673067,0.003937731195504846,0.03118727806083063,0.00014161322419941258
2012,E02004058,E07000034,7835,97155,3009,3480,0.8646551724137931,6774.573275862069,female,85-89,127,0.016209317166560305,0.014015469929362057,0.030971128608923884,0.0005020208466283768
2012,E02004058,E07000034,7835,97155,3009,3480,0.8646551724137931,6774.573275862069,male,85-89,66,0.008423739629865985,0.007283630042030675,0.030971128608923884,0.0002608927234446683
2012,E02005843,E07000171,6511,97155,23,2673,0.008604564160119716,56.024317246539475,female,85-89,51,0.007832898172323759,6.739867488344425e-05,0.0002367351139931038,1.8543220417214393e-06
2012,E02005843,E07000171,6511,97155,23,2673,0.008604564160119716,56.024317246539475,male,85-89,17,0.0026109660574412533,2.2466224961148086e-05,0.0002367351139931038,6.181073472404799e-07
2012,E02005846,E07000171,6659,97155,12,3337,0.003596044351213665,23.946059334731796,female,85-89,55,0.008259498423186665,2.970152264855858e-05,0.0001235139725181411,1.0201634612551076e-06
2012,E02005846,E07000171,6659,97155,12,3337,0.003596044351213665,23.946059334731796,male,85-89,52,0.007808980327376483,2.8081439595000837e-05,0.0001235139725181411,9.645181815502835e-07
2012,E02001608,E08000018,6925,97155,12,3083,0.003892312682452157,26.954265325981186,female,85-89,59,0.00851985559566787,3.316194198767903e-05,0.0001235139725181411,1.0523212099018521e-06
2012,E02001608,E08000018,6925,97155,12,3083,0.003892312682452157,26.954265325981186,male,85-89,28,0.004043321299638989,1.5737870773813774e-05,0.0001235139725181411,4.994066758856247e-07
2012,E02001610,E08000018,8312,97155,39,3825,0.01019607843137255,84.74980392156863,female,85-89,79,0.009504331087584215,9.690690520674102e-05,0.0004014204106839586,3.815232488454371e-06
2012,E02001610,E08000018,8312,97155,39,3825,0.01019607843137255,84.74980392156863,male,85-89,46,0.005534167468719923,5.6426805563418825e-05,0.0004014204106839586,2.221527778087355e-06
2012,E02004113,E07000038,9224,97155,3474,4038,0.8603268945022289,7935.655274888559,female,85-89,87,0.00943191673894189,0.008114531637217466,0.03575729504400185,0.000337259829664805
2012,E02004113,E07000038,9224,97155,3474,4038,0.8603268945022289,7935.655274888559,male,85-89,52,0.005637467476149176,0.004850064886612738,0.03575729504400185,0.00020158058784563055
2012,E02001605,E08000018,7380,97155,12,3095,0.0038772213247172858,28.613893376413568,female,85-89,54,0.007317073170731708,2.8369912132077702e-05,0.0001235139725181411,9.037607745229838e-07
2012,E02001605,E08000018,7380,97155,12,3095,0.0038772213247172858,28.613893376413568,male,85-89,44,0.005962059620596206,2.311622470021146e-05,0.0001235139725181411,7.363976681298386e-07
2012,E02001607,E08000018,8856,97155,12,4092,0.002932551319648094,25.970674486803517,female,85-89,67,0.007565492321589882,2.2186194491465932e-05,0.0001235139725181411,9.344440106950603e-07
2012,E02001607,E08000018,8856,97155,12,4092,0.002932551319648094,25.970674486803517,male,85-89,34,0.0038392050587172538,1.125866586134092e-05,0.0001235139725181411,4.7419546811391124e-07
2012,E02004045,E07000033,9079,97155,2469,3220,0.7667701863354037,6961.50652173913,female,85-89,67,0.007379667364247164,0.005658508919977096,0.025412999845607534,0.00018753948558824813
2012,E02004045,E07000033,9079,97155,2469,3220,0.7667701863354037,6961.50652173913,male,85-89,61,0.006718801630135478,0.005151776777889594,0.025412999845607534,0.00017074490478930055
2012,E02001606,E08000018,8011,97155,10,3937,0.00254000508001016,20.347980695961393,female,85-89,81,0.010111097241293221,2.5682238357361496e-05,0.00010292831043178426,1.040718155657786e-06
2012,E02001606,E08000018,8011,97155,10,3937,0.00254000508001016,20.347980695961393,male,85-89,41,0.005117962801148421,1.2999651514220019e-05,0.00010292831043178426,5.267832639749288e-07
2012,E02005838,E07000171,8043,97155,11,3413,0.0032229709932610606,25.92235569879871,female,85-89,90,0.011189854531891086,3.606457657509579e-05,0.00011322114147496269,1.266928103039493e-06
2012,E02005838,E07000171,8043,97155,11,3413,0.0032229709932610606,25.92235569879871,male,85-89,43,0.005346263831903519,1.7230853252545766e-05,0.00011322114147496269,6.053100936744245e-07
2012,E02004047,E07000033,5751,97155,756,2604,0.2903225806451613,1669.6451612903227,female,85-89,63,0.010954616588419406,0.003180372557928215,0.00778138026864289,8.524203737167485e-05
2012,E02004047,E07000033,5751,97155,756,2604,0.2903225806451613,1669.6451612903227,male,85-89,22,0.0038254216657972527,0.0011106062900701702,0.00778138026864289,2.976706066947376e-05
2012,E02005894,E07000175,10073,97155,18,4140,0.004347826086956522,43.79565217391304,female,85-89,108,0.01072173136106423,4.661622330897492e-05,0.00018527095877721167,1.9864254490160687e-06
2012,E02005894,E07000175,10073,97155,18,4140,0.004347826086956522,43.79565217391304,male,85-89,73,0.007247096197756379,3.15091139032886e-05,0.00018527095877721167,1.3426764609090095e-06
2012,E02005889,E07000174,10157,97155,24,4422,0.005427408412483039,55.12618724559022,female,85-89,108,0.010633060943191887,5.770996441352448e-05,0.0002470279450362822,2.626663194242245e-06
2012,E02005889,E07000174,10157,97155,24,4422,0.005427408412483039,55.12618724559022,male,85-89,64,0.0063010731515211185,3.419849743023673e-05,0.0002470279450362822,1.5565411521435524e-06
2012,E02004053,E07000033,7938,97155,492,3108,0.1583011583011583,1256.5945945945946,female,85-89,63,0.007936507936507936,0.0012563583992155419,0.005064072873243786,4.0191054549553854e-05
2012,E02004053,E07000033,7938,97155,492,3108,0.1583011583011583,1256.5945945945946,male,85-89,26,0.00327538422776518,0.0005184971171365728,0.005064072873243786,1.6586784417276194e-05
2012,E02004031,E07000032,7666,97155,164,3159,0.051915163026274136,397.98163975941753,female,85-89,70,0.009131228802504566,0.0004740492319122345,0.001688024291081262,1.541373602604857e-05
2012,E02004031,E07000032,7666,97155,164,3159,0.051915163026274136,397.98163975941753,male,85-89,44,0.00573962953300287,0.0002979738029162617,0.001688024291081262,9.688634073516243e-06
2012,E02005883,E07000174,7845,97155,32,3272,0.009779951100244499,76.72371638141809,female,85-89,81,0.010325047801147227,0.00010097846260290686,0.00032937059338170965,3.4007671209583787e-06
2012,E02005883,E07000174,7845,97155,32,3272,0.009779951100244499,76.72371638141809,male,85-89,45,0.0057361376673040155,5.609914589050382e-05,0.00032937059338170965,1.8893150671990995e-06
2012,E02005822,E07000170,9777,97155,24,3954,0.006069802731411229,59.34446130500759,female,85-89,58,0.005932290068528179,3.6007830461476045e-05,0.0002470279450362822,1.465441424987662e-06
2012,E02005822,E07000170,9777,97155,24,3954,0.006069802731411229,59.34446130500759,male,85-89,32,0.003272987624015547,1.9866389220124717e-05,0.0002470279450362822,8.085194068897444e-07
2012,E02004030,E07000032,5665,97155,510,2112,0.24147727272727273,1367.96875,female,85-89,70,0.01235657546337158,0.0029838321431437057,0.005249343832020997,6.48639131935516e-05
2012,E02004030,E07000032,5665,97155,510,2112,0.24147727272727273,1367.96875,male,85-89,32,0.005648720211827008,0.0013640375511514082,0.005249343832020997,2.9652074602766442e-05
2012,E02004032,E07000032,8284,97155,184,2974,0.06186953597848016,512.5272360457296,female,85-89,97,0.011709319169483342,0.000724450143639857,0.0018938809119448303,2.2176056066954193e-05
2012,E02004032,E07000032,8284,97155,184,2974,0.06186953597848016,512.5272360457296,male,85-89,58,0.007001448575567359,0.0004331763745475434,0.0018938809119448303,1.3259909813230344e-05
2012,E02004075,E07000035,7458,97155,155,2523,0.06143479984145858,458.1807372175981,female,85-89,86,0.011531241619737195,0.0007084195208320513,0.0015953888116926561,1.8396813865053423e-05
2012,E02004075,E07000035,7458,97155,155,2523,0.06143479984145858,458.1807372175981,male,85-89,59,0.007910968087959238,0.0004860087410359421,0.0015953888116926561,1.2621069977187812e-05
2012,E02004074,E07000035,5875,97155,386,2042,0.1890303623898139,1110.5533790401566,female,85-89,58,0.009872340425531916,0.0018661720882739076,0.003973032782666873,3.9223132152285724e-05
2012,E02004074,E07000035,5875,97155,386,2042,0.1890303623898139,1110.5533790401566,male,85-89,38,0.006468085106382979,0.0012226644716277326,0.003973032782666873,2.5697914168738923e-05
2012,E02002806,E06000015,6527,97155,11,1899,0.005792522380200105,37.80779357556609,female,85-89,43,0.006588018998008273,3.81612474871464e-05,0.00011322114147496269,7.459030310132367e-07
2012,E02002806,E06000015,6527,97155,11,1899,0.005792522380200105,37.80779357556609,male,85-89,15,0.0022981461620959092,1.3312063076911533e-05,0.00011322114147496269,2.601987317488035e-07
2012,E02002815,E06000015,7881,97155,11,2837,0.0038773352132534366,30.557278815650335,female,85-89,32,0.004060398426595609,1.5743525799278007e-05,0.00011322114147496269,4.597229447022974e-07
2012,E02002815,E06000015,7881,97155,11,2837,0.0038773352132534366,30.557278815650335,male,85-89,26,0.003299073721608933,1.279161471191338e-05,0.00011322114147496269,3.7352489257061665e-07
2012,E02002811,E06000015,10268,97155,11,3874,0.002839442436757873,29.15539494062984,female,85-89,55,0.0053564472146474485,1.5209323531523474e-05,0.00011322114147496269,6.064630678927686e-07
2012,E02002811,E06000015,10268,97155,11,3874,0.002839442436757873,29.15539494062984,male,85-89,27,0.002629528632645111,7.4663951882024325e-06,0.00011322114147496269,2.977182333291773e-07
2012,E02004118,E07000039,6815,97155,10,2416,0.0041390728476821195,28.207781456953644,female,85-89,52,0.007630227439471753,3.1582067216356596e-05,0.00010292831043178426,7.853664185550669e-07
2012,E02004118,E07000039,6815,97155,10,2416,0.0041390728476821195,28.207781456953644,male,85-89,44,0.006456346294937638,2.672328764460943e-05,0.00010292831043178426,6.645408157004413e-07
2012,E02006827,E07000032,7622,97155,12,2775,0.004324324324324324,32.96,female,85-89,65,0.008527945421149305,3.687760182118619e-05,0.0001235139725181411,1.0533204163840425e-06
2012,E02006827,E07000032,7622,97155,12,2775,0.004324324324324324,32.96,male,85-89,40,0.005247966413014957,2.269390881303765e-05,0.0001235139725181411,6.48197179313257e-07
2012,E02005823,E07000170,7513,97155,13,3531,0.0036816765788728408,27.660436137071652,female,85-89,120,0.015972314654598696,5.8804896774223465e-05,0.00013380680356131955,2.1372043694074734e-06
2012,E02005823,E07000170,7513,97155,13,3531,0.0036816765788728408,27.660436137071652,male,85-89,51,0.006788233728204446,2.4992081129044974e-05,0.00013380680356131955,9.083118569981761e-07
2012,E02005890,E07000174,6715,97155,13,2532,0.005134281200631911,34.47669826224328,female,85-89,34,0.005063291139240506,2.5996360509528666e-05,0.00013380680356131955,6.775028028421243e-07
2012,E02005890,E07000174,6715,97155,13,2532,0.005134281200631911,34.47669826224328,male,85-89,32,0.004765450483991065,2.446716283249757e-05,0.00013380680356131955,6.376496967925876e-07
2012,E02004040,E07000032,9078,97155,13,2840,0.004577464788732394,41.554225352112674,female,85-89,58,0.006389072482925755,2.9245754323251694e-05,0.00013380680356131955,8.549013666618787e-07
2012,E02004040,E07000032,9078,97155,13,2840,0.004577464788732394,41.554225352112674,male,85-89,37,0.0040757876184181535,1.865677430966056e-05,0.00013380680356131955,5.453681132153363e-07
2012,E02002821,E06000015,11377,97155,13,4175,0.0031137724550898203,35.425389221556884,female,85-89,69,0.006064867715566494,1.8884618036494473e-05,0.00013380680356131955,8.115205630421947e-07
2012,E02002821,E06000015,11377,97155,13,4175,0.0031137724550898203,35.425389221556884,male,85-89,35,0.0030763821745627144,9.579154076482703e-06,0.00013380680356131955,4.116408653112582e-07
2012,E02002824,E06000015,9562,97155,13,3558,0.0036537380550871277,34.93704328274311,female,85-89,45,0.004706128425015687,1.7194960518607063e-05,0.00013380680356131955,6.297120017004162e-07
2012,E02002824,E06000015,9562,97155,13,3558,0.0036537380550871277,34.93704328274311,male,85-89,11,0.001150386948337168,4.20321257121506e-06,0.00013380680356131955,1.5392960041565729e-07
2012,E02005827,E07000170,8446,97155,14,3234,0.004329004329004329,36.56277056277056,female,85-89,78,0.00923514089509827,3.997896491384533e-05,0.00014409963460449796,1.330780428504717e-06
2012,E02005827,E07000170,8446,97155,14,3234,0.004329004329004329,36.56277056277056,male,85-89,44,0.005209566658773384,2.2552236618066595e-05,0.00014409963460449796,7.506966519770199e-07
2012,E02002813,E06000015,10537,97155,14,4158,0.003367003367003367,35.47811447811448,female,85-89,45,0.004270665274746133,1.4379344359414587e-05,0.00014409963460449796,6.154013056090356e-07
2012,E02002813,E06000015,10537,97155,14,4158,0.003367003367003367,35.47811447811448,male,85-89,25,0.002372591819303407,7.988524644119216e-06,0.00014409963460449796,3.4188961422724203e-07
2012,E02004080,E07000036,9536,97155,15,3327,0.004508566275924256,42.993688007213706,female,85-89,101,0.010591442953020135,4.775222251136219e-05,0.0001543924656476764,1.6352389922834852e-06
2012,E02004080,E07000036,9536,97155,15,3327,0.004508566275924256,42.993688007213706,male,85-89,41,0.004299496644295302,1.9384565573919305e-05,0.0001543924656476764,6.638098879566623e-07
2012,E02004076,E07000035,6658,97155,15,2298,0.006527415143603133,43.45953002610966,female,85-89,80,0.012015620306398318,7.84309419477697e-05,0.0001543924656476764,1.8551212453911252e-06
2012,E02004076,E07000035,6658,97155,15,2298,0.006527415143603133,43.45953002610966,male,85-89,48,0.00720937218383899,4.705856516866181e-05,0.0001543924656476764,1.113072747234675e-06
2012,E02005830,E07000170,6081,97155,17,2266,0.007502206531332745,45.620917917034426,female,85-89,64,0.010524584772241408,7.895760861787464e-05,0.00017497812773403323,1.8415721386249183e-06
2012,E02005830,E07000170,6081,97155,17,2266,0.007502206531332745,45.620917917034426,male,85-89,32,0.005262292386120704,3.947880430893732e-05,0.00017497812773403323,9.207860693124591e-07
2012,E02002808,E06000015,12033,97155,18,3850,0.004675324675324675,56.25818181818182,female,85-89,56,0.004653868528214078,2.175834636567621e-05,0.00018527095877721167,8.622266842453131e-07
2012,E02002808,E06000015,12033,97155,18,3850,0.004675324675324675,56.25818181818182,male,85-89,31,0.002576248649547079,1.204479888099933e-05,0.00018527095877721167,4.773040573500841e-07
2012,E02005884,E07000174,6034,97155,18,2478,0.007263922518159807,43.83050847457627,female,85-89,50,0.008286377195889956,6.0191601907190966e-05,0.00018527095877721167,1.535225047872155e-06
2012,E02005884,E07000174,6034,97155,18,2478,0.007263922518159807,43.83050847457627,male,85-89,18,0.0029830957905203847,2.1668976686588752e-05,0.00018527095877721167,5.526810172339759e-07
2012,E02005892,E07000174,11677,97155,19,4381,0.004336909381419767,50.64209084683862,female,85-89,109,0.009334589363706432,4.04832681831596e-05,0.0001955637898203901,1.8255076723835338e-06
2012,E02005892,E07000174,11677,97155,19,4381,0.004336909381419767,50.64209084683862,male,85-89,78,0.006679797893294511,2.8969678149416962e-05,0.0001955637898203901,1.3063265912469322e-06
2012,E02005820,E07000170,5704,97155,24,2206,0.010879419764279238,62.056210335448775,female,85-89,48,0.008415147265077139,9.15519194750006e-05,0.0002470279450362822,2.078776536069696e-06
2012,E02005820,E07000170,5704,97155,24,2206,0.010879419764279238,62.056210335448775,male,85-89,41,0.007187938288920056,7.820059788489635e-05,0.0002470279450362822,1.775621624559532e-06
2012,E02005886,E07000174,10342,97155,26,4259,0.0061047194177036865,63.135008217891524,female,85-89,86,0.008315606265712629,5.0764443040274325e-05,0.0002676136071226391,2.2253693881789753e-06
2012,E02005886,E07000174,10342,97155,26,4259,0.0061047194177036865,63.135008217891524,male,85-89,76,0.0073486753045832525,4.486160082628893e-05,0.0002676136071226391,1.966605505832583e-06
2012,E02004039,E07000032,8055,97155,27,2575,0.010485436893203883,84.46019417475728,female,85-89,91,0.011297330850403476,0.00011845744969355101,0.0002779064381658175,3.139600977416436e-06
2012,E02004039,E07000032,8055,97155,27,2575,0.010485436893203883,84.46019417475728,male,85-89,41,0.005090006207324643,5.3370938872918584e-05,0.0002779064381658175,1.4145454953194931e-06
2012,E02005829,E07000170,6670,97155,27,2570,0.010505836575875487,70.0739299610895,female,85-89,85,0.012743628185907047,0.00013388247510486004,0.0002779064381658175,3.5415363184549458e-06
2012,E02005829,E07000170,6670,97155,27,2570,0.010505836575875487,70.0739299610895,male,85-89,29,0.004347826086956522,4.567755032989342e-05,0.0002779064381658175,1.208288861590511e-06
2012,E02005882,E07000174,7817,97155,29,3133,0.00925630386211299,72.35652729013725,female,85-89,63,0.008059357809901496,7.459986482194172e-05,0.0002984921002521744,2.405654639361262e-06
2012,E02005882,E07000174,7817,97155,29,3133,0.00925630386211299,72.35652729013725,male,85-89,34,0.00434949469105795,4.0260244507079653e-05,0.0002984921002521744,1.2982898053695699e-06
2012,E02005885,E07000174,8195,97155,34,3621,0.009389671361502348,76.94835680751174,female,85-89,90,0.010982306284319707,0.00010312024680112401,0.00034995625546806647,3.8433267836639395e-06
2012,E02005885,E07000174,8195,97155,34,3621,0.009389671361502348,76.94835680751174,male,85-89,48,0.005857230018303843,5.499746496059947e-05,0.00034995625546806647,2.0497742846207673e-06
2012,E02005821,E07000170,6379,97155,34,2601,0.013071895424836602,83.38562091503269,female,85-89,61,0.009562627371061295,0.0001250016649811934,0.00034995625546806647,3.3465012672130513e-06
2012,E02005821,E07000170,6379,97155,34,2601,0.013071895424836602,83.38562091503269,male,85-89,33,0.005173224643361028,6.762385154720299e-05,0.00034995625546806647,1.810402324885749e-06
2012,E02004037,E07000032,7801,97155,43,2364,0.018189509306260575,141.89636209813875,female,85-89,47,0.006024868606588899,0.00010958940358854596,0.0004425917348566723,2.6665570488736828e-06
2012,E02004037,E07000032,7801,97155,43,2364,0.018189509306260575,141.89636209813875,male,85-89,37,0.004742981669016793,8.627250920800427e-05,0.0004425917348566723,2.0992044852835373e-06
2012,E02005881,E07000174,5693,97155,43,2422,0.017753922378199834,101.07308009909165,female,85-89,74,0.01299841911118918,0.000230772923939362,0.0004425917348566723,5.752992864815344e-06
2012,E02005881,E07000174,5693,97155,43,2422,0.017753922378199834,101.07308009909165,male,85-89,48,0.00843140699104163,0.00014969054525796452,0.0004425917348566723,3.73167104744779e-06
2012,E02004038,E07000032,7843,97155,46,2744,0.016763848396501458,131.47886297376093,female,85-89,109,0.013897743210506184,0.00023297966023443312,0.0004734702279862076,6.580167646372132e-06
2012,E02004038,E07000032,7843,97155,46,2744,0.016763848396501458,131.47886297376093,male,85-89,45,0.00573760040800714,9.618426339953661e-05,0.0004734702279862076,2.7165829732728983e-06
2012,E02004036,E07000032,9930,97155,53,3520,0.015056818181818182,149.51420454545453,female,85-89,99,0.009969788519637462,0.0001501132930513595,0.0005455200452884565,5.438719484748963e-06
2012,E02004036,E07000032,9930,97155,53,3520,0.015056818181818182,149.51420454545453,male,85-89,49,0.004934541792547835,7.429849858097593e-05,0.0005455200452884565,2.6918914621484766e-06
2012,E02004033,E07000032,8889,97155,87,3254,0.026736324523663185,237.65918869084206,female,85-89,77,0.008662391720103498,0.00023160051617978006,0.0008954763007565231,7.756966493222216e-06
2012,E02004033,E07000032,8889,97155,87,3254,0.026736324523663185,237.65918869084206,male,85-89,40,0.004499943750703116,0.00012031195645702862,0.0008954763007565231,4.02959298349206e-06
2012,E02004034,E07000032,7217,97155,77,2551,0.03018424147393179,217.83967071736572,female,85-89,93,0.012886240820285437,0.0003889614046107325,0.0007925479903247388,1.0212964264957837e-05
2012,E02004034,E07000032,7217,97155,77,2551,0.03018424147393179,217.83967071736572,male,85-89,47,0.006512401274767909,0.00019657189265273579,0.0007925479903247388,5.161390542505573e-06
2012,E02004035,E07000032,6545,97155,85,2141,0.039701074264362445,259.8435310602522,female,85-89,70,0.0106951871657754,0.00042461041993970526,0.0008748906386701663,9.357119130162205e-06
2012,E02004035,E07000032,6545,97155,85,2141,0.039701074264362445,259.8435310602522,male,85-89,58,0.008861726508785332,0.0003518200622357558,0.0008748906386701663,7.753041564991542e-06
2012,E02004043,E07000032,7034,97155,16,2595,0.006165703275529865,43.369556840077074,female,85-89,74,0.010520329826556724,6.486523207125533e-05,0.00016468529669085483,1.7325436387721434e-06
2012,E02004043,E07000032,7034,97155,16,2595,0.006165703275529865,43.369556840077074,male,85-89,47,0.006681831106056298,4.119818793714866e-05,0.00016468529669085483,1.1003993381390642e-06
2012,E02002820,E06000015,9785,97155,11,3613,0.003044561306393579,29.791032383061168,female,85-89,75,0.007664793050587634,2.333593234333351e-05,0.00011322114147496269,8.678166183568934e-07
2012,E02002820,E06000015,9785,97155,11,3613,0.003044561306393579,29.791032383061168,male,85-89,35,0.0035769034236075624,1.0890101760222304e-05,0.00011322114147496269,4.049810885665502e-07
2012,E02002801,E06000015,7589,97155,9,2732,0.003294289897510981,25.000366032210835,female,85-89,80,0.010541573329819476,3.4726998524295494e-05,9.263547938860583e-05,9.76523698917969e-07
2012,E02002801,E06000015,7589,97155,9,2732,0.003294289897510981,25.000366032210835,male,85-89,48,0.0063249439978916855,2.0836199114577296e-05,9.263547938860583e-05,5.859142193507814e-07
2012,E02002816,E06000015,9479,97155,9,2797,0.0032177332856632105,30.50089381480157,female,85-89,43,0.004536343496149383,1.4596743462761688e-05,9.263547938860583e-05,4.202263544371823e-07
2012,E02002816,E06000015,9479,97155,9,2797,0.0032177332856632105,30.50089381480157,male,85-89,44,0.00464183985652495,1.4936202613058473e-05,9.263547938860583e-05,4.2999906035432605e-07
2012,E02002803,E06000015,7912,97155,8,2208,0.0036231884057971015,28.666666666666668,female,85-89,36,0.00455005055611729,1.648569042071482e-05,8.234264834542741e-05,3.7466321289628246e-07
2012,E02002803,E06000015,7912,97155,8,2208,0.0036231884057971015,28.666666666666668,male,85-89,19,0.0024014155712841255,8.700781055377267e-06,8.234264834542741e-05,1.9773891791748244e-07
2012,E02004084,E07000036,6139,97155,8,2240,0.0035714285714285713,21.925,female,85-89,111,0.018081120703697672,6.457543108463454e-05,8.234264834542741e-05,1.4888473637958044e-06
2012,E02004084,E07000036,6139,97155,8,2240,0.0035714285714285713,21.925,male,85-89,54,0.008796220882879948,3.14150745817141e-05,8.234264834542741e-05,7.243041229276886e-07
2012,E02002825,E06000015,8582,97155,8,3211,0.002491435689816257,21.381501090003116,female,85-89,92,0.010720111862036821,2.6708469291901145e-05,8.234264834542741e-05,8.827224012793431e-07
2012,E02002825,E06000015,8582,97155,8,3211,0.002491435689816257,21.381501090003116,male,85-89,60,0.006991377301328362,1.7418566929500746e-05,8.234264834542741e-05,5.756885225734846e-07
2012,E02004083,E07000036,7917,97155,8,2488,0.003215434083601286,25.456591639871384,female,85-89,46,0.0058102816723506374,1.8682577724600122e-05,8.234264834542741e-05,4.784339805342504e-07
2012,E02004083,E07000036,7917,97155,8,2488,0.003215434083601286,25.456591639871384,male,85-89,26,0.003284072249589491,1.05597178443392e-05,8.234264834542741e-05,2.7041920638892416e-07
2012,E02006872,E07000037,12346,97155,354,4893,0.07234825260576333,893.2115266707541,female,90+,83,0.0067228252065446295,0.0004863846562674839,0.003643662189285163,2.449570401025988e-05
2012,E02006872,E07000037,12346,97155,354,4893,0.07234825260576333,893.2115266707541,male,90+,36,0.0029159241859711645,0.00021096201958589663,0.003643662189285163,1.062464270324525e-05
2012,E02004103,E07000037,7137,97155,89,3114,0.028580603725112397,203.97976878612718,female,90+,23,0.003222642566904862,9.210507015238687e-05,0.0009160619628428799,2.9521402753798847e-06
2012,E02004103,E07000037,7137,97155,89,3114,0.028580603725112397,203.97976878612718,male,90+,13,0.0018214936247723133,5.205938747743606e-05,0.0009160619628428799,1.6686010252147174e-06
2012,E02004097,E07000037,7704,97155,29,2762,0.010499637943519189,80.88921071687183,female,90+,29,0.003764278296988577,3.952355923702706e-05,0.0002984921002521744,1.1236073348017987e-06
2012,E02004097,E07000037,7704,97155,29,2762,0.010499637943519189,80.88921071687183,male,90+,16,0.0020768431983385254,2.180610164801493e-05,0.0002984921002521744,6.199212881665095e-07
2012,E02004102,E07000037,8625,97155,96,3736,0.02569593147751606,221.627408993576,female,90+,107,0.012405797101449276,0.00031877851224280793,0.000988111780145129,1.2258314258032323e-05
2012,E02004102,E07000037,8625,97155,96,3736,0.02569593147751606,221.627408993576,male,90+,31,0.0035942028985507246,9.235639139744902e-05,0.000988111780145129,3.5514742242897385e-06
2012,E02004098,E07000037,7341,97155,47,3145,0.014944356120826709,109.70651828298887,female,90+,47,0.006402397493529492,9.567970817039304e-05,0.00048376305902938604,3.097243396591901e-06
2012,E02004098,E07000037,7341,97155,47,3145,0.014944356120826709,109.70651828298887,male,90+,20,0.0027244244653316986,4.0714769434209804e-05,0.00048376305902938604,1.317975913443362e-06
2012,E02004104,E07000037,7167,97155,84,2895,0.029015544041450778,207.95440414507772,female,90+,29,0.004046323426817358,0.00011740627559677307,0.0008645978076269878,3.498442363776008e-06
2012,E02004104,E07000037,7167,97155,84,2895,0.029015544041450778,207.95440414507772,male,90+,7,0.0009766987581972932,2.8339445833703842e-05,0.0008645978076269878,8.444516050493811e-07
2012,E02004100,E07000037,7641,97155,54,3050,0.017704918032786884,135.28327868852458,female,90+,67,0.00876848580028792,0.00015524532236575335,0.000555812876331635,4.873637313731128e-06
2012,E02004100,E07000037,7641,97155,54,3050,0.017704918032786884,135.28327868852458,male,90+,24,0.0031409501374165686,5.5610264728031046e-05,0.000555812876331635,1.7457805302917471e-06
2012,E02004068,E07000035,7531,97155,1163,2634,0.4415337889141989,3325.190964312832,female,90+,64,0.008498207409374585,0.003752245716439879,0.011970562503216509,0.00010172832295921612
2012,E02004068,E07000035,7531,97155,1163,2634,0.4415337889141989,3325.190964312832,male,90+,20,0.002655689815429558,0.0011725767863874624,0.011970562503216509,3.1790100924755036e-05
2012,E02006210,E07000198,5452,97155,24,1854,0.012944983818770227,70.57605177993528,female,90+,38,0.006969919295671314,9.022549250059953e-05,0.0002470279450362822,1.7217648406784161e-06
2012,E02006210,E07000198,5452,97155,24,1854,0.012944983818770227,70.57605177993528,male,90+,7,0.0012839325018341892,1.6620485460636754e-05,0.0002470279450362822,3.171672074933924e-07
2012,E02006204,E07000198,7282,97155,11,2851,0.003858295334970186,28.096106629252894,female,90+,43,0.005904971161768745,2.278312268658583e-05,0.00011322114147496269,6.68567575312194e-07
2012,E02006204,E07000198,7282,97155,11,2851,0.003858295334970186,28.096106629252894,male,90+,14,0.0019225487503433123,7.417760874702363e-06,0.00011322114147496269,2.1767316405513288e-07
2012,E02004070,E07000035,6373,97155,1527,2452,0.6227569331158238,3968.829934747145,female,90+,99,0.015534285265965793,0.009674083850379187,0.015717153002933457,0.00024415473831639924
2012,E02004070,E07000035,6373,97155,1527,2452,0.6227569331158238,3968.829934747145,male,90+,29,0.004550447199121293,0.002833822542030267,0.015717153002933457,7.152007486035937e-05
2012,E02006803,E08000019,8747,97155,441,3080,0.1431818181818182,1252.4113636363636,female,90+,28,0.0032010975191494226,0.0004583389629691219,0.004539138490041686,1.4530224959548097e-05
2012,E02006803,E08000019,8747,97155,441,3080,0.1431818181818182,1252.4113636363636,male,90+,9,0.001028924202583743,0.00014732323809721776,0.004539138490041686,4.670429451283317e-06
2012,E02006869,E08000019,11118,97155,31,4236,0.007318224740321058,81.36402266288952,female,90+,105,0.009444144630329197,6.91143728848454e-05,0.0003190777623385312,3.013416535846895e-06
2012,E02006869,E08000019,11118,97155,31,4236,0.007318224740321058,81.36402266288952,male,90+,30,0.002698327037236913,1.9746963681384397e-05,0.0003190777623385312,8.609761530991128e-07
2012,E02006868,E08000019,12500,97155,11,4482,0.0024542614904060687,30.67826863007586,female,90+,31,0.00248,6.086568496207051e-06,0.00011322114147496269,2.8078843085790746e-07
2012,E02006868,E08000019,12500,97155,11,4482,0.0024542614904060687,30.67826863007586,male,90+,14,0.00112,2.748772869254797e-06,0.00011322114147496269,1.268076784519582e-07
2012,E02004105,E07000038,9450,97155,1852,3263,0.5675758504443763,5363.591786699356,female,90+,50,0.005291005291005291,0.0030030468277480226,0.019062323091966444,0.00010085885233844679
2012,E02004105,E07000038,9450,97155,1852,3263,0.5675758504443763,5363.591786699356,male,90+,18,0.0019047619047619048,0.0010810968579892883,0.019062323091966444,3.630918684184085e-05
2012,E02001634,E08000019,9260,97155,11,3128,0.003516624040920716,32.56393861892583,female,90+,41,0.004427645788336933,1.5570365623947014e-05,0.00011322114147496269,5.013031102023186e-07
2012,E02001634,E08000019,9260,97155,11,3128,0.003516624040920716,32.56393861892583,male,90+,13,0.0014038876889848812,4.936945197836858e-06,0.00011322114147496269,1.5894976664951567e-07
2012,E02001669,E08000019,7690,97155,45,2629,0.017116774438950173,131.62799543552683,female,90+,46,0.0059817945383615085,0.00010238902785327802,0.0004631773969430292,2.7706320233263123e-06
2012,E02001669,E08000019,7690,97155,45,2629,0.017116774438950173,131.62799543552683,male,90+,25,0.003250975292587776,5.5646210789825e-05,0.0004631773969430292,1.5057782735469087e-06
2012,E02001660,E08000019,9889,97155,23,3458,0.006651243493348756,65.77414690572586,female,90+,76,0.00768530690666397,5.1116847557336986e-05,0.0002367351139931038,1.8193820066210827e-06
2012,E02001660,E08000019,9889,97155,23,3458,0.006651243493348756,65.77414690572586,male,90+,24,0.002426939023157043,1.614216238652747e-05,0.0002367351139931038,5.745416863013945e-07
2012,E02001653,E08000019,7439,97155,9,2991,0.003009027081243731,22.384152457372114,female,90+,29,0.0038983734372899583,1.1730311245606693e-05,9.263547938860583e-05,3.6112769219916243e-07
2012,E02001653,E08000019,7439,97155,9,2991,0.003009027081243731,22.384152457372114,male,90+,7,0.0009409866917596451,2.8314544385947192e-06,9.263547938860583e-05,8.716875328945299e-08
2012,E02001662,E08000019,7588,97155,15,3172,0.004728877679697352,35.8827238335435,female,90+,65,0.00856615709014233,4.0508309064355284e-05,0.0001543924656476764,1.3225501142723994e-06
2012,E02001662,E08000019,7588,97155,15,3172,0.004728877679697352,35.8827238335435,male,90+,37,0.004876120189773327,2.30585759289407e-05,0.0001543924656476764,7.528362188935196e-07
2012,E02001655,E08000019,7681,97155,14,3228,0.004337050805452293,33.31288723667906,female,90+,55,0.007160525973180575,3.1055564939444875e-05,0.00014409963460449796,1.031829176311338e-06
2012,E02001655,E08000019,7681,97155,14,3228,0.004337050805452293,33.31288723667906,male,90+,28,0.003645358677255566,1.5810105787353757e-05,0.00014409963460449796,5.252948533948631e-07
2012,E02001650,E08000019,9415,97155,10,2336,0.004280821917808219,40.30393835616438,female,90+,37,0.003929899097185343,1.6823198190005746e-05,0.00010292831043178426,4.044978742406817e-07
2012,E02001650,E08000019,9415,97155,10,2336,0.004280821917808219,40.30393835616438,male,90+,6,0.0006372809346787042,2.7280861929739046e-06,0.00010292831043178426,6.559424987686729e-08
2012,E02001627,E08000019,6085,97155,8,2236,0.0035778175313059034,21.77101967799642,female,90+,11,0.0018077239112571897,6.46770630145685e-06,8.234264834542741e-05,1.488527743302714e-07
2012,E02001627,E08000019,6085,97155,8,2236,0.0035778175313059034,21.77101967799642,male,90+,7,0.0011503697617091207,4.115813100927087e-06,8.234264834542741e-05,9.472449275562726e-08
2012,E02001656,E08000019,7888,97155,17,2300,0.007391304347826087,58.302608695652175,female,90+,29,0.003676470588235294,2.7173913043478262e-05,0.00017497812773403323,6.433019401986516e-07
2012,E02001656,E08000019,7888,97155,17,2300,0.007391304347826087,58.302608695652175,male,90+,13,0.0016480730223123732,1.2181409295352323e-05,0.00017497812773403323,2.8837673181318863e-07
2012,E02001666,E08000019,6153,97155,17,2708,0.006277695716395864,38.62666174298375,female,90+,31,0.005038192751503331,3.162824105448916e-05,0.00017497812773403323,8.815735348212303e-07
2012,E02001666,E08000019,6153,97155,17,2708,0.006277695716395864,38.62666174298375,male,90+,8,0.001300178774581505,8.162126723739139e-06,0.00017497812773403323,2.2750284769580138e-07
2012,E02001678,E08000019,10006,97155,92,3559,0.025849957853329587,258.65467828041585,female,90+,92,0.009194483310013992,0.000237677006047004,0.0009469404559724152,8.70662821801541e-06
2012,E02001678,E08000019,10006,97155,92,3559,0.025849957853329587,258.65467828041585,male,90+,45,0.004497301619028583,0.00011625505730559979,0.0009469404559724152,4.258676845768407e-06
2012,E02001680,E08000019,6098,97155,251,2873,0.08736512356421859,532.7525234946049,female,90+,63,0.010331256149557232,0.0009025914700796607,0.002583500591837785,2.6690806376808863e-05
2012,E02001680,E08000019,6098,97155,251,2873,0.08736512356421859,532.7525234946049,male,90+,19,0.003115775664152181,0.00027221012589704057,0.002583500591837785,8.049608272370927e-06
2012,E02001642,E08000019,9800,97155,8,3907,0.002047606859482979,20.066547222933195,female,90+,56,0.005714285714285714,1.1700610625617024e-05,8.234264834542741e-05,4.7052941911672805e-07
2012,E02001642,E08000019,9800,97155,8,3907,0.002047606859482979,20.066547222933195,male,90+,19,0.0019387755102040817,3.96985003369149e-06,8.234264834542741e-05,1.5964391005746133e-07
2012,E02001665,E08000019,9466,97155,44,3159,0.013928458372902817,131.84678695789808,female,90+,83,0.008768223114303824,0.00012212783065190512,0.00045288456589985077,3.9709929188345245e-06
2012,E02001665,E08000019,9466,97155,44,3159,0.013928458372902817,131.84678695789808,male,90+,35,0.0036974434819353474,5.1499687624297335e-05,0.00045288456589985077,1.6745150862555226e-06
2012,E02001664,E08000019,6233,97155,26,2407,0.01080182800166182,67.32779393435813,female,90+,23,0.0036900369003690036,3.9859143917571287e-05,0.0002676136071226391,9.875040853233914e-07
2012,E02001664,E08000019,6233,97155,26,2407,0.01080182800166182,67.32779393435813,male,90+,9,0.0014439274827530884,1.5597056315571374e-05,0.0002676136071226391,3.864146420830662e-07
2012,E02001659,E08000019,6120,97155,10,2607,0.0038358266206367474,23.475258918296895,female,90+,46,0.007516339869281046,2.8831376560341565e-05,0.00010292831043178426,7.736441633761562e-07
2012,E02001659,E08000019,6120,97155,10,2607,0.0038358266206367474,23.475258918296895,male,90+,15,0.0024509803921568627,9.401535834893988e-06,0.00010292831043178426,2.5227527066613787e-07
2012,E02001636,E08000019,9739,97155,8,3457,0.0023141452126120912,22.537460225629157,female,90+,56,0.005750077009959955,1.3306513184749677e-05,8.234264834542741e-05,4.734765691902593e-07
2012,E02001636,E08000019,9739,97155,8,3457,0.0023141452126120912,22.537460225629157,male,90+,13,0.0013348393058835609,3.089011989316889e-06,8.234264834542741e-05,1.0991420356202448e-07
2012,E02001679,E08000019,6324,97155,179,2654,0.06744536548605878,426.5244913338357,female,90+,52,0.008222643896268185,0.0005545792228455181,0.0018424167567289383,1.514953689909943e-05
2012,E02001679,E08000019,6324,97155,179,2654,0.06744536548605878,426.5244913338357,male,90+,15,0.0023719165085388993,0.00015997477582082253,0.0018424167567289383,4.370058720894066e-06
2012,E02001681,E08000019,7453,97155,157,2675,0.05869158878504673,437.4284112149533,female,90+,51,0.006842882060915068,0.0004016196200238003,0.0016159744737790128,1.1057922737519073e-05
2012,E02001681,E08000019,7453,97155,157,2675,0.05869158878504673,437.4284112149533,male,90+,32,0.004293573057829062,0.00025199662432865897,0.0016159744737790128,6.938304462757066e-06
2012,E02001657,E08000019,8992,97155,11,2789,0.003944065973467192,35.465041233417,female,90+,47,0.005226868327402135,2.0615113517900136e-05,0.00011322114147496269,5.917919983677987e-07
2012,E02001657,E08000019,8992,97155,11,2789,0.003944065973467192,35.465041233417,male,90+,19,0.0021129893238434165,8.333769294470269e-06,0.00011322114147496269,2.3923506316996124e-07
2012,E02001671,E08000019,5902,97155,28,2247,0.012461059190031152,73.54517133956386,female,90+,25,0.0042358522534733985,5.278320565075886e-05,0.0002881992692089959,1.220769523928312e-06
2012,E02001671,E08000019,5902,97155,28,2247,0.012461059190031152,73.54517133956386,male,90+,9,0.0015249068112504235,1.900195403427319e-05,0.0002881992692089959,4.394770286141923e-07
2012,E02001652,E08000019,12526,97155,8,2986,0.0026791694574681848,33.55927662424648,female,90+,15,0.0011975091809037202,3.2083300225149902e-06,8.234264834542741e-05,9.860607737357585e-08
2012,E02001652,E08000019,12526,97155,8,2986,0.0026791694574681848,33.55927662424648,male,90+,11,0.0008781733993293949,2.3527753498443262e-06,8.234264834542741e-05,7.231112340728896e-08
2012,E02001673,E08000019,5543,97155,43,1955,0.021994884910485932,121.91764705882352,female,90+,24,0.004329785314811474,9.523312968639047e-05,0.0004425917348566723,1.916327194039353e-06
2012,E02001673,E08000019,5543,97155,43,1955,0.021994884910485932,121.91764705882352,male,90+,14,0.0025257081003066933,5.555265898372778e-05,0.0004425917348566723,1.1178575298562894e-06
2012,E02001661,E08000019,7877,97155,14,3256,0.0042997542997543,33.86916461916462,female,90+,60,0.007617113114129745,3.275171486419423e-05,0.00014409963460449796,1.0976232164872257e-06
2012,E02001661,E08000019,7877,97155,14,3256,0.0042997542997543,33.86916461916462,male,90+,29,0.0036816046718293766,1.582999551769388e-05,0.00014409963460449796,5.305178879688258e-07
2012,E02001649,E08000019,9557,97155,9,4107,0.002191380569758948,20.943024105186268,female,90+,49,0.005127131945171079,1.1235497323238303e-05,9.263547938860583e-05,4.74954325629558e-07
2012,E02001649,E08000019,9557,97155,9,4107,0.002191380569758948,20.943024105186268,male,90+,15,0.001569530187297269,3.439437956093358e-06,9.263547938860583e-05,1.4539418131517083e-07
2012,E02001676,E08000019,5995,97155,109,2168,0.050276752767527674,301.4091328413284,female,90+,60,0.010008340283569641,0.0005031868500503186,0.0011219185837064484,1.1228542956194646e-05
2012,E02001676,E08000019,5995,97155,109,2168,0.050276752767527674,301.4091328413284,male,90+,26,0.004336947456213511,0.00021804763502180475,0.0011219185837064484,4.865701947684347e-06
2012,E02001651,E08000019,8119,97155,13,2920,0.004452054794520548,36.146232876712325,female,90+,58,0.007143736913412982,3.1804308176153686e-05,0.00013380680356131955,9.558806018667981e-07
2012,E02001651,E08000019,8119,97155,13,2920,0.004452054794520548,36.146232876712325,male,90+,33,0.004064539967976352,1.809555465194951e-05,0.00013380680356131955,5.438631010621437e-07
2012,E02001674,E08000019,8647,97155,130,3282,0.039609993906154786,342.50761730652044,female,90+,94,0.0108708222504915,0.00043059320309686013,0.0013380680356131953,1.4545899774215376e-05
2012,E02001674,E08000019,8647,97155,130,3282,0.039609993906154786,342.50761730652044,male,90+,45,0.00520411703480976,0.00020613504403573093,0.0013380680356131953,6.963462657869063e-06
2012,E02001618,E08000019,9708,97155,8,3293,0.0024293956878226543,23.584573337382327,female,90+,37,0.003811289658014009,9.259130660222312e-06,8.234264834542741e-05,3.138316840524118e-07
2012,E02001618,E08000019,9708,97155,8,3293,0.0024293956878226543,23.584573337382327,male,90+,14,0.001442109600329625,3.5034548444084423e-06,8.234264834542741e-05,1.1874712369550718e-07
2012,E02001672,E08000019,6175,97155,39,2203,0.017703132092601,109.31684067181118,female,90+,56,0.009068825910931173,0.00016054662302601716,0.0004014204106839586,3.640411821587317e-06
2012,E02001672,E08000019,6175,97155,39,2203,0.017703132092601,109.31684067181118,male,90+,24,0.0038866396761133605,6.880569558257879e-05,0.0004014204106839586,1.560176494965993e-06
2012,E02001675,E08000019,9063,97155,141,3730,0.03780160857908847,342.59597855227884,female,90+,64,0.007061679355621759,0.00026694283891224343,0.001451289177088158,1.0248538820880736e-05
2012,E02001675,E08000019,9063,97155,141,3730,0.03780160857908847,342.59597855227884,male,90+,18,0.0019860973187686196,7.507767344406847e-05,0.001451289177088158,2.882401543372707e-06
2012,E02001670,E08000019,6002,97155,19,2500,0.0076,45.6152,female,90+,47,0.007830723092302566,5.95134955014995e-05,0.0001955637898203901,1.5314058849647343e-06
2012,E02001670,E08000019,6002,97155,19,2500,0.0076,45.6152,male,90+,27,0.004498500499833389,3.4188603798733755e-05,0.0001955637898203901,8.797438062563367e-07
2012,E02001639,E08000019,6154,97155,8,2044,0.003913894324853229,24.08610567514677,female,90+,54,0.008774780630484237,3.434356411148429e-05,8.234264834542741e-05,7.225386757642314e-07
2012,E02001639,E08000019,6154,97155,8,2044,0.003913894324853229,24.08610567514677,male,90+,18,0.0029249268768280793,1.1447854703828099e-05,8.234264834542741e-05,2.4084622525474384e-07
2012,E02001663,E08000019,7671,97155,36,2525,0.014257425742574258,109.36871287128713,female,90+,30,0.003910833007430583,5.57584111950499e-05,0.00037054191755442334,1.4491275618084605e-06
2012,E02001663,E08000019,7671,97155,36,2525,0.014257425742574258,109.36871287128713,male,90+,13,0.001694694303219919,2.4161978184521618e-05,0.00037054191755442334,6.279552767836661e-07
2012,E02005888,E07000174,8284,97155,13,3488,0.0037270642201834864,30.875,female,90+,40,0.004828585224529213,1.7996447224449475e-05,0.00013380680356131955,6.460975546176704e-07
2012,E02005888,E07000174,8284,97155,13,3488,0.0037270642201834864,30.875,male,90+,14,0.0016900048285852245,6.298756528557316e-06,0.00013380680356131955,2.2613414411618465e-07
2012,E02005887,E07000174,9349,97155,23,4120,0.00558252427184466,52.19101941747572,female,90+,77,0.008236174991977752,4.59786467998758e-05,0.0002367351139931038,1.949791825593004e-06
2012,E02005887,E07000174,9349,97155,23,4120,0.00558252427184466,52.19101941747572,male,90+,29,0.0031019360359396727,1.731663321034283e-05,0.0002367351139931038,7.34337181067495e-07
2012,E02005880,E07000174,6267,97155,70,2630,0.026615969581749048,166.8022813688213,female,90+,22,0.0035104515717249082,9.343407225123329e-05,0.0007204981730224899,2.5292739439117243e-06
2012,E02005880,E07000174,6267,97155,70,2630,0.026615969581749048,166.8022813688213,male,90+,17,0.0027126216690601564,7.219905583049846e-05,0.0007204981730224899,1.95443895665906e-06
2012,E02005824,E07000170,9785,97155,37,3726,0.009930220075147612,97.16720343531938,female,90+,29,0.0029637199795605517,2.943039163814826e-05,0.00038083474859760175,1.1286875533296321e-06
2012,E02005824,E07000170,9785,97155,37,3726,0.009930220075147612,97.16720343531938,male,90+,28,0.00286152273888605,2.8415550547177632e-05,0.00038083474859760175,1.0897672928699897e-06
2012,E02005819,E07000170,6111,97155,44,2362,0.018628281117696866,113.83742591024554,female,90+,34,0.005563737522500409,0.00010364286663421592,0.00045288456589985077,2.5197308526583092e-06
2012,E02005819,E07000170,6111,97155,44,2362,0.018628281117696866,113.83742591024554,male,90+,5,0.0008181966944853543,1.5241598034443517e-05,0.00045288456589985077,3.705486548026925e-07
2012,E02005891,E07000174,6437,97155,13,2886,0.0045045045045045045,28.995495495495494,female,90+,33,0.005126611775671897,2.3092845836359895e-05,0.00013380680356131955,6.859755348024772e-07
2012,E02005891,E07000174,6437,97155,13,2886,0.0045045045045045045,28.995495495495494,male,90+,15,0.0023302780798508623,1.0496748107436316e-05,0.00013380680356131955,3.1180706127385323e-07
2012,E02005825,E07000170,8073,97155,18,3312,0.005434782608695652,43.875,female,90+,22,0.002725133159915769,1.4810506303890047e-05,0.00018527095877721167,5.04888033333167e-07
2012,E02005825,E07000170,8073,97155,18,3312,0.005434782608695652,43.875,male,90+,10,0.0012386968908708038,6.732048319950021e-06,0.00018527095877721167,2.2949456060598497e-07
2012,E02004029,E07000032,6402,97155,379,2746,0.13801893663510562,883.5972323379461,female,90+,56,0.008747266479225243,0.0012072884179265722,0.0039009829653646236,3.4122937528962656e-05
2012,E02004029,E07000032,6402,97155,379,2746,0.13801893663510562,883.5972323379461,male,90+,14,0.0021868166198063107,0.00030182210448164305,0.0039009829653646236,8.530734382240664e-06
2012,E02004054,E07000033,8677,97155,295,3267,0.09029690847872666,783.5062748699113,female,90+,45,0.005186124236487265,0.00046829098554139676,0.003036385157737636,1.574707065785336e-05
2012,E02004054,E07000033,8677,97155,295,3267,0.09029690847872666,783.5062748699113,male,90+,21,0.0024201913103607236,0.0002185357932526518,0.003036385157737636,7.348632973664901e-06
2012,E02004050,E07000033,7057,97155,1059,3002,0.35276482345103266,2489.4613590939375,female,90+,41,0.005809834207170185,0.0020495051383721606,0.010900108074725953,6.33278207543948e-05
2012,E02004050,E07000033,7057,97155,1059,3002,0.35276482345103266,2489.4613590939375,male,90+,11,0.001558736006801757,0.0005498672322461895,0.010900108074725953,1.699039093410592e-05
2012,E02004051,E07000033,9152,97155,1124,3894,0.2886492039034412,2641.7175141242938,female,90+,42,0.004589160839160839,0.0013246576228086243,0.01156914209253255,5.3092653833737666e-05
2012,E02004051,E07000033,9152,97155,1124,3894,0.2886492039034412,2641.7175141242938,male,90+,18,0.001966783216783217,0.0005677104097751248,0.01156914209253255,2.2753994500173287e-05
2012,E02004049,E07000033,7821,97155,2582,3223,0.801116971765436,6265.535836177474,female,90+,72,0.009205983889528193,0.007375069935700216,0.026576089753486697,0.00024465905411725385
2012,E02004049,E07000033,7821,97155,2582,3223,0.801116971765436,6265.535836177474,male,90+,18,0.0023014959723820483,0.001843767483925054,0.026576089753486697,6.116476352931346e-05
2012,E02004117,E07000038,7364,97155,2215,2973,0.7450386814665321,5486.464850319542,female,90+,50,0.006789788158609452,0.005058654817127459,0.022798620760640213,0.00015479780527322254
2012,E02004117,E07000038,7364,97155,2215,2973,0.7450386814665321,5486.464850319542,male,90+,16,0.0021727322107550242,0.0016187695414807866,0.022798620760640213,4.95352976874312e-05
2012,E02004112,E07000038,6508,97155,2022,2401,0.8421491045397751,5480.706372344856,female,90+,45,0.0069145666871542714,0.005823096143867529,0.020812104369306778,0.0001439066835615865
2012,E02004112,E07000038,6508,97155,2022,2401,0.8421491045397751,5480.706372344856,male,90+,29,0.004456054087277198,0.003752661959381297,0.020812104369306778,9.273986273968909e-05
2012,E02004052,E07000033,7869,97155,1852,3077,0.601884952876178,4736.232694182645,female,90+,56,0.007116533231668573,0.004283334268784594,0.019062323091966444,0.00013565765575678242
2012,E02004052,E07000033,7869,97155,1852,3077,0.601884952876178,4736.232694182645,male,90+,20,0.0025416190113102047,0.0015297622388516408,0.019062323091966444,4.8449162770279436e-05
2012,E02004061,E07000034,7216,97155,2534,2904,0.8725895316804407,6296.60606060606,female,90+,51,0.007067627494456763,0.006167137765479834,0.026082033863414133,0.00018433809964441808
2012,E02004061,E07000034,7216,97155,2534,2904,0.8725895316804407,6296.60606060606,male,90+,21,0.00291019955654102,0.0025394096681387547,0.026082033863414133,7.590392338299567e-05
2012,E02004111,E07000038,5498,97155,1933,2254,0.857586512866016,4715.010647737356,female,90+,31,0.005638413968715897,0.0048354277735261,0.019896042406463896,0.00011218212342676988
2012,E02004111,E07000038,5498,97155,1933,2254,0.857586512866016,4715.010647737356,male,90+,13,0.002364496180429247,0.0020277600340593317,0.019896042406463896,4.704411627574221e-05
2012,E02004062,E07000034,7987,97155,2706,3135,0.8631578947368421,6894.042105263158,female,90+,61,0.007637410792537874,0.006592291420927428,0.02785240080284082,0.00021272022648970702
2012,E02004062,E07000034,7987,97155,2706,3135,0.8631578947368421,6894.042105263158,male,90+,24,0.0030048829347689996,0.0025936884279058733,0.02785240080284082,8.369320386480277e-05
2012,E02004048,E07000033,6835,97155,2283,2771,0.8238902923132443,5631.290147961025,female,90+,33,0.004828090709583029,0.00397781706603322,0.023498533271576347,0.00011345305017732546
2012,E02004048,E07000033,6835,97155,2283,2771,0.8238902923132443,5631.290147961025,male,90+,10,0.001463057790782736,0.0012053991109191578,0.023498533271576347,3.4379712174947105e-05
2012,E02004114,E07000038,7226,97155,2342,2813,0.8325630998933523,6016.100959829364,female,90+,53,0.007334624965402712,0.006106538097750854,0.024105810303123875,0.0001768070780605543
2012,E02004114,E07000038,7226,97155,2342,2813,0.8325630998933523,6016.100959829364,male,90+,26,0.0035981179075560477,0.0029956601988966455,0.024105810303123875,8.673554772781909e-05
2012,E02004059,E07000034,7158,97155,2641,3075,0.8588617886178862,6147.7326829268295,female,90+,68,0.009499860296172115,0.008159067005590425,0.027183366785034222,0.00025823818683743045
2012,E02004059,E07000034,7158,97155,2641,3075,0.8588617886178862,6147.7326829268295,male,90+,25,0.003492595697122101,0.002999656987349421,0.027183366785034222,9.494050986670238e-05
2012,E02004073,E07000035,9138,97155,2604,3611,0.7211298809194129,6589.6848518415945,female,90+,72,0.007879185817465528,0.005681916330290843,0.02680253203643662,0.00021118213029365688
2012,E02004073,E07000035,9138,97155,2604,3611,0.7211298809194129,6589.6848518415945,male,90+,31,0.003392427226964325,0.0024463806422085578,0.02680253203643662,9.092563943199116e-05
2012,E02004063,E07000034,7940,97155,2649,3057,0.8665358194308145,6880.294406280667,female,90+,79,0.009949622166246851,0.00862170399685571,0.02726570943337965,0.00027128350695680004
2012,E02004063,E07000034,7940,97155,2649,3057,0.8665358194308145,6880.294406280667,male,90+,22,0.0027707808564231737,0.0024009808598838686,0.02726570943337965,7.554730573480508e-05
2012,E02004072,E07000035,8613,97155,2654,3330,0.796996996996997,6864.5351351351355,female,90+,81,0.009404388714733543,0.007495269564235082,0.027317173588595544,0.00025690131901500514
2012,E02004072,E07000035,8613,97155,2654,3330,0.796996996996997,6864.5351351351355,male,90+,23,0.0026703819807268082,0.002128286419474159,0.027317173588595544,7.294728811537182e-05
2012,E02004046,E07000033,6301,97155,1091,2510,0.4346613545816733,2738.8011952191237,female,90+,33,0.005237263926360895,0.0022764362325337598,0.011229478668107662,5.8811743540319446e-05
2012,E02004046,E07000033,6301,97155,1091,2510,0.4346613545816733,2738.8011952191237,male,90+,16,0.0025392794794477066,0.0011037266581981865,0.011229478668107662,2.851478474682155e-05
2012,E02004067,E07000034,6422,97155,2390,2772,0.8621933621933622,5537.005772005772,female,90+,41,0.006384303955154157,0.005504504492358743,0.02459986619319644,0.00015705302303348708
2012,E02004067,E07000034,6422,97155,2390,2772,0.8621933621933622,5537.005772005772,male,90+,14,0.0021800062285892243,0.0018795868998298145,0.02459986619319644,5.362786152362973e-05
2012,E02004065,E07000034,8352,97155,2549,3047,0.8365605513619954,6986.953724975385,female,90+,68,0.008141762452107279,0.0068110772859932564,0.02623642632906181,0.00021361075076343426
2012,E02004065,E07000034,8352,97155,2549,3047,0.8365605513619954,6986.953724975385,male,90+,33,0.003951149425287357,0.0033053757417320223,0.02623642632906181,0.00010366404081166664
2012,E02004071,E07000035,5146,97155,1549,1961,0.7899031106578276,4064.8414074451807,female,90+,36,0.006995724834823164,0.005525944808333034,0.01594359528588338,0.00011153700549782389
2012,E02004071,E07000035,5146,97155,1549,1961,0.7899031106578276,4064.8414074451807,male,90+,11,0.002137582588418189,0.0016884831358795383,0.01594359528588338,3.408075167989063e-05
2012,E02004064,E07000034,8842,97155,3131,3617,0.8656345037323749,7653.940282001659,female,90+,37,0.004184573625876499,0.0036223113139671878,0.03222685399619165,0.00013485564327743622
2012,E02004064,E07000034,8842,97155,3131,3617,0.8656345037323749,7653.940282001659,male,90+,10,0.001130965844831486,0.0009790030578289697,0.03222685399619165,3.644747115606384e-05
2012,E02004055,E07000034,7186,97155,2530,2997,0.8441775108441775,6066.259592926259,female,90+,40,0.0055663790704146955,0.004699012028077804,0.026040862539241417,0.00014495331221397952
2012,E02004055,E07000034,7186,97155,2530,2997,0.8441775108441775,6066.259592926259,male,90+,23,0.00320066796548845,0.002701931916144737,0.026040862539241417,8.334815452303822e-05
2012,E02004057,E07000034,7721,97155,2725,3172,0.8590794451450189,6632.95239596469,female,90+,27,0.003496956352804041,0.0030041633232632445,0.02804796459266121,9.808250796552942e-05
2012,E02004057,E07000034,7721,97155,2725,3172,0.8590794451450189,6632.95239596469,male,90+,10,0.0012951690195570523,0.0011126530826900906,0.02804796459266121,3.6326854802047936e-05
2012,E02005847,E07000171,6740,97155,22,2812,0.007823613086770981,52.73115220483641,female,90+,29,0.0043026706231454005,3.366243019530541e-05,0.00022644228294992538,9.743065586866225e-07
2012,E02005847,E07000171,6740,97155,22,2812,0.007823613086770981,52.73115220483641,male,90+,17,0.0025222551928783385,1.9733148735179035e-05,0.00022644228294992538,5.711452240576754e-07
2012,E02004115,E07000038,8980,97155,2819,3379,0.8342704942290619,7491.749038176976,female,90+,53,0.005902004454342984,0.004923868173066846,0.029015490710719984,0.00017124955541961682
2012,E02004115,E07000038,8980,97155,2819,3379,0.8342704942290619,7491.749038176976,male,90+,19,0.0021158129175946547,0.001765160288457926,0.029015490710719984,6.139135005608905e-05
2012,E02005848,E07000171,6722,97155,116,2708,0.04283604135893648,287.94387001477105,female,90+,39,0.005801844689080631,0.00024852805905958386,0.0011939684010086975,6.927219226322404e-06
2012,E02005848,E07000171,6722,97155,116,2708,0.04283604135893648,287.94387001477105,male,90+,16,0.0023802439750074383,0.000101960229357778,0.0011939684010086975,2.8419360928502173e-06
2012,E02004066,E07000034,11788,97155,3870,4535,0.8533627342888643,10059.439911797133,female,90+,80,0.0067865626060400405,0.00579139962191289,0.03983325613710051,0.0002703308865768613
2012,E02004066,E07000034,11788,97155,3870,4535,0.8533627342888643,10059.439911797133,male,90+,19,0.0016118086189345097,0.0013754574102043113,0.03983325613710051,6.420358556200456e-05
2012,E02004110,E07000038,7526,97155,1841,2781,0.6619920891765552,4982.152463142754,female,90+,33,0.004384799362211002,0.0029027024904100876,0.018949101950491484,8.308801014698631e-05
2012,E02004110,E07000038,7526,97155,1841,2781,0.6619920891765552,4982.152463142754,male,90+,20,0.0026574541589157587,0.0017592136305515683,0.018949101950491484,5.035636978605231e-05
2012,E02004060,E07000034,7633,97155,2906,3387,0.8579864186595807,6549.010333628579,female,90+,41,0.005371413598847111,0.004608599916814202,0.029910967011476507,0.00016066417496011224
2012,E02004060,E07000034,7633,97155,2906,3387,0.8579864186595807,6549.010333628579,male,90+,23,0.003013232018865453,0.002585312148456748,0.029910967011476507,9.012868351420932e-05
2012,E02006804,E07000038,8215,97155,2323,3176,0.7314231738035264,6008.641372795969,female,90+,52,0.006329884357881923,0.004629824106851293,0.023910246513303483,0.0001513490953976605
2012,E02006804,E07000038,8215,97155,2323,3176,0.7314231738035264,6008.641372795969,male,90+,34,0.004138770541692027,0.0030271926852489224,0.023910246513303483,9.895902391385496e-05
2012,E02001609,E08000018,8379,97155,15,3753,0.003996802557953637,33.489208633093526,female,90+,46,0.005489915264351355,2.1942107371508214e-05,0.0001543924656476764,8.476015538600208e-07
2012,E02001609,E08000018,8379,97155,15,3753,0.003996802557953637,33.489208633093526,male,90+,18,0.0021482277121374865,8.586042014937996e-06,0.0001543924656476764,3.3167017324957333e-07
2012,E02005840,E07000171,9163,97155,27,3537,0.007633587786259542,69.94656488549619,female,90+,29,0.00316490232456619,2.4159559729512902e-05,0.0002779064381658175,8.79546732162906e-07
2012,E02005840,E07000171,9163,97155,27,3537,0.007633587786259542,69.94656488549619,male,90+,8,0.0008730765033286041,6.664706132279421e-06,0.0002779064381658175,2.426335812863189e-07
2012,E02005842,E07000171,8570,97155,8,3161,0.002530844669408415,21.689338816830116,female,90+,61,0.007117852975495916,1.8014180260666664e-05,8.234264834542741e-05,5.861028645357144e-07
2012,E02005842,E07000171,8570,97155,8,3161,0.002530844669408415,21.689338816830116,male,90+,24,0.0028004667444574095,7.0875463320655725e-06,8.234264834542741e-05,2.305978483419204e-07
2012,E02004106,E07000038,6998,97155,1667,2703,0.6167221605623382,4315.821679615243,female,90+,31,0.004429837096313232,0.0027319787049774912,0.017158149348978437,7.600780649018742e-05
2012,E02004106,E07000038,6998,97155,1667,2703,0.6167221605623382,4315.821679615243,male,90+,30,0.004286939125464418,0.0026438503596556365,0.017158149348978437,7.35559417646975e-05
2012,E02001603,E08000018,6481,97155,11,2853,0.00385559060637925,24.988082719943918,female,90+,39,0.00601758987810523,2.3201363007065383e-05,0.00011322114147496269,6.813183949272558e-07
2012,E02001603,E08000018,6481,97155,11,2853,0.00385559060637925,24.988082719943918,male,90+,7,0.001080080234531708,4.164347206396351e-06,0.00011322114147496269,1.222879170382254e-07
2012,E02006903,E07000171,11081,97155,27,4864,0.005550986842105263,61.51048519736842,female,90+,90,0.008122010648858407,4.5085174243251846e-05,0.0002779064381658175,2.25715905016908e-06
2012,E02006903,E07000171,11081,97155,27,4864,0.005550986842105263,61.51048519736842,male,90+,32,0.002887826008482989,1.6030284175378434e-05,0.0002779064381658175,8.025454400601173e-07
2012,E02001600,E08000018,10943,97155,12,4915,0.0024415055951169887,26.717395727365208,female,90+,69,0.006305400712784429,1.5394671119717832e-05,0.0001235139725181411,7.788050903547233e-07
2012,E02001600,E08000018,10943,97155,12,4915,0.0024415055951169887,26.717395727365208,male,90+,26,0.0023759480946723933,5.800890566850197e-06,0.0001235139725181411,2.9346278766989573e-07
2012,E02004108,E07000038,7577,97155,2137,3061,0.6981378634433192,5289.790591310029,female,90+,82,0.010822225155074567,0.0075554051474663025,0.021995779939272295,0.00023804328296427718
2012,E02004108,E07000038,7577,97155,2137,3061,0.6981378634433192,5289.790591310029,male,90+,27,0.003563415599841626,0.0024877553534340263,0.021995779939272295,7.83801053662864e-05
2012,E02004116,E07000038,8093,97155,3114,3628,0.8583241455347299,6946.417309812569,female,90+,60,0.0074138144075126654,0.006363455916481378,0.03205187586845762,0.00023762665910137862
2012,E02004116,E07000038,8093,97155,3114,3628,0.8583241455347299,6946.417309812569,male,90+,21,0.0025948350426294327,0.0022272095707684824,0.03205187586845762,8.316933068548251e-05
2012,E02004069,E07000035,6731,97155,1423,2306,0.6170858629661752,4153.604943625325,female,90+,61,0.009062546426979647,0.005592369282563763,0.014646698574442901,0.0001327363858328654
2012,E02004069,E07000035,6731,97155,1423,2306,0.6170858629661752,4153.604943625325,male,90+,18,0.0026741940276333383,0.0016502073292811103,0.014646698574442901,3.916811385232094e-05
2012,E02004109,E07000038,6688,97155,1567,2568,0.610202492211838,4081.0342679127725,female,90+,42,0.0062799043062200955,0.0038320132585073557,0.016128866244660593,0.000101287736584292
2012,E02004109,E07000038,6688,97155,1567,2568,0.610202492211838,4081.0342679127725,male,90+,18,0.0026913875598086126,0.0016422913965031525,0.016128866244660593,4.3409029964696574e-05
2012,E02004056,E07000034,7708,97155,3030,3494,0.8672009158557528,6684.384659416142,female,90+,27,0.003502854177477945,0.0030376783508180233,0.03118727806083063,0.00010924448723954683
2012,E02004056,E07000034,7708,97155,3030,3494,0.8672009158557528,6684.384659416142,male,90+,26,0.0033731188375713543,0.0029251717452321705,0.03118727806083063,0.00010519839511956362
2012,E02004058,E07000034,7835,97155,3009,3480,0.8646551724137931,6774.573275862069,female,90+,68,0.008679004467134653,0.007504346103910394,0.030971128608923884,0.00026879856354905226
2012,E02004058,E07000034,7835,97155,3009,3480,0.8646551724137931,6774.573275862069,male,90+,21,0.0026802807913209954,0.002317518649737033,0.030971128608923884,8.301132109603082e-05
2012,E02005843,E07000171,6511,97155,23,2673,0.008604564160119716,56.024317246539475,female,90+,37,0.005682690830901551,4.889707785661642e-05,0.0002367351139931038,1.3452924616410444e-06
2012,E02005843,E07000171,6511,97155,23,2673,0.008604564160119716,56.024317246539475,male,90+,7,0.0010751036707111043,9.250798513413917e-06,0.0002367351139931038,2.5451479004019757e-07
2012,E02005846,E07000171,6659,97155,12,3337,0.003596044351213665,23.946059334731796,female,90+,40,0.006006907944135756,2.1601107380769877e-05,0.0001235139725181411,7.419370627309873e-07
2012,E02005846,E07000171,6659,97155,12,3337,0.003596044351213665,23.946059334731796,male,90+,10,0.001501726986033939,5.400276845192469e-06,0.0001235139725181411,1.8548426568274683e-07
2012,E02001608,E08000018,6925,97155,12,3083,0.003892312682452157,26.954265325981186,female,90+,27,0.0038989169675090253,1.5175803960463284e-05,0.0001235139725181411,4.815707231754239e-07
2012,E02001608,E08000018,6925,97155,12,3083,0.003892312682452157,26.954265325981186,male,90+,13,0.0018772563176895306,7.306868573556395e-06,0.0001235139725181411,2.3186738523261146e-07
2012,E02001610,E08000018,8312,97155,39,3825,0.01019607843137255,84.74980392156863,female,90+,52,0.006256015399422521,6.37868236803865e-05,0.0004014204106839586,2.511292270881358e-06
2012,E02001610,E08000018,8312,97155,39,3825,0.01019607843137255,84.74980392156863,male,90+,22,0.0026467757459095282,2.6986733095548133e-05,0.0004014204106839586,1.0624698069113437e-06
2012,E02004113,E07000038,9224,97155,3474,4038,0.8603268945022289,7935.655274888559,female,90+,70,0.0075888985255854295,0.006528933501209456,0.03575729504400185,0.00027135848363834885
2012,E02004113,E07000038,9224,97155,3474,4038,0.8603268945022289,7935.655274888559,male,90+,17,0.0018430182133564615,0.0015855981360080108,0.03575729504400185,6.590134602645615e-05
2012,E02001605,E08000018,7380,97155,12,3095,0.0038772213247172858,28.613893376413568,female,90+,18,0.0024390243902439024,9.456637377359234e-06,0.0001235139725181411,3.0125359150766123e-07
2012,E02001605,E08000018,7380,97155,12,3095,0.0038772213247172858,28.613893376413568,male,90+,8,0.001084010840108401,4.202949945492993e-06,0.0001235139725181411,1.338904851145161e-07
2012,E02001607,E08000018,8856,97155,12,4092,0.002932551319648094,25.970674486803517,female,90+,46,0.005194218608852755,1.5232312635931833e-05,0.0001235139725181411,6.415585745070564e-07
2012,E02001607,E08000018,8856,97155,12,4092,0.002932551319648094,25.970674486803517,male,90+,19,0.002145438121047877,6.2916073931022784e-06,0.0001235139725181411,2.6499158512247977e-07
2012,E02004045,E07000033,9079,97155,2469,3220,0.7667701863354037,6961.50652173913,female,90+,42,0.004626060138781804,0.0035471249946125074,0.025412999845607534,0.00011756206559263316
2012,E02004045,E07000033,9079,97155,2469,3220,0.7667701863354037,6961.50652173913,male,90+,20,0.0022028857803722875,0.0016891071402916702,0.025412999845607534,5.5981935996491974e-05
2012,E02001606,E08000018,8011,97155,10,3937,0.00254000508001016,20.347980695961393,female,90+,43,0.005367619523155661,1.3633780856377091e-05,0.00010292831043178426,5.524800085590716e-07
2012,E02001606,E08000018,8011,97155,10,3937,0.00254000508001016,20.347980695961393,male,90+,12,0.0014979403320434402,3.804776052942444e-06,0.00010292831043178426,1.541804675048572e-07
2012,E02005838,E07000171,8043,97155,11,3413,0.0032229709932610606,25.92235569879871,female,90+,48,0.005967922417008579,1.923444084005109e-05,0.00011322114147496269,6.756949882877297e-07
2012,E02005838,E07000171,8043,97155,11,3413,0.0032229709932610606,25.92235569879871,male,90+,12,0.0014919806042521448,4.808610210012773e-06,0.00011322114147496269,1.6892374707193241e-07
2012,E02004047,E07000033,5751,97155,756,2604,0.2903225806451613,1669.6451612903227,female,90+,55,0.009563554164493131,0.002776515725175425,0.00778138026864289,7.441765167368439e-05
2012,E02004047,E07000033,5751,97155,756,2604,0.2903225806451613,1669.6451612903227,male,90+,8,0.0013910624239262736,0.00040385683275278916,0.00778138026864289,1.0824385697990456e-05
2012,E02005894,E07000175,10073,97155,18,4140,0.004347826086956522,43.79565217391304,female,90+,77,0.007644197359277276,3.323564069250989e-05,0.00018527095877721167,1.4162477738355305e-06
2012,E02005894,E07000175,10073,97155,18,4140,0.004347826086956522,43.79565217391304,male,90+,25,0.002481882259505609,1.0790792432633084e-05,0.00018527095877721167,4.598207057907567e-07
2012,E02005889,E07000174,10157,97155,24,4422,0.005427408412483039,55.12618724559022,female,90+,42,0.004135079255685734,2.2442763938592855e-05,0.0002470279450362822,1.0214801310942063e-06
2012,E02005889,E07000174,10157,97155,24,4422,0.005427408412483039,55.12618724559022,male,90+,23,0.002264448163827902,1.2290085013991326e-05,0.0002470279450362822,5.593819765515892e-07
2012,E02004053,E07000033,7938,97155,492,3108,0.1583011583011583,1256.5945945945946,female,90+,36,0.0045351473922902496,0.000717919085266024,0.005064072873243786,2.2966316885459347e-05
2012,E02004053,E07000033,7938,97155,492,3108,0.1583011583011583,1256.5945945945946,male,90+,18,0.0022675736961451248,0.000358959542633012,0.005064072873243786,1.1483158442729673e-05
2012,E02004031,E07000032,7666,97155,164,3159,0.051915163026274136,397.98163975941753,female,90+,44,0.00573962953300287,0.0002979738029162617,0.001688024291081262,9.688634073516243e-06
2012,E02004031,E07000032,7666,97155,164,3159,0.051915163026274136,397.98163975941753,male,90+,15,0.0019566918862509784,0.0001015819782669074,0.001688024291081262,3.302943434153265e-06
2012,E02005883,E07000174,7845,97155,32,3272,0.009779951100244499,76.72371638141809,female,90+,43,0.005481198215423837,5.360585051759254e-05,0.00032937059338170965,1.8053455086569173e-06
2012,E02005883,E07000174,7845,97155,32,3272,0.009779951100244499,76.72371638141809,male,90+,15,0.0019120458891013384,1.8699715296834606e-05,0.00032937059338170965,6.297716890663664e-07
2012,E02005822,E07000170,9777,97155,24,3954,0.006069802731411229,59.34446130500759,female,90+,40,0.004091234530019434,2.4832986525155897e-05,0.0002470279450362822,1.0106492586121806e-06
2012,E02005822,E07000170,9777,97155,24,3954,0.006069802731411229,59.34446130500759,male,90+,18,0.001841055538508745,1.1174843936320152e-05,0.0002470279450362822,4.5479216637548127e-07
2012,E02004030,E07000032,5665,97155,510,2112,0.24147727272727273,1367.96875,female,90+,38,0.006707855251544572,0.0016197945919922973,0.005249343832020997,3.5211838590785156e-05
2012,E02004030,E07000032,5665,97155,510,2112,0.24147727272727273,1367.96875,male,90+,24,0.004236540158870256,0.0010230281633635562,0.005249343832020997,2.2239055952074833e-05
2012,E02004032,E07000032,8284,97155,184,2974,0.06186953597848016,512.5272360457296,female,90+,45,0.005432158377595364,0.0003360851181834388,0.0018938809119448303,1.0287861061989058e-05
2012,E02004032,E07000032,8284,97155,184,2974,0.06186953597848016,512.5272360457296,male,90+,15,0.0018107194591984548,0.00011202837272781293,0.0018938809119448303,3.4292870206630196e-06
2012,E02004075,E07000035,7458,97155,155,2523,0.06143479984145858,458.1807372175981,female,90+,48,0.006436041834271922,0.0003953969418597495,0.0015953888116926561,1.0267989133983305e-05
2012,E02004075,E07000035,7458,97155,155,2523,0.06143479984145858,458.1807372175981,male,90+,13,0.0017430946634486458,0.00010708667175368216,0.0015953888116926561,2.7809137237871454e-06
2012,E02004074,E07000035,5875,97155,386,2042,0.1890303623898139,1110.5533790401566,female,90+,38,0.006468085106382979,0.0012226644716277326,0.003973032782666873,2.5697914168738923e-05
2012,E02004074,E07000035,5875,97155,386,2042,0.1890303623898139,1110.5533790401566,male,90+,16,0.002723404255319149,0.00051480609331694,0.003973032782666873,1.082017438683744e-05
2012,E02002806,E06000015,6527,97155,11,1899,0.005792522380200105,37.80779357556609,female,90+,13,0.0019917266738164545,1.1537121333323329e-05,0.00011322114147496269,2.2550556751562966e-07
2012,E02002806,E06000015,6527,97155,11,1899,0.005792522380200105,37.80779357556609,male,90+,8,0.0012256779531178183,7.099766974352818e-06,0.00011322114147496269,1.3877265693269518e-07
2012,E02002815,E06000015,7881,97155,11,2837,0.0038773352132534366,30.557278815650335,female,90+,23,0.0029184113691155945,1.1315659168231067e-05,0.00011322114147496269,3.304258665047763e-07
2012,E02002815,E06000015,7881,97155,11,2837,0.0038773352132534366,30.557278815650335,male,90+,15,0.001903311762466692,7.379777718411566e-06,0.00011322114147496269,2.1549513032920193e-07
2012,E02002811,E06000015,10268,97155,11,3874,0.002839442436757873,29.15539494062984,female,90+,27,0.002629528632645111,7.4663951882024325e-06,0.00011322114147496269,2.977182333291773e-07
2012,E02002811,E06000015,10268,97155,11,3874,0.002839442436757873,29.15539494062984,male,90+,17,0.0016556291390728477,4.701063637016346e-06,0.00011322114147496269,1.8745222098503757e-07
2012,E02004118,E07000039,6815,97155,10,2416,0.0041390728476821195,28.207781456953644,female,90+,27,0.003961848862802641,1.6398381054646697e-05,0.00010292831043178426,4.077864096343617e-07
2012,E02004118,E07000039,6815,97155,10,2416,0.0041390728476821195,28.207781456953644,male,90+,17,0.0024944974321349962,1.0324906589962734e-05,0.00010292831043178426,2.567544060660796e-07
2012,E02006827,E07000032,7622,97155,12,2775,0.004324324324324324,32.96,female,90+,42,0.005510364733665705,2.3828604253689534e-05,0.0001235139725181411,6.806070382789198e-07
2012,E02006827,E07000032,7622,97155,12,2775,0.004324324324324324,32.96,male,90+,20,0.0026239832065074785,1.1346954406518825e-05,0.0001235139725181411,3.240985896566285e-07
2012,E02005823,E07000170,7513,97155,13,3531,0.0036816765788728408,27.660436137071652,female,90+,114,0.015173698921868761,5.5864651935512294e-05,0.00013380680356131955,2.0303441509370994e-06
2012,E02005823,E07000170,7513,97155,13,3531,0.0036816765788728408,27.660436137071652,male,90+,24,0.003194462930919739,1.1760979354844693e-05,0.00013380680356131955,4.2744087388149465e-07
2012,E02005890,E07000174,6715,97155,13,2532,0.005134281200631911,34.47669826224328,female,90+,18,0.002680565897244974,1.3762779093279882e-05,0.00013380680356131955,3.586779544458305e-07
2012,E02005890,E07000174,6715,97155,13,2532,0.005134281200631911,34.47669826224328,male,90+,16,0.0023827252419955326,1.2233581416248784e-05,0.00013380680356131955,3.188248483962938e-07
2012,E02004040,E07000032,9078,97155,13,2840,0.004577464788732394,41.554225352112674,female,90+,50,0.0055078211059704785,2.521185717521698e-05,0.00013380680356131955,7.369839367774815e-07
2012,E02004040,E07000032,9078,97155,13,2840,0.004577464788732394,41.554225352112674,male,90+,16,0.001762502753910553,8.067794296069433e-06,0.00013380680356131955,2.358348597687941e-07
2012,E02002821,E06000015,11377,97155,13,4175,0.0031137724550898203,35.425389221556884,female,90+,34,0.0029884855410037795,9.305463960011768e-06,0.00013380680356131955,3.998796977309365e-07
2012,E02002821,E06000015,11377,97155,13,4175,0.0031137724550898203,35.425389221556884,male,90+,18,0.0015821394040608245,4.926422096476819e-06,0.00013380680356131955,2.1170101644578992e-07
2012,E02002824,E06000015,9562,97155,13,3558,0.0036537380550871277,34.93704328274311,female,90+,45,0.004706128425015687,1.7194960518607063e-05,0.00013380680356131955,6.297120017004162e-07
2012,E02002824,E06000015,9562,97155,13,3558,0.0036537380550871277,34.93704328274311,male,90+,14,0.0014641288433382138,5.349543272455531e-06,0.00013380680356131955,1.9591040052901838e-07
2012,E02005827,E07000170,8446,97155,14,3234,0.004329004329004329,36.56277056277056,female,90+,51,0.006038361354487331,2.6140092443668098e-05,0.00014409963460449796,8.701256647915457e-07
2012,E02005827,E07000170,8446,97155,14,3234,0.004329004329004329,36.56277056277056,male,90+,25,0.002959981056121241,1.2813770805719658e-05,0.00014409963460449796,4.2653218862330676e-07
2012,E02002813,E06000015,10537,97155,14,4158,0.003367003367003367,35.47811447811448,female,90+,33,0.003131821201480497,1.0544852530237363e-05,0.00014409963460449796,4.512942907799594e-07
2012,E02002813,E06000015,10537,97155,14,4158,0.003367003367003367,35.47811447811448,male,90+,21,0.001992977128214862,6.710360701060141e-06,0.00014409963460449796,2.8718727595088324e-07
2012,E02004080,E07000036,9536,97155,15,3327,0.004508566275924256,42.993688007213706,female,90+,68,0.007130872483221477,3.2150011195768605e-05,0.0001543924656476764,1.1009529849037327e-06
2012,E02004080,E07000036,9536,97155,15,3327,0.004508566275924256,42.993688007213706,male,90+,19,0.0019924496644295304,8.98309136352358e-06,0.0001543924656476764,3.076192163701606e-07
2012,E02004076,E07000035,6658,97155,15,2298,0.006527415143603133,43.45953002610966,female,90+,55,0.008260738960648844,5.392127258909167e-05,0.0001543924656476764,1.2753958562063985e-06
2012,E02004076,E07000035,6658,97155,15,2298,0.006527415143603133,43.45953002610966,male,90+,22,0.0033042955842595375,2.1568509035636668e-05,0.0001543924656476764,5.101583424825594e-07
2012,E02005830,E07000170,6081,97155,17,2266,0.007502206531332745,45.620917917034426,female,90+,28,0.004604505837855616,3.454395377032015e-05,0.00017497812773403323,8.056878106484016e-07
2012,E02005830,E07000170,6081,97155,17,2266,0.007502206531332745,45.620917917034426,male,90+,13,0.0021378062818615358,1.6038264250505786e-05,0.00017497812773403323,3.740693406581865e-07
2012,E02002808,E06000015,12033,97155,18,3850,0.004675324675324675,56.25818181818182,female,90+,36,0.0029917726252804786,1.3987508377934705e-05,0.00018527095877721167,5.542885827291299e-07
2012,E02002808,E06000015,12033,97155,18,3850,0.004675324675324675,56.25818181818182,male,90+,10,0.0008310479514667997,3.8854189938707514e-06,0.00018527095877721167,1.5396905075809165e-07
2012,E02005884,E07000174,6034,97155,18,2478,0.007263922518159807,43.83050847457627,female,90+,22,0.003646005966191581,2.648430483916403e-05,0.00018527095877721167,6.754990210637482e-07
2012,E02005884,E07000174,6034,97155,18,2478,0.007263922518159807,43.83050847457627,male,90+,11,0.0018230029830957905,1.3242152419582014e-05,0.00018527095877721167,3.377495105318741e-07
2012,E02005892,E07000174,11677,97155,19,4381,0.004336909381419767,50.64209084683862,female,90+,53,0.00453883703005909,1.96845248963987e-05,0.0001955637898203901,8.876321709754796e-07
2012,E02005892,E07000174,11677,97155,19,4381,0.004336909381419767,50.64209084683862,male,90+,28,0.0023978761668236705,1.0399371643380448e-05,0.0001955637898203901,4.6893775070402695e-07
2012,E02005820,E07000170,5704,97155,24,2206,0.010879419764279238,62.056210335448775,female,90+,19,0.0033309957924263674,3.6239301458854403e-05,0.0002470279450362822,8.22849045527588e-07
2012,E02005820,E07000170,5704,97155,24,2206,0.010879419764279238,62.056210335448775,male,90+,7,0.0012272089761570827,1.3351321590104254e-05,0.0002470279450362822,3.03154911510164e-07
2012,E02005886,E07000174,10342,97155,26,4259,0.0061047194177036865,63.135008217891524,female,90+,44,0.0042544962289692515,2.5972505741535698e-05,0.0002676136071226391,1.138561082324127e-06
2012,E02005886,E07000174,10342,97155,26,4259,0.0061047194177036865,63.135008217891524,male,90+,11,0.0010636240572423129,6.4931264353839245e-06,0.0002676136071226391,2.8464027058103174e-07
2012,E02004039,E07000032,8055,97155,27,2575,0.010485436893203883,84.46019417475728,female,90+,55,0.006828057107386716,7.159516190269566e-05,0.0002779064381658175,1.897561030306637e-06
2012,E02004039,E07000032,8055,97155,27,2575,0.010485436893203883,84.46019417475728,male,90+,17,0.002110490378646803,2.2129413679015022e-05,0.0002779064381658175,5.865188639129605e-07
2012,E02005829,E07000170,6670,97155,27,2570,0.010505836575875487,70.0739299610895,female,90+,42,0.006296851574212893,6.615369358122495e-05,0.0002779064381658175,1.7499355926483261e-06
2012,E02005829,E07000170,6670,97155,27,2570,0.010505836575875487,70.0739299610895,male,90+,7,0.0010494752623688155,1.1025615596870825e-05,0.0002779064381658175,2.916559321080543e-07
2012,E02005882,E07000174,7817,97155,29,3133,0.00925630386211299,72.35652729013725,female,90+,26,0.0033260841755149034,3.07872457995315e-05,0.0002984921002521744,9.928098511649653e-07
2012,E02005882,E07000174,7817,97155,29,3133,0.00925630386211299,72.35652729013725,male,90+,20,0.002558526288857618,2.3682496768870388e-05,0.0002984921002521744,7.636998855115118e-07
2012,E02005885,E07000174,8195,97155,34,3621,0.009389671361502348,76.94835680751174,female,90+,58,0.007077486272117145,6.645527016072437e-05,0.00034995625546806647,2.476810593916761e-06
2012,E02005885,E07000174,8195,97155,34,3621,0.009389671361502348,76.94835680751174,male,90+,11,0.0013422818791946308,1.260358572013738e-05,0.00034995625546806647,4.697399402255925e-07
2012,E02005821,E07000170,6379,97155,34,2601,0.013071895424836602,83.38562091503269,female,90+,19,0.002978523279510895,3.893494483020778e-05,0.00034995625546806647,1.042352853722098e-06
2012,E02005821,E07000170,6379,97155,34,2601,0.013071895424836602,83.38562091503269,male,90+,5,0.0007838219156607619,1.0246038113212574e-05,0.00034995625546806647,2.7430338255844686e-07
2012,E02004037,E07000032,7801,97155,43,2364,0.018189509306260575,141.89636209813875,female,90+,33,0.004230226893987951,7.69457514557876e-05,0.0004425917348566723,1.8722634598474795e-06
2012,E02004037,E07000032,7801,97155,43,2364,0.018189509306260575,141.89636209813875,male,90+,13,0.001666453018843738,3.0311962694704202e-05,0.0004425917348566723,7.375583326671889e-07
2012,E02005881,E07000174,5693,97155,43,2422,0.017753922378199834,101.07308009909165,female,90+,48,0.00843140699104163,0.00014969054525796452,0.0004425917348566723,3.73167104744779e-06
2012,E02005881,E07000174,5693,97155,43,2422,0.017753922378199834,101.07308009909165,male,90+,18,0.003161777621640611,5.613395447173669e-05,0.0004425917348566723,1.3993766427929214e-06
2012,E02004038,E07000032,7843,97155,46,2744,0.016763848396501458,131.47886297376093,female,90+,128,0.016320285604998087,0.000273590793669793,0.0004734702279862076,7.727169346198466e-06
2012,E02004038,E07000032,7843,97155,46,2744,0.016763848396501458,131.47886297376093,male,90+,30,0.003825066938671427,6.412284226635774e-05,0.0004734702279862076,1.8110553155152655e-06
2012,E02004036,E07000032,9930,97155,53,3520,0.015056818181818182,149.51420454545453,female,90+,61,0.006143001007049346,9.249404925386799e-05,0.0005455200452884565,3.3511301875725933e-06
2012,E02004036,E07000032,9930,97155,53,3520,0.015056818181818182,149.51420454545453,male,90+,19,0.0019133937562940584,2.8809621898745766e-05,0.0005455200452884565,1.0437946485881847e-06
2012,E02004033,E07000032,8889,97155,87,3254,0.026736324523663185,237.65918869084206,female,90+,82,0.009224884688941387,0.00024663951073690865,0.0008954763007565231,8.260665616158723e-06
2012,E02004033,E07000032,8889,97155,87,3254,0.026736324523663185,237.65918869084206,male,90+,29,0.0032624592192597593,8.722616843134576e-05,0.0008954763007565231,2.9214549130317435e-06
2012,E02004034,E07000032,7217,97155,77,2551,0.03018424147393179,217.83967071736572,female,90+,45,0.006235277816267147,0.00018820713126325766,0.0007925479903247388,4.941756902398953e-06
2012,E02004034,E07000032,7217,97155,77,2551,0.03018424147393179,217.83967071736572,male,90+,20,0.002771234585007621,8.364761389478118e-05,0.0007925479903247388,2.1963364010662014e-06
2012,E02004035,E07000032,6545,97155,85,2141,0.039701074264362445,259.8435310602522,female,90+,31,0.004736440030557678,0.00018804175740186948,0.0008748906386701663,4.143867043357548e-06
2012,E02004035,E07000032,6545,97155,85,2141,0.039701074264362445,259.8435310602522,male,90+,15,0.002291825821237586,9.098794712993686e-05,0.0008748906386701663,2.00509695646333e-06
2012,E02004043,E07000032,7034,97155,16,2595,0.006165703275529865,43.369556840077074,female,90+,61,0.008672163775945409,5.346998859927805e-05,0.00016468529669085483,1.4281778643932536e-06
2012,E02004043,E07000032,7034,97155,16,2595,0.006165703275529865,43.369556840077074,male,90+,11,0.0015638328120557293,9.64212909167309e-06,0.00016468529669085483,2.575402706282916e-07
2012,E02002820,E06000015,9785,97155,11,3613,0.003044561306393579,29.791032383061168,female,90+,43,0.004394481349003577,1.3379267876844548e-05,0.00011322114147496269,4.97548194524619e-07
2012,E02002820,E06000015,9785,97155,11,3613,0.003044561306393579,29.791032383061168,male,90+,16,0.0016351558507920285,4.978332233244482e-06,0.00011322114147496269,1.8513421191613725e-07
2012,E02002801,E06000015,7589,97155,9,2732,0.003294289897510981,25.000366032210835,female,90+,39,0.0051390169982869945,1.6929411780594052e-05,9.263547938860583e-05,4.760553032225099e-07
2012,E02002801,E06000015,7589,97155,9,2732,0.003294289897510981,25.000366032210835,male,90+,19,0.0025036236658321255,8.247662149520179e-06,9.263547938860583e-05,2.3192437849301765e-07
2012,E02002816,E06000015,9479,97155,9,2797,0.0032177332856632105,30.50089381480157,female,90+,39,0.004114358054647114,1.3238906861574554e-05,9.263547938860583e-05,3.8113553076860714e-07
2012,E02002816,E06000015,9479,97155,9,2797,0.0032177332856632105,30.50089381480157,male,90+,14,0.0014769490452579386,4.752428104154969e-06,9.263547938860583e-05,1.3681788284001284e-07
2012,E02002803,E06000015,7912,97155,8,2208,0.0036231884057971015,28.666666666666668,female,90+,15,0.0018958543983822042,6.8690376752978415e-06,8.234264834542741e-05,1.561096720401177e-07
2012,E02002803,E06000015,7912,97155,8,2208,0.0036231884057971015,28.666666666666668,male,90+,8,0.0010111223458038423,3.663486760158849e-06,8.234264834542741e-05,8.325849175472944e-08
2012,E02004084,E07000036,6139,97155,8,2240,0.0035714285714285713,21.925,female,90+,51,0.008307541944942173,2.966979266050776e-05,8.234264834542741e-05,6.840650049872614e-07
2012,E02004084,E07000036,6139,97155,8,2240,0.0035714285714285713,21.925,male,90+,20,0.0032578595862518323,1.1635212808042258e-05,8.234264834542741e-05,2.682607862695143e-07
2012,E02002825,E06000015,8582,97155,8,3211,0.002491435689816257,21.381501090003116,female,90+,75,0.008739221626660453,2.1773208661875935e-05,8.234264834542741e-05,7.196106532168558e-07
2012,E02002825,E06000015,8582,97155,8,3211,0.002491435689816257,21.381501090003116,male,90+,25,0.002913073875553484,7.257736220625311e-06,8.234264834542741e-05,2.398702177389519e-07
2012,E02004083,E07000036,7917,97155,8,2488,0.003215434083601286,25.456591639871384,female,90+,32,0.004041935076417835,1.2996575808417474e-05,8.234264834542741e-05,3.3282363863252207e-07
2012,E02004083,E07000036,7917,97155,8,2488,0.003215434083601286,25.456591639871384,male,90+,13,0.0016420361247947454,5.2798589221696e-06,8.234264834542741e-05,1.3520960319446208e-07
