year,ltla,ppln_ltla,total_trust_patients,patients_from_ltla_to_trust,total_patients_of_ltla,tfp_ltla,etc_ltla,sex,ag,ags_ppln_ltla,agsf_ppln_ltla,tfp_ltla_ags,ltla_frac_tp,ags_ltla_frac_tp
2016,E06000006,107716,16026,766,68329,0.011210467005224722,1207.546663934786,female,12-15,2876,0.0266998403208437,0.00029931767896158694,0.04779732933982279,0.001276181061136046
2016,E06000006,107716,16026,766,68329,0.011210467005224722,1207.546663934786,male,12-15,2840,0.02636562813323926,0.0002955710042597034,0.04779732933982279,0.0012602066111357339
2016,E06000007,178815,16026,1015,94334,0.010759641274619968,1923.9852545211695,female,12-15,4570,0.025557140060956853,0.0002749856590611148,0.06333458130537876,0.0016186507651236245
2016,E06000007,178815,16026,1015,94334,0.010759641274619968,1923.9852545211695,male,12-15,4895,0.02737466096244722,0.00029454153197027507,0.06333458130537876,0.0017337626904332917
2016,E06000049,326712,16026,41,168475,0.00024335954889449473,79.50848493841816,female,12-15,7970,0.024394573814246187,5.936652478908406e-06,0.002558342693123674,6.240967966954285e-05
2016,E06000049,326712,16026,41,168475,0.00024335954889449473,79.50848493841816,male,12-15,8208,0.025123044148975246,6.113932690951091e-06,0.002558342693123674,6.427335642755429e-05
2016,E06000050,290573,16026,1478,152550,0.009688626679777122,2815.253320222878,female,12-15,6905,0.023763391643408027,0.0002302346302783157,0.09222513415699489,0.0021915819823385167
2016,E06000050,290573,16026,1478,152550,0.009688626679777122,2815.253320222878,male,12-15,7162,0.024647850970324153,0.00023880382651025303,0.09222513415699489,0.002273151362419762
2016,E06000051,275857,16026,52,126584,0.00041079441319598055,113.32051444100361,female,12-15,6804,0.02466495321851539,1.0132224983906341e-05,0.0032447273181080744,8.003104750797456e-05
2016,E06000051,275857,16026,52,126584,0.00041079441319598055,113.32051444100361,male,12-15,6690,0.02425169562490711,9.962461073241245e-06,0.0032447273181080744,7.869013930457816e-05
2016,E07000031,92681,16026,8,47050,0.0001700318809776833,15.758724760892667,female,12-15,2029,0.021892297234600403,3.7223884777216413e-06,0.000499188818170473,1.092838998357689e-05
2016,E07000031,92681,16026,8,47050,0.0001700318809776833,15.758724760892667,male,12-15,2238,0.024147344115838198,4.105818340631362e-06,0.000499188818170473,1.2054084171140996e-05
2016,E07000118,98213,16026,18,46590,0.000386349001931745,37.94449452672247,female,12-15,2348,0.02390722205817967,9.236531381138314e-06,0.0011231748408835642,2.685199033116399e-05
2016,E07000118,98213,16026,18,46590,0.000386349001931745,37.94449452672247,male,12-15,2554,0.026004704061580442,1.0046891459722e-05,0.0011231748408835642,2.920782934658979e-05
2016,E07000121,123490,16026,17,61488,0.0002764767109029404,34.14210902940411,female,12-15,2740,0.022188031419548143,6.13447394828777e-06,0.001060776238612255,2.353653651143881e-05
2016,E07000121,123490,16026,17,61488,0.0002764767109029404,34.14210902940411,male,12-15,2918,0.023629443679650173,6.532990869015954e-06,0.001060776238612255,2.506555238699943e-05
2016,E07000127,98564,16026,818,52609,0.015548670379592846,1532.5391472941892,female,12-15,2297,0.023304654843553426,0.0003623563964725941,0.051042056657930865,0.0011895175129181769
2016,E07000127,98564,16026,818,52609,0.015548670379592846,1532.5391472941892,male,12-15,2607,0.026449819406679925,0.00041125952355422414,0.051042056657930865,0.001350053180747796
2016,E08000010,277155,16026,699,143442,0.004873049734387418,1350.5900991341448,female,12-15,6903,0.024906640688423444,0.00012137129879120472,0.04361662298764508,0.0010863435567957061
2016,E08000010,277155,16026,699,143442,0.004873049734387418,1350.5900991341448,male,12-15,7292,0.02631018744024102,0.00012821085191734967,0.04361662298764508,0.0011475615263152673
2016,E08000011,125368,16026,1314,82126,0.01599980517741032,2005.863575481577,female,12-15,3223,0.025708314721460023,0.0004113280269829101,0.08199176338450019,0.002107870057656213
2016,E08000011,125368,16026,1314,82126,0.01599980517741032,2005.863575481577,male,12-15,3276,0.02613107012953864,0.00041809203114986454,0.08199176338450019,0.002142532519044913
2016,E08000012,422923,16026,3002,226855,0.013233122479116616,5596.591858235437,female,12-15,8746,0.020679887355381475,0.00027365948222809805,0.18732060401846998,0.003873768990443978
2016,E08000012,422923,16026,3002,226855,0.013233122479116616,5596.591858235437,male,12-15,9025,0.021339581909709332,0.00028238930106432486,0.18732060401846998,0.003997343372828367
2016,E08000013,153683,16026,1334,88224,0.015120602103735946,2323.7794931084513,female,12-15,3580,0.023294704033627663,0.0003522299508167767,0.08323973542992637,0.0019390450006776052
2016,E08000013,153683,16026,1334,88224,0.015120602103735946,2323.7794931084513,male,12-15,3869,0.025175198297794812,0.0003806641563436058,0.08323973542992637,0.002095576845704373
2016,E08000014,239116,16026,2743,140905,0.019467016784358256,4654.875185408609,female,12-15,5696,0.023821074290302613,0.0004637252530307659,0.17115936603020093,0.0040771999736865135
2016,E08000014,239116,16026,2743,140905,0.019467016784358256,4654.875185408609,male,12-15,5801,0.024260191706117533,0.00047227355913473894,0.17115936603020093,0.004152359032190215
2016,E08000015,276407,16026,2721,155036,0.017550762403570782,4851.153583683789,female,12-15,6969,0.02521282022524755,0.0004425042172972637,0.1697865967802321,0.004280798941276587
2016,E08000015,276407,16026,2721,155036,0.017550762403570782,4851.153583683789,male,12-15,7321,0.02648630461601913,0.0004648548392643518,0.1697865967802321,0.004497019522038441
2016,E06000006,107716,16026,766,68329,0.011210467005224722,1207.546663934786,female,16-17,1452,0.013479891566712466,0.00015111587964263708,0.04779732933982279,0.0006443028166792555
2016,E06000006,107716,16026,766,68329,0.011210467005224722,1207.546663934786,male,16-17,1601,0.014863158676519737,0.00016662294993654406,0.04779732933982279,0.0007104192902916584
2016,E06000007,178815,16026,1015,94334,0.010759641274619968,1923.9852545211695,female,16-17,2459,0.013751642759276346,0.0001479627430265386,0.06333458130537876,0.0008709545364199109
2016,E06000007,178815,16026,1015,94334,0.010759641274619968,1923.9852545211695,male,16-17,2566,0.014350026563767021,0.0001544011381074006,0.06333458130537876,0.0009088529241372474
2016,E06000049,326712,16026,41,168475,0.00024335954889449473,79.50848493841816,female,16-17,4291,0.01313389162320331,3.1962579406519406e-06,0.002558342693123674,3.3600995666500416e-05
2016,E06000049,326712,16026,41,168475,0.00024335954889449473,79.50848493841816,male,16-17,4412,0.013504248390019345,3.2863877963543145e-06,0.002558342693123674,3.454849519473313e-05
2016,E06000050,290573,16026,1478,152550,0.009688626679777122,2815.253320222878,female,16-17,3624,0.012471908952311468,0.00012083566982311602,0.09222513415699489,0.0011502234763207508
2016,E06000050,290573,16026,1478,152550,0.009688626679777122,2815.253320222878,male,16-17,3744,0.012884886069937675,0.00012483685094308674,0.09222513415699489,0.0011883103463975967
2016,E06000051,275857,16026,52,126584,0.00041079441319598055,113.32051444100361,female,16-17,3671,0.013307619527508818,5.466695754838357e-06,0.0032447273181080744,4.3179596619896324e-05
2016,E06000051,275857,16026,52,126584,0.00041079441319598055,113.32051444100361,male,16-17,3761,0.013633875522462726,5.600719894837118e-06,0.0032447273181080744,4.4238208359419805e-05
2016,E07000031,92681,16026,8,47050,0.0001700318809776833,15.758724760892667,female,16-17,1054,0.011372341688156148,1.933660648358112e-06,0.000499188818170473,5.676945807141469e-06
2016,E07000031,92681,16026,8,47050,0.0001700318809776833,15.758724760892667,male,16-17,1226,0.013228169743528879,2.2492105833842937e-06,0.000499188818170473,6.60335442083059e-06
2016,E07000118,98213,16026,18,46590,0.000386349001931745,37.94449452672247,female,16-17,1202,0.012238705670328776,4.7284117206679105e-06,0.0011231748408835642,1.3746206293892298e-05
2016,E07000118,98213,16026,18,46590,0.000386349001931745,37.94449452672247,male,16-17,1242,0.012645983729241547,4.885763192237558e-06,0.0011231748408835642,1.4203650762907016e-05
2016,E07000121,123490,16026,17,61488,0.0002764767109029404,34.14210902940411,female,16-17,1639,0.013272329743299052,3.6694900734465893e-06,0.001060776238612255,1.4078972022718323e-05
2016,E07000121,123490,16026,17,61488,0.0002764767109029404,34.14210902940411,male,16-17,1589,0.012867438659000729,3.557547118185864e-06,0.001060776238612255,1.3649473181268711e-05
2016,E07000127,98564,16026,818,52609,0.015548670379592846,1532.5391472941892,female,16-17,1238,0.01256036686822775,0.00019529700428083218,0.051042056657930865,0.0006411069573324785
2016,E07000127,98564,16026,818,52609,0.015548670379592846,1532.5391472941892,male,16-17,1392,0.014122803457651881,0.00021959081579880324,0.051042056657930865,0.0007208569342542892
2016,E08000010,277155,16026,699,143442,0.004873049734387418,1350.5900991341448,female,16-17,3487,0.012581407515650088,6.130982455235853e-05,0.04361662298764508,0.0005487585082640342
2016,E08000010,277155,16026,699,143442,0.004873049734387418,1350.5900991341448,male,16-17,3880,0.01399938662481283,6.821970727363094e-05,0.04361662298764508,0.0006106059684727424
2016,E08000011,125368,16026,1314,82126,0.01599980517741032,2005.863575481577,female,16-17,1758,0.014022717120796375,0.0002243607419906782,0.08199176338450019,0.0011497473041761162
2016,E08000011,125368,16026,1314,82126,0.01599980517741032,2005.863575481577,male,16-17,1838,0.01466083849148108,0.0002345705596011755,0.08199176338450019,0.0012020680006118894
2016,E08000012,422923,16026,3002,226855,0.013233122479116616,5596.591858235437,female,16-17,4837,0.011437070104960005,0.00015134814950117887,0.18732060401846998,0.002142398880262694
2016,E08000012,422923,16026,3002,226855,0.013233122479116616,5596.591858235437,male,16-17,4944,0.011690071242282874,0.00015469614453872822,0.18732060401846998,0.0021897912061233735
2016,E08000013,153683,16026,1334,88224,0.015120602103735946,2323.7794931084513,female,16-17,1964,0.012779552715654952,0.00019323453167713667,0.08323973542992637,0.0010637665869639152
2016,E08000013,153683,16026,1334,88224,0.015120602103735946,2323.7794931084513,male,16-17,2157,0.014035384525289069,0.00021222346477982882,0.08323973542992637,0.0011683016945423447
2016,E08000014,239116,16026,2743,140905,0.019467016784358256,4654.875185408609,female,16-17,3023,0.012642399504842838,0.00024610980335533803,0.17115936603020093,0.0021638650843494264
2016,E08000014,239116,16026,2743,140905,0.019467016784358256,4654.875185408609,male,16-17,3106,0.012989511366867964,0.000252867035799431,0.17115936603020093,0.0022232765305952094
2016,E08000015,276407,16026,2721,155036,0.017550762403570782,4851.153583683789,female,16-17,3737,0.013519918091799412,0.00023728487014490956,0.1697865967802321,0.002295500881554112
2016,E08000015,276407,16026,2721,155036,0.017550762403570782,4851.153583683789,male,16-17,3874,0.014015564005253124,0.00024598383380823645,0.1697865967802321,0.002379654914407447
2016,E06000006,107716,16026,766,68329,0.011210467005224722,1207.546663934786,female,18-24,5018,0.046585465483307956,0.000522244823723659,0.04779732933982279,0.002226660836154617
2016,E06000006,107716,16026,766,68329,0.011210467005224722,1207.546663934786,male,18-24,5141,0.0477273571242898,0.0005350459622884278,0.04779732933982279,0.002281240206989017
2016,E06000007,178815,16026,1015,94334,0.010759641274619968,1923.9852545211695,female,18-24,7384,0.04129407488186114,0.0004443094324961208,0.06333458130537876,0.002615342943035633
2016,E06000007,178815,16026,1015,94334,0.010759641274619968,1923.9852545211695,male,18-24,8178,0.045734418253502225,0.0004920859343111154,0.06333458130537876,0.0028965702313306354
2016,E06000049,326712,16026,41,168475,0.00024335954889449473,79.50848493841816,female,18-24,12453,0.03811613898479395,9.27592638893932e-06,0.002558342693123674,9.751414566183401e-05
2016,E06000049,326712,16026,41,168475,0.00024335954889449473,79.50848493841816,male,18-24,13453,0.04117693871054629,1.0020801229454803e-05,0.002558342693123674,0.00010534472027532746
2016,E06000050,290573,16026,1478,152550,0.009688626679777122,2815.253320222878,female,18-24,13872,0.04774015479758959,0.0004625365374686163,0.09222513415699489,0.0044028421808834034
2016,E06000050,290573,16026,1478,152550,0.009688626679777122,2815.253320222878,male,18-24,13905,0.047853723504936795,0.0004636368622766082,0.09222513415699489,0.004413316070154535
2016,E06000051,275857,16026,52,126584,0.00041079441319598055,113.32051444100361,female,18-24,10259,0.03718955835813483,1.5277262802747672e-05,0.0032447273181080744,0.00012066997595301455
2016,E06000051,275857,16026,52,126584,0.00041079441319598055,113.32051444100361,male,18-24,11916,0.043196293731897324,1.7744796135835972e-05,0.0032447273181080744,0.00014016019431290782
2016,E07000031,92681,16026,8,47050,0.0001700318809776833,15.758724760892667,female,18-24,2884,0.03111748902148229,5.290965189625044e-06,0.000499188818170473,1.5533502569066412e-05
2016,E07000031,92681,16026,8,47050,0.0001700318809776833,15.758724760892667,male,18-24,3627,0.03913423463277263,6.654067525232328e-06,0.000499188818170473,1.9535372336339764e-05
2016,E07000118,98213,16026,18,46590,0.000386349001931745,37.94449452672247,female,18-24,3845,0.03914960341299013,1.5125410204632376e-05,0.0011231748408835642,4.3971849584039834e-05
2016,E07000118,98213,16026,18,46590,0.000386349001931745,37.94449452672247,male,18-24,4106,0.04180709274739597,1.6152128556624327e-05,0.0011231748408835642,4.695667474436088e-05
2016,E07000121,123490,16026,17,61488,0.0002764767109029404,34.14210902940411,female,18-24,9765,0.07907522876346262,2.1862459162419734e-05,0.001060776238612255,8.388112373510947e-05
2016,E07000121,123490,16026,17,61488,0.0002764767109029404,34.14210902940411,male,18-24,10297,0.0833832699003968,2.3053532206393858e-05,0.001060776238612255,8.845099140813337e-05
2016,E07000127,98564,16026,818,52609,0.015548670379592846,1532.5391472941892,female,18-24,6460,0.06554117121870054,0.0010190780675720323,0.051042056657930865,0.003345356174772061
2016,E07000127,98564,16026,818,52609,0.015548670379592846,1532.5391472941892,male,18-24,5887,0.05972768962298608,0.0009286861584824386,0.051042056657930865,0.0030486241177837647
2016,E08000010,277155,16026,699,143442,0.004873049734387418,1350.5900991341448,female,18-24,12010,0.04333315292886652,0.00021116460937018237,0.04361662298764508,0.001890045794164339
2016,E08000010,277155,16026,699,143442,0.004873049734387418,1350.5900991341448,male,18-24,12844,0.04634229943533402,0.00022582832995425665,0.04361662298764508,0.0020212946028515216
2016,E08000011,125368,16026,1314,82126,0.01599980517741032,2005.863575481577,female,18-24,6629,0.0528763320783613,0.0008460110117498326,0.08199176338450019,0.004335423708409257
2016,E08000011,125368,16026,1314,82126,0.01599980517741032,2005.863575481577,male,18-24,6582,0.05250143577308404,0.0008400127439036655,0.08199176338450019,0.00430468529925324
2016,E08000012,422923,16026,3002,226855,0.013233122479116616,5596.591858235437,female,18-24,35790,0.08462533368958415,0.0011198574055503807,0.18732060401846998,0.015852068621997478
2016,E08000012,422923,16026,3002,226855,0.013233122479116616,5596.591858235437,male,18-24,33507,0.07922718792782611,0.0010484230815249124,0.18732060401846998,0.01484088469732522
2016,E08000013,153683,16026,1334,88224,0.015120602103735946,2323.7794931084513,female,18-24,6788,0.04416884105593982,0.0006678594709900223,0.08323973542992637,0.0036766026437429003
2016,E08000013,153683,16026,1334,88224,0.015120602103735946,2323.7794931084513,male,18-24,7089,0.0461274181269236,0.0006974743355698686,0.08323973542992637,0.0038396340809507103
2016,E08000014,239116,16026,2743,140905,0.019467016784358256,4654.875185408609,female,18-24,9652,0.04036534568995801,0.0007857928620528358,0.17115936603020093,0.006908906977883117
2016,E08000014,239116,16026,2743,140905,0.019467016784358256,4654.875185408609,male,18-24,10505,0.04393265193462587,0.0008552376725927311,0.17115936603020093,0.007519484853156045
2016,E08000015,276407,16026,2721,155036,0.017550762403570782,4851.153583683789,female,18-24,11064,0.04002792982811579,0.000702520685920064,0.1697865967802321,0.006796205981673721
2016,E08000015,276407,16026,2721,155036,0.017550762403570782,4851.153583683789,male,18-24,12046,0.04358066185009786,0.000764873841521429,0.1697865967802321,0.00739941226095821
2016,E06000006,107716,16026,766,68329,0.011210467005224722,1207.546663934786,female,25-29,4223,0.039204946340376544,0.00043950575739039696,0.04779732933982279,0.0018738917319810577
2016,E06000006,107716,16026,766,68329,0.011210467005224722,1207.546663934786,male,25-29,3951,0.03667978758958743,0.00041119754853172116,0.04779732933982279,0.0017531958875342552
2016,E06000007,178815,16026,1015,94334,0.010759641274619968,1923.9852545211695,female,25-29,6526,0.03649581970192657,0.0003926819280159377,0.06333458130537876,0.0023114474602181126
2016,E06000007,178815,16026,1015,94334,0.010759641274619968,1923.9852545211695,male,25-29,6651,0.03719486620249979,0.000400203417596384,0.06333458130537876,0.0023557212776449074
2016,E06000049,326712,16026,41,168475,0.00024335954889449473,79.50848493841816,female,25-29,9241,0.028284850265677418,6.883388401203586e-06,0.002558342693123674,7.236234000329303e-05
2016,E06000049,326712,16026,41,168475,0.00024335954889449473,79.50848493841816,male,25-29,9464,0.028967408604520187,7.049495490638538e-06,0.002558342693123674,7.410855814210206e-05
2016,E06000050,290573,16026,1478,152550,0.009688626679777122,2815.253320222878,female,25-29,9643,0.033186152877245995,0.00032152824616564783,0.09222513415699489,0.0030605974012585537
2016,E06000050,290573,16026,1478,152550,0.009688626679777122,2815.253320222878,male,25-29,9224,0.03174417444153448,0.00030755745542175003,0.09222513415699489,0.002927610746573566
2016,E06000051,275857,16026,52,126584,0.00041079441319598055,113.32051444100361,female,25-29,7888,0.028594525424404674,1.1746471292335865e-05,0.0032447273181080744,9.278143779290172e-05
2016,E06000051,275857,16026,52,126584,0.00041079441319598055,113.32051444100361,male,25-29,9271,0.03360799254686305,1.3805975576983495e-05,0.0032447273181080744,0.0001090487715235791
2016,E07000031,92681,16026,8,47050,0.0001700318809776833,15.758724760892667,female,25-29,2103,0.02269073488633053,3.85814833348872e-06,0.000499188818170473,1.132696113132686e-05
2016,E07000031,92681,16026,8,47050,0.0001700318809776833,15.758724760892667,male,25-29,2350,0.025355790291429744,4.311292716927481e-06,0.000499188818170473,1.2657326989357167e-05
2016,E07000118,98213,16026,18,46590,0.000386349001931745,37.94449452672247,female,25-29,3435,0.03497500330913423,1.3512557621043489e-05,0.0011231748408835642,3.928304377663897e-05
2016,E07000118,98213,16026,18,46590,0.000386349001931745,37.94449452672247,male,25-29,3564,0.03628847504912792,1.4020016116855602e-05,0.0011231748408835642,4.075830218921144e-05
2016,E07000121,123490,16026,17,61488,0.0002764767109029404,34.14210902940411,female,25-29,4136,0.033492590493157344,9.259921259167233e-06,0.001060776238612255,3.552814416471202e-05
2016,E07000121,123490,16026,17,61488,0.0002764767109029404,34.14210902940411,male,25-29,4489,0.03635112154830351,1.0050238523307956e-05,0.001060776238612255,3.856040598534628e-05
2016,E07000127,98564,16026,818,52609,0.015548670379592846,1532.5391472941892,female,25-29,2878,0.029199301976380827,0.0004540103217449394,0.051042056657930865,0.0014903924258504629
2016,E07000127,98564,16026,818,52609,0.015548670379592846,1532.5391472941892,male,25-29,3334,0.03382573759181851,0.0005259452441617888,0.051042056657930865,0.0017265352146579025
2016,E08000010,277155,16026,699,143442,0.004873049734387418,1350.5900991341448,female,25-29,10344,0.037322076094604105,0.00018187233299959754,0.04361662298764508,0.0016278629221345483
2016,E08000010,277155,16026,699,143442,0.004873049734387418,1350.5900991341448,male,25-29,10492,0.03785607331637531,0.00018447452801931334,0.04361662298764508,0.0016511540776329929
2016,E08000011,125368,16026,1314,82126,0.01599980517741032,2005.863575481577,female,25-29,5459,0.0435438070320975,0.0006966924291963096,0.08199176338450019,0.003570233523036074
2016,E08000011,125368,16026,1314,82126,0.01599980517741032,2005.863575481577,male,25-29,4867,0.03882170888903069,0.0006211397788786296,0.08199176338450019,0.0031830603694113523
2016,E08000012,422923,16026,3002,226855,0.013233122479116616,5596.591858235437,female,25-29,21315,0.05039924525268193,0.0006669393852837766,0.18732060401846998,0.009440817062807385
2016,E08000012,422923,16026,3002,226855,0.013233122479116616,5596.591858235437,male,25-29,23694,0.056024382689047414,0.0007413775179410651,0.18732060401846998,0.010494521205074275
2016,E08000013,153683,16026,1334,88224,0.015120602103735946,2323.7794931084513,female,25-29,5917,0.038501330661166164,0.0005821633013918623,0.08323973542992637,0.0032048405779355835
2016,E08000013,153683,16026,1334,88224,0.015120602103735946,2323.7794931084513,male,25-29,5621,0.03657528809302265,0.0005530403780841065,0.08323973542992637,0.0030445173041365415
2016,E08000014,239116,16026,2743,140905,0.019467016784358256,4654.875185408609,female,25-29,8021,0.03354438849763295,0.0006530091739044546,0.17115936603020093,0.00574143626912562
2016,E08000014,239116,16026,2743,140905,0.019467016784358256,4654.875185408609,male,25-29,8290,0.0346693654962445,0.0006749091200184426,0.17115936603020093,0.0059339866190065305
2016,E08000015,276407,16026,2721,155036,0.017550762403570782,4851.153583683789,female,25-29,9620,0.03480374954324601,0.0006108323389868959,0.1697865967802321,0.005909210190139298
2016,E08000015,276407,16026,2721,155036,0.017550762403570782,4851.153583683789,male,25-29,9377,0.03392461117120767,0.000595402790299389,0.1697865967802321,0.005759944277851995
2016,E06000006,107716,16026,766,68329,0.011210467005224722,1207.546663934786,female,30-34,4128,0.03832299751197594,0.00042961869914931537,0.04779732933982279,0.0018317369333691231
2016,E06000006,107716,16026,766,68329,0.011210467005224722,1207.546663934786,male,30-34,4031,0.03742248133981953,0.00041952349231368465,0.04779732933982279,0.0017886946653127267
2016,E06000007,178815,16026,1015,94334,0.010759641274619968,1923.9852545211695,female,30-34,6751,0.037754103402958365,0.00040622060926074103,0.06333458130537876,0.002391140331586344
2016,E06000007,178815,16026,1015,94334,0.010759641274619968,1923.9852545211695,male,30-34,6691,0.03741856108268322,0.0004026102942621268,0.06333458130537876,0.0023698888992214817
2016,E06000049,326712,16026,41,168475,0.00024335954889449473,79.50848493841816,female,30-34,10293,0.03150481157716888,7.666996733425875e-06,0.002558342693123674,8.060010449668814e-05
2016,E06000049,326712,16026,41,168475,0.00024335954889449473,79.50848493841816,male,30-34,9528,0.029163299786968338,7.097167480431529e-06,0.002558342693123674,7.460971491736564e-05
2016,E06000050,290573,16026,1478,152550,0.009688626679777122,2815.253320222878,female,30-34,9756,0.033575039663010675,0.0003252960250536203,0.09222513415699489,0.003096462537247584
2016,E06000050,290573,16026,1478,152550,0.009688626679777122,2815.253320222878,male,30-34,9234,0.03177858920133667,0.0003078908871817476,0.09222513415699489,0.0029307846524133036
2016,E06000051,275857,16026,52,126584,0.00041079441319598055,113.32051444100361,female,30-34,7849,0.028453147826591314,1.1688394165003068e-05,0.0032447273181080744,9.232270603910822e-05
2016,E06000051,275857,16026,52,126584,0.00041079441319598055,113.32051444100361,male,30-34,8505,0.030831191523144237,1.2665281229882926e-05,0.0032447273181080744,0.0001000388093849682
2016,E07000031,92681,16026,8,47050,0.0001700318809776833,15.758724760892667,female,30-34,2328,0.025118416935509976,4.270931678726457e-06,0.000499188818170473,1.2538832864350419e-05
2016,E07000031,92681,16026,8,47050,0.0001700318809776833,15.758724760892667,male,30-34,2231,0.024071816229863725,4.092976192112854e-06,0.000499188818170473,1.2016381495002484e-05
2016,E07000118,98213,16026,18,46590,0.000386349001931745,37.94449452672247,female,30-34,3585,0.03650229603005712,1.4102625639429666e-05,0.0011231748408835642,4.099846053544416e-05
2016,E07000118,98213,16026,18,46590,0.000386349001931745,37.94449452672247,male,30-34,3571,0.03635974870943765,1.4047552624380289e-05,0.0011231748408835642,4.0838354971289014e-05
2016,E07000121,123490,16026,17,61488,0.0002764767109029404,34.14210902940411,female,30-34,3957,0.03204308041136934,8.859165479333835e-06,0.001060776238612255,3.39905383123224e-05
2016,E07000121,123490,16026,17,61488,0.0002764767109029404,34.14210902940411,male,30-34,3722,0.03014009231516722,8.333033589608423e-06,0.001060776238612255,3.1971893757509214e-05
2016,E07000127,98564,16026,818,52609,0.015548670379592846,1532.5391472941892,female,30-34,2719,0.02758613692626111,0.00042892775011274856,0.051042056657930865,0.0014080531639636584
2016,E07000127,98564,16026,818,52609,0.015548670379592846,1532.5391472941892,male,30-34,2531,0.025678746804106978,0.0003992703698180826,0.051042056657930865,0.0013106960492798895
2016,E08000010,277155,16026,699,143442,0.004873049734387418,1350.5900991341448,female,30-34,10432,0.0376395879561978,0.00018341958409240152,0.04361662298764508,0.0016417117172957856
2016,E08000010,277155,16026,699,143442,0.004873049734387418,1350.5900991341448,male,30-34,10264,0.037033428947700744,0.00018046574109704844,0.04361662298764508,0.001615273108351605
2016,E08000011,125368,16026,1314,82126,0.01599980517741032,2005.863575481577,female,30-34,5042,0.040217599387403484,0.0006434737549015924,0.08199176338450019,0.0032975118928646064
2016,E08000011,125368,16026,1314,82126,0.01599980517741032,2005.863575481577,male,30-34,4372,0.03487333290791909,0.0005579665324136775,0.08199176338450019,0.002859326060215006
2016,E08000012,422923,16026,3002,226855,0.013233122479116616,5596.591858235437,female,30-34,17543,0.04148036403789815,0.0005489147377918505,0.18732060401846998,0.007770126846485101
2016,E08000012,422923,16026,3002,226855,0.013233122479116616,5596.591858235437,male,30-34,20583,0.04866843373380024,0.0006440353444661493,0.18732060401846998,0.009116600403648341
2016,E08000013,153683,16026,1334,88224,0.015120602103735946,2323.7794931084513,female,30-34,5600,0.03643864318109355,0.0005509742247413265,0.08323973542992637,0.003033143017819718
2016,E08000013,153683,16026,1334,88224,0.015120602103735946,2323.7794931084513,male,30-34,5445,0.035430073593045425,0.000535724045306522,0.08323973542992637,0.0029491899521479218
2016,E08000014,239116,16026,2743,140905,0.019467016784358256,4654.875185408609,female,30-34,7483,0.03129443450040984,0.0006092092816764785,0.17115936603020093,0.005356335569363796
2016,E08000014,239116,16026,2743,140905,0.019467016784358256,4654.875185408609,male,30-34,7270,0.03040365345689958,0.000591868432151276,0.17115936603020093,0.005203870050684859
2016,E08000015,276407,16026,2721,155036,0.017550762403570782,4851.153583683789,female,30-34,9490,0.03433342860347242,0.0006025778479195054,0.1697865967802321,0.005829355998380659
2016,E08000015,276407,16026,2721,155036,0.017550762403570782,4851.153583683789,male,30-34,8715,0.031529592231745215,0.0005533683819408313,0.1697865967802321,0.0053533021628964636
2016,E06000006,107716,16026,766,68329,0.011210467005224722,1207.546663934786,female,35-39,3926,0.03644769579263991,0.0004085956910998576,0.04779732933982279,0.001742102519478483
2016,E06000006,107716,16026,766,68329,0.011210467005224722,1207.546663934786,male,35-39,3615,0.033560473838612645,0.0003762285846474745,0.04779732933982279,0.0016041010208646754
2016,E06000007,178815,16026,1015,94334,0.010759641274619968,1923.9852545211695,female,35-39,6687,0.037396191594664875,0.0004023696065955525,0.06333458130537876,0.0023684721370638246
2016,E06000007,178815,16026,1015,94334,0.010759641274619968,1923.9852545211695,male,35-39,6434,0.035981321477504685,0.00038714611168472933,0.06333458130537876,0.0022788619305919916
2016,E06000049,326712,16026,41,168475,0.00024335954889449473,79.50848493841816,female,35-39,10826,0.03313621783099488,8.064015023420626e-06,0.002558342693123674,8.477380076568015e-05
2016,E06000049,326712,16026,41,168475,0.00024335954889449473,79.50848493841816,male,35-39,10171,0.031131394010627096,7.5761220028829854e-06,0.002558342693123674,7.964477439384194e-05
2016,E06000050,290573,16026,1478,152550,0.009688626679777122,2815.253320222878,female,35-39,9698,0.033375434056158004,0.00032336212084563444,0.09222513415699489,0.003078053883377108
2016,E06000050,290573,16026,1478,152550,0.009688626679777122,2815.253320222878,male,35-39,9076,0.031234835996462162,0.00030262266537378613,0.09222513415699489,0.002880636940145456
2016,E06000051,275857,16026,52,126584,0.00041079441319598055,113.32051444100361,female,35-39,8215,0.029779922206070536,1.2233425667664697e-05,0.0032447273181080744,9.662772711317034e-05
2016,E06000051,275857,16026,52,126584,0.00041079441319598055,113.32051444100361,male,35-39,8165,0.02959866887554059,1.215896781210983e-05,0.0032447273181080744,9.603960948010176e-05
2016,E07000031,92681,16026,8,47050,0.0001700318809776833,15.758724760892667,female,35-39,2569,0.02771873415263107,4.713068506292212e-06,0.000499188818170473,1.3836882142833432e-05
2016,E07000031,92681,16026,8,47050,0.0001700318809776833,15.758724760892667,male,35-39,2407,0.02597080307722187,4.41586449772104e-06,0.000499188818170473,1.2964334495056468e-05
2016,E07000118,98213,16026,18,46590,0.000386349001931745,37.94449452672247,female,35-39,3423,0.0348528198914604,1.3465352179572594e-05,0.0011231748408835642,3.9145810435934554e-05
2016,E07000118,98213,16026,18,46590,0.000386349001931745,37.94449452672247,male,35-39,3541,0.03605429016525307,1.3929539020703053e-05,0.0011231748408835642,4.049527161952797e-05
2016,E07000121,123490,16026,17,61488,0.0002764767109029404,34.14210902940411,female,35-39,3736,0.03025346181877075,8.364377617081426e-06,0.001060776238612255,3.209215343311511e-05
2016,E07000121,123490,16026,17,61488,0.0002764767109029404,34.14210902940411,male,35-39,3565,0.028868734310470483,7.981532710089745e-06,0.001060776238612255,3.062326739535743e-05
2016,E07000127,98564,16026,818,52609,0.015548670379592846,1532.5391472941892,female,35-39,2767,0.028073130148938762,0.00043649984720925904,0.051042056657930865,0.0014329102996275996
2016,E07000127,98564,16026,818,52609,0.015548670379592846,1532.5391472941892,male,35-39,2455,0.02490767420153403,0.00038728121608194103,0.051042056657930865,0.001271338917811983
2016,E08000010,277155,16026,699,143442,0.004873049734387418,1350.5900991341448,female,35-39,9742,0.03515000631415634,0.0001712877289329156,0.04361662298764508,0.001533124573417901
2016,E08000010,277155,16026,699,143442,0.004873049734387418,1350.5900991341448,male,35-39,9557,0.034482509786942325,0.00016803498515827084,0.04361662298764508,0.001504010629044845
2016,E08000011,125368,16026,1314,82126,0.01599980517741032,2005.863575481577,female,35-39,4383,0.03496107459638823,0.0005593703823351209,0.08199176338450019,0.0028665201559749244
2016,E08000011,125368,16026,1314,82126,0.01599980517741032,2005.863575481577,male,35-39,3669,0.029265841363027248,0.0004682477601614325,0.08199176338450019,0.0023995579402856485
2016,E08000012,422923,16026,3002,226855,0.013233122479116616,5596.591858235437,female,35-39,14650,0.0346398753437387,0.000458393713085026,0.18732060401846998,0.006488762372513638
2016,E08000012,422923,16026,3002,226855,0.013233122479116616,5596.591858235437,male,35-39,16811,0.03974955251901646,0.0005260106969742233,0.18732060401846998,0.007445910187326058
2016,E08000013,153683,16026,1334,88224,0.015120602103735946,2323.7794931084513,female,35-39,5034,0.03275573745957588,0.0004952864727406853,0.08323973542992637,0.0027265789199472246
2016,E08000013,153683,16026,1334,88224,0.015120602103735946,2323.7794931084513,male,35-39,4920,0.032013950794817905,0.0004840702117370227,0.08323973542992637,0.0026648327942273235
2016,E08000014,239116,16026,2743,140905,0.019467016784358256,4654.875185408609,female,35-39,7238,0.030269827196841702,0.0005892632341005414,0.17115936603020093,0.00518096443285516
2016,E08000014,239116,16026,2743,140905,0.019467016784358256,4654.875185408609,male,35-39,6774,0.028329346426002443,0.0005514878623648892,0.17115936603020093,0.004848832974324517
2016,E08000015,276407,16026,2721,155036,0.017550762403570782,4851.153583683789,female,35-39,9340,0.03379075059604134,0.0005930534351494393,0.1697865967802321,0.00573721654635146
2016,E08000015,276407,16026,2721,155036,0.017550762403570782,4851.153583683789,male,35-39,8470,0.030643218152941135,0.000537811841083057,0.1697865967802321,0.0052028077245821055
2016,E06000006,107716,16026,766,68329,0.011210467005224722,1207.546663934786,female,40-44,4283,0.039761966653050616,0.0004457502152268696,0.04779732933982279,0.0019005158153149115
2016,E06000006,107716,16026,766,68329,0.011210467005224722,1207.546663934786,male,40-44,3875,0.03597422852686695,0.0004032879019388559,0.04779732933982279,0.0017194720486447075
2016,E06000007,178815,16026,1015,94334,0.010759641274619968,1923.9852545211695,female,40-44,6981,0.03904034896401309,0.0004200601500887621,0.06333458130537876,0.0024726041556516463
2016,E06000007,178815,16026,1015,94334,0.010759641274619968,1923.9852545211695,male,40-44,7213,0.04033777926907698,0.00043402003475007036,0.06333458130537876,0.002554776360795778
2016,E06000049,326712,16026,41,168475,0.00024335954889449473,79.50848493841816,female,40-44,12537,0.03837324616175714,9.33849587554262e-06,0.002558342693123674,9.817191392936744e-05
2016,E06000049,326712,16026,41,168475,0.00024335954889449473,79.50848493841816,male,40-44,11954,0.036588799921643524,8.904233843522093e-06,0.002558342693123674,9.360668892970076e-05
2016,E06000050,290573,16026,1478,152550,0.009688626679777122,2815.253320222878,female,40-44,10875,0.037426051284875056,0.0003626070389973473,0.09222513415699489,0.003451622600714173
2016,E06000050,290573,16026,1478,152550,0.009688626679777122,2815.253320222878,male,40-44,10347,0.035608951967319745,0.0003450018420694761,0.09222513415699489,0.003284040372376051
2016,E06000051,275857,16026,52,126584,0.00041079441319598055,113.32051444100361,female,40-44,9282,0.033647868279579635,1.3822356305205564e-05,0.0032447273181080744,0.00010917815740285417
2016,E06000051,275857,16026,52,126584,0.00041079441319598055,113.32051444100361,male,40-44,8999,0.03262197442878013,1.3400924842765016e-05,0.0032447273181080744,0.00010584941159968593
2016,E07000031,92681,16026,8,47050,0.0001700318809776833,15.758724760892667,female,40-44,3081,0.033243059526763846,5.652379940788752e-06,0.000499188818170473,1.6594563597535927e-05
2016,E07000031,92681,16026,8,47050,0.0001700318809776833,15.758724760892667,male,40-44,2732,0.02947745492603662,5.012107107508883e-06,0.000499188818170473,1.4714815887201607e-05
2016,E07000118,98213,16026,18,46590,0.000386349001931745,37.94449452672247,female,40-44,3829,0.03898669218942503,1.5062469616004516e-05,0.0011231748408835642,4.378887179643395e-05
2016,E07000118,98213,16026,18,46590,0.000386349001931745,37.94449452672247,male,40-44,4143,0.04218382495189028,1.629767866782625e-05,0.0011231748408835642,4.737981087819949e-05
2016,E07000121,123490,16026,17,61488,0.0002764767109029404,34.14210902940411,female,40-44,3852,0.03119280913434286,8.62408527328631e-06,0.001060776238612255,3.308859074527821e-05
2016,E07000121,123490,16026,17,61488,0.0002764767109029404,34.14210902940411,male,40-44,3717,0.030099603206737387,8.32183929408235e-06,0.001060776238612255,3.192894387336426e-05
2016,E07000127,98564,16026,818,52609,0.015548670379592846,1532.5391472941892,female,40-44,3462,0.035124386185625585,0.0005461375030858166,0.051042056657930865,0.0017928209097617452
2016,E07000127,98564,16026,818,52609,0.015548670379592846,1532.5391472941892,male,40-44,3124,0.031695142242603794,0.0004928173193645555,0.051042056657930865,0.0016177852461281609
2016,E08000010,277155,16026,699,143442,0.004873049734387418,1350.5900991341448,female,40-44,10550,0.038065342497880246,0.00018549430714866143,0.04361662298764508,0.0016602816926256266
2016,E08000010,277155,16026,699,143442,0.004873049734387418,1350.5900991341448,male,40-44,10496,0.03787050567372048,0.0001845448576144408,0.04361662298764508,0.00165178356832214
2016,E08000011,125368,16026,1314,82126,0.01599980517741032,2005.863575481577,female,40-44,4479,0.03572682024120988,0.0005716221634677177,0.08199176338450019,0.0029293049916978525
2016,E08000011,125368,16026,1314,82126,0.01599980517741032,2005.863575481577,male,40-44,3806,0.030358624210324803,0.00048573207281940914,0.08199176338450019,0.0024891571329319104
2016,E08000012,422923,16026,3002,226855,0.013233122479116616,5596.591858235437,female,40-44,13447,0.031795385921314284,0.000420752236167532,0.18732060401846998,0.0059559308957809485
2016,E08000012,422923,16026,3002,226855,0.013233122479116616,5596.591858235437,male,40-44,13471,0.03185213383996614,0.00042150318832548703,0.18732060401846998,0.005966560950179605
2016,E08000013,153683,16026,1334,88224,0.015120602103735946,2323.7794931084513,female,40-44,5687,0.03700474353051411,0.0005595340028757007,0.08323973542992637,0.003080265061132274
2016,E08000013,153683,16026,1334,88224,0.015120602103735946,2323.7794931084513,male,40-44,5587,0.03635405347370887,0.0005496951774338914,0.08323973542992637,0.0030261017929569217
2016,E08000014,239116,16026,2743,140905,0.019467016784358256,4654.875185408609,female,40-44,8316,0.03477809933254153,0.0006770258434346646,0.17115936603020093,0.005952597433493162
2016,E08000014,239116,16026,2743,140905,0.019467016784358256,4654.875185408609,male,40-44,7340,0.030696398400776193,0.000597567302887258,0.17115936603020093,0.005253976089687327
2016,E08000015,276407,16026,2721,155036,0.017550762403570782,4851.153583683789,female,40-44,10094,0.0365186120467282,0.0006409294833403042,0.1697865967802321,0.006200370858551568
2016,E08000015,276407,16026,2721,155036,0.017550762403570782,4851.153583683789,male,40-44,9331,0.03375818991559548,0.0005924819703832355,0.1697865967802321,0.005731688179229708
2016,E06000006,107716,16026,766,68329,0.011210467005224722,1207.546663934786,female,45-49,4551,0.04224999071632812,0.0004736421268964472,0.04779732933982279,0.0020194367208727906
2016,E06000006,107716,16026,766,68329,0.011210467005224722,1207.546663934786,male,45-49,4457,0.04137732555980542,0.0004638591429526402,0.04779732933982279,0.001977725656983087
2016,E06000007,178815,16026,1015,94334,0.010759641274619968,1923.9852545211695,female,45-49,8162,0.04564494030142885,0.0004911231836448182,0.06333458130537876,0.0028909031827000055
2016,E06000007,178815,16026,1015,94334,0.010759641274619968,1923.9852545211695,male,45-49,7894,0.04414618460419987,0.00047499710998434146,0.06333458130537876,0.002795980118136957
2016,E06000049,326712,16026,41,168475,0.00024335954889449473,79.50848493841816,female,45-49,15054,0.046077279071475796,1.1213345849120092e-05,0.002558342693123674,0.00011788147023153048
2016,E06000049,326712,16026,41,168475,0.00024335954889449473,79.50848493841816,male,45-49,14089,0.04312360733612478,1.0494541628022651e-05,0.002558342693123674,0.0001103249657295093
2016,E06000050,290573,16026,1478,152550,0.009688626679777122,2815.253320222878,female,45-49,12655,0.0435518785296638,0.00042195789227691315,0.09222513415699489,0.00401657784018739
2016,E06000050,290573,16026,1478,152550,0.009688626679777122,2815.253320222878,male,45-49,12028,0.04139407309006687,0.0004010517209250661,0.09222513415699489,0.003817573944035869
2016,E06000051,275857,16026,52,126584,0.00041079441319598055,113.32051444100361,female,45-49,11431,0.041438136425756826,1.702255493695376e-05,0.0032447273181080744,0.00013445545327214246
2016,E06000051,275857,16026,52,126584,0.00041079441319598055,113.32051444100361,male,45-49,11590,0.04201452201684206,1.725933091761824e-05,0.0032447273181080744,0.0001363256673453006
2016,E07000031,92681,16026,8,47050,0.0001700318809776833,15.758724760892667,female,45-49,3994,0.04309405379743421,7.327363026131215e-06,0.000499188818170473,2.1512069785315967e-05
2016,E07000031,92681,16026,8,47050,0.0001700318809776833,15.758724760892667,male,45-49,3605,0.03889686127685286,6.613706487031304e-06,0.000499188818170473,1.9416878211333013e-05
2016,E07000118,98213,16026,18,46590,0.000386349001931745,37.94449452672247,female,45-49,4454,0.04535041185993707,1.752108635928026e-05,0.0011231748408835642,5.0936441624788925e-05
2016,E07000118,98213,16026,18,46590,0.000386349001931745,37.94449452672247,male,45-49,4380,0.04459694745094845,1.7229986136876412e-05,0.0011231748408835642,5.00901693571117e-05
2016,E07000121,123490,16026,17,61488,0.0002764767109029404,34.14210902940411,female,45-49,4701,0.0380678597457284,1.0524876653613434e-05,0.001060776238612255,4.038148107309264e-05
2016,E07000121,123490,16026,17,61488,0.0002764767109029404,34.14210902940411,male,45-49,4512,0.03653737144708073,1.010173228272789e-05,0.001060776238612255,3.8757975452413107e-05
2016,E07000127,98564,16026,818,52609,0.015548670379592846,1532.5391472941892,female,45-49,4122,0.04182054299744328,0.0006502538381628354,0.051042056657930865,0.002134606525140934
2016,E07000127,98564,16026,818,52609,0.015548670379592846,1532.5391472941892,male,45-49,3926,0.03983198733817621,0.0006193344416854177,0.051042056657930865,0.0020331065545131748
2016,E08000010,277155,16026,699,143442,0.004873049734387418,1350.5900991341448,female,45-49,12757,0.04602839566307662,0.0002242986612602345,0.04361662298764508,0.0020076031803625705
2016,E08000010,277155,16026,699,143442,0.004873049734387418,1350.5900991341448,male,45-49,12706,0.04584438310692573,0.00022340195892235946,0.04361662298764508,0.0019995771740759444
2016,E08000011,125368,16026,1314,82126,0.01599980517741032,2005.863575481577,female,45-49,5476,0.043679407823368,0.0006988620154385403,0.08199176338450019,0.0035813516710286757
2016,E08000011,125368,16026,1314,82126,0.01599980517741032,2005.863575481577,male,45-49,4699,0.037481654010592814,0.0005996991618965852,0.08199176338450019,0.0030731869068962286
2016,E08000012,422923,16026,3002,226855,0.013233122479116616,5596.591858235437,female,45-49,14946,0.03533976634044495,0.00046765545636647085,0.18732060401846998,0.006619866376763743
2016,E08000012,422923,16026,3002,226855,0.013233122479116616,5596.591858235437,male,45-49,15061,0.03561168345065177,0.0004712537687900051,0.18732060401846998,0.006670802054090641
2016,E08000013,153683,16026,1334,88224,0.015120602103735946,2323.7794931084513,female,45-49,6650,0.04327088877754859,0.0006542818918803253,0.08323973542992637,0.0036018573336609144
2016,E08000013,153683,16026,1334,88224,0.015120602103735946,2323.7794931084513,male,45-49,6305,0.0410260080815705,0.0006203379441060828,0.08323973542992637,0.0034149940584559495
2016,E08000014,239116,16026,2743,140905,0.019467016784358256,4654.875185408609,female,45-49,9756,0.04080028103514612,0.0007942597557177234,0.17115936603020093,0.006983350235829641
2016,E08000014,239116,16026,2743,140905,0.019467016784358256,4654.875185408609,male,45-49,9216,0.0385419628966694,0.0007502970386115763,0.17115936603020093,0.006596817934953461
2016,E08000015,276407,16026,2721,155036,0.017550762403570782,4851.153583683789,female,45-49,11823,0.04277388054571701,0.0007507142145365977,0.1697865967802321,0.007262431608941468
2016,E08000015,276407,16026,2721,155036,0.017550762403570782,4851.153583683789,male,45-49,11036,0.03992662993339532,0.0007007427955363183,0.1697865967802321,0.006779006617294936
2016,E06000006,107716,16026,766,68329,0.011210467005224722,1207.546663934786,female,50-54,4660,0.04326191095101935,0.00048498622529937244,0.04779732933982279,0.002067803805595958
2016,E06000006,107716,16026,766,68329,0.011210467005224722,1207.546663934786,male,50-54,4459,0.041395892903561216,0.0004640672915471892,0.04779732933982279,0.0019786131264275483
2016,E06000007,178815,16026,1015,94334,0.010759641274619968,1923.9852545211695,female,50-54,8146,0.04555546234935548,0.0004901604329785211,0.06333458130537876,0.0028852361340693756
2016,E06000007,178815,16026,1015,94334,0.010759641274619968,1923.9852545211695,male,50-54,8273,0.04626569359393787,0.0004978022663922545,0.06333458130537876,0.0029302183325749993
2016,E06000049,326712,16026,41,168475,0.00024335954889449473,79.50848493841816,female,50-54,15122,0.046285413452826954,1.1263997338275145e-05,0.002558342693123674,0.00011841394930524804
2016,E06000049,326712,16026,41,168475,0.00024335954889449473,79.50848493841816,male,50-54,14789,0.04526616714415142,1.101595401638349e-05,0.002558342693123674,0.00011580636795895471
2016,E06000050,290573,16026,1478,152550,0.009688626679777122,2815.253320222878,female,50-54,13231,0.0455341686942696,0.00044116356165277263,0.09222513415699489,0.004199394816556251
2016,E06000050,290573,16026,1478,152550,0.009688626679777122,2815.253320222878,male,50-54,12481,0.0429530617091058,0.0004161561796529556,0.09222513415699489,0.003961351878575963
2016,E06000051,275857,16026,52,126584,0.00041079441319598055,113.32051444100361,female,50-54,12221,0.04430193904813001,1.8198989054720666e-05,0.0032447273181080744,0.00014374771187462628
2016,E06000051,275857,16026,52,126584,0.00041079441319598055,113.32051444100361,male,50-54,12289,0.04454844357765074,1.8300251738275283e-05,0.0032447273181080744,0.00014454755185559954
2016,E07000031,92681,16026,8,47050,0.0001700318809776833,15.758724760892667,female,50-54,4267,0.0460396413504386,7.828206818353003e-06,0.000499188818170473,2.2982474154717884e-05
2016,E07000031,92681,16026,8,47050,0.0001700318809776833,15.758724760892667,male,50-54,4036,0.04354722111328104,7.40441591724226e-06,0.000499188818170473,2.1738285842147035e-05
2016,E07000118,98213,16026,18,46590,0.000386349001931745,37.94449452672247,female,50-54,4270,0.04347693278893833,1.679726959005988e-05,0.0011231748408835642,4.883219706732122e-05
2016,E07000118,98213,16026,18,46590,0.000386349001931745,37.94449452672247,male,50-54,4422,0.04502458941280686,1.7395205182024544e-05,0.0011231748408835642,5.057048604957716e-05
2016,E07000121,123490,16026,17,61488,0.0002764767109029404,34.14210902940411,female,50-54,5042,0.04082921694064297,1.1288327608491583e-05,0.001060776238612255,4.331066317177901e-05
2016,E07000121,123490,16026,17,61488,0.0002764767109029404,34.14210902940411,male,50-54,4643,0.03759818608794235,1.0395022825510992e-05,0.001060776238612255,3.98832624170111e-05
2016,E07000127,98564,16026,818,52609,0.015548670379592846,1532.5391472941892,female,50-54,4364,0.04427580049510978,0.0006884298276910757,0.051042056657930865,0.0022599279174466366
2016,E07000127,98564,16026,818,52609,0.015548670379592846,1532.5391472941892,male,50-54,4238,0.042997443285580944,0.0006685530728127357,0.051042056657930865,0.0021946779363287918
2016,E08000010,277155,16026,699,143442,0.004873049734387418,1350.5900991341448,female,50-54,12204,0.04403312226010716,0.0002145755947338639,0.04361662298764508,0.0019205760925879761
2016,E08000010,277155,16026,699,143442,0.004873049734387418,1350.5900991341448,male,50-54,12374,0.04464649744727679,0.0002175646025267807,0.04361662298764508,0.0019473294468767303
2016,E08000011,125368,16026,1314,82126,0.01599980517741032,2005.863575481577,female,50-54,6040,0.048178163486695166,0.0007708412295925462,0.08199176338450019,0.003950212580900877
2016,E08000011,125368,16026,1314,82126,0.01599980517741032,2005.863575481577,male,50-54,5292,0.04221172867079318,0.0006753794349343965,0.08199176338450019,0.0034610140692263973
2016,E08000012,422923,16026,3002,226855,0.013233122479116616,5596.591858235437,female,50-54,16386,0.038744641459556466,0.0005127125858437703,0.18732060401846998,0.007257669640683171
2016,E08000012,422923,16026,3002,226855,0.013233122479116616,5596.591858235437,male,50-54,14643,0.034623323867465236,0.0004581746853722891,0.18732060401846998,0.006485661939980696
2016,E08000013,153683,16026,1334,88224,0.015120602103735946,2323.7794931084513,female,50-54,6609,0.04300410585425844,0.0006502479734491835,0.08323973542992637,0.0035796503937090204
2016,E08000013,153683,16026,1334,88224,0.015120602103735946,2323.7794931084513,male,50-54,6564,0.04271129532869608,0.0006458205020003692,0.08323973542992637,0.0035552769230301116
2016,E08000014,239116,16026,2743,140905,0.019467016784358256,4654.875185408609,female,50-54,11062,0.04626206527375834,0.0009005844011633308,0.17115936603020093,0.007918185763504252
2016,E08000014,239116,16026,2743,140905,0.019467016784358256,4654.875185408609,male,50-54,10076,0.04213854363572492,0.0008203117362250697,0.17115936603020093,0.007212406414126635
2016,E08000015,276407,16026,2721,155036,0.017550762403570782,4851.153583683789,female,50-54,12648,0.045758609586587895,0.0008030984847719603,0.1697865967802321,0.007769198595102063
2016,E08000015,276407,16026,2721,155036,0.017550762403570782,4851.153583683789,male,50-54,11512,0.04164872814364325,0.0007309669320599943,0.1697865967802321,0.0070713958117342626
2016,E06000006,107716,16026,766,68329,0.011210467005224722,1207.546663934786,female,55-59,4434,0.04116380110661369,0.00046146543411532565,0.04779732933982279,0.0019675197583717764
2016,E06000006,107716,16026,766,68329,0.011210467005224722,1207.546663934786,male,55-59,4078,0.03785881391808088,0.00042441498428558817,0.04779732933982279,0.0018095501972575786
2016,E06000007,178815,16026,1015,94334,0.010759641274619968,1923.9852545211695,female,55-59,6622,0.037032687414366806,0.0003984584320137205,0.06333458130537876,0.002345449752001891
2016,E06000007,178815,16026,1015,94334,0.010759641274619968,1923.9852545211695,male,55-59,6736,0.03767021782288958,0.00040531803051108747,0.06333458130537876,0.0023858274734951286
2016,E06000049,326712,16026,41,168475,0.00024335954889449473,79.50848493841816,female,55-59,13166,0.04029848918925537,9.80702215022686e-06,0.002558342693123674,0.00010309734536125483
2016,E06000049,326712,16026,41,168475,0.00024335954889449473,79.50848493841816,male,55-59,12917,0.03953635005754304,9.621548314938504e-06,0.002558342693123674,0.00010114753228249498
2016,E06000050,290573,16026,1478,152550,0.009688626679777122,2815.253320222878,female,55-59,11681,0.04019988092493108,0.0003894816388531507,0.09222513415699489,0.003707439411396989
2016,E06000050,290573,16026,1478,152550,0.009688626679777122,2815.253320222878,male,55-59,11028,0.037952597109848475,0.00036770854492531,0.09222513415699489,0.003500183360062152
2016,E06000051,275857,16026,52,126584,0.00041079441319598055,113.32051444100361,female,55-59,11150,0.04041949270817851,1.6604101788735405e-05,0.0032447273181080744,0.00013115023217429692
2016,E06000051,275857,16026,52,126584,0.00041079441319598055,113.32051444100361,male,55-59,10914,0.039563976988077156,1.6252660710516432e-05,0.0032447273181080744,0.00012837431694621315
2016,E07000031,92681,16026,8,47050,0.0001700318809776833,15.758724760892667,female,55-59,4034,0.04352564171728833,7.4007467319512565e-06,0.000499188818170473,2.17275136489646e-05
2016,E07000031,92681,16026,8,47050,0.0001700318809776833,15.758724760892667,male,55-59,3833,0.04135691242002136,7.0319936102055445e-06,0.000499188818170473,2.064490823413022e-05
2016,E07000118,98213,16026,18,46590,0.000386349001931745,37.94449452672247,female,55-59,3696,0.03763249264354006,1.4539275973035437e-05,0.0011231748408835642,4.2267868936960004e-05
2016,E07000118,98213,16026,18,46590,0.000386349001931745,37.94449452672247,male,55-59,3830,0.03899687414089784,1.5066403402793757e-05,0.0011231748408835642,4.380030790815931e-05
2016,E07000121,123490,16026,17,61488,0.0002764767109029404,34.14210902940411,female,55-59,4555,0.036885577779577294,1.0198003224252115e-05,0.001060776238612255,3.912734445605977e-05
2016,E07000121,123490,16026,17,61488,0.0002764767109029404,34.14210902940411,male,55-59,4185,0.0338893837557697,9.369625355322745e-06,0.001060776238612255,3.594905302933264e-05
2016,E07000127,98564,16026,818,52609,0.015548670379592846,1532.5391472941892,female,55-59,3923,0.039801550261758856,0.0006188611856168857,0.051042056657930865,0.0020315529835341784
2016,E07000127,98564,16026,818,52609,0.015548670379592846,1532.5391472941892,male,55-59,3766,0.038208676595917375,0.0005940941180303829,0.051042056657930865,0.0019502494356333716
2016,E08000010,277155,16026,699,143442,0.004873049734387418,1350.5900991341448,female,55-59,10336,0.03729321137991377,0.0001817316738093426,0.04361662298764508,0.0016266039407562538
2016,E08000010,277155,16026,699,143442,0.004873049734387418,1350.5900991341448,male,55-59,10337,0.03729681946925006,0.00018174925620812447,0.04361662298764508,0.0016267613134285405
2016,E08000011,125368,16026,1314,82126,0.01599980517741032,2005.863575481577,female,55-59,5541,0.04419788143704933,0.0007071574922470694,0.08199176338450019,0.003623862236882742
2016,E08000011,125368,16026,1314,82126,0.01599980517741032,2005.863575481577,male,55-59,5235,0.04175706719418033,0.0006681049398869172,0.08199176338450019,0.0034237355730159093
2016,E08000012,422923,16026,3002,226855,0.013233122479116616,5596.591858235437,female,55-59,14567,0.034443622125067686,0.00045579667020543164,0.18732060401846998,0.006452000101051615
2016,E08000012,422923,16026,3002,226855,0.013233122479116616,5596.591858235437,male,55-59,13691,0.032372323094274846,0.00042838691644007444,0.18732060401846998,0.006064003115500629
2016,E08000013,153683,16026,1334,88224,0.015120602103735946,2323.7794931084513,female,55-59,5861,0.03813694422935523,0.000576653559144449,0.08323973542992637,0.0031745091477573865
2016,E08000013,153683,16026,1334,88224,0.015120602103735946,2323.7794931084513,male,55-59,5908,0.0384427685560537,0.0005812778071020996,0.08323973542992637,0.0031999658837998024
2016,E08000014,239116,16026,2743,140905,0.019467016784358256,4654.875185408609,female,55-59,10485,0.0438490105220897,0.0008536094238110219,0.17115936603020093,0.007505168842012483
2016,E08000014,239116,16026,2743,140905,0.019467016784358256,4654.875185408609,male,55-59,9783,0.040913196942069956,0.0007964578915730307,0.17115936603020093,0.007002676850873449
2016,E08000015,276407,16026,2721,155036,0.017550762403570782,4851.153583683789,female,55-59,11492,0.041576371075985774,0.0007296970103573188,0.1697865967802321,0.0070591105514637015
2016,E08000015,276407,16026,2721,155036,0.017550762403570782,4851.153583683789,male,55-59,10743,0.03886659889221329,0.0006821384425921229,0.1697865967802321,0.006599027554331234
2016,E06000006,107716,16026,766,68329,0.011210467005224722,1207.546663934786,female,60-64,4082,0.037895948605592485,0.00042483128147468636,0.04779732933982279,0.0018113251361465022
2016,E06000006,107716,16026,766,68329,0.011210467005224722,1207.546663934786,male,60-64,3761,0.034915889932786215,0.00039142343204955787,0.04779732933982279,0.0016688862903103856
2016,E06000007,178815,16026,1015,94334,0.010759641274619968,1923.9852545211695,female,60-64,5716,0.03196599837821212,0.00034394267553464604,0.06333458130537876,0.002024553123292481
2016,E06000007,178815,16026,1015,94334,0.010759641274619968,1923.9852545211695,male,60-64,5630,0.031485054385817744,0.00033876789070329906,0.06333458130537876,0.0019940927369028463
2016,E06000049,326712,16026,41,168475,0.00024335954889449473,79.50848493841816,female,60-64,11543,0.03533081123435931,8.598090284070228e-06,0.002558342693123674,9.038832276355495e-05
2016,E06000049,326712,16026,41,168475,0.00024335954889449473,79.50848493841816,male,60-64,11304,0.034599280099904504,8.420065197187029e-06,0.002558342693123674,8.851681543093002e-05
2016,E06000050,290573,16026,1478,152550,0.009688626679777122,2815.253320222878,female,60-64,10160,0.0349653959590189,0.0003387666681575217,0.09222513415699489,0.003224688333172965
2016,E06000050,290573,16026,1478,152550,0.009688626679777122,2815.253320222878,male,60-64,9915,0.034122234343865396,0.0003305975900375815,0.09222513415699489,0.003146927640099405
2016,E06000051,275857,16026,52,126584,0.00041079441319598055,113.32051444100361,female,60-64,10568,0.03830970394080991,1.573741235007675e-05,0.0032447273181080744,0.00012430454292537848
2016,E06000051,275857,16026,52,126584,0.00041079441319598055,113.32051444100361,male,60-64,10117,0.036674798899429775,1.5065802492971848e-05,0.0032447273181080744,0.00011899972187509973
2016,E07000031,92681,16026,8,47050,0.0001700318809776833,15.758724760892667,female,60-64,3798,0.04097927299014901,6.967782867613009e-06,0.000499188818170473,2.0456394853437668e-05
2016,E07000031,92681,16026,8,47050,0.0001700318809776833,15.758724760892667,male,60-64,3665,0.039544243156634046,6.723782045761368e-06,0.000499188818170473,1.9740044006805965e-05
2016,E07000118,98213,16026,18,46590,0.000386349001931745,37.94449452672247,female,60-64,3324,0.03384480669565129,1.3075907287437717e-05,0.0011231748408835642,3.8013635375123124e-05
2016,E07000118,98213,16026,18,46590,0.000386349001931745,37.94449452672247,male,60-64,3277,0.03336625497642878,1.289101930834338e-05,0.0011231748408835642,3.747613812403083e-05
2016,E07000121,123490,16026,17,61488,0.0002764767109029404,34.14210902940411,female,60-64,3967,0.03212405862822901,8.88155407038598e-06,0.001060776238612255,3.4076438080612324e-05
2016,E07000121,123490,16026,17,61488,0.0002764767109029404,34.14210902940411,male,60-64,3774,0.030561179042837477,8.449454263079579e-06,0.001060776238612255,3.2418572552616816e-05
2016,E07000127,98564,16026,818,52609,0.015548670379592846,1532.5391472941892,female,60-64,3543,0.03594618724889412,0.000558915416936178,0.051042056657930865,0.0018347673261946457
2016,E07000127,98564,16026,818,52609,0.015548670379592846,1532.5391472941892,male,60-64,3238,0.032851751146463215,0.0005108010499687679,0.051042056657930865,0.0016768209433300207
2016,E08000010,277155,16026,699,143442,0.004873049734387418,1350.5900991341448,female,60-64,8969,0.032360953257202646,0.000157696534674535,0.04361662298764508,0.0014114754977402127
2016,E08000010,277155,16026,699,143442,0.004873049734387418,1350.5900991341448,male,60-64,8817,0.03181252367808627,0.00015502401005969174,0.04361662298764508,0.001387554851552621
2016,E08000011,125368,16026,1314,82126,0.01599980517741032,2005.863575481577,female,60-64,4524,0.03608576351222002,0.0005773651858736224,0.08199176338450019,0.0029587353834429745
2016,E08000011,125368,16026,1314,82126,0.01599980517741032,2005.863575481577,male,60-64,4175,0.033301959032608,0.0005328248565478279,0.08199176338450019,0.002730486345241914
2016,E08000012,422923,16026,3002,226855,0.013233122479116616,5596.591858235437,female,60-64,12274,0.02902183139720469,0.0003840494494474818,0.18732060401846998,0.0054363869870465795
2016,E08000012,422923,16026,3002,226855,0.013233122479116616,5596.591858235437,male,60-64,11882,0.028094948725891,0.00037178389753421697,0.18732060401846998,0.005262762765201846
2016,E08000013,153683,16026,1334,88224,0.015120602103735946,2323.7794931084513,female,60-64,5327,0.034662259326015236,0.0005241142312851869,0.08323973542992637,0.002885277295701006
2016,E08000013,153683,16026,1334,88224,0.015120602103735946,2323.7794931084513,male,60-64,5169,0.033634169036262956,0.0005085688870871281,0.08323973542992637,0.00279969933198395
2016,E08000014,239116,16026,2743,140905,0.019467016784358256,4654.875185408609,female,60-64,9098,0.03804847856270597,0.0007406903707994924,0.17115936603020093,0.006512353469206445
2016,E08000014,239116,16026,2743,140905,0.019467016784358256,4654.875185408609,male,60-64,8517,0.03561869552853009,0.0006933897436908415,0.17115936603020093,0.006096473345485963
2016,E08000015,276407,16026,2721,155036,0.017550762403570782,4851.153583683789,female,60-64,10255,0.037101086441370876,0.0006511523530468417,0.1697865967802321,0.006299267203729574
2016,E08000015,276407,16026,2721,155036,0.017550762403570782,4851.153583683789,male,60-64,9488,0.034326192896706666,0.0006024508557492378,0.1697865967802321,0.005828127472353602
2016,E06000006,107716,16026,766,68329,0.011210467005224722,1207.546663934786,female,65-69,4071,0.03779382821493557,0.00042368646420466635,0.04779732933982279,0.0018064440542019623
2016,E06000006,107716,16026,766,68329,0.011210467005224722,1207.546663934786,male,65-69,3971,0.036865461027145455,0.000413279034477212,0.04779732933982279,0.001762070581978873
2016,E06000007,178815,16026,1015,94334,0.010759641274619968,1923.9852545211695,female,65-69,6085,0.03402958364790426,0.00036614611277612343,0.06333458130537876,0.00215524943233638
2016,E06000007,178815,16026,1015,94334,0.010759641274619968,1923.9852545211695,male,65-69,5695,0.03184855856611582,0.0003426790652851311,0.06333458130537876,0.0020171151219647797
2016,E06000049,326712,16026,41,168475,0.00024335954889449473,79.50848493841816,female,65-69,13188,0.04036582678322192,9.823409396718199e-06,0.002558342693123674,0.00010326961800275169
2016,E06000049,326712,16026,41,168475,0.00024335954889449473,79.50848493841816,male,65-69,12486,0.03821714537574378,9.300507258676331e-06,0.002558342693123674,9.777255462407929e-05
2016,E06000050,290573,16026,1478,152550,0.009688626679777122,2815.253320222878,female,65-69,11157,0.03839654751129665,0.00037200981462927855,0.09222513415699489,0.0035411267453947614
2016,E06000050,290573,16026,1478,152550,0.009688626679777122,2815.253320222878,male,65-69,10733,0.03693736169568405,0.00035787230800538196,0.09222513415699489,0.0034065531377899055
2016,E06000051,275857,16026,52,126584,0.00041079441319598055,113.32051444100361,female,65-69,11567,0.04193114548479828,1.7225080304063e-05,0.0032447273181080744,0.00013605513323408902
2016,E06000051,275857,16026,52,126584,0.00041079441319598055,113.32051444100361,male,65-69,10755,0.03898759139699192,1.6015884729851956e-05,0.0032447273181080744,0.00012650410287305504
2016,E07000031,92681,16026,8,47050,0.0001700318809776833,15.758724760892667,female,65-69,4345,0.046881237794154144,7.971305044702086e-06,0.000499188818170473,2.340258968883272e-05
2016,E07000031,92681,16026,8,47050,0.0001700318809776833,15.758724760892667,male,65-69,4284,0.046223066216376604,7.859394893326522e-06,0.000499188818170473,2.3074037796768556e-05
2016,E07000118,98213,16026,18,46590,0.000386349001931745,37.94449452672247,female,65-69,3782,0.03850814047020252,1.487758163691018e-05,0.0011231748408835642,4.325137454534165e-05
2016,E07000118,98213,16026,18,46590,0.000386349001931745,37.94449452672247,male,65-69,3719,0.037866677527414905,1.4629753069187985e-05,0.0011231748408835642,4.2530899506643474e-05
2016,E07000121,123490,16026,17,61488,0.0002764767109029404,34.14210902940411,female,65-69,4317,0.034958296218317274,9.66515475721106e-06,0.001060776238612255,3.7082929970759615e-05
2016,E07000121,123490,16026,17,61488,0.0002764767109029404,34.14210902940411,male,65-69,4157,0.033662644748562634,9.306937300376737e-06,0.001060776238612255,3.570853367812085e-05
2016,E07000127,98564,16026,818,52609,0.015548670379592846,1532.5391472941892,female,65-69,3902,0.039588490726837386,0.0006155483931371625,0.051042056657930865,0.0020206779866812044
2016,E07000127,98564,16026,818,52609,0.015548670379592846,1532.5391472941892,male,65-69,3548,0.03599691570958971,0.000559704177050398,0.051042056657930865,0.0018373566111596397
2016,E08000010,277155,16026,699,143442,0.004873049734387418,1350.5900991341448,female,65-69,10143,0.03659685013800942,0.00017833827084444293,0.04361662298764508,0.0015962310150049034
2016,E08000010,277155,16026,699,143442,0.004873049734387418,1350.5900991341448,male,65-69,9943,0.035875232270751026,0.0001748217910880702,0.04361662298764508,0.0015647564805475456
2016,E08000011,125368,16026,1314,82126,0.01599980517741032,2005.863575481577,female,65-69,4023,0.03208952842830706,0.0005134262030878831,0.08199176338450019,0.002631077022013945
2016,E08000011,125368,16026,1314,82126,0.01599980517741032,2005.863575481577,male,65-69,3714,0.029624784634037393,0.0004739907825673372,0.08199176338450019,0.002428988332030771
2016,E08000012,422923,16026,3002,226855,0.013233122479116616,5596.591858235437,female,65-69,11319,0.026763737134182817,0.00035416781149552276,0.18732060401846998,0.00501339940576668
2016,E08000012,422923,16026,3002,226855,0.013233122479116616,5596.591858235437,male,65-69,11092,0.026226996403600655,0.0003470650556681985,0.18732060401846998,0.004912856807912714
2016,E08000013,153683,16026,1334,88224,0.015120602103735946,2323.7794931084513,female,65-69,5954,0.03874208598218411,0.0005858036668053318,0.08323973542992637,0.0032248809871604643
2016,E08000013,153683,16026,1334,88224,0.015120602103735946,2323.7794931084513,male,65-69,5551,0.03611980505325898,0.00054615320027484,0.08323973542992637,0.003006603016413795
2016,E08000014,239116,16026,2743,140905,0.019467016784358256,4654.875185408609,female,65-69,9240,0.03864233259171281,0.0007522509371496273,0.17115936603020093,0.006613997148325736
2016,E08000014,239116,16026,2743,140905,0.019467016784358256,4654.875185408609,male,65-69,8661,0.03622091369879055,0.0007051131349191474,0.17115936603020093,0.006199548625719611
2016,E08000015,276407,16026,2721,155036,0.017550762403570782,4851.153583683789,female,65-69,10571,0.038244328110359,0.0006712171159491139,0.1697865967802321,0.00649337431600442
2016,E08000015,276407,16026,2721,155036,0.017550762403570782,4851.153583683789,male,65-69,10189,0.036862308118101206,0.0006469616114280126,0.1697865967802321,0.006258725844836726
2016,E06000006,107716,16026,766,68329,0.011210467005224722,1207.546663934786,female,70-74,2691,0.024982361023431987,0.0002800639339657964,0.04779732933982279,0.001194090137523331
2016,E06000006,107716,16026,766,68329,0.011210467005224722,1207.546663934786,male,70-74,2578,0.02393330610122916,0.000268303538373773,0.04779732933982279,0.0011439481139112401
2016,E06000007,178815,16026,1015,94334,0.010759641274619968,1923.9852545211695,female,70-74,4967,0.027777311746777396,0.00029887390996861214,0.06333458130537876,0.0017592644092711256
2016,E06000007,178815,16026,1015,94334,0.010759641274619968,1923.9852545211695,male,70-74,4478,0.025042641836534967,0.0002694498427299064,0.06333458130537876,0.0015860652354975037
2016,E06000049,326712,16026,41,168475,0.00024335954889449473,79.50848493841816,female,70-74,10455,0.03200066113274076,7.787666457589382e-06,0.002558342693123674,8.186865758407408e-05
2016,E06000049,326712,16026,41,168475,0.00024335954889449473,79.50848493841816,male,70-74,9809,0.030023384509904747,7.30647731061638e-06,0.002558342693123674,7.68101063837573e-05
2016,E06000050,290573,16026,1478,152550,0.009688626679777122,2815.253320222878,female,70-74,8669,0.029834155272513277,0.00028905199274188546,0.09222513415699489,0.0027514589724681533
2016,E06000050,290573,16026,1478,152550,0.009688626679777122,2815.253320222878,male,70-74,8196,0.028206337133869976,0.0002732806704940008,0.09222513415699489,0.0026013332262485853
2016,E06000051,275857,16026,52,126584,0.00041079441319598055,113.32051444100361,female,70-74,9718,0.03522839732180079,1.4471628805644007e-05,0.0032447273181080744,0.00011430654316321234
2016,E06000051,275857,16026,52,126584,0.00041079441319598055,113.32051444100361,male,70-74,9009,0.03265822509488612,1.341581641387599e-05,0.0032447273181080744,0.00010596703512629965
2016,E07000031,92681,16026,8,47050,0.0001700318809776833,15.758724760892667,female,70-74,3532,0.03810921332311908,6.479781223909727e-06,0.000499188818170473,1.902369316017426e-05
2016,E07000031,92681,16026,8,47050,0.0001700318809776833,15.758724760892667,male,70-74,3393,0.036609445301626006,6.224772846185081e-06,0.000499188818170473,1.827502573399526e-05
2016,E07000118,98213,16026,18,46590,0.000386349001931745,37.94449452672247,female,70-74,2839,0.028906560231333936,1.1168020694655739e-05,0.0011231748408835642,3.246712118831966e-05
2016,E07000118,98213,16026,18,46590,0.000386349001931745,37.94449452672247,male,70-74,2850,0.029018561697534948,1.121129234933739e-05,0.0011231748408835642,3.25929184172987e-05
2016,E07000121,123490,16026,17,61488,0.0002764767109029404,34.14210902940411,female,70-74,3485,0.028220908575593166,7.802423981672584e-06,0.001060776238612255,2.993606924903805e-05
2016,E07000121,123490,16026,17,61488,0.0002764767109029404,34.14210902940411,male,70-74,3303,0.02674710502874727,7.394951624523542e-06,0.001060776238612255,2.8372693466161456e-05
2016,E07000127,98564,16026,818,52609,0.015548670379592846,1532.5391472941892,female,70-74,3199,0.03245606915303762,0.0005046487210778531,0.051042056657930865,0.0016566245206030685
2016,E07000127,98564,16026,818,52609,0.015548670379592846,1532.5391472941892,male,70-74,2874,0.029158719207824358,0.0004533793136535636,0.051042056657930865,0.0014883209978784678
2016,E08000010,277155,16026,699,143442,0.004873049734387418,1350.5900991341448,female,70-74,8118,0.029290469232018185,0.00014273391331116905,0.04361662298764508,0.0012775513536241552
2016,E08000010,277155,16026,699,143442,0.004873049734387418,1350.5900991341448,male,70-74,7800,0.02814309682307734,0.00013714271049853642,0.04361662298764508,0.0012275068438369562
2016,E08000011,125368,16026,1314,82126,0.01599980517741032,2005.863575481577,female,70-74,2974,0.02372216195520388,0.0003795499696702372,0.08199176338450019,0.0019450218899998688
2016,E08000011,125368,16026,1314,82126,0.01599980517741032,2005.863575481577,male,70-74,2546,0.020308212622040713,0.00032492744545407665,0.08199176338450019,0.0016651061640684823
2016,E08000012,422923,16026,3002,226855,0.013233122479116616,5596.591858235437,female,70-74,8344,0.019729359717962844,0.000261081033582352,0.18732060401846998,0.0036957155792664703
2016,E08000012,422923,16026,3002,226855,0.013233122479116616,5596.591858235437,male,70-74,7600,0.017970174239755228,0.00023780151668574724,0.18732060401846998,0.003366183892908099
2016,E08000013,153683,16026,1334,88224,0.015120602103735946,2323.7794931084513,female,70-74,4683,0.03047181536018948,0.0004607521954399344,0.08323973542992637,0.002536465848651739
2016,E08000013,153683,16026,1334,88224,0.015120602103735946,2323.7794931084513,male,70-74,4290,0.02791460343694488,0.0004220856114536234,0.08323973542992637,0.002323604204722605
2016,E08000014,239116,16026,2743,140905,0.019467016784358256,4654.875185408609,female,70-74,7771,0.03249887084093076,0.0006326560641330902,0.17115936603020093,0.005562486129831092
2016,E08000014,239116,16026,2743,140905,0.019467016784358256,4654.875185408609,male,70-74,6527,0.027296374981180684,0.0005313789899107812,0.17115936603020093,0.004672030236701524
2016,E08000015,276407,16026,2721,155036,0.017550762403570782,4851.153583683789,female,70-74,8434,0.030512975431157677,0.0005355259820182412,0.1697865967802321,0.005180694256095098
2016,E08000015,276407,16026,2721,155036,0.017550762403570782,4851.153583683789,male,70-74,7631,0.02760783916471001,0.00048453862565582144,0.1697865967802321,0.004687441056232119
2016,E06000006,107716,16026,766,68329,0.011210467005224722,1207.546663934786,female,75-79,2055,0.019077945709086858,0.00021387268089918677,0.04779732933982279,0.0009118748541844835
2016,E06000006,107716,16026,766,68329,0.011210467005224722,1207.546663934786,male,75-79,1798,0.016692042036466265,0.00018712558649962914,0.04779732933982279,0.0007978350305711444
2016,E06000007,178815,16026,1015,94334,0.010759641274619968,1923.9852545211695,female,75-79,4026,0.022514889690462208,0.00024225213640701276,0.06333458130537876,0.0014259711116822128
2016,E06000007,178815,16026,1015,94334,0.010759641274619968,1923.9852545211695,male,75-79,3286,0.018376534407068757,0.00019772491809077098,0.06333458130537876,0.0011638701125155865
2016,E06000049,326712,16026,41,168475,0.00024335954889449473,79.50848493841816,female,75-79,8102,0.024798599378045495,6.034975957856449e-06,0.002558342693123674,6.344331551852397e-05
2016,E06000049,326712,16026,41,168475,0.00024335954889449473,79.50848493841816,male,75-79,7144,0.02186635324077475,5.3213858606426155e-06,0.002558342693123674,5.594162503879724e-05
2016,E06000050,290573,16026,1478,152550,0.009688626679777122,2815.253320222878,female,75-79,7072,0.024338118132104496,0.00023580294067027495,0.09222513415699489,0.002244586209862127
2016,E06000050,290573,16026,1478,152550,0.009688626679777122,2815.253320222878,male,75-79,6102,0.020999886431292653,0.00020346005995051158,0.09222513415699489,0.0019367173434076217
2016,E06000051,275857,16026,52,126584,0.00041079441319598055,113.32051444100361,female,75-79,7297,0.02645211105754068,1.0866379439677333e-05,0.0032447273181080744,8.582988737003091e-05
2016,E06000051,275857,16026,52,126584,0.00041079441319598055,113.32051444100361,male,75-79,6448,0.023374429505142156,9.602085052355686e-06,0.0032447273181080744,7.584364996052615e-05
2016,E07000031,92681,16026,8,47050,0.0001700318809776833,15.758724760892667,female,75-79,2688,0.029002708214197086,4.931385031106837e-06,0.000499188818170473,1.4477827637188113e-05
2016,E07000031,92681,16026,8,47050,0.0001700318809776833,15.758724760892667,male,75-79,2517,0.027157669856820707,4.617669688726156e-06,0.000499188818170473,1.3556805120090208e-05
2016,E07000118,98213,16026,18,46590,0.000386349001931745,37.94449452672247,female,75-79,2105,0.021433007850284586,8.280621191352706e-06,0.0011231748408835642,2.4073015181899572e-05
2016,E07000118,98213,16026,18,46590,0.000386349001931745,37.94449452672247,male,75-79,1901,0.019355889749829453,7.478128686347503e-06,0.0011231748408835642,2.1740048389924505e-05
2016,E07000121,123490,16026,17,61488,0.0002764767109029404,34.14210902940411,female,75-79,2697,0.02183982508705158,6.038203006763545e-06,0.001060776238612255,2.3167167507792143e-05
2016,E07000121,123490,16026,17,61488,0.0002764767109029404,34.14210902940411,male,75-79,2460,0.01992064134747753,5.507593398827706e-06,0.001060776238612255,2.1131342999320977e-05
2016,E07000127,98564,16026,818,52609,0.015548670379592846,1532.5391472941892,female,75-79,2419,0.02454242928452579,0.00038160214325955817,0.051042056657930865,0.001252696066064027
2016,E07000127,98564,16026,818,52609,0.015548670379592846,1532.5391472941892,male,75-79,2190,0.02221906578466783,0.00034547693002828957,0.051042056657930865,0.0011341068146673084
2016,E08000010,277155,16026,699,143442,0.004873049734387418,1350.5900991341448,female,75-79,5852,0.02111453879598059,0.00010289219767146605,0.04361662298764508,0.0009209448782222908
2016,E08000010,277155,16026,699,143442,0.004873049734387418,1350.5900991341448,male,75-79,5258,0.01897133373022316,9.244825279503903e-05,0.04361662298764508,0.0008274655108839379
2016,E08000011,125368,16026,1314,82126,0.01599980517741032,2005.863575481577,female,75-79,2673,0.02132123029800268,0.0003411355309107411,0.08199176338450019,0.0017481652696602723
2016,E08000011,125368,16026,1314,82126,0.01599980517741032,2005.863575481577,male,75-79,2145,0.017109629251483634,0.0002737507346814589,0.08199176338450019,0.0014028486731841692
2016,E08000012,422923,16026,3002,226855,0.013233122479116616,5596.591858235437,female,75-79,7395,0.017485452434603935,0.0002313871336698817,0.18732060401846998,0.0032753855115862356
2016,E08000012,422923,16026,3002,226855,0.013233122479116616,5596.591858235437,male,75-79,6042,0.014286288520605405,0.00018905220576516906,0.18732060401846998,0.0026761161948619383
2016,E08000013,153683,16026,1334,88224,0.015120602103735946,2323.7794931084513,female,75-79,3749,0.02439437022962852,0.0003688575658134345,0.08323973542992637,0.00203058092389395
2016,E08000013,153683,16026,1334,88224,0.015120602103735946,2323.7794931084513,male,75-79,3173,0.020646395502430328,0.0003121859312686124,0.08323973542992637,0.0017186004992039222
2016,E08000014,239116,16026,2743,140905,0.019467016784358256,4654.875185408609,female,75-79,6795,0.028417169909165426,0.0005531975235856837,0.17115936603020093,0.004863864786025257
2016,E08000014,239116,16026,2743,140905,0.019467016784358256,4654.875185408609,male,75-79,5212,0.02179695210692718,0.00042432163251340446,0.17115936603020093,0.003730752504012309
2016,E08000015,276407,16026,2721,155036,0.017550762403570782,4851.153583683789,female,75-79,6940,0.02510790247714421,0.0004406628308283843,0.1697865967802321,0.004262985313884275
2016,E08000015,276407,16026,2721,155036,0.017550762403570782,4851.153583683789,male,75-79,5503,0.01990904716595455,0.00034941895649115255,0.1697865967802321,0.003380289363444548
2016,E06000006,107716,16026,766,68329,0.011210467005224722,1207.546663934786,female,80-84,1665,0.01545731367670541,0.00017328370496211485,0.04779732933982279,0.0007388183125144356
2016,E06000006,107716,16026,766,68329,0.011210467005224722,1207.546663934786,male,80-84,1134,0.010527683909539901,0.00011802025310933227,0.04779732933982279,0.0005031951750098318
2016,E06000007,178815,16026,1015,94334,0.010759641274619968,1923.9852545211695,female,80-84,2661,0.014881301904202667,0.00016011747018853973,0.06333458130537876,0.0009425010253816116
2016,E06000007,178815,16026,1015,94334,0.010759641274619968,1923.9852545211695,male,80-84,2185,0.012219332830019853,0.00013147563786620044,0.06333458130537876,0.0007739063286203763
2016,E06000049,326712,16026,41,168475,0.00024335954889449473,79.50848493841816,female,80-84,6305,0.019298342270868532,4.696435869450125e-06,0.002558342693123674,4.937177293807623e-05
2016,E06000049,326712,16026,41,168475,0.00024335954889449473,79.50848493841816,male,80-84,4897,0.01498873625700923,3.6476520940043236e-06,0.002558342693123674,3.834632388227745e-05
2016,E06000050,290573,16026,1478,152550,0.009688626679777122,2815.253320222878,female,80-84,5291,0.018208849411335534,0.0001764187442147094,0.09222513415699489,0.0016793135798049371
2016,E06000050,290573,16026,1478,152550,0.009688626679777122,2815.253320222878,male,80-84,4033,0.013879472628220792,0.00013447302880701626,0.09222513415699489,0.0012800362251660009
2016,E06000051,275857,16026,52,126584,0.00041079441319598055,113.32051444100361,female,80-84,5357,0.01941948183297868,7.977414644148483e-06,0.0032447273181080744,6.301092320696939e-05
2016,E06000051,275857,16026,52,126584,0.00041079441319598055,113.32051444100361,male,80-84,4440,0.016095295751059426,6.6118575732722155e-06,0.0032447273181080744,5.2224845816491336e-05
2016,E07000031,92681,16026,8,47050,0.0001700318809776833,15.758724760892667,female,80-84,2153,0.023230219786148185,3.949877965763772e-06,0.000499188818170473,1.159626596088765e-05
2016,E07000031,92681,16026,8,47050,0.0001700318809776833,15.758724760892667,male,80-84,1660,0.017910898673946116,3.0454237915317517e-06,0.000499188818170473,8.940920341418253e-06
2016,E07000118,98213,16026,18,46590,0.000386349001931745,37.94449452672247,female,80-84,1474,0.01500819647093562,5.798401727341514e-06,0.0011231748408835642,1.6856828683192385e-05
2016,E07000118,98213,16026,18,46590,0.000386349001931745,37.94449452672247,male,80-84,1159,0.011800881756997545,4.559258888730539e-06,0.0011231748408835642,1.3254453489701473e-05
2016,E07000121,123490,16026,17,61488,0.0002764767109029404,34.14210902940411,female,80-84,2206,0.017863794639242044,4.938923186103219e-06,0.001060776238612255,1.894948888475694e-05
2016,E07000121,123490,16026,17,61488,0.0002764767109029404,34.14210902940411,male,80-84,1652,0.013377601425216617,3.698595241814378e-06,0.001060776238612255,1.4190641721495224e-05
2016,E07000127,98564,16026,818,52609,0.015548670379592846,1532.5391472941892,female,80-84,1831,0.018576762306724566,0.0002888439538273051,0.051042056657930865,0.0009481961541807498
2016,E07000127,98564,16026,818,52609,0.015548670379592846,1532.5391472941892,male,80-84,1426,0.014467756990381884,0.00022495438457549813,0.051042056657930865,0.0007384640720162474
2016,E08000010,277155,16026,699,143442,0.004873049734387418,1350.5900991341448,female,80-84,4045,0.014594721365301004,7.112080307263843e-05,0.04361662298764508,0.0006365724594000626
2016,E08000010,277155,16026,699,143442,0.004873049734387418,1350.5900991341448,male,80-84,3087,0.011138171781133301,5.427686503961307e-05,0.04361662298764508,0.00048580943934931845
2016,E08000011,125368,16026,1314,82126,0.01599980517741032,2005.863575481577,female,80-84,2314,0.01845766064705507,0.00029531897438363447,0.08199176338450019,0.00151337614440474
2016,E08000011,125368,16026,1314,82126,0.01599980517741032,2005.863575481577,male,80-84,1501,0.011972752217471763,0.0001915617029169556,0.08199176338450019,0.0009816670668761948
2016,E08000012,422923,16026,3002,226855,0.013233122479116616,5596.591858235437,female,80-84,6087,0.01439269086807764,0.00019046024106133467,0.18732060401846998,0.0026960475468594206
2016,E08000012,422923,16026,3002,226855,0.013233122479116616,5596.591858235437,male,80-84,4372,0.010337579181080244,0.0001367984514408009,0.18732060401846998,0.0019364415762887115
2016,E08000013,153683,16026,1334,88224,0.015120602103735946,2323.7794931084513,female,80-84,2663,0.017327876212723595,0.0002620079215153844,0.08323973542992637,0.0014423678315096265
2016,E08000013,153683,16026,1334,88224,0.015120602103735946,2323.7794931084513,male,80-84,2077,0.013514832479844875,0.0002043524044263813,0.08323973542992637,0.0011249710800020631
2016,E08000014,239116,16026,2743,140905,0.019467016784358256,4654.875185408609,female,80-84,5613,0.023473962428277487,0.0004569680205866729,0.17115936603020093,0.00401778852744073
2016,E08000014,239116,16026,2743,140905,0.019467016784358256,4654.875185408609,male,80-84,3903,0.016322621656434534,0.00031775274975054065,0.17115936603020093,0.002793769574666163
2016,E08000015,276407,16026,2721,155036,0.017550762403570782,4851.153583683789,female,80-84,5480,0.019825836538148456,0.00034795854653307584,0.1697865967802321,0.003366161314133405
2016,E08000015,276407,16026,2721,155036,0.017550762403570782,4851.153583683789,male,80-84,3926,0.01420369238116256,0.0002492856302351926,0.1697865967802321,0.0024115965911109026
2016,E06000006,107716,16026,766,68329,0.011210467005224722,1207.546663934786,female,85-89,926,0.008596680158936462,9.637279927622723e-05,0.04779732933982279,0.0004108983527858062
2016,E06000006,107716,16026,766,68329,0.011210467005224722,1207.546663934786,male,85-89,623,0.005783727579932415,6.483828720204057e-05,0.04779732933982279,0.00027644673194984586
2016,E06000007,178815,16026,1015,94334,0.010759641274619968,1923.9852545211695,female,85-89,1738,0.009719542543970025,0.00010457879112652464,0.06333458130537876,0.0006155831575021575
2016,E06000007,178815,16026,1015,94334,0.010759641274619968,1923.9852545211695,male,85-89,1030,0.005760143164723317,6.197707414287709e-05,0.06333458130537876,0.00036481625559679065
2016,E06000049,326712,16026,41,168475,0.00024335954889449473,79.50848493841816,female,85-89,4454,0.013632801978500943,3.317672539655965e-06,0.002558342693123674,3.487737932849985e-05
2016,E06000049,326712,16026,41,168475,0.00024335954889449473,79.50848493841816,male,85-89,2786,0.008527388035946031,2.0752213056761374e-06,0.002558342693123674,2.1815980873192765e-05
2016,E06000050,290573,16026,1478,152550,0.009688626679777122,2815.253320222878,female,85-89,3510,0.01207958069056657,0.00011703454775914383,0.09222513415699489,0.001114040949747747
2016,E06000050,290573,16026,1478,152550,0.009688626679777122,2815.253320222878,male,85-89,2285,0.007863772614799034,7.618915715944263e-05,0.09222513415699489,0.0007252374843799435
2016,E06000051,275857,16026,52,126584,0.00041079441319598055,113.32051444100361,female,85-89,3648,0.013224242995465041,5.432445141283117e-06,0.0032447273181080744,4.290906250868477e-05
2016,E06000051,275857,16026,52,126584,0.00041079441319598055,113.32051444100361,male,85-89,2428,0.008801661730534299,3.6156734657443558e-06,0.0032447273181080744,2.8558992261811027e-05
2016,E07000031,92681,16026,8,47050,0.0001700318809776833,15.758724760892667,female,85-89,1583,0.017080091928226928,2.9041601578281707e-06,0.000499188818170473,8.526190903894636e-06
2016,E07000031,92681,16026,8,47050,0.0001700318809776833,15.758724760892667,male,85-89,973,0.010498376150451549,1.785058644072527e-06,0.000499188818170473,5.240671983252989e-06
2016,E07000118,98213,16026,18,46590,0.000386349001931745,37.94449452672247,female,85-89,874,0.008899025587244052,3.4381296537968e-06,0.0011231748408835642,9.995161647971604e-06
2016,E07000118,98213,16026,18,46590,0.000386349001931745,37.94449452672247,male,85-89,538,0.005477889892376773,2.11637729261176e-06,0.0011231748408835642,6.1526281082479664e-06
2016,E07000121,123490,16026,17,61488,0.0002764767109029404,34.14210902940411,female,85-89,1448,0.011725645801279456,3.241867984350617e-06,0.001060776238612255,1.2438286448380801e-05
2016,E07000121,123490,16026,17,61488,0.0002764767109029404,34.14210902940411,male,85-89,918,0.007433800307717224,2.0552726585869245e-06,0.001060776238612255,7.8855987290149e-06
2016,E07000127,98564,16026,818,52609,0.015548670379592846,1532.5391472941892,female,85-89,1166,0.011829877034211273,0.0001839388586360665,0.051042056657930865,0.0006038212538365669
2016,E07000127,98564,16026,818,52609,0.015548670379592846,1532.5391472941892,male,85-89,715,0.007254169879469178,0.00011279269633343701,0.051042056657930865,0.0003702677499941213
2016,E08000010,277155,16026,699,143442,0.004873049734387418,1350.5900991341448,female,85-89,2469,0.008908372571304866,4.341094259242134e-05,0.04361662298764508,0.0003885531278760827
2016,E08000010,277155,16026,699,143442,0.004873049734387418,1350.5900991341448,male,85-89,1585,0.005718821598022767,2.7868102069253875e-05,0.04361662298764508,0.000249435685574561
2016,E08000011,125368,16026,1314,82126,0.01599980517741032,2005.863575481577,female,85-89,1345,0.010728415544636589,0.00017165255857648588,0.08199176338450019,0.0008796417088264369
2016,E08000011,125368,16026,1314,82126,0.01599980517741032,2005.863575481577,male,85-89,825,0.006580626635186012,0.00010528874410825342,0.08199176338450019,0.0005395571819939112
2016,E08000012,422923,16026,3002,226855,0.013233122479116616,5596.591858235437,female,85-89,3727,0.008812478867311544,0.00011661661219576053,0.18732060401846998,0.0016507588643248005
2016,E08000012,422923,16026,3002,226855,0.013233122479116616,5596.591858235437,male,85-89,2233,0.005279920931233345,6.986984036306232e-05,0.18732060401846998,0.0009890379780083927
2016,E08000013,153683,16026,1334,88224,0.015120602103735946,2323.7794931084513,female,85-89,1594,0.010371999505475557,0.0001568308775424419,0.08323973542992637,0.0008633624947151125
2016,E08000013,153683,16026,1334,88224,0.015120602103735946,2323.7794931084513,male,85-89,1004,0.006532928170324629,9.87818074357664e-05,0.08323973542992637,0.0005437992124805351
2016,E08000014,239116,16026,2743,140905,0.019467016784358256,4654.875185408609,female,85-89,3675,0.01536910955352214,0.00029919071363905634,0.17115936603020093,0.002630567047629554
2016,E08000014,239116,16026,2743,140905,0.019467016784358256,4654.875185408609,male,85-89,2104,0.0087990765988056,0.00017129177183580256,0.17115936603020093,0.001506044372302743
2016,E08000015,276407,16026,2721,155036,0.017550762403570782,4851.153583683789,female,85-89,3703,0.013396911076781702,0.00023512600325036124,0.1697865967802321,0.00227461593909416
2016,E08000015,276407,16026,2721,155036,0.017550762403570782,4851.153583683789,male,85-89,2253,0.008151023671614684,0.00014305667980639048,0.1697865967802321,0.0013839345694785694
2016,E06000006,107716,16026,766,68329,0.011210467005224722,1207.546663934786,female,90+,511,0.004743956329607486,5.3181965907291695e-05,0.04779732933982279,0.00022674844305998592
2016,E06000006,107716,16026,766,68329,0.011210467005224722,1207.546663934786,male,90+,251,0.002330201641353188,2.6122648615910407e-05,0.04779732933982279,0.00011137741527995395
2016,E06000007,178815,16026,1015,94334,0.010759641274619968,1923.9852545211695,female,90+,1072,0.005995022788915919,6.450429464190703e-05,0.06333458130537876,0.0003796922582521938
2016,E06000007,178815,16026,1015,94334,0.010759641274619968,1923.9852545211695,male,90+,427,0.002387942845958113,2.5693408406804387e-05,0.06333458130537876,0.00015123936032993167
2016,E06000049,326712,16026,41,168475,0.00024335954889449473,79.50848493841816,female,90+,2952,0.009035480790420922,2.198870529201708e-06,0.002558342693123674,2.311585625903268e-05
2016,E06000049,326712,16026,41,168475,0.00024335954889449473,79.50848493841816,male,90+,1349,0.004129018830039913,1.0048361598553875e-06,0.002558342693123674,1.056344515360267e-05
2016,E06000050,290573,16026,1478,152550,0.009688626679777122,2815.253320222878,female,90+,2322,0.007991107226067115,7.74228546714336e-05,0.09222513415699489,0.000736980935986971
2016,E06000050,290573,16026,1478,152550,0.009688626679777122,2815.253320222878,male,90+,959,0.003300375465029442,3.197610578376608e-05,0.09222513415699489,0.0003043775700307947
2016,E06000051,275857,16026,52,126584,0.00041079441319598055,113.32051444100361,female,90+,2605,0.009443298520610316,3.879254274408586e-06,0.0032447273181080744,3.064092868287386e-05
2016,E06000051,275857,16026,52,126584,0.00041079441319598055,113.32051444100361,male,90+,1030,0.003733818608916939,1.5338318244302663e-06,0.0032447273181080744,1.2115223241213081e-05
2016,E07000031,92681,16026,8,47050,0.0001700318809776833,15.758724760892667,female,90+,1016,0.010962333164294732,1.8639461278290722e-06,0.000499188818170473,5.4722741366752685e-06
2016,E07000031,92681,16026,8,47050,0.0001700318809776833,15.758724760892667,male,90+,446,0.004812205306373474,8.182283198934707e-07,0.000499188818170473,2.4021990796822535e-06
2016,E07000118,98213,16026,18,46590,0.000386349001931745,37.94449452672247,female,90+,656,0.006679360166169448,2.5805641337422204e-06,0.0011231748408835642,7.502089291841386e-06
2016,E07000118,98213,16026,18,46590,0.000386349001931745,37.94449452672247,male,90+,275,0.0028000366550253023,1.0817913670413273e-06,0.0011231748408835642,3.144930724476191e-06
2016,E07000121,123490,16026,17,61488,0.0002764767109029404,34.14210902940411,female,90+,989,0.008008745647420844,2.214231655057155e-06,0.001060776238612255,8.495487083873351e-06
2016,E07000121,123490,16026,17,61488,0.0002764767109029404,34.14210902940411,male,90+,357,0.0028909223418900317,7.992727005615818e-07,0.001060776238612255,3.0666217279502394e-06
2016,E07000127,98564,16026,818,52609,0.015548670379592846,1532.5391472941892,female,90+,727,0.00737591818513859,0.0001146857206075646,0.051042056657930865,0.00037648203391010647
2016,E07000127,98564,16026,818,52609,0.015548670379592846,1532.5391472941892,male,90+,296,0.003003124873178848,4.669459876181447e-05,0.051042056657930865,0.0001532856699276362
2016,E08000010,277155,16026,699,143442,0.004873049734387418,1350.5900991341448,female,90+,1476,0.005325539860366942,2.5951620602030736e-05,0.04361662298764508,0.00023228206429530093
2016,E08000010,277155,16026,699,143442,0.004873049734387418,1350.5900991341448,male,90+,586,0.002114340351067092,1.0303285686172094e-05,0.04361662298764508,9.22203859600585e-05
2016,E08000011,125368,16026,1314,82126,0.01599980517741032,2005.863575481577,female,90+,689,0.005495820305022015,8.7932054170408e-05,0.08199176338450019,0.0004506119980530967
2016,E08000011,125368,16026,1314,82126,0.01599980517741032,2005.863575481577,male,90+,254,0.002026035351923936,3.2416170913328936e-05,0.08199176338450019,0.00016611821118357994
2016,E08000012,422923,16026,3002,226855,0.013233122479116616,5596.591858235437,female,90+,2016,0.004766825166756123,6.307998126821926e-05,0.18732060401846998,0.0008929245694872009
2016,E08000012,422923,16026,3002,226855,0.013233122479116616,5596.591858235437,male,90+,883,0.0020878505070662983,2.7628781478094056e-05,0.18732060401846998,0.0003910974180839278
2016,E08000013,153683,16026,1334,88224,0.015120602103735946,2323.7794931084513,female,90+,933,0.006070938229992907,9.179624137208173e-05,0.08323973542992637,0.000505343292076035
2016,E08000013,153683,16026,1334,88224,0.015120602103735946,2323.7794931084513,male,90+,361,0.0023489911050669234,3.551815984493194e-05,0.08323973542992637,0.00019552939811302107
2016,E08000014,239116,16026,2743,140905,0.019467016784358256,4654.875185408609,female,90+,2249,0.009405476839692868,0.00018309657550319393,0.17115936603020093,0.0016098354530935692
2016,E08000014,239116,16026,2743,140905,0.019467016784358256,4654.875185408609,male,90+,858,0.003588216597801904,6.985187273532253e-05,0.17115936603020093,0.0006141568780588184
2016,E08000015,276407,16026,2721,155036,0.017550762403570782,4851.153583683789,female,90+,2390,0.008646669585068396,0.00015175564346971737,0.1697865967802321,0.0014680886023319046
2016,E08000015,276407,16026,2721,155036,0.017550762403570782,4851.153583683789,male,90+,942,0.003408017886667125,5.981331219601412e-05,0.1697865967802321,0.0005786357587433699
