year,ltla,ppln_ltla,total_trust_patients,patients_from_ltla_to_trust,total_patients_of_ltla,tfp_ltla,etc_ltla,sex,ag,ags_ppln_ltla,agsf_ppln_ltla,tfp_ltla_ags,ltla_frac_tp,ags_ltla_frac_tp
2011,E06000033,174274,165308,107,64508,0.001658708997333664,289.069851801327,female,0-4,5464,0.03135292700001148,5.20053821076646e-05,0.0006472765988336923,2.029401595204847e-05
2011,E06000033,174274,165308,107,64508,0.001658708997333664,289.069851801327,male,0-4,5786,0.03320059217094919,5.507012095075903e-05,0.0006472765988336923,2.1489966379676504e-05
2011,E06000034,158268,165308,159,53689,0.0029615004935834156,468.71076011846003,female,0-4,6052,0.038238936487476935,0.00011324462928176782,0.0009618409272388511,3.677977412774235e-05
2011,E06000034,158268,165308,159,53689,0.0029615004935834156,468.71076011846003,male,0-4,6045,0.03819470771097126,0.00011311364573831568,0.0009618409272388511,3.673723308033749e-05
2011,E06000035,264885,165308,1714,99212,0.017276135951296213,4576.189271459098,female,0-4,8465,0.031957264473261984,0.0005520980456716026,0.010368524209354659,0.00033134967035576644
2011,E06000035,264885,165308,1714,99212,0.017276135951296213,4576.189271459098,male,0-4,8819,0.033293693489627574,0.0005751863750475916,0.010368524209354659,0.0003452064669660371
2011,E06000038,155339,165308,10,47360,0.00021114864864864866,32.799619932432435,female,0-4,5887,0.037897759094625304,8.002060619642168e-06,6.049314007791517e-05,2.2925544495502518e-06
2011,E06000038,155339,165308,10,47360,0.00021114864864864866,32.799619932432435,male,0-4,6089,0.03919814084035561,8.276634467980493e-06,6.049314007791517e-05,2.3712186246494795e-06
2011,E06000039,140713,165308,8,54239,0.0001474953446781836,20.754512435701248,female,0-4,6337,0.04503492925316069,6.642442412752549e-06,4.839451206233213e-05,2.179443426968359e-06
2011,E06000039,140713,165308,8,54239,0.0001474953446781836,20.754512435701248,male,0-4,6535,0.0464420487090745,6.849985981905935e-06,4.839451206233213e-05,2.2475402864507222e-06
2011,E06000042,249895,165308,14,88445,0.00015829046299960426,39.555995251286106,female,0-4,9812,0.03926449108625623,6.215194473487333e-06,8.469039610908124e-05,3.3253253031165294e-06
2011,E06000042,249895,165308,14,88445,0.00015829046299960426,39.555995251286106,male,0-4,10164,0.040673082694731785,6.438161091370286e-06,8.469039610908124e-05,3.4446194843942523e-06
2011,E06000043,272952,165308,253,87037,0.002906809747578616,793.4195342210784,female,0-4,7395,0.027092675635276533,7.87532536246075e-05,0.0015304764439712537,4.146470186394465e-05
2011,E06000043,272952,165308,253,87037,0.002906809747578616,793.4195342210784,male,0-4,7697,0.02819909727717694,8.196941083821554e-05,0.0015304764439712537,4.315805412397322e-05
2011,E06000044,205433,165308,17,68264,0.0002490331653580218,51.15963025899449,female,0-4,6630,0.032273295916430175,8.037121038604725e-06,0.00010283833813245579,3.318932118102651e-06
2011,E06000044,205433,165308,17,68264,0.0002490331653580218,51.15963025899449,male,0-4,6958,0.033869923527378755,8.434734266457265e-06,0.00010283833813245579,3.483126648228996e-06
2011,E06000047,512994,165308,10,231893,4.3123337056314764e-05,22.122013169867135,female,0-4,14048,0.027384335879172075,1.180903946180871e-06,6.049314007791517e-05,1.6565644662794345e-06
2011,E06000047,512994,165308,10,231893,4.3123337056314764e-05,22.122013169867135,male,0-4,14613,0.028485713283196296,1.2283990152008166e-06,6.049314007791517e-05,1.7231902438597223e-06
2011,E06000060,506550,165308,25,163754,0.00015266802642988872,77.33398878806014,female,0-4,15662,0.03091896160300069,4.720336847191624e-06,0.00015123285019478792,4.675962688285003e-06
2011,E06000060,506550,165308,25,163754,0.00015266802642988872,77.33398878806014,male,0-4,16256,0.032091600039482776,4.899361243005175e-06,0.00015123285019478792,4.853304141282149e-06
2011,E07000008,122725,165308,24,34511,0.000695430442467619,85.34670105183854,female,0-4,3311,0.02697901812996537,1.8762030515463733e-05,0.0001451835361869964,3.916909254961459e-06
2011,E07000008,122725,165308,24,34511,0.000695430442467619,85.34670105183854,male,0-4,3311,0.02697901812996537,1.8762030515463733e-05,0.0001451835361869964,3.916909254961459e-06
2011,E07000061,99308,165308,203,40047,0.0050690438734486976,503.3966089844433,female,0-4,2503,0.025204414548676845,0.00012776228315183159,0.0012280107435816779,3.095129185146151e-05
2011,E07000061,99308,165308,203,40047,0.0050690438734486976,503.3966089844433,male,0-4,2844,0.028638176179159786,0.00014516817150771435,0.0012280107435816779,3.51679880245931e-05
2011,E07000062,90173,165308,190,36006,0.005276898294728657,475.8337499305672,female,0-4,2716,0.030119880673815887,0.00015893954696508968,0.0011493696614803882,3.461887705389345e-05
2011,E07000062,90173,165308,190,36006,0.005276898294728657,475.8337499305672,male,0-4,2854,0.03165027225444424,0.00016701526768717452,0.0011493696614803882,3.637786270685269e-05
2011,E07000063,97584,165308,120,35106,0.003418219107844813,333.56349341992825,female,0-4,2395,0.024542957861944582,8.389320752672906e-05,0.000725917680934982,1.7816167054427796e-05
2011,E07000063,97584,165308,120,35106,0.003418219107844813,333.56349341992825,male,0-4,2667,0.02733030004918839,9.34209538512678e-05,0.000725917680934982,1.9839548030964062e-05
2011,E07000064,90729,165308,226,36720,0.0061546840958605666,558.4083333333333,female,0-4,2006,0.022109799512834927,0.00013607883142431084,0.0013671449657608828,3.022730109795469e-05
2011,E07000064,90729,165308,226,36720,0.0061546840958605666,558.4083333333333,male,0-4,2044,0.022528629214473874,0.0001386565959278621,0.0013671449657608828,3.079990201606151e-05
2011,E07000065,149415,165308,638,56293,0.011333558346508447,1693.4036203435596,female,0-4,3541,0.023699093129873172,0.0002685950547467551,0.0038594623369709873,9.146575735511338e-05
2011,E07000065,149415,165308,638,56293,0.011333558346508447,1693.4036203435596,male,0-4,3988,0.026690760633135895,0.00030250129294833643,0.0038594623369709873,0.00010301198540869589
2011,E07000066,174971,165308,111,62378,0.0017794735323351182,311.356263426208,female,0-4,5532,0.03161666790496711,5.6261023717518186e-05,0.0006714738548648583,2.1229765876130307e-05
2011,E07000066,174971,165308,111,62378,0.0017794735323351182,311.356263426208,male,0-4,5900,0.03371987357905024,6.000362254760616e-05,0.0006714738548648583,2.264201349768055e-05
2011,E07000067,147514,165308,9,48494,0.00018558996989318267,27.377118818822947,female,0-4,4649,0.031515652751603236,5.848989045334044e-06,5.444382607012365e-05,1.7158327168947004e-06
2011,E07000067,147514,165308,9,48494,0.00018558996989318267,27.377118818822947,male,0-4,4883,0.0331019428664398,6.143388579988415e-06,5.444382607012365e-05,1.8021964200036185e-06
2011,E07000068,73841,165308,36,24621,0.0014621664432801268,107.96783233824785,female,0-4,1958,0.02651643395945342,3.877143993096638e-05,0.0002177753042804946,5.774624473953608e-06
2011,E07000068,73841,165308,36,24621,0.0014621664432801268,107.96783233824785,male,0-4,1971,0.026692487913218942,3.902886011436911e-05,0.0002177753042804946,5.812964677304679e-06
2011,E07000069,87964,165308,11,33361,0.00032972632714846676,29.00404664128773,female,0-4,2135,0.024271292801600654,8.002884230616804e-06,6.654245408570669e-05,1.6150713868512547e-06
2011,E07000069,87964,165308,11,33361,0.00032972632714846676,29.00404664128773,male,0-4,2044,0.023236778682188167,7.661777689639694e-06,6.654245408570669e-05,1.546232278559234e-06
2011,E07000071,173614,165308,8,59731,0.00013393380321775962,23.25278331184812,female,0-4,5132,0.029559828124460008,3.9590602031722235e-06,4.839451206233213e-05,1.4305334587296445e-06
2011,E07000071,173614,165308,8,59731,0.00013393380321775962,23.25278331184812,male,0-4,5588,0.032186344419228866,4.310839519744034e-06,4.839451206233213e-05,1.5576424332387477e-06
2011,E07000072,124880,165308,22,48938,0.00044954840818995463,56.13960521476153,female,0-4,3592,0.028763613068545805,1.2930636468756544e-05,0.00013308490817141337,3.828002803905484e-06
2011,E07000072,124880,165308,22,48938,0.00044954840818995463,56.13960521476153,male,0-4,3830,0.03066944266495836,1.3787399130105111e-05,0.00013308490817141337,4.081639960734411e-06
2011,E07000073,82177,165308,9,34960,0.0002574370709382151,21.155406178489702,female,0-4,2967,0.03610499288121981,9.294763613586335e-06,5.444382607012365e-05,1.9656939526881835e-06
2011,E07000073,82177,165308,9,34960,0.0002574370709382151,21.155406178489702,male,0-4,3124,0.038015503121311314,9.786599773792959e-06,5.444382607012365e-05,2.0697094399049157e-06
2011,E07000074,61720,165308,8,20947,0.0003819162648589297,23.57187186709314,female,0-4,1447,0.023444588464031108,8.953869657337512e-06,4.839451206233213e-05,1.1345894192189662e-06
2011,E07000074,61720,165308,8,20947,0.0003819162648589297,23.57187186709314,male,0-4,1554,0.025178224238496437,9.61597335694713e-06,4.839451206233213e-05,1.218487876618019e-06
2011,E07000075,83333,165308,13,29337,0.00044312642737839587,36.92705457272386,female,0-4,2108,0.025296101184404736,1.1209370944447678e-05,7.864108210128971e-05,1.989312770085305e-06
2011,E07000075,83333,165308,13,29337,0.00044312642737839587,36.92705457272386,male,0-4,2218,0.02661610646442586,1.1794300168304059e-05,7.864108210128971e-05,2.0931194136855816e-06
2011,E07000085,116010,165308,9,39594,0.0002273071677526898,26.369904530989544,female,0-4,3072,0.02648047582104991,6.0192019596264375e-06,5.444382607012365e-05,1.4416984198553559e-06
2011,E07000085,116010,165308,9,39594,0.0002273071677526898,26.369904530989544,male,0-4,3123,0.026920093095422808,6.119130117159298e-06,5.444382607012365e-05,1.4656328662787359e-06
2011,E07000095,93702,165308,9,36221,0.00024847464178239144,23.282570884293644,female,0-4,3029,0.03232588418603658,8.032162493424512e-06,5.444382607012365e-05,1.7599448161875363e-06
2011,E07000095,93702,165308,9,36221,0.00024847464178239144,23.282570884293644,male,0-4,3101,0.03309427760346631,8.22308877256831e-06,5.444382607012365e-05,1.8017790937595083e-06
2011,E07000103,90653,165308,10,32552,0.0003072007864340133,27.848672892602604,female,0-4,3350,0.03695409969885167,1.1352328489448166e-05,6.049314007791517e-05,2.2354695295358766e-06
2011,E07000103,90653,165308,10,32552,0.0003072007864340133,27.848672892602604,male,0-4,3486,0.038454325835879676,1.1813199138572032e-05,6.049314007791517e-05,2.3262229193916613e-06
2011,E07000105,118405,165308,683,38958,0.0175317008059962,2075.8410339339803,female,0-4,3845,0.03247329082386723,0.0005693120189101422,0.004131681467321606,0.00013416929387991702
2011,E07000105,118405,165308,683,38958,0.0175317008059962,2075.8410339339803,male,0-4,3901,0.03294624382416283,0.0005776036894066228,0.004131681467321606,0.00013612338502615246
2011,E07000106,150600,165308,838,52154,0.01606779921003183,2419.8105610307935,female,0-4,3670,0.024369189907038513,0.00039155925033742905,0.005069325138529291,0.0001235353470013446
2011,E07000106,150600,165308,838,52154,0.01606779921003183,2419.8105610307935,male,0-4,3853,0.02558432934926959,0.000411083866907388,0.005069325138529291,0.00012969528392266507
2011,E07000107,97604,165308,1205,33838,0.03561085170518352,3475.761569832732,female,0-4,3402,0.03485512888816032,0.0012412208260013354,0.007289423379388777,0.000254073791408965
2011,E07000107,97604,165308,1205,33838,0.03561085170518352,3475.761569832732,male,0-4,3382,0.03465021925330929,0.001233923819381692,0.007289423379388777,0.0002525801183260199
2011,E07000108,111718,165308,643,40077,0.016044115078473937,1792.4164483369514,female,0-4,3039,0.02720242037988507,0.00043643876298790076,0.003889708907009945,0.00010580949684386781
2011,E07000108,111718,165308,643,40077,0.016044115078473937,1792.4164483369514,male,0-4,3200,0.028643548935713133,0.00045956039538048115,0.003889708907009945,0.0001114150674236186
2011,E07000109,101766,165308,1146,35711,0.032090952367617824,3265.7678586429956,female,0-4,3262,0.03205392763791443,0.0010286410650233806,0.006932513852929078,0.00022221429739062803
2011,E07000109,101766,165308,1146,35711,0.032090952367617824,3265.7678586429956,male,0-4,3401,0.033419806222117404,0.0010724734096089874,0.006932513852929078,0.00023168326959703428
2011,E07000110,155764,165308,1006,47534,0.02116379854419994,3296.5579164387595,female,0-4,4663,0.029936313910788114,0.0006335661167638499,0.006085609891838265,0.0001821807280606676
2011,E07000110,155764,165308,1006,47534,0.02116379854419994,3296.5579164387595,male,0-4,5001,0.03210626332143499,0.0006794904889418858,0.006085609891838265,0.00019538619365888887
2011,E07000111,115351,165308,1493,33141,0.045049938143085604,5196.555414743068,female,0-4,3413,0.029587953290391933,0.0013329354655126626,0.009031625813632734,0.00026722732271006335
2011,E07000111,115351,165308,1493,33141,0.045049938143085604,5196.555414743068,male,0-4,3631,0.031477837209907156,0.0014180746191844358,0.009031625813632734,0.00028429604710232645
2011,E07000112,108199,165308,674,39104,0.017236088379705403,1864.927526595745,female,0-4,2977,0.027514117505707078,0.0004742357610179668,0.004077237641251482,0.00011218159556008523
2011,E07000112,108199,165308,674,39104,0.017236088379705403,1864.927526595745,male,0-4,2999,0.027717446556807364,0.0004777403585128929,0.004077237641251482,0.00011301061642079126
2011,E07000113,136324,165308,898,51193,0.017541460746586447,2391.322094817651,female,0-4,4218,0.03094099351544849,0.0005427502232116254,0.005432283978996782,0.00016808026336821415
2011,E07000113,136324,165308,898,51193,0.017541460746586447,2391.322094817651,male,0-4,4549,0.03336903259880872,0.0005853415754835667,0.005432283978996782,0.00018127006118112994
2011,E07000114,134402,165308,826,52563,0.015714475962178717,2112.056998268744,female,0-4,3932,0.02925551703099656,0.0004597351191447055,0.004996733370435793,0.00014618201821813318
2011,E07000114,134402,165308,826,52563,0.015714475962178717,2112.056998268744,male,0-4,4201,0.03125697534262883,0.0004911869876721536,0.004996733370435793,0.00015618277175340222
2011,E07000115,121087,165308,974,37881,0.025712098413452653,3113.4008605897416,female,0-4,3493,0.028847027343975817,0.0007417176060038659,0.005892031843588937,0.00016996760370358632
2011,E07000115,121087,165308,974,37881,0.025712098413452653,3113.4008605897416,male,0-4,3960,0.032703758454664826,0.0008408822558761263,0.005892031843588937,0.00019269158621992608
2011,E07000116,115246,165308,906,38118,0.023768298441681095,2739.2013222099795,female,0-4,3565,0.030933828505978516,0.0007352444678738794,0.005480678491059114,0.00016953836853882774
2011,E07000116,115246,165308,906,38118,0.023768298441681095,2739.2013222099795,male,0-4,3729,0.03235687138816098,0.0007690677757929022,0.005480678491059114,0.00017733760905505993
2011,E07000130,165876,165308,8,46529,0.00017193578198542844,28.520019772614926,female,0-4,4493,0.02708649834816369,4.6571382747385394e-06,4.839451206233213e-05,1.310837871036547e-06
2011,E07000130,165876,165308,8,46529,0.00017193578198542844,28.520019772614926,male,0-4,4661,0.028099303093877353,4.831275650691371e-06,4.839451206233213e-05,1.359852062519774e-06
2011,E07000178,150245,165308,18,41750,0.0004311377245508982,64.77628742514969,female,0-4,4618,0.030736463775832806,1.3251649053053664e-05,0.0001088876521402473,3.3468213756441944e-06
2011,E07000178,150245,165308,18,41750,0.0004311377245508982,64.77628742514969,male,0-4,4558,0.030337116043795135,1.307947518055838e-05,0.0001088876521402473,3.30333733871508e-06
2011,E07000200,87901,165308,10,31239,0.0003201126796632415,28.13822465507859,female,0-4,2130,0.024231806236561588,7.756908427466177e-06,6.049314007791517e-05,1.4658580490092185e-06
2011,E07000200,87901,165308,10,31239,0.0003201126796632415,28.13822465507859,male,0-4,2314,0.026325070249485216,8.426988779885789e-06,6.049314007791517e-05,1.5924861621630663e-06
2011,E07000207,131428,165308,94,42682,0.0022023335363853614,289.44829202005525,female,0-4,4596,0.03496971725964026,7.701498107881974e-05,0.0005686355167324026,1.9885023243921555e-05
2011,E07000207,131428,165308,94,42682,0.0022023335363853614,289.44829202005525,male,0-4,4869,0.03704690020391393,8.158963073820133e-05,0.0005686355167324026,2.1066183240786346e-05
2011,E07000208,75191,165308,63,24986,0.0025214119907148004,189.58748899383656,female,0-4,2253,0.029963692463193733,7.555081346278737e-05,0.00038110678249086554,1.1419366426193562e-05
2011,E07000208,75191,165308,63,24986,0.0025214119907148004,189.58748899383656,male,0-4,2382,0.03167932332327007,7.98766256850242e-05,0.00038110678249086554,1.2073204983219292e-05
2011,E07000209,137580,165308,31,46466,0.0006671544785434512,91.78711315800801,female,0-4,3914,0.028448902456752436,1.897981268366818e-05,0.00018752873424153702,5.334986668275737e-06
2011,E07000209,137580,165308,31,46466,0.0006671544785434512,91.78711315800801,male,0-4,4251,0.03089838639337113,2.0613996862103583e-05,0.00018752873424153702,5.794335290454818e-06
2011,E07000210,85637,165308,54,29167,0.0018514074124867145,158.54897658312478,female,0-4,2203,0.025724861917161973,4.762720003863087e-05,0.0003266629564207419,8.403359447375484e-06
2011,E07000210,85637,165308,54,29167,0.0018514074124867145,158.54897658312478,male,0-4,2400,0.028025269451288578,5.188619159905315e-05,0.0003266629564207419,9.15481737344583e-06
2011,E07000211,138375,165308,168,49074,0.0034234013938134245,473.7131678689326,female,0-4,4499,0.03251309846431798,0.00011130538659993928,0.0010162847533089748,3.30425662521198e-05
2011,E07000211,138375,165308,168,49074,0.0034234013938134245,473.7131678689326,male,0-4,4729,0.03417524841915086,0.00011699559307204108,0.0010162847533089748,3.473178390892966e-05
2011,E07000212,80501,165308,9,27370,0.0003288271830471319,26.470917062477163,female,0-4,2343,0.02910522850647818,9.570590301728302e-06,5.444382607012365e-05,1.5845999985379026e-06
2011,E07000212,80501,165308,9,27370,0.0003288271830471319,26.470917062477163,male,0-4,2507,0.0311424702798723,1.0240490775259433e-05,5.444382607012365e-05,1.6955152353113625e-06
2011,E07000213,95852,165308,38,34747,0.0010936195930583935,104.82562523383314,female,0-4,2936,0.030630555439636106,3.34981755750474e-05,0.00022987393229607762,7.041166227322162e-06
2011,E07000213,95852,165308,38,34747,0.0010936195930583935,104.82562523383314,male,0-4,3095,0.03228936276760005,3.531227977001761e-05,0.00022987393229607762,7.422482790722783e-06
2011,E07000214,86378,165308,31,33770,0.0009179745336097127,79.29280426413976,female,0-4,2514,0.029104633124175137,2.671731201804647e-05,0.00018752873424153702,5.457955010340874e-06
2011,E07000214,86378,165308,31,33770,0.0009179745336097127,79.29280426413976,male,0-4,2592,0.03000764083447174,2.7546250099751967e-05,0.00018752873424153702,5.627294903263145e-06
2011,E07000215,83178,165308,347,29248,0.0118640590809628,986.8287062363238,female,0-4,2437,0.029298612613912332,0.0003476004710416979,0.0020991119607036562,6.15010681698864e-05
2011,E07000215,83178,165308,347,29248,0.0118640590809628,986.8287062363238,male,0-4,2491,0.029947822741590323,0.00035530273835242894,0.0020991119607036562,6.28638329139052e-05
2011,E07000216,121754,165308,16,43976,0.00036383481899217757,44.298344551573585,female,0-4,3640,0.02989634837459139,1.087733249939654e-05,9.678902412466426e-05,2.893638384067693e-06
2011,E07000216,121754,165308,16,43976,0.00036383481899217757,44.298344551573585,male,0-4,3763,0.030906582124611923,1.1244890712975049e-05,9.678902412466426e-05,2.9914179228699806e-06
2011,E07000217,99493,165308,25,33858,0.0007383779313603875,73.46343552483903,female,0-4,3551,0.03569095313238117,2.635341214216815e-05,0.00015123285019478792,5.397644568378599e-06
2011,E07000217,99493,165308,25,33858,0.0007383779313603875,73.46343552483903,male,0-4,3733,0.037520227553697244,2.7704108005269985e-05,0.00015123285019478792,5.674290952902649e-06
2011,E07000223,61334,165308,37,24872,0.0014876165969765198,91.24147635895787,female,0-4,1682,0.02742361496070695,4.079582476464125e-05,0.00022382461828828612,6.138080150665166e-06
2011,E07000223,61334,165308,37,24872,0.0014876165969765198,91.24147635895787,male,0-4,1892,0.030847490788143608,4.5889239271522735e-05,0.00022382461828828612,6.904427850807666e-06
2011,E07000224,149811,165308,31,61570,0.0005034919603703102,75.42863407503654,female,0-4,3600,0.02403027815046959,1.2099051854223766e-05,0.00018752873424153702,4.506367645029626e-06
2011,E07000224,149811,165308,31,61570,0.0005034919603703102,75.42863407503654,male,0-4,3899,0.026026126252411373,1.3103945327671797e-05,0.00018752873424153702,4.880646513325142e-06
2011,E07000225,113995,165308,8,44206,0.0001809709089263901,20.62977876306384,female,0-4,2726,0.023913329531997016,4.327616980861787e-06,4.839451206233213e-05,1.1572739144867527e-06
2011,E07000225,113995,165308,8,44206,0.0001809709089263901,20.62977876306384,male,0-4,2914,0.025562524672134743,4.626073324369497e-06,4.839451206233213e-05,1.2370859085892875e-06
2011,E07000226,107053,165308,93,37608,0.0024728781110402043,264.729020421187,female,0-4,3938,0.0367855174539714,9.096610091521326e-05,0.000562586202724611,2.0695024579689667e-05
2011,E07000226,107053,165308,93,37608,0.0024728781110402043,264.729020421187,male,0-4,4205,0.03927960916555351,9.713368571571146e-05,0.000562586202724611,2.2098166164955575e-05
2011,E07000227,131540,165308,61,45394,0.0013437899281843416,176.7621271533683,female,0-4,3406,0.025893264406264254,3.4795107916952015e-05,0.0003690081544752825,9.554825711896093e-06
2011,E07000227,131540,165308,61,45394,0.0013437899281843416,176.7621271533683,male,0-4,3737,0.028409609244336324,3.8176546766191915e-05,0.0003690081544752825,1.0483377476616472e-05
2011,E07000228,140188,165308,399,44892,0.008887997861534349,1245.9906442127774,female,0-4,4161,0.029681570462521758,0.0002638097347978745,0.002413676289108815,7.164170284890133e-05
2011,E07000228,140188,165308,399,44892,0.008887997861534349,1245.9906442127774,male,0-4,4166,0.029717236853368335,0.0002641267376034475,0.002413676289108815,7.17277899708058e-05
2011,E07000229,104998,165308,33,39714,0.0008309412297930201,87.24716724580752,female,0-4,3053,0.029076744318939408,2.416106568275672e-05,0.00019962736225712004,5.8045137714145745e-06
2011,E07000229,104998,165308,33,39714,0.0008309412297930201,87.24716724580752,male,0-4,3291,0.03134345416103164,2.6044568346528782e-05,0.00019962736225712004,6.2570110781937e-06
2011,E07000241,110727,165308,12,36606,0.00032781511227667593,36.2979839370595,female,0-4,3291,0.029721748083123358,9.74323818492816e-06,7.25917680934982e-05,2.1575542441834656e-06
2011,E07000241,110727,165308,12,36606,0.00032781511227667593,36.2979839370595,male,0-4,3469,0.03132930540879821,1.0270219770135457e-05,7.25917680934982e-05,2.2742496727658588e-06
2011,E07000242,138155,165308,8,44545,0.00017959366932315636,24.81176338534067,female,0-4,4121,0.029828815460895372,5.357066420185497e-06,4.839451206233213e-05,1.4435509696273803e-06
2011,E07000242,138155,165308,8,44545,0.00017959366932315636,24.81176338534067,male,0-4,4252,0.030777025804350187,5.5273589950567176e-06,4.839451206233213e-05,1.4894391465313323e-06
2011,E08000035,750683,165308,8,281107,2.845891422127517e-05,21.36362310436951,female,0-4,23618,0.03146201525810495,8.953747934588594e-07,4.839451206233213e-05,1.5225888769136376e-06
2011,E08000035,750683,165308,8,281107,2.845891422127517e-05,21.36362310436951,male,0-4,24513,0.03265426285129675,9.293048654440266e-07,4.839451206233213e-05,1.5802871174436446e-06
2011,E09000001,7412,165308,20,2137,0.009358914365933552,69.36827328029949,female,0-4,138,0.0186184565569347,0.00017424854054220591,0.00012098628015583033,2.252577801066458e-06
2011,E09000001,7412,165308,20,2137,0.009358914365933552,69.36827328029949,male,0-4,95,0.012817053426875337,0.00011995370544572146,0.00012098628015583033,1.5506876166761847e-06
2011,E09000002,187029,165308,213,69590,0.0030607845954878574,572.4554821094985,female,0-4,9169,0.049024482834212874,0.00015005338186071767,0.001288503883659593,6.316823652628634e-05
2011,E09000002,187029,165308,213,69590,0.0030607845954878574,572.4554821094985,male,0-4,9528,0.05094397125579456,0.00015592852245271217,0.001288503883659593,6.564150481213397e-05
2011,E09000003,357538,165308,214,138470,0.001545461110709901,552.5610746009966,female,0-4,12841,0.0359150635736621,5.5505334041768535e-05,0.0012945531976673846,4.649396039371168e-05
2011,E09000003,357538,165308,214,138470,0.001545461110709901,552.5610746009966,male,0-4,13423,0.03754286257684498,5.802103409724002e-05,0.0012945531976673846,4.860123279844185e-05
2011,E09000004,232774,165308,4151,34157,0.12152706619433791,28288.341306320814,female,0-4,7472,0.032099804961035164,0.0039009951223250568,0.025110702446342583,0.0008060486509621855
2011,E09000004,232774,165308,4151,34157,0.12152706619433791,28288.341306320814,male,0-4,7805,0.033530377103972095,0.004074848357835529,0.025110702446342583,0.0008419713223715014
2011,E09000005,312245,165308,417,114282,0.0036488685882291173,1139.3409723316008,female,0-4,10980,0.035164694390622746,0.00012831134877661998,0.0025225639412490624,8.870519007482811e-05
2011,E09000005,312245,165308,417,114282,0.0036488685882291173,1139.3409723316008,male,0-4,11589,0.037115085910102645,0.00013542807112679864,0.0025225639412490624,9.362517739318608e-05
2011,E09000006,310554,165308,10197,36965,0.2758555390234005,85668.04106587311,female,0-4,9886,0.031833433154942456,0.00878142886192204,0.061684854937450094,0.0019636407063236398
2011,E09000006,310554,165308,10197,36965,0.2758555390234005,85668.04106587311,male,0-4,10303,0.033176194800260184,0.00915183709937111,0.061684854937450094,0.0020464687636306354
2011,E09000007,220087,165308,382,72962,0.005235602094240838,1152.2879581151833,female,0-4,6349,0.02884768296173786,0.00015103498932847047,0.0023108379509763593,6.666232058571795e-05
2011,E09000007,220087,165308,382,72962,0.005235602094240838,1152.2879581151833,male,0-4,6812,0.03095139649320496,0.00016204919629950242,0.0023108379509763593,7.152366165221462e-05
2011,E09000008,364815,165308,8115,136880,0.05928550555230859,21628.24170806546,female,0-4,13848,0.0379589655030632,0.0022504164600917437,0.04909018317322816,0.0018634125696116212
2011,E09000008,364815,165308,8115,136880,0.05928550555230859,21628.24170806546,male,0-4,14218,0.038973178186203966,0.002310544571749307,0.04909018317322816,0.0019132004560036126
2011,E09000009,339314,165308,312,135612,0.0023006813556322447,780.6533935049995,female,0-4,12493,0.03681840419198736,8.47074160686374e-05,0.0018873859704309531,6.949053952561314e-05
2011,E09000009,339314,165308,312,135612,0.0023006813556322447,780.6533935049995,male,0-4,13051,0.0384628986720265,8.849087385830359e-05,0.0018873859704309531,7.259433533569015e-05
2011,E09000010,313935,165308,223,122444,0.0018212407304563718,571.7512087158211,female,0-4,12037,0.038342332011403635,6.983061675984948e-05,0.0013489970237375083,5.1723691766538894e-05
2011,E09000010,313935,165308,223,122444,0.0018212407304563718,571.7512087158211,male,0-4,12627,0.04022170194467008,7.32534018299094e-05,0.0013489970237375083,5.425895621301708e-05
2011,E09000011,255483,165308,5537,32537,0.1701754925162123,43476.94535451947,female,0-4,10288,0.04026882414876919,0.006852766982565541,0.033495051661141625,0.0013488063451964516
2011,E09000011,255483,165308,5537,32537,0.1701754925162123,43476.94535451947,male,0-4,10807,0.042300270468093766,0.007198469360476847,0.033495051661141625,0.001416849744609064
2011,E09000012,247182,165308,409,88435,0.004624865720585741,1143.1835585458246,female,0-4,9461,0.03827544076834074,0.00017701877394980903,0.00247416942918673,9.46999254376761e-05
2011,E09000012,247182,165308,409,88435,0.004624865720585741,1143.1835585458246,male,0-4,9594,0.03881350583780372,0.00017950725264501296,0.00247416942918673,9.603118958345465e-05
2011,E09000013,182445,165308,389,63620,0.006114429424709211,1115.5470763910719,female,0-4,5838,0.03199868453506536,0.0001956536982731912,0.0023531831490309,7.529876523907146e-05
2011,E09000013,182445,165308,389,63620,0.006114429424709211,1115.5470763910719,male,0-4,6015,0.03296883992436077,0.00020158564493203928,0.0023531831490309,7.758171855310294e-05
2011,E09000014,255540,165308,300,94034,0.003190335410596167,815.2583108237445,female,0-4,8910,0.034867339751115285,0.00011123850868127044,0.001814794202337455,6.32770460312543e-05
2011,E09000014,255540,165308,300,94034,0.003190335410596167,815.2583108237445,male,0-4,9109,0.03564608280504031,0.00011372296022196324,0.001814794202337455,6.469030441062799e-05
2011,E09000015,240499,165308,72,85681,0.0008403263267235443,202.09764125068568,female,0-4,7894,0.03282342130320708,2.758238505422334e-05,0.0004355506085609892,1.4296261123665581e-05
2011,E09000015,240499,165308,72,85681,0.0008403263267235443,202.09764125068568,male,0-4,8099,0.03367581569985738,2.8298674506480216e-05,0.0004355506085609892,1.4667522021860596e-05
2011,E09000016,237927,165308,101,84891,0.0011897609876194179,283.07626250132523,female,0-4,6738,0.028319610636876016,3.369356792032698e-05,0.0006109807147869432,1.730273594940643e-05
2011,E09000016,237927,165308,101,84891,0.0011897609876194179,283.07626250132523,male,0-4,7072,0.029723402556246243,3.536374478072906e-05,0.0006109807147869432,1.8160425739715382e-05
2011,E09000017,275499,165308,102,107741,0.0009467148068052088,260.8189825600282,female,0-4,9683,0.03514713302044654,3.3274311247209016e-05,0.0006170300287947347,2.1686836499658497e-05
2011,E09000017,275499,165308,102,107741,0.0009467148068052088,260.8189825600282,male,0-4,10286,0.037335888696510694,3.53464386542179e-05,0.0006170300287947347,2.3037364477485004e-05
2011,E09000018,254927,165308,214,93861,0.002279967185519012,581.2251947028052,female,0-4,9647,0.03784220580793717,8.627898746975373e-05,0.0012945531976673846,4.898874853545234e-05
2011,E09000018,254927,165308,214,93861,0.002279967185519012,581.2251947028052,male,0-4,10195,0.039991840801484345,9.118008471588465e-05,0.0012945531976673846,5.177156539016654e-05
2011,E09000019,206285,165308,347,78519,0.004419312523083585,911.6378838242973,female,0-4,6001,0.029090820951596093,0.00012856142933817094,0.0020991119607036562,6.106489020618388e-05
2011,E09000019,206285,165308,347,78519,0.004419312523083585,911.6378838242973,male,0-4,6297,0.030525728967205564,0.0001349027363010269,0.0020991119607036562,6.407692278425927e-05
2011,E09000020,158251,165308,366,50701,0.007218792528746967,1142.3811364667363,female,0-4,4399,0.027797612653316567,0.0002006651985387638,0.002214048926851695,6.154527446411464e-05
2011,E09000020,158251,165308,366,50701,0.007218792528746967,1142.3811364667363,male,0-4,4739,0.029946098286898662,0.00021617467057858641,0.002214048926851695,6.630212677550336e-05
2011,E09000021,160436,165308,240,51416,0.004667807686323323,748.8843939629687,female,0-4,5455,0.03400109701064599,0.00015871058196971832,0.001451835361869964,4.936399498242698e-05
2011,E09000021,160436,165308,240,51416,0.004667807686323323,748.8843939629687,male,0-4,5639,0.03514797177690793,0.00016406397281892605,0.001451835361869964,5.10290683237224e-05
2011,E09000022,304481,165308,39410,108324,0.36381595952882095,110775.04717329494,female,0-4,10117,0.033227032228611966,0.012088524612547521,0.23840346504706367,0.00792143961653155
2011,E09000022,304481,165308,39410,108324,0.36381595952882095,110775.04717329494,male,0-4,10549,0.034645839970310136,0.012604709512480359,0.23840346504706367,0.008259688298387994
2011,E09000023,276938,165308,22020,112394,0.19591793156218304,54257.12013096784,female,0-4,10642,0.038427373635976286,0.007528611558127639,0.1332058944515692,0.00511875267660487
2011,E09000023,276938,165308,22020,112394,0.19591793156218304,54257.12013096784,male,0-4,11420,0.04123666669073944,0.008079002442568843,0.1332058944515692,0.005492967070741177
2011,E09000024,200543,165308,921,75416,0.01221226264983558,2449.0837885859764,female,0-4,7314,0.03647098128580903,0.000445393202559538,0.005571418201175986,0.0002031950889505052
2011,E09000024,200543,165308,921,75416,0.01221226264983558,2449.0837885859764,male,0-4,7690,0.03834589090618969,0.0004682900912883302,0.005571418201175986,0.000213640994535054
2011,E09000025,310460,165308,426,112342,0.0037919923091986967,1177.2619323138274,female,0-4,12519,0.040324035302454424,0.00015290843174276393,0.002577007767319186,0.00010391535218407812
2011,E09000025,310460,165308,426,112342,0.0037919923091986967,1177.2619323138274,male,0-4,13040,0.042002190298267086,0.0001592719825805289,0.002577007767319186,0.00010823997064305285
2011,E09000026,281395,165308,222,102662,0.002162435954881066,608.4986655237576,female,0-4,10572,0.03756996392970735,8.124264082518393e-05,0.0013429477097297166,5.045449701402855e-05
2011,E09000026,281395,165308,222,102662,0.002162435954881066,608.4986655237576,male,0-4,11257,0.04000426446809645,8.650665983438284e-05,0.0013429477097297166,5.3723635346852e-05
2011,E09000027,187527,165308,203,62176,0.0032649253731343282,612.2616604477612,female,0-4,6869,0.03662939203421374,0.00011959223145498889,0.0012280107435816779,4.4981286948879604e-05
2011,E09000027,187527,165308,203,62176,0.0032649253731343282,612.2616604477612,male,0-4,7214,0.038469127112362486,0.00012559882919148198,0.0012280107435816779,4.724050139019034e-05
2011,E09000028,288717,165308,48341,102300,0.47254154447702834,136430.7770967742,female,0-4,10311,0.03571317241450971,0.016875957650926823,0.2924298884506497,0.010443599025393895
2011,E09000028,288717,165308,48341,102300,0.47254154447702834,136430.7770967742,male,0-4,10602,0.036721079811718745,0.0173522357690938,0.2924298884506497,0.010738341273128317
2011,E09000029,191123,165308,522,74422,0.007014054983741367,1340.5472306576012,female,0-4,6287,0.03289504664535404,0.00023072766586325021,0.0031577419120671717,0.00010387406749143906
2011,E09000029,191123,165308,522,74422,0.007014054983741367,1340.5472306576012,male,0-4,6583,0.03444378750856778,0.00024159061943339848,0.0031577419120671717,0.00010876459142614019
2011,E09000030,256012,165308,312,76079,0.004101000276028864,1049.9052826667016,female,0-4,9176,0.0358420699029733,0.00014698833856553934,0.0018873859704309531,6.764781988607732e-05
2011,E09000030,256012,165308,312,76079,0.004101000276028864,1049.9052826667016,male,0-4,9650,0.03769354561504929,0.00015458124097182373,0.0018873859704309531,7.11422691696432e-05
2011,E09000031,259742,165308,333,98132,0.0033933884971263195,881.4055150205845,female,0-4,10134,0.03901563859522141,0.000132395219217062,0.002014421564594575,7.85939437426424e-05
2011,E09000031,259742,165308,333,98132,0.0033933884971263195,881.4055150205845,male,0-4,10810,0.041618221157918245,0.00014122679294813897,0.002014421564594575,8.38366421805767e-05
2011,E09000032,307710,165308,2574,105396,0.024422179209837185,7514.948764659,female,0-4,10579,0.03437977316304312,0.0008396289813813901,0.015570934256055362,0.000535325187659841
2011,E09000032,307710,165308,2574,105396,0.024422179209837185,7514.948764659,male,0-4,11182,0.036339410483897175,0.000887487595217573,0.015570934256055362,0.0005658385715485719
2011,E09000033,219582,165308,836,72308,0.011561652929136471,2538.7308734856447,female,0-4,6230,0.028372088786876883,0.00032802824342851515,0.005057226510513707,0.00014348407957164247
2011,E09000033,219582,165308,836,72308,0.011561652929136471,2538.7308734856447,male,0-4,6502,0.0296108059859187,0.0003423498617611887,0.005057226510513707,0.00014974855302966604
2011,E06000033,174274,165308,107,64508,0.001658708997333664,289.069851801327,female,5-9,4661,0.02674524025385313,4.4362570644916675e-05,0.0006472765988336923,1.731156814650401e-05
2011,E06000033,174274,165308,107,64508,0.001658708997333664,289.069851801327,male,5-9,4945,0.028374857982257824,4.706563223323599e-05,0.0006472765988336923,1.8366381567144888e-05
2011,E06000034,158268,165308,159,53689,0.0029615004935834156,468.71076011846003,female,5-9,5035,0.03181312710086688,9.42145916116492e-05,0.0009618409272388511,3.059916766906522e-05
2011,E06000034,158268,165308,159,53689,0.0029615004935834156,468.71076011846003,male,5-9,5238,0.03309576161953143,9.801311437176138e-05,0.0009618409272388511,3.183285804380609e-05
2011,E06000035,264885,165308,1714,99212,0.017276135951296213,4576.189271459098,female,5-9,7996,0.030186684787738075,0.0005215092703118883,0.010368524209354659,0.00031299137202182024
2011,E06000035,264885,165308,1714,99212,0.017276135951296213,4576.189271459098,male,5-9,8140,0.030730316929988486,0.0005309011331089008,0.010368524209354659,0.00031862803504972695
2011,E06000038,155339,165308,10,47360,0.00021114864864864866,32.799619932432435,female,5-9,4194,0.02699901505739061,5.700805544212545e-06,6.049314007791517e-05,1.633255199832471e-06
2011,E06000038,155339,165308,10,47360,0.00021114864864864866,32.799619932432435,male,5-9,4428,0.02850539787175146,6.018876239812387e-06,6.049314007791517e-05,1.724381026432566e-06
2011,E06000039,140713,165308,8,54239,0.0001474953446781836,20.754512435701248,female,5-9,4905,0.03485818652150121,5.141420235845235e-06,4.839451206233213e-05,1.6869449280858136e-06
2011,E06000039,140713,165308,8,54239,0.0001474953446781836,20.754512435701248,male,5-9,5175,0.0367769857795655,5.424434193781671e-06,4.839451206233213e-05,1.7798042819253999e-06
2011,E06000042,249895,165308,14,88445,0.00015829046299960426,39.555995251286106,female,5-9,8111,0.03245763220552632,5.1377336296836275e-06,8.469039610908124e-05,2.7488497282488958e-06
2011,E06000042,249895,165308,14,88445,0.00015829046299960426,39.555995251286106,male,5-9,8600,0.0344144540707097,5.447479868731254e-06,8.469039610908124e-05,2.9145737471261878e-06
2011,E06000043,272952,165308,253,87037,0.002906809747578616,793.4195342210784,female,5-9,6494,0.023791728948679623,6.915802961977026e-05,0.0015304764439712537,3.641268071730312e-05
2011,E06000043,272952,165308,253,87037,0.002906809747578616,793.4195342210784,male,5-9,6781,0.024843195873267096,7.221444392541764e-05,0.0015304764439712537,3.802192607699915e-05
2011,E06000044,205433,165308,17,68264,0.0002490331653580218,51.15963025899449,female,5-9,5427,0.026417372087249858,6.578801791328483e-06,0.00010283833813245579,2.7167186432795003e-06
2011,E06000044,205433,165308,17,68264,0.0002490331653580218,51.15963025899449,male,5-9,5694,0.027717065904698857,6.902468656684058e-06,0.00010283833813245579,2.8503769955469825e-06
2011,E06000047,512994,165308,10,231893,4.3123337056314764e-05,22.122013169867135,female,5-9,12703,0.024762472855433006,1.0678404632926826e-06,6.049314007791517e-05,1.4979597391192807e-06
2011,E06000047,512994,165308,10,231893,4.3123337056314764e-05,22.122013169867135,male,5-9,13217,0.02576443389201433,1.1110483667904735e-06,6.049314007791517e-05,1.558571508457808e-06
2011,E06000060,506550,165308,25,163754,0.00015266802642988872,77.33398878806014,female,5-9,15085,0.029779883525811863,4.546436045197653e-06,0.00015123285019478792,4.503696664077338e-06
2011,E06000060,506550,165308,25,163754,0.00015266802642988872,77.33398878806014,male,5-9,15945,0.03147764287829435,4.80562961489404e-06,0.00015123285019478792,4.760453649898122e-06
2011,E07000008,122725,165308,24,34511,0.000695430442467619,85.34670105183854,female,5-9,2469,0.020118150336117337,1.3990774189876158e-05,0.0001451835361869964,2.920824207339125e-06
2011,E07000008,122725,165308,24,34511,0.000695430442467619,85.34670105183854,male,5-9,2612,0.021283357099205542,1.480109444469685e-05,0.0001451835361869964,3.0899930455932743e-06
2011,E07000061,99308,165308,203,40047,0.0050690438734486976,503.3966089844433,female,5-9,2400,0.02416723728199138,0.00012250478608245936,0.0012280107435816779,2.967762702497308e-05
2011,E07000061,99308,165308,203,40047,0.0050690438734486976,503.3966089844433,male,5-9,2461,0.024781487896241995,0.00012561844939538853,0.0012280107435816779,3.043193337852448e-05
2011,E07000062,90173,165308,190,36006,0.005276898294728657,475.8337499305672,female,5-9,2314,0.025661783460681136,0.00013541462138336435,0.0011493696614803882,2.9494875369186103e-05
2011,E07000062,90173,165308,190,36006,0.005276898294728657,475.8337499305672,male,5-9,2468,0.02736961174630987,0.00014442665755148797,0.0011493696614803882,3.145780138770583e-05
2011,E07000063,97584,165308,120,35106,0.003418219107844813,333.56349341992825,female,5-9,2504,0.025659944253156253,8.771131175237141e-05,0.000725917680934982,1.8627007225172107e-05
2011,E07000063,97584,165308,120,35106,0.003418219107844813,333.56349341992825,male,5-9,2714,0.02781193638301361,9.506729237058148e-05,0.000725917680934982,2.018917636146849e-05
2011,E07000064,90729,165308,226,36720,0.0061546840958605666,558.4083333333333,female,5-9,1972,0.021735057148210606,0.00013377241055271234,0.0013671449657608828,2.971497396070122e-05
2011,E07000064,90729,165308,226,36720,0.0061546840958605666,558.4083333333333,male,5-9,2110,0.0232560702752152,0.00014313376585508268,0.0013671449657608828,3.179441940014177e-05
2011,E07000065,149415,165308,638,56293,0.011333558346508447,1693.4036203435596,female,5-9,4006,0.026811230465482047,0.00030386664482222564,0.0038594623369709873,0.00010347693418937707
2011,E07000065,149415,165308,638,56293,0.011333558346508447,1693.4036203435596,male,5-9,4132,0.027654519291905096,0.0003134241079394499,0.0038594623369709873,0.0001067315756541453
2011,E07000066,174971,165308,111,62378,0.0017794735323351182,311.356263426208,female,5-9,5242,0.02995925039006464,5.331169311772059e-05,0.0006714738548648583,2.011685334827821e-05
2011,E07000066,174971,165308,111,62378,0.0017794735323351182,311.356263426208,male,5-9,5508,0.03147950231752691,5.6016941185121146e-05,0.0006714738548648583,2.1137662770377033e-05
2011,E07000067,147514,165308,9,48494,0.00018558996989318267,27.377118818822947,female,5-9,4243,0.02876337161218596,5.338193271532018e-06,5.444382607012365e-05,1.5659880012441845e-06
2011,E07000067,147514,165308,9,48494,0.00018558996989318267,27.377118818822947,male,5-9,4467,0.030281871551174802,5.620011629491756e-06,5.444382607012365e-05,1.6486609478099864e-06
2011,E07000068,73841,165308,36,24621,0.0014621664432801268,107.96783233824785,female,5-9,2035,0.027559215070218444,4.029615947881337e-05,0.0002177753042804946,6.001716447648414e-06
2011,E07000068,73841,165308,36,24621,0.0014621664432801268,107.96783233824785,male,5-9,2034,0.027545672458390326,4.0276357926243926e-05,0.0002177753042804946,5.998767201236793e-06
2011,E07000069,87964,165308,11,33361,0.00032972632714846676,29.00404664128773,female,5-9,2129,0.02420308307944159,7.980393689453477e-06,6.654245408570669e-05,1.6105325445462862e-06
2011,E07000069,87964,165308,11,33361,0.00032972632714846676,29.00404664128773,male,5-9,2207,0.025089809467509435,8.272770724576714e-06,6.654245408570669e-05,1.6695374945108756e-06
2011,E07000071,173614,165308,8,59731,0.00013393380321775962,23.25278331184812,female,5-9,4588,0.026426440264034005,3.53939365006901e-06,4.839451206233213e-05,1.278894682122293e-06
2011,E07000071,173614,165308,8,59731,0.00013393380321775962,23.25278331184812,male,5-9,4879,0.02810257237319571,3.763884398144442e-06,4.839451206233213e-05,1.3600102776971814e-06
2011,E07000072,124880,165308,22,48938,0.00044954840818995463,56.13960521476153,female,5-9,3330,0.026665598975016015,1.1987477572650135e-05,0.00013308490817141337,3.548788790925741e-06
2011,E07000072,124880,165308,22,48938,0.00044954840818995463,56.13960521476153,male,5-9,3514,0.028139013452914797,1.2649848705793566e-05,0.00013308490817141337,3.7448780214153313e-06
2011,E07000073,82177,165308,9,34960,0.0002574370709382151,21.155406178489702,female,5-9,2403,0.029241758642929286,7.527912694117951e-06,5.444382607012365e-05,1.592033221540177e-06
2011,E07000073,82177,165308,9,34960,0.0002574370709382151,21.155406178489702,male,5-9,2554,0.031079255752826218,8.000952567947254e-06,5.444382607012365e-05,1.6920735945957604e-06
2011,E07000074,61720,165308,8,20947,0.0003819162648589297,23.57187186709314,female,5-9,1578,0.02556707712248866,9.764482597981061e-06,4.839451206233213e-05,1.2373062222028533e-06
2011,E07000074,61720,165308,8,20947,0.0003819162648589297,23.57187186709314,male,5-9,1695,0.027462734931950745,1.0488465148021481e-05,4.839451206233213e-05,1.3290456569289202e-06
2011,E07000075,83333,165308,13,29337,0.00044312642737839587,36.92705457272386,female,5-9,2146,0.025752103008412033,1.1411437403598065e-05,7.864108210128971e-05,2.0251732469654006e-06
2011,E07000075,83333,165308,13,29337,0.00044312642737839587,36.92705457272386,male,5-9,2244,0.02692810771243085,1.193255616667011e-05,7.864108210128971e-05,2.1176555294456473e-06
2011,E07000085,116010,165308,9,39594,0.0002273071677526898,26.369904530989544,female,5-9,3169,0.02731661063701405,6.209261396502663e-06,5.444382607012365e-05,1.4872207983468826e-06
2011,E07000085,116010,165308,9,39594,0.0002273071677526898,26.369904530989544,male,5-9,3337,0.028764761658477717,6.5384365036697345e-06,5.444382607012365e-05,1.5660636806827222e-06
2011,E07000095,93702,165308,9,36221,0.00024847464178239144,23.282570884293644,female,5-9,2706,0.028878785938400462,7.1756459911544175e-06,5.444382607012365e-05,1.5722715987466073e-06
2011,E07000095,93702,165308,9,36221,0.00024847464178239144,23.282570884293644,male,5-9,2887,0.030810441612772407,7.655613442890911e-06,5.444382607012365e-05,1.6774383243094808e-06
2011,E07000103,90653,165308,10,32552,0.0003072007864340133,27.848672892602604,female,5-9,2648,0.029210285373898272,8.973422638823505e-06,6.049314007791517e-05,1.7670218848391049e-06
2011,E07000103,90653,165308,10,32552,0.0003072007864340133,27.848672892602604,male,5-9,2834,0.03126206523777481,9.603731026595851e-06,6.049314007791517e-05,1.891140491553634e-06
2011,E07000105,118405,165308,683,38958,0.0175317008059962,2075.8410339339803,female,5-9,3630,0.030657489126303786,0.0005374779268254398,0.004131681467321606,0.000126666979657763
2011,E07000105,118405,165308,683,38958,0.0175317008059962,2075.8410339339803,male,5-9,3788,0.031991892234280644,0.0005608722828690816,0.004131681467321606,0.00013218030824892733
2011,E07000106,150600,165308,838,52154,0.01606779921003183,2419.8105610307935,female,5-9,3666,0.024342629482071713,0.0003911324827621294,0.005069325138529291,0.0001234007035713704
2011,E07000106,150600,165308,838,52154,0.01606779921003183,2419.8105610307935,male,5-9,3911,0.02596945551128818,0.000417271996749233,0.005069325138529291,0.00013164761365729122
2011,E07000107,97604,165308,1205,33838,0.03561085170518352,3475.761569832732,female,5-9,2888,0.029588951272488832,0.0010536877558765011,0.007289423379388777,0.00021568639317727539
2011,E07000107,97604,165308,1205,33838,0.03561085170518352,3475.761569832732,male,5-9,3119,0.03195565755501824,0.001137968182333382,0.007289423379388777,0.00023293831728529154
2011,E07000108,111718,165308,643,40077,0.016044115078473937,1792.4164483369514,female,5-9,2901,0.02596716733203244,0.0004166202209371175,0.003889708907009945,0.00010100472206122425
2011,E07000108,111718,165308,643,40077,0.016044115078473937,1792.4164483369514,male,5-9,2987,0.026736962709679728,0.0004289709065629679,0.003889708907009945,0.000103999001998234
2011,E07000109,101766,165308,1146,35711,0.032090952367617824,3265.7678586429956,female,5-9,2987,0.02935164986341214,0.0009419223976777552,0.006932513852929078,0.00020348071928442854
2011,E07000109,101766,165308,1146,35711,0.032090952367617824,3265.7678586429956,male,5-9,3273,0.03216201874889452,0.0010321098117172056,0.006932513852929078,0.00022296364051487601
2011,E07000110,155764,165308,1006,47534,0.02116379854419994,3296.5579164387595,female,5-9,4268,0.027400426285919724,0.0005798971019404056,0.006085609891838265,0.00016674830524617828
2011,E07000110,155764,165308,1006,47534,0.02116379854419994,3296.5579164387595,male,5-9,4528,0.029069618140263476,0.0006152235420773563,0.006085609891838265,0.0001769063557063485
2011,E07000111,115351,165308,1493,33141,0.045049938143085604,5196.555414743068,female,5-9,3426,0.029700652790179537,0.001338012571006851,0.009031625813632734,0.0002682451824215286
2011,E07000111,115351,165308,1493,33141,0.045049938143085604,5196.555414743068,male,5-9,3508,0.030411526558070584,0.0013700373902778848,0.009031625813632734,0.00027466552829384774
2011,E07000112,108199,165308,674,39104,0.017236088379705403,1864.927526595745,female,5-9,2625,0.024260852688102477,0.00041816220109914767,0.004077237641251482,9.89172617887886e-05
2011,E07000112,108199,165308,674,39104,0.017236088379705403,1864.927526595745,male,5-9,2948,0.027246092847438515,0.00046961606432010947,0.004077237641251482,0.00011108879533460908
2011,E07000113,136324,165308,898,51193,0.017541460746586447,2391.322094817651,female,5-9,3904,0.02863765734573516,0.0005023463422044063,0.005432283978996782,0.0001555678871952366
2011,E07000113,136324,165308,898,51193,0.017541460746586447,2391.322094817651,male,5-9,4112,0.030163434171532527,0.0005291106965021822,0.005432283978996782,0.0001638563402015402
2011,E07000114,134402,165308,826,52563,0.015714475962178717,2112.056998268744,female,5-9,3494,0.02599663695480722,0.00040852352652380496,0.004996733370435793,0.00012989826339118956
2011,E07000114,134402,165308,826,52563,0.015714475962178717,2112.056998268744,male,5-9,3836,0.028541241945804378,0.00044851066048806984,0.004996733370435793,0.00014261297606428254
2011,E07000115,121087,165308,974,37881,0.025712098413452653,3113.4008605897416,female,5-9,3769,0.03112638020596761,0.0008003245511103838,0.005892031843588937,0.00018339762334921753
2011,E07000115,121087,165308,974,37881,0.025712098413452653,3113.4008605897416,male,5-9,3943,0.032563363532005916,0.0008372724078079713,0.005892031843588937,0.00019186437486494158
2011,E07000116,115246,165308,906,38118,0.023768298441681095,2739.2013222099795,female,5-9,3405,0.029545493986776115,0.0007022461186845889,0.005480678491059114,0.00016192935340104023
2011,E07000116,115246,165308,906,38118,0.023768298441681095,2739.2013222099795,male,5-9,3594,0.03118546413758395,0.0007412254186644383,0.005480678491059114,0.0001709175025325517
2011,E07000130,165876,165308,8,46529,0.00017193578198542844,28.520019772614926,female,5-9,4001,0.024120427307145097,4.147164530876674e-06,4.839451206233213e-05,1.1672963102642387e-06
2011,E07000130,165876,165308,8,46529,0.00017193578198542844,28.520019772614926,male,5-9,4328,0.026091779401480625,4.486110494784865e-06,4.839451206233213e-05,1.2626989329726631e-06
2011,E07000178,150245,165308,18,41750,0.0004311377245508982,64.77628742514969,female,5-9,3550,0.02362807414556225,1.0186954122637616e-05,0.0001088876521402473,2.572805518305953e-06
2011,E07000178,150245,165308,18,41750,0.0004311377245508982,64.77628742514969,male,5-9,3839,0.025551599054877035,1.1016258275156566e-05,0.0001088876521402473,2.782253629514522e-06
2011,E07000200,87901,165308,10,31239,0.0003201126796632415,28.13822465507859,female,5-9,2446,0.027826759650060862,8.907698597925947e-06,6.049314007791517e-05,1.6833280694256094e-06
2011,E07000200,87901,165308,10,31239,0.0003201126796632415,28.13822465507859,male,5-9,2441,0.027769877475796637,8.889489892697154e-06,6.049314007791517e-05,1.6798870880899072e-06
2011,E07000207,131428,165308,94,42682,0.0022023335363853614,289.44829202005525,female,5-9,4249,0.03232948838907995,7.120031649345193e-05,0.0005686355167324026,1.8383695335818688e-05
2011,E07000207,131428,165308,94,42682,0.0022023335363853614,289.44829202005525,male,5-9,4426,0.033676233374927714,7.416629814074329e-05,0.0005686355167324026,1.9149502366753004e-05
2011,E07000208,75191,165308,63,24986,0.0025214119907148004,189.58748899383656,female,5-9,2193,0.02916572462129776,7.353880777802605e-05,0.00038110678249086554,1.1115255469437408e-05
2011,E07000208,75191,165308,63,24986,0.0025214119907148004,189.58748899383656,male,5-9,2252,0.029950392999162134,7.551728003470802e-05,0.00038110678249086554,1.1414297910247626e-05
2011,E07000209,137580,165308,31,46466,0.0006671544785434512,91.78711315800801,female,5-9,3730,0.027111498764355285,1.808755782066487e-05,0.00018752873424153702,5.0841850466705415e-06
2011,E07000209,137580,165308,31,46466,0.0006671544785434512,91.78711315800801,male,5-9,3823,0.027787469108882103,1.8538534463378496e-05,0.00018752873424153702,5.210948909764472e-06
2011,E07000210,85637,165308,54,29167,0.0018514074124867145,158.54897658312478,female,5-9,2405,0.028083655429312095,5.199428783155118e-05,0.0003266629564207419,9.173889909640509e-06
2011,E07000210,85637,165308,54,29167,0.0018514074124867145,158.54897658312478,male,5-9,2326,0.027161156976540514,5.028636735808235e-05,0.0003266629564207419,8.872543837764583e-06
2011,E07000211,138375,165308,168,49074,0.0034234013938134245,473.7131678689326,female,5-9,4101,0.029636856368563686,0.0001014588554003892,0.0010162847533089748,3.0119485263379265e-05
2011,E07000211,138375,165308,168,49074,0.0034234013938134245,473.7131678689326,male,5-9,4060,0.029340560072267388,0.00010044451424666668,0.0010162847533089748,2.981836385499142e-05
2011,E07000212,80501,165308,9,27370,0.0003288271830471319,26.470917062477163,female,5-9,2013,0.02500590054781928,8.222619836696145e-06,5.444382607012365e-05,1.3614169001522827e-06
2011,E07000212,80501,165308,9,27370,0.0003288271830471319,26.470917062477163,male,5-9,2121,0.02634749878883492,8.663773807070307e-06,5.444382607012365e-05,1.434458641442122e-06
2011,E07000213,95852,165308,38,34747,0.0010936195930583935,104.82562523383314,female,5-9,2526,0.026353127738597003,2.8820296833300315e-05,0.00022987393229607762,6.057897101572132e-06
2011,E07000213,95852,165308,38,34747,0.0010936195930583935,104.82562523383314,male,5-9,2682,0.02798063681508993,3.0600172647233354e-05,0.00022987393229607762,6.432019012833119e-06
2011,E07000214,86378,165308,31,33770,0.0009179745336097127,79.29280426413976,female,5-9,2505,0.02900043992683322,2.6621665316311217e-05,0.00018752873424153702,5.438415791926766e-06
2011,E07000214,86378,165308,31,33770,0.0009179745336097127,79.29280426413976,male,5-9,2665,0.030852763435133945,2.8322051124937882e-05,0.00018752873424153702,5.785779674844244e-06
2011,E07000215,83178,165308,347,29248,0.0118640590809628,986.8287062363238,female,5-9,2340,0.02813243886604631,0.00033376491679834754,0.0020991119607036562,5.9053138907482215e-05
2011,E07000215,83178,165308,347,29248,0.0118640590809628,986.8287062363238,male,5-9,2402,0.02887782827189882,0.0003426082607477055,0.0020991119607036562,6.061779472468901e-05
2011,E07000216,121754,165308,16,43976,0.00036383481899217757,44.298344551573585,female,5-9,3569,0.029313205315636446,1.0665164750095123e-05,9.678902412466426e-05,2.8371965364663724e-06
2011,E07000216,121754,165308,16,43976,0.00036383481899217757,44.298344551573585,male,5-9,3773,0.030988714949816844,1.1274773494566799e-05,9.678902412466426e-05,2.9993674788701667e-06
2011,E07000217,99493,165308,25,33858,0.0007383779313603875,73.46343552483903,female,5-9,2906,0.029208084990903882,2.156660537458199e-05,0.00015123285019478792,4.4172219419060005e-06
2011,E07000217,99493,165308,25,33858,0.0007383779313603875,73.46343552483903,male,5-9,3081,0.030967002703707797,2.286535139679529e-05,0.00015123285019478792,4.683228080871434e-06
2011,E07000223,61334,165308,37,24872,0.0014876165969765198,91.24147635895787,female,5-9,1489,0.02427691003358659,3.6114734289269214e-05,0.00022382461828828612,5.433770121486582e-06
2011,E07000223,61334,165308,37,24872,0.0014876165969765198,91.24147635895787,male,5-9,1637,0.026689927283399095,3.970437879888093e-05,0.00022382461828828612,5.973862786348916e-06
2011,E07000224,149811,165308,31,61570,0.0005034919603703102,75.42863407503654,female,5-9,3426,0.022868814706530228,1.1514264347936285e-05,0.00018752873424153702,4.288559875519861e-06
2011,E07000224,149811,165308,31,61570,0.0005034919603703102,75.42863407503654,male,5-9,3539,0.023623098437364414,1.189404014224942e-05,0.00018752873424153702,4.4300097488221795e-06
2011,E07000225,113995,165308,8,44206,0.0001809709089263901,20.62977876306384,female,5-9,2751,0.024132637396377034,4.367305324413344e-06,4.839451206233213e-05,1.1678872115748558e-06
2011,E07000225,113995,165308,8,44206,0.0001809709089263901,20.62977876306384,male,5-9,2909,0.02551866309925874,4.618135655659185e-06,4.839451206233213e-05,1.234963249171667e-06
2011,E07000226,107053,165308,93,37608,0.0024728781110402043,264.729020421187,female,5-9,3132,0.02925653648192951,7.234784867101267e-05,0.000562586202724611,1.645932376424277e-05
2011,E07000226,107053,165308,93,37608,0.0024728781110402043,264.729020421187,male,5-9,3419,0.031937451542693805,7.897742484233472e-05,0.000562586202724611,1.7967569588105376e-05
2011,E07000227,131540,165308,61,45394,0.0013437899281843416,176.7621271533683,female,5-9,3558,0.027048806446708224,3.63479136724942e-05,0.0003690081544752825,9.981230147658926e-06
2011,E07000227,131540,165308,61,45394,0.0013437899281843416,176.7621271533683,male,5-9,3735,0.028394404743804166,3.815611511151373e-05,0.0003690081544752825,1.0477766891935382e-05
2011,E07000228,140188,165308,399,44892,0.008887997861534349,1245.9906442127774,female,5-9,3939,0.028097982708933718,0.000249734810230432,0.002413676289108815,6.781943463634278e-05
2011,E07000228,140188,165308,399,44892,0.008887997861534349,1245.9906442127774,male,5-9,4270,0.030459097782977146,0.0002707203959593665,0.002413676289108815,7.351840210641881e-05
2011,E07000229,104998,165308,33,39714,0.0008309412297930201,87.24716724580752,female,5-9,2634,0.025086192117945105,2.0845151329309274e-05,0.00019962736225712004,5.007890361580737e-06
2011,E07000229,104998,165308,33,39714,0.0008309412297930201,87.24716724580752,male,5-9,2978,0.028362444998952362,2.356752492736637e-05,0.00019962736225712004,5.661920082303506e-06
2011,E07000241,110727,165308,12,36606,0.00032781511227667593,36.2979839370595,female,5-9,3003,0.027120756455065162,8.890593822345569e-06,7.25917680934982e-05,1.9687436631063344e-06
2011,E07000241,110727,165308,12,36606,0.00032781511227667593,36.2979839370595,male,5-9,3054,0.0275813487225338,9.04158292821957e-06,7.25917680934982e-05,2.0021788701720763e-06
2011,E07000242,138155,165308,8,44545,0.00017959366932315636,24.81176338534067,female,5-9,4061,0.029394520647099274,5.279069821007839e-06,4.839451206233213e-05,1.4225334840225167e-06
2011,E07000242,138155,165308,8,44545,0.00017959366932315636,24.81176338534067,male,5-9,4214,0.030501972422279325,5.477961148910868e-06,4.839451206233213e-05,1.4761280723149187e-06
2011,E08000035,750683,165308,8,281107,2.845891422127517e-05,21.36362310436951,female,5-9,19936,0.026557148623320363,7.557876146327302e-07,4.839451206233213e-05,1.2852202493924245e-06
2011,E08000035,750683,165308,8,281107,2.845891422127517e-05,21.36362310436951,male,5-9,20909,0.027853301593348992,7.92674720824426e-07,4.839451206233213e-05,1.3479469399351025e-06
2011,E09000001,7412,165308,20,2137,0.009358914365933552,69.36827328029949,female,5-9,86,0.011602806260118727,0.00010858967019296891,0.00012098628015583033,1.4037803687805463e-06
2011,E09000001,7412,165308,20,2137,0.009358914365933552,69.36827328029949,male,5-9,100,0.013491635186184566,0.00012626705836391733,0.00012098628015583033,1.6323027543959842e-06
2011,E09000002,187029,165308,213,69590,0.0030607845954878574,572.4554821094985,female,5-9,6989,0.037368536430179275,0.00011437704066141954,0.001288503883659593,4.8149504316960984e-05
2011,E09000002,187029,165308,213,69590,0.0030607845954878574,572.4554821094985,male,5-9,7508,0.04014350715664416,0.000122870628313913,0.001288503883659593,5.172506487505267e-05
2011,E09000003,357538,165308,214,138470,0.001545461110709901,552.5610746009966,female,5-9,11014,0.030805117218309662,4.760811067175755e-05,0.0012945531976673846,3.987886299948138e-05
2011,E09000003,357538,165308,214,138470,0.001545461110709901,552.5610746009966,male,5-9,11637,0.03254758934714632,5.030103358337049e-05,0.0012945531976673846,4.213458586571317e-05
2011,E09000004,232774,165308,4151,34157,0.12152706619433791,28288.341306320814,female,5-9,6893,0.029612413757550242,0.003598709766887931,0.025110702446342583,0.0007435885105838256
2011,E09000004,232774,165308,4151,34157,0.12152706619433791,28288.341306320814,male,5-9,7180,0.030845369328189574,0.0037485472401356944,0.025110702446342583,0.0007745488910477105
2011,E09000005,312245,165308,417,114282,0.0036488685882291173,1139.3409723316008,female,5-9,9024,0.02890038271229323,0.00010545369866668659,0.0025225639412490624,7.290306331832868e-05
2011,E09000005,312245,165308,417,114282,0.0036488685882291173,1139.3409723316008,male,5-9,9746,0.03121266953834329,0.00011389092943323665,0.0025225639412490624,7.87359546875478e-05
2011,E09000006,310554,165308,10197,36965,0.2758555390234005,85668.04106587311,female,5-9,9029,0.029073848670440567,0.008020182196469158,0.061684854937450094,0.0017934161377095026
2011,E09000006,310554,165308,10197,36965,0.2758555390234005,85668.04106587311,male,5-9,9238,0.029746839519053048,0.00820583044977097,0.061684854937450094,0.001834929480580395
2011,E09000007,220087,165308,382,72962,0.005235602094240838,1152.2879581151833,female,5-9,5455,0.02478565294633486,0.0001297678164729574,0.0023108379509763593,5.727562746811961e-05
2011,E09000007,220087,165308,382,72962,0.005235602094240838,1152.2879581151833,male,5-9,5452,0.02477202197312881,0.00012969645012109326,0.0023108379509763593,5.7244128497926325e-05
2011,E09000008,364815,165308,8115,136880,0.05928550555230859,21628.24170806546,female,5-9,11614,0.031835313789180815,0.0018873726724079655,0.04909018317322816,0.0015628013852880824
2011,E09000008,364815,165308,8115,136880,0.05928550555230859,21628.24170806546,male,5-9,11727,0.032145059824842726,0.0019057361227250052,0.04909018317322816,0.0015780068749159067
2011,E09000009,339314,165308,312,135612,0.0023006813556322447,780.6533935049995,female,5-9,10100,0.029765939513253212,6.84819420710188e-05,0.0018873859704309531,5.617981663401047e-05
2011,E09000009,339314,165308,312,135612,0.0023006813556322447,780.6533935049995,male,5-9,10408,0.03067365331227123,7.057030228466966e-05,0.0018873859704309531,5.789302292344365e-05
2011,E09000010,313935,165308,223,122444,0.0018212407304563718,571.7512087158211,female,5-9,10294,0.03279022727634701,5.9718897476604684e-05,0.0013489970237375083,4.423391900346858e-05
2011,E09000010,313935,165308,223,122444,0.0018212407304563718,571.7512087158211,male,5-9,10883,0.034666411836845205,6.313588121603738e-05,0.0013489970237375083,4.6764886391562906e-05
2011,E09000011,255483,165308,5537,32537,0.1701754925162123,43476.94535451947,female,5-9,8052,0.03151677411021477,0.005363382556728007,0.033495051661141625,0.0010556559770141746
2011,E09000011,255483,165308,5537,32537,0.1701754925162123,43476.94535451947,male,5-9,8406,0.03290238489449396,0.005599179554378494,0.033495051661141625,0.001102067081815841
2011,E09000012,247182,165308,409,88435,0.004624865720585741,1143.1835585458246,female,5-9,7677,0.031058086753889845,0.00014363948077504322,0.00247416942918673,7.684296877550358e-05
2011,E09000012,247182,165308,409,88435,0.004624865720585741,1143.1835585458246,male,5-9,7862,0.031806523128706785,0.00014710089850897355,0.00247416942918673,7.869472717376699e-05
2011,E09000013,182445,165308,389,63620,0.006114429424709211,1115.5470763910719,female,5-9,4294,0.02353586012222862,0.0001439083556671948,0.0023531831490309,5.5384189437576727e-05
2011,E09000013,182445,165308,389,63620,0.006114429424709211,1115.5470763910719,male,5-9,4373,0.02396886732988024,0.00014655594767877102,0.0023531831490309,5.640313470203144e-05
2011,E09000014,255540,165308,300,94034,0.003190335410596167,815.2583108237445,female,5-9,7755,0.03034749941300775,9.681870200036502e-05,0.001814794202337455,5.507446599016578e-05
2011,E09000014,255540,165308,300,94034,0.003190335410596167,815.2583108237445,male,5-9,8062,0.03154887688815841,0.0001006514991008308,0.001814794202337455,5.725471886688801e-05
2011,E09000015,240499,165308,72,85681,0.0008403263267235443,202.09764125068568,female,5-9,7102,0.029530268317123978,2.4815061902089454e-05,0.0004355506085609892,1.2861926336492647e-05
2011,E09000015,240499,165308,72,85681,0.0008403263267235443,202.09764125068568,male,5-9,7449,0.030973101759258874,2.602751282859256e-05,0.0004355506085609892,1.3490353320266647e-05
2011,E09000016,237927,165308,101,84891,0.0011897609876194179,283.07626250132523,female,5-9,6535,0.027466407763725848,3.2678460427328115e-05,0.0006109807147869432,1.6781445448110863e-05
2011,E09000016,237927,165308,101,84891,0.0011897609876194179,283.07626250132523,male,5-9,6772,0.028462511610704122,3.3863585924080485e-05,0.0006109807147869432,1.7390045688539674e-05
2011,E09000017,275499,165308,102,107741,0.0009467148068052088,260.8189825600282,female,5-9,8259,0.02997833022987379,2.8380929111917715e-05,0.0006170300287947347,1.849752996495709e-05
2011,E09000017,275499,165308,102,107741,0.0009467148068052088,260.8189825600282,male,5-9,8806,0.03196381838046599,3.0260620142819642e-05,0.0006170300287947347,1.97226357756886e-05
2011,E09000018,254927,165308,214,93861,0.002279967185519012,581.2251947028052,female,5-9,7408,0.02905929932882747,6.625424890390128e-05,0.0012945531976673846,3.7618808868107284e-05
2011,E09000018,254927,165308,214,93861,0.002279967185519012,581.2251947028052,male,5-9,7656,0.030032126844155387,6.847226371601893e-05,0.0012945531976673846,3.887818583885386e-05
2011,E09000019,206285,165308,347,78519,0.004419312523083585,911.6378838242973,female,5-9,4734,0.022948832925321763,0.00010141806473702737,0.0020991119607036562,4.817216967773279e-05
2011,E09000019,206285,165308,347,78519,0.004419312523083585,911.6378838242973,male,5-9,4847,0.02349661875560511,0.0001038389015167663,0.0020991119607036562,4.932203346598455e-05
2011,E09000020,158251,165308,366,50701,0.007218792528746967,1142.3811364667363,female,5-9,3675,0.023222602068865283,0.00016763914631278857,0.002214048926851695,5.141597718927513e-05
2011,E09000020,158251,165308,366,50701,0.007218792528746967,1142.3811364667363,male,5-9,4014,0.02536476862705449,0.00018310300225837643,0.002214048926851695,5.6158838758571536e-05
2011,E09000021,160436,165308,240,51416,0.004667807686323323,748.8843939629687,female,5-9,4459,0.027793014036749858,0.000129732444546833,0.001451835361869964,4.035088059150172e-05
2011,E09000021,160436,165308,240,51416,0.004667807686323323,748.8843939629687,male,5-9,4596,0.028646937096412278,0.00013371839316825399,0.001451835361869964,4.1590636285835815e-05
2011,E09000022,304481,165308,39410,108324,0.36381595952882095,110775.04717329494,female,5-9,8248,0.027088718179459473,0.009855307996865865,0.23840346504706367,0.006458044277666525
2011,E09000022,304481,165308,39410,108324,0.36381595952882095,110775.04717329494,male,5-9,8222,0.027003326972783195,0.00982424131307361,0.23840346504706367,0.0064376867181103505
2011,E09000023,276938,165308,22020,112394,0.19591793156218304,54257.12013096784,female,5-9,8280,0.02989838880904751,0.00585763049251051,0.1332058944515692,0.00398264162396996
2011,E09000023,276938,165308,22020,112394,0.19591793156218304,54257.12013096784,male,5-9,8605,0.031071936678967856,0.006087549563774509,0.1332058944515692,0.004138965117664433
2011,E09000024,200543,165308,921,75416,0.01221226264983558,2449.0837885859764,female,5-9,5606,0.027954104605994724,0.00034138286758938607,0.005571418201175986,0.00015574400719941647
2011,E09000024,200543,165308,921,75416,0.01221226264983558,2449.0837885859764,male,5-9,5846,0.029150855427514298,0.0003559979029481896,0.005571418201175986,0.00016241160650870296
2011,E09000025,310460,165308,426,112342,0.0037919923091986967,1177.2619323138274,female,5-9,10388,0.03346002705662565,0.00012688016526430477,0.002577007767319186,8.622674961963443e-05
2011,E09000025,310460,165308,426,112342,0.0037919923091986967,1177.2619323138274,male,5-9,10586,0.03409779037557173,0.00012929855886483735,0.002577007767319186,8.787027064626973e-05
2011,E09000026,281395,165308,222,102662,0.002162435954881066,608.4986655237576,female,5-9,9248,0.032864834129959664,7.106809897382717e-05,0.0013429477097297166,4.413575372547635e-05
2011,E09000026,281395,165308,222,102662,0.002162435954881066,608.4986655237576,male,5-9,10026,0.035629630945823484,7.704679501639178e-05,0.0013429477097297166,4.784873127720868e-05
2011,E09000027,187527,165308,203,62176,0.0032649253731343282,612.2616604477612,female,5-9,5537,0.029526414862926405,9.640154106365897e-05,0.0012280107435816779,3.625875467112336e-05
2011,E09000027,187527,165308,203,62176,0.0032649253731343282,612.2616604477612,male,5-9,5721,0.030507606904605737,9.960505985645529e-05,0.0012280107435816779,3.746366903982242e-05
2011,E09000028,288717,165308,48341,102300,0.47254154447702834,136430.7770967742,female,5-9,7627,0.026416871884925378,0.012483069440754425,0.2924298884506497,0.007725082898523833
2011,E09000028,288717,165308,48341,102300,0.47254154447702834,136430.7770967742,male,5-9,7953,0.02754600525774374,0.01301663186866657,0.2924298884506497,0.008055275244783012
2011,E09000029,191123,165308,522,74422,0.007014054983741367,1340.5472306576012,female,5-9,5500,0.028777279552958043,0.0002018454210669439,0.0031577419120671717,9.087122175964925e-05
2011,E09000029,191123,165308,522,74422,0.007014054983741367,1340.5472306576012,male,5-9,5665,0.029640597939546785,0.0002079007836989522,0.0031577419120671717,9.359735841243873e-05
2011,E09000030,256012,165308,312,76079,0.004101000276028864,1049.9052826667016,female,5-9,7813,0.03051810071402903,0.00012515473945210972,0.0018873859704309531,5.7599435131857245e-05
2011,E09000030,256012,165308,312,76079,0.004101000276028864,1049.9052826667016,male,5-9,7866,0.03072512225989407,0.0001260037348688462,0.0018873859704309531,5.799016469309985e-05
2011,E09000031,259742,165308,333,98132,0.0033933884971263195,881.4055150205845,female,5-9,8095,0.03116554119087402,0.00010575678898382839,0.002014421564594575,6.278053824715711e-05
2011,E09000031,259742,165308,333,98132,0.0033933884971263195,881.4055150205845,male,5-9,8538,0.03287107976376558,0.00011154434395848386,0.002014421564594575,6.621621192763773e-05
2011,E09000032,307710,165308,2574,105396,0.024422179209837185,7514.948764659,female,5-9,7279,0.023655389815085633,0.0005777161693425786,0.015570934256055362,0.00036833651961206
2011,E09000032,307710,165308,2574,105396,0.024422179209837185,7514.948764659,male,5-9,7380,0.023983620941795847,0.0005857322887413422,0.015570934256055362,0.00037344738490685574
2011,E09000033,219582,165308,836,72308,0.011561652929136471,2538.7308734856447,female,5-9,4764,0.02169576741262945,0.00025083893285609085,0.005057226510513707,0.00010972041012508904
2011,E09000033,219582,165308,836,72308,0.011561652929136471,2538.7308734856447,male,5-9,4989,0.0227204415662486,0.00026268585978569216,0.005057226510513707,0.00011490241941941
2011,E06000033,174274,165308,107,64508,0.001658708997333664,289.069851801327,female,10-14,4966,0.028495357884710283,4.726550650561171e-05,0.0006472765988336923,1.844437833416411e-05
2011,E06000033,174274,165308,107,64508,0.001658708997333664,289.069851801327,male,10-14,5184,0.029746261633978678,4.934039180932161e-05,0.0006472765988336923,1.925405905845887e-05
2011,E06000034,158268,165308,159,53689,0.0029615004935834156,468.71076011846003,female,10-14,4850,0.03064422372178836,9.075288367755684e-05,0.0009618409272388511,2.9474868559079713e-05
2011,E06000034,158268,165308,159,53689,0.0029615004935834156,468.71076011846003,male,10-14,5067,0.03201531579346425,9.48133735245733e-05,0.0009618409272388511,3.0793641028630284e-05
2011,E06000035,264885,165308,1714,99212,0.017276135951296213,4576.189271459098,female,10-14,8078,0.030496253090964005,0.0005268574144046315,0.010368524209354659,0.00031620113846826713
2011,E06000035,264885,165308,1714,99212,0.017276135951296213,4576.189271459098,male,10-14,8599,0.03246314438341167,0.0005608376957743781,0.010368524209354659,0.0003365948984511796
2011,E06000038,155339,165308,10,47360,0.00021114864864864866,32.799619932432435,female,10-14,3951,0.02543469444247742,5.370501360320402e-06,6.049314007791517e-05,1.538624533747757e-06
2011,E06000038,155339,165308,10,47360,0.00021114864864864866,32.799619932432435,male,10-14,3963,0.025511944843213875,5.386812678043471e-06,6.049314007791517e-05,1.5432976530605825e-06
2011,E06000039,140713,165308,8,54239,0.0001474953446781836,20.754512435701248,female,10-14,4380,0.031127187964153986,4.5911153176355e-06,4.839451206233213e-05,1.5063850733977297e-06
2011,E06000039,140713,165308,8,54239,0.0001474953446781836,20.754512435701248,male,10-14,4662,0.033131267189243356,4.886707673702444e-06,4.839451206233213e-05,1.6033715096301862e-06
2011,E06000042,249895,165308,14,88445,0.00015829046299960426,39.555995251286106,female,10-14,7802,0.03122111286740431,4.9420044111443305e-06,8.469039610908124e-05,2.644128415706804e-06
2011,E06000042,249895,165308,14,88445,0.00015829046299960426,39.555995251286106,male,10-14,7956,0.031837371696112365,5.0395523064681225e-06,8.469039610908124e-05,2.6963196200158077e-06
2011,E06000043,272952,165308,253,87037,0.002906809747578616,793.4195342210784,female,10-14,6494,0.023791728948679623,6.915802961977026e-05,0.0015304764439712537,3.641268071730312e-05
2011,E06000043,272952,165308,253,87037,0.002906809747578616,793.4195342210784,male,10-14,6938,0.02541838858114247,7.388641969540591e-05,0.0015304764439712537,3.890224496714645e-05
2011,E06000044,205433,165308,17,68264,0.0002490331653580218,51.15963025899449,female,10-14,5281,0.025706678089693475,6.401815415516071e-06,0.00010283833813245579,2.6436320536500903e-06
2011,E06000044,205433,165308,17,68264,0.0002490331653580218,51.15963025899449,male,10-14,5586,0.027191347057191395,6.771547228000904e-06,0.00010283833813245579,2.7963129429444053e-06
2011,E06000047,512994,165308,10,231893,4.3123337056314764e-05,22.122013169867135,female,10-14,13589,0.02648958857218603,1.1423194564814818e-06,6.049314007791517e-05,1.6024383921035903e-06
2011,E06000047,512994,165308,10,231893,4.3123337056314764e-05,22.122013169867135,male,10-14,14119,0.02752273905737689,1.1868723530842624e-06,6.049314007791517e-05,1.664936909125807e-06
2011,E06000060,506550,165308,25,163754,0.00015266802642988872,77.33398878806014,female,10-14,15739,0.031070970289211332,4.743543713315603e-06,0.00015123285019478792,4.698951395155004e-06
2011,E06000060,506550,165308,25,163754,0.00015266802642988872,77.33398878806014,male,10-14,16771,0.03310828151219031,5.054575996951266e-06,0.00015123285019478792,5.007059778139943e-06
2011,E07000008,122725,165308,24,34511,0.000695430442467619,85.34670105183854,female,10-14,2419,0.01971073538398859,1.370744542944934e-05,0.0001451835361869964,2.861674263893618e-06
2011,E07000008,122725,165308,24,34511,0.000695430442467619,85.34670105183854,male,10-14,2540,0.020696679568140152,1.4393101029682236e-05,0.0001451835361869964,3.0048171270317447e-06
2011,E07000061,99308,165308,203,40047,0.0050690438734486976,503.3966089844433,female,10-14,2614,0.026322149272968946,0.00013342812950814533,0.0012280107435816779,3.2323882101366515e-05
2011,E07000061,99308,165308,203,40047,0.0050690438734486976,503.3966089844433,male,10-14,2735,0.027540580819269345,0.00013960441247313598,0.0012280107435816779,3.382012913054224e-05
2011,E07000062,90173,165308,190,36006,0.005276898294728657,475.8337499305672,female,10-14,2598,0.028811284974438026,0.00015203422055055338,0.0011493696614803882,3.311481685788483e-05
2011,E07000062,90173,165308,190,36006,0.005276898294728657,475.8337499305672,male,10-14,2651,0.02939904405975181,0.00015513576546555697,0.0011493696614803882,3.379036931880395e-05
2011,E07000063,97584,165308,120,35106,0.003418219107844813,333.56349341992825,female,10-14,2609,0.026735940318084933,9.138930206147645e-05,0.000725917680934982,1.9408091793320298e-05
2011,E07000063,97584,165308,120,35106,0.003418219107844813,333.56349341992825,male,10-14,2908,0.029799967207738972,0.00010186281732264219,0.000725917680934982,2.1632323087380386e-05
2011,E07000064,90729,165308,226,36720,0.0061546840958605666,558.4083333333333,female,10-14,2499,0.027543563799887576,0.0001695219340624889,0.0013671449657608828,3.765604458812999e-05
2011,E07000064,90729,165308,226,36720,0.0061546840958605666,558.4083333333333,male,10-14,2567,0.02829304852913622,0.00017413477580568588,0.0013671449657608828,3.868069886263693e-05
2011,E07000065,149415,165308,638,56293,0.011333558346508447,1693.4036203435596,female,10-14,4453,0.02980289796874477,0.0003377728830238069,0.0038594623369709873,0.00011502316224295959
2011,E07000065,149415,165308,638,56293,0.011333558346508447,1693.4036203435596,male,10-14,4590,0.030719807248268245,0.0003481647278417413,0.0038594623369709873,0.00011856193907369964
2011,E07000066,174971,165308,111,62378,0.0017794735323351182,311.356263426208,female,10-14,5364,0.03065650879288568,5.455244599073889e-05,0.0006714738548648583,2.058504413585737e-05
2011,E07000066,174971,165308,111,62378,0.0017794735323351182,311.356263426208,male,10-14,5480,0.03131947579884667,5.573217823065793e-05,0.0006714738548648583,2.103020914699821e-05
2011,E07000067,147514,165308,9,48494,0.00018558996989318267,27.377118818822947,female,10-14,4289,0.029075206421085457,5.396066684327321e-06,5.444382607012365e-05,1.582965481342519e-06
2011,E07000067,147514,165308,9,48494,0.00018558996989318267,27.377118818822947,male,10-14,4623,0.031339398294399176,5.816277985928003e-06,5.444382607012365e-05,1.7062367498825985e-06
2011,E07000068,73841,165308,36,24621,0.0014621664432801268,107.96783233824785,female,10-14,2256,0.030552132284232338,4.467230259665994e-05,0.0002177753042804946,6.65349990461662e-06
2011,E07000068,73841,165308,36,24621,0.0014621664432801268,107.96783233824785,male,10-14,2275,0.03080944190896656,4.504853209547932e-05,0.0002177753042804946,6.7095355864374154e-06
2011,E07000069,87964,165308,11,33361,0.00032972632714846676,29.00404664128773,female,10-14,2489,0.028295666408985495,9.329826159253032e-06,6.654245408570669e-05,1.8828630828443903e-06
2011,E07000069,87964,165308,11,33361,0.00032972632714846676,29.00404664128773,male,10-14,2660,0.030239643490518848,9.97080658240782e-06,6.654245408570669e-05,2.0122200885359893e-06
2011,E07000071,173614,165308,8,59731,0.00013393380321775962,23.25278331184812,female,10-14,4665,0.02686995288398401,3.5987949820339867e-06,4.839451206233213e-05,1.30035825895826e-06
2011,E07000071,173614,165308,8,59731,0.00013393380321775962,23.25278331184812,male,10-14,5006,0.028834080200905457,3.8618580235931705e-06,4.839451206233213e-05,1.3954112420889712e-06
2011,E07000072,124880,165308,22,48938,0.00044954840818995463,56.13960521476153,female,10-14,3468,0.0277706598334401,1.2484255922507708e-05,0.00013308490817141337,3.6958557137929336e-06
2011,E07000072,124880,165308,22,48938,0.00044954840818995463,56.13960521476153,male,10-14,3709,0.029700512491992313,1.3351818113201007e-05,0.00013308490817141337,3.9526899776407125e-06
2011,E07000073,82177,165308,9,34960,0.0002574370709382151,21.155406178489702,female,10-14,2382,0.028986212687248256,7.46212569179732e-06,5.444382607012365e-05,1.5781203219761554e-06
2011,E07000073,82177,165308,9,34960,0.0002574370709382151,21.155406178489702,male,10-14,2519,0.030653345826691165,7.891307564079534e-06,5.444382607012365e-05,1.6688854286557245e-06
2011,E07000074,61720,165308,8,20947,0.0003819162648589297,23.57187186709314,female,10-14,1777,0.028791315618924174,1.0995871721554084e-05,4.839451206233213e-05,1.3933416710104373e-06
2011,E07000074,61720,165308,8,20947,0.0003819162648589297,23.57187186709314,male,10-14,1951,0.03161049902786779,1.2072563719050095e-05,4.839451206233213e-05,1.529774676500486e-06
2011,E07000075,83333,165308,13,29337,0.00044312642737839587,36.92705457272386,female,10-14,2510,0.030120120480481922,1.3347021380722806e-05,7.864108210128971e-05,2.3686788676063163e-06
2011,E07000075,83333,165308,13,29337,0.00044312642737839587,36.92705457272386,male,10-14,2614,0.03136812547250189,1.3900045374187018e-05,7.864108210128971e-05,2.466823330646578e-06
2011,E07000085,116010,165308,9,39594,0.0002273071677526898,26.369904530989544,female,10-14,3564,0.030721489526764935,6.98321477347286e-06,5.444382607012365e-05,1.6725954324103153e-06
2011,E07000085,116010,165308,9,39594,0.0002273071677526898,26.369904530989544,male,10-14,3704,0.03192828204465133,7.257527362778753e-06,5.444382607012365e-05,1.7382978343568488e-06
2011,E07000095,93702,165308,9,36221,0.00024847464178239144,23.282570884293644,female,10-14,2833,0.030234146549700112,7.512418733533061e-06,5.444382607012365e-05,1.6460626161305019e-06
2011,E07000095,93702,165308,9,36221,0.00024847464178239144,23.282570884293644,male,10-14,3044,0.03248596614800111,8.07193880157947e-06,5.444382607012365e-05,1.768660290681697e-06
2011,E07000103,90653,165308,10,32552,0.0003072007864340133,27.848672892602604,female,10-14,2579,0.028449141230847297,8.739598559488602e-06,6.049314007791517e-05,1.7209778855740375e-06
2011,E07000103,90653,165308,10,32552,0.0003072007864340133,27.848672892602604,male,10-14,2739,0.0302141131567626,9.281799323163737e-06,6.049314007791517e-05,1.8277465795220196e-06
2011,E07000105,118405,165308,683,38958,0.0175317008059962,2075.8410339339803,female,10-14,3881,0.032777332038342974,0.0005746423785150226,0.004131681467321606,0.00013542549533106837
2011,E07000105,118405,165308,683,38958,0.0175317008059962,2075.8410339339803,male,10-14,3968,0.03351209830665935,0.0005875240808934836,0.004131681467321606,0.0001384613155046842
2011,E07000106,150600,165308,838,52154,0.01606779921003183,2419.8105610307935,female,10-14,4056,0.026932270916334662,0.0004327423213538453,0.005069325138529291,0.00013652843799385662
2011,E07000106,150600,165308,838,52154,0.01606779921003183,2419.8105610307935,male,10-14,4294,0.02851261620185923,0.00045813499208417443,0.005069325138529291,0.00014453972207732253
2011,E07000107,97604,165308,1205,33838,0.03561085170518352,3475.761569832732,female,10-14,2882,0.029527478382033522,0.001051498653890608,0.007289423379388777,0.00021523829125239186
2011,E07000107,97604,165308,1205,33838,0.03561085170518352,3475.761569832732,male,10-14,2988,0.030613499446743984,0.0010901727889747177,0.007289423379388777,0.000223154758592001
2011,E07000108,111718,165308,643,40077,0.016044115078473937,1792.4164483369514,female,10-14,3223,0.028849424443688574,0.0004628634857222784,0.003889708907009945,0.00011221586322072588
2011,E07000108,111718,165308,643,40077,0.016044115078473937,1792.4164483369514,male,10-14,3335,0.02985194865643853,0.0004789480995605952,0.003889708907009945,0.00011611539058055252
2011,E07000109,101766,165308,1146,35711,0.032090952367617824,3265.7678586429956,female,10-14,3130,0.030756834306153332,0.0009870161046974804,0.006932513852929078,0.00021322217989965228
2011,E07000109,101766,165308,1146,35711,0.032090952367617824,3265.7678586429956,male,10-14,3357,0.03298744177819704,0.0010585984228336876,0.006932513852929078,0.0002286858971000424
2011,E07000110,155764,165308,1006,47534,0.02116379854419994,3296.5579164387595,female,10-14,4545,0.029178757607662874,0.0006175333477786185,0.006085609891838265,0.00017757053592874422
2011,E07000110,155764,165308,1006,47534,0.02116379854419994,3296.5579164387595,male,10-14,4858,0.03118820780154593,0.000660060946866563,0.006085609891838265,0.00018979926590579526
2011,E07000111,115351,165308,1493,33141,0.045049938143085604,5196.555414743068,female,10-14,3528,0.03058491040389767,0.0013778483218074053,0.009031625813632734,0.00027623146631148654
2011,E07000111,115351,165308,1493,33141,0.045049938143085604,5196.555414743068,male,10-14,3550,0.03077563263430746,0.0013864403464898779,0.009031625813632734,0.00027795399813088925
2011,E07000112,108199,165308,674,39104,0.017236088379705403,1864.927526595745,female,10-14,3086,0.028521520531613047,0.0004915994486064647,0.004077237641251482,0.00011628901709721969
2011,E07000112,108199,165308,674,39104,0.017236088379705403,1864.927526595745,male,10-14,3242,0.029963308348505992,0.000516450230843214,0.004077237641251482,0.0001221675286549534
2011,E07000113,136324,165308,898,51193,0.017541460746586447,2391.322094817651,female,10-14,4310,0.03161585634224348,0.0005545883029971803,0.005432283978996782,0.00017174630989023304
2011,E07000113,136324,165308,898,51193,0.017541460746586447,2391.322094817651,male,10-14,4472,0.03280420175464335,0.0005754336174021786,0.005432283978996782,0.0001782017396355272
2011,E07000114,134402,165308,826,52563,0.015714475962178717,2112.056998268744,female,10-14,4039,0.030051636136367018,0.0004722457136890808,0.004996733370435793,0.00015016001311877924
2011,E07000114,134402,165308,826,52563,0.015714475962178717,2112.056998268744,male,10-14,4451,0.03311706671031681,0.0005204173487571425,0.004996733370435793,0.00016547715236238833
2011,E07000115,121087,165308,974,37881,0.025712098413452653,3113.4008605897416,female,10-14,4045,0.0334057330679594,0.0008589314962169017,0.005892031843588937,0.00019682764299484875
2011,E07000115,121087,165308,974,37881,0.025712098413452653,3113.4008605897416,male,10-14,4079,0.03368652291327723,0.0008661511923532118,0.005892031843588937,0.0001984820657048178
2011,E07000116,115246,165308,906,38118,0.023768298441681095,2739.2013222099795,female,10-14,3910,0.03392742481300869,0.000806397158313287,0.005480678491059114,0.00018594530742968202
2011,E07000116,115246,165308,906,38118,0.023768298441681095,2739.2013222099795,male,10-14,3708,0.032174652482515664,0.0007647367424618079,0.005480678491059114,0.0001763389258182253
2011,E07000130,165876,165308,8,46529,0.00017193578198542844,28.520019772614926,female,10-14,4253,0.025639634425715596,4.408370594805922e-06,4.839451206233213e-05,1.2408175974890796e-06
2011,E07000130,165876,165308,8,46529,0.00017193578198542844,28.520019772614926,male,10-14,4578,0.02759892932069739,4.745243494714675e-06,4.839451206233213e-05,1.3356367179179417e-06
2011,E07000178,150245,165308,18,41750,0.0004311377245508982,64.77628742514969,female,10-14,3456,0.023002429365369895,9.917215055728337e-06,0.0001088876521402473,2.5046805271170067e-06
2011,E07000178,150245,165308,18,41750,0.0004311377245508982,64.77628742514969,male,10-14,3707,0.024673034044394155,1.063747575566694e-05,0.0001088876521402473,2.6865887482704696e-06
2011,E07000200,87901,165308,10,31239,0.0003201126796632415,28.13822465507859,female,10-14,2635,0.029976905837248723,9.595987655574355e-06,6.049314007791517e-05,1.8133971639151599e-06
2011,E07000200,87901,165308,10,31239,0.0003201126796632415,28.13822465507859,male,10-14,2806,0.031922276197085354,1.0218725374399102e-05,6.049314007791517e-05,1.9310787255961814e-06
2011,E07000207,131428,165308,94,42682,0.0022023335363853614,289.44829202005525,female,10-14,3946,0.030024043582798185,6.612295808029215e-05,0.0005686355167324026,1.7072737537100622e-05
2011,E07000207,131428,165308,94,42682,0.0022023335363853614,289.44829202005525,male,10-14,4369,0.033242535837112334,7.321115150856471e-05,0.0005686355167324026,1.8902886543231784e-05
2011,E07000208,75191,165308,63,24986,0.0025214119907148004,189.58748899383656,female,10-14,2321,0.0308680560173425,7.783108657218353e-05,0.00038110678249086554,1.17640255105172e-05
2011,E07000208,75191,165308,63,24986,0.0025214119907148004,189.58748899383656,male,10-14,2375,0.03158622707504888,7.964189168846871e-05,0.00038110678249086554,1.2037725371597742e-05
2011,E07000209,137580,165308,31,46466,0.0006671544785434512,91.78711315800801,female,10-14,3632,0.026399185928187237,1.761233512189137e-05,0.00018752873424153702,4.950605922119948e-06
2011,E07000209,137580,165308,31,46466,0.0006671544785434512,91.78711315800801,male,10-14,3824,0.02779473760721035,1.8543383674590473e-05,0.00018752873424153702,5.212311962055804e-06
2011,E07000210,85637,165308,54,29167,0.0018514074124867145,158.54897658312478,female,10-14,2600,0.030360708572229292,5.621004089897424e-05,0.0003266629564207419,9.917718821232982e-06
2011,E07000210,85637,165308,54,29167,0.0018514074124867145,158.54897658312478,male,10-14,2753,0.03214731949974894,5.951778561341388e-05,0.0003266629564207419,1.0501338428790153e-05
2011,E07000211,138375,165308,168,49074,0.0034234013938134245,473.7131678689326,female,10-14,4054,0.029297199638663052,0.00010029607407782926,0.0010162847533089748,2.9774297307422465e-05
2011,E07000211,138375,165308,168,49074,0.0034234013938134245,473.7131678689326,male,10-14,4142,0.02993315266485998,0.00010247319655411168,0.0010162847533089748,3.0420606671767107e-05
2011,E07000212,80501,165308,9,27370,0.0003288271830471319,26.470917062477163,female,10-14,2035,0.025279189078396543,8.312484534364956e-06,5.444382607012365e-05,1.3762957733779907e-06
2011,E07000212,80501,165308,9,27370,0.0003288271830471319,26.470917062477163,male,10-14,2083,0.025875454963292382,8.508552965642362e-06,5.444382607012365e-05,1.4087587695068082e-06
2011,E07000213,95852,165308,38,34747,0.0010936195930583935,104.82562523383314,female,10-14,2478,0.02585235571506072,2.8272642736705536e-05,0.00022987393229607762,5.942782667337983e-06
2011,E07000213,95852,165308,38,34747,0.0010936195930583935,104.82562523383314,male,10-14,2689,0.028053666068522304,3.0680038869653425e-05,0.00022987393229607762,6.448806534492266e-06
2011,E07000214,86378,165308,31,33770,0.0009179745336097127,79.29280426413976,female,10-14,2571,0.02976452337400727,2.7323074462369717e-05,0.00018752873424153702,5.581703393630227e-06
2011,E07000214,86378,165308,31,33770,0.0009179745336097127,79.29280426413976,male,10-14,2871,0.03323762995207113,3.0511297853544712e-05,0.00018752873424153702,6.233010674100498e-06
2011,E07000215,83178,165308,347,29248,0.0118640590809628,986.8287062363238,female,10-14,2653,0.0318954531246243,0.0003784095402846223,0.0020991119607036562,6.695212714596168e-05
2011,E07000215,83178,165308,347,29248,0.0118640590809628,986.8287062363238,male,10-14,2639,0.031727139387818896,0.0003764126561670253,0.0020991119607036562,6.659881776788272e-05
2011,E07000216,121754,165308,16,43976,0.00036383481899217757,44.298344551573585,female,10-14,3651,0.029986694482316802,1.0910203559147464e-05,9.678902412466426e-05,2.9023828956678976e-06
2011,E07000216,121754,165308,16,43976,0.00036383481899217757,44.298344551573585,male,10-14,4018,0.03300096916733742,1.2006901643564643e-05,9.678902412466426e-05,3.1941316008747228e-06
2011,E07000217,99493,165308,25,33858,0.0007383779313603875,73.46343552483903,female,10-14,2749,0.0276300845285598,2.040144465751063e-05,0.00015123285019478792,4.178576434377012e-06
2011,E07000217,99493,165308,25,33858,0.0007383779313603875,73.46343552483903,male,10-14,2861,0.028755791864754306,2.1232642111727145e-05,0.00015123285019478792,4.348820363314889e-06
2011,E07000223,61334,165308,37,24872,0.0014876165969765198,91.24147635895787,female,10-14,1486,0.02422799752176607,3.604197122488519e-05,0.00022382461828828612,5.422822297198832e-06
2011,E07000223,61334,165308,37,24872,0.0014876165969765198,91.24147635895787,male,10-14,1658,0.02703231486614276,4.021372024956908e-05,0.00022382461828828612,6.050497556363165e-06
2011,E07000224,149811,165308,31,61570,0.0005034919603703102,75.42863407503654,female,10-14,3577,0.023876751373397148,1.2021752356266226e-05,0.00018752873424153702,4.477576962853048e-06
2011,E07000224,149811,165308,31,61570,0.0005034919603703102,75.42863407503654,male,10-14,3819,0.025492120071289825,1.2835077508689046e-05,0.00018752873424153702,4.780505010102261e-06
2011,E07000225,113995,165308,8,44206,0.0001809709089263901,20.62977876306384,female,10-14,2875,0.025220404403701917,4.5641595084290674e-06,4.839451206233213e-05,1.2205291651318468e-06
2011,E07000225,113995,165308,8,44206,0.0001809709089263901,20.62977876306384,male,10-14,3212,0.028176674415544542,5.099158379504058e-06,4.839451206233213e-05,1.3635964098794755e-06
2011,E07000226,107053,165308,93,37608,0.0024728781110402043,264.729020421187,female,10-14,2999,0.028014161209868008,6.927560605503416e-05,0.000562586202724611,1.5760380577574736e-05
2011,E07000226,107053,165308,93,37608,0.0024728781110402043,264.729020421187,male,10-14,3248,0.03034011190718616,7.502739862179092e-05,0.000562586202724611,1.7068928348103614e-05
2011,E07000227,131540,165308,61,45394,0.0013437899281843416,176.7621271533683,female,10-14,4096,0.0311388170898586,4.1844028780926435e-05,0.0003690081544752825,1.1490477426872108e-05
2011,E07000227,131540,165308,61,45394,0.0013437899281843416,176.7621271533683,male,10-14,4342,0.033008970655313975,4.435712230634341e-05,0.0003690081544752825,1.2180579342646166e-05
2011,E07000228,140188,165308,399,44892,0.008887997861534349,1245.9906442127774,female,10-14,4104,0.029274973606870775,0.00026019590281434196,0.002413676289108815,7.066030965919036e-05
2011,E07000228,140188,165308,399,44892,0.008887997861534349,1245.9906442127774,male,10-14,4565,0.032563414842925215,0.0002894235614881752,0.002413676289108815,7.859754229878264e-05
2011,E07000229,104998,165308,33,39714,0.0008309412297930201,87.24716724580752,female,10-14,2744,0.02613383112059277,2.1715677770548457e-05,0.00019962736225712004,5.217027772276971e-06
2011,E07000229,104998,165308,33,39714,0.0008309412297930201,87.24716724580752,male,10-14,2845,0.027095754204841997,2.2514979321140805e-05,0.00019962736225712004,5.409053940279877e-06
2011,E07000241,110727,165308,12,36606,0.00032781511227667593,36.2979839370595,female,10-14,3040,0.02745491162950319,9.000134938371805e-06,7.25917680934982e-05,1.993000578036382e-06
2011,E07000241,110727,165308,12,36606,0.00032781511227667593,36.2979839370595,male,10-14,3055,0.027590379943464558,9.044543498922983e-06,7.25917680934982e-05,2.002834462467483e-06
2011,E07000242,138155,165308,8,44545,0.00017959366932315636,24.81176338534067,female,10-14,4383,0.031725236147805,5.697651569927939e-06,4.839451206233213e-05,1.5353273234352844e-06
2011,E07000242,138155,165308,8,44545,0.00017959366932315636,24.81176338534067,male,10-14,4608,0.03335384169954037,5.990138816844157e-06,4.839451206233213e-05,1.614142894453523e-06
2011,E08000035,750683,165308,8,281107,2.845891422127517e-05,21.36362310436951,female,10-14,19595,0.026102895629713206,7.428600676529067e-07,4.839451206233213e-05,1.2632368974139524e-06
2011,E08000035,750683,165308,8,281107,2.845891422127517e-05,21.36362310436951,male,10-14,20367,0.027131292436354627,7.721271241585482e-07,4.839451206233213e-05,1.3130056590778244e-06
2011,E09000001,7412,165308,20,2137,0.009358914365933552,69.36827328029949,female,10-14,71,0.009579060982191042,8.964961143838131e-05,0.00012098628015583033,1.1589349556211488e-06
2011,E09000001,7412,165308,20,2137,0.009358914365933552,69.36827328029949,male,10-14,88,0.011872638963842417,0.00011111501136024724,0.00012098628015583033,1.4364264238684658e-06
2011,E09000002,187029,165308,213,69590,0.0030607845954878574,572.4554821094985,female,10-14,6313,0.033754123692047756,0.00010331410183081149,0.001288503883659593,4.349231946672981e-05
2011,E09000002,187029,165308,213,69590,0.0030607845954878574,572.4554821094985,male,10-14,6506,0.03478604922231312,0.00010647260359753836,0.001288503883659593,4.482195952012422e-05
2011,E09000003,357538,165308,214,138470,0.001545461110709901,552.5610746009966,female,10-14,10170,0.028444528973144114,4.3959913340455265e-05,0.0012945531976673846,3.682295593832628e-05
2011,E09000003,357538,165308,214,138470,0.001545461110709901,552.5610746009966,male,10-14,11037,0.030869446044895926,4.770752837154422e-05,0.0012945531976673846,3.9962140087640816e-05
2011,E09000004,232774,165308,4151,34157,0.12152706619433791,28288.341306320814,female,10-14,7371,0.03166590770446871,0.003848264861704764,0.025110702446342583,0.000795153186060261
2011,E09000004,232774,165308,4151,34157,0.12152706619433791,28288.341306320814,male,10-14,7613,0.0327055427152517,0.003974608654478139,0.025110702446342583,0.0008212591514688328
2011,E09000005,312245,165308,417,114282,0.0036488685882291173,1139.3409723316008,female,10-14,8768,0.02808051369917853,0.00010246210437826995,0.0025225639412490624,7.083489130929808e-05
2011,E09000005,312245,165308,417,114282,0.0036488685882291173,1139.3409723316008,male,10-14,9142,0.02927829108552579,0.00010683263665900364,0.0025225639412490624,7.385636135374122e-05
2011,E09000006,310554,165308,10197,36965,0.2758555390234005,85668.04106587311,female,10-14,8972,0.028890305711728074,0.007969550854659573,0.061684854937450094,0.0017820943169265322
2011,E09000006,310554,165308,10197,36965,0.2758555390234005,85668.04106587311,male,10-14,9540,0.030719295195038545,0.008474087734446314,0.061684854937450094,0.0018949152678866604
2011,E09000007,220087,165308,382,72962,0.005235602094240838,1152.2879581151833,female,10-14,4719,0.021441520853117176,0.00011225927148228889,0.0023108379509763593,4.9547880114034174e-05
2011,E09000007,220087,165308,382,72962,0.005235602094240838,1152.2879581151833,male,10-14,4874,0.022145787802096445,0.00011594653299526936,0.0023108379509763593,5.1175326907353805e-05
2011,E09000008,364815,165308,8115,136880,0.05928550555230859,21628.24170806546,female,10-14,11298,0.030969121335471403,0.0018360200148842083,0.04909018317322816,0.0015202798390722193
2011,E09000008,364815,165308,8115,136880,0.05928550555230859,21628.24170806546,male,10-14,11703,0.03207927305620657,0.0019018359208877581,0.04909018317322816,0.0015747773903931834
2011,E09000009,339314,165308,312,135612,0.0023006813556322447,780.6533935049995,female,10-14,9208,0.027137106043369857,6.243383391979615e-05,0.0018873859704309531,5.12181932243533e-05
2011,E09000009,339314,165308,312,135612,0.0023006813556322447,780.6533935049995,male,10-14,9822,0.028946639395957728,6.659699356648977e-05,0.0018873859704309531,5.4633481087054536e-05
2011,E09000010,313935,165308,223,122444,0.0018212407304563718,571.7512087158211,female,10-14,9847,0.03136636564894007,5.712570268623726e-05,0.0013489970237375083,4.231313390588257e-05
2011,E09000010,313935,165308,223,122444,0.0018212407304563718,571.7512087158211,male,10-14,10445,0.033271218564352494,6.059489840131493e-05,0.0013489970237375083,4.4882774819431646e-05
2011,E09000011,255483,165308,5537,32537,0.1701754925162123,43476.94535451947,female,10-14,7280,0.02849504663715394,0.004849158595750111,0.033495051661141625,0.0009544430591981112
2011,E09000011,255483,165308,5537,32537,0.1701754925162123,43476.94535451947,male,10-14,7597,0.02973583369539265,0.0050603101444936256,0.033495051661141625,0.0009960032858142927
2011,E09000012,247182,165308,409,88435,0.004624865720585741,1143.1835585458246,female,10-14,6810,0.02755054979731534,0.00012741759334089413,0.00247416942918673,6.816472806580428e-05
2011,E09000012,247182,165308,409,88435,0.004624865720585741,1143.1835585458246,male,10-14,7078,0.028634771140293388,0.00013243197146356077,0.00247416942918673,7.084727536707235e-05
2011,E09000013,182445,165308,389,63620,0.006114429424709211,1115.5470763910719,female,10-14,3785,0.02074597824001754,0.00012684981979514025,0.0023531831490309,4.8819086404571e-05
2011,E09000013,182445,165308,389,63620,0.006114429424709211,1115.5470763910719,male,10-14,3802,0.020839157006221052,0.0001274195547849731,0.0023531831490309,4.90383531070486e-05
2011,E09000014,255540,165308,300,94034,0.003190335410596167,815.2583108237445,female,10-14,7368,0.02883305940361587,9.198713041117852e-05,0.001814794202337455,5.2326069041333516e-05
2011,E09000014,255540,165308,300,94034,0.003190335410596167,815.2583108237445,male,10-14,7746,0.03031227987790561,9.670633987038393e-05,0.001814794202337455,5.5010549782053396e-05
2011,E09000015,240499,165308,72,85681,0.0008403263267235443,202.09764125068568,female,10-14,6914,0.02874856028507395,2.4158172062946564e-05,0.0004355506085609892,1.2521452927416244e-05
2011,E09000015,240499,165308,72,85681,0.0008403263267235443,202.09764125068568,male,10-14,7605,0.031621753105002516,2.6572591631285598e-05,0.0004355506085609892,1.3772873808649195e-05
2011,E09000016,237927,165308,101,84891,0.0011897609876194179,283.07626250132523,female,10-14,7041,0.029593110491873558,3.520872836554204e-05,0.0006109807147869432,1.8080819801093895e-05
2011,E09000016,237927,165308,101,84891,0.0011897609876194179,283.07626250132523,male,10-14,7254,0.030488343063208464,3.627384115376253e-05,0.0006109807147869432,1.862778963742865e-05
2011,E09000017,275499,165308,102,107741,0.0009467148068052088,260.8189825600282,female,10-14,8236,0.029894845353340666,2.83018927431595e-05,0.0006170300287947347,1.844601728918593e-05
2011,E09000017,275499,165308,102,107741,0.0009467148068052088,260.8189825600282,male,10-14,8635,0.03134312647232839,2.96730019229216e-05,0.0006170300287947347,1.93396502297378e-05
2011,E09000018,254927,165308,214,93861,0.002279967185519012,581.2251947028052,female,10-14,6812,0.026721375138765217,6.092385846832823e-05,0.0012945531976673846,3.459224163195826e-05
2011,E09000018,254927,165308,214,93861,0.002279967185519012,581.2251947028052,male,10-14,7110,0.02789033723379634,6.358905368611475e-05,0.0012945531976673846,3.610552525003277e-05
2011,E09000019,206285,165308,347,78519,0.004419312523083585,911.6378838242973,female,10-14,4491,0.021770851007101827,9.621219449387198e-05,0.0020991119607036562,4.569945374370468e-05
2011,E09000019,206285,165308,347,78519,0.004419312523083585,911.6378838242973,male,10-14,4618,0.022386504108393726,9.893295795428651e-05,0.0020991119607036562,4.699177853227081e-05
2011,E09000020,158251,165308,366,50701,0.007218792528746967,1142.3811364667363,female,10-14,3204,0.020246317558814793,0.00014615396592821076,0.002214048926851695,4.482633766379252e-05
2011,E09000020,158251,165308,366,50701,0.007218792528746967,1142.3811364667363,male,10-14,3276,0.020701290987102768,0.0001494383247131144,0.002214048926851695,4.583367109443955e-05
2011,E09000021,160436,165308,240,51416,0.004667807686323323,748.8843939629687,female,10-14,4330,0.026988955097359695,0.0001259792520492906,0.001451835361869964,3.918351939026742e-05
2011,E09000021,160436,165308,240,51416,0.004667807686323323,748.8843939629687,male,10-14,4185,0.026085167917425017,0.00012176054730399105,0.001451835361869964,3.7871369202833525e-05
2011,E09000022,304481,165308,39410,108324,0.36381595952882095,110775.04717329494,female,10-14,7245,0.02379458816806303,0.008656850925956982,0.23840346504706367,0.00567271226863409
2011,E09000022,304481,165308,39410,108324,0.36381595952882095,110775.04717329494,male,10-14,7521,0.02470104866970353,0.008986635723136295,0.23840346504706367,0.005888815593153483
2011,E09000023,276938,165308,22020,112394,0.19591793156218304,54257.12013096784,female,10-14,7567,0.027323805328268422,0.005353223422322105,0.1332058944515692,0.0036396919285725474
2011,E09000023,276938,165308,22020,112394,0.19591793156218304,54257.12013096784,male,10-14,7661,0.027663231481414613,0.005419723092164616,0.1332058944515692,0.003684905492902641
2011,E09000024,200543,165308,921,75416,0.01221226264983558,2449.0837885859764,female,10-14,5085,0.025356158030945982,0.00030965606166465006,0.005571418201175986,0.0001412697603655071
2011,E09000024,200543,165308,921,75416,0.01221226264983558,2449.0837885859764,male,10-14,5420,0.027026622719317054,0.00033005621518631333,0.005571418201175986,0.00015057661773471947
2011,E09000025,310460,165308,426,112342,0.0037919923091986967,1177.2619323138274,female,10-14,9641,0.031053919989692712,0.00011775622577138644,0.002577007767319186,8.002619301914666e-05
2011,E09000025,310460,165308,426,112342,0.0037919923091986967,1177.2619323138274,male,10-14,9901,0.031891386974167366,0.00012093189413572214,0.002577007767319186,8.218435194301122e-05
2011,E09000026,281395,165308,222,102662,0.002162435954881066,608.4986655237576,female,10-14,9077,0.03225714742621582,6.975401539634832e-05,0.0013429477097297166,4.331966225845035e-05
2011,E09000026,281395,165308,222,102662,0.002162435954881066,608.4986655237576,male,10-14,9566,0.0339949181755184,7.351183334598083e-05,0.0013429477097297166,4.565339750626155e-05
2011,E09000027,187527,165308,203,62176,0.0032649253731343282,612.2616604477612,female,10-14,4863,0.025932265753731462,8.466691244222026e-05,0.0012280107435816779,3.184510095099745e-05
2011,E09000027,187527,165308,203,62176,0.0032649253731343282,612.2616604477612,male,10-14,4987,0.02659350386877623,8.682580554171343e-05,0.0012280107435816779,3.2657108460338125e-05
2011,E09000028,288717,165308,48341,102300,0.47254154447702834,136430.7770967742,female,10-14,6863,0.023770682017338778,0.01123263479374559,0.2924298884506497,0.006951257890726243
2011,E09000028,288717,165308,48341,102300,0.47254154447702834,136430.7770967742,male,10-14,7120,0.0246608270382416,0.011653265296731547,0.2924298884506497,0.007211562899893758
2011,E09000029,191123,165308,522,74422,0.007014054983741367,1340.5472306576012,female,10-14,5662,0.029624901241608808,0.00020779068619655207,0.0031577419120671717,9.354779229147893e-05
2011,E09000029,191123,165308,522,74422,0.007014054983741367,1340.5472306576012,male,10-14,6014,0.03146664713299812,0.00022070879314483644,0.0031577419120671717,9.936355048409648e-05
2011,E09000030,256012,165308,312,76079,0.004101000276028864,1049.9052826667016,female,10-14,6480,0.02531131353217818,0.00010380170378211584,0.0018873859704309531,4.7772218053812226e-05
2011,E09000030,256012,165308,312,76079,0.004101000276028864,1049.9052826667016,male,10-14,6766,0.02642844866646876,0.00010838307527620305,0.0018873859704309531,4.988068323334777e-05
2011,E09000031,259742,165308,333,98132,0.0033933884971263195,881.4055150205845,female,10-14,7246,0.027896913090682294,9.466506398725393e-05,0.002014421564594575,5.61961433154911e-05
2011,E09000031,259742,165308,333,98132,0.0033933884971263195,881.4055150205845,male,10-14,7529,0.028986455790746202,9.836230565277875e-05,0.002014421564594575,5.839094162604644e-05
2011,E09000032,307710,165308,2574,105396,0.024422179209837185,7514.948764659,female,10-14,6170,0.020051347047544767,0.000489697590993778,0.015570934256055362,0.0003122182066226694
2011,E09000032,307710,165308,2574,105396,0.024422179209837185,7514.948764659,male,10-14,6408,0.020824802573852004,0.0005085870604680924,0.015570934256055362,0.00032426163177278204
2011,E09000033,219582,165308,836,72308,0.011561652929136471,2538.7308734856447,female,10-14,4189,0.019077155686713847,0.00022056345292488765,0.005057226510513707,9.64774974840466e-05
2011,E09000033,219582,165308,836,72308,0.011561652929136471,2538.7308734856447,male,10-14,4526,0.02061188986346786,0.00023830751681500154,0.005057226510513707,0.00010423899584931843
2011,E06000033,174274,165308,107,64508,0.001658708997333664,289.069851801327,female,15-19,5024,0.028828167139102794,4.781754021026848e-05,0.0006472765988336923,1.865979797640767e-05
2011,E06000033,174274,165308,107,64508,0.001658708997333664,289.069851801327,male,15-19,5320,0.03052664195462318,5.0634815668516775e-05,0.0006472765988336923,1.9759180978202387e-05
2011,E06000034,158268,165308,159,53689,0.0029615004935834156,468.71076011846003,female,15-19,4864,0.030732681274799705,9.101485076446112e-05,0.0009618409272388511,2.9559950653889423e-05
2011,E06000034,158268,165308,159,53689,0.0029615004935834156,468.71076011846003,male,15-19,5125,0.03238178279879698,9.589866574174821e-05,0.0009618409272388511,3.1146123992841964e-05
2011,E06000035,264885,165308,1714,99212,0.017276135951296213,4576.189271459098,female,15-19,9148,0.03453574192574136,0.0005966441726879883,0.010368524209354659,0.000358084676245074
2011,E06000035,264885,165308,1714,99212,0.017276135951296213,4576.189271459098,male,15-19,9710,0.03665741736980199,0.0006332985261041065,0.010368524209354659,0.0003800833194512099
2011,E06000038,155339,165308,10,47360,0.00021114864864864866,32.799619932432435,female,15-19,4668,0.030050405886480537,6.345102594273762e-06,6.049314007791517e-05,1.8178434126890737e-06
2011,E06000038,155339,165308,10,47360,0.00021114864864864866,32.799619932432435,male,15-19,4722,0.030398032689794578,6.418503524027572e-06,6.049314007791517e-05,1.8388724495967879e-06
2011,E06000039,140713,165308,8,54239,0.0001474953446781836,20.754512435701248,female,15-19,4197,0.029826668467021526,4.39929474614525e-06,4.839451206233213e-05,1.4434470669064547e-06
2011,E06000039,140713,165308,8,54239,0.0001474953446781836,20.754512435701248,male,15-19,4398,0.031255107914691604,4.6099829148312624e-06,4.839451206233213e-05,1.5125756969870353e-06
2011,E06000042,249895,165308,14,88445,0.00015829046299960426,39.555995251286106,female,15-19,7179,0.028728065787630805,4.547378834607171e-06,8.469039610908124e-05,2.4329912710021977e-06
2011,E06000042,249895,165308,14,88445,0.00015829046299960426,39.555995251286106,male,15-19,7762,0.03106104563916845,4.916667295475813e-06,8.469039610908124e-05,2.6305722587434262e-06
2011,E06000043,272952,165308,253,87037,0.002906809747578616,793.4195342210784,female,15-19,8559,0.031357161698760225,9.114930328235506e-05,0.0015304764439712537,4.7991397329750144e-05
2011,E06000043,272952,165308,253,87037,0.002906809747578616,793.4195342210784,male,15-19,8513,0.03118863389900056,9.065942503127568e-05,0.0015304764439712537,4.773346950206367e-05
2011,E06000044,205433,165308,17,68264,0.0002490331653580218,51.15963025899449,female,15-19,7195,0.03502358433163124,8.722034068289743e-06,0.00010283833813245579,3.601767208106874e-06
2011,E06000044,205433,165308,17,68264,0.0002490331653580218,51.15963025899449,male,15-19,7839,0.03815842634824979,9.502713698585585e-06,0.00010283833813245579,3.9241491514037225e-06
2011,E06000047,512994,165308,10,231893,4.3123337056314764e-05,22.122013169867135,female,15-19,16030,0.031247928825678273,1.3475149670614582e-06,6.049314007791517e-05,1.8902853355964789e-06
2011,E06000047,512994,165308,10,231893,4.3123337056314764e-05,22.122013169867135,male,15-19,16461,0.032088094597597636,1.3837457188271156e-06,6.049314007791517e-05,1.9411096013258666e-06
2011,E06000060,506550,165308,25,163754,0.00015266802642988872,77.33398878806014,female,15-19,15439,0.03047872865462442,4.653127351793608e-06,0.00015123285019478792,4.609385004752405e-06
2011,E06000060,506550,165308,25,163754,0.00015266802642988872,77.33398878806014,male,15-19,16146,0.031874444773467576,4.866208577113776e-06,0.00015123285019478792,4.820463131467863e-06
2011,E07000008,122725,165308,24,34511,0.000695430442467619,85.34670105183854,female,15-19,4559,0.037148095335098795,2.583391637571705e-05,0.0001451835361869964,5.393291843361308e-06
2011,E07000008,122725,165308,24,34511,0.000695430442467619,85.34670105183854,male,15-19,4857,0.039576288449786105,2.752255578786087e-05,0.0001451835361869964,5.7458255062965285e-06
2011,E07000061,99308,165308,203,40047,0.0050690438734486976,503.3966089844433,female,15-19,2978,0.02998751359407097,0.00015200802206398497,0.0012280107435816779,3.682498886682076e-05
2011,E07000061,99308,165308,203,40047,0.0050690438734486976,503.3966089844433,male,15-19,3174,0.0319611713054336,0.0001620125795940525,0.0012280107435816779,3.92486617405269e-05
2011,E07000062,90173,165308,190,36006,0.005276898294728657,475.8337499305672,female,15-19,2865,0.031772259989132,0.0001676589845563262,0.0011493696614803882,3.651807170817553e-05
2011,E07000062,90173,165308,190,36006,0.005276898294728657,475.8337499305672,male,15-19,2867,0.03179443957725705,0.00016777602398708103,0.0011493696614803882,3.654356425387059e-05
2011,E07000063,97584,165308,120,35106,0.003418219107844813,333.56349341992825,female,15-19,2702,0.027688965404164618,9.464695062096948e-05,0.000725917680934982,2.0099909553680127e-05
2011,E07000063,97584,165308,120,35106,0.003418219107844813,333.56349341992825,male,15-19,2915,0.029871700278734217,0.00010210801667658252,0.000725917680934982,2.1684395391923596e-05
2011,E07000064,90729,165308,226,36720,0.0061546840958605666,558.4083333333333,female,15-19,2450,0.02700349392145841,0.00016619797457106755,0.0013671449657608828,3.6917690772676465e-05
2011,E07000064,90729,165308,226,36720,0.0061546840958605666,558.4083333333333,male,15-19,2697,0.029725886982111562,0.0001829534438441507,0.0013671449657608828,4.063959674037078e-05
2011,E07000065,149415,165308,638,56293,0.011333558346508447,1693.4036203435596,female,15-19,4375,0.02928086202857812,0.00033185635823695383,0.0038594623369709873,0.00011300838419334115
2011,E07000065,149415,165308,638,56293,0.011333558346508447,1693.4036203435596,male,15-19,4588,0.030706421711340897,0.00034801302207797583,0.0038594623369709873,0.0001185102780980684
2011,E07000066,174971,165308,111,62378,0.0017794735323351182,311.356263426208,female,15-19,5402,0.030873687639666,5.4938910000367535e-05,0.0006714738548648583,2.0730874053300057e-05
2011,E07000066,174971,165308,111,62378,0.0017794735323351182,311.356263426208,male,15-19,5712,0.03264540981076864,5.809164271049599e-05,0.0006714738548648583,2.192053916927988e-05
2011,E07000067,147514,165308,9,48494,0.00018558996989318267,27.377118818822947,female,15-19,4256,0.028851498840787995,5.3545488012350386e-06,5.444382607012365e-05,1.5707859847502355e-06
2011,E07000067,147514,165308,9,48494,0.00018558996989318267,27.377118818822947,male,15-19,4541,0.030783518852447903,5.713112337032028e-06,5.444382607012365e-05,1.675972546229046e-06
2011,E07000068,73841,165308,36,24621,0.0014621664432801268,107.96783233824785,female,15-19,2222,0.030091683482076352,4.399904980929892e-05,0.0002177753042804946,6.55322552662151e-06
2011,E07000068,73841,165308,36,24621,0.0014621664432801268,107.96783233824785,male,15-19,2396,0.032448097940168744,4.744451995638174e-05,0.0002177753042804946,7.066394402243538e-06
2011,E07000069,87964,165308,11,33361,0.00032972632714846676,29.00404664128773,female,15-19,2660,0.030239643490518848,9.97080658240782e-06,6.654245408570669e-05,2.0122200885359893e-06
2011,E07000069,87964,165308,11,33361,0.00032972632714846676,29.00404664128773,male,15-19,2846,0.032354144877449864,1.0668013358470924e-05,6.654245408570669e-05,2.15292419999001e-06
2011,E07000071,173614,165308,8,59731,0.00013393380321775962,23.25278331184812,female,15-19,5516,0.03177163132005483,4.255295417127432e-06,4.839451206233213e-05,1.5375725951583629e-06
2011,E07000071,173614,165308,8,59731,0.00013393380321775962,23.25278331184812,male,15-19,5841,0.033643600170493164,4.506015324771815e-06,4.839451206233213e-05,1.6281656142712108e-06
2011,E07000072,124880,165308,22,48938,0.00044954840818995463,56.13960521476153,female,15-19,3637,0.029123959000640614,1.309262940892749e-05,0.00013308490817141337,3.875959409188264e-06
2011,E07000072,124880,165308,22,48938,0.00044954840818995463,56.13960521476153,male,15-19,3806,0.030477258167841127,1.3701002895347271e-05,0.00013308490817141337,4.056063104583595e-06
2011,E07000073,82177,165308,9,34960,0.0002574370709382151,21.155406178489702,female,15-19,2463,0.029971889944875086,7.715875557891183e-06,5.444382607012365e-05,1.631784363151667e-06
2011,E07000073,82177,165308,9,34960,0.0002574370709382151,21.155406178489702,male,15-19,2614,0.031809387054772015,8.188915431720484e-06,5.444382607012365e-05,1.7318247362072504e-06
2011,E07000074,61720,165308,8,20947,0.0003819162648589297,23.57187186709314,female,15-19,1706,0.02764095917044718,1.0556531883495367e-05,4.839451206233213e-05,1.337670731988636e-06
2011,E07000074,61720,165308,8,20947,0.0003819162648589297,23.57187186709314,male,15-19,1883,0.030508749189889824,1.1651787536120619e-05,4.839451206233213e-05,1.4764560306767888e-06
2011,E07000075,83333,165308,13,29337,0.00044312642737839587,36.92705457272386,female,15-19,2540,0.03048012192048768,1.3506547532683637e-05,7.864108210128971e-05,2.396989770406392e-06
2011,E07000075,83333,165308,13,29337,0.00044312642737839587,36.92705457272386,male,15-19,2667,0.03200412801651207,1.418187490931782e-05,7.864108210128971e-05,2.5168392589267117e-06
2011,E07000085,116010,165308,9,39594,0.0002273071677526898,26.369904530989544,female,15-19,3633,0.0313162658391518,7.118411692487907e-06,5.444382607012365e-05,1.7049773305125353e-06
2011,E07000085,116010,165308,9,39594,0.0002273071677526898,26.369904530989544,male,15-19,3969,0.03421256788207913,7.776761906822048e-06,5.444382607012365e-05,1.8626630951842149e-06
2011,E07000095,93702,165308,9,36221,0.00024847464178239144,23.282570884293644,female,15-19,2868,0.03060767112761734,7.605230119227964e-06,5.444382607012365e-05,1.6663987232835438e-06
2011,E07000095,93702,165308,9,36221,0.00024847464178239144,23.282570884293644,male,15-19,3024,0.03227252353204841,8.018903724039527e-06,5.444382607012365e-05,1.757039658022816e-06
2011,E07000103,90653,165308,10,32552,0.0003072007864340133,27.848672892602604,female,15-19,2589,0.028559451976217003,8.773486107218298e-06,6.049314007791517e-05,1.7276509289457863e-06
2011,E07000103,90653,165308,10,32552,0.0003072007864340133,27.848672892602604,male,15-19,2701,0.029794932324357714,9.153026641790892e-06,6.049314007791517e-05,1.8023890147093736e-06
2011,E07000105,118405,165308,683,38958,0.0175317008059962,2075.8410339339803,female,15-19,3674,0.03102909505510747,0.0005439928107869603,0.004131681467321606,0.000128202336986948
2011,E07000105,118405,165308,683,38958,0.0175317008059962,2075.8410339339803,male,15-19,4041,0.03412862632490182,0.0005983328656478245,0.004131681467321606,0.00014100861289174116
2011,E07000106,150600,165308,838,52154,0.01606779921003183,2419.8105610307935,female,15-19,6290,0.041766268260292165,0.0006710920121586999,0.005069325138529291,0.00021172679363445711
2011,E07000106,150600,165308,838,52154,0.01606779921003183,2419.8105610307935,male,15-19,6140,0.040770252324037186,0.0006550882280849631,0.005069325138529291,0.00020667766501042395
2011,E07000107,97604,165308,1205,33838,0.03561085170518352,3475.761569832732,female,15-19,2974,0.030470062702348265,0.0010850648843409676,0.007289423379388777,0.00022210918743393942
2011,E07000107,97604,165308,1205,33838,0.03561085170518352,3475.761569832732,male,15-19,3105,0.031812220810622516,0.0011328602776996316,0.007289423379388777,0.00023189274612722997
2011,E07000108,111718,165308,643,40077,0.016044115078473937,1792.4164483369514,female,15-19,3395,0.030389015198983155,0.00048756485697397926,0.003889708907009945,0.00011820442309474538
2011,E07000108,111718,165308,643,40077,0.016044115078473937,1792.4164483369514,male,15-19,3698,0.03310120123883349,0.0005310794819115685,0.003889708907009945,0.00012875403729141927
2011,E07000109,101766,165308,1146,35711,0.032090952367617824,3265.7678586429956,female,15-19,3371,0.03312501228308079,0.001063013191353101,0.006932513852929078,0.00022963960653090342
2011,E07000109,101766,165308,1146,35711,0.032090952367617824,3265.7678586429956,male,15-19,3417,0.03357702965627027,0.0010775188593454602,0.006932513852929078,0.0002327732232323041
2011,E07000110,155764,165308,1006,47534,0.02116379854419994,3296.5579164387595,female,15-19,4417,0.028357001617832105,0.0006001418695573504,0.006085609891838265,0.00017256964954835273
2011,E07000110,155764,165308,1006,47534,0.02116379854419994,3296.5579164387595,male,15-19,4988,0.032022803728717804,0.0006777241669350383,0.006085609891838265,0.00019487829113588035
2011,E07000111,115351,165308,1493,33141,0.045049938143085604,5196.555414743068,female,15-19,3461,0.030004074520376938,0.0013516817011835118,0.009031625813632734,0.0002709855739523965
2011,E07000111,115351,165308,1493,33141,0.045049938143085604,5196.555414743068,male,15-19,3517,0.030489549288692772,0.0013735523094661692,0.009031625813632734,0.0002753702004017852
2011,E07000112,108199,165308,674,39104,0.017236088379705403,1864.927526595745,female,15-19,3172,0.02931635227682326,0.0005052992388139034,0.004077237641251482,0.00011952973500725237
2011,E07000112,108199,165308,674,39104,0.017236088379705403,1864.927526595745,male,15-19,3424,0.0316453941348811,0.0005454428101194217,0.004077237641251482,0.00012902579213897608
2011,E07000113,136324,165308,898,51193,0.017541460746586447,2391.322094817651,female,15-19,4238,0.031087702825621313,0.0005453237188171808,0.005432283978996782,0.00016887723000343563
2011,E07000113,136324,165308,898,51193,0.017541460746586447,2391.322094817651,male,15-19,4567,0.03350107097796426,0.0005876577215285665,0.005432283978996782,0.0001819873311528293
2011,E07000114,134402,165308,826,52563,0.015714475962178717,2112.056998268744,female,15-19,4107,0.030557580988378148,0.00048019637190419777,0.004996733370435793,0.00015268808464442344
2011,E07000114,134402,165308,826,52563,0.015714475962178717,2112.056998268744,male,15-19,4539,0.03377181887174298,0.0005307064358590586,0.004996733370435793,0.0001687487743367514
2011,E07000115,121087,165308,974,37881,0.025712098413452653,3113.4008605897416,female,15-19,3930,0.03245600270879615,0.0008345119357558525,0.005892031843588937,0.00019123180147583572
2011,E07000115,121087,165308,974,37881,0.025712098413452653,3113.4008605897416,male,15-19,4257,0.03515654033876469,0.0009039484250668358,0.005892031843588937,0.00020714345518642056
2011,E07000116,115246,165308,906,38118,0.023768298441681095,2739.2013222099795,female,15-19,3785,0.03284278846988182,0.0007806171980091538,0.005480678491059114,0.00018000076435328554
2011,E07000116,115246,165308,906,38118,0.023768298441681095,2739.2013222099795,male,15-19,3636,0.03154990194887458,0.0007498874853266271,0.005480678491059114,0.00017291486900622094
2011,E07000130,165876,165308,8,46529,0.00017193578198542844,28.520019772614926,female,15-19,5730,0.03454387614844824,5.939328358391238e-06,4.839451206233213e-05,1.6717340309457856e-06
2011,E07000130,165876,165308,8,46529,0.00017193578198542844,28.520019772614926,male,15-19,6517,0.03928838409414261,6.755079042170279e-06,4.839451206233213e-05,1.9013421779535225e-06
2011,E07000178,150245,165308,18,41750,0.0004311377245508982,64.77628742514969,female,15-19,6006,0.03997470797697095,1.7234604636777893e-05,0.0001088876521402473,4.352752096604381e-06
2011,E07000178,150245,165308,18,41750,0.0004311377245508982,64.77628742514969,male,15-19,5769,0.03839728443542215,1.655451784042152e-05,0.0001088876521402473,4.180990150734379e-06
2011,E07000200,87901,165308,10,31239,0.0003201126796632415,28.13822465507859,female,15-19,2508,0.028532098610937303,9.13348654276299e-06,6.049314007791517e-05,1.725996237988319e-06
2011,E07000200,87901,165308,10,31239,0.0003201126796632415,28.13822465507859,male,15-19,2732,0.03108042001797477,9.949236537012956e-06,6.049314007791517e-05,1.8801522018277864e-06
2011,E07000207,131428,165308,94,42682,0.0022023335363853614,289.44829202005525,female,15-19,3607,0.027444684542106704,6.044234916259852e-05,0.0005686355167324026,1.5606022376158627e-05
2011,E07000207,131428,165308,94,42682,0.0022023335363853614,289.44829202005525,male,15-19,3765,0.028646863682016008,6.308994859916369e-05,0.0005686355167324026,1.628962413258587e-05
2011,E07000208,75191,165308,63,24986,0.0025214119907148004,189.58748899383656,female,15-19,2425,0.03225120027662885,8.131856309243647e-05,0.00038110678249086554,1.2291151168894534e-05
2011,E07000208,75191,165308,63,24986,0.0025214119907148004,189.58748899383656,male,15-19,2314,0.030774959769121306,7.759635257562804e-05,0.00038110678249086554,1.172854589889565e-05
2011,E07000209,137580,165308,31,46466,0.0006671544785434512,91.78711315800801,female,15-19,4417,0.03210495711585987,2.141896592329135e-05,0.00018752873424153702,6.020601970816028e-06
2011,E07000209,137580,165308,31,46466,0.0006671544785434512,91.78711315800801,male,15-19,4373,0.03178514318941707,2.120560062996447e-05,0.00018752873424153702,5.960627669997394e-06
2011,E07000210,85637,165308,54,29167,0.0018514074124867145,158.54897658312478,female,15-19,2479,0.02894776790406016,5.359411207252198e-05,0.0003266629564207419,9.456163445321754e-06
2011,E07000210,85637,165308,54,29167,0.0018514074124867145,158.54897658312478,male,15-19,2707,0.03161016850193257,5.852330027443203e-05,0.0003266629564207419,1.0325871095799107e-05
2011,E07000211,138375,165308,168,49074,0.0034234013938134245,473.7131678689326,female,15-19,3794,0.027418247515808493,9.386366676154026e-05,0.0010162847533089748,2.7864746912767844e-05
2011,E07000211,138375,165308,168,49074,0.0034234013938134245,473.7131678689326,male,15-19,3996,0.028878048780487806,9.886115244573402e-05,0.0010162847533089748,2.934832068092259e-05
2011,E07000212,80501,165308,9,27370,0.0003288271830471319,26.470917062477163,female,15-19,2731,0.03392504440938622,1.1155476787887321e-05,5.444382607012365e-05,1.847009217245844e-06
2011,E07000212,80501,165308,9,27370,0.0003288271830471319,26.470917062477163,male,15-19,2500,0.03105551483832499,1.0211897462364811e-05,5.444382607012365e-05,1.6907810483759099e-06
2011,E07000213,95852,165308,38,34747,0.0010936195930583935,104.82562523383314,female,15-19,2624,0.027375537286650254,2.993842394718133e-05,0.00022987393229607762,6.2929224048001885e-06
2011,E07000213,95852,165308,38,34747,0.0010936195930583935,104.82562523383314,male,15-19,2795,0.029159537620498267,3.188944166630023e-05,0.00022987393229607762,6.703017576759347e-06
2011,E07000214,86378,165308,31,33770,0.0009179745336097127,79.29280426413976,female,15-19,2490,0.02882678459793003,2.646225414675247e-05,0.00018752873424153702,5.405850427903253e-06
2011,E07000214,86378,165308,31,33770,0.0009179745336097127,79.29280426413976,male,15-19,2774,0.03211465882516382,2.94804389570648e-05,0.00018752873424153702,6.022421320081777e-06
2011,E07000215,83178,165308,347,29248,0.0118640590809628,986.8287062363238,female,15-19,2580,0.03101781721128183,0.0003679972159571524,0.0020991119607036562,6.510987110312142e-05
2011,E07000215,83178,165308,347,29248,0.0118640590809628,986.8287062363238,male,15-19,2542,0.03056096563995287,0.00036257710192367495,0.0020991119607036562,6.415088850547854e-05
2011,E07000216,121754,165308,16,43976,0.00036383481899217757,44.298344551573585,female,15-19,3741,0.030725889909161096,1.1179148593473203e-05,9.678902412466426e-05,2.9739288996695714e-06
2011,E07000216,121754,165308,16,43976,0.00036383481899217757,44.298344551573585,male,15-19,4243,0.03484895773444815,1.267926422937899e-05,9.678902412466426e-05,3.372996610878907e-06
2011,E07000217,99493,165308,25,33858,0.0007383779313603875,73.46343552483903,female,15-19,2643,0.02656468294251857,1.9614775638341433e-05,0.00015123285019478792,4.017452715917949e-06
2011,E07000217,99493,165308,25,33858,0.0007383779313603875,73.46343552483903,male,15-19,2758,0.027720543153789714,2.04682373100816e-05,0.00015123285019478792,4.192256750095234e-06
2011,E07000223,61334,165308,37,24872,0.0014876165969765198,91.24147635895787,female,15-19,1729,0.028189910979228485,4.1935779439990914e-05,0.00022382461828828612,6.309596064506581e-06
2011,E07000223,61334,165308,37,24872,0.0014876165969765198,91.24147635895787,male,15-19,1857,0.030276844816904163,4.5040336853709154e-05,0.00022382461828828612,6.776703234117248e-06
2011,E07000224,149811,165308,31,61570,0.0005034919603703102,75.42863407503654,female,15-19,3856,0.02573909793005854,1.2959428874968568e-05,0.00018752873424153702,4.826820455342844e-06
2011,E07000224,149811,165308,31,61570,0.0005034919603703102,75.42863407503654,male,15-19,4060,0.027100813691918486,1.3645041813374581e-05,0.00018752873424153702,5.082181288561189e-06
2011,E07000225,113995,165308,8,44206,0.0001809709089263901,20.62977876306384,female,15-19,3110,0.027281898328874073,4.937229937813704e-06,4.839451206233213e-05,1.320294157760015e-06
2011,E07000225,113995,165308,8,44206,0.0001809709089263901,20.62977876306384,male,15-19,3340,0.029299530681170225,5.302362698488029e-06,4.839451206233213e-05,1.4179364909705628e-06
2011,E07000226,107053,165308,93,37608,0.0024728781110402043,264.729020421187,female,15-19,3063,0.02861199592725099,7.075397844167045e-05,0.000562586202724611,1.609671414108417e-05
2011,E07000226,107053,165308,93,37608,0.0024728781110402043,264.729020421187,male,15-19,3190,0.029798324194557836,7.36876236464018e-05,0.000562586202724611,1.6764126056173194e-05
2011,E07000227,131540,165308,61,45394,0.0013437899281843416,176.7621271533683,female,15-19,3876,0.02946632203132127,3.95965467663259e-05,0.0003690081544752825,1.087331311195222e-05
2011,E07000227,131540,165308,61,45394,0.0013437899281843416,176.7621271533683,male,15-19,4145,0.03151132735289646,4.234460432054201e-05,0.0003690081544752825,1.1627936751558811e-05
2011,E07000228,140188,165308,399,44892,0.008887997861534349,1245.9906442127774,female,15-19,3979,0.028383313835706338,0.00025227083267501625,0.002413676289108815,6.850813161157856e-05
2011,E07000228,140188,165308,399,44892,0.008887997861534349,1245.9906442127774,male,15-19,4480,0.0319570861985334,0.0002840345137934337,0.002413676289108815,7.713406122640663e-05
2011,E07000229,104998,165308,33,39714,0.0008309412297930201,87.24716724580752,female,15-19,2760,0.026286214975523345,2.184229979836507e-05,0.00019962736225712004,5.247447759287332e-06
2011,E07000229,104998,165308,33,39714,0.0008309412297930201,87.24716724580752,male,15-19,2955,0.028143393207489667,2.3385505762379992e-05,0.00019962736225712004,5.6181913509761115e-06
2011,E07000241,110727,165308,12,36606,0.00032781511227667593,36.2979839370595,female,15-19,3975,0.03589910319976158,1.1768268546061817e-05,7.25917680934982e-05,2.6059793742416514e-06
2011,E07000241,110727,165308,12,36606,0.00032781511227667593,36.2979839370595,male,15-19,3862,0.034878575234585964,1.1433724056576286e-05,7.25917680934982e-05,2.531897444860694e-06
2011,E07000242,138155,165308,8,44545,0.00017959366932315636,24.81176338534067,female,15-19,4336,0.03138503854366472,5.636554233905439e-06,4.839451206233213e-05,1.518863626378141e-06
2011,E07000242,138155,165308,8,44545,0.00017959366932315636,24.81176338534067,male,15-19,4529,0.03278202019470884,5.887443294593574e-06,4.839451206233213e-05,1.5864698717404525e-06
2011,E08000035,750683,165308,8,281107,2.845891422127517e-05,21.36362310436951,female,15-19,25644,0.03416089081543075,9.721818614386906e-07,4.839451206233213e-05,1.6531996426273743e-06
2011,E08000035,750683,165308,8,281107,2.845891422127517e-05,21.36362310436951,male,15-19,25274,0.033668006335563744,9.581549043051577e-07,4.839451206233213e-05,1.6293467387211142e-06
2011,E09000001,7412,165308,20,2137,0.009358914365933552,69.36827328029949,female,15-19,96,0.012951969778737183,0.00012121637602936063,0.00012098628015583033,1.5670106442201446e-06
2011,E09000001,7412,165308,20,2137,0.009358914365933552,69.36827328029949,male,15-19,105,0.014166216945493793,0.0001325804112821132,0.00012098628015583033,1.7139178921157832e-06
2011,E09000002,187029,165308,213,69590,0.0030607845954878574,572.4554821094985,female,15-19,6191,0.03310181843457432,0.00010131753594718106,0.001288503883659593,4.2651821609143725e-05
2011,E09000002,187029,165308,213,69590,0.0030607845954878574,572.4554821094985,male,15-19,6521,0.03486625068839592,0.00010671808300946012,0.001288503883659593,4.49252994206471e-05
2011,E09000003,357538,165308,214,138470,0.001545461110709901,552.5610746009966,female,15-19,10088,0.02821518272183656,4.3605467628172343e-05,0.0012945531976673846,3.652605501532306e-05
2011,E09000003,357538,165308,214,138470,0.001545461110709901,552.5610746009966,male,15-19,10621,0.029705933355335657,4.590936475801134e-05,0.0012945531976673846,3.845591101484399e-05
2011,E09000004,232774,165308,4151,34157,0.12152706619433791,28288.341306320814,female,15-19,7820,0.03359481729059088,0.004082679584660325,0.025110702446342583,0.0008435894607232724
2011,E09000004,232774,165308,4151,34157,0.12152706619433791,28288.341306320814,male,15-19,8062,0.034634452301373866,0.004209023377433701,0.025110702446342583,0.0008696954261318443
2011,E09000005,312245,165308,417,114282,0.0036488685882291173,1139.3409723316008,female,15-19,8818,0.028240644365802495,0.00010304640013772633,0.0025225639412490624,7.123883115481187e-05
2011,E09000005,312245,165308,417,114282,0.0036488685882291173,1139.3409723316008,male,15-19,9791,0.03135678713830486,0.0001144167956167474,0.0025225639412490624,7.909950054851022e-05
2011,E09000006,310554,165308,10197,36965,0.2758555390234005,85668.04106587311,female,15-19,8942,0.02879370415451097,0.007942902780022949,0.061684854937450094,0.0017761354638828632
2011,E09000006,310554,165308,10197,36965,0.2758555390234005,85668.04106587311,male,15-19,9347,0.03009782517694185,0.008302651787617368,0.061684854937450094,0.0018565799799723913
2011,E09000007,220087,165308,382,72962,0.005235602094240838,1152.2879581151833,female,15-19,6126,0.027834447286754785,0.00014573009050656955,0.0023108379509763593,6.432089713468392e-05
2011,E09000007,220087,165308,382,72962,0.005235602094240838,1152.2879581151833,male,15-19,5824,0.02646226265067905,0.00013854587775224633,0.0023108379509763593,6.115000080189342e-05
2011,E09000008,364815,165308,8115,136880,0.05928550555230859,21628.24170806546,female,15-19,11627,0.03187094828885874,0.0018894852817364746,0.04909018317322816,0.001564550689404558
2011,E09000008,364815,165308,8115,136880,0.05928550555230859,21628.24170806546,male,15-19,12230,0.03352384085084221,0.0019874778528973154,0.04909018317322816,0.001645691488037993
2011,E09000009,339314,165308,312,135612,0.0023006813556322447,780.6533935049995,female,15-19,9027,0.026603676830310567,6.120658327476106e-05,0.0018873859704309531,5.021140641140717e-05
2011,E09000009,339314,165308,312,135612,0.0023006813556322447,780.6533935049995,male,15-19,9819,0.028937798027785473,6.657665239557758e-05,0.0018873859704309531,5.4616794012806805e-05
2011,E09000010,313935,165308,223,122444,0.0018212407304563718,571.7512087158211,female,15-19,9979,0.03178683485434883,5.789147832903032e-05,0.0013489970237375083,4.288034561255226e-05
2011,E09000010,313935,165308,223,122444,0.0018212407304563718,571.7512087158211,male,15-19,10711,0.03411852772070652,6.213805234815551e-05,0.0013489970237375083,4.6025792349538765e-05
2011,E09000011,255483,165308,5537,32537,0.1701754925162123,43476.94535451947,female,15-19,7813,0.030581291123088425,0.005204186278653244,0.033495051661141625,0.0010243219260322586
2011,E09000011,255483,165308,5537,32537,0.1701754925162123,43476.94535451947,male,15-19,8187,0.03204518500252463,0.005453305140577769,0.033495051661141625,0.0010733551271504033
2011,E09000012,247182,165308,409,88435,0.004624865720585741,1143.1835585458246,female,15-19,6909,0.02795106439789305,0.0001292699195877001,0.00247416942918673,6.915566904649657e-05
2011,E09000012,247182,165308,409,88435,0.004624865720585741,1143.1835585458246,male,15-19,6490,0.02625595714898334,0.00012143027617950117,0.00247416942918673,6.496168651205135e-05
2011,E09000013,182445,165308,389,63620,0.006114429424709211,1115.5470763910719,female,15-19,3856,0.021135136616514567,0.00012922930122326575,0.0023531831490309,4.973484733844803e-05
2011,E09000013,182445,165308,389,63620,0.006114429424709211,1115.5470763910719,male,15-19,3888,0.021310531941132943,0.00013030174355706877,0.0023531831490309,5.01475846607588e-05
2011,E09000014,255540,165308,300,94034,0.003190335410596167,815.2583108237445,female,15-19,7076,0.027690381153635438,8.834160352734789e-05,0.001814794202337455,5.025234317813192e-05
2011,E09000014,255540,165308,300,94034,0.003190335410596167,815.2583108237445,male,15-19,7269,0.028445644517492367,9.075114698138663e-05,0.001814794202337455,5.162299075209736e-05
2011,E09000015,240499,165308,72,85681,0.0008403263267235443,202.09764125068568,female,15-19,7195,0.02991696431170192,2.5140012726771842e-05,0.0004355506085609892,1.3030352012259166e-05
2011,E09000015,240499,165308,72,85681,0.0008403263267235443,202.09764125068568,male,15-19,8181,0.0340167734585175,2.858519028738297e-05,0.0004355506085609892,1.4816026381138603e-05
2011,E09000016,237927,165308,101,84891,0.0011897609876194179,283.07626250132523,female,15-19,7566,0.03179966964657227,3.783400636467705e-05,0.0006109807147869432,1.9428984890651386e-05
2011,E09000016,237927,165308,101,84891,0.0011897609876194179,283.07626250132523,male,15-19,7865,0.03305635762229592,3.9329164691803464e-05,0.0006109807147869432,2.0196797008323177e-05
2011,E09000017,275499,165308,102,107741,0.0009467148068052088,260.8189825600282,female,15-19,8965,0.03254095296171674,3.080700199640905e-05,0.0006170300287947347,2.0078745142976188e-05
2011,E09000017,275499,165308,102,107741,0.0009467148068052088,260.8189825600282,male,15-19,9768,0.035455664085895046,3.356640217522851e-05,0.0006170300287947347,2.187720943185626e-05
2011,E09000018,254927,165308,214,93861,0.002279967185519012,581.2251947028052,female,15-19,7088,0.02780403801872693,6.339229430762045e-05,0.0012945531976673846,3.599380632520848e-05
2011,E09000018,254927,165308,214,93861,0.002279967185519012,581.2251947028052,male,15-19,7596,0.029796765348511535,6.793564722921627e-05,0.0012945531976673846,3.8573497862060326e-05
2011,E09000019,206285,165308,347,78519,0.004419312523083585,911.6378838242973,female,15-19,5261,0.025503550912572413,0.00011270816193103106,0.0020991119607036562,5.35348087609954e-05
2011,E09000019,206285,165308,347,78519,0.004419312523083585,911.6378838242973,male,15-19,5148,0.024955765082289066,0.00011028732515129212,0.0020991119607036562,5.238494497274364e-05
2011,E09000020,158251,165308,366,50701,0.007218792528746967,1142.3811364667363,female,15-19,3146,0.01987981118602726,0.00014350823246259397,0.002214048926851695,4.4014874622437973e-05
2011,E09000020,158251,165308,366,50701,0.007218792528746967,1142.3811364667363,male,15-19,3263,0.020619143006995216,0.00014884531548806234,0.002214048926851695,4.565179144723939e-05
2011,E09000021,160436,165308,240,51416,0.004667807686323323,748.8843939629687,female,15-19,4809,0.029974569298661147,0.00013991552496652162,0.001451835361869964,4.351813966461802e-05
2011,E09000021,160436,165308,240,51416,0.004667807686323323,748.8843939629687,male,15-19,4732,0.029494627141040664,0.0001376752472741901,0.001451835361869964,4.2821342668532434e-05
2011,E09000022,304481,165308,39410,108324,0.36381595952882095,110775.04717329494,female,15-19,7005,0.02300636164489738,0.008370081537105405,0.23840346504706367,0.005484796334269399
2011,E09000022,304481,165308,39410,108324,0.36381595952882095,110775.04717329494,male,15-19,7142,0.023456307618537776,0.008533779063241514,0.23840346504706367,0.005592065013469244
2011,E09000023,276938,165308,22020,112394,0.19591793156218304,54257.12013096784,female,15-19,8080,0.029176205504481148,0.005716141833271126,0.1332058944515692,0.003886442550927208
2011,E09000023,276938,165308,22020,112394,0.19591793156218304,54257.12013096784,male,15-19,7990,0.028851223017426285,0.005652471936613403,0.1332058944515692,0.003843152968057969
2011,E09000024,200543,165308,921,75416,0.01221226264983558,2449.0837885859764,female,15-19,4905,0.0244585949148063,0.00029869478514554744,0.005571418201175986,0.00013626906088354225
2011,E09000024,200543,165308,921,75416,0.01221226264983558,2449.0837885859764,male,15-19,5633,0.028088739073415678,0.0003430270590672515,0.005571418201175986,0.00015649411212171122
2011,E09000025,310460,165308,426,112342,0.0037919923091986967,1177.2619323138274,female,15-19,10017,0.032265026090317596,0.00012234873079057962,0.002577007767319186,8.314722284750463e-05
2011,E09000025,310460,165308,426,112342,0.0037919923091986967,1177.2619323138274,male,15-19,10324,0.03325388133737035,0.00012609846228231445,0.002577007767319186,8.569551049991392e-05
2011,E09000026,281395,165308,222,102662,0.002162435954881066,608.4986655237576,female,15-19,8824,0.03135805540254802,6.78097864776223e-05,0.0013429477097297166,4.2112228684429425e-05
2011,E09000026,281395,165308,222,102662,0.002162435954881066,608.4986655237576,male,15-19,9376,0.03331971072691412,7.205174048211544e-05,0.0013429477097297166,4.474662920956599e-05
2011,E09000027,187527,165308,203,62176,0.0032649253731343282,612.2616604477612,female,15-19,4641,0.024748436225183572,8.08017973769986e-05,0.0012280107435816779,3.0391345571371412e-05
2011,E09000027,187527,165308,203,62176,0.0032649253731343282,612.2616604477612,male,15-19,4517,0.024087198110138805,7.864290427750543e-05,0.0012280107435816779,2.957933806203074e-05
2011,E09000028,288717,165308,48341,102300,0.47254154447702834,136430.7770967742,female,15-19,7871,0.02726199011488759,0.012882422914406461,0.2924298884506497,0.007972220728239292
2011,E09000028,288717,165308,48341,102300,0.47254154447702834,136430.7770967742,male,15-19,7728,0.026766695414540884,0.012648375591733341,0.2924298884506497,0.007827381754266708
2011,E09000029,191123,165308,522,74422,0.007014054983741367,1340.5472306576012,female,15-19,5659,0.02960920454367083,0.0002076805886941519,0.0031577419120671717,9.349822617051911e-05
2011,E09000029,191123,165308,522,74422,0.007014054983741367,1340.5472306576012,male,15-19,6023,0.031513737226812055,0.00022103908565203692,0.0031577419120671717,9.951224884697591e-05
2011,E09000030,256012,165308,312,76079,0.004101000276028864,1049.9052826667016,female,15-19,7006,0.027365904723216098,0.00011222758282368881,0.0018873859704309531,5.165002464274822e-05
2011,E09000030,256012,165308,312,76079,0.004101000276028864,1049.9052826667016,male,15-19,7193,0.028096339234098402,0.00011522309495443816,0.0018873859704309531,5.302863649090608e-05
2011,E09000031,259742,165308,333,98132,0.0033933884971263195,881.4055150205845,female,15-19,7489,0.02883245682253929,9.783972732549609e-05,0.002014421564594575,5.808072278356512e-05
2011,E09000031,259742,165308,333,98132,0.0033933884971263195,881.4055150205845,male,15-19,7896,0.03039939632404463,0.00010315696180559717,0.002014421564594575,6.123719950581256e-05
2011,E09000032,307710,165308,2574,105396,0.024422179209837185,7514.948764659,female,15-19,6359,0.020665561730200514,0.0005046980520469099,0.015570934256055362,0.00032178210306540593
2011,E09000032,307710,165308,2574,105396,0.024422179209837185,7514.948764659,male,15-19,5937,0.019294140586916253,0.0004712049591134619,0.015570934256055362,0.0003004277946059624
2011,E09000033,219582,165308,836,72308,0.011561652929136471,2538.7308734856447,female,15-19,4693,0.021372425790820743,0.0002471005692471945,0.005057226510513707,0.00010808519830332555
2011,E09000033,219582,165308,836,72308,0.011561652929136471,2538.7308734856447,male,15-19,5135,0.023385341239263693,0.000270373199037789,0.005057226510513707,0.00011826496767261382
2011,E06000033,174274,165308,107,64508,0.001658708997333664,289.069851801327,female,20-24,4964,0.028483881703524335,4.724647086062355e-05,0.0006472765988336923,1.8436950070638468e-05
2011,E06000033,174274,165308,107,64508,0.001658708997333664,289.069851801327,male,20-24,4848,0.027818263194739318,4.6142403451310026e-05,0.0006472765988336923,1.8006110786151347e-05
2011,E06000034,158268,165308,159,53689,0.0029615004935834156,468.71076011846003,female,20-24,4877,0.030814820431167386,9.125810591658654e-05,0.0009618409272388511,2.963895545621273e-05
2011,E06000034,158268,165308,159,53689,0.0029615004935834156,468.71076011846003,male,20-24,4847,0.030625268531857357,9.069674787322021e-05,0.0009618409272388511,2.9456636681620488e-05
2011,E06000035,264885,165308,1714,99212,0.017276135951296213,4576.189271459098,female,20-24,9449,0.03567208411197312,0.0006162757747845213,0.010368524209354659,0.000369866867713129
2011,E06000035,264885,165308,1714,99212,0.017276135951296213,4576.189271459098,male,20-24,9915,0.03743133812786681,0.0006466688863359645,0.010368524209354659,0.0003881077355673271
2011,E06000038,155339,165308,10,47360,0.00021114864864864866,32.799619932432435,female,20-24,7395,0.047605559453839666,1.0051849546841147e-05,6.049314007791517e-05,2.8798097765286416e-06
2011,E06000038,155339,165308,10,47360,0.00021114864864864866,32.799619932432435,male,20-24,7131,0.04590605063763768,9.693000556933633e-06,6.049314007791517e-05,2.7770011516464834e-06
2011,E06000039,140713,165308,8,54239,0.0001474953446781836,20.754512435701248,female,20-24,4752,0.033770866941931446,4.981045659681255e-06,4.839451206233213e-05,1.6343246275767147e-06
2011,E06000039,140713,165308,8,54239,0.0001474953446781836,20.754512435701248,male,20-24,4647,0.033024667230462004,4.870984676039309e-06,4.839451206233213e-05,1.598212656639098e-06
2011,E06000042,249895,165308,14,88445,0.00015829046299960426,39.555995251286106,female,20-24,7071,0.028295884271393984,4.478968622302174e-06,8.469039610908124e-05,2.396389647201078e-06
2011,E06000042,249895,165308,14,88445,0.00015829046299960426,39.555995251286106,male,20-24,6827,0.027319474179155246,4.324412216724217e-06,8.469039610908124e-05,2.313697089724475e-06
2011,E06000043,272952,165308,253,87037,0.002906809747578616,793.4195342210784,female,20-24,14418,0.0528224742811923,0.00015354488313179052,0.0015304764439712537,8.084355259964219e-05
2011,E06000043,272952,165308,253,87037,0.002906809747578616,793.4195342210784,male,20-24,13946,0.051093232509745304,0.0001485183062946283,0.0015304764439712537,7.819698880251145e-05
2011,E06000044,205433,165308,17,68264,0.0002490331653580218,51.15963025899449,female,20-24,10656,0.051870926287402704,1.2917580963404515e-05,0.00010283833813245579,5.3343198567876084e-06
2011,E06000044,205433,165308,17,68264,0.0002490331653580218,51.15963025899449,male,20-24,12654,0.06159672496629071,1.5339627394042863e-05,0.00010283833813245579,6.334504829935286e-06
2011,E06000047,512994,165308,10,231893,4.3123337056314764e-05,22.122013169867135,female,20-24,17506,0.034125155459907915,1.4715905809967491e-06,6.049314007791517e-05,2.064337809416841e-06
2011,E06000047,512994,165308,10,231893,4.3123337056314764e-05,22.122013169867135,male,20-24,17800,0.034698261578108125,1.4963048293009328e-06,6.049314007791517e-05,2.0990067981046366e-06
2011,E06000060,506550,165308,25,163754,0.00015266802642988872,77.33398878806014,female,20-24,13054,0.025770407659658472,3.934317277693747e-06,0.00015123285019478792,3.8973322010517446e-06
2011,E06000060,506550,165308,25,163754,0.00015266802642988872,77.33398878806014,male,20-24,12958,0.025580890336590664,3.905384042006709e-06,0.00015123285019478792,3.868670956122914e-06
2011,E07000008,122725,165308,24,34511,0.000695430442467619,85.34670105183854,female,20-24,8328,0.06785903442656345,4.719123833669041e-05,0.0001451835361869964,9.852014580283608e-06
2011,E07000008,122725,165308,24,34511,0.000695430442467619,85.34670105183854,male,20-24,9690,0.07895701772255041,5.4909113770716866e-05,0.0001451835361869964,1.1463259039739213e-05
2011,E07000061,99308,165308,203,40047,0.0050690438734486976,503.3966089844433,female,20-24,3019,0.03040037056430499,0.00015410081215956034,0.0012280107435816779,3.733198166183073e-05
2011,E07000061,99308,165308,203,40047,0.0050690438734486976,503.3966089844433,male,20-24,3060,0.03081322753453901,0.00015619360225513568,0.0012280107435816779,3.783897445684068e-05
2011,E07000062,90173,165308,190,36006,0.005276898294728657,475.8337499305672,female,20-24,2991,0.03316957404101006,0.0001750324686938819,0.0011493696614803882,3.81241020869644e-05
2011,E07000062,90173,165308,190,36006,0.005276898294728657,475.8337499305672,male,20-24,2783,0.030862896876005012,0.00016286036789537724,0.0011493696614803882,3.547287733467801e-05
2011,E07000063,97584,165308,120,35106,0.003418219107844813,333.56349341992825,female,20-24,2237,0.02292383997376619,7.835870782350433e-05,0.000725917680934982,1.6640820751880993e-05
2011,E07000063,97584,165308,120,35106,0.003418219107844813,333.56349341992825,male,20-24,2471,0.02532177406132153,8.65553719409384e-05,0.000725917680934982,1.8381523503754105e-05
2011,E07000064,90729,165308,226,36720,0.0061546840958605666,558.4083333333333,female,20-24,1766,0.019464559291957367,0.00011979821350714502,0.0013671449657608828,2.6610874246753727e-05
2011,E07000064,90729,165308,226,36720,0.0061546840958605666,558.4083333333333,male,20-24,1892,0.020853310407918085,0.00012834553791365706,0.0013671449657608828,2.850949834363423e-05
2011,E07000065,149415,165308,638,56293,0.011333558346508447,1693.4036203435596,female,20-24,3112,0.020827895458956597,0.00023605416841906293,0.0038594623369709873,8.038447808221204e-05
2011,E07000065,149415,165308,638,56293,0.011333558346508447,1693.4036203435596,male,20-24,3223,0.021570792758424523,0.00024447383830804623,0.0038594623369709873,8.325166222974595e-05
2011,E07000066,174971,165308,111,62378,0.0017794735323351182,311.356263426208,female,20-24,5029,0.028741905801532824,5.1145460642696844e-05,0.0006714738548648583,1.929943828471788e-05
2011,E07000066,174971,165308,111,62378,0.0017794735323351182,311.356263426208,male,20-24,5139,0.029370581410633763,5.226417224951662e-05,0.0006714738548648583,1.9721577519420398e-05
2011,E07000067,147514,165308,9,48494,0.00018558996989318267,27.377118818822947,female,20-24,3994,0.02707539623357783,5.024921971835701e-06,5.444382607012365e-05,1.4740881633205922e-06
2011,E07000067,147514,165308,9,48494,0.00018558996989318267,27.377118818822947,male,20-24,3944,0.02673644535433925,4.962016088362545e-06,5.444382607012365e-05,1.4556343806050116e-06
2011,E07000068,73841,165308,36,24621,0.0014621664432801268,107.96783233824785,female,20-24,1773,0.024011050771251742,3.5108152705619705e-05,0.0002177753042804946,5.2290138878037524e-06
2011,E07000068,73841,165308,36,24621,0.0014621664432801268,107.96783233824785,male,20-24,1867,0.02528405628309476,3.6969498647147206e-05,0.0002177753042804946,5.506243050496112e-06
2011,E07000069,87964,165308,11,33361,0.00032972632714846676,29.00404664128773,female,20-24,2270,0.025806011550179617,8.508921406791637e-06,6.654245408570669e-05,1.7171953387130436e-06
2011,E07000069,87964,165308,11,33361,0.00032972632714846676,29.00404664128773,male,20-24,2505,0.028477559001409667,9.389800935688568e-06,6.654245408570669e-05,1.8949666623243059e-06
2011,E07000071,173614,165308,8,59731,0.00013393380321775962,23.25278331184812,female,20-24,6886,0.03966270001267179,5.3121762585822155e-06,4.839451206233213e-05,1.9194570141879055e-06
2011,E07000071,173614,165308,8,59731,0.00013393380321775962,23.25278331184812,male,20-24,7302,0.04205882014123285,5.6330977403670255e-06,4.839451206233213e-05,2.0354160786523506e-06
2011,E07000072,124880,165308,22,48938,0.00044954840818995463,56.13960521476153,female,20-24,3359,0.02689782190903267,1.2091873022982524e-05,0.00013308490817141337,3.579694158774644e-06
2011,E07000072,124880,165308,22,48938,0.00044954840818995463,56.13960521476153,male,20-24,3359,0.02689782190903267,1.2091873022982524e-05,0.00013308490817141337,3.579694158774644e-06
2011,E07000073,82177,165308,9,34960,0.0002574370709382151,21.155406178489702,female,20-24,2518,0.030641176971658735,7.888174849683312e-06,5.444382607012365e-05,1.6682229096288662e-06
2011,E07000073,82177,165308,9,34960,0.0002574370709382151,21.155406178489702,male,20-24,2358,0.02869416016646994,7.3869405462880275e-06,5.444382607012365e-05,1.5622198653315596e-06
2011,E07000074,61720,165308,8,20947,0.0003819162648589297,23.57187186709314,female,20-24,1369,0.022180816591056383,8.471214623977232e-06,4.839451206233213e-05,1.0734297960682548e-06
2011,E07000074,61720,165308,8,20947,0.0003819162648589297,23.57187186709314,male,20-24,1520,0.02462734931950745,9.40558526548239e-06,4.839451206233213e-05,1.1918285537061704e-06
2011,E07000075,83333,165308,13,29337,0.00044312642737839587,36.92705457272386,female,20-24,1984,0.02380809523238093,1.054999618300958e-05,7.864108210128971e-05,1.8722943718449927e-06
2011,E07000075,83333,165308,13,29337,0.00044312642737839587,36.92705457272386,male,20-24,2134,0.02560810243240973,1.1347626942813733e-05,7.864108210128971e-05,2.0138488858453705e-06
2011,E07000085,116010,165308,9,39594,0.0002273071677526898,26.369904530989544,female,20-24,2574,0.022187742435996898,5.043432891952621e-06,5.444382607012365e-05,1.2079855900741168e-06
2011,E07000085,116010,165308,9,39594,0.0002273071677526898,26.369904530989544,male,20-24,2848,0.024549607792431687,5.5803018167370106e-06,5.444382607012365e-05,1.336574576740903e-06
2011,E07000095,93702,165308,9,36221,0.00024847464178239144,23.282570884293644,female,20-24,2782,0.029689867879020726,7.377179285806205e-06,5.444382607012365e-05,1.6164300028503553e-06
2011,E07000095,93702,165308,9,36221,0.00024847464178239144,23.282570884293644,male,20-24,2808,0.029967343279759237,7.446124886608132e-06,5.444382607012365e-05,1.6315368253069006e-06
2011,E07000103,90653,165308,10,32552,0.0003072007864340133,27.848672892602604,female,20-24,2864,0.03159299747388393,9.705393669784938e-06,6.049314007791517e-05,1.9111596216688807e-06
2011,E07000103,90653,165308,10,32552,0.0003072007864340133,27.848672892602604,male,20-24,2815,0.03105247482157237,9.539344685909428e-06,6.049314007791517e-05,1.878461709147311e-06
2011,E07000105,118405,165308,683,38958,0.0175317008059962,2075.8410339339803,female,20-24,3154,0.026637388623791225,0.00046699872760535465,0.004131681467321606,0.00011005720491476157
2011,E07000105,118405,165308,683,38958,0.0175317008059962,2075.8410339339803,male,20-24,3085,0.026054642962712725,0.00045678220502933393,0.004131681467321606,0.00010764948546672145
2011,E07000106,150600,165308,838,52154,0.01606779921003183,2419.8105610307935,female,20-24,8436,0.05601593625498008,0.0009000528163069623,0.005069325138529291,0.0002839629938156248
2011,E07000106,150600,165308,838,52154,0.01606779921003183,2419.8105610307935,male,20-24,8135,0.05401726427622842,0.0008679385562656635,0.005069325138529291,0.00027383107571006494
2011,E07000107,97604,165308,1205,33838,0.03561085170518352,3475.761569832732,female,20-24,3169,0.032467931642145814,0.0011562106988824903,0.007289423379388777,0.00023667249999265435
2011,E07000107,97604,165308,1205,33838,0.03561085170518352,3475.761569832732,male,20-24,2964,0.030367607884922748,0.0010814163810311458,0.007289423379388777,0.00022136235089246684
2011,E07000108,111718,165308,643,40077,0.016044115078473937,1792.4164483369514,female,20-24,2860,0.025600171861293614,0.0004107321033713051,0.003889708907009945,9.957721650985914e-05
2011,E07000108,111718,165308,643,40077,0.016044115078473937,1792.4164483369514,male,20-24,2969,0.026575842746916344,0.0004263858793389527,0.003889708907009945,0.00010337229224397614
2011,E07000109,101766,165308,1146,35711,0.032090952367617824,3265.7678586429956,female,20-24,3212,0.031562604406186745,0.0010128740345969032,0.006932513852929078,0.00021880819228040996
2011,E07000109,101766,165308,1146,35711,0.032090952367617824,3265.7678586429956,male,20-24,3207,0.03151347208301397,0.0010112973315542554,0.006932513852929078,0.0002184675817693881
2011,E07000110,155764,165308,1006,47534,0.02116379854419994,3296.5579164387595,female,20-24,4106,0.026360391361290158,0.0005578860123166133,0.006085609891838265,0.00016041905842099533
2011,E07000110,155764,165308,1006,47534,0.02116379854419994,3296.5579164387595,male,20-24,4431,0.028446881179219844,0.0006020440624878016,0.006085609891838265,0.00017311662149620805
2011,E07000111,115351,165308,1493,33141,0.045049938143085604,5196.555414743068,female,20-24,2633,0.022825983303135646,0.0010283091358613656,0.009031625813632734,0.00020615574002214967
2011,E07000111,115351,165308,1493,33141,0.045049938143085604,5196.555414743068,male,20-24,2645,0.0229300136106319,0.001032995694779078,0.009031625813632734,0.00020709530283273298
2011,E07000112,108199,165308,674,39104,0.017236088379705403,1864.927526595745,female,20-24,3015,0.027865322230334846,0.00048028915669102106,0.004077237641251482,0.00011361354068312292
2011,E07000112,108199,165308,674,39104,0.017236088379705403,1864.927526595745,male,20-24,3209,0.029658314771855564,0.0005111933346008248,0.004077237641251482,0.00012092399736389435
2011,E07000113,136324,165308,898,51193,0.017541460746586447,2391.322094817651,female,20-24,3810,0.02794812358792289,0.0004902509128582961,0.005432283978996782,0.00015182214400969555
2011,E07000113,136324,165308,898,51193,0.017541460746586447,2391.322094817651,male,20-24,3993,0.029290513776004227,0.0005137983976491277,0.005432283978996782,0.00015911438872197228
2011,E07000114,134402,165308,826,52563,0.015714475962178717,2112.056998268744,female,20-24,3687,0.02743262749066234,0.00043108936528141645,0.004996733370435793,0.00013707352522132683
2011,E07000114,134402,165308,826,52563,0.015714475962178717,2112.056998268744,male,20-24,3706,0.02757399443460663,0.0004333108727238756,0.004996733370435793,0.0001377798981476098
2011,E07000115,121087,165308,974,37881,0.025712098413452653,3113.4008605897416,female,20-24,2894,0.02390017095146465,0.0006145235476024014,0.005892031843588937,0.00014082056831324902
2011,E07000115,121087,165308,974,37881,0.025712098413452653,3113.4008605897416,male,20-24,2930,0.024197477846507057,0.0006221679317467299,0.005892031843588937,0.00014257231000615745
2011,E07000116,115246,165308,906,38118,0.023768298441681095,2739.2013222099795,female,20-24,2737,0.023749197369106086,0.000564478010819301,0.005480678491059114,0.0001301617152007774
2011,E07000116,115246,165308,906,38118,0.023768298441681095,2739.2013222099795,male,20-24,2769,0.024026864272946567,0.000571077680657159,0.005480678491059114,0.00013168351822833493
2011,E07000130,165876,165308,8,46529,0.00017193578198542844,28.520019772614926,female,20-24,7283,0.04390629144662278,7.5490625539552154e-06,4.839451206233213e-05,2.124823551025856e-06
2011,E07000130,165876,165308,8,46529,0.00017193578198542844,28.520019772614926,male,20-24,8929,0.05382936651474596,9.255194225493082e-06,4.839451206233213e-05,2.6050459271055707e-06
2011,E07000178,150245,165308,18,41750,0.0004311377245508982,64.77628742514969,female,20-24,10942,0.07282771473260341,3.1398775214056556e-05,0.0001088876521402473,7.930038867972883e-06
2011,E07000178,150245,165308,18,41750,0.0004311377245508982,64.77628742514969,male,20-24,11438,0.07612898931744817,3.282207922668424e-05,0.0001088876521402473,8.2895069065869e-06
2011,E07000200,87901,165308,10,31239,0.0003201126796632415,28.13822465507859,female,20-24,1858,0.021137415956587524,6.766354863019791e-06,6.049314007791517e-05,1.2786686643470084e-06
2011,E07000200,87901,165308,10,31239,0.0003201126796632415,28.13822465507859,male,20-24,2066,0.023503714405979453,7.523837000537615e-06,6.049314007791517e-05,1.4218134879122278e-06
2011,E07000207,131428,165308,94,42682,0.0022023335363853614,289.44829202005525,female,20-24,2530,0.01925008369601607,4.239510490196126e-05,0.0005686355167324026,1.0946281289626096e-05
2011,E07000207,131428,165308,94,42682,0.0022023335363853614,289.44829202005525,male,20-24,2533,0.01927290988221688,4.244537577733908e-05,0.0005686355167324026,1.0959261069811424e-05
2011,E07000208,75191,165308,63,24986,0.0025214119907148004,189.58748899383656,female,20-24,2207,0.029351917117740156,7.400827577113703e-05,0.00038110678249086554,1.1186214692680511e-05
2011,E07000208,75191,165308,63,24986,0.0025214119907148004,189.58748899383656,male,20-24,1919,0.02552167147663949,6.435064848428272e-05,0.00038110678249086554,9.726482100250974e-06
2011,E07000209,137580,165308,31,46466,0.0006671544785434512,91.78711315800801,female,20-24,5481,0.03983863933711295,2.657852665283221e-05,0.00018752873424153702,7.470889608793897e-06
2011,E07000209,137580,165308,31,46466,0.0006671544785434512,91.78711315800801,male,20-24,6063,0.04406890536415176,2.9400767578201367e-05,0.00018752873424153702,8.264186042349462e-06
2011,E07000210,85637,165308,54,29167,0.0018514074124867145,158.54897658312478,female,20-24,1754,0.020481801090650068,3.792015836030801e-05,0.0003266629564207419,6.690645697093327e-06
2011,E07000210,85637,165308,54,29167,0.0018514074124867145,158.54897658312478,male,20-24,1810,0.02113572404451347,3.913083616428592e-05,0.0003266629564207419,6.90425810247373e-06
2011,E07000211,138375,165308,168,49074,0.0034234013938134245,473.7131678689326,female,20-24,3370,0.024354110207768745,8.337389483036127e-05,0.0010162847533089748,2.4750710884561844e-05
2011,E07000211,138375,165308,168,49074,0.0034234013938134245,473.7131678689326,male,20-24,3608,0.026074074074074072,8.926202152757966e-05,0.0010162847533089748,2.6498683938130305e-05
2011,E07000212,80501,165308,9,27370,0.0003288271830471319,26.470917062477163,female,20-24,3764,0.0467571831405821,1.537503281933646e-05,5.444382607012365e-05,2.54563994643477e-06
2011,E07000212,80501,165308,9,27370,0.0003288271830471319,26.470917062477163,male,20-24,3270,0.040620613408529085,1.3357161880773173e-05,5.444382607012365e-05,2.21154161127569e-06
2011,E07000213,95852,165308,38,34747,0.0010936195930583935,104.82562523383314,female,20-24,2600,0.02712515127488211,2.9664596898883937e-05,0.00022987393229607762,6.235365187683114e-06
2011,E07000213,95852,165308,38,34747,0.0010936195930583935,104.82562523383314,male,20-24,2559,0.0266974085047782,2.919680902470923e-05,0.00022987393229607762,6.137038275108111e-06
2011,E07000214,86378,165308,31,33770,0.0009179745336097127,79.29280426413976,female,20-24,2021,0.02339716131422353,2.147799824521556e-05,0.00018752873424153702,4.387640046101395e-06
2011,E07000214,86378,165308,31,33770,0.0009179745336097127,79.29280426413976,male,20-24,2199,0.025457871217208085,2.336967745731272e-05,0.00018752873424153702,4.77408236584709e-06
2011,E07000215,83178,165308,347,29248,0.0118640590809628,986.8287062363238,female,20-24,1942,0.023347519776864074,0.0002769963540266628,0.0020991119607036562,4.9009058016380536e-05
2011,E07000215,83178,165308,347,29248,0.0118640590809628,986.8287062363238,male,20-24,2032,0.024429536656327393,0.00028983346621121463,0.0020991119607036562,5.128033258974524e-05
2011,E07000216,121754,165308,16,43976,0.00036383481899217757,44.298344551573585,female,20-24,2491,0.02045928675854592,7.44380089450461e-06,9.678902412466426e-05,1.980234399646325e-06
2011,E07000216,121754,165308,16,43976,0.00036383481899217757,44.298344551573585,male,20-24,2585,0.02123133531547218,7.724699041467048e-06,9.678902412466426e-05,2.054960226048073e-06
2011,E07000217,99493,165308,25,33858,0.0007383779313603875,73.46343552483903,female,20-24,2531,0.025438975606324063,1.878357818412492e-05,0.00015123285019478792,3.847208786980071e-06
2011,E07000217,99493,165308,25,33858,0.0007383779313603875,73.46343552483903,male,20-24,2441,0.024534389354024907,1.8115651658415223e-05,0.00015123285019478792,3.7104056297978484e-06
2011,E07000223,61334,165308,37,24872,0.0014876165969765198,91.24147635895787,female,20-24,1484,0.024195389180552387,3.599346251529585e-05,0.00022382461828828612,5.4155237476736656e-06
2011,E07000223,61334,165308,37,24872,0.0014876165969765198,91.24147635895787,male,20-24,1468,0.023934522450842925,3.5605392838581064e-05,0.00022382461828828612,5.357135351472332e-06
2011,E07000224,149811,165308,31,61570,0.0005034919603703102,75.42863407503654,female,20-24,3743,0.024984814199224357,1.2579653080655433e-05,0.00018752873424153702,4.685370582040525e-06
2011,E07000224,149811,165308,31,61570,0.0005034919603703102,75.42863407503654,male,20-24,3735,0.024931413581112203,1.2552766298757158e-05,0.00018752873424153702,4.675356431718237e-06
2011,E07000225,113995,165308,8,44206,0.0001809709089263901,20.62977876306384,female,20-24,3124,0.02740471073292688,4.959455410202576e-06,4.839451206233213e-05,1.3262376041293527e-06
2011,E07000225,113995,165308,8,44206,0.0001809709089263901,20.62977876306384,male,20-24,3191,0.027992455809465328,5.065820170920749e-06,4.839451206233213e-05,1.3546812403254689e-06
2011,E07000226,107053,165308,93,37608,0.0024728781110402043,264.729020421187,female,20-24,3469,0.032404509915649256,8.01324032693943e-05,0.000562586202724611,1.823033018459712e-05
2011,E07000226,107053,165308,93,37608,0.0024728781110402043,264.729020421187,male,20-24,3282,0.03065771160079587,7.581278395219145e-05,0.000562586202724611,1.7247605553718002e-05
2011,E07000227,131540,165308,61,45394,0.0013437899281843416,176.7621271533683,female,20-24,2687,0.020427246464953627,2.7449928060143882e-05,0.0003690081544752825,7.537820519044277e-06
2011,E07000227,131540,165308,61,45394,0.0013437899281843416,176.7621271533683,male,20-24,2947,0.022403831534134104,3.0106043168308158e-05,0.0003690081544752825,8.267196527585962e-06
2011,E07000228,140188,165308,399,44892,0.008887997861534349,1245.9906442127774,female,20-24,3098,0.02209889576853939,0.00019641493833304856,0.002413676289108815,5.333958073201065e-05
2011,E07000228,140188,165308,399,44892,0.008887997861534349,1245.9906442127774,male,20-24,3325,0.023718149912974006,0.0002108068657060641,0.002413676289108815,5.7247936066473665e-05
2011,E07000229,104998,165308,33,39714,0.0008309412297930201,87.24716724580752,female,20-24,2794,0.026610030667250806,2.2111371607475364e-05,0.00019962736225712004,5.31209023168435e-06
2011,E07000229,104998,165308,33,39714,0.0008309412297930201,87.24716724580752,male,20-24,2696,0.025676679555801062,2.1335811687098632e-05,0.00019962736225712004,5.125767811245887e-06
2011,E07000241,110727,165308,12,36606,0.00032781511227667593,36.2979839370595,female,20-24,5662,0.051134772909949694,1.6762751322717487e-05,7.25917680934982e-05,3.7119635765927623e-06
2011,E07000241,110727,165308,12,36606,0.00032781511227667593,36.2979839370595,male,20-24,5998,0.05416926314268426,1.7757503079063846e-05,7.25917680934982e-05,3.9322425878494155e-06
2011,E07000242,138155,165308,8,44545,0.00017959366932315636,24.81176338534067,female,20-24,3204,0.023191343056711663,4.165018396086952e-06,4.839451206233213e-05,1.122333731299715e-06
2011,E07000242,138155,165308,8,44545,0.00017959366932315636,24.81176338534067,male,20-24,3232,0.02339401396981651,4.201416809036527e-06,4.839451206233213e-05,1.1321418912486513e-06
2011,E08000035,750683,165308,8,281107,2.845891422127517e-05,21.36362310436951,female,20-24,36567,0.04871163993323414,1.3862803824375526e-06,4.839451206233213e-05,2.357376046324879e-06
2011,E08000035,750683,165308,8,281107,2.845891422127517e-05,21.36362310436951,male,20-24,35320,0.047050486024060756,1.3390057458280514e-06,4.839451206233213e-05,2.2769853134299975e-06
2011,E09000001,7412,165308,20,2137,0.009358914365933552,69.36827328029949,female,20-24,270,0.036427415002698325,0.0003409210575825768,0.00012098628015583033,4.407217436869157e-06
2011,E09000001,7412,165308,20,2137,0.009358914365933552,69.36827328029949,male,20-24,270,0.036427415002698325,0.0003409210575825768,0.00012098628015583033,4.407217436869157e-06
2011,E09000002,187029,165308,213,69590,0.0030607845954878574,572.4554821094985,female,20-24,6503,0.034770008929096555,0.00010642350771515398,0.001288503883659593,4.480129154001964e-05
2011,E09000002,187029,165308,213,69590,0.0030607845954878574,572.4554821094985,male,20-24,6565,0.035101508322238795,0.00010743815595109733,0.001288503883659593,4.5228429795514216e-05
2011,E09000003,357538,165308,214,138470,0.001545461110709901,552.5610746009966,female,20-24,12032,0.033652367021127824,5.200842451448945e-05,0.0012945531976673846,4.356477933627746e-05
2011,E09000003,357538,165308,214,138470,0.001545461110709901,552.5610746009966,male,20-24,11655,0.03259793364621383,5.0378838739725274e-05,0.0012945531976673846,4.2199759239055334e-05
2011,E09000004,232774,165308,4151,34157,0.12152706619433791,28288.341306320814,female,20-24,7594,0.03262391847886791,0.003964689100500064,0.025110702446342583,0.0008192095095565895
2011,E09000004,232774,165308,4151,34157,0.12152706619433791,28288.341306320814,male,20-24,7412,0.03184204421456004,0.003869670215025873,0.025110702446342583,0.0007995760975551016
2011,E09000005,312245,165308,417,114282,0.0036488685882291173,1139.3409723316008,female,20-24,11594,0.03713109897676504,0.00013548650070274428,0.0025225639412490624,9.366557137773745e-05
2011,E09000005,312245,165308,417,114282,0.0036488685882291173,1139.3409723316008,male,20-24,12323,0.039465804096142455,0.00014400553287561823,0.0025225639412490624,9.95550143253285e-05
2011,E09000006,310554,165308,10197,36965,0.2758555390234005,85668.04106587311,female,20-24,8286,0.026681350103363668,0.007360198214635447,0.061684854937450094,0.001645835210661307
2011,E09000006,310554,165308,10197,36965,0.2758555390234005,85668.04106587311,male,20-24,7814,0.02516148560314792,0.006940935173685901,0.061684854937450094,0.0015520825894409186
2011,E09000007,220087,165308,382,72962,0.005235602094240838,1152.2879581151833,female,20-24,11482,0.052170278117289984,0.0002731428173680104,0.0023108379509763593,0.00012055705858642519
2011,E09000007,220087,165308,382,72962,0.005235602094240838,1152.2879581151833,male,20-24,10221,0.04644072571301349,0.00024314516080111776,0.0023108379509763593,0.00010731699144851522
2011,E09000008,364815,165308,8115,136880,0.05928550555230859,21628.24170806546,female,20-24,11915,0.03266038951249264,0.0019362877037834435,0.04909018317322816,0.0016033045036772434
2011,E09000008,364815,165308,8115,136880,0.05928550555230859,21628.24170806546,male,20-24,11381,0.031196633910338115,0.0018495082129046888,0.04909018317322816,0.0015314484730466391
2011,E09000009,339314,165308,312,135612,0.0023006813556322447,780.6533935049995,female,20-24,11871,0.03498529385760682,8.04900132995113e-05,0.0018873859704309531,6.603075279825131e-05
2011,E09000009,339314,165308,312,135612,0.0023006813556322447,780.6533935049995,male,20-24,12273,0.03617003719268878,8.321573020174393e-05,0.0018873859704309531,6.826682074744657e-05
2011,E09000010,313935,165308,223,122444,0.0018212407304563718,571.7512087158211,female,20-24,11339,0.03611894181916639,6.578128798204979e-05,0.0013489970237375083,4.872434501460368e-05
2011,E09000010,313935,165308,223,122444,0.0018212407304563718,571.7512087158211,male,20-24,10317,0.032863490850016726,5.9852328081030756e-05,0.0013489970237375083,4.43327513462974e-05
2011,E09000011,255483,165308,5537,32537,0.1701754925162123,43476.94535451947,female,20-24,9743,0.038135609805740496,0.006489746181097984,0.033495051661141625,0.001277354220572417
2011,E09000011,255483,165308,5537,32537,0.1701754925162123,43476.94535451947,male,20-24,10146,0.03971301417315438,0.006758181746219866,0.033495051661141625,0.0013301894613494555
2011,E09000012,247182,165308,409,88435,0.004624865720585741,1143.1835585458246,female,20-24,11185,0.04525005866122938,0.00020927544515681365,0.00247416942918673,0.00011195631180851995
2011,E09000012,247182,165308,409,88435,0.004624865720585741,1143.1835585458246,male,20-24,9932,0.0401809193226044,0.0001858313563967343,0.00247416942918673,9.941440222460617e-05
2011,E09000013,182445,165308,389,63620,0.006114429424709211,1115.5470763910719,female,20-24,8434,0.04622763024473129,0.00028265558260296244,0.0023531831490309,0.00010878208051153285
2011,E09000013,182445,165308,389,63620,0.006114429424709211,1115.5470763910719,male,20-24,8517,0.04668256186796021,0.0002854372299062641,0.0023531831490309,0.00010985261794127641
2011,E09000014,255540,165308,300,94034,0.003190335410596167,815.2583108237445,female,20-24,9288,0.03634656022540503,0.00011595771814047587,0.001814794202337455,6.596152677197419e-05
2011,E09000014,255540,165308,300,94034,0.003190335410596167,815.2583108237445,male,20-24,9260,0.0362369883384206,0.00011560814706942361,0.001814794202337455,6.576267634673567e-05
2011,E09000015,240499,165308,72,85681,0.0008403263267235443,202.09764125068568,female,20-24,7715,0.03207913546418072,2.695694206908197e-05,0.0004355506085609892,1.3972086973534324e-05
2011,E09000015,240499,165308,72,85681,0.0008403263267235443,202.09764125068568,male,20-24,8194,0.034070827737329466,2.8630613520940718e-05,0.0004355506085609892,1.4839569755170479e-05
2011,E09000016,237927,165308,101,84891,0.0011897609876194179,283.07626250132523,female,20-24,7442,0.031278501389081524,3.721394070392897e-05,0.0006109807147869432,1.9110561136165425e-05
2011,E09000016,237927,165308,101,84891,0.0011897609876194179,283.07626250132523,male,20-24,7585,0.03187952607312327,3.792901642559812e-05,0.0006109807147869432,1.9477775627225848e-05
2011,E09000017,275499,165308,102,107741,0.0009467148068052088,260.8189825600282,female,20-24,10900,0.03956457192222113,3.745636606367637e-05,0.0006170300287947347,2.4412528952419455e-05
2011,E09000017,275499,165308,102,107741,0.0009467148068052088,260.8189825600282,male,20-24,11211,0.040693432644038637,3.852507522384181e-05,0.0006170300287947347,2.5109069916107757e-05
2011,E09000018,254927,165308,214,93861,0.002279967185519012,581.2251947028052,female,20-24,8840,0.034676593691527376,7.9061495722258e-05,0.0012945531976673846,4.489069524757942e-05
2011,E09000018,254927,165308,214,93861,0.002279967185519012,581.2251947028052,male,20-24,9556,0.037485240872877336,8.546511913143637e-05,0.0012945531976673846,4.8526638437315495e-05
2011,E09000019,206285,165308,347,78519,0.004419312523083585,911.6378838242973,female,20-24,10787,0.05229173231209249,0.0002310935074605649,0.0020991119607036562,0.00010976620074222721
2011,E09000019,206285,165308,347,78519,0.004419312523083585,911.6378838242973,male,20-24,9361,0.045378965993649566,0.00020054383270031966,0.0020991119607036562,9.525553028163429e-05
2011,E09000020,158251,165308,366,50701,0.007218792528746967,1142.3811364667363,female,20-24,5622,0.03552584185881922,0.00025645368178789043,0.002214048926851695,7.865595204302171e-05
2011,E09000020,158251,165308,366,50701,0.007218792528746967,1142.3811364667363,male,20-24,5570,0.03519724993838901,0.00025408164488768223,0.002214048926851695,7.792843345422107e-05
2011,E09000021,160436,165308,240,51416,0.004667807686323323,748.8843939629687,female,20-24,7108,0.04430427086190132,0.00020680381606613343,0.001451835361869964,6.432250711917341e-05
2011,E09000021,160436,165308,240,51416,0.004667807686323323,748.8843939629687,male,20-24,6454,0.04022787902964422,0.0001877760029390581,0.001451835361869964,5.8404257308264646e-05
2011,E09000022,304481,165308,39410,108324,0.36381595952882095,110775.04717329494,female,20-24,13559,0.04453151428167932,0.016201275597660554,0.23840346504706367,0.010616467308545152
2011,E09000022,304481,165308,39410,108324,0.36381595952882095,110775.04717329494,male,20-24,12412,0.04076444835638349,0.014830756893440726,0.23840346504706367,0.009718385738893902
2011,E09000023,276938,165308,22020,112394,0.19591793156218304,54257.12013096784,female,20-24,10630,0.0383840426377023,0.0075201222385732755,0.1332058944515692,0.005112980732222304
2011,E09000023,276938,165308,22020,112394,0.19591793156218304,54257.12013096784,male,20-24,10056,0.036311376553596834,0.007114049786556243,0.1332058944515692,0.0048368893925896045
2011,E09000024,200543,165308,921,75416,0.01221226264983558,2449.0837885859764,female,20-24,6220,0.031015792124382303,0.0003787729997156585,0.005571418201175986,0.00017280194876567438
2011,E09000024,200543,165308,921,75416,0.01221226264983558,2449.0837885859764,male,20-24,6025,0.030043432081897647,0.0003668982834866306,0.005571418201175986,0.0001673845243268791
2011,E09000025,310460,165308,426,112342,0.0037919923091986967,1177.2619323138274,female,20-24,14170,0.04564195065386845,0.0001730739258562956,0.002577007767319186,0.00011761966135061801
2011,E09000025,310460,165308,426,112342,0.0037919923091986967,1177.2619323138274,male,20-24,18358,0.05913161115763706,0.00022422661474028757,0.002577007767319186,0.00015238262124732854
2011,E09000026,281395,165308,222,102662,0.002162435954881066,608.4986655237576,female,20-24,9094,0.03231756072424883,6.988465528416785e-05,0.0013429477097297166,4.340079415868101e-05
2011,E09000026,281395,165308,222,102662,0.002162435954881066,608.4986655237576,male,20-24,9862,0.035046820305975585,7.578650433389745e-05,0.0013429477097297166,4.7066047063218834e-05
2011,E09000027,187527,165308,203,62176,0.0032649253731343282,612.2616604477612,female,20-24,4637,0.024727105963407936,8.073215566411173e-05,0.0012280107435816779,3.036515178074752e-05
2011,E09000027,187527,165308,203,62176,0.0032649253731343282,612.2616604477612,male,20-24,4402,0.023473953084089224,7.664070503200772e-05,0.0012280107435816779,2.8826266581593827e-05
2011,E09000028,288717,165308,48341,102300,0.47254154447702834,136430.7770967742,female,20-24,14355,0.049719967996342436,0.023494750468340073,0.2924298884506497,0.014539604694940292
2011,E09000028,288717,165308,48341,102300,0.47254154447702834,136430.7770967742,male,20-24,12666,0.04386994877336631,0.02073037334949463,0.2924298884506497,0.012828884226131227
2011,E09000029,191123,165308,522,74422,0.007014054983741367,1340.5472306576012,female,20-24,5473,0.028636009271516247,0.0002008545435453425,0.0031577419120671717,9.042512667101098e-05
2011,E09000029,191123,165308,522,74422,0.007014054983741367,1340.5472306576012,male,20-24,5080,0.026579741841641247,0.00018643177073092272,0.0031577419120671717,8.393196482527604e-05
2011,E09000030,256012,165308,312,76079,0.004101000276028864,1049.9052826667016,female,20-24,15685,0.06126665937534178,0.00025125458700964306,0.0018873859704309531,0.0001156338333601921
2011,E09000030,256012,165308,312,76079,0.004101000276028864,1049.9052826667016,male,20-24,14744,0.05759105041951158,0.00023618091366720925,0.0018873859704309531,0.00010869654058416782
2011,E09000031,259742,165308,333,98132,0.0033933884971263195,881.4055150205845,female,20-24,9993,0.038472792232292045,0.00013055313061339065,0.002014421564594575,7.750042232289574e-05
2011,E09000031,259742,165308,333,98132,0.0033933884971263195,881.4055150205845,male,20-24,10441,0.04019758067620947,0.00013640600787895643,0.002014421564594575,8.097487335868652e-05
2011,E09000032,307710,165308,2574,105396,0.024422179209837185,7514.948764659,female,20-24,12655,0.04112638523284911,0.0010043959504094425,0.015570934256055362,0.0006403762406498996
2011,E09000032,307710,165308,2574,105396,0.024422179209837185,7514.948764659,male,20-24,10102,0.03282961229729291,0.000801770674913962,0.015570934256055362,0.0005111877347329345
2011,E09000033,219582,165308,836,72308,0.011561652929136471,2538.7308734856447,female,20-24,8744,0.039821114663314845,0.00046039790698859336,0.005057226510513707,0.00020138439675352197
2011,E09000033,219582,165308,836,72308,0.011561652929136471,2538.7308734856447,male,20-24,8278,0.03769890063848585,0.0004358616049921747,0.005057226510513707,0.00019065187972617276
2011,E06000033,174274,165308,107,64508,0.001658708997333664,289.069851801327,female,25-29,5735,0.032907949550707506,5.458471200356085e-05,0.0006472765988336923,2.1300545659772686e-05
2011,E06000033,174274,165308,107,64508,0.001658708997333664,289.069851801327,male,25-29,5555,0.031875093243972134,5.2871503954626066e-05,0.0006472765988336923,2.0632001942465088e-05
2011,E06000034,158268,165308,159,53689,0.0029615004935834156,468.71076011846003,female,25-29,5826,0.036810978846008036,0.00010901573202174147,0.0009618409272388511,3.54063060258141e-05
2011,E06000034,158268,165308,159,53689,0.0029615004935834156,468.71076011846003,male,25-29,5353,0.03382237723355321,0.00010016498687133232,0.0009618409272388511,3.253174667974303e-05
2011,E06000035,264885,165308,1714,99212,0.017276135951296213,4576.189271459098,female,25-29,8733,0.032969024293561355,0.0005695773458771536,0.010368524209354659,0.0003418401265465928
2011,E06000035,264885,165308,1714,99212,0.017276135951296213,4576.189271459098,male,25-29,8935,0.03373161938199596,0.0005827520423007406,0.010368524209354659,0.00034974711218296195
2011,E06000038,155339,165308,10,47360,0.00021114864864864866,32.799619932432435,female,25-29,7655,0.04927931813646283,1.040526143084097e-05,6.049314007791517e-05,2.9810606949731914e-06
2011,E06000038,155339,165308,10,47360,0.00021114864864864866,32.799619932432435,male,25-29,7335,0.0472193074501574,9.970292958225803e-06,6.049314007791517e-05,2.856444179964515e-06
2011,E06000039,140713,165308,8,54239,0.0001474953446781836,20.754512435701248,female,25-29,7117,0.05057812710979085,7.460038291235583e-06,4.839451206233213e-05,2.447703782504941e-06
2011,E06000039,140713,165308,8,54239,0.0001474953446781836,20.754512435701248,male,25-29,6279,0.04462274274587281,6.581646821788427e-06,4.839451206233213e-05,2.1594958620694853e-06
2011,E06000042,249895,165308,14,88445,0.00015829046299960426,39.555995251286106,female,25-29,9765,0.03907641209307909,6.185423362576824e-06,8.469039610908124e-05,3.3093968186845603e-06
2011,E06000042,249895,165308,14,88445,0.00015829046299960426,39.555995251286106,male,25-29,9658,0.03864823225754817,6.11764657816354e-06,8.469039610908124e-05,3.273134098807525e-06
2011,E06000043,272952,165308,253,87037,0.002906809747578616,793.4195342210784,female,25-29,11006,0.040322107916410214,0.00011720869633433808,0.0015304764439712537,6.171203633733265e-05
2011,E06000043,272952,165308,253,87037,0.002906809747578616,793.4195342210784,male,25-29,11881,0.043527799759664705,0.0001265270326320435,0.0015304764439712537,6.661827219006442e-05
2011,E06000044,205433,165308,17,68264,0.0002490331653580218,51.15963025899449,female,25-29,8235,0.04008606212244381,9.982758937090483e-06,0.00010283833813245579,4.122384010946505e-06
2011,E06000044,205433,165308,17,68264,0.0002490331653580218,51.15963025899449,male,25-29,8881,0.04323063967327547,1.0765863038287866e-05,0.00010283833813245579,4.4457671404026605e-06
2011,E06000047,512994,165308,10,231893,4.3123337056314764e-05,22.122013169867135,female,25-29,15150,0.029532509152153826,1.27354034628703e-06,6.049314007791517e-05,1.7865142129935532e-06
2011,E06000047,512994,165308,10,231893,4.3123337056314764e-05,22.122013169867135,male,25-29,15355,0.0299321239624635,1.2907730704447094e-06,6.049314007791517e-05,1.8106881676908257e-06
2011,E06000060,506550,165308,25,163754,0.00015266802642988872,77.33398878806014,female,25-29,13897,0.027434606652847696,4.188387253570553e-06,0.00015123285019478792,4.149013758083048e-06
2011,E06000060,506550,165308,25,163754,0.00015266802642988872,77.33398878806014,male,25-29,13537,0.026723916691343403,4.079887619744159e-06,0.00015123285019478792,4.041534089599929e-06
2011,E07000008,122725,165308,24,34511,0.000695430442467619,85.34670105183854,female,25-29,6165,0.05023426359747403,3.493443616062637e-05,0.0001451835361869964,7.293188026830986e-06
2011,E07000008,122725,165308,24,34511,0.000695430442467619,85.34670105183854,male,25-29,7034,0.05731513546547158,3.985869001684442e-05,0.0001451835361869964,8.321214043913894e-06
2011,E07000061,99308,165308,203,40047,0.0050690438734486976,503.3966089844433,female,25-29,2972,0.029927095500865992,0.00015170176009877883,0.0012280107435816779,3.6750794799258335e-05
2011,E07000061,99308,165308,203,40047,0.0050690438734486976,503.3966089844433,male,25-29,3012,0.03032988278889918,0.00015374350653348648,0.0012280107435816779,3.724542191634122e-05
2011,E07000062,90173,165308,190,36006,0.005276898294728657,475.8337499305672,female,25-29,2840,0.031495015137568895,0.00016619599167189052,0.0011493696614803882,3.6199414886987264e-05
2011,E07000062,90173,165308,190,36006,0.005276898294728657,475.8337499305672,male,25-29,2753,0.030530203054129283,0.00016110477643405444,0.0011493696614803882,3.5090489149252086e-05
2011,E07000063,97584,165308,120,35106,0.003418219107844813,333.56349341992825,female,25-29,2150,0.022032300377111003,7.531123013881732e-05,0.000725917680934982,1.599363639541535e-05
2011,E07000063,97584,165308,120,35106,0.003418219107844813,333.56349341992825,male,25-29,2380,0.02438924413838334,8.336778033971403e-05,0.000725917680934982,1.7704583544692336e-05
2011,E07000064,90729,165308,226,36720,0.0061546840958605666,558.4083333333333,female,25-29,1656,0.018252157524055155,0.00011233626362844404,0.0013671449657608828,2.4953345273286622e-05
2011,E07000064,90729,165308,226,36720,0.0061546840958605666,558.4083333333333,male,25-29,1676,0.018472594209128283,0.00011369298178820784,0.0013671449657608828,2.5254714177553368e-05
2011,E07000065,149415,165308,638,56293,0.011333558346508447,1693.4036203435596,female,25-29,2947,0.019723588662450223,0.0002235384429084121,0.0038594623369709873,7.612244759263461e-05
2011,E07000065,149415,165308,638,56293,0.011333558346508447,1693.4036203435596,male,25-29,3240,0.021684569822306998,0.00024576333730005266,0.0038594623369709873,8.369078052261152e-05
2011,E07000066,174971,165308,111,62378,0.0017794735323351182,311.356263426208,female,25-29,5758,0.03290831052002904,5.8559467564257e-05,0.0006714738548648583,2.2097070121973666e-05
2011,E07000066,174971,165308,111,62378,0.0017794735323351182,311.356263426208,male,25-29,5210,0.029776362940144366,5.29862497411912e-05,0.0006714738548648583,1.9994049207273844e-05
2011,E07000067,147514,165308,9,48494,0.00018558996989318267,27.377118818822947,female,25-29,4240,0.028743034559431647,5.3344189185236285e-06,5.444382607012365e-05,1.5648807742812496e-06
2011,E07000067,147514,165308,9,48494,0.00018558996989318267,27.377118818822947,male,25-29,4108,0.027848204238241792,5.168347386154496e-06,5.444382607012365e-05,1.5161627879121164e-06
2011,E07000068,73841,165308,36,24621,0.0014621664432801268,107.96783233824785,female,25-29,1973,0.026719573136875178,3.9068463219508e-05,0.0002177753042804946,5.818863170127921e-06
2011,E07000068,73841,165308,36,24621,0.0014621664432801268,107.96783233824785,male,25-29,1900,0.025730962473422624,3.762294988193877e-05,0.0002177753042804946,5.6035681820796e-06
2011,E07000069,87964,165308,11,33361,0.00032972632714846676,29.00404664128773,female,25-29,2002,0.022759310627074713,7.504343901496413e-06,6.654245408570669e-05,1.5144603824244553e-06
2011,E07000069,87964,165308,11,33361,0.00032972632714846676,29.00404664128773,male,25-29,2147,0.024407712245918783,8.047865312943455e-06,6.654245408570669e-05,1.6241490714611915e-06
2011,E07000071,173614,165308,8,59731,0.00013393380321775962,23.25278331184812,female,25-29,5849,0.03368967940373472,4.5121868917292155e-06,4.839451206233213e-05,1.6303955962801422e-06
2011,E07000071,173614,165308,8,59731,0.00013393380321775962,23.25278331184812,male,25-29,6155,0.035452210075224345,4.748249327849773e-06,4.839451206233213e-05,1.7156924081217772e-06
2011,E07000072,124880,165308,22,48938,0.00044954840818995463,56.13960521476153,female,25-29,3398,0.027210121716848175,1.2232266904464012e-05,0.00013308490817141337,3.6212565500197203e-06
2011,E07000072,124880,165308,22,48938,0.00044954840818995463,56.13960521476153,male,25-29,3224,0.025816784112748237,1.160589420246968e-05,0.00013308490817141337,3.4358243429263027e-06
2011,E07000073,82177,165308,9,34960,0.0002574370709382151,21.155406178489702,female,25-29,3136,0.038161529381700476,9.824192346547606e-06,5.444382607012365e-05,2.077659668227214e-06
2011,E07000073,82177,165308,9,34960,0.0002574370709382151,21.155406178489702,male,25-29,2834,0.03448653516190662,8.878112598889004e-06,5.444382607012365e-05,1.8775789221160476e-06
2011,E07000074,61720,165308,8,20947,0.0003819162648589297,23.57187186709314,female,25-29,1215,0.019685677252106286,7.5182803273428315e-06,4.839451206233213e-05,9.526787452322348e-07
2011,E07000074,61720,165308,8,20947,0.0003819162648589297,23.57187186709314,male,25-29,1252,0.020285158781594297,7.747232073936812e-06,4.839451206233213e-05,9.816903613421877e-07
2011,E07000075,83333,165308,13,29337,0.00044312642737839587,36.92705457272386,female,25-29,1822,0.021864087456349827,9.688554962421098e-06,7.864108210128971e-05,1.7194154967245853e-06
2011,E07000075,83333,165308,13,29337,0.00044312642737839587,36.92705457272386,male,25-29,1916,0.022992091968367875,1.0188403571898366e-05,7.864108210128971e-05,1.8081229921648217e-06
2011,E07000085,116010,165308,9,39594,0.0002273071677526898,26.369904530989544,female,25-29,2442,0.02104990949056116,4.784795307749923e-06,5.444382607012365e-05,1.1460376110959568e-06
2011,E07000085,116010,165308,9,39594,0.0002273071677526898,26.369904530989544,male,25-29,2620,0.022584259977588138,5.1335641712959855e-06,5.444382607012365e-05,1.2295735221422631e-06
2011,E07000095,93702,165308,9,36221,0.00024847464178239144,23.282570884293644,female,25-29,2923,0.031194638321487268,7.75107658246281e-06,5.444382607012365e-05,1.6983554630954668e-06
2011,E07000095,93702,165308,9,36221,0.00024847464178239144,23.282570884293644,male,25-29,2724,0.029070884292757893,7.223377560940368e-06,5.444382607012365e-05,1.5827301681396002e-06
2011,E07000103,90653,165308,10,32552,0.0003072007864340133,27.848672892602604,female,25-29,4159,0.04587823899926092,1.4093831100780573e-05,6.049314007791517e-05,2.7753187383103613e-06
2011,E07000103,90653,165308,10,32552,0.0003072007864340133,27.848672892602604,male,25-29,3816,0.04209458043307999,1.2931488213652e-05,6.049314007791517e-05,2.5464333506593744e-06
2011,E07000105,118405,165308,683,38958,0.0175317008059962,2075.8410339339803,female,25-29,3484,0.029424433089818843,0.0005158603573167583,0.004131681467321606,0.00012157238488364913
2011,E07000105,118405,165308,683,38958,0.0175317008059962,2075.8410339339803,male,25-29,3023,0.02553101642667117,0.0004476021412653732,0.004131681467321606,0.00010548602741196076
2011,E07000106,150600,165308,838,52154,0.01606779921003183,2419.8105610307935,female,25-29,4192,0.027835325365205842,0.0004472524189140334,0.005069325138529291,0.00014110631461297998
2011,E07000106,150600,165308,838,52154,0.01606779921003183,2419.8105610307935,male,25-29,4392,0.029163346613545818,0.0004685907976790159,0.005069325138529291,0.00014783848611169087
2011,E07000107,97604,165308,1205,33838,0.03561085170518352,3475.761569832732,female,25-29,3623,0.03711938035326421,0.0013218527491483945,0.007289423379388777,0.0002705788789755086
2011,E07000107,97604,165308,1205,33838,0.03561085170518352,3475.761569832732,male,25-29,3497,0.035828449653702715,0.0012758816074446412,0.007289423379388777,0.0002611687385529543
2011,E07000108,111718,165308,643,40077,0.016044115078473937,1792.4164483369514,female,25-29,2943,0.026343113911813675,0.0004226519511264863,0.003889708907009945,0.00010246704482115924
2011,E07000108,111718,165308,643,40077,0.016044115078473937,1792.4164483369514,male,25-29,2949,0.026396820566068135,0.00042351362686782467,0.003889708907009945,0.00010267594807257852
2011,E07000109,101766,165308,1146,35711,0.032090952367617824,3265.7678586429956,female,25-29,3381,0.03322327692942633,0.0010661665974383966,0.006932513852929078,0.00023032082755294707
2011,E07000109,101766,165308,1146,35711,0.032090952367617824,3265.7678586429956,male,25-29,3291,0.03233889511231649,0.0010377859426707373,0.006932513852929078,0.0002241898383545545
2011,E07000110,155764,165308,1006,47534,0.02116379854419994,3296.5579164387595,female,25-29,5020,0.0322282427261755,0.0006820720364903553,0.006085609891838265,0.00019612851273097823
2011,E07000110,155764,165308,1006,47534,0.02116379854419994,3296.5579164387595,male,25-29,4690,0.030109653064893042,0.0006372346317011486,0.006085609891838265,0.00018323560253153144
2011,E07000111,115351,165308,1493,33141,0.045049938143085604,5196.555414743068,female,25-29,2546,0.02207176357378783,0.0009943315837079518,0.009031625813632734,0.00019934390964542086
2011,E07000111,115351,165308,1493,33141,0.045049938143085604,5196.555414743068,male,25-29,2701,0.023415488378947732,0.0010548663030617352,0.009031625813632734,0.00021147992928212164
2011,E07000112,108199,165308,674,39104,0.017236088379705403,1864.927526595745,female,25-29,2753,0.025443858076322334,0.00043855258652417286,0.004077237641251482,0.00010374065588744194
2011,E07000112,108199,165308,674,39104,0.017236088379705403,1864.927526595745,male,25-29,2857,0.026405049954250963,0.0004551197746820057,0.004077237641251482,0.00010765966359259774
2011,E07000113,136324,165308,898,51193,0.017541460746586447,2391.322094817651,female,25-29,4158,0.03050086558493002,0.0005350297363949595,0.005432283978996782,0.00016568936346254964
2011,E07000113,136324,165308,898,51193,0.017541460746586447,2391.322094817651,male,25-29,4024,0.029517913206772103,0.0005177873158377385,0.005432283978996782,0.0001603496870065656
2011,E07000114,134402,165308,826,52563,0.015714475962178717,2112.056998268744,female,25-29,3883,0.02889093912292972,0.00045400596837204775,0.004996733370435793,0.00014436031961877194
2011,E07000114,134402,165308,826,52563,0.015714475962178717,2112.056998268744,male,25-29,3404,0.025327004062439547,0.000398000596533209,0.004996733370435793,0.00012655228637195457
2011,E07000115,121087,165308,974,37881,0.025712098413452653,3113.4008605897416,female,25-29,2999,0.024767316062005006,0.0006368196680233593,0.005892031843588937,0.00014592981491756525
2011,E07000115,121087,165308,974,37881,0.025712098413452653,3113.4008605897416,male,25-29,2825,0.023330332735966703,0.000599871811325772,0.005892031843588937,0.00013746306340184123
2011,E07000116,115246,165308,906,38118,0.023768298441681095,2739.2013222099795,female,25-29,3271,0.028382763826944102,0.000674610001238558,0.005480678491059114,0.0001555568032231432
2011,E07000116,115246,165308,906,38118,0.023768298441681095,2739.2013222099795,male,25-29,3472,0.03012685906669212,0.0007160641774076042,0.005480678491059114,0.00016511562848998875
2011,E07000130,165876,165308,8,46529,0.00017193578198542844,28.520019772614926,female,25-29,5121,0.0308724589452362,5.308080370562221e-06,4.839451206233213e-05,1.4940575868190867e-06
2011,E07000130,165876,165308,8,46529,0.00017193578198542844,28.520019772614926,male,25-29,4950,0.029841568400491934,5.130833398610232e-06,4.839451206233213e-05,1.4441681419165161e-06
2011,E07000178,150245,165308,18,41750,0.0004311377245508982,64.77628742514969,female,25-29,8500,0.05657426203867017,2.4391298603498516e-05,0.0001088876521402473,6.160238564957915e-06
2011,E07000178,150245,165308,18,41750,0.0004311377245508982,64.77628742514969,male,25-29,8236,0.05481713201770442,2.3633733564519267e-05,0.0001088876521402473,5.968908802469811e-06
2011,E07000200,87901,165308,10,31239,0.0003201126796632415,28.13822465507859,female,25-29,1904,0.021660731959818432,6.933874951124694e-06,6.049314007791517e-05,1.3103256926354704e-06
2011,E07000200,87901,165308,10,31239,0.0003201126796632415,28.13822465507859,male,25-29,1896,0.021569720480995664,6.904741022758624e-06,6.049314007791517e-05,1.3048201224983465e-06
2011,E07000207,131428,165308,94,42682,0.0022023335363853614,289.44829202005525,female,25-29,3142,0.02390662568098122,5.2650363479036467e-05,0.0005686355167324026,1.3594156447432882e-05
2011,E07000207,131428,165308,94,42682,0.0022023335363853614,289.44829202005525,male,25-29,2905,0.022103356971117264,4.8678964324188715e-05,0.0005686355167324026,1.2568753812792019e-05
2011,E07000208,75191,165308,63,24986,0.0025214119907148004,189.58748899383656,female,25-29,1959,0.026053650037903473,6.569198560745693e-05,0.00038110678249086554,9.92922273808841e-06
2011,E07000208,75191,165308,63,24986,0.0025214119907148004,189.58748899383656,male,25-29,1977,0.026293040390472262,6.629558731288532e-05,0.00038110678249086554,1.0020456025115255e-05
2011,E07000209,137580,165308,31,46466,0.0006671544785434512,91.78711315800801,female,25-29,4414,0.032083151620875126,2.1404418289655426e-05,0.00018752873424153702,6.016512813942029e-06
2011,E07000209,137580,165308,31,46466,0.0006671544785434512,91.78711315800801,male,25-29,4907,0.0356665212967001,2.3795079417158852e-05,0.00018752873424153702,6.688497593568994e-06
2011,E07000210,85637,165308,54,29167,0.0018514074124867145,158.54897658312478,female,25-29,1836,0.021439331130235762,3.969293657327566e-05,0.0003266629564207419,7.00343529068606e-06
2011,E07000210,85637,165308,54,29167,0.0018514074124867145,158.54897658312478,male,25-29,1951,0.022782208624776673,4.2179149920730294e-05,0.0003266629564207419,7.442103623163673e-06
2011,E07000211,138375,165308,168,49074,0.0034234013938134245,473.7131678689326,female,25-29,4127,0.029824751580849143,0.0001021020961320181,0.0010162847533089748,3.0310440302844728e-05
2011,E07000211,138375,165308,168,49074,0.0034234013938134245,473.7131678689326,male,25-29,4001,0.028914182475158087,9.898485258643189e-05,0.0010162847533089748,2.9385042803896716e-05
2011,E07000212,80501,165308,9,27370,0.0003288271830471319,26.470917062477163,female,25-29,2260,0.028074185413845792,9.231555305977791e-06,5.444382607012365e-05,1.5284660677318226e-06
2011,E07000212,80501,165308,9,27370,0.0003288271830471319,26.470917062477163,male,25-29,2246,0.02790027453075117,9.174368680188547e-06,5.444382607012365e-05,1.5189976938609175e-06
2011,E07000213,95852,165308,38,34747,0.0010936195930583935,104.82562523383314,female,25-29,2984,0.03113132746317239,3.4045829671642176e-05,0.00022987393229607762,7.156280661556311e-06
2011,E07000213,95852,165308,38,34747,0.0010936195930583935,104.82562523383314,male,25-29,2910,0.030359303926887283,3.3201529606058555e-05,0.00022987393229607762,6.9788125754453305e-06
2011,E07000214,86378,165308,31,33770,0.0009179745336097127,79.29280426413976,female,25-29,2213,0.0256199495241844,2.3518461215567556e-05,0.00018752873424153702,4.804476705602369e-06
2011,E07000214,86378,165308,31,33770,0.0009179745336097127,79.29280426413976,male,25-29,2377,0.02751858112019264,2.5261356669409886e-05,0.00018752873424153702,5.160524685592784e-06
2011,E07000215,83178,165308,347,29248,0.0118640590809628,986.8287062363238,female,25-29,1968,0.023660102430931255,0.0002807048531022,0.0020991119607036562,4.966520400424145e-05
2011,E07000215,83178,165308,347,29248,0.0118640590809628,986.8287062363238,male,25-29,1859,0.022349659765803456,0.00026515768390090945,0.0020991119607036562,4.691443813205531e-05
2011,E07000216,121754,165308,16,43976,0.00036383481899217757,44.298344551573585,female,25-29,2574,0.021140989207746767,7.691827981716124e-06,9.678902412466426e-05,2.0462157144478687e-06
2011,E07000216,121754,165308,16,43976,0.00036383481899217757,44.298344551573585,male,25-29,2638,0.021666639289058265,7.883077783903317e-06,9.678902412466426e-05,2.097092872849059e-06
2011,E07000217,99493,165308,25,33858,0.0007383779313603875,73.46343552483903,female,25-29,3487,0.035047691797412885,2.5878442168330147e-05,0.00015123285019478792,5.30036232327124e-06
2011,E07000217,99493,165308,25,33858,0.0007383779313603875,73.46343552483903,male,25-29,3292,0.03308775491743138,2.443126802929247e-05,0.00015123285019478792,5.003955482709757e-06
2011,E07000223,61334,165308,37,24872,0.0014876165969765198,91.24147635895787,female,25-29,1581,0.025776893729415985,3.83461349303792e-05,0.00022382461828828612,5.769503399644249e-06
2011,E07000223,61334,165308,37,24872,0.0014876165969765198,91.24147635895787,male,25-29,1555,0.025352985293638112,3.771552170571768e-05,0.00022382461828828612,5.674622255817082e-06
2011,E07000224,149811,165308,31,61570,0.0005034919603703102,75.42863407503654,female,25-29,3628,0.024217180313862132,1.2193155590867728e-05,0.00018752873424153702,4.541417171157634e-06
2011,E07000224,149811,165308,31,61570,0.0005034919603703102,75.42863407503654,male,25-29,3634,0.024257230777446247,1.2213320677291434e-05,0.00018752873424153702,4.548927783899349e-06
2011,E07000225,113995,165308,8,44206,0.0001809709089263901,20.62977876306384,female,25-29,2579,0.02262379928944252,4.094249520778631e-06,4.839451206233213e-05,1.0948677276087071e-06
2011,E07000225,113995,165308,8,44206,0.0001809709089263901,20.62977876306384,male,25-29,2605,0.022851879468397736,4.135525398072251e-06,4.839451206233213e-05,1.1059055565803341e-06
2011,E07000226,107053,165308,93,37608,0.0024728781110402043,264.729020421187,female,25-29,4610,0.043062781986492674,0.00010648901097489415,0.000562586202724611,2.4226526996538694e-05
2011,E07000226,107053,165308,93,37608,0.0024728781110402043,264.729020421187,male,25-29,4398,0.041082454485161554,0.00010159190244416147,0.000562586202724611,2.31124220674137e-05
2011,E07000227,131540,165308,61,45394,0.0013437899281843416,176.7621271533683,female,25-29,2940,0.022350615782271554,3.0034532376934503e-05,0.0003690081544752825,8.247559481202148e-06
2011,E07000227,131540,165308,61,45394,0.0013437899281843416,176.7621271533683,male,25-29,2842,0.021605595256195834,2.9033381297703353e-05,0.0003690081544752825,7.972640831828743e-06
2011,E07000228,140188,165308,399,44892,0.008887997861534349,1245.9906442127774,female,25-29,3703,0.026414529060975262,0.00023477227780738504,0.002413676289108815,6.375612248245173e-05
2011,E07000228,140188,165308,399,44892,0.008887997861534349,1245.9906442127774,male,25-29,3823,0.027270522441293122,0.00024238034514113775,0.002413676289108815,6.582221340815904e-05
2011,E07000229,104998,165308,33,39714,0.0008309412297930201,87.24716724580752,female,25-29,3142,0.029924379511990704,2.486540071248661e-05,0.00019962736225712004,5.97372494915971e-06
2011,E07000229,104998,165308,33,39714,0.0008309412297930201,87.24716724580752,male,25-29,2861,0.027248138059772567,2.2641601348957414e-05,0.00019962736225712004,5.4394739272902385e-06
2011,E07000241,110727,165308,12,36606,0.00032781511227667593,36.2979839370595,female,25-29,3855,0.03481535668807066,1.1413000061652405e-05,7.25917680934982e-05,2.527308298792847e-06
2011,E07000241,110727,165308,12,36606,0.00032781511227667593,36.2979839370595,male,25-29,4016,0.03626938325792264,1.1889651944901699e-05,7.25917680934982e-05,2.6328586583533262e-06
2011,E07000242,138155,165308,8,44545,0.00017959366932315636,24.81176338534067,female,25-29,3730,0.02699866092432413,4.84878858221109e-06,4.839451206233213e-05,1.3065870217690192e-06
2011,E07000242,138155,165308,8,44545,0.00017959366932315636,24.81176338534067,male,25-29,3602,0.026072165321559117,4.682395837298753e-06,4.839451206233213e-05,1.2617497191453102e-06
2011,E08000035,750683,165308,8,281107,2.845891422127517e-05,21.36362310436951,female,25-29,29982,0.03993962831181737,1.1366384561556237e-06,4.839451206233213e-05,1.9328588241013076e-06
2011,E08000035,750683,165308,8,281107,2.845891422127517e-05,21.36362310436951,male,25-29,29622,0.03946006503410894,1.122990605971646e-06,4.839451206233213e-05,1.9096505932735954e-06
2011,E09000001,7412,165308,20,2137,0.009358914365933552,69.36827328029949,female,25-29,406,0.054776038855909336,0.0005126442569575044,0.00012098628015583033,6.627149182847695e-06
2011,E09000001,7412,165308,20,2137,0.009358914365933552,69.36827328029949,male,25-29,557,0.07514840798704803,0.0007033075150870195,0.00012098628015583033,9.09192634198563e-06
2011,E09000002,187029,165308,213,69590,0.0030607845954878574,572.4554821094985,female,25-29,8043,0.043004026113597354,0.00013162606067245632,0.001288503883659593,5.541085466036875e-05
2011,E09000002,187029,165308,213,69590,0.0030607845954878574,572.4554821094985,male,25-29,7031,0.037593100535211116,0.00011506438301480051,0.001288503883659593,4.843885603842505e-05
2011,E09000003,357538,165308,214,138470,0.001545461110709901,552.5610746009966,female,25-29,16388,0.04583568739546566,7.083727235234817e-05,0.0012945531976673846,5.933673568508271e-05
2011,E09000003,357538,165308,214,138470,0.001545461110709901,552.5610746009966,male,25-29,14901,0.04167668891138844,6.44097019357054e-05,0.0012945531976673846,5.3952690898426734e-05
2011,E09000004,232774,165308,4151,34157,0.12152706619433791,28288.341306320814,female,25-29,7318,0.03143821904508236,0.0038205945269238185,0.025110702446342583,0.0007894357638840036
2011,E09000004,232774,165308,4151,34157,0.12152706619433791,28288.341306320814,male,25-29,6753,0.029010972015774957,0.003525618316523168,0.025110702446342583,0.0007284858859672965
2011,E09000005,312245,165308,417,114282,0.0036488685882291173,1139.3409723316008,female,25-29,16926,0.05420743326554468,0.0001977958004911721,0.0025225639412490624,0.00013674171650332793
2011,E09000005,312245,165308,417,114282,0.0036488685882291173,1139.3409723316008,male,25-29,17785,0.056958478118144404,0.00020783400163863265,0.0025225639412490624,0.00014368140304925483
2011,E09000006,310554,165308,10197,36965,0.2758555390234005,85668.04106587311,female,25-29,9206,0.029643797858021473,0.008177405836825238,0.061684854937450094,0.0018285733706671485
2011,E09000006,310554,165308,10197,36965,0.2758555390234005,85668.04106587311,male,25-29,8596,0.027679566194607055,0.007635561652547224,0.061684854937450094,0.0017074100254458838
2011,E09000007,220087,165308,382,72962,0.005235602094240838,1152.2879581151833,female,25-29,13361,0.06070781100201284,0.00031784194241891544,0.0023108379509763593,0.00014028591358415145
2011,E09000007,220087,165308,382,72962,0.005235602094240838,1152.2879581151833,male,25-29,12538,0.0569683806858197,0.00029826377322418694,0.0023108379509763593,0.0001316446960944608
2011,E09000008,364815,165308,8115,136880,0.05928550555230859,21628.24170806546,female,25-29,14532,0.0398338884091937,0.002361572212453294,0.04909018317322816,0.0019554528785092487
2011,E09000008,364815,165308,8115,136880,0.05928550555230859,21628.24170806546,male,25-29,13361,0.036624042322821154,0.0021712748644775984,0.04909018317322816,0.0017978809461713509
2011,E09000009,339314,165308,312,135612,0.0023006813556322447,780.6533935049995,female,25-29,16918,0.04985942224606117,0.00011471064316410852,0.0018873859704309531,9.410397404100882e-05
2011,E09000009,339314,165308,312,135612,0.0023006813556322447,780.6533935049995,male,25-29,16981,0.050045090977678494,0.00011513780775326437,0.0018873859704309531,9.445440260021106e-05
2011,E09000010,313935,165308,223,122444,0.0018212407304563718,571.7512087158211,female,25-29,13409,0.04271266344944017,7.779004238039559e-05,0.0013489970237375083,5.7619255869196644e-05
2011,E09000010,313935,165308,223,122444,0.0018212407304563718,571.7512087158211,male,25-29,11574,0.03686750441970472,6.714460067944654e-05,0.0013489970237375083,4.97341537348111e-05
2011,E09000011,255483,165308,5537,32537,0.1701754925162123,43476.94535451947,female,25-29,11415,0.04468007656086706,0.007603454034407625,0.033495051661141625,0.0014965614726300052
2011,E09000011,255483,165308,5537,32537,0.1701754925162123,43476.94535451947,male,25-29,10822,0.04235898278946153,0.007208460758682376,0.033495051661141625,0.0014188163168464228
2011,E09000012,247182,165308,409,88435,0.004624865720585741,1143.1835585458246,female,25-29,17158,0.06941443956275133,0.0003210324620474393,0.00247416942918673,0.00017174308431028922
2011,E09000012,247182,165308,409,88435,0.004624865720585741,1143.1835585458246,male,25-29,17044,0.06895324093178305,0.00031889948030869303,0.00247416942918673,0.00017060200075676475
2011,E09000013,182445,165308,389,63620,0.006114429424709211,1115.5470763910719,female,25-29,13515,0.07407711913179314,0.0004529393169171256,0.0023531831490309,0.00017431702846969012
2011,E09000013,182445,165308,389,63620,0.006114429424709211,1115.5470763910719,male,25-29,12518,0.0686124585491518,0.00041952603545457475,0.0023531831490309,0.00016145768127144512
2011,E09000014,255540,165308,300,94034,0.003190335410596167,815.2583108237445,female,25-29,14108,0.05520857791343821,0.00017613388108589937,0.001814794202337455,0.00010019220711660333
2011,E09000014,255540,165308,300,94034,0.003190335410596167,815.2583108237445,male,25-29,14028,0.05489551537919699,0.00017513510659717866,0.001814794202337455,9.96240630444933e-05
2011,E09000015,240499,165308,72,85681,0.0008403263267235443,202.09764125068568,female,25-29,9890,0.04112283211156803,3.4556598452782975e-05,0.0004355506085609892,1.7911074551944843e-05
2011,E09000015,240499,165308,72,85681,0.0008403263267235443,202.09764125068568,male,25-29,9588,0.03986710963455149,3.350138179628748e-05,0.0004355506085609892,1.7364143862896576e-05
2011,E09000016,237927,165308,101,84891,0.0011897609876194179,283.07626250132523,female,25-29,7535,0.03166937758219958,3.7678989949490025e-05,0.0006109807147869432,1.9349378952029892e-05
2011,E09000016,237927,165308,101,84891,0.0011897609876194179,283.07626250132523,male,25-29,7204,0.030278194572284776,3.6023814677654436e-05,0.0006109807147869432,1.8499392962232697e-05
2011,E09000017,275499,165308,102,107741,0.0009467148068052088,260.8189825600282,female,25-29,10686,0.038787799592738995,3.672098419783905e-05,0.0006170300287947347,2.393323709959214e-05
2011,E09000017,275499,165308,102,107741,0.0009467148068052088,260.8189825600282,male,25-29,10410,0.03778598107434147,3.577254777274046e-05,0.0006170300287947347,2.3315084990338216e-05
2011,E09000018,254927,165308,214,93861,0.002279967185519012,581.2251947028052,female,25-29,13082,0.05131665143354764,0.00011700028133920578,0.0012945531976673846,6.643213520688168e-05
2011,E09000018,254927,165308,214,93861,0.002279967185519012,581.2251947028052,male,25-29,13132,0.05151278601325085,0.00011744746174487466,0.0012945531976673846,6.668604185420961e-05
2011,E09000019,206285,165308,347,78519,0.004419312523083585,911.6378838242973,female,25-29,15315,0.0742419468211455,0.0003280983653247939,0.0020991119607036562,0.00015584215855819132
2011,E09000019,206285,165308,347,78519,0.004419312523083585,911.6378838242973,male,25-29,14731,0.07141091208764573,0.00031558713807375375,0.0020991119607036562,0.00014989949968793444
2011,E09000020,158251,165308,366,50701,0.007218792528746967,1142.3811364667363,female,25-29,8266,0.052233477197616444,0.00037706263494462867,0.002214048926851695,0.00011564747413511516
2011,E09000020,158251,165308,366,50701,0.007218792528746967,1142.3811364667363,male,25-29,8102,0.05119714883318273,0.00036958159549012597,0.002214048926851695,0.00011335299243197473
2011,E09000021,160436,165308,240,51416,0.004667807686323323,748.8843939629687,female,25-29,6228,0.03881921763195293,0.00018120064243948777,0.001451835361869964,5.635911287819527e-05
2011,E09000021,160436,165308,240,51416,0.004667807686323323,748.8843939629687,male,25-29,6202,0.03865715924106809,0.00018044418503688234,0.001451835361869964,5.6123830775620916e-05
2011,E09000022,304481,165308,39410,108324,0.36381595952882095,110775.04717329494,female,25-29,21823,0.0716727808960165,0.026075701553783193,0.23840346504706367,0.017087039315169323
2011,E09000022,304481,165308,39410,108324,0.36381595952882095,110775.04717329494,male,25-29,22143,0.0727237495935707,0.026458060738918626,0.23840346504706367,0.017337593894322243
2011,E09000023,276938,165308,22020,112394,0.19591793156218304,54257.12013096784,female,25-29,13574,0.049014580880919194,0.009602835302577013,0.1332058944515692,0.006529031087411623
2011,E09000023,276938,165308,22020,112394,0.19591793156218304,54257.12013096784,male,25-29,13013,0.046988856711610544,0.009205959613410539,0.1332058944515692,0.0062591926875267025
2011,E09000024,200543,165308,921,75416,0.01221226264983558,2449.0837885859764,female,25-29,9929,0.04951057877861606,0.0006046361919898349,0.005571418201175986,0.000275844139757939
2011,E09000024,200543,165308,921,75416,0.01221226264983558,2449.0837885859764,male,25-29,9932,0.04952553816388505,0.0006048188799318199,0.005571418201175986,0.0002759274847493051
2011,E09000025,310460,165308,426,112342,0.0037919923091986967,1177.2619323138274,female,25-29,17900,0.05765638085421632,0.00021863255277541929,0.002577007767319186,0.00014858094129682867
2011,E09000025,310460,165308,426,112342,0.0037919923091986967,1177.2619323138274,male,25-29,23078,0.07433485795271533,0.0002818772096620741,0.002577007767319186,0.00019156150632671577
2011,E09000026,281395,165308,222,102662,0.002162435954881066,608.4986655237576,female,25-29,12078,0.042921871390749655,9.281579794613804e-05,0.0013429477097297166,5.764182888152069e-05
2011,E09000026,281395,165308,222,102662,0.002162435954881066,608.4986655237576,male,25-29,12001,0.04264823468789424,9.222407610130839e-05,0.0013429477097297166,5.727434909812302e-05
2011,E09000027,187527,165308,203,62176,0.0032649253731343282,612.2616604477612,female,25-29,6416,0.03421373988812278,0.00011170530747055011,0.0012280107435816779,4.201484016072376e-05
2011,E09000027,187527,165308,203,62176,0.0032649253731343282,612.2616604477612,male,25-29,6063,0.03233134428642276,0.00010555942630828325,0.0012280107435816779,3.970323813816524e-05
2011,E09000028,288717,165308,48341,102300,0.47254154447702834,136430.7770967742,female,25-29,17970,0.06224087947713505,0.029411401317733975,0.2924298884506497,0.018201093442568938
2011,E09000028,288717,165308,48341,102300,0.47254154447702834,136430.7770967742,male,25-29,17647,0.06112213690222606,0.02888274897351427,0.2924298884506497,0.017873939676183306
2011,E09000029,191123,165308,522,74422,0.007014054983741367,1340.5472306576012,female,25-29,6946,0.03634308795906301,0.0002549124172238168,0.0031577419120671717,0.00011476209206227704
2011,E09000029,191123,165308,522,74422,0.007014054983741367,1340.5472306576012,male,25-29,6217,0.03252879036013457,0.00022815872414058,0.0031577419120671717,0.00010271752466904352
2011,E09000030,256012,165308,312,76079,0.004101000276028864,1049.9052826667016,female,25-29,20293,0.0792658156648907,0.00032506913192136987,0.0018873859704309531,0.00014960518842068078
2011,E09000030,256012,165308,312,76079,0.004101000276028864,1049.9052826667016,male,25-29,20657,0.08068762401762418,0.00033089996836839,0.0018873859704309531,0.0001522886895582715
2011,E09000031,259742,165308,333,98132,0.0033933884971263195,881.4055150205845,female,25-29,12925,0.049760916601858766,0.00016885812200320965,0.002014421564594575,0.00010023946347677649
2011,E09000031,259742,165308,333,98132,0.0033933884971263195,881.4055150205845,male,25-29,13725,0.05284089596599703,0.00017930968854886286,0.002014421564594575,0.0001064438403264029
2011,E09000032,307710,165308,2574,105396,0.024422179209837185,7514.948764659,female,25-29,25401,0.08254850346105098,0.0020160143450296524,0.015570934256055362,0.0012853573203277834
2011,E09000032,307710,165308,2574,105396,0.024422179209837185,7514.948764659,male,25-29,22161,0.07201910890123818,0.0017588635841188191,0.015570934256055362,0.0011214048098808712
2011,E09000033,219582,165308,836,72308,0.011561652929136471,2538.7308734856447,female,25-29,13281,0.06048309970762631,0.000699284606897931,0.005057226510513707,0.00030587673527945165
2011,E09000033,219582,165308,836,72308,0.011561652929136471,2538.7308734856447,male,25-29,14073,0.0640899527283657,0.0007409857896901273,0.005057226510513707,0.0003241174079954614
2011,E06000033,174274,165308,107,64508,0.001658708997333664,289.069851801327,female,30-34,5799,0.03327518734865786,5.51938526431821e-05,0.0006472765988336923,2.1538250092593166e-05
2011,E06000033,174274,165308,107,64508,0.001658708997333664,289.069851801327,male,30-34,5920,0.03396949631040775,5.634550916496604e-05,0.0006472765988336923,2.1987660035894387e-05
2011,E06000034,158268,165308,159,53689,0.0029615004935834156,468.71076011846003,female,30-34,6121,0.03867490585589001,0.00011453575278151039,0.0009618409272388511,3.7199107309304516e-05
2011,E06000034,158268,165308,159,53689,0.0029615004935834156,468.71076011846003,male,30-34,5742,0.03628023352793995,0.00010744392950031575,0.0009618409272388511,3.489581345695582e-05
2011,E06000035,264885,165308,1714,99212,0.017276135951296213,4576.189271459098,female,30-34,8716,0.03290484549899013,0.0005684685842969508,0.010368524209354659,0.00034117468716135383
2011,E06000035,264885,165308,1714,99212,0.017276135951296213,4576.189271459098,male,30-34,8605,0.0324857957226721,0.0005612290233909203,0.010368524209354659,0.0003368297594106757
2011,E06000038,155339,165308,10,47360,0.00021114864864864866,32.799619932432435,female,30-34,7336,0.0472257449835521,9.971652234702725e-06,6.049314007791517e-05,2.856833606573917e-06
2011,E06000038,155339,165308,10,47360,0.00021114864864864866,32.799619932432435,male,30-34,7889,0.05078570095082368,1.0723332126440811e-05,6.049314007791517e-05,3.0721865215732864e-06
2011,E06000039,140713,165308,8,54239,0.0001474953446781836,20.754512435701248,female,30-34,7055,0.05013751394682794,7.395049900894624e-06,4.839451206233213e-05,2.42638052347511e-06
2011,E06000039,140713,165308,8,54239,0.0001474953446781836,20.754512435701248,male,30-34,7218,0.051295900165585266,7.5659064755006945e-06,4.839451206233213e-05,2.482440059311601e-06
2011,E06000042,249895,165308,14,88445,0.00015829046299960426,39.555995251286106,female,30-34,10577,0.04232577682626703,6.699766810647729e-06,8.469039610908124e-05,3.584586805041126e-06
2011,E06000042,249895,165308,14,88445,0.00015829046299960426,39.555995251286106,male,30-34,10503,0.042029652454030696,6.652893146660973e-06,8.469039610908124e-05,3.559507914658878e-06
2011,E06000043,272952,165308,253,87037,0.002906809747578616,793.4195342210784,female,30-34,10829,0.039673642252117586,0.00011532373002040224,0.0015304764439712537,6.07195749134086e-05
2011,E06000043,272952,165308,253,87037,0.002906809747578616,793.4195342210784,male,30-34,11178,0.04095225534159852,0.00011904041501228703,0.0015304764439712537,6.267646212781248e-05
2011,E06000044,205433,165308,17,68264,0.0002490331653580218,51.15963025899449,female,30-34,6752,0.032867163503429345,8.185013763598658e-06,0.00010283833813245579,3.380004473820377e-06
2011,E06000044,205433,165308,17,68264,0.0002490331653580218,51.15963025899449,male,30-34,7249,0.03528644375538497,8.78749478263132e-06,0.00010283833813245579,3.6287992344081626e-06
2011,E06000047,512994,165308,10,231893,4.3123337056314764e-05,22.122013169867135,female,30-34,14365,0.028002276829748495,1.2075516220734775e-06,6.049314007791517e-05,1.693945654762534e-06
2011,E06000047,512994,165308,10,231893,4.3123337056314764e-05,22.122013169867135,male,30-34,13940,0.027173807101057712,1.1718252427221913e-06,6.049314007791517e-05,1.6438289194145301e-06
2011,E06000060,506550,165308,25,163754,0.00015266802642988872,77.33398878806014,female,30-34,15276,0.03015694403316553,4.60400112869999e-06,0.00015123285019478792,4.560720599300326e-06
2011,E06000060,506550,165308,25,163754,0.00015266802642988872,77.33398878806014,male,30-34,14712,0.02904352976014214,4.434018369038639e-06,0.00015123285019478792,4.3923357853434405e-06
2011,E07000008,122725,165308,24,34511,0.000695430442467619,85.34670105183854,female,30-34,5313,0.043291912813200245,3.0106514082953432e-05,0.0001451835361869964,6.285272990519551e-06
2011,E07000008,122725,165308,24,34511,0.000695430442467619,85.34670105183854,male,30-34,5960,0.04856386229374618,3.377278824287642e-05,0.0001451835361869964,7.050673258704408e-06
2011,E07000061,99308,165308,203,40047,0.0050690438734486976,503.3966089844433,female,30-34,2970,0.029906956136464335,0.00015159967277704348,0.0012280107435816779,3.672606344340419e-05
2011,E07000061,99308,165308,203,40047,0.0050690438734486976,503.3966089844433,male,30-34,2786,0.028054134611511662,0.00014220763917738825,0.0012280107435816779,3.4450778704822924e-05
2011,E07000062,90173,165308,190,36006,0.005276898294728657,475.8337499305672,female,30-34,2568,0.028478591152562297,0.0001502786290892306,0.0011493696614803882,3.27324286724589e-05
2011,E07000062,90173,165308,190,36006,0.005276898294728657,475.8337499305672,male,30-34,2640,0.029277056325064044,0.0001544920485964053,0.0011493696614803882,3.365016031748112e-05
2011,E07000063,97584,165308,120,35106,0.003418219107844813,333.56349341992825,female,30-34,2348,0.024061321528119364,8.224686900741537e-05,0.000725917680934982,1.7466538723923366e-05
2011,E07000063,97584,165308,120,35106,0.003418219107844813,333.56349341992825,male,30-34,2157,0.02210403344810625,7.555642949275765e-05,0.000725917680934982,1.604570869995856e-05
2011,E07000064,90729,165308,226,36720,0.0061546840958605666,558.4083333333333,female,30-34,1700,0.01873711823121604,0.00011532104357992443,0.0013671449657608828,2.5616356862673465e-05
2011,E07000064,90729,165308,226,36720,0.0061546840958605666,558.4083333333333,male,30-34,1501,0.0165437732147384,0.00010182169789027446,0.0013671449657608828,2.261773626521934e-05
2011,E07000065,149415,165308,638,56293,0.011333558346508447,1693.4036203435596,female,30-34,3271,0.021892045644680922,0.0002481147766384174,0.0038594623369709873,8.449152564489575e-05
2011,E07000065,149415,165308,638,56293,0.011333558346508447,1693.4036203435596,male,30-34,2885,0.019308637017702374,0.0002188355642316827,0.0038594623369709873,7.452095734806612e-05
2011,E07000066,174971,165308,111,62378,0.0017794735323351182,311.356263426208,female,30-34,5923,0.03385132393368044,6.0237534974486666e-05,0.0006714738548648583,2.2730278974027443e-05
2011,E07000066,174971,165308,111,62378,0.0017794735323351182,311.356263426208,male,30-34,5591,0.03195386664075761,5.686105994299424e-05,0.0006714738548648583,2.1456186011107114e-05
2011,E07000067,147514,165308,9,48494,0.00018558996989318267,27.377118818822947,female,30-34,4512,0.030586927342489526,5.676626924617597e-06,5.444382607012365e-05,1.665269352254009e-06
2011,E07000067,147514,165308,9,48494,0.00018558996989318267,27.377118818822947,male,30-34,4230,0.02867524438358393,5.321837741828997e-06,5.444382607012365e-05,1.5611900177381336e-06
2011,E07000068,73841,165308,36,24621,0.0014621664432801268,107.96783233824785,female,30-34,2192,0.029685405127232837,4.340500323221568e-05,0.0002177753042804946,6.464748134272886e-06
2011,E07000068,73841,165308,36,24621,0.0014621664432801268,107.96783233824785,male,30-34,2039,0.02761338551753091,4.0375365689091136e-05,0.0002177753042804946,6.013513433294897e-06
2011,E07000069,87964,165308,11,33361,0.00032972632714846676,29.00404664128773,female,30-34,2075,0.023589195580010006,7.777978818983545e-06,6.654245408570669e-05,1.569682963801571e-06
2011,E07000069,87964,165308,11,33361,0.00032972632714846676,29.00404664128773,male,30-34,2024,0.02300941294165795,7.586809219095274e-06,6.654245408570669e-05,1.5311028042093394e-06
2011,E07000071,173614,165308,8,59731,0.00013393380321775962,23.25278331184812,female,30-34,5690,0.032773854643058736,4.389526998450886e-06,4.839451206233213e-05,1.5860747038526259e-06
2011,E07000071,173614,165308,8,59731,0.00013393380321775962,23.25278331184812,male,30-34,5713,0.03290633243862822,4.407270253453412e-06,4.839451206233213e-05,1.5924859021283044e-06
2011,E07000072,124880,165308,22,48938,0.00044954840818995463,56.13960521476153,female,30-34,3894,0.03118193465727098,1.4017789089459347e-05,0.00013308490817141337,4.1498449104699205e-06
2011,E07000072,124880,165308,22,48938,0.00044954840818995463,56.13960521476153,male,30-34,3572,0.02860345932094811,1.2858639606458344e-05,0.00013308490817141337,3.806688757113137e-06
2011,E07000073,82177,165308,9,34960,0.0002574370709382151,21.155406178489702,female,30-34,3034,0.03692030616839262,9.504655478133112e-06,5.444382607012365e-05,2.010082727487681e-06
2011,E07000073,82177,165308,9,34960,0.0002574370709382151,21.155406178489702,male,30-34,2953,0.035934628910765785,9.250905612039247e-06,5.444382607012365e-05,1.956418686312169e-06
2011,E07000074,61720,165308,8,20947,0.0003819162648589297,23.57187186709314,female,30-34,1458,0.023622812702527543,9.021936392811398e-06,4.839451206233213e-05,1.1432144942786819e-06
2011,E07000074,61720,165308,8,20947,0.0003819162648589297,23.57187186709314,male,30-34,1392,0.02255346727154893,8.613535979968084e-06,4.839451206233213e-05,1.0914640439203877e-06
2011,E07000075,83333,165308,13,29337,0.00044312642737839587,36.92705457272386,female,30-34,2107,0.025284101136404547,1.1204053406048985e-05,7.864108210128971e-05,1.9883690733253024e-06
2011,E07000075,83333,165308,13,29337,0.00044312642737839587,36.92705457272386,male,30-34,2023,0.024276097104388418,1.075738018055866e-05,7.864108210128971e-05,1.909098545485091e-06
2011,E07000085,116010,165308,9,39594,0.0002273071677526898,26.369904530989544,female,30-34,2924,0.02520472373071287,5.729214365217352e-06,5.444382607012365e-05,1.3722415949404495e-06
2011,E07000085,116010,165308,9,39594,0.0002273071677526898,26.369904530989544,male,30-34,2582,0.022256702008447548,5.059107897055815e-06,5.444382607012365e-05,1.2117400130424899e-06
2011,E07000095,93702,165308,9,36221,0.00024847464178239144,23.282570884293644,female,30-34,3165,0.033777293974514955,8.392801020696132e-06,5.444382607012365e-05,1.8389651182679277e-06
2011,E07000095,93702,165308,9,36221,0.00024847464178239144,23.282570884293644,male,30-34,2980,0.031802949776952465,7.90222655345165e-06,5.444382607012365e-05,1.7314742661732776e-06
2011,E07000103,90653,165308,10,32552,0.0003072007864340133,27.848672892602604,female,30-34,4105,0.0452825609742645,1.3910838343040213e-05,6.049314007791517e-05,2.739284304102917e-06
2011,E07000103,90653,165308,10,32552,0.0003072007864340133,27.848672892602604,male,30-34,4111,0.04534874742148633,1.393117087167803e-05,6.049314007791517e-05,2.7432881301259665e-06
2011,E07000105,118405,165308,683,38958,0.0175317008059962,2075.8410339339803,female,30-34,3486,0.029441324268400827,0.0005161564884059183,0.004131681467321606,0.00012164217385315754
2011,E07000105,118405,165308,683,38958,0.0175317008059962,2075.8410339339803,male,30-34,3088,0.026079979730585703,0.0004572264016630739,0.004131681467321606,0.00010775416892098408
2011,E07000106,150600,165308,838,52154,0.01606779921003183,2419.8105610307935,female,30-34,3724,0.024727755644090306,0.00039732061260397433,0.005069325138529291,0.00012535303330599656
2011,E07000106,150600,165308,838,52154,0.01606779921003183,2419.8105610307935,male,30-34,3539,0.02349933598937583,0.00037758261224636553,0.005069325138529291,0.00011912577466968899
2011,E07000107,97604,165308,1205,33838,0.03561085170518352,3475.761569832732,female,30-34,3601,0.03689397975492808,0.0013138260418667869,0.007289423379388777,0.00026893583858426896
2011,E07000107,97604,165308,1205,33838,0.03561085170518352,3475.761569832732,male,30-34,3571,0.03658661530265153,0.0013028805319373218,0.007289423379388777,0.0002666953289598513
2011,E07000108,111718,165308,643,40077,0.016044115078473937,1792.4164483369514,female,30-34,2868,0.025671780733632896,0.00041188100435975627,0.003889708907009945,9.985575417841817e-05
2011,E07000108,111718,165308,643,40077,0.016044115078473937,1792.4164483369514,male,30-34,2884,0.025814998478311462,0.00041417880633665865,0.003889708907009945,0.00010041282951553627
2011,E07000109,101766,165308,1146,35711,0.032090952367617824,3265.7678586429956,female,30-34,3188,0.03132676925495745,0.001005305859992194,0.006932513852929078,0.00021717326182750524
2011,E07000109,101766,165308,1146,35711,0.032090952367617824,3265.7678586429956,male,30-34,3175,0.031199025214708253,0.00100120643208131,0.006932513852929078,0.00021628767449884855
2011,E07000110,155764,165308,1006,47534,0.02116379854419994,3296.5579164387595,female,30-34,4917,0.03156698595310855,0.0006680773313591787,0.006085609891838265,0.00019210436197175695
2011,E07000110,155764,165308,1006,47534,0.02116379854419994,3296.5579164387595,male,30-34,4770,0.030623250558537273,0.0006481043055894412,0.006085609891838265,0.0001863611565192761
2011,E07000111,115351,165308,1493,33141,0.045049938143085604,5196.555414743068,female,30-34,3307,0.02866901890750839,0.0012915375284062046,0.009031625813632734,0.0002589278512165777
2011,E07000111,115351,165308,1493,33141,0.045049938143085604,5196.555414743068,male,30-34,2961,0.02566947837469983,0.001156408412945501,0.009031625813632734,0.00023183712351142622
2011,E07000112,108199,165308,674,39104,0.017236088379705403,1864.927526595745,female,30-34,2775,0.02564718712742262,0.000442057184019099,0.004077237641251482,0.00010456967674814797
2011,E07000112,108199,165308,674,39104,0.017236088379705403,1864.927526595745,male,30-34,2845,0.026294143199105353,0.0004532081760484096,0.004077237641251482,0.000107207470395849
2011,E07000113,136324,165308,898,51193,0.017541460746586447,2391.322094817651,female,30-34,4053,0.029730641706522697,0.0005215188844657938,0.005432283978996782,0.00016150528862763678
2011,E07000113,136324,165308,898,51193,0.017541460746586447,2391.322094817651,male,30-34,3765,0.027618027640034036,0.00048446054774579656,0.005432283978996782,0.00015002896908044718
2011,E07000114,134402,165308,826,52563,0.015714475962178717,2112.056998268744,female,30-34,3645,0.02712013214089076,0.00042617866461913825,0.004996733370435793,0.00013551206927901716
2011,E07000114,134402,165308,826,52563,0.015714475962178717,2112.056998268744,male,30-34,3249,0.024173747414473,0.0003798777726605159,0.004996733370435793,0.0001207897703943832
2011,E07000115,121087,165308,974,37881,0.025712098413452653,3113.4008605897416,female,30-34,3491,0.02883051029425124,0.0007412929179958477,0.005892031843588937,0.000169870284720647
2011,E07000115,121087,165308,974,37881,0.025712098413452653,3113.4008605897416,male,30-34,3096,0.025568392973647047,0.0006574170364122442,0.005892031843588937,0.00015064978559012405
2011,E07000116,115246,165308,906,38118,0.023768298441681095,2739.2013222099795,female,30-34,3385,0.029371952171875812,0.0006981213250359275,0.005480678491059114,0.0001609782265088168
2011,E07000116,115246,165308,906,38118,0.023768298441681095,2739.2013222099795,male,30-34,3588,0.03113340159311386,0.00073998798056984,0.005480678491059114,0.00017063216446488468
2011,E07000130,165876,165308,8,46529,0.00017193578198542844,28.520019772614926,female,30-34,4635,0.02794255950227881,4.804325818698671e-06,4.839451206233213e-05,1.3522665328854653e-06
2011,E07000130,165876,165308,8,46529,0.00017193578198542844,28.520019772614926,male,30-34,4645,0.028002845499047482,4.8146911386958635e-06,4.839451206233213e-05,1.3551840442832763e-06
2011,E07000178,150245,165308,18,41750,0.0004311377245508982,64.77628742514969,female,30-34,6047,0.04024759559386336,1.7352256782983002e-05,0.0001088876521402473,4.3824661885059435e-06
2011,E07000178,150245,165308,18,41750,0.0004311377245508982,64.77628742514969,male,30-34,6836,0.04549901827015874,1.961634320629598e-05,0.0001088876521402473,4.954281274123801e-06
2011,E07000200,87901,165308,10,31239,0.0003201126796632415,28.13822465507859,female,30-34,2090,0.023776748842447754,7.611238785635826e-06,6.049314007791517e-05,1.4383301983235993e-06
2011,E07000200,87901,165308,10,31239,0.0003201126796632415,28.13822465507859,male,30-34,2004,0.022798375445103013,7.298049055700572e-06,6.049314007791517e-05,1.379145319349518e-06
2011,E07000207,131428,165308,94,42682,0.0022023335363853614,289.44829202005525,female,30-34,4367,0.03322731837964513,7.317763759164617e-05,0.0005686355167324026,1.8894233356441564e-05
2011,E07000207,131428,165308,94,42682,0.0022023335363853614,289.44829202005525,male,30-34,3966,0.03017621815747025,6.645809724947762e-05,0.0005686355167324026,1.7159269405002805e-05
2011,E07000208,75191,165308,63,24986,0.0025214119907148004,189.58748899383656,female,30-34,2365,0.03145323243473288,7.930655740767515e-05,0.00038110678249086554,1.198704021213838e-05
2011,E07000208,75191,165308,63,24986,0.0025214119907148004,189.58748899383656,male,30-34,2284,0.03037597584817332,7.659034973324739e-05,0.00038110678249086554,1.1576490420517575e-05
2011,E07000209,137580,165308,31,46466,0.0006671544785434512,91.78711315800801,female,30-34,4591,0.03336967582497456,2.226272867417491e-05,0.00018752873424153702,6.257773069507897e-06
2011,E07000209,137580,165308,31,46466,0.0006671544785434512,91.78711315800801,male,30-34,4653,0.03382032272132578,2.2563379769317333e-05,0.00018752873424153702,6.3422823115705175e-06
2011,E07000210,85637,165308,54,29167,0.0018514074124867145,158.54897658312478,female,30-34,2234,0.026086854980907785,4.8297396680118646e-05,0.0003266629564207419,8.521609171782493e-06
2011,E07000210,85637,165308,54,29167,0.0018514074124867145,158.54897658312478,male,30-34,2050,0.023938250989642328,4.4319455324191234e-05,0.0003266629564207419,7.819739839818313e-06
2011,E07000211,138375,165308,168,49074,0.0034234013938134245,473.7131678689326,female,30-34,4944,0.0357289972899729,0.00012231469912204928,0.0010162847533089748,3.631083519681714e-05
2011,E07000211,138375,165308,168,49074,0.0034234013938134245,473.7131678689326,male,30-34,4698,0.033951219512195124,0.00011622865219971432,0.0010162847533089748,3.450410674649007e-05
2011,E07000212,80501,165308,9,27370,0.0003288271830471319,26.470917062477163,female,30-34,2560,0.03180084719444479,1.0456983001461566e-05,5.444382607012365e-05,1.7313597935369316e-06
2011,E07000212,80501,165308,9,27370,0.0003288271830471319,26.470917062477163,male,30-34,2564,0.03185053601818611,1.0473322037401352e-05,5.444382607012365e-05,1.7340650432143332e-06
2011,E07000213,95852,165308,38,34747,0.0010936195930583935,104.82562523383314,female,30-34,3429,0.035773901431373364,3.912303952548962e-05,0.00022987393229607762,8.223487395602075e-06
2011,E07000213,95852,165308,38,34747,0.0010936195930583935,104.82562523383314,male,30-34,3228,0.03367691858281517,3.682973799599898e-05,0.00022987393229607762,7.741445702246573e-06
2011,E07000214,86378,165308,31,33770,0.0009179745336097127,79.29280426413976,female,30-34,2547,0.02948667484776216,2.7068016591075718e-05,0.00018752873424153702,5.529598811192604e-06
2011,E07000214,86378,165308,31,33770,0.0009179745336097127,79.29280426413976,male,30-34,2535,0.029347750584639606,2.6940487655428716e-05,0.00018752873424153702,5.503546519973794e-06
2011,E07000215,83178,165308,347,29248,0.0118640590809628,986.8287062363238,female,30-34,2418,0.029070186828247854,0.00034489041402495916,0.0020991119607036562,6.102157687106495e-05
2011,E07000215,83178,165308,347,29248,0.0118640590809628,986.8287062363238,male,30-34,2250,0.02705042198658299,0.0003209278046137957,0.0020991119607036562,5.6781864334117514e-05
2011,E07000216,121754,165308,16,43976,0.00036383481899217757,44.298344551573585,female,30-34,3391,0.027851241026988847,1.0133251237761997e-05,9.678902412466426e-05,2.6956944396630626e-06
2011,E07000216,121754,165308,16,43976,0.00036383481899217757,44.298344551573585,male,30-34,2945,0.024188117022849353,8.800479178770004e-06,9.678902412466426e-05,2.3411442420547684e-06
2011,E07000217,99493,165308,25,33858,0.0007383779313603875,73.46343552483903,female,30-34,3883,0.039027871307529174,2.8817318881452814e-05,0.00015123285019478792,5.902296214873021e-06
2011,E07000217,99493,165308,25,33858,0.0007383779313603875,73.46343552483903,male,30-34,3962,0.03982189701788066,2.9403609942909103e-05,0.00015123285019478792,6.022378986177417e-06
2011,E07000223,61334,165308,37,24872,0.0014876165969765198,91.24147635895787,female,30-34,1774,0.02892359865653634,4.3027225405751234e-05,0.00022382461828828612,6.473813428822832e-06
2011,E07000223,61334,165308,37,24872,0.0014876165969765198,91.24147635895787,male,30-34,1608,0.026217106335800697,3.900100250983539e-05,0.00022382461828828612,5.868033818233999e-06
2011,E07000224,149811,165308,31,61570,0.0005034919603703102,75.42863407503654,female,30-34,3738,0.02495143881290426,1.2562848841969012e-05,0.00018752873424153702,4.679111738089095e-06
2011,E07000224,149811,165308,31,61570,0.0005034919603703102,75.42863407503654,male,30-34,3478,0.023215918724259235,1.1689028430275072e-05,0.00018752873424153702,4.353651852614733e-06
2011,E07000225,113995,165308,8,44206,0.0001809709089263901,20.62977876306384,female,30-34,2703,0.023711566296767402,4.2911037047943545e-06,4.839451206233213e-05,1.147509681165698e-06
2011,E07000225,113995,165308,8,44206,0.0001809709089263901,20.62977876306384,male,30-34,2511,0.022027281898328872,3.986297226318396e-06,4.839451206233213e-05,1.0659995595290668e-06
2011,E07000226,107053,165308,93,37608,0.0024728781110402043,264.729020421187,female,30-34,4668,0.04360456969912099,0.00010782878595028325,0.000562586202724611,2.453132928846911e-05
2011,E07000226,107053,165308,93,37608,0.0024728781110402043,264.729020421187,male,30-34,4669,0.043613910866580105,0.00010785188551882445,0.000562586202724611,2.4536584500398948e-05
2011,E07000227,131540,165308,61,45394,0.0013437899281843416,176.7621271533683,female,30-34,3541,0.026919568192184887,3.6174244607729616e-05,0.0003690081544752825,9.933540177869662e-06
2011,E07000227,131540,165308,61,45394,0.0013437899281843416,176.7621271533683,male,30-34,3201,0.024334803101718108,3.270086331243787e-05,0.0003690081544752825,8.97974078208438e-06
2011,E07000228,140188,165308,399,44892,0.008887997861534349,1245.9906442127774,female,30-34,4108,0.029303506719548036,0.0002604495050588004,0.002413676289108815,7.072917935671392e-05
2011,E07000228,140188,165308,399,44892,0.008887997861534349,1245.9906442127774,male,30-34,3909,0.027883984363854253,0.00024783279339699385,0.002413676289108815,6.730291190491596e-05
2011,E07000229,104998,165308,33,39714,0.0008309412297930201,87.24716724580752,female,30-34,3336,0.03177203375302387,2.6400692799762997e-05,0.00019962736225712004,6.342567291660342e-06
2011,E07000229,104998,165308,33,39714,0.0008309412297930201,87.24716724580752,male,30-34,3090,0.02942913198346635,2.445387912208263e-05,0.00019962736225712004,5.874859991376035e-06
2011,E07000241,110727,165308,12,36606,0.00032781511227667593,36.2979839370595,female,30-34,3549,0.03205180308325883,1.05070654264084e-05,7.25917680934982e-05,2.326697056398395e-06
2011,E07000241,110727,165308,12,36606,0.00032781511227667593,36.2979839370595,male,30-34,3632,0.032801394420511706,1.0752792794791577e-05,7.25917680934982e-05,2.3811112169171516e-06
2011,E07000242,138155,165308,8,44545,0.00017959366932315636,24.81176338534067,female,30-34,4436,0.03210886323332489,5.766548565868203e-06,4.839451206233213e-05,1.553892769052914e-06
2011,E07000242,138155,165308,8,44545,0.00017959366932315636,24.81176338534067,male,30-34,4277,0.030957981976765227,5.559857578047408e-06,4.839451206233213e-05,1.4981964322000254e-06
2011,E08000035,750683,165308,8,281107,2.845891422127517e-05,21.36362310436951,female,30-34,26705,0.03557427036445477,1.0124051087864698e-06,4.839451206233213e-05,1.7215994562612708e-06
2011,E08000035,750683,165308,8,281107,2.845891422127517e-05,21.36362310436951,male,30-34,27089,0.036085804527343765,1.0269628156493795e-06,4.839451206233213e-05,1.7463549024774973e-06
2011,E09000001,7412,165308,20,2137,0.009358914365933552,69.36827328029949,female,30-34,339,0.045736643281165675,0.0004280453278536797,0.00012098628015583033,5.533506337402386e-06
2011,E09000001,7412,165308,20,2137,0.009358914365933552,69.36827328029949,male,30-34,487,0.06570426335671883,0.0006149205742322773,0.00012098628015583033,7.949314413908442e-06
2011,E09000002,187029,165308,213,69590,0.0030607845954878574,572.4554821094985,female,30-34,8228,0.04399317752861855,0.00013465364008615824,0.001288503883659593,5.668538010015094e-05
2011,E09000002,187029,165308,213,69590,0.0030607845954878574,572.4554821094985,male,30-34,7110,0.0380154949232472,0.00011635724125092187,0.001288503883659593,4.898311284784556e-05
2011,E09000003,357538,165308,214,138470,0.001545461110709901,552.5610746009966,female,30-34,15418,0.04312268905682753,6.664443892656237e-05,0.0012945531976673846,5.582461501053241e-05
2011,E09000003,357538,165308,214,138470,0.001545461110709901,552.5610746009966,male,30-34,15040,0.04206545877640978,6.501053064311181e-05,0.0012945531976673846,5.445597417034682e-05
2011,E09000004,232774,165308,4151,34157,0.12152706619433791,28288.341306320814,female,30-34,7589,0.032602438416661654,0.003962078691558466,0.025110702446342583,0.0008186701301059992
2011,E09000004,232774,165308,4151,34157,0.12152706619433791,28288.341306320814,male,30-34,6992,0.030037718989234193,0.0036503958639315845,0.025110702446342583,0.0007542682237055141
2011,E09000005,312245,165308,417,114282,0.0036488685882291173,1139.3409723316008,female,30-34,14670,0.046982337587471376,0.00017143237582450046,0.0025225639412490624,0.00011851595067374577
2011,E09000005,312245,165308,417,114282,0.0036488685882291173,1139.3409723316008,male,30-34,15954,0.0510944931063748,0.0001864370909273402,0.0025225639412490624,0.00012888912590653987
2011,E09000006,310554,165308,10197,36965,0.2758555390234005,85668.04106587311,female,30-34,11020,0.035484972017748924,0.009788726083186412,0.061684854937450094,0.0021888853513743183
2011,E09000006,310554,165308,10197,36965,0.2758555390234005,85668.04106587311,male,30-34,10195,0.03282842919427861,0.009055904030679263,0.061684854937450094,0.002025016892673428
2011,E09000007,220087,165308,382,72962,0.005235602094240838,1152.2879581151833,female,30-34,12101,0.0549828022554717,0.0002878680746359775,0.0023108379509763593,0.00012705634610297257
2011,E09000007,220087,165308,382,72962,0.005235602094240838,1152.2879581151833,male,30-34,12555,0.05704562286732065,0.00029866818255141705,0.0023108379509763593,0.0001318231902588894
2011,E09000008,364815,165308,8115,136880,0.05928550555230859,21628.24170806546,female,30-34,14806,0.04058495401778984,0.002406099516761868,0.04909018317322816,0.0019923228268103454
2011,E09000008,364815,165308,8115,136880,0.05928550555230859,21628.24170806546,male,30-34,14027,0.03844962515247454,0.0022795054654612132,0.04909018317322816,0.0018874991416769358
2011,E09000009,339314,165308,312,135612,0.0023006813556322447,780.6533935049995,female,30-34,16294,0.048020417666232454,0.00011047967961437428,0.0018873859704309531,9.063306259748183e-05
2011,E09000009,339314,165308,312,135612,0.0023006813556322447,780.6533935049995,male,30-34,17527,0.051654219985028615,0.00011883990085928183,0.0018873859704309531,9.749145011329717e-05
2011,E09000010,313935,165308,223,122444,0.0018212407304563718,571.7512087158211,female,30-34,12633,0.04024081418127957,7.328820981367272e-05,0.0013489970237375083,5.4284738563320254e-05
2011,E09000010,313935,165308,223,122444,0.0018212407304563718,571.7512087158211,male,30-34,11775,0.0375077643461226,6.831066813551779e-05,0.0013489970237375083,5.059786246996722e-05
2011,E09000011,255483,165308,5537,32537,0.1701754925162123,43476.94535451947,female,30-34,12359,0.048375038652278234,0.008232246028142256,0.033495051661141625,0.0016203244187677824
2011,E09000011,255483,165308,5537,32537,0.1701754925162123,43476.94535451947,male,30-34,12866,0.0503595151145086,0.008569955287489139,0.033495051661141625,0.001686794560390508
2011,E09000012,247182,165308,409,88435,0.004624865720585741,1143.1835585458246,female,30-34,14615,0.05912647361053799,0.0002734520009804946,0.00247416942918673,0.00014628891346280903
2011,E09000012,247182,165308,409,88435,0.004624865720585741,1143.1835585458246,male,30-34,15945,0.06450712430516785,0.00029833678793253406,0.00247416942918673,0.00015960155492059457
2011,E09000013,182445,165308,389,63620,0.006114429424709211,1115.5470763910719,female,30-34,11188,0.06132259036970046,0.00037495265095588616,0.0023531831490309,0.00014430328631290367
2011,E09000013,182445,165308,389,63620,0.006114429424709211,1115.5470763910719,male,30-34,10922,0.05986461673381019,0.00036603797405614845,0.0023531831490309,0.00014087240732119538
2011,E09000014,255540,165308,300,94034,0.003190335410596167,815.2583108237445,female,30-34,13608,0.05325193707443062,0.00016989154053139488,0.001814794202337455,9.664130666591567e-05
2011,E09000014,255540,165308,300,94034,0.003190335410596167,815.2583108237445,male,30-34,15048,0.058887062690772485,0.00018786948132836788,0.001814794202337455,0.00010686789996389615
2011,E09000015,240499,165308,72,85681,0.0008403263267235443,202.09764125068568,female,30-34,9655,0.0401456970715055,3.3735486153854364e-05,0.0004355506085609892,1.748548279059934e-05
2011,E09000015,240499,165308,72,85681,0.0008403263267235443,202.09764125068568,male,30-34,10113,0.04205007089426567,3.53357816130429e-05,0.0004355506085609892,1.831493396803015e-05
2011,E09000016,237927,165308,101,84891,0.0011897609876194179,283.07626250132523,female,30-34,7549,0.03172821915965821,3.774899736280029e-05,0.0006109807147869432,1.9385330021084762e-05
2011,E09000016,237927,165308,101,84891,0.0011897609876194179,283.07626250132523,male,30-34,6977,0.029324120423491237,3.488869447612368e-05,0.0006109807147869432,1.7916472056843074e-05
2011,E09000017,275499,165308,102,107741,0.0009467148068052088,260.8189825600282,female,30-34,10905,0.03958272080842399,3.7473547882971635e-05,0.0006170300287947347,2.44237273601958e-05
2011,E09000017,275499,165308,102,107741,0.0009467148068052088,260.8189825600282,male,30-34,10890,0.039528274149815426,3.7422002425085837e-05,0.0006170300287947347,2.4390132136866778e-05
2011,E09000018,254927,165308,214,93861,0.002279967185519012,581.2251947028052,female,30-34,12426,0.048743365747841536,0.00011113327441683007,0.0012945531976673846,6.310087999393913e-05
2011,E09000018,254927,165308,214,93861,0.002279967185519012,581.2251947028052,male,30-34,13357,0.0523953916219153,0.00011945977357038464,0.0012945531976673846,6.782862176718533e-05
2011,E09000019,206285,165308,347,78519,0.004419312523083585,911.6378838242973,female,30-34,12307,0.05966017887873573,0.00026365697564820364,0.0020991119607036562,0.00012523339506207383
2011,E09000019,206285,165308,347,78519,0.004419312523083585,911.6378838242973,male,30-34,12863,0.062355479070218385,0.0002755683495378925,0.0020991119607036562,0.00013089113193170192
2011,E09000020,158251,165308,366,50701,0.007218792528746967,1142.3811364667363,female,30-34,8825,0.05576584034224112,0.0004025620316218664,0.002214048926851695,0.0001234682989647219
2011,E09000020,158251,165308,366,50701,0.007218792528746967,1142.3811364667363,male,30-34,9379,0.05926660810990136,0.0004278333478279303,0.002214048926851695,0.00013121917008386707
2011,E09000021,160436,165308,240,51416,0.004667807686323323,748.8843939629687,female,30-34,6761,0.04214141464509212,0.00019670801919289925,0.001451835361869964,6.118239598096952e-05
2011,E09000021,160436,165308,240,51416,0.004667807686323323,748.8843939629687,male,30-34,6594,0.04110050113440874,0.00019184923510693358,0.001451835361869964,5.967116093751117e-05
2011,E09000022,304481,165308,39410,108324,0.36381595952882095,110775.04717329494,female,30-34,18518,0.06081824481658954,0.022126648094806266,0.23840346504706367,0.014499280302355566
2011,E09000022,304481,165308,39410,108324,0.36381595952882095,110775.04717329494,male,30-34,18882,0.062013721710057444,0.022561581667897825,0.23840346504706367,0.014784286136142013
2011,E09000023,276938,165308,22020,112394,0.19591793156218304,54257.12013096784,female,30-34,14101,0.05091753388845157,0.00997565791967279,0.1332058944515692,0.006782515644879277
2011,E09000023,276938,165308,22020,112394,0.19591793156218304,54257.12013096784,male,30-34,14598,0.05271215940029898,0.01032725723788266,0.1332058944515692,0.007021570341390517
2011,E09000024,200543,165308,921,75416,0.01221226264983558,2449.0837885859764,female,30-34,10563,0.05267199553213027,0.000643244243729341,0.005571418201175986,0.00029345771459997084
2011,E09000024,200543,165308,921,75416,0.01221226264983558,2449.0837885859764,male,30-34,10605,0.052881426925896195,0.0006458018749171316,0.005571418201175986,0.00029462454447909593
2011,E09000025,310460,165308,426,112342,0.0037919923091986967,1177.2619323138274,female,30-34,14778,0.04760033498679379,0.00018050010418520367,0.002577007767319186,0.0001226664329879628
2011,E09000025,310460,165308,426,112342,0.0037919923091986967,1177.2619323138274,male,30-34,17663,0.056892997487599045,0.00021573780892023635,0.002577007767319186,0.00014661369643161369
2011,E09000026,281395,165308,222,102662,0.002162435954881066,608.4986655237576,female,30-34,12177,0.04327369000870662,9.357658317520475e-05,0.0013429477097297166,5.8114302888746276e-05
2011,E09000026,281395,165308,222,102662,0.002162435954881066,608.4986655237576,male,30-34,12161,0.04321683043408731,9.345362798666872e-05,0.0013429477097297166,5.803794345323507e-05
2011,E09000027,187527,165308,203,62176,0.0032649253731343282,612.2616604477612,female,30-34,8344,0.04449492606398012,0.00014527261308202463,0.0012280107435816779,5.464024724144e-05
2011,E09000027,187527,165308,203,62176,0.0032649253731343282,612.2616604477612,male,30-34,7724,0.04118873548875628,0.00013447814758455875,0.0012280107435816779,5.0580209694736646e-05
2011,E09000028,288717,165308,48341,102300,0.47254154447702834,136430.7770967742,female,30-34,16247,0.05627309787785271,0.026591376583707506,0.2924298884506497,0.01645593573519296
2011,E09000028,288717,165308,48341,102300,0.47254154447702834,136430.7770967742,male,30-34,16307,0.056480913836040134,0.026689578257556364,0.2924298884506497,0.016516707332663975
2011,E09000029,191123,165308,522,74422,0.007014054983741367,1340.5472306576012,female,30-34,7462,0.039042920004395076,0.00027384918763664277,0.0031577419120671717,0.00012328746486736414
2011,E09000029,191123,165308,522,74422,0.007014054983741367,1340.5472306576012,male,30-34,7023,0.03674596987280442,0.00025773825311875396,0.0031577419120671717,0.00011603428916691213
2011,E09000030,256012,165308,312,76079,0.004101000276028864,1049.9052826667016,female,30-34,15780,0.0616377357311376,0.0002527763712471895,0.0018873859704309531,0.00011633419766807978
2011,E09000030,256012,165308,312,76079,0.004101000276028864,1049.9052826667016,male,30-34,17939,0.07007093417496055,0.00028736092039311357,0.0018873859704309531,0.00013225089809681135
2011,E09000031,259742,165308,333,98132,0.0033933884971263195,881.4055150205845,female,30-34,11943,0.045980241932379054,0.00015602882406842033,0.002014421564594575,9.262359089386008e-05
2011,E09000031,259742,165308,333,98132,0.0033933884971263195,881.4055150205845,male,30-34,12507,0.04815162738409653,0.00016339717848310584,0.002014421564594575,9.69976765728467e-05
2011,E09000032,307710,165308,2574,105396,0.024422179209837185,7514.948764659,female,30-34,21101,0.0685743069773488,0.001674734014191201,0.015570934256055362,0.0010677660255988567
2011,E09000032,307710,165308,2574,105396,0.024422179209837185,7514.948764659,male,30-34,21178,0.06882454258880115,0.0016808453131387732,0.015570934256055362,0.001071662427853305
2011,E09000033,219582,165308,836,72308,0.011561652929136471,2538.7308734856447,female,30-34,12443,0.056666757748813655,0.0006551613857112383,0.005057226510513707,0.0002865766295521585
2011,E09000033,219582,165308,836,72308,0.011561652929136471,2538.7308734856447,male,30-34,14529,0.06616662567970052,0.000764995561600786,0.005057226510513707,0.00033461961349861853
2011,E06000033,174274,165308,107,64508,0.001658708997333664,289.069851801327,female,35-39,6109,0.03505399543247989,5.814437761634756e-05,0.0006472765988336923,2.268963093906737e-05
2011,E06000033,174274,165308,107,64508,0.001658708997333664,289.069851801327,male,35-39,6062,0.0347843051746101,5.7697039959125696e-05,0.0006472765988336923,2.2515066746214828e-05
2011,E06000034,158268,165308,159,53689,0.0029615004935834156,468.71076011846003,female,35-39,6112,0.038618040286097,0.00011436734536850049,0.0009618409272388511,3.7144411676926844e-05
2011,E06000034,158268,165308,159,53689,0.0029615004935834156,468.71076011846003,male,35-39,6038,0.03815047893446559,0.00011298266219486354,0.0009618409272388511,3.669469203293264e-05
2011,E06000035,264885,165308,1714,99212,0.017276135951296213,4576.189271459098,female,35-39,8631,0.032583951526133983,0.0005629247763959364,0.010368524209354659,0.0003378474902351589
2011,E06000035,264885,165308,1714,99212,0.017276135951296213,4576.189271459098,male,35-39,8641,0.032621703758234706,0.0005635769890901734,0.010368524209354659,0.00033823892516765243
2011,E06000038,155339,165308,10,47360,0.00021114864864864866,32.799619932432435,female,35-39,5668,0.036487939281185024,7.704379071196163e-06,6.049314007791517e-05,2.207270022091189e-06
2011,E06000038,155339,165308,10,47360,0.00021114864864864866,32.799619932432435,male,35-39,6472,0.041663716130527426,8.797237358641772e-06,6.049314007791517e-05,2.5203690160504894e-06
2011,E06000039,140713,165308,8,54239,0.0001474953446781836,20.754512435701248,female,35-39,5457,0.03878106500465486,5.720026549848613e-06,4.839451206233213e-05,1.8767907181578562e-06
2011,E06000039,140713,165308,8,54239,0.0001474953446781836,20.754512435701248,male,35-39,6182,0.04393339634575341,6.479971436900151e-06,4.839451206233213e-05,2.126135279393782e-06
2011,E06000042,249895,165308,14,88445,0.00015829046299960426,39.555995251286106,female,35-39,9804,0.039232477640609054,6.210127050353629e-06,8.469039610908124e-05,3.3226140717238537e-06
2011,E06000042,249895,165308,14,88445,0.00015829046299960426,39.555995251286106,male,35-39,9879,0.03953260369355129,6.257634142232099e-06,8.469039610908124e-05,3.3480318660301867e-06
2011,E06000043,272952,165308,253,87037,0.002906809747578616,793.4195342210784,female,35-39,10527,0.03856722061021718,0.0001121075728067942,0.0015304764439712537,5.9026222653380034e-05
2011,E06000043,272952,165308,253,87037,0.002906809747578616,793.4195342210784,male,35-39,11060,0.040519944898736775,0.00011778377080299647,0.0015304764439712537,6.20148211785298e-05
2011,E06000044,205433,165308,17,68264,0.0002490331653580218,51.15963025899449,female,35-39,6547,0.03186927124658648,7.93650549619082e-06,0.00010283833813245579,3.2773828924914108e-06
2011,E06000044,205433,165308,17,68264,0.0002490331653580218,51.15963025899449,male,35-39,6891,0.03354378313123987,8.35351449125568e-06,0.00010283833813245579,3.449586911892212e-06
2011,E06000047,512994,165308,10,231893,4.3123337056314764e-05,22.122013169867135,female,35-39,15265,0.029756683314034863,1.2832074842291428e-06,6.049314007791517e-05,1.800075211970072e-06
2011,E06000047,512994,165308,10,231893,4.3123337056314764e-05,22.122013169867135,male,35-39,14723,0.02870014074238685,1.2376458427976199e-06,6.049314007791517e-05,1.7361616341850879e-06
2011,E06000060,506550,165308,25,163754,0.00015266802642988872,77.33398878806014,female,35-39,16899,0.033360971276280724,5.093153644533984e-06,0.00015123285019478792,5.0452747713783856e-06
2011,E06000060,506550,165308,25,163754,0.00015266802642988872,77.33398878806014,male,35-39,16632,0.03283387622149837,5.012683082779409e-06,0.00015123285019478792,4.965560683920073e-06
2011,E07000008,122725,165308,24,34511,0.000695430442467619,85.34670105183854,female,35-39,3972,0.032365043797107355,2.2507636728306236e-05,0.0001451835361869964,4.6988715073110586e-06
2011,E07000008,122725,165308,24,34511,0.000695430442467619,85.34670105183854,male,35-39,4470,0.036422896720309635,2.532959118215732e-05,0.0001451835361869964,5.288004944028306e-06
2011,E07000061,99308,165308,203,40047,0.0050690438734486976,503.3966089844433,female,35-39,2988,0.03008821041607927,0.0001525184586726619,0.0012280107435816779,3.694864564609149e-05
2011,E07000061,99308,165308,203,40047,0.0050690438734486976,503.3966089844433,male,35-39,2840,0.028597897450356468,0.0001449639968642436,0.0012280107435816779,3.511852531288482e-05
2011,E07000062,90173,165308,190,36006,0.005276898294728657,475.8337499305672,female,35-39,2749,0.030485843877879188,0.00016087069757254475,0.0011493696614803882,3.5039504057861966e-05
2011,E07000062,90173,165308,190,36006,0.005276898294728657,475.8337499305672,male,35-39,2902,0.0321825823694454,0.00016982421402529096,0.0011493696614803882,3.698968380353417e-05
2011,E07000063,97584,165308,120,35106,0.003418219107844813,333.56349341992825,female,35-39,2908,0.029799967207738972,0.00010186281732264219,0.000725917680934982,2.1632323087380386e-05
2011,E07000063,97584,165308,120,35106,0.003418219107844813,333.56349341992825,male,35-39,2531,0.025936628955566487,8.865708068899843e-05,0.000725917680934982,1.882785754269593e-05
2011,E07000064,90729,165308,226,36720,0.0061546840958605666,558.4083333333333,female,35-39,2144,0.023630812639839523,0.00014544018672668117,0.0013671449657608828,3.230674653739524e-05
2011,E07000064,90729,165308,226,36720,0.0061546840958605666,558.4083333333333,male,35-39,1887,0.020798201236649803,0.0001280063583737161,0.0013671449657608828,2.8434156117567545e-05
2011,E07000065,149415,165308,638,56293,0.011333558346508447,1693.4036203435596,female,35-39,4261,0.02851788642371917,0.0003232091297023223,0.0038594623369709873,0.00011006370858236038
2011,E07000065,149415,165308,638,56293,0.011333558346508447,1693.4036203435596,male,35-39,3653,0.02444868319780477,0.0002770905775176211,0.0038594623369709873,9.435877199046291e-05
2011,E07000066,174971,165308,111,62378,0.0017794735323351182,311.356263426208,female,35-39,6116,0.034954363866012084,6.220036533917954e-05,0.0006714738548648583,2.3470941449460044e-05
2011,E07000066,174971,165308,111,62378,0.0017794735323351182,311.356263426208,male,35-39,5750,0.032862588657548965,5.8478106720124645e-05,0.0006714738548648583,2.206636908672257e-05
2011,E07000067,147514,165308,9,48494,0.00018558996989318267,27.377118818822947,female,35-39,5072,0.03438317718996163,6.381172819516944e-06,5.444382607012365e-05,1.8719517186685138e-06
2011,E07000067,147514,165308,9,48494,0.00018558996989318267,27.377118818822947,male,35-39,4854,0.03290535135648142,6.106903167573984e-06,5.444382607012365e-05,1.7914932260285818e-06
2011,E07000068,73841,165308,36,24621,0.0014621664432801268,107.96783233824785,female,35-39,2466,0.033396080768136945,4.883062863624264e-05,0.0002177753042804946,7.2728416510569965e-06
2011,E07000068,73841,165308,36,24621,0.0014621664432801268,107.96783233824785,male,35-39,2248,0.0304437913896074,4.45138901761044e-05,0.0002177753042804946,6.629905933323653e-06
2011,E07000069,87964,165308,11,33361,0.00032972632714846676,29.00404664128773,female,35-39,2578,0.02930744395434496,9.6634358531757e-06,6.654245408570669e-05,1.9501892437014217e-06
2011,E07000069,87964,165308,11,33361,0.00032972632714846676,29.00404664128773,male,35-39,2460,0.02796598608521668,9.221121876963623e-06,6.654245408570669e-05,1.8609253450370428e-06
2011,E07000071,173614,165308,8,59731,0.00013393380321775962,23.25278331184812,female,35-39,5779,0.033286486112871085,4.458185680851964e-06,4.839451206233213e-05,1.6108832537019907e-06
2011,E07000071,173614,165308,8,59731,0.00013393380321775962,23.25278331184812,male,35-39,5860,0.03375303834944186,4.5206727962956405e-06,4.839451206233213e-05,1.6334618215424232e-06
2011,E07000072,124880,165308,22,48938,0.00044954840818995463,56.13960521476153,female,35-39,4300,0.034433055733504164,1.5479325394112786e-05,0.00013308490817141337,4.5825200603545605e-06
2011,E07000072,124880,165308,22,48938,0.00044954840818995463,56.13960521476153,male,35-39,3989,0.031942664958360026,1.4359774185375793e-05,0.00013308490817141337,4.2510866327335674e-06
2011,E07000073,82177,165308,9,34960,0.0002574370709382151,21.155406178489702,female,35-39,2921,0.03554522554972803,9.15065875136019e-06,5.444382607012365e-05,1.935218077452708e-06
2011,E07000073,82177,165308,9,34960,0.0002574370709382151,21.155406178489702,male,35-39,2745,0.033403507064020344,8.599301017625375e-06,5.444382607012365e-05,1.8186147287256702e-06
2011,E07000074,61720,165308,8,20947,0.0003819162648589297,23.57187186709314,female,35-39,1915,0.031027219701879456,1.1849799857499197e-05,4.839451206233213e-05,1.5015471581232345e-06
2011,E07000074,61720,165308,8,20947,0.0003819162648589297,23.57187186709314,male,35-39,1743,0.028240440699935192,1.0785483630089346e-05,4.839451206233213e-05,1.3666823480985888e-06
2011,E07000075,83333,165308,13,29337,0.00044312642737839587,36.92705457272386,female,35-39,2666,0.03199212796851188,1.4176557370919126e-05,7.864108210128971e-05,2.5158955621667093e-06
2011,E07000075,83333,165308,13,29337,0.00044312642737839587,36.92705457272386,male,35-39,2562,0.030744122976491907,1.3623533377454913e-05,7.864108210128971e-05,2.4177510991264473e-06
2011,E07000085,116010,165308,9,39594,0.0002273071677526898,26.369904530989544,female,35-39,3596,0.030997327816567537,7.045914793885635e-06,5.444382607012365e-05,1.6876131242838087e-06
2011,E07000085,116010,165308,9,39594,0.0002273071677526898,26.369904530989544,male,35-39,3351,0.028885440910266357,6.5658677626003234e-06,5.444382607012365e-05,1.5726339208773756e-06
2011,E07000095,93702,165308,9,36221,0.00024847464178239144,23.282570884293644,female,35-39,3260,0.03479114640029028,8.644717639010865e-06,5.444382607012365e-05,1.8941631233976127e-06
2011,E07000095,93702,165308,9,36221,0.00024847464178239144,23.282570884293644,male,35-39,2981,0.031813621907750105,7.904878307328648e-06,5.444382607012365e-05,1.7320552978062219e-06
2011,E07000103,90653,165308,10,32552,0.0003072007864340133,27.848672892602604,female,35-39,3570,0.03938093609698521,1.2097854539501478e-05,6.049314007791517e-05,2.382276483714352e-06
2011,E07000103,90653,165308,10,32552,0.0003072007864340133,27.848672892602604,male,35-39,3770,0.04158715100437934,1.2775605494095398e-05,6.049314007791517e-05,2.5157373511493298e-06
2011,E07000105,118405,165308,683,38958,0.0175317008059962,2075.8410339339803,female,35-39,3889,0.03284489675267092,0.0005758269028716627,0.004131681467321606,0.00013570465120910202
2011,E07000105,118405,165308,683,38958,0.0175317008059962,2075.8410339339803,male,35-39,3584,0.03026899201891812,0.0005306669117747594,0.004131681467321606,0.0001250618333590696
2011,E07000106,150600,165308,838,52154,0.01606779921003183,2419.8105610307935,female,35-39,4115,0.027324037184594953,0.0004390371430895151,0.005069325138529291,0.00013851442858597632
2011,E07000106,150600,165308,838,52154,0.01606779921003183,2419.8105610307935,male,35-39,3664,0.024329349269588314,0.0003909190989744796,0.005069325138529291,0.00012333338185638328
2011,E07000107,97604,165308,1205,33838,0.03561085170518352,3475.761569832732,female,35-39,3491,0.03576697676324741,0.0012736925054587483,0.007289423379388777,0.0002607206366280708
2011,E07000107,97604,165308,1205,33838,0.03561085170518352,3475.761569832732,male,35-39,3533,0.03619728699643457,0.0012890162193599994,0.007289423379388777,0.0002638573501022555
2011,E07000108,111718,165308,643,40077,0.016044115078473937,1792.4164483369514,female,35-39,3205,0.028688304480925186,0.0004602784584982632,0.003889708907009945,0.00011158915346646801
2011,E07000108,111718,165308,643,40077,0.016044115078473937,1792.4164483369514,male,35-39,3030,0.027121860398503374,0.0004351462493758931,0.003889708907009945,0.00010549614196673887
2011,E07000109,101766,165308,1146,35711,0.032090952367617824,3265.7678586429956,female,35-39,3306,0.032486292081834796,0.0010425160517986804,0.006932513852929078,0.0002252116698876199
2011,E07000109,101766,165308,1146,35711,0.032090952367617824,3265.7678586429956,male,35-39,3249,0.031926183597665234,0.0010245416371124966,0.006932513852929078,0.00022132871006197132
2011,E07000110,155764,165308,1006,47534,0.02116379854419994,3296.5579164387595,female,35-39,5198,0.03337099714953391,0.0007062570608918062,0.006085609891838265,0.00020308287035371013
2011,E07000110,155764,165308,1006,47534,0.02116379854419994,3296.5579164387595,male,35-39,4936,0.031688965357849055,0.0006706588789076481,0.006085609891838265,0.00019284668104384633
2011,E07000111,115351,165308,1493,33141,0.045049938143085604,5196.555414743068,female,35-39,3817,0.033090306976099035,0.0014907162824089755,0.009031625813632734,0.00029885927066636736
2011,E07000111,115351,165308,1493,33141,0.045049938143085604,5196.555414743068,male,35-39,3535,0.03064559474993715,0.0013805821478427374,0.009031625813632734,0.00027677954461766016
2011,E07000112,108199,165308,674,39104,0.017236088379705403,1864.927526595745,female,35-39,3095,0.028604700597972255,0.0004930331475816618,0.004077237641251482,0.00011662816199478125
2011,E07000112,108199,165308,674,39104,0.017236088379705403,1864.927526595745,male,35-39,3066,0.028336675939703695,0.0004884134508838045,0.004077237641251482,0.0001155353617693051
2011,E07000113,136324,165308,898,51193,0.017541460746586447,2391.322094817651,female,35-39,4253,0.031197734808250933,0.0005472538405213474,0.005432283978996782,0.00016947495497985179
2011,E07000113,136324,165308,898,51193,0.017541460746586447,2391.322094817651,male,35-39,4204,0.030838296998327516,0.0005409487762877368,0.005432283978996782,0.0001675223867235591
2011,E07000114,134402,165308,826,52563,0.015714475962178717,2112.056998268744,female,35-39,3800,0.02827338878885731,0.00044430148849183143,0.004996733370435793,0.00014127458525658854
2011,E07000114,134402,165308,826,52563,0.015714475962178717,2112.056998268744,male,35-39,3408,0.025356765524322554,0.00039846828231056877,0.004996733370435793,0.00012670099646169836
2011,E07000115,121087,165308,974,37881,0.025712098413452653,3113.4008605897416,female,35-39,4368,0.03607323659847878,0.0009275186095118484,0.005892031843588937,0.00021254465873955485
2011,E07000115,121087,165308,974,37881,0.025712098413452653,3113.4008605897416,male,35-39,3988,0.03293499715080892,0.0008468278879883817,0.005892031843588937,0.00019405405198107709
2011,E07000116,115246,165308,906,38118,0.023768298441681095,2739.2013222099795,female,35-39,4000,0.03470836298006005,0.000824958729732263,0.005480678491059114,0.0001902253784446875
2011,E07000116,115246,165308,906,38118,0.023768298441681095,2739.2013222099795,male,35-39,4077,0.0353764989674262,0.0008408391852796091,0.005480678491059114,0.0001938872169797477
2011,E07000130,165876,165308,8,46529,0.00017193578198542844,28.520019772614926,female,35-39,5066,0.030540885963008513,5.251071110577664e-06,4.839451206233213e-05,1.4780112741311255e-06
2011,E07000130,165876,165308,8,46529,0.00017193578198542844,28.520019772614926,male,35-39,4927,0.02970291060792399,5.106993162616689e-06,4.839451206233213e-05,1.4374578657015505e-06
2011,E07000178,150245,165308,18,41750,0.0004311377245508982,64.77628742514969,female,35-39,4704,0.03130886219175347,1.3498431603630236e-05,0.0001088876521402473,3.4091484952425923e-06
2011,E07000178,150245,165308,18,41750,0.0004311377245508982,64.77628742514969,male,35-39,4837,0.03219408299777031,1.388008368766145e-05,0.0001088876521402473,3.5055381104354636e-06
2011,E07000200,87901,165308,10,31239,0.0003201126796632415,28.13822465507859,female,35-39,2600,0.02957873061739912,9.468526718972798e-06,6.049314007791517e-05,1.7893102945652431e-06
2011,E07000200,87901,165308,10,31239,0.0003201126796632415,28.13822465507859,male,35-39,2534,0.028827885917111294,9.228171809952718e-06,6.049314007791517e-05,1.7438893409339714e-06
2011,E07000207,131428,165308,94,42682,0.0022023335363853614,289.44829202005525,female,35-39,5314,0.04043278449036735,8.904647725257791e-05,0.0005686355167324026,2.299151730160991e-05
2011,E07000207,131428,165308,94,42682,0.0022023335363853614,289.44829202005525,male,35-39,4888,0.03719146604985239,8.190801294892752e-05,0.0005686355167324026,2.114838851529342e-05
2011,E07000208,75191,165308,63,24986,0.0025214119907148004,189.58748899383656,female,35-39,2693,0.03581545663709752,9.030552181770368e-05,0.00038110678249086554,1.3649513442405352e-05
2011,E07000208,75191,165308,63,24986,0.0025214119907148004,189.58748899383656,male,35-39,2631,0.03499088986713835,8.822644927678366e-05,0.00038110678249086554,1.3335265453757327e-05
2011,E07000209,137580,165308,31,46466,0.0006671544785434512,91.78711315800801,female,35-39,4789,0.03480883849396715,2.3222872494145863e-05,0.00018752873424153702,6.527657423191748e-06
2011,E07000209,137580,165308,31,46466,0.0006671544785434512,91.78711315800801,male,35-39,4964,0.03608082570141009,2.4071484456241396e-05,0.00018752873424153702,6.766191574174951e-06
2011,E07000210,85637,165308,54,29167,0.0018514074124867145,158.54897658312478,female,35-39,2703,0.03156345971951376,5.8436823288433616e-05,0.0003266629564207419,1.0310613066843366e-05
2011,E07000210,85637,165308,54,29167,0.0018514074124867145,158.54897658312478,male,35-39,2465,0.02878428716559431,5.329144262152751e-05,0.0003266629564207419,9.402760343976654e-06
2011,E07000211,138375,165308,168,49074,0.0034234013938134245,473.7131678689326,female,35-39,5114,0.03695754290876242,0.00012652050390577673,0.0010162847533089748,3.755938737793747e-05
2011,E07000211,138375,165308,168,49074,0.0034234013938134245,473.7131678689326,male,35-39,4955,0.03580849141824752,0.0001225868394315846,0.0010162847533089748,3.639162386736022e-05
2011,E07000212,80501,165308,9,27370,0.0003288271830471319,26.470917062477163,female,35-39,2938,0.036496441037999525,1.2001021897771125e-05,5.444382607012365e-05,1.987005888051369e-06
2011,E07000212,80501,165308,9,27370,0.0003288271830471319,26.470917062477163,male,35-39,2822,0.035055465149501246,1.1527189855517399e-05,5.444382607012365e-05,1.908553647406727e-06
2011,E07000213,95852,165308,38,34747,0.0010936195930583935,104.82562523383314,female,35-39,3354,0.03499144514459792,3.8267329999560275e-05,0.00022987393229607762,8.043621092111216e-06
2011,E07000213,95852,165308,38,34747,0.0010936195930583935,104.82562523383314,male,35-39,3300,0.0344280766181196,3.7651219140891146e-05,0.00022987393229607762,7.914117353597798e-06
2011,E07000214,86378,165308,31,33770,0.0009179745336097127,79.29280426413976,female,35-39,3051,0.03532149389890944,3.242423188824971e-05,0.00018752873424153702,6.62379504238266e-06
2011,E07000214,86378,165308,31,33770,0.0009179745336097127,79.29280426413976,male,35-39,2982,0.034522679385954755,3.169094050827946e-05,0.00018752873424153702,6.473994367874498e-06
2011,E07000215,83178,165308,347,29248,0.0118640590809628,986.8287062363238,female,35-39,2773,0.03333814229724206,0.00039552568986402466,0.0020991119607036562,6.998049324378127e-05
2011,E07000215,83178,165308,347,29248,0.0118640590809628,986.8287062363238,male,35-39,2440,0.029334679843227778,0.00034802837478118293,0.0020991119607036562,6.157677732233189e-05
2011,E07000216,121754,165308,16,43976,0.00036383481899217757,44.298344551573585,female,35-39,4246,0.03487359758200963,1.2688229063856514e-05,9.678902412466426e-05,3.375381477678963e-06
2011,E07000216,121754,165308,16,43976,0.00036383481899217757,44.298344551573585,male,35-39,4035,0.03314059497018578,1.2057702372270615e-05,9.678902412466426e-05,3.2076458460750387e-06
2011,E07000217,99493,165308,25,33858,0.0007383779313603875,73.46343552483903,female,35-39,3939,0.03959072497562643,2.923291760856107e-05,0.00015123285019478792,5.98741817934196e-06
2011,E07000217,99493,165308,25,33858,0.0007383779313603875,73.46343552483903,male,35-39,4159,0.04180193581457992,3.0865626893629215e-05,0.00015123285019478792,6.3218258968985056e-06
2011,E07000223,61334,165308,37,24872,0.0014876165969765198,91.24147635895787,female,35-39,2069,0.033733328985554506,5.018226007017999e-05,0.00022382461828828612,7.550349483784915e-06
2011,E07000223,61334,165308,37,24872,0.0014876165969765198,91.24147635895787,male,35-39,1828,0.02980402386930577,4.4336960564663614e-05,0.00022382461828828612,6.670874266002332e-06
2011,E07000224,149811,165308,31,61570,0.0005034919603703102,75.42863407503654,female,35-39,4166,0.027808371881904534,1.4001291673526726e-05,0.00018752873424153702,5.214868780331506e-06
2011,E07000224,149811,165308,31,61570,0.0005034919603703102,75.42863407503654,male,35-39,3839,0.025625621616570213,1.2902294463434735e-05,0.00018752873424153702,4.8055403859079815e-06
2011,E07000225,113995,165308,8,44206,0.0001809709089263901,20.62977876306384,female,35-39,3223,0.028273169875871747,5.116621250666742e-06,4.839451206233213e-05,1.3682662605982406e-06
2011,E07000225,113995,165308,8,44206,0.0001809709089263901,20.62977876306384,male,35-39,2856,0.025053730426773103,4.533996367329884e-06,4.839451206233213e-05,1.2124630593448885e-06
2011,E07000226,107053,165308,93,37608,0.0024728781110402043,264.729020421187,female,35-39,4005,0.037411375673731706,9.251377200747311e-05,0.000562586202724611,2.1047123778988605e-05
2011,E07000226,107053,165308,93,37608,0.0024728781110402043,264.729020421187,male,35-39,4103,0.03832681008472439,9.477752972450991e-05,0.000562586202724611,2.156213454811242e-05
2011,E07000227,131540,165308,61,45394,0.0013437899281843416,176.7621271533683,female,35-39,4257,0.03236277938269728,4.3488776982520465e-05,0.0003690081544752825,1.1942129493699845e-05
2011,E07000227,131540,165308,61,45394,0.0013437899281843416,176.7621271533683,male,35-39,3800,0.028888551011099287,3.88201438885548e-05,0.0003690081544752825,1.0660110894070803e-05
2011,E07000228,140188,165308,399,44892,0.008887997861534349,1245.9906442127774,female,35-39,4905,0.034988729420492484,0.0003109797522671412,0.002413676289108815,8.445146658828672e-05
2011,E07000228,140188,165308,399,44892,0.008887997861534349,1245.9906442127774,male,35-39,4479,0.03194995292036408,0.0002839711132323191,0.002413676289108815,7.711684380202573e-05
2011,E07000229,104998,165308,33,39714,0.0008309412297930201,87.24716724580752,female,35-39,3503,0.03336254023886169,2.772231021509885e-05,0.00019962736225712004,6.660075906080987e-06
2011,E07000229,104998,165308,33,39714,0.0008309412297930201,87.24716724580752,male,35-39,3336,0.03177203375302387,2.6400692799762997e-05,0.00019962736225712004,6.342567291660342e-06
2011,E07000241,110727,165308,12,36606,0.00032781511227667593,36.2979839370595,female,35-39,3504,0.03164539814137473,1.0373839744754868e-05,7.25917680934982e-05,2.2971954031050932e-06
2011,E07000241,110727,165308,12,36606,0.00032781511227667593,36.2979839370595,male,35-39,3347,0.030227496455245785,9.90903014431922e-06,7.25917680934982e-05,2.194267412726241e-06
2011,E07000242,138155,165308,8,44545,0.00017959366932315636,24.81176338534067,female,35-39,5153,0.03729868625818827,6.69860792604122e-06,4.839451206233213e-05,1.8050517220310337e-06
2011,E07000242,138155,165308,8,44545,0.00017959366932315636,24.81176338534067,male,35-39,4893,0.03541674206507184,6.360622662938034e-06,4.839451206233213e-05,1.7139759510766249e-06
2011,E08000035,750683,165308,8,281107,2.845891422127517e-05,21.36362310436951,female,35-39,24646,0.032831434840005704,9.343469878731075e-07,4.839451206233213e-05,1.5888612693883273e-06
2011,E08000035,750683,165308,8,281107,2.845891422127517e-05,21.36362310436951,male,35-39,25134,0.0334815095053438,9.528474070113885e-07,4.839451206233213e-05,1.6203213156214485e-06
2011,E09000001,7412,165308,20,2137,0.009358914365933552,69.36827328029949,female,35-39,247,0.03332433890987588,0.0003118796341588758,0.00012098628015583033,4.031787803358081e-06
2011,E09000001,7412,165308,20,2137,0.009358914365933552,69.36827328029949,male,35-39,354,0.04776038855909336,0.0004469853866082673,0.00012098628015583033,5.778351750561784e-06
2011,E09000002,187029,165308,213,69590,0.0030607845954878574,572.4554821094985,female,35-39,7487,0.04003122510412824,0.0001225269571372225,0.001288503883659593,5.158038901432063e-05
2011,E09000002,187029,165308,213,69590,0.0030607845954878574,572.4554821094985,male,35-39,7156,0.03826144608590112,0.00011711004478081531,0.001288503883659593,4.9300021876115725e-05
2011,E09000003,357538,165308,214,138470,0.001545461110709901,552.5610746009966,female,35-39,13832,0.03868679692787899,5.978894014996825e-05,0.0012945531976673846,5.00821166704945e-05
2011,E09000003,357538,165308,214,138470,0.001545461110709901,552.5610746009966,male,35-39,13379,0.03741979873467995,5.783084371503943e-05,0.0012945531976673846,4.8441920108049883e-05
2011,E09000004,232774,165308,4151,34157,0.12152706619433791,28288.341306320814,female,35-39,7792,0.033474528942235814,0.004068061294587372,0.025110702446342583,0.0008405689357999665
2011,E09000004,232774,165308,4151,34157,0.12152706619433791,28288.341306320814,male,35-39,7104,0.03051887238265442,0.003708869024223395,0.025110702446342583,0.0007663503233987374
2011,E09000005,312245,165308,417,114282,0.0036488685882291173,1139.3409723316008,female,35-39,11935,0.03822319012314048,0.00013947139778223674,0.0025225639412490624,9.642044112414149e-05
2011,E09000005,312245,165308,417,114282,0.0036488685882291173,1139.3409723316008,male,35-39,12505,0.040048679722653684,0.00014613236944003942,0.0025225639412490624,0.00010102535536299869
2011,E09000006,310554,165308,10197,36965,0.2758555390234005,85668.04106587311,female,35-39,11615,0.03740090290255479,0.010317246230146114,0.061684854937450094,0.0023070692700737482
2011,E09000006,310554,165308,10197,36965,0.2758555390234005,85668.04106587311,male,35-39,10600,0.034132550216709495,0.009415653038273682,0.061684854937450094,0.002105461408762956
2011,E09000007,220087,165308,382,72962,0.005235602094240838,1152.2879581151833,female,35-39,9555,0.043414649661270316,0.00022730183068727915,0.0023108379509763593,0.00010032422006560639
2011,E09000007,220087,165308,382,72962,0.005235602094240838,1152.2879581151833,male,35-39,9554,0.04341010600353497,0.00022727804190332445,0.0023108379509763593,0.0001003137204088753
2011,E09000008,364815,165308,8115,136880,0.05928550555230859,21628.24170806546,female,35-39,13517,0.03705165631895618,0.0021966261764197062,0.04909018317322816,0.0018188725955690555
2011,E09000008,364815,165308,8115,136880,0.05928550555230859,21628.24170806546,male,35-39,13167,0.03609226594301221,0.0021397482329598484,0.04909018317322816,0.0017717759462793335
2011,E09000009,339314,165308,312,135612,0.0023006813556322447,780.6533935049995,female,35-39,13982,0.04120666992814915,9.480341723138463e-05,0.0018873859704309531,7.777289071056776e-05
2011,E09000009,339314,165308,312,135612,0.0023006813556322447,780.6533935049995,male,35-39,14514,0.04277453921736209,9.841058487314522e-05,0.0018873859704309531,8.073206521049781e-05
2011,E09000010,313935,165308,223,122444,0.0018212407304563718,571.7512087158211,female,35-39,11527,0.03671779189959705,6.687193813996718e-05,0.0013489970237375083,4.953219199076961e-05
2011,E09000010,313935,165308,223,122444,0.0018212407304563718,571.7512087158211,male,35-39,10729,0.03417586443053498,6.224247629944547e-05,0.0013489970237375083,4.6103139400448266e-05
2011,E09000011,255483,165308,5537,32537,0.1701754925162123,43476.94535451947,female,35-39,10396,0.04069155286261708,0.00692470504964535,0.033495051661141625,0.0013629656653054345
2011,E09000011,255483,165308,5537,32537,0.1701754925162123,43476.94535451947,male,35-39,11111,0.04349017351448042,0.007400961697442237,0.033495051661141625,0.0014567056086195347
2011,E09000012,247182,165308,409,88435,0.004624865720585741,1143.1835585458246,female,35-39,10710,0.04332839769886157,0.000200388021245371,0.00247416942918673,0.00010720179700216796
2011,E09000012,247182,165308,409,88435,0.004624865720585741,1143.1835585458246,male,35-39,10821,0.04377745952375173,0.00020246487188572913,0.00247416942918673,0.00010831285204112598
2011,E09000013,182445,165308,389,63620,0.006114429424709211,1115.5470763910719,female,35-39,8396,0.04601934829674696,0.00028138205733157135,0.0023531831490309,0.0001082919549412888
2011,E09000013,182445,165308,389,63620,0.006114429424709211,1115.5470763910719,male,35-39,8789,0.04817342212721642,0.00029455298974358983,0.0023531831490309,0.00011336088518091797
2011,E09000014,255540,165308,300,94034,0.003190335410596167,815.2583108237445,female,35-39,11048,0.043233935978711745,0.00013793075689233174,0.001814794202337455,7.846069635839478e-05
2011,E09000014,255540,165308,300,94034,0.003190335410596167,815.2583108237445,male,35-39,11794,0.046153244110511076,0.0001472443289996525,0.001814794202337455,8.375863983082079e-05
2011,E09000015,240499,165308,72,85681,0.0008403263267235443,202.09764125068568,female,35-39,8557,0.03558018952261756,2.9898969965668753e-05,0.0004355506085609892,1.549697319929141e-05
2011,E09000015,240499,165308,72,85681,0.0008403263267235443,202.09764125068568,male,35-39,8746,0.036366055576114664,3.0559353899700706e-05,0.0004355506085609892,1.5839257637139496e-05
2011,E09000016,237927,165308,101,84891,0.0011897609876194179,283.07626250132523,female,35-39,7491,0.03148444691018674,3.74589666505149e-05,0.0006109807147869432,1.9236389877857456e-05
2011,E09000016,237927,165308,101,84891,0.0011897609876194179,283.07626250132523,male,35-39,7146,0.0300344223228133,3.573378396536904e-05,0.0006109807147869432,1.835045281900539e-05
2011,E09000017,275499,165308,102,107741,0.0009467148068052088,260.8189825600282,female,35-39,10015,0.03635221906431602,3.441518404841457e-05,0.0006170300287947347,2.2430410776007417e-05
2011,E09000017,275499,165308,102,107741,0.0009467148068052088,260.8189825600282,male,35-39,10028,0.03639940616844344,3.4459856778582255e-05,0.0006170300287947347,2.24595266362259e-05
2011,E09000018,254927,165308,214,93861,0.002279967185519012,581.2251947028052,female,35-39,10000,0.03922691594064183,8.943608113377602e-05,0.0012945531976673846,5.0781329465587584e-05
2011,E09000018,254927,165308,214,93861,0.002279967185519012,581.2251947028052,male,35-39,11297,0.044314646938143076,0.00010103594085682677,0.0012945531976673846,5.736766789727429e-05
2011,E09000019,206285,165308,347,78519,0.004419312523083585,911.6378838242973,female,35-39,8618,0.04177715296798119,0.00018462629529017785,0.0020991119607036562,8.769492147923557e-05
2011,E09000019,206285,165308,347,78519,0.004419312523083585,911.6378838242973,male,35-39,8895,0.04311995540150762,0.0001905605589006883,0.0020991119607036562,9.051361412831288e-05
2011,E09000020,158251,165308,366,50701,0.007218792528746967,1142.3811364667363,female,35-39,7204,0.04552261913036884,0.00032861834286730034,0.002214048926851695,0.00010078930603307157
2011,E09000020,158251,165308,366,50701,0.007218792528746967,1142.3811364667363,male,35-39,7113,0.04494758326961599,0.0003244672782919361,0.002214048926851695,9.951614850267047e-05
2011,E09000021,160436,165308,240,51416,0.004667807686323323,748.8843939629687,female,35-39,6700,0.04176120072801615,0.00019493325374832495,0.001451835361869964,6.063038797108353e-05
2011,E09000021,160436,165308,240,51416,0.004667807686323323,748.8843939629687,male,35-39,6746,0.04204791941958164,0.00019627160146062691,0.001451835361869964,6.10466563064074e-05
2011,E09000022,304481,165308,39410,108324,0.36381595952882095,110775.04717329494,female,35-39,12938,0.0424919781529882,0.015459259804007098,0.23840346504706367,0.010130234828376515
2011,E09000022,304481,165308,39410,108324,0.36381595952882095,110775.04717329494,male,35-39,14387,0.047250895786600806,0.017190629989198496,0.23840346504706367,0.011264777282103334
2011,E09000023,276938,165308,22020,112394,0.19591793156218304,54257.12013096784,female,35-39,12369,0.04466342647090685,0.008750366130659722,0.1332058944515692,0.005949431672329039
2011,E09000023,276938,165308,22020,112394,0.19591793156218304,54257.12013096784,male,35-39,12047,0.043500711350555,0.008522569389284314,0.1332058944515692,0.005794551164730207
2011,E09000024,200543,165308,921,75416,0.01221226264983558,2449.0837885859764,female,35-39,8549,0.042629261554878506,0.0005205997386767146,0.005571418201175986,0.00023750544372954182
2011,E09000024,200543,165308,921,75416,0.01221226264983558,2449.0837885859764,male,35-39,8845,0.044105254234752644,0.0005386249489525723,0.005571418201175986,0.00024572881621099513
2011,E09000025,310460,165308,426,112342,0.0037919923091986967,1177.2619323138274,female,35-39,10914,0.03515428718675514,0.00013330478664753777,0.002577007767319186,9.059287113483734e-05
2011,E09000025,310460,165308,426,112342,0.0037919923091986967,1177.2619323138274,male,35-39,13056,0.042053726728080915,0.0001594674083260265,0.002577007767319186,0.00010837278042298298
2011,E09000026,281395,165308,222,102662,0.002162435954881066,608.4986655237576,female,35-39,10414,0.03700847563034169,8.002845833839058e-05,0.0013429477097297166,4.97004475883554e-05
2011,E09000026,281395,165308,222,102662,0.002162435954881066,608.4986655237576,male,35-39,10473,0.037218145311750384,8.048185559611721e-05,0.0013429477097297166,4.998202300680296e-05
2011,E09000027,187527,165308,203,62176,0.0032649253731343282,612.2616604477612,female,35-39,8654,0.04614802135159204,0.00015066984583075757,0.0012280107435816779,5.667026601479169e-05
2011,E09000027,187527,165308,203,62176,0.0032649253731343282,612.2616604477612,male,35-39,8717,0.04648397297455833,0.00015176670280872589,0.0012280107435816779,5.708281821711799e-05
2011,E09000028,288717,165308,48341,102300,0.47254154447702834,136430.7770967742,female,35-39,12320,0.042671543414485466,0.02016407703029953,0.2924298884506497,0.012478434680715042
2011,E09000028,288717,165308,48341,102300,0.47254154447702834,136430.7770967742,male,35-39,13239,0.045854591174056256,0.021668199334751257,0.2924298884506497,0.013409252981979418
2011,E09000029,191123,165308,522,74422,0.007014054983741367,1340.5472306576012,female,35-39,7464,0.039053384469687064,0.00027392258597157623,0.0031577419120671717,0.00012332050894800403
2011,E09000029,191123,165308,522,74422,0.007014054983741367,1340.5472306576012,male,35-39,7330,0.03835226529512408,0.00026900489753103613,0.0031577419120671717,0.00012110655554513255
2011,E09000030,256012,165308,312,76079,0.004101000276028864,1049.9052826667016,female,35-39,9660,0.037732606284080435,0.00015474142878630232,0.0018873859704309531,7.121599172836824e-05
2011,E09000030,256012,165308,312,76079,0.004101000276028864,1049.9052826667016,male,35-39,12321,0.048126650313266565,0.00019736740621905082,0.0018873859704309531,9.083356460509575e-05
2011,E09000031,259742,165308,333,98132,0.0033933884971263195,881.4055150205845,female,35-39,10192,0.039238937099121435,0.00013315295779162188,0.002014421564594575,7.904376106424031e-05
2011,E09000031,259742,165308,333,98132,0.0033933884971263195,881.4055150205845,male,35-39,10991,0.042315066489054524,0.00014359145987909302,0.002014421564594575,8.524038244280468e-05
2011,E09000032,307710,165308,2574,105396,0.024422179209837185,7514.948764659,female,35-39,14491,0.04709304215007637,0.0011501147149255812,0.015570934256055362,0.0007332826632364832
2011,E09000032,307710,165308,2574,105396,0.024422179209837185,7514.948764659,male,35-39,15209,0.04942640798154106,0.0012071005934237227,0.015570934256055362,0.0007696153491935459
2011,E09000033,219582,165308,836,72308,0.011561652929136471,2538.7308734856447,female,35-39,9723,0.044279585758395495,0.0005119452023845029,0.005057226510513707,0.0002239318949719229
2011,E09000033,219582,165308,836,72308,0.011561652929136471,2538.7308734856447,male,35-39,10998,0.05008607262890401,0.00057907778831891,0.005057226510513707,0.00025329661430640834
2011,E06000033,174274,165308,107,64508,0.001658708997333664,289.069851801327,female,40-44,6606,0.0379058264571881,6.287473539590636e-05,0.0006472765988336923,2.4535554425188903e-05
2011,E06000033,174274,165308,107,64508,0.001658708997333664,289.069851801327,male,40-44,6443,0.0369705176905333,6.132333032937098e-05,0.0006472765988336923,2.3930150947849245e-05
2011,E06000034,158268,165308,159,53689,0.0029615004935834156,468.71076011846003,female,40-44,6247,0.03947102383299214,0.00011689345656364898,0.0009618409272388511,3.796484616259195e-05
2011,E06000034,158268,165308,159,53689,0.0029615004935834156,468.71076011846003,male,40-44,6337,0.04003967953092223,0.00011857753069374797,0.0009618409272388511,3.851180248636868e-05
2011,E06000035,264885,165308,1714,99212,0.017276135951296213,4576.189271459098,female,40-44,9925,0.03746909035996753,0.0006473210990302014,0.010368524209354659,0.00038849917049982064
2011,E06000035,264885,165308,1714,99212,0.017276135951296213,4576.189271459098,male,40-44,9795,0.03697831134265814,0.0006388423340051208,0.010368524209354659,0.0003834105163774049
2011,E06000038,155339,165308,10,47360,0.00021114864864864866,32.799619932432435,female,40-44,5342,0.03438930339451136,7.261254939719459e-06,6.049314007791517e-05,2.080316947426099e-06
2011,E06000038,155339,165308,10,47360,0.00021114864864864866,32.799619932432435,male,40-44,5747,0.03699650441936667,7.81176191287303e-06,6.049314007791517e-05,2.2380347242339558e-06
2011,E06000039,140713,165308,8,54239,0.0001474953446781836,20.754512435701248,female,40-44,4944,0.03513534641433272,5.182300029769387e-06,4.839451206233213e-05,1.7003579458626428e-06
2011,E06000039,140713,165308,8,54239,0.0001474953446781836,20.754512435701248,male,40-44,5238,0.03722470560644717,5.490470783966839e-06,4.839451206233213e-05,1.8014714644879698e-06
2011,E06000042,249895,165308,14,88445,0.00015829046299960426,39.555995251286106,female,40-44,9556,0.03824006082554673,6.053036933208821e-06,8.469039610908124e-05,3.2385658985509123e-06
2011,E06000042,249895,165308,14,88445,0.00015829046299960426,39.555995251286106,male,40-44,9491,0.03797995157966346,6.0118641202474804e-06,8.469039610908124e-05,3.216537143485424e-06
2011,E06000043,272952,165308,253,87037,0.002906809747578616,793.4195342210784,female,40-44,10600,0.038834666901140125,0.00011288498829220275,0.0015304764439712537,5.943554290166508e-05
2011,E06000043,272952,165308,253,87037,0.002906809747578616,793.4195342210784,male,40-44,11207,0.04105850112840353,0.00011934925130101098,0.0015304764439712537,6.283906880178874e-05
2011,E06000044,205433,165308,17,68264,0.0002490331653580218,51.15963025899449,female,40-44,6972,0.03393807226687046,8.451705562768044e-06,0.00010283833813245579,3.490134951344145e-06
2011,E06000044,205433,165308,17,68264,0.0002490331653580218,51.15963025899449,male,40-44,7312,0.03559311308309765,8.863865616029825e-06,0.00010283833813245579,3.660336598426332e-06
2011,E06000047,512994,165308,10,231893,4.3123337056314764e-05,22.122013169867135,female,40-44,18873,0.036789903975485094,1.5865034294042982e-06,6.049314007791517e-05,2.225536814642068e-06
2011,E06000047,512994,165308,10,231893,4.3123337056314764e-05,22.122013169867135,male,40-44,18501,0.0360647492953134,1.55523233971329e-06,6.049314007791517e-05,2.181669930996286e-06
2011,E06000060,506550,165308,25,163754,0.00015266802642988872,77.33398878806014,female,40-44,20364,0.04020136215575955,6.137462620113027e-06,0.00015123285019478792,6.0797665805284004e-06
2011,E06000060,506550,165308,25,163754,0.00015266802642988872,77.33398878806014,male,40-44,19153,0.037810680090810386,5.772481907435908e-06,0.00015123285019478792,5.718216917936577e-06
2011,E07000008,122725,165308,24,34511,0.000695430442467619,85.34670105183854,female,40-44,3637,0.029635363617844773,2.060933403344657e-05,0.0001451835361869964,4.302566886226163e-06
2011,E07000008,122725,165308,24,34511,0.000695430442467619,85.34670105183854,male,40-44,4033,0.03286209003870442,2.285329781602695e-05,0.0001451835361869964,4.7710344383145765e-06
2011,E07000061,99308,165308,203,40047,0.0050690438734486976,503.3966089844433,female,40-44,3312,0.03335078744914811,0.00016905660479379393,0.0012280107435816779,4.095512529446286e-05
2011,E07000061,99308,165308,203,40047,0.0050690438734486976,503.3966089844433,male,40-44,3238,0.03260563096628671,0.00016527937388958477,0.0012280107435816779,4.004006512785952e-05
2011,E07000062,90173,165308,190,36006,0.005276898294728657,475.8337499305672,female,40-44,3336,0.03699555299258093,0.00019522177049909395,0.0011493696614803882,4.25215662193625e-05
2011,E07000062,90173,165308,190,36006,0.005276898294728657,475.8337499305672,male,40-44,3337,0.03700664278664345,0.00019528029021447137,0.0011493696614803882,4.253431249221003e-05
2011,E07000063,97584,165308,120,35106,0.003418219107844813,333.56349341992825,female,40-44,3586,0.036747827512707,0.0001256121261757204,0.000725917680934982,2.6675897727422993e-05
2011,E07000063,97584,165308,120,35106,0.003418219107844813,333.56349341992825,male,40-44,3289,0.03370429578619446,0.00011520866787282331,0.000725917680934982,2.4466544234660968e-05
2011,E07000064,90729,165308,226,36720,0.0061546840958605666,558.4083333333333,female,40-44,2919,0.0321727341864233,0.00019801301541752905,0.0013671449657608828,4.3984791577731664e-05
2011,E07000064,90729,165308,226,36720,0.0061546840958605666,558.4083333333333,male,40-44,2789,0.030739895733447962,0.00018919434737906427,0.0013671449657608828,4.202589369999782e-05
2011,E07000065,149415,165308,638,56293,0.011333558346508447,1693.4036203435596,female,40-44,5641,0.03775390690359067,0.00042788610670049294,0.0038594623369709873,0.00014570978176791714
2011,E07000065,149415,165308,638,56293,0.011333558346508447,1693.4036203435596,male,40-44,5084,0.03402603486932369,0.000385636051491811,0.0038594623369709873,0.00013132220005461633
2011,E07000066,174971,165308,111,62378,0.0017794735323351182,311.356263426208,female,40-44,6686,0.038212046567716935,6.799732548360928e-05,0.0006714738548648583,2.5658390211100367e-05
2011,E07000066,174971,165308,111,62378,0.0017794735323351182,311.356263426208,male,40-44,6525,0.03729189408530557,6.63599384954458e-05,0.0006714738548648583,2.5040531876672138e-05
2011,E07000067,147514,165308,9,48494,0.00018558996989318267,27.377118818822947,female,40-44,5911,0.04007077294358501,7.4367335441965015e-06,5.444382607012365e-05,2.181606192635959e-06
2011,E07000067,147514,165308,9,48494,0.00018558996989318267,27.377118818822947,male,40-44,5757,0.039026804235530184,7.24298342309918e-06,5.444382607012365e-05,2.12476854187197e-06
2011,E07000068,73841,165308,36,24621,0.0014621664432801268,107.96783233824785,female,40-44,2864,0.038786040275727574,5.6711646558880335e-05,0.0002177753042804946,8.44664172288209e-06
2011,E07000068,73841,165308,36,24621,0.0014621664432801268,107.96783233824785,male,40-44,2692,0.036456711041291424,5.330577951693641e-05,0.0002177753042804946,7.939371340083306e-06
2011,E07000069,87964,165308,11,33361,0.00032972632714846676,29.00404664128773,female,40-44,3256,0.037015142558319315,1.2204867004631529e-05,6.654245408570669e-05,2.4630784241628504e-06
2011,E07000069,87964,165308,11,33361,0.00032972632714846676,29.00404664128773,male,40-44,3058,0.034764221727070166,1.1462679146241774e-05,6.654245408570669e-05,2.313296628098893e-06
2011,E07000071,173614,165308,8,59731,0.00013393380321775962,23.25278331184812,female,40-44,6363,0.03665027013950488,4.908710068742178e-06,4.839451206233213e-05,1.773671940354e-06
2011,E07000071,173614,165308,8,59731,0.00013393380321775962,23.25278331184812,male,40-44,6234,0.03590724250348474,4.809193551554099e-06,4.839451206233213e-05,1.737713480459977e-06
2011,E07000072,124880,165308,22,48938,0.00044954840818995463,56.13960521476153,female,40-44,5055,0.0404788597053171,1.81972069458698e-05,0.00013308490817141337,5.387125326765651e-06
2011,E07000072,124880,165308,22,48938,0.00044954840818995463,56.13960521476153,male,40-44,4607,0.036891415759128764,1.6584477230390143e-05,0.00013308490817141337,4.909690678617084e-06
2011,E07000073,82177,165308,9,34960,0.0002574370709382151,21.155406178489702,female,40-44,3027,0.036835124183165605,9.482726477359567e-06,5.444382607012365e-05,2.0054450942996737e-06
2011,E07000073,82177,165308,9,34960,0.0002574370709382151,21.155406178489702,male,40-44,2969,0.03612933059128467,9.301029042378777e-06,5.444382607012365e-05,1.9670189907419e-06
2011,E07000074,61720,165308,8,20947,0.0003819162648589297,23.57187186709314,female,40-44,2507,0.04061892417368762,1.5513027803002863e-05,4.839451206233213e-05,1.9657330158824797e-06
2011,E07000074,61720,165308,8,20947,0.0003819162648589297,23.57187186709314,male,40-44,2285,0.03702203499675956,1.4139317323438989e-05,4.839451206233213e-05,1.7916633192227626e-06
2011,E07000075,83333,165308,13,29337,0.00044312642737839587,36.92705457272386,female,40-44,3354,0.04024816099264397,1.7835023789220835e-05,7.864108210128971e-05,3.1651589330484408e-06
2011,E07000075,83333,165308,13,29337,0.00044312642737839587,36.92705457272386,male,40-44,3204,0.038448153792615174,1.7037393029416683e-05,7.864108210128971e-05,3.0236044190480634e-06
2011,E07000085,116010,165308,9,39594,0.0002273071677526898,26.369904530989544,female,40-44,4572,0.03941039565554694,8.958265416475285e-06,5.444382607012365e-05,2.145652726425354e-06
2011,E07000085,116010,165308,9,39594,0.0002273071677526898,26.369904530989544,male,40-44,4161,0.03586759762089475,8.152962029298701e-06,5.444382607012365e-05,1.9527692464251748e-06
2011,E07000095,93702,165308,9,36221,0.00024847464178239144,23.282570884293644,female,40-44,3836,0.04093829373972807,1.0172127872161251e-05,5.444382607012365e-05,2.2288373439733867e-06
2011,E07000095,93702,165308,9,36221,0.00024847464178239144,23.282570884293644,male,40-44,3526,0.037629933192461204,9.350084170292118e-06,5.444382607012365e-05,2.0487175377607304e-06
2011,E07000103,90653,165308,10,32552,0.0003072007864340133,27.848672892602604,female,40-44,3475,0.038332984015972994,1.1775922836069365e-05,6.049314007791517e-05,2.3188825716827373e-06
2011,E07000103,90653,165308,10,32552,0.0003072007864340133,27.848672892602604,male,40-44,3536,0.039005879562728205,1.198263687722051e-05,6.049314007791517e-05,2.359588136250406e-06
2011,E07000105,118405,165308,683,38958,0.0175317008059962,2075.8410339339803,female,40-44,4853,0.04098644482918796,0.0007185620878467934,0.004131681467321606,0.00016934293451215536
2011,E07000105,118405,165308,683,38958,0.0175317008059962,2075.8410339339803,male,40-44,4621,0.039027068113677635,0.0006842108815042308,0.004131681467321606,0.00016124741404917987
2011,E07000106,150600,165308,838,52154,0.01606779921003183,2419.8105610307935,female,40-44,4885,0.032436918990703854,0.0005211899013346979,0.005069325138529291,0.0001644332888560132
2011,E07000106,150600,165308,838,52154,0.01606779921003183,2419.8105610307935,male,40-44,4559,0.030272244355909694,0.0004864083439477763,0.005069325138529291,0.00015345984931311446
2011,E07000107,97604,165308,1205,33838,0.03561085170518352,3475.761569832732,female,40-44,3882,0.03977296012458506,0.0014163489848727762,0.007289423379388777,0.0002899219453996479
2011,E07000107,97604,165308,1205,33838,0.03561085170518352,3475.761569832732,male,40-44,3761,0.038533256833736325,0.0013722020948239337,0.007289423379388777,0.0002808852232478299
2011,E07000108,111718,165308,643,40077,0.016044115078473937,1792.4164483369514,female,40-44,3922,0.035106249664333414,0.0005632487095882023,0.003889708907009945,0.00013655309201107257
2011,E07000108,111718,165308,643,40077,0.016044115078473937,1792.4164483369514,male,40-44,3882,0.034748205302636996,0.0005575042046459462,0.003889708907009945,0.00013516040366827733
2011,E07000109,101766,165308,1146,35711,0.032090952367617824,3265.7678586429956,female,40-44,3858,0.03791050056010849,0.0012165840677069903,0.006932513852929078,0.00026281507030442765
2011,E07000109,101766,165308,1146,35711,0.032090952367617824,3265.7678586429956,male,40-44,3768,0.037026118742998645,0.001188203412939331,0.006932513852929078,0.00025668408110603505
2011,E07000110,155764,165308,1006,47534,0.02116379854419994,3296.5579164387595,female,40-44,5991,0.03846203230528235,0.0008140027033095056,0.006085609891838265,0.00023406492425722918
2011,E07000110,155764,165308,1006,47534,0.02116379854419994,3296.5579164387595,male,40-44,5860,0.03762101640943992,0.0007962036123174266,0.006085609891838265,0.00022894682960229726
2011,E07000111,115351,165308,1493,33141,0.045049938143085604,5196.555414743068,female,40-44,4551,0.03945349411795303,0.0017773774695423756,0.009031625813632734,0.0003563291959137118
2011,E07000111,115351,165308,1493,33141,0.045049938143085604,5196.555414743068,male,40-44,4171,0.03615920104723843,0.0016289697704814875,0.009031625813632734,0.0003265763735785744
2011,E07000112,108199,165308,674,39104,0.017236088379705403,1864.927526595745,female,40-44,3788,0.03500956570763131,0.0006034279686718368,0.004077237641251482,0.00014274231910702144
2011,E07000112,108199,165308,674,39104,0.017236088379705403,1864.927526595745,male,40-44,3873,0.035795155223246056,0.0006169684589931425,0.004077237641251482,0.0001459453542506584
2011,E07000113,136324,165308,898,51193,0.017541460746586447,2391.322094817651,female,40-44,5095,0.037374196766526806,0.0006555980055152281,0.005432283978996782,0.00020302725032267689
2011,E07000113,136324,165308,898,51193,0.017541460746586447,2391.322094817651,male,40-44,4923,0.03611249669904052,0.000633465943307452,0.005432283978996782,0.00019617333725977198
2011,E07000114,134402,165308,826,52563,0.015714475962178717,2112.056998268744,female,40-44,4641,0.034530736149759676,0.0005426324231817342,0.004996733370435793,0.00017254088162521773
2011,E07000114,134402,165308,826,52563,0.015714475962178717,2112.056998268744,male,40-44,4258,0.03168107617446169,0.0004978515099995311,0.004996733370435793,0.00015830189053225106
2011,E07000115,121087,165308,974,37881,0.025712098413452653,3113.4008605897416,female,40-44,4994,0.04124307316227176,0.0010604459560215594,0.005892031843588937,0.00024300550039957347
2011,E07000115,121087,165308,974,37881,0.025712098413452653,3113.4008605897416,male,40-44,4855,0.04009513820641357,0.0010309301394642912,0.005892031843588937,0.00023624183108528817
2011,E07000116,115246,165308,906,38118,0.023768298441681095,2739.2013222099795,female,40-44,4492,0.03897749162660743,0.0009264286534893313,0.005480678491059114,0.00021362309999338404
2011,E07000116,115246,165308,906,38118,0.023768298441681095,2739.2013222099795,male,40-44,4641,0.040270378147614666,0.0009571583661718581,0.005480678491059114,0.00022070899534044864
2011,E07000130,165876,165308,8,46529,0.00017193578198542844,28.520019772614926,female,40-44,6004,0.03619571245990981,6.223338126314308e-06,4.839451206233213e-05,1.7516738432458106e-06
2011,E07000130,165876,165308,8,46529,0.00017193578198542844,28.520019772614926,male,40-44,5747,0.03464636234295498,5.956949402386465e-06,4.839451206233213e-05,1.6766938003220643e-06
2011,E07000178,150245,165308,18,41750,0.0004311377245508982,64.77628742514969,female,40-44,4376,0.029125761256614195,1.2557214433989352e-05,0.0001088876521402473,3.1714357600300984e-06
2011,E07000178,150245,165308,18,41750,0.0004311377245508982,64.77628742514969,male,40-44,4487,0.02986455456088389,1.2875736098105629e-05,0.0001088876521402473,3.251881228348961e-06
2011,E07000200,87901,165308,10,31239,0.0003201126796632415,28.13822465507859,female,40-44,3342,0.038020045278210714,1.2170698574925803e-05,6.049314007791517e-05,2.299951924783478e-06
2011,E07000200,87901,165308,10,31239,0.0003201126796632415,28.13822465507859,male,40-44,3117,0.03546034743632041,1.1351306839630082e-05,6.049314007791517e-05,2.14510776467687e-06
2011,E07000207,131428,165308,94,42682,0.0022023335363853614,289.44829202005525,female,40-44,5712,0.04346105852634142,9.571574671936866e-05,0.0005686355167324026,2.4713501472863345e-05
2011,E07000207,131428,165308,94,42682,0.0022023335363853614,289.44829202005525,male,40-44,5272,0.04011321788355601,8.834268499728844e-05,0.0005686355167324026,2.2809800379015327e-05
2011,E07000208,75191,165308,63,24986,0.0025214119907148004,189.58748899383656,female,40-44,3024,0.04021757923155697,0.00010140508651197027,0.00038110678249086554,1.5327192220510133e-05
2011,E07000208,75191,165308,63,24986,0.0025214119907148004,189.58748899383656,male,40-44,2899,0.03855514622760703,9.721340800205087e-05,0.00038110678249086554,1.4693627727268147e-05
2011,E07000209,137580,165308,31,46466,0.0006671544785434512,91.78711315800801,female,40-44,4953,0.03600087221979939,2.401814313290968e-05,0.00018752873424153702,6.751197998970293e-06
2011,E07000209,137580,165308,31,46466,0.0006671544785434512,91.78711315800801,male,40-44,4858,0.03531036487861608,2.3557468067772104e-05,0.00018752873424153702,6.621708031293697e-06
2011,E07000210,85637,165308,54,29167,0.0018514074124867145,158.54897658312478,female,40-44,3311,0.038663194647173535,7.158132516019375e-05,0.0003266629564207419,1.262983346811631e-05
2011,E07000210,85637,165308,54,29167,0.0018514074124867145,158.54897658312478,male,40-44,3211,0.03749547508670318,6.94194005102332e-05,0.0003266629564207419,1.2248382744222735e-05
2011,E07000211,138375,165308,168,49074,0.0034234013938134245,473.7131678689326,female,40-44,5434,0.03927009936766034,0.0001344373129104401,0.0010162847533089748,3.9909603248281616e-05
2011,E07000211,138375,165308,168,49074,0.0034234013938134245,473.7131678689326,male,40-44,5287,0.03820776874435411,0.00013080052877392285,0.0010162847533089748,3.8829972832842275e-05
2011,E07000212,80501,165308,9,27370,0.0003288271830471319,26.470917062477163,female,40-44,2951,0.03665792971515882,1.2054123764575425e-05,5.444382607012365e-05,1.9957979495029242e-06
2011,E07000212,80501,165308,9,27370,0.0003288271830471319,26.470917062477163,male,40-44,2882,0.03580079750562105,1.1772275394614155e-05,5.444382607012365e-05,1.9491323925677487e-06
2011,E07000213,95852,165308,38,34747,0.0010936195930583935,104.82562523383314,female,40-44,3818,0.03983224137211534,4.356131959997649e-05,0.00022987393229607762,9.156393956374664e-06
2011,E07000213,95852,165308,38,34747,0.0010936195930583935,104.82562523383314,male,40-44,3582,0.03737011225639528,4.086868695838549e-05,0.00022987393229607762,8.590414654723429e-06
2011,E07000214,86378,165308,31,33770,0.0009179745336097127,79.29280426413976,female,40-44,3554,0.041144735928129846,3.7769819774119786e-05,0.00018752873424153702,7.715820249304481e-06
2011,E07000214,86378,165308,31,33770,0.0009179745336097127,79.29280426413976,male,40-44,3539,0.040971080599226654,3.7610408604561035e-05,0.00018752873424153702,7.683254885280968e-06
2011,E07000215,83178,165308,347,29248,0.0118640590809628,986.8287062363238,female,40-44,3336,0.040106758998773716,0.00047582895830738784,0.0020991119607036562,8.418857751938491e-05
2011,E07000215,83178,165308,347,29248,0.0118640590809628,986.8287062363238,male,40-44,3046,0.03662026016494746,0.00043446493015716523,0.0020991119607036562,7.687002611632086e-05
2011,E07000216,121754,165308,16,43976,0.00036383481899217757,44.298344551573585,female,40-44,4719,0.03875848021420241,1.410168463314623e-05,9.678902412466426e-05,3.7513954764877596e-06
2011,E07000216,121754,165308,16,43976,0.00036383481899217757,44.298344551573585,male,40-44,4662,0.038290323110534354,1.393135277807326e-05,9.678902412466426e-05,3.706083007286699e-06
2011,E07000217,99493,165308,25,33858,0.0007383779313603875,73.46343552483903,female,40-44,3798,0.038173539847024415,2.818649938494921e-05,0.00015123285019478792,5.773093233089811e-06
2011,E07000217,99493,165308,25,33858,0.0007383779313603875,73.46343552483903,male,40-44,3900,0.03919873759963013,2.8943482780753536e-05,0.00015123285019478792,5.9281368112296635e-06
2011,E07000223,61334,165308,37,24872,0.0014876165969765198,91.24147635895787,female,40-44,2281,0.037189813154204845,5.5324183286650825e-05,0.00022382461828828612,8.323995733452581e-06
2011,E07000223,61334,165308,37,24872,0.0014876165969765198,91.24147635895787,male,40-44,2250,0.036684383865392765,5.4572298288015936e-05,0.00022382461828828612,8.210868215812498e-06
2011,E07000224,149811,165308,31,61570,0.0005034919603703102,75.42863407503654,female,40-44,5178,0.03456355007309209,1.7402469583658515e-05,0.00018752873424153702,6.4816587961009445e-06
2011,E07000224,149811,165308,31,61570,0.0005034919603703102,75.42863407503654,male,40-44,4938,0.03296153152972746,1.6595866126710266e-05,0.00018752873424153702,6.181234286432304e-06
2011,E07000225,113995,165308,8,44206,0.0001809709089263901,20.62977876306384,female,40-44,3860,0.033861134260274574,6.127880244360418e-06,4.839451206233213e-05,1.6386930704031057e-06
2011,E07000225,113995,165308,8,44206,0.0001809709089263901,20.62977876306384,male,40-44,3587,0.03146629238124479,5.694483532777414e-06,4.839451206233213e-05,1.5227958662010207e-06
2011,E07000226,107053,165308,93,37608,0.0024728781110402043,264.729020421187,female,40-44,3966,0.03704707014282645,9.161288883436664e-05,0.000562586202724611,2.0842170513725045e-05
2011,E07000226,107053,165308,93,37608,0.0024728781110402043,264.729020421187,male,40-44,4184,0.039083444648912224,9.664859477634645e-05,0.000562586202724611,2.1987806714429044e-05
2011,E07000227,131540,165308,61,45394,0.0013437899281843416,176.7621271533683,female,40-44,5333,0.04054280066899802,5.448100719938493e-05,0.0003690081544752825,1.4960624052126207e-05
2011,E07000227,131540,165308,61,45394,0.0013437899281843416,176.7621271533683,male,40-44,4924,0.03743348031017181,5.030273381769574e-05,0.0003690081544752825,1.3813259484843324e-05
2011,E07000228,140188,165308,399,44892,0.008887997861534349,1245.9906442127774,female,40-44,5597,0.0399249579136588,0.0003548529405584483,0.002413676289108815,9.636592425986559e-05
2011,E07000228,140188,165308,399,44892,0.008887997861534349,1245.9906442127774,male,40-44,5414,0.03861956800867407,0.0003432506378744755,0.002413676289108815,9.321513559816194e-05
2011,E07000229,104998,165308,33,39714,0.0008309412297930201,87.24716724580752,female,40-44,3944,0.03756262024038553,3.121232985679414e-05,0.00019962736225712004,7.4985267980540715e-06
2011,E07000229,104998,165308,33,39714,0.0008309412297930201,87.24716724580752,male,40-44,4038,0.03845787538810263,3.195623427021672e-05,0.00019962736225712004,7.677244221739944e-06
2011,E07000241,110727,165308,12,36606,0.00032781511227667593,36.2979839370595,female,40-44,3649,0.03295492517633459,1.0803122496749577e-05,7.25917680934982e-05,2.3922562859390657e-06
2011,E07000241,110727,165308,12,36606,0.00032781511227667593,36.2979839370595,male,40-44,3775,0.03409285901361005,1.1176154405379461e-05,7.25917680934982e-05,2.4748609151603103e-06
2011,E07000242,138155,165308,8,44545,0.00017959366932315636,24.81176338534067,female,40-44,6007,0.04348014910788607,7.808759521003223e-06,4.839451206233213e-05,2.104200600473592e-06
2011,E07000242,138155,165308,8,44545,0.00017959366932315636,24.81176338534067,male,40-44,5582,0.04040389417683037,7.256283610161477e-06,4.839451206233213e-05,1.955326744105808e-06
2011,E08000035,750683,165308,8,281107,2.845891422127517e-05,21.36362310436951,female,40-44,26139,0.034820290322279845,9.909476554416602e-07,4.839451206233213e-05,1.6851109600154788e-06
2011,E08000035,750683,165308,8,281107,2.845891422127517e-05,21.36362310436951,male,40-44,26112,0.03478432307645171,9.899240666778617e-07,4.839451206233213e-05,1.6833703427034001e-06
2011,E09000001,7412,165308,20,2137,0.009358914365933552,69.36827328029949,female,40-44,246,0.033189422558014034,0.00031061696357523663,0.00012098628015583033,4.015464775814121e-06
2011,E09000001,7412,165308,20,2137,0.009358914365933552,69.36827328029949,male,40-44,381,0.05140313005936319,0.000481077492366525,0.00012098628015583033,6.219073494248699e-06
2011,E09000002,187029,165308,213,69590,0.0030607845954878574,572.4554821094985,female,40-44,7094,0.03792994669275888,0.00011609539654487198,0.001288503883659593,4.887288362062115e-05
2011,E09000002,187029,165308,213,69590,0.0030607845954878574,572.4554821094985,male,40-44,6656,0.03558806388314112,0.00010892739771675612,0.001288503883659593,4.585535852535303e-05
2011,E09000003,357538,165308,214,138470,0.001545461110709901,552.5610746009966,female,40-44,13662,0.038211322992241385,5.905411367328415e-05,0.0012945531976673846,4.946659036670734e-05
2011,E09000003,357538,165308,214,138470,0.001545461110709901,552.5610746009966,male,40-44,12876,0.036012955266293376,5.565662184579174e-05,0.0012945531976673846,4.662068639743257e-05
2011,E09000004,232774,165308,4151,34157,0.12152706619433791,28288.341306320814,female,40-44,9322,0.040047427977351426,0.004866846430716567,0.025110702446342583,0.0010056190476806068
2011,E09000004,232774,165308,4151,34157,0.12152706619433791,28288.341306320814,male,40-44,8258,0.03547647073985926,0.004311351407944368,0.025110702446342583,0.000890839100594985
2011,E09000005,312245,165308,417,114282,0.0036488685882291173,1139.3409723316008,female,40-44,10938,0.035030184630658615,0.0001278205403386766,0.0025225639412490624,8.836588060459652e-05
2011,E09000005,312245,165308,417,114282,0.0036488685882291173,1139.3409723316008,male,40-44,10885,0.034860446124037214,0.00012720118683365287,0.0025225639412490624,8.793770436835192e-05
2011,E09000006,310554,165308,10197,36965,0.2758555390234005,85668.04106587311,female,40-44,12741,0.041026681350103365,0.011317437298174056,0.061684854937450094,0.0025307248876461153
2011,E09000006,310554,165308,10197,36965,0.2758555390234005,85668.04106587311,male,40-44,12018,0.038698583821171195,0.010675218699431426,0.061684854937450094,0.002387116529293698
2011,E09000007,220087,165308,382,72962,0.005235602094240838,1152.2879581151833,female,40-44,7903,0.035908527082471935,0.00018800275959409392,0.0023108379509763593,8.297878714583856e-05
2011,E09000007,220087,165308,382,72962,0.005235602094240838,1152.2879581151833,male,40-44,8127,0.03692630641519035,0.0001933314471999495,0.0023108379509763593,8.533071025360366e-05
2011,E09000008,364815,165308,8115,136880,0.05928550555230859,21628.24170806546,female,40-44,14128,0.038726477803818375,0.0022959188148596295,0.04909018317322816,0.0019010898890433985
2011,E09000008,364815,165308,8115,136880,0.05928550555230859,21628.24170806546,male,40-44,12913,0.03539602264161287,0.0020984710968489804,0.04909018317322816,0.0017375972350805072
2011,E09000009,339314,165308,312,135612,0.0023006813556322447,780.6533935049995,female,40-44,12420,0.03660326423312919,8.421244757644093e-05,0.0018873859704309531,6.908448738558514e-05
2011,E09000009,339314,165308,312,135612,0.0023006813556322447,780.6533935049995,male,40-44,13076,0.038536576740128614,8.866038361590514e-05,0.0018873859704309531,7.273339428775454e-05
2011,E09000010,313935,165308,223,122444,0.0018212407304563718,571.7512087158211,female,40-44,12373,0.039412617261535034,7.177986385059547e-05,0.0013489970237375083,5.31675033835163e-05
2011,E09000010,313935,165308,223,122444,0.0018212407304563718,571.7512087158211,male,40-44,11324,0.036071161227642666,6.569426802264149e-05,0.0013489970237375083,4.8659889138845764e-05
2011,E09000011,255483,165308,5537,32537,0.1701754925162123,43476.94535451947,female,40-44,9683,0.03790076052026945,0.0064497805882758686,0.033495051661141625,0.0012694879316229822
2011,E09000011,255483,165308,5537,32537,0.1701754925162123,43476.94535451947,male,40-44,9440,0.036949620914111705,0.006287919937346298,0.033495051661141625,0.0012376294613777707
2011,E09000012,247182,165308,409,88435,0.004624865720585741,1143.1835585458246,female,40-44,8679,0.035111779983979415,0.00016238726763665495,0.00247416942918673,8.68724926406924e-05
2011,E09000012,247182,165308,409,88435,0.004624865720585741,1143.1835585458246,male,40-44,8699,0.03519269202450016,0.000162761474959242,0.00247416942918673,8.707268273780196e-05
2011,E09000013,182445,165308,389,63620,0.006114429424709211,1115.5470763910719,female,40-44,6939,0.03803337992271644,0.00023255241732060192,0.0023531831490309,8.949950873482647e-05
2011,E09000013,182445,165308,389,63620,0.006114429424709211,1115.5470763910719,male,40-44,6745,0.03697004576721752,0.000226050735671921,0.0023531831490309,8.699728871831742e-05
2011,E09000014,255540,165308,300,94034,0.003190335410596167,815.2583108237445,female,40-44,10080,0.03944587931439305,0.000125845585578811,0.001814794202337455,7.158615308586345e-05
2011,E09000014,255540,165308,300,94034,0.003190335410596167,815.2583108237445,male,40-44,10118,0.03959458401815763,0.00012632000346095336,0.001814794202337455,7.185602152011572e-05
2011,E09000015,240499,165308,72,85681,0.0008403263267235443,202.09764125068568,female,40-44,8650,0.0359668855171955,3.022392079035114e-05,0.0004355506085609892,1.566539887505793e-05
2011,E09000015,240499,165308,72,85681,0.0008403263267235443,202.09764125068568,male,40-44,8105,0.03370076382853983,2.8319639075814564e-05,0.0004355506085609892,1.4678388194490695e-05
2011,E09000016,237927,165308,101,84891,0.0011897609876194179,283.07626250132523,female,40-44,8927,0.03751991156951502,4.4639727044339416e-05,0.0006109807147869432,2.2923942389485188e-05
2011,E09000016,237927,165308,101,84891,0.0011897609876194179,283.07626250132523,male,40-44,8089,0.03399782286163403,4.044928330476773e-05,0.0006109807147869432,2.077201411320104e-05
2011,E09000017,275499,165308,102,107741,0.0009467148068052088,260.8189825600282,female,40-44,9957,0.03614169198436292,3.421587494458951e-05,0.0006170300287947347,2.2300509245801886e-05
2011,E09000017,275499,165308,102,107741,0.0009467148068052088,260.8189825600282,male,40-44,9860,0.035789603592027555,3.3882547650261374e-05,0.0006170300287947347,2.2083260134940903e-05
2011,E09000018,254927,165308,214,93861,0.002279967185519012,581.2251947028052,female,40-44,9126,0.035798483487429734,8.1619367642684e-05,0.0012945531976673846,4.6343041270295226e-05
2011,E09000018,254927,165308,214,93861,0.002279967185519012,581.2251947028052,male,40-44,9033,0.035433673169181765,8.078761208813988e-05,0.0012945531976673846,4.587077490626526e-05
2011,E09000019,206285,165308,347,78519,0.004419312523083585,911.6378838242973,female,40-44,7225,0.03502435950262986,0.0001547835905629537,0.0020991119607036562,7.35200519479551e-05
2011,E09000019,206285,165308,347,78519,0.004419312523083585,911.6378838242973,male,40-44,7745,0.037545143854376226,0.00016592372441661955,0.0020991119607036562,7.881146053106051e-05
2011,E09000020,158251,165308,366,50701,0.007218792528746967,1142.3811364667363,female,40-44,6093,0.03850212636886971,0.0002779388621724683,0.002214048926851695,8.524559156850432e-05
2011,E09000020,158251,165308,366,50701,0.007218792528746967,1142.3811364667363,male,40-44,6295,0.03977857959823319,0.00028715331320789225,0.002214048926851695,8.807172147115291e-05
2011,E09000021,160436,165308,240,51416,0.004667807686323323,748.8843939629687,female,40-44,6086,0.03793412949712035,0.00017706922124064266,0.001451835361869964,5.50741106256738e-05
2011,E09000021,160436,165308,240,51416,0.004667807686323323,748.8843939629687,male,40-44,6114,0.03810865391807325,0.00017788386767421773,0.001451835361869964,5.5327491351523095e-05
2011,E09000022,304481,165308,39410,108324,0.36381595952882095,110775.04717329494,female,40-44,11222,0.036856158512353805,0.013408858673718322,0.23840346504706367,0.008786635897668978
2011,E09000022,304481,165308,39410,108324,0.36381595952882095,110775.04717329494,male,40-44,11904,0.039096035549016195,0.014223761687038221,0.23840346504706367,0.00932063034448864
2011,E09000023,276938,165308,22020,112394,0.19591793156218304,54257.12013096784,female,40-44,10955,0.03955759050762264,0.007750041309837274,0.1332058944515692,0.005269304225916777
2011,E09000023,276938,165308,22020,112394,0.19591793156218304,54257.12013096784,male,40-44,11044,0.039878962078154674,0.0078130037631988,0.1332058944515692,0.005312112813420802
2011,E09000024,200543,165308,921,75416,0.01221226264983558,2449.0837885859764,female,40-44,7779,0.0387896860025032,0.00047370983356721986,0.005571418201175986,0.00021611356261224773
2011,E09000024,200543,165308,921,75416,0.01221226264983558,2449.0837885859764,male,40-44,7695,0.03837082321497135,0.0004685945711916386,0.005571418201175986,0.00021377990285399747
2011,E09000025,310460,165308,426,112342,0.0037919923091986967,1177.2619323138274,female,40-44,10092,0.0325066031050699,0.00012326478897259954,0.002577007767319186,8.37697686909271e-05
2011,E09000025,310460,165308,426,112342,0.0037919923091986967,1177.2619323138274,male,40-44,11212,0.036114153192037625,0.00013694459115743023,0.002577007767319186,9.306645328603594e-05
2011,E09000026,281395,165308,222,102662,0.002162435954881066,608.4986655237576,female,40-44,10001,0.035540787860480816,7.685467753430423e-05,0.0013429477097297166,4.772941965922242e-05
2011,E09000026,281395,165308,222,102662,0.002162435954881066,608.4986655237576,male,40-44,9717,0.03453153041098811,7.467222293778964e-05,0.0013429477097297166,4.637403967889854e-05
2011,E09000027,187527,165308,203,62176,0.0032649253731343282,612.2616604477612,female,40-44,8097,0.043177782399334494,0.00014097223731126,0.0012280107435816779,5.302278067041463e-05
2011,E09000027,187527,165308,203,62176,0.0032649253731343282,612.2616604477612,male,40-44,7949,0.042388562713635905,0.00013839549393444557,0.0012280107435816779,5.205361041733061e-05
2011,E09000028,288717,165308,48341,102300,0.47254154447702834,136430.7770967742,female,40-44,10838,0.03753848924725596,0.017738495686232654,0.2924298884506497,0.010977376223180974
2011,E09000028,288717,165308,48341,102300,0.47254154447702834,136430.7770967742,male,40-44,11884,0.041161414118323476,0.019450478200331134,0.2924298884506497,0.012036827739092332
2011,E09000029,191123,165308,522,74422,0.007014054983741367,1340.5472306576012,female,40-44,7919,0.04143405032361359,0.00029062070716893247,0.0031577419120671717,0.00013083803729357498
2011,E09000029,191123,165308,522,74422,0.007014054983741367,1340.5472306576012,male,40-44,7505,0.039267906008172745,0.0002754272518377116,0.0031577419120671717,0.0001239979126011214
2011,E09000030,256012,165308,312,76079,0.004101000276028864,1049.9052826667016,female,40-44,6788,0.026514382138337265,0.00010873548846805592,0.0018873859704309531,5.004287286254281e-05
2011,E09000030,256012,165308,312,76079,0.004101000276028864,1049.9052826667016,male,40-44,8959,0.03499445338499758,0.0001435122629913543,0.0018873859704309531,6.604804036174441e-05
2011,E09000031,259742,165308,333,98132,0.0033933884971263195,881.4055150205845,female,40-44,9936,0.03825334370259719,0.00012980845649701283,0.002014421564594575,7.705836047235985e-05
2011,E09000031,259742,165308,333,98132,0.0033933884971263195,881.4055150205845,male,40-44,10310,0.03969323405533183,0.00013469456385710574,0.002014421564594575,7.99589066495602e-05
2011,E09000032,307710,165308,2574,105396,0.024422179209837185,7514.948764659,female,40-44,11363,0.03692762666146696,0.0009018531161203078,0.015570934256055362,0.0005749976469778593
2011,E09000032,307710,165308,2574,105396,0.024422179209837185,7514.948764659,male,40-44,11165,0.036284163660589515,0.0008861383473979792,0.015570934256055362,0.0005649783268949925
2011,E09000033,219582,165308,836,72308,0.011561652929136471,2538.7308734856447,female,40-44,7708,0.03510305944931734,0.0004058493901038515,0.005057226510513707,0.00017752412284722635
2011,E09000033,219582,165308,836,72308,0.011561652929136471,2538.7308734856447,male,40-44,9049,0.04121011740488747,0.0004764570746042751,0.005057226510513707,0.00020840889824137924
2011,E06000033,174274,165308,107,64508,0.001658708997333664,289.069851801327,female,45-49,6333,0.036339327725306125,6.0276369855021945e-05,0.0006472765988336923,2.3521596453939045e-05
2011,E06000033,174274,165308,107,64508,0.001658708997333664,289.069851801327,male,45-49,6510,0.03735496976026258,6.196102443647448e-05,0.0006472765988336923,2.4178997775958188e-05
2011,E06000034,158268,165308,159,53689,0.0029615004935834156,468.71076011846003,female,45-49,5667,0.03580635377966487,0.00010604053439189992,0.0009618409272388511,3.44400165204752e-05
2011,E06000034,158268,165308,159,53689,0.0029615004935834156,468.71076011846003,male,45-49,5977,0.03776505673920186,0.000111841234173352,0.0009618409272388511,3.632397719126174e-05
2011,E06000035,264885,165308,1714,99212,0.017276135951296213,4576.189271459098,female,45-49,9900,0.03737470977971573,0.000645690567294609,0.010368524209354659,0.00038752058316858686
2011,E06000035,264885,165308,1714,99212,0.017276135951296213,4576.189271459098,male,45-49,9847,0.0371746229495819,0.0006422338400151531,0.010368524209354659,0.0003854459780263712
2011,E06000038,155339,165308,10,47360,0.00021114864864864866,32.799619932432435,female,45-49,4897,0.031524601033867866,6.656376907488993e-06,6.049314007791517e-05,1.907022106242158e-06
2011,E06000038,155339,165308,10,47360,0.00021114864864864866,32.799619932432435,male,45-49,5073,0.03265760691133585,6.895609567427334e-06,6.049314007791517e-05,1.9755611894969304e-06
2011,E06000039,140713,165308,8,54239,0.0001474953446781836,20.754512435701248,female,45-49,4459,0.03168861441373576,4.673923105328012e-06,4.839451206233213e-05,1.533555032484127e-06
2011,E06000039,140713,165308,8,54239,0.0001474953446781836,20.754512435701248,male,45-49,4571,0.0324845607726365,4.7913214878794225e-06,4.839451206233213e-05,1.5720744681509183e-06
2011,E06000042,249895,165308,14,88445,0.00015829046299960426,39.555995251286106,female,45-49,9110,0.0364553112307169,5.770528093504851e-06,8.469039610908124e-05,3.087414748409252e-06
2011,E06000042,249895,165308,14,88445,0.00015829046299960426,39.555995251286106,male,45-49,8964,0.035871065847656015,5.678047621314763e-06,8.469039610908124e-05,3.037934775492924e-06
2011,E06000043,272952,165308,253,87037,0.002906809747578616,793.4195342210784,female,45-49,10249,0.03754872651601747,0.00010914700424592322,0.0015304764439712537,5.746744143388354e-05
2011,E06000043,272952,165308,253,87037,0.002906809747578616,793.4195342210784,male,45-49,10457,0.03831076526275682,0.00011136210590297776,0.0015304764439712537,5.863372378516149e-05
2011,E06000044,205433,165308,17,68264,0.0002490331653580218,51.15963025899449,female,45-49,6914,0.03365574177469053,8.381395906623388e-06,0.00010283833813245579,3.461100552724242e-06
2011,E06000044,205433,165308,17,68264,0.0002490331653580218,51.15963025899449,male,45-49,7031,0.034225270526156946,8.523227454363471e-06,0.00010283833813245579,3.519669943043701e-06
2011,E06000047,512994,165308,10,231893,4.3123337056314764e-05,22.122013169867135,female,45-49,19862,0.038717801767662,1.669640815706468e-06,6.049314007791517e-05,2.3421614058401286e-06
2011,E06000047,512994,165308,10,231893,4.3123337056314764e-05,22.122013169867135,male,45-49,19688,0.0383786165140333,1.6550140156897058e-06,6.049314007791517e-05,2.321643024780005e-06
2011,E06000060,506550,165308,25,163754,0.00015266802642988872,77.33398878806014,female,45-49,20165,0.03980850853815023,6.077486433636771e-06,0.00015123285019478792,6.02035420822801e-06
2011,E06000060,506550,165308,25,163754,0.00015266802642988872,77.33398878806014,male,45-49,20440,0.040351396703188235,6.1603680983652665e-06,0.00015123285019478792,6.102456732763725e-06
2011,E07000008,122725,165308,24,34511,0.000695430442467619,85.34670105183854,female,45-49,3353,0.027321246689753515,1.9000026674222257e-05,0.0001451835361869964,3.966595207455685e-06
2011,E07000008,122725,165308,24,34511,0.000695430442467619,85.34670105183854,male,45-49,3719,0.030303524139335913,2.1073993200546546e-05,0.0001451835361869964,4.399572793476794e-06
2011,E07000061,99308,165308,203,40047,0.0050690438734486976,503.3966089844433,female,45-49,3483,0.03507270310548999,0.00017778507080216913,0.0012280107435816779,4.306965621999218e-05
2011,E07000061,99308,165308,203,40047,0.0050690438734486976,503.3966089844433,male,45-49,3292,0.03314939380513151,0.00016803573157644008,0.0012280107435816779,4.070781173592141e-05
2011,E07000062,90173,165308,190,36006,0.005276898294728657,475.8337499305672,female,45-49,3417,0.037893826311645395,0.0001999618674446655,0.0011493696614803882,4.355401432001249e-05
2011,E07000062,90173,165308,190,36006,0.005276898294728657,475.8337499305672,male,45-49,3413,0.0378494671353953,0.00019972778858315577,0.0011493696614803882,4.350302922862237e-05
2011,E07000063,97584,165308,120,35106,0.003418219107844813,333.56349341992825,female,45-49,3762,0.038551401869158876,0.0001317771385033631,0.000725917680934982,2.798514424165234e-05
2011,E07000063,97584,165308,120,35106,0.003418219107844813,333.56349341992825,male,45-49,3711,0.038028775209050666,0.00012999068606751212,0.000725917680934982,2.7605760308551795e-05
2011,E07000064,90729,165308,226,36720,0.0061546840958605666,558.4083333333333,female,45-49,3371,0.03715460326907604,0.00022867484582819131,0.0013671449657608828,5.079572881416015e-05
2011,E07000064,90729,165308,226,36720,0.0061546840958605666,558.4083333333333,male,45-49,3137,0.03457549405372042,0.00021280124335895466,0.0013671449657608828,4.7269712634239215e-05
2011,E07000065,149415,165308,638,56293,0.011333558346508447,1693.4036203435596,female,45-49,6061,0.04056486965833417,0.00045974431709124047,0.0038594623369709873,0.00015655858665047787
2011,E07000065,149415,165308,638,56293,0.011333558346508447,1693.4036203435596,male,45-49,5807,0.03886490646856072,0.0004404776850930265,0.0038594623369709873,0.0001499976427453102
2011,E07000066,174971,165308,111,62378,0.0017794735323351182,311.356263426208,female,45-49,6691,0.038240622731766975,6.8048176011192e-05,0.0006714738548648583,2.56775783581323e-05
2011,E07000066,174971,165308,111,62378,0.0017794735323351182,311.356263426208,male,45-49,6384,0.036486046259094365,6.492595361761317e-05,0.0006714738548648583,2.4499426130371634e-05
2011,E07000067,147514,165308,9,48494,0.00018558996989318267,27.377118818822947,female,45-49,5777,0.03916238458722562,7.268145776488443e-06,5.444382607012365e-05,2.1321500549582026e-06
2011,E07000067,147514,165308,9,48494,0.00018558996989318267,27.377118818822947,male,45-49,5668,0.038423471670485515,7.131010950516964e-06,5.444382607012365e-05,2.0919208086382367e-06
2011,E07000068,73841,165308,36,24621,0.0014621664432801268,107.96783233824785,female,45-49,3193,0.04324155956717812,6.322635735422658e-05,0.0002177753042804946,9.416943792305348e-06
2011,E07000068,73841,165308,36,24621,0.0014621664432801268,107.96783233824785,male,45-49,2979,0.04034344063596105,5.89888251043661e-05,0.0002177753042804946,8.785805060218488e-06
2011,E07000069,87964,165308,11,33361,0.00032972632714846676,29.00404664128773,female,45-49,3285,0.037344822882088125,1.2313571286920936e-05,6.654245408570669e-05,2.4850161619701975e-06
2011,E07000069,87964,165308,11,33361,0.00032972632714846676,29.00404664128773,male,45-49,3235,0.03677640853076258,1.2126150110559888e-05,6.654245408570669e-05,2.447192476095461e-06
2011,E07000071,173614,165308,8,59731,0.00013393380321775962,23.25278331184812,female,45-49,6307,0.03632771550681397,4.865509100040377e-06,4.839451206233213e-05,1.7580620662914786e-06
2011,E07000071,173614,165308,8,59731,0.00013393380321775962,23.25278331184812,male,45-49,6028,0.0347207022475146,4.650275702401044e-06,4.839451206233213e-05,1.6802914437299874e-06
2011,E07000072,124880,165308,22,48938,0.00044954840818995463,56.13960521476153,female,45-49,5146,0.041207559256886614,1.8524792669326608e-05,0.00013308490817141337,5.48410423967083e-06
2011,E07000072,124880,165308,22,48938,0.00044954840818995463,56.13960521476153,male,45-49,4802,0.03845291479820628,1.728644663779758e-05,0.00013308490817141337,5.117502634842465e-06
2011,E07000073,82177,165308,9,34960,0.0002574370709382151,21.155406178489702,female,45-49,3073,0.037394891514657386,9.626831339585712e-06,5.444382607012365e-05,2.0359209695351495e-06
2011,E07000073,82177,165308,9,34960,0.0002574370709382151,21.155406178489702,male,45-49,2943,0.035812940360441484,9.219578468077041e-06,5.444382607012365e-05,1.9497934960435875e-06
2011,E07000074,61720,165308,8,20947,0.0003819162648589297,23.57187186709314,female,45-49,2472,0.04005184705119896,1.5296451826495045e-05,4.839451206233213e-05,1.9382895952379296e-06
2011,E07000074,61720,165308,8,20947,0.0003819162648589297,23.57187186709314,male,45-49,2424,0.03927414128321452,1.4999433344427182e-05,4.839451206233213e-05,1.9006529040682614e-06
2011,E07000075,83333,165308,13,29337,0.00044312642737839587,36.92705457272386,female,45-49,3274,0.03928815715262861,1.7409620717325286e-05,7.864108210128971e-05,3.089663192248239e-06
2011,E07000075,83333,165308,13,29337,0.00044312642737839587,36.92705457272386,male,45-49,3256,0.039072156288625155,1.731390502614879e-05,7.864108210128971e-05,3.072676650568194e-06
2011,E07000085,116010,165308,9,39594,0.0002273071677526898,26.369904530989544,female,45-49,5029,0.043349711231790364,9.853700082995233e-06,5.444382607012365e-05,2.36012413849368e-06
2011,E07000085,116010,165308,9,39594,0.0002273071677526898,26.369904530989544,male,45-49,4586,0.039531074907335574,8.985696675405875e-06,5.444382607012365e-05,2.1522229666200074e-06
2011,E07000095,93702,165308,9,36221,0.00024847464178239144,23.282570884293644,female,45-49,3766,0.04019124458389362,9.986505100771447e-06,5.444382607012365e-05,2.1881651296673037e-06
2011,E07000095,93702,165308,9,36221,0.00024847464178239144,23.282570884293644,male,45-49,3502,0.037373802053317966,9.286442077244187e-06,5.444382607012365e-05,2.034772778570073e-06
2011,E07000103,90653,165308,10,32552,0.0003072007864340133,27.848672892602604,female,45-49,3143,0.034670667269698745,1.0650856251443458e-05,6.049314007791517e-05,2.097337531740675e-06
2011,E07000103,90653,165308,10,32552,0.0003072007864340133,27.848672892602604,male,45-49,3309,0.03650182564283587,1.121338954375641e-05,6.049314007791517e-05,2.208110051711706e-06
2011,E07000105,118405,165308,683,38958,0.0175317008059962,2075.8410339339803,female,45-49,4628,0.039086187238714584,0.0006852473403162909,0.004131681467321606,0.0001614916754424593
2011,E07000105,118405,165308,683,38958,0.0175317008059962,2075.8410339339803,male,45-49,4596,0.03881592838140281,0.0006805092428897305,0.004131681467321606,0.00016037505193032474
2011,E07000106,150600,165308,838,52154,0.01606779921003183,2419.8105610307935,female,45-49,4929,0.032729083665338644,0.0005258843446629939,0.005069325138529291,0.00016591436658572957
2011,E07000106,150600,165308,838,52154,0.01606779921003183,2419.8105610307935,male,45-49,4811,0.03194555112881806,0.0005132947011916543,0.005069325138529291,0.00016194238540149017
2011,E07000107,97604,165308,1205,33838,0.03561085170518352,3475.761569832732,female,45-49,3680,0.03770337281258965,0.001342649218014378,0.007289423379388777,0.00027483584726190215
2011,E07000107,97604,165308,1205,33838,0.03561085170518352,3475.761569832732,male,45-49,3704,0.03794926437441089,0.0013514056259579502,0.007289423379388777,0.00027662825496143636
2011,E07000108,111718,165308,643,40077,0.016044115078473937,1792.4164483369514,female,45-49,4277,0.03828389337438909,0.0006142311909507244,0.003889708907009945,0.00014891320105338025
2011,E07000108,111718,165308,643,40077,0.016044115078473937,1792.4164483369514,male,45-49,4200,0.03759465797812349,0.0006031730189368815,0.003889708907009945,0.00014623227599349942
2011,E07000109,101766,165308,1146,35711,0.032090952367617824,3265.7678586429956,female,45-49,3783,0.03717351571251695,0.0011929335220672744,0.006932513852929078,0.0002577059126391005
2011,E07000109,101766,165308,1146,35711,0.032090952367617824,3265.7678586429956,male,45-49,3801,0.03735039207593892,0.001198609653020806,0.006932513852929078,0.000258932110478779
2011,E07000110,155764,165308,1006,47534,0.02116379854419994,3296.5579164387595,female,45-49,5967,0.03830795305718908,0.0008107418011430178,0.006085609891838265,0.00023312725806090578
2011,E07000110,155764,165308,1006,47534,0.02116379854419994,3296.5579164387595,male,45-49,6019,0.038641791428057834,0.0008178070891704081,0.006085609891838265,0.00023515886815293985
2011,E07000111,115351,165308,1493,33141,0.045049938143085604,5196.555414743068,female,45-49,4578,0.039687562309819596,0.0017879222271072284,0.009031625813632734,0.0003584432122375242
2011,E07000111,115351,165308,1493,33141,0.045049938143085604,5196.555414743068,male,45-49,4599,0.03986961534793803,0.0017961237052132246,0.009031625813632734,0.0003600874471560449
2011,E07000112,108199,165308,674,39104,0.017236088379705403,1864.927526595745,female,45-49,3890,0.035952273126369005,0.0006196765570574037,0.004077237641251482,0.00014658596127938578
2011,E07000112,108199,165308,674,39104,0.017236088379705403,1864.927526595745,male,45-49,3949,0.03649756467250159,0.0006290752503392512,0.004077237641251482,0.0001488092444967338
2011,E07000113,136324,165308,898,51193,0.017541460746586447,2391.322094817651,female,45-49,5262,0.038599219506469884,0.0006770866938216153,0.005432283978996782,0.00020968192172677642
2011,E07000113,136324,165308,898,51193,0.017541460746586447,2391.322094817651,male,45-49,5301,0.03888530266130689,0.0006821050102524483,0.005432283978996782,0.00021123600666545831
2011,E07000114,134402,165308,826,52563,0.015714475962178717,2112.056998268744,female,45-49,4805,0.03575095608696299,0.0005618075400534868,0.004996733370435793,0.0001786379953047126
2011,E07000114,134402,165308,826,52563,0.015714475962178717,2112.056998268744,male,45-49,4553,0.033875983988333504,0.000532343336079818,0.004996733370435793,0.00016926925965085463
2011,E07000115,121087,165308,974,37881,0.025712098413452653,3113.4008605897416,female,45-49,4955,0.04092099069264248,0.0010521645398652035,0.005892031843588937,0.00024110778023225604
2011,E07000115,121087,165308,974,37881,0.025712098413452653,3113.4008605897416,male,45-49,4716,0.03894720325055539,0.0010014143229070233,0.005892031843588937,0.00022947816177100293
2011,E07000116,115246,165308,906,38118,0.023768298441681095,2739.2013222099795,female,45-49,4589,0.03981916942887389,0.0009464339026853388,0.005480678491059114,0.00021823606542066773
2011,E07000116,115246,165308,906,38118,0.023768298441681095,2739.2013222099795,male,45-49,4574,0.03968901306769866,0.0009433403074488427,0.005480678491059114,0.00021752272025150015
2011,E07000130,165876,165308,8,46529,0.00017193578198542844,28.520019772614926,female,45-49,5966,0.03596662567218886,6.183949910324978e-06,4.839451206233213e-05,1.7405872999341284e-06
2011,E07000130,165876,165308,8,46529,0.00017193578198542844,28.520019772614926,male,45-49,5862,0.03533965130579469,6.076150582354177e-06,4.839451206233213e-05,1.7102451813968924e-06
2011,E07000178,150245,165308,18,41750,0.0004311377245508982,64.77628742514969,female,45-49,4220,0.028087457153316252,1.2109562365501616e-05,0.0001088876521402473,3.0583772640144007e-06
2011,E07000178,150245,165308,18,41750,0.0004311377245508982,64.77628742514969,male,45-49,4307,0.028666511364770875,1.2359214480619778e-05,0.0001088876521402473,3.1214291175616167e-06
2011,E07000200,87901,165308,10,31239,0.0003201126796632415,28.13822465507859,female,45-49,3414,0.03883914858761561,1.2432903930220435e-05,6.049314007791517e-05,2.3495020560175924e-06
2011,E07000200,87901,165308,10,31239,0.0003201126796632415,28.13822465507859,male,45-49,3348,0.03808830388732779,1.2192549021200357e-05,6.049314007791517e-05,2.304081102386321e-06
2011,E07000207,131428,165308,94,42682,0.0022023335363853614,289.44829202005525,female,45-49,5521,0.04200779133822321,9.251516765364747e-05,0.0005686355167324026,2.38871221343975e-05
2011,E07000207,131428,165308,94,42682,0.0022023335363853614,289.44829202005525,male,45-49,5535,0.04211431354049366,9.274976507207731e-05,0.0005686355167324026,2.394769444192903e-05
2011,E07000208,75191,165308,63,24986,0.0025214119907148004,189.58748899383656,female,45-49,2964,0.039419611389661,9.939308082720896e-05,0.00038110678249086554,1.502308126375398e-05
2011,E07000208,75191,165308,63,24986,0.0025214119907148004,189.58748899383656,male,45-49,3005,0.03996488941495658,0.00010076795137846252,0.00038110678249086554,1.5230890417537352e-05
2011,E07000209,137580,165308,31,46466,0.0006671544785434512,91.78711315800801,female,45-49,5096,0.03704026748073848,2.471158033622203e-05,0.00018752873424153702,6.946114476630852e-06
2011,E07000209,137580,165308,31,46466,0.0006671544785434512,91.78711315800801,male,45-49,4967,0.03610263119639483,2.4086032089877325e-05,0.00018752873424153702,6.770280731048949e-06
2011,E07000210,85637,165308,54,29167,0.0018514074124867145,158.54897658312478,female,45-49,3514,0.04103366535492836,7.597003219961365e-05,0.0003266629564207419,1.340417843762027e-05
2011,E07000210,85637,165308,54,29167,0.0018514074124867145,158.54897658312478,male,45-49,3514,0.04103366535492836,7.597003219961365e-05,0.0003266629564207419,1.340417843762027e-05
2011,E07000211,138375,165308,168,49074,0.0034234013938134245,473.7131678689326,female,45-49,5472,0.039544715447154474,0.00013537743397974388,0.0010162847533089748,4.0188691382884987e-05
2011,E07000211,138375,165308,168,49074,0.0034234013938134245,473.7131678689326,male,45-49,5560,0.0401806684733514,0.00013755455645602632,0.0010162847533089748,4.083500074722963e-05
2011,E07000212,80501,165308,9,27370,0.0003288271830471319,26.470917062477163,female,45-49,3043,0.037800772661209174,1.2429921591190447e-05,5.444382607012365e-05,2.058018692083157e-06
2011,E07000212,80501,165308,9,27370,0.0003288271830471319,26.470917062477163,male,45-49,3006,0.03734115104160197,1.227878550874745e-05,5.444382607012365e-05,2.032995132567194e-06
2011,E07000213,95852,165308,38,34747,0.0010936195930583935,104.82562523383314,female,45-49,3885,0.04053123565496808,4.432575344314004e-05,0.00022987393229607762,9.3170745208265e-06
2011,E07000213,95852,165308,38,34747,0.0010936195930583935,104.82562523383314,male,45-49,3958,0.04129282644076284,4.5158644048377926e-05,0.00022987393229607762,9.4921443895576e-06
2011,E07000214,86378,165308,31,33770,0.0009179745336097127,79.29280426413976,female,45-49,3609,0.041781472134108225,3.835432739583521e-05,0.00018752873424153702,7.835226584057366e-06
2011,E07000214,86378,165308,31,33770,0.0009179745336097127,79.29280426413976,male,45-49,3547,0.04106369677464169,3.769542789499237e-05,0.00018752873424153702,7.700623079426842e-06
2011,E07000215,83178,165308,347,29248,0.0118640590809628,986.8287062363238,female,45-49,3377,0.040599677799418116,0.0004816769760803503,0.0020991119607036562,8.522326926947326e-05
2011,E07000215,83178,165308,347,29248,0.0118640590809628,986.8287062363238,male,45-49,3428,0.041212820697780664,0.0004889513396515963,0.0020991119607036562,8.651032486104659e-05
2011,E07000216,121754,165308,16,43976,0.00036383481899217757,44.298344551573585,female,45-49,4845,0.03979335381178442,1.4478207681202264e-05,9.678902412466426e-05,3.851559882090103e-06
2011,E07000216,121754,165308,16,43976,0.00036383481899217757,44.298344551573585,male,45-49,4563,0.037477208141005636,1.3635513240314949e-05,9.678902412466426e-05,3.627382402884858e-06
2011,E07000217,99493,165308,25,33858,0.0007383779313603875,73.46343552483903,female,45-49,3739,0.03758053330385052,2.7748636440317297e-05,0.00015123285019478792,5.683411163381464e-06
2011,E07000217,99493,165308,25,33858,0.0007383779313603875,73.46343552483903,male,45-49,3720,0.03738956509503181,2.7607629729334137e-05,0.00015123285019478792,5.6545304968652165e-06
2011,E07000223,61334,165308,37,24872,0.0014876165969765198,91.24147635895787,female,45-49,2228,0.03632569211204226,5.4038702482533115e-05,0.00022382461828828612,8.130584171035663e-06
2011,E07000223,61334,165308,37,24872,0.0014876165969765198,91.24147635895787,male,45-49,2255,0.03676590471842697,5.4693570061989306e-05,0.00022382461828828612,8.229114589625415e-06
2011,E07000224,149811,165308,31,61570,0.0005034919603703102,75.42863407503654,female,45-49,5413,0.03613219323013664,1.8192268801920346e-05,0.00018752873424153702,6.775824461818157e-06
2011,E07000224,149811,165308,31,61570,0.0005034919603703102,75.42863407503654,male,45-49,5072,0.03385599188310605,1.7046219723506373e-05,0.00018752873424153702,6.348971304330629e-06
2011,E07000225,113995,165308,8,44206,0.0001809709089263901,20.62977876306384,female,45-49,4423,0.03879994736611255,7.021661741141484e-06,4.839451206233213e-05,1.8777045208271856e-06
2011,E07000225,113995,165308,8,44206,0.0001809709089263901,20.62977876306384,male,45-49,3937,0.03453660248256502,6.250120342499212e-06,4.839451206233213e-05,1.6713820254344628e-06
2011,E07000226,107053,165308,93,37608,0.0024728781110402043,264.729020421187,female,45-49,3744,0.03497333096690424,8.648478461822205e-05,0.000562586202724611,1.9675513465301704e-05
2011,E07000226,107053,165308,93,37608,0.0024728781110402043,264.729020421187,male,45-49,3821,0.03569260086125564,8.826345139589383e-05,0.000562586202724611,2.008016478389899e-05
2011,E07000227,131540,165308,61,45394,0.0013437899281843416,176.7621271533683,female,45-49,5659,0.043021134255739696,5.7811366911929366e-05,0.0003690081544752825,1.587514935514386e-05
2011,E07000227,131540,165308,61,45394,0.0013437899281843416,176.7621271533683,male,45-49,5299,0.04028432415995135,5.413366906985576e-05,0.0003690081544752825,1.4865244112547682e-05
2011,E07000228,140188,165308,399,44892,0.008887997861534349,1245.9906442127774,female,45-49,5617,0.04006762347704511,0.0003561209517807404,0.002413676289108815,9.671027274748347e-05
2011,E07000228,140188,165308,399,44892,0.008887997861534349,1245.9906442127774,male,45-49,5543,0.03953976089251576,0.00035142931025825957,0.002413676289108815,9.543618334329729e-05
2011,E07000229,104998,165308,33,39714,0.0008309412297930201,87.24716724580752,female,45-49,4062,0.03868645117049849,3.214616731194163e-05,0.00019962736225712004,7.722874202255487e-06
2011,E07000229,104998,165308,33,39714,0.0008309412297930201,87.24716724580752,male,45-49,3890,0.03704832472999486,3.0784980512913086e-05,0.00019962736225712004,7.395859341894102e-06
2011,E07000241,110727,165308,12,36606,0.00032781511227667593,36.2979839370595,female,45-49,4074,0.03679319407190658,1.2061365045699583e-05,7.25917680934982e-05,2.670883011486915e-06
2011,E07000241,110727,165308,12,36606,0.00032781511227667593,36.2979839370595,male,45-49,3767,0.03402060924616399,1.1152469839752168e-05,7.25917680934982e-05,2.469616176797057e-06
2011,E07000242,138155,165308,8,44545,0.00017959366932315636,24.81176338534067,female,45-49,5910,0.04277803915891571,7.682665018999341e-06,4.839451206233213e-05,2.0702223320790627e-06
2011,E07000242,138155,165308,8,44545,0.00017959366932315636,24.81176338534067,male,45-49,5951,0.043074807281676376,7.735962695104074e-06,4.839451206233213e-05,2.084584280575719e-06
2011,E08000035,750683,165308,8,281107,2.845891422127517e-05,21.36362310436951,female,45-49,25344,0.03376125475067372,9.608086529520424e-07,4.839451206233213e-05,1.6338594502709474e-06
2011,E08000035,750683,165308,8,281107,2.845891422127517e-05,21.36362310436951,male,45-49,25301,0.03370397358139188,9.59178493068956e-07,4.839451206233213e-05,1.6310873560331927e-06
2011,E09000001,7412,165308,20,2137,0.009358914365933552,69.36827328029949,female,45-49,247,0.03332433890987588,0.0003118796341588758,0.00012098628015583033,4.031787803358081e-06
2011,E09000001,7412,165308,20,2137,0.009358914365933552,69.36827328029949,male,45-49,355,0.04789530491095521,0.0004482480571919065,0.00012098628015583033,5.794674778105743e-06
2011,E09000002,187029,165308,213,69590,0.0030607845954878574,572.4554821094985,female,45-49,6414,0.03429414689700528,0.00010496699653775146,0.001288503883659593,4.418814146358389e-05
2011,E09000002,187029,165308,213,69590,0.0030607845954878574,572.4554821094985,male,45-49,5991,0.032032465553470314,9.804447712155736e-05,0.001288503883659593,4.127395626883863e-05
2011,E09000003,357538,165308,214,138470,0.001545461110709901,552.5610746009966,female,45-49,12658,0.03540322986647573,5.4714314952161524e-05,0.0012945531976673846,4.583136443139961e-05
2011,E09000003,357538,165308,214,138470,0.001545461110709901,552.5610746009966,male,45-49,11580,0.03238816573343253,5.0054650588247e-05,0.0012945531976673846,4.19282035167963e-05
2011,E09000004,232774,165308,4151,34157,0.12152706619433791,28288.341306320814,female,45-49,9373,0.04026652461185527,0.004893472601920872,0.025110702446342583,0.001011120718076628
2011,E09000004,232774,165308,4151,34157,0.12152706619433791,28288.341306320814,male,45-49,8767,0.037663141072456545,0.004577091038199113,0.025110702446342583,0.0009457479286650804
2011,E09000005,312245,165308,417,114282,0.0036488685882291173,1139.3409723316008,female,45-49,10440,0.03343528319108392,0.00012200095457449113,0.0025225639412490624,8.434263974327918e-05
2011,E09000005,312245,165308,417,114282,0.0036488685882291173,1139.3409723316008,male,45-49,10144,0.03248730964467005,0.0001185419236785094,0.0025225639412490624,8.195131585783757e-05
2011,E09000006,310554,165308,10197,36965,0.2758555390234005,85668.04106587311,female,45-49,12788,0.041178023789743494,0.0113591859484381,0.061684854937450094,0.0025400604240811966
2011,E09000006,310554,165308,10197,36965,0.2758555390234005,85668.04106587311,male,45-49,11716,0.0377261281451857,0.010406961414756081,0.061684854937450094,0.002327130741987433
2011,E09000007,220087,165308,382,72962,0.005235602094240838,1152.2879581151833,female,45-49,6581,0.029901811556339083,0.0001565539872059638,0.0023108379509763593,6.909824094733182e-05
2011,E09000007,220087,165308,382,72962,0.005235602094240838,1152.2879581151833,male,45-49,6743,0.0306378841094658,0.00016040777020662723,0.0023108379509763593,7.079918533776911e-05
2011,E09000008,364815,165308,8115,136880,0.05928550555230859,21628.24170806546,female,45-49,14780,0.040513685018434,0.0024018742981048503,0.04909018317322816,0.001988824218577394
2011,E09000008,364815,165308,8115,136880,0.05928550555230859,21628.24170806546,male,45-49,13949,0.03823581815440703,0.0022668298094901595,0.04909018317322816,0.0018770033169780835
2011,E09000009,339314,165308,312,135612,0.0023006813556322447,780.6533935049995,female,45-49,11547,0.034030426095003445,7.829316684099544e-05,0.0018873859704309531,6.422854877949691e-05
2011,E09000009,339314,165308,312,135612,0.0023006813556322447,780.6533935049995,male,45-49,11469,0.03380055052252486,7.776429639727868e-05,0.0018873859704309531,6.379468484905605e-05
2011,E09000010,313935,165308,223,122444,0.0018212407304563718,571.7512087158211,female,45-49,12112,0.03858123496902225,7.0265716556891e-05,0.0013489970237375083,5.2045971145328496e-05
2011,E09000010,313935,165308,223,122444,0.0018212407304563718,571.7512087158211,male,45-49,10916,0.0347715291381974,6.332732512673565e-05,0.0013489970237375083,4.690668931823034e-05
2011,E09000011,255483,165308,5537,32537,0.1701754925162123,43476.94535451947,female,45-49,8802,0.03445239017860288,0.005862952467004461,0.033495051661141625,0.001153984588882112
2011,E09000011,255483,165308,5537,32537,0.1701754925162123,43476.94535451947,male,45-49,8429,0.03299241045392453,0.005614499698293638,0.033495051661141625,0.001105082492579791
2011,E09000012,247182,165308,409,88435,0.004624865720585741,1143.1835585458246,female,45-49,7791,0.03151928538485812,0.00014577246251378946,0.00247416942918673,7.798405232902805e-05
2011,E09000012,247182,165308,409,88435,0.004624865720585741,1143.1835585458246,male,45-49,7425,0.030038595043328398,0.00013892446851044625,0.00247416942918673,7.432057355192317e-05
2011,E09000013,182445,165308,389,63620,0.006114429424709211,1115.5470763910719,female,45-49,5864,0.0321411932363178,0.0001965250576694062,0.0023531831490309,7.563411431344898e-05
2011,E09000013,182445,165308,389,63620,0.006114429424709211,1115.5470763910719,male,45-49,5663,0.03103949135355861,0.00018978877926020588,0.0023531831490309,7.304160800768444e-05
2011,E09000014,255540,165308,300,94034,0.003190335410596167,815.2583108237445,female,45-49,9114,0.035665649213430385,0.0001137853836275083,0.001814794202337455,6.472581341513488e-05
2011,E09000014,255540,165308,300,94034,0.003190335410596167,815.2583108237445,male,45-49,8767,0.034307740471159115,0.00010945319928268216,0.001814794202337455,6.226148850235763e-05
2011,E09000015,240499,165308,72,85681,0.0008403263267235443,202.09764125068568,female,45-49,8492,0.03530991812855771,2.9671853797879986e-05,0.0004355506085609892,1.5379256329132016e-05
2011,E09000015,240499,165308,72,85681,0.0008403263267235443,202.09764125068568,male,45-49,7884,0.03278184108873634,2.7547444105332762e-05,0.0004355506085609892,1.4278150835948752e-05
2011,E09000016,237927,165308,101,84891,0.0011897609876194179,283.07626250132523,female,45-49,9132,0.03838152038230214,4.566483559638261e-05,0.0006109807147869432,2.3450368757788588e-05
2011,E09000016,237927,165308,101,84891,0.0011897609876194179,283.07626250132523,male,45-49,8588,0.03609510480105242,4.294454753632652e-05,0.0006109807147869432,2.2053412931656632e-05
2011,E09000017,275499,165308,102,107741,0.0009467148068052088,260.8189825600282,female,45-49,9916,0.03599287111749952,3.407498402636834e-05,0.0006170300287947347,2.2208682302035903e-05
2011,E09000017,275499,165308,102,107741,0.0009467148068052088,260.8189825600282,male,45-49,9515,0.03453733044403065,3.2697002118888136e-05,0.0006170300287947347,2.13105699983735e-05
2011,E09000018,254927,165308,214,93861,0.002279967185519012,581.2251947028052,female,45-49,8338,0.03270740251130716,7.457180444934245e-05,0.0012945531976673846,4.2341472508406927e-05
2011,E09000018,254927,165308,214,93861,0.002279967185519012,581.2251947028052,male,45-49,8480,0.03326442471766427,7.584179680144205e-05,0.0012945531976673846,4.306256738681826e-05
2011,E09000019,206285,165308,347,78519,0.004419312523083585,911.6378838242973,female,45-49,6674,0.03235329762222169,0.00014297933334493466,0.0020991119607036562,6.79131940070107e-05
2011,E09000019,206285,165308,347,78519,0.004419312523083585,911.6378838242973,male,45-49,6875,0.033327677727415954,0.0001472854235460632,0.0020991119607036562,6.995852694009568e-05
2011,E09000020,158251,165308,366,50701,0.007218792528746967,1142.3811364667363,female,45-49,5904,0.037307821119613775,0.00026931742036209624,0.002214048926851695,8.260134131305588e-05
2011,E09000020,158251,165308,366,50701,0.007218792528746967,1142.3811364667363,male,45-49,5550,0.03507086843053125,0.00025316932300298685,0.002214048926851695,7.764861861237469e-05
2011,E09000021,160436,165308,240,51416,0.004667807686323323,748.8843939629687,female,45-49,5723,0.03567154503976663,0.0001665079121196513,0.001451835361869964,5.1789210501270306e-05
2011,E09000021,160436,165308,240,51416,0.004667807686323323,748.8843939629687,male,45-49,5524,0.034431175047994214,0.00016071810353817122,0.001451835361869964,4.998839748541275e-05
2011,E09000022,304481,165308,39410,108324,0.36381595952882095,110775.04717329494,female,45-49,10520,0.03455059593209429,0.012570058211327461,0.23840346504706367,0.008236981789652261
2011,E09000022,304481,165308,39410,108324,0.36381595952882095,110775.04717329494,male,45-49,10516,0.034537458823374854,0.012565278721513267,0.23840346504706367,0.008233849857412847
2011,E09000023,276938,165308,22020,112394,0.19591793156218304,54257.12013096784,female,45-49,10736,0.03876679978912247,0.007595111227970149,0.1332058944515692,0.005163966240934963
2011,E09000023,276938,165308,22020,112394,0.19591793156218304,54257.12013096784,male,45-49,9910,0.03578418274126339,0.007010763065311492,0.1332058944515692,0.004766664069268395
2011,E09000024,200543,165308,921,75416,0.01221226264983558,2449.0837885859764,female,45-49,7208,0.035942416339637885,0.0004389382286093998,0.005571418201175986,0.0002002502325889037
2011,E09000024,200543,165308,921,75416,0.01221226264983558,2449.0837885859764,male,45-49,6896,0.03438664027166244,0.0004199386826429552,0.005571418201175986,0.00019158235348683126
2011,E09000025,310460,165308,426,112342,0.0037919923091986967,1177.2619323138274,female,45-49,8863,0.02854796108999549,0.00010825364889656655,0.002577007767319186,7.356831747004428e-05
2011,E09000025,310460,165308,426,112342,0.0037919923091986967,1177.2619323138274,male,45-49,8837,0.028464214391548025,0.00010793608206013297,0.002577007767319186,7.335250157765782e-05
2011,E09000026,281395,165308,222,102662,0.002162435954881066,608.4986655237576,female,45-49,9662,0.03433607562323424,7.424956447719703e-05,0.0013429477097297166,4.611155411932878e-05
2011,E09000026,281395,165308,222,102662,0.002162435954881066,608.4986655237576,male,45-49,9072,0.03223937880914728,6.971559189993081e-05,0.0013429477097297166,4.32957999348531e-05
2011,E09000027,187527,165308,203,62176,0.0032649253731343282,612.2616604477612,female,45-49,7303,0.03894372543687043,0.000127148357303215,0.0012280107435816779,4.782331323157196e-05
2011,E09000027,187527,165308,203,62176,0.0032649253731343282,612.2616604477612,male,45-49,7279,0.0388157438662166,0.00012673050702589374,0.0012280107435816779,4.76661504878286e-05
2011,E09000028,288717,165308,48341,102300,0.47254154447702834,136430.7770967742,female,45-49,10142,0.035127824132281785,0.016599356269585863,0.2924298884506497,0.010272425692517203
2011,E09000028,288717,165308,48341,102300,0.47254154447702834,136430.7770967742,male,45-49,10087,0.034937326170609975,0.01650933806855774,0.2924298884506497,0.01021671839483544
2011,E09000029,191123,165308,522,74422,0.007014054983741367,1340.5472306576012,female,45-49,7671,0.04013645662740748,0.00028151931363718663,0.0031577419120671717,0.0001267405712942308
2011,E09000029,191123,165308,522,74422,0.007014054983741367,1340.5472306576012,male,45-49,7387,0.03865050255594565,0.000271096750076639,0.0031577419120671717,0.00012204831184336891
2011,E09000030,256012,165308,312,76079,0.004101000276028864,1049.9052826667016,female,45-49,5310,0.020741215255534896,8.50597294881227e-05,0.0018873859704309531,3.9146678682985016e-05
2011,E09000030,256012,165308,312,76079,0.004101000276028864,1049.9052826667016,male,45-49,6649,0.02597143883880443,0.00010650887784680374,0.0018873859704309531,4.901812929626505e-05
2011,E09000031,259742,165308,333,98132,0.0033933884971263195,881.4055150205845,female,45-49,8928,0.03437256970378298,0.0001166394826494898,0.002014421564594575,6.92408456418306e-05
2011,E09000031,259742,165308,333,98132,0.0033933884971263195,881.4055150205845,male,45-49,8657,0.03332922669418115,0.00011309901448214977,0.002014421564594575,6.713911298401965e-05
2011,E09000032,307710,165308,2574,105396,0.024422179209837185,7514.948764659,female,45-49,9165,0.029784537389100127,0.0007274033097986994,0.015570934256055362,0.00046377307353270093
2011,E09000032,307710,165308,2574,105396,0.024422179209837185,7514.948764659,male,45-49,9125,0.029654544863670338,0.0007242286090467138,0.015570934256055362,0.0004617489684654551
2011,E09000033,219582,165308,836,72308,0.011561652929136471,2538.7308734856447,female,45-49,6711,0.030562614421947153,0.00035335434055357384,0.005057226510513707,0.0001545620638852797
2011,E09000033,219582,165308,836,72308,0.011561652929136471,2538.7308734856447,male,45-49,7458,0.03396453261196273,0.0003926861379598501,0.005057226510513707,0.0001717663347424253
2011,E06000033,174274,165308,107,64508,0.001658708997333664,289.069851801327,female,50-54,5393,0.0309455225679103,5.132961671058477e-05,0.0006472765988336923,2.0030312596888248e-05
2011,E06000033,174274,165308,107,64508,0.001658708997333664,289.069851801327,male,50-54,5633,0.03232266431022413,5.361389410916448e-05,0.0006472765988336923,2.092170421996505e-05
2011,E06000034,158268,165308,159,53689,0.0029615004935834156,468.71076011846003,female,50-54,4666,0.029481638739353503,8.730988767824334e-05,0.0009618409272388511,2.8356646741580606e-05
2011,E06000034,158268,165308,159,53689,0.0029615004935834156,468.71076011846003,male,50-54,4826,0.030492582202340333,9.030379724286377e-05,0.0009618409272388511,2.9329013539405914e-05
2011,E06000035,264885,165308,1714,99212,0.017276135951296213,4576.189271459098,female,50-54,8787,0.03317288634690526,0.0005730992944260332,0.010368524209354659,0.0003439538751820578
2011,E06000035,264885,165308,1714,99212,0.017276135951296213,4576.189271459098,male,50-54,8654,0.03267078165996565,0.0005644248655926815,0.010368524209354659,0.000338747790579894
2011,E06000038,155339,165308,10,47360,0.00021114864864864866,32.799619932432435,female,50-54,3955,0.02546044457605624,5.375938466228092e-06,6.049314007791517e-05,1.5401822401853656e-06
2011,E06000038,155339,165308,10,47360,0.00021114864864864866,32.799619932432435,male,50-54,4342,0.027951769999806874,5.90197846279706e-06,6.049314007791517e-05,1.690890338023984e-06
2011,E06000039,140713,165308,8,54239,0.0001474953446781836,20.754512435701248,female,50-54,3860,0.027431722726400546,4.046051398646811e-06,4.839451206233213e-05,1.3275448363733416e-06
2011,E06000039,140713,165308,8,54239,0.0001474953446781836,20.754512435701248,male,50-54,3838,0.027275376120187902,4.022991002074212e-06,4.839451206233213e-05,1.3199785186530792e-06
2011,E06000042,249895,165308,14,88445,0.00015829046299960426,39.555995251286106,female,50-54,7980,0.03193341203305388,5.054754575869233e-06,8.469039610908124e-05,2.704453314193834e-06
2011,E06000042,249895,165308,14,88445,0.00015829046299960426,39.555995251286106,male,50-54,8047,0.03220152464034895,5.097194244614001e-06,8.469039610908124e-05,2.7271598771074922e-06
2011,E06000043,272952,165308,253,87037,0.002906809747578616,793.4195342210784,female,50-54,7643,0.028001260294850377,8.139433636955714e-05,0.0015304764439712537,4.2855269282776066e-05
2011,E06000043,272952,165308,253,87037,0.002906809747578616,793.4195342210784,male,50-54,7870,0.028832908350186114,8.381177904336187e-05,0.0015304764439712537,4.412808704114191e-05
2011,E06000044,205433,165308,17,68264,0.0002490331653580218,51.15963025899449,female,50-54,5845,0.02845209873778799,7.085516209750319e-06,0.00010283833813245579,2.9259665505746598e-06
2011,E06000044,205433,165308,17,68264,0.0002490331653580218,51.15963025899449,male,50-54,6156,0.029965974307925212,7.462521434939772e-06,0.00010283833813245579,3.0816509983468956e-06
2011,E06000047,512994,165308,10,231893,4.3123337056314764e-05,22.122013169867135,female,50-54,18448,0.03596143424679431,1.5507770500530118e-06,6.049314007791517e-05,2.1754200792940636e-06
2011,E06000047,512994,165308,10,231893,4.3123337056314764e-05,22.122013169867135,male,50-54,17434,0.033984802941165,1.4655381120242956e-06,6.049314007791517e-05,2.0558474448402376e-06
2011,E06000060,506550,165308,25,163754,0.00015266802642988872,77.33398878806014,female,50-54,17916,0.035368670417530355,5.399665110093548e-06,0.00015123285019478792,5.348904834843195e-06
2011,E06000060,506550,165308,25,163754,0.00015266802642988872,77.33398878806014,male,50-54,17972,0.03547922218931991,5.416542830910987e-06,0.00015123285019478792,5.365623894385014e-06
2011,E07000008,122725,165308,24,34511,0.000695430442467619,85.34670105183854,female,50-54,2953,0.02406192707272357,1.6733396590807734e-05,0.0001451835361869964,3.493395659891631e-06
2011,E07000008,122725,165308,24,34511,0.000695430442467619,85.34670105183854,male,50-54,3017,0.02458341821144836,1.7096057404154056e-05,0.0001451835361869964,3.5691075875018792e-06
2011,E07000061,99308,165308,203,40047,0.0050690438734486976,503.3966089844433,female,50-54,3093,0.03114552704716639,0.0001578780430637695,0.0012280107435816779,3.824704182843406e-05
2011,E07000061,99308,165308,203,40047,0.0050690438734486976,503.3966089844433,male,50-54,2909,0.02929270552221372,0.00014848600946411428,0.0012280107435816779,3.597175708985279e-05
2011,E07000062,90173,165308,190,36006,0.005276898294728657,475.8337499305672,female,50-54,3192,0.035398622647577434,0.00018679493148474456,0.0011493696614803882,4.068610292931808e-05
2011,E07000062,90173,165308,190,36006,0.005276898294728657,475.8337499305672,male,50-54,2917,0.032348929280383264,0.00017070200975595235,0.0011493696614803882,3.7180877896247126e-05
2011,E07000063,97584,165308,120,35106,0.003418219107844813,333.56349341992825,female,50-54,3396,0.03480078701426463,0.000118956715140197,0.000725917680934982,2.5262506604107216e-05
2011,E07000063,97584,165308,120,35106,0.003418219107844813,333.56349341992825,male,50-54,3333,0.034155189375307426,0.00011674992095473399,0.000725917680934982,2.4793855863218304e-05
2011,E07000064,90729,165308,226,36720,0.0061546840958605666,558.4083333333333,female,50-54,3148,0.03469673423051064,0.00021354743834682473,0.0013671449657608828,4.743546553158592e-05
2011,E07000064,90729,165308,226,36720,0.0061546840958605666,558.4083333333333,male,50-54,2905,0.032018428506872115,0.0001970633127056944,0.0013671449657608828,4.377383334474495e-05
2011,E07000065,149415,165308,638,56293,0.011333558346508447,1693.4036203435596,female,50-54,5443,0.03642873874778302,0.0004128672360877119,0.0038594623369709873,0.0001405953451804242
2011,E07000065,149415,165308,638,56293,0.011333558346508447,1693.4036203435596,male,50-54,5274,0.03529766087742194,0.00040004809904953015,0.0038594623369709873,0.00013622999273958428
2011,E07000066,174971,165308,111,62378,0.0017794735323351182,311.356263426208,female,50-54,5893,0.03367986694938018,5.9932431808990353e-05,0.0006714738548648583,2.2615150091835844e-05
2011,E07000066,174971,165308,111,62378,0.0017794735323351182,311.356263426208,male,50-54,5753,0.03287973435597899,5.8508617036674274e-05,0.0006714738548648583,2.207788197494173e-05
2011,E07000067,147514,165308,9,48494,0.00018558996989318267,27.377118818822947,female,50-54,4901,0.033223965182965685,6.166034698038751e-06,5.444382607012365e-05,1.8088397817812275e-06
2011,E07000067,147514,165308,9,48494,0.00018558996989318267,27.377118818822947,male,50-54,4849,0.03287145626855756,6.100612579226668e-06,5.444382607012365e-05,1.7896478477570234e-06
2011,E07000068,73841,165308,36,24621,0.0014621664432801268,107.96783233824785,female,50-54,2622,0.035508728213323223,5.191967083707551e-05,0.0002177753042804946,7.732924091269849e-06
2011,E07000068,73841,165308,36,24621,0.0014621664432801268,107.96783233824785,male,50-54,2599,0.035197248141276526,5.1464235127978354e-05,0.0002177753042804946,7.665091423802568e-06
2011,E07000069,87964,165308,11,33361,0.00032972632714846676,29.00404664128773,female,50-54,2948,0.03351371015415397,1.1050352558247464e-05,6.654245408570669e-05,2.2300845191744726e-06
2011,E07000069,87964,165308,11,33361,0.00032972632714846676,29.00404664128773,male,50-54,3047,0.03463917056977855,1.1421446487442343e-05,6.654245408570669e-05,2.304975417206451e-06
2011,E07000071,173614,165308,8,59731,0.00013393380321775962,23.25278331184812,female,50-54,5348,0.030803967421982097,4.1256925110220286e-06,4.839451206233213e-05,1.4907429729707984e-06
2011,E07000071,173614,165308,8,59731,0.00013393380321775962,23.25278331184812,male,50-54,5160,0.029721105440805466,3.980660687523124e-06,4.839451206233213e-05,1.4383383957609053e-06
2011,E07000072,124880,165308,22,48938,0.00044954840818995463,56.13960521476153,female,50-54,4422,0.035409993593850095,1.5918506254131802e-05,0.00013308490817141337,4.712535745787876e-06
2011,E07000072,124880,165308,22,48938,0.00044954840818995463,56.13960521476153,male,50-54,4258,0.03409673286354901,1.532813198328657e-05,0.00013308490817141337,4.537760562090632e-06
2011,E07000073,82177,165308,9,34960,0.0002574370709382151,21.155406178489702,female,50-54,2825,0.034377015466614744,8.849918169323018e-06,5.444382607012365e-05,1.8716162508743236e-06
2011,E07000073,82177,165308,9,34960,0.0002574370709382151,21.155406178489702,male,50-54,2639,0.032113608430582766,8.267233291625998e-06,5.444382607012365e-05,1.7483877118787046e-06
2011,E07000074,61720,165308,8,20947,0.0003819162648589297,23.57187186709314,female,50-54,2293,0.03715165262475697,1.4188820403783633e-05,4.839451206233213e-05,1.7979361010843742e-06
2011,E07000074,61720,165308,8,20947,0.0003819162648589297,23.57187186709314,male,50-54,2314,0.037491898898250164,1.4318765989688324e-05,4.839451206233213e-05,1.8144021534711043e-06
2011,E07000075,83333,165308,13,29337,0.00044312642737839587,36.92705457272386,female,50-54,2901,0.03481213924855699,1.5426178894612294e-05,7.864108210128971e-05,2.7376643007673e-06
2011,E07000075,83333,165308,13,29337,0.00044312642737839587,36.92705457272386,male,50-54,2878,0.03453613814455258,1.5303875511442325e-05,7.864108210128971e-05,2.7159592752872425e-06
2011,E07000085,116010,165308,9,39594,0.0002273071677526898,26.369904530989544,female,50-54,4426,0.03815188345832256,8.672196573341996e-06,5.444382607012365e-05,2.0771345072525407e-06
2011,E07000085,116010,165308,9,39594,0.0002273071677526898,26.369904530989544,male,50-54,4401,0.037936384794414274,8.623212182394517e-06,5.444382607012365e-05,2.0654019354763744e-06
2011,E07000095,93702,165308,9,36221,0.00024847464178239144,23.282570884293644,female,50-54,3148,0.033595867750955154,8.347721204787178e-06,5.444382607012365e-05,1.8290875805078785e-06
2011,E07000095,93702,165308,9,36221,0.00024847464178239144,23.282570884293644,male,50-54,3027,0.032304539924441315,8.026858985670519e-06,5.444382607012365e-05,1.7587827529216484e-06
2011,E07000103,90653,165308,10,32552,0.0003072007864340133,27.848672892602604,female,50-54,2619,0.028890384212326124,8.875148750407386e-06,6.049314007791517e-05,1.747670059061033e-06
2011,E07000103,90653,165308,10,32552,0.0003072007864340133,27.848672892602604,male,50-54,2796,0.030842884405369926,9.474958345223006e-06,6.049314007791517e-05,1.8657829267409881e-06
2011,E07000105,118405,165308,683,38958,0.0175317008059962,2075.8410339339803,female,50-54,3836,0.0323972805202483,0.0005679794290089222,0.004131681467321606,0.00013385524351712918
2011,E07000105,118405,165308,683,38958,0.0175317008059962,2075.8410339339803,male,50-54,3756,0.03172163337696888,0.0005561341854425213,0.004131681467321606,0.0001310636847367928
2011,E07000106,150600,165308,838,52154,0.01606779921003183,2419.8105610307935,female,50-54,4524,0.0300398406374502,0.00048267412766390434,0.005069325138529291,0.00015228171930084004
2011,E07000106,150600,165308,838,52154,0.01606779921003183,2419.8105610307935,male,50-54,4248,0.028207171314741035,0.0004532271649682285,0.005069325138529291,0.00014299132263261903
2011,E07000107,97604,165308,1205,33838,0.03561085170518352,3475.761569832732,female,50-54,3041,0.031156509979099217,0.0011095098565167727,0.007289423379388777,0.00022711299226180556
2011,E07000107,97604,165308,1205,33838,0.03561085170518352,3475.761569832732,male,50-54,3127,0.03203762140895865,0.0011408869849812392,0.007289423379388777,0.00023353578651846957
2011,E07000108,111718,165308,643,40077,0.016044115078473937,1792.4164483369514,female,50-54,3930,0.03517785853667269,0.0005643976105766535,0.003889708907009945,0.0001368316296796316
2011,E07000108,111718,165308,643,40077,0.016044115078473937,1792.4164483369514,male,50-54,3823,0.03422008986913479,0.0005490310598561186,0.003889708907009945,0.00013310618836265435
2011,E07000109,101766,165308,1146,35711,0.032090952367617824,3265.7678586429956,female,50-54,3223,0.031670695517166836,0.0010163427812907282,0.006932513852929078,0.00021955753540465792
2011,E07000109,101766,165308,1146,35711,0.032090952367617824,3265.7678586429956,male,50-54,3265,0.03208340703181809,0.0010295870868489692,0.006932513852929078,0.0002224186636972411
2011,E07000110,155764,165308,1006,47534,0.02116379854419994,3296.5579164387595,female,50-54,5143,0.0330178988726535,0.000698784160093605,0.006085609891838265,0.00020093405198713565
2011,E07000110,155764,165308,1006,47534,0.02116379854419994,3296.5579164387595,male,50-54,5245,0.0336727356770499,0.0007126429943011779,0.006085609891838265,0.00020491913332151013
2011,E07000111,115351,165308,1493,33141,0.045049938143085604,5196.555414743068,female,50-54,4136,0.03585577931704103,0.0016153006403048266,0.009031625813632734,0.0003238359820477064
2011,E07000111,115351,165308,1493,33141,0.045049938143085604,5196.555414743068,male,50-54,3892,0.033740496397950605,0.0015200072756446773,0.009031625813632734,0.00030473153823251295
2011,E07000112,108199,165308,674,39104,0.017236088379705403,1864.927526595745,female,50-54,3679,0.03400216268172534,0.0005860642810833388,0.004077237641251482,0.00013863489756988696
2011,E07000112,108199,165308,674,39104,0.017236088379705403,1864.927526595745,male,50-54,3576,0.03305021303339217,0.0005696563928116389,0.004077237641251482,0.00013475357263112689
2011,E07000113,136324,165308,898,51193,0.017541460746586447,2391.322094817651,female,50-54,4484,0.032892227340747045,0.0005769777147655118,0.005432283978996782,0.00017867991961666009
2011,E07000113,136324,165308,898,51193,0.017541460746586447,2391.322094817651,male,50-54,4562,0.03346439365042105,0.0005870143476271777,0.005432283978996782,0.0001817880894940239
2011,E07000114,134402,165308,826,52563,0.015714475962178717,2112.056998268744,female,50-54,4339,0.0322837457775926,0.0005073221469910675,0.004996733370435793,0.00016131326984956254
2011,E07000114,134402,165308,826,52563,0.015714475962178717,2112.056998268744,male,50-54,4187,0.031152810226038302,0.0004895500874513943,0.004996733370435793,0.000155662286439299
2011,E07000115,121087,165308,974,37881,0.025712098413452653,3113.4008605897416,female,50-54,4131,0.03411596620611626,0.0008771930805616862,0.005892031843588937,0.00020101235926124107
2011,E07000115,121087,165308,974,37881,0.025712098413452653,3113.4008605897416,male,50-54,4230,0.034933560167482884,0.0008982151369585895,0.005892031843588937,0.00020582964891673923
2011,E07000116,115246,165308,906,38118,0.023768298441681095,2739.2013222099795,female,50-54,3917,0.0339881644482238,0.0008078408360903185,0.005480678491059114,0.00018627820184196023
2011,E07000116,115246,165308,906,38118,0.023768298441681095,2739.2013222099795,male,50-54,3743,0.032478350658591185,0.000771955131346965,0.005480678491059114,0.0001780033978796163
2011,E07000130,165876,165308,8,46529,0.00017193578198542844,28.520019772614926,female,50-54,5304,0.03197569268610287,5.497765726510842e-06,4.839451206233213e-05,1.5474480453990306e-06
2011,E07000130,165876,165308,8,46529,0.00017193578198542844,28.520019772614926,male,50-54,5275,0.03180086329547373,5.467706298518984e-06,4.839451206233213e-05,1.5389872623453785e-06
2011,E07000178,150245,165308,18,41750,0.0004311377245508982,64.77628742514969,female,50-54,3526,0.023468335052747178,1.0118084573639501e-05,0.0001088876521402473,2.555411903534307e-06
2011,E07000178,150245,165308,18,41750,0.0004311377245508982,64.77628742514969,male,50-54,3490,0.023228726413524577,1.0014780250142332e-05,0.0001088876521402473,2.5293214813768386e-06
2011,E07000200,87901,165308,10,31239,0.0003201126796632415,28.13822465507859,female,50-54,3033,0.03450472690868136,1.1045400591786344e-05,6.049314007791517e-05,2.08729927823707e-06
2011,E07000200,87901,165308,10,31239,0.0003201126796632415,28.13822465507859,male,50-54,2926,0.033287448379426855,1.0655734299890157e-05,6.049314007791517e-05,2.013662277653039e-06
2011,E07000207,131428,165308,94,42682,0.0022023335363853614,289.44829202005525,female,50-54,4766,0.0362632011443528,7.986366401689619e-05,0.0005686355167324026,2.062054412109011e-05
2011,E07000207,131428,165308,94,42682,0.0022023335363853614,289.44829202005525,male,50-54,4399,0.03347079769912043,7.371386026234292e-05,0.0005686355167324026,1.903268434508506e-05
2011,E07000208,75191,165308,63,24986,0.0025214119907148004,189.58748899383656,female,50-54,2602,0.03460520541022197,8.725397986248236e-05,0.00038110678249086554,1.3188278491325187e-05
2011,E07000208,75191,165308,63,24986,0.0025214119907148004,189.58748899383656,male,50-54,2462,0.03274328044579804,8.255929993137263e-05,0.00038110678249086554,1.2478686258894163e-05
2011,E07000209,137580,165308,31,46466,0.0006671544785434512,91.78711315800801,female,50-54,4429,0.03219217909579881,2.147715645783504e-05,0.00018752873424153702,6.036958598312018e-06
2011,E07000209,137580,165308,31,46466,0.0006671544785434512,91.78711315800801,male,50-54,4334,0.0315016717546155,2.1016481392697467e-05,0.00018752873424153702,5.907468630635423e-06
2011,E07000210,85637,165308,54,29167,0.0018514074124867145,158.54897658312478,female,50-54,3132,0.036572976633931595,6.771148003676437e-05,0.0003266629564207419,1.1947036672346808e-05
2011,E07000210,85637,165308,54,29167,0.0018514074124867145,158.54897658312478,male,50-54,3119,0.03642117309107045,6.743042983226949e-05,0.0003266629564207419,1.1897448078240644e-05
2011,E07000211,138375,165308,168,49074,0.0034234013938134245,473.7131678689326,female,50-54,4643,0.03355374887082204,0.0001148679506520378,0.0010162847533089748,3.410016339377467e-05
2011,E07000211,138375,165308,168,49074,0.0034234013938134245,473.7131678689326,male,50-54,4602,0.033257452574525746,0.0001138536094983153,0.0010162847533089748,3.3799041985386826e-05
2011,E07000212,80501,165308,9,27370,0.0003288271830471319,26.470917062477163,female,50-54,2626,0.03262071278617657,1.0726577094468e-05,5.444382607012365e-05,1.7759964132140558e-06
2011,E07000212,80501,165308,9,27370,0.0003288271830471319,26.470917062477163,male,50-54,2665,0.033105178817654436,1.0885882694880888e-05,5.444382607012365e-05,1.8023725975687198e-06
2011,E07000213,95852,165308,38,34747,0.0010936195930583935,104.82562523383314,female,50-54,3232,0.03371864958477653,3.6875375837381875e-05,0.00022987393229607762,7.751038571766086e-06
2011,E07000213,95852,165308,38,34747,0.0010936195930583935,104.82562523383314,male,50-54,3341,0.03485581938822351,3.811900701506586e-05,0.00022987393229607762,8.0124442661728e-06
2011,E07000214,86378,165308,31,33770,0.0009179745336097127,79.29280426413976,female,50-54,3090,0.03577299775405775,3.2838700929102465e-05,0.00018752873424153702,6.708464988843796e-06
2011,E07000214,86378,165308,31,33770,0.0009179745336097127,79.29280426413976,male,50-54,3119,0.036108731389937254,3.3146895856916045e-05,0.00018752873424153702,6.771424692622589e-06
2011,E07000215,83178,165308,347,29248,0.0118640590809628,986.8287062363238,female,50-54,2997,0.03603116208612854,0.00042747583574557585,0.0020991119607036562,7.563344329304452e-05
2011,E07000215,83178,165308,347,29248,0.0118640590809628,986.8287062363238,male,50-54,2937,0.035309817499819665,0.0004189177609558747,0.0020991119607036562,7.411926024413473e-05
2011,E07000216,121754,165308,16,43976,0.00036383481899217757,44.298344551573585,female,50-54,4200,0.03449578658606699,1.255076826853447e-05,9.678902412466426e-05,3.3388135200781075e-06
2011,E07000216,121754,165308,16,43976,0.00036383481899217757,44.298344551573585,male,50-54,4155,0.03412618887264484,1.24162957513716e-05,9.678902412466426e-05,3.3030405180772704e-06
2011,E07000217,99493,165308,25,33858,0.0007383779313603875,73.46343552483903,female,50-54,3254,0.032705818499793954,2.414925460732615e-05,0.00015123285019478792,4.946194149677262e-06
2011,E07000217,99493,165308,25,33858,0.0007383779313603875,73.46343552483903,male,50-54,3272,0.03288673575025379,2.4282839912468093e-05,0.00015123285019478792,4.973554781113708e-06
2011,E07000223,61334,165308,37,24872,0.0014876165969765198,91.24147635895787,female,50-54,2048,0.03339094140281084,4.967291861949184e-05,0.00022382461828828612,7.473714713770666e-06
2011,E07000223,61334,165308,37,24872,0.0014876165969765198,91.24147635895787,male,50-54,1970,0.03211921609547722,4.7781078945507285e-05,0.00022382461828828612,7.189071282289165e-06
2011,E07000224,149811,165308,31,61570,0.0005034919603703102,75.42863407503654,female,50-54,4941,0.032981556761519516,1.660594866992212e-05,0.00018752873424153702,6.184989592803162e-06
2011,E07000224,149811,165308,31,61570,0.0005034919603703102,75.42863407503654,male,50-54,4549,0.030364926474023935,1.5288496356906643e-05,0.00018752873424153702,5.694296227011046e-06
2011,E07000225,113995,165308,8,44206,0.0001809709089263901,20.62977876306384,female,50-54,4104,0.036001579016623535,6.515238477423614e-06,4.839451206233213e-05,1.742278849982991e-06
2011,E07000225,113995,165308,8,44206,0.0001809709089263901,20.62977876306384,male,50-54,3675,0.03223825606386245,5.834186502078895e-06,4.839451206233213e-05,1.5601546719511434e-06
2011,E07000226,107053,165308,93,37608,0.0024728781110402043,264.729020421187,female,50-54,3409,0.03184403986810271,7.874642915692279e-05,0.000562586202724611,1.7915017468807027e-05
2011,E07000226,107053,165308,93,37608,0.0024728781110402043,264.729020421187,male,50-54,3317,0.030984652461864683,7.662126885113315e-05,0.000562586202724611,1.743153797126222e-05
2011,E07000227,131540,165308,61,45394,0.0013437899281843416,176.7621271533683,female,50-54,4963,0.03772996807054888,5.0701151083920387e-05,0.0003690081544752825,1.3922665886124577e-05
2011,E07000227,131540,165308,61,45394,0.0013437899281843416,176.7621271533683,male,50-54,4889,0.037167401550859056,4.9945179860827475e-05,0.0003690081544752825,1.3715074252924252e-05
2011,E07000228,140188,165308,399,44892,0.008887997861534349,1245.9906442127774,female,50-54,4862,0.03468199845921192,0.0003082535281392131,0.002413676289108815,8.371111733990826e-05
2011,E07000228,140188,165308,399,44892,0.008887997861534349,1245.9906442127774,male,50-54,4694,0.033483607726766916,0.00029760223387195934,0.002413676289108815,8.081859004391802e-05
2011,E07000229,104998,165308,33,39714,0.0008309412297930201,87.24716724580752,female,50-54,3415,0.03252442903674356,2.7025889062107506e-05,0.00019962736225712004,6.4927659775240005e-06
2011,E07000229,104998,165308,33,39714,0.0008309412297930201,87.24716724580752,male,50-54,3390,0.03228632926341454,2.682804214364405e-05,0.00019962736225712004,6.44523474782031e-06
2011,E07000241,110727,165308,12,36606,0.00032781511227667593,36.2979839370595,female,50-54,3433,0.03100418145529094,1.0163639224812633e-05,7.25917680934982e-05,2.250648350131217e-06
2011,E07000241,110727,165308,12,36606,0.00032781511227667593,36.2979839370595,male,50-54,3530,0.03188020988557443,1.0450814583043577e-05,7.25917680934982e-05,2.314240802785668e-06
2011,E07000242,138155,165308,8,44545,0.00017959366932315636,24.81176338534067,female,50-54,4936,0.03572798668162571,6.416520225682023e-06,4.839451206233213e-05,1.729038482426777e-06
2011,E07000242,138155,165308,8,44545,0.00017959366932315636,24.81176338534067,male,50-54,4915,0.035575983496797074,6.389221415969842e-06,4.839451206233213e-05,1.7216823624650748e-06
2011,E08000035,750683,165308,8,281107,2.845891422127517e-05,21.36362310436951,female,50-54,22453,0.029910095206631827,8.512088338357088e-07,4.839451206233213e-05,1.4474844632628464e-06
2011,E08000035,750683,165308,8,281107,2.845891422127517e-05,21.36362310436951,male,50-54,21773,0.029004253459849232,8.25429561265973e-07,4.839451206233213e-05,1.4036466939216122e-06
2011,E09000001,7412,165308,20,2137,0.009358914365933552,69.36827328029949,female,50-54,171,0.023070696168375607,0.0002159166698022986,0.00012098628015583033,2.7912377100171328e-06
2011,E09000001,7412,165308,20,2137,0.009358914365933552,69.36827328029949,male,50-54,300,0.040474905558553695,0.000378801175091752,0.00012098628015583033,4.896908263187952e-06
2011,E09000002,187029,165308,213,69590,0.0030607845954878574,572.4554821094985,female,50-54,4975,0.026600152917461997,8.141733828738906e-05,0.001288503883659593,3.4274400340088836e-05
2011,E09000002,187029,165308,213,69590,0.0030607845954878574,572.4554821094985,male,50-54,5109,0.027316619347801677,8.361028770055693e-05,0.001288503883659593,3.519757011809324e-05
2011,E09000003,357538,165308,214,138470,0.001545461110709901,552.5610746009966,female,50-54,10821,0.030265314456085785,4.6773866495286764e-05,0.0012945531976673846,3.918005960753477e-05
2011,E09000003,357538,165308,214,138470,0.001545461110709901,552.5610746009966,male,50-54,10211,0.02855920209879789,4.413713619659672e-05,0.0012945531976673846,3.697140639982789e-05
2011,E09000004,232774,165308,4151,34157,0.12152706619433791,28288.341306320814,female,50-54,7820,0.03359481729059088,0.004082679584660325,0.025110702446342583,0.0008435894607232724
2011,E09000004,232774,165308,4151,34157,0.12152706619433791,28288.341306320814,male,50-54,7774,0.03339720071829328,0.004058663822397618,0.025110702446342583,0.0008386271697778414
2011,E09000005,312245,165308,417,114282,0.0036488685882291173,1139.3409723316008,female,50-54,9314,0.029829140578712228,0.00010884261407153356,0.0025225639412490624,7.524591442230865e-05
2011,E09000005,312245,165308,417,114282,0.0036488685882291173,1139.3409723316008,male,50-54,9174,0.029380774712165127,0.00010720658594505572,0.0025225639412490624,7.411488285487005e-05
2011,E09000006,310554,165308,10197,36965,0.2758555390234005,85668.04106587311,female,50-54,10589,0.03409712964572989,0.009405882077573587,0.061684854937450094,0.0021032764959802775
2011,E09000006,310554,165308,10197,36965,0.2758555390234005,85668.04106587311,male,50-54,10226,0.03292825080340295,0.00908344037447044,0.061684854937450094,0.0020311743741518854
2011,E09000007,220087,165308,382,72962,0.005235602094240838,1152.2879581151833,female,50-54,5333,0.024231326702622145,0.00012686558483048245,0.0023108379509763593,5.59946693469261e-05
2011,E09000007,220087,165308,382,72962,0.005235602094240838,1152.2879581151833,male,50-54,5658,0.02570801546661093,0.00013459693961576406,0.0023108379509763593,5.940705778453176e-05
2011,E09000008,364815,165308,8115,136880,0.05928550555230859,21628.24170806546,female,50-54,11872,0.03254252155201952,0.0019292998421583751,0.04909018317322816,0.0015975183439073631
2011,E09000008,364815,165308,8115,136880,0.05928550555230859,21628.24170806546,male,50-54,11388,0.031215821717856997,0.001850645771773886,0.04909018317322816,0.0015323904060324336
2011,E09000009,339314,165308,312,135612,0.0023006813556322447,780.6533935049995,female,50-54,9714,0.028628350141756603,6.586471141365115e-05,0.0018873859704309531,5.4032746414136405e-05
2011,E09000009,339314,165308,312,135612,0.0023006813556322447,780.6533935049995,male,50-54,9397,0.027694112238221824,6.371532768726373e-05,0.0018873859704309531,5.226947890196004e-05
2011,E09000010,313935,165308,223,122444,0.0018212407304563718,571.7512087158211,female,50-54,9846,0.03136318027617182,5.7119901355610037e-05,0.0013489970237375083,4.230883684749871e-05
2011,E09000010,313935,165308,223,122444,0.0018212407304563718,571.7512087158211,male,50-54,9399,0.02993931864876487,5.4526706565242606e-05,0.0013489970237375083,4.038805174991269e-05
2011,E09000011,255483,165308,5537,32537,0.1701754925162123,43476.94535451947,female,50-54,7053,0.027606533507121805,0.004697955436239771,0.033495051661141625,0.0009246822660060822
2011,E09000011,255483,165308,5537,32537,0.1701754925162123,43476.94535451947,male,50-54,7148,0.02797837820911763,0.004761234291541455,0.033495051661141625,0.0009371372235093541
2011,E09000012,247182,165308,409,88435,0.004624865720585741,1143.1835585458246,female,50-54,5865,0.023727455882709907,0.00010973629734865553,0.00247416942918673,5.870574597737769e-05
2011,E09000012,247182,165308,409,88435,0.004624865720585741,1143.1835585458246,male,50-54,5754,0.023278394057819743,0.00010765944670829734,0.00247416942918673,5.759469093841964e-05
2011,E09000013,182445,165308,389,63620,0.006114429424709211,1115.5470763910719,female,50-54,4505,0.024692373043931046,0.00015097977230570854,0.0023531831490309,5.810567615656337e-05
2011,E09000013,182445,165308,389,63620,0.006114429424709211,1115.5470763910719,male,50-54,4292,0.023524897914439968,0.0001438413280213321,0.0023531831490309,5.535839335493229e-05
2011,E09000014,255540,165308,300,94034,0.003190335410596167,815.2583108237445,female,50-54,7212,0.028222587461845503,9.003952015817311e-05,0.001814794202337455,5.1218188100718964e-05
2011,E09000014,255540,165308,300,94034,0.003190335410596167,815.2583108237445,male,50-54,6287,0.02460280190968146,7.849119013233977e-05,0.001814794202337455,4.4649022266946776e-05
2011,E09000015,240499,165308,72,85681,0.0008403263267235443,202.09764125068568,female,50-54,7858,0.032673732531112394,2.7456597638217255e-05,0.0004355506085609892,1.4231064087884993e-05
2011,E09000015,240499,165308,72,85681,0.0008403263267235443,202.09764125068568,male,50-54,7404,0.030785990794140516,2.5870278558584952e-05,0.0004355506085609892,1.3408857025540913e-05
2011,E09000016,237927,165308,101,84891,0.0011897609876194179,283.07626250132523,female,50-54,8371,0.03518306035044362,4.185943263001738e-05,0.0006109807147869432,2.1496171361306203e-05
2011,E09000016,237927,165308,101,84891,0.0011897609876194179,283.07626250132523,male,50-54,8279,0.03479638712714404,4.13993839139785e-05,0.0006109807147869432,2.1259921478945656e-05
2011,E09000017,275499,165308,102,107741,0.0009467148068052088,260.8189825600282,female,50-54,8395,0.030471979934591414,2.884827459674891e-05,0.0006170300287947347,1.8802126656473518e-05
2011,E09000017,275499,165308,102,107741,0.0009467148068052088,260.8189825600282,male,50-54,8385,0.030435682162185708,2.881391095815838e-05,0.0006170300287947347,1.877972984092084e-05
2011,E09000018,254927,165308,214,93861,0.002279967185519012,581.2251947028052,female,50-54,7365,0.02889062359028271,6.586967375502604e-05,0.0012945531976673846,3.740044915140526e-05
2011,E09000018,254927,165308,214,93861,0.002279967185519012,581.2251947028052,male,50-54,7188,0.02819630717813335,6.42866551189582e-05,0.0012945531976673846,3.650161961986436e-05
2011,E09000019,206285,165308,347,78519,0.004419312523083585,911.6378838242973,female,50-54,5281,0.02560050415687035,0.0001131366286177105,0.0020991119607036562,5.373832447573022e-05
2011,E09000019,206285,165308,347,78519,0.004419312523083585,911.6378838242973,male,50-54,4911,0.023806869137358508,0.00010520999491414056,0.0020991119607036562,4.9973283753135975e-05
2011,E09000020,158251,165308,366,50701,0.007218792528746967,1142.3811364667363,female,50-54,4818,0.030445305242936854,0.00021977834202313343,0.002214048926851695,6.740739540079662e-05
2011,E09000020,158251,165308,366,50701,0.007218792528746967,1142.3811364667363,male,50-54,4686,0.02961118729107557,0.00021375701758414347,0.002214048926851695,6.556061744461042e-05
2011,E09000021,160436,165308,240,51416,0.004667807686323323,748.8843939629687,female,50-54,4722,0.02943229699070034,0.00013738430211934186,0.001451835361869964,4.273084955215768e-05
2011,E09000021,160436,165308,240,51416,0.004667807686323323,748.8843939629687,male,50-54,4819,0.03003689944900147,0.00014020647012136984,0.001451835361869964,4.360863278099277e-05
2011,E09000022,304481,165308,39410,108324,0.36381595952882095,110775.04717329494,female,50-54,8051,0.02644171557502767,0.009619918123516862,0.23840346504706367,0.006303796614875508
2011,E09000022,304481,165308,39410,108324,0.36381595952882095,110775.04717329494,male,50-54,7734,0.025400599709013042,0.00924114355574207,0.23840346504706367,0.006055590984902146
2011,E09000023,276938,165308,22020,112394,0.19591793156218304,54257.12013096784,female,50-54,8271,0.029865890560342025,0.005851263502844737,0.1332058944515692,0.003978312665683037
2011,E09000023,276938,165308,22020,112394,0.19591793156218304,54257.12013096784,male,50-54,7712,0.027847388224079037,0.005455802700270658,0.1332058944515692,0.003709436256528543
2011,E09000024,200543,165308,921,75416,0.01221226264983558,2449.0837885859764,female,50-54,5820,0.029021207421849677,0.00035441460745098594,0.005571418201175986,0.00016168928325019691
2011,E09000024,200543,165308,921,75416,0.01221226264983558,2449.0837885859764,male,50-54,5579,0.027819470138573773,0.00033973867611152074,0.005571418201175986,0.00015499390227712175
2011,E09000025,310460,165308,426,112342,0.0037919923091986967,1177.2619323138274,female,50-54,7463,0.024038523481285833,9.115389616552817e-05,0.002577007767319186,6.194746172615824e-05
2011,E09000025,310460,165308,426,112342,0.0037919923091986967,1177.2619323138274,male,50-54,7346,0.02366166333827224,8.97248454015771e-05,0.002577007767319186,6.0976290210419186e-05
2011,E09000026,281395,165308,222,102662,0.002162435954881066,608.4986655237576,female,50-54,8289,0.02945681337621493,6.36984723609487e-05,0.0013429477097297166,3.955896005952352e-05
2011,E09000026,281395,165308,222,102662,0.002162435954881066,608.4986655237576,male,50-54,8255,0.029335986780148902,6.343719258530962e-05,0.0013429477097297166,3.939669625906221e-05
2011,E09000027,187527,165308,203,62176,0.0032649253731343282,612.2616604477612,female,50-54,6010,0.032048718317895554,0.00010463667361253212,0.0012280107435816779,3.935617041239866e-05
2011,E09000027,187527,165308,203,62176,0.0032649253731343282,612.2616604477612,male,50-54,5890,0.03140881046462643,0.00010254742222592585,0.0012280107435816779,3.8570356693681886e-05
2011,E09000028,288717,165308,48341,102300,0.47254154447702834,136430.7770967742,female,50-54,8212,0.02844307747725281,0.013440535760780822,0.2924298884506497,0.008317605973866226
2011,E09000028,288717,165308,48341,102300,0.47254154447702834,136430.7770967742,male,50-54,7996,0.027694940027778066,0.013087009734924921,0.2924298884506497,0.008098828222970573
2011,E09000029,191123,165308,522,74422,0.007014054983741367,1340.5472306576012,female,50-54,6130,0.03207358611993324,0.00022496589657097565,0.0031577419120671717,0.00010128010716120908
2011,E09000029,191123,165308,522,74422,0.007014054983741367,1340.5472306576012,male,50-54,6226,0.032575880453948505,0.0002284890166477805,0.0031577419120671717,0.00010286622303192295
2011,E09000030,256012,165308,312,76079,0.004101000276028864,1049.9052826667016,female,50-54,4425,0.01728434604627908,7.088310790676892e-05,0.0018873859704309531,3.262223223582085e-05
2011,E09000030,256012,165308,312,76079,0.004101000276028864,1049.9052826667016,male,50-54,5430,0.021209943283908565,8.698198326186558e-05,0.0018873859704309531,4.003134938768524e-05
2011,E09000031,259742,165308,333,98132,0.0033933884971263195,881.4055150205845,female,50-54,7385,0.028432059505201314,9.648102367456117e-05,0.002014421564594575,5.727415379311368e-05
2011,E09000031,259742,165308,333,98132,0.0033933884971263195,881.4055150205845,male,50-54,7053,0.027153868069083938,9.21436235581151e-05,0.002014421564594575,5.469933740051873e-05
2011,E09000032,307710,165308,2574,105396,0.024422179209837185,7514.948764659,female,50-54,6971,0.022654447369276267,0.0005532709735522896,0.015570934256055362,0.0003527509105942671
2011,E09000032,307710,165308,2574,105396,0.024422179209837185,7514.948764659,male,50-54,7193,0.02337590588541159,0.0005708905627258096,0.015570934256055362,0.0003639846937174815
2011,E09000033,219582,165308,836,72308,0.011561652929136471,2538.7308734856447,female,50-54,5950,0.027096938729039722,0.0003132854010272336,0.005057226510513707,0.00013703535689426529
2011,E09000033,219582,165308,836,72308,0.011561652929136471,2538.7308734856447,male,50-54,5697,0.025944749569636855,0.0002999641898575041,0.005057226510513707,0.0001312084753322066
2011,E06000033,174274,165308,107,64508,0.001658708997333664,289.069851801327,female,55-59,4775,0.027399382581452195,4.544760240924203e-05,0.0006472765988336923,1.773497916746549e-05
2011,E06000033,174274,165308,107,64508,0.001658708997333664,289.069851801327,male,55-59,4845,0.027801048922960397,4.6113849983827785e-05,0.0006472765988336923,1.799496839086289e-05
2011,E06000034,158268,165308,159,53689,0.0029615004935834156,468.71076011846003,female,55-59,4128,0.026082341345060277,7.724286676720714e-05,0.0009618409272388511,2.5087063383893e-05
2011,E06000034,158268,165308,159,53689,0.0029615004935834156,468.71076011846003,male,55-59,4316,0.027270199914069804,8.076071050563614e-05,0.0009618409272388511,2.6229594371337737e-05
2011,E06000035,264885,165308,1714,99212,0.017276135951296213,4576.189271459098,female,55-59,7272,0.02745342318364573,0.00047428907124913097,0.010368524209354659,0.00028465148290928924
2011,E06000035,264885,165308,1714,99212,0.017276135951296213,4576.189271459098,male,55-59,7382,0.027868697736753687,0.00048146341088573777,0.010368524209354659,0.000288957267166718
2011,E06000038,155339,165308,10,47360,0.00021114864864864866,32.799619932432435,female,55-59,3370,0.021694487540154114,4.580761727228487e-06,6.049314007791517e-05,1.3123676736851282e-06
2011,E06000038,155339,165308,10,47360,0.00021114864864864866,32.799619932432435,male,55-59,3502,0.022544241948255106,4.760186222182244e-06,6.049314007791517e-05,1.3637719861262073e-06
2011,E06000039,140713,165308,8,54239,0.0001474953446781836,20.754512435701248,female,55-59,3094,0.021988018164632975,3.2431303179827027e-06,4.839451206233213e-05,1.0640994102951085e-06
2011,E06000039,140713,165308,8,54239,0.0001474953446781836,20.754512435701248,male,55-59,3312,0.02353727089892192,3.4716378840202688e-06,4.839451206233213e-05,1.1390747404322558e-06
2011,E06000042,249895,165308,14,88445,0.00015829046299960426,39.555995251286106,female,55-59,7220,0.02889213469657256,4.573349378167402e-06,8.469039610908124e-05,2.4468863318896598e-06
2011,E06000042,249895,165308,14,88445,0.00015829046299960426,39.555995251286106,male,55-59,6892,0.027579583425038516,4.365585029685558e-06,8.469039610908124e-05,2.3357258447899633e-06
2011,E06000043,272952,165308,253,87037,0.002906809747578616,793.4195342210784,female,55-59,6311,0.023121281397461824,6.720916614265016e-05,0.0015304764439712537,3.5386576533246074e-05
2011,E06000043,272952,165308,253,87037,0.002906809747578616,793.4195342210784,male,55-59,6345,0.02324584542337114,6.757125006736099e-05,0.0015304764439712537,3.55772188406665e-05
2011,E06000044,205433,165308,17,68264,0.0002490331653580218,51.15963025899449,female,55-59,4695,0.022854166565254852,5.691445441364884e-06,0.00010283833813245579,2.350284508973144e-06
2011,E06000044,205433,165308,17,68264,0.0002490331653580218,51.15963025899449,male,55-59,4744,0.02309268715347583,5.750844978452612e-06,0.00010283833813245579,2.3748135698761655e-06
2011,E06000047,512994,165308,10,231893,4.3123337056314764e-05,22.122013169867135,female,55-59,16738,0.032628061926650215,1.407030911957248e-06,6.049314007791517e-05,1.973773920599742e-06
2011,E06000047,512994,165308,10,231893,4.3123337056314764e-05,22.122013169867135,male,55-59,16180,0.03154032990639267,1.3601242774207356e-06,6.049314007791517e-05,1.907973595131069e-06
2011,E06000060,506550,165308,25,163754,0.00015266802642988872,77.33398878806014,female,55-59,15243,0.03009179745336097,4.594055328932571e-06,0.00015123285019478792,4.55086829635604e-06
2011,E06000060,506550,165308,25,163754,0.00015266802642988872,77.33398878806014,male,55-59,15274,0.030152995755601618,4.60339835295651e-06,0.00015123285019478792,4.560123490030975e-06
2011,E07000008,122725,165308,24,34511,0.000695430442467619,85.34670105183854,female,55-59,2772,0.022587084946017518,1.570774647806266e-05,0.0001451835361869964,3.279272864618896e-06
2011,E07000008,122725,165308,24,34511,0.000695430442467619,85.34670105183854,male,55-59,2603,0.021210022407822368,1.4750095267820023e-05,0.0001451835361869964,3.0793460557730834e-06
2011,E07000061,99308,165308,203,40047,0.0050690438734486976,503.3966089844433,female,55-59,2924,0.029443750755226164,0.00014925166437712966,0.0012280107435816779,3.615724225875887e-05
2011,E07000061,99308,165308,203,40047,0.0050690438734486976,503.3966089844433,male,55-59,2608,0.026261731179763968,0.00013312186754293917,0.0012280107435816779,3.2249688033804087e-05
2011,E07000062,90173,165308,190,36006,0.005276898294728657,475.8337499305672,female,55-59,2830,0.03138411719694365,0.00016561079451811626,0.0011493696614803882,3.6071952158511955e-05
2011,E07000062,90173,165308,190,36006,0.005276898294728657,475.8337499305672,male,55-59,2572,0.028522950328812392,0.0001505127079507403,0.0011493696614803882,3.2783413763849024e-05
2011,E07000063,97584,165308,120,35106,0.003418219107844813,333.56349341992825,female,55-59,3315,0.03397073290703394,0.00011611940833031597,0.000725917680934982,2.4659955651535755e-05
2011,E07000063,97584,165308,120,35106,0.003418219107844813,333.56349341992825,male,55-59,3073,0.031490818166912606,0.00010764251637980724,0.000725917680934982,2.28597416944704e-05
2011,E07000064,90729,165308,226,36720,0.0061546840958605666,558.4083333333333,female,55-59,3142,0.034630603224988704,0.00021314042289889563,0.0013671449657608828,4.7345054860305895e-05
2011,E07000064,90729,165308,226,36720,0.0061546840958605666,558.4083333333333,male,55-59,2901,0.031974341169857486,0.00019679196907374162,0.0013671449657608828,4.3713559563891594e-05
2011,E07000065,149415,165308,638,56293,0.011333558346508447,1693.4036203435596,female,55-59,5076,0.033972492721614296,0.0003850292284367492,0.0038594623369709873,0.00013111555615209137
2011,E07000065,149415,165308,638,56293,0.011333558346508447,1693.4036203435596,male,55-59,4788,0.032044975404075894,0.00036318359845452226,0.0038594623369709873,0.00012367637566119256
2011,E07000066,174971,165308,111,62378,0.0017794735323351182,311.356263426208,female,55-59,5112,0.029216270124763532,5.198957940056995e-05,0.0006714738548648583,1.9617961525447962e-05
2011,E07000066,174971,165308,111,62378,0.0017794735323351182,311.356263426208,male,55-59,4699,0.026855878974230016,4.7789325822237516e-05,0.0006714738548648583,1.8033020580610324e-05
2011,E07000067,147514,165308,9,48494,0.00018558996989318267,27.377118818822947,female,55-59,4573,0.031000447415160594,5.753372102454847e-06,5.444382607012365e-05,1.6877829671670176e-06
2011,E07000067,147514,165308,9,48494,0.00018558996989318267,27.377118818822947,male,55-59,4485,0.030403893867700694,5.642657747542093e-06,5.444382607012365e-05,1.6553043095875956e-06
2011,E07000068,73841,165308,36,24621,0.0014621664432801268,107.96783233824785,female,55-59,2195,0.02972603296271719,4.3464407889924e-05,0.0002177753042804946,6.473595873507748e-06
2011,E07000068,73841,165308,36,24621,0.0014621664432801268,107.96783233824785,male,55-59,2179,0.029509351173467317,4.3147583048812944e-05,0.0002177753042804946,6.426407930921815e-06
2011,E07000069,87964,165308,11,33361,0.00032972632714846676,29.00404664128773,female,55-59,2894,0.03289982265472239,1.0847937687777532e-05,6.654245408570669e-05,2.1892349384297575e-06
2011,E07000069,87964,165308,11,33361,0.00032972632714846676,29.00404664128773,male,55-59,2708,0.03078532126779137,1.015073091171443e-05,6.654245408570669e-05,2.048530826975737e-06
2011,E07000071,173614,165308,8,59731,0.00013393380321775962,23.25278331184812,female,55-59,4842,0.0278894559194535,3.735340900966466e-06,4.839451206233213e-05,1.3496966109058727e-06
2011,E07000071,173614,165308,8,59731,0.00013393380321775962,23.25278331184812,male,55-59,4577,0.02636308131832686,3.530907745502585e-06,4.839451206233213e-05,1.275828456860012e-06
2011,E07000072,124880,165308,22,48938,0.00044954840818995463,56.13960521476153,female,55-59,3884,0.031101857783472135,1.3981790658310249e-05,0.00013308490817141337,4.139187887073748e-06
2011,E07000072,124880,165308,22,48938,0.00044954840818995463,56.13960521476153,male,55-59,3702,0.029644458680333118,1.3326619211396636e-05,0.00013308490817141337,3.945230061263391e-06
2011,E07000073,82177,165308,9,34960,0.0002574370709382151,21.155406178489702,female,55-59,2359,0.02870632902150237,7.390073260684248e-06,5.444382607012365e-05,1.5628823843584177e-06
2011,E07000073,82177,165308,9,34960,0.0002574370709382151,21.155406178489702,male,55-59,2326,0.028304756805432176,7.28669368560897e-06,5.444382607012365e-05,1.5410192564720982e-06
2011,E07000074,61720,165308,8,20947,0.0003819162648589297,23.57187186709314,female,55-59,2179,0.035304601425793905,1.3483401508872453e-05,4.839451206233213e-05,1.7085489595564111e-06
2011,E07000074,61720,165308,8,20947,0.0003819162648589297,23.57187186709314,male,55-59,2189,0.035466623460790665,1.3545280359303257e-05,4.839451206233213e-05,1.7163899368834256e-06
2011,E07000075,83333,165308,13,29337,0.00044312642737839587,36.92705457272386,female,55-59,2671,0.03205212820851283,1.4203145062912594e-05,7.864108210128971e-05,2.5206140459667213e-06
2011,E07000075,83333,165308,13,29337,0.00044312642737839587,36.92705457272386,male,55-59,2614,0.03136812547250189,1.3900045374187018e-05,7.864108210128971e-05,2.466823330646578e-06
2011,E07000085,116010,165308,9,39594,0.0002273071677526898,26.369904530989544,female,55-59,3762,0.032428238944918544,7.371171149776908e-06,5.444382607012365e-05,1.7655174008775552e-06
2011,E07000085,116010,165308,9,39594,0.0002273071677526898,26.369904530989544,male,55-59,3811,0.03285061632617878,7.46718055603397e-06,5.444382607012365e-05,1.7885132415588416e-06
2011,E07000095,93702,165308,9,36221,0.00024847464178239144,23.282570884293644,female,55-59,2666,0.02845190070649506,7.06957583607453e-06,5.444382607012365e-05,1.549030333428845e-06
2011,E07000095,93702,165308,9,36221,0.00024847464178239144,23.282570884293644,male,55-59,2420,0.025826556530276833,6.417244382333218e-06,5.444382607012365e-05,1.406096551724608e-06
2011,E07000103,90653,165308,10,32552,0.0003072007864340133,27.848672892602604,female,55-59,2140,0.023606499509117182,7.251935214154947e-06,6.049314007791517e-05,1.4280312815542613e-06
2011,E07000103,90653,165308,10,32552,0.0003072007864340133,27.848672892602604,male,55-59,2226,0.02455517191929666,7.543368124630334e-06,6.049314007791517e-05,1.4854194545513018e-06
2011,E07000105,118405,165308,683,38958,0.0175317008059962,2075.8410339339803,female,55-59,3448,0.029120391875343103,0.0005105299977118779,0.004131681467321606,0.00012031618343249775
2011,E07000105,118405,165308,683,38958,0.0175317008059962,2075.8410339339803,male,55-59,3305,0.027912672606731134,0.0004893566248369364,0.004131681467321606,0.00011532627211264648
2011,E07000106,150600,165308,838,52154,0.01606779921003183,2419.8105610307935,female,55-59,4287,0.02846613545816733,0.0004573881488274001,0.005069325138529291,0.00014430409607486767
2011,E07000106,150600,165308,838,52154,0.01606779921003183,2419.8105610307935,male,55-59,4046,0.026865869853917663,0.00043167540241559614,0.005069325138529291,0.00013619182941892105
2011,E07000107,97604,165308,1205,33838,0.03561085170518352,3475.761569832732,female,55-59,2538,0.026003032662595797,0.0009259901400327424,0.007289423379388777,0.0001895471142257358
2011,E07000107,97604,165308,1205,33838,0.03561085170518352,3475.761569832732,male,55-59,2587,0.02650506126798082,0.0009438678062508685,0.007289423379388777,0.00019320661327895135
2011,E07000108,111718,165308,643,40077,0.016044115078473937,1792.4164483369514,female,55-59,3676,0.032904276839900465,0.0005279200041933278,0.003889708907009945,0.00012798805870288188
2011,E07000108,111718,165308,643,40077,0.016044115078473937,1792.4164483369514,male,55-59,3597,0.032197139225550044,0.0005165746069323721,0.003889708907009945,0.00012523749922586127
2011,E07000109,101766,165308,1146,35711,0.032090952367617824,3265.7678586429956,female,55-59,2811,0.027622192087730677,0.0008864224505765551,0.006932513852929078,0.00019149122929646087
2011,E07000109,101766,165308,1146,35711,0.032090952367617824,3265.7678586429956,male,55-59,2788,0.027396183401135938,0.0008791696165803755,0.006932513852929078,0.00018992442094576054
2011,E07000110,155764,165308,1006,47534,0.02116379854419994,3296.5579164387595,female,55-59,4663,0.029936313910788114,0.0006335661167638499,0.006085609891838265,0.0001821807280606676
2011,E07000110,155764,165308,1006,47534,0.02116379854419994,3296.5579164387595,male,55-59,4547,0.02919159754500398,0.0006178050896258258,0.006085609891838265,0.00017764867477843783
2011,E07000111,115351,165308,1493,33141,0.045049938143085604,5196.555414743068,female,55-59,3646,0.03160787509427747,0.001423932817831576,0.009031625813632734,0.00028547050061555554
2011,E07000111,115351,165308,1493,33141,0.045049938143085604,5196.555414743068,male,55-59,3549,0.03076696344201611,0.0013860497999134019,0.009031625813632734,0.0002778757012300073
2011,E07000112,108199,165308,674,39104,0.017236088379705403,1864.927526595745,female,55-59,3404,0.03146054954297175,0.0005422568123967615,0.004077237641251482,0.0001282721368110615
2011,E07000112,108199,165308,674,39104,0.017236088379705403,1864.927526595745,male,55-59,3156,0.02916847660329578,0.0005027504406357753,0.004077237641251482,0.00011892681074492072
2011,E07000113,136324,165308,898,51193,0.017541460746586447,2391.322094817651,female,55-59,3978,0.029180481793374607,0.0005118682759449612,0.005432283978996782,0.00015851666374555614
2011,E07000113,136324,165308,898,51193,0.017541460746586447,2391.322094817651,male,55-59,4053,0.029730641706522697,0.0005215188844657938,0.005432283978996782,0.00016150528862763678
2011,E07000114,134402,165308,826,52563,0.015714475962178717,2112.056998268744,female,55-59,4245,0.031584351423341914,0.0004963315312231116,0.004996733370435793,0.00015781858274058376
2011,E07000114,134402,165308,826,52563,0.015714475962178717,2112.056998268744,male,55-59,3887,0.028920700584812727,0.00045447365414940754,0.004996733370435793,0.0001445090297085157
2011,E07000115,121087,165308,974,37881,0.025712098413452653,3113.4008605897416,female,55-59,3452,0.028508427824621967,0.0007330115018394919,0.005892031843588937,0.00016797256455332952
2011,E07000115,121087,165308,974,37881,0.025712098413452653,3113.4008605897416,male,55-59,3523,0.029094783089844492,0.0007480879261241397,0.005892031843588937,0.00017142738844767668
2011,E07000116,115246,165308,906,38118,0.023768298441681095,2739.2013222099795,female,55-59,3261,0.028295992919493952,0.0006725476044142274,0.005480678491059114,0.00015508123977703148
2011,E07000116,115246,165308,906,38118,0.023768298441681095,2739.2013222099795,male,55-59,3159,0.02741092966350242,0.0006515111568060547,0.005480678491059114,0.00015023049262669194
2011,E07000130,165876,165308,8,46529,0.00017193578198542844,28.520019772614926,female,55-59,4853,0.029256794231835827,5.030289794637465e-06,4.839451206233213e-05,1.415868281357748e-06
2011,E07000130,165876,165308,8,46529,0.00017193578198542844,28.520019772614926,male,55-59,4855,0.02926885143118956,5.032362858636904e-06,4.839451206233213e-05,1.4164517836373104e-06
2011,E07000178,150245,165308,18,41750,0.0004311377245508982,64.77628742514969,female,55-59,3136,0.020872574794502313,8.998954402420158e-06,0.0001088876521402473,2.2727656634950617e-06
2011,E07000178,150245,165308,18,41750,0.0004311377245508982,64.77628742514969,male,55-59,3053,0.020320143765183533,8.76078054546835e-06,0.0001088876521402473,2.2126127457431195e-06
2011,E07000200,87901,165308,10,31239,0.0003201126796632415,28.13822465507859,female,55-59,3007,0.034208939602507364,1.0950715324596615e-05,6.049314007791517e-05,2.0694061752914176e-06
2011,E07000200,87901,165308,10,31239,0.0003201126796632415,28.13822465507859,male,55-59,2808,0.03194502906679105,1.0226008856490623e-05,6.049314007791517e-05,1.9324551181304627e-06
2011,E07000207,131428,165308,94,42682,0.0022023335363853614,289.44829202005525,female,55-59,3714,0.028258818516602245,6.223534371774076e-05,0.0005686355167324026,1.6068967869435303e-05
2011,E07000207,131428,165308,94,42682,0.0022023335363853614,289.44829202005525,male,55-59,3691,0.028083817755729372,6.184993367317747e-05,0.0005686355167324026,1.5969456221347795e-05
2011,E07000208,75191,165308,63,24986,0.0025214119907148004,189.58748899383656,female,55-59,2212,0.029418414437898152,7.41759429115338e-05,0.00038110678249086554,1.1211557272410189e-05
2011,E07000208,75191,165308,63,24986,0.0025214119907148004,189.58748899383656,male,55-59,2049,0.02725060180074743,6.87099941345989e-05,0.00038110678249086554,1.038538917322264e-05
2011,E07000209,137580,165308,31,46466,0.0006671544785434512,91.78711315800801,female,55-59,3820,0.02776566361389737,1.8523986829742575e-05,0.00018752873424153702,5.2068597528904745e-06
2011,E07000209,137580,165308,31,46466,0.0006671544785434512,91.78711315800801,male,55-59,3862,0.028070940543683674,1.8727653700645503e-05,0.00018752873424153702,5.264107949126443e-06
2011,E07000210,85637,165308,54,29167,0.0018514074124867145,158.54897658312478,female,55-59,2772,0.032369186216238306,5.9928551296906387e-05,0.0003266629564207419,1.0573814066329932e-05
2011,E07000210,85637,165308,54,29167,0.0018514074124867145,158.54897658312478,male,55-59,2706,0.03159849130632787,5.8501681027932427e-05,0.0003266629564207419,1.0322056588560173e-05
2011,E07000211,138375,165308,168,49074,0.0034234013938134245,473.7131678689326,female,55-59,3873,0.027989159891598916,9.581812898456653e-05,0.0010162847533089748,2.8444956455759056e-05
2011,E07000211,138375,165308,168,49074,0.0034234013938134245,473.7131678689326,male,55-59,3908,0.028242095754290875,9.668402996945157e-05,0.0010162847533089748,2.8702011316577945e-05
2011,E07000212,80501,165308,9,27370,0.0003288271830471319,26.470917062477163,female,55-59,2181,0.02709283114495472,8.908859346167061e-06,5.444382607012365e-05,1.4750373866031437e-06
2011,E07000212,80501,165308,9,27370,0.0003288271830471319,26.470917062477163,male,55-59,2246,0.02790027453075117,9.174368680188547e-06,5.444382607012365e-05,1.5189976938609175e-06
2011,E07000213,95852,165308,38,34747,0.0010936195930583935,104.82562523383314,female,55-59,2668,0.02783457830822518,3.044044020239321e-05,0.00022987393229607762,6.398443969514826e-06
2011,E07000213,95852,165308,38,34747,0.0010936195930583935,104.82562523383314,male,55-59,2765,0.02884655510578809,3.154715785592849e-05,0.00022987393229607762,6.631071055363003e-06
2011,E07000214,86378,165308,31,33770,0.0009179745336097127,79.29280426413976,female,55-59,2610,0.030216027229155572,2.7737543503222468e-05,0.00018752873424153702,5.666373340091362e-06
2011,E07000214,86378,165308,31,33770,0.0009179745336097127,79.29280426413976,male,55-59,2613,0.03025075829493621,2.7769425737134218e-05,0.00018752873424153702,5.672886412896064e-06
2011,E07000215,83178,165308,347,29248,0.0118640590809628,986.8287062363238,female,55-59,2647,0.03182331866599341,0.0003775537328056521,0.0020991119607036562,6.680070884107069e-05
2011,E07000215,83178,165308,347,29248,0.0118640590809628,986.8287062363238,male,55-59,2607,0.031342422275120824,0.00037184834961251795,0.0020991119607036562,6.579125347513083e-05
2011,E07000216,121754,165308,16,43976,0.00036383481899217757,44.298344551573585,female,55-59,3712,0.030487704716066825,1.1092488526857132e-05,9.678902412466426e-05,2.9508751872690324e-06
2011,E07000216,121754,165308,16,43976,0.00036383481899217757,44.298344551573585,male,55-59,3551,0.029165366230267588,1.0611375743229976e-05,9.678902412466426e-05,2.8228873356660377e-06
2011,E07000217,99493,165308,25,33858,0.0007383779313603875,73.46343552483903,female,55-59,2668,0.026815956901490558,1.9800310784371904e-05,0.00015123285019478792,4.055453592913011e-06
2011,E07000217,99493,165308,25,33858,0.0007383779313603875,73.46343552483903,male,55-59,2806,0.028202989155015932,2.0824464790460106e-05,0.00015123285019478792,4.2652184339257525e-06
2011,E07000223,61334,165308,37,24872,0.0014876165969765198,91.24147635895787,female,55-59,1899,0.030961619982391497,4.605901975508545e-05,0.00022382461828828612,6.929972774145749e-06
2011,E07000223,61334,165308,37,24872,0.0014876165969765198,91.24147635895787,male,55-59,1784,0.029086640362604756,4.326976895369797e-05,0.00022382461828828612,6.5103061764486654e-06
2011,E07000224,149811,165308,31,61570,0.0005034919603703102,75.42863407503654,female,55-59,4750,0.031706617004091824,1.5964026752100804e-05,0.00018752873424153702,5.945901753858534e-06
2011,E07000224,149811,165308,31,61570,0.0005034919603703102,75.42863407503654,male,55-59,4367,0.02915006241197242,1.4676822068720886e-05,0.00018752873424153702,5.4664743071789935e-06
2011,E07000225,113995,165308,8,44206,0.0001809709089263901,20.62977876306384,female,55-59,3690,0.03236984078249046,5.857999508209829e-06,4.839451206233213e-05,1.566522650204005e-06
2011,E07000225,113995,165308,8,44206,0.0001809709089263901,20.62977876306384,male,55-59,3542,0.03107153822536076,5.623044514384611e-06,4.839451206233213e-05,1.5036919314424351e-06
2011,E07000226,107053,165308,93,37608,0.0024728781110402043,264.729020421187,female,55-59,2791,0.02607119837837333,6.447089579846627e-05,0.000562586202724611,1.4667296496169087e-05
2011,E07000226,107053,165308,93,37608,0.0024728781110402043,264.729020421187,male,55-59,2756,0.02574425751730451,6.366241089952456e-05,0.000562586202724611,1.4483364078624865e-05
2011,E07000227,131540,165308,61,45394,0.0013437899281843416,176.7621271533683,female,55-59,4302,0.03270488064467082,4.394848921277967e-05,0.0003690081544752825,1.2068367649024367e-05
2011,E07000227,131540,165308,61,45394,0.0013437899281843416,176.7621271533683,male,55-59,4114,0.03127565759464802,4.202791367303012e-05,0.0003690081544752825,1.1540972689001917e-05
2011,E07000228,140188,165308,399,44892,0.008887997861534349,1245.9906442127774,female,55-59,4362,0.03111535937455417,0.00027655324758191023,0.002413676289108815,7.510240514946109e-05
2011,E07000228,140188,165308,399,44892,0.008887997861534349,1245.9906442127774,male,55-59,4305,0.03070876251890319,0.0002729394155983777,0.002413676289108815,7.412101195975012e-05
2011,E07000229,104998,165308,33,39714,0.0008309412297930201,87.24716724580752,female,55-59,2993,0.02850530486294977,2.3686233078444437e-05,0.00019962736225712004,5.6904388201257196e-06
2011,E07000229,104998,165308,33,39714,0.0008309412297930201,87.24716724580752,male,55-59,2855,0.027190994114173604,2.2594118088526185e-05,0.00019962736225712004,5.428066432161353e-06
2011,E07000241,110727,165308,12,36606,0.00032781511227667593,36.2979839370595,female,55-59,2779,0.02509776296657545,8.22742598478133e-06,7.25917680934982e-05,1.8218909889352326e-06
2011,E07000241,110727,165308,12,36606,0.00032781511227667593,36.2979839370595,male,55-59,2909,0.026271821687573943,8.612300176224861e-06,7.25917680934982e-05,1.907117987338104e-06
2011,E07000242,138155,165308,8,44545,0.00017959366932315636,24.81176338534067,female,55-59,3910,0.028301545365712423,5.082778379744065e-06,4.839451206233213e-05,1.3696394785836098e-06
2011,E07000242,138155,165308,8,44545,0.00017959366932315636,24.81176338534067,male,55-59,4126,0.02986500669537838,5.363566136783636e-06,4.839451206233213e-05,1.4453024267611189e-06
2011,E08000035,750683,165308,8,281107,2.845891422127517e-05,21.36362310436951,female,55-59,19352,0.025779190417260015,7.336477687787217e-07,4.839451206233213e-05,1.2475713416052466e-06
2011,E08000035,750683,165308,8,281107,2.845891422127517e-05,21.36362310436951,male,55-59,19005,0.025316944702357718,7.204927576291652e-07,4.839451206233213e-05,1.225201185779646e-06
2011,E09000001,7412,165308,20,2137,0.009358914365933552,69.36827328029949,female,55-59,218,0.029411764705882353,0.00027526218723333975,0.00012098628015583033,3.558420004583245e-06
2011,E09000001,7412,165308,20,2137,0.009358914365933552,69.36827328029949,male,55-59,261,0.035213167835941715,0.0003295570223298242,0.00012098628015583033,4.2603101889735185e-06
2011,E09000002,187029,165308,213,69590,0.0030607845954878574,572.4554821094985,female,55-59,3908,0.020895155296772158,6.395556945268673e-05,0.001288503883659593,2.6923488749561242e-05
2011,E09000002,187029,165308,213,69590,0.0030607845954878574,572.4554821094985,male,55-59,3888,0.02078822000866176,6.362826357012437e-05,0.001288503883659593,2.6785702215530734e-05
2011,E09000003,357538,165308,214,138470,0.001545461110709901,552.5610746009966,female,55-59,9071,0.02537072982452215,3.9209476294126816e-05,0.0012945531976673846,3.284375942149043e-05
2011,E09000003,357538,165308,214,138470,0.001545461110709901,552.5610746009966,male,55-59,8493,0.02375411844335427,3.671106627340084e-05,0.0012945531976673846,3.075096998861407e-05
2011,E09000004,232774,165308,4151,34157,0.12152706619433791,28288.341306320814,female,55-59,6299,0.027060582367446535,0.0032885931846260083,0.025110702446342583,0.0006795102318536947
2011,E09000004,232774,165308,4151,34157,0.12152706619433791,28288.341306320814,male,55-59,6176,0.026532172837172536,0.003224377124662681,0.025110702446342583,0.0006662414973691727
2011,E09000005,312245,165308,417,114282,0.0036488685882291173,1139.3409723316008,female,55-59,7327,0.023465547887075854,8.562270059073721e-05,0.0025225639412490624,5.919334496159067e-05
2011,E09000005,312245,165308,417,114282,0.0036488685882291173,1139.3409723316008,male,55-59,7318,0.02343672436708354,8.551752735403506e-05,0.0025225639412490624,5.912063578939819e-05
2011,E09000006,310554,165308,10197,36965,0.2758555390234005,85668.04106587311,female,55-59,8802,0.028342896887497828,0.007818545098385374,0.061684854937450094,0.0017483274830124094
2011,E09000006,310554,165308,10197,36965,0.2758555390234005,85668.04106587311,male,55-59,8278,0.02665558968810577,0.007353092061399013,0.061684854937450094,0.001644246183182995
2011,E09000007,220087,165308,382,72962,0.005235602094240838,1152.2879581151833,female,55-59,4663,0.02118707601993757,0.000110927099580825,0.0023108379509763593,4.89598993370929e-05
2011,E09000007,220087,165308,382,72962,0.005235602094240838,1152.2879581151833,male,55-59,4760,0.021627810820266533,0.00011323461162443211,0.0023108379509763593,4.997836604000905e-05
2011,E09000008,364815,165308,8115,136880,0.05928550555230859,21628.24170806546,female,55-59,9978,0.02735084906048271,0.0016215089138356018,0.04909018317322816,0.0013426581903224115
2011,E09000008,364815,165308,8115,136880,0.05928550555230859,21628.24170806546,male,55-59,9099,0.02494140865918342,0.0014786640215464163,0.04909018317322816,0.001224378319677653
2011,E09000009,339314,165308,312,135612,0.0023006813556322447,780.6533935049995,female,55-59,8586,0.025303995708989314,5.821643115067004e-05,0.0018873859704309531,4.775840649699147e-05
2011,E09000009,339314,165308,312,135612,0.0023006813556322447,780.6533935049995,male,55-59,8140,0.02398957897404764,5.5192377075058714e-05,0.0018873859704309531,4.527759479216289e-05
2011,E09000010,313935,165308,223,122444,0.0018212407304563718,571.7512087158211,female,55-59,7866,0.025056142195040376,4.563326671371406e-05,0.0013489970237375083,3.3800661247453265e-05
2011,E09000010,313935,165308,223,122444,0.0018212407304563718,571.7512087158211,male,55-59,7294,0.023234108971602403,4.23149055949441e-05,0.0013489970237375083,3.134274385188458e-05
2011,E09000011,255483,165308,5537,32537,0.1701754925162123,43476.94535451947,female,55-59,5723,0.022400707679180218,0.0038120514620161926,0.033495051661141625,0.0007503128609602733
2011,E09000011,255483,165308,5537,32537,0.1701754925162123,43476.94535451947,male,55-59,5511,0.021570906870515848,0.003670839700711382,0.033495051661141625,0.0007225186400056031
2011,E09000012,247182,165308,409,88435,0.004624865720585741,1143.1835585458246,female,55-59,4553,0.01841962602454871,8.518829698694434e-05,0.00247416942918673,4.5573275606990726e-05
2011,E09000012,247182,165308,409,88435,0.004624865720585741,1143.1835585458246,male,55-59,4414,0.0178572873429295,8.258755609496428e-05,0.00247416942918673,4.41819544320793e-05
2011,E09000013,182445,165308,389,63620,0.006114429424709211,1115.5470763910719,female,55-59,3869,0.021206390967140783,0.00012966498092137322,0.0023531831490309,4.990252187563678e-05
2011,E09000013,182445,165308,389,63620,0.006114429424709211,1115.5470763910719,male,55-59,3280,0.01797802077338376,0.00010992533921481111,0.0023531831490309,4.230557553685413e-05
2011,E09000014,255540,165308,300,94034,0.003190335410596167,815.2583108237445,female,55-59,5739,0.02245832355012914,7.164958488460282e-05,0.001814794202337455,4.075723537299309e-05
2011,E09000014,255540,165308,300,94034,0.003190335410596167,815.2583108237445,male,55-59,5018,0.01963684746028019,6.26481298050073e-05,0.001814794202337455,3.563683692310147e-05
2011,E09000015,240499,165308,72,85681,0.0008403263267235443,202.09764125068568,female,55-59,6712,0.027908639952764876,2.3452364895356862e-05,0.0004355506085609892,1.215562511553628e-05
2011,E09000015,240499,165308,72,85681,0.0008403263267235443,202.09764125068568,male,55-59,6612,0.027492837808057415,2.310295540645107e-05,0.0004355506085609892,1.1974522238367979e-05
2011,E09000016,237927,165308,101,84891,0.0011897609876194179,283.07626250132523,female,55-59,6936,0.029151798660933814,3.468367276571504e-05,0.0006109807147869432,1.7811186783182396e-05
2011,E09000016,237927,165308,101,84891,0.0011897609876194179,283.07626250132523,male,55-59,6770,0.028454105671067174,3.385358486503616e-05,0.0006109807147869432,1.7384909821531836e-05
2011,E09000017,275499,165308,102,107741,0.0009467148068052088,260.8189825600282,female,55-59,6711,0.02435943506147028,2.3061437858103865e-05,0.0006170300287947347,1.5030502917402476e-05
2011,E09000017,275499,165308,102,107741,0.0009467148068052088,260.8189825600282,male,55-59,6931,0.025157986054395842,2.3817437907095496e-05,0.0006170300287947347,1.55232328595614e-05
2011,E09000018,254927,165308,214,93861,0.002279967185519012,581.2251947028052,female,55-59,6201,0.024324610574792,5.545931391105451e-05,0.0012945531976673846,3.1489502401610856e-05
2011,E09000018,254927,165308,214,93861,0.002279967185519012,581.2251947028052,male,55-59,6075,0.02383035143393991,5.433241928876893e-05,0.0012945531976673846,3.0849657650344456e-05
2011,E09000019,206285,165308,347,78519,0.004419312523083585,911.6378838242973,female,55-59,4089,0.019822090796713286,8.760001409161491e-05,0.0020991119607036562,4.1608787877534724e-05
2011,E09000019,206285,165308,347,78519,0.004419312523083585,911.6378838242973,male,55-59,3922,0.019012531206825507,8.402231725784143e-05,0.0020991119607036562,3.9909431659498944e-05
2011,E09000020,158251,165308,366,50701,0.007218792528746967,1142.3811364667363,female,55-59,4071,0.025724955924449136,0.00018570311962975845,0.002214048926851695,5.695631105783376e-05
2011,E09000020,158251,165308,366,50701,0.007218792528746967,1142.3811364667363,male,55-59,3658,0.023115177787186178,0.00016686367271079744,0.002214048926851695,5.117813457370569e-05
2011,E09000021,160436,165308,240,51416,0.004667807686323323,748.8843939629687,female,55-59,4032,0.025131516617218082,0.00011730908643481289,0.001451835361869964,3.6486824522299824e-05
2011,E09000021,160436,165308,240,51416,0.004667807686323323,748.8843939629687,male,55-59,3936,0.024533147173950984,0.00011451601294826972,0.001451835361869964,3.561809060510221e-05
2011,E09000022,304481,165308,39410,108324,0.36381595952882095,110775.04717329494,female,55-59,5882,0.019318118371918117,0.007028239771770734,0.23840346504706367,0.0046055063580546195
2011,E09000022,304481,165308,39410,108324,0.36381595952882095,110775.04717329494,male,55-59,5647,0.01854631323465175,0.006747444745186898,0.23840346504706367,0.004421505338989193
2011,E09000023,276938,165308,22020,112394,0.19591793156218304,54257.12013096784,female,55-59,6129,0.022131307368436257,0.004335919962390931,0.1332058944515692,0.0029480205933951555
2011,E09000023,276938,165308,22020,112394,0.19591793156218304,54257.12013096784,male,55-59,5494,0.019838375376438046,0.0038866934693058863,0.1332058944515692,0.0026425885364844155
2011,E09000024,200543,165308,921,75416,0.01221226264983558,2449.0837885859764,female,55-59,4885,0.02435886567967967,0.0002974768655323138,0.005571418201175986,0.00013571342760776837
2011,E09000024,200543,165308,921,75416,0.01221226264983558,2449.0837885859764,male,55-59,4497,0.022424118518223023,0.00027384922503558137,0.005571418201175986,0.00012493414205775523
2011,E09000025,310460,165308,426,112342,0.0037919923091986967,1177.2619323138274,female,55-59,5715,0.018408168524125492,6.980363346991739e-05,0.002577007767319186,4.743799326879195e-05
2011,E09000025,310460,165308,426,112342,0.0037919923091986967,1177.2619323138274,male,55-59,5332,0.017174515235457065,6.512562968706903e-05,0.002577007767319186,4.425885916171456e-05
2011,E09000026,281395,165308,222,102662,0.002162435954881066,608.4986655237576,female,55-59,7059,0.025085733577355676,5.4246292242241144e-05,0.0013429477097297166,3.3688828454599654e-05
2011,E09000026,281395,165308,222,102662,0.002162435954881066,608.4986655237576,male,55-59,6993,0.024851187832051033,5.373910208953e-05,0.0013429477097297166,3.3373845783115935e-05
2011,E09000027,187527,165308,203,62176,0.0032649253731343282,612.2616604477612,female,55-59,5052,0.02694012062263034,8.795748337612518e-05,0.0012280107435816779,3.308275755797638e-05
2011,E09000027,187527,165308,203,62176,0.0032649253731343282,612.2616604477612,male,55-59,5008,0.026705487743098326,8.719142453436953e-05,0.0012280107435816779,3.2794625861113557e-05
2011,E09000028,288717,165308,48341,102300,0.47254154447702834,136430.7770967742,female,55-59,5624,0.019479282480768363,0.009204770228766602,0.2924298884506497,0.005696324402949787
2011,E09000028,288717,165308,48341,102300,0.47254154447702834,136430.7770967742,male,55-59,5590,0.019361520104462154,0.00914912261358558,0.2924298884506497,0.00566188716438288
2011,E09000029,191123,165308,522,74422,0.007014054983741367,1340.5472306576012,female,55-59,5066,0.026506490584597354,0.00018591798238638867,0.0031577419120671717,8.370065626079693e-05
2011,E09000029,191123,165308,522,74422,0.007014054983741367,1340.5472306576012,male,55-59,5071,0.026532651747827315,0.00018610147822372227,0.0031577419120671717,8.378326646239662e-05
2011,E09000030,256012,165308,312,76079,0.004101000276028864,1049.9052826667016,female,55-59,3918,0.015303970126400324,6.276158571270523e-05,0.0018873859704309531,2.888449850846239e-05
2011,E09000030,256012,165308,312,76079,0.004101000276028864,1049.9052826667016,male,55-59,3991,0.015589113010327641,6.393095675839882e-05,0.0018873859704309531,2.942267318715503e-05
2011,E09000031,259742,165308,333,98132,0.0033933884971263195,881.4055150205845,female,55-59,6006,0.023122945076267987,7.846513584149146e-05,0.002014421564594575,4.657935919857018e-05
2011,E09000031,259742,165308,333,98132,0.0033933884971263195,881.4055150205845,male,55-59,5480,0.021097858644347083,7.159323083772448e-05,0.002014421564594575,4.249998141994083e-05
2011,E09000032,307710,165308,2574,105396,0.024422179209837185,7514.948764659,female,55-59,5992,0.01947288030938221,0.00047557017264744205,0.015570934256055362,0.0003032109390734254
2011,E09000032,307710,165308,2574,105396,0.024422179209837185,7514.948764659,male,55-59,5443,0.017688732897858373,0.00043199740482643983,0.015570934256055362,0.00027543009702547637
2011,E09000033,219582,165308,836,72308,0.011561652929136471,2538.7308734856447,female,55-59,5243,0.023877184833000883,0.0002760597239639976,0.005057226510513707,0.00012075233213388787
2011,E09000033,219582,165308,836,72308,0.011561652929136471,2538.7308734856447,male,55-59,4830,0.021996338497691066,0.0002543140314221072,0.005057226510513707,0.00011124046618475651
2011,E06000033,174274,165308,107,64508,0.001658708997333664,289.069851801327,female,60-64,5332,0.03059549904173887,5.0749029538445764e-05,0.0006472765988336923,1.9803750559356226e-05
2011,E06000033,174274,165308,107,64508,0.001658708997333664,289.069851801327,male,60-64,5070,0.02909211930637961,4.825536004499625e-05,0.0006472765988336923,1.883064803749739e-05
2011,E06000034,158268,165308,159,53689,0.0029615004935834156,468.71076011846003,female,60-64,4363,0.027567164556322188,8.16401714402434e-05,0.0009618409272388511,2.6515227118198925e-05
2011,E06000034,158268,165308,159,53689,0.0029615004935834156,468.71076011846003,male,60-64,4310,0.0272322895342078,8.064843889696289e-05,0.0009618409272388511,2.619313061641929e-05
2011,E06000035,264885,165308,1714,99212,0.017276135951296213,4576.189271459098,female,60-64,7836,0.029582649074126506,0.0005110738672040965,0.010368524209354659,0.00030672841310192385
2011,E06000035,264885,165308,1714,99212,0.017276135951296213,4576.189271459098,male,60-64,7576,0.02860109103950771,0.0004941163371539352,0.010368524209354659,0.00029655110485709234
2011,E06000038,155339,165308,10,47360,0.00021114864864864866,32.799619932432435,female,60-64,3232,0.020806107931684897,4.393181573413197e-06,6.049314007791517e-05,1.2586268015876363e-06
2011,E06000038,155339,165308,10,47360,0.00021114864864864866,32.799619932432435,male,60-64,3192,0.020548606595896718,4.3388105143363006e-06,6.049314007791517e-05,1.2430497372115517e-06
2011,E06000039,140713,165308,8,54239,0.0001474953446781836,20.754512435701248,female,60-64,2565,0.018228592951610726,2.6886326003961324e-06,4.839451206233213e-05,8.821638614760678e-07
2011,E06000039,140713,165308,8,54239,0.0001474953446781836,20.754512435701248,male,60-64,2661,0.018910832687811362,2.789259785440198e-06,4.839451206233213e-05,9.151805206190317e-07
2011,E06000042,249895,165308,14,88445,0.00015829046299960426,39.555995251286106,female,60-64,6753,0.027023349806918905,4.27753855273746e-06,8.469039610908124e-05,2.288618199342226e-06
2011,E06000042,249895,165308,14,88445,0.00015829046299960426,39.555995251286106,male,60-64,6516,0.026074951479621442,4.1274161424014944e-06,8.469039610908124e-05,2.2082979693342136e-06
2011,E06000043,272952,165308,253,87037,0.002906809747578616,793.4195342210784,female,60-64,6142,0.0225021249157361,6.540939604629333e-05,0.0015304764439712537,3.443897212283273e-05
2011,E06000043,272952,165308,253,87037,0.002906809747578616,793.4195342210784,male,60-64,6563,0.024044520648319117,6.989284699638931e-05,0.0015304764439712537,3.6799572458832824e-05
2011,E06000044,205433,165308,17,68264,0.0002490331653580218,51.15963025899449,female,60-64,4869,0.023701158041794648,5.902374409798854e-06,0.00010283833813245579,2.4373877048328515e-06
2011,E06000044,205433,165308,17,68264,0.0002490331653580218,51.15963025899449,male,60-64,4861,0.023662215904942243,5.892676526192694e-06,0.00010283833813245579,2.433382960195624e-06
2011,E06000047,512994,165308,10,231893,4.3123337056314764e-05,22.122013169867135,female,60-64,17969,0.035027700129046345,1.5105113189723857e-06,6.049314007791517e-05,2.1189355705136076e-06
2011,E06000047,512994,165308,10,231893,4.3123337056314764e-05,22.122013169867135,male,60-64,17403,0.03392437338448403,1.4629321878833785e-06,6.049314007791517e-05,2.0521918712030896e-06
2011,E06000060,506550,165308,25,163754,0.00015266802642988872,77.33398878806014,female,60-64,15794,0.03117954792221893,4.760120046261302e-06,0.00015123285019478792,4.715371900062147e-06
2011,E06000060,506550,165308,25,163754,0.00015266802642988872,77.33398878806014,male,60-64,15278,0.030160892310729444,4.6046039044434706e-06,0.00015123285019478792,4.561317708569677e-06
2011,E07000008,122725,165308,24,34511,0.000695430442467619,85.34670105183854,female,60-64,2494,0.020321857812181706,1.4132438570089563e-05,0.0001451835361869964,2.950399179061878e-06
2011,E07000008,122725,165308,24,34511,0.000695430442467619,85.34670105183854,male,60-64,2468,0.020110002037074762,1.398510761466762e-05,0.0001451835361869964,2.919641208470215e-06
2011,E07000061,99308,165308,203,40047,0.0050690438734486976,503.3966089844433,female,60-64,3459,0.034831030732670076,0.00017656002294134455,0.0012280107435816779,4.2772879949742456e-05
2011,E07000061,99308,165308,203,40047,0.0050690438734486976,503.3966089844433,male,60-64,3142,0.03163894147500705,0.0001603791824462864,0.0012280107435816779,3.88529600468606e-05
2011,E07000062,90173,165308,190,36006,0.005276898294728657,475.8337499305672,female,60-64,3123,0.03463342685726326,0.00018275707112370217,0.0011493696614803882,3.980661010283846e-05
2011,E07000062,90173,165308,190,36006,0.005276898294728657,475.8337499305672,male,60-64,2951,0.03272598227850909,0.00017269168007878486,0.0011493696614803882,3.761425117306318e-05
2011,E07000063,97584,165308,120,35106,0.003418219107844813,333.56349341992825,female,60-64,3693,0.03784431874077718,0.0001293601734430941,0.000725917680934982,2.7471860096869247e-05
2011,E07000063,97584,165308,120,35106,0.003418219107844813,333.56349341992825,male,60-64,3548,0.036358419413018525,0.0001242810439686157,0.000725917680934982,2.6393219502759837e-05
2011,E07000064,90729,165308,226,36720,0.0061546840958605666,558.4083333333333,female,60-64,4177,0.04603820167752317,0.0002833505876666731,0.0013671449657608828,6.294089565611003e-05
2011,E07000064,90729,165308,226,36720,0.0061546840958605666,558.4083333333333,male,60-64,3689,0.040659546561738806,0.000250246664568436,0.0013671449657608828,5.558749439200142e-05
2011,E07000065,149415,165308,638,56293,0.011333558346508447,1693.4036203435596,female,60-64,6052,0.040504634742161094,0.0004590616411542959,0.0038594623369709873,0.0001563261122601373
2011,E07000065,149415,165308,638,56293,0.011333558346508447,1693.4036203435596,male,60-64,5486,0.03671652779172105,0.0004161289100086695,0.0038594623369709873,0.00014170605615649592
2011,E07000066,174971,165308,111,62378,0.0017794735323351182,311.356263426208,female,60-64,5329,0.03045647564453538,5.4196492297659866e-05,0.0006714738548648583,2.045072710663384e-05
2011,E07000066,174971,165308,111,62378,0.0017794735323351182,311.356263426208,male,60-64,5049,0.028856210457732994,5.134886275302771e-05,0.0006714738548648583,1.937619087284561e-05
2011,E07000067,147514,165308,9,48494,0.00018558996989318267,27.377118818822947,female,60-64,5149,0.034905161543989045,6.478047880065604e-06,5.444382607012365e-05,1.9003705440505083e-06
2011,E07000067,147514,165308,9,48494,0.00018558996989318267,27.377118818822947,male,60-64,4787,0.03245115717830172,6.022609283719956e-06,5.444382607012365e-05,1.7667651571897035e-06
2011,E07000068,73841,165308,36,24621,0.0014621664432801268,107.96783233824785,female,60-64,2402,0.03252935361113744,4.7563329271798384e-05,0.0002177753042804946,7.084089880713262e-06
2011,E07000068,73841,165308,36,24621,0.0014621664432801268,107.96783233824785,male,60-64,2352,0.03185222301973158,4.657325164332631e-05,0.0002177753042804946,6.93662756013222e-06
2011,E07000069,87964,165308,11,33361,0.00032972632714846676,29.00404664128773,female,60-64,3733,0.04243781546996499,1.3992865027115939e-05,6.654245408570669e-05,2.823916387407838e-06
2011,E07000069,87964,165308,11,33361,0.00032972632714846676,29.00404664128773,male,60-64,3312,0.03765176663180392,1.2414778722155903e-05,6.654245408570669e-05,2.5054409523425555e-06
2011,E07000071,173614,165308,8,59731,0.00013393380321775962,23.25278331184812,female,60-64,5687,0.032756574930593155,4.387212660841862e-06,4.839451206233213e-05,1.5852384605992767e-06
2011,E07000071,173614,165308,8,59731,0.00013393380321775962,23.25278331184812,male,60-64,5034,0.02899535751725091,3.88345850794407e-06,4.839451206233213e-05,1.4032161791202318e-06
2011,E07000072,124880,165308,22,48938,0.00044954840818995463,56.13960521476153,female,60-64,4196,0.033600256245996156,1.5104941710162152e-05,0.00013308490817141337,4.471687017034357e-06
2011,E07000072,124880,165308,22,48938,0.00044954840818995463,56.13960521476153,male,60-64,4013,0.03213484945547726,1.4446170420133633e-05,0.00013308490817141337,4.276663488884384e-06
2011,E07000073,82177,165308,9,34960,0.0002574370709382151,21.155406178489702,female,60-64,2093,0.025469413582875987,6.5567712312895845e-06,5.444382607012365e-05,1.386652323214145e-06
2011,E07000073,82177,165308,9,34960,0.0002574370709382151,21.155406178489702,male,60-64,2045,0.02488530854131935,6.4064009402709995e-06,5.444382607012365e-05,1.3548514099249532e-06
2011,E07000074,61720,165308,8,20947,0.0003819162648589297,23.57187186709314,female,60-64,2558,0.0414452365521711,1.5828609940199972e-05,4.839451206233213e-05,2.005722000250253e-06
2011,E07000074,61720,165308,8,20947,0.0003819162648589297,23.57187186709314,male,60-64,2468,0.03998703823720026,1.5271700286322725e-05,4.839451206233213e-05,1.935153204307124e-06
2011,E07000075,83333,165308,13,29337,0.00044312642737839587,36.92705457272386,female,60-64,3114,0.03736814947259789,1.655881457353419e-05,7.864108210128971e-05,2.938671710647836e-06
2011,E07000075,83333,165308,13,29337,0.00044312642737839587,36.92705457272386,male,60-64,2947,0.03536414145656583,1.5670785660952238e-05,7.864108210128971e-05,2.7810743517274164e-06
2011,E07000085,116010,165308,9,39594,0.0002273071677526898,26.369904530989544,female,60-64,4205,0.03624687526937333,8.239174557366266e-06,5.444382607012365e-05,1.9734185727512277e-06
2011,E07000085,116010,165308,9,39594,0.0002273071677526898,26.369904530989544,male,60-64,4015,0.034609085423670374,7.866893186165412e-06,5.444382607012365e-05,1.8842510272523614e-06
2011,E07000095,93702,165308,9,36221,0.00024847464178239144,23.282570884293644,female,60-64,2699,0.028804081022817014,7.157083714015437e-06,5.444382607012365e-05,1.5682043773159987e-06
2011,E07000095,93702,165308,9,36221,0.00024847464178239144,23.282570884293644,male,60-64,2599,0.02773686794305351,6.891908326315717e-06,5.444382607012365e-05,1.5101012140215935e-06
2011,E07000103,90653,165308,10,32552,0.0003072007864340133,27.848672892602604,female,60-64,2069,0.022823293216992266,7.0113336252741045e-06,6.049314007791517e-05,1.3806526736148442e-06
2011,E07000103,90653,165308,10,32552,0.0003072007864340133,27.848672892602604,male,60-64,1971,0.021742247912369145,6.679235657523085e-06,6.049314007791517e-05,1.3152568485717052e-06
2011,E07000105,118405,165308,683,38958,0.0175317008059962,2075.8410339339803,female,60-64,3972,0.033545880663823316,0.0005881163430718036,0.004131681467321606,0.000138600893443701
2011,E07000105,118405,165308,683,38958,0.0175317008059962,2075.8410339339803,male,60-64,3676,0.031045986233689454,0.0005442889418761204,0.004131681467321606,0.00012827212595645641
2011,E07000106,150600,165308,838,52154,0.01606779921003183,2419.8105610307935,female,60-64,4968,0.03298804780876494,0.0005300453285221656,0.005069325138529291,0.00016722714002797822
2011,E07000106,150600,165308,838,52154,0.01606779921003183,2419.8105610307935,male,60-64,4607,0.030590969455511288,0.0004915295548513721,0.005069325138529291,0.00015507557047280505
2011,E07000107,97604,165308,1205,33838,0.03561085170518352,3475.761569832732,female,60-64,2504,0.02565468628334904,0.0009135852287793485,0.007289423379388777,0.00018700786998472908
2011,E07000107,97604,165308,1205,33838,0.03561085170518352,3475.761569832732,male,60-64,2529,0.025910823326912833,0.0009227064870539029,0.007289423379388777,0.0001888749613384105
2011,E07000108,111718,165308,643,40077,0.016044115078473937,1792.4164483369514,female,60-64,4224,0.037809484595141336,0.0006066197219022351,0.003889708907009945,0.00014706788899917657
2011,E07000108,111718,165308,643,40077,0.016044115078473937,1792.4164483369514,male,60-64,3978,0.03560751177070839,0.0005712910165073606,0.003889708907009945,0.00013850285569098588
2011,E07000109,101766,165308,1146,35711,0.032090952367617824,3265.7678586429956,female,60-64,2996,0.029440088045123127,0.0009447604631545212,0.006932513852929078,0.0002040938182042678
2011,E07000109,101766,165308,1146,35711,0.032090952367617824,3265.7678586429956,male,60-64,2827,0.027779415521883538,0.0008914679003130279,0.006932513852929078,0.00019258118293173068
2011,E07000110,155764,165308,1006,47534,0.02116379854419994,3296.5579164387595,female,60-64,5160,0.0331270383400529,0.0007010939657948671,0.006085609891838265,0.0002015982322095314
2011,E07000110,155764,165308,1006,47534,0.02116379854419994,3296.5579164387595,male,60-64,4985,0.03200354382270615,0.0006773165541642274,0.006085609891838265,0.00019476108286133994
2011,E07000111,115351,165308,1493,33141,0.045049938143085604,5196.555414743068,female,60-64,4216,0.03654931470034937,0.0016465443664229083,0.009031625813632734,0.0003300997341182617
2011,E07000111,115351,165308,1493,33141,0.045049938143085604,5196.555414743068,male,60-64,3941,0.03416528682022696,0.0015391440578920023,0.009031625813632734,0.000308568086375728
2011,E07000112,108199,165308,674,39104,0.017236088379705403,1864.927526595745,female,60-64,4103,0.03792086803020361,0.0006536074328037345,0.004077237641251482,0.00015461239052167608
2011,E07000112,108199,165308,674,39104,0.017236088379705403,1864.927526595745,male,60-64,3982,0.036802558249152025,0.0006343321465816404,0.004077237641251482,0.00015005277578779286
2011,E07000113,136324,165308,898,51193,0.017541460746586447,2391.322094817651,female,60-64,4638,0.03402188902907779,0.0005967936309282881,0.005432283978996782,0.00018481656270786563
2011,E07000113,136324,165308,898,51193,0.017541460746586447,2391.322094817651,male,60-64,4525,0.033192981426601334,0.0005822533807569003,0.005432283978996782,0.00018031370121886418
2011,E07000114,134402,165308,826,52563,0.015714475962178717,2112.056998268744,female,60-64,4852,0.03610065326408833,0.0005673028479374647,0.004996733370435793,0.00018038533885920198
2011,E07000114,134402,165308,826,52563,0.015714475962178717,2112.056998268744,male,60-64,4661,0.03467954345917471,0.0005449708520685332,0.004996733370435793,0.0001732844320739366
2011,E07000115,121087,165308,974,37881,0.025712098413452653,3113.4008605897416,female,60-64,3809,0.03145672120045918,0.0008088183112707489,0.005892031843588937,0.0001853440030080047
2011,E07000115,121087,165308,974,37881,0.025712098413452653,3113.4008605897416,male,60-64,3673,0.03033356181918786,0.0007799395267255082,0.005892031843588937,0.00017872631216812843
2011,E07000116,115246,165308,906,38118,0.023768298441681095,2739.2013222099795,female,60-64,3612,0.03134165177099422,0.0007449377329482333,0.005480678491059114,0.0001717735167355528
2011,E07000116,115246,165308,906,38118,0.023768298441681095,2739.2013222099795,male,60-64,3372,0.02925914999219062,0.0006954402091642977,0.005480678491059114,0.00016035999402887156
2011,E07000130,165876,165308,8,46529,0.00017193578198542844,28.520019772614926,female,60-64,5136,0.030962887940389205,5.32362835055801e-06,4.839451206233213e-05,1.4984338539158033e-06
2011,E07000130,165876,165308,8,46529,0.00017193578198542844,28.520019772614926,male,60-64,5205,0.03137886131809303,5.395149058538637e-06,4.839451206233213e-05,1.5185646825607004e-06
2011,E07000178,150245,165308,18,41750,0.0004311377245508982,64.77628742514969,female,60-64,2949,0.01962794102965157,8.462345833143191e-06,0.0001088876521402473,2.1372404150659875e-06
2011,E07000178,150245,165308,18,41750,0.0004311377245508982,64.77628742514969,male,60-64,2959,0.01969449898499118,8.491041478559071e-06,0.0001088876521402473,2.1444877545541732e-06
2011,E07000200,87901,165308,10,31239,0.0003201126796632415,28.13822465507859,female,60-64,3585,0.04078451894745225,1.3055641649045184e-05,6.049314007791517e-05,2.467183617698614e-06
2011,E07000200,87901,165308,10,31239,0.0003201126796632415,28.13822465507859,male,60-64,3353,0.03814518606159202,1.2210757726429151e-05,6.049314007791517e-05,2.3075220837220233e-06
2011,E07000207,131428,165308,94,42682,0.0022023335363853614,289.44829202005525,female,60-64,3983,0.030305566545941503,6.674296554328525e-05,0.0005686355167324026,1.7232821492719658e-05
2011,E07000207,131428,165308,94,42682,0.0022023335363853614,289.44829202005525,male,60-64,3621,0.02755120674437715,6.067694658102834e-05,0.0005686355167324026,1.5666594683690155e-05
2011,E07000208,75191,165308,63,24986,0.0025214119907148004,189.58748899383656,female,60-64,2420,0.032184702956470856,8.115089595203971e-05,0.00038110678249086554,1.2265808589164856e-05
2011,E07000208,75191,165308,63,24986,0.0025214119907148004,189.58748899383656,male,60-64,2311,0.030735061377026505,7.749575229138998e-05,0.00038110678249086554,1.1713340351057843e-05
2011,E07000209,137580,165308,31,46466,0.0006671544785434512,91.78711315800801,female,60-64,4036,0.029335659252798373,1.9571416451529067e-05,0.00018752873424153702,5.501279047818313e-06
2011,E07000209,137580,165308,31,46466,0.0006671544785434512,91.78711315800801,male,60-64,3873,0.028150894025294373,1.8780995023977224e-05,0.00018752873424153702,5.279101524331101e-06
2011,E07000210,85637,165308,54,29167,0.0018514074124867145,158.54897658312478,female,60-64,2973,0.034716302532783724,6.427401984332708e-05,0.0003266629564207419,1.1340530021356021e-05
2011,E07000210,85637,165308,54,29167,0.0018514074124867145,158.54897658312478,male,60-64,2871,0.03352522858110396,6.206885670036733e-05,0.0003266629564207419,1.0951450282984573e-05
2011,E07000211,138375,165308,168,49074,0.0034234013938134245,473.7131678689326,female,60-64,4336,0.031335140018066844,0.00010727276201318885,0.0010162847533089748,3.184542504316325e-05
2011,E07000211,138375,165308,168,49074,0.0034234013938134245,473.7131678689326,male,60-64,4137,0.0298970189701897,0.00010234949641341381,0.0010162847533089748,3.0383884548792977e-05
2011,E07000212,80501,165308,9,27370,0.0003288271830471319,26.470917062477163,female,60-64,2300,0.02857107365125899,9.394945665375627e-06,5.444382607012365e-05,1.555518564505837e-06
2011,E07000212,80501,165308,9,27370,0.0003288271830471319,26.470917062477163,male,60-64,2277,0.0282853629147464,9.300996208721871e-06,5.444382607012365e-05,1.5399633788607788e-06
2011,E07000213,95852,165308,38,34747,0.0010936195930583935,104.82562523383314,female,60-64,2789,0.029096941117556233,3.182098490422589e-05,0.00022987393229607762,6.688628272480079e-06
2011,E07000213,95852,165308,38,34747,0.0010936195930583935,104.82562523383314,male,60-64,2786,0.029065642866085213,3.178675652318871e-05,0.00022987393229607762,6.681433620340443e-06
2011,E07000214,86378,165308,31,33770,0.0009179745336097127,79.29280426413976,female,60-64,2681,0.03103799578596402,2.849208970580055e-05,0.00018752873424153702,5.820516063135993e-06
2011,E07000214,86378,165308,31,33770,0.0009179745336097127,79.29280426413976,male,60-64,2564,0.029683484220519113,2.72486825832423e-05,0.00018752873424153702,5.5665062237525864e-06
2011,E07000215,83178,165308,347,29248,0.0118640590809628,986.8287062363238,female,60-64,2825,0.03396330760537642,0.0004029426880150991,0.0020991119607036562,7.12927852195031e-05
2011,E07000215,83178,165308,347,29248,0.0118640590809628,986.8287062363238,male,60-64,2733,0.03285724590636947,0.00038982030667089054,0.0020991119607036562,6.897103787784141e-05
2011,E07000216,121754,165308,16,43976,0.00036383481899217757,44.298344551573585,female,60-64,4144,0.03403584276491943,1.2383424691620677e-05,9.678902412466426e-05,3.2942960064770664e-06
2011,E07000216,121754,165308,16,43976,0.00036383481899217757,44.298344551573585,male,60-64,3847,0.03159649785633326,1.1495906078345739e-05,9.678902412466426e-05,3.058194193271543e-06
2011,E07000217,99493,165308,25,33858,0.0007383779313603875,73.46343552483903,female,60-64,2712,0.027258199069281255,2.0126852641385532e-05,0.00015123285019478792,4.122335136424319e-06
2011,E07000217,99493,165308,25,33858,0.0007383779313603875,73.46343552483903,male,60-64,2720,0.027338606736152293,2.0186223888115285e-05,0.00015123285019478792,4.1344954170627395e-06
2011,E07000223,61334,165308,37,24872,0.0014876165969765198,91.24147635895787,female,60-64,2294,0.03740176737209378,5.5639489898981584e-05,0.00022382461828828612,8.371436305366165e-06
2011,E07000223,61334,165308,37,24872,0.0014876165969765198,91.24147635895787,male,60-64,1977,0.03223334528972511,4.7950859429070004e-05,0.00022382461828828612,7.214616205627248e-06
2011,E07000224,149811,165308,31,61570,0.0005034919603703102,75.42863407503654,female,60-64,5981,0.03992363711609962,2.0101230316697876e-05,0.00018752873424153702,7.486829134700609e-06
2011,E07000224,149811,165308,31,61570,0.0005034919603703102,75.42863407503654,male,60-64,5281,0.03525108303128609,1.774863690059881e-05,0.00018752873424153702,6.610590981500404e-06
2011,E07000225,113995,165308,8,44206,0.0001809709089263901,20.62977876306384,female,60-64,4547,0.03988771437343743,7.218515925157206e-06,4.839451206233213e-05,1.9303464743841767e-06
2011,E07000225,113995,165308,8,44206,0.0001809709089263901,20.62977876306384,male,60-64,3944,0.03459800868459143,6.26123307869365e-06,4.839451206233213e-05,1.674353748619132e-06
2011,E07000226,107053,165308,93,37608,0.0024728781110402043,264.729020421187,female,60-64,2601,0.024296376561142613,6.008197777563984e-05,0.000562586202724611,1.3668806229500465e-05
2011,E07000226,107053,165308,93,37608,0.0024728781110402043,264.729020421187,male,60-64,2503,0.023380942150149926,5.781822005860304e-05,0.000562586202724611,1.3153795460376648e-05
2011,E07000227,131540,165308,61,45394,0.0013437899281843416,176.7621271533683,female,60-64,4571,0.03474988596624601,4.669654676699578e-05,0.0003690081544752825,1.2822991288630959e-05
2011,E07000227,131540,165308,61,45394,0.0013437899281843416,176.7621271533683,male,60-64,4477,0.03403527444123461,4.5736258997121015e-05,0.0003690081544752825,1.2559293808619735e-05
2011,E07000228,140188,165308,399,44892,0.008887997861534349,1245.9906442127774,female,60-64,4679,0.03337660855422718,0.00029665122545524024,0.002413676289108815,8.05603286782046e-05
2011,E07000228,140188,165308,399,44892,0.008887997861534349,1245.9906442127774,male,60-64,4517,0.03222101749079807,0.00028638033455467414,0.002413676289108815,7.777110592849972e-05
2011,E07000229,104998,165308,33,39714,0.0008309412297930201,87.24716724580752,female,60-64,3368,0.03207680146288501,2.6653936855396216e-05,0.00019962736225712004,6.403407265681064e-06
2011,E07000229,104998,165308,33,39714,0.0008309412297930201,87.24716724580752,male,60-64,3228,0.03074344273224252,2.5545994112000886e-05,0.00019962736225712004,6.1372323793404015e-06
2011,E07000241,110727,165308,12,36606,0.00032781511227667593,36.2979839370595,female,60-64,2758,0.02490810732702954,8.165254000009684e-06,7.25917680934982e-05,1.8081235507316918e-06
2011,E07000241,110727,165308,12,36606,0.00032781511227667593,36.2979839370595,male,60-64,2705,0.024429452617699386,8.00834375272886e-06,7.25917680934982e-05,1.7733771590751364e-06
2011,E07000242,138155,165308,8,44545,0.00017959366932315636,24.81176338534067,female,60-64,4242,0.03070464333538417,5.514359561860441e-06,4.839451206233213e-05,1.485936232263855e-06
2011,E07000242,138155,165308,8,44545,0.00017959366932315636,24.81176338534067,male,60-64,4063,0.029408997140892477,5.281669707647094e-06,4.839451206233213e-05,1.4232340668760122e-06
2011,E08000035,750683,165308,8,281107,2.845891422127517e-05,21.36362310436951,female,60-64,20535,0.02735508863261856,7.784961209110711e-07,4.839451206233213e-05,1.3238361667974235e-06
2011,E08000035,750683,165308,8,281107,2.845891422127517e-05,21.36362310436951,male,60-64,19540,0.026029629017841085,7.407749794303545e-07,4.839451206233213e-05,1.259691195481941e-06
2011,E09000001,7412,165308,20,2137,0.009358914365933552,69.36827328029949,female,60-64,229,0.030895844576362654,0.00028915156365337064,0.00012098628015583033,3.7379733075668034e-06
2011,E09000001,7412,165308,20,2137,0.009358914365933552,69.36827328029949,male,60-64,244,0.03291958985429034,0.00030809162240795826,0.00012098628015583033,3.982818720726201e-06
2011,E09000002,187029,165308,213,69590,0.0030607845954878574,572.4554821094985,female,60-64,3480,0.0186067401312096,5.6951223565852053e-05,0.001288503883659593,2.3974856921308375e-05
2011,E09000002,187029,165308,213,69590,0.0030607845954878574,572.4554821094985,male,60-64,3327,0.017788685177165038,5.4447333564249934e-05,0.001288503883659593,2.2920789935974987e-05
2011,E09000003,357538,165308,214,138470,0.001545461110709901,552.5610746009966,female,60-64,8855,0.02476659823571201,3.8275814417869354e-05,0.0012945531976673846,3.2061678941384386e-05
2011,E09000003,357538,165308,214,138470,0.001545461110709901,552.5610746009966,male,60-64,8130,0.022738841745492788,3.514199562024595e-05,0.0012945531976673846,2.94366402928803e-05
2011,E09000004,232774,165308,4151,34157,0.12152706619433791,28288.341306320814,female,60-64,6567,0.02821191370170208,0.003428511103895697,0.025110702446342583,0.0007084209704053362
2011,E09000004,232774,165308,4151,34157,0.12152706619433791,28288.341306320814,male,60-64,6142,0.026386108414169968,0.00320662634385981,0.025110702446342583,0.0006625737171051584
2011,E09000005,312245,165308,417,114282,0.0036488685882291173,1139.3409723316008,female,60-64,6238,0.019977901968005893,7.289673894977737e-05,0.0025225639412490624,5.039553512630035e-05
2011,E09000005,312245,165308,417,114282,0.0036488685882291173,1139.3409723316008,male,60-64,6075,0.019455875994811765,7.099193477394958e-05,0.0025225639412490624,4.907869122992539e-05
2011,E09000006,310554,165308,10197,36965,0.2758555390234005,85668.04106587311,female,60-64,9613,0.030954358984266826,0.008538931382728765,0.061684854937450094,0.0019094151436262541
2011,E09000006,310554,165308,10197,36965,0.2758555390234005,85668.04106587311,male,60-64,8792,0.02831069636842546,0.007809662406839832,0.061684854937450094,0.0017463411986645197
2011,E09000007,220087,165308,382,72962,0.005235602094240838,1152.2879581151833,female,60-64,4807,0.021841362733827988,0.0001143526844703036,0.0023108379509763593,5.047184990637048e-05
2011,E09000007,220087,165308,382,72962,0.005235602094240838,1152.2879581151833,male,60-64,4365,0.01983306601480324,0.00010383804196232063,0.0023108379509763593,4.5831001631226786e-05
2011,E09000008,364815,165308,8115,136880,0.05928550555230859,21628.24170806546,female,60-64,8879,0.02433836328001864,0.0014429121713716484,0.04909018317322816,0.001194774711552685
2011,E09000008,364815,165308,8115,136880,0.05928550555230859,21628.24170806546,male,60-64,8202,0.022482628181407015,0.0013328939778792953,0.04909018317322816,0.0011036763356408517
2011,E09000009,339314,165308,312,135612,0.0023006813556322447,780.6533935049995,female,60-64,7156,0.021089610213548514,4.852047301586243e-05,0.0018873859704309531,3.9804234438908804e-05
2011,E09000009,339314,165308,312,135612,0.0023006813556322447,780.6533935049995,male,60-64,7065,0.020821422045656825,4.790345749819285e-05,0.0018873859704309531,3.9298059853394446e-05
2011,E09000010,313935,165308,223,122444,0.0018212407304563718,571.7512087158211,female,60-64,6997,0.022288053259432686,4.05919103986597e-05,0.0013489970237375083,3.0066517511877762e-05
2011,E09000010,313935,165308,223,122444,0.0018212407304563718,571.7512087158211,male,60-64,6619,0.021083982353034863,3.839900742157047e-05,0.0013489970237375083,2.8442229442778175e-05
2011,E09000011,255483,165308,5537,32537,0.1701754925162123,43476.94535451947,female,60-64,5091,0.019926961872218502,0.0033910805509565676,0.033495051661141625,0.0006674546173595582
2011,E09000011,255483,165308,5537,32537,0.1701754925162123,43476.94535451947,male,60-64,5084,0.019899562788913548,0.0033864178984606545,0.033495051661141625,0.0006665368836487908
2011,E09000012,247182,165308,409,88435,0.004624865720585741,1143.1835585458246,female,60-64,3812,0.01542183492325493,7.132391568509376e-05,0.00247416942918673,3.815623250908163e-05
2011,E09000012,247182,165308,409,88435,0.004624865720585741,1143.1835585458246,male,60-64,3475,0.014058467040480294,6.501852229950179e-05,0.00247416942918673,3.4783029372785585e-05
2011,E09000013,182445,165308,389,63620,0.006114429424709211,1115.5470763910719,female,60-64,3583,0.019638795253364028,0.0001200800275630086,0.0023531831490309,4.6213682057484255e-05
2011,E09000013,182445,165308,389,63620,0.006114429424709211,1115.5470763910719,male,60-64,3051,0.01672284798158349,0.00010225067376353313,0.0023531831490309,3.935192407406767e-05
2011,E09000014,255540,165308,300,94034,0.003190335410596167,815.2583108237445,female,60-64,4974,0.01946466306644752,6.20988038362109e-05,0.001814794202337455,3.532435768344095e-05
2011,E09000014,255540,165308,300,94034,0.003190335410596167,815.2583108237445,male,60-64,4260,0.016670579948344682,5.3184741524378465e-05,0.001814794202337455,3.0253671839858956e-05
2011,E09000015,240499,165308,72,85681,0.0008403263267235443,202.09764125068568,female,60-64,6229,0.025900315593827834,2.176471706394188e-05,0.0004355506085609892,1.1280898218813391e-05
2011,E09000015,240499,165308,72,85681,0.0008403263267235443,202.09764125068568,male,60-64,5770,0.02399178374962058,2.0160927509864285e-05,0.0004355506085609892,1.0449636012610895e-05
2011,E09000016,237927,165308,101,84891,0.0011897609876194179,283.07626250132523,female,60-64,7405,0.031122991505797996,3.7028921111608976e-05,0.0006109807147869432,1.9015547596520422e-05
2011,E09000016,237927,165308,101,84891,0.0011897609876194179,283.07626250132523,male,60-64,7101,0.02984528868098198,3.5508760136871754e-05,0.0006109807147869432,1.8234895811329035e-05
2011,E09000017,275499,165308,102,107741,0.0009467148068052088,260.8189825600282,female,60-64,6519,0.023662517831280695,2.240165599716571e-05,0.0006170300287947347,1.460048405879105e-05
2011,E09000017,275499,165308,102,107741,0.0009467148068052088,260.8189825600282,male,60-64,6216,0.02256269532738776,2.1360437747872688e-05,0.0006170300287947347,1.3921860547544894e-05
2011,E09000018,254927,165308,214,93861,0.002279967185519012,581.2251947028052,female,60-64,5570,0.0218493921789375,4.9815897191513245e-05,0.0012945531976673846,2.828520051233228e-05
2011,E09000018,254927,165308,214,93861,0.002279967185519012,581.2251947028052,male,60-64,5334,0.020923636962738353,4.770520567675613e-05,0.0012945531976673846,2.7086761136944417e-05
2011,E09000019,206285,165308,347,78519,0.004419312523083585,911.6378838242973,female,60-64,3748,0.018169037981433454,8.029465708373016e-05,0.0020991119607036562,3.813884494130598e-05
2011,E09000019,206285,165308,347,78519,0.004419312523083585,911.6378838242973,male,60-64,3444,0.016695348668104806,7.378196344620242e-05,0.0020991119607036562,3.5045406077336654e-05
2011,E09000020,158251,165308,366,50701,0.007218792528746967,1142.3811364667363,female,60-64,4409,0.027860803407245453,0.0002011213594811115,0.002214048926851695,6.168518188503784e-05
2011,E09000020,158251,165308,366,50701,0.007218792528746967,1142.3811364667363,male,60-64,3653,0.023083582410221737,0.00016663559223962357,0.002214048926851695,5.11081808632441e-05
2011,E09000021,160436,165308,240,51416,0.004667807686323323,748.8843939629687,female,60-64,4096,0.025530429579396146,0.00011917113542584166,0.001451835361869964,3.7065980467098236e-05
2011,E09000021,160436,165308,240,51416,0.004667807686323323,748.8843939629687,male,60-64,3881,0.024190331347079208,0.00011291581459660436,0.001451835361869964,3.5120378465041074e-05
2011,E09000022,304481,165308,39410,108324,0.36381595952882095,110775.04717329494,female,60-64,4600,0.015107675027341607,0.005496413286321894,0.23840346504706367,0.0036017220753232315
2011,E09000022,304481,165308,39410,108324,0.36381595952882095,110775.04717329494,male,60-64,4468,0.0146741504396005,0.005338690122453526,0.23840346504706367,0.003498368311422652
2011,E09000023,276938,165308,22020,112394,0.19591793156218304,54257.12013096784,female,60-64,4978,0.017975142450656827,0.0035216527284682754,0.1332058944515692,0.002394394928034114
2011,E09000023,276938,165308,22020,112394,0.19591793156218304,54257.12013096784,male,60-64,4857,0.017538221551394177,0.003436052089628448,0.1332058944515692,0.0023361944888432486
2011,E09000024,200543,165308,921,75416,0.01221226264983558,2449.0837885859764,female,60-64,4567,0.022773170841166233,0.00027811194368189906,0.005571418201175986,0.0001268788585229638
2011,E09000024,200543,165308,921,75416,0.01221226264983558,2449.0837885859764,male,60-64,4233,0.021107692614551494,0.0002577726861408975,0.005571418201175986,0.00011759978281754013
2011,E09000025,310460,165308,426,112342,0.0037919923091986967,1177.2619323138274,female,60-64,4551,0.014658893255169747,5.558641048496833e-05,0.002577007767319186,3.777608177887527e-05
2011,E09000025,310460,165308,426,112342,0.0037919923091986967,1177.2619323138274,male,60-64,4016,0.012935643883269987,4.905186211989295e-05,0.002577007767319186,3.3335254762461674e-05
2011,E09000026,281395,165308,222,102662,0.002162435954881066,608.4986655237576,female,60-64,6440,0.02288597878427122,4.948946338575335e-05,0.0013429477097297166,3.0734672793259913e-05
2011,E09000026,281395,165308,222,102662,0.002162435954881066,608.4986655237576,male,60-64,6128,0.021777217079194725,4.7091837209300706e-05,0.0013429477097297166,2.9245663800791422e-05
2011,E09000027,187527,165308,203,62176,0.0032649253731343282,612.2616604477612,female,60-64,5218,0.0278253264863193,9.084761446093055e-05,0.0012280107435816779,3.416979986886792e-05
2011,E09000027,187527,165308,203,62176,0.0032649253731343282,612.2616604477612,male,60-64,4915,0.026209559156814752,8.557225470974966e-05,0.0012280107435816779,3.218562022910806e-05
2011,E09000028,288717,165308,48341,102300,0.47254154447702834,136430.7770967742,female,60-64,4660,0.016140372752557003,0.007626996668928231,0.2924298884506497,0.00471992740358215
2011,E09000028,288717,165308,48341,102300,0.47254154447702834,136430.7770967742,male,60-64,4434,0.01535759931005102,0.0072571036974308535,0.2924298884506497,0.004491021053107994
2011,E09000029,191123,165308,522,74422,0.007014054983741367,1340.5472306576012,female,60-64,5298,0.027720368558467583,0.00019443218923866703,0.0031577419120671717,8.753376961502213e-05
2011,E09000029,191123,165308,522,74422,0.007014054983741367,1340.5472306576012,male,60-64,4920,0.025742584618282466,0.000180559903936248,0.0031577419120671717,8.128843837408624e-05
2011,E09000030,256012,165308,312,76079,0.004101000276028864,1049.9052826667016,female,60-64,3061,0.011956470790431698,4.9033490011891445e-05,0.0018873859704309531,2.2566475225728276e-05
2011,E09000030,256012,165308,312,76079,0.004101000276028864,1049.9052826667016,male,60-64,2845,0.011112760339359092,4.5573433219154254e-05,0.0018873859704309531,2.0974067957267868e-05
2011,E09000031,259742,165308,333,98132,0.0033933884971263195,881.4055150205845,female,60-64,5005,0.01926912089688999,6.538761320124288e-05,0.002014421564594575,3.881613266547515e-05
2011,E09000031,259742,165308,333,98132,0.0033933884971263195,881.4055150205845,male,60-64,4758,0.018318177268212305,6.216069203027246e-05,0.002014421564594575,3.6900531313153e-05
2011,E09000032,307710,165308,2574,105396,0.024422179209837185,7514.948764659,female,60-64,5550,0.018036462903383055,0.0004404897293380013,0.015570934256055362,0.00028084457808035896
2011,E09000032,307710,165308,2574,105396,0.024422179209837185,7514.948764659,male,60-64,5072,0.016483052224497093,0.00040255205535177343,0.015570934256055362,0.0002566565225267713
2011,E09000033,219582,165308,836,72308,0.011561652929136471,2538.7308734856447,female,60-64,4720,0.02149538668925504,0.00024852220047874666,0.005057226510513707,0.00010870703941864406
2011,E09000033,219582,165308,836,72308,0.011561652929136471,2538.7308734856447,male,60-64,4496,0.02047526664298531,0.0002367279265577214,0.005057226510513707,0.00010354806127674231
2011,E06000033,174274,165308,107,64508,0.001658708997333664,289.069851801327,female,65-69,4567,0.026205859738113544,4.346789533047295e-05,0.0006472765988336923,1.6962439760798927e-05
2011,E06000033,174274,165308,107,64508,0.001658708997333664,289.069851801327,male,65-69,4117,0.023623718971275118,3.918487520813601e-05,0.0006472765988336923,1.529108046752993e-05
2011,E06000034,158268,165308,159,53689,0.0029615004935834156,468.71076011846003,female,65-69,3193,0.020174640483230977,5.9747207748956495e-05,0.0009618409272388511,1.9404794909101344e-05
2011,E06000034,158268,165308,159,53689,0.0029615004935834156,468.71076011846003,male,65-69,3033,0.019163697020244144,5.675329818433606e-05,0.0009618409272388511,1.8432428111276033e-05
2011,E06000035,264885,165308,1714,99212,0.017276135951296213,4576.189271459098,female,65-69,6002,0.022658889706853917,0.0003914580590810347,0.010368524209354659,0.00023493924648261194
2011,E06000035,264885,165308,1714,99212,0.017276135951296213,4576.189271459098,male,65-69,5822,0.021979349529040904,0.0003797182305847691,0.010368524209354659,0.00022789341769772855
2011,E06000038,155339,165308,10,47360,0.00021114864864864866,32.799619932432435,female,65-69,2532,0.016299834555391756,3.4416880395675162e-06,6.049314007791517e-05,9.860281750061556e-07
2011,E06000038,155339,165308,10,47360,0.00021114864864864866,32.799619932432435,male,65-69,2427,0.015623893548947785,3.298964009490664e-06,6.049314007791517e-05,9.451383810189335e-07
2011,E06000039,140713,165308,8,54239,0.0001474953446781836,20.754512435701248,female,65-69,1845,0.01311179493010596,1.933928712565639e-06,4.839451206233213e-05,6.345389179038382e-07
2011,E06000039,140713,165308,8,54239,0.0001474953446781836,20.754512435701248,male,65-69,1730,0.01229452857944895,1.8133857304816017e-06,4.839451206233213e-05,5.949877116388293e-07
2011,E06000042,249895,165308,14,88445,0.00015829046299960426,39.555995251286106,female,65-69,4617,0.018475759819124034,2.924536576038628e-06,8.469039610908124e-05,1.5647194174978615e-06
2011,E06000042,249895,165308,14,88445,0.00015829046299960426,39.555995251286106,male,65-69,4468,0.017879509393945458,2.8301558201734e-06,8.469039610908124e-05,1.5142227328092798e-06
2011,E06000043,272952,165308,253,87037,0.002906809747578616,793.4195342210784,female,65-69,4871,0.017845628535420148,5.187384697842639e-05,0.0015304764439712537,2.731231410132176e-05
2011,E06000043,272952,165308,253,87037,0.002906809747578616,793.4195342210784,male,65-69,4844,0.017746710044256864,5.158630974409718e-05,0.0015304764439712537,2.7160921680723175e-05
2011,E06000044,205433,165308,17,68264,0.0002490331653580218,51.15963025899449,female,65-69,3933,0.01914492803006333,4.767722027878187e-06,0.00010283833813245579,1.9688325822771834e-06
2011,E06000044,205433,165308,17,68264,0.0002490331653580218,51.15963025899449,male,65-69,3889,0.018930746277375104,4.71438366804431e-06,0.00010283833813245579,1.9468064867724294e-06
2011,E06000047,512994,165308,10,231893,4.3123337056314764e-05,22.122013169867135,female,65-69,14423,0.028115338580958063,1.212427222079065e-06,6.049314007791517e-05,1.7007851151159088e-06
2011,E06000047,512994,165308,10,231893,4.3123337056314764e-05,22.122013169867135,male,65-69,13876,0.027049049306619572,1.166445270302233e-06,6.049314007791517e-05,1.6362819286797719e-06
2011,E06000060,506550,165308,25,163754,0.00015266802642988872,77.33398878806014,female,65-69,12990,0.025644062777613268,3.915028453902388e-06,0.00015123285019478792,3.878224704432524e-06
2011,E06000060,506550,165308,25,163754,0.00015266802642988872,77.33398878806014,male,65-69,12251,0.024185174217747508,3.69230281668654e-06,0.00015123285019478792,3.657592829407456e-06
2011,E07000008,122725,165308,24,34511,0.000695430442467619,85.34670105183854,female,65-69,1995,0.016255856589936852,1.1304817541029946e-05,0.0001451835361869964,2.3600827434757206e-06
2011,E07000008,122725,165308,24,34511,0.000695430442467619,85.34670105183854,male,65-69,1907,0.015538806274190263,1.080615892267875e-05,0.0001451835361869964,2.2559788430116286e-06
2011,E07000061,99308,165308,203,40047,0.0050690438734486976,503.3966089844433,female,65-69,2888,0.029081242195996296,0.00014741409258589276,0.0012280107435816779,3.5712077853384275e-05
2011,E07000061,99308,165308,203,40047,0.0050690438734486976,503.3966089844433,male,65-69,2637,0.02655375196358803,0.00013460213370810223,0.0012280107435816779,3.2608292693689174e-05
2011,E07000062,90173,165308,190,36006,0.005276898294728657,475.8337499305672,female,65-69,2296,0.0254621671675557,0.00013436126650657066,0.0011493696614803882,2.926544245793055e-05
2011,E07000062,90173,165308,190,36006,0.005276898294728657,475.8337499305672,male,65-69,2359,0.026160824193494726,0.0001380480085753485,0.0011493696614803882,3.006845764732498e-05
2011,E07000063,97584,165308,120,35106,0.003418219107844813,333.56349341992825,female,65-69,3250,0.03330464010493524,0.0001138425571865843,0.000725917680934982,2.4176427109348784e-05
2011,E07000063,97584,165308,120,35106,0.003418219107844813,333.56349341992825,male,65-69,2853,0.02923635022134776,9.993625097025384e-05,0.000725917680934982,2.1223183551683713e-05
2011,E07000064,90729,165308,226,36720,0.0061546840958605666,558.4083333333333,female,65-69,3591,0.039579406804880465,0.00024359874558559327,0.0013671449657608828,5.411078676109435e-05
2011,E07000064,90729,165308,226,36720,0.0061546840958605666,558.4083333333333,male,65-69,3286,0.036217747357515234,0.00022290879364919507,0.0013671449657608828,4.9514910971026465e-05
2011,E07000065,149415,165308,638,56293,0.011333558346508447,1693.4036203435596,female,65-69,5299,0.03546498008901382,0.00040194442109659845,0.0038594623369709873,0.0001368757549349748
2011,E07000065,149415,165308,638,56293,0.011333558346508447,1693.4036203435596,male,65-69,4925,0.03296188468359937,0.00037357544327245657,0.0038594623369709873,0.00012721515249193262
2011,E07000066,174971,165308,111,62378,0.0017794735323351182,311.356263426208,female,65-69,4275,0.024432620262786406,4.347720108322311e-05,0.0006714738548648583,1.6405865712302436e-05
2011,E07000066,174971,165308,111,62378,0.0017794735323351182,311.356263426208,male,65-69,3867,0.02210080527630293,3.9327798032473394e-05,0.0006714738548648583,1.4840112914496728e-05
2011,E07000067,147514,165308,9,48494,0.00018558996989318267,27.377118818822947,female,65-69,3897,0.026417831527854985,4.9028845578977786e-06,5.444382607012365e-05,1.4382878248523656e-06
2011,E07000067,147514,165308,9,48494,0.00018558996989318267,27.377118818822947,male,65-69,3794,0.025719592716623507,4.773298437943077e-06,5.444382607012365e-05,1.4002730324582691e-06
2011,E07000068,73841,165308,36,24621,0.0014621664432801268,107.96783233824785,female,65-69,2022,0.02738316111645292,4.0038739295410635e-05,0.0002177753042804946,5.963376244297343e-06
2011,E07000068,73841,165308,36,24621,0.0014621664432801268,107.96783233824785,male,65-69,1785,0.024173562113189148,3.5345771336453e-05,0.0002177753042804946,5.264404844743203e-06
2011,E07000069,87964,165308,11,33361,0.00032972632714846676,29.00404664128773,female,65-69,3100,0.03524168978218362,1.1620112934385055e-05,6.654245408570669e-05,2.345068524233672e-06
2011,E07000069,87964,165308,11,33361,0.00032972632714846676,29.00404664128773,male,65-69,2859,0.032501932608794505,1.0716742864324796e-05,6.654245408570669e-05,2.1627583583174415e-06
2011,E07000071,173614,165308,8,59731,0.00013393380321775962,23.25278331184812,female,65-69,4253,0.02449687237204373,3.280959283727877e-06,4.839451206233213e-05,1.185514185498281e-06
2011,E07000071,173614,165308,8,59731,0.00013393380321775962,23.25278331184812,male,65-69,4132,0.02379992396926515,3.187614333497199e-06,4.839451206233213e-05,1.1517857076131899e-06
2011,E07000072,124880,165308,22,48938,0.00044954840818995463,56.13960521476153,female,65-69,3399,0.027218129404228058,1.2235866747578922e-05,0.00013308490817141337,3.622322252359337e-06
2011,E07000072,124880,165308,22,48938,0.00044954840818995463,56.13960521476153,male,65-69,3203,0.02564862267777066,1.1530297497056571e-05,0.00013308490817141337,3.4134445937943387e-06
2011,E07000073,82177,165308,9,34960,0.0002574370709382151,21.155406178489702,female,65-69,1723,0.020966937220876888,5.397666904687986e-06,5.444382607012365e-05,1.141520283276623e-06
2011,E07000073,82177,165308,9,34960,0.0002574370709382151,21.155406178489702,male,65-69,1488,0.018107256288255838,4.66147902157616e-06,5.444382607012365e-05,9.858283119649535e-07
2011,E07000074,61720,165308,8,20947,0.0003819162648589297,23.57187186709314,female,65-69,2114,0.034251458198314974,1.3081188981072221e-05,4.839451206233213e-05,1.6575826069308187e-06
2011,E07000074,61720,165308,8,20947,0.0003819162648589297,23.57187186709314,male,65-69,2038,0.0330200907323396,1.2610909717798101e-05,4.839451206233213e-05,1.5979911792455102e-06
2011,E07000075,83333,165308,13,29337,0.00044312642737839587,36.92705457272386,female,65-69,2618,0.03141612566450266,1.3921315527781795e-05,7.864108210128971e-05,2.4705981176865883e-06
2011,E07000075,83333,165308,13,29337,0.00044312642737839587,36.92705457272386,male,65-69,2381,0.028572114288457153,1.2661058927291235e-05,7.864108210128971e-05,2.246941985565992e-06
2011,E07000085,116010,165308,9,39594,0.0002273071677526898,26.369904530989544,female,65-69,3498,0.030152573054047064,6.853895981371511e-06,5.444382607012365e-05,1.6416214429212353e-06
2011,E07000085,116010,165308,9,39594,0.0002273071677526898,26.369904530989544,male,65-69,3301,0.02845444358244979,6.467898980705362e-06,5.444382607012365e-05,1.5491687773250424e-06
2011,E07000095,93702,165308,9,36221,0.00024847464178239144,23.282570884293644,female,65-69,2258,0.024097671341059956,5.987660254259673e-06,5.444382607012365e-05,1.3119694271876714e-06
2011,E07000095,93702,165308,9,36221,0.00024847464178239144,23.282570884293644,male,65-69,2151,0.022955753345713006,5.703922589420973e-06,5.444382607012365e-05,1.2497990424626579e-06
2011,E07000103,90653,165308,10,32552,0.0003072007864340133,27.848672892602604,female,65-69,1635,0.018035806867947007,5.540614053805299e-06,6.049314007791517e-05,1.0910425912809427e-06
2011,E07000103,90653,165308,10,32552,0.0003072007864340133,27.848672892602604,male,65-69,1542,0.017009916936008736,5.225459859919125e-06,6.049314007791517e-05,1.028983287923678e-06
2011,E07000105,118405,165308,683,38958,0.0175317008059962,2075.8410339339803,female,65-69,3310,0.0279549005531861,0.0004900969525598363,0.004131681467321606,0.0001155007445364175
2011,E07000105,118405,165308,683,38958,0.0175317008059962,2075.8410339339803,male,65-69,3043,0.025699928212491025,0.0004505634521569734,0.004131681467321606,0.00010618391710704486
2011,E07000106,150600,165308,838,52154,0.01606779921003183,2419.8105610307935,female,65-69,4317,0.028665338645418325,0.00046058890564214743,0.005069325138529291,0.0001453139217996743
2011,E07000106,150600,165308,838,52154,0.01606779921003183,2419.8105610307935,male,65-69,3791,0.025172642762284196,0.00040446896949024346,0.005069325138529291,0.00012760831075806468
2011,E07000107,97604,165308,1205,33838,0.03561085170518352,3475.761569832732,female,65-69,2047,0.020972501127002992,0.0007468486275204978,0.007289423379388777,0.00015287744003943308
2011,E07000107,97604,165308,1205,33838,0.03561085170518352,3475.761569832732,male,65-69,1948,0.019958198434490388,0.0007107284447532632,0.007289423379388777,0.00014548375827885474
2011,E07000108,111718,165308,643,40077,0.016044115078473937,1792.4164483369514,female,65-69,3470,0.03106034837716393,0.0004983358037407093,0.003889708907009945,0.00012081571373748643
2011,E07000108,111718,165308,643,40077,0.016044115078473937,1792.4164483369514,male,65-69,3447,0.030854472869188493,0.0004950327133989121,0.003889708907009945,0.00012001491794037918
2011,E07000109,101766,165308,1146,35711,0.032090952367617824,3265.7678586429956,female,65-69,2447,0.0240453589607531,0.0007716384690718002,0.006932513852929078,0.0001666947840940732
2011,E07000109,101766,165308,1146,35711,0.032090952367617824,3265.7678586429956,male,65-69,2318,0.022777745022895663,0.0007309595305714886,0.006932513852929078,0.00015790703290971054
2011,E07000110,155764,165308,1006,47534,0.02116379854419994,3296.5579164387595,female,65-69,4101,0.02632829151793739,0.000557206657698595,0.006085609891838265,0.0001602237112967613
2011,E07000110,155764,165308,1006,47534,0.02116379854419994,3296.5579164387595,male,65-69,4123,0.026469530828689556,0.0005601958180178754,0.006085609891838265,0.00016108323864339106
2011,E07000111,115351,165308,1493,33141,0.045049938143085604,5196.555414743068,female,65-69,3387,0.029362554290816724,0.0013227812545242863,0.009031625813632734,0.00026519160328713294
2011,E07000111,115351,165308,1493,33141,0.045049938143085604,5196.555414743068,male,65-69,3114,0.026995864795277023,0.0012161620391463322,0.009031625813632734,0.0002438165493463631
2011,E07000112,108199,165308,674,39104,0.017236088379705403,1864.927526595745,female,65-69,3396,0.031386611706208004,0.0005409824133076974,0.004077237641251482,0.00012797067467989567
2011,E07000112,108199,165308,674,39104,0.017236088379705403,1864.927526595745,male,65-69,3237,0.029917097200528656,0.000515653731412549,0.004077237641251482,0.00012197911482297477
2011,E07000113,136324,165308,898,51193,0.017541460746586447,2391.322094817651,female,65-69,3733,0.027383292743757517,0.000480342954776908,0.005432283978996782,0.0001487538224640928
2011,E07000113,136324,165308,898,51193,0.017541460746586447,2391.322094817651,male,65-69,3616,0.026525043279246503,0.00046528800548440916,0.005432283978996782,0.00014409156764804703
2011,E07000114,134402,165308,826,52563,0.015714475962178717,2112.056998268744,female,65-69,4226,0.031442984479397626,0.0004941100237806524,0.004996733370435793,0.00015711220981430083
2011,E07000114,134402,165308,826,52563,0.015714475962178717,2112.056998268744,male,65-69,3849,0.028637966696924155,0.00045003063926448924,0.004996733370435793,0.0001430962838559498
2011,E07000115,121087,165308,974,37881,0.025712098413452653,3113.4008605897416,female,65-69,3313,0.02736049286876378,0.0007034956852822238,0.005892031843588937,0.00016120889523904422
2011,E07000115,121087,165308,974,37881,0.025712098413452653,3113.4008605897416,male,65-69,2973,0.024552594415585487,0.0006312987239191221,0.005892031843588937,0.0001446646681393536
2011,E07000116,115246,165308,906,38118,0.023768298441681095,2739.2013222099795,female,65-69,2838,0.024625583534352603,0.0005853082187450406,0.005480678491059114,0.00013496490600650577
2011,E07000116,115246,165308,906,38118,0.023768298441681095,2739.2013222099795,male,65-69,2764,0.023983478819221492,0.0005700464822449938,0.005480678491059114,0.00013144573650527905
2011,E07000130,165876,165308,8,46529,0.00017193578198542844,28.520019772614926,female,65-69,4214,0.02540451903831778,4.367945846816872e-06,4.839451206233213e-05,1.229439303037616e-06
2011,E07000130,165876,165308,8,46529,0.00017193578198542844,28.520019772614926,male,65-69,3973,0.023951626516192818,4.118141634884535e-06,4.839451206233213e-05,1.1591272783503675e-06
2011,E07000178,150245,165308,18,41750,0.0004311377245508982,64.77628742514969,female,65-69,2467,0.016419847582282272,7.079215724097746e-06,0.0001088876521402473,1.7879186517354326e-06
2011,E07000178,150245,165308,18,41750,0.0004311377245508982,64.77628742514969,male,65-69,2189,0.01456953642384106,6.281476781536265e-06,0.0001088876521402473,1.586442613963868e-06
2011,E07000200,87901,165308,10,31239,0.0003201126796632415,28.13822465507859,female,65-69,3039,0.03457298551779843,1.1067251038060896e-05,6.049314007791517e-05,2.0914284558399128e-06
2011,E07000200,87901,165308,10,31239,0.0003201126796632415,28.13822465507859,male,65-69,2827,0.03216118132899512,1.0295201936360038e-05,6.049314007791517e-05,1.945530847206132e-06
2011,E07000207,131428,165308,94,42682,0.0022023335363853614,289.44829202005525,female,65-69,3114,0.02369358127644033,5.2181168642176816e-05,0.0005686355167324026,1.3473011832369826e-05
2011,E07000207,131428,165308,94,42682,0.0022023335363853614,289.44829202005525,male,65-69,2869,0.02182944273670755,4.807571381965488e-05,0.0005686355167324026,1.241299645056809e-05
2011,E07000208,75191,165308,63,24986,0.0025214119907148004,189.58748899383656,female,65-69,1913,0.025441874692449896,6.414944791580659e-05,0.00038110678249086554,9.69607100457536e-06
2011,E07000208,75191,165308,63,24986,0.0025214119907148004,189.58748899383656,male,65-69,1713,0.02278198188612999,5.744276229993554e-05,0.00038110678249086554,8.68236781538818e-06
2011,E07000209,137580,165308,31,46466,0.0006671544785434512,91.78711315800801,female,65-69,3084,0.022416048844308766,1.4954967377729347e-05,0.00018752873424153702,4.203653266469691e-06
2011,E07000209,137580,165308,31,46466,0.0006671544785434512,91.78711315800801,male,65-69,3007,0.02185637447303387,1.458157811440731e-05,0.00018752873424153702,4.098698240037082e-06
2011,E07000210,85637,165308,54,29167,0.0018514074124867145,158.54897658312478,female,65-69,2644,0.03087450517883625,5.7161287744956894e-05,0.0003266629564207419,1.0085557139746157e-05
2011,E07000210,85637,165308,54,29167,0.0018514074124867145,158.54897658312478,male,65-69,2463,0.028760932774384903,5.32482041285283e-05,0.0003266629564207419,9.395131329498783e-06
2011,E07000211,138375,165308,168,49074,0.0034234013938134245,473.7131678689326,female,65-69,3326,0.02403613369467028,8.228533359222005e-05,0.0010162847533089748,2.4427556202389523e-05
2011,E07000211,138375,165308,168,49074,0.0034234013938134245,473.7131678689326,male,65-69,3119,0.022540198735320687,7.716414776732842e-05,0.0010162847533089748,2.290726031126065e-05
2011,E07000212,80501,165308,9,27370,0.0003288271830471319,26.470917062477163,female,65-69,1876,0.02330405833467907,7.663007855758554e-06,5.444382607012365e-05,1.2687620987012827e-06
2011,E07000212,80501,165308,9,27370,0.0003288271830471319,26.470917062477163,male,65-69,1879,0.023341324952485063,7.675262132713393e-06,5.444382607012365e-05,1.270791035959334e-06
2011,E07000213,95852,165308,38,34747,0.0010936195930583935,104.82562523383314,female,65-69,2420,0.02524725618662104,2.761089403665351e-05,0.00022987393229607762,5.803686059305052e-06
2011,E07000213,95852,165308,38,34747,0.0010936195930583935,104.82562523383314,male,65-69,2231,0.023275466343946918,2.5454506031311564e-05,0.00022987393229607762,5.350422974508087e-06
2011,E07000214,86378,165308,31,33770,0.0009179745336097127,79.29280426413976,female,65-69,2195,0.025411563129500568,2.3327167812097055e-05,0.00018752873424153702,4.765398268774153e-06
2011,E07000214,86378,165308,31,33770,0.0009179745336097127,79.29280426413976,male,65-69,2151,0.024902174164717867,2.285956171472472e-05,0.00018752873424153702,4.669873200971846e-06
2011,E07000215,83178,165308,347,29248,0.0118640590809628,986.8287062363238,female,65-69,2434,0.02926254538459689,0.00034717256730221283,0.0020991119607036562,6.14253590174409e-05
2011,E07000215,83178,165308,347,29248,0.0118640590809628,986.8287062363238,male,65-69,2168,0.026064584385294187,0.00030923176906787073,0.0020991119607036562,5.4712480833940786e-05
2011,E07000216,121754,165308,16,43976,0.00036383481899217757,44.298344551573585,female,65-69,3572,0.029337845163197925,1.0674129584572649e-05,9.678902412466426e-05,2.8395814032664286e-06
2011,E07000216,121754,165308,16,43976,0.00036383481899217757,44.298344551573585,male,65-69,3296,0.02707097918754209,9.849364812640383e-06,9.678902412466426e-05,2.6201736576612955e-06
2011,E07000217,99493,165308,25,33858,0.0007383779313603875,73.46343552483903,female,65-69,2122,0.02132813363754234,1.574822319506641e-05,0.00015123285019478792,3.225514439340858e-06
2011,E07000217,99493,165308,25,33858,0.0007383779313603875,73.46343552483903,male,65-69,2041,0.0205140060104731,1.5147089321927683e-05,0.00015123285019478792,3.1023915978768575e-06
2011,E07000223,61334,165308,37,24872,0.0014876165969765198,91.24147635895787,female,65-69,1921,0.031320311735742005,4.659261556056828e-05,0.00022382461828828612,7.010256818922583e-06
2011,E07000223,61334,165308,37,24872,0.0014876165969765198,91.24147635895787,male,65-69,1837,0.02995076140476734,4.455524975781568e-05,0.00022382461828828612,6.703717738865582e-06
2011,E07000224,149811,165308,31,61570,0.0005034919603703102,75.42863407503654,female,65-69,5463,0.03646594709333761,1.8360311188784567e-05,0.00018752873424153702,6.838412901332458e-06
2011,E07000224,149811,165308,31,61570,0.0005034919603703102,75.42863407503654,male,65-69,5029,0.033568963560753215,1.6901703270803144e-05,0.00018752873424153702,6.29514524634833e-06
2011,E07000225,113995,165308,8,44206,0.0001809709089263901,20.62977876306384,female,65-69,3974,0.03486117812184745,6.308859090955518e-06,4.839451206233213e-05,1.6870897051248553e-06
2011,E07000225,113995,165308,8,44206,0.0001809709089263901,20.62977876306384,male,65-69,3668,0.03217684986183605,5.823073765884459e-06,4.839451206233213e-05,1.5571829487664745e-06
2011,E07000226,107053,165308,93,37608,0.0024728781110402043,264.729020421187,female,65-69,1773,0.016561889905000328,4.095553502353304e-05,0.000562586202724611,9.317490751597202e-06
2011,E07000226,107053,165308,93,37608,0.0024728781110402043,264.729020421187,male,65-69,1748,0.016328360718522603,4.037804581000325e-05,0.000562586202724611,9.186110453351331e-06
2011,E07000227,131540,165308,61,45394,0.0013437899281843416,176.7621271533683,female,65-69,3851,0.029276265774669304,3.9341151082848565e-05,0.0003690081544752825,1.0803180803438596e-05
2011,E07000227,131540,165308,61,45394,0.0013437899281843416,176.7621271533683,male,65-69,3620,0.02752014596320511,3.698129496751799e-05,0.0003690081544752825,1.0155158272772713e-05
2011,E07000228,140188,165308,399,44892,0.008887997861534349,1245.9906442127774,female,65-69,3947,0.028155048934288242,0.00025024201471934886,0.002413676289108815,6.795717403138994e-05
2011,E07000228,140188,165308,399,44892,0.008887997861534349,1245.9906442127774,male,65-69,3642,0.025979399092647015,0.00023090484357939407,0.002413676289108815,6.270585959521717e-05
2011,E07000229,104998,165308,33,39714,0.0008309412297930201,87.24716724580752,female,65-69,2920,0.027810053524829046,2.310852007653116e-05,0.00019962736225712004,5.551647629390947e-06
2011,E07000229,104998,165308,33,39714,0.0008309412297930201,87.24716724580752,male,65-69,2592,0.02468618449875236,2.0512768506290675e-05,0.00019962736225712004,4.928037895678539e-06
2011,E07000241,110727,165308,12,36606,0.00032781511227667593,36.2979839370595,female,65-69,2313,0.020889214012842397,6.847800036991442e-06,7.25917680934982e-05,1.5163849792757082e-06
2011,E07000241,110727,165308,12,36606,0.00032781511227667593,36.2979839370595,male,65-69,2076,0.018748814652252838,6.146144780282851e-06,7.25917680934982e-05,1.3610096052643192e-06
2011,E07000242,138155,165308,8,44545,0.00017959366932315636,24.81176338534067,female,65-69,3313,0.023980311968441245,4.3067122179263656e-06,4.839451206233213e-05,1.1605154968152174e-06
2011,E07000242,138155,165308,8,44545,0.00017959366932315636,24.81176338534067,male,65-69,3063,0.022170750244290834,3.981726388019456e-06,4.839451206233213e-05,1.0729426401282857e-06
2011,E08000035,750683,165308,8,281107,2.845891422127517e-05,21.36362310436951,female,65-69,15907,0.02119003627363348,6.030454246570445e-07,4.839451206233213e-05,1.0254814660456109e-06
2011,E08000035,750683,165308,8,281107,2.845891422127517e-05,21.36362310436951,male,65-69,14871,0.019809959730005874,5.637699446831526e-07,4.839451206233213e-05,9.58693335108083e-07
2011,E09000001,7412,165308,20,2137,0.009358914365933552,69.36827328029949,female,65-69,137,0.018483540205072854,0.00017298586995856673,0.00012098628015583033,2.236254773522498e-06
2011,E09000001,7412,165308,20,2137,0.009358914365933552,69.36827328029949,male,65-69,191,0.02576902320561252,0.00024117008147508208,0.00012098628015583033,3.1176982608963293e-06
2011,E09000002,187029,165308,213,69590,0.0030607845954878574,572.4554821094985,female,65-69,2671,0.014281207727143919,4.371170061620426e-05,0.001288503883659593,1.8401391619774328e-05
2011,E09000002,187029,165308,213,69590,0.0030607845954878574,572.4554821094985,male,65-69,2372,0.01268252516989344,3.881847767189686e-05,0.001288503883659593,1.6341482936018238e-05
2011,E09000003,357538,165308,214,138470,0.001545461110709901,552.5610746009966,female,65-69,7281,0.020364268972808484,3.147218574551178e-05,0.0012945531976673846,2.6362629516907928e-05
2011,E09000003,357538,165308,214,138470,0.001545461110709901,552.5610746009966,male,65-69,6287,0.017584144902080337,2.7175612111252923e-05,0.0012945531976673846,2.276361101123474e-05
2011,E09000004,232774,165308,4151,34157,0.12152706619433791,28288.341306320814,female,65-69,5365,0.02304810674731714,0.0028009687943353766,0.025110702446342583,0.0005787541504834215
2011,E09000004,232774,165308,4151,34157,0.12152706619433791,28288.341306320814,male,65-69,4805,0.020642339780216002,0.0025086029928763245,0.025110702446342583,0.0005183436520173048
2011,E09000005,312245,165308,417,114282,0.0036488685882291173,1139.3409723316008,female,65-69,5131,0.016432609008951306,5.9960430835413225e-05,0.0025225639412490624,4.1452306946625054e-05
2011,E09000005,312245,165308,417,114282,0.0036488685882291173,1139.3409723316008,male,65-69,4522,0.014482217489471408,5.2843708485234566e-05,0.0025225639412490624,3.65323196282671e-05
2011,E09000006,310554,165308,10197,36965,0.2758555390234005,85668.04106587311,female,65-69,7646,0.02462051688273215,0.006791705955720809,0.061684854937450094,0.0015187130123963737
2011,E09000006,310554,165308,10197,36965,0.2758555390234005,85668.04106587311,male,65-69,6847,0.02204769540884999,0.0060819789012320664,0.061684854937450094,0.0013600088929999962
2011,E09000007,220087,165308,382,72962,0.005235602094240838,1152.2879581151833,female,65-69,3968,0.01802923389386924,9.43938947322997e-05,0.0023108379509763593,4.1662637908982326e-05
2011,E09000007,220087,165308,382,72962,0.005235602094240838,1152.2879581151833,male,65-69,3470,0.015766492341664887,8.254708032285281e-05,0.0023108379509763593,3.643380885689735e-05
2011,E09000008,364815,165308,8115,136880,0.05928550555230859,21628.24170806546,female,65-69,6832,0.018727300138426325,0.0011102574563364232,0.04909018317322816,0.0009193265941353693
2011,E09000008,364815,165308,8115,136880,0.05928550555230859,21628.24170806546,male,65-69,6001,0.016449433274399353,0.0009752129677217325,0.04909018317322816,0.0008075056925360585
2011,E09000009,339314,165308,312,135612,0.0023006813556322447,780.6533935049995,female,65-69,5591,0.016477363150356306,3.790916219000654e-05,0.0018873859704309531,3.109914403967846e-05
2011,E09000009,339314,165308,312,135612,0.0023006813556322447,780.6533935049995,male,65-69,4969,0.014644252815975763,3.3691759420880435e-05,0.0018873859704309531,2.7639357312316634e-05
2011,E09000010,313935,165308,223,122444,0.0018212407304563718,571.7512087158211,female,65-69,6024,0.019188685555927183,3.4947215698374454e-05,0.0013489970237375083,2.5885479704380684e-05
2011,E09000010,313935,165308,223,122444,0.0018212407304563718,571.7512087158211,male,65-69,5286,0.01683788045296001,3.066583369548595e-05,0.0013489970237375083,2.271425061709102e-05
2011,E09000011,255483,165308,5537,32537,0.1701754925162123,43476.94535451947,female,65-69,3989,0.015613563329066904,0.002657045829457032,0.033495051661141625,0.0005229771103216024
2011,E09000011,255483,165308,5537,32537,0.1701754925162123,43476.94535451947,male,65-69,3635,0.014227952544787715,0.0024212488318065455,0.033495051661141625,0.00047656600551993595
2011,E09000012,247182,165308,409,88435,0.004624865720585741,1143.1835585458246,female,65-69,2770,0.01120631761212386,5.18277141783079e-05,0.00247416942918673,2.772632844967369e-05
2011,E09000012,247182,165308,409,88435,0.004624865720585741,1143.1835585458246,male,65-69,2585,0.010457881237306923,4.836629644437758e-05,0.00247416942918673,2.5874570051410284e-05
2011,E09000013,182445,165308,389,63620,0.006114429424709211,1115.5470763910719,female,65-69,2686,0.014722245060155115,9.001812839359226e-05,0.0023531831490309,3.4644138991460427e-05
2011,E09000013,182445,165308,389,63620,0.006114429424709211,1115.5470763910719,male,65-69,2376,0.013023102852914577,7.962884328487536e-05,0.0023531831490309,3.0645746181574824e-05
2011,E09000014,255540,165308,300,94034,0.003190335410596167,815.2583108237445,female,65-69,3636,0.014228692181263207,4.5394300512356826e-05,0.001814794202337455,2.5822148077400745e-05
2011,E09000014,255540,165308,300,94034,0.003190335410596167,815.2583108237445,male,65-69,3159,0.012362056820849964,3.943910762335952e-05,0.001814794202337455,2.2434589047444704e-05
2011,E09000015,240499,165308,72,85681,0.0008403263267235443,202.09764125068568,female,65-69,5070,0.021081168736668345,1.7715061087523734e-05,0.0004355506085609892,9.181915872432798e-06
2011,E09000015,240499,165308,72,85681,0.0008403263267235443,202.09764125068568,male,65-69,4491,0.018673674318812138,1.569198014675919e-05,0.0004355506085609892,8.133330213628343e-06
2011,E09000016,237927,165308,101,84891,0.0011897609876194179,283.07626250132523,female,65-69,6023,0.0253144872166673,3.0118189311981214e-05,0.0006109807147869432,1.546666349410432e-05
2011,E09000016,237927,165308,101,84891,0.0011897609876194179,283.07626250132523,male,65-69,5310,0.022317769736095526,2.655281176267977e-05,0.0006109807147869432,1.3635726905810053e-05
2011,E09000017,275499,165308,102,107741,0.0009467148068052088,260.8189825600282,female,65-69,5105,0.018530012813113658,1.754263750046494e-05,0.0006170300287947347,1.1433574339642323e-05
2011,E09000017,275499,165308,102,107741,0.0009467148068052088,260.8189825600282,male,65-69,4783,0.01736122454164988,1.6436128337849916e-05,0.0006170300287947347,1.071239687884608e-05
2011,E09000018,254927,165308,214,93861,0.002279967185519012,581.2251947028052,female,65-69,4191,0.01644000047072299,3.7482661603165534e-05,0.0012945531976673846,2.1282455179027757e-05
2011,E09000018,254927,165308,214,93861,0.002279967185519012,581.2251947028052,male,65-69,3842,0.01507098110439459,3.436134237159674e-05,0.0012945531976673846,1.9510186780678748e-05
2011,E09000019,206285,165308,347,78519,0.004419312523083585,911.6378838242973,female,65-69,2873,0.013927333543398696,6.154923954150393e-05,0.0020991119607036562,2.9235032421657438e-05
2011,E09000019,206285,165308,347,78519,0.004419312523083585,911.6378838242973,male,65-69,2617,0.012686332016385098,5.606486595200689e-05,0.0020991119607036562,2.663003127305169e-05
2011,E09000020,158251,165308,366,50701,0.007218792528746967,1142.3811364667363,female,65-69,3493,0.022072530347359575,0.00015933701716206,0.002214048926851695,4.8869662128472936e-05
2011,E09000020,158251,165308,366,50701,0.007218792528746967,1142.3811364667363,male,65-69,2946,0.01861599610744956,0.0001343850136156395,0.002214048926851695,4.1216726203974023e-05
2011,E09000021,160436,165308,240,51416,0.004667807686323323,748.8843939629687,female,65-69,2962,0.01846219053080356,8.617795486605054e-05,0.001451835361869964,2.680406107020141e-05
2011,E09000021,160436,165308,240,51416,0.004667807686323323,748.8843939629687,male,65-69,2874,0.01791368520780872,8.361763750338596e-05,0.001451835361869964,2.6007721646103596e-05
2011,E09000022,304481,165308,39410,108324,0.36381595952882095,110775.04717329494,female,65-69,3526,0.011580361336175328,0.0042131202712110865,0.23840346504706367,0.0027607982690412425
2011,E09000022,304481,165308,39410,108324,0.36381595952882095,110775.04717329494,male,65-69,3126,0.01026665046423258,0.003735171289791791,0.23840346504706367,0.002447605045100092
2011,E09000023,276938,165308,22020,112394,0.19591793156218304,54257.12013096784,female,65-69,3859,0.013934526861608013,0.00273002368002392,0.1332058944515692,0.0018561611143599127
2011,E09000023,276938,165308,22020,112394,0.19591793156218304,54257.12013096784,male,65-69,3505,0.012656262412525546,0.00247958875317021,0.1332058944515692,0.0016858887550742403
2011,E09000024,200543,165308,921,75416,0.01221226264983558,2449.0837885859764,female,65-69,3413,0.017018793974359615,0.00020783798199831873,0.005571418201175986,9.481881851081136e-05
2011,E09000024,200543,165308,921,75416,0.01221226264983558,2449.0837885859764,male,65-69,3025,0.01508404681290297,0.00018421034150158634,0.005571418201175986,8.403953296079823e-05
2011,E09000025,310460,165308,426,112342,0.0037919923091986967,1177.2619323138274,female,65-69,3329,0.010722798428138891,4.066076917259055e-05,0.002577007767319186,2.763273483671188e-05
2011,E09000025,310460,165308,426,112342,0.0037919923091986967,1177.2619323138274,male,65-69,2769,0.008919023384655028,3.38208680801752e-05,0.002577007767319186,2.2984392539157465e-05
2011,E09000026,281395,165308,222,102662,0.002162435954881066,608.4986655237576,female,65-69,4926,0.01750564153591926,3.7854828670531216e-05,0.0013429477097297166,2.3509161208012168e-05
2011,E09000026,281395,165308,222,102662,0.002162435954881066,608.4986655237576,male,65-69,4450,0.015814069190994866,3.419691181158423e-05,0.0013429477097297166,2.1237468001553828e-05
2011,E09000027,187527,165308,203,62176,0.0032649253731343282,612.2616604477612,female,65-69,3910,0.020850330885685796,6.807477434692191e-05,0.0012280107435816779,2.560443033485504e-05
2011,E09000027,187527,165308,203,62176,0.0032649253731343282,612.2616604477612,male,65-69,3693,0.019693164184357452,6.429671142280884e-05,0.0012280107435816779,2.418341719350886e-05
2011,E09000028,288717,165308,48341,102300,0.47254154447702834,136430.7770967742,female,65-69,3467,0.012008298783930284,0.0056744200539000375,0.2924298884506497,0.0035115854738668054
2011,E09000028,288717,165308,48341,102300,0.47254154447702834,136430.7770967742,male,65-69,3150,0.010910337804840034,0.0051555878770652205,0.2924298884506497,0.003190508867228278
2011,E09000029,191123,165308,522,74422,0.007014054983741367,1340.5472306576012,female,65-69,4139,0.021656210921762425,0.00015189785414474195,0.0031577419120671717,6.838472488421605e-05
2011,E09000029,191123,165308,522,74422,0.007014054983741367,1340.5472306576012,male,65-69,3689,0.01930170623106586,0.0001353832287847193,0.0031577419120671717,6.0949806740244746e-05
2011,E09000030,256012,165308,312,76079,0.004101000276028864,1049.9052826667016,female,65-69,2192,0.008562098651625705,3.5113168933703385e-05,0.0018873859704309531,1.6159984872524137e-05
2011,E09000030,256012,165308,312,76079,0.004101000276028864,1049.9052826667016,male,65-69,1981,0.007737918535068669,3.173320604820548e-05,0.0018873859704309531,1.4604438883426239e-05
2011,E09000031,259742,165308,333,98132,0.0033933884971263195,881.4055150205845,female,65-69,3927,0.015118848703713685,5.1304127280975184e-05,0.002014421564594575,3.045573486060358e-05
2011,E09000031,259742,165308,333,98132,0.0033933884971263195,881.4055150205845,male,65-69,3456,0.013305510853077284,4.515076747722186e-05,0.002014421564594575,2.680290799038604e-05
2011,E09000032,307710,165308,2574,105396,0.024422179209837185,7514.948764659,female,65-69,4212,0.013688212927756654,0.00033429598918408314,0.015570934256055362,0.00021313826358098595
2011,E09000032,307710,165308,2574,105396,0.024422179209837185,7514.948764659,male,65-69,3654,0.011874817198011114,0.0002900089136938841,0.015570934256055362,0.0001849019978929066
2011,E09000033,219582,165308,836,72308,0.011561652929136471,2538.7308734856447,female,65-69,3693,0.016818318441402302,0.00019444756067118886,0.005057226510513707,8.505404588412131e-05
2011,E09000033,219582,165308,836,72308,0.011561652929136471,2538.7308734856447,male,65-69,3568,0.016249055022724997,0.00018786593459918817,0.005057226510513707,8.217515183172077e-05
2011,E06000033,174274,165308,107,64508,0.001658708997333664,289.069851801327,female,70-74,3521,0.020203816977862447,3.351225300166308e-05,0.0006472765988336923,1.3077457936889211e-05
2011,E06000033,174274,165308,107,64508,0.001658708997333664,289.069851801327,male,70-74,3117,0.017885628378300836,2.966705271405391e-05,0.0006472765988336923,1.1576948704709932e-05
2011,E06000034,158268,165308,159,53689,0.0029615004935834156,468.71076011846003,female,70-74,2514,0.015884449162180604,4.704180403409853e-05,0.0009618409272388511,1.5278313310830183e-05
2011,E06000034,158268,165308,159,53689,0.0029615004935834156,468.71076011846003,male,70-74,2184,0.013799378269770263,4.0866865557068895e-05,0.0009618409272388511,1.3272806790315481e-05
2011,E06000035,264885,165308,1714,99212,0.017276135951296213,4576.189271459098,female,70-74,4710,0.01778130131944051,0.00030719217898561704,0.010368524209354659,0.00018436585320444888
2011,E06000035,264885,165308,1714,99212,0.017276135951296213,4576.189271459098,male,70-74,4336,0.016369367838873473,0.000282799424221154,0.010368524209354659,0.00016972618672919117
2011,E06000038,155339,165308,10,47360,0.00021114864864864866,32.799619932432435,female,70-74,2152,0.013853571865404053,2.9251629783370045e-06,6.049314007791517e-05,8.380460634333519e-07
2011,E06000038,155339,165308,10,47360,0.00021114864864864866,32.799619932432435,male,70-74,1972,0.012694815854357245,2.6804932124909724e-06,6.049314007791517e-05,7.679492737409711e-07
2011,E06000039,140713,165308,8,54239,0.0001474953446781836,20.754512435701248,female,70-74,1601,0.011377768933929345,1.6781679505786384e-06,4.839451206233213e-05,5.506215759154715e-07
2011,E06000039,140713,165308,8,54239,0.0001474953446781836,20.754512435701248,male,70-74,1490,0.01058892923894736,1.5618177678714372e-06,4.839451206233213e-05,5.124460637814194e-07
2011,E06000042,249895,165308,14,88445,0.00015829046299960426,39.555995251286106,female,70-74,3566,0.014269993397226835,2.2588038618483312e-06,8.469039610908124e-05,1.2085313932851145e-06
2011,E06000042,249895,165308,14,88445,0.00015829046299960426,39.555995251286106,male,70-74,3084,0.012341183296984734,1.9534916180426963e-06,8.469039610908124e-05,1.0451797018764143e-06
2011,E06000043,272952,165308,253,87037,0.002906809747578616,793.4195342210784,female,70-74,4082,0.014955010404759812,4.3471370019695444e-05,0.0015304764439712537,2.2888291143829895e-05
2011,E06000043,272952,165308,253,87037,0.002906809747578616,793.4195342210784,male,70-74,3780,0.013848588762859404,4.02552128060874e-05,0.0015304764439712537,2.1194938883801323e-05
2011,E06000044,205433,165308,17,68264,0.0002490331653580218,51.15963025899449,female,70-74,3287,0.01600035047923167,3.9846179266808035e-06,0.00010283833813245579,1.6454494528210275e-06
2011,E06000044,205433,165308,17,68264,0.0002490331653580218,51.15963025899449,male,70-74,2861,0.013926681691841136,3.468205624652808e-06,0.00010283833813245579,1.4321968008886401e-06
2011,E06000047,512994,165308,10,231893,4.3123337056314764e-05,22.122013169867135,female,70-74,12042,0.023473958759751577,1.0122754356427997e-06,6.049314007791517e-05,1.420013475436856e-06
2011,E06000047,512994,165308,10,231893,4.3123337056314764e-05,22.122013169867135,male,70-74,10878,0.021204926373407876,9.144271872548061e-07,6.049314007791517e-05,1.2827525814484403e-06
2011,E06000060,506550,165308,25,163754,0.00015266802642988872,77.33398878806014,female,70-74,10480,0.020688974434902772,3.1585448958350286e-06,0.00015123285019478792,3.128852571397448e-06
2011,E06000060,506550,165308,25,163754,0.00015266802642988872,77.33398878806014,male,70-74,9312,0.018383180337577732,2.806523861642728e-06,0.00015123285019478792,2.780140758096664e-06
2011,E07000008,122725,165308,24,34511,0.000695430442467619,85.34670105183854,female,70-74,1611,0.013126909757588104,9.128852660952001e-06,0.0001451835361869964,1.9058111778142287e-06
2011,E07000008,122725,165308,24,34511,0.000695430442467619,85.34670105183854,male,70-74,1391,0.011334283968221634,7.88220611507401e-06,0.0001451835361869964,1.6455514266539987e-06
2011,E07000061,99308,165308,203,40047,0.0050690438734486976,503.3966089844433,female,70-74,2550,0.02567768961211584,0.00013016133521261307,0.0012280107435816779,3.15324787140339e-05
2011,E07000061,99308,165308,203,40047,0.0050690438734486976,503.3966089844433,male,70-74,2132,0.02146856245216901,0.00010882508496991807,0.0012280107435816779,2.6363625340517756e-05
2011,E07000062,90173,165308,190,36006,0.005276898294728657,475.8337499305672,female,70-74,1785,0.0197952824016058,0.00010445769194870585,0.0011493696614803882,2.2752097032842344e-05
2011,E07000062,90173,165308,190,36006,0.005276898294728657,475.8337499305672,male,70-74,1621,0.017976556175351825,9.486045862680794e-05,0.0011493696614803882,2.066170828584731e-05
2011,E07000063,97584,165308,120,35106,0.003418219107844813,333.56349341992825,female,70-74,2634,0.026992129857353664,9.226501403983478e-05,0.000725917680934982,1.9594064309546057e-05
2011,E07000063,97584,165308,120,35106,0.003418219107844813,333.56349341992825,male,70-74,2214,0.022688145597638956,7.755305280341466e-05,0.000725917680934982,1.646972603695329e-05
2011,E07000064,90729,165308,226,36720,0.0061546840958605666,558.4083333333333,female,70-74,2948,0.03249236737977934,0.00019998025674918657,0.0013671449657608828,4.442177648891845e-05
2011,E07000064,90729,165308,226,36720,0.0061546840958605666,558.4083333333333,male,70-74,2586,0.02850246337995569,0.00017542365805746149,0.0013671449657608828,3.896699932169034e-05
2011,E07000065,149415,165308,638,56293,0.011333558346508447,1693.4036203435596,female,70-74,4014,0.026864772613191448,0.00030447346787728746,0.0038594623369709873,0.00010368357809190204
2011,E07000065,149415,165308,638,56293,0.011333558346508447,1693.4036203435596,male,70-74,3553,0.02377940635143727,0.0002695052893293479,0.0038594623369709873,9.177572320890083e-05
2011,E07000066,174971,165308,111,62378,0.0017794735323351182,311.356263426208,female,70-74,3597,0.02055769241760063,3.658186954300667e-05,0.0006714738548648583,1.3803952974772364e-05
2011,E07000066,174971,165308,111,62378,0.0017794735323351182,311.356263426208,male,70-74,2926,0.016722771202084916,2.9757728741406036e-05,0.0006714738548648583,1.1228903643086999e-05
2011,E07000067,147514,165308,9,48494,0.00018558996989318267,27.377118818822947,female,70-74,2881,0.019530349661727023,3.6246370057232487e-06,5.444382607012365e-05,1.0633069600717643e-06
2011,E07000067,147514,165308,9,48494,0.00018558996989318267,27.377118818822947,male,70-74,2714,0.018398253725070163,3.4145313549229077e-06,5.444382607012365e-05,1.0016713258017245e-06
2011,E07000068,73841,165308,36,24621,0.0014621664432801268,107.96783233824785,female,70-74,1682,0.022778673094893082,3.3306211421800534e-05,0.0002177753042804946,4.9606324643462565e-06
2011,E07000068,73841,165308,36,24621,0.0014621664432801268,107.96783233824785,male,70-74,1432,0.019393020137863787,2.8355823279440167e-05,0.0002177753042804946,4.223320861441045e-06
2011,E07000069,87964,165308,11,33361,0.00032972632714846676,29.00404664128773,female,70-74,2531,0.02877313446409895,9.487259947396313e-06,6.654245408570669e-05,1.914634978979169e-06
2011,E07000069,87964,165308,11,33361,0.00032972632714846676,29.00404664128773,male,70-74,2112,0.024009822199990906,7.916670489490721e-06,6.654245408570669e-05,1.597672491348876e-06
2011,E07000071,173614,165308,8,59731,0.00013393380321775962,23.25278331184812,female,70-74,3277,0.01887520591657355,2.528028114925054e-06,4.839451206233213e-05,9.134563804086214e-07
2011,E07000071,173614,165308,8,59731,0.00013393380321775962,23.25278331184812,male,70-74,3006,0.01731427189051574,2.318966284243122e-06,4.839451206233213e-05,8.379157398560621e-07
2011,E07000072,124880,165308,22,48938,0.00044954840818995463,56.13960521476153,female,70-74,2658,0.021284433055733503,9.568382999430648e-06,0.00013308490817141337,2.8326368187028884e-06
2011,E07000072,124880,165308,22,48938,0.00044954840818995463,56.13960521476153,male,70-74,2330,0.018657911595131325,8.387634457740185e-06,0.00013308490817141337,2.4830864513084014e-06
2011,E07000073,82177,165308,9,34960,0.0002574370709382151,21.155406178489702,female,70-74,1561,0.018995582705623227,4.890167172500259e-06,5.444382607012365e-05,1.0341922009255998e-06
2011,E07000073,82177,165308,9,34960,0.0002574370709382151,21.155406178489702,male,70-74,1177,0.014322742373170109,3.6872048443515727e-06,5.444382607012365e-05,7.797848946120634e-07
2011,E07000074,61720,165308,8,20947,0.0003819162648589297,23.57187186709314,female,70-74,1520,0.02462734931950745,9.40558526548239e-06,4.839451206233213e-05,1.1918285537061704e-06
2011,E07000074,61720,165308,8,20947,0.0003819162648589297,23.57187186709314,male,70-74,1439,0.0233149708360337,8.904366576992868e-06,4.839451206233213e-05,1.1283166373573547e-06
2011,E07000075,83333,165308,13,29337,0.00044312642737839587,36.92705457272386,female,70-74,2042,0.024504098016392067,1.0858413410133853e-05,7.864108210128971e-05,1.927028783925139e-06
2011,E07000075,83333,165308,13,29337,0.00044312642737839587,36.92705457272386,male,70-74,1873,0.022476089904359616,9.959749420754509e-06,7.864108210128971e-05,1.7675440314847133e-06
2011,E07000085,116010,165308,9,39594,0.0002273071677526898,26.369904530989544,female,70-74,2773,0.023903111800706835,5.433348643894568e-06,5.444382607012365e-05,1.301376861412403e-06
2011,E07000085,116010,165308,9,39594,0.0002273071677526898,26.369904530989544,male,70-74,2365,0.020386173605723645,4.633923383631682e-06,5.444382607012365e-05,1.1099012900253635e-06
2011,E07000095,93702,165308,9,36221,0.00024847464178239144,23.282570884293644,female,70-74,2031,0.021675097649996797,5.3857121241813086e-06,5.444382607012365e-05,1.1800752465093714e-06
2011,E07000095,93702,165308,9,36221,0.00024847464178239144,23.282570884293644,male,70-74,1662,0.017737081385669463,4.407214943569343e-06,5.444382607012365e-05,9.65674573953016e-07
2011,E07000103,90653,165308,10,32552,0.0003072007864340133,27.848672892602604,female,70-74,1368,0.015090509966575844,4.635816529422414e-06,6.049314007791517e-05,9.128723332552474e-07
2011,E07000103,90653,165308,10,32552,0.0003072007864340133,27.848672892602604,male,70-74,1216,0.013413786636956306,4.120725803931036e-06,6.049314007791517e-05,8.114420740046644e-07
2011,E07000105,118405,165308,683,38958,0.0175317008059962,2075.8410339339803,female,70-74,2408,0.020336979012710612,0.00035654183134866644,0.004131681467321606,8.402591928812488e-05
2011,E07000105,118405,165308,683,38958,0.0175317008059962,2075.8410339339803,male,70-74,2192,0.01851273172585617,0.0003245596737193841,0.004131681467321606,7.648871058121667e-05
2011,E07000106,150600,165308,838,52154,0.01606779921003183,2419.8105610307935,female,70-74,3326,0.022084993359893758,0.0003548572388616591,0.005069325138529291,0.0001119560120235619
2011,E07000106,150600,165308,838,52154,0.01606779921003183,2419.8105610307935,male,70-74,3043,0.020205843293492697,0.0003246634329092089,0.005069325138529291,0.00010242998935288601
2011,E07000107,97604,165308,1205,33838,0.03561085170518352,3475.761569832732,female,70-74,1669,0.017099709028318512,0.0006089352024092384,0.007289423379388777,0.0001246470187717703
2011,E07000107,97604,165308,1205,33838,0.03561085170518352,3475.761569832732,male,70-74,1519,0.015562886766935782,0.0005542076527619131,0.007289423379388777,0.00011344447064968191
2011,E07000108,111718,165308,643,40077,0.016044115078473937,1792.4164483369514,female,70-74,2634,0.023577221217708874,0.00037827565044755857,0.003889708907009945,9.170852737306607e-05
2011,E07000108,111718,165308,643,40077,0.016044115078473937,1792.4164483369514,male,70-74,2533,0.02267315920442543,0.0003637707754683622,0.003889708907009945,8.819198930750812e-05
2011,E07000109,101766,165308,1146,35711,0.032090952367617824,3265.7678586429956,female,70-74,2030,0.019947723208144173,0.0006401414353149793,0.006932513852929078,0.00013828786747485433
2011,E07000109,101766,165308,1146,35711,0.032090952367617824,3265.7678586429956,male,70-74,1813,0.017815380382446004,0.0005717125232640678,0.006932513852929078,0.00012350537129650785
2011,E07000110,155764,165308,1006,47534,0.02116379854419994,3296.5579164387595,female,70-74,3339,0.021436275390976093,0.00045367301391260884,0.006085609891838265,0.00013045280956349329
2011,E07000110,155764,165308,1006,47534,0.02116379854419994,3296.5579164387595,male,70-74,2930,0.01881050820471996,0.0003981018061587133,0.006085609891838265,0.00011447341480114863
2011,E07000111,115351,165308,1493,33141,0.045049938143085604,5196.555414743068,female,70-74,2591,0.02246187722689877,0.0010119061796493728,0.009031625813632734,0.00020286727018510817
2011,E07000111,115351,165308,1493,33141,0.045049938143085604,5196.555414743068,male,70-74,2295,0.019895796308657922,0.0008963043930124703,0.009031625813632734,0.00017969138752405375
2011,E07000112,108199,165308,674,39104,0.017236088379705403,1864.927526595745,female,70-74,2658,0.02456584626475291,0.000423419097341537,0.004077237641251482,0.00010016079307984767
2011,E07000112,108199,165308,674,39104,0.017236088379705403,1864.927526595745,male,70-74,2504,0.023142542907050898,0.00039888691487705366,0.004077237641251482,9.435764705490542e-05
2011,E07000113,136324,165308,898,51193,0.017541460746586447,2391.322094817651,female,70-74,2821,0.020693348199876765,0.00036299155516358357,0.005432283978996782,0.00011241214389799245
2011,E07000113,136324,165308,898,51193,0.017541460746586447,2391.322094817651,male,70-74,2697,0.019783750476805258,0.0003470358824091403,0.005432283978996782,0.00010747095075961915
2011,E07000114,134402,165308,826,52563,0.015714475962178717,2112.056998268744,female,70-74,3419,0.025438609544500827,0.00039975441819830833,0.004996733370435793,0.00012710994920849374
2011,E07000114,134402,165308,826,52563,0.015714475962178717,2112.056998268744,male,70-74,2955,0.021986279966071935,0.0003455028680245689,0.004996733370435793,0.00010985957879821557
2011,E07000115,121087,165308,974,37881,0.025712098413452653,3113.4008605897416,female,70-74,2613,0.02157952546516141,0.0005548548824758379,0.005892031843588937,0.00012714725121026942
2011,E07000115,121087,165308,974,37881,0.025712098413452653,3113.4008605897416,male,70-74,2295,0.01895331455895348,0.00048732948920093686,0.005892031843588937,0.00011167353292291172
2011,E07000116,115246,165308,906,38118,0.023768298441681095,2739.2013222099795,female,70-74,2150,0.018655745101782275,0.00044341531723109134,0.005480678491059114,0.00010224614091401953
2011,E07000116,115246,165308,906,38118,0.023768298441681095,2739.2013222099795,male,70-74,1989,0.017258733491834856,0.0004102107283593677,0.005480678491059114,9.458956943162085e-05
2011,E07000130,165876,165308,8,46529,0.00017193578198542844,28.520019772614926,female,70-74,3248,0.0195808917504642,3.366655935088087e-06,4.839451206233213e-05,9.476077020090595e-07
2011,E07000130,165876,165308,8,46529,0.00017193578198542844,28.520019772614926,male,70-74,3072,0.0185198582073356,3.184226303137501e-06,4.839451206233213e-05,8.962595014075834e-07
2011,E07000178,150245,165308,18,41750,0.0004311377245508982,64.77628742514969,female,70-74,2011,0.013384804818795967,5.77069429313359e-06,0.0001088876521402473,1.457439971074161e-06
2011,E07000178,150245,165308,18,41750,0.0004311377245508982,64.77628742514969,male,70-74,1727,0.011494558887150987,4.955737963322581e-06,0.0001088876521402473,1.2516155296096847e-06
2011,E07000200,87901,165308,10,31239,0.0003201126796632415,28.13822465507859,female,70-74,2163,0.0246072285867055,7.877085881976216e-06,6.049314007791517e-05,1.4885685258248541e-06
2011,E07000200,87901,165308,10,31239,0.0003201126796632415,28.13822465507859,male,70-74,2156,0.02452759354273558,7.851593694655905e-06,6.049314007791517e-05,1.4837511519548709e-06
2011,E07000207,131428,165308,94,42682,0.0022023335363853614,289.44829202005525,female,70-74,2574,0.01958486776029461,4.3132411074169285e-05,0.0005686355167324026,1.1136651399010898e-05
2011,E07000207,131428,165308,94,42682,0.0022023335363853614,289.44829202005525,male,70-74,2117,0.016107678729037952,3.547448105828142e-05,0.0005686355167324026,9.159398217446026e-06
2011,E07000208,75191,165308,63,24986,0.0025214119907148004,189.58748899383656,female,70-74,1552,0.020640768177042464,5.204388037915934e-05,0.00038110678249086554,7.866336748092502e-06
2011,E07000208,75191,165308,63,24986,0.0025214119907148004,189.58748899383656,male,70-74,1316,0.017502094665584975,4.4129991352431505e-05,0.00038110678249086554,6.670166984851631e-06
2011,E07000209,137580,165308,31,46466,0.0006671544785434512,91.78711315800801,female,70-74,2595,0.018861753161796772,1.2583703095073817e-05,0.00018752873424153702,3.5371206960080575e-06
2011,E07000209,137580,165308,31,46466,0.0006671544785434512,91.78711315800801,male,70-74,2236,0.01625236226195668,1.0842836269974975e-05,0.00018752873424153702,3.04778492341966e-06
2011,E07000210,85637,165308,54,29167,0.0018514074124867145,158.54897658312478,female,70-74,2061,0.024066700141294067,4.455726703568689e-05,0.0003266629564207419,7.861699419446606e-06
2011,E07000210,85637,165308,54,29167,0.0018514074124867145,158.54897658312478,male,70-74,1824,0.02129920478297932,3.94335056152804e-05,0.0003266629564207419,6.9576612038188304e-06
2011,E07000211,138375,165308,168,49074,0.0034234013938134245,473.7131678689326,female,70-74,2528,0.018269196025293585,6.254279113684073e-05,0.0010162847533089748,1.8566705375718794e-05
2011,E07000211,138375,165308,168,49074,0.0034234013938134245,473.7131678689326,male,70-74,2286,0.016520325203252032,5.6555704327064055e-05,0.0010162847533089748,1.678935462377103e-05
2011,E07000212,80501,165308,9,27370,0.0003288271830471319,26.470917062477163,female,70-74,1561,0.019391063465050123,6.3763087755005884e-06,5.444382607012365e-05,1.055723686605918e-06
2011,E07000212,80501,165308,9,27370,0.0003288271830471319,26.470917062477163,male,70-74,1358,0.016869355660178133,5.547102701556565e-06,5.444382607012365e-05,9.184322654777941e-07
2011,E07000213,95852,165308,38,34747,0.0010936195930583935,104.82562523383314,female,70-74,2042,0.021303676501272795,2.3298118025969616e-05,0.00022987393229607762,4.897159889711122e-06
2011,E07000213,95852,165308,38,34747,0.0010936195930583935,104.82562523383314,male,70-74,1843,0.01922755915369528,2.1027635417170422e-05,0.00022987393229607762,4.419914631115376e-06
2011,E07000214,86378,165308,31,33770,0.0009179745336097127,79.29280426413976,female,70-74,1738,0.02012086410891662,1.8470440846207142e-05,0.00018752873424153702,3.7732401781911054e-06
2011,E07000214,86378,165308,31,33770,0.0009179745336097127,79.29280426413976,male,70-74,1652,0.019125240223204984,1.7556483474070314e-05,0.00018752873424153702,3.5865320911229616e-06
2011,E07000215,83178,165308,347,29248,0.0118640590809628,986.8287062363238,female,70-74,1721,0.020690567217293034,0.00024547411188459667,0.0020991119607036562,4.343181711956277e-05
2011,E07000215,83178,165308,347,29248,0.0118640590809628,986.8287062363238,male,70-74,1634,0.019644617567145157,0.00023306490343952984,0.0020991119607036562,4.123625169864356e-05
2011,E07000216,121754,165308,16,43976,0.00036383481899217757,44.298344551573585,female,70-74,2724,0.02237298158582059,8.140069705592355e-06,9.678902412466426e-05,2.165459054450658e-06
2011,E07000216,121754,165308,16,43976,0.00036383481899217757,44.298344551573585,male,70-74,2469,0.020278594543095094,7.378058775002763e-06,9.678902412466426e-05,1.962745376445916e-06
2011,E07000217,99493,165308,25,33858,0.0007383779313603875,73.46343552483903,female,70-74,1717,0.017257495502196133,1.2742553829372771e-05,0.00015123285019478792,2.609900232020854e-06
2011,E07000217,99493,165308,25,33858,0.0007383779313603875,73.46343552483903,male,70-74,1572,0.015800106540158603,1.1666449982396039e-05,0.00015123285019478792,2.3894951454494948e-06
2011,E07000223,61334,165308,37,24872,0.0014876165969765198,91.24147635895787,female,70-74,1648,0.02686927316007435,3.997117670162234e-05,0.00022382461828828612,6.014004808737332e-06
2011,E07000223,61334,165308,37,24872,0.0014876165969765198,91.24147635895787,male,70-74,1347,0.021961717807415137,3.267061590842554e-05,0.00022382461828828612,4.915573105199749e-06
2011,E07000224,149811,165308,31,61570,0.0005034919603703102,75.42863407503654,female,70-74,4808,0.032093771485404946,1.61589559208633e-05,0.00018752873424153702,6.018504343695123e-06
2011,E07000224,149811,165308,31,61570,0.0005034919603703102,75.42863407503654,male,70-74,4096,0.02734111647342318,1.3766032331916819e-05,0.00018752873424153702,5.127244965011486e-06
2011,E07000225,113995,165308,8,44206,0.0001809709089263901,20.62977876306384,female,70-74,3320,0.029124084389666214,5.270612023646784e-06,4.839451206233213e-05,1.4094458533000805e-06
2011,E07000225,113995,165308,8,44206,0.0001809709089263901,20.62977876306384,male,70-74,2942,0.02580814948024036,4.67052426914724e-06,4.839451206233213e-05,1.2489728013279628e-06
2011,E07000226,107053,165308,93,37608,0.0024728781110402043,264.729020421187,female,70-74,1555,0.014525515398914557,3.591982908155323e-05,0.000562586202724611,8.171854550893203e-06
2011,E07000226,107053,165308,93,37608,0.0024728781110402043,264.729020421187,male,70-74,1295,0.012096811859546206,2.9913941260843363e-05,0.000562586202724611,6.80549944913614e-06
2011,E07000227,131540,165308,61,45394,0.0013437899281843416,176.7621271533683,female,70-74,3095,0.02352896457351376,3.161798561449398e-05,0.0003690081544752825,8.682379793986615e-06
2011,E07000227,131540,165308,61,45394,0.0013437899281843416,176.7621271533683,male,70-74,2736,0.020799756727991486,2.7950503599759457e-05,0.0003690081544752825,7.675279843730979e-06
2011,E07000228,140188,165308,399,44892,0.008887997861534349,1245.9906442127774,female,70-74,2858,0.020386909007903672,0.0001811988036655432,0.002413676289108815,4.920739888059601e-05
2011,E07000228,140188,165308,399,44892,0.008887997861534349,1245.9906442127774,male,70-74,2522,0.017990127543013667,0.00015989621513103565,0.002413676289108815,4.342234428861551e-05
2011,E07000229,104998,165308,33,39714,0.0008309412297930201,87.24716724580752,female,70-74,2451,0.02334330177717671,1.9396911886156807e-05,0.00019962736225712004,4.659961760149729e-06
2011,E07000229,104998,165308,33,39714,0.0008309412297930201,87.24716724580752,male,70-74,2115,0.020143240823634737,1.6737849302008013e-05,0.00019962736225712004,4.021142032932141e-06
2011,E07000241,110727,165308,12,36606,0.00032781511227667593,36.2979839370595,female,70-74,2030,0.018333378489437988,6.0099585279259096e-06,7.25917680934982e-05,1.3308523596756108e-06
2011,E07000241,110727,165308,12,36606,0.00032781511227667593,36.2979839370595,male,70-74,1725,0.01557885610555691,5.106984463385317e-06,7.25917680934982e-05,1.1308967095765657e-06
2011,E07000242,138155,165308,8,44545,0.00017959366932315636,24.81176338534067,female,70-74,2546,0.018428576598747783,3.309655691771967e-06,4.839451206233213e-05,8.918419724997112e-07
2011,E07000242,138155,165308,8,44545,0.00017959366932315636,24.81176338534067,male,70-74,2384,0.017255980601498317,3.0990648739922894e-06,4.839451206233213e-05,8.350947613665796e-07
2011,E08000035,750683,165308,8,281107,2.845891422127517e-05,21.36362310436951,female,70-74,14046,0.018710960551924047,5.3249362134487e-07,4.839451206233213e-05,9.05507806127909e-07
2011,E08000035,750683,165308,8,281107,2.845891422127517e-05,21.36362310436951,male,70-74,11912,0.015868216011285723,4.5159219830984567e-07,4.839451206233213e-05,7.679345711658587e-07
2011,E09000001,7412,165308,20,2137,0.009358914365933552,69.36827328029949,female,70-74,112,0.015110631408526714,0.0001414191053675874,0.00012098628015583033,1.828179084923502e-06
2011,E09000001,7412,165308,20,2137,0.009358914365933552,69.36827328029949,male,70-74,145,0.01956287101996762,0.00018308723462768012,0.00012098628015583033,2.366838993874177e-06
2011,E09000002,187029,165308,213,69590,0.0030607845954878574,572.4554821094985,female,70-74,2348,0.012554202824160959,3.8425710612822016e-05,0.001288503883659593,1.6176139095181627e-05
2011,E09000002,187029,165308,213,69590,0.0030607845954878574,572.4554821094985,male,70-74,1886,0.01008399766881072,3.086494472563132e-05,0.001288503883659593,1.2993270159076895e-05
2011,E09000003,357538,165308,214,138470,0.001545461110709901,552.5610746009966,female,70-74,5599,0.015659873915499892,2.420172613502547e-05,0.0012945531976673846,2.0272539852378453e-05
2011,E09000003,357538,165308,214,138470,0.001545461110709901,552.5610746009966,male,70-74,4675,0.01307553323003429,2.0207728108813013e-05,0.0012945531976673846,1.6926973354147035e-05
2011,E09000004,232774,165308,4151,34157,0.12152706619433791,28288.341306320814,female,70-74,4777,0.020522051431860946,0.0024939847028033722,0.025110702446342583,0.000515323127093999
2011,E09000004,232774,165308,4151,34157,0.12152706619433791,28288.341306320814,male,70-74,3887,0.01669860035914664,0.002029331911198809,0.025110702446342583,0.0004193135848889207
2011,E09000005,312245,165308,417,114282,0.0036488685882291173,1139.3409723316008,female,70-74,4366,0.013982609809604637,5.1020705715730675e-05,0.0025225639412490624,3.527202731026407e-05
2011,E09000005,312245,165308,417,114282,0.0036488685882291173,1139.3409723316008,male,70-74,3936,0.012605486076638537,4.599576218440585e-05,0.0025225639412490624,3.1798144638845486e-05
2011,E09000006,310554,165308,10197,36965,0.2758555390234005,85668.04106587311,female,70-74,6294,0.02026700670414807,0.005590766058763638,0.061684854937450094,0.0012501673685617022
2011,E09000006,310554,165308,10197,36965,0.2758555390234005,85668.04106587311,male,70-74,5193,0.016721729554280414,0.00461278171959955,0.061684854937450094,0.0010314774618590593
2011,E09000007,220087,165308,382,72962,0.005235602094240838,1152.2879581151833,female,70-74,3005,0.013653691494727085,7.148529578391144e-05,0.0023108379509763593,3.155146847693848e-05
2011,E09000007,220087,165308,382,72962,0.005235602094240838,1152.2879581151833,male,70-74,2616,0.011886208635675893,6.223145882552824e-05,0.0023108379509763593,2.7467102008542787e-05
2011,E09000008,364815,165308,8115,136880,0.05928550555230859,21628.24170806546,female,70-74,5689,0.015594205282129299,0.0009245103438375165,0.04909018317322816,0.0007655223937406494
2011,E09000008,364815,165308,8115,136880,0.05928550555230859,21628.24170806546,male,70-74,4751,0.013023039074599455,0.0007720774553650978,0.04909018317322816,0.0006393033736441949
2011,E09000009,339314,165308,312,135612,0.0023006813556322447,780.6533935049995,female,70-74,4630,0.013645178212511126,3.139320710780367e-05,0.0018873859704309531,2.575371792232361e-05
2011,E09000009,339314,165308,312,135612,0.0023006813556322447,780.6533935049995,male,70-74,4340,0.012790512622526628,2.94268939196259e-05,0.0018873859704309531,2.4140634078376775e-05
2011,E09000010,313935,165308,223,122444,0.0018212407304563718,571.7512087158211,female,70-74,4968,0.01582493191265708,2.8821010556029928e-05,0.0013489970237375083,2.1347786051023114e-05
2011,E09000010,313935,165308,223,122444,0.0018212407304563718,571.7512087158211,male,70-74,4212,0.013416790099861436,2.443520460185146e-05,0.0013489970237375083,1.8099209912823943e-05
2011,E09000011,255483,165308,5537,32537,0.1701754925162123,43476.94535451947,female,70-74,3322,0.01300282210558041,0.002212761655917839,0.033495051661141625,0.00043553019816705015
2011,E09000011,255483,165308,5537,32537,0.1701754925162123,43476.94535451947,male,70-74,2821,0.011041830571897152,0.001879048955853168,0.033495051661141625,0.00036984668543926807
2011,E09000012,247182,165308,409,88435,0.004624865720585741,1143.1835585458246,female,70-74,2223,0.008993373303881351,4.1593143905551795e-05,0.00247416942918673,2.22511292937273e-05
2011,E09000012,247182,165308,409,88435,0.004624865720585741,1143.1835585458246,male,70-74,2107,0.008524083468861,3.942274143454683e-05,0.00247416942918673,2.1090026730491863e-05
2011,E09000013,182445,165308,389,63620,0.006114429424709211,1115.5470763910719,female,70-74,2237,0.012261229411603496,7.497042189741842e-05,0.0023531831490309,2.8852918437787405e-05
2011,E09000013,182445,165308,389,63620,0.006114429424709211,1115.5470763910719,male,70-74,1911,0.010474389542053769,6.40449156218e-05,0.0023531831490309,2.4648156966746416e-05
2011,E09000014,255540,165308,300,94034,0.003190335410596167,815.2583108237445,female,70-74,3048,0.01192768255459028,3.805330802025952e-05,0.001814794202337455,2.1646289147392044e-05
2011,E09000014,255540,165308,300,94034,0.003190335410596167,815.2583108237445,male,70-74,2771,0.010843703529780074,3.4595051353064016e-05,0.001814794202337455,1.9679090297711073e-05
2011,E09000015,240499,165308,72,85681,0.0008403263267235443,202.09764125068568,female,70-74,4186,0.017405477777454378,1.4626281205596518e-05,0.0004355506085609892,7.580966438265028e-06
2011,E09000015,240499,165308,72,85681,0.0008403263267235443,202.09764125068568,male,70-74,3792,0.015767217327306973,1.3249607819307689e-05,0.0004355506085609892,6.867421102221925e-06
2011,E09000016,237927,165308,101,84891,0.0011897609876194179,283.07626250132523,female,70-74,5223,0.02195211136188831,2.611776569425168e-05,0.0006109807147869432,1.3412316690969098e-05
2011,E09000016,237927,165308,101,84891,0.0011897609876194179,283.07626250132523,male,70-74,4147,0.017429715837210574,2.073719592840546e-05,0.0006109807147869432,1.064922024075222e-05
2011,E09000017,275499,165308,102,107741,0.0009467148068052088,260.8189825600282,female,70-74,4355,0.0158076798826856,1.4965364606175282e-05,0.0006170300287947347,9.753813173191445e-06
2011,E09000017,275499,165308,102,107741,0.0009467148068052088,260.8189825600282,male,70-74,3927,0.01425413522372132,1.3494600874500651e-05,0.0006170300287947347,8.795229467536807e-06
2011,E09000018,254927,165308,214,93861,0.002279967185519012,581.2251947028052,female,70-74,3433,0.013466600242422341,3.070340665322531e-05,0.0012945531976673846,1.7433230405536217e-05
2011,E09000018,254927,165308,214,93861,0.002279967185519012,581.2251947028052,male,70-74,3186,0.012497695418688488,2.8494335449221042e-05,0.0012945531976673846,1.6178931567736206e-05
2011,E09000019,206285,165308,347,78519,0.004419312523083585,911.6378838242973,female,70-74,2312,0.011207795040841554,4.953074898014518e-05,0.0020991119607036562,2.352641662334563e-05
2011,E09000019,206285,165308,347,78519,0.004419312523083585,911.6378838242973,male,70-74,2123,0.010291586882226046,4.5481738791024316e-05,0.0020991119607036562,2.1603193119101544e-05
2011,E09000020,158251,165308,366,50701,0.007218792528746967,1142.3811364667363,female,70-74,2415,0.015260567073825757,0.00011016286757697534,0.002214048926851695,3.3787642152952225e-05
2011,E09000020,158251,165308,366,50701,0.007218792528746967,1142.3811364667363,male,70-74,2206,0.01393988031671206,0.00010062910388190792,0.002214048926851695,3.08635770556574e-05
2011,E09000021,160436,165308,240,51416,0.004667807686323323,748.8843939629687,female,70-74,2369,0.014766012615622428,6.892490718354953e-05,0.001451835361869964,2.143781926917864e-05
2011,E09000021,160436,165308,240,51416,0.004667807686323323,748.8843939629687,male,70-74,2129,0.013270089007454687,6.194222346719162e-05,0.001451835361869964,1.9265984476184607e-05
2011,E09000022,304481,165308,39410,108324,0.36381595952882095,110775.04717329494,female,70-74,3163,0.010388168719887283,0.0037793815705730754,0.23840346504706367,0.002476575418314648
2011,E09000022,304481,165308,39410,108324,0.36381595952882095,110775.04717329494,male,70-74,2757,0.009054752184865393,0.003294263354432491,0.23840346504706367,0.0021586842960143802
2011,E09000023,276938,165308,22020,112394,0.19591793156218304,54257.12013096784,female,70-74,3451,0.01246127292029263,0.002441386815175576,0.1332058944515692,0.0016599150053526973
2011,E09000023,276938,165308,22020,112394,0.19591793156218304,54257.12013096784,male,70-74,2845,0.010273057507456542,0.0020126761776802417,0.1332058944515692,0.0013684318140331567
2011,E09000024,200543,165308,921,75416,0.01221226264983558,2449.0837885859764,female,70-74,2907,0.014495644325655845,0.00017702461578350792,0.005571418201175986,8.076129663373238e-05
2011,E09000024,200543,165308,921,75416,0.01221226264983558,2449.0837885859764,male,70-74,2598,0.012954827642949392,0.00015820775775904835,0.005571418201175986,7.217676252302604e-05
2011,E09000025,310460,165308,426,112342,0.0037919923091986967,1177.2619323138274,female,70-74,2848,0.009173484506860787,3.4785782698569504e-05,0.002577007767319186,2.3640140827562462e-05
2011,E09000025,310460,165308,426,112342,0.0037919923091986967,1177.2619323138274,male,70-74,2563,0.008255491850802035,3.1304761606893834e-05,0.002577007767319186,2.1274466622557088e-05
2011,E09000026,281395,165308,222,102662,0.002162435954881066,608.4986655237576,female,70-74,3994,0.014193571314344604,3.0692688938307285e-05,0.0013429477097297166,1.906122408948449e-05
2011,E09000026,281395,165308,222,102662,0.002162435954881066,608.4986655237576,male,70-74,3596,0.012779189395689334,2.7634178623473458e-05,0.0013429477097297166,1.716178313114327e-05
2011,E09000027,187527,165308,203,62176,0.0032649253731343282,612.2616604477612,female,70-74,2979,0.015885712457406134,5.1865665672501366e-05,0.0012280107435816779,1.950782556714403e-05
2011,E09000027,187527,165308,203,62176,0.0032649253731343282,612.2616604477612,male,70-74,2573,0.013720690887178913,4.4797031814483385e-05,0.0012280107435816779,1.684915581881893e-05
2011,E09000028,288717,165308,48341,102300,0.47254154447702834,136430.7770967742,female,70-74,2886,0.009995947588815345,0.004723500512130231,0.2924298884506497,0.0029231138383558125
2011,E09000028,288717,165308,48341,102300,0.47254154447702834,136430.7770967742,male,70-74,2530,0.008762906236903265,0.004140837247293653,0.2924298884506497,0.0025625356933611245
2011,E09000029,191123,165308,522,74422,0.007014054983741367,1340.5472306576012,female,70-74,3317,0.017355315686756696,0.00012173113848710052,0.0031577419120671717,5.480360774122847e-05
2011,E09000029,191123,165308,522,74422,0.007014054983741367,1340.5472306576012,male,70-74,2840,0.014859540714618334,0.00010422563560547648,0.0031577419120671717,4.6922594508618884e-05
2011,E09000030,256012,165308,312,76079,0.004101000276028864,1049.9052826667016,female,70-74,2066,0.008069934221833351,3.309480247127335e-05,0.0018873859704309531,1.5231080632588899e-05
2011,E09000030,256012,165308,312,76079,0.004101000276028864,1049.9052826667016,male,70-74,1906,0.007444963517335125,3.0531797439616174e-05,0.0018873859704309531,1.4051519692988597e-05
2011,E09000031,259742,165308,333,98132,0.0033933884971263195,881.4055150205845,female,70-74,3216,0.012381517043835806,4.20152975135259e-05,0.002014421564594575,2.494159493549812e-05
2011,E09000031,259742,165308,333,98132,0.0033933884971263195,881.4055150205845,male,70-74,2944,0.011334324060028798,3.846176488800381e-05,0.002014421564594575,2.2832106806625143e-05
2011,E09000032,307710,165308,2574,105396,0.024422179209837185,7514.948764659,female,70-74,3672,0.011933313834454519,0.0002914375290322776,0.015570934256055362,0.00018581284517316723
2011,E09000032,307710,165308,2574,105396,0.024422179209837185,7514.948764659,male,70-74,3035,0.009863182866985148,0.00024088041955690702,0.015570934256055362,0.0001535789719772774
2011,E09000033,219582,165308,836,72308,0.011561652929136471,2538.7308734856447,female,70-74,3157,0.014377316902114017,0.00016622554807444983,0.005057226510513707,7.270934818742781e-05
2011,E09000033,219582,165308,836,72308,0.011561652929136471,2538.7308734856447,male,70-74,2847,0.0129655436237943,0.00014990311541588806,0.005057226510513707,6.556969093747449e-05
2011,E06000033,174274,165308,107,64508,0.001658708997333664,289.069851801327,female,75-79,3193,0.018321723263366882,3.0390407223604147e-05,0.0006472765988336923,1.1859222718684252e-05
2011,E06000033,174274,165308,107,64508,0.001658708997333664,289.069851801327,male,75-79,2600,0.014919035541733133,2.4746338484613463e-05,0.0006472765988336923,9.656742583331994e-06
2011,E06000034,158268,165308,159,53689,0.0029615004935834156,468.71076011846003,female,75-79,2094,0.01323072257184017,3.91827914269699e-05,0.0009618409272388511,1.2725850466538745e-05
2011,E06000034,158268,165308,159,53689,0.0029615004935834156,468.71076011846003,male,75-79,1669,0.010545403998281397,3.1230219145946884e-05,0.0009618409272388511,1.0143001159815266e-05
2011,E06000035,264885,165308,1714,99212,0.017276135951296213,4576.189271459098,female,75-79,3884,0.014662966947920795,0.00025331941044164254,0.010368524209354659,0.00015203332778048397
2011,E06000035,264885,165308,1714,99212,0.017276135951296213,4576.189271459098,male,75-79,3209,0.012114691281121996,0.0002092950535806465,0.010368524209354659,0.00012561146983717123
2011,E06000038,155339,165308,10,47360,0.00021114864864864866,32.799619932432435,female,75-79,1866,0.012012437314518568,2.5364099059371977e-06,6.049314007791517e-05,7.266700531443469e-07
2011,E06000038,155339,165308,10,47360,0.00021114864864864866,32.799619932432435,male,75-79,1540,0.009913801427844907,2.0932857744604956e-06,6.049314007791517e-05,5.997169784792573e-07
2011,E06000039,140713,165308,8,54239,0.0001474953446781836,20.754512435701248,female,75-79,1470,0.01044679596057223,1.540853770987257e-06,4.839451206233213e-05,5.055675931266353e-07
2011,E06000039,140713,165308,8,54239,0.0001474953446781836,20.754512435701248,male,75-79,1147,0.008151343514813841,1.202285221307744e-06,4.839451206233213e-05,3.944802920518712e-07
2011,E06000042,249895,165308,14,88445,0.00015829046299960426,39.555995251286106,female,75-79,2719,0.01088056983933252,1.7222904375674743e-06,8.469039610908124e-05,9.214797695855934e-07
2011,E06000042,249895,165308,14,88445,0.00015829046299960426,39.555995251286106,male,75-79,2177,0.00871165889673663,1.3789725202590628e-06,8.469039610908124e-05,7.377938427318268e-07
2011,E06000043,272952,165308,253,87037,0.002906809747578616,793.4195342210784,female,75-79,3720,0.013628769893607668,3.961624117424475e-05,0.0015304764439712537,2.0858511282471143e-05
2011,E06000043,272952,165308,253,87037,0.002906809747578616,793.4195342210784,male,75-79,2977,0.010906679562706996,3.1703642466593175e-05,0.0015304764439712537,1.6692416152665752e-05
2011,E06000044,205433,165308,17,68264,0.0002490331653580218,51.15963025899449,female,75-79,2933,0.014277160923512775,3.555486577108244e-06,0.00010283833813245579,1.4682395026236914e-06
2011,E06000044,205433,165308,17,68264,0.0002490331653580218,51.15963025899449,male,75-79,2323,0.011307822988516937,2.8160229521385785e-06,0.00010283833813245579,1.1628777240350614e-06
2011,E06000047,512994,165308,10,231893,4.3123337056314764e-05,22.122013169867135,female,75-79,9882,0.019263383197464297,8.307013664692033e-07,6.049314007791517e-05,1.1653025381387652e-06
2011,E06000047,512994,165308,10,231893,4.3123337056314764e-05,22.122013169867135,male,75-79,8136,0.015859834617948747,6.83928993887213e-07,6.049314007791517e-05,9.594111971561418e-07
2011,E06000060,506550,165308,25,163754,0.00015266802642988872,77.33398878806014,female,75-79,8950,0.017668542098509526,2.697421452072854e-06,0.00015123285019478792,2.672063980344195e-06
2011,E06000060,506550,165308,25,163754,0.00015266802642988872,77.33398878806014,male,75-79,7554,0.014912644358898431,2.276683983123837e-06,0.00015123285019478792,2.2552817103374357e-06
2011,E07000008,122725,165308,24,34511,0.000695430442467619,85.34670105183854,female,75-79,1522,0.01240171114279894,8.624527467392268e-06,0.0001451835361869964,1.8005242784812265e-06
2011,E07000008,122725,165308,24,34511,0.000695430442467619,85.34670105183854,male,75-79,1204,0.009810552047260135,6.822556551077721e-06,0.0001451835361869964,1.4243306381678034e-06
2011,E07000061,99308,165308,203,40047,0.0050690438734486976,503.3966089844433,female,75-79,2367,0.023834937769364,0.00012082034527382555,0.0012280107435816779,2.9269559653379704e-05
2011,E07000061,99308,165308,203,40047,0.0050690438734486976,503.3966089844433,male,75-79,1825,0.018377170016514278,9.31546810835368e-05,0.0012280107435816779,2.2567362216906614e-05
2011,E07000062,90173,165308,190,36006,0.005276898294728657,475.8337499305672,female,75-79,1520,0.016856486975036875,8.89499673736879e-05,0.0011493696614803882,1.9374334728246705e-05
2011,E07000062,90173,165308,190,36006,0.005276898294728657,475.8337499305672,male,75-79,1288,0.014283654752531245,7.5373393406125e-05,0.0011493696614803882,1.6417199427619576e-05
2011,E07000063,97584,165308,120,35106,0.003418219107844813,333.56349341992825,female,75-79,2325,0.02382562715199213,8.144121398732568e-05,0.000725917680934982,1.7295444008995667e-05
2011,E07000063,97584,165308,120,35106,0.003418219107844813,333.56349341992825,male,75-79,1975,0.020238973602229874,6.918124629030892e-05,0.000725917680934982,1.4691828781835028e-05
2011,E07000064,90729,165308,226,36720,0.0061546840958605666,558.4083333333333,female,75-79,2647,0.02917479526942874,0.00017956164844474116,0.0013671449657608828,3.9886174479703916e-05
2011,E07000064,90729,165308,226,36720,0.0061546840958605666,558.4083333333333,male,75-79,2241,0.0246999305624442,0.00015202026980153566,0.0013671449657608828,3.376838572308896e-05
2011,E07000065,149415,165308,638,56293,0.011333558346508447,1693.4036203435596,female,75-79,3455,0.023123515041997122,0.0002620717069048401,0.0038594623369709873,8.924433540296999e-05
2011,E07000065,149415,165308,638,56293,0.011333558346508447,1693.4036203435596,male,75-79,3014,0.020172004149516448,0.00022862058599455517,0.0038594623369709873,7.78530902762812e-05
2011,E07000066,174971,165308,111,62378,0.0017794735323351182,311.356263426208,female,75-79,3204,0.018311605923267284,3.258501807500511e-05,0.0006714738548648583,1.2295764618062455e-05
2011,E07000066,174971,165308,111,62378,0.0017794735323351182,311.356263426208,male,75-79,2527,0.014442393310891519,2.5699856640305213e-05,0.0006714738548648583,9.697689509938771e-06
2011,E07000067,147514,165308,9,48494,0.00018558996989318267,27.377118818822947,female,75-79,2342,0.015876459183535124,2.946511581882627e-06,5.444382607012365e-05,8.643751823978035e-07
2011,E07000067,147514,165308,9,48494,0.00018558996989318267,27.377118818822947,male,75-79,2050,0.01389698604878181,2.5791412223993958e-06,5.444382607012365e-05,7.566050913388117e-07
2011,E07000068,73841,165308,36,24621,0.0014621664432801268,107.96783233824785,female,75-79,1560,0.021126474451862786,3.089042200832868e-05,0.0002177753042804946,4.600824402128514e-06
2011,E07000068,73841,165308,36,24621,0.0014621664432801268,107.96783233824785,male,75-79,1254,0.01698243523245893,2.4831146922079588e-05,0.0002177753042804946,3.698355000172536e-06
2011,E07000069,87964,165308,11,33361,0.00032972632714846676,29.00404664128773,female,75-79,1959,0.022270474284934744,7.34316168982591e-06,6.654245408570669e-05,1.4819320125721816e-06
2011,E07000069,87964,165308,11,33361,0.00032972632714846676,29.00404664128773,male,75-79,1742,0.019803556000181893,6.529753784418957e-06,6.654245408570669e-05,1.3177772158758248e-06
2011,E07000071,173614,165308,8,59731,0.00013393380321775962,23.25278331184812,female,75-79,2807,0.016168050963631966,2.1654485561777926e-06,4.839451206233213e-05,7.824449373838878e-07
2011,E07000071,173614,165308,8,59731,0.00013393380321775962,23.25278331184812,male,75-79,2421,0.01394472795972675,1.867670450483233e-06,4.839451206233213e-05,6.748483054529363e-07
2011,E07000072,124880,165308,22,48938,0.00044954840818995463,56.13960521476153,female,75-79,2345,0.018778026905829595,8.441632104463833e-06,0.00013308490817141337,2.4990719864026614e-06
2011,E07000072,124880,165308,22,48938,0.00044954840818995463,56.13960521476153,male,75-79,1977,0.01583119795003203,7.1168898381769725e-06,0.00013308490817141337,2.1068935254234803e-06
2011,E07000073,82177,165308,9,34960,0.0002574370709382151,21.155406178489702,female,75-79,1573,0.01914160896601239,4.927759745254906e-06,5.444382607012365e-05,1.042142429247898e-06
2011,E07000073,82177,165308,9,34960,0.0002574370709382151,21.155406178489702,male,75-79,1070,0.013020674884700099,3.352004403955975e-06,5.444382607012365e-05,7.088953587382395e-07
2011,E07000074,61720,165308,8,20947,0.0003819162648589297,23.57187186709314,female,75-79,1162,0.018826960466623462,7.190322420059565e-06,4.839451206233213e-05,9.111215653990593e-07
2011,E07000074,61720,165308,8,20947,0.0003819162648589297,23.57187186709314,male,75-79,1158,0.018762151652624758,7.165570879887243e-06,4.839451206233213e-05,9.079851744682535e-07
2011,E07000075,83333,165308,13,29337,0.00044312642737839587,36.92705457272386,female,75-79,1821,0.021852087408349635,9.683237424022403e-06,7.864108210128971e-05,1.7184717999645827e-06
2011,E07000075,83333,165308,13,29337,0.00044312642737839587,36.92705457272386,male,75-79,1574,0.018888075552302208,8.3698054395449e-06,7.864108210128971e-05,1.485378700243961e-06
2011,E07000085,116010,165308,9,39594,0.0002273071677526898,26.369904530989544,female,75-79,2212,0.019067321782604948,4.3341389110330995e-06,5.444382607012365e-05,1.0380979507552237e-06
2011,E07000085,116010,165308,9,39594,0.0002273071677526898,26.369904530989544,male,75-79,1951,0.016817515731402465,3.8227418695414e-06,5.444382607012365e-05,9.15609901412044e-07
2011,E07000095,93702,165308,9,36221,0.00024847464178239144,23.282570884293644,female,75-79,1755,0.01872958954984952,4.653828054130082e-06,5.444382607012365e-05,1.0197105158168128e-06
2011,E07000095,93702,165308,9,36221,0.00024847464178239144,23.282570884293644,male,75-79,1407,0.015015688032272524,3.7310177049350577e-06,5.444382607012365e-05,8.175115075522826e-07
2011,E07000103,90653,165308,10,32552,0.0003072007864340133,27.848672892602604,female,75-79,1201,0.013248320518901745,4.069894482336491e-06,6.049314007791517e-05,8.01432508947041e-07
2011,E07000103,90653,165308,10,32552,0.0003072007864340133,27.848672892602604,male,75-79,982,0.010832515195305174,3.3277571870561485e-06,6.049314007791517e-05,6.552928591057405e-07
2011,E07000105,118405,165308,683,38958,0.0175317008059962,2075.8410339339803,female,75-79,2015,0.01701786242135045,0.00029835207232872216,0.004131681467321606,7.031238677972244e-05
2011,E07000105,118405,165308,683,38958,0.0175317008059962,2075.8410339339803,male,75-79,1700,0.014357501794687724,0.00025171142578601864,0.004131681467321606,5.932062408214796e-05
2011,E07000106,150600,165308,838,52154,0.01606779921003183,2419.8105610307935,female,75-79,2927,0.01943559096945551,0.000312287173225519,0.005069325138529291,9.85253298836337e-05
2011,E07000106,150600,165308,838,52154,0.01606779921003183,2419.8105610307935,male,75-79,2333,0.01549136786188579,0.00024891218829352097,0.005069325138529291,7.853078053246239e-05
2011,E07000107,97604,165308,1205,33838,0.03561085170518352,3475.761569832732,female,75-79,1542,0.015798532847014466,0.000562599210374503,0.007289423379388777,0.00011516219469506879
2011,E07000107,97604,165308,1205,33838,0.03561085170518352,3475.761569832732,male,75-79,1279,0.013103971148723413,0.0004666435733261928,0.007289423379388777,9.552039365434046e-05
2011,E07000108,111718,165308,643,40077,0.016044115078473937,1792.4164483369514,female,75-79,2275,0.020363773071483557,0.00032671871859081086,0.003889708907009945,7.920914949647886e-05
2011,E07000108,111718,165308,643,40077,0.016044115078473937,1792.4164483369514,male,75-79,1893,0.016944449417282802,0.00027185869639226594,0.003889708907009945,6.590897582278439e-05
2011,E07000109,101766,165308,1146,35711,0.032090952367617824,3265.7678586429956,female,75-79,1839,0.018070868462944402,0.000579911379085836,0.006932513852929078,0.00012527654595382125
2011,E07000109,101766,165308,1146,35711,0.032090952367617824,3265.7678586429956,male,75-79,1532,0.015054143820136392,0.00048310181226726516,0.006932513852929078,0.0001043630605770822
2011,E07000110,155764,165308,1006,47534,0.02116379854419994,3296.5579164387595,female,75-79,2762,0.017731953468067076,0.0003752754909932991,0.006085609891838265,0.00010790975142688483
2011,E07000110,155764,165308,1006,47534,0.02116379854419994,3296.5579164387595,male,75-79,2296,0.01474024806758943,0.00031195964059399517,0.006085609891838265,8.970339944827211e-05
2011,E07000111,115351,165308,1493,33141,0.045049938143085604,5196.555414743068,female,75-79,2253,0.019531690232421045,0.0008799014368004774,0.009031625813632734,0.00017640291768701225
2011,E07000111,115351,165308,1493,33141,0.045049938143085604,5196.555414743068,male,75-79,1964,0.01702629366021968,0.0007670334761989071,0.009031625813632734,0.00015377511333213142
2011,E07000112,108199,165308,674,39104,0.017236088379705403,1864.927526595745,female,75-79,2196,0.020295936191646873,0.000349822549948087,0.004077237641251482,8.275135500502087e-05
2011,E07000112,108199,165308,674,39104,0.017236088379705403,1864.927526595745,male,75-79,1940,0.017929925415207163,0.00030904177909803676,0.004077237641251482,7.310456680771425e-05
2011,E07000113,136324,165308,898,51193,0.017541460746586447,2391.322094817651,female,75-79,2269,0.016644171239106834,0.00029196307645025564,0.005432283978996782,9.041586476587907e-05
2011,E07000113,136324,165308,898,51193,0.017541460746586447,2391.322094817651,male,75-79,1913,0.014032745518030574,0.00024615485467137024,0.005432283978996782,7.622985865893638e-05
2011,E07000114,134402,165308,826,52563,0.015714475962178717,2112.056998268744,female,75-79,2898,0.021562179134239075,0.00033883834569719146,0.004996733370435793,0.00010774046001936674
2011,E07000114,134402,165308,826,52563,0.015714475962178717,2112.056998268744,male,75-79,2357,0.017536941414562284,0.00027558384430927547,0.004996733370435793,8.762742038152085e-05
2011,E07000115,121087,165308,974,37881,0.025712098413452653,3113.4008605897416,female,75-79,2187,0.018061393873826256,0.0004643963367679516,0.005892031843588937,0.00010641830784418646
2011,E07000115,121087,165308,974,37881,0.025712098413452653,3113.4008605897416,male,75-79,1898,0.01567468018862471,0.0004030289196093151,0.005892031843588937,9.235571480944944e-05
2011,E07000116,115246,165308,906,38118,0.023768298441681095,2739.2013222099795,female,75-79,1983,0.017206670947364767,0.00040897329026476934,0.005480678491059114,9.430423136395382e-05
2011,E07000116,115246,165308,906,38118,0.023768298441681095,2739.2013222099795,male,75-79,1587,0.013770543012338822,0.00032730237602127533,0.005480678491059114,7.547191889792976e-05
2011,E07000130,165876,165308,8,46529,0.00017193578198542844,28.520019772614926,female,75-79,2871,0.017308109672285323,2.9758833711939346e-06,4.839451206233213e-05,8.376175223115794e-07
2011,E07000130,165876,165308,8,46529,0.00017193578198542844,28.520019772614926,male,75-79,2378,0.014336010031589862,2.4648730953323497e-06,4.839451206233213e-05,6.9378421039949e-07
2011,E07000178,150245,165308,18,41750,0.0004311377245508982,64.77628742514969,female,75-79,1657,0.011028653199773702,4.754868445411416e-06,0.0001088876521402473,1.200884153192384e-06
2011,E07000178,150245,165308,18,41750,0.0004311377245508982,64.77628742514969,male,75-79,1423,0.009471197044826784,4.0833903426798105e-06,0.0001088876521402473,1.031296409168837e-06
2011,E07000200,87901,165308,10,31239,0.0003201126796632415,28.13822465507859,female,75-79,1853,0.021080533782323295,6.748146157790998e-06,6.049314007791517e-05,1.275227683011306e-06
2011,E07000200,87901,165308,10,31239,0.0003201126796632415,28.13822465507859,male,75-79,1680,0.01911241055278097,6.118124956874731e-06,6.049314007791517e-05,1.1561697287960034e-06
2011,E07000207,131428,165308,94,42682,0.0022023335363853614,289.44829202005525,female,75-79,2211,0.016822899229996652,3.70496351534531e-05,0.0005686355167324026,9.566097996586284e-06
2011,E07000207,131428,165308,94,42682,0.0022023335363853614,289.44829202005525,male,75-79,1861,0.014159844173235537,3.118469969270747e-05,0.0005686355167324026,8.05179030829809e-06
2011,E07000208,75191,165308,63,24986,0.0025214119907148004,189.58748899383656,female,75-79,1266,0.016837121464005,4.245331994846375e-05,0.00038110678249086554,6.416741187554837e-06
2011,E07000208,75191,165308,63,24986,0.0025214119907148004,189.58748899383656,male,75-79,1124,0.014948597571517867,3.76915731611953e-05,0.00038110678249086554,5.6970119232319405e-06
2011,E07000209,137580,165308,31,46466,0.0006671544785434512,91.78711315800801,female,75-79,2230,0.016208751271987207,1.0813741002703126e-05,0.00018752873424153702,3.0396066096716643e-06
2011,E07000209,137580,165308,31,46466,0.0006671544785434512,91.78711315800801,male,75-79,1932,0.014042738770170083,9.368676061534726e-06,0.00018752873424153702,2.633417026854554e-06
2011,E07000210,85637,165308,54,29167,0.0018514074124867145,158.54897658312478,female,75-79,1868,0.02181300138958628,4.038475246126304e-05,0.0003266629564207419,7.125499522332005e-06
2011,E07000210,85637,165308,54,29167,0.0018514074124867145,158.54897658312478,male,75-79,1580,0.01844996905543165,3.415840946937666e-05,0.0003266629564207419,6.026921437518505e-06
2011,E07000211,138375,165308,168,49074,0.0034234013938134245,473.7131678689326,female,75-79,2368,0.017112917795844625,5.858438663450904e-05,0.0010162847533089748,1.7391597440546718e-05
2011,E07000211,138375,165308,168,49074,0.0034234013938134245,473.7131678689326,male,75-79,1939,0.014012646793134598,4.79709145626322e-05,0.0010162847533089748,1.4240839289366591e-05
2011,E07000212,80501,165308,9,27370,0.0003288271830471319,26.470917062477163,female,75-79,1505,0.018695419932671643,6.1475622723436164e-06,5.444382607012365e-05,1.0178501911222977e-06
2011,E07000212,80501,165308,9,27370,0.0003288271830471319,26.470917062477163,male,75-79,1234,0.015329002124197215,5.040592587423271e-06,5.444382607012365e-05,8.345695254783491e-07
2011,E07000213,95852,165308,38,34747,0.0010936195930583935,104.82562523383314,female,75-79,1850,0.019300588407127655,2.1107501639590493e-05,0.00022987393229607762,4.436702152774523e-06
2011,E07000213,95852,165308,38,34747,0.0010936195930583935,104.82562523383314,male,75-79,1528,0.01594124274923841,1.7433655408267176e-05,0.00022987393229607762,3.6644761564537684e-06
2011,E07000214,86378,165308,31,33770,0.0009179745336097127,79.29280426413976,female,75-79,1596,0.01847692699529973,1.6961348441050978e-05,0.00018752873424153702,3.4649547321018443e-06
2011,E07000214,86378,165308,31,33770,0.0009179745336097127,79.29280426413976,male,75-79,1331,0.015409016184676654,1.4145084445513066e-05,0.00018752873424153702,2.889633301019771e-06
2011,E07000215,83178,165308,347,29248,0.0118640590809628,986.8287062363238,female,75-79,1560,0.018754959244030873,0.0002225099445322317,0.0020991119607036562,3.936875927165481e-05
2011,E07000215,83178,165308,347,29248,0.0118640590809628,986.8287062363238,male,75-79,1268,0.015244415590660991,0.00018086064722235243,0.0020991119607036562,3.199973510029378e-05
2011,E07000216,121754,165308,16,43976,0.00036383481899217757,44.298344551573585,female,75-79,2518,0.02068104538659921,7.524484404802333e-06,9.678902412466426e-05,2.001698200846827e-06
2011,E07000216,121754,165308,16,43976,0.00036383481899217757,44.298344551573585,male,75-79,2090,0.017165760467828573,6.245501352675486e-06,9.678902412466426e-05,1.6614572040388679e-06
2011,E07000217,99493,165308,25,33858,0.0007383779313603875,73.46343552483903,female,75-79,1547,0.015548832581186616,1.1480914836365569e-05,0.00015123285019478792,2.351494268454433e-06
2011,E07000217,99493,165308,25,33858,0.0007383779313603875,73.46343552483903,male,75-79,1303,0.013096398741620014,9.670091811108169e-06,0.00015123285019478792,1.9806057089826286e-06
2011,E07000223,61334,165308,37,24872,0.0014876165969765198,91.24147635895787,female,75-79,1506,0.02455408093390289,3.6527058320778665e-05,0.00022382461828828612,5.495807792450499e-06
2011,E07000223,61334,165308,37,24872,0.0014876165969765198,91.24147635895787,male,75-79,1119,0.018244366909055336,2.7140623015239927e-05,0.00022382461828828612,4.083538459330749e-06
2011,E07000224,149811,165308,31,61570,0.0005034919603703102,75.42863407503654,female,75-79,4152,0.02771492080020826,1.3954239805204744e-05,0.00018752873424153702,5.1973440172675016e-06
2011,E07000224,149811,165308,31,61570,0.0005034919603703102,75.42863407503654,male,75-79,3454,0.02305571686992277,1.1608368084580248e-05,0.00018752873424153702,4.3236094016478685e-06
2011,E07000225,113995,165308,8,44206,0.0001809709089263901,20.62977876306384,female,75-79,3025,0.02653625158998202,4.802289569738411e-06,4.839451206233213e-05,1.284208947660465e-06
2011,E07000225,113995,165308,8,44206,0.0001809709089263901,20.62977876306384,male,75-79,2498,0.021913241808851264,3.9656592876715855e-06,4.839451206233213e-05,1.0604806450432531e-06
2011,E07000226,107053,165308,93,37608,0.0024728781110402043,264.729020421187,female,75-79,1556,0.014534856566373665,3.594292865009442e-05,0.000562586202724611,8.177109762823039e-06
2011,E07000226,107053,165308,93,37608,0.0024728781110402043,264.729020421187,male,75-79,1104,0.010312648874856379,2.5501923669475733e-05,0.000562586202724611,5.801753970537682e-06
2011,E07000227,131540,165308,61,45394,0.0013437899281843416,176.7621271533683,female,75-79,2686,0.020419644214687546,2.7439712232804783e-05,0.0003690081544752825,7.53501522670373e-06
2011,E07000227,131540,165308,61,45394,0.0013437899281843416,176.7621271533683,male,75-79,2254,0.017135472099741523,2.302647482231645e-05,0.0003690081544752825,6.323128935588313e-06
2011,E07000228,140188,165308,399,44892,0.008887997861534349,1245.9906442127774,female,75-79,2591,0.018482323736696435,0.00016427085384794346,0.002413676289108815,4.461034657089722e-05
2011,E07000228,140188,165308,399,44892,0.008887997861534349,1245.9906442127774,male,75-79,2134,0.015222415613319258,0.00013529679741856865,0.002413676289108815,3.6741983628828514e-05
2011,E07000229,104998,165308,33,39714,0.0008309412297930201,87.24716724580752,female,75-79,2343,0.02231471075639536,1.8542213198394695e-05,0.00019962736225712004,4.45462684782979e-06
2011,E07000229,104998,165308,33,39714,0.0008309412297930201,87.24716724580752,male,75-79,1676,0.01596220880397722,1.3263657413789803e-05,0.00019962736225712004,3.1864936393353516e-06
2011,E07000241,110727,165308,12,36606,0.00032781511227667593,36.2979839370595,female,75-79,1940,0.0175205686056698,5.7435071646188485e-06,7.25917680934982e-05,1.271849053089007e-06
2011,E07000241,110727,165308,12,36606,0.00032781511227667593,36.2979839370595,male,75-79,1595,0.014404797384558419,4.722110271941786e-06,7.25917680934982e-05,1.0456697111736942e-06
2011,E07000242,138155,165308,8,44545,0.00017959366932315636,24.81176338534067,female,75-79,2300,0.01664796786218378,2.989869635143568e-06,4.839451206233213e-05,8.056702815197705e-07
2011,E07000242,138155,165308,8,44545,0.00017959366932315636,24.81176338534067,male,75-79,1957,0.014165249176649415,2.543989076511288e-06,4.839451206233213e-05,6.855203221453004e-07
2011,E08000035,750683,165308,8,281107,2.845891422127517e-05,21.36362310436951,female,75-79,12499,0.01665017057799364,4.738457762487207e-07,4.839451206233213e-05,8.057768808766008e-07
2011,E08000035,750683,165308,8,281107,2.845891422127517e-05,21.36362310436951,male,75-79,9863,0.013138701688995221,3.739131843460382e-07,4.839451206233213e-05,6.358410573714628e-07
2011,E09000001,7412,165308,20,2137,0.009358914365933552,69.36827328029949,female,75-79,110,0.014840798704803022,0.00013889376420030906,0.00012098628015583033,1.7955330298355824e-06
2011,E09000001,7412,165308,20,2137,0.009358914365933552,69.36827328029949,male,75-79,76,0.01025364274150027,9.596296435657716e-05,0.00012098628015583033,1.2405500933409479e-06
2011,E09000002,187029,165308,213,69590,0.0030607845954878574,572.4554821094985,female,75-79,2196,0.01174149463452192,3.593818590534802e-05,0.001288503883659593,1.5128961436549767e-05
2011,E09000002,187029,165308,213,69590,0.0030607845954878574,572.4554821094985,male,75-79,1601,0.00856016981323752,2.620083589911757e-05,0.001288503883659593,1.1029812049142158e-05
2011,E09000003,357538,165308,214,138470,0.001545461110709901,552.5610746009966,female,75-79,5066,0.014169123282000795,2.1897829005186466e-05,0.0012945531976673846,1.8342683852857515e-05
2011,E09000003,357538,165308,214,138470,0.001545461110709901,552.5610746009966,male,75-79,4040,0.011299498235152626,1.7462935092963544e-05,0.0012945531976673846,1.4627801572353802e-05
2011,E09000004,232774,165308,4151,34157,0.12152706619433791,28288.341306320814,female,75-79,4252,0.018266644900203632,0.002219891763935512,0.025110702446342583,0.0004586882847820146
2011,E09000004,232774,165308,4151,34157,0.12152706619433791,28288.341306320814,male,75-79,3295,0.014155360993925439,0.0017202594925135256,0.025110702446342583,0.0003554510579390259
2011,E09000005,312245,165308,417,114282,0.0036488685882291173,1139.3409723316008,female,75-79,3611,0.011564636743582763,4.2197839747939414e-05,0.0025225639412490624,2.9172535643005856e-05
2011,E09000005,312245,165308,417,114282,0.0036488685882291173,1139.3409723316008,male,75-79,3136,0.010043395410655095,3.6647030033103856e-05,0.0025225639412490624,2.533510711062486e-05
2011,E09000006,310554,165308,10197,36965,0.2758555390234005,85668.04106587311,female,75-79,5693,0.018331755507898787,0.005056916296876611,0.061684854937450094,0.0011307916792535385
2011,E09000006,310554,165308,10197,36965,0.2758555390234005,85668.04106587311,male,75-79,4522,0.014561074724524559,0.004016753116893735,0.061684854937450094,0.0008981977821156684
2011,E09000007,220087,165308,382,72962,0.005235602094240838,1152.2879581151833,female,75-79,2485,0.011290989472345027,5.911512812746088e-05,0.0023108379509763593,2.6091646976769428e-05
2011,E09000007,220087,165308,382,72962,0.005235602094240838,1152.2879581151833,male,75-79,1999,0.009082771812964872,4.755377912547054e-05,0.0023108379509763593,2.098881380545758e-05
2011,E09000008,364815,165308,8115,136880,0.05928550555230859,21628.24170806546,female,75-79,4861,0.013324561764181845,0.0007899533804524815,0.04909018317322816,0.0006541051777066789
2011,E09000008,364815,165308,8115,136880,0.05928550555230859,21628.24170806546,male,75-79,4093,0.011219385167824787,0.0006651469216605651,0.04909018317322816,0.0005507616729795179
2011,E09000009,339314,165308,312,135612,0.0023006813556322447,780.6533935049995,female,75-79,4039,0.0119034286825772,2.738599643810346e-05,0.0018873859704309531,2.246636429552161e-05
2011,E09000009,339314,165308,312,135612,0.0023006813556322447,780.6533935049995,male,75-79,3274,0.009648879798652575,2.219899785549659e-05,0.0018873859704309531,1.821116036235151e-05
2011,E09000010,313935,165308,223,122444,0.0018212407304563718,571.7512087158211,female,75-79,4280,0.013633395448102313,2.4829695084502433e-05,0.0013489970237375083,1.8391409882926513e-05
2011,E09000010,313935,165308,223,122444,0.0018212407304563718,571.7512087158211,male,75-79,3394,0.010811155175434406,1.968971614878534e-05,0.0013489970237375083,1.4584216154825373e-05
2011,E09000011,255483,165308,5537,32537,0.1701754925162123,43476.94535451947,female,75-79,2776,0.010865693607793865,0.0018490747612365807,0.033495051661141625,0.0003639469687271918
2011,E09000011,255483,165308,5537,32537,0.1701754925162123,43476.94535451947,male,75-79,2199,0.008607226312513944,0.0014647389769305624,0.033495051661141625,0.0002882994899967921
2011,E09000012,247182,165308,409,88435,0.004624865720585741,1143.1835585458246,female,75-79,1785,0.0072213996164769275,3.339800354089516e-05,0.00247416942918673,1.786696616702799e-05
2011,E09000012,247182,165308,409,88435,0.004624865720585741,1143.1835585458246,male,75-79,1667,0.006744018577404504,3.1190180337631504e-05,0.00247416942918673,1.6685844594081603e-05
2011,E09000013,182445,165308,389,63620,0.006114429424709211,1115.5470763910719,female,75-79,1648,0.009032859217846474,5.523078019085631e-05,0.0023531831490309,2.125597209900476e-05
2011,E09000013,182445,165308,389,63620,0.006114429424709211,1115.5470763910719,male,75-79,1380,0.007563923374167557,4.624907564525589e-05,0.0023531831490309,1.7799297024652043e-05
2011,E09000014,255540,165308,300,94034,0.003190335410596167,815.2583108237445,female,75-79,2462,0.009634499491273383,3.073728489038023e-05,0.001814794202337455,1.7484633819186094e-05
2011,E09000014,255540,165308,300,94034,0.003190335410596167,815.2583108237445,male,75-79,2106,0.008241371213899977,2.6292738415573016e-05,0.001814794202337455,1.4956392698296472e-05
2011,E09000015,240499,165308,72,85681,0.0008403263267235443,202.09764125068568,female,75-79,3649,0.015172620260375302,1.2749952250172404e-05,0.0004355506085609892,6.608443987871257e-06
2011,E09000015,240499,165308,72,85681,0.0008403263267235443,202.09764125068568,male,75-79,3154,0.013114399644073365,1.1020375280088727e-05,0.0004355506085609892,5.711984745888174e-06
2011,E09000016,237927,165308,101,84891,0.0011897609876194179,283.07626250132523,female,75-79,5035,0.021161953036015247,2.517766614408524e-05,0.0006109807147869432,1.2929545192232318e-05
2011,E09000016,237927,165308,101,84891,0.0011897609876194179,283.07626250132523,male,75-79,3643,0.015311419048699811,1.8216929049235854e-05,0.0006109807147869432,9.354981754777028e-06
2011,E09000017,275499,165308,102,107741,0.0009467148068052088,260.8189825600282,female,75-79,3997,0.014508219630561273,1.3735146344634353e-05,0.0006170300287947347,8.952007176405557e-06
2011,E09000017,275499,165308,102,107741,0.0009467148068052088,260.8189825600282,male,75-79,3299,0.011974635116642892,1.1336564371015444e-05,0.0006170300287947347,7.388709450828605e-06
2011,E09000018,254927,165308,214,93861,0.002279967185519012,581.2251947028052,female,75-79,2851,0.011183593734676986,2.5498226731239546e-05,0.0012945531976673846,1.4477757030639021e-05
2011,E09000018,254927,165308,214,93861,0.002279967185519012,581.2251947028052,male,75-79,2460,0.00964982132139789,2.20012759589089e-05,0.0012945531976673846,1.2492207048534545e-05
2011,E09000019,206285,165308,347,78519,0.004419312523083585,911.6378838242973,female,75-79,1925,0.009331749763676468,4.12399185928977e-05,0.0020991119607036562,1.958838754322679e-05
2011,E09000019,206285,165308,347,78519,0.004419312523083585,911.6378838242973,male,75-79,1572,0.0076205250018178735,3.3677481573005285e-05,0.0020991119607036562,1.5996335178157148e-05
2011,E09000020,158251,165308,366,50701,0.007218792528746967,1142.3811364667363,female,75-79,1601,0.010116839704014509,7.303136686987061e-05,0.002214048926851695,2.239917808980394e-05
2011,E09000020,158251,165308,366,50701,0.007218792528746967,1142.3811364667363,male,75-79,1689,0.010672918338588697,7.704558316253059e-05,0.002214048926851695,2.363036339392808e-05
2011,E09000021,160436,165308,240,51416,0.004667807686323323,748.8843939629687,female,75-79,2088,0.013014535391059363,6.074934833231381e-05,0.001451835361869964,1.8894962699048123e-05
2011,E09000021,160436,165308,240,51416,0.004667807686323323,748.8843939629687,male,75-79,1686,0.010508863347378394,4.905335310741431e-05,0.001451835361869964,1.525713942078311e-05
2011,E09000022,304481,165308,39410,108324,0.36381595952882095,110775.04717329494,female,75-79,2459,0.008076037585268047,0.0029381913632751167,0.23840346504706367,0.0019253553441782234
2011,E09000022,304481,165308,39410,108324,0.36381595952882095,110775.04717329494,male,75-79,2057,0.006755758158965584,0.002457852636948725,0.23840346504706367,0.0016105961541173668
2011,E09000023,276938,165308,22020,112394,0.19591793156218304,54257.12013096784,female,75-79,2897,0.010460825166643798,0.0020494632290824813,0.1332058944515692,0.0013934435730242724
2011,E09000023,276938,165308,22020,112394,0.19591793156218304,54257.12013096784,male,75-79,2256,0.008146227675508598,0.0015959920762202548,0.1332058944515692,0.00108512554392225
2011,E09000024,200543,165308,921,75416,0.01221226264983558,2449.0837885859764,female,75-79,2502,0.012476127314341563,0.00015236174361552696,0.005571418201175986,6.950972279931147e-05
2011,E09000024,200543,165308,921,75416,0.01221226264983558,2449.0837885859764,male,75-79,2028,0.010112544441840404,0.00012349704878188996,0.005571418201175986,5.6341214163470684e-05
2011,E09000025,310460,165308,426,112342,0.0037919923091986967,1177.2619323138274,female,75-79,2140,0.006892997487599047,2.6138193460301523e-05,0.002577007767319186,1.776330806565438e-05
2011,E09000025,310460,165308,426,112342,0.0037919923091986967,1177.2619323138274,male,75-79,1941,0.0062520131417896025,2.3707585750675352e-05,0.002577007767319186,1.6111486427773432e-05
2011,E09000026,281395,165308,222,102662,0.002162435954881066,608.4986655237576,female,75-79,3540,0.012580180884521758,2.7203835463597342e-05,0.0013429477097297166,1.6894525106854054e-05
2011,E09000026,281395,165308,222,102662,0.002162435954881066,608.4986655237576,male,75-79,2903,0.010316459069990583,2.230868202000652e-05,0.0013429477097297166,1.3854465080564214e-05
2011,E09000027,187527,165308,203,62176,0.0032649253731343282,612.2616604477612,female,75-79,2536,0.013523385965754265,4.415284597027978e-05,0.0012280107435816779,1.6606863255547923e-05
2011,E09000027,187527,165308,203,62176,0.0032649253731343282,612.2616604477612,male,75-79,2019,0.0107664496312531,3.515165457965098e-05,0.0012280107435816779,1.32213158174098e-05
2011,E09000028,288717,165308,48341,102300,0.47254154447702834,136430.7770967742,female,75-79,2386,0.008264147937253436,0.0039051532300563865,0.2924298884506497,0.002416683859430689
2011,E09000028,288717,165308,48341,102300,0.47254154447702834,136430.7770967742,male,75-79,1895,0.006563520679419639,0.003101536199059871,0.2924298884506497,0.0019193696201262177
2011,E09000029,191123,165308,522,74422,0.007014054983741367,1340.5472306576012,female,75-79,3029,0.01584843268471089,0.000111161778256686,0.0031577419120671717,5.004526012908683e-05
2011,E09000029,191123,165308,522,74422,0.007014054983741367,1340.5472306576012,male,75-79,2339,0.012238192158976157,8.583935270465123e-05,0.0031577419120671717,3.864505230833084e-05
2011,E09000030,256012,165308,312,76079,0.004101000276028864,1049.9052826667016,female,75-79,1706,0.0066637501367123415,2.7328041150044696e-05,0.0018873859704309531,1.257706851848822e-05
2011,E09000030,256012,165308,312,76079,0.004101000276028864,1049.9052826667016,male,75-79,1528,0.005968470227958065,2.4476698052326084e-05,0.0018873859704309531,1.1264806973182884e-05
2011,E09000031,259742,165308,333,98132,0.0033933884971263195,881.4055150205845,female,75-79,2726,0.010495029683301122,3.5613713004313305e-05,0.002014421564594575,2.114141411510195e-05
2011,E09000031,259742,165308,333,98132,0.0033933884971263195,881.4055150205845,male,75-79,2247,0.008650892039023339,2.9355837535103448e-05,0.002014421564594575,1.7426543476388146e-05
2011,E09000032,307710,165308,2574,105396,0.024422179209837185,7514.948764659,female,75-79,2877,0.009349712391537486,0.0002283403515865639,0.015570934256055362,0.00014558375696165635
2011,E09000032,307710,165308,2574,105396,0.024422179209837185,7514.948764659,male,75-79,2261,0.007347827499918754,0.00017944996000598574,0.015570934256055362,0.00011441253892607056
2011,E09000033,219582,165308,836,72308,0.011561652929136471,2538.7308734856447,female,75-79,2495,0.01136249783679901,0.0001313692563971341,0.005057226510513707,5.7462725285914606e-05
2011,E09000033,219582,165308,836,72308,0.011561652929136471,2538.7308734856447,male,75-79,2293,0.010442568152216484,0.00012073334866478094,0.005057226510513707,5.281043249723534e-05
2011,E06000033,174274,165308,107,64508,0.001658708997333664,289.069851801327,female,80-84,2917,0.01673801025970598,2.776348821523749e-05,0.0006472765988336923,1.0834122352145934e-05
2011,E06000033,174274,165308,107,64508,0.001658708997333664,289.069851801327,male,80-84,1873,0.01074744368064083,1.7826881531415778e-05,0.0006472765988336923,6.956568791761857e-06
2011,E06000034,158268,165308,159,53689,0.0029615004935834156,468.71076011846003,female,80-84,1714,0.010829731847246444,3.2072256210996376e-05,0.0009618409272388511,1.0416479321703635e-05
2011,E06000034,158268,165308,159,53689,0.0029615004935834156,468.71076011846003,male,80-84,1192,0.007531528799251902,2.2304626256422217e-05,0.0009618409272388511,7.2441326437985595e-06
2011,E06000035,264885,165308,1714,99212,0.017276135951296213,4576.189271459098,female,80-84,2925,0.011042527889461464,0.0001907722130643163,0.010368524209354659,0.0001144947177543552
2011,E06000035,264885,165308,1714,99212,0.017276135951296213,4576.189271459098,male,80-84,2019,0.007622175661135965,0.00013168174296644602,0.010368524209354659,7.90307128704421e-05
2011,E06000038,155339,165308,10,47360,0.00021114864864864866,32.799619932432435,female,80-84,1552,0.00999105182858136,2.1095970921835645e-06,6.049314007791517e-05,6.043900977920827e-07
2011,E06000038,155339,165308,10,47360,0.00021114864864864866,32.799619932432435,male,80-84,1167,0.007512601471620134,1.5862756485684406e-06,6.049314007791517e-05,4.5446085317226843e-07
2011,E06000039,140713,165308,8,54239,0.0001474953446781836,20.754512435701248,female,80-84,1145,0.008137130186976328,1.200188821619326e-06,4.839451206233213e-05,3.937924449863928e-07
2011,E06000039,140713,165308,8,54239,0.0001474953446781836,20.754512435701248,male,80-84,758,0.005386851250417516,7.945354819104359e-07,4.839451206233213e-05,2.606940378163194e-07
2011,E06000042,249895,165308,14,88445,0.00015829046299960426,39.555995251286106,female,80-84,2178,0.008715660577442526,1.3796059481507758e-06,8.469039610908124e-05,7.381327466559113e-07
2011,E06000042,249895,165308,14,88445,0.00015829046299960426,39.555995251286106,male,80-84,1496,0.0059865143360211285,9.476081260025529e-07,8.469039610908124e-05,5.070002704303228e-07
2011,E06000043,272952,165308,253,87037,0.002906809747578616,793.4195342210784,female,80-84,3291,0.012057064978457752,3.504759400656975e-05,0.0015304764439712537,1.845305393296036e-05
2011,E06000043,272952,165308,253,87037,0.002906809747578616,793.4195342210784,male,80-84,2281,0.008356780679386852,2.4291571537218348e-05,0.0015304764439712537,1.2789855977235667e-05
2011,E06000044,205433,165308,17,68264,0.0002490331653580218,51.15963025899449,female,80-84,2448,0.011916293876835756,2.9675523834848213e-06,0.00010283833813245579,1.225451858991748e-06
2011,E06000044,205433,165308,17,68264,0.0002490331653580218,51.15963025899449,male,80-84,1556,0.007574245617792662,1.8862383613980318e-06,0.00010283833813245579,7.789228319408333e-07
2011,E06000047,512994,165308,10,231893,4.3123337056314764e-05,22.122013169867135,female,80-84,7538,0.014694128976167363,6.336598765882266e-07,6.049314007791517e-05,8.888940024782445e-07
2011,E06000047,512994,165308,10,231893,4.3123337056314764e-05,22.122013169867135,male,80-84,5265,0.01026327793307524,4.425867936106411e-07,6.049314007791517e-05,6.208579096640961e-07
2011,E06000060,506550,165308,25,163754,0.00015266802642988872,77.33398878806014,female,80-84,6973,0.013765669726581779,2.101577629642906e-06,0.00015123285019478792,2.0818214675910695e-06
2011,E06000060,506550,165308,25,163754,0.00015266802642988872,77.33398878806014,male,80-84,5063,0.009995064653045109,1.5259267946195373e-06,0.00015123285019478792,1.5115821153611908e-06
2011,E07000008,122725,165308,24,34511,0.000695430442467619,85.34670105183854,female,80-84,1370,0.011163169688327562,7.763208035694748e-06,0.0001451835361869964,1.620708450406886e-06
2011,E07000008,122725,165308,24,34511,0.000695430442467619,85.34670105183854,male,80-84,930,0.007577918109594622,5.269914943938771e-06,0.0001451835361869964,1.1001889480864262e-06
2011,E07000061,99308,165308,203,40047,0.0050690438734486976,503.3966089844433,female,80-84,2306,0.023220687155113384,0.00011770668196089636,0.0012280107435816779,2.8515253299828304e-05
2011,E07000061,99308,165308,203,40047,0.0050690438734486976,503.3966089844433,male,80-84,1527,0.015376404720667015,7.794367014496477e-05,0.0012280107435816779,1.8882390194639125e-05
2011,E07000062,90173,165308,190,36006,0.005276898294728657,475.8337499305672,female,80-84,1333,0.014782695485344837,7.800678059810918e-05,0.0011493696614803882,1.6990781705758458e-05
2011,E07000062,90173,165308,190,36006,0.005276898294728657,475.8337499305672,male,80-84,884,0.009803377951271446,5.173142839364481e-05,0.0011493696614803882,1.1267705197217162e-05
2011,E07000063,97584,165308,120,35106,0.003418219107844813,333.56349341992825,female,80-84,2039,0.02089481882275783,7.142306895490628e-05,0.000725917680934982,1.5167918423372975e-05
2011,E07000063,97584,165308,120,35106,0.003418219107844813,333.56349341992825,male,80-84,1436,0.014715527135595999,5.030089603690309e-05,0.000725917680934982,1.0682261332007646e-05
2011,E07000064,90729,165308,226,36720,0.0061546840958605666,558.4083333333333,female,80-84,2403,0.026485467711536554,0.00016300968689562259,0.0013671449657608828,3.6209473847649607e-05
2011,E07000064,90729,165308,226,36720,0.0061546840958605666,558.4083333333333,male,80-84,1634,0.01800967717047471,0.00011084387365270382,0.0013671449657608828,2.4621839478593197e-05
2011,E07000065,149415,165308,638,56293,0.011333558346508447,1693.4036203435596,female,80-84,2925,0.019576347756249373,0.000221869679506992,0.0038594623369709873,7.555417686069094e-05
2011,E07000065,149415,165308,638,56293,0.011333558346508447,1693.4036203435596,male,80-84,2135,0.014289060669946124,0.0001619459028196335,0.0038594623369709873,5.5148091486350486e-05
2011,E07000066,174971,165308,111,62378,0.0017794735323351182,311.356263426208,female,80-84,2509,0.014339519120311365,2.551679474100743e-05,0.0006714738548648583,9.628612180623814e-06
2011,E07000066,174971,165308,111,62378,0.0017794735323351182,311.356263426208,male,80-84,1725,0.009858776597264689,1.7543432016037393e-05,0.0006714738548648583,6.619910726016771e-06
2011,E07000067,147514,165308,9,48494,0.00018558996989318267,27.377118818822947,female,80-84,2056,0.01393766015429044,2.5866899284161744e-06,5.444382607012365e-05,7.588195452646815e-07
2011,E07000067,147514,165308,9,48494,0.00018558996989318267,27.377118818822947,male,80-84,1470,0.009965155849614275,1.8494329741107864e-06,5.444382607012365e-05,5.425412118380748e-07
2011,E07000068,73841,165308,36,24621,0.0014621664432801268,107.96783233824785,female,80-84,1308,0.01771373627117726,2.5900430760829427e-05,0.0002177753042804946,3.8576143064000614e-06
2011,E07000068,73841,165308,36,24621,0.0014621664432801268,107.96783233824785,male,80-84,910,0.012323776763586626,1.8019412838191728e-05,0.0002177753042804946,2.683814234574966e-06
2011,E07000069,87964,165308,11,33361,0.00032972632714846676,29.00404664128773,female,80-84,1468,0.01668864535491792,5.502685737960406e-06,6.654245408570669e-05,1.1105034172822678e-06
2011,E07000069,87964,165308,11,33361,0.00032972632714846676,29.00404664128773,male,80-84,1128,0.012823427765904234,4.228221738705272e-06,6.654245408570669e-05,8.533023533340588e-07
2011,E07000071,173614,165308,8,59731,0.00013393380321775962,23.25278331184812,female,80-84,2271,0.013080742336447522,1.7519535700319796e-06,4.839451206233213e-05,6.330361427854682e-07
2011,E07000071,173614,165308,8,59731,0.00013393380321775962,23.25278331184812,male,80-84,1684,0.00969967859734814,1.2991148445327404e-06,4.839451206233213e-05,4.6941121288010934e-07
2011,E07000072,124880,165308,22,48938,0.00044954840818995463,56.13960521476153,female,80-84,1982,0.015871236386931453,7.134889053751522e-06,0.00013308490817141337,2.112222037121567e-06
2011,E07000072,124880,165308,22,48938,0.00044954840818995463,56.13960521476153,male,80-84,1505,0.012051569506726457,5.417763887939476e-06,0.00013308490817141337,1.6038820211240962e-06
2011,E07000073,82177,165308,9,34960,0.0002574370709382151,21.155406178489702,female,80-84,1267,0.015417939326088809,3.969149140011421e-06,5.444382607012365e-05,8.394116070292986e-07
2011,E07000073,82177,165308,9,34960,0.0002574370709382151,21.155406178489702,male,80-84,873,0.010623410443311389,2.734859667900529e-06,5.444382607012365e-05,5.783791104471804e-07
2011,E07000074,61720,165308,8,20947,0.0003819162648589297,23.57187186709314,female,80-84,923,0.014954633830200908,5.711417894763321e-06,4.839451206233213e-05,7.23722207283418e-07
2011,E07000074,61720,165308,8,20947,0.0003819162648589297,23.57187186709314,male,80-84,681,0.011033700583279326,4.213949714337834e-06,4.839451206233213e-05,5.339705559696724e-07
2011,E07000075,83333,165308,13,29337,0.00044312642737839587,36.92705457272386,female,80-84,1394,0.01672806691226765,7.412648527779918e-06,7.864108210128971e-05,1.315513283443508e-06
2011,E07000075,83333,165308,13,29337,0.00044312642737839587,36.92705457272386,male,80-84,1016,0.012192048768195072,5.402619013073455e-06,7.864108210128971e-05,9.587959081625566e-07
2011,E07000085,116010,165308,9,39594,0.0002273071677526898,26.369904530989544,female,80-84,1852,0.015964141022325663,3.6287636813893766e-06,5.444382607012365e-05,8.691489171784244e-07
2011,E07000085,116010,165308,9,39594,0.0002273071677526898,26.369904530989544,male,80-84,1361,0.011731747263166968,2.6667102431808536e-06,5.444382607012365e-05,6.387212074945116e-07
2011,E07000095,93702,165308,9,36221,0.00024847464178239144,23.282570884293644,female,80-84,1360,0.014514097884783675,3.606385272716189e-06,5.444382607012365e-05,7.90203020803912e-07
2011,E07000095,93702,165308,9,36221,0.00024847464178239144,23.282570884293644,male,80-84,945,0.010085163603765128,2.505907413762352e-06,5.444382607012365e-05,5.4907489313213e-07
2011,E07000103,90653,165308,10,32552,0.0003072007864340133,27.848672892602604,female,80-84,1036,0.01142819322030159,3.510749944796507e-06,6.049314007791517e-05,6.913272933131845e-07
2011,E07000103,90653,165308,10,32552,0.0003072007864340133,27.848672892602604,male,80-84,666,0.007346695641622451,2.2569106787977546e-06,6.049314007791517e-05,4.444246885584758e-07
2011,E07000105,118405,165308,683,38958,0.0175317008059962,2075.8410339339803,female,80-84,1603,0.013538279633461424,0.0002373490679617576,0.004131681467321606,5.593585906099011e-05
2011,E07000105,118405,165308,683,38958,0.0175317008059962,2075.8410339339803,male,80-84,1157,0.009771546809678646,0.00017131183507907273,0.004131681467321606,4.0372918860614826e-05
2011,E07000106,150600,165308,838,52154,0.01606779921003183,2419.8105610307935,female,80-84,2607,0.017310756972111555,0.000278145767201547,0.005069325138529291,8.775385548569629e-05
2011,E07000106,150600,165308,838,52154,0.01606779921003183,2419.8105610307935,male,80-84,1744,0.011580345285524568,0.00018607066283064748,0.005069325138529291,5.870453546875885e-05
2011,E07000107,97604,165308,1205,33838,0.03561085170518352,3475.761569832732,female,80-84,1227,0.012571206098110733,0.00044767135611512005,0.007289423379388777,9.163684363868314e-05
2011,E07000107,97604,165308,1205,33838,0.03561085170518352,3475.761569832732,male,80-84,910,0.009323388385721897,0.0003320138011937729,0.007289423379388777,6.796212527400299e-05
2011,E07000108,111718,165308,643,40077,0.016044115078473937,1792.4164483369514,female,80-84,1914,0.01713242270717342,0.0002748745614869503,0.003889708907009945,6.664013720275188e-05
2011,E07000108,111718,165308,643,40077,0.016044115078473937,1792.4164483369514,male,80-84,1351,0.01209294831629639,0.0001940206544246969,0.003889708907009945,4.7038048777908984e-05
2011,E07000109,101766,165308,1146,35711,0.032090952367617824,3265.7678586429956,female,80-84,1376,0.013521215337146002,0.00043390867733665594,0.006932513852929078,9.373601263320176e-05
2011,E07000109,101766,165308,1146,35711,0.032090952367617824,3265.7678586429956,male,80-84,1026,0.010081952715052179,0.0003235394643513147,0.006932513852929078,6.989327686167515e-05
2011,E07000110,155764,165308,1006,47534,0.02116379854419994,3296.5579164387595,female,80-84,2226,0.014290850260650727,0.0003024486759417392,0.006085609891838265,8.696853970899552e-05
2011,E07000110,155764,165308,1006,47534,0.02116379854419994,3296.5579164387595,male,80-84,1548,0.00993811150201587,0.00021032818973846013,0.006085609891838265,6.0479469662859414e-05
2011,E07000111,115351,165308,1493,33141,0.045049938143085604,5196.555414743068,female,80-84,1889,0.016376104238368112,0.0007377424829632055,0.009031625813632734,0.00014790284576598586
2011,E07000111,115351,165308,1493,33141,0.045049938143085604,5196.555414743068,male,80-84,1412,0.01224089951539215,0.0005514517659841429,0.009031625813632734,0.00011055522404530016
2011,E07000112,108199,165308,674,39104,0.017236088379705403,1864.927526595745,female,80-84,1936,0.017892956496825294,0.00030840457955350477,0.004077237641251482,7.295383574213133e-05
2011,E07000112,108199,165308,674,39104,0.017236088379705403,1864.927526595745,male,80-84,1381,0.012763519071340771,0.00021999314274968496,0.004077237641251482,5.203990039250175e-05
2011,E07000113,136324,165308,898,51193,0.017541460746586447,2391.322094817651,female,80-84,1818,0.013335876294709663,0.00023393075054498226,0.005432283978996782,7.244426714163427e-05
2011,E07000113,136324,165308,898,51193,0.017541460746586447,2391.322094817651,male,80-84,1302,0.009550776092250815,0.00016753456392165397,0.005432283978996782,5.188252795291959e-05
2011,E07000114,134402,165308,826,52563,0.015714475962178717,2112.056998268744,female,80-84,2613,0.019441674975074777,0.0003055157340603041,0.004996733370435793,9.71448661251226e-05
2011,E07000114,134402,165308,826,52563,0.015714475962178717,2112.056998268744,male,80-84,1723,0.012819749706105565,0.00020145564859774356,0.004996733370435793,6.405687115713212e-05
2011,E07000115,121087,165308,974,37881,0.025712098413452653,3113.4008605897416,female,80-84,1662,0.013725668321124481,0.0003529157346631621,0.005892031843588937,8.087207482260535e-05
2011,E07000115,121087,165308,974,37881,0.025712098413452653,3113.4008605897416,male,80-84,1259,0.010397482801621975,0.00026734110104748563,0.005892031843588937,6.1262299760325e-05
2011,E07000116,115246,165308,906,38118,0.023768298441681095,2739.2013222099795,female,80-84,1762,0.01528903389271645,0.00036339432044706185,0.005480678491059114,8.379427920488484e-05
2011,E07000116,115246,165308,906,38118,0.023768298441681095,2739.2013222099795,male,80-84,1222,0.010603404890408345,0.0002520248919332064,0.005480678491059114,5.8113853114852034e-05
2011,E07000130,165876,165308,8,46529,0.00017193578198542844,28.520019772614926,female,80-84,2412,0.014540982420603343,2.500115183322804e-06,4.839451206233213e-05,7.037037491520479e-07
2011,E07000130,165876,165308,8,46529,0.00017193578198542844,28.520019772614926,male,80-84,1669,0.01006173286069112,1.7299719075314094e-06,4.839451206233213e-05,4.869326522946799e-07
2011,E07000178,150245,165308,18,41750,0.0004311377245508982,64.77628742514969,female,80-84,1469,0.009777363639388997,4.215390311592861e-06,0.0001088876521402473,1.0646341708144914e-06
2011,E07000178,150245,165308,18,41750,0.0004311377245508982,64.77628742514969,male,80-84,1058,0.007041831674930946,3.0359992850001682e-06,0.0001088876521402473,7.667685178500558e-07
2011,E07000200,87901,165308,10,31239,0.0003201126796632415,28.13822465507859,female,80-84,1543,0.01755383897794109,5.619206433605779e-06,6.049314007791517e-05,1.0618868401977577e-06
2011,E07000200,87901,165308,10,31239,0.0003201126796632415,28.13822465507859,male,80-84,1151,0.013094276515625534,4.1916439436683425e-06,6.049314007791517e-05,7.921139034786903e-07
2011,E07000207,131428,165308,94,42682,0.0022023335363853614,289.44829202005525,female,80-84,1861,0.014159844173235537,3.118469969270747e-05,0.0005686355167324026,8.05179030829809e-06
2011,E07000207,131428,165308,94,42682,0.0022023335363853614,289.44829202005525,male,80-84,1406,0.010697872599446085,2.3560283593738155e-05,0.0005686355167324026,6.083190313523435e-06
2011,E07000208,75191,165308,63,24986,0.0025214119907148004,189.58748899383656,female,80-84,1078,0.01433682222606429,3.614903546954496e-05,0.00038110678249086554,5.46386018971889e-06
2011,E07000208,75191,165308,63,24986,0.0025214119907148004,189.58748899383656,male,80-84,774,0.010293785160458034,2.595487333342096e-05,0.00038110678249086554,3.923031342154379e-06
2011,E07000209,137580,165308,31,46466,0.0006671544785434512,91.78711315800801,female,80-84,1841,0.013381305422299752,8.927397841245046e-06,0.00018752873424153702,2.5093792683432887e-06
2011,E07000209,137580,165308,31,46466,0.0006671544785434512,91.78711315800801,male,80-84,1365,0.00992150021805495,6.619173304345188e-06,0.00018752873424153702,1.8605663776689785e-06
2011,E07000210,85637,165308,54,29167,0.0018514074124867145,158.54897658312478,female,80-84,1503,0.017550824993869472,3.2493727488907035e-05,0.0003266629564207419,5.733204380120451e-06
2011,E07000210,85637,165308,54,29167,0.0018514074124867145,158.54897658312478,male,80-84,1195,0.013954248747620772,2.5834999567028547e-05,0.0003266629564207419,4.558336150528236e-06
2011,E07000211,138375,165308,168,49074,0.0034234013938134245,473.7131678689326,female,80-84,2003,0.014475158084914182,4.955427636356487e-05,0.0010162847533089748,1.4710882463435421e-05
2011,E07000211,138375,165308,168,49074,0.0034234013938134245,473.7131678689326,male,80-84,1430,0.01033423667570009,3.53782402395895e-05,0.0010162847533089748,1.0502527170600425e-05
2011,E07000212,80501,165308,9,27370,0.0003288271830471319,26.470917062477163,female,80-84,1223,0.015192357858908585,4.995660238588866e-06,5.444382607012365e-05,8.271300888654951e-07
2011,E07000212,80501,165308,9,27370,0.0003288271830471319,26.470917062477163,male,80-84,867,0.010770052545931106,3.5414860399481168e-06,5.444382607012365e-05,5.863628675767656e-07
2011,E07000213,95852,165308,38,34747,0.0010936195930583935,104.82562523383314,female,80-84,1484,0.01548220172766348,1.693163915305529e-05,0.00022987393229607762,3.558954591739131e-06
2011,E07000213,95852,165308,38,34747,0.0010936195930583935,104.82562523383314,male,80-84,1080,0.011267370529566416,1.2322217173382559e-05,0.00022987393229607762,2.5900747702683703e-06
2011,E07000214,86378,165308,31,33770,0.0009179745336097127,79.29280426413976,female,80-84,1135,0.013139919887008265,1.2062111829945402e-05,0.00018752873424153702,2.46411254444586e-06
2011,E07000214,86378,165308,31,33770,0.0009179745336097127,79.29280426413976,male,80-84,888,0.010280395471069022,9.437141237877989e-06,0.00018752873424153702,1.9278695501920034e-06
2011,E07000215,83178,165308,347,29248,0.0118640590809628,986.8287062363238,female,80-84,1373,0.01650676861670153,0.00019583727810432958,0.0020991119607036562,3.464955543588593e-05
2011,E07000215,83178,165308,347,29248,0.0118640590809628,986.8287062363238,male,80-84,1012,0.012166678689076438,0.0001443461947862939,0.0020991119607036562,2.5539220758278632e-05
2011,E07000216,121754,165308,16,43976,0.00036383481899217757,44.298344551573585,female,80-84,2000,0.01642656504098428,5.976556318349747e-06,9.678902412466426e-05,1.5899112000371938e-06
2011,E07000216,121754,165308,16,43976,0.00036383481899217757,44.298344551573585,male,80-84,1444,0.01185997995959065,4.3150736618485174e-06,9.678902412466426e-05,1.147915886426854e-06
2011,E07000217,99493,165308,25,33858,0.0007383779313603875,73.46343552483903,female,80-84,1375,0.01382006774345934,1.0204433031675926e-05,0.00015123285019478792,2.090048234728407e-06
2011,E07000217,99493,165308,25,33858,0.0007383779313603875,73.46343552483903,male,80-84,913,0.009176524981657,6.775743533032814e-06,0.00015123285019478792,1.387792027859662e-06
2011,E07000223,61334,165308,37,24872,0.0014876165969765198,91.24147635895787,female,80-84,1238,0.020184563211269442,3.0026891235806103e-05,0.00022382461828828612,4.517802156078166e-06
2011,E07000223,61334,165308,37,24872,0.0014876165969765198,91.24147635895787,male,80-84,848,0.013825936674601363,2.056769286588334e-05,0.00022382461828828612,3.094584998670666e-06
2011,E07000224,149811,165308,31,61570,0.0005034919603703102,75.42863407503654,female,80-84,3488,0.023282669496899427,1.1722636907647916e-05,0.00018752873424153702,4.366169540517593e-06
2011,E07000224,149811,165308,31,61570,0.0005034919603703102,75.42863407503654,male,80-84,2550,0.017021447023249293,8.570161730075168e-06,0.00018752873424153702,3.1920104152293184e-06
2011,E07000225,113995,165308,8,44206,0.0001809709089263901,20.62977876306384,female,80-84,2514,0.022053598842054475,3.991059827544583e-06,4.839451206233213e-05,1.0672731551796392e-06
2011,E07000225,113995,165308,8,44206,0.0001809709089263901,20.62977876306384,male,80-84,1765,0.015483135225229176,2.8019970547399317e-06,4.839451206233213e-05,7.492987744200728e-07
2011,E07000226,107053,165308,93,37608,0.0024728781110402043,264.729020421187,female,80-84,1497,0.013983727686286232,3.4580054106164106e-05,0.000562586202724611,7.867052258962782e-06
2011,E07000226,107053,165308,93,37608,0.0024728781110402043,264.729020421187,male,80-84,962,0.008986203095662896,2.22217849366265e-05,0.000562586202724611,5.055513876501133e-06
2011,E07000227,131540,165308,61,45394,0.0013437899281843416,176.7621271533683,female,80-84,2230,0.016953018093355633,2.278129496617821e-05,0.0003690081544752825,6.255801919415234e-06
2011,E07000227,131540,165308,61,45394,0.0013437899281843416,176.7621271533683,male,80-84,1658,0.012604530941158583,1.6937841728216804e-05,0.0003690081544752825,4.651174700623524e-06
2011,E07000228,140188,165308,399,44892,0.008887997861534349,1245.9906442127774,female,80-84,2343,0.016713270750706194,0.00014854751469152124,0.002413676289108815,4.0340425324435424e-05
2011,E07000228,140188,165308,399,44892,0.008887997861534349,1245.9906442127774,male,80-84,1610,0.01148457785259794,0.00010207490339451523,0.002413676289108815,2.7720053253239877e-05
2011,E07000229,104998,165308,33,39714,0.0008309412297930201,87.24716724580752,female,80-84,2117,0.02016228880550106,1.6753677055485092e-05,0.00019962736225712004,4.024944531308436e-06
2011,E07000229,104998,165308,33,39714,0.0008309412297930201,87.24716724580752,male,80-84,1447,0.013781214880283435,1.1451379640664585e-05,0.00019962736225712004,2.7511075752495544e-06
2011,E07000241,110727,165308,12,36606,0.00032781511227667593,36.2979839370595,female,80-84,1671,0.015091170175295997,4.947113645401081e-06,7.25917680934982e-05,1.0954947256246035e-06
2011,E07000241,110727,165308,12,36606,0.00032781511227667593,36.2979839370595,male,80-84,1156,0.010440091395955819,3.422419733144015e-06,7.25917680934982e-05,7.578646934901507e-07
2011,E07000242,138155,165308,8,44545,0.00017959366932315636,24.81176338534067,female,80-84,1728,0.012507690637327639,2.246302056316559e-06,4.839451206233213e-05,6.053035854200711e-07
2011,E07000242,138155,165308,8,44545,0.00017959366932315636,24.81176338534067,male,80-84,1349,0.009764395063515617,1.753623538177684e-06,4.839451206233213e-05,4.7254313468268283e-07
2011,E08000035,750683,165308,8,281107,2.845891422127517e-05,21.36362310436951,female,80-84,9818,0.013078756279281668,3.72207203073041e-07,4.839451206233213e-05,6.329400285179987e-07
2011,E08000035,750683,165308,8,281107,2.845891422127517e-05,21.36362310436951,male,80-84,6615,0.008811975227892467,2.507792471305934e-07,4.839451206233213e-05,4.264512414592139e-07
2011,E09000001,7412,165308,20,2137,0.009358914365933552,69.36827328029949,female,80-84,82,0.011063140852671344,0.0001035389878584122,0.00012098628015583033,1.338488258604707e-06
2011,E09000001,7412,165308,20,2137,0.009358914365933552,69.36827328029949,male,80-84,78,0.010523475445223961,9.84883055238555e-05,0.00012098628015583033,1.2731961484288675e-06
2011,E09000002,187029,165308,213,69590,0.0030607845954878574,572.4554821094985,female,80-84,1989,0.010634714402579279,3.255057002082751e-05,0.001288503883659593,1.370287080933401e-05
2011,E09000002,187029,165308,213,69590,0.0030607845954878574,572.4554821094985,male,80-84,1216,0.006501665517112319,1.9900197659791982e-05,0.001288503883659593,8.37742126905488e-06
2011,E09000003,357538,165308,214,138470,0.001545461110709901,552.5610746009966,female,80-84,4140,0.011579188785527692,1.7895185961601258e-05,0.0012945531976673846,1.4989875868699193e-05
2011,E09000003,357538,165308,214,138470,0.001545461110709901,552.5610746009966,male,80-84,2920,0.0081669640709519,1.2621725364221177e-05,0.0012945531976673846,1.0572569453285422e-05
2011,E09000004,232774,165308,4151,34157,0.12152706619433791,28288.341306320814,female,80-84,3537,0.01519499600470843,0.0018466032852869016,0.025110702446342583,0.00038155702334759776
2011,E09000004,232774,165308,4151,34157,0.12152706619433791,28288.341306320814,male,80-84,2393,0.010280357771916108,0.001249341719449125,0.025110702446342583,0.0002581470050525308
2011,E09000005,312245,165308,417,114282,0.0036488685882291173,1139.3409723316008,female,80-84,2560,0.008198690131147017,2.9915942884166412e-05,0.0025225639412490624,2.068172009030601e-05
2011,E09000005,312245,165308,417,114282,0.0036488685882291173,1139.3409723316008,male,80-84,1927,0.006171435891687617,2.25187585694487e-05,0.0025225639412490624,1.5567841646101437e-05
2011,E09000006,310554,165308,10197,36965,0.2758555390234005,85668.04106587311,female,80-84,4952,0.01594569704463636,0.0043987088533520066,0.061684854937450094,0.0009836080090749205
2011,E09000006,310554,165308,10197,36965,0.2758555390234005,85668.04106587311,male,80-84,3356,0.010806494200686516,0.0029810312826836303,0.061684854937450094,0.0006665970271517434
2011,E09000007,220087,165308,382,72962,0.005235602094240838,1152.2879581151833,female,80-84,1992,0.009050966208817422,4.7387257637787554e-05,0.0023108379509763593,2.091531620833992e-05
2011,E09000007,220087,165308,382,72962,0.005235602094240838,1152.2879581151833,male,80-84,1454,0.006606478347199062,3.458889187015216e-05,0.0023108379509763593,1.5266500887011165e-05
2011,E09000008,364815,165308,8115,136880,0.05928550555230859,21628.24170806546,female,80-84,3798,0.010410756136672012,0.0006172069407443993,0.04909018317322816,0.0005110659257210382
2011,E09000008,364815,165308,8115,136880,0.05928550555230859,21628.24170806546,male,80-84,2652,0.007269437934295465,0.0004309723030158365,0.04909018317322816,0.0003568580397609777
2011,E09000009,339314,165308,312,135612,0.0023006813556322447,780.6533935049995,female,80-84,2828,0.0083344630637109,1.9174943779885263e-05,0.0018873859704309531,1.573034865752293e-05
2011,E09000009,339314,165308,312,135612,0.0023006813556322447,780.6533935049995,male,80-84,2097,0.006180116352405147,1.4218478467616478e-05,0.0018873859704309531,1.1664264899160391e-05
2011,E09000010,313935,165308,223,122444,0.0018212407304563718,571.7512087158211,female,80-84,3206,0.010212305095003742,1.8599065990867945e-05,0.0013489970237375083,1.377636917865944e-05
2011,E09000010,313935,165308,223,122444,0.0018212407304563718,571.7512087158211,male,80-84,2347,0.007476069887078536,1.3615722982085797e-05,0.0013489970237375083,1.0085196026922555e-05
2011,E09000011,255483,165308,5537,32537,0.1701754925162123,43476.94535451947,female,80-84,2228,0.008720736800491617,0.0014840556801279184,0.033495051661141625,0.00029210152965568564
2011,E09000011,255483,165308,5537,32537,0.1701754925162123,43476.94535451947,male,80-84,1521,0.005953429386691091,0.0010131277780406481,0.033495051661141625,0.0001994104248681768
2011,E09000012,247182,165308,409,88435,0.004624865720585741,1143.1835585458246,female,80-84,1339,0.005417061112864206,2.505318024720371e-05,0.00247416942918673,1.3402727001484864e-05
2011,E09000012,247182,165308,409,88435,0.004624865720585741,1143.1835585458246,male,80-84,994,0.00402132841388127,1.8598103932576914e-05,0.00247416942918673,9.949447826345e-06
2011,E09000013,182445,165308,389,63620,0.006114429424709211,1115.5470763910719,female,80-84,1351,0.0074049713612321525,4.527717478024689e-05,0.0023531831490309,1.7425253826307906e-05
2011,E09000013,182445,165308,389,63620,0.006114429424709211,1115.5470763910719,male,80-84,908,0.00497684233604648,3.0430551221661125e-05,0.0023531831490309,1.1711421520568157e-05
2011,E09000014,255540,165308,300,94034,0.003190335410596167,815.2583108237445,female,80-84,1714,0.006707364796118024,2.1398743420841476e-05,0.001814794202337455,1.2172486744957336e-05
2011,E09000014,255540,165308,300,94034,0.003190335410596167,815.2583108237445,male,80-84,1182,0.004625498943413947,1.4756893070848673e-05,0.001814794202337455,8.394328665425655e-06
2011,E09000015,240499,165308,72,85681,0.0008403263267235443,202.09764125068568,female,80-84,2868,0.011925205510210021,1.0021064141818158e-05,0.0004355506085609892,5.194030517186836e-06
2011,E09000015,240499,165308,72,85681,0.0008403263267235443,202.09764125068568,male,80-84,2050,0.00852394396650298,7.162894522568767e-06,0.0004355506085609892,3.7126089819501445e-06
2011,E09000016,237927,165308,101,84891,0.0011897609876194179,283.07626250132523,female,80-84,4240,0.01782059203032863,2.120224517396652e-05,0.0006109807147869432,1.088803805661669e-05
2011,E09000016,237927,165308,101,84891,0.0011897609876194179,283.07626250132523,male,80-84,2800,0.011768315491726454,1.4001482662053361e-05,0.0006109807147869432,7.190213810973286e-06
2011,E09000017,275499,165308,102,107741,0.0009467148068052088,260.8189825600282,female,80-84,3056,0.0110925992471842,1.0501527953265595e-05,0.0006170300287947347,6.844466832898519e-06
2011,E09000017,275499,165308,102,107741,0.0009467148068052088,260.8189825600282,male,80-84,2174,0.007891135721000803,7.470655029580957e-06,0.0006170300287947347,4.869067701152285e-06
2011,E09000018,254927,165308,214,93861,0.002279967185519012,581.2251947028052,female,80-84,2175,0.008531854217089598,1.9452347646596284e-05,0.0012945531976673846,1.10449391587653e-05
2011,E09000018,254927,165308,214,93861,0.002279967185519012,581.2251947028052,male,80-84,1551,0.006084094662393548,1.3871536183848662e-05,0.0012945531976673846,7.876184200112634e-06
2011,E09000019,206285,165308,347,78519,0.004419312523083585,911.6378838242973,female,80-84,1460,0.007077586833749424,3.127806812760033e-05,0.0020991119607036562,1.4856647175642136e-05
2011,E09000019,206285,165308,347,78519,0.004419312523083585,911.6378838242973,male,80-84,1067,0.005172455583294956,2.2858697734349007e-05,0.0020991119607036562,1.0857563381102849e-05
2011,E09000020,158251,165308,366,50701,0.007218792528746967,1142.3811364667363,female,80-84,1378,0.00870768589140037,6.285897785551637e-05,0.002214048926851695,1.9279242603216633e-05
2011,E09000020,158251,165308,366,50701,0.007218792528746967,1142.3811364667363,male,80-84,1069,0.00675509159499782,4.8763604736971695e-05,0.002214048926851695,1.4956103296689826e-05
2011,E09000021,160436,165308,240,51416,0.004667807686323323,748.8843939629687,female,80-84,1807,0.011263058166496297,5.257378948107809e-05,0.001451835361869964,1.6352106128917603e-05
2011,E09000021,160436,165308,240,51416,0.004667807686323323,748.8843939629687,male,80-84,1230,0.007666608491859682,3.578625404633429e-05,0.001451835361869964,1.1130653314094441e-05
2011,E09000022,304481,165308,39410,108324,0.36381595952882095,110775.04717329494,female,80-84,1920,0.006305812185325193,0.0022941551108126164,0.23840346504706367,0.0015033274749175227
2011,E09000022,304481,165308,39410,108324,0.36381595952882095,110775.04717329494,male,80-84,1371,0.004502744013583771,0.001638170133814634,0.23840346504706367,0.0010734697750582937
2011,E09000023,276938,165308,22020,112394,0.19591793156218304,54257.12013096784,female,80-84,2372,0.00856509399215709,0.0016780554985790978,0.1332058944515692,0.0011409210062870467
2011,E09000023,276938,165308,22020,112394,0.19591793156218304,54257.12013096784,male,80-84,1531,0.005528313196455525,0.001083095686477487,0.1332058944515692,0.0007364039041422717
2011,E09000024,200543,165308,921,75416,0.01221226264983558,2449.0837885859764,female,80-84,2044,0.010192327829941708,0.00012447138447247685,0.005571418201175986,5.6785720784089775e-05
2011,E09000024,200543,165308,921,75416,0.01221226264983558,2449.0837885859764,male,80-84,1408,0.007020938152914836,8.574154077164745e-05,0.005571418201175986,3.911658261448063e-05
2011,E09000025,310460,165308,426,112342,0.0037919923091986967,1177.2619323138274,female,80-84,1532,0.00493461315467371,1.8712015131393425e-05,0.002577007767319186,1.2716536428309582e-05
2011,E09000025,310460,165308,426,112342,0.0037919923091986967,1177.2619323138274,male,80-84,1218,0.003923210719577401,1.487678487600339e-05,0.002577007767319186,1.0110144497180856e-05
2011,E09000026,281395,165308,222,102662,0.002162435954881066,608.4986655237576,female,80-84,3086,0.010966790454698911,2.37149819888874e-05,0.0013429477097297166,1.472782612422362e-05
2011,E09000026,281395,165308,222,102662,0.002162435954881066,608.4986655237576,male,80-84,2019,0.00717496757227385,1.5515407853390688e-05,0.0013429477097297166,9.63560626857015e-06
2011,E09000027,187527,165308,203,62176,0.0032649253731343282,612.2616604477612,female,80-84,2203,0.011747641672932432,3.835517337244731e-05,0.0012280107435816779,1.442623018610886e-05
2011,E09000027,187527,165308,203,62176,0.0032649253731343282,612.2616604477612,male,80-84,1485,0.007918859684205474,2.5854485909252945e-05,0.0012280107435816779,9.724444769120134e-06
2011,E09000028,288717,165308,48341,102300,0.47254154447702834,136430.7770967742,female,80-84,1929,0.006681283055725849,0.003157183814240892,0.2924298884506497,0.001953806858693126
2011,E09000028,288717,165308,48341,102300,0.47254154447702834,136430.7770967742,male,80-84,1280,0.00443340710799849,0.002094969042109042,0.2924298884506497,0.001296460746048316
2011,E09000029,191123,165308,522,74422,0.007014054983741367,1340.5472306576012,female,80-84,2460,0.012871292309141233,9.0279951968124e-05,0.0031577419120671717,4.064421918704312e-05
2011,E09000029,191123,165308,522,74422,0.007014054983741367,1340.5472306576012,male,80-84,1698,0.008884331032895047,6.231518635848558e-05,0.0031577419120671717,2.8054424463251717e-05
2011,E09000030,256012,165308,312,76079,0.004101000276028864,1049.9052826667016,female,80-84,1353,0.005284908519913129,2.1673411298951038e-05,0.0018873859704309531,9.974662195495052e-06
2011,E09000030,256012,165308,312,76079,0.004101000276028864,1049.9052826667016,male,80-84,1065,0.0041599612518163215,1.7060002241968116e-05,0.0018873859704309531,7.85145250421451e-06
2011,E09000031,259742,165308,333,98132,0.0033933884971263195,881.4055150205845,female,80-84,2154,0.008292844437942266,2.8140842924171264e-05,0.002014421564594575,1.6705284667619077e-05
2011,E09000031,259742,165308,333,98132,0.0033933884971263195,881.4055150205845,male,80-84,1518,0.005844260843452349,1.9831847520376965e-05,0.002014421564594575,1.1772805072166091e-05
2011,E09000032,307710,165308,2574,105396,0.024422179209837185,7514.948764659,female,80-84,2168,0.007045594878294498,0.00017206878075761925,0.015570934256055362,0.00010970649464472402
2011,E09000032,307710,165308,2574,105396,0.024422179209837185,7514.948764659,male,80-84,1501,0.004877969516752787,0.00011913064571825944,0.015570934256055362,7.595454264839979e-05
2011,E09000033,219582,165308,836,72308,0.011561652929136471,2538.7308734856447,female,80-84,1854,0.008443315025821789,9.761867789991447e-05,0.005057226510513707,4.269975658520468e-05
2011,E09000033,219582,165308,836,72308,0.011561652929136471,2538.7308734856447,male,80-84,1598,0.007277463544370668,8.413950770445702e-05,0.005057226510513707,3.680378156588839e-05
2011,E06000033,174274,165308,107,64508,0.001658708997333664,289.069851801327,female,85-89,2098,0.012038514064060044,1.996839159258425e-05,0.0006472765988336923,7.792248438396355e-06
2011,E06000033,174274,165308,107,64508,0.001658708997333664,289.069851801327,male,85-89,1119,0.0064209233735382214,1.0650443370877872e-05,0.0006472765988336923,4.156113442595578e-06
2011,E06000034,158268,165308,159,53689,0.0029615004935834156,468.71076011846003,female,85-89,1215,0.007676851922056259,2.2735000756336405e-05,0.0009618409272388511,7.383910370985948e-06
2011,E06000034,158268,165308,159,53689,0.0029615004935834156,468.71076011846003,male,85-89,631,0.003986908282154321,1.1807230845471828e-05,0.0009618409272388511,3.834771558923566e-06
2011,E06000035,264885,165308,1714,99212,0.017276135951296213,4576.189271459098,female,85-89,1928,0.007278630349019386,0.00012574660744888951,0.010368524209354659,7.546865498475105e-05
2011,E06000035,264885,165308,1714,99212,0.017276135951296213,4576.189271459098,male,85-89,964,0.003639315174509693,6.287330372444476e-05,0.010368524209354659,3.7734327492375525e-05
2011,E06000038,155339,165308,10,47360,0.00021114864864864866,32.799619932432435,female,85-89,1105,0.007113474401148456,1.5020005069992519e-06,6.049314007791517e-05,4.303164033893373e-07
2011,E06000038,155339,165308,10,47360,0.00021114864864864866,32.799619932432435,male,85-89,638,0.004107146305821462,8.672183922764911e-07,6.049314007791517e-05,2.484541767985495e-07
2011,E06000039,140713,165308,8,54239,0.0001474953446781836,20.754512435701248,female,85-89,674,0.0047898914812419605,7.064866949968783e-07,4.839451206233213e-05,2.3180446106622597e-07
2011,E06000039,140713,165308,8,54239,0.0001474953446781836,20.754512435701248,male,85-89,417,0.00296347885412151,4.370993350351607e-07,4.839451206233213e-05,1.434161131522496e-07
2011,E06000042,249895,165308,14,88445,0.00015829046299960426,39.555995251286106,female,85-89,1569,0.006278637027551571,9.938483620975973e-07,8.469039610908124e-05,5.31740256888487e-07
2011,E06000042,249895,165308,14,88445,0.00015829046299960426,39.555995251286106,male,85-89,818,0.0032733748174233177,5.18144015421182e-07,8.469039610908124e-05,2.7722340990107224e-07
2011,E06000043,272952,165308,253,87037,0.002906809747578616,793.4195342210784,female,85-89,2448,0.008968609865470852,2.6070042579180412e-05,0.0015304764439712537,1.3726246134271332e-05
2011,E06000043,272952,165308,253,87037,0.002906809747578616,793.4195342210784,male,85-89,1271,0.004656496380315953,1.3535549067866953e-05,0.0015304764439712537,7.1266580215109734e-06
2011,E06000044,205433,165308,17,68264,0.0002490331653580218,51.15963025899449,female,85-89,1807,0.008796055161536852,2.1905094595412877e-06,0.00010283833813245579,9.045716949338598e-07
2011,E06000044,205433,165308,17,68264,0.0002490331653580218,51.15963025899449,male,85-89,952,0.004634114285436128,1.1540481491329862e-06,0.00010283833813245579,4.7656461183012424e-07
2011,E06000047,512994,165308,10,231893,4.3123337056314764e-05,22.122013169867135,female,85-89,4737,0.009234026128960572,3.9820202114598425e-07,6.049314007791517e-05,5.585952361023407e-07
2011,E06000047,512994,165308,10,231893,4.3123337056314764e-05,22.122013169867135,male,85-89,2652,0.005169651107030491,2.2293260715202662e-07,6.049314007791517e-05,3.1272842857154473e-07
2011,E06000060,506550,165308,25,163754,0.00015266802642988872,77.33398878806014,female,85-89,4717,0.009312012634488205,1.421646590997503e-06,0.00015123285019478792,1.408282211763527e-06
2011,E06000060,506550,165308,25,163754,0.00015266802642988872,77.33398878806014,male,85-89,2658,0.005247260882440035,8.010889630848765e-07,0.00015123285019478792,7.935582189670245e-07
2011,E07000008,122725,165308,24,34511,0.000695430442467619,85.34670105183854,female,85-89,1081,0.008808311265023426,6.125567800427754e-06,0.0001451835361869964,1.2788217772918565e-06
2011,E07000008,122725,165308,24,34511,0.000695430442467619,85.34670105183854,male,85-89,606,0.004937869219800366,3.4339445763730055e-06,0.0001451835361869964,7.168973145595422e-07
2011,E07000061,99308,165308,203,40047,0.0050690438734486976,503.3966089844433,female,85-89,1698,0.0170983203770089,8.667213615333999e-05,0.0012280107435816779,2.0996921120168455e-05
2011,E07000061,99308,165308,203,40047,0.0050690438734486976,503.3966089844433,male,85-89,905,0.009113062391750916,4.619451308526072e-05,0.0012280107435816779,1.1190938524000267e-05
2011,E07000062,90173,165308,190,36006,0.005276898294728657,475.8337499305672,female,85-89,1007,0.01116742262096193,5.892935338506823e-05,0.0011493696614803882,1.2835496757463442e-05
2011,E07000062,90173,165308,190,36006,0.005276898294728657,475.8337499305672,male,85-89,503,0.005578166413449702,2.94354168348454e-05,0.0011493696614803882,6.411375242307956e-06
2011,E07000063,97584,165308,120,35106,0.003418219107844813,333.56349341992825,female,85-89,1422,0.01457206099360551,4.9810497329022425e-05,0.000725917680934982,1.0578116722921221e-05
2011,E07000063,97584,165308,120,35106,0.003418219107844813,333.56349341992825,male,85-89,799,0.008187817675028693,2.7987754828332568e-05,0.000725917680934982,5.943681618575285e-06
2011,E07000064,90729,165308,226,36720,0.0061546840958605666,558.4083333333333,female,85-89,1792,0.019751126982552436,0.00012156194711483798,0.0013671449657608828,2.70026538223005e-05
2011,E07000064,90729,165308,226,36720,0.0061546840958605666,558.4083333333333,male,85-89,1052,0.011594969634846632,7.136337520357677e-05,0.0013671449657608828,1.5852004364430875e-05
2011,E07000065,149415,165308,638,56293,0.011333558346508447,1693.4036203435596,female,85-89,2015,0.013485928454305122,0.00015284355699370558,0.0038594623369709873,5.204843294847598e-05
2011,E07000065,149415,165308,638,56293,0.011333558346508447,1693.4036203435596,male,85-89,1166,0.007803768028645049,8.844446027526587e-05,0.0038594623369709873,3.0118348793013896e-05
2011,E07000066,174971,165308,111,62378,0.0017794735323351182,311.356263426208,female,85-89,1566,0.008950054580473335,1.592638523890699e-05,0.0006714738548648583,6.009727650401312e-06
2011,E07000066,174971,165308,111,62378,0.0017794735323351182,311.356263426208,male,85-89,805,0.004600762412056855,8.18693494081745e-06,0.0006714738548648583,3.0892916721411602e-06
2011,E07000067,147514,165308,9,48494,0.00018558996989318267,27.377118818822947,female,85-89,1419,0.009619425952790922,1.785268972968167e-06,5.444382607012365e-05,5.237183534681824e-07
2011,E07000067,147514,165308,9,48494,0.00018558996989318267,27.377118818822947,male,85-89,841,0.005701153788792928,1.0580769600184839e-06,5.444382607012365e-05,3.1039262527606864e-07
2011,E07000068,73841,165308,36,24621,0.0014621664432801268,107.96783233824785,female,85-89,887,0.01201229669153993,1.7563977129094574e-05,0.0002177753042804946,2.615981567107687e-06
2011,E07000068,73841,165308,36,24621,0.0014621664432801268,107.96783233824785,male,85-89,557,0.007543234788261264,1.1029464781178892e-05,0.0002177753042804946,1.6427302512728089e-06
2011,E07000069,87964,165308,11,33361,0.00032972632714846676,29.00404664128773,female,85-89,990,0.011254604156245736,3.7109392919487754e-06,6.654245408570669e-05,7.489089803197855e-07
2011,E07000069,87964,165308,11,33361,0.00032972632714846676,29.00404664128773,male,85-89,563,0.006400345595925606,2.1103624458254147e-06,6.654245408570669e-05,4.258947029495346e-07
2011,E07000071,173614,165308,8,59731,0.00013393380321775962,23.25278331184812,female,85-89,1560,0.008985450482103977,1.2034555566930374e-06,4.839451206233213e-05,4.3484649174166897e-07
2011,E07000071,173614,165308,8,59731,0.00013393380321775962,23.25278331184812,male,85-89,844,0.0048613591069844595,6.511003140057202e-07,4.839451206233213e-05,2.3526310194228758e-07
2011,E07000072,124880,165308,22,48938,0.00044954840818995463,56.13960521476153,female,85-89,1402,0.011226777706598334,5.046980047103751e-06,0.00013308490817141337,1.4941146801435102e-06
2011,E07000072,124880,165308,22,48938,0.00044954840818995463,56.13960521476153,male,85-89,796,0.006374119154388212,2.8654751194683207e-06,0.00013308490817141337,8.482990623354023e-07
2011,E07000073,82177,165308,9,34960,0.0002574370709382151,21.155406178489702,female,85-89,700,0.008518198522700998,2.192900077354376e-06,5.444382607012365e-05,4.637633188007174e-07
2011,E07000073,82177,165308,9,34960,0.0002574370709382151,21.155406178489702,male,85-89,386,0.004697178042517979,1.2092277569411274e-06,5.444382607012365e-05,2.5573234436725274e-07
2011,E07000074,61720,165308,8,20947,0.0003819162648589297,23.57187186709314,female,85-89,573,0.009283862605314323,3.545658129685138e-06,4.839451206233213e-05,4.492880008379182e-07
2011,E07000074,61720,165308,8,20947,0.0003819162648589297,23.57187186709314,male,85-89,343,0.005557355800388853,2.1224445697766187e-06,4.839451206233213e-05,2.689455223165898e-07
2011,E07000075,83333,165308,13,29337,0.00044312642737839587,36.92705457272386,female,85-89,928,0.011136044544178176,4.934675633988352e-06,7.864108210128971e-05,8.757505932823353e-07
2011,E07000075,83333,165308,13,29337,0.00044312642737839587,36.92705457272386,male,85-89,516,0.006192024768099072,2.743849813726282e-06,7.864108210128971e-05,4.869475281612986e-07
2011,E07000085,116010,165308,9,39594,0.0002273071677526898,26.369904530989544,female,85-89,1339,0.01154210843892768,2.6236039791470706e-06,5.444382607012365e-05,6.283965443314849e-07
2011,E07000085,116010,165308,9,39594,0.0002273071677526898,26.369904530989544,male,85-89,720,0.0062063615205585725,1.4107504592874464e-06,5.444382607012365e-05,3.3789806715359905e-07
2011,E07000095,93702,165308,9,36221,0.00024847464178239144,23.282570884293644,female,85-89,795,0.008484343984119869,2.108144332212772e-06,5.444382607012365e-05,4.6192014819052207e-07
2011,E07000095,93702,165308,9,36221,0.00024847464178239144,23.282570884293644,male,85-89,451,0.00481313098973341,1.1959409985257363e-06,5.444382607012365e-05,2.6204526645776787e-07
2011,E07000103,90653,165308,10,32552,0.0003072007864340133,27.848672892602604,female,85-89,662,0.007302571343474568,2.2433556597058764e-06,6.049314007791517e-05,4.417554712097762e-07
2011,E07000103,90653,165308,10,32552,0.0003072007864340133,27.848672892602604,male,85-89,343,0.0037836585661809316,1.1623428871285734e-06,6.049314007791517e-05,2.2888538765098675e-07
2011,E07000105,118405,165308,683,38958,0.0175317008059962,2075.8410339339803,female,85-89,1125,0.009501287952366877,0.00016657373765251236,0.004131681467321606,3.9256295348480276e-05
2011,E07000105,118405,165308,683,38958,0.0175317008059962,2075.8410339339803,male,85-89,677,0.005717663950002111,0.00010024037368066744,0.004131681467321606,2.362356617859657e-05
2011,E07000106,150600,165308,838,52154,0.01606779921003183,2419.8105610307935,female,85-89,1896,0.012589641434262949,0.0002022878306920342,0.005069325138529291,6.382098580777913e-05
2011,E07000106,150600,165308,838,52154,0.01606779921003183,2419.8105610307935,male,85-89,1006,0.006679946879150066,0.00010733204518786202,0.005069325138529291,3.386282263851571e-05
2011,E07000107,97604,165308,1205,33838,0.03561085170518352,3475.761569832732,female,85-89,812,0.008319331174951846,0.00029625846875752036,0.007289423379388777,6.0643127167571885e-05
2011,E07000107,97604,165308,1205,33838,0.03561085170518352,3475.761569832732,male,85-89,470,0.004815376418999221,0.00017147965556161895,0.007289423379388777,3.510131744921033e-05
2011,E07000108,111718,165308,643,40077,0.016044115078473937,1792.4164483369514,female,85-89,1308,0.011708050627472743,0.00018784531161177167,0.003889708907009945,4.55409088094041e-05
2011,E07000108,111718,165308,643,40077,0.016044115078473937,1792.4164483369514,male,85-89,694,0.006212069675432786,9.966716074814185e-05,0.003889708907009945,2.4163142747497286e-05
2011,E07000109,101766,165308,1146,35711,0.032090952367617824,3265.7678586429956,female,85-89,861,0.008460586050350804,0.00027150826394393946,0.006932513852929078,5.8653129997955464e-05
2011,E07000109,101766,165308,1146,35711,0.032090952367617824,3265.7678586429956,male,85-89,477,0.004687223630682153,0.00015041747026859365,0.006932513852929078,3.2494242751480556e-05
2011,E07000110,155764,165308,1006,47534,0.02116379854419994,3296.5579164387595,female,85-89,1510,0.00969415269253486,0.0002051650946415212,0.006085609891838265,5.89948315186807e-05
2011,E07000110,155764,165308,1006,47534,0.02116379854419994,3296.5579164387595,male,85-89,777,0.004988315657019593,0.00010557170764004103,0.006085609891838265,3.0356943105970132e-05
2011,E07000111,115351,165308,1493,33141,0.045049938143085604,5196.555414743068,female,85-89,1225,0.010619760556908912,0.0004784195561831268,0.009031625813632734,9.591370358037727e-05
2011,E07000111,115351,165308,1493,33141,0.045049938143085604,5196.555414743068,male,85-89,695,0.006025088642491179,0.00027142987065083523,0.009031625813632734,5.4416346112948735e-05
2011,E07000112,108199,165308,674,39104,0.017236088379705403,1864.927526595745,female,85-89,1445,0.013355021765450698,0.0002301883354621975,0.004077237641251482,5.44515974418284e-05
2011,E07000112,108199,165308,674,39104,0.017236088379705403,1864.927526595745,male,85-89,720,0.00665440530873668,0.00011469591801576623,0.004077237641251482,2.7131591804924878e-05
2011,E07000113,136324,165308,898,51193,0.017541460746586447,2391.322094817651,female,85-89,1151,0.008443120800445996,0.00014810467209971099,0.005432283978996782,4.586542985699727e-05
2011,E07000113,136324,165308,898,51193,0.017541460746586447,2391.322094817651,male,85-89,605,0.004437956632727913,7.784824206804966e-05,0.005432283978996782,2.4108240715450347e-05
2011,E07000114,134402,165308,826,52563,0.015714475962178717,2112.056998268744,female,85-89,1877,0.01396556598860136,0.00021946155102609672,0.004996733370435793,6.978220961226754e-05
2011,E07000114,134402,165308,826,52563,0.015714475962178717,2112.056998268744,male,85-89,988,0.0073510810851029,0.00011551838700787617,0.004996733370435793,3.673139216671302e-05
2011,E07000115,121087,165308,974,37881,0.025712098413452653,3113.4008605897416,female,85-89,1036,0.008555831757331505,0.0002199883881534512,0.005892031843588937,5.041123316258672e-05
2011,E07000115,121087,165308,974,37881,0.025712098413452653,3113.4008605897416,male,85-89,566,0.00467432507205563,0.00012018670626916352,0.005892031843588937,2.7541272171837923e-05
2011,E07000116,115246,165308,906,38118,0.023768298441681095,2739.2013222099795,female,85-89,1197,0.010386477621782969,0.0002468688998723797,0.005480678491059114,5.692494449957273e-05
2011,E07000116,115246,165308,906,38118,0.023768298441681095,2739.2013222099795,male,85-89,614,0.005327733717439217,0.00012663116501390235,0.005480678491059114,2.9199595591259528e-05
2011,E07000130,165876,165308,8,46529,0.00017193578198542844,28.520019772614926,female,85-89,1532,0.009235814704960332,1.5879670235698736e-06,4.839451206233213e-05,4.4696274614466723e-07
2011,E07000130,165876,165308,8,46529,0.00017193578198542844,28.520019772614926,male,85-89,855,0.005154452723721334,8.862348597599491e-07,4.839451206233213e-05,2.494472245128528e-07
2011,E07000178,150245,165308,18,41750,0.0004311377245508982,64.77628742514969,female,85-89,1134,0.007547672135511997,3.2540861901608604e-06,0.0001088876521402473,8.218482979602678e-07
2011,E07000178,150245,165308,18,41750,0.0004311377245508982,64.77628742514969,male,85-89,602,0.00400678891144464,1.7274778540360124e-06,0.0001088876521402473,4.362898371887841e-07
2011,E07000200,87901,165308,10,31239,0.0003201126796632415,28.13822465507859,female,85-89,1063,0.012093150248575102,3.871170731641571e-06,6.049314007791517e-05,7.315526319703283e-07
2011,E07000200,87901,165308,10,31239,0.0003201126796632415,28.13822465507859,male,85-89,619,0.007042013173911559,2.2542377073246775e-06,6.049314007791517e-05,4.2599348935995594e-07
2011,E07000207,131428,165308,94,42682,0.0022023335363853614,289.44829202005525,female,85-89,1507,0.011466354201540007,2.5252736398124748e-05,0.0005686355167324026,6.520176246429457e-06
2011,E07000207,131428,165308,94,42682,0.0022023335363853614,289.44829202005525,male,85-89,824,0.006269592476489028,1.3807733770441137e-05,0.0005686355167324026,3.565112957569922e-06
2011,E07000208,75191,165308,63,24986,0.0025214119907148004,189.58748899383656,female,85-89,778,0.010346983016584432,2.6089007045738383e-05,0.00038110678249086554,3.943305405938123e-06
2011,E07000208,75191,165308,63,24986,0.0025214119907148004,189.58748899383656,male,85-89,481,0.006397042199199373,1.6129578906169876e-05,0.00038110678249086554,2.4379561699951633e-06
2011,E07000209,137580,165308,31,46466,0.0006671544785434512,91.78711315800801,female,85-89,1286,0.009347288850123564,6.236085618599202e-06,0.00018752873424153702,1.752885246653704e-06
2011,E07000209,137580,165308,31,46466,0.0006671544785434512,91.78711315800801,male,85-89,760,0.0055240587294664925,3.6854005211006173e-06,0.00018752873424153702,1.0359197414127645e-06
2011,E07000210,85637,165308,54,29167,0.0018514074124867145,158.54897658312478,female,85-89,1078,0.012588016861870454,2.330554772657471e-05,0.0003266629564207419,4.112038803572752e-06
2011,E07000210,85637,165308,54,29167,0.0018514074124867145,158.54897658312478,male,85-89,625,0.007298247252939734,1.3512029062253425e-05,0.0003266629564207419,2.3840670243348516e-06
2011,E07000211,138375,165308,168,49074,0.0034234013938134245,473.7131678689326,female,85-89,1604,0.011591689250225835,3.968300513587522e-05,0.0010162847533089748,1.1780457050100058e-05
2011,E07000211,138375,165308,168,49074,0.0034234013938134245,473.7131678689326,male,85-89,846,0.006113821138211382,2.0930063806078823e-05,0.0010162847533089748,6.21338320722235e-06
2011,E07000212,80501,165308,9,27370,0.0003288271830471319,26.470917062477163,female,85-89,872,0.010832163575607756,3.5619098348728463e-06,5.444382607012365e-05,5.897444296735174e-07
2011,E07000212,80501,165308,9,27370,0.0003288271830471319,26.470917062477163,male,85-89,464,0.005763903553993118,1.895328169014909e-06,5.444382607012365e-05,3.1380896257856884e-07
2011,E07000213,95852,165308,38,34747,0.0010936195930583935,104.82562523383314,female,85-89,975,0.01017193172808079,1.1124223837081476e-05,0.00022987393229607762,2.3382619453811674e-06
2011,E07000213,95852,165308,38,34747,0.0010936195930583935,104.82562523383314,male,85-89,582,0.006071860785377457,6.640305921211712e-06,0.00022987393229607762,1.395762515089066e-06
2011,E07000214,86378,165308,31,33770,0.0009179745336097127,79.29280426413976,female,85-89,737,0.008532265160110214,7.832402130986574e-06,0.00018752873424153702,1.6000448856886336e-06
2011,E07000214,86378,165308,31,33770,0.0009179745336097127,79.29280426413976,male,85-89,433,0.0050128504943388365,4.601669094595912e-06,0.00018752873424153702,9.400535081454251e-07
2011,E07000215,83178,165308,347,29248,0.0118640590809628,986.8287062363238,female,85-89,894,0.010748034336002308,0.00012751531436654815,0.0020991119607036562,2.2561327428756024e-05
2011,E07000215,83178,165308,347,29248,0.0118640590809628,986.8287062363238,male,85-89,540,0.006492101276779918,7.702267310731097e-05,0.0020991119607036562,1.3627647440188203e-05
2011,E07000216,121754,165308,16,43976,0.00036383481899217757,44.298344551573585,female,85-89,1523,0.012508829278709529,4.551147636423333e-06,9.678902412466426e-05,1.210717378828323e-06
2011,E07000216,121754,165308,16,43976,0.00036383481899217757,44.298344551573585,male,85-89,861,0.007071636250143732,2.572907495049566e-06,9.678902412466426e-05,6.84456771616012e-07
2011,E07000217,99493,165308,25,33858,0.0007383779313603875,73.46343552483903,female,85-89,966,0.009709225774677616,7.169078042617414e-06,0.00015123285019478792,1.4683538870891935e-06
2011,E07000217,99493,165308,25,33858,0.0007383779313603875,73.46343552483903,male,85-89,568,0.005708944347843567,4.215358517812309e-06,0.00015123285019478792,8.633799253278073e-07
2011,E07000223,61334,165308,37,24872,0.0014876165969765198,91.24147635895787,female,85-89,867,0.014135715916131346,2.1028525606982142e-05,0.00022382461828828612,3.1639212191597495e-06
2011,E07000223,61334,165308,37,24872,0.0014876165969765198,91.24147635895787,male,85-89,502,0.008184693644634297,1.2175686106926223e-05,0.00022382461828828612,1.831935930816833e-06
2011,E07000224,149811,165308,31,61570,0.0005034919603703102,75.42863407503654,female,85-89,2654,0.017715655058707303,8.919689894752742e-06,0.00018752873424153702,3.3221943694190627e-06
2011,E07000224,149811,165308,31,61570,0.0005034919603703102,75.42863407503654,male,85-89,1460,0.009745612805468224,4.906837696435194e-06,0.00018752873424153702,1.8275824338175706e-06
2011,E07000225,113995,165308,8,44206,0.0001809709089263901,20.62977876306384,female,85-89,1758,0.015421729023202772,2.790884318545496e-06,4.839451206233213e-05,7.46327051235404e-07
2011,E07000225,113995,165308,8,44206,0.0001809709089263901,20.62977876306384,male,85-89,995,0.008728453002324664,1.5795960733519728e-06,4.839451206233213e-05,4.224092241065e-07
2011,E07000226,107053,165308,93,37608,0.0024728781110402043,264.729020421187,female,85-89,916,0.00855650939254388,2.1159204783731675e-05,0.000562586202724611,4.813774127728729e-06
2011,E07000226,107053,165308,93,37608,0.0024728781110402043,264.729020421187,male,85-89,524,0.004894771748573137,1.2104173915584496e-05,0.000562586202724611,2.7537310512334652e-06
2011,E07000227,131540,165308,61,45394,0.0013437899281843416,176.7621271533683,female,85-89,1502,0.011418579899650297,1.5344172663318238e-05,0.0003690081544752825,4.213549095498512e-06
2011,E07000227,131540,165308,61,45394,0.0013437899281843416,176.7621271533683,male,85-89,874,0.006644366732552836,8.928633094367603e-06,0.0003690081544752825,2.451825505636285e-06
2011,E07000228,140188,165308,399,44892,0.008887997861534349,1245.9906442127774,female,85-89,1575,0.011234913116671897,9.985588375550402e-05,0.002413676289108815,2.7117443399908574e-05
2011,E07000228,140188,165308,399,44892,0.008887997861534349,1245.9906442127774,male,85-89,849,0.006056153165748851,5.3827076386300264e-05,0.002413676289108815,1.4617593299379289e-05
2011,E07000229,104998,165308,33,39714,0.0008309412297930201,87.24716724580752,female,85-89,1671,0.015914588849311417,1.3224088030097113e-05,0.00019962736225712004,3.1769873933946133e-06
2011,E07000229,104998,165308,33,39714,0.0008309412297930201,87.24716724580752,male,85-89,862,0.008209680184384465,6.821761748619815e-06,0.00019962736225712004,1.6388768001832177e-06
2011,E07000241,110727,165308,12,36606,0.00032781511227667593,36.2979839370595,female,85-89,1043,0.009419563430780207,3.0878752436584845e-06,7.25917680934982e-05,6.837827641091931e-07
2011,E07000241,110727,165308,12,36606,0.00032781511227667593,36.2979839370595,male,85-89,599,0.00540970133752382,1.773381851343655e-06,7.25917680934982e-05,3.9269978494861615e-07
2011,E07000242,138155,165308,8,44545,0.00017959366932315636,24.81176338534067,female,85-89,1209,0.008751040497991386,1.5716314734298144e-06,4.839451206233213e-05,4.235023349380011e-07
2011,E07000242,138155,165308,8,44545,0.00017959366932315636,24.81176338534067,male,85-89,650,0.004704860482791068,8.449631577579649e-07,4.839451206233213e-05,2.2768942738602212e-07
2011,E08000035,750683,165308,8,281107,2.845891422127517e-05,21.36362310436951,female,85-89,6188,0.008243159895721629,2.3459138038459742e-07,4.839451206233213e-05,3.989237010052328e-07
2011,E08000035,750683,165308,8,281107,2.845891422127517e-05,21.36362310436951,male,85-89,3453,0.0045998111053533915,1.309056296813211e-07,4.839451206233213e-05,2.2260561402247399e-07
2011,E09000001,7412,165308,20,2137,0.009358914365933552,69.36827328029949,female,85-89,48,0.0064759848893685915,6.0608188014680315e-05,0.00012098628015583033,7.835053221100723e-07
2011,E09000001,7412,165308,20,2137,0.009358914365933552,69.36827328029949,male,85-89,24,0.0032379924446842958,3.0304094007340157e-05,0.00012098628015583033,3.9175266105503614e-07
2011,E09000002,187029,165308,213,69590,0.0030607845954878574,572.4554821094985,female,85-89,1409,0.007533591047377679,2.3058699426518833e-05,0.001288503883659593,9.70706132244928e-06
2011,E09000002,187029,165308,213,69590,0.0030607845954878574,572.4554821094985,male,85-89,672,0.0035930256805094397,1.0997477654095569e-05,0.001288503883659593,4.629627543425065e-06
2011,E09000003,357538,165308,214,138470,0.001545461110709901,552.5610746009966,female,85-89,3061,0.00856132774698074,1.3231199089000349e-05,0.0012945531976673846,1.1083094211132423e-05
2011,E09000003,357538,165308,214,138470,0.001545461110709901,552.5610746009966,male,85-89,1737,0.004858224860014879,7.508197588237049e-06,0.0012945531976673846,6.289230527519444e-06
2011,E09000004,232774,165308,4151,34157,0.12152706619433791,28288.341306320814,female,85-89,2226,0.009562923694227019,0.0011621540607997293,0.025110702446342583,0.00024013173140281387
2011,E09000004,232774,165308,4151,34157,0.12152706619433791,28288.341306320814,male,85-89,1218,0.005232543153444972,0.0006358956181734367,0.025110702446342583,0.0001313928341638038
2011,E09000005,312245,165308,417,114282,0.0036488685882291173,1139.3409723316008,female,85-89,1502,0.004810325225383914,1.7552244614069513e-05,0.0025225639412490624,1.213435295923423e-05
2011,E09000005,312245,165308,417,114282,0.0036488685882291173,1139.3409723316008,male,85-89,948,0.0030360774391903792,1.1078247599292873e-05,0.0025225639412490624,7.658699470941444e-06
2011,E09000006,310554,165308,10197,36965,0.2758555390234005,85668.04106587311,female,85-89,3270,0.010529569736664156,0.002904640135391976,0.061684854937450094,0.000649514981759893
2011,E09000006,310554,165308,10197,36965,0.2758555390234005,85668.04106587311,male,85-89,1825,0.005876594730707059,0.0016210912070612708,0.061684854937450094,0.00036249689348984853
2011,E09000007,220087,165308,382,72962,0.005235602094240838,1152.2879581151833,female,85-89,1314,0.005970366264250047,3.1258462116492396e-05,0.0023108379509763593,1.3796548944657959e-05
2011,E09000007,220087,165308,382,72962,0.005235602094240838,1152.2879581151833,male,85-89,760,0.0034531798788660847,1.8079475805581598e-05,0.0023108379509763593,7.979739115631696e-06
2011,E09000008,364815,165308,8115,136880,0.05928550555230859,21628.24170806546,female,85-89,2482,0.006803448323122679,0.00040334587333533417,0.04909018317322816,0.00033398252439168424
2011,E09000008,364815,165308,8115,136880,0.05928550555230859,21628.24170806546,male,85-89,1437,0.003938982772089964,0.00023352458500518742,0.04909018317322816,0.00019336538579808632
2011,E09000009,339314,165308,312,135612,0.0023006813556322447,780.6533935049995,female,85-89,1913,0.005637845771173603,1.2970886651669204e-05,0.0018873859704309531,1.0640791011966536e-05
2011,E09000009,339314,165308,312,135612,0.0023006813556322447,780.6533935049995,male,85-89,1123,0.003309618819146867,7.614378311460803e-06,0.0018873859704309531,6.246528126732055e-06
2011,E09000010,313935,165308,223,122444,0.0018212407304563718,571.7512087158211,female,85-89,2277,0.007253093793301161,1.3209629838180383e-05,0.0013489970237375083,9.78440194005226e-06
2011,E09000010,313935,165308,223,122444,0.0018212407304563718,571.7512087158211,male,85-89,1203,0.0038320034402025897,6.979000744545895e-06,0.0013489970237375083,5.169361235785186e-06
2011,E09000011,255483,165308,5537,32537,0.1701754925162123,43476.94535451947,female,85-89,1624,0.006356587326749725,0.0010817353790519477,0.033495051661141625,0.00021291422089804018
2011,E09000011,255483,165308,5537,32537,0.1701754925162123,43476.94535451947,male,85-89,812,0.0031782936633748624,0.0005408676895259739,0.033495051661141625,0.00010645711044902009
2011,E09000012,247182,165308,409,88435,0.004624865720585741,1143.1835585458246,female,85-89,835,0.003378077691741308,1.5623155718009782e-05,0.00247416942918673,8.35793655432402e-06
2011,E09000012,247182,165308,409,88435,0.004624865720585741,1143.1835585458246,male,85-89,505,0.0020430290231489346,9.44873489532328e-06,0.00247416942918673,5.0547999520163224e-06
2011,E09000013,182445,165308,389,63620,0.006114429424709211,1115.5470763910719,female,85-89,831,0.004554797336183507,2.784998685594757e-05,0.0023531831490309,1.0718272338757861e-05
2011,E09000013,182445,165308,389,63620,0.006114429424709211,1115.5470763910719,male,85-89,478,0.0026199676614870235,1.601960736118284e-05,0.0023531831490309,6.165263752017157e-06
2011,E09000014,255540,165308,300,94034,0.003190335410596167,815.2583108237445,female,85-89,989,0.0038702355795570166,1.234734961680993e-05,0.001814794202337455,7.023681091460214e-06
2011,E09000014,255540,165308,300,94034,0.003190335410596167,815.2583108237445,male,85-89,573,0.0022423104015027,7.153722275462173e-06,0.001814794202337455,4.069331916488071e-06
2011,E09000015,240499,165308,72,85681,0.0008403263267235443,202.09764125068568,female,85-89,1829,0.007605021226699487,6.390699552086964e-06,0.0004355506085609892,3.312371623408202e-06
2011,E09000015,240499,165308,72,85681,0.0008403263267235443,202.09764125068568,male,85-89,1145,0.004760934556900445,4.000738647971336e-06,0.0004355506085609892,2.073627943577032e-06
2011,E09000016,237927,165308,101,84891,0.0011897609876194179,283.07626250132523,female,85-89,2768,0.011633820457535294,1.3841465717344179e-05,0.0006109807147869432,7.108039938847876e-06
2011,E09000016,237927,165308,101,84891,0.0011897609876194179,283.07626250132523,male,85-89,1431,0.006014449810235913,7.1557577462137005e-06,0.0006109807147869432,3.674712844108133e-06
2011,E09000017,275499,165308,102,107741,0.0009467148068052088,260.8189825600282,female,85-89,1870,0.0067876834398672954,6.426000416428881e-06,0.0006170300287947347,4.188204508350861e-06
2011,E09000017,275499,165308,102,107741,0.0009467148068052088,260.8189825600282,male,85-89,1151,0.0041778736038969285,3.955254801769862e-06,0.0006170300287947347,2.577873470113284e-06
2011,E09000018,254927,165308,214,93861,0.002279967185519012,581.2251947028052,female,85-89,1442,0.005656521278640552,1.2896682899490503e-05,0.0012945531976673846,7.322667708937729e-06
2011,E09000018,254927,165308,214,93861,0.002279967185519012,581.2251947028052,male,85-89,775,0.003040085985399742,6.931296287867642e-06,0.0012945531976673846,3.935553033583038e-06
2011,E09000019,206285,165308,347,78519,0.004419312523083585,911.6378838242973,female,85-89,864,0.004188380153670892,1.8509760864552524e-05,0.0020991119607036562,8.791878876544388e-06
2011,E09000019,206285,165308,347,78519,0.004419312523083585,911.6378838242973,male,85-89,579,0.0028067964224252856,1.240411057937027e-05,0.0020991119607036562,5.891779941573149e-06
2011,E09000020,158251,165308,366,50701,0.007218792528746967,1142.3811364667363,female,85-89,981,0.006199012960423631,4.4749388444311725e-05,0.002214048926851695,1.3724917992565687e-05
2011,E09000020,158251,165308,366,50701,0.007218792528746967,1142.3811364667363,male,85-89,610,0.0038546359896619925,2.782581748321116e-05,0.002214048926851695,8.534352676315055e-06
2011,E09000021,160436,165308,240,51416,0.004667807686323323,748.8843939629687,female,85-89,1429,0.008906978483632103,4.157606262781439e-05,0.001451835361869964,1.2931466329951996e-05
2011,E09000021,160436,165308,240,51416,0.004667807686323323,748.8843939629687,male,85-89,701,0.004369343538856616,2.0395255354862063e-05,0.001451835361869964,6.343567457870084e-06
2011,E09000022,304481,165308,39410,108324,0.36381595952882095,110775.04717329494,female,85-89,1229,0.004036376654044094,0.001468498245410784,0.23840346504706367,0.000962286180559185
2011,E09000022,304481,165308,39410,108324,0.36381595952882095,110775.04717329494,male,85-89,688,0.0022595826997415273,0.0008220722480411875,0.23840346504706367,0.0005386923451787789
2011,E09000023,276938,165308,22020,112394,0.19591793156218304,54257.12013096784,female,85-89,1517,0.005477760365135879,0.0010731914803307299,0.1332058944515692,0.000729669969029279
2011,E09000023,276938,165308,22020,112394,0.19591793156218304,54257.12013096784,male,85-89,758,0.0027370747243065235,0.0005362420185172665,0.1332058944515692,0.0003645944868320326
2011,E09000024,200543,165308,921,75416,0.01221226264983558,2449.0837885859764,female,85-89,1360,0.006781587988610921,8.281853369988674e-05,0.005571418201175986,3.778306275262333e-05
2011,E09000024,200543,165308,921,75416,0.01221226264983558,2449.0837885859764,male,85-89,753,0.0037548057025176646,4.585467343824612e-05,0.005571418201175986,2.09195928328863e-05
2011,E09000025,310460,165308,426,112342,0.0037919923091986967,1177.2619323138274,female,85-89,1018,0.0032790053469045934,1.2433963057283622e-05,0.002577007767319186,8.45002224805428e-06
2011,E09000025,310460,165308,426,112342,0.0037919923091986967,1177.2619323138274,male,85-89,559,0.0018005540166204986,6.827686983321753e-06,0.002577007767319186,4.640041686308784e-06
2011,E09000026,281395,165308,222,102662,0.002162435954881066,608.4986655237576,female,85-89,2063,0.007331331402476945,1.5853534621864776e-05,0.0013429477097297166,9.845594716225964e-06
2011,E09000026,281395,165308,222,102662,0.002162435954881066,608.4986655237576,male,85-89,1182,0.004200501075001333,9.083314553099451e-06,0.0013429477097297166,5.6410532983902525e-06
2011,E09000027,187527,165308,203,62176,0.0032649253731343282,612.2616604477612,female,85-89,1689,0.009006703034762994,2.9406213266483655e-05,0.0012280107435816779,1.106032809093866e-05
2011,E09000027,187527,165308,203,62176,0.0032649253731343282,612.2616604477612,male,85-89,855,0.0045593434545425455,1.4885916129569877e-05,0.0012280107435816779,5.598922745857047e-06
2011,E09000028,288717,165308,48341,102300,0.47254154447702834,136430.7770967742,female,85-89,1301,0.00450614269336409,0.0021293396279561437,0.2924298884506497,0.0013177308051631712
2011,E09000028,288717,165308,48341,102300,0.47254154447702834,136430.7770967742,male,85-89,664,0.0022998299372742168,0.0010867651905940657,0.2924298884506497,0.0006725390120125639
2011,E09000029,191123,165308,522,74422,0.007014054983741367,1340.5472306576012,female,85-89,1708,0.00893665335935497,6.268217803315276e-05,0.0031577419120671717,2.8219644866451076e-05
2011,E09000029,191123,165308,522,74422,0.007014054983741367,1340.5472306576012,male,85-89,933,0.004881673058710883,3.424032324644703e-05,0.0031577419120671717,1.5415063618500503e-05
2011,E09000030,256012,165308,312,76079,0.004101000276028864,1049.9052826667016,female,85-89,798,0.0031170413886849055,1.2782987595390193e-05,0.0018873859704309531,5.883060186256506e-06
2011,E09000030,256012,165308,312,76079,0.004101000276028864,1049.9052826667016,male,85-89,470,0.0018358514444635407,7.5288272804929695e-06,0.0018873859704309531,3.464960260075887e-06
2011,E09000031,259742,165308,333,98132,0.0033933884971263195,881.4055150205845,female,85-89,1540,0.0059289602759661515,2.0119265600382428e-05,0.002014421564594575,1.1943425435530818e-05
2011,E09000031,259742,165308,333,98132,0.0033933884971263195,881.4055150205845,male,85-89,756,0.002910580499110656,9.876730385642282e-06,0.002014421564594575,5.863136122896946e-06
2011,E09000032,307710,165308,2574,105396,0.024422179209837185,7514.948764659,female,85-89,1554,0.005050209612947255,0.00012333712421464037,0.015570934256055362,7.863648186250051e-05
2011,E09000032,307710,165308,2574,105396,0.024422179209837185,7514.948764659,male,85-89,803,0.0026095999480029897,6.37321175961108e-05,0.015570934256055362,4.063390922496005e-05
2011,E09000033,219582,165308,836,72308,0.011561652929136471,2538.7308734856447,female,85-89,1234,0.005619768469182356,6.497381258279097e-05,0.005057226510513707,2.8420442085298045e-05
2011,E09000033,219582,165308,836,72308,0.011561652929136471,2538.7308734856447,male,85-89,796,0.0036250694501370785,4.1911794826500494e-05,0.005057226510513707,1.833279732568658e-05
2011,E06000033,174274,165308,107,64508,0.001658708997333664,289.069851801327,female,90+,1407,0.008073493464314815,1.3391576249173517e-05,0.0006472765988336923,5.225783390287737e-06
2011,E06000033,174274,165308,107,64508,0.001658708997333664,289.069851801327,male,90+,463,0.0026567359445470924,4.406751814760013e-06,0.0006472765988336923,1.7196430061856588e-06
2011,E06000034,158268,165308,159,53689,0.0029615004935834156,468.71076011846003,female,90+,588,0.0037152172264766094,1.1002617649980087e-05,0.0009618409272388511,3.5734479820080144e-06
2011,E06000034,158268,165308,159,53689,0.0029615004935834156,468.71076011846003,male,90+,212,0.0013395000884575531,3.966930173122072e-06,0.0009618409272388511,1.2883860071185359e-06
2011,E06000035,264885,165308,1714,99212,0.017276135951296213,4576.189271459098,female,90+,1132,0.004273552673801839,7.383047698762601e-05,0.010368524209354659,4.43104343582667e-05
2011,E06000035,264885,165308,1714,99212,0.017276135951296213,4576.189271459098,male,90+,400,0.0015100892840289183,2.6088507769479155e-05,0.010368524209354659,1.5657397299740883e-05
2011,E06000038,155339,165308,10,47360,0.00021114864864864866,32.799619932432435,female,90+,692,0.004454773109135504,9.406193220303007e-07,6.049314007791517e-05,2.694832137062637e-07
2011,E06000038,155339,165308,10,47360,0.00021114864864864866,32.799619932432435,male,90+,261,0.0016801962160178706,3.547711604767463e-07,6.049314007791517e-05,1.0164034505395205e-07
2011,E06000039,140713,165308,8,54239,0.0001474953446781836,20.754512435701248,female,90+,429,0.003048758821146589,4.4967773316566887e-07,4.839451206233213e-05,1.4754319554512008e-07
2011,E06000039,140713,165308,8,54239,0.0001474953446781836,20.754512435701248,male,90+,169,0.0012010262022698684,1.771457736713241e-07,4.839451206233213e-05,5.8123077032926095e-08
2011,E06000042,249895,165308,14,88445,0.00015829046299960426,39.555995251286106,female,90+,898,0.003593509273895036,5.68818246758217e-07,8.469039610908124e-05,3.0433572382782746e-07
2011,E06000042,249895,165308,14,88445,0.00015829046299960426,39.555995251286106,male,90+,306,0.0012245142960043219,1.9382893486415858e-07,8.469039610908124e-05,1.0370460076983876e-07
2011,E06000043,272952,165308,253,87037,0.002906809747578616,793.4195342210784,female,90+,1672,0.006125619156481726,1.780600947401538e-05,0.0015304764439712537,9.375115823734343e-06
2011,E06000043,272952,165308,253,87037,0.002906809747578616,793.4195342210784,male,90+,612,0.002242152466367713,6.517510644795103e-06,0.0015304764439712537,3.431561533567833e-06
2011,E06000044,205433,165308,17,68264,0.0002490331653580218,51.15963025899449,female,90+,1148,0.005588196638320036,1.391646297483895e-06,0.00010283833813245579,5.746808554422086e-07
2011,E06000044,205433,165308,17,68264,0.0002490331653580218,51.15963025899449,male,90+,422,0.002054197718964334,5.115633602249161e-07,0.00010283833813245579,2.1125027961377357e-07
2011,E06000047,512994,165308,10,231893,4.3123337056314764e-05,22.122013169867135,female,90+,2658,0.0051813471502590676,2.2343697956639774e-07,6.049314007791517e-05,3.1343595895292835e-07
2011,E06000047,512994,165308,10,231893,4.3123337056314764e-05,22.122013169867135,male,90+,927,0.001807038678814957,7.79255380203351e-08,6.049314007791517e-05,1.0931344392376394e-07
2011,E06000060,506550,165308,25,163754,0.00015266802642988872,77.33398878806014,female,90+,2915,0.005754614549402823,8.785456461220523e-07,0.00015123285019478792,8.702867600785841e-07
2011,E06000060,506550,165308,25,163754,0.00015266802642988872,77.33398878806014,male,90+,1080,0.0021320698845128812,3.2549890147918235e-07,0.00015123285019478792,3.2243900544935533e-07
2011,E07000008,122725,165308,24,34511,0.000695430442467619,85.34670105183854,female,90+,765,0.00623344876756977,4.334930034530279e-06,0.0001451835361869964,9.049941347162537e-07
2011,E07000008,122725,165308,24,34511,0.000695430442467619,85.34670105183854,male,90+,284,0.002314116928091261,1.609307359224313e-06,0.0001451835361869964,3.3597167877047854e-07
2011,E07000061,99308,165308,203,40047,0.0050690438734486976,503.3966089844433,female,90+,1213,0.012214524509606476,6.191596063250966e-05,0.0012280107435816779,1.4999567325538478e-05
2011,E07000061,99308,165308,203,40047,0.0050690438734486976,503.3966089844433,male,90+,444,0.004470938897168405,2.266338542525498e-05,0.0012280107435816779,5.49036099962002e-06
2011,E07000062,90173,165308,190,36006,0.005276898294728657,475.8337499305672,female,90+,711,0.007884843578454748,4.160751763335006e-05,0.0011493696614803882,9.062599994594346e-06
2011,E07000062,90173,165308,190,36006,0.005276898294728657,475.8337499305672,male,90+,219,0.0024286648996928125,1.2815817667656346e-05,0.0011493696614803882,2.791433753609229e-06
2011,E07000063,97584,165308,120,35106,0.003418219107844813,333.56349341992825,female,90+,960,0.009837678307919331,3.3627339968960286e-05,0.000725917680934982,7.141344623069178e-06
2011,E07000063,97584,165308,120,35106,0.003418219107844813,333.56349341992825,male,90+,375,0.0038428430890309886,1.3135679675375111e-05,0.000725917680934982,2.789587743386398e-06
2011,E07000064,90729,165308,226,36720,0.0061546840958605666,558.4083333333333,female,90+,1288,0.014196122518709563,8.737264948878979e-05,0.0013671449657608828,1.9408157434778482e-05
2011,E07000064,90729,165308,226,36720,0.0061546840958605666,558.4083333333333,male,90+,516,0.00568726647488675,3.500332852190647e-05,0.0013671449657608828,7.775317730082063e-06
2011,E07000065,149415,165308,638,56293,0.011333558346508447,1693.4036203435596,female,90+,1413,0.009456881839172773,0.00010718012210030074,0.0038594623369709873,3.649847928347224e-05
2011,E07000065,149415,165308,638,56293,0.011333558346508447,1693.4036203435596,male,90+,524,0.0035070106749656997,3.974691010655173e-05,0.0038594623369709873,1.3535175615385318e-05
2011,E07000066,174971,165308,111,62378,0.0017794735323351182,311.356263426208,female,90+,856,0.004892239285367289,8.705610322161164e-06,0.0006714738548648583,3.285010771866873e-06
2011,E07000066,174971,165308,111,62378,0.0017794735323351182,311.356263426208,male,90+,337,0.0019260334569728699,3.4273255590751317e-06,0.0006714738548648583,1.2932811099522621e-06
2011,E07000067,147514,165308,9,48494,0.00018558996989318267,27.377118818822947,female,90+,967,0.006555310004474152,1.216599786370837e-06,5.444382607012365e-05,3.568961577193322e-07
2011,E07000067,147514,165308,9,48494,0.00018558996989318267,27.377118818822947,male,90+,321,0.0021760646447116882,4.0385577189766146e-07,5.444382607012365e-05,1.1847328503402856e-07
2011,E07000068,73841,165308,36,24621,0.0014621664432801268,107.96783233824785,female,90+,543,0.007353638222667624,1.0752243045206712e-05,0.0002177753042804946,1.6014408015101172e-06
2011,E07000068,73841,165308,36,24621,0.0014621664432801268,107.96783233824785,male,90+,219,0.0029658319903576604,4.33654001270768e-06,0.0002177753042804946,6.458849641449644e-07
2011,E07000069,87964,165308,11,33361,0.00032972632714846676,29.00404664128773,female,90+,592,0.00673002591969442,2.2190667281148234e-06,6.654245408570669e-05,4.4783244075688187e-07
2011,E07000069,87964,165308,11,33361,0.00032972632714846676,29.00404664128773,male,90+,213,0.00242144513664681,7.984142112980699e-07,6.654245408570669e-05,1.6112890182637813e-07
2011,E07000071,173614,165308,8,59731,0.00013393380321775962,23.25278331184812,female,90+,974,0.005610146647159791,7.513882770634733e-07,4.839451206233213e-05,2.7150030958742664e-07
2011,E07000071,173614,165308,8,59731,0.00013393380321775962,23.25278331184812,male,90+,356,0.002050525879249369,2.7463472960430853e-07,4.839451206233213e-05,9.923419939745779e-08
2011,E07000072,124880,165308,22,48938,0.00044954840818995463,56.13960521476153,female,90+,898,0.007190903267136451,3.232659117189136e-06,0.00013308490817141337,9.57000700976371e-07
2011,E07000072,124880,165308,22,48938,0.00044954840818995463,56.13960521476153,male,90+,319,0.002554452274183216,1.1483499536562743e-06,0.00013308490817141337,3.399590463379314e-07
2011,E07000073,82177,165308,9,34960,0.0002574370709382151,21.155406178489702,female,90+,373,0.00453898292709639,1.1685024697902604e-06,5.444382607012365e-05,2.4711959701809657e-07
2011,E07000073,82177,165308,9,34960,0.0002574370709382151,21.155406178489702,male,90+,162,0.00197135451525366,5.074997321877271e-07,5.444382607012365e-05,1.0732808235102317e-07
2011,E07000074,61720,165308,8,20947,0.0003819162648589297,23.57187186709314,female,90+,468,0.007582631237848347,2.8959302001616833e-06,4.839451206233213e-05,3.6695773890426823e-07
2011,E07000074,61720,165308,8,20947,0.0003819162648589297,23.57187186709314,male,90+,157,0.0025437459494491253,9.714979517636417e-07,4.839451206233213e-05,1.231033440341242e-07
2011,E07000075,83333,165308,13,29337,0.00044312642737839587,36.92705457272386,female,90+,523,0.006276025104100417,2.7810725825171426e-06,7.864108210128971e-05,4.935534054813162e-07
2011,E07000075,83333,165308,13,29337,0.00044312642737839587,36.92705457272386,male,90+,173,0.002076008304033216,9.199341429741216e-07,7.864108210128971e-05,1.6325953948043536e-07
2011,E07000085,116010,165308,9,39594,0.0002273071677526898,26.369904530989544,female,90+,859,0.00740453409188863,1.6831036729554396e-06,5.444382607012365e-05,4.0313116622908554e-07
2011,E07000085,116010,165308,9,39594,0.0002273071677526898,26.369904530989544,male,90+,303,0.0026118438065683993,5.936908182834671e-07,5.444382607012365e-05,1.421987699271396e-07
2011,E07000095,93702,165308,9,36221,0.00024847464178239144,23.282570884293644,female,90+,416,0.004439606411816183,1.1031296128308344e-06,5.444382607012365e-05,2.41709159304726e-07
2011,E07000095,93702,165308,9,36221,0.00024847464178239144,23.282570884293644,male,90+,167,0.0017822458432050544,4.4284289745853206e-07,5.444382607012365e-05,9.703228270165685e-08
2011,E07000103,90653,165308,10,32552,0.0003072007864340133,27.848672892602604,female,90+,420,0.004633051305527672,1.4232770046472327e-06,6.049314007791517e-05,2.802678216134532e-07
2011,E07000103,90653,165308,10,32552,0.0003072007864340133,27.848672892602604,male,90+,162,0.0017870340749892447,5.489782732210754e-07,6.049314007791517e-05,1.0810330262233194e-07
2011,E07000105,118405,165308,683,38958,0.0175317008059962,2075.8410339339803,female,90+,723,0.006106161057387779,0.00010705138873134795,0.004131681467321606,2.5228712477289988e-05
2011,E07000105,118405,165308,683,38958,0.0175317008059962,2075.8410339339803,male,90+,240,0.002026941429838267,3.553573069920264e-05,0.004131681467321606,8.374676341009124e-06
2011,E07000106,150600,165308,838,52154,0.01606779921003183,2419.8105610307935,female,90+,1220,0.008100929614873837,0.0001301641104663933,0.005069325138529291,4.106624614213635e-05
2011,E07000106,150600,165308,838,52154,0.01606779921003183,2419.8105610307935,male,90+,449,0.0029814077025232403,4.790466032738573e-05,0.005069325138529291,1.511372501460592e-05
2011,E07000107,97604,165308,1205,33838,0.03561085170518352,3475.761569832732,female,90+,445,0.004559239375435433,0.00016235839728706474,0.007289423379388777,3.323422609552893e-05
2011,E07000107,97604,165308,1205,33838,0.03561085170518352,3475.761569832732,male,90+,194,0.0019876234580549976,7.078096421054058e-05,0.007289423379388777,1.4488628904567667e-05
2011,E07000108,111718,165308,643,40077,0.016044115078473937,1792.4164483369514,female,90+,874,0.00782326930306665,0.00012551743298829394,0.003889708907009945,3.0430240290075836e-05
2011,E07000108,111718,165308,643,40077,0.016044115078473937,1792.4164483369514,male,90+,330,0.0029538659839954172,4.7392165773612126e-05,0.003889708907009945,1.148967882806067e-05
2011,E07000109,101766,165308,1146,35711,0.032090952367617824,3265.7678586429956,female,90+,525,0.005158893933140734,0.00016555381947801188,0.006932513852929078,3.576410365728992e-05
2011,E07000109,101766,165308,1146,35711,0.032090952367617824,3265.7678586429956,male,90+,195,0.0019161606037379872,6.149141866326155e-05,0.006932513852929078,1.3283809929850541e-05
2011,E07000110,155764,165308,1006,47534,0.02116379854419994,3296.5579164387595,female,90+,900,0.005777971803497599,0.00012228383124329077,0.006085609891838265,3.516248236212757e-05
2011,E07000110,155764,165308,1006,47534,0.02116379854419994,3296.5579164387595,male,90+,336,0.0021571094733057704,4.5652630330828565e-05,0.006085609891838265,1.3127326748527627e-05
2011,E07000111,115351,165308,1493,33141,0.045049938143085604,5196.555414743068,female,90+,773,0.0067012856412168075,0.0003018925036159649,0.009031625813632734,6.0523504381740106e-05
2011,E07000111,115351,165308,1493,33141,0.045049938143085604,5196.555414743068,male,90+,295,0.002557411725949493,0.00011521124006042646,0.009031625813632734,2.3097585760172486e-05
2011,E07000112,108199,165308,674,39104,0.017236088379705403,1864.927526595745,female,90+,919,0.008493608998234734,0.00014639659535623496,0.004077237641251482,3.4630462317674946e-05
2011,E07000112,108199,165308,674,39104,0.017236088379705403,1864.927526595745,male,90+,379,0.0035028050166822245,6.037465684441028e-05,0.004077237641251482,1.428176846398129e-05
2011,E07000113,136324,165308,898,51193,0.017541460746586447,2391.322094817651,female,90+,713,0.00523018690766116,9.17451183380486e-05,0.005432283978996782,2.841186054564644e-05
2011,E07000113,136324,165308,898,51193,0.017541460746586447,2391.322094817651,male,90+,235,0.0017238343945306768,3.0238573365275483e-05,0.005432283978996782,9.364357963852613e-06
2011,E07000114,134402,165308,826,52563,0.015714475962178717,2112.056998268744,female,90+,1248,0.009285576107498401,0.00014591796253626463,0.004996733370435793,4.6397548000058556e-05
2011,E07000114,134402,165308,826,52563,0.015714475962178717,2112.056998268744,male,90+,440,0.0032737608071308462,5.144543550958048e-05,0.004996733370435793,1.6358109871815515e-05
2011,E07000115,121087,165308,974,37881,0.025712098413452653,3113.4008605897416,female,90+,628,0.005186353613517554,0.00013335203451772914,0.005892031843588937,3.055816064295798e-05
2011,E07000115,121087,165308,974,37881,0.025712098413452653,3113.4008605897416,male,90+,252,0.0020811482652968527,5.351068901029895e-05,0.005892031843588937,1.2262191850358934e-05
2011,E07000116,115246,165308,906,38118,0.023768298441681095,2739.2013222099795,female,90+,824,0.007149922773892369,0.00016994149832484615,0.005480678491059114,3.918642795960562e-05
2011,E07000116,115246,165308,906,38118,0.023768298441681095,2739.2013222099795,male,90+,325,0.0028200544921298787,6.702789679074637e-05,0.005480678491059114,1.5455811998630857e-05
2011,E07000130,165876,165308,8,46529,0.00017193578198542844,28.520019772614926,female,90+,968,0.005835684487207312,1.003362975728223e-06,4.839451206233213e-05,2.8241510330811875e-07
2011,E07000130,165876,165308,8,46529,0.00017193578198542844,28.520019772614926,male,90+,360,0.0021702958836721407,3.731515198989259e-07,4.839451206233213e-05,1.0503041032120118e-07
2011,E07000178,150245,165308,18,41750,0.0004311377245508982,64.77628742514969,female,90+,715,0.004758893806782256,2.0517386472354636e-06,0.0001088876521402473,5.181847734052835e-07
2011,E07000178,150245,165308,18,41750,0.0004311377245508982,64.77628742514969,male,90+,247,0.0016439814968884155,7.08782441772251e-07,0.0001088876521402473,1.7900928535818883e-07
2011,E07000200,87901,165308,10,31239,0.0003201126796632415,28.13822465507859,female,90+,657,0.007474317698319701,2.392623867063511e-06,6.049314007791517e-05,4.5214494751129415e-07
2011,E07000200,87901,165308,10,31239,0.0003201126796632415,28.13822465507859,male,90+,253,0.002878238017769991,9.213604845769683e-07,6.049314007791517e-05,1.7411365558654097e-07
2011,E07000207,131428,165308,94,42682,0.0022023335363853614,289.44829202005525,female,90+,990,0.007532641446267157,1.658938887468049e-05,0.0005686355167324026,4.283327461158037e-06
2011,E07000207,131428,165308,94,42682,0.0022023335363853614,289.44829202005525,male,90+,408,0.0031043613233101013,6.836839051383475e-06,0.0005686355167324026,1.7652501052045246e-06
2011,E07000208,75191,165308,63,24986,0.0025214119907148004,189.58748899383656,female,90+,476,0.006330544879041375,1.59619117657731e-05,0.00038110678249086554,2.412613590265484e-06
2011,E07000208,75191,165308,63,24986,0.0025214119907148004,189.58748899383656,male,90+,222,0.002952481015015095,7.444421033616865e-06,0.00038110678249086554,1.1252105399977676e-06
2011,E07000209,137580,165308,31,46466,0.0006671544785434512,91.78711315800801,female,90+,883,0.006418084023840674,4.28185350017348e-06,0.00018752873424153702,1.2035751732466723e-06
2011,E07000209,137580,165308,31,46466,0.0006671544785434512,91.78711315800801,male,90+,307,0.002231428986771333,1.4887078420761704e-06,0.00018752873424153702,4.184570534391036e-07
2011,E07000210,85637,165308,54,29167,0.0018514074124867145,158.54897658312478,female,90+,707,0.008255777292525426,1.5284807275221075e-05,0.0003266629564207419,2.6968566179275837e-06
2011,E07000210,85637,165308,54,29167,0.0018514074124867145,158.54897658312478,male,90+,290,0.0033863867253640365,6.269581484885589e-06,0.0003266629564207419,1.1062070992913712e-06
2011,E07000211,138375,165308,168,49074,0.0034234013938134245,473.7131678689326,female,90+,1093,0.007898825654923216,2.7040850756553376e-05,0.0010162847533089748,8.027456082144242e-06
2011,E07000211,138375,165308,168,49074,0.0034234013938134245,473.7131678689326,male,90+,389,0.002811201445347787,9.623870946293927e-06,0.0010162847533089748,2.856981167387109e-06
2011,E07000212,80501,165308,9,27370,0.0003288271830471319,26.470917062477163,female,90+,517,0.006422280468565608,2.111820395217043e-06,5.444382607012365e-05,3.4965352080413816e-07
2011,E07000212,80501,165308,9,27370,0.0003288271830471319,26.470917062477163,male,90+,211,0.002621085452354629,8.618841458235901e-07,5.444382607012365e-05,1.4270192048292679e-07
2011,E07000213,95852,165308,38,34747,0.0010936195930583935,104.82562523383314,female,90+,576,0.006009264282435422,6.571849159137365e-06,0.00022987393229607762,1.3813732108097976e-06
2011,E07000213,95852,165308,38,34747,0.0010936195930583935,104.82562523383314,male,90+,228,0.0023786671117973545,2.601356958825207e-06,0.00022987393229607762,5.467935626122115e-07
2011,E07000214,86378,165308,31,33770,0.0009179745336097127,79.29280426413976,female,90+,518,0.005996897358123596,5.504999055428827e-06,0.00018752873424153702,1.1245905709453352e-06
2011,E07000214,86378,165308,31,33770,0.0009179745336097127,79.29280426413976,male,90+,171,0.0019796707494963996,1.8172873329697479e-06,0.00018752873424153702,3.7124514986805474e-07
2011,E07000215,83178,165308,347,29248,0.0118640590809628,986.8287062363238,female,90+,638,0.007670297434417755,9.100086193048963e-05,0.0020991119607036562,1.610081308674088e-05
2011,E07000215,83178,165308,347,29248,0.0118640590809628,986.8287062363238,male,90+,237,0.002849311115920075,3.3804395419319816e-05,0.0020991119607036562,5.981023043193711e-06
2011,E07000216,121754,165308,16,43976,0.00036383481899217757,44.298344551573585,female,90+,1141,0.009371355355881532,3.409625379618531e-06,9.678902412466426e-05,9.070443396212192e-07
2011,E07000216,121754,165308,16,43976,0.00036383481899217757,44.298344551573585,male,90+,415,0.003408512246004238,1.2401354360575726e-06,9.678902412466426e-05,3.299065740077178e-07
2011,E07000217,99493,165308,25,33858,0.0007383779313603875,73.46343552483903,female,90+,598,0.006010473098609952,4.438000693048875e-06,0.00015123285019478792,9.089809777218817e-07
2011,E07000217,99493,165308,25,33858,0.0007383779313603875,73.46343552483903,male,90+,206,0.002070497421929181,1.528809603291084e-06,0.00015123285019478792,3.131272264393104e-07
2011,E07000223,61334,165308,37,24872,0.0014876165969765198,91.24147635895787,female,90+,502,0.008184693644634297,1.2175686106926223e-05,0.00022382461828828612,1.831935930816833e-06
2011,E07000223,61334,165308,37,24872,0.0014876165969765198,91.24147635895787,male,90+,216,0.0035217008510777057,5.23894063564953e-06,0.00022382461828828612,7.882433487179998e-07
2011,E07000224,149811,165308,31,61570,0.0005034919603703102,75.42863407503654,female,90+,1759,0.011741460907410003,5.911731169883224e-06,0.00018752873424153702,2.2018613021130866e-06
2011,E07000224,149811,165308,31,61570,0.0005034919603703102,75.42863407503654,male,90+,691,0.004612478389437358,2.3223457864635062e-06,0.00018752873424153702,8.64972234087631e-07
2011,E07000225,113995,165308,8,44206,0.0001809709089263901,20.62977876306384,female,90+,1152,0.010105706390631169,1.8288388708557516e-06,4.839451206233213e-05,4.89060729819787e-07
2011,E07000225,113995,165308,8,44206,0.0001809709089263901,20.62977876306384,male,90+,446,0.003912452300539497,7.080400489597788e-07,4.839451206233213e-05,1.893412200517578e-07
2011,E07000226,107053,165308,93,37608,0.0024728781110402043,264.729020421187,female,90+,443,0.004138137184385305,1.0233108863747962e-05,0.000562586202724611,2.328058884916842e-06
2011,E07000226,107053,165308,93,37608,0.0024728781110402043,264.729020421187,male,90+,190,0.0017748218172307176,4.38891802282644e-06,0.000562586202724611,9.98490266668623e-07
2011,E07000227,131540,165308,61,45394,0.0013437899281843416,176.7621271533683,female,90+,1029,0.007822715523795043,1.0512086331927076e-05,0.0003690081544752825,2.8866458184207518e-06
2011,E07000227,131540,165308,61,45394,0.0013437899281843416,176.7621271533683,male,90+,364,0.0027672190968526683,3.7185611514299858e-06,0.0003690081544752825,1.021126411958361e-06
2011,E07000228,140188,165308,399,44892,0.008887997861534349,1245.9906442127774,female,90+,1119,0.007982138271464033,7.094522788724382e-05,0.002413676289108815,1.926629788222076e-05
2011,E07000228,140188,165308,399,44892,0.008887997861534349,1245.9906442127774,male,90+,394,0.0028105115987103035,2.497982107915466e-05,0.002413676289108815,6.783665206072368e-06
2011,E07000229,104998,165308,33,39714,0.0008309412297930201,87.24716724580752,female,90+,1192,0.011352597192327472,9.433341072337376e-06,0.00019962736225712004,2.2662890322719203e-06
2011,E07000229,104998,165308,33,39714,0.0008309412297930201,87.24716724580752,male,90+,411,0.003914360273529019,3.2526033395391457e-06,0.00019962736225712004,7.81413416328657e-07
2011,E07000241,110727,165308,12,36606,0.00032781511227667593,36.2979839370595,female,90+,646,0.0058341687212694286,1.9125286744040084e-06,7.25917680934982e-05,4.2351262283273127e-07
2011,E07000241,110727,165308,12,36606,0.00032781511227667593,36.2979839370595,male,90+,242,0.002185555465243346,7.164581102256502e-07,7.25917680934982e-05,1.5865333548842253e-07
2011,E07000242,138155,165308,8,44545,0.00017959366932315636,24.81176338534067,female,90+,737,0.005334587962795411,9.580582265655695e-07,4.839451206233213e-05,2.581647815130743e-07
2011,E07000242,138155,165308,8,44545,0.00017959366932315636,24.81176338534067,male,90+,246,0.0017806087365640042,3.19786056628399e-07,4.839451206233213e-05,8.617169097994067e-08
2011,E08000035,750683,165308,8,281107,2.845891422127517e-05,21.36362310436951,female,90+,3689,0.004914191476295587,1.3985255369081773e-07,4.839451206233213e-05,2.3781989867619654e-07
2011,E08000035,750683,165308,8,281107,2.845891422127517e-05,21.36362310436951,male,90+,1347,0.0017943659307590554,5.106570610505054e-08,4.839451206233213e-05,8.683746368035692e-08
2011,E09000001,7412,165308,20,2137,0.009358914365933552,69.36827328029949,female,90+,26,0.003507825148407987,3.28294351746185e-05,0.00012098628015583033,4.2439871614295583e-07
2011,E09000001,7412,165308,20,2137,0.009358914365933552,69.36827328029949,male,90+,22,0.0029681597409606042,2.777875284006181e-05,0.00012098628015583033,3.5910660596711645e-07
2011,E09000002,187029,165308,213,69590,0.0030607845954878574,572.4554821094985,female,90+,749,0.0040047265397344795,1.2257605301960686e-05,0.001288503883659593,5.16010569944252e-06
2011,E09000002,187029,165308,213,69590,0.0030607845954878574,572.4554821094985,male,90+,230,0.0012297558132695998,3.764017649467233e-06,0.001288503883659593,1.5845451413508406e-06
2011,E09000003,357538,165308,214,138470,0.001545461110709901,552.5610746009966,female,90+,2097,0.005865110841365114,9.064300715332811e-06,0.0012945531976673846,7.592697994362852e-06
2011,E09000003,357538,165308,214,138470,0.001545461110709901,552.5610746009966,male,90+,802,0.0022431182140080215,3.4666519664744463e-06,0.0012945531976673846,2.9038358566900368e-06
2011,E09000004,232774,165308,4151,34157,0.12152706619433791,28288.341306320814,female,90+,1292,0.0055504480740976225,0.0006745296705090971,0.025110702446342583,0.00013937565003254064
2011,E09000004,232774,165308,4151,34157,0.12152706619433791,28288.341306320814,male,90+,459,0.0019718697105346817,0.0002396355408387582,0.025110702446342583,4.951503356419207e-05
2011,E09000005,312245,165308,417,114282,0.0036488685882291173,1139.3409723316008,female,90+,851,0.002725423945939887,9.944713825947506e-06,0.0025225639412490624,6.875056170644693e-06
2011,E09000005,312245,165308,417,114282,0.0036488685882291173,1139.3409723316008,male,90+,352,0.0011273198930327147,4.113442146572881e-06,0.0025225639412490624,2.8437365124170763e-06
2011,E09000006,310554,165308,10197,36965,0.2758555390234005,85668.04106587311,female,90+,2055,0.00661720666937151,0.0018253931126087186,0.061684854937450094,0.0004081814334913089
2011,E09000006,310554,165308,10197,36965,0.2758555390234005,85668.04106587311,male,90+,749,0.0024118188785203216,0.0006653135967610366,0.061684854937450094,0.0001487726976569296
2011,E09000007,220087,165308,382,72962,0.005235602094240838,1152.2879581151833,female,90+,800,0.003634926188280089,1.9031027163770102e-05,0.0023108379509763593,8.39972538487547e-06
2011,E09000007,220087,165308,382,72962,0.005235602094240838,1152.2879581151833,male,90+,306,0.0013903592670171342,7.279367890142064e-06,0.0023108379509763593,3.2128949597148672e-06
2011,E09000008,364815,165308,8115,136880,0.05928550555230859,21628.24170806546,female,90+,1477,0.00404862738648356,0.00024002492140059973,0.04909018317322816,0.00019874786000262596
2011,E09000008,364815,165308,8115,136880,0.05928550555230859,21628.24170806546,male,90+,583,0.0015980702547866727,9.47424029631345e-05,0.04909018317322816,7.844956153116515e-05
2011,E09000009,339314,165308,312,135612,0.0023006813556322447,780.6533935049995,female,90+,1153,0.003398032500869401,7.81779002058264e-06,0.0018873859704309531,6.413398869209313e-06
2011,E09000009,339314,165308,312,135612,0.0023006813556322447,780.6533935049995,male,90+,499,0.0014706142393181537,3.3834147617265723e-06,0.0018873859704309531,2.7756166832050716e-06
2011,E09000010,313935,165308,223,122444,0.0018212407304563718,571.7512087158211,female,90+,1396,0.004446780384474493,8.098657555599391e-06,0.0013489970237375083,5.9986935038704234e-06
2011,E09000010,313935,165308,223,122444,0.0018212407304563718,571.7512087158211,male,90+,470,0.001497125201076656,2.7266253947934914e-06,0.0013489970237375083,2.0196174404148275e-06
2011,E09000011,255483,165308,5537,32537,0.1701754925162123,43476.94535451947,female,90+,951,0.003722361174716126,0.0006334546462305433,0.033495051661141625,0.00012468067984854446
2011,E09000011,255483,165308,5537,32537,0.1701754925162123,43476.94535451947,male,90+,353,0.001381696629521338,0.00023513090443678423,0.033495051661141625,4.627999998584248e-05
2011,E09000012,247182,165308,409,88435,0.004624865720585741,1143.1835585458246,female,90+,411,0.0016627424327014103,7.689960479164095e-06,0.00247416942918673,4.113906495601404e-06
2011,E09000012,247182,165308,409,88435,0.004624865720585741,1143.1835585458246,male,90+,203,0.0008212572112856114,3.7982043242586656e-06,0.00247416942918673,2.031929485662007e-06
2011,E09000013,182445,165308,389,63620,0.006114429424709211,1115.5470763910719,female,90+,530,0.002904985063991888,1.7762326153612768e-05,0.0023531831490309,6.835961900772162e-06
2011,E09000013,182445,165308,389,63620,0.006114429424709211,1115.5470763910719,male,90+,188,0.0010304475321329717,6.300598711092832e-06,0.0023531831490309,2.424831768575786e-06
2011,E09000014,255540,165308,300,94034,0.003190335410596167,815.2583108237445,female,90+,600,0.0023479690068091102,7.490808665405418e-06,0.001814794202337455,4.261080540825206e-06
2011,E09000014,255540,165308,300,94034,0.003190335410596167,815.2583108237445,male,90+,254,0.0009939735462158566,3.1711090016882934e-06,0.001814794202337455,1.8038574289493369e-06
2011,E09000015,240499,165308,72,85681,0.0008403263267235443,202.09764125068568,female,90+,1157,0.00481083081426534,4.042667786640031e-06,0.0004355506085609892,2.095360288837228e-06
2011,E09000015,240499,165308,72,85681,0.0008403263267235443,202.09764125068568,male,90+,495,0.002058220616301939,1.729576970083678e-06,0.0004355506085609892,8.964592419830838e-07
2011,E09000016,237927,165308,101,84891,0.0011897609876194179,283.07626250132523,female,90+,1440,0.006052276538602176,7.200762511913157e-06,0.0006109807147869432,3.6978242456434043e-06
2011,E09000016,237927,165308,101,84891,0.0011897609876194179,283.07626250132523,male,90+,497,0.0020888759997814456,2.4852631725144717e-06,0.0006109807147869432,1.2762629514477583e-06
2011,E09000017,275499,165308,102,107741,0.0009467148068052088,260.8189825600282,female,90+,1178,0.004275877589392339,4.04803662596429e-06,0.0006170300287947347,2.6383448721055157e-06
2011,E09000017,275499,165308,102,107741,0.0009467148068052088,260.8189825600282,male,90+,516,0.0018729650561345051,1.773163751271285e-06,0.0006170300287947347,1.1556756825182055e-06
2011,E09000018,254927,165308,214,93861,0.002279967185519012,581.2251947028052,female,90+,804,0.003153844041627603,7.190660923155592e-06,0.0012945531976673846,4.082818889033241e-06
2011,E09000018,254927,165308,214,93861,0.002279967185519012,581.2251947028052,male,90+,305,0.0011964209361895759,2.7278004745801686e-06,0.0012945531976673846,1.5488305487004212e-06
2011,E09000019,206285,165308,347,78519,0.004419312523083585,911.6378838242973,female,90+,510,0.0024723077295974016,1.0925900510326143e-05,0.0020991119607036562,5.189650725738007e-06
2011,E09000019,206285,165308,347,78519,0.004419312523083585,911.6378838242973,male,90+,195,0.0009452941319048889,4.177550195124701e-06,0.0020991119607036562,1.984278218664532e-06
2011,E09000020,158251,165308,366,50701,0.007218792528746967,1142.3811364667363,female,90+,659,0.004164270683913529,3.0061006100715008e-05,0.002214048926851695,9.219899038838724e-06
2011,E09000020,158251,165308,366,50701,0.007218792528746967,1142.3811364667363,male,90+,270,0.0017061503560798985,1.2316345443388548e-05,0.002214048926851695,3.7775003649263363e-06
2011,E09000021,160436,165308,240,51416,0.004667807686323323,748.8843939629687,female,90+,903,0.005628412575731133,2.6272347482796638e-05,0.001451835361869964,8.171528408640066e-06
2011,E09000021,160436,165308,240,51416,0.004667807686323323,748.8843939629687,male,90+,327,0.0020381959161285498,9.513906563537652e-06,0.001451835361869964,2.9591249054543758e-06
2011,E09000022,304481,165308,39410,108324,0.36381595952882095,110775.04717329494,female,90+,634,0.002082231732029256,0.0007575491355495826,0.23840346504706367,0.0004964112599467236
2011,E09000022,304481,165308,39410,108324,0.36381595952882095,110775.04717329494,male,90+,296,0.0009721460452376339,0.0003536822462502783,0.23840346504706367,0.0002317629857164514
2011,E09000023,276938,165308,22020,112394,0.19591793156218304,54257.12013096784,female,90+,892,0.003220937538365988,0.000631039420207654,0.1332058944515692,0.0004290478657706769
2011,E09000023,276938,165308,22020,112394,0.19591793156218304,54257.12013096784,male,90+,336,0.0012132679516714932,0.0002377009475221656,0.1332058944515692,0.00016161444271182448
2011,E09000024,200543,165308,921,75416,0.01221226264983558,2449.0837885859764,female,90+,865,0.0043132894192268,5.267502327235444e-05,0.005571418201175986,2.4031139177219992e-05
2011,E09000024,200543,165308,921,75416,0.01221226264983558,2449.0837885859764,male,90+,314,0.0015657489914881098,1.9121337927767968e-05,0.005571418201175986,8.723442429649799e-06
2011,E09000025,310460,165308,426,112342,0.0037919923091986967,1177.2619323138274,female,90+,537,0.0017296914256264898,6.558976583262579e-06,0.002577007767319186,4.457428238904861e-06
2011,E09000025,310460,165308,426,112342,0.0037919923091986967,1177.2619323138274,male,90+,246,0.0007923726083875539,3.004670837025315e-06,0.002577007767319186,2.0419503664256902e-06
2011,E09000026,281395,165308,222,102662,0.002162435954881066,608.4986655237576,female,90+,1333,0.004737113310471046,1.0243704144908265e-05,0.0013429477097297166,6.361695471027247e-06
2011,E09000026,281395,165308,222,102662,0.002162435954881066,608.4986655237576,male,90+,481,0.0017093409619929282,3.696340355364498e-06,0.0013429477097297166,2.2955555300555932e-06
2011,E09000027,187527,165308,203,62176,0.0032649253731343282,612.2616604477612,female,90+,1154,0.00615378052227146,2.0091634167863908e-05,0.0012280107435816779,7.556908594993022e-06
2011,E09000027,187527,165308,203,62176,0.0032649253731343282,612.2616604477612,male,90+,404,0.0021543564393394017,7.0338130015745386e-06,0.0012280107435816779,2.6455728530131547e-06
2011,E09000028,288717,165308,48341,102300,0.47254154447702834,136430.7770967742,female,90+,676,0.0023413931289117023,0.0011064055253638377,0.2924298884506497,0.0006846933315067668
2011,E09000028,288717,165308,48341,102300,0.47254154447702834,136430.7770967742,male,90+,260,0.0009005358188121932,0.00042554058667839913,0.2924298884506497,0.00026334358904106416
2011,E09000029,191123,165308,522,74422,0.007014054983741367,1340.5472306576012,female,90+,1033,0.005404896323310119,3.791023999311873e-05,0.0031577419120671717,1.7067267650494122e-05
2011,E09000029,191123,165308,522,74422,0.007014054983741367,1340.5472306576012,male,90+,357,0.0018679070546192766,1.3101602785617994e-05,0.0031577419120671717,5.898368394217233e-06
2011,E09000030,256012,165308,312,76079,0.004101000276028864,1049.9052826667016,female,90+,363,0.0014179022858303518,5.81481766557223e-06,0.0018873859704309531,2.676128881718185e-06
2011,E09000030,256012,165308,312,76079,0.004101000276028864,1049.9052826667016,male,90+,179,0.0006991859756573911,2.8673618791664718e-06,0.0018873859704309531,1.3196338011778379e-06
2011,E09000031,259742,165308,333,98132,0.0033933884971263195,881.4055150205845,female,90+,927,0.003568926088195209,1.2110752734775655e-05,0.002014421564594575,7.189321674504588e-06
2011,E09000031,259742,165308,333,98132,0.0033933884971263195,881.4055150205845,male,90+,359,0.0013821407396570444,4.690140487361877e-06,0.002014421564594575,2.7842141112698465e-06
2011,E09000032,307710,165308,2574,105396,0.024422179209837185,7514.948764659,female,90+,990,0.0032173150043872476,7.857384361164347e-05,0.015570934256055362,5.00966004143343e-05
2011,E09000032,307710,165308,2574,105396,0.024422179209837185,7514.948764659,male,90+,352,0.0011439342237821325,2.7937366617473234e-05,0.015570934256055362,1.7812124591763306e-05
2011,E09000033,219582,165308,836,72308,0.011561652929136471,2538.7308734856447,female,90+,735,0.0033472689018225537,3.869996130336415e-05,0.005057226510513707,1.6927897028115124e-05
2011,E09000033,219582,165308,836,72308,0.011561652929136471,2538.7308734856447,male,90+,353,0.0016075998943447095,1.8586512027329994e-05,0.005057226510513707,8.1299968039791e-06
