year,ltla,ppln_ltla,total_trust_patients,patients_from_ltla_to_trust,total_patients_of_ltla,tfp_ltla,etc_ltla,sex,ag,ag_ppln_ltla,agf_ppln_ltla,ag_trust_factor,ltla_frac_tp,ag_ltla_frac_tp
2017,E06000019,191041,162030,9,74219,0.00012126274943073876,23.166156913997764,female,0-4,4486,0.023481870383844305,2.8474761645211974e-06,5.5545269394556566e-05,1.3043068163586915e-06
2017,E06000019,191041,162030,9,74219,0.00012126274943073876,23.166156913997764,male,0-4,4980,0.02606770274443706,3.161041306133652e-06,5.5545269394556566e-05,1.447937571436978e-06
2017,E06000020,175768,162030,1594,68134,0.023395074412187748,4112.105439281416,female,0-4,5353,0.03045491784625188,0.0007124950692301273,0.009837684379435907,0.00029960586957307597
2017,E06000020,175768,162030,1594,68134,0.023395074412187748,4112.105439281416,male,0-4,5750,0.03271357698784762,0.0007653365679195277,0.009837684379435907,0.0003218258453288225
2017,E06000021,255378,162030,8,108888,7.346998751010212e-05,18.76261847035486,female,0-4,8643,0.03384394896976247,2.486514508100982e-06,4.937357279516139e-05,1.6709966781342947e-06
2017,E06000021,255378,162030,8,108888,7.346998751010212e-05,18.76261847035486,male,0-4,8997,0.03523012945516059,2.588357171049929e-06,4.937357279516139e-05,1.7394373612373307e-06
2017,E06000051,317459,162030,2803,129599,0.021628253304423646,6866.083665769026,female,0-4,7194,0.022661194043955283,0.0004901220449633613,0.017299265568104672,0.0003920220138567343
2017,E06000051,317459,162030,2803,129599,0.021628253304423646,6866.083665769026,male,0-4,7926,0.024967003613064993,0.0005399926783958301,0.017299265568104672,0.0004319108259422402
2017,E07000039,102385,162030,8,39933,0.00020033556206646132,20.511356522174644,female,0-4,2888,0.028207256922400743,5.650916669902235e-06,4.937357279516139e-05,1.392693053009973e-06
2017,E07000039,102385,162030,8,39933,0.00020033556206646132,20.511356522174644,male,0-4,2989,0.029193729550227084,5.848542218261004e-06,4.937357279516139e-05,1.441398731110391e-06
2017,E07000192,99126,162030,16842,40177,0.41919506185130795,41553.12970107275,female,0-4,2629,0.026521800536690676,0.0111178078163861,0.10394371412701352,0.002756774453119449
2017,E07000192,99126,162030,16842,40177,0.41919506185130795,41553.12970107275,male,0-4,2827,0.02851925831769667,0.011955132254440283,0.10394371412701352,0.002964397633689115
2017,E07000193,117552,162030,66,51593,0.001279243308200725,150.37760936561162,female,0-4,3439,0.029255138151626513,3.742443971095594e-05,0.0004073319755600815,1.1916553218585138e-05
2017,E07000193,117552,162030,66,51593,0.001279243308200725,150.37760936561162,male,0-4,3855,0.032793997550020416,4.195150191501459e-05,0.0004073319755600815,1.3358043808562289e-05
2017,E07000194,103507,162030,2578,46234,0.05575983042782368,5771.532768092746,female,0-4,2493,0.024085327562387085,0.0013429937806772917,0.015910633833240758,0.0003832128275988021
2017,E07000194,103507,162030,2578,46234,0.05575983042782368,5771.532768092746,male,0-4,2497,0.02412397229172906,0.0013451486042323295,0.015910633833240758,0.00038382768973694697
2017,E07000196,111890,162030,21922,42671,0.5137446978041292,57482.89423730402,female,0-4,2407,0.021512199481633746,0.011051778421794074,0.135295932851941,0.0029105130965646794
2017,E07000196,111890,162030,21922,42671,0.5137446978041292,57482.89423730402,male,0-4,2559,0.022870676557333096,0.011749688816523074,0.135295932851941,0.0030943095197793996
2017,E07000197,134764,162030,4071,50852,0.08005584834421459,10788.646346259735,female,0-4,3285,0.024375946098364548,0.0019514370440974216,0.02512497685613775,0.0006124450815678706
2017,E07000197,134764,162030,4071,50852,0.08005584834421459,10788.646346259735,male,0-4,3515,0.026082633344216555,0.002088067339422355,0.02512497685613775,0.0006553255591205678
2017,E07000198,98496,162030,19,38267,0.0004965113544307105,48.90438236600726,female,0-4,2113,0.02145264782326186,1.065148322685278e-05,0.0001172622353885083,2.5155854387581025e-06
2017,E07000198,98496,162030,19,38267,0.0004965113544307105,48.90438236600726,male,0-4,2276,0.023107537361923326,1.1473154673126798e-05,0.0001172622353885083,2.709641485382603e-06
2017,E07000199,76527,162030,413,35266,0.011710996427153633,896.2074235807861,female,0-4,2204,0.028800292707149112,0.00033728012499440206,0.0025489106955502066,7.340937411622898e-05
2017,E07000199,76527,162030,413,35266,0.011710996427153633,896.2074235807861,male,0-4,2352,0.030734250656630994,0.0003599286996310498,0.0025489106955502066,7.83388602184077e-05
2017,E07000218,64069,162030,39,28099,0.0013879497491013915,88.92455247517705,female,0-4,1656,0.025847133559131562,3.587452253838681e-05,0.00024069616737641176,6.2213059853491996e-06
2017,E07000218,64069,162030,39,28099,0.0013879497491013915,88.92455247517705,male,0-4,1744,0.027220652733771403,3.778089813221412e-05,0.00024069616737641176,6.551906786503022e-06
2017,E07000234,97594,162030,112,39667,0.002823505684826178,275.557213804926,female,0-4,2557,0.026200381170973626,7.397692518085678e-05,0.0006912300191322595,1.8110489978084593e-05
2017,E07000234,97594,162030,112,39667,0.002823505684826178,275.557213804926,male,0-4,2532,0.02594421788224686,7.3253646678893e-05,0.0006912300191322595,1.7933422223117007e-05
2017,E07000235,77165,162030,39,29187,0.0013362113269606332,103.10874704491727,female,0-4,1627,0.021084688654182594,2.817359980515713e-05,0.00024069616737641176,5.075003749386663e-06
2017,E07000235,77165,162030,39,29187,0.0013362113269606332,103.10874704491727,male,0-4,1708,0.022134387351778657,2.9576219094780813e-05,0.00024069616737641176,5.327662202798047e-06
2017,E07000237,102314,162030,43,37166,0.0011569714254964214,118.37437442824086,female,0-4,2904,0.02838321246359247,3.2838565784170375e-05,0.00026538295377399244,7.532420761182967e-06
2017,E07000237,102314,162030,43,37166,0.0011569714254964214,118.37437442824086,male,0-4,3132,0.030611646499990226,3.5416800287886234e-05,0.00026538295377399244,8.123809168052704e-06
2017,E07000238,125378,162030,20,48608,0.00041145490454246215,51.58739302172482,female,0-4,3114,0.02483689323485779,1.0219261535079736e-05,0.0001234339319879035,3.065715390342257e-06
2017,E07000238,125378,162030,20,48608,0.00041145490454246215,51.58739302172482,male,0-4,3278,0.02614493770836989,1.0757462849065953e-05,0.0001234339319879035,3.227172462922902e-06
2017,E07000239,100715,162030,314,40298,0.00779194997270336,784.7662415008189,female,0-4,2709,0.026897681576726406,0.00020958538922755698,0.0019379127322100846,5.212535959447073e-05
2017,E07000239,100715,162030,314,40298,0.00779194997270336,784.7662415008189,male,0-4,2844,0.028238097602144664,0.00022002984384022594,0.0019379127322100846,5.4722968876587204e-05
2017,E08000025,1137123,162030,527,463214,0.0011377030918754616,1293.7083529427005,female,0-4,41429,0.03643317389587582,4.1450134588174276e-05,0.0032524841078812564,0.00011849831909601033
2017,E08000025,1137123,162030,527,463214,0.0011377030918754616,1293.7083529427005,male,0-4,43761,0.038483963476246635,4.378332423454813e-05,0.0032524841078812564,0.0001251684796147749
2017,E08000027,319419,162030,7204,138693,0.05194205908012661,16591.280569314964,female,0-4,9514,0.029785328987943737,0.0015471113180127814,0.04446090230204283,0.0013242826021671707
2017,E08000027,319419,162030,7204,138693,0.05194205908012661,16591.280569314964,male,0-4,9891,0.030965596911893156,0.0016084168642489405,0.04446090230204283,0.0013767583790241207
2017,E08000028,325460,162030,2238,138562,0.016151614439745384,5256.704435559533,female,0-4,11825,0.03633318994653721,0.0005868396753825022,0.013812256989446398,0.0005018433567879423
2017,E08000028,325460,162030,2238,138562,0.016151614439745384,5256.704435559533,male,0-4,12461,0.038287347139433416,0.0006184024689168168,0.013812256989446398,0.0005288346781339997
2017,E08000030,281293,162030,16074,121672,0.13210927740153855,37161.414968110985,female,0-4,9542,0.03392192482571554,0.004481400976794591,0.09920385113867802,0.0033651855807477105
2017,E08000030,281293,162030,16074,121672,0.13210927740153855,37161.414968110985,male,0-4,9904,0.03520883918192063,0.004651414302470512,0.09920385113867802,0.0034928524409689084
2017,E08000031,259926,162030,85087,98550,0.8633891425672248,224417.28627092845,female,0-4,8876,0.034148180636027176,0.02948316839957021,0.5251311485527371,0.017932273318383287
2017,E08000031,259926,162030,85087,98550,0.8633891425672248,224417.28627092845,male,0-4,9165,0.03526003554857921,0.03044313185917767,0.5251311485527371,0.01851614296563574
2017,E06000019,191041,162030,9,74219,0.00012126274943073876,23.166156913997764,female,5-9,5203,0.027234991441627714,3.302589942934416e-06,5.5545269394556566e-05,1.5127749365836538e-06
2017,E06000019,191041,162030,9,74219,0.00012126274943073876,23.166156913997764,male,5-9,5417,0.028355169832653723,3.438425854483131e-06,5.5545269394556566e-05,1.5749955470831545e-06
2017,E06000020,175768,162030,1594,68134,0.023395074412187748,4112.105439281416,female,5-9,5927,0.03372058622729962,0.0007888956240102679,0.009837684379435907,0.00033173248439372706
2017,E06000020,175768,162030,1594,68134,0.023395074412187748,4112.105439281416,male,5-9,6088,0.03463656638295935,0.0008103250479120147,0.009837684379435907,0.0003407436080629341
2017,E06000021,255378,162030,8,108888,7.346998751010212e-05,18.76261847035486,female,5-9,8373,0.032786692667340175,2.4088379007670395e-06,4.937357279516139e-05,1.6187961571235044e-06
2017,E06000021,255378,162030,8,108888,7.346998751010212e-05,18.76261847035486,male,5-9,8607,0.033702981462772834,2.4761576271231233e-06,4.937357279516139e-05,1.6640366086661894e-06
2017,E06000051,317459,162030,2803,129599,0.021628253304423646,6866.083665769026,female,5-9,8378,0.026390809521859515,0.0005707871132475731,0.017299265568104672,0.00045654162247591324
2017,E06000051,317459,162030,2803,129599,0.021628253304423646,6866.083665769026,male,5-9,8558,0.02695781187491928,0.000583050383763754,0.017299265568104672,0.00046635034675923437
2017,E07000039,102385,162030,8,39933,0.00020033556206646132,20.511356522174644,female,5-9,3069,0.029975094007911315,6.00507730606993e-06,4.937357279516139e-05,1.4799774860414153e-06
2017,E07000039,102385,162030,8,39933,0.00020033556206646132,20.511356522174644,male,5-9,3166,0.030922498412853446,6.194876100038254e-06,4.937357279516139e-05,1.526754226395282e-06
2017,E07000192,99126,162030,16842,40177,0.41919506185130795,41553.12970107275,female,5-9,2805,0.028297318564251557,0.011862096205767596,0.10394371412701352,0.0029413283914035966
2017,E07000192,99126,162030,16842,40177,0.41919506185130795,41553.12970107275,male,5-9,2956,0.029820632326533907,0.012500661812566495,0.10394371412701352,0.0030996672816360183
2017,E07000193,117552,162030,66,51593,0.001279243308200725,150.37760936561162,female,5-9,3630,0.03087995100040833,3.950297067483864e-05,0.0004073319755600815,1.2578391446194839e-05
2017,E07000193,117552,162030,66,51593,0.001279243308200725,150.37760936561162,male,5-9,3789,0.032232543895467536,4.123326608456297e-05,0.0004073319755600815,1.3129345782267835e-05
2017,E07000194,103507,162030,2578,46234,0.05575983042782368,5771.532768092746,female,5-9,2780,0.026858086892673924,0.001497602370751252,0.015910633833240758,0.0004273291860106979
2017,E07000194,103507,162030,2578,46234,0.05575983042782368,5771.532768092746,male,5-9,2996,0.028944902277140677,0.0016139628427232918,0.015910633833240758,0.0004605317414705219
2017,E07000196,111890,162030,21922,42671,0.5137446978041292,57482.89423730402,female,5-9,2710,0.02422021628385021,0.012443007695497277,0.135295932851941,0.003276896755999286
2017,E07000196,111890,162030,21922,42671,0.5137446978041292,57482.89423730402,male,5-9,2735,0.024443650013406024,0.012557795589367177,0.135295932851941,0.003307126430870128
2017,E07000197,134764,162030,4071,50852,0.08005584834421459,10788.646346259735,female,5-9,3662,0.02717342910569588,0.002175391919477856,0.02512497685613775,0.000682731777382509
2017,E07000197,134764,162030,4071,50852,0.08005584834421459,10788.646346259735,male,5-9,3823,0.02836811017779229,0.0022710331262053097,0.02512497685613775,0.0007127481116693971
2017,E07000198,98496,162030,19,38267,0.0004965113544307105,48.90438236600726,female,5-9,2559,0.025980750487329434,1.289973761359028e-05,0.0001172622353885083,3.0465608792153258e-06
2017,E07000198,98496,162030,19,38267,0.0004965113544307105,48.90438236600726,male,5-9,2676,0.027168615984405457,1.3489526320425005e-05,0.0001172622353885083,3.185852642743342e-06
2017,E07000199,76527,162030,413,35266,0.011710996427153633,896.2074235807861,female,5-9,2406,0.03143988396252303,0.000368192368755232,0.0025489106955502066,8.013745649893236e-05
2017,E07000199,76527,162030,413,35266,0.011710996427153633,896.2074235807861,male,5-9,2557,0.03341304376233225,0.00039130003612100096,0.0025489106955502066,8.516686461669579e-05
2017,E07000218,64069,162030,39,28099,0.0013879497491013915,88.92455247517705,female,5-9,1740,0.027158220044015045,3.769424469613106e-05,0.00024069616737641176,6.536879477359666e-06
2017,E07000218,64069,162030,39,28099,0.0013879497491013915,88.92455247517705,male,5-9,1752,0.027345518113284114,3.795420500438024e-05,0.00024069616737641176,6.581961404789733e-06
2017,E07000234,97594,162030,112,39667,0.002823505684826178,275.557213804926,female,5-9,2716,0.027829579687275858,7.857697645334651e-05,0.0006912300191322595,1.923664089967843e-05
2017,E07000234,97594,162030,112,39667,0.002823505684826178,275.557213804926,male,5-9,2909,0.02980716027624649,8.4160686488507e-05,0.0006912300191322595,2.0603603968028187e-05
2017,E07000235,77165,162030,39,29187,0.0013362113269606332,103.10874704491727,female,5-9,1980,0.02565930149679259,3.4286249301912186e-05,0.00024069616737641176,6.176095527833802e-06
2017,E07000235,77165,162030,39,29187,0.0013362113269606332,103.10874704491727,male,5-9,2012,0.02607399727855893,3.4840370502751165e-05,0.00024069616737641176,6.2759112131321255e-06
2017,E07000237,102314,162030,43,37166,0.0011569714254964214,118.37437442824086,female,5-9,2982,0.029145571476044334,3.3720593377546855e-05,0.00026538295377399244,7.734737847743666e-06
2017,E07000237,102314,162030,43,37166,0.0011569714254964214,118.37437442824086,male,5-9,3148,0.030768027835877787,3.55977290249891e-05,0.00026538295377399244,8.165310108885667e-06
2017,E07000238,125378,162030,20,48608,0.00041145490454246215,51.58739302172482,female,5-9,3378,0.02694252580197483,1.1085634381984377e-05,0.0001234339319879035,3.325621897423296e-06
2017,E07000238,125378,162030,20,48608,0.00041145490454246215,51.58739302172482,male,5-9,3494,0.027867727990556555,1.1466313360169749e-05,0.0001234339319879035,3.439823241443752e-06
2017,E07000239,100715,162030,314,40298,0.00779194997270336,784.7662415008189,female,5-9,2692,0.02672888844759966,0.00020827016160966533,0.0019379127322100846,5.1798253240426426e-05
2017,E07000239,100715,162030,314,40298,0.00779194997270336,784.7662415008189,male,5-9,2911,0.02890334111105595,0.0002252133879813283,0.0019379127322100846,5.6012152742526504e-05
2017,E08000025,1137123,162030,527,463214,0.0011377030918754616,1293.7083529427005,female,5-9,40194,0.03534709965412713,4.021450456533049e-05,0.0032524841078812564,0.00011496587988474354
2017,E08000025,1137123,162030,527,463214,0.0011377030918754616,1293.7083529427005,male,5-9,42774,0.03761598349518917,4.279582072641305e-05,0.0032524841078812564,0.0001223453885204264
2017,E08000027,319419,162030,7204,138693,0.05194205908012661,16591.280569314964,female,5-9,9660,0.03024240887361115,0.0015708529884384556,0.04446090230204283,0.0013446047863080585
2017,E08000027,319419,162030,7204,138693,0.05194205908012661,16591.280569314964,male,5-9,10137,0.031735745212401266,0.0016484199527743919,0.04446090230204283,0.0014109998673710962
2017,E08000028,325460,162030,2238,138562,0.016151614439745384,5256.704435559533,female,5-9,11652,0.035801634609475816,0.0005782541985248976,0.013812256989446398,0.0004945013778683385
2017,E08000028,325460,162030,2238,138562,0.016151614439745384,5256.704435559533,male,5-9,12218,0.03754071160818534,0.0006063430996890834,0.013812256989446398,0.0005185219562989495
2017,E08000030,281293,162030,16074,121672,0.13210927740153855,37161.414968110985,female,5-9,9575,0.03403924022282816,0.004496899429135214,0.09920385113867802,0.0033768237199391458
2017,E08000030,281293,162030,16074,121672,0.13210927740153855,37161.414968110985,male,5-9,10045,0.03571009587867455,0.004717634962471354,0.09920385113867802,0.0035425790356959494
2017,E08000031,259926,162030,85087,98550,0.8633891425672248,224417.28627092845,female,5-9,8738,0.0336172602971615,0.029024777543425476,0.5251311485527371,0.017653470511044746
2017,E08000031,259926,162030,85087,98550,0.8633891425672248,224417.28627092845,male,5-9,9235,0.03552934296684441,0.030675648960120653,0.5251311485527371,0.01865756467950312
2017,E06000019,191041,162030,9,74219,0.00012126274943073876,23.166156913997764,female,10-14,4808,0.025167372448846058,3.0518647790944977e-06,5.5545269394556566e-05,1.397928482624295e-06
2017,E06000019,191041,162030,9,74219,0.00012126274943073876,23.166156913997764,male,10-14,5110,0.026748184944593044,3.2435584486632452e-06,5.5545269394556566e-05,1.4857351385628428e-06
2017,E06000020,175768,162030,1594,68134,0.023395074412187748,4112.105439281416,female,10-14,5412,0.03079058759273588,0.0007203480879270406,0.009837684379435907,0.0003029080825947108
2017,E06000020,175768,162030,1594,68134,0.023395074412187748,4112.105439281416,male,10-14,5369,0.03054594693004415,0.0007146247014191208,0.009837684379435907,0.00030050138496877355
2017,E06000021,255378,162030,8,108888,7.346998751010212e-05,18.76261847035486,female,10-14,7165,0.028056449655021184,2.061307005732215e-06,4.937357279516139e-05,1.3852471594159692e-06
2017,E06000021,255378,162030,8,108888,7.346998751010212e-05,18.76261847035486,male,10-14,7472,0.02925858922851616,2.1496281851822906e-06,4.937357279516139e-05,1.4446010851578676e-06
2017,E06000051,317459,162030,2803,129599,0.021628253304423646,6866.083665769026,female,10-14,8414,0.02650420999247147,0.0005732397673508093,0.017299265568104672,0.0004585033673325775
2017,E06000051,317459,162030,2803,129599,0.021628253304423646,6866.083665769026,male,10-14,8604,0.027102712476256778,0.0005861843306734447,0.017299265568104672,0.0004688570207427498
2017,E07000039,102385,162030,8,39933,0.00020033556206646132,20.511356522174644,female,10-14,2919,0.028510035649753383,5.711574016428194e-06,4.937357279516139e-05,1.4076423205457449e-06
2017,E07000039,102385,162030,8,39933,0.00020033556206646132,20.511356522174644,male,10-14,3177,0.031029936025785028,6.216399674611981e-06,4.937357279516139e-05,1.532058805198298e-06
2017,E07000192,99126,162030,16842,40177,0.41919506185130795,41553.12970107275,female,10-14,2683,0.02706656174969231,0.011346169026764514,0.10394371412701352,0.0028133989569111765
2017,E07000192,99126,162030,16842,40177,0.41919506185130795,41553.12970107275,male,10-14,2821,0.02845872929402982,0.01192975878662046,0.10394371412701352,0.002958106022156701
2017,E07000193,117552,162030,66,51593,0.001279243308200725,150.37760936561162,female,10-14,3316,0.02820879270450524,3.6085909299659756e-05,0.0004073319755600815,1.1490343260490932e-05
2017,E07000193,117552,162030,66,51593,0.001279243308200725,150.37760936561162,male,10-14,3443,0.02928916564584184,3.7467969155225736e-05,0.0004073319755600815,1.1930413705027227e-05
2017,E07000194,103507,162030,2578,46234,0.05575983042782368,5771.532768092746,female,10-14,2754,0.026606896151951075,0.0014835960176435065,0.015910633833240758,0.0004233325821127561
2017,E07000194,103507,162030,2578,46234,0.05575983042782368,5771.532768092746,male,10-14,2956,0.028558454983720907,0.0015924146071729138,0.015910633833240758,0.000454383120089073
2017,E07000196,111890,162030,21922,42671,0.5137446978041292,57482.89423730402,female,10-14,2786,0.024899454821699883,0.012791962892861775,0.135295932851941,0.003368794967606646
2017,E07000196,111890,162030,21922,42671,0.5137446978041292,57482.89423730402,male,10-14,2994,0.026758423451604254,0.013746998169859352,0.135295932851941,0.0036203058625320526
2017,E07000197,134764,162030,4071,50852,0.08005584834421459,10788.646346259735,female,10-14,3499,0.025963907274939895,0.002078562623225838,0.02512497685613775,0.0006523425693777715
2017,E07000197,134764,162030,4071,50852,0.08005584834421459,10788.646346259735,male,10-14,3720,0.02760381110682378,0.0022098465156902307,0.02512497685613775,0.0006935451152001457
2017,E07000198,98496,162030,19,38267,0.0004965113544307105,48.90438236600726,female,10-14,2617,0.026569606887589345,1.319211150244852e-05,0.0001172622353885083,3.115611497032633e-06
2017,E07000198,98496,162030,19,38267,0.0004965113544307105,48.90438236600726,male,10-14,2611,0.02650869070825211,1.3161865927739047e-05,0.0001172622353885083,3.108468329672222e-06
2017,E07000199,76527,162030,413,35266,0.011710996427153633,896.2074235807861,female,10-14,2121,0.027715708181426164,0.00032457855948871453,0.0025489106955502066,7.064486501838552e-05
2017,E07000199,76527,162030,413,35266,0.011710996427153633,896.2074235807861,male,10-14,2347,0.030668914239418768,0.00035916354508251435,0.0025489106955502066,7.817232352576653e-05
2017,E07000218,64069,162030,39,28099,0.0013879497491013915,88.92455247517705,female,10-14,1674,0.026128080663035166,3.626446300076058e-05,0.00024069616737641176,6.2889288764943e-06
2017,E07000218,64069,162030,39,28099,0.0013879497491013915,88.92455247517705,male,10-14,1771,0.02764207338962681,3.836580882577478e-05,0.00024069616737641176,6.653341123220672e-06
2017,E07000234,97594,162030,112,39667,0.002823505684826178,275.557213804926,female,10-14,2725,0.027921798471217493,7.883735671405348e-05,0.0006912300191322595,1.9300385291466763e-05
2017,E07000234,97594,162030,112,39667,0.002823505684826178,275.557213804926,male,10-14,2827,0.028966944689222698,8.178833300206575e-05,0.0006912300191322595,2.002282173173451e-05
2017,E07000235,77165,162030,39,29187,0.0013362113269606332,103.10874704491727,female,10-14,2010,0.026048078792198535,3.480573792769873e-05,0.00024069616737641176,6.26967273280098e-06
2017,E07000235,77165,162030,39,29187,0.0013362113269606332,103.10874704491727,male,10-14,2140,0.02773278040562431,3.705685530610711e-05,0.00024069616737641176,6.675173954325422e-06
2017,E07000237,102314,162030,43,37166,0.0011569714254964214,118.37437442824086,female,10-14,2744,0.02681939910471685,3.10292784131417e-05,0.00026538295377399244,7.117411352853326e-06
2017,E07000237,102314,162030,43,37166,0.0011569714254964214,118.37437442824086,male,10-14,2839,0.02774791328654925,3.210354278968998e-05,0.00026538295377399244,7.36382318904905e-06
2017,E07000238,125378,162030,20,48608,0.00041145490454246215,51.58739302172482,female,10-14,3330,0.026559683517044456,1.0928112046183532e-05,0.0001234339319879035,3.2783661688631066e-06
2017,E07000238,125378,162030,20,48608,0.00041145490454246215,51.58739302172482,male,10-14,3461,0.02760452391966693,1.1358016754306669e-05,0.0001234339319879035,3.4073349280586228e-06
2017,E07000239,100715,162030,314,40298,0.00779194997270336,784.7662415008189,female,10-14,2514,0.0249615250955667,0.00019449895478703517,0.0019379127322100846,4.8373257298080254e-05
2017,E07000239,100715,162030,314,40298,0.00779194997270336,784.7662415008189,male,10-14,2736,0.02716576478181006,0.00021167428015009078,0.0019379127322100846,5.2644881450894025e-05
2017,E08000025,1137123,162030,527,463214,0.0011377030918754616,1293.7083529427005,female,10-14,37100,0.03262619786953566,3.711892619231132e-05,0.0032524841078812564,0.00010611619007125405
2017,E08000025,1137123,162030,527,463214,0.0011377030918754616,1293.7083529427005,male,10-14,39579,0.034806261064106524,3.959919082925849e-05,0.0032524841078812564,0.00011320681096577262
2017,E08000027,319419,162030,7204,138693,0.05194205908012661,16591.280569314964,female,10-14,9250,0.0289588283727643,0.0015041811742293701,0.04446090230204283,0.0012875356390630996
2017,E08000027,319419,162030,7204,138693,0.05194205908012661,16591.280569314964,male,10-14,9458,0.029610010675632945,0.0015380049238769061,0.04446090230204283,0.0013164877918117616
2017,E08000028,325460,162030,2238,138562,0.016151614439745384,5256.704435559533,female,10-14,10393,0.03193326368831807,0.0005157737628964351,0.013812256989446398,0.00044107044457480617
2017,E08000028,325460,162030,2238,138562,0.016151614439745384,5256.704435559533,male,10-14,10812,0.033220672279235544,0.00053656749008335,0.013812256989446398,0.00045885246288297933
2017,E08000030,281293,162030,16074,121672,0.13210927740153855,37161.414968110985,female,10-14,8703,0.030939269729428034,0.004087364567286033,0.09920385113867802,0.0030692947085775857
2017,E08000030,281293,162030,16074,121672,0.13210927740153855,37161.414968110985,male,10-14,9150,0.032528360108498966,0.004297298148990831,0.09920385113867802,0.0032269385939888437
2017,E08000031,259926,162030,85087,98550,0.8633891425672248,224417.28627092845,female,10-14,7628,0.029346814093241923,0.025337720657043893,0.5251311485527371,0.015410926191147784
2017,E08000031,259926,162030,85087,98550,0.8633891425672248,224417.28627092845,male,10-14,7791,0.0299739156529166,0.02587915333495398,0.5251311485527371,0.015740236753438958
2017,E06000019,191041,162030,9,74219,0.00012126274943073876,23.166156913997764,female,15-19,4855,0.025413392936594763,3.0816978998551973e-06,5.5545269394556566e-05,1.411593756892877e-06
2017,E06000019,191041,162030,9,74219,0.00012126274943073876,23.166156913997764,male,15-19,4858,0.025429096371982977,3.0836021416058797e-06,5.5545269394556566e-05,1.4124660084419356e-06
2017,E06000020,175768,162030,1594,68134,0.023395074412187748,4112.105439281416,female,15-19,5189,0.029521869737381093,0.0006906663392929443,0.009837684379435907,0.0002904268367671756
2017,E06000020,175768,162030,1594,68134,0.023395074412187748,4112.105439281416,male,15-19,5237,0.02979495698875791,0.0006970552358599247,0.009837684379435907,0.0002931133829542684
2017,E06000021,255378,162030,8,108888,7.346998751010212e-05,18.76261847035486,female,15-19,6860,0.0268621416096923,1.9735612085586876e-06,4.937357279516139e-05,1.3262799042000764e-06
2017,E06000021,255378,162030,8,108888,7.346998751010212e-05,18.76261847035486,male,15-19,7389,0.028933580809623383,2.1257498207055604e-06,4.937357279516139e-05,1.4285542583286247e-06
2017,E06000051,317459,162030,2803,129599,0.021628253304423646,6866.083665769026,female,15-19,8321,0.026211258776723922,0.0005669037442507824,0.017299265568104672,0.00045343552645286153
2017,E06000051,317459,162030,2803,129599,0.021628253304423646,6866.083665769026,male,15-19,8752,0.027568914410994804,0.000596267464208971,0.017299265568104672,0.00047692197182014714
2017,E07000039,102385,162030,8,39933,0.00020033556206646132,20.511356522174644,female,15-19,2820,0.027543097133369145,5.5178618452646475e-06,4.937357279516139e-05,1.3599011113186026e-06
2017,E07000039,102385,162030,8,39933,0.00020033556206646132,20.511356522174644,male,15-19,3103,0.030307173902427112,6.071604718388724e-06,4.937357279516139e-05,1.4963734568871004e-06
2017,E07000192,99126,162030,16842,40177,0.41919506185130795,41553.12970107275,female,15-19,2571,0.025936686641244478,0.010872530960794472,0.10394371412701352,0.0026959555416394463
2017,E07000192,99126,162030,16842,40177,0.41919506185130795,41553.12970107275,male,15-19,2735,0.027591146621471663,0.01156607241453632,0.10394371412701352,0.0028679262568587654
2017,E07000193,117552,162030,66,51593,0.001279243308200725,150.37760936561162,female,15-19,3088,0.02626922553423166,3.360473097628146e-05,0.0004073319755600815,1.070029553329192e-05
2017,E07000193,117552,162030,66,51593,0.001279243308200725,150.37760936561162,male,15-19,3290,0.02798761399210562,3.5802967911906095e-05,0.0004073319755600815,1.140025009861736e-05
2017,E07000194,103507,162030,2578,46234,0.05575983042782368,5771.532768092746,female,15-19,2561,0.02474228796120069,0.0013796257811129339,0.015910633833240758,0.0003936654839472652
2017,E07000194,103507,162030,2578,46234,0.05575983042782368,5771.532768092746,male,15-19,2913,0.028143024143294657,0.0015692502539562578,0.015910633833240758,0.0004477733521040155
2017,E07000196,111890,162030,21922,42671,0.5137446978041292,57482.89423730402,female,15-19,2807,0.025087139154526768,0.012888384723712492,0.135295932851941,0.0033941878944981534
2017,E07000196,111890,162030,21922,42671,0.5137446978041292,57482.89423730402,male,15-19,3038,0.027151666815622488,0.013949024863070378,0.135295932851941,0.0036735100903047347
2017,E07000197,134764,162030,4071,50852,0.08005584834421459,10788.646346259735,female,15-19,3287,0.02439078685702413,0.001952625133621986,0.02512497685613775,0.0006128179552857201
2017,E07000197,134764,162030,4071,50852,0.08005584834421459,10788.646346259735,male,15-19,3451,0.02560772906710991,0.0020500484746362865,0.02512497685613775,0.0006433936001493825
2017,E07000198,98496,162030,19,38267,0.0004965113544307105,48.90438236600726,female,15-19,2418,0.024549220272904484,1.2188966607917662e-05,0.0001172622353885083,2.8786964462456655e-06
2017,E07000198,98496,162030,19,38267,0.0004965113544307105,48.90438236600726,male,15-19,2769,0.028112816764132555,1.3958332728421838e-05,0.0001172622353885083,3.296571736829714e-06
2017,E07000199,76527,162030,413,35266,0.011710996427153633,896.2074235807861,female,15-19,2093,0.0273498242450377,0.00032029369401691634,0.0025489106955502066,6.971225953959495e-05
2017,E07000199,76527,162030,413,35266,0.011710996427153633,896.2074235807861,male,15-19,2253,0.029440589595828924,0.00034477863957004895,0.0025489106955502066,7.504143370411247e-05
2017,E07000218,64069,162030,39,28099,0.0013879497491013915,88.92455247517705,female,15-19,1598,0.024941859557664394,3.461804771518244e-05,0.00024069616737641176,6.003410002770545e-06
2017,E07000218,64069,162030,39,28099,0.0013879497491013915,88.92455247517705,male,15-19,1706,0.02662754218108602,3.6957690489425055e-05,0.00024069616737641176,6.4091473496411445e-06
2017,E07000234,97594,162030,112,39667,0.002823505684826178,275.557213804926,female,15-19,2330,0.02387441850933459,6.740955638302554e-05,0.0006912300191322595,1.650271476297892e-05
2017,E07000234,97594,162030,112,39667,0.002823505684826178,275.557213804926,male,15-19,2746,0.028136975633747976,7.944491065570306e-05,0.0006912300191322595,1.9449122205639532e-05
2017,E07000235,77165,162030,39,29187,0.0013362113269606332,103.10874704491727,female,15-19,2037,0.02639797835806389,3.5273277690906625e-05,0.00024069616737641176,6.353892217271441e-06
2017,E07000235,77165,162030,39,29187,0.0013362113269606332,103.10874704491727,male,15-19,2053,0.026605326248947063,3.555033829132612e-05,0.00024069616737641176,6.403800059920604e-06
2017,E07000237,102314,162030,43,37166,0.0011569714254964214,118.37437442824086,female,15-19,3130,0.03059209883300428,3.5394184195748376e-05,0.00026538295377399244,8.118621550448584e-06
2017,E07000237,102314,162030,43,37166,0.0011569714254964214,118.37437442824086,male,15-19,3112,0.030416169830130773,3.519063936650765e-05,0.00026538295377399244,8.071932992011498e-06
2017,E07000238,125378,162030,20,48608,0.00041145490454246215,51.58739302172482,female,15-19,3110,0.02480498971111359,1.0206134673762998e-05,0.0001234339319879035,3.0617774129622407e-06
2017,E07000238,125378,162030,20,48608,0.00041145490454246215,51.58739302172482,male,15-19,3207,0.025578650161910382,1.052446106069387e-05,0.0001234339319879035,3.1572733644276227e-06
2017,E07000239,100715,162030,314,40298,0.00779194997270336,784.7662415008189,female,15-19,2421,0.02403812738916745,0.00018730388605386322,0.0019379127322100846,4.658379312595556e-05
2017,E07000239,100715,162030,314,40298,0.00779194997270336,784.7662415008189,male,15-19,2585,0.025666484634860747,0.00019999196424999442,0.0019379127322100846,4.973940736497115e-05
2017,E08000025,1137123,162030,527,463214,0.0011377030918754616,1293.7083529427005,female,15-19,39400,0.03464884625497857,3.942009951420663e-05,0.0032524841078812564,0.00011269482180073879
2017,E08000025,1137123,162030,527,463214,0.0011377030918754616,1293.7083529427005,male,15-19,40493,0.035610043944234705,4.051365709717688e-05,0.0032524841078812564,0.00011582110200957655
2017,E08000027,319419,162030,7204,138693,0.05194205908012661,16591.280569314964,female,15-19,8607,0.026945798465338632,0.0013996202558478042,0.04446090230204283,0.0011980345130179566
2017,E08000027,319419,162030,7204,138693,0.05194205908012661,16591.280569314964,male,15-19,9117,0.028542447381026174,0.0014825534881566667,0.04446090230204283,0.001269022964469003
2017,E08000028,325460,162030,2238,138562,0.016151614439745384,5256.704435559533,female,15-19,9015,0.027699256437042956,0.00044738771023875327,0.013812256989446398,0.0003825892483250147
2017,E08000028,325460,162030,2238,138562,0.016151614439745384,5256.704435559533,male,15-19,10217,0.031392490628648684,0.0005070394049372537,0.013812256989446398,0.00043360114810168335
2017,E08000030,281293,162030,16074,121672,0.13210927740153855,37161.414968110985,female,15-19,8215,0.029204423856974755,0.003858175332673188,0.09920385113867802,0.002897191316898181
2017,E08000030,281293,162030,16074,121672,0.13210927740153855,37161.414968110985,male,15-19,8670,0.030821954332315413,0.0040718661149454095,0.09920385113867802,0.0030576565693861504
2017,E08000031,259926,162030,85087,98550,0.8633891425672248,224417.28627092845,female,15-19,7028,0.027038464793825934,0.023344716934675467,0.5251311485527371,0.01419874007228456
2017,E08000031,259926,162030,85087,98550,0.8633891425672248,224417.28627092845,male,15-19,7557,0.029073659426144365,0.025101881883230294,0.5251311485527371,0.015267484167082302
2017,E06000019,191041,162030,9,74219,0.00012126274943073876,23.166156913997764,female,20-24,4206,0.022016216414277562,2.6697469344574578e-06,5.5545269394556566e-05,1.2228966717799054e-06
2017,E06000019,191041,162030,9,74219,0.00012126274943073876,23.166156913997764,male,20-24,4652,0.024350793808658875,2.952844208058986e-06,5.5545269394556566e-05,1.3525714020732573e-06
2017,E06000020,175768,162030,1594,68134,0.023395074412187748,4112.105439281416,female,20-24,5404,0.030745073050839743,0.0007192832718325439,0.009837684379435907,0.000302460324896862
2017,E06000020,175768,162030,1594,68134,0.023395074412187748,4112.105439281416,male,20-24,5831,0.033174411724545994,0.0007761178308763072,0.009837684379435907,0.00032635939201954153
2017,E06000021,255378,162030,8,108888,7.346998751010212e-05,18.76261847035486,female,20-24,8625,0.03377346521626765,2.481336067612053e-06,4.937357279516139e-05,1.667516643400242e-06
2017,E06000021,255378,162030,8,108888,7.346998751010212e-05,18.76261847035486,male,20-24,9448,0.03699613905661412,2.7181058744114405e-06,4.937357279516139e-05,1.8266315648516507e-06
2017,E06000051,317459,162030,2803,129599,0.021628253304423646,6866.083665769026,female,20-24,7103,0.022374542854352846,0.00048392228042462543,0.017299265568104672,0.0003870631588023886
2017,E06000051,317459,162030,2803,129599,0.021628253304423646,6866.083665769026,male,20-24,8008,0.02522530468501444,0.0005455792794087569,0.017299265568104672,0.0004363792447824198
2017,E07000039,102385,162030,8,39933,0.00020033556206646132,20.511356522174644,female,20-24,2466,0.024085559408116422,4.825194081710149e-06,4.937357279516139e-05,1.1891901207488205e-06
2017,E07000039,102385,162030,8,39933,0.00020033556206646132,20.511356522174644,male,20-24,2648,0.025863163549348048,5.181311406475456e-06,4.937357279516139e-05,1.2769567882169005e-06
2017,E07000192,99126,162030,16842,40177,0.41919506185130795,41553.12970107275,female,20-24,2661,0.026844621996247202,0.011253132978091827,0.10394371412701352,0.002790329714625658
2017,E07000192,99126,162030,16842,40177,0.41919506185130795,41553.12970107275,male,20-24,2925,0.029507899037588523,0.012369565562164071,0.10394371412701352,0.003067160622051879
2017,E07000193,117552,162030,66,51593,0.001279243308200725,150.37760936561162,female,20-24,2939,0.025001701374710767,3.198325917723161e-05,0.0004073319755600815,1.0183992413324142e-05
2017,E07000193,117552,162030,66,51593,0.001279243308200725,150.37760936561162,male,20-24,3292,0.028004627739213285,3.5824732634040994e-05,0.0004073319755600815,1.1407180341838406e-05
2017,E07000194,103507,162030,2578,46234,0.05575983042782368,5771.532768092746,female,20-24,2382,0.023012936323147225,0.0012831974270249935,0.015910633833240758,0.0003661504032652814
2017,E07000194,103507,162030,2578,46234,0.05575983042782368,5771.532768092746,male,20-24,2884,0.027862849855565325,0.001553627783182234,0.015910633833240758,0.00044331560160246506
2017,E07000196,111890,162030,21922,42671,0.5137446978041292,57482.89423730402,female,20-24,2634,0.023540977746000537,0.012094052498132777,0.135295932851941,0.003184998544391926
2017,E07000196,111890,162030,21922,42671,0.5137446978041292,57482.89423730402,male,20-24,3366,0.030083117347394762,0.01545504203064348,0.135295932851941,0.004070123424610183
2017,E07000197,134764,162030,4071,50852,0.08005584834421459,10788.646346259735,female,20-24,3186,0.023641328544715207,0.001892626612631472,0.02512497685613775,0.0005939878325343183
2017,E07000197,134764,162030,4071,50852,0.08005584834421459,10788.646346259735,male,20-24,3917,0.029065625834792674,0.002326873333859848,0.02512497685613775,0.0007302731764083255
2017,E07000198,98496,162030,19,38267,0.0004965113544307105,48.90438236600726,female,20-24,2268,0.023026315789473683,1.1432827240180835e-05,0.0001172622353885083,2.7001172622353883e-06
2017,E07000198,98496,162030,19,38267,0.0004965113544307105,48.90438236600726,male,20-24,2331,0.02366593567251462,1.1750405774630301e-05,0.0001172622353885083,2.775120519519705e-06
2017,E07000199,76527,162030,413,35266,0.011710996427153633,896.2074235807861,female,20-24,2045,0.026722594639800333,0.0003129482103509765,0.0025489106955502066,6.811350729023969e-05
2017,E07000199,76527,162030,413,35266,0.011710996427153633,896.2074235807861,male,20-24,2136,0.02791171743306284,0.00032687402313432074,0.0025489106955502066,7.114447509630904e-05
2017,E07000218,64069,162030,39,28099,0.0013879497491013915,88.92455247517705,female,20-24,1502,0.02344347500351184,3.2538365249189e-05,0.00024069616737641176,5.6427545833300105e-06
2017,E07000218,64069,162030,39,28099,0.0013879497491013915,88.92455247517705,male,20-24,1635,0.02551936193791069,3.541959199895074e-05,0.00024069616737641176,6.142412612346583e-06
2017,E07000234,97594,162030,112,39667,0.002823505684826178,275.557213804926,female,20-24,2164,0.022173494272188864,6.260698712998595e-05,0.0006912300191322595,1.5326984869994154e-05
2017,E07000234,97594,162030,112,39667,0.002823505684826178,275.557213804926,male,20-24,2428,0.024878578601143512,7.024480811072362e-05,0.0006912300191322595,1.719682036245185e-05
2017,E07000235,77165,162030,39,29187,0.0013362113269606332,103.10874704491727,female,20-24,1583,0.02051448195425387,2.741168315400353e-05,0.00024069616737641176,4.937757182101469e-06
2017,E07000235,77165,162030,39,29187,0.0013362113269606332,103.10874704491727,male,20-24,1706,0.02210846886541826,2.9541586519728378e-05,0.00024069616737641176,5.321423722466902e-06
2017,E07000237,102314,162030,43,37166,0.0011569714254964214,118.37437442824086,female,20-24,4205,0.04109896983794984,4.755033371984726e-05,0.00026538295377399244,1.0906966012663352e-05
2017,E07000237,102314,162030,43,37166,0.0011569714254964214,118.37437442824086,male,20-24,4323,0.04225228219012061,4.88846831559809e-05,0.00026538295377399244,1.1213035451306462e-05
2017,E07000238,125378,162030,20,48608,0.00041145490454246215,51.58739302172482,female,20-24,2583,0.020601700457815567,8.476670695282903e-06,0.0001234339319879035,2.5429488931451667e-06
2017,E07000238,125378,162030,20,48608,0.00041145490454246215,51.58739302172482,male,20-24,2814,0.022444128954042974,9.234746936324463e-06,0.0001234339319879035,2.7703670868410758e-06
2017,E07000239,100715,162030,314,40298,0.00779194997270336,784.7662415008189,female,20-24,2268,0.022518989227026758,0.00017546683749283842,0.0019379127322100846,4.363983593955689e-05
2017,E07000239,100715,162030,314,40298,0.00779194997270336,784.7662415008189,male,20-24,2578,0.02559698158169091,0.00019945039993674488,0.0019379127322100846,4.960471651330584e-05
2017,E08000025,1137123,162030,527,463214,0.0011377030918754616,1293.7083529427005,female,20-24,52824,0.046454077527233205,5.285094763295561e-05,0.0032524841078812564,0.0001510911489036098
2017,E08000025,1137123,162030,527,463214,0.0011377030918754616,1293.7083529427005,male,20-24,52101,0.04581826240433093,5.2127578801768515e-05,0.0032524841078812564,0.0001490231703208196
2017,E08000027,319419,162030,7204,138693,0.05194205908012661,16591.280569314964,female,20-24,8778,0.027481145454716218,0.0014274272807984227,0.04446090230204283,0.001221836523210366
2017,E08000027,319419,162030,7204,138693,0.05194205908012661,16591.280569314964,male,20-24,8950,0.028019623128242216,0.0014553969199300391,0.04446090230204283,0.001245777726444837
2017,E08000028,325460,162030,2238,138562,0.016151614439745384,5256.704435559533,female,20-24,9384,0.028833036317827077,0.0004657000857327189,0.013812256989446398,0.0003982493074078689
2017,E08000028,325460,162030,2238,138562,0.016151614439745384,5256.704435559533,male,20-24,10315,0.03169360290051005,0.0005119028542554344,0.013812256989446398,0.0004377601881833086
2017,E08000030,281293,162030,16074,121672,0.13210927740153855,37161.414968110985,female,20-24,8334,0.029627470288986928,0.003914063691113616,0.09920385113867802,0.002939159152164265
2017,E08000030,281293,162030,16074,121672,0.13210927740153855,37161.414968110985,male,20-24,8400,0.02986210108321217,0.003945060595794861,0.09920385113867802,0.0029624354305471355
2017,E08000031,259926,162030,85087,98550,0.8633891425672248,224417.28627092845,female,20-24,8213,0.03159745466017251,0.027280899286353105,0.5251311485527371,0.016592807657039427
2017,E08000031,259926,162030,85087,98550,0.8633891425672248,224417.28627092845,male,20-24,8704,0.03348645383686126,0.028911840665824598,0.5251311485527371,0.017584779964309166
2017,E06000019,191041,162030,9,74219,0.00012126274943073876,23.166156913997764,female,25-29,5240,0.027428667144749033,3.3260755911928388e-06,5.5545269394556566e-05,1.5235327056887077e-06
2017,E06000019,191041,162030,9,74219,0.00012126274943073876,23.166156913997764,male,25-29,5710,0.029888872022236064,3.6244067987998298e-06,5.5545269394556566e-05,1.6601854483745268e-06
2017,E06000020,175768,162030,1594,68134,0.023395074412187748,4112.105439281416,female,25-29,5378,0.030597150789677303,0.0007158226195254296,0.009837684379435907,0.0003010051123788534
2017,E06000020,175768,162030,1594,68134,0.023395074412187748,4112.105439281416,male,25-29,5667,0.03224136361567521,0.000754289100939124,0.009837684379435907,0.00031718035921364117
2017,E06000021,255378,162030,8,108888,7.346998751010212e-05,18.76261847035486,female,25-29,9304,0.03643226902865556,2.676678350500004e-06,4.937357279516139e-05,1.798791286979229e-06
2017,E06000021,255378,162030,8,108888,7.346998751010212e-05,18.76261847035486,male,25-29,9751,0.03818261557377691,2.8052762893084203e-06,4.937357279516139e-05,1.8852121495415373e-06
2017,E06000051,317459,162030,2803,129599,0.021628253304423646,6866.083665769026,female,25-29,7913,0.02492605344312179,0.0005391069977474393,0.017299265568104672,0.00043120241807733365
2017,E06000051,317459,162030,2803,129599,0.021628253304423646,6866.083665769026,male,25-29,9400,0.02961012288200996,0.0006404152380672222,0.017299265568104672,0.0005122333792401031
2017,E07000039,102385,162030,8,39933,0.00020033556206646132,20.511356522174644,female,25-29,3264,0.031879669873516626,6.386631582604187e-06,4.937357279516139e-05,1.5740132011857867e-06
2017,E07000039,102385,162030,8,39933,0.00020033556206646132,20.511356522174644,male,25-29,2954,0.028851882599990233,5.780058117344599e-06,4.937357279516139e-05,1.424520525828068e-06
2017,E07000192,99126,162030,16842,40177,0.41919506185130795,41553.12970107275,female,25-29,3294,0.03323043399309969,0.01393003383308323,0.10394371412701352,0.0034540947312953463
2017,E07000192,99126,162030,16842,40177,0.41919506185130795,41553.12970107275,male,25-29,3158,0.03185844278998447,0.013354901895833894,0.10394371412701352,0.0033114848698939606
2017,E07000193,117552,162030,66,51593,0.001279243308200725,150.37760936561162,female,25-29,3498,0.02975704369130257,3.806649901393541e-05,0.0004073319755600815,1.2120995393605935e-05
2017,E07000193,117552,162030,66,51593,0.001279243308200725,150.37760936561162,male,25-29,3890,0.03309173812440452,4.233238455237529e-05,0.0004073319755600815,1.3479323064930557e-05
2017,E07000194,103507,162030,2578,46234,0.05575983042782368,5771.532768092746,female,25-29,2573,0.024858222149226623,0.0013860902517780474,0.015910633833240758,0.00039551007036169993
2017,E07000194,103507,162030,2578,46234,0.05575983042782368,5771.532768092746,male,25-29,2850,0.02753436965615852,0.0015353117829644128,0.015910633833240758,0.0004380892734282334
2017,E07000196,111890,162030,21922,42671,0.5137446978041292,57482.89423730402,female,25-29,2826,0.025256948788989184,0.012975623523053616,0.135295932851941,0.003417162447399993
2017,E07000196,111890,162030,21922,42671,0.5137446978041292,57482.89423730402,male,25-29,3555,0.03177227634283671,0.016322838508299933,0.135295932851941,0.004298659766633749
2017,E07000197,134764,162030,4071,50852,0.08005584834421459,10788.646346259735,female,25-29,3770,0.027974830073313348,0.0022395487538043467,0.02512497685613775,0.0007028669581463842
2017,E07000197,134764,162030,4071,50852,0.08005584834421459,10788.646346259735,male,25-29,4642,0.034445400848891396,0.00275755578651453,0.02512497685613775,0.000865439899128784
2017,E07000198,98496,162030,19,38267,0.0004965113544307105,48.90438236600726,female,25-29,2505,0.025432504873294348,1.2627527441205023e-05,0.0001172622353885083,2.9822723729716264e-06
2017,E07000198,98496,162030,19,38267,0.0004965113544307105,48.90438236600726,male,25-29,2553,0.025919834307992204,1.2869492038880807e-05,0.0001172622353885083,3.039417711854915e-06
2017,E07000199,76527,162030,413,35266,0.011710996427153633,896.2074235807861,female,25-29,2493,0.03257673762201576,0.0003815060578997479,0.0025489106955502066,8.303519495088877e-05
2017,E07000199,76527,162030,413,35266,0.011710996427153633,896.2074235807861,male,25-29,2438,0.03185803703268127,0.00037308935786585853,0.0025489106955502066,8.120329133183587e-05
2017,E07000218,64069,162030,39,28099,0.0013879497491013915,88.92455247517705,female,25-29,1880,0.02934336418548752,4.0727114959038164e-05,0.00024069616737641176,7.062835297377111e-06
2017,E07000218,64069,162030,39,28099,0.0013879497491013915,88.92455247517705,male,25-29,1874,0.029249715150852985,4.059713480491357e-05,0.00024069616737641176,7.040294333662077e-06
2017,E07000234,97594,162030,112,39667,0.002823505684826178,275.557213804926,female,25-29,2521,0.02583150603520708,7.293540413802892e-05,0.0006912300191322595,1.7855512410931266e-05
2017,E07000234,97594,162030,112,39667,0.002823505684826178,275.557213804926,male,25-29,2702,0.02768612824558887,7.817194049224679e-05,0.0006912300191322595,1.9137482956896585e-05
2017,E07000235,77165,162030,39,29187,0.0013362113269606332,103.10874704491727,female,25-29,1668,0.021616017624570726,2.8883567593732083e-05,0.00024069616737641176,5.202892596175142e-06
2017,E07000235,77165,162030,39,29187,0.0013362113269606332,103.10874704491727,male,25-29,1788,0.023171126806194518,3.0961522096878274e-05,0.00024069616737641176,5.577201416043857e-06
2017,E07000237,102314,162030,43,37166,0.0011569714254964214,118.37437442824086,female,25-29,3885,0.037971343120198606,4.3931758977789915e-05,0.00026538295377399244,1.0076947196004073e-05
2017,E07000237,102314,162030,43,37166,0.0011569714254964214,118.37437442824086,male,25-29,3829,0.037424008444592136,4.329850839792988e-05,0.00026538295377399244,9.931693903088698e-06
2017,E07000238,125378,162030,20,48608,0.00041145490454246215,51.58739302172482,female,25-29,2950,0.02352884876134569,9.68106022109352e-06,0.0001234339319879035,2.904258317761611e-06
2017,E07000238,125378,162030,20,48608,0.00041145490454246215,51.58739302172482,male,25-29,3095,0.024685351497072853,1.0156908943825236e-05,0.0001234339319879035,3.047009997787182e-06
2017,E07000239,100715,162030,314,40298,0.00779194997270336,784.7662415008189,female,25-29,2787,0.02767214416919029,0.00021561996300376572,0.0019379127322100846,5.3626200513026916e-05
2017,E07000239,100715,162030,314,40298,0.00779194997270336,784.7662415008189,male,25-29,2784,0.027642357146403215,0.00021538786401237306,0.0019379127322100846,5.356847586231321e-05
2017,E08000025,1137123,162030,527,463214,0.0011377030918754616,1293.7083529427005,female,25-29,47115,0.041433512469627294,4.713903524395546e-05,0.0032524841078812564,0.00013476184084116265
2017,E08000025,1137123,162030,527,463214,0.0011377030918754616,1293.7083529427005,male,25-29,47837,0.042068448180188074,4.7861403565002604e-05,0.0032524841078812564,0.00013682695914928787
2017,E08000027,319419,162030,7204,138693,0.05194205908012661,16591.280569314964,female,25-29,10074,0.03153851211105163,0.0016381752593715325,0.04446090230204283,0.0014022307057212611
2017,E08000027,319419,162030,7204,138693,0.05194205908012661,16591.280569314964,male,25-29,9633,0.03015788040160416,0.0015664624055515158,0.04446090230204283,0.0013408465741724148
2017,E08000028,325460,162030,2238,138562,0.016151614439745384,5256.704435559533,female,25-29,11514,0.03537761936950777,0.0005714056678523577,0.013812256989446398,0.000488644770406458
2017,E08000028,325460,162030,2238,138562,0.016151614439745384,5256.704435559533,male,25-29,11534,0.035439070853561114,0.0005723982085295375,0.013812256989446398,0.0004894935540965856
2017,E08000030,281293,162030,16074,121672,0.13210927740153855,37161.414968110985,female,25-29,10015,0.035603445517663077,0.004703545460343516,0.09920385113867802,0.003531998909158281
2017,E08000030,281293,162030,16074,121672,0.13210927740153855,37161.414968110985,male,25-29,9292,0.0330331718172866,0.0043639884590626005,0.09920385113867802,0.003277017859600474
2017,E08000031,259926,162030,85087,98550,0.8633891425672248,224417.28627092845,female,25-29,9497,0.036537322160922724,0.03154592725222153,0.5251311485527371,0.019186885951406725
2017,E08000031,259926,162030,85087,98550,0.8633891425672248,224417.28627092845,male,25-29,9795,0.037683802312965996,0.03253578576766451,0.5251311485527371,0.019788938390442126
2017,E06000019,191041,162030,9,74219,0.00012126274943073876,23.166156913997764,female,30-34,5190,0.027166943221612113,3.2943382286814564e-06,5.5545269394556566e-05,1.5089951798710674e-06
2017,E06000019,191041,162030,9,74219,0.00012126274943073876,23.166156913997764,male,30-34,5627,0.02945441030982878,3.5717227770309357e-06,5.5545269394556566e-05,1.636053155517244e-06
2017,E06000020,175768,162030,1594,68134,0.023395074412187748,4112.105439281416,female,30-34,5781,0.032889945837695146,0.0007694627302857026,0.009837684379435907,0.00032356090640798656
2017,E06000020,175768,162030,1594,68134,0.023395074412187748,4112.105439281416,male,30-34,5724,0.03256565472668518,0.0007618759156124133,0.009837684379435907,0.0003203706328108139
2017,E06000021,255378,162030,8,108888,7.346998751010212e-05,18.76261847035486,female,30-34,8758,0.0342942618393127,2.519598989002476e-06,4.937357279516139e-05,1.693230233379631e-06
2017,E06000021,255378,162030,8,108888,7.346998751010212e-05,18.76261847035486,male,30-34,9167,0.03589580934927832,2.6372646645564853e-06,4.937357279516139e-05,1.772304355947828e-06
2017,E06000051,317459,162030,2803,129599,0.021628253304423646,6866.083665769026,female,30-34,8161,0.025707256685115244,0.0005560030593475106,0.017299265568104672,0.0004447166604232428
2017,E06000051,317459,162030,2803,129599,0.021628253304423646,6866.083665769026,male,30-34,8812,0.02775791519534806,0.0006003552210476981,0.017299265568104672,0.0004801915465812542
2017,E07000039,102385,162030,8,39933,0.00020033556206646132,20.511356522174644,female,30-34,3346,0.032680568442642964,6.547080047608337e-06,4.937357279516139e-05,1.6135564249900864e-06
2017,E07000039,102385,162030,8,39933,0.00020033556206646132,20.511356522174644,male,30-34,3084,0.030121599843727108,6.034427635034104e-06,4.937357279516139e-05,1.4872110025909823e-06
2017,E07000192,99126,162030,16842,40177,0.41919506185130795,41553.12970107275,female,30-34,3340,0.03369448984121219,0.014124563753035212,0.10394371412701352,0.0035023304197105212
2017,E07000192,99126,162030,16842,40177,0.41919506185130795,41553.12970107275,male,30-34,3133,0.03160623852470593,0.013249179113251295,0.10394371412701352,0.003285269821842235
2017,E07000193,117552,162030,66,51593,0.001279243308200725,150.37760936561162,female,30-34,3632,0.030896964747515993,3.952473539697353e-05,0.0004073319755600815,1.2585321689415883e-05
2017,E07000193,117552,162030,66,51593,0.001279243308200725,150.37760936561162,male,30-34,3608,0.030692799782224035,3.926355873135476e-05,0.0004073319755600815,1.2502158770763355e-05
2017,E07000194,103507,162030,2578,46234,0.05575983042782368,5771.532768092746,female,30-34,2757,0.02663587969895756,0.001485212135309785,0.015910633833240758,0.0004237937287163648
2017,E07000194,103507,162030,2578,46234,0.05575983042782368,5771.532768092746,male,30-34,2627,0.02537992599534331,0.0014151803697710571,0.015910633833240758,0.00040381070922665586
2017,E07000196,111890,162030,21922,42671,0.5137446978041292,57482.89423730402,female,30-34,2665,0.023818035570649744,0.012236389486531454,0.135295932851941,0.0032224833412317698
2017,E07000196,111890,162030,21922,42671,0.5137446978041292,57482.89423730402,male,30-34,2898,0.02590043793010993,0.013306212657398932,0.135295932851941,0.0035042239110280185
2017,E07000197,134764,162030,4071,50852,0.08005584834421459,10788.646346259735,female,30-34,3735,0.02771511679677065,0.0022187571871244657,0.02512497685613775,0.0006963416680840172
2017,E07000197,134764,162030,4071,50852,0.08005584834421459,10788.646346259735,male,30-34,3892,0.028880116351547892,0.00231202221480279,0.02512497685613775,0.0007256122549352062
2017,E07000198,98496,162030,19,38267,0.0004965113544307105,48.90438236600726,female,30-34,2341,0.023767462638076674,1.1800815065812757e-05,0.0001172622353885083,2.7870257984537237e-06
2017,E07000198,98496,162030,19,38267,0.0004965113544307105,48.90438236600726,male,30-34,2266,0.023006010396361274,1.1422745381944344e-05,0.0001172622353885083,2.697736206448585e-06
2017,E07000199,76527,162030,413,35266,0.011710996427153633,896.2074235807861,female,30-34,2640,0.03449762828805519,0.0004040016016266885,0.0025489106955502066,8.793137371453925e-05
2017,E07000199,76527,162030,413,35266,0.011710996427153633,896.2074235807861,male,30-34,2388,0.03120467286055902,0.00036543781238050464,0.0025489106955502066,7.953792440542415e-05
2017,E07000218,64069,162030,39,28099,0.0013879497491013915,88.92455247517705,female,30-34,1814,0.02831322480450764,3.929733326366767e-05,0.00024069616737641176,6.8148846965117436e-06
2017,E07000218,64069,162030,39,28099,0.0013879497491013915,88.92455247517705,male,30-34,1775,0.027704506079383164,3.845246226185784e-05,0.00024069616737641176,6.668368432364027e-06
2017,E07000234,97594,162030,112,39667,0.002823505684826178,275.557213804926,female,30-34,2592,0.026559009775191097,7.49895150836061e-05,0.0006912300191322595,1.8358384835039208e-05
2017,E07000234,97594,162030,112,39667,0.002823505684826178,275.557213804926,male,30-34,2537,0.025995450539992214,7.339830237928576e-05,0.0006912300191322595,1.7968835774110524e-05
2017,E07000235,77165,162030,39,29187,0.0013362113269606332,103.10874704491727,female,30-34,1690,0.021901120974535088,2.9264525919308885e-05,0.00024069616737641176,5.27151587981774e-06
2017,E07000235,77165,162030,39,29187,0.0013362113269606332,103.10874704491727,male,30-34,1404,0.01819477742499838,2.4312067686810455e-05,0.00024069616737641176,4.379413192463968e-06
2017,E07000237,102314,162030,43,37166,0.0011569714254964214,118.37437442824086,female,30-34,3401,0.03324080770959986,3.845866468042819e-05,0.00026538295377399244,8.821543735806912e-06
2017,E07000237,102314,162030,43,37166,0.0011569714254964214,118.37437442824086,male,30-34,3308,0.03233184119475341,3.740701639601777e-05,0.00026538295377399244,8.580319517215308e-06
2017,E07000238,125378,162030,20,48608,0.00041145490454246215,51.58739302172482,female,30-34,3300,0.026320407088962976,1.0829660586308006e-05,0.0001234339319879035,3.2488313385129887e-06
2017,E07000238,125378,162030,20,48608,0.00041145490454246215,51.58739302172482,male,30-34,3068,0.02447000271179952,1.0068302629937261e-05,0.0001234339319879035,3.020428650472076e-06
2017,E07000239,100715,162030,314,40298,0.00779194997270336,784.7662415008189,female,30-34,2798,0.02778136325274289,0.00021647099263887208,0.0019379127322100846,5.3837857565643815e-05
2017,E07000239,100715,162030,314,40298,0.00779194997270336,784.7662415008189,male,30-34,2739,0.02719555180459713,0.0002119063791414834,0.0019379127322100846,5.270260610160772e-05
2017,E08000025,1137123,162030,527,463214,0.0011377030918754616,1293.7083529427005,female,30-34,41265,0.036288950271870325,4.128605092522174e-05,0.0032524841078812564,0.00011802923405095144
2017,E08000025,1137123,162030,527,463214,0.0011377030918754616,1293.7083529427005,male,30-34,41753,0.03671810349452082,4.177429987351953e-05,0.0032524841078812564,0.0001194250480874682
2017,E08000027,319419,162030,7204,138693,0.05194205908012661,16591.280569314964,female,30-34,10263,0.03213021141510054,0.0016689093395801109,0.04446090230204283,0.0014285381906707665
2017,E08000027,319419,162030,7204,138693,0.05194205908012661,16591.280569314964,male,30-34,9714,0.030411465817625126,0.0015796341542123353,0.04446090230204283,0.0013521212105793458
2017,E08000028,325460,162030,2238,138562,0.016151614439745384,5256.704435559533,female,30-34,12767,0.03922755484544952,0.0006335883412776665,0.013812256989446398,0.0005418210685929521
2017,E08000028,325460,162030,2238,138562,0.016151614439745384,5256.704435559533,male,30-34,11878,0.03649603637927856,0.0005894699081770285,0.013812256989446398,0.0005040926335667803
2017,E08000030,281293,162030,16074,121672,0.13210927740153855,37161.414968110985,female,30-34,9584,0.03407123533113159,0.004501126279773565,0.09920385113867802,0.0033799977579004456
2017,E08000030,281293,162030,16074,121672,0.13210927740153855,37161.414968110985,male,30-34,9405,0.03343488817709648,0.004417058917077461,0.09920385113867802,0.003316869669559025
2017,E08000031,259926,162030,85087,98550,0.8633891425672248,224417.28627092845,female,30-34,9226,0.03549471772735317,0.030645753904285127,0.5251311485527371,0.01863938188772017
2017,E08000031,259926,162030,85087,98550,0.8633891425672248,224417.28627092845,male,30-34,9329,0.03589098435708625,0.030987886209958373,0.5251311485527371,0.018847473838125024
2017,E06000019,191041,162030,9,74219,0.00012126274943073876,23.166156913997764,female,35-39,5231,0.027381556838584387,3.32036286594079e-06,5.5545269394556566e-05,1.5209159510415324e-06
2017,E06000019,191041,162030,9,74219,0.00012126274943073876,23.166156913997764,male,35-39,5344,0.027973052904873823,3.3920893052165132e-06,5.5545269394556566e-05,1.5537707593893997e-06
2017,E06000020,175768,162030,1594,68134,0.023395074412187748,4112.105439281416,female,35-39,5560,0.03163260661781439,0.0007400471856752303,0.009837684379435907,0.00031119160000491353
2017,E06000020,175768,162030,1594,68134,0.023395074412187748,4112.105439281416,male,35-39,5601,0.03186586864503209,0.0007455043681595261,0.009837684379435907,0.0003134863582063886
2017,E06000021,255378,162030,8,108888,7.346998751010212e-05,18.76261847035486,female,35-39,7708,0.030182709552114904,2.217523293814922e-06,4.937357279516139e-05,1.4902282072265583e-06
2017,E06000021,255378,162030,8,108888,7.346998751010212e-05,18.76261847035486,male,35-39,8095,0.031698110252253525,2.3288597643269064e-06,4.937357279516139e-05,1.565048954008691e-06
2017,E06000051,317459,162030,2803,129599,0.021628253304423646,6866.083665769026,female,35-39,8426,0.02654201014934212,0.0005740573187185547,0.017299265568104672,0.00045915728228479886
2017,E06000051,317459,162030,2803,129599,0.021628253304423646,6866.083665769026,male,35-39,8310,0.026176608632925827,0.0005661543221636826,0.017299265568104672,0.0004528361044133253
2017,E07000039,102385,162030,8,39933,0.00020033556206646132,20.511356522174644,female,35-39,3376,0.03297358011427455,6.6057807055366844e-06,4.937357279516139e-05,1.6280234580892206e-06
2017,E07000039,102385,162030,8,39933,0.00020033556206646132,20.511356522174644,male,35-39,3156,0.030824827855642917,6.175309214062137e-06,4.937357279516139e-05,1.5219318820289042e-06
2017,E07000192,99126,162030,16842,40177,0.41919506185130795,41553.12970107275,female,35-39,3029,0.030557068781147226,0.012809372337707682,0.10394371412701352,0.0031762152219470567
2017,E07000192,99126,162030,16842,40177,0.41919506185130795,41553.12970107275,male,35-39,2988,0.03014345378609043,0.01263598697427222,0.10394371412701352,0.0031332225431422267
2017,E07000193,117552,162030,66,51593,0.001279243308200725,150.37760936561162,female,35-39,3512,0.029876139921056213,3.821885206887969e-05,0.0004073319755600815,1.2169507096153244e-05
2017,E07000193,117552,162030,66,51593,0.001279243308200725,150.37760936561162,male,35-39,3891,0.03310024499795835,4.2343266913442734e-05,0.0004073319755600815,1.348278818654108e-05
2017,E07000194,103507,162030,2578,46234,0.05575983042782368,5771.532768092746,female,35-39,2986,0.028848290453785733,0.0016085757838356972,0.015910633833240758,0.0004589945861251597
2017,E07000194,103507,162030,2578,46234,0.05575983042782368,5771.532768092746,male,35-39,2746,0.02652960669326712,0.0014792863705334308,0.015910633833240758,0.00042210285783646635
2017,E07000196,111890,162030,21922,42671,0.5137446978041292,57482.89423730402,female,35-39,2811,0.025122888551255697,0.012906750786731676,0.135295932851941,0.003399024642477488
2017,E07000196,111890,162030,21922,42671,0.5137446978041292,57482.89423730402,male,35-39,2833,0.025319510233264814,0.01300776413333719,0.135295932851941,0.003425626756363829
2017,E07000197,134764,162030,4071,50852,0.08005584834421459,10788.646346259735,female,35-39,3970,0.029458905939271616,0.002358357706260811,0.02512497685613775,0.0007401543299313382
2017,E07000197,134764,162030,4071,50852,0.08005584834421459,10788.646346259735,male,35-39,3878,0.028776231040930814,0.0023037055881308375,0.02512497685613775,0.0007230021389102594
2017,E07000198,98496,162030,19,38267,0.0004965113544307105,48.90438236600726,female,35-39,2575,0.02614319363222872,1.2980392479482207e-05,0.0001172622353885083,3.0656093255097556e-06
2017,E07000198,98496,162030,19,38267,0.0004965113544307105,48.90438236600726,male,35-39,2415,0.024518762183235867,1.2173843820562925e-05,0.0001172622353885083,2.87512486256546e-06
2017,E07000199,76527,162030,413,35266,0.011710996427153633,896.2074235807861,female,35-39,2466,0.03222392096906974,0.00037737422333765673,0.0025489106955502066,8.213589681062642e-05
2017,E07000199,76527,162030,413,35266,0.011710996427153633,896.2074235807861,male,35-39,2329,0.030433703137454755,0.000356408988707787,0.0025489106955502066,7.75727914322583e-05
2017,E07000218,64069,162030,39,28099,0.0013879497491013915,88.92455247517705,female,35-39,1847,0.028828294494997582,4.001222411135292e-05,0.00024069616737641176,6.938859996944428e-06
2017,E07000218,64069,162030,39,28099,0.0013879497491013915,88.92455247517705,male,35-39,1618,0.025254023006446174,3.5051314895597736e-05,0.00024069616737641176,6.078546548487322e-06
2017,E07000234,97594,162030,112,39667,0.002823505684826178,275.557213804926,female,35-39,2863,0.029335819824989243,8.282985404489362e-05,0.0006912300191322595,2.0277799298887832e-05
2017,E07000234,97594,162030,112,39667,0.002823505684826178,275.557213804926,male,35-39,2645,0.027102075947291842,7.652286550776933e-05,0.0006912300191322595,1.873376847557049e-05
2017,E07000235,77165,162030,39,29187,0.0013362113269606332,103.10874704491727,female,35-39,1867,0.02419490701743018,3.232950881144952e-05,0.00024069616737641176,5.8236213891240946e-06
2017,E07000235,77165,162030,39,29187,0.0013362113269606332,103.10874704491727,male,35-39,1695,0.021965917190436078,2.9351107356939975e-05,0.00024069616737641176,5.287112080645603e-06
2017,E07000237,102314,162030,43,37166,0.0011569714254964214,118.37437442824086,female,35-39,3227,0.031540160681822624,3.6491064664434506e-05,0.00026538295377399244,8.370221004248427e-06
2017,E07000237,102314,162030,43,37166,0.0011569714254964214,118.37437442824086,male,35-39,3441,0.03363176104931876,3.8910986523185345e-05,0.00026538295377399244,8.925296087889321e-06
2017,E07000238,125378,162030,20,48608,0.00041145490454246215,51.58739302172482,female,35-39,3399,0.027110019301631864,1.1154550403897246e-05,0.0001234339319879035,3.3462962786683783e-06
2017,E07000238,125378,162030,20,48608,0.00041145490454246215,51.58739302172482,male,35-39,3036,0.02421477452184594,9.963287739403365e-06,0.0001234339319879035,2.98892483143195e-06
2017,E07000239,100715,162030,314,40298,0.00779194997270336,784.7662415008189,female,35-39,2724,0.02704661669066177,0.00021074588418452023,0.0019379127322100846,5.241398284803923e-05
2017,E07000239,100715,162030,314,40298,0.00779194997270336,784.7662415008189,male,35-39,2612,0.025934567839944397,0.00020208085517252819,0.0019379127322100846,5.025892922139444e-05
2017,E08000025,1137123,162030,527,463214,0.0011377030918754616,1293.7083529427005,female,35-39,38615,0.033958507566903495,3.863469905434236e-05,0.0032524841078812564,0.000110449506188719
2017,E08000025,1137123,162030,527,463214,0.0011377030918754616,1293.7083529427005,male,35-39,37532,0.03300610400106233,3.755114657277166e-05,0.0032524841078812564,0.00010735182872653119
2017,E08000027,319419,162030,7204,138693,0.05194205908012661,16591.280569314964,female,35-39,9725,0.030445903343257603,0.0015814229102033108,0.04446090230204283,0.0013536523340420155
2017,E08000027,319419,162030,7204,138693,0.05194205908012661,16591.280569314964,male,35-39,9352,0.02927815815590181,0.0015207678206911428,0.04446090230204283,0.001301733329353309
2017,E08000028,325460,162030,2238,138562,0.016151614439745384,5256.704435559533,female,35-39,11413,0.035067289375038405,0.0005663933374326002,0.013812256989446398,0.0004843584127713136
2017,E08000028,325460,162030,2238,138562,0.016151614439745384,5256.704435559533,male,35-39,11092,0.0340809930559823,0.0005504630595638658,0.013812256989446398,0.0004707354345447657
2017,E08000030,281293,162030,16074,121672,0.13210927740153855,37161.414968110985,female,35-39,8694,0.03090727462112459,0.004083137716647681,0.09920385113867802,0.003066120670616285
2017,E08000030,281293,162030,16074,121672,0.13210927740153855,37161.414968110985,male,35-39,8579,0.030498448237247282,0.004029127958490966,0.09920385113867802,0.0030255635188885565
2017,E08000031,259926,162030,85087,98550,0.8633891425672248,224417.28627092845,female,35-39,8366,0.03218608373152359,0.027789115235557053,0.5251311485527371,0.01690191511734955
2017,E08000031,259926,162030,85087,98550,0.8633891425672248,224417.28627092845,male,35-39,8466,0.03257080861475958,0.028121282522618453,0.5251311485527371,0.017103946137160084
2017,E06000019,191041,162030,9,74219,0.00012126274943073876,23.166156913997764,female,40-44,5119,0.02679529525075769,3.249271173915294e-06,5.5545269394556566e-05,1.488351893210018e-06
2017,E06000019,191041,162030,9,74219,0.00012126274943073876,23.166156913997764,male,40-44,5116,0.026779591815369475,3.247366932164611e-06,5.5545269394556566e-05,1.4874796416609596e-06
2017,E06000020,175768,162030,1594,68134,0.023395074412187748,4112.105439281416,female,40-44,5234,0.02977788903554686,0.0006966559298244884,0.009837684379435907,0.0002929454738175751
2017,E06000020,175768,162030,1594,68134,0.023395074412187748,4112.105439281416,male,40-44,5574,0.03171225706613263,0.0007419106138405996,0.009837684379435907,0.00031197517597614894
2017,E06000021,255378,162030,8,108888,7.346998751010212e-05,18.76261847035486,female,40-44,7166,0.02806036541910423,2.061594696870489e-06,4.937357279516139e-05,1.3854404946789721e-06
2017,E06000021,255378,162030,8,108888,7.346998751010212e-05,18.76261847035486,male,40-44,7483,0.029301662633429662,2.152792787703303e-06,4.937357279516139e-05,1.4467277730508998e-06
2017,E06000051,317459,162030,2803,129599,0.021628253304423646,6866.083665769026,female,40-44,8946,0.02818001694707033,0.0006094845446541883,0.017299265568104672,0.0004874935968810599
2017,E06000051,317459,162030,2803,129599,0.021628253304423646,6866.083665769026,male,40-44,8676,0.02732951341748068,0.0005910896388799169,0.017299265568104672,0.0004727805104560782
2017,E07000039,102385,162030,8,39933,0.00020033556206646132,20.511356522174644,female,40-44,3373,0.0329442789471114,6.59991063974385e-06,4.937357279516139e-05,1.6265767547793073e-06
2017,E07000039,102385,162030,8,39933,0.00020033556206646132,20.511356522174644,male,40-44,3204,0.031293646530253454,6.2692302667474925e-06,4.937357279516139e-05,1.5450791349875186e-06
2017,E07000192,99126,162030,16842,40177,0.41919506185130795,41553.12970107275,female,40-44,3040,0.03066803865786978,0.012855890362044027,0.10394371412701352,0.003187749843089816
2017,E07000192,99126,162030,16842,40177,0.41919506185130795,41553.12970107275,male,40-44,3041,0.030678126828480923,0.01286011927334733,0.10394371412701352,0.003188798445011885
2017,E07000193,117552,162030,66,51593,0.001279243308200725,150.37760936561162,female,40-44,3511,0.02986763304750238,3.8207969707812246e-05,0.0004073319755600815,1.2166041974542723e-05
2017,E07000193,117552,162030,66,51593,0.001279243308200725,150.37760936561162,male,40-44,3515,0.02990166054171771,3.8251499152082044e-05,0.0004073319755600815,1.217990246098481e-05
2017,E07000194,103507,162030,2578,46234,0.05575983042782368,5771.532768092746,female,40-44,3167,0.030596964456510188,0.0017060815497011565,0.015910633833240758,0.00048681709787621593
2017,E07000194,103507,162030,2578,46234,0.05575983042782368,5771.532768092746,male,40-44,3130,0.0302395007100969,0.001686149431817057,0.015910633833240758,0.0004811296230983757
2017,E07000196,111890,162030,21922,42671,0.5137446978041292,57482.89423730402,female,40-44,3154,0.028188399320761462,0.01448164069062672,0.135295932851941,0.003813775781705442
2017,E07000196,111890,162030,21922,42671,0.5137446978041292,57482.89423730402,male,40-44,3131,0.027982840289570113,0.01437603582826641,0.135295932851941,0.0037859644808242673
2017,E07000197,134764,162030,4071,50852,0.08005584834421459,10788.646346259735,female,40-44,3992,0.029622154284527025,0.0023714266910310217,0.02512497685613775,0.0007442559408276832
2017,E07000197,134764,162030,4071,50852,0.08005584834421459,10788.646346259735,male,40-44,4033,0.02992638983704847,0.002395782526284597,0.02512497685613775,0.0007518998520435989
2017,E07000198,98496,162030,19,38267,0.0004965113544307105,48.90438236600726,female,40-44,2898,0.02942251461988304,1.460861258467551e-05,0.0001172622353885083,3.450149835078552e-06
2017,E07000198,98496,162030,19,38267,0.0004965113544307105,48.90438236600726,male,40-44,2808,0.02850877192982456,1.4154928964033414e-05,0.0001172622353885083,3.3430023246723857e-06
2017,E07000199,76527,162030,413,35266,0.011710996427153633,896.2074235807861,female,40-44,2468,0.03225005553595463,0.0003776802851570709,0.0025489106955502066,8.22025114876829e-05
2017,E07000199,76527,162030,413,35266,0.011710996427153633,896.2074235807861,male,40-44,2321,0.030329164869915194,0.0003551847414301303,0.0025489106955502066,7.730633272403243e-05
2017,E07000218,64069,162030,39,28099,0.0013879497491013915,88.92455247517705,female,40-44,1935,0.030201813669637423,4.191859970518024e-05,0.00024069616737641176,7.26946079809825e-06
2017,E07000218,64069,162030,39,28099,0.0013879497491013915,88.92455247517705,male,40-44,1888,0.029468229565000233,4.0900421831204276e-05,0.00024069616737641176,7.092889915663822e-06
2017,E07000234,97594,162030,112,39667,0.002823505684826178,275.557213804926,female,40-44,3141,0.032184355595630876,9.087271098673099e-05,0.0006912300191322595,2.2246792734127372e-05
2017,E07000234,97594,162030,112,39667,0.002823505684826178,275.557213804926,male,40-44,3041,0.031159702440723816,8.797959697887583e-05,0.0006912300191322595,2.1538521714257038e-05
2017,E07000235,77165,162030,39,29187,0.0013362113269606332,103.10874704491727,female,40-44,2130,0.02760318797382233,3.688369243084493e-05,0.00024069616737641176,6.643981552669696e-06
2017,E07000235,77165,162030,39,29187,0.0013362113269606332,103.10874704491727,male,40-44,1884,0.02441521415149355,3.262388569939523e-05,0.00024069616737641176,5.876648471938829e-06
2017,E07000237,102314,162030,43,37166,0.0011569714254964214,118.37437442824086,female,40-44,3265,0.03191156635455558,3.6920770415053813e-05,0.00026538295377399244,8.468785738726717e-06
2017,E07000237,102314,162030,43,37166,0.0011569714254964214,118.37437442824086,male,40-44,3017,0.029487655648298375,3.4116374989959376e-05,0.00026538295377399244,7.825521155815775e-06
2017,E07000238,125378,162030,20,48608,0.00041145490454246215,51.58739302172482,female,40-44,3633,0.02897637544066742,1.1922471790926358e-05,0.0001234339319879035,3.5766679553992993e-06
2017,E07000238,125378,162030,20,48608,0.00041145490454246215,51.58739302172482,male,40-44,3457,0.02757262039592273,1.1344889892989933e-05,0.0001234339319879035,3.403396950678607e-06
2017,E07000239,100715,162030,314,40298,0.00779194997270336,784.7662415008189,female,40-44,2993,0.029717519733902596,0.0002315574270793939,0.0019379127322100846,5.758995986203429e-05
2017,E07000239,100715,162030,314,40298,0.00779194997270336,784.7662415008189,male,40-44,2964,0.029429578513627562,0.00022931380349593166,0.0019379127322100846,5.703195490513519e-05
2017,E08000025,1137123,162030,527,463214,0.0011377030918754616,1293.7083529427005,female,40-44,33526,0.029483178161025678,3.3543102952114e-05,0.0032524841078812564,9.589356841856775e-05
2017,E08000025,1137123,162030,527,463214,0.0011377030918754616,1293.7083529427005,male,40-44,33682,0.029620366486299194,3.369918253394689e-05,0.0032524841078812564,9.63397712663067e-05
2017,E08000027,319419,162030,7204,138693,0.05194205908012661,16591.280569314964,female,40-44,9311,0.029149800105817126,0.0015141006392702342,0.04446090230204283,0.001296026414628813
2017,E08000027,319419,162030,7204,138693,0.05194205908012661,16591.280569314964,male,40-44,9081,0.028429742751683525,0.001476699377640747,0.04446090230204283,0.0012640120149548116
2017,E08000028,325460,162030,2238,138562,0.016151614439745384,5256.704435559533,female,40-44,10039,0.030845572420573956,0.0004982057929103543,0.013812256989446398,0.0004260469732595477
2017,E08000028,325460,162030,2238,138562,0.016151614439745384,5256.704435559533,male,40-44,10541,0.03238800467031279,0.000523118563907565,0.013812256989446398,0.00044735144388175044
2017,E08000030,281293,162030,16074,121672,0.13210927740153855,37161.414968110985,female,40-44,8091,0.028763602364794003,0.003799938723878121,0.09920385113867802,0.0028534601272091516
2017,E08000030,281293,162030,16074,121672,0.13210927740153855,37161.414968110985,male,40-44,8127,0.02889158279800777,0.0038168461264315276,0.09920385113867802,0.0028661562790543533
2017,E08000031,259926,162030,85087,98550,0.8633891425672248,224417.28627092845,female,40-44,7696,0.029608427013842403,0.025563594412245646,0.5251311485527371,0.015548307284618949
2017,E08000031,259926,162030,85087,98550,0.8633891425672248,224417.28627092845,male,40-44,8202,0.03155513492301655,0.027244360884776348,0.5251311485527371,0.016570584244860267
2017,E06000019,191041,162030,9,74219,0.00012126274943073876,23.166156913997764,female,45-49,6671,0.034919205824927635,4.234398906268593e-06,5.5545269394556566e-05,1.9395966945895744e-06
2017,E06000019,191041,162030,9,74219,0.00012126274943073876,23.166156913997764,male,45-49,6321,0.033087138362969205,4.0122373686889185e-06,5.5545269394556566e-05,1.8378340138660919e-06
2017,E06000020,175768,162030,1594,68134,0.023395074412187748,4112.105439281416,female,45-49,6399,0.03640594419917163,0.0008517197735855753,0.009837684379435907,0.00035815018856680605
2017,E06000020,175768,162030,1594,68134,0.023395074412187748,4112.105439281416,male,45-49,6503,0.0369976332438214,0.0008655623828140329,0.009837684379435907,0.00036397103863884043
2017,E06000021,255378,162030,8,108888,7.346998751010212e-05,18.76261847035486,female,45-49,8324,0.03259482022727095,2.3947410349916203e-06,4.937357279516139e-05,1.6093227292363611e-06
2017,E06000021,255378,162030,8,108888,7.346998751010212e-05,18.76261847035486,male,45-49,8680,0.033988832240835154,2.497159080217115e-06,4.937357279516139e-05,1.6781500828654028e-06
2017,E06000051,317459,162030,2803,129599,0.021628253304423646,6866.083665769026,female,45-49,11370,0.035815648634941834,0.000774629920938757,0.017299265568104672,0.0006195844172297843
2017,E06000051,317459,162030,2803,129599,0.021628253304423646,6866.083665769026,male,45-49,11373,0.0358250986741595,0.0007748343087806934,0.017299265568104672,0.0006197478959678398
2017,E07000039,102385,162030,8,39933,0.00020033556206646132,20.511356522174644,female,45-49,4146,0.040494213019485276,8.1124309256976e-06,4.937357279516139e-05,1.9993439743003284e-06
2017,E07000039,102385,162030,8,39933,0.00020033556206646132,20.511356522174644,male,45-49,4094,0.039986326121990524,8.010683118621797e-06,4.937357279516139e-05,1.9742677835951626e-06
2017,E07000192,99126,162030,16842,40177,0.41919506185130795,41553.12970107275,female,45-49,3867,0.0390109557532837,0.016353200009876397,0.10394371412701352,0.004054943632640894
2017,E07000192,99126,162030,16842,40177,0.41919506185130795,41553.12970107275,male,45-49,3931,0.03965659867239675,0.01662385033328785,0.10394371412701352,0.004122054155653311
2017,E07000193,117552,162030,66,51593,0.001279243308200725,150.37760936561162,female,45-49,4248,0.0361371988566762,4.622826981452191e-05,0.0004073319755600815,1.4719836601497433e-05
2017,E07000193,117552,162030,66,51593,0.001279243308200725,150.37760936561162,male,45-49,4283,0.0364349394310603,4.6609152451882614e-05,0.0004073319755600815,1.4841115857865703e-05
2017,E07000194,103507,162030,2578,46234,0.05575983042782368,5771.532768092746,female,45-49,3939,0.038055397219511726,0.0021219624958234468,0.015910633833240758,0.0006054854905381795
2017,E07000194,103507,162030,2578,46234,0.05575983042782368,5771.532768092746,male,45-49,3847,0.037166568444646254,0.002072401554057578,0.015910633833240758,0.000591343661360847
2017,E07000196,111890,162030,21922,42671,0.5137446978041292,57482.89423730402,female,45-49,4177,0.037331307534185364,0.019178761307783072,0.135295932851941,0.005050774077420302
2017,E07000196,111890,162030,21922,42671,0.5137446978041292,57482.89423730402,male,45-49,4113,0.03675931718652248,0.018884904299476125,0.135295932851941,0.004973386109750946
2017,E07000197,134764,162030,4071,50852,0.08005584834421459,10788.646346259735,female,45-49,5021,0.03725772461488231,0.0029826987514195292,0.02512497685613775,0.0009360994686612718
2017,E07000197,134764,162030,4071,50852,0.08005584834421459,10788.646346259735,male,45-49,4968,0.03686444451040337,0.002951214379018566,0.02512497685613775,0.000926218315138259
2017,E07000198,98496,162030,19,38267,0.0004965113544307105,48.90438236600726,female,45-49,3900,0.03959551656920078,1.965962356115752e-05,0.0001172622353885083,4.6430587842672025e-06
2017,E07000198,98496,162030,19,38267,0.0004965113544307105,48.90438236600726,male,45-49,3842,0.039006660168940874,1.936724967229928e-05,0.0001172622353885083,4.5740081664498956e-06
2017,E07000199,76527,162030,413,35266,0.011710996427153633,896.2074235807861,female,45-49,2814,0.03677133560704065,0.0004306289799157202,0.0025489106955502066,9.372685061845206e-05
2017,E07000199,76527,162030,413,35266,0.011710996427153633,896.2074235807861,male,45-49,2929,0.038274073202921845,0.00044822753453203435,0.0025489106955502066,9.755719454919904e-05
2017,E07000218,64069,162030,39,28099,0.0013879497491013915,88.92455247517705,female,45-49,2460,0.0383961042001592,5.329186319108185e-05,0.00024069616737641176,9.241795123163666e-06
2017,E07000218,64069,162030,39,28099,0.0013879497491013915,88.92455247517705,male,45-49,2388,0.03727231578454479,5.173210134158677e-05,0.00024069616737641176,8.971303558583266e-06
2017,E07000234,97594,162030,112,39667,0.002823505684826178,275.557213804926,female,45-49,3825,0.0391929831751952,0.0001106616108004604,0.0006912300191322595,2.7091366510040503e-05
2017,E07000234,97594,162030,112,39667,0.002823505684826178,275.557213804926,male,45-49,3533,0.03620099596286657,0.00010221371789752328,0.0006912300191322595,2.502321513201911e-05
2017,E07000235,77165,162030,39,29187,0.0013362113269606332,103.10874704491727,female,45-49,2728,0.0353528153955809,4.723883237152345e-05,0.00024069616737641176,8.509287171682126e-06
2017,E07000235,77165,162030,39,29187,0.0013362113269606332,103.10874704491727,male,45-49,2640,0.03421240199572345,4.571499906921625e-05,0.00024069616737641176,8.234794037111735e-06
2017,E07000237,102314,162030,43,37166,0.0011569714254964214,118.37437442824086,female,45-49,3471,0.03392497605410794,3.925022790525323e-05,0.00026538295377399244,9.003110351951128e-06
2017,E07000237,102314,162030,43,37166,0.0011569714254964214,118.37437442824086,male,45-49,3622,0.03540082491154681,4.0957742861661536e-05,0.00026538295377399244,9.394775481062227e-06
2017,E07000238,125378,162030,20,48608,0.00041145490454246215,51.58739302172482,female,45-49,4863,0.038786708992008166,1.595898164582298e-05,0.0001234339319879035,4.787595999754141e-06
2017,E07000238,125378,162030,20,48608,0.00041145490454246215,51.58739302172482,male,45-49,4366,0.03482269616679162,1.432796912721841e-05,0.0001234339319879035,4.298302310287185e-06
2017,E07000239,100715,162030,314,40298,0.00779194997270336,784.7662415008189,female,45-49,3733,0.037064985354713795,0.0002888085116229126,0.0019379127322100846,7.182870703808019e-05
2017,E07000239,100715,162030,314,40298,0.00779194997270336,784.7662415008189,male,45-49,3490,0.03465223650896093,0.0002700084933201085,0.0019379127322100846,6.715301033027052e-05
2017,E08000025,1137123,162030,527,463214,0.0011377030918754616,1293.7083529427005,female,45-49,35113,0.030878805546981285,3.5130912544221764e-05,0.0032524841078812564,0.00010043282431191222
2017,E08000025,1137123,162030,527,463214,0.0011377030918754616,1293.7083529427005,male,45-49,34113,0.02999939320548437,3.413040240426728e-05,0.0032524841078812564,9.757254964691885e-05
2017,E08000027,319419,162030,7204,138693,0.05194205908012661,16591.280569314964,female,45-49,11810,0.0369733797926861,0.0019204734775836608,0.04446090230204283,0.0016438698267389413
2017,E08000027,319419,162030,7204,138693,0.05194205908012661,16591.280569314964,male,45-49,11692,0.036603959063174075,0.0019012850042259238,0.04446090230204283,0.001627445047775758
2017,E08000028,325460,162030,2238,138562,0.016151614439745384,5256.704435559533,female,45-49,11199,0.03440975849566767,0.0005557731521867774,0.013812256989446398,0.0004752764272869484
2017,E08000028,325460,162030,2238,138562,0.016151614439745384,5256.704435559533,male,45-49,10938,0.03360781662877158,0.0005428204963495822,0.013812256989446398,0.0004641998001307832
2017,E08000030,281293,162030,16074,121672,0.13210927740153855,37161.414968110985,female,45-49,9636,0.034256095956884815,0.004525548083461819,0.09920385113867802,0.0033983366438990713
2017,E08000030,281293,162030,16074,121672,0.13210927740153855,37161.414968110985,male,45-49,9739,0.034622262196357535,0.004573922040767399,0.09920385113867802,0.0034346617450117327
2017,E08000031,259926,162030,85087,98550,0.8633891425672248,224417.28627092845,female,45-49,9026,0.03472526796088117,0.029981419330162316,0.5251311485527371,0.018235319848099094
2017,E08000031,259926,162030,85087,98550,0.8633891425672248,224417.28627092845,male,45-49,8892,0.03420973661734494,0.029536315165500038,0.5251311485527371,0.017964598281552974
2017,E06000019,191041,162030,9,74219,0.00012126274943073876,23.166156913997764,female,50-54,7305,0.03823786517030376,4.636828662912918e-06,5.5545269394556566e-05,2.1239325219572538e-06
2017,E06000019,191041,162030,9,74219,0.00012126274943073876,23.166156913997764,male,50-54,7203,0.037703948367104445,4.572084443389698e-06,5.5545269394556566e-05,2.0942759692892677e-06
2017,E06000020,175768,162030,1594,68134,0.023395074412187748,4112.105439281416,female,50-54,6367,0.03622388603158709,0.0008474605092075883,0.009837684379435907,0.0003563591577754109
2017,E06000020,175768,162030,1594,68134,0.023395074412187748,4112.105439281416,male,50-54,6425,0.036553866460334074,0.0008551804258926896,0.009837684379435907,0.00035960540108481465
2017,E06000021,255378,162030,8,108888,7.346998751010212e-05,18.76261847035486,female,50-54,8324,0.03259482022727095,2.3947410349916203e-06,4.937357279516139e-05,1.6093227292363611e-06
2017,E06000021,255378,162030,8,108888,7.346998751010212e-05,18.76261847035486,male,50-54,8583,0.03360900312477974,2.4692530398045507e-06,4.937357279516139e-05,1.659396562354119e-06
2017,E06000051,317459,162030,2803,129599,0.021628253304423646,6866.083665769026,female,50-54,12476,0.039299563093186836,0.0008499809053326237,0.017299265568104672,0.0006798535786595242
2017,E06000051,317459,162030,2803,129599,0.021628253304423646,6866.083665769026,male,50-54,12379,0.038994011825149076,0.0008433723651100152,0.017299265568104672,0.0006745677661290678
2017,E07000039,102385,162030,8,39933,0.00020033556206646132,20.511356522174644,female,50-54,3988,0.03895101821555892,7.80327412727497e-06,4.937357279516139e-05,1.9231509333115555e-06
2017,E07000039,102385,162030,8,39933,0.00020033556206646132,20.511356522174644,male,50-54,4014,0.039204961664306294,7.854148030812871e-06,4.937357279516139e-05,1.9356890286641386e-06
2017,E07000192,99126,162030,16842,40177,0.41919506185130795,41553.12970107275,female,50-54,3874,0.03908157294756169,0.016382802388999525,0.10394371412701352,0.004062283846095378
2017,E07000192,99126,162030,16842,40177,0.41919506185130795,41553.12970107275,male,50-54,3932,0.03966668684300789,0.016628079244591157,0.10394371412701352,0.004123102757575381
2017,E07000193,117552,162030,66,51593,0.001279243308200725,150.37760936561162,female,50-54,4448,0.037838573567442496,4.8404742028011646e-05,0.0004073319755600815,1.5412860923601832e-05
2017,E07000193,117552,162030,66,51593,0.001279243308200725,150.37760936561162,male,50-54,4416,0.037566353613719884,4.805650647385328e-05,0.0004073319755600815,1.5301977032065127e-05
2017,E07000194,103507,162030,2578,46234,0.05575983042782368,5771.532768092746,female,50-54,3979,0.03844184451293149,0.0021435107313738243,0.015910633833240758,0.0006116341119196284
2017,E07000194,103507,162030,2578,46234,0.05575983042782368,5771.532768092746,male,50-54,3926,0.0379298018491503,0.002114959319269574,0.015910633833240758,0.0006034871885892086
2017,E07000196,111890,162030,21922,42671,0.5137446978041292,57482.89423730402,female,50-54,4513,0.040334256859415496,0.02072151060139454,0.135295932851941,0.0054570609076844195
2017,E07000196,111890,162030,21922,42671,0.5137446978041292,57482.89423730402,male,50-54,4571,0.04085262311198499,0.020987818515172712,0.135295932851941,0.0055271937533847735
2017,E07000197,134764,162030,4071,50852,0.08005584834421459,10788.646346259735,female,50-54,5205,0.03862307441156392,0.0030920029876794763,0.02512497685613775,0.0009704038507034298
2017,E07000197,134764,162030,4071,50852,0.08005584834421459,10788.646346259735,male,50-54,5139,0.03813332937579769,0.0030527960333688433,0.02512497685613775,0.0009580990180143949
2017,E07000198,98496,162030,19,38267,0.0004965113544307105,48.90438236600726,female,50-54,3949,0.04009299870045484,1.9906629087951547e-05,0.0001172622353885083,4.701394651043893e-06
2017,E07000198,98496,162030,19,38267,0.0004965113544307105,48.90438236600726,male,50-54,3954,0.04014376218323587,1.993183373354278e-05,0.0001172622353885083,4.707347290510902e-06
2017,E07000199,76527,162030,413,35266,0.011710996427153633,896.2074235807861,female,50-54,2743,0.03584355848262705,0.00041976378532651766,0.0025489106955502066,9.136202958294742e-05
2017,E07000199,76527,162030,413,35266,0.011710996427153633,896.2074235807861,male,50-54,2639,0.03448456100461275,0.00040384857071698143,0.0025489106955502066,8.789806637601102e-05
2017,E07000218,64069,162030,39,28099,0.0013879497491013915,88.92455247517705,female,50-54,2624,0.04095584448016982,5.6844654070487306e-05,0.00024069616737641176,9.857914798041245e-06
2017,E07000218,64069,162030,39,28099,0.0013879497491013915,88.92455247517705,male,50-54,2566,0.04005057047870265,5.5588179247282934e-05,0.00024069616737641176,9.640018815462588e-06
2017,E07000234,97594,162030,112,39667,0.002823505684826178,275.557213804926,female,50-54,3872,0.039674570158001514,0.0001120213743841523,0.0006912300191322595,2.742425388937956e-05
2017,E07000234,97594,162030,112,39667,0.002823505684826178,275.557213804926,male,50-54,3813,0.03907002479660635,0.00011031443711951778,0.0006912300191322595,2.7006373987656062e-05
2017,E07000235,77165,162030,39,29187,0.0013362113269606332,103.10874704491727,female,50-54,3246,0.042065703362923604,5.620866931010452e-05,0.00024069616737641176,1.0125053577448747e-05
2017,E07000235,77165,162030,39,29187,0.0013362113269606332,103.10874704491727,male,50-54,3015,0.039072118188297804,5.2208606891548096e-05,0.00024069616737641176,9.40450909920147e-06
2017,E07000237,102314,162030,43,37166,0.0011569714254964214,118.37437442824086,female,50-54,3467,0.033885880720136055,3.920499572097751e-05,0.00026538295377399244,8.992735116742889e-06
2017,E07000237,102314,162030,43,37166,0.0011569714254964214,118.37437442824086,male,50-54,3585,0.03503919307230682,4.053934515711116e-05,0.00026538295377399244,9.298804555385997e-06
2017,E07000238,125378,162030,20,48608,0.00041145490454246215,51.58739302172482,female,50-54,5079,0.04050949927419484,1.6667832156926776e-05,0.0001234339319879035,5.000246778274991e-06
2017,E07000238,125378,162030,20,48608,0.00041145490454246215,51.58739302172482,male,50-54,4938,0.03938490006221187,1.6205110295511797e-05,0.0001234339319879035,4.861433075629436e-06
2017,E07000239,100715,162030,314,40298,0.00779194997270336,784.7662415008189,female,50-54,3847,0.03819689222062255,0.00029762827329583304,0.0019379127322100846,7.402224376520078e-05
2017,E07000239,100715,162030,314,40298,0.00779194997270336,784.7662415008189,male,50-54,3722,0.0369557662711612,0.00028795748198780626,0.0019379127322100846,7.16170499854633e-05
2017,E08000025,1137123,162030,527,463214,0.0011377030918754616,1293.7083529427005,female,50-54,33633,0.029577275281565847,3.3650157537089125e-05,0.0032524841078812564,9.619961780772203e-05
2017,E08000025,1137123,162030,527,463214,0.0011377030918754616,1293.7083529427005,male,50-54,31989,0.028131521392144913,3.200531886700396e-05,0.0032524841078812564,9.149732625847292e-05
2017,E08000027,319419,162030,7204,138693,0.05194205908012661,16591.280569314964,female,50-54,11696,0.0366164817997677,0.001901935460949915,0.04446090230204283,0.0016280018199440014
2017,E08000027,319419,162030,7204,138693,0.05194205908012661,16591.280569314964,male,50-54,11391,0.035661623134503585,0.0018523381357455951,0.04446090230204283,0.0015855479421154344
2017,E08000028,325460,162030,2238,138562,0.016151614439745384,5256.704435559533,female,50-54,11154,0.03427149265654766,0.0005535399356631231,0.013812256989446398,0.0004733666639841613
2017,E08000028,325460,162030,2238,138562,0.016151614439745384,5256.704435559533,male,50-54,10499,0.032258956553800774,0.0005210342284854876,0.013812256989446398,0.00044556899813248246
2017,E08000030,281293,162030,16074,121672,0.13210927740153855,37161.414968110985,female,50-54,9557,0.03397525000622127,0.00448844572785851,0.09920385113867802,0.0033704756440165445
2017,E08000030,281293,162030,16074,121672,0.13210927740153855,37161.414968110985,male,50-54,9264,0.03293363148034256,0.004350838257076618,0.09920385113867802,0.003267143074831984
2017,E08000031,259926,162030,85087,98550,0.8633891425672248,224417.28627092845,female,50-54,8779,0.03377499749928826,0.02916096613112065,0.5251311485527371,0.017736303229167066
2017,E08000031,259926,162030,85087,98550,0.8633891425672248,224417.28627092845,male,50-54,8498,0.032693920577395105,0.028227576054478107,0.5251311485527371,0.017168596063499457
2017,E06000019,191041,162030,9,74219,0.00012126274943073876,23.166156913997764,female,55-59,6912,0.03618071513444758,4.387372993573454e-06,5.5545269394556566e-05,2.0096675690306008e-06
2017,E06000019,191041,162030,9,74219,0.00012126274943073876,23.166156913997764,male,55-59,6769,0.03543218471427599,4.296604136790901e-06,5.5545269394556566e-05,1.9680902451921493e-06
2017,E06000020,175768,162030,1594,68134,0.023395074412187748,4112.105439281416,female,55-59,5564,0.03165536388876246,0.0007405795937224786,0.009837684379435907,0.00031141547885383793
2017,E06000020,175768,162030,1594,68134,0.023395074412187748,4112.105439281416,male,55-59,5346,0.030415092622092757,0.0007115633551474426,0.009837684379435907,0.0002992140815874582
2017,E06000021,255378,162030,8,108888,7.346998751010212e-05,18.76261847035486,female,55-59,7583,0.029693239041734213,2.181561901530689e-06,4.937357279516139e-05,1.4660612993511923e-06
2017,E06000021,255378,162030,8,108888,7.346998751010212e-05,18.76261847035486,male,55-59,7843,0.03071133770332605,2.256361597481893e-06,4.937357279516139e-05,1.5163284677319532e-06
2017,E06000051,317459,162030,2803,129599,0.021628253304423646,6866.083665769026,female,55-59,11515,0.0362724005304622,0.000784508666632347,0.017299265568104672,0.0006274858895691264
2017,E06000051,317459,162030,2803,129599,0.021628253304423646,6866.083665769026,male,55-59,11476,0.03614955002063259,0.0007818516246871747,0.017299265568104672,0.0006253606659744068
2017,E07000039,102385,162030,8,39933,0.00020033556206646132,20.511356522174644,female,55-59,3460,0.033794012794842995,6.770142547736057e-06,4.937357279516139e-05,1.668531150766796e-06
2017,E07000039,102385,162030,8,39933,0.00020033556206646132,20.511356522174644,male,55-59,3336,0.032582897885432435,6.527513161632221e-06,4.937357279516139e-05,1.6087340806237084e-06
2017,E07000192,99126,162030,16842,40177,0.41919506185130795,41553.12970107275,female,55-59,3259,0.032877348021709746,0.013782021937467593,0.10394371412701352,0.003417393664022931
2017,E07000192,99126,162030,16842,40177,0.41919506185130795,41553.12970107275,male,55-59,3267,0.03295805338659887,0.013815853227894024,0.10394371412701352,0.003425782479399483
2017,E07000193,117552,162030,66,51593,0.001279243308200725,150.37760936561162,female,55-59,3956,0.0336531917789574,4.30506203828269e-05,0.0004073319755600815,1.370802109122501e-05
2017,E07000193,117552,162030,66,51593,0.001279243308200725,150.37760936561162,male,55-59,4077,0.03468252347897101,4.436738607198819e-05,0.0004073319755600815,1.412730080609817e-05
2017,E07000194,103507,162030,2578,46234,0.05575983042782368,5771.532768092746,female,55-59,3543,0.034229569014656014,0.001908634963874707,0.015910633833240758,0.0005446141388618355
2017,E07000194,103507,162030,2578,46234,0.05575983042782368,5771.532768092746,male,55-59,3546,0.0342585525616625,0.0019102510815409855,0.015910633833240758,0.0005450752854654442
2017,E07000196,111890,162030,21922,42671,0.5137446978041292,57482.89423730402,female,55-59,4212,0.0376441147555635,0.019339464359200934,0.135295932851941,0.00509309562223948
2017,E07000196,111890,162030,21922,42671,0.5137446978041292,57482.89423730402,male,55-59,4237,0.037867548485119314,0.019454252253070833,0.135295932851941,0.005123325297110323
2017,E07000197,134764,162030,4071,50852,0.08005584834421459,10788.646346259735,female,55-59,4635,0.03439345819358285,0.0027533974731785535,0.02512497685613775,0.0008641348411163105
2017,E07000197,134764,162030,4071,50852,0.08005584834421459,10788.646346259735,male,55-59,4664,0.03460864919414681,0.002770624771284741,0.02512497685613775,0.0008695415100251289
2017,E07000198,98496,162030,19,38267,0.0004965113544307105,48.90438236600726,female,55-59,3629,0.03684413580246913,1.8293531770112982e-05,0.0001172622353885083,4.320425725155302e-06
2017,E07000198,98496,162030,19,38267,0.0004965113544307105,48.90438236600726,male,55-59,3570,0.036245126705653025,1.79961169521365e-05,0.0001172622353885083,4.250184579444594e-06
2017,E07000199,76527,162030,413,35266,0.011710996427153633,896.2074235807861,female,55-59,2559,0.03343917832921714,0.00039160609794041513,0.0025489106955502066,8.523347929375226e-05
2017,E07000199,76527,162030,413,35266,0.011710996427153633,896.2074235807861,male,55-59,2250,0.02940138774550159,0.00034431954684092773,0.0025489106955502066,7.494151168852777e-05
2017,E07000218,64069,162030,39,28099,0.0013879497491013915,88.92455247517705,female,55-59,2341,0.0365387316799076,5.071392346761082e-05,0.00024069616737641176,8.794732676148839e-06
2017,E07000218,64069,162030,39,28099,0.0013879497491013915,88.92455247517705,male,55-59,2351,0.03669481340429849,5.093055705781847e-05,0.00024069616737641176,8.832300949007227e-06
2017,E07000234,97594,162030,112,39667,0.002823505684826178,275.557213804926,female,55-59,3380,0.03463327663585876,9.778725346550486e-05,0.0006912300191322595,2.3939560471617487e-05
2017,E07000234,97594,162030,112,39667,0.002823505684826178,275.557213804926,male,55-59,3356,0.034387359878681065,9.709290610361961e-05,0.0006912300191322595,2.3769575426848605e-05
2017,E07000235,77165,162030,39,29187,0.0013362113269606332,103.10874704491727,female,55-59,2845,0.036869046847664094,4.926483801209099e-05,0.00024069616737641176,8.874238271054124e-06
2017,E07000235,77165,162030,39,29187,0.0013362113269606332,103.10874704491727,male,55-59,2949,0.038216808138404716,5.1065731914817693e-05,0.00024069616737641176,9.198639248273677e-06
2017,E07000237,102314,162030,43,37166,0.0011569714254964214,118.37437442824086,female,55-59,2997,0.029292178978438922,3.389021406858079e-05,0.00026538295377399244,7.77364497977457e-06
2017,E07000237,102314,162030,43,37166,0.0011569714254964214,118.37437442824086,male,55-59,3067,0.029976347322947006,3.468177729340584e-05,0.00026538295377399244,7.955211595918788e-06
2017,E07000238,125378,162030,20,48608,0.00041145490454246215,51.58739302172482,female,55-59,4649,0.0370798704716936,1.5256694565377553e-05,0.0001234339319879035,4.5769142099232985e-06
2017,E07000238,125378,162030,20,48608,0.00041145490454246215,51.58739302172482,male,55-59,4521,0.03605895771187928,1.4836635003241968e-05,0.0001234339319879035,4.450898933762795e-06
2017,E07000239,100715,162030,314,40298,0.00779194997270336,784.7662415008189,female,55-59,3237,0.03214019758725115,0.0002504348117126622,0.0019379127322100846,6.228489812008185e-05
2017,E07000239,100715,162030,314,40298,0.00779194997270336,784.7662415008189,male,55-59,3252,0.03228913270118652,0.0002515953066696254,0.0019379127322100846,6.257352137365035e-05
2017,E08000025,1137123,162030,527,463214,0.0011377030918754616,1293.7083529427005,female,55-59,29131,0.02561816092014672,2.9145860887014043e-05,0.0032524841078812564,8.332266126592187e-05
2017,E08000025,1137123,162030,527,463214,0.0011377030918754616,1293.7083529427005,male,55-59,27975,0.024601560253376283,2.7989271165226662e-05,0.0032524841078812564,8.001618375318953e-05
2017,E08000027,319419,162030,7204,138693,0.05194205908012661,16591.280569314964,female,55-59,9988,0.031269273274288634,0.0016241904398057244,0.04446090230204283,0.001390260104104026
2017,E08000027,319419,162030,7204,138693,0.05194205908012661,16591.280569314964,male,55-59,9936,0.03110647769857147,0.00161573450239384,0.04446090230204283,0.00138302206591686
2017,E08000028,325460,162030,2238,138562,0.016151614439745384,5256.704435559533,female,55-59,9064,0.02784981257297364,0.00044981943489784355,0.013812256989446398,0.0003846687683658273
2017,E08000028,325460,162030,2238,138562,0.016151614439745384,5256.704435559533,male,55-59,9200,0.02826768266453635,0.00045656871150266556,0.013812256989446398,0.000390440497458695
2017,E08000030,281293,162030,16074,121672,0.13210927740153855,37161.414968110985,female,55-59,8548,0.030388242864202095,0.004014568806292199,0.09920385113867802,0.0030146307214662994
2017,E08000030,281293,162030,16074,121672,0.13210927740153855,37161.414968110985,male,55-59,8273,0.02941061455493027,0.00388541503678701,0.09920385113867802,0.00291764622820434
2017,E08000031,259926,162030,85087,98550,0.8633891425672248,224417.28627092845,female,55-59,7712,0.02966998299516016,0.02561674117817547,0.5251311485527371,0.015580632247788634
2017,E08000031,259926,162030,85087,98550,0.8633891425672248,224417.28627092845,male,55-59,7434,0.028600447819764088,0.02469331612014477,0.5251311485527371,0.015018986012715342
2017,E06000019,191041,162030,9,74219,0.00012126274943073876,23.166156913997764,female,60-64,6773,0.03545312262812695,4.299143125791813e-06,5.5545269394556566e-05,1.9692532472575605e-06
2017,E06000019,191041,162030,9,74219,0.00012126274943073876,23.166156913997764,male,60-64,6177,0.03233337346433488,3.920833764656139e-06,5.5545269394556566e-05,1.7959659395112878e-06
2017,E06000020,175768,162030,1594,68134,0.023395074412187748,4112.105439281416,female,60-64,4853,0.02761025897774339,0.0006459440633240814,0.009837684379435907,0.00027162101345752616
2017,E06000020,175768,162030,1594,68134,0.023395074412187748,4112.105439281416,male,60-64,4615,0.026256201356333348,0.0006142657845128036,0.009837684379435907,0.00025830022194652446
2017,E06000021,255378,162030,8,108888,7.346998751010212e-05,18.76261847035486,female,60-64,6983,0.0273437805919069,2.0089472185663727e-06,4.937357279516139e-05,1.3500601415494365e-06
2017,E06000021,255378,162030,8,108888,7.346998751010212e-05,18.76261847035486,male,60-64,6846,0.026807320912529662,1.9695335326228534e-06,4.937357279516139e-05,1.3235732105180355e-06
2017,E06000051,317459,162030,2803,129599,0.021628253304423646,6866.083665769026,female,60-64,10698,0.03369883985018538,0.0007288470443450152,0.017299265568104672,0.0005829651799053856
2017,E06000051,317459,162030,2803,129599,0.021628253304423646,6866.083665769026,male,60-64,10240,0.03225613386295553,0.0006976438338093994,0.017299265568104672,0.0005580074258956018
2017,E07000039,102385,162030,8,39933,0.00020033556206646132,20.511356522174644,female,60-64,3009,0.029389070664648142,5.887675990213235e-06,4.937357279516139e-05,1.4510434198431472e-06
2017,E07000039,102385,162030,8,39933,0.00020033556206646132,20.511356522174644,male,60-64,2966,0.028969087268642866,5.803538380515937e-06,4.937357279516139e-05,1.4303073390677215e-06
2017,E07000192,99126,162030,16842,40177,0.41919506185130795,41553.12970107275,female,60-64,2911,0.029366664649032544,0.012310360803917815,0.10394371412701352,0.0030524801951429125
2017,E07000192,99126,162030,16842,40177,0.41919506185130795,41553.12970107275,male,60-64,2814,0.028388112099751832,0.011900156407497333,0.10394371412701352,0.0029507658087022178
2017,E07000193,117552,162030,66,51593,0.001279243308200725,150.37760936561162,female,60-64,3379,0.028744725738396624,3.677149804690902e-05,0.0004073319755600815,1.170864592195382e-05
2017,E07000193,117552,162030,66,51593,0.001279243308200725,150.37760936561162,male,60-64,3356,0.0285490676466585,3.65212037423577e-05,0.0004073319755600815,1.1628948124911813e-05
2017,E07000194,103507,162030,2578,46234,0.05575983042782368,5771.532768092746,female,60-64,3255,0.03144714850203368,0.0017534876679119874,0.015910633833240758,0.0005003440649154035
2017,E07000194,103507,162030,2578,46234,0.05575983042782368,5771.532768092746,male,60-64,3104,0.02998830996937405,0.0016721430787093115,0.015910633833240758,0.0004771330192004339
2017,E07000196,111890,162030,21922,42671,0.5137446978041292,57482.89423730402,female,60-64,3808,0.03403342568594155,0.017484491994263333,0.135295932851941,0.0046045840763266725
2017,E07000196,111890,162030,21922,42671,0.5137446978041292,57482.89423730402,male,60-64,3590,0.032085083564214856,0.016483541559717794,0.135295932851941,0.004340981311452929
2017,E07000197,134764,162030,4071,50852,0.08005584834421459,10788.646346259735,female,60-64,4153,0.03081683535662343,0.0024670678977584755,0.02512497685613775,0.0007742722751145712
2017,E07000197,134764,162030,4071,50852,0.08005584834421459,10788.646346259735,male,60-64,4002,0.02969635807782494,0.0023773671386538454,0.02512497685613775,0.000746120309416931
2017,E07000198,98496,162030,19,38267,0.0004965113544307105,48.90438236600726,female,60-64,3319,0.03369679987004549,1.6730843743456874e-05,0.0001172622353885083,3.95136207820073e-06
2017,E07000198,98496,162030,19,38267,0.0004965113544307105,48.90438236600726,male,60-64,3197,0.03245817089018843,1.611585039103092e-05,0.0001172622353885083,3.8061176752057038e-06
2017,E07000199,76527,162030,413,35266,0.011710996427153633,896.2074235807861,female,60-64,2323,0.030355299436800084,0.0003554908032495445,0.0025489106955502066,7.73729474010889e-05
2017,E07000199,76527,162030,413,35266,0.011710996427153633,896.2074235807861,male,60-64,2224,0.029061638375998015,0.00034034074318854365,0.0025489106955502066,7.407552088679367e-05
2017,E07000218,64069,162030,39,28099,0.0013879497491013915,88.92455247517705,female,60-64,2029,0.031668981878911796,4.395495545313214e-05,0.00024069616737641176,7.622602562967105e-06
2017,E07000218,64069,162030,39,28099,0.0013879497491013915,88.92455247517705,male,60-64,2042,0.03187188812061996,4.423657912040209e-05,0.00024069616737641176,7.671441317683012e-06
2017,E07000234,97594,162030,112,39667,0.002823505684826178,275.557213804926,female,60-64,2952,0.03024776113285653,8.540472551188472e-05,0.0006912300191322595,2.0908160506572433e-05
2017,E07000234,97594,162030,112,39667,0.002823505684826178,275.557213804926,male,60-64,3020,0.03094452527819333,8.737204303722624e-05,0.0006912300191322595,2.1389784800084265e-05
2017,E07000235,77165,162030,39,29187,0.0013362113269606332,103.10874704491727,female,60-64,2810,0.036415473336357154,4.865876794867335e-05,0.00024069616737641176,8.765064865259082e-06
2017,E07000235,77165,162030,39,29187,0.0013362113269606332,103.10874704491727,male,60-64,2635,0.03414760577982246,4.5628417631585155e-05,0.00024069616737641176,8.219197836283873e-06
2017,E07000237,102314,162030,43,37166,0.0011569714254964214,118.37437442824086,female,60-64,2635,0.025754051253982838,2.9796701391628426e-05,0.00026538295377399244,6.83468619342876e-06
2017,E07000237,102314,162030,43,37166,0.0011569714254964214,118.37437442824086,male,60-64,2528,0.024708251070234766,2.8586740462253e-05,0.00026538295377399244,6.557148651608313e-06
2017,E07000238,125378,162030,20,48608,0.00041145490454246215,51.58739302172482,female,60-64,4384,0.03496626202364051,1.4387040003143726e-05,0.0001234339319879035,4.316023208497255e-06
2017,E07000238,125378,162030,20,48608,0.00041145490454246215,51.58739302172482,male,60-64,4152,0.03311585764647705,1.3625682046772981e-05,0.0001234339319879035,4.087620520456342e-06
2017,E07000239,100715,162030,314,40298,0.00779194997270336,784.7662415008189,female,60-64,3215,0.031921759420145954,0.0002487327524424495,0.0019379127322100846,6.186158401484805e-05
2017,E07000239,100715,162030,314,40298,0.00779194997270336,784.7662415008189,male,60-64,2982,0.029608300650349997,0.00023070639744428753,0.0019379127322100846,5.737830280941739e-05
2017,E08000025,1137123,162030,527,463214,0.0011377030918754616,1293.7083529427005,female,60-64,23942,0.021054890280119212,2.395421377079023e-05,0.0032524841078812564,6.848069602927127e-05
2017,E08000025,1137123,162030,527,463214,0.0011377030918754616,1293.7083529427005,male,60-64,23554,0.02071367829161841,2.3566015836487894e-05,0.0032524841078812564,6.737090945925385e-05
2017,E08000027,319419,162030,7204,138693,0.05194205908012661,16591.280569314964,female,60-64,8865,0.027753514975627624,0.0014415747145452287,0.04446090230204283,0.0012339463178696623
2017,E08000027,319419,162030,7204,138693,0.05194205908012661,16591.280569314964,male,60-64,8843,0.02768463992436267,0.0014379972025632777,0.04446090230204283,0.0012308840709443231
2017,E08000028,325460,162030,2238,138562,0.016151614439745384,5256.704435559533,female,60-64,7635,0.023459104037362503,0.00037890240351335345,0.013812256989446398,0.00032402317370621044
2017,E08000028,325460,162030,2238,138562,0.016151614439745384,5256.704435559533,male,60-64,7639,0.02347139433417317,0.0003791009116487894,0.013812256989446398,0.000324192930444236
2017,E08000030,281293,162030,16074,121672,0.13210927740153855,37161.414968110985,female,60-64,7073,0.025144600114471387,0.0033218349516734584,0.09920385113867802,0.002494441166697606
2017,E08000030,281293,162030,16074,121672,0.13210927740153855,37161.414968110985,male,60-64,7105,0.02525836049955029,0.003336863753943153,0.09920385113867802,0.002505726635004452
2017,E08000031,259926,162030,85087,98550,0.8633891425672248,224417.28627092845,female,60-64,6496,0.024991728415010427,0.021577586967508798,0.5251311485527371,0.013123935046892502
2017,E08000031,259926,162030,85087,98550,0.8633891425672248,224417.28627092845,male,60-64,6274,0.02413763917422651,0.020840175590232483,0.5251311485527371,0.012675426182913108
2017,E06000019,191041,162030,9,74219,0.00012126274943073876,23.166156913997764,female,65-69,6613,0.03461560607408881,4.19758356575539e-06,5.5545269394556566e-05,1.9227331646411115e-06
2017,E06000019,191041,162030,9,74219,0.00012126274943073876,23.166156913997764,male,65-69,6438,0.03369957234310959,4.0865027969655525e-06,5.5545269394556566e-05,1.8718518242793703e-06
2017,E06000020,175768,162030,1594,68134,0.023395074412187748,4112.105439281416,female,65-69,4748,0.027012880615356605,0.0006319683520838118,0.009837684379435907,0.0002657441936732607
2017,E06000020,175768,162030,1594,68134,0.023395074412187748,4112.105439281416,male,65-69,4507,0.025641755040735514,0.0005998907672370976,0.009837684379435907,0.0002522554930255657
2017,E06000021,255378,162030,8,108888,7.346998751010212e-05,18.76261847035486,female,65-69,6583,0.02577747495868869,1.8938707632568281e-06,4.937357279516139e-05,1.2727260363482658e-06
2017,E06000021,255378,162030,8,108888,7.346998751010212e-05,18.76261847035486,male,65-69,6336,0.024810281230176444,1.8228110521031843e-06,4.937357279516139e-05,1.2249722263865428e-06
2017,E06000051,317459,162030,2803,129599,0.021628253304423646,6866.083665769026,female,65-69,11194,0.03526124633417229,0.000762639167545158,0.017299265568104672,0.0006099936645972037
2017,E06000051,317459,162030,2803,129599,0.021628253304423646,6866.083665769026,male,65-69,10519,0.033134987510198166,0.0007166519031094797,0.017299265568104672,0.0005732109485347495
2017,E07000039,102385,162030,8,39933,0.00020033556206646132,20.511356522174644,female,65-69,2948,0.028793280265663915,5.7683179857589295e-06,4.937357279516139e-05,1.4216271192082412e-06
2017,E07000039,102385,162030,8,39933,0.00020033556206646132,20.511356522174644,male,65-69,2842,0.02775797235923231,5.5609089944121025e-06,4.937357279516139e-05,1.3705102689246341e-06
2017,E07000192,99126,162030,16842,40177,0.41919506185130795,41553.12970107275,female,65-69,2822,0.02846881746464096,0.011933987697923764,0.10394371412701352,0.00295915462407877
2017,E07000192,99126,162030,16842,40177,0.41919506185130795,41553.12970107275,male,65-69,2629,0.026521800536690676,0.0111178078163861,0.10394371412701352,0.002756774453119449
2017,E07000193,117552,162030,66,51593,0.001279243308200725,150.37760936561162,female,65-69,3136,0.02667755546481557,3.4127084307518995e-05,0.0004073319755600815,1.0866621370596973e-05
2017,E07000193,117552,162030,66,51593,0.001279243308200725,150.37760936561162,male,65-69,3235,0.027519735946644888,3.5204438053196415e-05,0.0004073319755600815,1.1209668410038651e-05
2017,E07000194,103507,162030,2578,46234,0.05575983042782368,5771.532768092746,female,65-69,3428,0.03311853304607418,0.001846683786667371,0.015910633833240758,0.0005269368523901699
2017,E07000194,103507,162030,2578,46234,0.05575983042782368,5771.532768092746,male,65-69,3253,0.03142782613736269,0.0017524102561344685,0.015910633833240758,0.000500036633846331
2017,E07000196,111890,162030,21922,42671,0.5137446978041292,57482.89423730402,female,65-69,3818,0.034122799177763875,0.01753040715181129,0.135295932851941,0.004616675946275009
2017,E07000196,111890,162030,21922,42671,0.5137446978041292,57482.89423730402,male,65-69,3667,0.03277325945124676,0.01683708827283709,0.135295932851941,0.004434088710055122
2017,E07000197,134764,162030,4071,50852,0.08005584834421459,10788.646346259735,female,65-69,4318,0.032041197946039005,0.0025650852835350586,0.02512497685613775,0.0008050343568371584
2017,E07000197,134764,162030,4071,50852,0.08005584834421459,10788.646346259735,male,65-69,4163,0.030891039149921345,0.0024730083453812987,0.02512497685613775,0.000776136643703819
2017,E07000198,98496,162030,19,38267,0.0004965113544307105,48.90438236600726,female,65-69,3668,0.037240090968161145,1.849012800572456e-05,0.0001172622353885083,4.366856312997975e-06
2017,E07000198,98496,162030,19,38267,0.0004965113544307105,48.90438236600726,male,65-69,3493,0.03546336907082521,1.7607965410031593e-05,0.0001172622353885083,4.158513931652651e-06
2017,E07000199,76527,162030,413,35266,0.011710996427153633,896.2074235807861,female,65-69,2273,0.029701935264677827,0.00034783925776419054,0.0025489106955502066,7.570758047467717e-05
2017,E07000199,76527,162030,413,35266,0.011710996427153633,896.2074235807861,male,65-69,2165,0.02829066865289375,0.000331311919515826,0.0025489106955502066,7.211038791362784e-05
2017,E07000218,64069,162030,39,28099,0.0013879497491013915,88.92455247517705,female,65-69,2122,0.033120541915747086,4.5969647842063286e-05,0.00024069616737641176,7.971987500550123e-06
2017,E07000218,64069,162030,39,28099,0.0013879497491013915,88.92455247517705,male,65-69,1991,0.031075871326226412,4.313174781034307e-05,0.00024069616737641176,7.479843126105228e-06
2017,E07000234,97594,162030,112,39667,0.002823505684826178,275.557213804926,female,65-69,2971,0.03044244523228887,8.595441717337721e-05,0.0006912300191322595,2.1042732000347797e-05
2017,E07000234,97594,162030,112,39667,0.002823505684826178,275.557213804926,male,65-69,2925,0.02997110478103162,8.462358472976381e-05,0.0006912300191322595,2.0716927331207442e-05
2017,E07000235,77165,162030,39,29187,0.0013362113269606332,103.10874704491727,female,65-69,2951,0.03824272662476511,5.1100364489870125e-05,0.00024069616737641176,9.204877728604822e-06
2017,E07000235,77165,162030,39,29187,0.0013362113269606332,103.10874704491727,male,65-69,2895,0.03751700900667401,5.013065238840191e-05,0.00024069616737641176,9.030200279332755e-06
2017,E07000237,102314,162030,43,37166,0.0011569714254964214,118.37437442824086,female,65-69,2520,0.024630060402290987,2.8496276093701568e-05,0.00026538295377399244,6.536398181191831e-06
2017,E07000237,102314,162030,43,37166,0.0011569714254964214,118.37437442824086,male,65-69,2420,0.023652677052993724,2.7365471486808647e-05,0.00026538295377399244,6.277017300985806e-06
2017,E07000238,125378,162030,20,48608,0.00041145490454246215,51.58739302172482,female,65-69,4461,0.03558040485571631,1.4639732083490913e-05,0.0001234339319879035,4.391829273062558e-06
2017,E07000238,125378,162030,20,48608,0.00041145490454246215,51.58739302172482,male,65-69,4406,0.0351417314042336,1.445923774038578e-05,0.0001234339319879035,4.3376820840873424e-06
2017,E07000239,100715,162030,314,40298,0.00779194997270336,784.7662415008189,female,65-69,3648,0.03622101970908008,0.0002822323735334544,0.0019379127322100846,7.01931752678587e-05
2017,E07000239,100715,162030,314,40298,0.00779194997270336,784.7662415008189,male,65-69,3469,0.03444372734945142,0.00026838380038035994,0.0019379127322100846,6.674893777527462e-05
2017,E08000025,1137123,162030,527,463214,0.0011377030918754616,1293.7083529427005,female,65-69,21356,0.018780729965008184,2.1366894548867938e-05,0.0032524841078812564,6.108402574559842e-05
2017,E08000025,1137123,162030,527,463214,0.0011377030918754616,1293.7083529427005,male,65-69,19818,0.017428193783785923,1.9828109953617944e-05,0.0032524841078812564,5.6684923310838614e-05
2017,E08000027,319419,162030,7204,138693,0.05194205908012661,16591.280569314964,female,65-69,9082,0.028432873435831934,0.0014768619918217448,0.04446090230204283,0.0012641512079968726
2017,E08000027,319419,162030,7204,138693,0.05194205908012661,16591.280569314964,male,65-69,8528,0.02669847441761448,0.0013867737355489802,0.04446090230204283,0.0011870382626951474
2017,E08000028,325460,162030,2238,138562,0.016151614439745384,5256.704435559533,female,65-69,6906,0.021219197443618262,0.00034272429583015305,0.013812256989446398,0.00029308500820105946
2017,E08000028,325460,162030,2238,138562,0.016151614439745384,5256.704435559533,male,65-69,6709,0.020613900325692866,0.00033294777015993295,0.013812256989446398,0.00028472448885330265
2017,E08000030,281293,162030,16074,121672,0.13210927740153855,37161.414968110985,female,65-69,6962,0.02474999377872894,0.0032697037938004547,0.09920385113867802,0.002455294698508233
2017,E08000030,281293,162030,16074,121672,0.13210927740153855,37161.414968110985,male,65-69,6589,0.02342397429015297,0.0030945243173443257,0.09920385113867802,0.0023237484585565565
2017,E08000031,259926,162030,85087,98550,0.8633891425672248,224417.28627092845,female,65-69,6128,0.023575940844701954,0.020355211351122834,0.5251311485527371,0.012380460893989725
2017,E08000031,259926,162030,85087,98550,0.8633891425672248,224417.28627092845,male,65-69,5789,0.02227172349053192,0.019229164247984674,0.5251311485527371,0.011695575736832003
2017,E06000019,191041,162030,9,74219,0.00012126274943073876,23.166156913997764,female,70-74,6275,0.03284635235368324,3.983038995178447e-06,5.5545269394556566e-05,1.8244594901138625e-06
2017,E06000019,191041,162030,9,74219,0.00012126274943073876,23.166156913997764,male,70-74,5747,0.030082547725357383,3.6478924470582526e-06,5.5545269394556566e-05,1.6709432174795807e-06
2017,E06000020,175768,162030,1594,68134,0.023395074412187748,4112.105439281416,female,70-74,4185,0.023809794729416047,0.000557031919433604,0.009837684379435907,0.00023423324568715165
2017,E06000020,175768,162030,1594,68134,0.023395074412187748,4112.105439281416,male,70-74,3796,0.021596650129716444,0.0005052552368387004,0.009837684379435907,0.00021246102762925392
2017,E06000021,255378,162030,8,108888,7.346998751010212e-05,18.76261847035486,female,70-74,5904,0.023118671146300777,1.6985284803688764e-06,4.937357279516139e-05,1.1414513927692786e-06
2017,E06000021,255378,162030,8,108888,7.346998751010212e-05,18.76261847035486,male,70-74,5640,0.022084909428376757,1.6225780198645768e-06,4.937357279516139e-05,1.090410883336506e-06
2017,E06000051,317459,162030,2803,129599,0.021628253304423646,6866.083665769026,female,70-74,10460,0.032949136738917466,0.0007126322755513983,0.017299265568104672,0.0005699958666863275
2017,E06000051,317459,162030,2803,129599,0.021628253304423646,6866.083665769026,male,70-74,9793,0.03084807801952378,0.0006671900453608836,0.017299265568104672,0.0005336490939253542
2017,E07000039,102385,162030,8,39933,0.00020033556206646132,20.511356522174644,female,70-74,2542,0.02482785564291644,4.973902415128629e-06,4.937357279516139e-05,1.2258399379332934e-06
2017,E07000039,102385,162030,8,39933,0.00020033556206646132,20.511356522174644,male,70-74,2562,0.0250231967573375,5.0130361870808605e-06,4.937357279516139e-05,1.2354846266660495e-06
2017,E07000192,99126,162030,16842,40177,0.41919506185130795,41553.12970107275,female,70-74,2590,0.026128361882856162,0.010952880275557245,0.10394371412701352,0.0027158789781587577
2017,E07000192,99126,162030,16842,40177,0.41919506185130795,41553.12970107275,male,70-74,2574,0.0259669511530779,0.010885217694704382,0.10394371412701352,0.002699101347405653
2017,E07000193,117552,162030,66,51593,0.001279243308200725,150.37760936561162,female,70-74,3099,0.026362801143323806,3.37244369480234e-05,0.0004073319755600815,1.0738411871007661e-05
2017,E07000193,117552,162030,66,51593,0.001279243308200725,150.37760936561162,male,70-74,2838,0.024142507145773786,3.08841407094193e-05,0.0004073319755600815,9.83401513066142e-06
2017,E07000194,103507,162030,2578,46234,0.05575983042782368,5771.532768092746,female,70-74,3666,0.0354178944419218,0.0019748957881921187,0.015910633833240758,0.0005635211496097908
2017,E07000194,103507,162030,2578,46234,0.05575983042782368,5771.532768092746,male,70-74,3317,0.03204614180683432,0.001786887433015073,0.015910633833240758,0.0005098744280566493
2017,E07000196,111890,162030,21922,42671,0.5137446978041292,57482.89423730402,female,70-74,3697,0.033041379926713736,0.01697483374548097,0.135295932851941,0.0044703643199001325
2017,E07000196,111890,162030,21922,42671,0.5137446978041292,57482.89423730402,male,70-74,3397,0.030360175172043972,0.015597379019042158,0.135295932851941,0.004107608221450027
2017,E07000197,134764,162030,4071,50852,0.08005584834421459,10788.646346259735,female,70-74,4173,0.030965242943219257,0.002478948793004122,0.02512497685613775,0.0007780010122930667
2017,E07000197,134764,162030,4071,50852,0.08005584834421459,10788.646346259735,male,70-74,3897,0.028917218248196846,0.0023149924386142015,0.02512497685613775,0.00072654443922983
2017,E07000198,98496,162030,19,38267,0.0004965113544307105,48.90438236600726,female,70-74,3332,0.033828784925276155,1.6796375821994066e-05,0.0001172622353885083,3.966838940814953e-06
2017,E07000198,98496,162030,19,38267,0.0004965113544307105,48.90438236600726,male,70-74,3224,0.032732293697205976,1.625195547722355e-05,0.0001172622353885083,3.838261928327554e-06
2017,E07000199,76527,162030,413,35266,0.011710996427153633,896.2074235807861,female,70-74,1992,0.02603002861735074,0.00030483757213650134,0.0025489106955502066,6.634821834824326e-05
2017,E07000199,76527,162030,413,35266,0.011710996427153633,896.2074235807861,male,70-74,1924,0.02514145334326447,0.00029443147027641997,0.0025489106955502066,6.408331932832331e-05
2017,E07000218,64069,162030,39,28099,0.0013879497491013915,88.92455247517705,female,70-74,1927,0.030076948290124708,4.174529283301411e-05,0.00024069616737641176,7.239406179811538e-06
2017,E07000218,64069,162030,39,28099,0.0013879497491013915,88.92455247517705,male,70-74,1873,0.029234106978413898,4.0575471445892806e-05,0.00024069616737641176,7.036537506376238e-06
2017,E07000234,97594,162030,112,39667,0.002823505684826178,275.557213804926,female,70-74,2951,0.03023751460130746,8.537579437180617e-05,0.0006912300191322595,2.0901077796373732e-05
2017,E07000234,97594,162030,112,39667,0.002823505684826178,275.557213804926,male,70-74,2689,0.02755292333545095,7.779583567122561e-05,0.0006912300191322595,1.904540772431344e-05
2017,E07000235,77165,162030,39,29187,0.0013362113269606332,103.10874704491727,female,70-74,2841,0.0368172098749433,4.919557286198612e-05,0.00024069616737641176,8.861761310391832e-06
2017,E07000235,77165,162030,39,29187,0.0013362113269606332,103.10874704491727,male,70-74,2667,0.0345623015615888,4.6182538832424134e-05,0.00024069616737641176,8.319013521582196e-06
2017,E07000237,102314,162030,43,37166,0.0011569714254964214,118.37437442824086,female,70-74,2253,0.022020446859667298,2.547702779329747e-05,0.00026538295377399244,5.843851231041743e-06
2017,E07000237,102314,162030,43,37166,0.0011569714254964214,118.37437442824086,male,70-74,2072,0.020251382997439255,2.3430271454821286e-05,0.00026538295377399244,5.374371837868838e-06
2017,E07000238,125378,162030,20,48608,0.00041145490454246215,51.58739302172482,female,70-74,4190,0.03341894112204693,1.3750387229281982e-05,0.0001234339319879035,4.125031305566491e-06
2017,E07000238,125378,162030,20,48608,0.00041145490454246215,51.58739302172482,male,70-74,4032,0.032158751934151124,1.323187620727087e-05,0.0001234339319879035,3.969481199055869e-06
2017,E07000239,100715,162030,314,40298,0.00779194997270336,784.7662415008189,female,70-74,3496,0.03471181055453507,0.0002704726913028938,0.0019379127322100846,6.726845963169792e-05
2017,E07000239,100715,162030,314,40298,0.00779194997270336,784.7662415008189,male,70-74,3408,0.033838057886114284,0.0002636644542220429,0.0019379127322100846,6.557520321076273e-05
2017,E08000025,1137123,162030,527,463214,0.0011377030918754616,1293.7083529427005,female,70-74,18833,0.016561972627411457,1.8842607465762778e-05,0.0032524841078812564,5.386755276582014e-05
2017,E08000025,1137123,162030,527,463214,0.0011377030918754616,1293.7083529427005,male,70-74,16611,0.014607918404605307,1.6619473934783916e-05,0.0032524841078812564,4.7512022460204874e-05
2017,E08000027,319419,162030,7204,138693,0.05194205908012661,16591.280569314964,female,70-74,8764,0.027437315876638523,0.001425150682264454,0.04446090230204283,0.0012198878206215141
2017,E08000027,319419,162030,7204,138693,0.05194205908012661,16591.280569314964,male,70-74,8303,0.025994070484222916,0.001350185544824482,0.04446090230204283,0.0011557198282314504
2017,E08000028,325460,162030,2238,138562,0.016151614439745384,5256.704435559533,female,70-74,6445,0.01980274073618878,0.00031984623322116085,0.013812256989446398,0.00027352054414361837
2017,E08000028,325460,162030,2238,138562,0.016151614439745384,5256.704435559533,male,70-74,5810,0.017851656117495236,0.00028833306672070507,0.013812256989446398,0.00024657166198206715
2017,E08000030,281293,162030,16074,121672,0.13210927740153855,37161.414968110985,female,70-74,6666,0.023697710216749084,0.003130687372805779,0.09920385113867802,0.0023509041166699055
2017,E08000030,281293,162030,16074,121672,0.13210927740153855,37161.414968110985,male,70-74,5862,0.020839480541641635,0.0027530887157796997,0.09920385113867802,0.002067356725460394
2017,E08000031,259926,162030,85087,98550,0.8633891425672248,224417.28627092845,female,70-74,5439,0.020925186399205927,0.018066578743269758,0.5251311485527371,0.010988467167495122
2017,E08000031,259926,162030,85087,98550,0.8633891425672248,224417.28627092845,male,70-74,4896,0.01883613028323446,0.016262910374526336,0.5251311485527371,0.009891438729923905
2017,E06000019,191041,162030,9,74219,0.00012126274943073876,23.166156913997764,female,75-79,4291,0.022461147083610324,2.7237004507268072e-06,5.5545269394556566e-05,1.247610465669894e-06
2017,E06000019,191041,162030,9,74219,0.00012126274943073876,23.166156913997764,male,75-79,3944,0.020644783057040112,2.503443154897816e-06,5.5545269394556566e-05,1.14672003649547e-06
2017,E06000020,175768,162030,1594,68134,0.023395074412187748,4112.105439281416,female,75-79,2930,0.01666970096945974,0.0003899888946094289,0.009837684379435907,0.0001639912568371217
2017,E06000020,175768,162030,1594,68134,0.023395074412187748,4112.105439281416,male,75-79,2598,0.014780847480770106,0.00034579902668781443,0.009837684379435907,0.00014540931237639666
2017,E06000021,255378,162030,8,108888,7.346998751010212e-05,18.76261847035486,female,75-79,4285,0.01677904909585007,1.232756527503495e-06,4.937357279516139e-05,8.284416019675404e-07
2017,E06000021,255378,162030,8,108888,7.346998751010212e-05,18.76261847035486,male,75-79,3687,0.01443742217418885,1.060717226815726e-06,4.937357279516139e-05,7.128271146917904e-07
2017,E06000051,317459,162030,2803,129599,0.021628253304423646,6866.083665769026,female,75-79,7475,0.023546347717343027,0.0005092663728247325,0.017299265568104672,0.0004073345223212523
2017,E06000051,317459,162030,2803,129599,0.021628253304423646,6866.083665769026,male,75-79,6533,0.020579035402996923,0.0004450885904567194,0.017299265568104672,0.00035600219857187174
2017,E07000039,102385,162030,8,39933,0.00020033556206646132,20.511356522174644,female,75-79,1679,0.0163988865556478,3.285280155389838e-06,4.937357279516139e-05,8.096716191148701e-07
2017,E07000039,102385,162030,8,39933,0.00020033556206646132,20.511356522174644,male,75-79,1512,0.014767788250231968,2.9585131595887045e-06,4.937357279516139e-05,7.291384681963571e-07
2017,E07000192,99126,162030,16842,40177,0.41919506185130795,41553.12970107275,female,75-79,1871,0.018874967213445514,0.007912293048481702,0.10394371412701352,0.0019619341961911335
2017,E07000192,99126,162030,16842,40177,0.41919506185130795,41553.12970107275,male,75-79,1544,0.015576135423602285,0.006529439052301309,0.10394371412701352,0.0016190413676745645
2017,E07000193,117552,162030,66,51593,0.001279243308200725,150.37760936561162,female,75-79,2212,0.01881720430107527,2.407178268119644e-05,0.0004073319755600815,7.664849002474651e-06
2017,E07000193,117552,162030,66,51593,0.001279243308200725,150.37760936561162,male,75-79,1892,0.016095004763849192,2.0589427139612867e-05,0.0004073319755600815,6.556010087107614e-06
2017,E07000194,103507,162030,2578,46234,0.05575983042782368,5771.532768092746,female,75-79,2508,0.0242302452974195,0.0013510743690086835,0.015910633833240758,0.0003855185606168455
2017,E07000194,103507,162030,2578,46234,0.05575983042782368,5771.532768092746,male,75-79,2261,0.021843933260552426,0.001218014014485101,0.015910633833240758,0.00034755082358639853
2017,E07000196,111890,162030,21922,42671,0.5137446978041292,57482.89423730402,female,75-79,2680,0.023952095808383235,0.012305262222853396,0.135295932851941,0.0032406211461542757
2017,E07000196,111890,162030,21922,42671,0.5137446978041292,57482.89423730402,male,75-79,2598,0.023219233175440165,0.01192875793096012,0.135295932851941,0.003141467812577913
2017,E07000197,134764,162030,4071,50852,0.08005584834421459,10788.646346259735,female,75-79,2938,0.021801074470926954,0.0017453035115854564,0.02512497685613775,0.0005477514915209753
2017,E07000197,134764,162030,4071,50852,0.08005584834421459,10788.646346259735,male,75-79,2722,0.020198272535692025,0.0016169898429324754,0.02512497685613775,0.0005074811299932249
2017,E07000198,98496,162030,19,38267,0.0004965113544307105,48.90438236600726,female,75-79,2362,0.023980669265756985,1.1906674577295913e-05,0.0001172622353885083,2.812026884215162e-06
2017,E07000198,98496,162030,19,38267,0.0004965113544307105,48.90438236600726,male,75-79,2182,0.022153183885640026,1.099930733601172e-05,0.0001172622353885083,2.5977318634028296e-06
2017,E07000199,76527,162030,413,35266,0.011710996427153633,896.2074235807861,female,75-79,1354,0.01769310178107073,0.00020720385174338493,0.0025489106955502066,4.5098136367229596e-05
2017,E07000199,76527,162030,413,35266,0.011710996427153633,896.2074235807861,male,75-79,1143,0.014935904974714807,0.0001749143297951913,0.0025489106955502066,3.807028793777211e-05
2017,E07000218,64069,162030,39,28099,0.0013879497491013915,88.92455247517705,female,75-79,1289,0.02011893427398586,2.792406977776606e-05,0.00024069616737641176,4.842550371446328e-06
2017,E07000218,64069,162030,39,28099,0.0013879497491013915,88.92455247517705,male,75-79,1203,0.018776631444224194,2.6061020901980267e-05,0.00024069616737641176,4.519463224864183e-06
2017,E07000234,97594,162030,112,39667,0.002823505684826178,275.557213804926,female,75-79,2057,0.021077115396438306,5.951135514158092e-05,0.0006912300191322595,1.4569134878732892e-05
2017,E07000234,97594,162030,112,39667,0.002823505684826178,275.557213804926,male,75-79,1888,0.01934545156464537,5.4621992468305676e-05,0.0006912300191322595,1.3372156855152017e-05
2017,E07000235,77165,162030,39,29187,0.0013362113269606332,103.10874704491727,female,75-79,2001,0.025931445603576752,3.464989133996277e-05,0.00024069616737641176,6.241599571310827e-06
2017,E07000235,77165,162030,39,29187,0.0013362113269606332,103.10874704491727,male,75-79,1862,0.02413011080152919,3.2242927373818425e-05,0.00024069616737641176,5.808025188296232e-06
2017,E07000237,102314,162030,43,37166,0.0011569714254964214,118.37437442824086,female,75-79,1693,0.016547100103602636,1.9144521994697123e-05,0.00026538295377399244,4.391318301888004e-06
2017,E07000237,102314,162030,43,37166,0.0011569714254964214,118.37437442824086,male,75-79,1375,0.013439021052837345,1.554856334477764e-05,0.00026538295377399244,3.5664871028328444e-06
2017,E07000238,125378,162030,20,48608,0.00041145490454246215,51.58739302172482,female,75-79,2886,0.02301839238143853,9.471030440025729e-06,0.0001234339319879035,2.841250679681359e-06
2017,E07000238,125378,162030,20,48608,0.00041145490454246215,51.58739302172482,male,75-79,2680,0.021375360908612355,8.794997082213773e-06,0.0001234339319879035,2.638444844610548e-06
2017,E07000239,100715,162030,314,40298,0.00779194997270336,784.7662415008189,female,75-79,2338,0.023214019758725116,0.00018088248062533342,0.0019379127322100846,4.498674445620988e-05
2017,E07000239,100715,162030,314,40298,0.00779194997270336,784.7662415008189,male,75-79,2142,0.021267934269969715,0.00016571867985434738,0.0019379127322100846,4.12154006095815e-05
2017,E08000025,1137123,162030,527,463214,0.0011377030918754616,1293.7083529427005,female,75-79,14806,0.013020579128203369,1.4813553132166074e-05,0.0032524841078812564,4.2349226689891844e-05
2017,E08000025,1137123,162030,527,463214,0.0011377030918754616,1293.7083529427005,male,75-79,12215,0.010742021751384855,1.222123135954401e-05,0.0032524841078812564,3.493825503289402e-05
2017,E08000027,319419,162030,7204,138693,0.05194205908012661,16591.280569314964,female,75-79,6753,0.021141510054192143,0.001098133564277939,0.04446090230204283,0.0009399706130370931
2017,E08000027,319419,162030,7204,138693,0.05194205908012661,16591.280569314964,male,75-79,5789,0.01812353053512784,0.000941373493796089,0.04446090230204283,0.0008057885204904089
2017,E08000028,325460,162030,2238,138562,0.016151614439745384,5256.704435559533,female,75-79,5228,0.016063417931543048,0.0002594501330147756,0.013812256989446398,0.00022187205659935408
2017,E08000028,325460,162030,2238,138562,0.016151614439745384,5256.704435559533,male,75-79,4329,0.01330117372334542,0.00021483542957554774,0.013812256989446398,0.00018371922972811855
2017,E08000030,281293,162030,16074,121672,0.13210927740153855,37161.414968110985,female,75-79,5365,0.019072639560884914,0.0025196726305285033,0.09920385113867802,0.0018920792958196883
2017,E08000030,281293,162030,16074,121672,0.13210927740153855,37161.414968110985,male,75-79,4489,0.01595844901934993,0.0021082591683956107,0.09920385113867802,0.0015831396009197728
2017,E08000031,259926,162030,85087,98550,0.8633891425672248,224417.28627092845,female,75-79,4465,0.01717796603648731,0.014831269367291686,0.5251311485527371,0.00902068503454049
2017,E08000031,259926,162030,85087,98550,0.8633891425672248,224417.28627092845,male,75-79,3802,0.014627240060632641,0.012629000254074577,0.5251311485527371,0.007681219373196627
2017,E06000019,191041,162030,9,74219,0.00012126274943073876,23.166156913997764,female,80-84,3502,0.018331143576509754,2.2228848702971988e-06,5.5545269394556566e-05,1.0182083082675295e-06
2017,E06000019,191041,162030,9,74219,0.00012126274943073876,23.166156913997764,male,80-84,2830,0.014813574049549572,1.7963347181442239e-06,5.5545269394556566e-05,8.228239612784432e-07
2017,E06000020,175768,162030,1594,68134,0.023395074412187748,4112.105439281416,female,80-84,2089,0.011884984752628464,0.0002780501026754597,0.009837684379435907,0.00011692072885076697
2017,E06000020,175768,162030,1594,68134,0.023395074412187748,4112.105439281416,male,80-84,1613,0.009176869509808384,0.00021469354505290403,0.009837684379435907,9.027914582876358e-05
2017,E06000021,255378,162030,8,108888,7.346998751010212e-05,18.76261847035486,female,80-84,3280,0.012843706192389321,9.436269335382647e-07,4.937357279516139e-05,6.341396626495993e-07
2017,E06000021,255378,162030,8,108888,7.346998751010212e-05,18.76261847035486,male,80-84,2419,0.009472233316887124,6.959248634844702e-07,4.937357279516139e-05,4.676780012040794e-07
2017,E06000051,317459,162030,2803,129599,0.021628253304423646,6866.083665769026,female,80-84,5497,0.017315621859830717,0.000374506655708034,0.017299265568104672,0.0002995475410300901
2017,E06000051,317459,162030,2803,129599,0.021628253304423646,6866.083665769026,male,80-84,4581,0.014430209885371024,0.0003121002346368026,0.017299265568104672,0.0002496320330105226
2017,E07000039,102385,162030,8,39933,0.00020033556206646132,20.511356522174644,female,80-84,1264,0.012345558431410851,2.4732543873810335e-06,4.937357279516139e-05,6.095443279101821e-07
2017,E07000039,102385,162030,8,39933,0.00020033556206646132,20.511356522174644,male,80-84,900,0.0087903501489476,1.7610197378504195e-06,4.937357279516139e-05,4.340109929740221e-07
2017,E07000192,99126,162030,16842,40177,0.41919506185130795,41553.12970107275,female,80-84,1355,0.013669471178096564,0.005730174815976861,0.10394371412701352,0.00142085560440352
2017,E07000192,99126,162030,16842,40177,0.41919506185130795,41553.12970107275,male,80-84,1007,0.010158787805419366,0.004258513682427084,0.10394371412701352,0.0010559421355235015
2017,E07000193,117552,162030,66,51593,0.001279243308200725,150.37760936561162,female,80-84,1759,0.0149635905811896,1.9142073117642194e-05,0.0004073319755600815,6.095148912908188e-06
2017,E07000193,117552,162030,66,51593,0.001279243308200725,150.37760936561162,male,80-84,1287,0.010948346263781135,1.4005598693806427e-05,0.0004073319755600815,4.459611512741807e-06
2017,E07000194,103507,162030,2578,46234,0.05575983042782368,5771.532768092746,female,80-84,1693,0.01635638169399171,0.0009120290696697373,0.015910633833240758,0.0002602403999698243
2017,E07000194,103507,162030,2578,46234,0.05575983042782368,5771.532768092746,male,80-84,1386,0.013390398716994985,0.0007466463618205881,0.015910633833240758,0.00021304973086720406
2017,E07000196,111890,162030,21922,42671,0.5137446978041292,57482.89423730402,female,80-84,2039,0.01822325498257217,0.009362100624029132,0.135295932851941,0.0024655322824658835
2017,E07000196,111890,162030,21922,42671,0.5137446978041292,57482.89423730402,male,80-84,1567,0.014004826168558405,0.007194905187765398,0.135295932851941,0.0018947960209043842
2017,E07000197,134764,162030,4071,50852,0.08005584834421459,10788.646346259735,female,80-84,2096,0.015553115075242646,0.001245117821743743,0.02512497685613775,0.00039077165630631863
2017,E07000197,134764,162030,4071,50852,0.08005584834421459,10788.646346259735,male,80-84,1784,0.013237956724347749,0.001059775855911659,0.02512497685613775,0.0003326033563217903
2017,E07000198,98496,162030,19,38267,0.0004965113544307105,48.90438236600726,female,80-84,1712,0.01738141650422352,8.630070650436326e-06,0.0001172622353885083,2.038183753503962e-06
2017,E07000198,98496,162030,19,38267,0.0004965113544307105,48.90438236600726,male,80-84,1394,0.014152858999350227,7.0270551908342515e-06,0.0001172622353885083,1.6595958834021744e-06
2017,E07000199,76527,162030,413,35266,0.011710996427153633,896.2074235807861,female,80-84,971,0.012688332222614241,0.0001485930133255737,0.0025489106955502066,3.2341425710915766e-05
2017,E07000199,76527,162030,413,35266,0.011710996427153633,896.2074235807861,male,80-84,742,0.0096959243142943,0.00011354893500265259,0.0025489106955502066,2.4714045187950045e-05
2017,E07000218,64069,162030,39,28099,0.0013879497491013915,88.92455247517705,female,80-84,970,0.015139927265916434,2.101345825014203e-05,0.00024069616737641176,3.6441224672637223e-06
2017,E07000218,64069,162030,39,28099,0.0013879497491013915,88.92455247517705,male,80-84,786,0.012268023537124037,1.7027400190321272e-05,0.00024069616737641176,2.9528662466693664e-06
2017,E07000234,97594,162030,112,39667,0.002823505684826178,275.557213804926,female,80-84,1686,0.017275652191733097,4.877790217243822e-05,0.0006912300191322595,1.194144939501393e-05
2017,E07000234,97594,162030,112,39667,0.002823505684826178,275.557213804926,male,80-84,1364,0.013976269032932353,3.946207506714457e-05,0.0006912300191322595,9.660816711031436e-06
2017,E07000235,77165,162030,39,29187,0.0013362113269606332,103.10874704491727,female,80-84,1603,0.020773666817857837,2.7758008904527893e-05,0.00024069616737641176,5.000141985412921e-06
2017,E07000235,77165,162030,39,29187,0.0013362113269606332,103.10874704491727,male,80-84,1385,0.017948551804574612,2.3983058223812308e-05,0.00024069616737641176,4.320147629318088e-06
2017,E07000237,102314,162030,43,37166,0.0011569714254964214,118.37437442824086,female,80-84,1338,0.013077389213597357,1.513016564022726e-05,0.00026538295377399244,3.470516177156615e-06
2017,E07000237,102314,162030,43,37166,0.0011569714254964214,118.37437442824086,male,80-84,1025,0.010018179330296929,1.1590747220652422e-05,0.00026538295377399244,2.6586540221117566e-06
2017,E07000238,125378,162030,20,48608,0.00041145490454246215,51.58739302172482,female,80-84,2096,0.016717446441959515,6.8784753299701755e-06,0.0001234339319879035,2.0635001471282497e-06
2017,E07000238,125378,162030,20,48608,0.00041145490454246215,51.58739302172482,male,80-84,1843,0.01469954856513902,6.048201351686562e-06,0.0001234339319879035,1.814423077842254e-06
2017,E07000239,100715,162030,314,40298,0.00779194997270336,784.7662415008189,female,80-84,1737,0.017246686193714937,0.00013438531601634053,0.0019379127322100846,3.342257276323206e-05
2017,E07000239,100715,162030,314,40298,0.00779194997270336,784.7662415008189,male,80-84,1415,0.014049545747902497,0.00010947335760686347,0.0019379127322100846,2.7226793586628306e-05
2017,E08000025,1137123,162030,527,463214,0.0011377030918754616,1293.7083529427005,female,80-84,12392,0.010897677735829808,1.2398321654315952e-05,0.0032524841078812564,3.5444523648597846e-05
2017,E08000025,1137123,162030,527,463214,0.0011377030918754616,1293.7083529427005,male,80-84,9272,0.008153911230359424,9.276730017657966e-06,0.0032524841078812564,2.652046669381853e-05
2017,E08000027,319419,162030,7204,138693,0.05194205908012661,16591.280569314964,female,80-84,5252,0.01644235314743331,0.0008540496786002867,0.04446090230204283,0.0007310418569037188
2017,E08000027,319419,162030,7204,138693,0.05194205908012661,16591.280569314964,male,80-84,4008,0.01254778206681506,0.000651757637439061,0.04446090230204283,0.0005578857125799895
2017,E08000028,325460,162030,2238,138562,0.016151614439745384,5256.704435559533,female,80-84,4043,0.01242241750138266,0.00020064209789187793,0.013812256989446398,0.0001715816229592939
2017,E08000028,325460,162030,2238,138562,0.016151614439745384,5256.704435559533,male,80-84,2992,0.009193142014379646,0.00014848408530608427,0.013812256989446398,0.0001269780400430886
2017,E08000030,281293,162030,16074,121672,0.13210927740153855,37161.414968110985,female,80-84,4184,0.014874170349066632,0.001965015896762583,0.09920385113867802,0.0014755749811201447
2017,E08000030,281293,162030,16074,121672,0.13210927740153855,37161.414968110985,male,80-84,3049,0.010839231690799273,0.001431963066259349,0.09920385113867802,0.0010752935271116924
2017,E08000031,259926,162030,85087,98550,0.8633891425672248,224417.28627092845,female,80-84,3630,0.013965513261466726,0.012057672520328962,0.5251311485527371,0.0073337260191225035
2017,E08000031,259926,162030,85087,98550,0.8633891425672248,224417.28627092845,male,80-84,2781,0.010699199002793102,0.009237572253177643,0.5251311485527371,0.005618482660931042
2017,E06000019,191041,162030,9,74219,0.00012126274943073876,23.166156913997764,female,85-89,2280,0.011934610895043472,1.4472237305190213e-06,5.5545269394556566e-05,6.629111772843995e-07
2017,E06000019,191041,162030,9,74219,0.00012126274943073876,23.166156913997764,male,85-89,1608,0.008417041368083291,1.0206735783660467e-06,5.5545269394556566e-05,4.6752683029531337e-07
2017,E06000020,175768,162030,1594,68134,0.023395074412187748,4112.105439281416,female,85-89,1237,0.0070376860406900004,0.00016464718861155752,0.009837684379435907,6.923453402987015e-05
2017,E06000020,175768,162030,1594,68134,0.023395074412187748,4112.105439281416,male,85-89,819,0.004659551226616904,0.00010901054767410316,0.009837684379435907,4.583919431727053e-05
2017,E06000021,255378,162030,8,108888,7.346998751010212e-05,18.76261847035486,female,85-89,2142,0.008387566665883514,6.162344181826106e-07,4.937357279516139e-05,4.141241333522688e-07
2017,E06000021,255378,162030,8,108888,7.346998751010212e-05,18.76261847035486,male,85-89,1332,0.005215797758616639,3.832045961807831e-07,4.937357279516139e-05,2.5752257031989824e-07
2017,E06000051,317459,162030,2803,129599,0.021628253304423646,6866.083665769026,female,85-89,3749,0.011809399009005888,0.0002554166731397889,0.017299265568104672,0.000204293929656505
2017,E06000051,317459,162030,2803,129599,0.021628253304423646,6866.083665769026,male,85-89,2487,0.007834082511442422,0.00016943752096523206,0.017299265568104672,0.00013552387384788687
2017,E07000039,102385,162030,8,39933,0.00020033556206646132,20.511356522174644,female,85-89,864,0.008438736142989695,1.6905789483364026e-06,4.937357279516139e-05,4.1665055325506116e-07
2017,E07000039,102385,162030,8,39933,0.00020033556206646132,20.511356522174644,male,85-89,572,0.005586755872442253,1.1192258778338222e-06,4.937357279516139e-05,2.758380977568229e-07
2017,E07000192,99126,162030,16842,40177,0.41919506185130795,41553.12970107275,female,85-89,914,0.009220587938583217,0.0038652249312198157,0.10394371412701352,0.0009584221567710828
2017,E07000192,99126,162030,16842,40177,0.41919506185130795,41553.12970107275,male,85-89,530,0.0053467304239049294,0.002241322990751097,0.10394371412701352,0.0005557590186965798
2017,E07000193,117552,162030,66,51593,0.001279243308200725,150.37760936561162,female,85-89,1172,0.009970055805090514,1.2754127171049831e-05,0.0004073319755600815,4.0611225275317775e-06
2017,E07000193,117552,162030,66,51593,0.001279243308200725,150.37760936561162,male,85-89,664,0.005648564039744113,7.225887748785911e-06,0.0004073319755600815,2.3008407493866044e-06
2017,E07000194,103507,162030,2578,46234,0.05575983042782368,5771.532768092746,female,85-89,1028,0.009931695440888056,0.0005537896536447075,0.015910633833240758,0.0001580195695032365
2017,E07000194,103507,162030,2578,46234,0.05575983042782368,5771.532768092746,male,85-89,716,0.00691740655221386,0.00038571341635176127,0.015910633833240758,0.00011006032272793514
2017,E07000196,111890,162030,21922,42671,0.5137446978041292,57482.89423730402,female,85-89,1263,0.01128787201715971,0.005799084398307402,0.135295932851941,0.001527203174474944
2017,E07000196,111890,162030,21922,42671,0.5137446978041292,57482.89423730402,male,85-89,815,0.007283939583519528,0.003742085340158775,0.135295932851941,0.0009854874007894532
2017,E07000197,134764,162030,4071,50852,0.08005584834421459,10788.646346259735,female,85-89,1372,0.010180760440473717,0.0008150294138513432,0.02512497685613775,0.00025579137044478493
2017,E07000197,134764,162030,4071,50852,0.08005584834421459,10788.646346259735,male,85-89,946,0.0070196788459826066,0.0005619663451190748,0.02512497685613775,0.00017636926854283275
2017,E07000198,98496,162030,19,38267,0.0004965113544307105,48.90438236600726,female,85-89,1066,0.01082277452891488,5.373630440049722e-06,0.0001172622353885083,1.2691027343663687e-06
2017,E07000198,98496,162030,19,38267,0.0004965113544307105,48.90438236600726,male,85-89,728,0.0073911630929174785,3.6697963980827368e-06,0.0001172622353885083,8.667043063965445e-07
2017,E07000199,76527,162030,413,35266,0.011710996427153633,896.2074235807861,female,85-89,593,0.007748899081369974,9.074732945629783e-05,0.0025489106955502066,1.97512517472431e-05
2017,E07000199,76527,162030,413,35266,0.011710996427153633,896.2074235807861,male,85-89,337,0.004403674520104015,5.157141657128561e-05,0.0025489106955502066,1.1224573084015047e-05
2017,E07000218,64069,162030,39,28099,0.0013879497491013915,88.92455247517705,female,85-89,664,0.010363826499555168,1.4384470389787947e-05,0.00024069616737641176,2.494533317797022e-06
2017,E07000218,64069,162030,39,28099,0.0013879497491013915,88.92455247517705,male,85-89,401,0.006258877148074732,8.687006967326757e-06,0.00024069616737641176,1.5064877416213944e-06
2017,E07000234,97594,162030,112,39667,0.002823505684826178,275.557213804926,female,85-89,1284,0.013156546509006701,3.7147583860860425e-05,0.0006912300191322595,9.094199895135165e-06
2017,E07000234,97594,162030,112,39667,0.002823505684826178,275.557213804926,male,85-89,798,0.00817673217615837,2.3087049782684283e-05,0.0006912300191322595,5.652002738565312e-06
2017,E07000235,77165,162030,39,29187,0.0013362113269606332,103.10874704491727,female,85-89,1140,0.014773537225426035,1.9740567779888834e-05,0.00024069616737641176,3.555933788752795e-06
2017,E07000235,77165,162030,39,29187,0.0013362113269606332,103.10874704491727,male,85-89,794,0.010289639085077431,1.374913229581731e-05,0.00024069616737641176,2.4766766914646655e-06
2017,E07000237,102314,162030,43,37166,0.0011569714254964214,118.37437442824086,female,85-89,966,0.009441523154211545,1.09235725025856e-05,0.00026538295377399244,2.505619302790202e-06
2017,E07000237,102314,162030,43,37166,0.0011569714254964214,118.37437442824086,male,85-89,537,0.0052485485857262934,6.072420739014976e-06,0.00026538295377399244,1.3928753267063544e-06
2017,E07000238,125378,162030,20,48608,0.00041145490454246215,51.58739302172482,female,85-89,1521,0.012131314903731117,4.991489015689235e-06,0.0001234339319879035,1.4974158987509865e-06
2017,E07000238,125378,162030,20,48608,0.00041145490454246215,51.58739302172482,male,85-89,1062,0.008470385554084449,3.4851816795936674e-06,0.0001234339319879035,1.0455329943941801e-06
2017,E07000239,100715,162030,314,40298,0.00779194997270336,784.7662415008189,female,85-89,1061,0.01053467705902795,8.208567662253155e-05,0.0019379127322100846,2.0415284802411753e-05
2017,E07000239,100715,162030,314,40298,0.00779194997270336,784.7662415008189,male,85-89,737,0.007317678598024128,5.701898555212606e-05,0.0019379127322100846,1.41810225253322e-05
2017,E08000025,1137123,162030,527,463214,0.0011377030918754616,1293.7083529427005,female,85-89,8330,0.007325504804669328,8.334249465820843e-06,0.0032524841078812564,2.3826087959394775e-05
2017,E08000025,1137123,162030,527,463214,0.0011377030918754616,1293.7083529427005,male,85-89,5305,0.00466528247164115,5.307706292458532e-06,0.0032524841078812564,1.517375709778983e-05
2017,E08000027,319419,162030,7204,138693,0.05194205908012661,16591.280569314964,female,85-89,3419,0.010703809103403367,0.0005559778848313748,0.04446090230204283,0.0004759010108061338
2017,E08000027,319419,162030,7204,138693,0.05194205908012661,16591.280569314964,male,85-89,2069,0.006477385503053983,0.0003364487404843856,0.04446090230204283,0.0002879904040239517
2017,E08000028,325460,162030,2238,138562,0.016151614439745384,5256.704435559533,female,85-89,2696,0.008283660050390216,0.0001337944832838246,0.013812256989446398,0.00011441604142920017
2017,E08000028,325460,162030,2238,138562,0.016151614439745384,5256.704435559533,male,85-89,1584,0.004866957537024519,7.860922163263285e-05,0.013812256989446398,6.722366825810574e-05
2017,E08000030,281293,162030,16074,121672,0.13210927740153855,37161.414968110985,female,85-89,2740,0.009740732972381112,0.0012868411943426094,0.09920385113867802,0.0009663182237737085
2017,E08000030,281293,162030,16074,121672,0.13210927740153855,37161.414968110985,male,85-89,1647,0.0058551048195298145,0.0007735136668183495,0.09920385113867802,0.000580848946917992
2017,E08000031,259926,162030,85087,98550,0.8633891425672248,224417.28627092845,female,85-89,2528,0.009725845048206028,0.008397189016912292,0.5251311485527371,0.005107344180810382
2017,E08000031,259926,162030,85087,98550,0.8633891425672248,224417.28627092845,male,85-89,1606,0.006178681624770127,0.005334606630206147,0.5251311485527371,0.003244618178157229
2017,E06000019,191041,162030,9,74219,0.00012126274943073876,23.166156913997764,female,90+,1558,0.008155317444946374,9.889362158546647e-07,5.5545269394556566e-05,4.5298930447767306e-07
2017,E06000019,191041,162030,9,74219,0.00012126274943073876,23.166156913997764,male,90+,672,0.003517569526960181,4.265501521529747e-07,5.5545269394556566e-05,1.9538434698908618e-07
2017,E06000020,175768,162030,1594,68134,0.023395074412187748,4112.105439281416,female,90+,762,0.004335260115606936,0.00010142373300081393,0.009837684379435907,4.264892072009786e-05
2017,E06000020,175768,162030,1594,68134,0.023395074412187748,4112.105439281416,male,90+,333,0.0018945428064266532,4.432296993342656e-05,0.009837684379435907,1.8637914172956154e-05
2017,E06000021,255378,162030,8,108888,7.346998751010212e-05,18.76261847035486,female,90+,1149,0.004499212931419308,3.305571178766665e-07,4.937357279516139e-05,2.2214221719036266e-07
2017,E06000021,255378,162030,8,108888,7.346998751010212e-05,18.76261847035486,male,90+,444,0.001738599252872213,1.2773486539359436e-07,4.937357279516139e-05,8.58408567732994e-08
2017,E06000051,317459,162030,2803,129599,0.021628253304423646,6866.083665769026,female,90+,2658,0.0083727347468492,0.0001810876279556039,0.017299265568104672,0.00014484216191704196
2017,E06000051,317459,162030,2803,129599,0.021628253304423646,6866.083665769026,male,90+,1084,0.0034146141706488083,7.38521402196669e-05,0.017299265568104672,5.907031735066722e-05
2017,E07000039,102385,162030,8,39933,0.00020033556206646132,20.511356522174644,female,90+,485,0.004737022024710651,9.489939698416149e-07,4.937357279516139e-05,2.338837017693341e-07
2017,E07000039,102385,162030,8,39933,0.00020033556206646132,20.511356522174644,male,90+,200,0.001953411144210578,3.9133771952231545e-07,4.937357279516139e-05,9.644688732756047e-08
2017,E07000192,99126,162030,16842,40177,0.41919506185130795,41553.12970107275,female,90+,555,0.005598934689183464,0.0023470457733336956,0.10394371412701352,0.0005819740667483052
2017,E07000192,99126,162030,16842,40177,0.41919506185130795,41553.12970107275,male,90+,244,0.002461513629118496,0.0010318543580061653,0.10394371412701352,0.0002558588689848405
2017,E07000193,117552,162030,66,51593,0.001279243308200725,150.37760936561162,female,90+,661,0.005623043419082619,7.193240665583565e-06,0.0004073319755600815,2.2904453845550383e-06
2017,E07000193,117552,162030,66,51593,0.001279243308200725,150.37760936561162,male,90+,296,0.0025180345719341226,3.2211788759648034e-06,0.0004073319755600815,1.0256759967145103e-06
2017,E07000194,103507,162030,2578,46234,0.05575983042782368,5771.532768092746,female,90+,729,0.0070430019225752845,0.000392716592905634,0.015910633833240758,0.00011205862467690603
2017,E07000194,103507,162030,2578,46234,0.05575983042782368,5771.532768092746,male,90+,331,0.0031978513530485863,0.00017831164917937568,0.015910633833240758,5.087984193148957e-05
2017,E07000196,111890,162030,21922,42671,0.5137446978041292,57482.89423730402,female,90+,878,0.00784699258200018,0.004031350832710926,0.135295932851941,0.0010616661814639753
2017,E07000196,111890,162030,21922,42671,0.5137446978041292,57482.89423730402,male,90+,341,0.0030476360711412993,0.0015657068723854506,0.135295932851941,0.0004123327652382865
2017,E07000197,134764,162030,4071,50852,0.08005584834421459,10788.646346259735,female,90+,876,0.006500252292897213,0.0005203832117593125,0.02512497685613775,0.00016331868841809884
2017,E07000197,134764,162030,4071,50852,0.08005584834421459,10788.646346259735,male,90+,435,0.0032278650084592323,0.00025840947159280926,0.02512497685613775,8.11000336322751e-05
2017,E07000198,98496,162030,19,38267,0.0004965113544307105,48.90438236600726,female,90+,680,0.006903833658219623,3.427831800406952e-06,0.0001172622353885083,8.095589675132558e-07
2017,E07000198,98496,162030,19,38267,0.0004965113544307105,48.90438236600726,male,90+,296,0.003005198180636777,1.4921150190006732e-06,0.0001172622353885083,3.5239625644694665e-07
2017,E07000199,76527,162030,413,35266,0.011710996427153633,896.2074235807861,female,90+,361,0.004717289322722699,5.524415840425551e-05,0.0025489106955502066,1.2023949208692676e-05
2017,E07000199,76527,162030,413,35266,0.011710996427153633,896.2074235807861,male,90+,134,0.0017510159812876502,2.0506141900748584e-05,0.0025489106955502066,4.463183362783432e-06
2017,E07000218,64069,162030,39,28099,0.0013879497491013915,88.92455247517705,female,90+,453,0.007070502114907365,9.813501636406536e-06,0.00024069616737641176,1.7018427604850164e-06
2017,E07000218,64069,162030,39,28099,0.0013879497491013915,88.92455247517705,male,90+,180,0.002809471039036039,3.899404623737696e-06,0.00024069616737641176,6.76228911451e-07
2017,E07000234,97594,162030,112,39667,0.002823505684826178,275.557213804926,female,90+,915,0.009375576367399635,2.6471993171874838e-05,0.0006912300191322595,6.48067983181361e-06
2017,E07000234,97594,162030,112,39667,0.002823505684826178,275.557213804926,male,90+,339,0.003473574195134947,9.807656486629038e-06,0.0006912300191322595,2.401038757360452e-06
2017,E07000235,77165,162030,39,29187,0.0013362113269606332,103.10874704491727,female,90+,823,0.01066545713730318,1.4251304634077639e-05,0.00024069616737641176,2.567134656266272e-06
2017,E07000235,77165,162030,39,29187,0.0013362113269606332,103.10874704491727,male,90+,353,0.004574612842609992,6.112649496755052e-06,0.00024069616737641176,1.1010917784471374e-06
2017,E07000237,102314,162030,43,37166,0.0011569714254964214,118.37437442824086,female,90+,618,0.006040229098657075,6.988372470598241e-06,0.00026538295377399244,1.6029738396732345e-06
2017,E07000237,102314,162030,43,37166,0.0011569714254964214,118.37437442824086,male,90+,233,0.002277303203862619,2.634774734060502e-06,0.00026538295377399244,6.043574508800383e-07
2017,E07000238,125378,162030,20,48608,0.00041145490454246215,51.58739302172482,female,90+,1100,0.008773469029654325,3.6098868621026684e-06,0.0001234339319879035,1.0829437795043295e-06
2017,E07000238,125378,162030,20,48608,0.00041145490454246215,51.58739302172482,male,90+,442,0.0035253393737338288,1.450518175499436e-06,0.0001234339319879035,4.3514650049173967e-07
2017,E07000239,100715,162030,314,40298,0.00779194997270336,784.7662415008189,female,90+,789,0.00783398699300005,6.104203473626522e-05,0.0019379127322100846,1.518158313770299e-05
2017,E07000239,100715,162030,314,40298,0.00779194997270336,784.7662415008189,male,90+,338,0.003356004567343494,2.614981969690449e-05,0.0019379127322100846,6.5036439804101534e-06
2017,E08000025,1137123,162030,527,463214,0.0011377030918754616,1293.7083529427005,female,90+,5377,0.0047286001602289286,5.379743022535255e-06,0.0032524841078812564,1.5379696873669352e-05
2017,E08000025,1137123,162030,527,463214,0.0011377030918754616,1293.7083529427005,male,90+,2378,0.002091242548079671,2.3792131128117605e-06,0.0032524841078812564,6.801733153354235e-06
2017,E08000027,319419,162030,7204,138693,0.05194205908012661,16591.280569314964,female,90+,1886,0.0059044703038955105,0.0003066903453617937,0.04446090230204283,0.00026251807732681145
2017,E08000027,319419,162030,7204,138693,0.05194205908012661,16591.280569314964,male,90+,830,0.0025984678431777695,0.00013496977022814887,0.04446090230204283,0.00011553022491052677
2017,E08000028,325460,162030,2238,138562,0.016151614439745384,5256.704435559533,female,90+,1666,0.005118908621643213,8.267863840906965e-05,0.013812256989446398,7.070368138762889e-05
2017,E08000028,325460,162030,2238,138562,0.016151614439745384,5256.704435559533,male,90+,654,0.0020094635285442144,3.2456080143776444e-05,0.013812256989446398,2.775522666717245e-05
2017,E08000030,281293,162030,16074,121672,0.13210927740153855,37161.414968110985,female,90+,1529,0.005435613399551358,0.0007180949584488503,0.09920385113867802,0.0005392337825364965
2017,E08000030,281293,162030,16074,121672,0.13210927740153855,37161.414968110985,male,90+,691,0.0024565133152975724,0.00032452819901122014,0.09920385113867802,0.0002436955812509608
2017,E08000031,259926,162030,85087,98550,0.8633891425672248,224417.28627092845,female,90+,1523,0.0058593599716842484,0.005058907781945182,0.5251311485527371,0.003076932431714483
2017,E08000031,259926,162030,85087,98550,0.8633891425672248,224417.28627092845,male,90+,716,0.0027546301639697454,0.0023783177753596524,0.5251311485527371,0.001446542101843447
