msoa,ltla,ppln_msoa,ppln_ltla,patients_from_msoa_to_trust,total_patients_of_msoa,tfp_msoa,etc_msoa,sex,ag,ag_ppln_msoa,agf_ppln_msoa,ag_trust_factor
E02002168,E08000031,11027,253250,76,3901,0.019482184055370416,214.8300435785696,female,0-4,449,0.04071823705450259,0.0007932801887060232
E02002168,E08000031,11027,253250,76,3901,0.019482184055370416,214.8300435785696,male,0-4,409,0.03709077718327741,0.0007226093478413441
E02006130,E07000192,7338,98508,16,1959,0.00816743236345074,59.932618683001536,female,0-4,199,0.02711910602343963,0.00022149346420369275
E02006130,E07000192,7338,98508,16,1959,0.00816743236345074,59.932618683001536,male,0-4,166,0.022621967838648133,0.00018476339225031657
E02006177,E07000196,9842,110688,32,3021,0.010592519033432638,104.25157232704403,female,0-4,192,0.019508230034545822,0.00020664129794950887
E02006177,E07000196,9842,110688,32,3021,0.010592519033432638,104.25157232704403,male,0-4,247,0.025096525096525095,0.00026583541975796197
E02002134,E08000030,8444,273933,35,3485,0.010043041606886656,84.80344332855093,female,0-4,307,0.036357176693510185,0.0003651366382418526
E02002134,E08000030,8444,273933,35,3485,0.010043041606886656,84.80344332855093,male,0-4,354,0.041923259118901,0.00042103703562741316
E02002120,E08000030,6211,273933,24,2204,0.010889292196007259,67.63339382940109,female,0-4,179,0.02881983577523748,0.0003138276127975043
E02002120,E08000030,6211,273933,24,2204,0.010889292196007259,67.63339382940109,male,0-4,179,0.02881983577523748,0.0003138276127975043
E02002129,E08000030,5759,273933,34,2402,0.014154870940882597,81.51790174854288,female,0-4,128,0.022226080916825836,0.0003146073068992833
E02002129,E08000030,5759,273933,34,2402,0.014154870940882597,81.51790174854288,male,0-4,157,0.027261677374544192,0.00038588552486865216
E02002131,E08000030,7803,273933,19,2882,0.00659264399722415,51.44240111034004,female,0-4,142,0.018198128924772523,0.00011997378541661275
E02002131,E08000030,7803,273933,19,2882,0.00659264399722415,51.44240111034004,male,0-4,151,0.019351531462258105,0.00012757775773175018
E02006175,E07000196,7115,110688,15,1490,0.010067114093959731,71.62751677852349,female,0-4,218,0.030639494026704146,0.0003084512821480283
E02006175,E07000196,7115,110688,15,1490,0.010067114093959731,71.62751677852349,male,0-4,266,0.03738580463808854,0.00037636716078612623
E02006155,E07000194,5739,102062,10,2456,0.004071661237785016,23.36726384364821,female,0-4,194,0.03380379857117965,0.0001376376163321647
E02006155,E07000194,5739,102062,10,2456,0.004071661237785016,23.36726384364821,male,0-4,208,0.03624324795260498,0.00014757022782005286
E02006129,E07000192,7951,98508,11,2006,0.005483549351944167,43.599700897308075,female,0-4,264,0.03320337064520186,0.00018207232158385864
E02006129,E07000192,7951,98508,11,2006,0.005483549351944167,43.599700897308075,male,0-4,299,0.037605332662558166,0.00020621069755141566
E02006180,E07000196,6835,110688,36,2673,0.013468013468013467,92.05387205387206,female,0-4,173,0.02531089978054133,0.00034088753913186974
E02006180,E07000196,6835,110688,36,2673,0.013468013468013467,92.05387205387206,male,0-4,176,0.02574981711777615,0.00034679888374109294
E02002043,E08000028,8799,316289,31,3725,0.00832214765100671,73.22657718120804,female,0-4,271,0.03079895442663939,0.00025631344623511975
E02002043,E08000028,8799,316289,31,3725,0.00832214765100671,73.22657718120804,male,0-4,350,0.03977724741447892,0.0003310321261339185
E02002148,E08000030,11314,273933,12,4622,0.0025962786672436176,29.37429684119429,female,0-4,301,0.02660420717694891,6.907193555244201e-05
E02002148,E08000030,11314,273933,12,4622,0.0025962786672436176,29.37429684119429,male,0-4,337,0.029786105709740145,7.733303083446165e-05
E02006126,E07000192,8412,98508,11,1815,0.006060606060606061,50.981818181818184,female,0-4,203,0.024132192106514502,0.00014625570973645152
E02006126,E07000192,8412,98508,11,1815,0.006060606060606061,50.981818181818184,male,0-4,213,0.025320970042796005,0.00015346042450179397
E02002046,E08000028,5770,316289,16,2410,0.006639004149377593,38.30705394190871,female,0-4,248,0.04298093587521664,0.0002853506116196955
E02002046,E08000028,5770,316289,16,2410,0.006639004149377593,38.30705394190871,male,0-4,293,0.05077989601386482,0.0003371279403410112
E02002047,E08000028,6640,316289,124,3214,0.038581207218419414,256.1792159303049,female,0-4,170,0.025602409638554216,0.0009877718715559187
E02002047,E08000028,6640,316289,124,3214,0.038581207218419414,256.1792159303049,male,0-4,199,0.029969879518072288,0.0011562741319978108
E02002045,E08000028,7925,316289,34,3323,0.01023171832681312,81.08636773999399,female,0-4,264,0.03331230283911672,0.0003408420994673393
E02002045,E08000028,7925,316289,34,3323,0.01023171832681312,81.08636773999399,male,0-4,310,0.039116719242902206,0.000400231253162406
E02002044,E08000028,7501,316289,27,3214,0.008400746733042938,63.014001244555075,female,0-4,307,0.040927876283162246,0.00034382472297616077
E02002044,E08000028,7501,316289,27,3214,0.008400746733042938,63.014001244555075,male,0-4,319,0.04252766297826956,0.00035726412582864914
E02006178,E07000196,7888,110688,18,2689,0.00669393826701376,52.801785050204536,female,0-4,175,0.022185598377281946,0.00014850902595428599
E02006178,E07000196,7888,110688,18,2689,0.00669393826701376,52.801785050204536,male,0-4,203,0.025735294117647058,0.00017227047010697174
E02002146,E08000030,6578,273933,19,2657,0.007150922092585623,47.038765525028225,female,0-4,239,0.036333231985405896,0.0002598161112994776
E02002146,E08000030,6578,273933,19,2657,0.007150922092585623,47.038765525028225,male,0-4,252,0.038309516570386136,0.0002739483683994492
E02002110,E08000030,6695,273933,15,2592,0.005787037037037037,38.74421296296296,female,0-4,199,0.029723674383868557,0.00017201200453627636
E02002110,E08000030,6695,273933,15,2592,0.005787037037037037,38.74421296296296,male,0-4,194,0.02897684839432412,0.0001676900948745609
E02002112,E08000030,5455,273933,19,2078,0.009143407122232916,49.877285851780556,female,0-4,108,0.019798350137488544,0.0001810243756555738
E02002112,E08000030,5455,273933,19,2078,0.009143407122232916,49.877285851780556,male,0-4,157,0.028780934922089826,0.00026315580535115815
E02002113,E08000030,6555,273933,20,2632,0.007598784194528876,49.81003039513678,female,0-4,189,0.028832951945080093,0.0002190953795218852
E02002113,E08000030,6555,273933,20,2632,0.007598784194528876,49.81003039513678,male,0-4,212,0.03234172387490465,0.00024575778020444265
E02002124,E08000030,7088,273933,25,2905,0.008605851979345954,60.998278829604125,female,0-4,179,0.02525395033860045,0.00021733175850774912
E02002124,E08000030,7088,273933,25,2905,0.008605851979345954,60.998278829604125,male,0-4,210,0.029627539503386004,0.0002549702194783649
E02002114,E08000030,6027,273933,12,2486,0.004827031375703942,29.092518101367656,female,0-4,119,0.019744483159117306,9.530723970611732e-05
E02002114,E08000030,6027,273933,12,2486,0.004827031375703942,29.092518101367656,male,0-4,139,0.02306288369006139,0.00011132526318613702
E02002116,E08000030,6796,273933,28,2645,0.01058601134215501,71.94253308128545,female,0-4,148,0.02177751618599176,0.0002305370333488731
E02002116,E08000030,6796,273933,28,2645,0.01058601134215501,71.94253308128545,male,0-4,128,0.01883460859329017,0.00019938338019361997
E02002138,E08000030,6485,273933,16,2394,0.006683375104427736,43.34168755221386,female,0-4,189,0.029144178874325365,0.0001947814795276549
E02002138,E08000030,6485,273933,16,2394,0.006683375104427736,43.34168755221386,male,0-4,219,0.03377023901310717,0.00022569917469077473
E02002145,E08000030,7105,273933,41,3016,0.013594164456233421,96.58653846153845,female,0-4,322,0.04532019704433497,0.0006160902118095934
E02002145,E08000030,7105,273933,41,3016,0.013594164456233421,96.58653846153845,male,0-4,365,0.05137227304714989,0.0006983631282934833
E02002147,E08000030,8031,273933,66,3184,0.0207286432160804,166.4717336683417,female,0-4,327,0.040717220769518114,0.0008440127420817196
E02002147,E08000030,8031,273933,66,3184,0.0207286432160804,166.4717336683417,male,0-4,328,0.04084173826422612,0.0008465938208036822
E02002119,E08000030,5943,273933,23,2452,0.009380097879282219,55.74592169657423,female,0-4,155,0.02608110381961972,0.00024464330662775434
E02002119,E08000030,5943,273933,23,2452,0.009380097879282219,55.74592169657423,male,0-4,184,0.030960794211677602,0.0002904152801258503
E02002117,E08000030,6391,273933,22,2461,0.008939455505891914,57.132060138155225,female,0-4,165,0.025817555938037865,0.00023079489257896507
E02002117,E08000030,6391,273933,22,2461,0.008939455505891914,57.132060138155225,male,0-4,176,0.027538726333907058,0.0002461812187508961
E02002132,E08000030,6479,273933,39,2806,0.013898788310762652,90.05024946543122,female,0-4,229,0.035344960642074395,0.0004912521258164296
E02002132,E08000030,6479,273933,39,2806,0.013898788310762652,90.05024946543122,male,0-4,271,0.041827442506559655,0.0005813507689792682
E02002139,E08000030,9513,273933,49,4150,0.011807228915662651,112.3221686746988,female,0-4,331,0.034794491748134135,0.00041082652907435484
E02002139,E08000030,9513,273933,49,4150,0.011807228915662651,112.3221686746988,male,0-4,369,0.03878902554399243,0.00045799090401340463
E02002136,E08000030,7706,273933,44,3044,0.01445466491458607,111.38764783180027,female,0-4,316,0.04100700752660265,0.0005927425529469502
E02002136,E08000030,7706,273933,44,3044,0.01445466491458607,111.38764783180027,male,0-4,343,0.04451077082792629,0.0006433882774076074
E02002118,E08000030,7347,273933,27,3045,0.008866995073891626,65.14581280788178,female,0-4,265,0.03606914386824554,0.00031982492099922157
E02002118,E08000030,7347,273933,27,3045,0.008866995073891626,65.14581280788178,male,0-4,285,0.03879134340547162,0.0003439626508859553
E02002128,E08000030,5558,273933,17,2321,0.007324429125376993,40.70917707884533,female,0-4,158,0.028427491903562432,0.00020821514965987134
E02002128,E08000030,5558,273933,17,2321,0.007324429125376993,40.70917707884533,male,0-4,124,0.022310183519251528,0.00016340935796091167
E02002142,E08000030,6831,273933,27,2814,0.009594882729211088,65.54264392324095,female,0-4,345,0.050505050505050504,0.00048459003682884284
E02002142,E08000030,6831,273933,27,2814,0.009594882729211088,65.54264392324095,male,0-4,305,0.04464939247547943,0.0004284056847327451
E02002123,E08000030,6475,273933,29,2966,0.009777478084962913,63.30917060013486,female,0-4,197,0.030424710424710424,0.00029747693941894885
E02002123,E08000030,6475,273933,29,2966,0.009777478084962913,63.30917060013486,male,0-4,279,0.04308880308880309,0.0004212998279080545
E02002144,E08000030,6676,273933,16,2662,0.006010518407212622,40.126220886551465,female,0-4,145,0.021719592570401437,0.00013054601094155636
E02002144,E08000030,6676,273933,16,2662,0.006010518407212622,40.126220886551465,male,0-4,138,0.02067106051527861,0.00012424378972368812
E02002133,E08000030,6723,273933,23,2899,0.00793377026560883,53.338737495688164,female,0-4,187,0.027814963557935446,0.00022067753081494141
E02002133,E08000030,6723,273933,23,2899,0.00793377026560883,53.338737495688164,male,0-4,209,0.031087312211810204,0.00024663959326375805
E02002125,E08000030,6150,273933,21,2579,0.0081426909654905,50.07754943776657,female,0-4,187,0.03040650406504065,0.0002475907659425567
E02002125,E08000030,6150,273933,21,2579,0.0081426909654905,50.07754943776657,male,0-4,197,0.032032520325203255,0.00026083091385392334
E02002111,E08000030,6159,273933,24,2566,0.009353078721745909,57.60561184723305,female,0-4,191,0.031011527845429453,0.000290053261219917
E02002111,E08000030,6159,273933,24,2566,0.009353078721745909,57.60561184723305,male,0-4,200,0.0324728040266277,0.0003037206923768764
E02002122,E08000030,5626,273933,26,2451,0.010607915136678907,59.68013055895553,female,0-4,269,0.04781372200497689,0.0005072039053975517
E02002122,E08000030,5626,273933,26,2451,0.010607915136678907,59.68013055895553,male,0-4,263,0.04674724493423391,0.0004958908071358962
E02002115,E08000030,6774,273933,19,2716,0.006995581737849779,47.388070692194404,female,0-4,185,0.027310304103926777,0.00019105146464455406
E02002115,E08000030,6774,273933,19,2716,0.006995581737849779,47.388070692194404,male,0-4,217,0.03203424859757898,0.00022409820447496343
E02002143,E08000030,10020,273933,34,3975,0.008553459119496854,85.70566037735848,female,0-4,465,0.04640718562874251,0.000396941965126351
E02002143,E08000030,10020,273933,34,3975,0.008553459119496854,85.70566037735848,male,0-4,496,0.04950099800399202,0.00042340476280144115
E02002130,E08000030,6711,273933,30,2715,0.011049723756906077,74.15469613259668,female,0-4,290,0.043212635970794215,0.00047748769028501894
E02002130,E08000030,6711,273933,30,2715,0.011049723756906077,74.15469613259668,male,0-4,332,0.04947101773208166,0.0005466410799125045
E02002126,E08000030,6701,273933,25,2766,0.009038322487346349,60.565798987707886,female,0-4,279,0.04163557677958513,0.00037631576988055975
E02002126,E08000030,6701,273933,25,2766,0.009038322487346349,60.565798987707886,male,0-4,330,0.04924638113714371,0.0004451046740522751
E02002127,E08000030,8612,273933,33,3788,0.008711721224920803,75.02534318901796,female,0-4,435,0.05051091500232234,0.00044003701031590216
E02002127,E08000030,8612,273933,33,3788,0.008711721224920803,75.02534318901796,male,0-4,413,0.04795633999071064,0.0004177822649665922
E02002121,E08000030,6502,273933,27,2956,0.009133964817320704,59.38903924221922,female,0-4,279,0.042909873884958476,0.0003919372783808792
E02002121,E08000030,6502,273933,27,2956,0.009133964817320704,59.38903924221922,male,0-4,245,0.03768071362657644,0.00034417431255668603
E02002140,E08000030,8199,273933,27,3608,0.007483370288248337,61.35615299334812,female,0-4,379,0.04622514940846445,0.00034591990965314305
E02002140,E08000030,8199,273933,27,3608,0.007483370288248337,61.35615299334812,male,0-4,357,0.04354189535309184,0.0003258401259793458
E02002135,E08000030,7467,273933,29,3125,0.00928,69.29376,female,0-4,308,0.0412481585643498,0.00038278291147716617
E02002135,E08000030,7467,273933,29,3125,0.00928,69.29376,male,0-4,343,0.045935449310298644,0.00042628096959957144
E02006122,E07000192,6630,98508,8,1372,0.0058309037900874635,38.65889212827988,female,0-4,169,0.025490196078431372,0.0001486308809237981
E02006122,E07000192,6630,98508,8,1372,0.0058309037900874635,38.65889212827988,male,0-4,183,0.02760180995475113,0.00016094349827843225
E02006151,E07000194,8781,102062,18,3519,0.005115089514066497,44.915601023017906,female,0-4,253,0.028812208176745246,0.00014737702392197057
E02006151,E07000194,8781,102062,18,3519,0.005115089514066497,44.915601023017906,male,0-4,220,0.025054094066734995,0.0001281539338451918
E02006128,E07000192,8441,98508,11,2021,0.0054428500742206825,45.94309747649678,female,0-4,196,0.023219997630612485,0.00012638296582718323
E02006128,E07000192,8441,98508,11,2021,0.0054428500742206825,45.94309747649678,male,0-4,174,0.0206136713659519,0.00011219712272413206
E02002160,E08000031,7038,253250,36,2718,0.013245033112582781,93.21854304635761,female,0-4,197,0.027990906507530548,0.000370740483543451
E02002160,E08000031,7038,253250,36,2718,0.013245033112582781,93.21854304635761,male,0-4,218,0.03097470872406934,0.00041026104270290516
E02002049,E08000028,6318,316289,724,2583,0.2802942315137437,1770.8989547038327,female,0-4,191,0.030231085786641344,0.008473598958392696
E02002049,E08000028,6318,316289,724,2583,0.2802942315137437,1770.8989547038327,male,0-4,255,0.04036087369420703,0.011312920075341034
E02002170,E08000031,6261,253250,38,2340,0.01623931623931624,101.67435897435898,female,0-4,198,0.03162434115955918,0.0005135576769501063
E02002170,E08000031,6261,253250,38,2340,0.01623931623931624,101.67435897435898,male,0-4,201,0.03210349784379492,0.0005213388538735927
E02002175,E08000031,7269,253250,73,3164,0.02307206068268015,167.710809102402,female,0-4,267,0.03673132480396203,0.0008474673548322466
E02002175,E08000031,7269,253250,73,3164,0.02307206068268015,167.710809102402,male,0-4,291,0.0400330169211721,0.000923644195716044
E02006156,E07000194,7668,102062,8,3055,0.002618657937806874,20.07986906710311,female,0-4,129,0.016823161189358372,4.4054104587517834e-05
E02006156,E07000194,7668,102062,8,3055,0.002618657937806874,20.07986906710311,male,0-4,150,0.019561815336463225,5.122570300874167e-05
E02002153,E08000031,7380,253250,46,2996,0.015353805073431242,113.31108144192257,female,0-4,213,0.02886178861788618,0.0004431382765096009
E02002153,E08000031,7380,253250,46,2996,0.015353805073431242,113.31108144192257,male,0-4,221,0.02994579945799458,0.0004597819676461117
E02002052,E08000028,11268,316289,59,4711,0.012523880280195288,141.1190829972405,female,0-4,431,0.038249911253106145,0.00047903730926199587
E02002052,E08000028,11268,316289,59,4711,0.012523880280195288,141.1190829972405,male,0-4,477,0.04233226837060703,0.0005301642610625802
E02002055,E08000028,9306,316289,59,3933,0.015001271294177472,139.60183066361554,female,0-4,336,0.036105738233397806,0.0005416319745157566
E02002055,E08000028,9306,316289,59,3933,0.015001271294177472,139.60183066361554,male,0-4,331,0.03556845046206748,0.0005335719748949864
E02002048,E08000028,6531,316289,8,2546,0.003142183817753339,20.521602513747055,female,0-4,129,0.01975195222783647,6.206426465934477e-05
E02002048,E08000028,6531,316289,8,2546,0.003142183817753339,20.521602513747055,male,0-4,155,0.02373296585515235,7.457334125735224e-05
E02002171,E08000031,7412,253250,63,2973,0.02119071644803229,157.06559031281535,female,0-4,266,0.03588774959525094,0.0007604871256309483
E02002171,E08000031,7412,253250,63,2973,0.02119071644803229,157.06559031281535,male,0-4,271,0.03656233135456017,0.0007747819964134849
E02002181,E08000031,7544,253250,194,2860,0.06783216783216783,511.72587412587416,female,0-4,317,0.04202014846235419,0.0028503177628310186
E02002181,E08000031,7544,253250,194,2860,0.06783216783216783,511.72587412587416,male,0-4,326,0.043213149522799574,0.002931241610987104
E02002051,E08000028,5608,316289,511,2576,0.1983695652173913,1112.4565217391305,female,0-4,211,0.03762482168330956,0.007463619518699994
E02002051,E08000028,5608,316289,511,2576,0.1983695652173913,1112.4565217391305,male,0-4,245,0.04368758915834522,0.008666288066736959
E02006810,E08000028,10065,316289,36,4151,0.008672609009877139,87.2898096844134,female,0-4,288,0.028614008941877794,0.00024815811175803436
E02006810,E08000028,10065,316289,36,4151,0.008672609009877139,87.2898096844134,male,0-4,330,0.03278688524590164,0.0002843478363894144
E02006124,E07000192,7632,98508,8,1666,0.004801920768307323,36.64825930372149,female,0-4,263,0.03446016771488469,0.0001654749950294583
E02006124,E07000192,7632,98508,8,1666,0.004801920768307323,36.64825930372149,male,0-4,298,0.039046121593291405,0.000187496382200679
E02006202,E07000197,8878,132044,10,1780,0.0056179775280898875,49.87640449438202,female,0-4,160,0.018022077044379366,0.00010124762384482789
E02006202,E07000197,8878,132044,10,1780,0.0056179775280898875,49.87640449438202,male,0-4,192,0.021626492453255236,0.00012149714861379346
E02006186,E07000196,12377,110688,2790,4611,0.605074821080026,7489.0110605074815,female,0-4,233,0.018825240365193504,0.011390678945757942
E02006186,E07000196,12377,110688,2790,4611,0.605074821080026,7489.0110605074815,male,0-4,212,0.01712854488163529,0.010364051229616669
E02002071,E08000028,6650,316289,1140,2828,0.4031117397454031,2680.6930693069307,female,0-4,245,0.03684210526315789,0.014851485148514849
E02002071,E08000028,6650,316289,1140,2828,0.4031117397454031,2680.6930693069307,male,0-4,234,0.03518796992481203,0.0141846837744999
E02001886,E08000025,9196,1101521,15,3600,0.004166666666666667,38.31666666666666,female,0-4,273,0.029686820356676816,0.00012369508481948672
E02001886,E08000025,9196,1101521,15,3600,0.004166666666666667,38.31666666666666,male,0-4,368,0.04001739886907351,0.00016673916195447295
E02002067,E08000028,5450,316289,1329,2304,0.5768229166666666,3143.684895833333,female,0-4,162,0.029724770642201834,0.017145928899082567
E02002067,E08000028,5450,316289,1329,2304,0.5768229166666666,3143.684895833333,male,0-4,159,0.029174311926605506,0.016828411697247705
E02002014,E08000027,7170,315653,2764,3215,0.8597200622083981,6164.192846034215,female,0-4,302,0.04211994421199442,0.0362113610581501
E02002014,E08000027,7170,315653,2764,3215,0.8597200622083981,6164.192846034215,male,0-4,307,0.04281729428172943,0.03681088690348371
E02002031,E08000027,5952,315653,1897,2242,0.8461195361284567,5036.103479036574,female,0-4,183,0.030745967741935484,0.026014763963626945
E02002031,E08000027,5952,315653,1897,2242,0.8461195361284567,5036.103479036574,male,0-4,244,0.04099462365591398,0.03468635195150259
E02002032,E08000027,10187,315653,3407,4176,0.8158524904214559,8311.08931992337,female,0-4,423,0.04152351035633651,0.03387705933525826
E02002032,E08000027,10187,315653,3407,4176,0.8158524904214559,8311.08931992337,male,0-4,433,0.04250515362717189,0.034677935442474765
E02002001,E08000027,6002,315653,1811,2412,0.7508291873963516,4506.476782752902,female,0-4,154,0.025658113962012664,0.019264860856220953
E02002001,E08000027,6002,315653,1811,2412,0.7508291873963516,4506.476782752902,male,0-4,167,0.02782405864711763,0.02089111534408376
E02002077,E08000028,10521,316289,3346,4614,0.7251842219332466,7629.663198959687,female,0-4,411,0.039064727687482176,0.028329124153080917
E02002077,E08000028,10521,316289,3346,4614,0.7251842219332466,7629.663198959687,male,0-4,378,0.03592814371257485,0.026054522943709458
E02001900,E08000025,7094,1101521,8,2566,0.003117692907248636,22.116913484021826,female,0-4,226,0.0318579080913448,9.93231740961646e-05
E02001900,E08000025,7094,1101521,8,2566,0.003117692907248636,22.116913484021826,male,0-4,251,0.035382012968705946,0.00011031025087671379
E02006181,E07000196,5700,110688,41,2088,0.019636015325670497,111.92528735632183,female,0-4,151,0.026491228070175437,0.0005201821603817974
E02006181,E07000196,5700,110688,41,2088,0.019636015325670497,111.92528735632183,male,0-4,167,0.029298245614035087,0.0005753007998924514
E02001879,E08000025,10994,1101521,20,4424,0.0045207956600361665,49.701627486437616,female,0-4,466,0.04238675641258868,0.00019162186443304107
E02001879,E08000025,10994,1101521,20,4424,0.0045207956600361665,49.701627486437616,male,0-4,500,0.045479352374022196,0.00020560285883373507
E02001866,E08000025,8949,1101521,8,3671,0.002179242713157178,19.502043040043585,female,0-4,353,0.03944574812828249,8.596185917359301e-05
E02001866,E08000025,8949,1101521,8,3671,0.002179242713157178,19.502043040043585,male,0-4,453,0.05062018102581294,0.0001103136606392001
E02002008,E08000027,8544,315653,2480,2912,0.8516483516483516,7276.483516483516,female,0-4,234,0.027387640449438203,0.023324638844301766
E02002008,E08000027,8544,315653,2480,2912,0.8516483516483516,7276.483516483516,male,0-4,263,0.030781835205992508,0.02621529921389472
E02002004,E08000027,7541,315653,2747,3237,0.8486252703120173,6399.483163422922,female,0-4,269,0.03567166158334439,0.030271873453644432
E02002004,E08000027,7541,315653,2747,3237,0.8486252703120173,6399.483163422922,male,0-4,300,0.039782522211908235,0.03376045366577446
E02002167,E08000031,6614,253250,90,2412,0.03731343283582089,246.79104477611938,female,0-4,161,0.024342304203205323,0.0009082949329554224
E02002167,E08000031,6614,253250,90,2412,0.03731343283582089,246.79104477611938,male,0-4,168,0.025400665255518595,0.0009477860169969624
E02006182,E07000196,6858,110688,47,2192,0.02144160583941606,147.04653284671534,female,0-4,144,0.02099737532808399,0.00045021744544705635
E02006182,E07000196,6858,110688,47,2192,0.02144160583941606,147.04653284671534,male,0-4,143,0.020851560221638962,0.0004470909354092296
E02002079,E08000028,8081,316289,153,3774,0.04054054054054054,327.6081081081081,female,0-4,215,0.02660561811656973,0.001078606139860935
E02002079,E08000028,8081,316289,153,3774,0.04054054054054054,327.6081081081081,male,0-4,280,0.0346491770820443,0.001404696368190985
E02001861,E08000025,10383,1101521,8,4006,0.00199700449326011,20.73489765351972,female,0-4,457,0.0440142540691515,8.789666314358762e-05
E02001861,E08000025,10383,1101521,8,4006,0.00199700449326011,20.73489765351972,male,0-4,433,0.041702783395935666,8.328064582313663e-05
E02002025,E08000027,7828,315653,1831,3361,0.5447783397798275,4264.524843796489,female,0-4,231,0.029509453244762392,0.016076110946492098
E02002025,E08000027,7828,315653,1831,3361,0.5447783397798275,4264.524843796489,male,0-4,258,0.03295861011752683,0.01795513690127689
E02002162,E08000031,7547,253250,87,2826,0.03078556263269639,232.33864118895966,female,0-4,158,0.02093547104809858,0.0006445102551962408
E02002162,E08000031,7547,253250,87,2826,0.03078556263269639,232.33864118895966,male,0-4,223,0.02954816483370876,0.0009096568791693779
E02002010,E08000027,7321,315653,3068,3523,0.8708487084870848,6375.483394833948,female,0-4,243,0.033192186859718614,0.028905373058647942
E02002010,E08000027,7321,315653,3068,3523,0.8708487084870848,6375.483394833948,male,0-4,288,0.03933888813003688,0.03425821992136053
E02001873,E08000025,11051,1101521,12,4852,0.00247320692497939,27.33140972794724,female,0-4,496,0.04488281603474799,0.00011100449142971472
E02001873,E08000025,11051,1101521,12,4852,0.00247320692497939,27.33140972794724,male,0-4,531,0.04804995023074835,0.00011883746965560186
E02002073,E08000028,7623,316289,34,3367,0.010098010098010098,76.97713097713097,female,0-4,263,0.03450085268267086,0.00034838995877956914
E02002073,E08000028,7623,316289,34,3367,0.010098010098010098,76.97713097713097,male,0-4,234,0.030696576151121605,0.00030997433594836187
E02002161,E08000031,6390,253250,29,2544,0.01139937106918239,72.84198113207546,female,0-4,304,0.04757433489827856,0.0005423174968750307
E02002161,E08000031,6390,253250,29,2544,0.01139937106918239,72.84198113207546,male,0-4,329,0.051486697965571204,0.0005869159752364642
E02002174,E08000031,7479,253250,127,2806,0.04526015680684248,338.5007127583749,female,0-4,180,0.024067388688327317,0.0010892937859649213
E02002174,E08000031,7479,253250,127,2806,0.04526015680684248,338.5007127583749,male,0-4,195,0.026073004412354592,0.0011800682681286647
E02002164,E08000031,7261,253250,33,2344,0.014078498293515358,102.22397610921502,female,0-4,320,0.044071064591654045,0.0006204544076470066
E02002164,E08000031,7261,253250,33,2344,0.014078498293515358,102.22397610921502,male,0-4,353,0.04861589312766836,0.0006844387684356041
E02002076,E08000028,10852,316289,28,4164,0.0067243035542747355,72.97214217098943,female,0-4,443,0.04082196830077405,0.0002744993065373855
E02002076,E08000028,10852,316289,28,4164,0.0067243035542747355,72.97214217098943,male,0-4,467,0.04303354220420199,0.00028937060079674726
E02001857,E08000025,13611,1101521,14,5507,0.002542218994007627,34.60214272743781,female,0-4,493,0.03622070384248035,9.208096128467858e-05
E02001857,E08000025,13611,1101521,14,5507,0.002542218994007627,34.60214272743781,male,0-4,518,0.0380574535302329,9.675038122812068e-05
E02002176,E08000031,7652,253250,160,3000,0.05333333333333334,408.1066666666667,female,0-4,212,0.02770517511761631,0.0014776093396062034
E02002176,E08000031,7652,253250,160,3000,0.05333333333333334,408.1066666666667,male,0-4,238,0.031102979613173026,0.0016588255793692282
E02002005,E08000027,8668,315653,3163,3831,0.8256329939963456,7156.586791960323,female,0-4,406,0.04683894785417628,0.03867178075248227
E02002005,E08000027,8668,315653,3163,3831,0.8256329939963456,7156.586791960323,male,0-4,416,0.047992616520535304,0.039624287667568044
E02002074,E08000028,8186,316289,66,3525,0.01872340425531915,153.26978723404255,female,0-4,300,0.03664793549963352,0.0006861741114825
E02002074,E08000028,8186,316289,66,3525,0.01872340425531915,153.26978723404255,male,0-4,298,0.036403615929635966,0.00068159961740595
E02002075,E08000028,8887,316289,1645,3984,0.41290160642570284,3669.456576305221,female,0-4,305,0.03431979295600315,0.014170697643731222
E02002075,E08000028,8887,316289,1645,3984,0.41290160642570284,3669.456576305221,male,0-4,334,0.03758298638460673,0.015518075452479435
E02001858,E08000025,8646,1101521,8,3191,0.0025070510811657787,21.67596364775932,female,0-4,239,0.027642840619939858,6.930201346271352e-05
E02001858,E08000025,8646,1101521,8,3191,0.0025070510811657787,21.67596364775932,male,0-4,322,0.03724265556326625,9.336923989537136e-05
E02002150,E08000031,5718,253250,27,2139,0.012622720897615708,72.17671809256662,female,0-4,175,0.030605106680657572,0.00038631971967169446
E02002150,E08000031,5718,253250,27,2139,0.012622720897615708,72.17671809256662,male,0-4,202,0.035327037425673315,0.00044592333356389876
E02002154,E08000031,5629,253250,34,2198,0.015468607825295723,87.07279344858962,female,0-4,192,0.03410907798898561,0.0005276199506940449
E02002154,E08000031,5629,253250,34,2198,0.015468607825295723,87.07279344858962,male,0-4,225,0.03997157576834251,0.0006183046297195838
E02001862,E08000025,10446,1101521,19,4254,0.004466384579219558,46.655853314527505,female,0-4,432,0.04135554279149914,0.0001847097585892063
E02001862,E08000025,10446,1101521,19,4254,0.004466384579219558,46.655853314527505,male,0-4,490,0.04690790733295041,0.00020950875395534975
E02002180,E08000031,6437,253250,436,2514,0.17342879872712808,1116.3611774065234,female,0-4,170,0.026409818238309773,0.004580223051671862
E02002180,E08000031,6437,253250,436,2514,0.17342879872712808,1116.3611774065234,male,0-4,221,0.034332763709802705,0.00595428996717342
E02002169,E08000031,8665,253250,103,3248,0.031711822660098525,274.78294334975374,female,0-4,191,0.02204270051933064,0.0006990142098186749
E02002169,E08000031,8665,253250,103,3248,0.031711822660098525,274.78294334975374,male,0-4,199,0.02296595499134449,0.000728292291905321
E02002066,E08000028,7403,316289,67,3279,0.020433058859408357,151.26593473620008,female,0-4,341,0.04606240713224369,0.0009411958761391666
E02002066,E08000028,7403,316289,67,3279,0.020433058859408357,151.26593473620008,male,0-4,327,0.04417128191273808,0.000902554403218497
E02002003,E08000027,9101,315653,2767,3902,0.7091235263967196,6453.733213736545,female,0-4,215,0.02362377760685639,0.01675217648338586
E02002003,E08000027,9101,315653,2767,3902,0.7091235263967196,6453.733213736545,male,0-4,250,0.027469508845181848,0.019479274980681232
E02002165,E08000031,7660,253250,52,2814,0.01847903340440654,141.54939587775408,female,0-4,191,0.024934725848563967,0.0004607696318853327
E02002165,E08000031,7660,253250,52,2814,0.01847903340440654,141.54939587775408,male,0-4,250,0.03263707571801567,0.000603101612415357
E02002069,E08000028,6634,316289,455,2932,0.15518417462482947,1029.4918144611188,female,0-4,212,0.031956587277660535,0.004959156620510077
E02002069,E08000028,6634,316289,455,2932,0.15518417462482947,1029.4918144611188,male,0-4,212,0.031956587277660535,0.004959156620510077
E02002151,E08000031,5868,253250,28,2104,0.013307984790874524,78.09125475285171,female,0-4,226,0.03851397409679618,0.000512543381516299
E02002151,E08000031,5868,253250,28,2104,0.013307984790874524,78.09125475285171,male,0-4,219,0.037321063394683024,0.0004966681440357056
E02002157,E08000031,7644,253250,52,2645,0.019659735349716444,150.2790170132325,female,0-4,219,0.028649921507064365,0.0005632498746190347
E02002157,E08000031,7644,253250,52,2645,0.019659735349716444,150.2790170132325,male,0-4,214,0.027995813710099425,0.000550390288440518
E02002159,E08000031,5964,253250,39,2249,0.017341040462427744,103.42196531791906,female,0-4,261,0.0437625754527163,0.0007588885916656005
E02002159,E08000031,5964,253250,39,2249,0.017341040462427744,103.42196531791906,male,0-4,288,0.0482897384305835,0.0008373943080448005
E02001844,E08000025,9936,1101521,9,4181,0.0021525950729490554,21.388184644821816,female,0-4,324,0.03260869565217391,7.019331759616485e-05
E02001844,E08000025,9936,1101521,9,4181,0.0021525950729490554,21.388184644821816,male,0-4,307,0.030897745571658614,6.651033488278583e-05
E02002182,E08000031,6646,253250,769,2842,0.2705840957072484,1798.3019000703728,female,0-4,218,0.03280168522419501,0.008875614334062617
E02002182,E08000031,6646,253250,769,2842,0.2705840957072484,1798.3019000703728,male,0-4,203,0.030544688534456816,0.008264906925755556
E02001850,E08000025,8434,1101521,8,3079,0.0025982461838259174,21.913608314387787,female,0-4,261,0.030946170263220298,8.040576879043923e-05
E02001850,E08000025,8434,1101521,8,3079,0.0025982461838259174,21.913608314387787,male,0-4,339,0.04019445103153901,0.00010443507900367394
E02002155,E08000031,6227,253250,22,2531,0.00869221651521138,54.12643224022126,female,0-4,294,0.047213746587441784,0.0004103921078323664
E02002155,E08000031,6227,253250,22,2531,0.00869221651521138,54.12643224022126,male,0-4,320,0.051389111931909426,0.0004466852874365893
E02001837,E08000025,10601,1101521,8,4727,0.0016924053310767928,17.94118891474508,female,0-4,414,0.03905291953589284,6.609336921665808e-05
E02001837,E08000025,10601,1101521,8,4727,0.0016924053310767928,17.94118891474508,male,0-4,476,0.0449014243939251,7.59914100172204e-05
E02002000,E08000027,7828,315653,1919,3360,0.5711309523809524,4470.813095238095,female,0-4,237,0.030275932549821156,0.017291522191400833
E02002000,E08000027,7828,315653,1919,3360,0.5711309523809524,4470.813095238095,male,0-4,280,0.03576903423607562,0.02042880258899676
E02002149,E08000031,10130,253250,46,3910,0.011764705882352941,119.17647058823529,female,0-4,334,0.03297137216189536,0.0003878984960222983
E02002149,E08000031,10130,253250,46,3910,0.011764705882352941,119.17647058823529,male,0-4,319,0.031490621915103656,0.0003704779048835724
E02006176,E07000196,7483,110688,20,2057,0.009722897423432183,72.75644141954302,female,0-4,135,0.018040892690097555,0.00017540974905296602
E02006176,E07000196,7483,110688,20,2057,0.009722897423432183,72.75644141954302,male,0-4,136,0.018174528932246425,0.00017670908052743242
E02002156,E08000031,8211,253250,45,3261,0.013799448022079117,113.30726770929162,female,0-4,257,0.031299476312264034,0.0004319154964893841
E02002156,E08000031,8211,253250,45,3261,0.013799448022079117,113.30726770929162,male,0-4,225,0.02740226525392766,0.0003781361350587993
E02002152,E08000031,6251,253250,37,2675,0.013831775700934579,86.46242990654206,female,0-4,291,0.046552551591745324,0.0006439044519232064
E02002152,E08000031,6251,253250,37,2675,0.013831775700934579,86.46242990654206,male,0-4,284,0.04543273076307791,0.000628415341395844
E02002063,E08000028,9625,316289,1050,3929,0.26724357342835325,2572.2193942479003,female,0-4,423,0.04394805194805195,0.011744834447812305
E02002063,E08000028,9625,316289,1050,3929,0.26724357342835325,2572.2193942479003,male,0-4,478,0.049662337662337665,0.013271940581688608
E02002070,E08000028,9356,316289,32,4370,0.007322654462242563,68.51075514874142,female,0-4,443,0.0473492945703292,0.0003467225231694587
E02002070,E08000028,9356,316289,32,4370,0.007322654462242563,68.51075514874142,male,0-4,384,0.041043180846515606,0.000300545031370366
E02002064,E08000028,12292,316289,1836,4906,0.374235629841011,4600.104362005707,female,0-4,458,0.03726000650829808,0.013944022003513102
E02002064,E08000028,12292,316289,1836,4906,0.374235629841011,4600.104362005707,male,0-4,500,0.040676863000325414,0.015222731444883298
E02006179,E07000196,8820,110688,26,2574,0.010101010101010102,89.0909090909091,female,0-4,128,0.014512471655328799,0.00014659062278109898
E02006179,E07000196,8820,110688,26,2574,0.010101010101010102,89.0909090909091,male,0-4,149,0.01689342403628118,0.00017064064683112304
E02002163,E08000031,11710,253250,44,4472,0.009838998211091235,115.21466905187836,female,0-4,520,0.0444064901793339,0.00043691537743530676
E02002163,E08000031,11710,253250,44,4472,0.009838998211091235,115.21466905187836,male,0-4,574,0.04901793339026473,0.000482287358938204
E02002058,E08000028,12006,316289,1237,5355,0.23099906629318395,2773.3747899159666,female,0-4,441,0.03673163418290855,0.008484973199674674
E02002058,E08000028,12006,316289,1237,5355,0.23099906629318395,2773.3747899159666,male,0-4,504,0.041979010494752625,0.009697112228199627
E02002065,E08000028,12333,316289,40,5232,0.00764525993883792,94.28899082568807,female,0-4,547,0.04435255006892078,0.00033908677422722313
E02002065,E08000028,12333,316289,40,5232,0.00764525993883792,94.28899082568807,male,0-4,635,0.05148787805075813,0.0003936382113972334
E02002158,E08000031,7354,253250,40,3054,0.01309757694826457,96.31958087753765,female,0-4,203,0.027604025020397063,0.000361545841786471
E02002158,E08000031,7354,253250,40,3054,0.01309757694826457,96.31958087753765,male,0-4,258,0.03508294805548001,0.00045950161172861835
E02002061,E08000028,5723,316289,28,2656,0.010542168674698794,60.3328313253012,female,0-4,217,0.037917176306133143,0.0003997292682875482
E02002061,E08000028,5723,316289,28,2656,0.010542168674698794,60.3328313253012,male,0-4,227,0.03966451161977984,0.0004181499718952693
E02006894,E08000031,13025,253250,135,4910,0.0274949083503055,358.1211812627291,female,0-4,556,0.04268714011516315,0.0011736790052030602
E02006894,E08000031,13025,253250,135,4910,0.0274949083503055,358.1211812627291,male,0-4,627,0.04813819577735125,0.0013235552810473357
E02002059,E08000028,10733,316289,44,4615,0.009534127843986998,102.32979414951245,female,0-4,370,0.03447312028323861,0.0003286711359615382
E02002059,E08000028,10733,316289,44,4615,0.009534127843986998,102.32979414951245,male,0-4,370,0.03447312028323861,0.0003286711359615382
E02001842,E08000025,7584,1101521,10,2849,0.00351000351000351,26.61986661986662,female,0-4,223,0.029404008438818567,0.000103208172828426
E02001842,E08000025,7584,1101521,10,2849,0.00351000351000351,26.61986661986662,male,0-4,253,0.03335970464135021,0.00011709268038381963
E02006174,E07000196,10383,110688,12,2102,0.005708848715509039,59.27497621313035,female,0-4,203,0.019551189444283926,0.00011161478274567418
E02006174,E07000196,10383,110688,12,2102,0.005708848715509039,59.27497621313035,male,0-4,223,0.02147741500529712,0.00012261131306544502
E02002177,E08000031,9490,253250,161,3469,0.04641106947247045,440.4410492937446,female,0-4,403,0.04246575342465753,0.0019708810323925807
E02002177,E08000031,9490,253250,161,3469,0.04641106947247045,440.4410492937446,male,0-4,419,0.04415173867228662,0.0020491294108498544
E02002056,E08000028,8965,316289,1566,4445,0.3523059617547806,3158.4229471316085,female,0-4,397,0.044283324037925266,0.015601279064879856
E02002056,E08000028,8965,316289,1566,4445,0.3523059617547806,3158.4229471316085,male,0-4,400,0.044617958728388175,0.015719172861339906
E02002057,E08000028,9255,316289,2145,4624,0.4638840830449827,4293.247188581315,female,0-4,338,0.03652079956780119,0.016941417619579055
E02002057,E08000028,9255,316289,2145,4624,0.4638840830449827,4293.247188581315,male,0-4,318,0.034359805510534844,0.0159389668728584
E02002068,E08000028,12466,316289,24,5537,0.004334477153693336,54.03359219794112,female,0-4,720,0.05775709931012354,0.0002503468274233276
E02002068,E08000028,12466,316289,24,5537,0.004334477153693336,54.03359219794112,male,0-4,643,0.05158029841167977,0.00022357362504611062
E02002060,E08000028,6401,316289,64,2791,0.02293084915800788,146.78036546040843,female,0-4,255,0.039837525386658336,0.0009135082854697719
E02002060,E08000028,6401,316289,64,2791,0.02293084915800788,146.78036546040843,male,0-4,259,0.04046242774566474,0.000927837827202631
E02002053,E08000028,6052,316289,13,2352,0.0055272108843537416,33.45068027210884,female,0-4,187,0.03089887640449438,0.00017078460597722234
E02002053,E08000028,6052,316289,13,2352,0.0055272108843537416,33.45068027210884,male,0-4,176,0.029081295439524125,0.00016073845268444457
E02002062,E08000028,7752,316289,41,3473,0.011805355600345523,91.51511661387849,female,0-4,296,0.038183694530443756,0.0004507720920668569
E02002062,E08000028,7752,316289,41,3473,0.011805355600345523,91.51511661387849,male,0-4,338,0.043601651186790505,0.0005147329970222893
E02002166,E08000031,9374,253250,65,3801,0.017100762957116548,160.3025519600105,female,0-4,345,0.03680392575208022,0.0006293752101776412
E02002166,E08000031,9374,253250,65,3801,0.017100762957116548,160.3025519600105,male,0-4,362,0.03861745252826968,0.0006603879016936409
E02002072,E08000028,8540,316289,131,3492,0.03751431844215349,320.3722794959908,female,0-4,269,0.031498829039812645,0.0011816571031544835
E02002072,E08000028,8540,316289,131,3492,0.03751431844215349,320.3722794959908,male,0-4,301,0.03524590163934426,0.0013222259778791804
E02002178,E08000031,8046,253250,167,2985,0.0559463986599665,450.14472361809044,female,0-4,191,0.023738503604275416,0.001328083786235844
E02002178,E08000031,8046,253250,167,2985,0.0559463986599665,450.14472361809044,male,0-4,268,0.0333084762614964,0.001863489291681708
E02006184,E07000196,5448,110688,56,1700,0.03294117647058824,179.4635294117647,female,0-4,177,0.03248898678414097,0.0010702254470069967
E02006184,E07000196,5448,110688,56,1700,0.03294117647058824,179.4635294117647,male,0-4,187,0.03432452276064611,0.0011306901615271662
E02006183,E07000196,7502,110688,91,2432,0.03741776315789474,280.70805921052636,female,0-4,175,0.023327112769928018,0.0008728483807826685
E02006183,E07000196,7502,110688,91,2432,0.03741776315789474,280.70805921052636,male,0-4,183,0.02439349506798187,0.0009127500210470191
E02006008,E06000051,7797,310774,11,2787,0.003946896304269824,30.773950484391815,female,0-4,188,0.02411183788636655,9.516692384285325e-05
E02006008,E06000051,7797,310774,11,2787,0.003946896304269824,30.773950484391815,male,0-4,179,0.022957547774785175,9.061106046739753e-05
E02006009,E06000051,7325,310774,27,2987,0.009039169735520589,66.21191831268831,female,0-4,213,0.02907849829351536,0.00026284548172913114
E02006009,E06000051,7325,310774,27,2987,0.009039169735520589,66.21191831268831,male,0-4,181,0.024709897610921502,0.00022335695865245415
E02006185,E07000196,7124,110688,1799,3014,0.5968812209688122,4252.181818181818,female,0-4,169,0.023722627737226276,0.014159591008384232
E02006185,E07000196,7124,110688,1799,3014,0.5968812209688122,4252.181818181818,male,0-4,153,0.021476698483997754,0.012819038013507618
E02002007,E08000027,8924,315653,3107,3605,0.8618585298196949,7691.225520110957,female,0-4,226,0.025324966382787986,0.021826538294402852
E02002007,E08000027,8924,315653,3107,3605,0.8618585298196949,7691.225520110957,male,0-4,253,0.028350515463917526,0.024434133577362484
E02002941,E06000020,10177,169768,25,4322,0.005784359093012495,58.86742248958816,female,0-4,333,0.03272084111231208,0.00018926909481901944
E02002941,E06000020,10177,169768,25,4322,0.005784359093012495,58.86742248958816,male,0-4,348,0.03419475287412794,0.00019779472972077707
E02002080,E08000028,6839,316289,2355,3075,0.7658536585365854,5237.673170731708,female,0-4,239,0.03494662962421407,0.02676400415122736
E02002080,E08000028,6839,316289,2355,3075,0.7658536585365854,5237.673170731708,male,0-4,242,0.03538529024711215,0.027099953994129792
E02001925,E08000025,6588,1101521,11,2553,0.004308656482569526,28.385428907168038,female,0-4,207,0.031420765027322405,0.00013538128292226654
E02001925,E08000025,6588,1101521,11,2553,0.004308656482569526,28.385428907168038,male,0-4,233,0.035367334547662416,0.00015238569526999083
E02001890,E08000025,10590,1101521,18,3528,0.00510204081632653,54.03061224489795,female,0-4,262,0.02474032105760151,0.00012622612784490565
E02001890,E08000025,10590,1101521,18,3528,0.00510204081632653,54.03061224489795,male,0-4,285,0.026912181303116147,0.00013730704746487828
E02002038,E08000027,9391,315653,2749,3729,0.7371949584338965,6922.997854652722,female,0-4,286,0.03045469066127143,0.022451044416153167
E02002038,E08000027,9391,315653,2749,3729,0.7371949584338965,6922.997854652722,male,0-4,251,0.026727718027899052,0.019703538980609947
E02002946,E06000020,7932,169768,24,2991,0.00802407221664995,63.6469408224674,female,0-4,261,0.032904689863842665,0.00026402960773394313
E02002946,E06000020,7932,169768,24,2991,0.00802407221664995,63.6469408224674,male,0-4,248,0.031265758951084216,0.0002508787077318693
E02002943,E06000020,10466,169768,33,4085,0.008078335373317013,84.54785801713587,female,0-4,456,0.04356965411809669,0.0003519702780654078
E02002943,E06000020,10466,169768,33,4085,0.008078335373317013,84.54785801713587,male,0-4,440,0.042040894324479265,0.00033962044374732334
E02001950,E08000025,8602,1101521,8,3466,0.002308136180034622,19.85458742065782,female,0-4,252,0.029295512671471752,6.761803270968667e-05
E02001950,E08000025,8602,1101521,8,3466,0.002308136180034622,19.85458742065782,male,0-4,322,0.0374331550802139,8.640081957348852e-05
E02002179,E08000031,6327,253250,182,2259,0.08056662239929172,509.74501992031867,female,0-4,211,0.033349138612296506,0.002686827457918532
E02002179,E08000031,6327,253250,182,2259,0.08056662239929172,509.74501992031867,male,0-4,174,0.027501185395922237,0.002215677619326183
E02002932,E06000020,9089,169768,14,3567,0.003924866834875245,35.673114662181106,female,0-4,394,0.043349103311695454,0.00017013945790965416
E02002932,E06000020,9089,169768,14,3567,0.003924866834875245,35.673114662181106,male,0-4,392,0.04312905710199142,0.00016927580583904679
E02006704,E07000234,6898,95519,9,2842,0.0031667839549612948,21.84447572132301,female,0-4,210,0.030443606842563063,9.640832568017859e-05
E02006704,E07000234,6898,95519,9,2842,0.0031667839549612948,21.84447572132301,male,0-4,204,0.029573789504204116,9.365380208931634e-05
E02006046,E06000051,8908,310774,21,3364,0.00624256837098692,55.608799048751486,female,0-4,176,0.019757521329142345,0.00012333767773840346
E02006046,E06000051,8908,310774,21,3364,0.00624256837098692,55.608799048751486,male,0-4,203,0.022788504714863045,0.00014225879875509034
E02006011,E06000051,5892,310774,35,2308,0.015164644714038129,89.35008665511265,female,0-4,123,0.020875763747454174,0.0003165735403643397
E02006011,E06000051,5892,310774,35,2308,0.015164644714038129,89.35008665511265,male,0-4,128,0.02172437202987101,0.0003294423834685812
E02006043,E06000051,6881,310774,9,2630,0.0034220532319391636,23.547148288973386,female,0-4,154,0.022380467955239063,7.658715269853672e-05
E02006043,E06000051,6881,310774,9,2630,0.0034220532319391636,23.547148288973386,male,0-4,171,0.024851039093155065,8.504157864577779e-05
E02006013,E06000051,7636,310774,234,3144,0.07442748091603053,568.3282442748092,female,0-4,142,0.01859612362493452,0.0013840626362069586
E02006013,E06000051,7636,310774,234,3144,0.07442748091603053,568.3282442748092,male,0-4,163,0.021346254583551598,0.0015887479556460158
E02002948,E06000020,7031,169768,13,2761,0.004708438971387179,33.105034407823254,female,0-4,382,0.05433082065140094,0.00025581335330250354
E02002948,E06000020,7031,169768,13,2761,0.004708438971387179,33.105034407823254,male,0-4,351,0.04992177499644432,0.00023505363091408046
E02002947,E06000020,6762,169768,17,2744,0.00619533527696793,41.892857142857146,female,0-4,272,0.040224785566400474,0.0002492060330279913
E02002947,E06000020,6762,169768,17,2744,0.00619533527696793,41.892857142857146,male,0-4,326,0.04821058858325939,0.00029868076017325427
E02006045,E06000051,11048,310774,9,4637,0.0019409100711667026,21.44317446624973,female,0-4,274,0.024800868935553947,4.8136256290702075e-05
E02006045,E06000051,11048,310774,9,4637,0.0019409100711667026,21.44317446624973,male,0-4,257,0.02326212889210717,4.514970024346874e-05
E02002950,E06000020,5501,169768,15,2409,0.0062266500622665,34.25280199252802,female,0-4,244,0.04435557171423377,0.00027618662337629995
E02002950,E06000020,5501,169768,15,2409,0.0062266500622665,34.25280199252802,male,0-4,239,0.04344664606435194,0.0002705270614218676
E02006010,E06000051,11572,310774,39,4282,0.00910789350770668,105.39654367118169,female,0-4,277,0.023937089526443137,0.000218016462291285
E02006010,E06000051,11572,310774,39,4282,0.00910789350770668,105.39654367118169,male,0-4,342,0.029554096094020047,0.00026917555994086453
E02006014,E06000051,9310,310774,60,3559,0.01685866816521495,156.9542006181512,female,0-4,204,0.021911922663802364,0.0003694058330508969
E02006014,E06000051,9310,310774,60,3559,0.01685866816521495,156.9542006181512,male,0-4,230,0.024704618689581095,0.00041648696863581504
E02002936,E06000020,8985,169768,13,3588,0.0036231884057971015,32.55434782608695,female,0-4,410,0.045631608235948806,0.00016533191389836525
E02002936,E06000020,8985,169768,13,3588,0.0036231884057971015,32.55434782608695,male,0-4,397,0.044184752365052864,0.0001600896824820756
E02002937,E06000020,10271,169768,19,3808,0.004989495798319327,51.247111344537814,female,0-4,253,0.02463246032518742,0.00012290355729479018
E02002937,E06000020,10271,169768,19,3808,0.004989495798319327,51.247111344537814,male,0-4,260,0.025313990848018695,0.00012630405097488318
E02002934,E06000020,5973,169768,8,2312,0.0034602076124567475,20.667820069204154,female,0-4,168,0.02812656956303365,9.732377011430329e-05
E02002934,E06000020,5973,169768,8,2312,0.0034602076124567475,20.667820069204154,male,0-4,171,0.02862882973380211,9.906169458063015e-05
E02002931,E06000020,6673,169768,12,2265,0.005298013245033113,35.35364238410596,female,0-4,169,0.02532594035666117,0.0001341771674525095
E02002931,E06000020,6673,169768,12,2265,0.005298013245033113,35.35364238410596,male,0-4,210,0.03147010340176832,0.00016672902464513016
E02002949,E06000020,5179,169768,19,2064,0.009205426356589148,47.6749031007752,female,0-4,125,0.024135933577910794,0.00022218155909898505
E02002949,E06000020,5179,169768,19,2064,0.009205426356589148,47.6749031007752,male,0-4,125,0.024135933577910794,0.00022218155909898505
E02002933,E06000020,8266,169768,8,3198,0.0025015634771732333,20.677923702313947,female,0-4,191,0.023106702153399467,5.780288218486421e-05
E02002933,E06000020,8266,169768,8,3198,0.0025015634771732333,20.677923702313947,male,0-4,208,0.025163319622550206,6.294764133220814e-05
E02006012,E06000051,6249,310774,51,2517,0.02026221692491061,126.6185935637664,female,0-4,101,0.016162586013762203,0.000327489823878376
E02006012,E06000051,6249,310774,51,2517,0.02026221692491061,126.6185935637664,male,0-4,121,0.01936309809569531,0.0003923392939533019
E02002938,E06000020,7041,169768,10,2924,0.003419972640218878,24.08002735978112,female,0-4,223,0.031671637551484166,0.00010831613389700467
E02002938,E06000020,7041,169768,10,2924,0.003419972640218878,24.08002735978112,male,0-4,268,0.03806277517398097,0.00013017364970581725
E02002935,E06000020,6539,169768,17,2641,0.006436955698599016,42.091253313138964,female,0-4,191,0.029209359229239944,0.00018801935134308182
E02002935,E06000020,6539,169768,17,2641,0.006436955698599016,42.091253313138964,male,0-4,211,0.03226793087628078,0.00020770724153607468
E02002942,E06000020,6480,169768,12,2164,0.005545286506469501,35.93345656192236,female,0-4,197,0.030401234567901236,0.00016858355582939687
E02002942,E06000020,6480,169768,12,2164,0.005545286506469501,35.93345656192236,male,0-4,198,0.030555555555555555,0.00016943930991990142
E02002940,E06000020,6097,169768,8,2441,0.0032773453502662844,19.981974600573537,female,0-4,196,0.03214695752009185,0.00010535668175368078
E02002940,E06000020,6097,169768,8,2441,0.0032773453502662844,19.981974600573537,male,0-4,207,0.03395112350336231,0.00011126955675006083
E02002945,E06000020,9464,169768,23,3482,0.006605399195864446,62.51349798966112,female,0-4,326,0.03444632290786137,0.00022753171363607455
E02002945,E06000020,9464,169768,23,3482,0.006605399195864446,62.51349798966112,male,0-4,354,0.03740490278951818,0.00024707431480727114
E02001851,E08000025,8705,1101521,11,3747,0.0029356818788364024,25.55511075527088,female,0-4,318,0.03653072946582424,0.00010724260051349523
E02001851,E08000025,8705,1101521,11,3747,0.0029356818788364024,25.55511075527088,male,0-4,316,0.03630097645031591,0.00010656811874925941
E02006770,E07000239,7445,98999,86,3002,0.028647568287808126,213.2811459027315,female,0-4,318,0.042713230355943585,0.0012236301834147728
E02006770,E07000239,7445,98999,86,3002,0.028647568287808126,213.2811459027315,male,0-4,373,0.05010073875083949,0.001435264334634309
E02006775,E07000239,5234,98999,39,2137,0.018249883013570427,95.51988769302761,female,0-4,205,0.039166985097439815,0.000714792896022533
E02006775,E07000239,5234,98999,39,2137,0.018249883013570427,95.51988769302761,male,0-4,235,0.04489873901413833,0.0008193967344648549
E02006752,E07000238,6978,120007,9,2110,0.0042654028436018955,29.763981042654027,female,0-4,145,0.020779593006592146,8.86333350992082e-05
E02006752,E07000238,6978,120007,9,2110,0.0042654028436018955,29.763981042654027,male,0-4,161,0.023072513614216108,9.841356517912084e-05
E02006769,E07000239,7260,98999,102,2631,0.03876852907639681,281.4595210946408,female,0-4,161,0.022176308539944904,0.0008597428624380008
E02006769,E07000239,7260,98999,102,2631,0.03876852907639681,281.4595210946408,male,0-4,201,0.02768595041322314,0.0010733435736027216
E02006780,E07000239,5841,98999,29,2373,0.012220817530552043,71.38179519595448,female,0-4,164,0.0280773840095874,0.00034312858671640734
E02006780,E07000239,5841,98999,29,2373,0.012220817530552043,71.38179519595448,male,0-4,142,0.02431090566683787,0.0002970991421568893
E02006710,E07000235,8023,76224,16,3073,0.005206638464041653,41.77286039700618,female,0-4,164,0.020441231459553785,0.00010643010196969103
E02006710,E07000235,8023,76224,16,3073,0.005206638464041653,41.77286039700618,male,0-4,195,0.024305122772030414,0.00012654798709810824
E02006772,E07000239,6487,98999,81,2650,0.030566037735849056,198.28188679245284,female,0-4,178,0.02743949437336211,0.0008387166204688041
E02006772,E07000239,6487,98999,81,2650,0.030566037735849056,198.28188679245284,male,0-4,164,0.025281331894558348,0.0007727501447015948
E02006768,E07000239,6929,98999,76,2622,0.028985507246376812,200.84057971014494,female,0-4,194,0.027998268148361958,0.0008115440043003466
E02006768,E07000239,6929,98999,76,2622,0.028985507246376812,200.84057971014494,male,0-4,202,0.029152835907057296,0.0008450097364364434
E02006776,E07000239,6600,98999,50,2264,0.022084805653710248,145.75971731448763,female,0-4,177,0.026818181818181817,0.0005922743334404112
E02006776,E07000239,6600,98999,50,2264,0.022084805653710248,145.75971731448763,male,0-4,180,0.02727272727272727,0.0006023128814648249
E02006779,E07000239,7763,98999,47,2986,0.015740120562625585,122.19055592766242,female,0-4,171,0.022027566662372794,0.00034671655496701983
E02006779,E07000239,7763,98999,47,2986,0.015740120562625585,122.19055592766242,male,0-4,216,0.027824294731418266,0.00043795775364255135
E02006773,E07000239,8336,98999,90,3333,0.027002700270027002,225.09450945094508,female,0-4,231,0.02771113243761996,0.0007482754033560745
E02006773,E07000239,8336,98999,90,3333,0.027002700270027002,225.09450945094508,male,0-4,215,0.025791746641074857,0.00069644680398942
E02006778,E07000239,6883,98999,44,2683,0.016399552739470743,112.87812150577712,female,0-4,192,0.027894813308150516,0.00045746246200470474
E02006778,E07000239,6883,98999,44,2683,0.016399552739470743,112.87812150577712,male,0-4,213,0.030945808513729477,0.0005074974187864692
E02006771,E07000239,6656,98999,74,2584,0.02863777089783282,190.61300309597524,female,0-4,128,0.019230769230769232,0.0005507263634198619
E02006771,E07000239,6656,98999,74,2584,0.02863777089783282,190.61300309597524,male,0-4,159,0.023888221153846152,0.0006841054045606097
E02006767,E07000239,8853,98999,423,3438,0.12303664921465969,1089.2434554973822,female,0-4,186,0.021009827177228057,0.002584978736465232
E02006767,E07000239,8853,98999,423,3438,0.12303664921465969,1089.2434554973822,male,0-4,190,0.021461651417598555,0.002640569677034377
E02006711,E07000235,7992,76224,13,2603,0.004994237418363427,39.91394544756051,female,0-4,153,0.019144144144144143,9.561040102722776e-05
E02006711,E07000235,7992,76224,13,2603,0.004994237418363427,39.91394544756051,male,0-4,151,0.018893893893893895,9.436059186347316e-05
E02006697,E07000234,7343,95519,582,2760,0.2108695652173913,1548.4152173913044,female,0-4,146,0.01988288165599891,0.004192694610069336
E02006697,E07000234,7343,95519,582,2760,0.2108695652173913,1548.4152173913044,male,0-4,151,0.02056380226065641,0.004336280041921025
E02006748,E07000238,6695,120007,28,2468,0.011345218800648298,75.95623987034035,female,0-4,160,0.02389843166542196,0.0002711329362365538
E02006748,E07000238,6695,120007,28,2468,0.011345218800648298,75.95623987034035,male,0-4,152,0.02270351008215086,0.00025757628942472613
E02006753,E07000238,6436,120007,20,2175,0.009195402298850575,59.181609195402295,female,0-4,152,0.023617153511497825,0.000217169227691934
E02006753,E07000238,6436,120007,20,2175,0.009195402298850575,59.181609195402295,male,0-4,141,0.021908017402113112,0.0002014530335826493
E02006707,E07000234,6848,95519,9,2196,0.004098360655737705,28.065573770491806,female,0-4,210,0.03066588785046729,0.00012567986823962005
E02006707,E07000234,6848,95519,9,2196,0.004098360655737705,28.065573770491806,male,0-4,220,0.03212616822429906,0.00013166462387007813
E02001895,E08000025,8221,1101521,8,3569,0.002241524236480807,18.427570748108714,female,0-4,306,0.037221749178932007,8.343345290878567e-05
E02001895,E08000025,8221,1101521,8,3569,0.002241524236480807,18.427570748108714,male,0-4,301,0.03661355066293638,8.207016119458983e-05
E02006706,E07000234,7094,95519,13,2640,0.004924242424242424,34.932575757575755,female,0-4,147,0.020721736678883565,0.00010203885485813876
E02006706,E07000234,7094,95519,13,2640,0.004924242424242424,34.932575757575755,male,0-4,158,0.02227234282492247,0.00010967441542575458
E02006703,E07000234,7229,95519,11,2633,0.004177744018230156,30.200911507785797,female,0-4,159,0.021994743394660395,9.18884076495497e-05
E02006703,E07000234,7229,95519,11,2633,0.004177744018230156,30.200911507785797,male,0-4,195,0.02697468529533822,0.00011269333013624019
E02006705,E07000234,7134,95519,14,2719,0.0051489518205222505,36.732622287605736,female,0-4,204,0.028595458368376788,0.00014723663742452188
E02006705,E07000234,7134,95519,14,2719,0.0051489518205222505,36.732622287605736,male,0-4,219,0.030698065601345668,0.00015806286076456026
E02006702,E07000234,5790,95519,23,2326,0.009888220120378332,57.25279449699054,female,0-4,147,0.02538860103626943,0.00025104807559509754
E02006702,E07000234,5790,95519,23,2326,0.009888220120378332,57.25279449699054,male,0-4,193,0.03333333333333333,0.0003296073373459444
E02006708,E07000234,8466,95519,12,3221,0.003725551071095933,31.54051536789817,female,0-4,345,0.0407512402551382,0.00015182082678101783
E02006708,E07000234,8466,95519,12,3221,0.003725551071095933,31.54051536789817,male,0-4,348,0.041105598866052445,0.00015314100788346146
E02006709,E07000234,7862,95519,12,2822,0.004252303330970942,33.43160878809355,female,0-4,112,0.014245738997710507,6.057720339210704e-05
E02006709,E07000234,7862,95519,12,2822,0.004252303330970942,33.43160878809355,male,0-4,171,0.02175019079114729,9.248840875044914e-05
E02006774,E07000239,7573,98999,64,2899,0.02207657813038979,167.18592618144186,female,0-4,257,0.033936352832431,0.0007491985447656378
E02006774,E07000239,7573,98999,64,2899,0.02207657813038979,167.18592618144186,male,0-4,258,0.03406840089792684,0.0007521137142005236
E02001946,E08000025,7631,1101521,11,3033,0.003626772172766238,27.67589845037916,female,0-4,208,0.027257240204429302,9.885580027982932e-05
E02001946,E08000025,7631,1101521,11,3033,0.003626772172766238,27.67589845037916,male,0-4,230,0.03014021753374394,0.00010931170223250356
E02006901,E08000025,15014,1101521,10,5840,0.0017123287671232876,25.70890410958904,female,0-4,753,0.050153190355668044,8.587875060902062e-05
E02006901,E08000025,15014,1101521,10,5840,0.0017123287671232876,25.70890410958904,male,0-4,798,0.05315039296656454,9.101094686055571e-05
E02006187,E07000196,7313,110688,2369,2947,0.8038683406854428,5878.689175432643,female,0-4,146,0.01996444687542732,0.01604878678245243
E02006187,E07000196,7313,110688,2369,2947,0.8038683406854428,5878.689175432643,male,0-4,126,0.017229591139067413,0.01385032283965073
E02006777,E07000239,7139,98999,73,2644,0.02760968229954614,197.1055219364599,female,0-4,100,0.014007564084605687,0.0003867443941664959
E02006777,E07000239,7139,98999,73,2644,0.02760968229954614,197.1055219364599,male,0-4,123,0.017229303824064995,0.0004756956048247899
E02002002,E08000027,6982,315653,2194,2941,0.7460047602856171,5208.605236314179,female,0-4,123,0.01761672873102263,0.013142163494003281
E02002002,E08000027,6982,315653,2194,2941,0.7460047602856171,5208.605236314179,male,0-4,127,0.018189630478372958,0.013569550924702573
E02002013,E08000027,6563,315653,2277,2637,0.863481228668942,5667.027303754266,female,0-4,126,0.019198537254304433,0.01657757653699325
E02002013,E08000027,6563,315653,2277,2637,0.863481228668942,5667.027303754266,male,0-4,125,0.019046167911016303,0.016446008469239333
E02002078,E08000028,6286,316289,58,2651,0.02187853640135798,137.52847981893626,female,0-4,180,0.028635062042634427,0.0006264932472549215
E02002078,E08000028,6286,316289,58,2651,0.02187853640135798,137.52847981893626,male,0-4,162,0.025771555838370982,0.0005638439225294292
E02002029,E08000027,5821,315653,910,2458,0.37021969080553296,2155.048820179007,female,0-4,123,0.02113038996735956,0.007822886440316193
E02002029,E08000027,5821,315653,910,2458,0.37021969080553296,2155.048820179007,male,0-4,152,0.026112351829582547,0.009667306820553345
E02006696,E07000234,6224,95519,830,2309,0.3594629709831096,2237.297531398874,female,0-4,125,0.020083547557840618,0.007219291673021964
E02006696,E07000234,6224,95519,830,2309,0.3594629709831096,2237.297531398874,male,0-4,141,0.022654241645244214,0.008143361007168774
E02002035,E08000027,6215,315653,1133,2623,0.43194815097216926,2684.557758292032,female,0-4,165,0.02654867256637168,0.011467650025809803
E02002035,E08000027,6215,315653,1133,2623,0.43194815097216926,2684.557758292032,male,0-4,148,0.023813354786806115,0.010286134568605157
E02002027,E08000027,5585,315653,1634,1917,0.8523735002608243,4760.5059989567035,female,0-4,149,0.02667860340196956,0.022740134563807128
E02002027,E08000027,5585,315653,1634,1917,0.8523735002608243,4760.5059989567035,male,0-4,137,0.024529991047448522,0.020908714330480378
E02002023,E08000027,5328,315653,1842,2111,0.8725722406442444,4649.064898152535,female,0-4,122,0.0228978978978979,0.019980070074811906
E02002023,E08000027,5328,315653,1842,2111,0.8725722406442444,4649.064898152535,male,0-4,155,0.02909159159159159,0.025384515258982335
E02002036,E08000027,6538,315653,2415,2792,0.8649713467048711,5655.182664756447,female,0-4,228,0.03487304986234322,0.030164188903137136
E02002036,E08000027,6538,315653,2415,2792,0.8649713467048711,5655.182664756447,male,0-4,244,0.03732028143163047,0.0322809740893222
E02002006,E08000027,6484,315653,2371,2774,0.8547224224945926,5542.020187454938,female,0-4,230,0.035471930906847624,0.030318654715261614
E02002006,E08000027,6484,315653,2371,2774,0.8547224224945926,5542.020187454938,male,0-4,236,0.03639728562615669,0.031109576142616262
E02002039,E08000027,6423,315653,2050,2529,0.8105970739422697,5206.465005931198,female,0-4,161,0.025066168457107272,0.02031856280627517
E02002039,E08000027,6423,315653,2050,2529,0.8105970739422697,5206.465005931198,male,0-4,153,0.02382064455861747,0.01930894477863417
E02002024,E08000027,8489,315653,3028,3483,0.8693654895205283,7380.043640539765,female,0-4,295,0.034750854046413,0.030211193239316272
E02002024,E08000027,8489,315653,3028,3483,0.8693654895205283,7380.043640539765,male,0-4,285,0.033572858993992226,0.029187084993915723
E02002009,E08000027,6697,315653,2392,2910,0.8219931271477663,5504.887972508591,female,0-4,311,0.04643870389726743,0.03817229543720402
E02002009,E08000027,6697,315653,2392,2910,0.8219931271477663,5504.887972508591,male,0-4,314,0.04688666567119606,0.03854051693659827
E02002018,E08000027,8990,315653,2997,3484,0.8602181400688863,7733.361079219288,female,0-4,190,0.021134593993325918,0.01818036113604988
E02002018,E08000027,8990,315653,2997,3484,0.8602181400688863,7733.361079219288,male,0-4,177,0.01968854282536151,0.016936441689899096
E02002033,E08000027,7674,315653,2219,2966,0.7481456507080243,5741.269723533378,female,0-4,232,0.03023195204586917,0.022617903435530575
E02002033,E08000027,7674,315653,2219,2966,0.7481456507080243,5741.269723533378,male,0-4,209,0.027234818868908002,0.020375611284594357
E02002017,E08000027,8443,315653,3414,3928,0.8691446028513238,7338.187881873727,female,0-4,300,0.035532393698922186,0.030882788209806604
E02002017,E08000027,8443,315653,3414,3928,0.8691446028513238,7338.187881873727,male,0-4,279,0.03304512613999763,0.02872099303512014
E02002041,E08000027,6174,315653,2055,2549,0.8061985092193017,4977.469595919969,female,0-4,164,0.02656300615484289,0.02141505596241747
E02002041,E08000027,6174,315653,2055,2549,0.8061985092193017,4977.469595919969,male,0-4,147,0.023809523809523808,0.019195202600459562
E02002012,E08000027,8054,315653,3436,3885,0.8844272844272845,7123.177348777349,female,0-4,262,0.03253041966724609,0.028770790727582384
E02002012,E08000027,8054,315653,3436,3885,0.8844272844272845,7123.177348777349,male,0-4,266,0.033027067295753665,0.029210039440980592
E02002022,E08000027,8434,315653,3147,3556,0.8849831271091113,7463.947694038245,female,0-4,316,0.03746739388190657,0.03315801140223846
E02002022,E08000027,8434,315653,3147,3556,0.8849831271091113,7463.947694038245,male,0-4,293,0.03474033673227413,0.030744611838151484
E02002034,E08000027,7963,315653,2698,3216,0.8389303482587065,6680.40236318408,female,0-4,247,0.03101846037925405,0.026022327768416488
E02002034,E08000027,7963,315653,2698,3216,0.8389303482587065,6680.40236318408,male,0-4,236,0.0296370714554816,0.024863438677515348
E02002042,E08000027,8222,315653,2220,2974,0.7464694014794889,6137.471418964358,female,0-4,178,0.021649233763074677,0.0161604905696119
E02002042,E08000027,8222,315653,2220,2974,0.7464694014794889,6137.471418964358,male,0-4,219,0.026635855023108734,0.019882850756994416
E02002026,E08000027,7013,315653,2186,2562,0.853239656518345,5983.769711163153,female,0-4,180,0.025666619135890488,0.02189977729549438
E02002026,E08000027,7013,315653,2186,2562,0.853239656518345,5983.769711163153,male,0-4,197,0.028090688720946812,0.023968089595624405
E02002020,E08000027,9771,315653,3408,3903,0.8731744811683321,8531.787855495773,female,0-4,245,0.025074199160781907,0.02189415084292717
E02002020,E08000027,9771,315653,3408,3903,0.8731744811683321,8531.787855495773,male,0-4,290,0.029679664312762255,0.025915525487546442
E02002030,E08000027,6330,315653,2521,2903,0.8684119875990355,5497.047881501895,female,0-4,223,0.03522906793048973,0.030593344902778027
E02002030,E08000027,6330,315653,2521,2903,0.8684119875990355,5497.047881501895,male,0-4,227,0.0358609794628752,0.031142104452603642
E02002028,E08000027,5825,315653,2078,2430,0.8551440329218107,4981.213991769548,female,0-4,130,0.022317596566523604,0.01908475953301895
E02002028,E08000027,5825,315653,2078,2430,0.8551440329218107,4981.213991769548,male,0-4,151,0.02592274678111588,0.022167682226814322
E02002021,E08000027,7518,315653,2907,3277,0.8870918523039365,6669.156545620995,female,0-4,322,0.04283054003724395,0.03799462309681665
E02002021,E08000027,7518,315653,2907,3277,0.8870918523039365,6669.156545620995,male,0-4,348,0.04628890662410216,0.04106251191829874
E02002011,E08000027,5761,315653,2006,2316,0.8661485319516408,4989.881692573403,female,0-4,106,0.01839958340565874,0.01593677215533309
E02002011,E08000027,5761,315653,2006,2316,0.8661485319516408,4989.881692573403,male,0-4,140,0.024301336573511544,0.02104856699760974
E02002019,E08000027,8016,315653,2788,3247,0.8586387434554974,6882.848167539267,female,0-4,264,0.03293413173652695,0.028278521491049317
E02002019,E08000027,8016,315653,2788,3247,0.8586387434554974,6882.848167539267,male,0-4,278,0.03468063872255489,0.029778140054968597
E02002016,E08000027,7873,315653,3246,3671,0.8842277308635249,6961.524925088532,female,0-4,336,0.04267750539819637,0.03773663375716301
E02002016,E08000027,7873,315653,3246,3671,0.8842277308635249,6961.524925088532,male,0-4,337,0.04280452178331005,0.03784894516715456
E02002040,E08000027,6006,315653,1787,2238,0.7984807864164433,4795.675603217158,female,0-4,128,0.021312021312021312,0.017017239537346775
E02002040,E08000027,6006,315653,1787,2238,0.7984807864164433,4795.675603217158,male,0-4,144,0.023976023976023976,0.019144394479515124
E02002015,E08000027,6039,315653,2300,2613,0.880214313050134,5315.614236509759,female,0-4,154,0.025500910746812388,0.022446266635158245
E02002015,E08000027,6039,315653,2300,2613,0.880214313050134,5315.614236509759,male,0-4,172,0.02848153667825799,0.02506985624186505
E02002037,E08000027,5965,315653,1882,2241,0.8398036590807675,5009.428826416778,female,0-4,154,0.02581726739312657,0.02168143562421428
E02002037,E08000027,5965,315653,1882,2241,0.8398036590807675,5009.428826416778,male,0-4,153,0.02564962279966471,0.021540647081199904
E02001901,E08000025,8063,1101521,11,2791,0.003941239699032604,31.778215693299888,female,0-4,293,0.03633883170035967,0.000143220046113922
E02001901,E08000025,8063,1101521,11,2791,0.003941239699032604,31.778215693299888,male,0-4,246,0.0305097358303361,0.00012024618206151812
E02006698,E07000234,6535,95519,10,2771,0.003608805485384338,23.583543846986647,female,0-4,141,0.021576128538638103,7.786405102359474e-05
E02006698,E07000234,6535,95519,10,2771,0.003608805485384338,23.583543846986647,male,0-4,133,0.02035195103289977,7.344623252580214e-05
E02001921,E08000025,7888,1101521,10,3211,0.003114294612270321,24.56555590158829,female,0-4,306,0.03879310344827586,0.00012081315306221073
E02001921,E08000025,7888,1101521,10,3211,0.003114294612270321,24.56555590158829,male,0-4,311,0.03942697768762678,0.00012278722419067822
E02001927,E08000025,7803,1101521,10,3616,0.0027654867256637168,21.579092920353983,female,0-4,294,0.03767781622452903,0.00010419750062093206
E02001927,E08000025,7803,1101521,10,3616,0.0027654867256637168,21.579092920353983,male,0-4,335,0.042932205561963345,0.00011872844458507561
E02001952,E08000025,9117,1101521,12,4047,0.0029651593773165306,27.03335804299481,female,0-4,373,0.04091258089283756,0.00012131232288461841
E02001952,E08000025,9117,1101521,12,4047,0.0029651593773165306,27.03335804299481,male,0-4,392,0.04299659975869255,0.0001274917709672129
E02001913,E08000025,7746,1101521,14,2873,0.004872955099199443,37.74591019839888,female,0-4,197,0.025432481280660987,0.00012393133934189134
E02001913,E08000025,7746,1101521,14,2873,0.004872955099199443,37.74591019839888,male,0-4,232,0.029950942421895173,0.000145949597600603
E02001932,E08000025,7076,1101521,14,3205,0.00436817472698908,30.90920436817473,female,0-4,299,0.04225551158846806,0.00018457945779674039
E02001932,E08000025,7076,1101521,14,3205,0.00436817472698908,30.90920436817473,male,0-4,315,0.044516676088185415,0.00019445661941797063
E02001899,E08000025,8050,1101521,17,3211,0.005294300840859545,42.61912176891934,female,0-4,227,0.028198757763975155,0.0001492927069410083
E02001899,E08000025,8050,1101521,17,3211,0.005294300840859545,42.61912176891934,male,0-4,234,0.02906832298136646,0.0001538964468026253
E02001911,E08000025,8103,1101521,21,3490,0.006017191977077364,48.75730659025788,female,0-4,383,0.0472664445267185,0.00028441127079114286
E02001911,E08000025,8103,1101521,21,3490,0.006017191977077364,48.75730659025788,male,0-4,388,0.04788349993829446,0.0002881242116630899
E02001951,E08000025,8399,1101521,21,3936,0.005335365853658537,44.81173780487805,female,0-4,338,0.04024288605786403,0.00021471052012579897
E02001951,E08000025,8399,1101521,21,3936,0.005335365853658537,44.81173780487805,male,0-4,365,0.04345755447077033,0.0002318619522068539
E02001928,E08000025,6890,1101521,23,3103,0.007412181759587496,51.06993232355784,female,0-4,243,0.03526850507982583,0.00026141657004060396
E02001928,E08000025,6890,1101521,23,3103,0.007412181759587496,51.06993232355784,male,0-4,231,0.033526850507982583,0.00024850710979168526
E02001920,E08000025,7512,1101521,52,3186,0.016321406151914627,122.60640301318267,female,0-4,279,0.0371405750798722,0.0006061864105942732
E02001920,E08000025,7512,1101521,52,3186,0.016321406151914627,122.60640301318267,male,0-4,279,0.0371405750798722,0.0006061864105942732
E02001906,E08000025,9284,1101521,90,3832,0.02348643006263048,218.04801670146136,female,0-4,325,0.035006462731581214,0.0008221768386853626
E02001906,E08000025,9284,1101521,90,3832,0.02348643006263048,218.04801670146136,male,0-4,317,0.03414476518741921,0.0008019386395792613
E02001935,E08000025,7920,1101521,9,3303,0.0027247956403269754,21.580381471389646,female,0-4,259,0.032702020202020204,8.910632207634933e-05
E02001935,E08000025,7920,1101521,9,3303,0.0027247956403269754,21.580381471389646,male,0-4,289,0.03648989898989899,9.942751768364847e-05
E02001926,E08000025,7401,1101521,9,2620,0.003435114503816794,25.42328244274809,female,0-4,244,0.03296851776786921,0.00011325063355374919
E02001926,E08000025,7401,1101521,9,2620,0.003435114503816794,25.42328244274809,male,0-4,251,0.03391433590055398,0.00011649962713930756
E02001919,E08000025,6664,1101521,8,2649,0.003020007550018875,20.125330313325783,female,0-4,201,0.03016206482593037,9.108966349846847e-05
E02001919,E08000025,6664,1101521,8,2649,0.003020007550018875,20.125330313325783,male,0-4,200,0.030012004801920768,9.063648109300345e-05
E02001938,E08000025,7790,1101521,8,2854,0.002803083391730904,21.83601962158374,female,0-4,287,0.03684210526315789,0.0001032714933795596
E02001938,E08000025,7790,1101521,8,2854,0.002803083391730904,21.83601962158374,male,0-4,256,0.032862644415917845,9.211673277061765e-05
E02002168,E08000031,11027,253250,76,3901,0.019482184055370416,214.8300435785696,female,5-9,303,0.0274780085245307,0.0005353316195499443
E02002168,E08000031,11027,253250,76,3901,0.019482184055370416,214.8300435785696,male,5-9,317,0.02874761947945951,0.000560066413852582
E02006130,E07000192,7338,98508,16,1959,0.00816743236345074,59.932618683001536,female,5-9,203,0.027664213682202236,0.00022594559413743531
E02006130,E07000192,7338,98508,16,1959,0.00816743236345074,59.932618683001536,male,5-9,233,0.031752521122921776,0.00025933656864050457
E02006177,E07000196,9842,110688,32,3021,0.010592519033432638,104.25157232704403,female,5-9,231,0.023470839260312945,0.0002486153115955029
E02006177,E07000196,9842,110688,32,3021,0.010592519033432638,104.25157232704403,male,5-9,220,0.02235318024791709,0.00023677648723381228
E02002134,E08000030,8444,273933,35,3485,0.010043041606886656,84.80344332855093,female,5-9,308,0.0364756039791568,0.0003663260083989922
E02002134,E08000030,8444,273933,35,3485,0.010043041606886656,84.80344332855093,male,5-9,305,0.03612032212221696,0.0003627578979275735
E02002120,E08000030,6211,273933,24,2204,0.010889292196007259,67.63339382940109,female,5-9,175,0.028175817098695863,0.00030681470524895676
E02002120,E08000030,6211,273933,24,2204,0.010889292196007259,67.63339382940109,male,5-9,185,0.02978586379004991,0.0003243469741203257
E02002129,E08000030,5759,273933,34,2402,0.014154870940882597,81.51790174854288,female,5-9,136,0.023615210974127453,0.0003342702635804885
E02002129,E08000030,5759,273933,34,2402,0.014154870940882597,81.51790174854288,male,5-9,150,0.026046188574405278,0.0003686804377725976
E02002131,E08000030,7803,273933,19,2882,0.00659264399722415,51.44240111034004,female,5-9,175,0.02242727156221966,0.0001478550172387833
E02002131,E08000030,7803,273933,19,2882,0.00659264399722415,51.44240111034004,male,5-9,198,0.025374855824682813,0.0001672873909330234
E02006175,E07000196,7115,110688,15,1490,0.010067114093959731,71.62751677852349,female,5-9,208,0.029234012649332397,0.00029430214076509124
E02006175,E07000196,7115,110688,15,1490,0.010067114093959731,71.62751677852349,male,5-9,206,0.028952916373858047,0.0002914723124885038
E02006155,E07000194,5739,102062,10,2456,0.004071661237785016,23.36726384364821,female,5-9,176,0.030667363652204217,0.00012486711584773705
E02006155,E07000194,5739,102062,10,2456,0.004071661237785016,23.36726384364821,male,5-9,223,0.038856943718417844,0.00015821231155707592
E02006129,E07000192,7951,98508,11,2006,0.005483549351944167,43.599700897308075,female,5-9,226,0.02842409759778644,0.0001558649419619396
E02006129,E07000192,7951,98508,11,2006,0.005483549351944167,43.599700897308075,male,5-9,224,0.02817255691108037,0.00015448560619236494
E02006180,E07000196,6835,110688,36,2673,0.013468013468013467,92.05387205387206,female,5-9,195,0.02852962692026335,0.00038423739959950637
E02006180,E07000196,6835,110688,36,2673,0.013468013468013467,92.05387205387206,male,5-9,211,0.03087051938551573,0.00041576457084869665
E02002043,E08000028,8799,316289,31,3725,0.00832214765100671,73.22657718120804,female,5-9,304,0.03454938061143312,0.0002875250466991749
E02002043,E08000028,8799,316289,31,3725,0.00832214765100671,73.22657718120804,male,5-9,333,0.03784520968291851,0.0003149534228645567
E02002148,E08000030,11314,273933,12,4622,0.0025962786672436176,29.37429684119429,female,5-9,304,0.02686936538801485,6.976036015927698e-05
E02002148,E08000030,11314,273933,12,4622,0.0025962786672436176,29.37429684119429,male,5-9,294,0.02598550468446173,6.746561146982709e-05
E02006126,E07000192,8412,98508,11,1815,0.006060606060606061,50.981818181818184,female,5-9,247,0.029362815026153115,0.00017795645470395827
E02006126,E07000192,8412,98508,11,1815,0.006060606060606061,50.981818181818184,male,5-9,252,0.029957203994293864,0.00018155881208662948
E02002046,E08000028,5770,316289,16,2410,0.006639004149377593,38.30705394190871,female,5-9,269,0.04662045060658579,0.0003095133650229762
E02002046,E08000028,5770,316289,16,2410,0.006639004149377593,38.30705394190871,male,5-9,219,0.03795493934142114,0.0002519829997770698
E02002047,E08000028,6640,316289,124,3214,0.038581207218419414,256.1792159303049,female,5-9,203,0.030572289156626506,0.001179515823093244
E02002047,E08000028,6640,316289,124,3214,0.038581207218419414,256.1792159303049,male,5-9,195,0.029367469879518073,0.0011330324409023775
E02002045,E08000028,7925,316289,34,3323,0.01023171832681312,81.08636773999399,female,5-9,261,0.03293375394321767,0.0003369688937915741
E02002045,E08000028,7925,316289,34,3323,0.01023171832681312,81.08636773999399,male,5-9,295,0.03722397476340694,0.0003808652247835799
E02002044,E08000028,7501,316289,27,3214,0.008400746733042938,63.014001244555075,female,5-9,244,0.03252899613384882,0.00027326785800059684
E02002044,E08000028,7501,316289,27,3214,0.008400746733042938,63.014001244555075,male,5-9,289,0.038528196240501265,0.0003236656186974282
E02006178,E07000196,7888,110688,18,2689,0.00669393826701376,52.801785050204536,female,5-9,176,0.02231237322515213,0.00014935764895973906
E02006178,E07000196,7888,110688,18,2689,0.00669393826701376,52.801785050204536,male,5-9,195,0.024721095334685597,0.00016548148606334724
E02002146,E08000030,6578,273933,19,2657,0.007150922092585623,47.038765525028225,female,5-9,251,0.03815749467923381,0.0002728612716994514
E02002146,E08000030,6578,273933,19,2657,0.007150922092585623,47.038765525028225,male,5-9,257,0.03906962602614777,0.0002793838518994383
E02002110,E08000030,6695,273933,15,2592,0.005787037037037037,38.74421296296296,female,5-9,227,0.0339058999253174,0.00019621469864188312
E02002110,E08000030,6695,273933,15,2592,0.005787037037037037,38.74421296296296,male,5-9,227,0.0339058999253174,0.00019621469864188312
E02002112,E08000030,5455,273933,19,2078,0.009143407122232916,49.877285851780556,female,5-9,147,0.026947754353803848,0.00024639428908675317
E02002112,E08000030,5455,273933,19,2078,0.009143407122232916,49.877285851780556,male,5-9,165,0.03024747937671861,0.00027656501836268214
E02002113,E08000030,6555,273933,20,2632,0.007598784194528876,49.81003039513678,female,5-9,194,0.02959572845156369,0.00022489155358331071
E02002113,E08000030,6555,273933,20,2632,0.007598784194528876,49.81003039513678,male,5-9,192,0.029290617848970253,0.00022257308395874054
E02002124,E08000030,7088,273933,25,2905,0.008605851979345954,60.998278829604125,female,5-9,180,0.025395033860045147,0.00021854590241002705
E02002124,E08000030,7088,273933,25,2905,0.008605851979345954,60.998278829604125,male,5-9,192,0.02708803611738149,0.0002331156292373622
E02002114,E08000030,6027,273933,12,2486,0.004827031375703942,29.092518101367656,female,5-9,145,0.024058403849344615,0.00011613067023014294
E02002114,E08000030,6027,273933,12,2486,0.004827031375703942,29.092518101367656,male,5-9,143,0.023726563796250207,0.00011452886788214098
E02002116,E08000030,6796,273933,28,2645,0.01058601134215501,71.94253308128545,female,5-9,175,0.025750441436138905,0.0002725944651084648
E02002116,E08000030,6796,273933,28,2645,0.01058601134215501,71.94253308128545,male,5-9,178,0.026191877575044143,0.00027726751308175274
E02002138,E08000030,6485,273933,16,2394,0.006683375104427736,43.34168755221386,female,5-9,214,0.03299922898997687,0.00022054622549692141
E02002138,E08000030,6485,273933,16,2394,0.006683375104427736,43.34168755221386,male,5-9,218,0.03361603700848111,0.0002246685848520041
E02002145,E08000030,7105,273933,41,3016,0.013594164456233421,96.58653846153845,female,5-9,293,0.04123856439127375,0.0005606038262739468
E02002145,E08000030,7105,273933,41,3016,0.013594164456233421,96.58653846153845,male,5-9,290,0.04081632653061224,0.0005548638553564662
E02002147,E08000030,8031,273933,66,3184,0.0207286432160804,166.4717336683417,female,5-9,288,0.03586103847590587,0.0007433506719251845
E02002147,E08000030,8031,273933,66,3184,0.0207286432160804,166.4717336683417,male,5-9,315,0.03922301083302204,0.0008130397974181704
E02002119,E08000030,5943,273933,23,2452,0.009380097879282219,55.74592169657423,female,5-9,184,0.030960794211677602,0.0002904152801258503
E02002119,E08000030,5943,273933,23,2452,0.009380097879282219,55.74592169657423,male,5-9,163,0.027427225307083965,0.0002572700579375739
E02002117,E08000030,6391,273933,22,2461,0.008939455505891914,57.132060138155225,female,5-9,162,0.02534814583007354,0.00022659862180480207
E02002117,E08000030,6391,273933,22,2461,0.008939455505891914,57.132060138155225,male,5-9,194,0.030355186981693007,0.0002713588433958741
E02002132,E08000030,6479,273933,39,2806,0.013898788310762652,90.05024946543122,female,5-9,209,0.03225806451612903,0.0004483480100246017
E02002132,E08000030,6479,273933,39,2806,0.013898788310762652,90.05024946543122,male,5-9,238,0.03673406389874981,0.0005105589779227521
E02002139,E08000030,9513,273933,49,4150,0.011807228915662651,112.3221686746988,female,5-9,331,0.034794491748134135,0.00041082652907435484
E02002139,E08000030,9513,273933,49,4150,0.011807228915662651,112.3221686746988,male,5-9,319,0.03353306002312625,0.0003959325159357075
E02002136,E08000030,7706,273933,44,3044,0.01445466491458607,111.38764783180027,female,5-9,275,0.03568647806903712,0.0005158360824696561
E02002136,E08000030,7706,273933,44,3044,0.01445466491458607,111.38764783180027,male,5-9,286,0.0371139371917986,0.0005364695257684423
E02002118,E08000030,7347,273933,27,3045,0.008866995073891626,65.14581280788178,female,5-9,248,0.03375527426160337,0.0002993078505954979
E02002118,E08000030,7347,273933,27,3045,0.008866995073891626,65.14581280788178,male,5-9,229,0.0311691847012386,0.0002763770072031009
E02002128,E08000030,5558,273933,17,2321,0.007324429125376993,40.70917707884533,female,5-9,143,0.025728679381072327,0.00018844788861621266
E02002128,E08000030,5558,273933,17,2321,0.007324429125376993,40.70917707884533,male,5-9,161,0.028967254408060455,0.00021216860186860307
E02002142,E08000030,6831,273933,27,2814,0.009594882729211088,65.54264392324095,female,5-9,250,0.0365978626848192,0.0003511522006006107
E02002142,E08000030,6831,273933,27,2814,0.009594882729211088,65.54264392324095,male,5-9,290,0.04245352071439028,0.00040733655269670845
E02002123,E08000030,6475,273933,29,2966,0.009777478084962913,63.30917060013486,female,5-9,179,0.027644787644787644,0.00027029630536036465
E02002123,E08000030,6475,273933,29,2966,0.009777478084962913,63.30917060013486,male,5-9,176,0.027181467181467182,0.000265766199683934
E02002144,E08000030,6676,273933,16,2662,0.006010518407212622,40.126220886551465,female,5-9,179,0.026812462552426603,0.00016115679971405924
E02002144,E08000030,6676,273933,16,2662,0.006010518407212622,40.126220886551465,male,5-9,186,0.02786099460754943,0.00016745902093192748
E02002133,E08000030,6723,273933,23,2899,0.00793377026560883,53.338737495688164,female,5-9,179,0.026625018592890078,0.00021123678083355353
E02002133,E08000030,6723,273933,23,2899,0.00793377026560883,53.338737495688164,male,5-9,185,0.027517477316674102,0.00021831734331959445
E02002125,E08000030,6150,273933,21,2579,0.0081426909654905,50.07754943776657,female,5-9,204,0.033170731707317075,0.00027009901739187997
E02002125,E08000030,6150,273933,21,2579,0.0081426909654905,50.07754943776657,male,5-9,190,0.030894308943089432,0.00025156281031596666
E02002111,E08000030,6159,273933,24,2566,0.009353078721745909,57.60561184723305,female,5-9,174,0.0282513395031661,0.0002642370023678825
E02002111,E08000030,6159,273933,24,2566,0.009353078721745909,57.60561184723305,male,5-9,201,0.03263516804676084,0.0003052392958387608
E02002122,E08000030,5626,273933,26,2451,0.010607915136678907,59.68013055895553,female,5-9,234,0.041592605758976185,0.00044121083220456176
E02002122,E08000030,5626,273933,26,2451,0.010607915136678907,59.68013055895553,male,5-9,238,0.04230359047280483,0.00044875289771233195
E02002115,E08000030,6774,273933,19,2716,0.006995581737849779,47.388070692194404,female,5-9,201,0.02967227635075288,0.00020757483455975873
E02002115,E08000030,6774,273933,19,2716,0.006995581737849779,47.388070692194404,male,5-9,174,0.025686448184233834,0.00017969164782785082
E02002143,E08000030,10020,273933,34,3975,0.008553459119496854,85.70566037735848,female,5-9,463,0.04620758483033932,0.0003952346878569904
E02002143,E08000030,10020,273933,34,3975,0.008553459119496854,85.70566037735848,male,5-9,502,0.050099800399201595,0.00042852659460952306
E02002130,E08000030,6711,273933,30,2715,0.011049723756906077,74.15469613259668,female,5-9,278,0.041424526896140665,0.0004577295789628803
E02002130,E08000030,6711,273933,30,2715,0.011049723756906077,74.15469613259668,male,5-9,287,0.04276560870213083,0.00047254816245448426
E02002126,E08000030,6701,273933,25,2766,0.009038322487346349,60.565798987707886,female,5-9,239,0.03566631845993135,0.0003223636881772537
E02002126,E08000030,6701,273933,25,2766,0.009038322487346349,60.565798987707886,male,5-9,286,0.04268019698552455,0.00038575738417863836
E02002127,E08000030,8612,273933,33,3788,0.008711721224920803,75.02534318901796,female,5-9,407,0.04725963771481653,0.00041171278896223485
E02002127,E08000030,8612,273933,33,3788,0.008711721224920803,75.02534318901796,male,5-9,368,0.042731072921504874,0.0003722611949339126
E02002121,E08000030,6502,273933,27,2956,0.009133964817320704,59.38903924221922,female,5-9,212,0.032605352199323284,0.0002978161398449691
E02002121,E08000030,6502,273933,27,2956,0.009133964817320704,59.38903924221922,male,5-9,254,0.03906490310673639,0.00035681745056897243
E02002140,E08000030,8199,273933,27,3608,0.007483370288248337,61.35615299334812,female,5-9,332,0.04049274301744115,0.0003030221899863944
E02002140,E08000030,8199,273933,27,3608,0.007483370288248337,61.35615299334812,male,5-9,347,0.04232223441883157,0.00031671295158216525
E02002135,E08000030,7467,273933,29,3125,0.00928,69.29376,female,5-9,286,0.0383018615240391,0.00035544127494308286
E02002135,E08000030,7467,273933,29,3125,0.00928,69.29376,male,5-9,395,0.05289942413285121,0.0004909066559528592
E02006122,E07000192,6630,98508,8,1372,0.0058309037900874635,38.65889212827988,female,5-9,169,0.025490196078431372,0.0001486308809237981
E02006122,E07000192,6630,98508,8,1372,0.0058309037900874635,38.65889212827988,male,5-9,173,0.026093514328808447,0.0001521487715965507
E02006151,E07000194,8781,102062,18,3519,0.005115089514066497,44.915601023017906,female,5-9,231,0.026306798770071745,0.00013456163053745138
E02006151,E07000194,8781,102062,18,3519,0.005115089514066497,44.915601023017906,male,5-9,248,0.028242796947955815,0.00014446443451639803
E02006128,E07000192,8441,98508,11,2021,0.0054428500742206825,45.94309747649678,female,5-9,187,0.022153773249614976,0.00012057966637593505
E02006128,E07000192,8441,98508,11,2021,0.0054428500742206825,45.94309747649678,male,5-9,173,0.02049520199028551,0.00011155231167399337
E02002160,E08000031,7038,253250,36,2718,0.013245033112582781,93.21854304635761,female,5-9,205,0.02912759306621199,0.00038579593465181447
E02002160,E08000031,7038,253250,36,2718,0.013245033112582781,93.21854304635761,male,5-9,214,0.030406365444728616,0.0004027333171487234
E02002049,E08000028,6318,316289,724,2583,0.2802942315137437,1770.8989547038327,female,5-9,209,0.03308008863564419,0.009272158022534416
E02002049,E08000028,6318,316289,724,2583,0.2802942315137437,1770.8989547038327,male,5-9,222,0.03513770180436847,0.009848895124414546
E02002170,E08000031,6261,253250,38,2340,0.01623931623931624,101.67435897435898,female,5-9,218,0.034818719054464146,0.0005654321897733494
E02002170,E08000031,6261,253250,38,2340,0.01623931623931624,101.67435897435898,male,5-9,198,0.03162434115955918,0.0005135576769501063
E02002175,E08000031,7269,253250,73,3164,0.02307206068268015,167.710809102402,female,5-9,260,0.03576833126977576,0.0008252491095744722
E02002175,E08000031,7269,253250,73,3164,0.02307206068268015,167.710809102402,male,5-9,311,0.04278442701884716,0.0009871248964525418
E02006156,E07000194,7668,102062,8,3055,0.002618657937806874,20.07986906710311,female,5-9,165,0.021517996870109544,5.6348273309615835e-05
E02006156,E07000194,7668,102062,8,3055,0.002618657937806874,20.07986906710311,male,5-9,181,0.023604590505998956,6.181234829721495e-05
E02002153,E08000031,7380,253250,46,2996,0.015353805073431242,113.31108144192257,female,5-9,191,0.025880758807588077,0.00039736812588419613
E02002153,E08000031,7380,253250,46,2996,0.015353805073431242,113.31108144192257,male,5-9,181,0.024525745257452575,0.00037656351196355755
E02002052,E08000028,11268,316289,59,4711,0.012523880280195288,141.1190829972405,female,5-9,443,0.03931487397941072,0.0004923747749491047
E02002052,E08000028,11268,316289,59,4711,0.012523880280195288,141.1190829972405,male,5-9,409,0.036297479588214415,0.0004545852888356295
E02002055,E08000028,9306,316289,59,3933,0.015001271294177472,139.60183066361554,female,5-9,301,0.032344723834085536,0.0004852119771703653
E02002055,E08000028,9306,316289,59,3933,0.015001271294177472,139.60183066361554,male,5-9,308,0.03309692671394799,0.0004964959766394435
E02002048,E08000028,6531,316289,8,2546,0.003142183817753339,20.521602513747055,female,5-9,141,0.021589343132751494,6.783768462765591e-05
E02002048,E08000028,6531,316289,8,2546,0.003142183817753339,20.521602513747055,male,5-9,156,0.02388608176389527,7.505445958804484e-05
E02002171,E08000031,7412,253250,63,2973,0.02119071644803229,157.06559031281535,female,5-9,237,0.031975175391257424,0.000677576875092236
E02002171,E08000031,7412,253250,63,2973,0.02119071644803229,157.06559031281535,male,5-9,244,0.03291958985429034,0.0006975896941877872
E02002181,E08000031,7544,253250,194,2860,0.06783216783216783,511.72587412587416,female,5-9,249,0.033006362672322376,0.002238893132318371
E02002181,E08000031,7544,253250,194,2860,0.06783216783216783,511.72587412587416,male,5-9,293,0.03883881230116649,0.00263452083441479
E02002051,E08000028,5608,316289,511,2576,0.1983695652173913,1112.4565217391305,female,5-9,249,0.04440085592011412,0.008807778484153072
E02002051,E08000028,5608,316289,511,2576,0.1983695652173913,1112.4565217391305,male,5-9,228,0.04065620542082739,0.008064953792718476
E02006810,E08000028,10065,316289,36,4151,0.008672609009877139,87.2898096844134,female,5-9,269,0.02672627918529558,0.00023178656966288627
E02006810,E08000028,10065,316289,36,4151,0.008672609009877139,87.2898096844134,male,5-9,307,0.03050173869846001,0.0002645296538531825
E02006124,E07000192,7632,98508,8,1666,0.004801920768307323,36.64825930372149,female,5-9,267,0.03498427672955975,0.00016799172499188354
E02006124,E07000192,7632,98508,8,1666,0.004801920768307323,36.64825930372149,male,5-9,271,0.0355083857442348,0.00017050845495430875
E02006202,E07000197,8878,132044,10,1780,0.0056179775280898875,49.87640449438202,female,5-9,247,0.027821581437260646,0.00015630101931045305
E02006202,E07000197,8878,132044,10,1780,0.0056179775280898875,49.87640449438202,male,5-9,213,0.023991890065330028,0.00013478589924342712
E02006186,E07000196,12377,110688,2790,4611,0.605074821080026,7489.0110605074815,female,5-9,297,0.023996121838894723,0.014519449128283728
E02006186,E07000196,12377,110688,2790,4611,0.605074821080026,7489.0110605074815,male,5-9,278,0.022461016401389675,0.013590595480346386
E02002071,E08000028,6650,316289,1140,2828,0.4031117397454031,2680.6930693069307,female,5-9,232,0.03488721804511278,0.014063447161042634
E02002071,E08000028,6650,316289,1140,2828,0.4031117397454031,2680.6930693069307,male,5-9,217,0.03263157894736842,0.013154172560113154
E02001886,E08000025,9196,1101521,15,3600,0.004166666666666667,38.31666666666666,female,5-9,290,0.03153545019573728,0.00013139770914890534
E02001886,E08000025,9196,1101521,15,3600,0.004166666666666667,38.31666666666666,male,5-9,303,0.03294910830795998,0.0001372879512831666
E02002067,E08000028,5450,316289,1329,2304,0.5768229166666666,3143.684895833333,female,5-9,149,0.027339449541284404,0.01577002102446483
E02002067,E08000028,5450,316289,1329,2304,0.5768229166666666,3143.684895833333,male,5-9,167,0.030642201834862385,0.017675124235474005
E02002014,E08000027,7170,315653,2764,3215,0.8597200622083981,6164.192846034215,female,5-9,280,0.03905160390516039,0.033573447338682214
E02002014,E08000027,7170,315653,2764,3215,0.8597200622083981,6164.192846034215,male,5-9,278,0.03877266387726639,0.033333637000548776
E02002031,E08000027,5952,315653,1897,2242,0.8461195361284567,5036.103479036574,female,5-9,172,0.02889784946236559,0.024451034982206746
E02002031,E08000027,5952,315653,1897,2242,0.8461195361284567,5036.103479036574,male,5-9,198,0.03326612903225806,0.028147121665563577
E02002032,E08000027,10187,315653,3407,4176,0.8158524904214559,8311.08931992337,female,5-9,332,0.032590556591734564,0.02658908675958804
E02002032,E08000027,10187,315653,3407,4176,0.8158524904214559,8311.08931992337,male,5-9,321,0.031510748993815646,0.02570812304164988
E02002001,E08000027,6002,315653,1811,2412,0.7508291873963516,4506.476782752902,female,5-9,180,0.02999000333222259,0.022517369831946566
E02002001,E08000027,6002,315653,1811,2412,0.7508291873963516,4506.476782752902,male,5-9,168,0.027990669776741087,0.02101621184315013
E02002077,E08000028,10521,316289,3346,4614,0.7251842219332466,7629.663198959687,female,5-9,364,0.034597471723220224,0.02508954061246096
E02002077,E08000028,10521,316289,3346,4614,0.7251842219332466,7629.663198959687,male,5-9,375,0.035642999714856,0.02584774101558478
E02001900,E08000025,7094,1101521,8,2566,0.003117692907248636,22.116913484021826,female,5-9,188,0.02650126867775585,8.262281738972984e-05
E02001900,E08000025,7094,1101521,8,2566,0.003117692907248636,22.116913484021826,male,5-9,217,0.030589230335494783,9.53678264551669e-05
E02006181,E07000196,5700,110688,41,2088,0.019636015325670497,111.92528735632183,female,5-9,144,0.02526315789473684,0.0004960677555958862
E02006181,E07000196,5700,110688,41,2088,0.019636015325670497,111.92528735632183,male,5-9,137,0.024035087719298246,0.00047195335080997514
E02001879,E08000025,10994,1101521,20,4424,0.0045207956600361665,49.701627486437616,female,5-9,492,0.044751682736037836,0.0002023132130923953
E02001879,E08000025,10994,1101521,20,4424,0.0045207956600361665,49.701627486437616,male,5-9,446,0.0405675823176278,0.00018339775007969168
E02001866,E08000025,8949,1101521,8,3671,0.002179242713157178,19.502043040043585,female,5-9,417,0.04659738518270198,0.00010154701211158154
E02001866,E08000025,8949,1101521,8,3671,0.002179242713157178,19.502043040043585,male,5-9,430,0.048050061459380934,0.00010471274630211045
E02002008,E08000027,8544,315653,2480,2912,0.8516483516483516,7276.483516483516,female,5-9,275,0.032186329588014984,0.02741143453924353
E02002008,E08000027,8544,315653,2480,2912,0.8516483516483516,7276.483516483516,male,5-9,241,0.02820692883895131,0.024022384450755236
E02002004,E08000027,7541,315653,2747,3237,0.8486252703120173,6399.483163422922,female,5-9,239,0.03169340936215356,0.026895828087066986
E02002004,E08000027,7541,315653,2747,3237,0.8486252703120173,6399.483163422922,male,5-9,257,0.034080360694868056,0.028921455307013455
E02002167,E08000031,6614,253250,90,2412,0.03731343283582089,246.79104477611938,female,5-9,168,0.025400665255518595,0.0009477860169969624
E02002167,E08000031,6614,253250,90,2412,0.03731343283582089,246.79104477611938,male,5-9,165,0.024947081947384337,0.0009308612666934454
E02006182,E07000196,6858,110688,47,2192,0.02144160583941606,147.04653284671534,female,5-9,159,0.023184601924759404,0.000497115096014458
E02006182,E07000196,6858,110688,47,2192,0.02144160583941606,147.04653284671534,male,5-9,230,0.033537474482356375,0.0007190973087001595
E02002079,E08000028,8081,316289,153,3774,0.04054054054054054,327.6081081081081,female,5-9,249,0.030813018190817967,0.001249176413141269
E02002079,E08000028,8081,316289,153,3774,0.04054054054054054,327.6081081081081,male,5-9,238,0.029451800519737656,0.0011939919129623374
E02001861,E08000025,10383,1101521,8,4006,0.00199700449326011,20.73489765351972,female,5-9,479,0.04613310218626601,9.212801235400102e-05
E02001861,E08000025,10383,1101521,8,4006,0.00199700449326011,20.73489765351972,male,5-9,486,0.04680728113262063,9.347435073913257e-05
E02002025,E08000027,7828,315653,1831,3361,0.5447783397798275,4264.524843796489,female,5-9,254,0.03244762391415432,0.017676762685753217
E02002025,E08000027,7828,315653,1831,3361,0.5447783397798275,4264.524843796489,male,5-9,266,0.03398058252427184,0.018511885332324233
E02002162,E08000031,7547,253250,87,2826,0.03078556263269639,232.33864118895966,female,5-9,190,0.02517556645024513,0.0007750439777676314
E02002162,E08000031,7547,253250,87,2826,0.03078556263269639,232.33864118895966,male,5-9,177,0.023453027693123095,0.000722014652973004
E02002010,E08000027,7321,315653,3068,3523,0.8708487084870848,6375.483394833948,female,5-9,237,0.03237262669034285,0.0281916601436196
E02002010,E08000027,7321,315653,3068,3523,0.8708487084870848,6375.483394833948,male,5-9,257,0.03510449392159541,0.030570703193714084
E02001873,E08000025,11051,1101521,12,4852,0.00247320692497939,27.33140972794724,female,5-9,497,0.04497330558320514,0.00011122829080759721
E02001873,E08000025,11051,1101521,12,4852,0.00247320692497939,27.33140972794724,male,5-9,495,0.044792326486290834,0.00011078069205183223
E02002073,E08000028,7623,316289,34,3367,0.010098010098010098,76.97713097713097,female,5-9,308,0.04040404040404041,0.00040800040800040803
E02002073,E08000028,7623,316289,34,3367,0.010098010098010098,76.97713097713097,male,5-9,271,0.035550308277581,0.0003589873719743849
E02002161,E08000031,6390,253250,29,2544,0.01139937106918239,72.84198113207546,female,5-9,229,0.03583724569640063,0.0004085220617907304
E02002161,E08000031,6390,253250,29,2544,0.01139937106918239,72.84198113207546,male,5-9,254,0.039749608763693274,0.0004531205401521639
E02002174,E08000031,7479,253250,127,2806,0.04526015680684248,338.5007127583749,female,5-9,194,0.025939296697419442,0.0011740166359844153
E02002174,E08000031,7479,253250,127,2806,0.04526015680684248,338.5007127583749,male,5-9,221,0.02954940500066854,0.0013374107038791533
E02002164,E08000031,7261,253250,33,2344,0.014078498293515358,102.22397610921502,female,5-9,221,0.030436578983611073,0.0004285013252812139
E02002164,E08000031,7261,253250,33,2344,0.014078498293515358,102.22397610921502,male,5-9,222,0.030574301060459993,0.0004304402453051108
E02002076,E08000028,10852,316289,28,4164,0.0067243035542747355,72.97214217098943,female,5-9,341,0.03142277921120531,0.00021129630593509811
E02002076,E08000028,10852,316289,28,4164,0.0067243035542747355,72.97214217098943,male,5-9,329,0.03031699225949134,0.00020386065880541725
E02001857,E08000025,13611,1101521,14,5507,0.002542218994007627,34.60214272743781,female,5-9,448,0.03291455440452575,8.367600538648275e-05
E02001857,E08000025,13611,1101521,14,5507,0.002542218994007627,34.60214272743781,male,5-9,457,0.03357578429211667,8.535699656612192e-05
E02002176,E08000031,7652,253250,160,3000,0.05333333333333334,408.1066666666667,female,5-9,219,0.02861996863565081,0.0015263983272347098
E02002176,E08000031,7652,253250,160,3000,0.05333333333333334,408.1066666666667,male,5-9,232,0.030318870883429168,0.0016170064471162223
E02002005,E08000027,8668,315653,3163,3831,0.8256329939963456,7156.586791960323,female,5-9,373,0.04303184125519151,0.035528507932699224
E02002005,E08000027,8668,315653,3163,3831,0.8256329939963456,7156.586791960323,male,5-9,332,0.03830179972311952,0.03162322958084757
E02002074,E08000028,8186,316289,66,3525,0.01872340425531915,153.26978723404255,female,5-9,283,0.03457121915465429,0.000647290911831825
E02002074,E08000028,8186,316289,66,3525,0.01872340425531915,153.26978723404255,male,5-9,303,0.037014414854629855,0.000693035852597325
E02002075,E08000028,8887,316289,1645,3984,0.41290160642570284,3669.456576305221,female,5-9,305,0.03431979295600315,0.014170697643731222
E02002075,E08000028,8887,316289,1645,3984,0.41290160642570284,3669.456576305221,male,5-9,298,0.03353212557668504,0.013845468517481651
E02001858,E08000025,8646,1101521,8,3191,0.0025070510811657787,21.67596364775932,female,5-9,255,0.029493407356002775,7.394147879912948e-05
E02001858,E08000025,8646,1101521,8,3191,0.0025070510811657787,21.67596364775932,male,5-9,276,0.031922276197085354,8.003077705317544e-05
E02002150,E08000031,5718,253250,27,2139,0.012622720897615708,72.17671809256662,female,5-9,182,0.031829310947883875,0.0004017725084585622
E02002150,E08000031,5718,253250,27,2139,0.012622720897615708,72.17671809256662,male,5-9,201,0.03515215110178384,0.00044371579230863186
E02002154,E08000031,5629,253250,34,2198,0.015468607825295723,87.07279344858962,female,5-9,195,0.03464203233256351,0.0005358640124236393
E02002154,E08000031,5629,253250,34,2198,0.015468607825295723,87.07279344858962,male,5-9,200,0.03553028957186001,0.0005496041153062968
E02001862,E08000025,10446,1101521,19,4254,0.004466384579219558,46.655853314527505,female,5-9,389,0.03723913459697492,0.00016632429650741031
E02001862,E08000025,10446,1101521,19,4254,0.004466384579219558,46.655853314527505,male,5-9,451,0.04317442083094007,0.0001928335674160464
E02002180,E08000031,6437,253250,436,2514,0.17342879872712808,1116.3611774065234,female,5-9,178,0.02765263321423023,0.004795762959985832
E02002180,E08000031,6437,253250,436,2514,0.17342879872712808,1116.3611774065234,male,5-9,211,0.03277924498990213,0.005684865081780958
E02002169,E08000031,8665,253250,103,3248,0.031711822660098525,274.78294334975374,female,5-9,249,0.028736295441431043,0.0009112803049468589
E02002169,E08000031,8665,253250,103,3248,0.031711822660098525,274.78294334975374,male,5-9,248,0.028620888632429314,0.0009076205446860282
E02002066,E08000028,7403,316289,67,3279,0.020433058859408357,151.26593473620008,female,5-9,279,0.037687424017290284,0.0007700693532047726
E02002066,E08000028,7403,316289,67,3279,0.020433058859408357,151.26593473620008,male,5-9,284,0.038362825881399436,0.0007838698792478689
E02002003,E08000027,9101,315653,2767,3902,0.7091235263967196,6453.733213736545,female,5-9,274,0.030106581694319307,0.021349285378826632
E02002003,E08000027,9101,315653,2767,3902,0.7091235263967196,6453.733213736545,male,5-9,264,0.02900780134051203,0.020570114379599384
E02002165,E08000031,7660,253250,52,2814,0.01847903340440654,141.54939587775408,female,5-9,164,0.021409921671018278,0.0003956346577444742
E02002165,E08000031,7660,253250,52,2814,0.01847903340440654,141.54939587775408,male,5-9,197,0.025718015665796345,0.00047524407058330135
E02002069,E08000028,6634,316289,455,2932,0.15518417462482947,1029.4918144611188,female,5-9,197,0.02969550798914682,0.004608272897360779
E02002069,E08000028,6634,316289,455,2932,0.15518417462482947,1029.4918144611188,male,5-9,205,0.0309014169430208,0.004795410883040405
E02002151,E08000031,5868,253250,28,2104,0.013307984790874524,78.09125475285171,female,5-9,176,0.029993183367416496,0.00039914882808348947
E02002151,E08000031,5868,253250,28,2104,0.013307984790874524,78.09125475285171,male,5-9,202,0.03442399454669393,0.0004581139958685504
E02002157,E08000031,7644,253250,52,2645,0.019659735349716444,150.2790170132325,female,5-9,203,0.026556776556776556,0.0005220991988477811
E02002157,E08000031,7644,253250,52,2645,0.019659735349716444,150.2790170132325,male,5-9,236,0.03087388801674516,0.0006069724676259918
E02002159,E08000031,5964,253250,39,2249,0.017341040462427744,103.42196531791906,female,5-9,275,0.046109993293091886,0.0007995952594177783
E02002159,E08000031,5964,253250,39,2249,0.017341040462427744,103.42196531791906,male,5-9,234,0.039235412474849095,0.0006803828752864004
E02001844,E08000025,9936,1101521,9,4181,0.0021525950729490554,21.388184644821816,female,5-9,215,0.021638486312399355,4.657889902214643e-05
E02001844,E08000025,9936,1101521,9,4181,0.0021525950729490554,21.388184644821816,male,5-9,227,0.02284621578099839,4.9178651525708095e-05
E02002182,E08000031,6646,253250,769,2842,0.2705840957072484,1798.3019000703728,female,5-9,200,0.03009328919650918,0.008142765444094143
E02002182,E08000031,6646,253250,769,2842,0.2705840957072484,1798.3019000703728,male,5-9,216,0.03250075233222991,0.008794186679621674
E02001850,E08000025,8434,1101521,8,3079,0.0025982461838259174,21.913608314387787,female,5-9,330,0.03912734171211762,0.00010166246628676224
E02001850,E08000025,8434,1101521,8,3079,0.0025982461838259174,21.913608314387787,male,5-9,309,0.036637419966801046,9.51930366139683e-05
E02002155,E08000031,6227,253250,22,2531,0.00869221651521138,54.12643224022126,female,5-9,349,0.056046250200738716,0.0004871661416105302
E02002155,E08000031,6227,253250,22,2531,0.00869221651521138,54.12643224022126,male,5-9,316,0.05074674803276056,0.0004411017213436319
E02001837,E08000025,10601,1101521,8,4727,0.0016924053310767928,17.94118891474508,female,5-9,413,0.03895858881237619,6.593372339729417e-05
E02001837,E08000025,10601,1101521,8,4727,0.0016924053310767928,17.94118891474508,male,5-9,464,0.04376945571172531,7.407566018485349e-05
E02002000,E08000027,7828,315653,1919,3360,0.5711309523809524,4470.813095238095,female,5-9,247,0.03155339805825243,0.018021122283865
E02002000,E08000027,7828,315653,1919,3360,0.5711309523809524,4470.813095238095,male,5-9,239,0.030531425651507408,0.017437442209893666
E02002149,E08000031,10130,253250,46,3910,0.011764705882352941,119.17647058823529,female,5-9,252,0.02487660414610069,0.00029266593113059635
E02002149,E08000031,10130,253250,46,3910,0.011764705882352941,119.17647058823529,male,5-9,292,0.02882527147087858,0.00033912084083386563
E02006176,E07000196,7483,110688,20,2057,0.009722897423432183,72.75644141954302,female,5-9,165,0.02204997995456368,0.00021438969328695846
E02006176,E07000196,7483,110688,20,2057,0.009722897423432183,72.75644141954302,male,5-9,206,0.02752906588266738,0.00026766228374008145
E02002156,E08000031,8211,253250,45,3261,0.013799448022079117,113.30726770929162,female,5-9,278,0.033857021069297284,0.00046720820242820537
E02002156,E08000031,8211,253250,45,3261,0.013799448022079117,113.30726770929162,male,5-9,223,0.027158689562781634,0.0003747749249693878
E02002152,E08000031,6251,253250,37,2675,0.013831775700934579,86.46242990654206,female,5-9,270,0.04319308910574308,0.0005974371203411192
E02002152,E08000031,6251,253250,37,2675,0.013831775700934579,86.46242990654206,male,5-9,294,0.04703247480403135,0.0006505426421492187
E02002063,E08000028,9625,316289,1050,3929,0.26724357342835325,2572.2193942479003,female,5-9,353,0.03667532467532467,0.009801244822878825
E02002063,E08000028,9625,316289,1050,3929,0.26724357342835325,2572.2193942479003,male,5-9,345,0.035844155844155845,0.009579120294315
E02002070,E08000028,9356,316289,32,4370,0.007322654462242563,68.51075514874142,female,5-9,415,0.0443565626336041,0.0003248077812987028
E02002070,E08000028,9356,316289,32,4370,0.007322654462242563,68.51075514874142,male,5-9,402,0.04296707994869602,0.0003146330797158519
E02002064,E08000028,12292,316289,1836,4906,0.374235629841011,4600.104362005707,female,5-9,402,0.032704197852261634,0.012239076081686171
E02002064,E08000028,12292,316289,1836,4906,0.374235629841011,4600.104362005707,male,5-9,508,0.041327692808330624,0.015466295148001432
E02006179,E07000196,8820,110688,26,2574,0.010101010101010102,89.0909090909091,female,5-9,161,0.018253968253968255,0.00018438351771685107
E02006179,E07000196,8820,110688,26,2574,0.010101010101010102,89.0909090909091,male,5-9,130,0.01473922902494331,0.00014888110126205366
E02002163,E08000031,11710,253250,44,4472,0.009838998211091235,115.21466905187836,female,5-9,405,0.034585824081981215,0.0003402898612717293
E02002163,E08000031,11710,253250,44,4472,0.009838998211091235,115.21466905187836,male,5-9,414,0.035354397950469685,0.00034785185818887883
E02002058,E08000028,12006,316289,1237,5355,0.23099906629318395,2773.3747899159666,female,5-9,413,0.03439946693320007,0.007946244742552473
E02002058,E08000028,12006,316289,1237,5355,0.23099906629318395,2773.3747899159666,male,5-9,425,0.03539896718307513,0.008177128367033415
E02002065,E08000028,12333,316289,40,5232,0.00764525993883792,94.28899082568807,female,5-9,504,0.04086596935052299,0.0003124309583373317
E02002065,E08000028,12333,316289,40,5232,0.00764525993883792,94.28899082568807,male,5-9,525,0.042568718073461444,0.00032544891493472053
E02002158,E08000031,7354,253250,40,3054,0.01309757694826457,96.31958087753765,female,5-9,196,0.026652162088659233,0.0003490787437938341
E02002158,E08000031,7354,253250,40,3054,0.01309757694826457,96.31958087753765,male,5-9,190,0.025836279575741094,0.0003383926598001453
E02002061,E08000028,5723,316289,28,2656,0.010542168674698794,60.3328313253012,female,5-9,216,0.03774244277476848,0.00039788719792677613
E02002061,E08000028,5723,316289,28,2656,0.010542168674698794,60.3328313253012,male,5-9,220,0.038441376900227156,0.0004052554793698646
E02006894,E08000031,13025,253250,135,4910,0.0274949083503055,358.1211812627291,female,5-9,457,0.03508637236084453,0.0009646965924061124
E02006894,E08000031,13025,253250,135,4910,0.0274949083503055,358.1211812627291,male,5-9,492,0.03777351247600768,0.0010385792635969524
E02002059,E08000028,10733,316289,44,4615,0.009534127843986998,102.32979414951245,female,5-9,354,0.03298239075747694,0.0003144583300821203
E02002059,E08000028,10733,316289,44,4615,0.009534127843986998,102.32979414951245,male,5-9,403,0.037547749930122054,0.00035798504808783754
E02001842,E08000025,7584,1101521,10,2849,0.00351000351000351,26.61986661986662,female,5-9,223,0.029404008438818567,0.000103208172828426
E02001842,E08000025,7584,1101521,10,2849,0.00351000351000351,26.61986661986662,male,5-9,239,0.03151371308016877,0.00011061324352463593
E02006174,E07000196,10383,110688,12,2102,0.005708848715509039,59.27497621313035,female,5-9,250,0.02407781951266493,0.00013745662899713567
E02006174,E07000196,10383,110688,12,2102,0.005708848715509039,59.27497621313035,male,5-9,261,0.02513724357122219,0.00014350472067300966
E02002177,E08000031,9490,253250,161,3469,0.04641106947247045,440.4410492937446,female,5-9,307,0.03234984193888304,0.0015013907616489388
E02002177,E08000031,9490,253250,161,3469,0.04641106947247045,440.4410492937446,male,5-9,334,0.03519494204425711,0.001633434900295588
E02002056,E08000028,8965,316289,1566,4445,0.3523059617547806,3158.4229471316085,female,5-9,333,0.03714445064138316,0.013086211407065472
E02002056,E08000028,8965,316289,1566,4445,0.3523059617547806,3158.4229471316085,male,5-9,329,0.03669827105409928,0.012929019678452074
E02002057,E08000028,9255,316289,2145,4624,0.4638840830449827,4293.247188581315,female,5-9,339,0.0366288492706645,0.016991540156915085
E02002057,E08000028,9255,316289,2145,4624,0.4638840830449827,4293.247188581315,male,5-9,335,0.036196650459211235,0.016791050007570956
E02002068,E08000028,12466,316289,24,5537,0.004334477153693336,54.03359219794112,female,5-9,566,0.045403497513236,0.00019680042266889363
E02002068,E08000028,12466,316289,24,5537,0.004334477153693336,54.03359219794112,male,5-9,662,0.05310444408791914,0.00023017999965867063
E02002060,E08000028,6401,316289,64,2791,0.02293084915800788,146.78036546040843,female,5-9,250,0.03905639743790033,0.0008955963583036978
E02002060,E08000028,6401,316289,64,2791,0.02293084915800788,146.78036546040843,male,5-9,276,0.04311826277144196,0.0009887383795672824
E02002053,E08000028,6052,316289,13,2352,0.0055272108843537416,33.45068027210884,female,5-9,161,0.02660277594183741,0.0001470391527397476
E02002053,E08000028,6052,316289,13,2352,0.0055272108843537416,33.45068027210884,male,5-9,213,0.035194976867151354,0.0001945300592146971
E02002062,E08000028,7752,316289,41,3473,0.011805355600345523,91.51511661387849,female,5-9,254,0.032765737874097006,0.00038681118711142453
E02002062,E08000028,7752,316289,41,3473,0.011805355600345523,91.51511661387849,male,5-9,315,0.04063467492260062,0.000479706787165743
E02002166,E08000031,9374,253250,65,3801,0.017100762957116548,160.3025519600105,female,5-9,311,0.0331768721997013,0.0005673498271456418
E02002166,E08000031,9374,253250,65,3801,0.017100762957116548,160.3025519600105,male,5-9,302,0.032216769788777466,0.0005509313434018772
E02002072,E08000028,8540,316289,131,3492,0.03751431844215349,320.3722794959908,female,5-9,275,0.032201405152224825,0.0012080137671653642
E02002072,E08000028,8540,316289,131,3492,0.03751431844215349,320.3722794959908,male,5-9,273,0.031967213114754096,0.0011992282124950707
E02002178,E08000031,8046,253250,167,2985,0.0559463986599665,450.14472361809044,female,5-9,197,0.024484215759383546,0.0013698036957511062
E02002178,E08000031,8046,253250,167,2985,0.0559463986599665,450.14472361809044,male,5-9,210,0.02609992542878449,0.0014601968330341742
E02006184,E07000196,5448,110688,56,1700,0.03294117647058824,179.4635294117647,female,5-9,155,0.02845080763582966,0.0009372030750626243
E02006184,E07000196,5448,110688,56,1700,0.03294117647058824,179.4635294117647,male,5-9,141,0.025881057268722467,0.0008525524747343872
E02006183,E07000196,7502,110688,91,2432,0.03741776315789474,280.70805921052636,female,5-9,182,0.02426019728072514,0.0009077623160139752
E02006183,E07000196,7502,110688,91,2432,0.03741776315789474,280.70805921052636,male,5-9,216,0.02879232204745401,0.001077344287137465
E02006008,E06000051,7797,310774,11,2787,0.003946896304269824,30.773950484391815,female,5-9,176,0.02257278440425805,8.909243934224561e-05
E02006008,E06000051,7797,310774,11,2787,0.003946896304269824,30.773950484391815,male,5-9,197,0.02526612799794793,9.9722787218309e-05
E02006009,E06000051,7325,310774,27,2987,0.009039169735520589,66.21191831268831,female,5-9,182,0.02484641638225256,0.0002245909749986003
E02006009,E06000051,7325,310774,27,2987,0.009039169735520589,66.21191831268831,male,5-9,183,0.02498293515358362,0.00022582499134474646
E02006185,E07000196,7124,110688,1799,3014,0.5968812209688122,4252.181818181818,female,5-9,183,0.025687815833801236,0.01533257487890127
E02006185,E07000196,7124,110688,1799,3014,0.5968812209688122,4252.181818181818,male,5-9,175,0.024564851207186975,0.014662298381462963
E02002007,E08000027,8924,315653,3107,3605,0.8618585298196949,7691.225520110957,female,5-9,210,0.023532048408785297,0.020281296645241587
E02002007,E08000027,8924,315653,3107,3605,0.8618585298196949,7691.225520110957,male,5-9,212,0.023756163155535633,0.020474451851386744
E02002941,E06000020,10177,169768,25,4322,0.005784359093012495,58.86742248958816,female,5-9,287,0.02820084504274344,0.00016312381445362934
E02002941,E06000020,10177,169768,25,4322,0.005784359093012495,58.86742248958816,male,5-9,319,0.03134519013461728,0.000181311835577379
E02002080,E08000028,6839,316289,2355,3075,0.7658536585365854,5237.673170731708,female,5-9,204,0.029828922357069746,0.02284458931736561
E02002080,E08000028,6839,316289,2355,3075,0.7658536585365854,5237.673170731708,male,5-9,218,0.031876005263927476,0.02441235525091031
E02001925,E08000025,6588,1101521,11,2553,0.004308656482569526,28.385428907168038,female,5-9,209,0.03172434729811779,0.00013668931464132223
E02001925,E08000025,6588,1101521,11,2553,0.004308656482569526,28.385428907168038,male,5-9,195,0.02959927140255009,0.00012753309260793224
E02001890,E08000025,10590,1101521,18,3528,0.00510204081632653,54.03061224489795,female,5-9,227,0.021435316336166195,0.00010936385885799078
E02001890,E08000025,10590,1101521,18,3528,0.00510204081632653,54.03061224489795,male,5-9,252,0.02379603399433428,0.00012140833670578713
E02002038,E08000027,9391,315653,2749,3729,0.7371949584338965,6922.997854652722,female,5-9,255,0.027153657757427323,0.020017539601814887
E02002038,E08000027,9391,315653,2749,3729,0.7371949584338965,6922.997854652722,male,5-9,268,0.02853796187839421,0.021038041620730943
E02002946,E06000020,7932,169768,24,2991,0.00802407221664995,63.6469408224674,female,5-9,205,0.025844679778113968,0.00020737957695577907
E02002946,E06000020,7932,169768,24,2991,0.00802407221664995,63.6469408224674,male,5-9,242,0.030509329299041855,0.00024480906157706606
E02002943,E06000020,10466,169768,33,4085,0.008078335373317013,84.54785801713587,female,5-9,402,0.03841008981463787,0.00031028958724187264
E02002943,E06000020,10466,169768,33,4085,0.008078335373317013,84.54785801713587,male,5-9,399,0.03812344735333461,0.00030797399330723184
E02001950,E08000025,8602,1101521,8,3466,0.002308136180034622,19.85458742065782,female,5-9,221,0.025691699604743084,5.929994138428871e-05
E02001950,E08000025,8602,1101521,8,3466,0.002308136180034622,19.85458742065782,male,5-9,234,0.027202976052080913,6.278817323042334e-05
E02002179,E08000031,6327,253250,182,2259,0.08056662239929172,509.74501992031867,female,5-9,172,0.027185079816658762,0.002190210060483353
E02002179,E08000031,6327,253250,182,2259,0.08056662239929172,509.74501992031867,male,5-9,192,0.030346135609293504,0.00244488564891165
E02002932,E06000020,9089,169768,14,3567,0.003924866834875245,35.673114662181106,female,5-9,356,0.039168225327318736,0.0001537300685681139
E02002932,E06000020,9089,169768,14,3567,0.003924866834875245,35.673114662181106,male,5-9,331,0.03641764770601826,0.00014293441768552164
E02006704,E07000234,6898,95519,9,2842,0.0031667839549612948,21.84447572132301,female,5-9,218,0.031603363293708324,0.00010008102380132825
E02006704,E07000234,6898,95519,9,2842,0.0031667839549612948,21.84447572132301,male,5-9,186,0.026964337489127282,8.53902313167296e-05
E02006046,E06000051,8908,310774,21,3364,0.00624256837098692,55.608799048751486,female,5-9,221,0.02480916030534351,0.00015487287943288162
E02006046,E06000051,8908,310774,21,3364,0.00624256837098692,55.608799048751486,male,5-9,209,0.023462056578356535,0.0001464634923143541
E02006011,E06000051,5892,310774,35,2308,0.015164644714038129,89.35008665511265,female,5-9,143,0.024270196877121522,0.00036804891278130556
E02006011,E06000051,5892,310774,35,2308,0.015164644714038129,89.35008665511265,male,5-9,139,0.02359131025118805,0.00035775383829791236
E02006043,E06000051,6881,310774,9,2630,0.0034220532319391636,23.547148288973386,female,5-9,154,0.022380467955239063,7.658715269853672e-05
E02006043,E06000051,6881,310774,9,2630,0.0034220532319391636,23.547148288973386,male,5-9,190,0.027612265659061185,9.449064293975311e-05
E02006013,E06000051,7636,310774,234,3144,0.07442748091603053,568.3282442748092,female,5-9,169,0.022132006286013618,0.0016472294754857463
E02006013,E06000051,7636,310774,234,3144,0.07442748091603053,568.3282442748092,male,5-9,190,0.024882137244630696,0.0018519147949248038
E02002948,E06000020,7031,169768,13,2761,0.004708438971387179,33.105034407823254,female,5-9,349,0.04963732043806002,0.0002337142939857951
E02002948,E06000020,7031,169768,13,2761,0.004708438971387179,33.105034407823254,male,5-9,364,0.05177072962594226,0.0002437593209479353
E02002947,E06000020,6762,169768,17,2744,0.00619533527696793,41.892857142857146,female,5-9,272,0.040224785566400474,0.0002492060330279913
E02002947,E06000020,6762,169768,17,2744,0.00619533527696793,41.892857142857146,male,5-9,265,0.039189588879029874,0.00024279264247212387
E02006045,E06000051,11048,310774,9,4637,0.0019409100711667026,21.44317446624973,female,5-9,255,0.023081100651701665,4.47983407085001e-05
E02006045,E06000051,11048,310774,9,4637,0.0019409100711667026,21.44317446624973,male,5-9,269,0.024348298334540188,4.72578574532805e-05
E02002950,E06000020,5501,169768,15,2409,0.0062266500622665,34.25280199252802,female,5-9,191,0.03472095982548627,0.00021619526665931675
E02002950,E06000020,5501,169768,15,2409,0.0062266500622665,34.25280199252802,male,5-9,180,0.03272132339574623,0.00020374423035956558
E02006010,E06000051,11572,310774,39,4282,0.00910789350770668,105.39654367118169,female,5-9,317,0.027393708952644313,0.00024949898392179545
E02006010,E06000051,11572,310774,39,4282,0.00910789350770668,105.39654367118169,male,5-9,273,0.023591427583823023,0.000214868210128234
E02006014,E06000051,9310,310774,60,3559,0.01685866816521495,156.9542006181512,female,5-9,225,0.024167561761546726,0.0004074329041002539
E02006014,E06000051,9310,310774,60,3559,0.01685866816521495,156.9542006181512,male,5-9,233,0.02502685284640172,0.0004219194073571518
E02002936,E06000020,8985,169768,13,3588,0.0036231884057971015,32.55434782608695,female,5-9,316,0.03516972732331664,0.00012742654827288638
E02002936,E06000020,8985,169768,13,3588,0.0036231884057971015,32.55434782608695,male,5-9,330,0.03672787979966611,0.0001330720282596598
E02002937,E06000020,10271,169768,19,3808,0.004989495798319327,51.247111344537814,female,5-9,256,0.02492454483497225,0.00012436091172911574
E02002937,E06000020,10271,169768,19,3808,0.004989495798319327,51.247111344537814,male,5-9,288,0.028040112939343782,0.0001399060256952552
E02002934,E06000020,5973,169768,8,2312,0.0034602076124567475,20.667820069204154,female,5-9,187,0.03130755064456722,0.00010833062506770666
E02002934,E06000020,5973,169768,8,2312,0.0034602076124567475,20.667820069204154,male,5-9,182,0.030470450359953122,0.00010543408429049523
E02002931,E06000020,6673,169768,12,2265,0.005298013245033113,35.35364238410596,female,5-9,245,0.03671512063539637,0.0001945171954193185
E02002931,E06000020,6673,169768,12,2265,0.005298013245033113,35.35364238410596,male,5-9,221,0.03311853738947999,0.00017546244974558936
E02002949,E06000020,5179,169768,19,2064,0.009205426356589148,47.6749031007752,female,5-9,116,0.022398146360301217,0.0002061844868438581
E02002949,E06000020,5179,169768,19,2064,0.009205426356589148,47.6749031007752,male,5-9,137,0.02645298320139023,0.0002435109887724876
E02002933,E06000020,8266,169768,8,3198,0.0025015634771732333,20.677923702313947,female,5-9,240,0.029034599564481005,7.263189384485554e-05
E02002933,E06000020,8266,169768,8,3198,0.0025015634771732333,20.677923702313947,male,5-9,233,0.028187757077183642,7.051346360771393e-05
E02006012,E06000051,6249,310774,51,2517,0.02026221692491061,126.6185935637664,female,5-9,123,0.019683149303888623,0.00039882424096079455
E02006012,E06000051,6249,310774,51,2517,0.02026221692491061,126.6185935637664,male,5-9,125,0.020003200512081935,0.00040530918796828717
E02002938,E06000020,7041,169768,10,2924,0.003419972640218878,24.08002735978112,female,5-9,284,0.04033517966197983,0.00013794521088228396
E02002938,E06000020,7041,169768,10,2924,0.003419972640218878,24.08002735978112,male,5-9,221,0.03138758699048431,0.00010734468874994633
E02002935,E06000020,6539,169768,17,2641,0.006436955698599016,42.091253313138964,female,5-9,215,0.032879645205688944,0.00021164481957467325
E02002935,E06000020,6539,169768,17,2641,0.006436955698599016,42.091253313138964,male,5-9,206,0.031503287964520565,0.00020278526898782643
E02002942,E06000020,6480,169768,12,2164,0.005545286506469501,35.93345656192236,female,5-9,222,0.03425925925925926,0.00018997740809201068
E02002942,E06000020,6480,169768,12,2164,0.005545286506469501,35.93345656192236,male,5-9,231,0.03564814814814815,0.00019767919490655168
E02002940,E06000020,6097,169768,8,2441,0.0032773453502662844,19.981974600573537,female,5-9,142,0.023290142693127767,7.632984086236057e-05
E02002940,E06000020,6097,169768,8,2441,0.0032773453502662844,19.981974600573537,male,5-9,189,0.030998851894374284,0.00010159394311962076
E02002945,E06000020,9464,169768,23,3482,0.006605399195864446,62.51349798966112,female,5-9,346,0.036559594251901945,0.00024149071447264353
E02002945,E06000020,9464,169768,23,3482,0.006605399195864446,62.51349798966112,male,5-9,362,0.0382502113271344,0.0002526579151418987
E02001851,E08000025,8705,1101521,11,3747,0.0029356818788364024,25.55511075527088,female,5-9,294,0.0337736932797243,9.91488193426654e-05
E02001851,E08000025,8705,1101521,11,3747,0.0029356818788364024,25.55511075527088,male,5-9,302,0.03469270534175761,0.00010184674639960868
E02006770,E07000239,7445,98999,86,3002,0.028647568287808126,213.2811459027315,female,5-9,246,0.033042310275352586,0.0009465818400001074
E02006770,E07000239,7445,98999,86,3002,0.028647568287808126,213.2811459027315,male,5-9,245,0.03290799194089993,0.0009427339463415703
E02006775,E07000239,5234,98999,39,2137,0.018249883013570427,95.51988769302761,female,5-9,179,0.034199465036301106,0.0006241362360391873
E02006775,E07000239,5234,98999,39,2137,0.018249883013570427,95.51988769302761,male,5-9,193,0.036874283530760416,0.0006729513606456043
E02006752,E07000238,6978,120007,9,2110,0.0042654028436018955,29.763981042654027,female,5-9,182,0.026081971911722557,0.00011125011715900616
E02006752,E07000238,6978,120007,9,2110,0.0042654028436018955,29.763981042654027,male,5-9,201,0.02880481513327601,0.0001228641403789024
E02006769,E07000239,7260,98999,102,2631,0.03876852907639681,281.4595210946408,female,5-9,187,0.025757575757575757,0.0009985833246950694
E02006769,E07000239,7260,98999,102,2631,0.03876852907639681,281.4595210946408,male,5-9,184,0.02534435261707989,0.0009825632713577153
E02006780,E07000239,5841,98999,29,2373,0.012220817530552043,71.38179519595448,female,5-9,141,0.024139702105803802,0.00029500689467691117
E02006780,E07000239,5841,98999,29,2373,0.012220817530552043,71.38179519595448,male,5-9,150,0.025680534155110426,0.000313837121996714
E02006710,E07000235,8023,76224,16,3073,0.005206638464041653,41.77286039700618,female,5-9,209,0.026050105945406955,0.000135633483607716
E02006710,E07000235,8023,76224,16,3073,0.005206638464041653,41.77286039700618,male,5-9,186,0.02318334787485978,0.00012070731077050323
E02006772,E07000239,6487,98999,81,2650,0.030566037735849056,198.28188679245284,female,5-9,152,0.02343147834129798,0.0007162074511868439
E02006772,E07000239,6487,98999,81,2650,0.030566037735849056,198.28188679245284,male,5-9,153,0.023585632804069678,0.0007209193423130732
E02006768,E07000239,6929,98999,76,2622,0.028985507246376812,200.84057971014494,female,5-9,168,0.024245922932602106,0.0007027803748580321
E02006768,E07000239,6929,98999,76,2622,0.028985507246376812,200.84057971014494,male,5-9,199,0.028719872997546542,0.000832460086885407
E02006776,E07000239,6600,98999,50,2264,0.022084805653710248,145.75971731448763,female,5-9,166,0.02515151515151515,0.0005554663240175607
E02006776,E07000239,6600,98999,50,2264,0.022084805653710248,145.75971731448763,male,5-9,190,0.02878787878787879,0.0006357747082128708
E02006779,E07000239,7763,98999,47,2986,0.015740120562625585,122.19055592766242,female,5-9,210,0.027051397655545536,0.00042579226048581383
E02006779,E07000239,7763,98999,47,2986,0.015740120562625585,122.19055592766242,male,5-9,208,0.026793765296921294,0.00042173709610023464
E02006773,E07000239,8336,98999,90,3333,0.027002700270027002,225.09450945094508,female,5-9,211,0.02531190019193858,0.0006834896541477565
E02006773,E07000239,8336,98999,90,3333,0.027002700270027002,225.09450945094508,male,5-9,199,0.02387236084452975,0.0006446182046227655
E02006778,E07000239,6883,98999,44,2683,0.016399552739470743,112.87812150577712,female,5-9,214,0.03109109399970943,0.0005098800357760772
E02006778,E07000239,6883,98999,44,2683,0.016399552739470743,112.87812150577712,male,5-9,159,0.023100392270812144,0.00037883610134764606
E02006771,E07000239,6656,98999,74,2584,0.02863777089783282,190.61300309597524,female,5-9,152,0.02283653846153846,0.0006539875565610859
E02006771,E07000239,6656,98999,74,2584,0.02863777089783282,190.61300309597524,male,5-9,172,0.025841346153846152,0.0007400385508454394
E02006767,E07000239,8853,98999,423,3438,0.12303664921465969,1089.2434554973822,female,5-9,190,0.021461651417598555,0.002640569677034377
E02006767,E07000239,8853,98999,423,3438,0.12303664921465969,1089.2434554973822,male,5-9,252,0.02846492714334124,0.0035022292558561214
E02006711,E07000235,7992,76224,13,2603,0.004994237418363427,39.91394544756051,female,5-9,201,0.02515015015015015,0.00012560582095733842
E02006711,E07000235,7992,76224,13,2603,0.004994237418363427,39.91394544756051,male,5-9,192,0.024024024024024024,0.00011998167972044268
E02006697,E07000234,7343,95519,582,2760,0.2108695652173913,1548.4152173913044,female,5-9,187,0.025466430614190384,0.00537009515125319
E02006697,E07000234,7343,95519,582,2760,0.2108695652173913,1548.4152173913044,male,5-9,196,0.02669208770257388,0.005628548928586231
E02006748,E07000238,6695,120007,28,2468,0.011345218800648298,75.95623987034035,female,5-9,162,0.02419716206123973,0.0002745220979395107
E02006748,E07000238,6695,120007,28,2468,0.011345218800648298,75.95623987034035,male,5-9,187,0.02793129200896191,0.00031688661922647224
E02006753,E07000238,6436,120007,20,2175,0.009195402298850575,59.181609195402295,female,5-9,168,0.02610316967060286,0.00024002914639634814
E02006753,E07000238,6436,120007,20,2175,0.009195402298850575,59.181609195402295,male,5-9,179,0.02781230577998757,0.00025574534050563284
E02006707,E07000234,6848,95519,9,2196,0.004098360655737705,28.065573770491806,female,5-9,270,0.039427570093457945,0.00016158840202236863
E02006707,E07000234,6848,95519,9,2196,0.004098360655737705,28.065573770491806,male,5-9,261,0.038113317757009345,0.00015620212195495634
E02001895,E08000025,8221,1101521,8,3569,0.002241524236480807,18.427570748108714,female,5-9,283,0.03442403600535215,7.716231102348479e-05
E02001895,E08000025,8221,1101521,8,3569,0.002241524236480807,18.427570748108714,male,5-9,286,0.03478895511494952,7.798028605200228e-05
E02006706,E07000234,7094,95519,13,2640,0.004924242424242424,34.932575757575755,female,5-9,121,0.017056667606427968,8.399116624377408e-05
E02006706,E07000234,7094,95519,13,2640,0.004924242424242424,34.932575757575755,male,5-9,151,0.021285593459261346,0.00010481542233727177
E02006703,E07000234,7229,95519,11,2633,0.004177744018230156,30.200911507785797,female,5-9,197,0.027251348734264765,0.00011384915916327855
E02006703,E07000234,7229,95519,11,2633,0.004177744018230156,30.200911507785797,male,5-9,206,0.02849633420943422,0.00011905038978495118
E02006705,E07000234,7134,95519,14,2719,0.0051489518205222505,36.732622287605736,female,5-9,210,0.02943650126156434,0.00015156712676053723
E02006705,E07000234,7134,95519,14,2719,0.0051489518205222505,36.732622287605736,male,5-9,222,0.031118587047939444,0.00016022810543256792
E02006702,E07000234,5790,95519,23,2326,0.009888220120378332,57.25279449699054,female,5-9,139,0.024006908462867012,0.00023738559529060243
E02006702,E07000234,5790,95519,23,2326,0.009888220120378332,57.25279449699054,male,5-9,167,0.028842832469775474,0.0002852042763563353
E02006708,E07000234,8466,95519,12,3221,0.003725551071095933,31.54051536789817,female,5-9,312,0.0368532955350815,0.00013729883465413785
E02006708,E07000234,8466,95519,12,3221,0.003725551071095933,31.54051536789817,male,5-9,319,0.03768013229388141,0.00014037925722650634
E02006709,E07000234,7862,95519,12,2822,0.004252303330970942,33.43160878809355,female,5-9,149,0.01895192063088273,8.058931522699954e-05
E02006709,E07000234,7862,95519,12,2822,0.004252303330970942,33.43160878809355,male,5-9,173,0.022004578987534978,9.357014452530818e-05
E02006774,E07000239,7573,98999,64,2899,0.02207657813038979,167.18592618144186,female,5-9,191,0.025221180509705534,0.0005567973620631784
E02006774,E07000239,7573,98999,64,2899,0.02207657813038979,167.18592618144186,male,5-9,250,0.033012016373960125,0.0007287923587214377
E02001946,E08000025,7631,1101521,11,3033,0.003626772172766238,27.67589845037916,female,5-9,207,0.027126195780369546,9.838053200925321e-05
E02001946,E08000025,7631,1101521,11,3033,0.003626772172766238,27.67589845037916,male,5-9,256,0.0335473725592976,0.00012166867726748222
E02006901,E08000025,15014,1101521,10,5840,0.0017123287671232876,25.70890410958904,female,5-9,738,0.049154122818702545,8.416801852517559e-05
E02006901,E08000025,15014,1101521,10,5840,0.0017123287671232876,25.70890410958904,male,5-9,872,0.05807912614892767,9.945055847419121e-05
E02006187,E07000196,7313,110688,2369,2947,0.8038683406854428,5878.689175432643,female,5-9,149,0.020374675235881306,0.01637855637387269
E02006187,E07000196,7313,110688,2369,2947,0.8038683406854428,5878.689175432643,male,5-9,154,0.021058389169971284,0.016928172359573116
E02006777,E07000239,7139,98999,73,2644,0.02760968229954614,197.1055219364599,female,5-9,141,0.01975066535929402,0.0005453095957747592
E02006777,E07000239,7139,98999,73,2644,0.02760968229954614,197.1055219364599,male,5-9,177,0.024793388429752067,0.0006845375776746977
E02002002,E08000027,6982,315653,2194,2941,0.7460047602856171,5208.605236314179,female,5-9,148,0.02119736465196219,0.015813334935873866
E02002002,E08000027,6982,315653,2194,2941,0.7460047602856171,5208.605236314179,male,5-9,139,0.01990833572042395,0.014851713216800457
E02002013,E08000027,6563,315653,2277,2637,0.863481228668942,5667.027303754266,female,5-9,126,0.019198537254304433,0.01657757653699325
E02002013,E08000027,6563,315653,2277,2637,0.863481228668942,5667.027303754266,male,5-9,159,0.024226725582812737,0.02091932277287243
E02002078,E08000028,6286,316289,58,2651,0.02187853640135798,137.52847981893626,female,5-9,184,0.02927139675469297,0.000640415319416142
E02002078,E08000028,6286,316289,58,2651,0.02187853640135798,137.52847981893626,male,5-9,199,0.0316576519249125,0.0006926230900207187
E02002029,E08000027,5821,315653,910,2458,0.37021969080553296,2155.048820179007,female,5-9,158,0.027143102559697648,0.010048911037154133
E02002029,E08000027,5821,315653,910,2458,0.37021969080553296,2155.048820179007,male,5-9,150,0.02576876825287751,0.009540105415019746
E02006696,E07000234,6224,95519,830,2309,0.3594629709831096,2237.297531398874,female,5-9,208,0.033419023136246784,0.012012901343908545
E02006696,E07000234,6224,95519,830,2309,0.3594629709831096,2237.297531398874,male,5-9,237,0.03807840616966581,0.013687777012049642
E02002035,E08000027,6215,315653,1133,2623,0.43194815097216926,2684.557758292032,female,5-9,145,0.02333065164923572,0.010077631840863162
E02002035,E08000027,6215,315653,1133,2623,0.43194815097216926,2684.557758292032,male,5-9,160,0.02574416733708769,0.011120145479573141
E02002027,E08000027,5585,315653,1634,1917,0.8523735002608243,4760.5059989567035,female,5-9,154,0.02757385854968666,0.023503226327693274
E02002027,E08000027,5585,315653,1634,1917,0.8523735002608243,4760.5059989567035,male,5-9,158,0.02829006266786034,0.024113699738802192
E02002023,E08000027,5328,315653,1842,2111,0.8725722406442444,4649.064898152535,female,5-9,134,0.02515015015015015,0.021945322869055695
E02002023,E08000027,5328,315653,1842,2111,0.8725722406442444,4649.064898152535,male,5-9,148,0.027777777777777776,0.024238117795673454
E02002036,E08000027,6538,315653,2415,2792,0.8649713467048711,5655.182664756447,female,5-9,209,0.03196696237381462,0.027650506494542374
E02002036,E08000027,6538,315653,2415,2792,0.8649713467048711,5655.182664756447,male,5-9,216,0.03303762618537779,0.02857660001349834
E02002006,E08000027,6484,315653,2371,2774,0.8547224224945926,5542.020187454938,female,5-9,175,0.0269895126465145,0.023068541631177317
E02002006,E08000027,6484,315653,2371,2774,0.8547224224945926,5542.020187454938,male,5-9,184,0.0283775447254781,0.02425492377220929
E02002039,E08000027,6423,315653,2050,2529,0.8105970739422697,5206.465005931198,female,5-9,179,0.027868597228709324,0.022590203368467423
E02002039,E08000027,6423,315653,2050,2529,0.8105970739422697,5206.465005931198,male,5-9,189,0.029425502101821578,0.02385222590301868
E02002024,E08000027,8489,315653,3028,3483,0.8693654895205283,7380.043640539765,female,5-9,309,0.0364000471198021,0.03164494478287704
E02002024,E08000027,8489,315653,3028,3483,0.8693654895205283,7380.043640539765,male,5-9,270,0.03180586641536105,0.02765092262581489
E02002009,E08000027,6697,315653,2392,2910,0.8219931271477663,5504.887972508591,female,5-9,315,0.0470359862625056,0.038663257436396356
E02002009,E08000027,6697,315653,2392,2910,0.8219931271477663,5504.887972508591,male,5-9,298,0.04449753621024339,0.03657666893982893
E02002018,E08000027,8990,315653,2997,3484,0.8602181400688863,7733.361079219288,female,5-9,218,0.02424916573971079,0.020859572250836175
E02002018,E08000027,8990,315653,2997,3484,0.8602181400688863,7733.361079219288,male,5-9,246,0.027363737486095663,0.023538783365622474
E02002033,E08000027,7674,315653,2219,2966,0.7481456507080243,5741.269723533378,female,5-9,195,0.02541047693510555,0.019010737801415784
E02002033,E08000027,7674,315653,2219,2966,0.7481456507080243,5741.269723533378,male,5-9,212,0.02762574928329424,0.020668084173846905
E02002017,E08000027,8443,315653,3414,3928,0.8691446028513238,7338.187881873727,female,5-9,257,0.030439417268743336,0.026456255233067653
E02002017,E08000027,8443,315653,3414,3928,0.8691446028513238,7338.187881873727,male,5-9,237,0.028070591022148525,0.024397402685747215
E02002041,E08000027,6174,315653,2055,2549,0.8061985092193017,4977.469595919969,female,5-9,197,0.0319080012957564,0.025724183076806354
E02002041,E08000027,6174,315653,2055,2549,0.8061985092193017,4977.469595919969,male,5-9,184,0.029802397149335923,0.024026648152956187
E02002012,E08000027,8054,315653,3436,3885,0.8844272844272845,7123.177348777349,female,5-9,266,0.033027067295753665,0.029210039440980592
E02002012,E08000027,8054,315653,3436,3885,0.8844272844272845,7123.177348777349,male,5-9,264,0.032778743481499874,0.028990415084281487
E02002022,E08000027,8434,315653,3147,3556,0.8849831271091113,7463.947694038245,female,5-9,299,0.03545174294522172,0.0313741943331307
E02002022,E08000027,8434,315653,3147,3556,0.8849831271091113,7463.947694038245,male,5-9,305,0.036163149158169317,0.032003776828109905
E02002034,E08000027,7963,315653,2698,3216,0.8389303482587065,6680.40236318408,female,5-9,235,0.029511490644229563,0.024758085123797065
E02002034,E08000027,7963,315653,2698,3216,0.8389303482587065,6680.40236318408,male,5-9,221,0.02775335928670099,0.02328313537174107
E02002042,E08000027,8222,315653,2220,2974,0.7464694014794889,6137.471418964358,female,5-9,220,0.026757479931890052,0.019973640029857402
E02002042,E08000027,8222,315653,2220,2974,0.7464694014794889,6137.471418964358,male,5-9,227,0.02760885429335928,0.020609164939898318
E02002026,E08000027,7013,315653,2186,2562,0.853239656518345,5983.769711163153,female,5-9,176,0.02509624982175959,0.02141311557781673
E02002026,E08000027,7013,315653,2186,2562,0.853239656518345,5983.769711163153,male,5-9,213,0.030372165977470413,0.02591473646633502
E02002020,E08000027,9771,315653,3408,3903,0.8731744811683321,8531.787855495773,female,5-9,253,0.02589294852113397,0.022609061890859483
E02002020,E08000027,9771,315653,3408,3903,0.8731744811683321,8531.787855495773,male,5-9,271,0.02773513458192611,0.024217611748707197
E02002030,E08000027,6330,315653,2521,2903,0.8684119875990355,5497.047881501895,female,5-9,171,0.027014218009478674,0.023459470755045037
E02002030,E08000027,6330,315653,2521,2903,0.8684119875990355,5497.047881501895,male,5-9,182,0.028751974723538704,0.024968559517065475
E02002028,E08000027,5825,315653,2078,2430,0.8551440329218107,4981.213991769548,female,5-9,147,0.025236051502145924,0.021580458856567585
E02002028,E08000027,5825,315653,2078,2430,0.8551440329218107,4981.213991769548,male,5-9,136,0.02334763948497854,0.019965594588389056
E02002021,E08000027,7518,315653,2907,3277,0.8870918523039365,6669.156545620995,female,5-9,204,0.02713487629688747,0.02407112767624409
E02002021,E08000027,7518,315653,2907,3277,0.8870918523039365,6669.156545620995,male,5-9,242,0.03218941207768023,0.02855496518456406
E02002011,E08000027,5761,315653,2006,2316,0.8661485319516408,4989.881692573403,female,5-9,140,0.024301336573511544,0.02104856699760974
E02002011,E08000027,5761,315653,2006,2316,0.8661485319516408,4989.881692573403,male,5-9,141,0.024474917549036624,0.021198913904735522
E02002019,E08000027,8016,315653,2788,3247,0.8586387434554974,6882.848167539267,female,5-9,295,0.03680139720558882,0.03159910545401344
E02002019,E08000027,8016,315653,2788,3247,0.8586387434554974,6882.848167539267,male,5-9,306,0.03817365269461078,0.03277737718280716
E02002016,E08000027,7873,315653,3246,3671,0.8842277308635249,6961.524925088532,female,5-9,311,0.03950209577035438,0.0349288485073741
E02002016,E08000027,7873,315653,3246,3671,0.8842277308635249,6961.524925088532,male,5-9,288,0.03658071891273974,0.03234568607756829
E02002040,E08000027,6006,315653,1787,2238,0.7984807864164433,4795.675603217158,female,5-9,154,0.02564102564102564,0.02047386631837034
E02002040,E08000027,6006,315653,1787,2238,0.7984807864164433,4795.675603217158,male,5-9,134,0.022311022311022312,0.017814922640659907
E02002015,E08000027,6039,315653,2300,2613,0.880214313050134,5315.614236509759,female,5-9,153,0.02533532041728763,0.022300511657007863
E02002015,E08000027,6039,315653,2300,2613,0.880214313050134,5315.614236509759,male,5-9,185,0.030634210962079814,0.02696467095781997
E02002037,E08000027,5965,315653,1882,2241,0.8398036590807675,5009.428826416778,female,5-9,150,0.025146689019279127,0.021118281452156766
E02002037,E08000027,5965,315653,1882,2241,0.8398036590807675,5009.428826416778,male,5-9,157,0.026320201173512154,0.022103801253257418
E02001901,E08000025,8063,1101521,11,2791,0.003941239699032604,31.778215693299888,female,5-9,199,0.02468063996031254,9.727231800911425e-05
E02001901,E08000025,8063,1101521,11,2791,0.003941239699032604,31.778215693299888,male,5-9,185,0.022944313530943818,9.042903935520673e-05
E02006698,E07000234,6535,95519,10,2771,0.003608805485384338,23.583543846986647,female,5-9,163,0.024942616679418515,9.001305189252441e-05
E02006698,E07000234,6535,95519,10,2771,0.003608805485384338,23.583543846986647,male,5-9,157,0.024024483550114765,8.669968801917995e-05
E02001921,E08000025,7888,1101521,10,3211,0.003114294612270321,24.56555590158829,female,5-9,281,0.035623732251521295,0.00011094279741987324
E02001921,E08000025,7888,1101521,10,3211,0.003114294612270321,24.56555590158829,male,5-9,271,0.034355983772819475,0.00010699465516293826
E02001927,E08000025,7803,1101521,10,3616,0.0027654867256637168,21.579092920353983,female,5-9,291,0.03729334871203383,0.00010313426081867763
E02001927,E08000025,7803,1101521,10,3616,0.0027654867256637168,21.579092920353983,male,5-9,289,0.037037037037037035,0.00010242543428384136
E02001952,E08000025,9117,1101521,12,4047,0.0029651593773165306,27.03335804299481,female,5-9,338,0.037073598771525725,0.00010992912904826011
E02001952,E08000025,9117,1101521,12,4047,0.0029651593773165306,27.03335804299481,male,5-9,364,0.039925414061643086,0.00011838521589812627
E02001913,E08000025,7746,1101521,14,2873,0.004872955099199443,37.74591019839888,female,5-9,181,0.023366899044668217,0.00011386584985219458
E02001913,E08000025,7746,1101521,14,2873,0.004872955099199443,37.74591019839888,male,5-9,200,0.025819777949909632,0.00012581861862120947
E02001932,E08000025,7076,1101521,14,3205,0.00436817472698908,30.90920436817473,female,5-9,267,0.037733182589033354,0.00016482513455427986
E02001932,E08000025,7076,1101521,14,3205,0.00436817472698908,30.90920436817473,male,5-9,260,0.03674392312040701,0.00016050387634499163
E02001899,E08000025,8050,1101521,17,3211,0.005294300840859545,42.61912176891934,female,5-9,201,0.024968944099378883,0.0001321931017407166
E02001899,E08000025,8050,1101521,17,3211,0.005294300840859545,42.61912176891934,male,5-9,220,0.02732919254658385,0.00014468896707939128
E02001911,E08000025,8103,1101521,21,3490,0.006017191977077364,48.75730659025788,female,5-9,305,0.037640380106133534,0.00022648939318876913
E02001911,E08000025,8103,1101521,21,3490,0.006017191977077364,48.75730659025788,male,5-9,374,0.046155744785881775,0.0002777279772216382
E02001951,E08000025,8399,1101521,21,3936,0.005335365853658537,44.81173780487805,female,5-9,292,0.034766043576616265,0.00018548956176548314
E02001951,E08000025,8399,1101521,21,3936,0.005335365853658537,44.81173780487805,male,5-9,347,0.041314442195499464,0.00022042766415281728
E02001928,E08000025,6890,1101521,23,3103,0.007412181759587496,51.06993232355784,female,5-9,213,0.030914368650217707,0.0002291429194183072
E02001928,E08000025,6890,1101521,23,3103,0.007412181759587496,51.06993232355784,male,5-9,239,0.03468795355587809,0.0002571134166242978
E02001920,E08000025,7512,1101521,52,3186,0.016321406151914627,122.60640301318267,female,5-9,280,0.03727369542066028,0.0006083591217433568
E02001920,E08000025,7512,1101521,52,3186,0.016321406151914627,122.60640301318267,male,5-9,293,0.03900425985090522,0.0006366043666814411
E02001906,E08000025,9284,1101521,90,3832,0.02348643006263048,218.04801670146136,female,5-9,280,0.03015941404566997,0.0007083369687135431
E02001906,E08000025,9284,1101521,90,3832,0.02348643006263048,218.04801670146136,male,5-9,303,0.03263679448513572,0.0007665217911435842
E02001935,E08000025,7920,1101521,9,3303,0.0027247956403269754,21.580381471389646,female,5-9,264,0.03333333333333333,9.082652134423252e-05
E02001935,E08000025,7920,1101521,9,3303,0.0027247956403269754,21.580381471389646,male,5-9,303,0.038257575757575754,0.0001042440756337214
E02001926,E08000025,7401,1101521,9,2620,0.003435114503816794,25.42328244274809,female,5-9,160,0.02161870017565194,7.426271052704864e-05
E02001926,E08000025,7401,1101521,9,2620,0.003435114503816794,25.42328244274809,male,5-9,194,0.026212673962977977,9.004353651404648e-05
E02001919,E08000025,6664,1101521,8,2649,0.003020007550018875,20.125330313325783,female,5-9,177,0.02656062424969988,8.021328576730805e-05
E02001919,E08000025,6664,1101521,8,2649,0.003020007550018875,20.125330313325783,male,5-9,160,0.024009603841536616,7.250918487440277e-05
E02001938,E08000025,7790,1101521,8,2854,0.002803083391730904,21.83601962158374,female,5-9,237,0.03042362002567394,8.527994401029835e-05
E02001938,E08000025,7790,1101521,8,2854,0.002803083391730904,21.83601962158374,male,5-9,209,0.026829268292682926,7.520467636351205e-05
E02002168,E08000031,11027,253250,76,3901,0.019482184055370416,214.8300435785696,female,10-14,254,0.02303437018227986,0.0004487598394907124
E02002168,E08000031,11027,253250,76,3901,0.019482184055370416,214.8300435785696,male,10-14,251,0.02276231069193797,0.00044345952642586145
E02006130,E07000192,7338,98508,16,1959,0.00816743236345074,59.932618683001536,female,10-14,204,0.027800490596892886,0.00022705862662087095
E02006130,E07000192,7338,98508,16,1959,0.00816743236345074,59.932618683001536,male,10-14,209,0.028481875170346144,0.00023262378903804917
E02006177,E07000196,9842,110688,32,3021,0.010592519033432638,104.25157232704403,female,10-14,279,0.0283478967689494,0.00030027563608288013
E02006177,E07000196,9842,110688,32,3021,0.010592519033432638,104.25157232704403,male,10-14,255,0.025909368014631173,0.0002744454738391915
E02002134,E08000030,8444,273933,35,3485,0.010043041606886656,84.80344332855093,female,10-14,233,0.027593557555660824,0.0002771232466135233
E02002134,E08000030,8444,273933,35,3485,0.010043041606886656,84.80344332855093,male,10-14,276,0.03268593083846518,0.00032826616337052546
E02002120,E08000030,6211,273933,24,2204,0.010889292196007259,67.63339382940109,female,10-14,180,0.028980840444372886,0.00031558083968464125
E02002120,E08000030,6211,273933,24,2204,0.010889292196007259,67.63339382940109,male,10-14,184,0.029624859120914507,0.0003225937472331888
E02002129,E08000030,5759,273933,34,2402,0.014154870940882597,81.51790174854288,female,10-14,152,0.02639347108873068,0.0003735961769428989
E02002129,E08000030,5759,273933,34,2402,0.014154870940882597,81.51790174854288,male,10-14,152,0.02639347108873068,0.0003735961769428989
E02002131,E08000030,7803,273933,19,2882,0.00659264399722415,51.44240111034004,female,10-14,219,0.028066128412149175,0.00018502999300167743
E02002131,E08000030,7803,273933,19,2882,0.00659264399722415,51.44240111034004,male,10-14,231,0.02960399846212995,0.00019516862275519397
E02006175,E07000196,7115,110688,15,1490,0.010067114093959731,71.62751677852349,female,10-14,199,0.02796907940969782,0.00028156791352044785
E02006175,E07000196,7115,110688,15,1490,0.010067114093959731,71.62751677852349,male,10-14,198,0.027828531271960645,0.0002801529993821541
E02006155,E07000194,5739,102062,10,2456,0.004071661237785016,23.36726384364821,female,10-14,161,0.028053667886391357,0.000114225032110714
E02006155,E07000194,5739,102062,10,2456,0.004071661237785016,23.36726384364821,male,10-14,183,0.03188708834291688,0.00012983342159168112
E02006129,E07000192,7951,98508,11,2006,0.005483549351944167,43.599700897308075,female,10-14,185,0.02326751352031191,0.00012758855868565854
E02006129,E07000192,7951,98508,11,2006,0.005483549351944167,43.599700897308075,male,10-14,243,0.03056219343478808,0.00016758929600332444
E02006180,E07000196,6835,110688,36,2673,0.013468013468013467,92.05387205387206,female,10-14,173,0.02531089978054133,0.00034088753913186974
E02006180,E07000196,6835,110688,36,2673,0.013468013468013467,92.05387205387206,male,10-14,169,0.024725676664228237,0.0003330057463195722
E02002043,E08000028,8799,316289,31,3725,0.00832214765100671,73.22657718120804,female,10-14,288,0.032730992158199794,0.0002723921495044815
E02002043,E08000028,8799,316289,31,3725,0.00832214765100671,73.22657718120804,male,10-14,307,0.03489032844641436,0.0002903624649231799
E02002148,E08000030,11314,273933,12,4622,0.0025962786672436176,29.37429684119429,female,10-14,327,0.028902245006187027,7.503828214501175e-05
E02002148,E08000030,11314,273933,12,4622,0.0025962786672436176,29.37429684119429,male,10-14,317,0.028018384302633904,7.274353345556185e-05
E02006126,E07000192,8412,98508,11,1815,0.006060606060606061,50.981818181818184,female,10-14,237,0.028174037089871613,0.00017075173993861582
E02006126,E07000192,8412,98508,11,1815,0.006060606060606061,50.981818181818184,male,10-14,259,0.03078934854969092,0.0001866021124223692
E02002046,E08000028,5770,316289,16,2410,0.006639004149377593,38.30705394190871,female,10-14,201,0.03483535528596187,0.00023127206828854353
E02002046,E08000028,5770,316289,16,2410,0.006639004149377593,38.30705394190871,male,10-14,236,0.040901213171577126,0.000271543323960678
E02002047,E08000028,6640,316289,124,3214,0.038581207218419414,256.1792159303049,female,10-14,139,0.020933734939759037,0.00080764876556631
E02002047,E08000028,6640,316289,124,3214,0.038581207218419414,256.1792159303049,male,10-14,145,0.021837349397590362,0.0008425113022094601
E02002045,E08000028,7925,316289,34,3323,0.01023171832681312,81.08636773999399,female,10-14,231,0.02914826498422713,0.0002982368370339219
E02002045,E08000028,7925,316289,34,3323,0.01023171832681312,81.08636773999399,male,10-14,224,0.028264984227129336,0.00028919935712380304
E02002044,E08000028,7501,316289,27,3214,0.008400746733042938,63.014001244555075,female,10-14,250,0.03332888948140248,0.00027998755942684105
E02002044,E08000028,7501,316289,27,3214,0.008400746733042938,63.014001244555075,male,10-14,267,0.03559525396613785,0.0002990267134678662
E02006178,E07000196,7888,110688,18,2689,0.00669393826701376,52.801785050204536,female,10-14,202,0.025608519269776878,0.0001714218471015187
E02006178,E07000196,7888,110688,18,2689,0.00669393826701376,52.801785050204536,male,10-14,223,0.02827079107505071,0.00018924293021603303
E02002146,E08000030,6578,273933,19,2657,0.007150922092585623,47.038765525028225,female,10-14,279,0.042414107631498936,0.0003032999792993902
E02002146,E08000030,6578,273933,19,2657,0.007150922092585623,47.038765525028225,male,10-14,239,0.036333231985405896,0.0002598161112994776
E02002110,E08000030,6695,273933,15,2592,0.005787037037037037,38.74421296296296,female,10-14,211,0.0315160567587752,0.00018238458772439352
E02002110,E08000030,6695,273933,15,2592,0.005787037037037037,38.74421296296296,male,10-14,219,0.0327109783420463,0.00018929964318313832
E02002112,E08000030,5455,273933,19,2078,0.009143407122232916,49.877285851780556,female,10-14,170,0.031164069660861594,0.0002849457764948846
E02002112,E08000030,5455,273933,19,2078,0.009143407122232916,49.877285851780556,male,10-14,176,0.03226397800183318,0.0002950026862535276
E02002113,E08000030,6555,273933,20,2632,0.007598784194528876,49.81003039513678,female,10-14,183,0.027917620137299773,0.00021213997064817457
E02002113,E08000030,6555,273933,20,2632,0.007598784194528876,49.81003039513678,male,10-14,209,0.03188405797101449,0.00024228007576758732
E02002124,E08000030,7088,273933,25,2905,0.008605851979345954,60.998278829604125,female,10-14,167,0.023560948081264108,0.00020276203168041398
E02002124,E08000030,7088,273933,25,2905,0.008605851979345954,60.998278829604125,male,10-14,168,0.023702031602708805,0.00020397617558269194
E02002114,E08000030,6027,273933,12,2486,0.004827031375703942,29.092518101367656,female,10-14,146,0.02422432387589182,0.00011693157140414394
E02002114,E08000030,6027,273933,12,2486,0.004827031375703942,29.092518101367656,male,10-14,147,0.024390243902439025,0.00011773247257814493
E02002116,E08000030,6796,273933,28,2645,0.01058601134215501,71.94253308128545,female,10-14,187,0.02751618599175986,0.0002912866570016167
E02002116,E08000030,6796,273933,28,2645,0.01058601134215501,71.94253308128545,male,10-14,186,0.02736904061212478,0.000289728974343854
E02002138,E08000030,6485,273933,16,2394,0.006683375104427736,43.34168755221386,female,10-14,218,0.03361603700848111,0.0002246685848520041
E02002138,E08000030,6485,273933,16,2394,0.006683375104427736,43.34168755221386,male,10-14,244,0.03762528912875868,0.00025146392066004126
E02002145,E08000030,7105,273933,41,3016,0.013594164456233421,96.58653846153845,female,10-14,227,0.03194933145672062,0.0004343244660893718
E02002145,E08000030,7105,273933,41,3016,0.013594164456233421,96.58653846153845,male,10-14,272,0.03828289936664321,0.000520424029851582
E02002147,E08000030,8031,273933,66,3184,0.0207286432160804,166.4717336683417,female,10-14,224,0.02789191881459345,0.0005781616337195879
E02002147,E08000030,8031,273933,66,3184,0.0207286432160804,166.4717336683417,male,10-14,278,0.0346158635288258,0.0007175398847055599
E02002119,E08000030,5943,273933,23,2452,0.009380097879282219,55.74592169657423,female,10-14,131,0.02204273935722699,0.00020676305269829557
E02002119,E08000030,5943,273933,23,2452,0.009380097879282219,55.74592169657423,male,10-14,159,0.02675416456335184,0.0002509566822826641
E02002117,E08000030,6391,273933,22,2461,0.008939455505891914,57.132060138155225,female,10-14,155,0.024252855578156783,0.00021680732333175507
E02002117,E08000030,6391,273933,22,2461,0.008939455505891914,57.132060138155225,male,10-14,152,0.023783445470192458,0.00021261105255759207
E02002132,E08000030,6479,273933,39,2806,0.013898788310762652,90.05024946543122,female,10-14,216,0.033338478160209906,0.0004633644505517414
E02002132,E08000030,6479,273933,39,2806,0.013898788310762652,90.05024946543122,male,10-14,170,0.026238617070535576,0.00036468498423053723
E02002139,E08000030,9513,273933,49,4150,0.011807228915662651,112.3221686746988,female,10-14,289,0.03037948071060654,0.0003586974830890893
E02002139,E08000030,9513,273933,49,4150,0.011807228915662651,112.3221686746988,male,10-14,258,0.027120782087669507,0.00032022128248091706
E02002136,E08000030,7706,273933,44,3044,0.01445466491458607,111.38764783180027,female,10-14,199,0.025824033220866856,0.0003732777469507693
E02002136,E08000030,7706,273933,44,3044,0.01445466491458607,111.38764783180027,male,10-14,202,0.02621334025434726,0.00037890504966862004
E02002118,E08000030,7347,273933,27,3045,0.008866995073891626,65.14581280788178,female,10-14,220,0.029944194909486865,0.00026551502875407076
E02002118,E08000030,7347,273933,27,3045,0.008866995073891626,65.14581280788178,male,10-14,233,0.031713624608683814,0.00028120455318044764
E02002128,E08000030,5558,273933,17,2321,0.007324429125376993,40.70917707884533,female,10-14,139,0.025008996041741633,0.00018317661900457035
E02002128,E08000030,5558,273933,17,2321,0.007324429125376993,40.70917707884533,male,10-14,134,0.024109391867578267,0.00017658753199001746
E02002142,E08000030,6831,273933,27,2814,0.009594882729211088,65.54264392324095,female,10-14,258,0.037768994290733424,0.00036238907101983033
E02002142,E08000030,6831,273933,27,2814,0.009594882729211088,65.54264392324095,male,10-14,260,0.038061777192211974,0.00036519828862463516
E02002123,E08000030,6475,273933,29,2966,0.009777478084962913,63.30917060013486,female,10-14,165,0.025482625482625483,0.00024915581220368813
E02002123,E08000030,6475,273933,29,2966,0.009777478084962913,63.30917060013486,male,10-14,157,0.02424710424710425,0.00023707553039987295
E02002144,E08000030,6676,273933,16,2662,0.006010518407212622,40.126220886551465,female,10-14,185,0.027711204313960455,0.00016655870361508915
E02002144,E08000030,6676,273933,16,2662,0.006010518407212622,40.126220886551465,male,10-14,180,0.02696225284601558,0.00016205711703089757
E02002133,E08000030,6723,273933,23,2899,0.00793377026560883,53.338737495688164,female,10-14,180,0.02677376171352075,0.00021241687458122704
E02002133,E08000030,6723,273933,23,2899,0.00793377026560883,53.338737495688164,male,10-14,151,0.022460211215231295,0.000178194155898696
E02002125,E08000030,6150,273933,21,2579,0.0081426909654905,50.07754943776657,female,10-14,152,0.024715447154471545,0.0002012502482527733
E02002125,E08000030,6150,273933,21,2579,0.0081426909654905,50.07754943776657,male,10-14,182,0.02959349593495935,0.0002409706919868733
E02002111,E08000030,6159,273933,24,2566,0.009353078721745909,57.60561184723305,female,10-14,165,0.02679006332196785,0.00025056957121092304
E02002111,E08000030,6159,273933,24,2566,0.009353078721745909,57.60561184723305,male,10-14,191,0.031011527845429453,0.000290053261219917
E02002122,E08000030,5626,273933,26,2451,0.010607915136678907,59.68013055895553,female,10-14,208,0.03697120511908994,0.00039218740640405484
E02002122,E08000030,5626,273933,26,2451,0.010607915136678907,59.68013055895553,male,10-14,243,0.04319232136509065,0.00045818047959704484
E02002115,E08000030,6774,273933,19,2716,0.006995581737849779,47.388070692194404,female,10-14,188,0.027753173900206672,0.00019414959650365494
E02002115,E08000030,6774,273933,19,2716,0.006995581737849779,47.388070692194404,male,10-14,227,0.03351048125184529,0.0002344253106719663
E02002143,E08000030,10020,273933,34,3975,0.008553459119496854,85.70566037735848,female,10-14,435,0.04341317365269461,0.0003713328060859413
E02002143,E08000030,10020,273933,34,3975,0.008553459119496854,85.70566037735848,male,10-14,413,0.04121756487025948,0.00035255275612297414
E02002130,E08000030,6711,273933,30,2715,0.011049723756906077,74.15469613259668,female,10-14,203,0.030248845179555953,0.0003342413831995133
E02002130,E08000030,6711,273933,30,2715,0.011049723756906077,74.15469613259668,male,10-14,235,0.03501713604529876,0.00038692968005854983
E02002126,E08000030,6701,273933,25,2766,0.009038322487346349,60.565798987707886,female,10-14,204,0.030443217430234294,0.00027515561668686094
E02002126,E08000030,6701,273933,25,2766,0.009038322487346349,60.565798987707886,male,10-14,222,0.03312938367407849,0.00029943405345334863
E02002127,E08000030,8612,273933,33,3788,0.008711721224920803,75.02534318901796,female,10-14,309,0.03588016720854621,0.0003125780142243994
E02002127,E08000030,8612,273933,33,3788,0.008711721224920803,75.02534318901796,male,10-14,312,0.036228518346493266,0.0003156127522265781
E02002121,E08000030,6502,273933,27,2956,0.009133964817320704,59.38903924221922,female,10-14,196,0.03014457090126115,0.0002753394500453488
E02002121,E08000030,6502,273933,27,2956,0.009133964817320704,59.38903924221922,male,10-14,242,0.03721931713318979,0.0003399599332192572
E02002140,E08000030,8199,273933,27,3608,0.007483370288248337,61.35615299334812,female,10-14,296,0.03610196365410416,0.00027016436215654443
E02002140,E08000030,8199,273933,27,3608,0.007483370288248337,61.35615299334812,male,10-14,270,0.03293084522502744,0.000246433708723875
E02002135,E08000030,7467,273933,29,3125,0.00928,69.29376,female,10-14,282,0.03776617115307352,0.00035047006830052227
E02002135,E08000030,7467,273933,29,3125,0.00928,69.29376,male,10-14,314,0.04205169412079818,0.0003902397214410071
E02006122,E07000192,6630,98508,8,1372,0.0058309037900874635,38.65889212827988,female,10-14,146,0.0220211161387632,0.00012840300955547053
E02006122,E07000192,6630,98508,8,1372,0.0058309037900874635,38.65889212827988,male,10-14,193,0.029110105580693817,0.00016973822496031378
E02006151,E07000194,8781,102062,18,3519,0.005115089514066497,44.915601023017906,female,10-14,232,0.02642068101582963,0.0001351441484185659
E02006151,E07000194,8781,102062,18,3519,0.005115089514066497,44.915601023017906,male,10-14,234,0.026648445507345405,0.00013630918418079492
E02006128,E07000192,8441,98508,11,2021,0.0054428500742206825,45.94309747649678,female,10-14,199,0.023575405757611658,0.00012831739897759933
E02006128,E07000192,8441,98508,11,2021,0.0054428500742206825,45.94309747649678,male,10-14,176,0.02085061011728468,0.00011348674482440944
E02002160,E08000031,7038,253250,36,2718,0.013245033112582781,93.21854304635761,female,10-14,211,0.029980107985223076,0.0003970875229830871
E02002160,E08000031,7038,253250,36,2718,0.013245033112582781,93.21854304635761,male,10-14,225,0.0319693094629156,0.00042343456242272323
E02002049,E08000028,6318,316289,724,2583,0.2802942315137437,1770.8989547038327,female,10-14,179,0.028331750553972777,0.007941226248964883
E02002049,E08000028,6318,316289,724,2583,0.2802942315137437,1770.8989547038327,male,10-14,190,0.03007280785058563,0.008429234565940379
E02002170,E08000031,6261,253250,38,2340,0.01623931623931624,101.67435897435898,female,10-14,156,0.024916147580258743,0.0004046212000212959
E02002170,E08000031,6261,253250,38,2340,0.01623931623931624,101.67435897435898,male,10-14,181,0.028909119948889953,0.0004694643410503497
E02002175,E08000031,7269,253250,73,3164,0.02307206068268015,167.710809102402,female,10-14,194,0.02668867794744807,0.0006157627971440293
E02002175,E08000031,7269,253250,73,3164,0.02307206068268015,167.710809102402,male,10-14,224,0.030815793093960656,0.0007109838482487761
E02006156,E07000194,7668,102062,8,3055,0.002618657937806874,20.07986906710311,female,10-14,209,0.027256129368805424,7.13744795255134e-05
E02006156,E07000194,7668,102062,8,3055,0.002618657937806874,20.07986906710311,male,10-14,216,0.028169014084507043,7.3765012332588e-05
E02002153,E08000031,7380,253250,46,2996,0.015353805073431242,113.31108144192257,female,10-14,178,0.024119241192411923,0.000370322127787366
E02002153,E08000031,7380,253250,46,2996,0.015353805073431242,113.31108144192257,male,10-14,180,0.024390243902439025,0.0003744830505714937
E02002052,E08000028,11268,316289,59,4711,0.012523880280195288,141.1190829972405,female,10-14,351,0.031150159744408944,0.0003901208713479363
E02002052,E08000028,11268,316289,59,4711,0.012523880280195288,141.1190829972405,male,10-14,353,0.031327653532126375,0.0003923437822957878
E02002055,E08000028,9306,316289,59,3933,0.015001271294177472,139.60183066361554,female,10-14,278,0.029873200085966042,0.0004481359789148224
E02002055,E08000028,9306,316289,59,3933,0.015001271294177472,139.60183066361554,male,10-14,288,0.030947775628626693,0.00046425597815636277
E02002048,E08000028,6531,316289,8,2546,0.003142183817753339,20.521602513747055,female,10-14,158,0.024192313581381106,7.601669624943003e-05
E02002048,E08000028,6531,316289,8,2546,0.003142183817753339,20.521602513747055,male,10-14,177,0.027101515847496555,8.515794453258933e-05
E02002171,E08000031,7412,253250,63,2973,0.02119071644803229,157.06559031281535,female,10-14,192,0.025903939557474366,0.0005489230380494063
E02002171,E08000031,7412,253250,63,2973,0.02119071644803229,157.06559031281535,male,10-14,209,0.028197517539125742,0.0005975255987100309
E02002181,E08000031,7544,253250,194,2860,0.06783216783216783,511.72587412587416,female,10-14,230,0.03048780487804878,0.00206805389732219
E02002181,E08000031,7544,253250,194,2860,0.06783216783216783,511.72587412587416,male,10-14,235,0.031150583244962886,0.002113011590742238
E02002051,E08000028,5608,316289,511,2576,0.1983695652173913,1112.4565217391305,female,10-14,189,0.033701854493580596,0.006685422222911368
E02002051,E08000028,5608,316289,511,2576,0.1983695652173913,1112.4565217391305,male,10-14,225,0.040121255349500715,0.007958835979656392
E02006810,E08000028,10065,316289,36,4151,0.008672609009877139,87.2898096844134,female,10-14,261,0.025931445603576752,0.00022489328878071865
E02006810,E08000028,10065,316289,36,4151,0.008672609009877139,87.2898096844134,male,10-14,242,0.024043715846994537,0.00020852174668557056
E02006124,E07000192,7632,98508,8,1666,0.004801920768307323,36.64825930372149,female,10-14,199,0.026074423480083857,0.00012520731563065476
E02006124,E07000192,7632,98508,8,1666,0.004801920768307323,36.64825930372149,male,10-14,211,0.027646750524109014,0.00013275750551793044
E02006202,E07000197,8878,132044,10,1780,0.0056179775280898875,49.87640449438202,female,10-14,207,0.023316062176165803,0.0001309891133492461
E02006202,E07000197,8878,132044,10,1780,0.0056179775280898875,49.87640449438202,male,10-14,223,0.025118269880603738,0.00014111387573372886
E02006186,E07000196,12377,110688,2790,4611,0.605074821080026,7489.0110605074815,female,10-14,319,0.025773612345479518,0.015594963878526968
E02006186,E07000196,12377,110688,2790,4611,0.605074821080026,7489.0110605074815,male,10-14,297,0.023996121838894723,0.014519449128283728
E02002071,E08000028,6650,316289,1140,2828,0.4031117397454031,2680.6930693069307,female,10-14,199,0.029924812030075187,0.012063043038997776
E02002071,E08000028,6650,316289,1140,2828,0.4031117397454031,2680.6930693069307,male,10-14,213,0.03203007518796992,0.012911699333198625
E02001886,E08000025,9196,1101521,15,3600,0.004166666666666667,38.31666666666666,female,10-14,231,0.025119617224880382,0.00010466507177033493
E02001886,E08000025,9196,1101521,15,3600,0.004166666666666667,38.31666666666666,male,10-14,278,0.03023053501522401,0.00012596056256343336
E02002067,E08000028,5450,316289,1329,2304,0.5768229166666666,3143.684895833333,female,10-14,158,0.028990825688073395,0.01672257262996942
E02002067,E08000028,5450,316289,1329,2304,0.5768229166666666,3143.684895833333,male,10-14,192,0.03522935779816514,0.02032110091743119
E02002014,E08000027,7170,315653,2764,3215,0.8597200622083981,6164.192846034215,female,10-14,218,0.030404463040446306,0.02613932685654544
E02002014,E08000027,7170,315653,2764,3215,0.8597200622083981,6164.192846034215,male,10-14,222,0.03096234309623431,0.026618947532812326
E02002031,E08000027,5952,315653,1897,2242,0.8461195361284567,5036.103479036574,female,10-14,176,0.02956989247311828,0.025019663702723183
E02002031,E08000027,5952,315653,1897,2242,0.8461195361284567,5036.103479036574,male,10-14,156,0.02620967741935484,0.022176520100141
E02002032,E08000027,10187,315653,3407,4176,0.8158524904214559,8311.08931992337,female,10-14,333,0.0326887209188181,0.026669174370309693
E02002032,E08000027,10187,315653,3407,4176,0.8158524904214559,8311.08931992337,male,10-14,336,0.03298321390006872,0.026909437202474646
E02002001,E08000027,6002,315653,1811,2412,0.7508291873963516,4506.476782752902,female,10-14,172,0.02865711429523492,0.02151659783941561
E02002001,E08000027,6002,315653,1811,2412,0.7508291873963516,4506.476782752902,male,10-14,168,0.027990669776741087,0.02101621184315013
E02002077,E08000028,10521,316289,3346,4614,0.7251842219332466,7629.663198959687,female,10-14,279,0.026518391787852865,0.019230719315595078
E02002077,E08000028,10521,316289,3346,4614,0.7251842219332466,7629.663198959687,male,10-14,319,0.030320311757437508,0.02198781169059079
E02001900,E08000025,7094,1101521,8,2566,0.003117692907248636,22.116913484021826,female,10-14,148,0.02086270087397801,6.504349454085116e-05
E02001900,E08000025,7094,1101521,8,2566,0.003117692907248636,22.116913484021826,male,10-14,209,0.029461516774739217,9.185196188539117e-05
E02006181,E07000196,5700,110688,41,2088,0.019636015325670497,111.92528735632183,female,10-14,142,0.024912280701754386,0.0004891779256570545
E02006181,E07000196,5700,110688,41,2088,0.019636015325670497,111.92528735632183,male,10-14,161,0.02824561403508772,0.0005546313100759561
E02001879,E08000025,10994,1101521,20,4424,0.0045207956600361665,49.701627486437616,female,10-14,384,0.034928142623249045,0.00015790299558430854
E02001879,E08000025,10994,1101521,20,4424,0.0045207956600361665,49.701627486437616,male,10-14,417,0.03792977987993451,0.00017147278426733504
E02001866,E08000025,8949,1101521,8,3671,0.002179242713157178,19.502043040043585,female,10-14,368,0.04112191306291206,8.961462939343407e-05
E02001866,E08000025,8949,1101521,8,3671,0.002179242713157178,19.502043040043585,male,10-14,390,0.04358028830036876,9.497202571586764e-05
E02002008,E08000027,8544,315653,2480,2912,0.8516483516483516,7276.483516483516,female,10-14,275,0.032186329588014984,0.02741143453924353
E02002008,E08000027,8544,315653,2480,2912,0.8516483516483516,7276.483516483516,male,10-14,266,0.031132958801498127,0.02651433304523192
E02002004,E08000027,7541,315653,2747,3237,0.8486252703120173,6399.483163422922,female,10-14,209,0.02771515714096274,0.02351978272048954
E02002004,E08000027,7541,315653,2747,3237,0.8486252703120173,6399.483163422922,male,10-14,269,0.03567166158334439,0.030271873453644432
E02002167,E08000031,6614,253250,90,2412,0.03731343283582089,246.79104477611938,female,10-14,139,0.021016026610220742,0.0007841800973962963
E02002167,E08000031,6614,253250,90,2412,0.03731343283582089,246.79104477611938,male,10-14,177,0.02676141517992138,0.000998560267907514
E02006182,E07000196,6858,110688,47,2192,0.02144160583941606,147.04653284671534,female,10-14,189,0.027559055118110236,0.0005909103971492614
E02006182,E07000196,6858,110688,47,2192,0.02144160583941606,147.04653284671534,male,10-14,160,0.023330417031204434,0.0005002416060522849
E02002079,E08000028,8081,316289,153,3774,0.04054054054054054,327.6081081081081,female,10-14,232,0.02870931815369385,0.0011638912765011022
E02002079,E08000028,8081,316289,153,3774,0.04054054054054054,327.6081081081081,male,10-14,228,0.028214329909664645,0.0011438241855269453
E02001861,E08000025,10383,1101521,8,4006,0.00199700449326011,20.73489765351972,female,10-14,429,0.041317538283733024,8.251130960306146e-05
E02001861,E08000025,10383,1101521,8,4006,0.00199700449326011,20.73489765351972,male,10-14,472,0.045458923239911395,9.07816739688695e-05
E02002025,E08000027,7828,315653,1831,3361,0.5447783397798275,4264.524843796489,female,10-14,203,0.025932549821154827,0.014127491437826389
E02002025,E08000027,7828,315653,1831,3361,0.5447783397798275,4264.524843796489,male,10-14,195,0.024910577414409812,0.013570743006779044
E02002162,E08000031,7547,253250,87,2826,0.03078556263269639,232.33864118895966,female,10-14,161,0.021332979992049823,0.0006567477916873088
E02002162,E08000031,7547,253250,87,2826,0.03078556263269639,232.33864118895966,male,10-14,143,0.01894792632834239,0.0005833225727409015
E02002010,E08000027,7321,315653,3068,3523,0.8708487084870848,6375.483394833948,female,10-14,202,0.027591859035650868,0.02402833480595426
E02002010,E08000027,7321,315653,3068,3523,0.8708487084870848,6375.483394833948,male,10-14,232,0.03168965988252971,0.027596899381095982
E02001873,E08000025,11051,1101521,12,4852,0.00247320692497939,27.33140972794724,female,10-14,355,0.032123789702289386,7.944877914828372e-05
E02001873,E08000025,11051,1101521,12,4852,0.00247320692497939,27.33140972794724,male,10-14,413,0.037372183512804275,9.242914306546812e-05
E02002073,E08000028,7623,316289,34,3367,0.010098010098010098,76.97713097713097,female,10-14,286,0.03751803751803752,0.00037885752171466455
E02002073,E08000028,7623,316289,34,3367,0.010098010098010098,76.97713097713097,male,10-14,262,0.034369670733307094,0.00034706528213021716
E02002161,E08000031,6390,253250,29,2544,0.01139937106918239,72.84198113207546,female,10-14,178,0.02785602503912363,0.00031754116593340614
E02002161,E08000031,6390,253250,29,2544,0.01139937106918239,72.84198113207546,male,10-14,242,0.0378716744913928,0.0004317132705386758
E02002174,E08000031,7479,253250,127,2806,0.04526015680684248,338.5007127583749,female,10-14,167,0.022329188394170342,0.001010622568089677
E02002174,E08000031,7479,253250,127,2806,0.04526015680684248,338.5007127583749,male,10-14,188,0.02513705040780853,0.0011377068431189178
E02002164,E08000031,7261,253250,33,2344,0.014078498293515358,102.22397610921502,female,10-14,153,0.02107147775788459,0.00029665476365622504
E02002164,E08000031,7261,253250,33,2344,0.014078498293515358,102.22397610921502,male,10-14,192,0.026442638754992424,0.00037227264458820393
E02002076,E08000028,10852,316289,28,4164,0.0067243035542747355,72.97214217098943,female,10-14,285,0.02626244010320678,0.0001765966193299207
E02002076,E08000028,10852,316289,28,4164,0.0067243035542747355,72.97214217098943,male,10-14,282,0.02598599336527829,0.0001747377075475005
E02001857,E08000025,13611,1101521,14,5507,0.002542218994007627,34.60214272743781,female,10-14,439,0.032253324516934835,8.19950142068436e-05
E02001857,E08000025,13611,1101521,14,5507,0.002542218994007627,34.60214272743781,male,10-14,422,0.031004334729263096,7.881980864530296e-05
E02002176,E08000031,7652,253250,160,3000,0.05333333333333334,408.1066666666667,female,10-14,235,0.0307109252483011,0.0016379160132427254
E02002176,E08000031,7652,253250,160,3000,0.05333333333333334,408.1066666666667,male,10-14,205,0.02679038159958181,0.0014288203519776967
E02002005,E08000027,8668,315653,3163,3831,0.8256329939963456,7156.586791960323,female,10-14,294,0.03391785879095524,0.028003703303521647
E02002005,E08000027,8668,315653,3163,3831,0.8256329939963456,7156.586791960323,male,10-14,303,0.03495616059067836,0.02886095952709884
E02002074,E08000028,8186,316289,66,3525,0.01872340425531915,153.26978723404255,female,10-14,240,0.029318348399706817,0.000548939289186
E02002074,E08000028,8186,316289,66,3525,0.01872340425531915,153.26978723404255,male,10-14,280,0.034204739799657956,0.0006404291707170001
E02002075,E08000028,8887,316289,1645,3984,0.41290160642570284,3669.456576305221,female,10-14,258,0.02903116912343873,0.011987016367484116
E02002075,E08000028,8887,316289,1645,3984,0.41290160642570284,3669.456576305221,male,10-14,234,0.02633059525149094,0.010871945077485592
E02001858,E08000025,8646,1101521,8,3191,0.0025070510811657787,21.67596364775932,female,10-14,228,0.0263705759888966,6.611238104392755e-05
E02001858,E08000025,8646,1101521,8,3191,0.0025070510811657787,21.67596364775932,male,10-14,268,0.0309969928290539,7.771104438496746e-05
E02002150,E08000031,5718,253250,27,2139,0.012622720897615708,72.17671809256662,female,10-14,181,0.031654424623994405,0.0003995649672032954
E02002150,E08000031,5718,253250,27,2139,0.012622720897615708,72.17671809256662,male,10-14,180,0.03147953830010493,0.0003973574259480285
E02002154,E08000031,5629,253250,34,2198,0.015468607825295723,87.07279344858962,female,10-14,169,0.03002309468822171,0.00046441547743382075
E02002154,E08000031,5629,253250,34,2198,0.015468607825295723,87.07279344858962,male,10-14,163,0.028957186001065907,0.00044792735397463187
E02001862,E08000025,10446,1101521,19,4254,0.004466384579219558,46.655853314527505,female,10-14,385,0.03685621290446104,0.00016461402096491767
E02001862,E08000025,10446,1101521,19,4254,0.004466384579219558,46.655853314527505,male,10-14,432,0.04135554279149914,0.0001847097585892063
E02002180,E08000031,6437,253250,436,2514,0.17342879872712808,1116.3611774065234,female,10-14,196,0.030448966910051264,0.005280727753692264
E02002180,E08000031,6437,253250,436,2514,0.17342879872712808,1116.3611774065234,male,10-14,195,0.03029361503806121,0.005253785265153018
E02002169,E08000031,8665,253250,103,3248,0.031711822660098525,274.78294334975374,female,10-14,237,0.02735141373341027,0.0008673631818168899
E02002169,E08000031,8665,253250,103,3248,0.031711822660098525,274.78294334975374,male,10-14,263,0.03035199076745528,0.0009625169485984895
E02002066,E08000028,7403,316289,67,3279,0.020433058859408357,151.26593473620008,female,10-14,259,0.03498581656085371,0.0007148672490323875
E02002066,E08000028,7403,316289,67,3279,0.020433058859408357,151.26593473620008,male,10-14,276,0.0372821828988248,0.0007617890375789149
E02002003,E08000027,9101,315653,2767,3902,0.7091235263967196,6453.733213736545,female,10-14,236,0.025931216349851665,0.018388435581763084
E02002003,E08000027,9101,315653,2767,3902,0.7091235263967196,6453.733213736545,male,10-14,223,0.02450280188990221,0.01737551328276766
E02002165,E08000031,7660,253250,52,2814,0.01847903340440654,141.54939587775408,female,10-14,166,0.0216710182767624,0.00040045947064379703
E02002165,E08000031,7660,253250,52,2814,0.01847903340440654,141.54939587775408,male,10-14,154,0.02010443864229765,0.00037151059324785993
E02002069,E08000028,6634,316289,455,2932,0.15518417462482947,1029.4918144611188,female,10-14,146,0.02200783840820018,0.0034152682386531658
E02002069,E08000028,6634,316289,455,2932,0.15518417462482947,1029.4918144611188,male,10-14,162,0.024419656315948148,0.0037895442100124173
E02002151,E08000031,5868,253250,28,2104,0.013307984790874524,78.09125475285171,female,10-14,189,0.032208588957055216,0.00042863141197602
E02002151,E08000031,5868,253250,28,2104,0.013307984790874524,78.09125475285171,male,10-14,181,0.030845262440354466,0.0004104882834267704
E02002157,E08000031,7644,253250,52,2645,0.019659735349716444,150.2790170132325,female,10-14,203,0.026556776556776556,0.0005220991988477811
E02002157,E08000031,7644,253250,52,2645,0.019659735349716444,150.2790170132325,male,10-14,220,0.02878074306645735,0.000565821791854738
E02002159,E08000031,5964,253250,39,2249,0.017341040462427744,103.42196531791906,female,10-14,235,0.03940308517773306,0.0006832904944115559
E02002159,E08000031,5964,253250,39,2249,0.017341040462427744,103.42196531791906,male,10-14,203,0.03403755868544601,0.0005902466824065781
E02001844,E08000025,9936,1101521,9,4181,0.0021525950729490554,21.388184644821816,female,10-14,199,0.02002818035426731,4.311256235073088e-05
E02001844,E08000025,9936,1101521,9,4181,0.0021525950729490554,21.388184644821816,male,10-14,243,0.024456521739130436,5.264498819712364e-05
E02002182,E08000031,6646,253250,769,2842,0.2705840957072484,1798.3019000703728,female,10-14,196,0.029491423412578995,0.007979910135212261
E02002182,E08000031,6646,253250,769,2842,0.2705840957072484,1798.3019000703728,male,10-14,209,0.03144748721035209,0.00850918988907838
E02001850,E08000025,8434,1101521,8,3079,0.0025982461838259174,21.913608314387787,female,10-14,245,0.029049087028693382,7.547667951592953e-05
E02001850,E08000025,8434,1101521,8,3079,0.0025982461838259174,21.913608314387787,male,10-14,287,0.03402893051932653,8.841553886151746e-05
E02002155,E08000031,6227,253250,22,2531,0.00869221651521138,54.12643224022126,female,10-14,237,0.03806006102457042,0.00033082629100772393
E02002155,E08000031,6227,253250,22,2531,0.00869221651521138,54.12643224022126,male,10-14,270,0.04335956319254858,0.0003768907112746222
E02001837,E08000025,10601,1101521,8,4727,0.0016924053310767928,17.94118891474508,female,10-14,420,0.03961890387699274,6.705124413284153e-05
E02001837,E08000025,10601,1101521,8,4727,0.0016924053310767928,17.94118891474508,male,10-14,372,0.035091029148193564,5.938824480337392e-05
E02002000,E08000027,7828,315653,1919,3360,0.5711309523809524,4470.813095238095,female,10-14,227,0.02899846704138988,0.01656192209893666
E02002000,E08000027,7828,315653,1919,3360,0.5711309523809524,4470.813095238095,male,10-14,223,0.028487480838017373,0.016270082061950995
E02002149,E08000031,10130,253250,46,3910,0.011764705882352941,119.17647058823529,female,10-14,234,0.02309970384995064,0.00027176122176412516
E02002149,E08000031,10130,253250,46,3910,0.011764705882352941,119.17647058823529,male,10-14,299,0.02951628825271471,0.0003472504500319377
E02006176,E07000196,7483,110688,20,2057,0.009722897423432183,72.75644141954302,female,10-14,179,0.023920887344647868,0.00023258033392948825
E02006176,E07000196,7483,110688,20,2057,0.009722897423432183,72.75644141954302,male,10-14,179,0.023920887344647868,0.00023258033392948825
E02002156,E08000031,8211,253250,45,3261,0.013799448022079117,113.30726770929162,female,10-14,226,0.02752405309950067,0.0003798167401035051
E02002156,E08000031,8211,253250,45,3261,0.013799448022079117,113.30726770929162,male,10-14,214,0.026062598952624527,0.0003596494795670358
E02002152,E08000031,6251,253250,37,2675,0.013831775700934579,86.46242990654206,female,10-14,219,0.0350343944968805,0.0004845878864989078
E02002152,E08000031,6251,253250,37,2675,0.013831775700934579,86.46242990654206,male,10-14,235,0.03759398496240601,0.0005199915677043074
E02002063,E08000028,9625,316289,1050,3929,0.26724357342835325,2572.2193942479003,female,10-14,238,0.024727272727272726,0.0066082047247738255
E02002063,E08000028,9625,316289,1050,3929,0.26724357342835325,2572.2193942479003,male,10-14,289,0.030025974025974025,0.008024248594368217
E02002070,E08000028,9356,316289,32,4370,0.007322654462242563,68.51075514874142,female,10-14,261,0.027896536981616076,0.00020427670100954564
E02002070,E08000028,9356,316289,32,4370,0.007322654462242563,68.51075514874142,male,10-14,290,0.030996152201795638,0.00022697411223282849
E02002064,E08000028,12292,316289,1836,4906,0.374235629841011,4600.104362005707,female,10-14,402,0.032704197852261634,0.012239076081686171
E02002064,E08000028,12292,316289,1836,4906,0.374235629841011,4600.104362005707,male,10-14,359,0.029205987634233647,0.010929921177426208
E02006179,E07000196,8820,110688,26,2574,0.010101010101010102,89.0909090909091,female,10-14,156,0.017687074829931974,0.0001786573215144644
E02006179,E07000196,8820,110688,26,2574,0.010101010101010102,89.0909090909091,male,10-14,177,0.020068027210884354,0.00020270734556448845
E02002163,E08000031,11710,253250,44,4472,0.009838998211091235,115.21466905187836,female,10-14,325,0.02775405636208369,0.0002730721108970667
E02002163,E08000031,11710,253250,44,4472,0.009838998211091235,115.21466905187836,male,10-14,259,0.02211784799316823,0.00021761746683797008
E02002058,E08000028,12006,316289,1237,5355,0.23099906629318395,2773.3747899159666,female,10-14,345,0.028735632183908046,0.006637904203827125
E02002058,E08000028,12006,316289,1237,5355,0.23099906629318395,2773.3747899159666,male,10-14,331,0.027569548559053806,0.0063685399752660245
E02002065,E08000028,12333,316289,40,5232,0.00764525993883792,94.28899082568807,female,10-14,468,0.03794697153977135,0.0002901144613132366
E02002065,E08000028,12333,316289,40,5232,0.00764525993883792,94.28899082568807,male,10-14,494,0.040055136625314194,0.00030623193138619415
E02002158,E08000031,7354,253250,40,3054,0.01309757694826457,96.31958087753765,female,10-14,151,0.020533043241773186,0.0002689331138411681
E02002158,E08000031,7354,253250,40,3054,0.01309757694826457,96.31958087753765,male,10-14,166,0.022572749524068535,0.0002956483238253901
E02002061,E08000028,5723,316289,28,2656,0.010542168674698794,60.3328313253012,female,10-14,164,0.028656299143805696,0.0003020995391666263
E02002061,E08000028,5723,316289,28,2656,0.010542168674698794,60.3328313253012,male,10-14,174,0.030403634457452384,0.0003205202427743474
E02006894,E08000031,13025,253250,135,4910,0.0274949083503055,358.1211812627291,female,10-14,402,0.030863723608445297,0.0008485952519633635
E02006894,E08000031,13025,253250,135,4910,0.0274949083503055,358.1211812627291,male,10-14,422,0.032399232245681385,0.0008908139212152723
E02002059,E08000028,10733,316289,44,4615,0.009534127843986998,102.32979414951245,female,10-14,287,0.026739960868349948,0.000254942205462058
E02002059,E08000028,10733,316289,44,4615,0.009534127843986998,102.32979414951245,male,10-14,282,0.026274107891549426,0.0002505007036247399
E02001842,E08000025,7584,1101521,10,2849,0.00351000351000351,26.61986661986662,female,10-14,211,0.027821729957805907,9.765436980626854e-05
E02001842,E08000025,7584,1101521,10,2849,0.00351000351000351,26.61986661986662,male,10-14,265,0.034941983122362866,0.00012264648340597708
E02006174,E07000196,10383,110688,12,2102,0.005708848715509039,59.27497621313035,female,10-14,253,0.024366753346816913,0.00013910610854510133
E02006174,E07000196,10383,110688,12,2102,0.005708848715509039,59.27497621313035,male,10-14,313,0.030145430029856497,0.00017209569950441388
E02002177,E08000031,9490,253250,161,3469,0.04641106947247045,440.4410492937446,female,10-14,283,0.02982086406743941,0.0013840181939630282
E02002177,E08000031,9490,253250,161,3469,0.04641106947247045,440.4410492937446,male,10-14,242,0.025500526870389884,0.0011835067241662645
E02002056,E08000028,8965,316289,1566,4445,0.3523059617547806,3158.4229471316085,female,10-14,256,0.028555493586168434,0.01006027063125754
E02002056,E08000028,8965,316289,1566,4445,0.3523059617547806,3158.4229471316085,male,10-14,289,0.03223647518126046,0.011357102392318082
E02002057,E08000028,9255,316289,2145,4624,0.4638840830449827,4293.247188581315,female,10-14,258,0.02787682333873582,0.012931614632696438
E02002057,E08000028,9255,316289,2145,4624,0.4638840830449827,4293.247188581315,male,10-14,312,0.033711507293354946,0.015638231648842205
E02002068,E08000028,12466,316289,24,5537,0.004334477153693336,54.03359219794112,female,10-14,459,0.036820150810203754,0.00015959610248237133
E02002068,E08000028,12466,316289,24,5537,0.004334477153693336,54.03359219794112,male,10-14,521,0.041793678806353284,0.00018115374595493566
E02002060,E08000028,6401,316289,64,2791,0.02293084915800788,146.78036546040843,female,10-14,185,0.028901734104046242,0.0006627413051447364
E02002060,E08000028,6401,316289,64,2791,0.02293084915800788,146.78036546040843,male,10-14,244,0.03811904389939072,0.0008741020457044091
E02002053,E08000028,6052,316289,13,2352,0.0055272108843537416,33.45068027210884,female,10-14,172,0.028420356906807668,0.0001570853060325254
E02002053,E08000028,6052,316289,13,2352,0.0055272108843537416,33.45068027210884,male,10-14,191,0.03155981493721084,0.00017443775262914157
E02002062,E08000028,7752,316289,41,3473,0.011805355600345523,91.51511661387849,female,10-14,202,0.0260577915376677,0.0003076214952618416
E02002062,E08000028,7752,316289,41,3473,0.011805355600345523,91.51511661387849,male,10-14,290,0.03740970072239422,0.00044163481993036654
E02002166,E08000031,9374,253250,65,3801,0.017100762957116548,160.3025519600105,female,10-14,297,0.031683379560486453,0.0005418099635442303
E02002166,E08000031,9374,253250,65,3801,0.017100762957116548,160.3025519600105,male,10-14,287,0.030616599103904418,0.0005235672038289363
E02002072,E08000028,8540,316289,131,3492,0.03751431844215349,320.3722794959908,female,10-14,240,0.02810304449648712,0.001054266560435227
E02002072,E08000028,8540,316289,131,3492,0.03751431844215349,320.3722794959908,male,10-14,248,0.029039812646370025,0.0010894087791164012
E02002178,E08000031,8046,253250,167,2985,0.0559463986599665,450.14472361809044,female,10-14,188,0.023365647526721354,0.001307223831478213
E02002178,E08000031,8046,253250,167,2985,0.0559463986599665,450.14472361809044,male,10-14,222,0.027591349739000747,0.0015436366520646984
E02006184,E07000196,5448,110688,56,1700,0.03294117647058824,179.4635294117647,female,10-14,132,0.024229074889867842,0.0007981342316662348
E02006184,E07000196,5448,110688,56,1700,0.03294117647058824,179.4635294117647,male,10-14,160,0.02936857562408223,0.0009674354323227089
E02006183,E07000196,7502,110688,91,2432,0.03741776315789474,280.70805921052636,female,10-14,165,0.021994134897360705,0.0008229713304522304
E02006183,E07000196,7502,110688,91,2432,0.03741776315789474,280.70805921052636,male,10-14,201,0.026792855238603037,0.0010025287116418077
E02006008,E06000051,7797,310774,11,2787,0.003946896304269824,30.773950484391815,female,10-14,200,0.025650891368475055,0.00010124140834346092
E02006008,E06000051,7797,310774,11,2787,0.003946896304269824,30.773950484391815,male,10-14,199,0.02552263691163268,0.00010073520130174362
E02006009,E06000051,7325,310774,27,2987,0.009039169735520589,66.21191831268831,female,10-14,175,0.023890784982935155,0.0002159528605755772
E02006009,E06000051,7325,310774,27,2987,0.009039169735520589,66.21191831268831,male,10-14,165,0.022525597269624574,0.00020361269711411566
E02006185,E07000196,7124,110688,1799,3014,0.5968812209688122,4252.181818181818,female,10-14,183,0.025687815833801236,0.01533257487890127
E02006185,E07000196,7124,110688,1799,3014,0.5968812209688122,4252.181818181818,male,10-14,198,0.027793374508702975,0.016589343311598094
E02002007,E08000027,8924,315653,3107,3605,0.8618585298196949,7691.225520110957,female,10-14,220,0.024652622142536978,0.021247072675967378
E02002007,E08000027,8924,315653,3107,3605,0.8618585298196949,7691.225520110957,male,10-14,227,0.025437023756163156,0.02192311589747543
E02002941,E06000020,10177,169768,25,4322,0.005784359093012495,58.86742248958816,female,10-14,304,0.029871278372801416,0.00017278620067562135
E02002941,E06000020,10177,169768,25,4322,0.005784359093012495,58.86742248958816,male,10-14,268,0.026333890144443352,0.00015232467691140303
E02002080,E08000028,6839,316289,2355,3075,0.7658536585365854,5237.673170731708,female,10-14,156,0.022810352390700395,0.017469391830926644
E02002080,E08000028,6839,316289,2355,3075,0.7658536585365854,5237.673170731708,male,10-14,205,0.02997514256470244,0.02295657259833309
E02001925,E08000025,6588,1101521,11,2553,0.004308656482569526,28.385428907168038,female,10-14,127,0.01927747419550698,8.306001416003791e-05
E02001925,E08000025,6588,1101521,11,2553,0.004308656482569526,28.385428907168038,male,10-14,132,0.020036429872495445,8.633009345767721e-05
E02001890,E08000025,10590,1101521,18,3528,0.00510204081632653,54.03061224489795,female,10-14,182,0.017186024551463643,8.768379873195736e-05
E02001890,E08000025,10590,1101521,18,3528,0.00510204081632653,54.03061224489795,male,10-14,187,0.01765816808309726,9.009269430151662e-05
E02002038,E08000027,9391,315653,2749,3729,0.7371949584338965,6922.997854652722,female,10-14,240,0.025556383771696306,0.018840037272296366
E02002038,E08000027,9391,315653,2749,3729,0.7371949584338965,6922.997854652722,male,10-14,233,0.024810989245021828,0.01829053618518772
E02002946,E06000020,7932,169768,24,2991,0.00802407221664995,63.6469408224674,female,10-14,198,0.024962178517397883,0.0002002983231085086
E02002946,E06000020,7932,169768,24,2991,0.00802407221664995,63.6469408224674,male,10-14,204,0.025718608169440244,0.0002063679692633119
E02002943,E06000020,10466,169768,33,4085,0.008078335373317013,84.54785801713587,female,10-14,318,0.030384100898146377,0.0002454529570719291
E02002943,E06000020,10466,169768,33,4085,0.008078335373317013,84.54785801713587,male,10-14,302,0.02885534110452895,0.00023310312275384465
E02001950,E08000025,8602,1101521,8,3466,0.002308136180034622,19.85458742065782,female,10-14,223,0.025924203673564288,5.983659243754019e-05
E02001950,E08000025,8602,1101521,8,3466,0.002308136180034622,19.85458742065782,male,10-14,236,0.027435480120902116,6.332482428367482e-05
E02002179,E08000031,6327,253250,182,2259,0.08056662239929172,509.74501992031867,female,10-14,150,0.02370791844476055,0.0019100669132122265
E02002179,E08000031,6327,253250,182,2259,0.08056662239929172,509.74501992031867,male,10-14,165,0.026078710289236605,0.002101073604533449
E02002932,E06000020,9089,169768,14,3567,0.003924866834875245,35.673114662181106,female,10-14,271,0.029816261414897127,0.00011702485556730019
E02002932,E06000020,9089,169768,14,3567,0.003924866834875245,35.673114662181106,male,10-14,289,0.03179667730223347,0.00012479772420276663
E02006704,E07000234,6898,95519,9,2842,0.0031667839549612948,21.84447572132301,female,10-14,170,0.024644824586836766,7.804483507443029e-05
E02006704,E07000234,6898,95519,9,2842,0.0031667839549612948,21.84447572132301,male,10-14,163,0.023630037692084663,7.483122421842433e-05
E02006046,E06000051,8908,310774,21,3364,0.00624256837098692,55.608799048751486,female,10-14,250,0.028064660978895376,0.0001751955649693231
E02006046,E06000051,8908,310774,21,3364,0.00624256837098692,55.608799048751486,male,10-14,242,0.027166591827570724,0.00016958930689030477
E02006011,E06000051,5892,310774,35,2308,0.015164644714038129,89.35008665511265,female,10-14,164,0.027834351663272233,0.00042209805381911966
E02006011,E06000051,5892,310774,35,2308,0.015164644714038129,89.35008665511265,male,10-14,144,0.024439918533604887,0.00037062268140215386
E02006043,E06000051,6881,310774,9,2630,0.0034220532319391636,23.547148288973386,female,10-14,156,0.022671123383229182,7.758179104527097e-05
E02006043,E06000051,6881,310774,9,2630,0.0034220532319391636,23.547148288973386,male,10-14,144,0.020927190815288474,7.16139609648655e-05
E02006013,E06000051,7636,310774,234,3144,0.07442748091603053,568.3282442748092,female,10-14,171,0.022393923520167627,0.0016667233154323234
E02006013,E06000051,7636,310774,234,3144,0.07442748091603053,568.3282442748092,male,10-14,195,0.025536930330015715,0.001900649394791246
E02002948,E06000020,7031,169768,13,2761,0.004708438971387179,33.105034407823254,female,10-14,296,0.04209927464087612,0.0001982218653862331
E02002948,E06000020,7031,169768,13,2761,0.004708438971387179,33.105034407823254,male,10-14,251,0.035699047077229415,0.00016808678449981254
E02002947,E06000020,6762,169768,17,2744,0.00619533527696793,41.892857142857146,female,10-14,220,0.03253475303164744,0.0002015637031844047
E02002947,E06000020,6762,169768,17,2744,0.00619533527696793,41.892857142857146,male,10-14,208,0.03076013013901213,0.00019056931937434628
E02006045,E06000051,11048,310774,9,4637,0.0019409100711667026,21.44317446624973,female,10-14,250,0.022628530050687906,4.391994187107853e-05
E02006045,E06000051,11048,310774,9,4637,0.0019409100711667026,21.44317446624973,male,10-14,239,0.021632874728457638,4.1987464428751075e-05
E02002950,E06000020,5501,169768,15,2409,0.0062266500622665,34.25280199252802,female,10-14,165,0.02999454644610071,0.00018676554449626842
E02002950,E06000020,5501,169768,15,2409,0.0062266500622665,34.25280199252802,male,10-14,158,0.028722050536266135,0.0001788421577600631
E02006010,E06000051,11572,310774,39,4282,0.00910789350770668,105.39654367118169,female,10-14,282,0.024369166954718285,0.0002219517774950988
E02006010,E06000051,11572,310774,39,4282,0.00910789350770668,105.39654367118169,male,10-14,311,0.026875216038714136,0.0002447766056772189
E02006014,E06000051,9310,310774,60,3559,0.01685866816521495,156.9542006181512,female,10-14,250,0.02685284640171858,0.00045270322677805986
E02006014,E06000051,9310,310774,60,3559,0.01685866816521495,156.9542006181512,male,10-14,251,0.026960257787325456,0.00045451403968517213
E02002936,E06000020,8985,169768,13,3588,0.0036231884057971015,32.55434782608695,female,10-14,329,0.03661658319421258,0.000132668779689176
E02002936,E06000020,8985,169768,13,3588,0.0036231884057971015,32.55434782608695,male,10-14,310,0.03450194769059544,0.0001250070568499835
E02002937,E06000020,10271,169768,19,3808,0.004989495798319327,51.247111344537814,female,10-14,291,0.028332197449128616,0.0001413633801295808
E02002937,E06000020,10271,169768,19,3808,0.004989495798319327,51.247111344537814,male,10-14,271,0.026384967383896406,0.0001316476839007436
E02002934,E06000020,5973,169768,8,2312,0.0034602076124567475,20.667820069204154,female,10-14,211,0.03532563201071488,0.0001222340207983214
E02002934,E06000020,5973,169768,8,2312,0.0034602076124567475,20.667820069204154,male,10-14,191,0.0319772308722585,0.00011064785768947577
E02002931,E06000020,6673,169768,12,2265,0.005298013245033113,35.35364238410596,female,10-14,236,0.035366401918177734,0.00018737166579167012
E02002931,E06000020,6673,169768,12,2265,0.005298013245033113,35.35364238410596,male,10-14,210,0.03147010340176832,0.00016672902464513016
E02002949,E06000020,5179,169768,19,2064,0.009205426356589148,47.6749031007752,female,10-14,112,0.02162579648580807,0.00019907467695269058
E02002949,E06000020,5179,169768,19,2064,0.009205426356589148,47.6749031007752,male,10-14,148,0.02857694535624638,0.0002630629659731983
E02002933,E06000020,8266,169768,8,3198,0.0025015634771732333,20.677923702313947,female,10-14,237,0.028671667069924994,7.172399517179486e-05
E02002933,E06000020,8266,169768,8,3198,0.0025015634771732333,20.677923702313947,male,10-14,236,0.028550689571739656,7.142136228077463e-05
E02006012,E06000051,6249,310774,51,2517,0.02026221692491061,126.6185935637664,female,10-14,155,0.024803968634981598,0.000502583393080676
E02006012,E06000051,6249,310774,51,2517,0.02026221692491061,126.6185935637664,male,10-14,141,0.02256361017762842,0.00045718876402822787
E02002938,E06000020,7041,169768,10,2924,0.003419972640218878,24.08002735978112,female,10-14,240,0.034086067319982954,0.00011657341764700053
E02002938,E06000020,7041,169768,10,2924,0.003419972640218878,24.08002735978112,male,10-14,211,0.029967334185485018,0.00010248746301465465
E02002935,E06000020,6539,169768,17,2641,0.006436955698599016,42.091253313138964,female,10-14,179,0.027374216241015447,0.00017620661722728611
E02002935,E06000020,6539,169768,17,2641,0.006436955698599016,42.091253313138964,male,10-14,163,0.02492735892338278,0.00016045630507289182
E02002942,E06000020,6480,169768,12,2164,0.005545286506469501,35.93345656192236,female,10-14,193,0.02978395061728395,0.00016516053946737864
E02002942,E06000020,6480,169768,12,2164,0.005545286506469501,35.93345656192236,male,10-14,219,0.033796296296296297,0.00018741014582049703
E02002940,E06000020,6097,169768,8,2441,0.0032773453502662844,19.981974600573537,female,10-14,139,0.022798097424963096,7.471723859062055e-05
E02002940,E06000020,6097,169768,8,2441,0.0032773453502662844,19.981974600573537,male,10-14,132,0.02164999179924553,7.095449995656052e-05
E02002945,E06000020,9464,169768,23,3482,0.006605399195864446,62.51349798966112,female,10-14,304,0.032121724429416736,0.00021217681271584862
E02002945,E06000020,9464,169768,23,3482,0.006605399195864446,62.51349798966112,male,10-14,314,0.03317836010143702,0.00021915631313413313
E02001851,E08000025,8705,1101521,11,3747,0.0029356818788364024,25.55511075527088,female,10-14,257,0.029523262492820217,8.667090670430274e-05
E02001851,E08000025,8705,1101521,11,3747,0.0029356818788364024,25.55511075527088,male,10-14,219,0.025157955198161976,7.385575318382219e-05
E02006770,E07000239,7445,98999,86,3002,0.028647568287808126,213.2811459027315,female,10-14,171,0.022968435191403628,0.0006579898156098307
E02006770,E07000239,7445,98999,86,3002,0.028647568287808126,213.2811459027315,male,10-14,181,0.024311618535930155,0.0006964687521952009
E02006775,E07000239,5234,98999,39,2137,0.018249883013570427,95.51988769302761,female,10-14,187,0.03572793274742071,0.0006520305929571398
E02006775,E07000239,5234,98999,39,2137,0.018249883013570427,95.51988769302761,male,10-14,171,0.03267099732518151,0.0005962418791212349
E02006752,E07000238,6978,120007,9,2110,0.0042654028436018955,29.763981042654027,female,10-14,209,0.02995127543708799,0.00012775425541885872
E02006752,E07000238,6978,120007,9,2110,0.0042654028436018955,29.763981042654027,male,10-14,225,0.03224419604471195,0.00013753448549877134
E02006769,E07000239,7260,98999,102,2631,0.03876852907639681,281.4595210946408,female,10-14,195,0.026859504132231406,0.0010413034669280135
E02006769,E07000239,7260,98999,102,2631,0.03876852907639681,281.4595210946408,male,10-14,183,0.025206611570247933,0.0009772232535785973
E02006780,E07000239,5841,98999,29,2373,0.012220817530552043,71.38179519595448,female,10-14,128,0.021914055812360896,0.0002678076774371959
E02006780,E07000239,5841,98999,29,2373,0.012220817530552043,71.38179519595448,male,10-14,127,0.021742852251326827,0.00026571542995721786
E02006710,E07000235,8023,76224,16,3073,0.005206638464041653,41.77286039700618,female,10-14,189,0.023557272840583322,0.00012265420287970488
E02006710,E07000235,8023,76224,16,3073,0.005206638464041653,41.77286039700618,male,10-14,195,0.024305122772030414,0.00012654798709810824
E02006772,E07000239,6487,98999,81,2650,0.030566037735849056,198.28188679245284,female,10-14,170,0.02620625867118853,0.0008010214914589702
E02006772,E07000239,6487,98999,81,2650,0.030566037735849056,198.28188679245284,male,10-14,167,0.02574379528287344,0.0007868858180802825
E02006768,E07000239,6929,98999,76,2622,0.028985507246376812,200.84057971014494,female,10-14,170,0.02453456487227594,0.0007111468078920563
E02006768,E07000239,6929,98999,76,2622,0.028985507246376812,200.84057971014494,male,10-14,166,0.023957280992928272,0.0006944139418240078
E02006776,E07000239,6600,98999,50,2264,0.022084805653710248,145.75971731448763,female,10-14,145,0.02196969696969697,0.0004851964878466645
E02006776,E07000239,6600,98999,50,2264,0.022084805653710248,145.75971731448763,male,10-14,147,0.022272727272727274,0.0004918888531962737
E02006779,E07000239,7763,98999,47,2986,0.015740120562625585,122.19055592766242,female,10-14,184,0.023702176993430375,0.0003730751234732845
E02006779,E07000239,7763,98999,47,2986,0.015740120562625585,122.19055592766242,male,10-14,212,0.02730903001416978,0.000429847424871393
E02006773,E07000239,8336,98999,90,3333,0.027002700270027002,225.09450945094508,female,10-14,203,0.024352207293666026,0.0006575753544644291
E02006773,E07000239,8336,98999,90,3333,0.027002700270027002,225.09450945094508,male,10-14,186,0.02231285988483685,0.0006025074676373587
E02006778,E07000239,6883,98999,44,2683,0.016399552739470743,112.87812150577712,female,10-14,199,0.02891181171001017,0.0004741407809319596
E02006778,E07000239,6883,98999,44,2683,0.016399552739470743,112.87812150577712,male,10-14,204,0.029638239139909924,0.0004860538658799988
E02006771,E07000239,6656,98999,74,2584,0.02863777089783282,190.61300309597524,female,10-14,138,0.020733173076923076,0.0005937518605620386
E02006771,E07000239,6656,98999,74,2584,0.02863777089783282,190.61300309597524,male,10-14,163,0.024489182692307692,0.0007013156034174804
E02006767,E07000239,8853,98999,423,3438,0.12303664921465969,1089.2434554973822,female,10-14,205,0.023155992318987913,0.00284903570416867
E02006767,E07000239,8853,98999,423,3438,0.12303664921465969,1089.2434554973822,male,10-14,322,0.036371851349824916,0.004475070715816155
E02006711,E07000235,7992,76224,13,2603,0.004994237418363427,39.91394544756051,female,10-14,267,0.03340840840840841,0.00016684952336124063
E02006711,E07000235,7992,76224,13,2603,0.004994237418363427,39.91394544756051,male,10-14,318,0.03978978978978979,0.00019871965703698318
E02006697,E07000234,7343,95519,582,2760,0.2108695652173913,1548.4152173913044,female,10-14,167,0.022742748195560398,0.004795753423846432
E02006697,E07000234,7343,95519,582,2760,0.2108695652173913,1548.4152173913044,male,10-14,216,0.029415770121203867,0.00620289065599299
E02006748,E07000238,6695,120007,28,2468,0.011345218800648298,75.95623987034035,female,10-14,190,0.028379387602688575,0.0003219703617809077
E02006748,E07000238,6695,120007,28,2468,0.011345218800648298,75.95623987034035,male,10-14,174,0.02598954443614638,0.0002948570681572523
E02006753,E07000238,6436,120007,20,2175,0.009195402298850575,59.181609195402295,female,10-14,167,0.025947793660658795,0.00023860040147732225
E02006753,E07000238,6436,120007,20,2175,0.009195402298850575,59.181609195402295,male,10-14,220,0.03418272218769422,0.000314323882185694
E02006707,E07000234,6848,95519,9,2196,0.004098360655737705,28.065573770491806,female,10-14,245,0.0357768691588785,0.00014662651294622338
E02006707,E07000234,6848,95519,9,2196,0.004098360655737705,28.065573770491806,male,10-14,228,0.03329439252336448,0.0001364524283744446
E02001895,E08000025,8221,1101521,8,3569,0.002241524236480807,18.427570748108714,female,10-14,269,0.03272108016056441,7.334509422373642e-05
E02001895,E08000025,8221,1101521,8,3569,0.002241524236480807,18.427570748108714,male,10-14,294,0.035762072740542515,8.016155279471565e-05
E02006706,E07000234,7094,95519,13,2640,0.004924242424242424,34.932575757575755,female,10-14,179,0.025232590921905836,0.00012425139469120298
E02006706,E07000234,7094,95519,13,2640,0.004924242424242424,34.932575757575755,male,10-14,228,0.03213983648153369,0.00015826434631058256
E02006703,E07000234,7229,95519,11,2633,0.004177744018230156,30.200911507785797,female,10-14,188,0.026006363259095312,0.00010864792854160594
E02006703,E07000234,7229,95519,11,2633,0.004177744018230156,30.200911507785797,male,10-14,208,0.02877299764836077,0.00012020621881198954
E02006705,E07000234,7134,95519,14,2719,0.0051489518205222505,36.732622287605736,female,10-14,175,0.024530417717970283,0.00012630593896711435
E02006705,E07000234,7134,95519,14,2719,0.0051489518205222505,36.732622287605736,male,10-14,194,0.0271937202130642,0.00014001915519782962
E02006702,E07000234,5790,95519,23,2326,0.009888220120378332,57.25279449699054,female,10-14,156,0.02694300518134715,0.00026641836593765456
E02006702,E07000234,5790,95519,23,2326,0.009888220120378332,57.25279449699054,male,10-14,159,0.027461139896373058,0.0002715417960518402
E02006708,E07000234,8466,95519,12,3221,0.003725551071095933,31.54051536789817,female,10-14,245,0.028939286557996692,0.00010781479003289671
E02006708,E07000234,8466,95519,12,3221,0.003725551071095933,31.54051536789817,male,10-14,269,0.031774155445310655,0.00011837623885244579
E02006709,E07000234,7862,95519,12,2822,0.004252303330970942,33.43160878809355,female,10-14,160,0.02035105571101501,8.653886198872435e-05
E02006709,E07000234,7862,95519,12,2822,0.004252303330970942,33.43160878809355,male,10-14,192,0.02442126685321801,0.00010384663438646921
E02006774,E07000239,7573,98999,64,2899,0.02207657813038979,167.18592618144186,female,10-14,176,0.023240459527267925,0.0005130698205398921
E02006774,E07000239,7573,98999,64,2899,0.02207657813038979,167.18592618144186,male,10-14,181,0.023900699854747128,0.0005276456677143209
E02001946,E08000025,7631,1101521,11,3033,0.003626772172766238,27.67589845037916,female,10-14,215,0.028174551172847596,0.00010218267817386203
E02001946,E08000025,7631,1101521,11,3033,0.003626772172766238,27.67589845037916,male,10-14,234,0.030664395229982964,0.00011121277531480798
E02006901,E08000025,15014,1101521,10,5840,0.0017123287671232876,25.70890410958904,female,10-14,685,0.045624084188091114,7.812343182892314e-05
E02006901,E08000025,15014,1101521,10,5840,0.0017123287671232876,25.70890410958904,male,10-14,708,0.047155987744771546,8.074655435748552e-05
E02006187,E07000196,7313,110688,2369,2947,0.8038683406854428,5878.689175432643,female,10-14,165,0.02256255982496923,0.01813732752811405
E02006187,E07000196,7313,110688,2369,2947,0.8038683406854428,5878.689175432643,male,10-14,189,0.025844386708601123,0.020775484259476097
E02006777,E07000239,7139,98999,73,2644,0.02760968229954614,197.1055219364599,female,10-14,164,0.022972405098753326,0.0006342608064330532
E02006777,E07000239,7139,98999,73,2644,0.02760968229954614,197.1055219364599,male,10-14,169,0.02367278330298361,0.000653598026141378
E02002002,E08000027,6982,315653,2194,2941,0.7460047602856171,5208.605236314179,female,10-14,154,0.02205671727298768,0.016454416081922805
E02002002,E08000027,6982,315653,2194,2941,0.7460047602856171,5208.605236314179,male,10-14,152,0.021770266399312517,0.01624072236657316
E02002013,E08000027,6563,315653,2277,2637,0.863481228668942,5667.027303754266,female,10-14,210,0.03199756209050739,0.027629294228322075
E02002013,E08000027,6563,315653,2277,2637,0.863481228668942,5667.027303754266,male,10-14,187,0.02849306719488039,0.024603228669982043
E02002078,E08000028,6286,316289,58,2651,0.02187853640135798,137.52847981893626,female,10-14,172,0.02736239261851734,0.0005986491029324805
E02002078,E08000028,6286,316289,58,2651,0.02187853640135798,137.52847981893626,male,10-14,182,0.028953229398663696,0.0006334542833355317
E02002029,E08000027,5821,315653,910,2458,0.37021969080553296,2155.048820179007,female,10-14,133,0.02284830785088473,0.008458893467984176
E02002029,E08000027,5821,315653,910,2458,0.37021969080553296,2155.048820179007,male,10-14,134,0.023020099639237245,0.008522494170750974
E02006696,E07000234,6224,95519,830,2309,0.3594629709831096,2237.297531398874,female,10-14,223,0.03582904884318766,0.012879216344671183
E02006696,E07000234,6224,95519,830,2309,0.3594629709831096,2237.297531398874,male,10-14,260,0.04177377892030849,0.015016126679885684
E02002035,E08000027,6215,315653,1133,2623,0.43194815097216926,2684.557758292032,female,10-14,155,0.0249396621078037,0.010772640933336483
E02002035,E08000027,6215,315653,1133,2623,0.43194815097216926,2684.557758292032,male,10-14,164,0.026387771520514882,0.011398149116562471
E02002027,E08000027,5585,315653,1634,1917,0.8523735002608243,4760.5059989567035,female,10-14,179,0.03205013428827216,0.027318685147124
E02002027,E08000027,5585,315653,1634,1917,0.8523735002608243,4760.5059989567035,male,10-14,168,0.030080572963294538,0.02563988326657448
E02002023,E08000027,5328,315653,1842,2111,0.8725722406442444,4649.064898152535,female,10-14,155,0.02909159159159159,0.025384515258982335
E02002023,E08000027,5328,315653,1842,2111,0.8725722406442444,4649.064898152535,male,10-14,151,0.02834084084084084,0.024729430994234403
E02002036,E08000027,6538,315653,2415,2792,0.8649713467048711,5655.182664756447,female,10-14,171,0.026154787396757417,0.022623141677352854
E02002036,E08000027,6538,315653,2415,2792,0.8649713467048711,5655.182664756447,male,10-14,189,0.028907922912205567,0.02500452501181105
E02002006,E08000027,6484,315653,2371,2774,0.8547224224945926,5542.020187454938,female,10-14,161,0.024830351634793336,0.021223058300683127
E02002006,E08000027,6484,315653,2371,2774,0.8547224224945926,5542.020187454938,male,10-14,169,0.026064157927205428,0.022277620203822665
E02002039,E08000027,6423,315653,2050,2529,0.8105970739422697,5206.465005931198,female,10-14,163,0.02537754943172972,0.02057096731318542
E02002039,E08000027,6423,315653,2050,2529,0.8105970739422697,5206.465005931198,male,10-14,308,0.047952670091857386,0.038870294064178586
E02002024,E08000027,8489,315653,3028,3483,0.8693654895205283,7380.043640539765,female,10-14,251,0.029567675815761574,0.025705116959553846
E02002024,E08000027,8489,315653,3028,3483,0.8693654895205283,7380.043640539765,male,10-14,260,0.030627871362940276,0.02662681438041434
E02002009,E08000027,6697,315653,2392,2910,0.8219931271477663,5504.887972508591,female,10-14,190,0.0283709123488129,0.023320694961635895
E02002009,E08000027,6697,315653,2392,2910,0.8219931271477663,5504.887972508591,male,10-14,268,0.04001791847095715,0.03289445394588642
E02002018,E08000027,8990,315653,2997,3484,0.8602181400688863,7733.361079219288,female,10-14,235,0.02614015572858732,0.02248623614195643
E02002018,E08000027,8990,315653,2997,3484,0.8602181400688863,7733.361079219288,male,10-14,247,0.027474972191323693,0.02363446947686484
E02002033,E08000027,7674,315653,2219,2966,0.7481456507080243,5741.269723533378,female,10-14,191,0.024889236382590565,0.01862077394907905
E02002033,E08000027,7674,315653,2219,2966,0.7481456507080243,5741.269723533378,male,10-14,233,0.030362262183997915,0.02271539439861476
E02002017,E08000027,8443,315653,3414,3928,0.8691446028513238,7338.187881873727,female,10-14,212,0.02510955821390501,0.021823837001596662
E02002017,E08000027,8443,315653,3414,3928,0.8691446028513238,7338.187881873727,male,10-14,240,0.02842591495913775,0.02470623056784528
E02002041,E08000027,6174,315653,2055,2549,0.8061985092193017,4977.469595919969,female,10-14,151,0.024457402008422415,0.019717521038567307
E02002041,E08000027,6174,315653,2055,2549,0.8061985092193017,4977.469595919969,male,10-14,145,0.023485584710074506,0.018934043381405693
E02002012,E08000027,8054,315653,3436,3885,0.8844272844272845,7123.177348777349,female,10-14,249,0.030916314874596475,0.027343232409038222
E02002012,E08000027,8054,315653,3436,3885,0.8844272844272845,7123.177348777349,male,10-14,247,0.030667991060342688,0.02712360805233912
E02002022,E08000027,8434,315653,3147,3556,0.8849831271091113,7463.947694038245,female,10-14,250,0.029641925539483045,0.026232603957467137
E02002022,E08000027,8434,315653,3147,3556,0.8849831271091113,7463.947694038245,male,10-14,261,0.030946170263220298,0.02738683853159569
E02002034,E08000027,7963,315653,2698,3216,0.8389303482587065,6680.40236318408,female,10-14,202,0.02536732387291222,0.021281417851093647
E02002034,E08000027,7963,315653,2698,3216,0.8389303482587065,6680.40236318408,male,10-14,214,0.02687429360793671,0.022545660495713073
E02002042,E08000027,8222,315653,2220,2974,0.7464694014794889,6137.471418964358,female,10-14,235,0.028581853563609826,0.021335479122802224
E02002042,E08000027,8222,315653,2220,2974,0.7464694014794889,6137.471418964358,male,10-14,210,0.025541230844076866,0.01906574730122752
E02002026,E08000027,7013,315653,2186,2562,0.853239656518345,5983.769711163153,female,10-14,195,0.027805504063881364,0.02372475873678558
E02002026,E08000027,7013,315653,2186,2562,0.853239656518345,5983.769711163153,male,10-14,196,0.02794809639241409,0.023846424166204996
E02002020,E08000027,9771,315653,3408,3903,0.8731744811683321,8531.787855495773,female,10-14,234,0.02394841879029782,0.020911148152020234
E02002020,E08000027,9771,315653,3408,3903,0.8731744811683321,8531.787855495773,male,10-14,239,0.024460137140517858,0.02135796755697793
E02002030,E08000027,6330,315653,2521,2903,0.8684119875990355,5497.047881501895,female,10-14,145,0.022906793048973143,0.019892533681178538
E02002030,E08000027,6330,315653,2521,2903,0.8684119875990355,5497.047881501895,male,10-14,202,0.031911532385466033,0.02771235726619355
E02002028,E08000027,5825,315653,2078,2430,0.8551440329218107,4981.213991769548,female,10-14,125,0.02145922746781116,0.01835073032021053
E02002028,E08000027,5825,315653,2078,2430,0.8551440329218107,4981.213991769548,male,10-14,139,0.02386266094420601,0.02040601211607411
E02002021,E08000027,7518,315653,2907,3277,0.8870918523039365,6669.156545620995,female,10-14,194,0.025804735301942005,0.02289117043721251
E02002021,E08000027,7518,315653,2907,3277,0.8870918523039365,6669.156545620995,male,10-14,146,0.01942005852620378,0.017227375689860967
E02002011,E08000027,5761,315653,2006,2316,0.8661485319516408,4989.881692573403,female,10-14,182,0.031591737545565005,0.02736313709689266
E02002011,E08000027,5761,315653,2006,2316,0.8661485319516408,4989.881692573403,male,10-14,180,0.03124457559451484,0.027062443282641093
E02002019,E08000027,8016,315653,2788,3247,0.8586387434554974,6882.848167539267,female,10-14,279,0.03480538922155688,0.029885255666677116
E02002019,E08000027,8016,315653,2788,3247,0.8586387434554974,6882.848167539267,male,10-14,280,0.03493013972055888,0.029992371278385638
E02002016,E08000027,7873,315653,3246,3671,0.8842277308635249,6961.524925088532,female,10-14,236,0.0299758668868284,0.02650549275800735
E02002016,E08000027,7873,315653,3246,3671,0.8842277308635249,6961.524925088532,male,10-14,255,0.03238917820398832,0.02863940954784693
E02002040,E08000027,6006,315653,1787,2238,0.7984807864164433,4795.675603217158,female,10-14,140,0.023310023310023312,0.018612605743973037
E02002040,E08000027,6006,315653,1787,2238,0.7984807864164433,4795.675603217158,male,10-14,161,0.026806526806526808,0.021404496605568993
E02002015,E08000027,6039,315653,2300,2613,0.880214313050134,5315.614236509759,female,10-14,165,0.0273224043715847,0.024049571394812404
E02002015,E08000027,6039,315653,2300,2613,0.880214313050134,5315.614236509759,male,10-14,161,0.026660043053485676,0.02346655148221089
E02002037,E08000027,5965,315653,1882,2241,0.8398036590807675,5009.428826416778,female,10-14,144,0.024140821458507964,0.020273550194070497
E02002037,E08000027,5965,315653,1882,2241,0.8398036590807675,5009.428826416778,male,10-14,164,0.02749371332774518,0.023089321054358066
E02001901,E08000025,8063,1101521,11,2791,0.003941239699032604,31.778215693299888,female,10-14,170,0.021083963785191617,8.309695508316294e-05
E02001901,E08000025,8063,1101521,11,2791,0.003941239699032604,31.778215693299888,male,10-14,141,0.017487287610070693,6.892159215721161e-05
E02006698,E07000234,6535,95519,10,2771,0.003608805485384338,23.583543846986647,female,10-14,178,0.02723794950267789,9.829646157588557e-05
E02006698,E07000234,6535,95519,10,2771,0.003608805485384338,23.583543846986647,male,10-14,192,0.02938026013771997,0.00010602764394702262
E02001921,E08000025,7888,1101521,10,3211,0.003114294612270321,24.56555590158829,female,10-14,247,0.03131338742393509,9.751911374629428e-05
E02001921,E08000025,7888,1101521,10,3211,0.003114294612270321,24.56555590158829,male,10-14,232,0.029411764705882353,9.15969003608918e-05
E02001927,E08000025,7803,1101521,10,3616,0.0027654867256637168,21.579092920353983,female,10-14,245,0.03139818018710752,8.683125051744336e-05
E02001927,E08000025,7803,1101521,10,3616,0.0027654867256637168,21.579092920353983,male,10-14,268,0.03434576444957068,9.498275566806051e-05
E02001952,E08000025,9117,1101521,12,4047,0.0029651593773165306,27.03335804299481,female,10-14,286,0.031369968191290995,9.301695534852778e-05
E02001952,E08000025,9117,1101521,12,4047,0.0029651593773165306,27.03335804299481,male,10-14,256,0.02807941208730942,8.325993206022067e-05
E02001913,E08000025,7746,1101521,14,2873,0.004872955099199443,37.74591019839888,female,10-14,109,0.014071778982700749,6.857114714855917e-05
E02001913,E08000025,7746,1101521,14,2873,0.004872955099199443,37.74591019839888,male,10-14,149,0.019235734572682676,9.373487087280106e-05
E02001932,E08000025,7076,1101521,14,3205,0.00436817472698908,30.90920436817473,female,10-14,207,0.029253815715093272,0.0001277857784746664
E02001932,E08000025,7076,1101521,14,3205,0.00436817472698908,30.90920436817473,male,10-14,229,0.032362916902204636,0.000141366875703858
E02001899,E08000025,8050,1101521,17,3211,0.005294300840859545,42.61912176891934,female,10-14,209,0.025962732919254657,0.00013745451872542174
E02001899,E08000025,8050,1101521,17,3211,0.005294300840859545,42.61912176891934,male,10-14,230,0.02857142857142857,0.0001512657383102727
E02001911,E08000025,8103,1101521,21,3490,0.006017191977077364,48.75730659025788,female,10-14,269,0.03319758114278662,0.00019975621891075044
E02001911,E08000025,8103,1101521,21,3490,0.006017191977077364,48.75730659025788,male,10-14,285,0.03517215845982969,0.00021163762970098095
E02001951,E08000025,8399,1101521,21,3936,0.005335365853658537,44.81173780487805,female,10-14,273,0.032503869508274795,0.00017342003548622225
E02001951,E08000025,8399,1101521,21,3936,0.005335365853658537,44.81173780487805,male,10-14,255,0.03036075723300393,0.00016198574743218563
E02001928,E08000025,6890,1101521,23,3103,0.007412181759587496,51.06993232355784,female,10-14,193,0.028011611030478955,0.000207627152336776
E02001928,E08000025,6890,1101521,23,3103,0.007412181759587496,51.06993232355784,male,10-14,201,0.029172714078374455,0.00021623345916938847
E02001920,E08000025,7512,1101521,52,3186,0.016321406151914627,122.60640301318267,female,10-14,246,0.03274760383386582,0.0005344869426745206
E02001920,E08000025,7512,1101521,52,3186,0.016321406151914627,122.60640301318267,male,10-14,272,0.0362087326943557,0.0005909774325506894
E02001906,E08000025,9284,1101521,90,3832,0.02348643006263048,218.04801670146136,female,10-14,311,0.033498492029297715,0.0007867599902496854
E02001906,E08000025,9284,1101521,90,3832,0.02348643006263048,218.04801670146136,male,10-14,319,0.034360189573459717,0.0008069981893557867
E02001935,E08000025,7920,1101521,9,3303,0.0027247956403269754,21.580381471389646,female,10-14,210,0.026515151515151516,7.224836925109405e-05
E02001935,E08000025,7920,1101521,9,3303,0.0027247956403269754,21.580381471389646,male,10-14,244,0.03080808080808081,8.394572427269975e-05
E02001926,E08000025,7401,1101521,9,2620,0.003435114503816794,25.42328244274809,female,10-14,156,0.02107823267126064,7.240614276387243e-05
E02001926,E08000025,7401,1101521,9,2620,0.003435114503816794,25.42328244274809,male,10-14,146,0.019727063910282394,6.776472335593189e-05
E02001919,E08000025,6664,1101521,8,2649,0.003020007550018875,20.125330313325783,female,10-14,175,0.026260504201680673,7.930692095637802e-05
E02001919,E08000025,6664,1101521,8,2649,0.003020007550018875,20.125330313325783,male,10-14,166,0.02490996398559424,7.522827930719287e-05
E02001938,E08000025,7790,1101521,8,2854,0.002803083391730904,21.83601962158374,female,10-14,195,0.02503209242618742,7.016704254011891e-05
E02001938,E08000025,7790,1101521,8,2854,0.002803083391730904,21.83601962158374,male,10-14,210,0.026957637997432605,7.556450735089728e-05
E02002168,E08000031,11027,253250,76,3901,0.019482184055370416,214.8300435785696,female,15-19,360,0.032647138841026574,0.0006360375677821121
E02002168,E08000031,11027,253250,76,3901,0.019482184055370416,214.8300435785696,male,15-19,365,0.03310057132492972,0.0006448714228901969
E02006130,E07000192,7338,98508,16,1959,0.00816743236345074,59.932618683001536,female,15-19,193,0.02630144453529572,0.0002148152693030789
E02006130,E07000192,7338,98508,16,1959,0.00816743236345074,59.932618683001536,male,15-19,240,0.032706459525756335,0.00026712779602455403
E02006177,E07000196,9842,110688,32,3021,0.010592519033432638,104.25157232704403,female,15-19,272,0.027636659215606586,0.00029274183876180427
E02006177,E07000196,9842,110688,32,3021,0.010592519033432638,104.25157232704403,male,15-19,309,0.03139605771184718,0.00033256333888749084
E02002134,E08000030,8444,273933,35,3485,0.010043041606886656,84.80344332855093,female,15-19,273,0.032330648981525344,0.0003246980528991067
E02002134,E08000030,8444,273933,35,3485,0.010043041606886656,84.80344332855093,male,15-19,274,0.03244907626717196,0.0003258874230562463
E02002120,E08000030,6211,273933,24,2204,0.010889292196007259,67.63339382940109,female,15-19,183,0.0294638544517791,0.0003208405203460519
E02002120,E08000030,6211,273933,24,2204,0.010889292196007259,67.63339382940109,male,15-19,232,0.03735308323941394,0.0004067486378157598
E02002129,E08000030,5759,273933,34,2402,0.014154870940882597,81.51790174854288,female,15-19,142,0.024657058517103665,0.0003490174810913924
E02002129,E08000030,5759,273933,34,2402,0.014154870940882597,81.51790174854288,male,15-19,183,0.03177635006077444,0.00044979013408256915
E02002131,E08000030,7803,273933,19,2882,0.00659264399722415,51.44240111034004,female,15-19,265,0.03396129693707548,0.00022389474039015758
E02002131,E08000030,7803,273933,19,2882,0.00659264399722415,51.44240111034004,male,15-19,251,0.03216711521209791,0.00021206633901105494
E02006175,E07000196,7115,110688,15,1490,0.010067114093959731,71.62751677852349,female,15-19,223,0.03134223471539002,0.0003155258528394968
E02006175,E07000196,7115,110688,15,1490,0.010067114093959731,71.62751677852349,male,15-19,227,0.03190442726633872,0.0003211855093926717
E02006155,E07000194,5739,102062,10,2456,0.004071661237785016,23.36726384364821,female,15-19,182,0.03171284195852936,0.00012912394934254626
E02006155,E07000194,5739,102062,10,2456,0.004071661237785016,23.36726384364821,male,15-19,178,0.031015856420979263,0.0001262860603460068
E02006129,E07000192,7951,98508,11,2006,0.005483549351944167,43.599700897308075,female,15-19,217,0.027292164507609105,0.0001496579309988535
E02006129,E07000192,7951,98508,11,2006,0.005483549351944167,43.599700897308075,male,15-19,254,0.03194566721167149,0.00017517564273598522
E02006180,E07000196,6835,110688,36,2673,0.013468013468013467,92.05387205387206,female,15-19,202,0.029553767373811265,0.0003980305370210271
E02006180,E07000196,6835,110688,36,2673,0.013468013468013467,92.05387205387206,male,15-19,226,0.03306510607168983,0.0004453212938948125
E02002043,E08000028,8799,316289,31,3725,0.00832214765100671,73.22657718120804,female,15-19,278,0.03159449937492897,0.0002629340887577981
E02002043,E08000028,8799,316289,31,3725,0.00832214765100671,73.22657718120804,male,15-19,272,0.030912603704966474,0.0002572592523097881
E02002148,E08000030,11314,273933,12,4622,0.0025962786672436176,29.37429684119429,female,15-19,316,0.027929998232278593,7.251405858661686e-05
E02002148,E08000030,11314,273933,12,4622,0.0025962786672436176,29.37429684119429,male,15-19,376,0.033233162453597316,8.628255072331627e-05
E02006126,E07000192,8412,98508,11,1815,0.006060606060606061,50.981818181818184,female,15-19,243,0.028887303851640515,0.00017507456879782131
E02006126,E07000192,8412,98508,11,1815,0.006060606060606061,50.981818181818184,male,15-19,239,0.02841179267712791,0.0001721926828916843
E02002046,E08000028,5770,316289,16,2410,0.006639004149377593,38.30705394190871,female,15-19,233,0.04038128249566725,0.00026809150204592364
E02002046,E08000028,5770,316289,16,2410,0.006639004149377593,38.30705394190871,male,15-19,177,0.030675909878682843,0.0002036574929705085
E02002047,E08000028,6640,316289,124,3214,0.038581207218419414,256.1792159303049,female,15-19,178,0.026807228915662652,0.0010342552537467855
E02002047,E08000028,6640,316289,124,3214,0.038581207218419414,256.1792159303049,male,15-19,219,0.03298192771084337,0.0012724825874749776
E02002045,E08000028,7925,316289,34,3323,0.01023171832681312,81.08636773999399,female,15-19,215,0.027129337539432176,0.0002775797400965074
E02002045,E08000028,7925,316289,34,3323,0.01023171832681312,81.08636773999399,male,15-19,240,0.03028391167192429,0.00030985645406121756
E02002044,E08000028,7501,316289,27,3214,0.008400746733042938,63.014001244555075,female,15-19,229,0.030529262764964673,0.00025646860443498637
E02002044,E08000028,7501,316289,27,3214,0.008400746733042938,63.014001244555075,male,15-19,266,0.03546193840821224,0.00029790676323015883
E02006178,E07000196,7888,110688,18,2689,0.00669393826701376,52.801785050204536,female,15-19,208,0.02636916835699797,0.00017651358513423707
E02006178,E07000196,7888,110688,18,2689,0.00669393826701376,52.801785050204536,male,15-19,281,0.035623732251521295,0.00023846306453231066
E02002146,E08000030,6578,273933,19,2657,0.007150922092585623,47.038765525028225,female,15-19,249,0.03785345089692916,0.00027068707829945576
E02002146,E08000030,6578,273933,19,2657,0.007150922092585623,47.038765525028225,male,15-19,227,0.034508969291577984,0.00024677095089950383
E02002110,E08000030,6695,273933,15,2592,0.005787037037037037,38.74421296296296,female,15-19,190,0.028379387602688575,0.0001642325671451885
E02002110,E08000030,6695,273933,15,2592,0.005787037037037037,38.74421296296296,male,15-19,192,0.028678117998506347,0.00016596133100987468
E02002112,E08000030,5455,273933,19,2078,0.009143407122232916,49.877285851780556,female,15-19,175,0.032080659945004586,0.0002933265346270871
E02002112,E08000030,5455,273933,19,2078,0.009143407122232916,49.877285851780556,male,15-19,166,0.030430797433547204,0.00027824116998912264
E02002113,E08000030,6555,273933,20,2632,0.007598784194528876,49.81003039513678,female,15-19,211,0.032189168573607936,0.0002445985453921576
E02002113,E08000030,6555,273933,20,2632,0.007598784194528876,49.81003039513678,male,15-19,208,0.031731502669717776,0.00024112084095530224
E02002124,E08000030,7088,273933,25,2905,0.008605851979345954,60.998278829604125,female,15-19,190,0.0268058690744921,0.00023068734143280635
E02002124,E08000030,7088,273933,25,2905,0.008605851979345954,60.998278829604125,male,15-19,195,0.027511286681715576,0.00023675806094419598
E02002114,E08000030,6027,273933,12,2486,0.004827031375703942,29.092518101367656,female,15-19,145,0.024058403849344615,0.00011613067023014294
E02002114,E08000030,6027,273933,12,2486,0.004827031375703942,29.092518101367656,male,15-19,172,0.02853824456611913,0.00013775500192816958
E02002116,E08000030,6796,273933,28,2645,0.01058601134215501,71.94253308128545,female,15-19,191,0.028104767510300176,0.0002975173876326673
E02002116,E08000030,6796,273933,28,2645,0.01058601134215501,71.94253308128545,male,15-19,191,0.028104767510300176,0.0002975173876326673
E02002138,E08000030,6485,273933,16,2394,0.006683375104427736,43.34168755221386,female,15-19,235,0.036237471087124135,0.00024218861211110533
E02002138,E08000030,6485,273933,16,2394,0.006683375104427736,43.34168755221386,male,15-19,220,0.03392444101773323,0.0002267297645295454
E02002145,E08000030,7105,273933,41,3016,0.013594164456233421,96.58653846153845,female,15-19,225,0.03166783954961295,0.00043049781881105136
E02002145,E08000030,7105,273933,41,3016,0.013594164456233421,96.58653846153845,male,15-19,222,0.031245601688951442,0.0004247578478935707
E02002147,E08000030,8031,273933,66,3184,0.0207286432160804,166.4717336683417,female,15-19,242,0.030133233719337568,0.0006246210507149119
E02002147,E08000030,8031,273933,66,3184,0.0207286432160804,166.4717336683417,male,15-19,279,0.03474038102353381,0.0007201209634275224
E02002119,E08000030,5943,273933,23,2452,0.009380097879282219,55.74592169657423,female,15-19,189,0.03180212014134275,0.0002983069996944875
E02002119,E08000030,5943,273933,23,2452,0.009380097879282219,55.74592169657423,male,15-19,182,0.030624263839811542,0.00028725859229839537
E02002117,E08000030,6391,273933,22,2461,0.008939455505891914,57.132060138155225,female,15-19,199,0.031137537161633547,0.0002783526280194791
E02002117,E08000030,6391,273933,22,2461,0.008939455505891914,57.132060138155225,male,15-19,209,0.03270223752151463,0.00029234019726668913
E02002132,E08000030,6479,273933,39,2806,0.013898788310762652,90.05024946543122,female,15-19,222,0.034264546997993514,0.00047623568528928976
E02002132,E08000030,6479,273933,39,2806,0.013898788310762652,90.05024946543122,male,15-19,209,0.03225806451612903,0.0004483480100246017
E02002139,E08000030,9513,273933,49,4150,0.011807228915662651,112.3221686746988,female,15-19,357,0.037527593818984545,0.0004430968908747573
E02002139,E08000030,9513,273933,49,4150,0.011807228915662651,112.3221686746988,male,15-19,372,0.039104383475244406,0.0004617144072980665
E02002136,E08000030,7706,273933,44,3044,0.01445466491458607,111.38764783180027,female,15-19,191,0.024785881131585776,0.0003582716063698338
E02002136,E08000030,7706,273933,44,3044,0.01445466491458607,111.38764783180027,male,15-19,213,0.027640799377108748,0.0003995384929674063
E02002118,E08000030,7347,273933,27,3045,0.008866995073891626,65.14581280788178,female,15-19,247,0.03361916428474207,0.00029810096410116125
E02002118,E08000030,7347,273933,27,3045,0.008866995073891626,65.14581280788178,male,15-19,235,0.031985844562406426,0.00028361832616912103
E02002128,E08000030,5558,273933,17,2321,0.007324429125376993,40.70917707884533,female,15-19,138,0.02482907520690896,0.00018185880160165977
E02002128,E08000030,5558,273933,17,2321,0.007324429125376993,40.70917707884533,male,15-19,156,0.028067650233897085,0.00020557951485405019
E02002142,E08000030,6831,273933,27,2814,0.009594882729211088,65.54264392324095,female,15-19,256,0.03747621138925487,0.0003595798534150254
E02002142,E08000030,6831,273933,27,2814,0.009594882729211088,65.54264392324095,male,15-19,213,0.031181379007465964,0.00029918167491172035
E02002123,E08000030,6475,273933,29,2966,0.009777478084962913,63.30917060013486,female,15-19,160,0.02471042471042471,0.00024160563607630362
E02002123,E08000030,6475,273933,29,2966,0.009777478084962913,63.30917060013486,male,15-19,187,0.02888030888030888,0.0002823765871641799
E02002144,E08000030,6676,273933,16,2662,0.006010518407212622,40.126220886551465,female,15-19,184,0.02756141402037148,0.00016565838629825083
E02002144,E08000030,6676,273933,16,2662,0.006010518407212622,40.126220886551465,male,15-19,219,0.03280407429598562,0.000197169492387592
E02002133,E08000030,6723,273933,23,2899,0.00793377026560883,53.338737495688164,female,15-19,220,0.032723486538747584,0.0002596206244881664
E02002133,E08000030,6723,273933,23,2899,0.00793377026560883,53.338737495688164,male,15-19,183,0.027219991075412762,0.0002159571558242475
E02002125,E08000030,6150,273933,21,2579,0.0081426909654905,50.07754943776657,female,15-19,177,0.02878048780487805,0.00023435061803119
E02002125,E08000030,6150,273933,21,2579,0.0081426909654905,50.07754943776657,male,15-19,132,0.021463414634146343,0.00017476995243004
E02002111,E08000030,6159,273933,24,2566,0.009353078721745909,57.60561184723305,female,15-19,157,0.025491151160902743,0.00023842074351584797
E02002111,E08000030,6159,273933,24,2566,0.009353078721745909,57.60561184723305,male,15-19,216,0.03507062834875792,0.0003280183477670265
E02002122,E08000030,5626,273933,26,2451,0.010607915136678907,59.68013055895553,female,15-19,175,0.031105581230003555,0.00032996536596495
E02002122,E08000030,5626,273933,26,2451,0.010607915136678907,59.68013055895553,male,15-19,200,0.03554923569143263,0.00037710327538851424
E02002115,E08000030,6774,273933,19,2716,0.006995581737849779,47.388070692194404,female,15-19,190,0.028048420431059935,0.00019621501774305552
E02002115,E08000030,6774,273933,19,2716,0.006995581737849779,47.388070692194404,male,15-19,229,0.03380572778269855,0.00023649073191136692
E02002143,E08000030,10020,273933,34,3975,0.008553459119496854,85.70566037735848,female,15-19,372,0.037125748502994015,0.00031755357210108085
E02002143,E08000030,10020,273933,34,3975,0.008553459119496854,85.70566037735848,male,15-19,369,0.03682634730538922,0.00031499265619703984
E02002130,E08000030,6711,273933,30,2715,0.011049723756906077,74.15469613259668,female,15-19,172,0.025629563403367604,0.00028319959561732156
E02002130,E08000030,6711,273933,30,2715,0.011049723756906077,74.15469613259668,male,15-19,221,0.032931008791536286,0.00036387855018272136
E02002126,E08000030,6701,273933,25,2766,0.009038322487346349,60.565798987707886,female,15-19,195,0.02910013430831219,0.00026301639830361706
E02002126,E08000030,6701,273933,25,2766,0.009038322487346349,60.565798987707886,male,15-19,235,0.035069392627965976,0.00031696848000692314
E02002127,E08000030,8612,273933,33,3788,0.008711721224920803,75.02534318901796,female,15-19,283,0.03286112401300511,0.00028627695153885126
E02002127,E08000030,8612,273933,33,3788,0.008711721224920803,75.02534318901796,male,15-19,294,0.03413841151881096,0.0002974043242135063
E02002121,E08000030,6502,273933,27,2956,0.009133964817320704,59.38903924221922,female,15-19,221,0.03398954167948324,0.00031045927785725556
E02002121,E08000030,6502,273933,27,2956,0.009133964817320704,59.38903924221922,male,15-19,213,0.03275915103045217,0.0002992209329574454
E02002140,E08000030,8199,273933,27,3608,0.007483370288248337,61.35615299334812,female,15-19,226,0.02756433711428223,0.00020627414137628055
E02002140,E08000030,8199,273933,27,3608,0.007483370288248337,61.35615299334812,male,15-19,312,0.0380534211489206,0.00028476784119203335
E02002135,E08000030,7467,273933,29,3125,0.00928,69.29376,female,15-19,262,0.03508771929824561,0.0003256140350877193
E02002135,E08000030,7467,273933,29,3125,0.00928,69.29376,male,15-19,242,0.032409267443417704,0.0003007580018749163
E02006122,E07000192,6630,98508,8,1372,0.0058309037900874635,38.65889212827988,female,15-19,187,0.028205128205128206,0.00016446138895118487
E02006122,E07000192,6630,98508,8,1372,0.0058309037900874635,38.65889212827988,male,15-19,197,0.02971342383107089,0.0001732561156330664
E02006151,E07000194,8781,102062,18,3519,0.005115089514066497,44.915601023017906,female,15-19,245,0.027901150210682155,0.00014271688087305452
E02006151,E07000194,8781,102062,18,3519,0.005115089514066497,44.915601023017906,male,15-19,287,0.03268420453251338,0.00016718263187986385
E02006128,E07000192,8441,98508,11,2021,0.0054428500742206825,45.94309747649678,female,15-19,224,0.026537140149271412,0.00014443767523106656
E02006128,E07000192,8441,98508,11,2021,0.0054428500742206825,45.94309747649678,male,15-19,233,0.027603364530268924,0.00015024097468231478
E02002160,E08000031,7038,253250,36,2718,0.013245033112582781,93.21854304635761,female,15-19,207,0.029411764705882353,0.00038955979742890534
E02002160,E08000031,7038,253250,36,2718,0.013245033112582781,93.21854304635761,male,15-19,230,0.032679738562091505,0.0004328442193654504
E02002049,E08000028,6318,316289,724,2583,0.2802942315137437,1770.8989547038327,female,15-19,191,0.030231085786641344,0.008473598958392696
E02002049,E08000028,6318,316289,724,2583,0.2802942315137437,1770.8989547038327,male,15-19,220,0.03482114593225704,0.00976016633950991
E02002170,E08000031,6261,253250,38,2340,0.01623931623931624,101.67435897435898,female,15-19,224,0.03577703242293563,0.0005809945436203223
E02002170,E08000031,6261,253250,38,2340,0.01623931623931624,101.67435897435898,male,15-19,214,0.03417984347548315,0.0005550572872087007
E02002175,E08000031,7269,253250,73,3164,0.02307206068268015,167.710809102402,female,15-19,206,0.028339524006053104,0.0006538512175859281
E02002175,E08000031,7269,253250,73,3164,0.02307206068268015,167.710809102402,male,15-19,234,0.03219149814279818,0.000742724198617025
E02006156,E07000194,7668,102062,8,3055,0.002618657937806874,20.07986906710311,female,15-19,196,0.02556077203964528,6.693491859808912e-05
E02006156,E07000194,7668,102062,8,3055,0.002618657937806874,20.07986906710311,male,15-19,218,0.028429838288993217,7.444802170603789e-05
E02002153,E08000031,7380,253250,46,2996,0.015353805073431242,113.31108144192257,female,15-19,203,0.027506775067750677,0.0004223336625889623
E02002153,E08000031,7380,253250,46,2996,0.015353805073431242,113.31108144192257,male,15-19,231,0.031300813008130084,0.0004805865815667503
E02002052,E08000028,11268,316289,59,4711,0.012523880280195288,141.1190829972405,female,15-19,354,0.03141640042598509,0.00039345523776971355
E02002052,E08000028,11268,316289,59,4711,0.012523880280195288,141.1190829972405,male,15-19,361,0.032037628682996096,0.00040123542608719374
E02002055,E08000028,9306,316289,59,3933,0.015001271294177472,139.60183066361554,female,15-19,281,0.03019557274876424,0.0004529719786872845
E02002055,E08000028,9306,316289,59,3933,0.015001271294177472,139.60183066361554,male,15-19,293,0.03148506339995702,0.00047231597777713303
E02002048,E08000028,6531,316289,8,2546,0.003142183817753339,20.521602513747055,female,15-19,196,0.030010718113612004,9.429919281574865e-05
E02002048,E08000028,6531,316289,8,2546,0.003142183817753339,20.521602513747055,male,15-19,202,0.030929413566069514,9.718590279990421e-05
E02002171,E08000031,7412,253250,63,2973,0.02119071644803229,157.06559031281535,female,15-19,195,0.0263086886130599,0.0005574999605189283
E02002171,E08000031,7412,253250,63,2973,0.02119071644803229,157.06559031281535,male,15-19,241,0.0325148407987048,0.0006890127717182652
E02002181,E08000031,7544,253250,194,2860,0.06783216783216783,511.72587412587416,female,15-19,218,0.028897136797454932,0.0019601554331140757
E02002181,E08000031,7544,253250,194,2860,0.06783216783216783,511.72587412587416,male,15-19,279,0.036983032873807,0.0025086392928386565
E02002051,E08000028,5608,316289,511,2576,0.1983695652173913,1112.4565217391305,female,15-19,227,0.040477888730385166,0.008029581188364448
E02002051,E08000028,5608,316289,511,2576,0.1983695652173913,1112.4565217391305,male,15-19,211,0.03762482168330956,0.007463619518699994
E02006810,E08000028,10065,316289,36,4151,0.008672609009877139,87.2898096844134,female,15-19,280,0.027819175360158967,0.00024126483087586674
E02006810,E08000028,10065,316289,36,4151,0.008672609009877139,87.2898096844134,male,15-19,261,0.025931445603576752,0.00022489328878071865
E02006124,E07000192,7632,98508,8,1666,0.004801920768307323,36.64825930372149,female,15-19,233,0.030529350104821804,0.00014659952031126916
E02006124,E07000192,7632,98508,8,1666,0.004801920768307323,36.64825930372149,male,15-19,246,0.03223270440251572,0.00015477889268915112
E02006202,E07000197,8878,132044,10,1780,0.0056179775280898875,49.87640449438202,female,15-19,220,0.024780355936021625,0.00013921548278663835
E02006202,E07000197,8878,132044,10,1780,0.0056179775280898875,49.87640449438202,male,15-19,237,0.026695201621986932,0.0001499730428201513
E02006186,E07000196,12377,110688,2790,4611,0.605074821080026,7489.0110605074815,female,15-19,338,0.02730871778298457,0.016523817526464313
E02006186,E07000196,12377,110688,2790,4611,0.605074821080026,7489.0110605074815,male,15-19,411,0.03320675446392502,0.020092571015907786
E02002071,E08000028,6650,316289,1140,2828,0.4031117397454031,2680.6930693069307,female,15-19,228,0.03428571428571429,0.013820973934128107
E02002071,E08000028,6650,316289,1140,2828,0.4031117397454031,2680.6930693069307,male,15-19,230,0.03458646616541353,0.01394221054758537
E02001886,E08000025,9196,1101521,15,3600,0.004166666666666667,38.31666666666666,female,15-19,281,0.030556763810352328,0.00012731984920980136
E02001886,E08000025,9196,1101521,15,3600,0.004166666666666667,38.31666666666666,male,15-19,261,0.028381905176163548,0.00011825793823401478
E02002067,E08000028,5450,316289,1329,2304,0.5768229166666666,3143.684895833333,female,15-19,156,0.028623853211009173,0.01651089449541284
E02002067,E08000028,5450,316289,1329,2304,0.5768229166666666,3143.684895833333,male,15-19,195,0.03577981651376147,0.020638618119266056
E02002014,E08000027,7170,315653,2764,3215,0.8597200622083981,6164.192846034215,female,15-19,236,0.03291492329149233,0.028297619899746437
E02002014,E08000027,7170,315653,2764,3215,0.8597200622083981,6164.192846034215,male,15-19,239,0.03333333333333333,0.028657335406946604
E02002031,E08000027,5952,315653,1897,2242,0.8461195361284567,5036.103479036574,female,15-19,193,0.0324260752688172,0.027436335764918034
E02002031,E08000027,5952,315653,1897,2242,0.8461195361284567,5036.103479036574,male,15-19,191,0.03209005376344086,0.027152021404659814
E02002032,E08000027,10187,315653,3407,4176,0.8158524904214559,8311.08931992337,female,15-19,294,0.028860312162560124,0.02354575755216531
E02002032,E08000027,10187,315653,3407,4176,0.8158524904214559,8311.08931992337,male,15-19,287,0.02817316187297536,0.022985144277113758
E02002001,E08000027,6002,315653,1811,2412,0.7508291873963516,4506.476782752902,female,15-19,212,0.03532155948017328,0.026520457802070404
E02002001,E08000027,6002,315653,1811,2412,0.7508291873963516,4506.476782752902,male,15-19,224,0.03732089303565478,0.028021615790866837
E02002077,E08000028,10521,316289,3346,4614,0.7251842219332466,7629.663198959687,female,15-19,308,0.02927478376580173,0.021229611287466966
E02002077,E08000028,10521,316289,3346,4614,0.7251842219332466,7629.663198959687,male,15-19,303,0.02879954376960365,0.0208849747405925
E02001900,E08000025,7094,1101521,8,2566,0.003117692907248636,22.116913484021826,female,15-19,599,0.08443755286157316,0.0002632503596619584
E02001900,E08000025,7094,1101521,8,2566,0.003117692907248636,22.116913484021826,male,15-19,398,0.05610374964758951,0.00017491426234634297
E02006181,E07000196,5700,110688,41,2088,0.019636015325670497,111.92528735632183,female,15-19,156,0.02736842105263158,0.0005374067352288768
E02006181,E07000196,5700,110688,41,2088,0.019636015325670497,111.92528735632183,male,15-19,138,0.024210526315789474,0.000475398265779391
E02001879,E08000025,10994,1101521,20,4424,0.0045207956600361665,49.701627486437616,female,15-19,383,0.034837183918501,0.00015749178986664103
E02001879,E08000025,10994,1101521,20,4424,0.0045207956600361665,49.701627486437616,male,15-19,329,0.029925413862106603,0.00013528668111259767
E02001866,E08000025,8949,1101521,8,3671,0.002179242713157178,19.502043040043585,female,15-19,319,0.03564644094312214,7.76822466752866e-05
E02001866,E08000025,8949,1101521,8,3671,0.002179242713157178,19.502043040043585,male,15-19,423,0.047267851156553804,0.00010300812019951797
E02002008,E08000027,8544,315653,2480,2912,0.8516483516483516,7276.483516483516,female,15-19,262,0.030664794007490635,0.02611562127011565
E02002008,E08000027,8544,315653,2480,2912,0.8516483516483516,7276.483516483516,male,15-19,350,0.040964419475655434,0.03488728032267358
E02002004,E08000027,7541,315653,2747,3237,0.8486252703120173,6399.483163422922,female,15-19,235,0.03116297573266145,0.026445688704856658
E02002004,E08000027,7541,315653,2747,3237,0.8486252703120173,6399.483163422922,male,15-19,252,0.03341731865800292,0.028358781079250543
E02002167,E08000031,6614,253250,90,2412,0.03731343283582089,246.79104477611938,female,15-19,163,0.024644693075294828,0.0009195780998244338
E02002167,E08000031,6614,253250,90,2412,0.03731343283582089,246.79104477611938,male,15-19,183,0.0276685817961899,0.0010324097685145484
E02006182,E07000196,6858,110688,47,2192,0.02144160583941606,147.04653284671534,female,15-19,186,0.02712160979877515,0.0005815308670357811
E02006182,E07000196,6858,110688,47,2192,0.02144160583941606,147.04653284671534,male,15-19,190,0.027704870224555263,0.0005940369071870883
E02002079,E08000028,8081,316289,153,3774,0.04054054054054054,327.6081081081081,female,15-19,240,0.02969929464175226,0.001204025458449416
E02002079,E08000028,8081,316289,153,3774,0.04054054054054054,327.6081081081081,male,15-19,284,0.035144165326073507,0.0014247634591651422
E02001861,E08000025,10383,1101521,8,4006,0.00199700449326011,20.73489765351972,female,15-19,381,0.03669459693730136,7.327927496215949e-05
E02001861,E08000025,10383,1101521,8,4006,0.00199700449326011,20.73489765351972,male,15-19,460,0.044303187903303475,8.847366530864398e-05
E02002025,E08000027,7828,315653,1831,3361,0.5447783397798275,4264.524843796489,female,15-19,261,0.033341849770056206,0.018163917562919643
E02002025,E08000027,7828,315653,1831,3361,0.5447783397798275,4264.524843796489,male,15-19,228,0.02912621359223301,0.015867330284849344
E02002162,E08000031,7547,253250,87,2826,0.03078556263269639,232.33864118895966,female,15-19,201,0.026633099244733005,0.0008199149449015469
E02002162,E08000031,7547,253250,87,2826,0.03078556263269639,232.33864118895966,male,15-19,202,0.026765602226050088,0.000823994123731903
E02002010,E08000027,7321,315653,3068,3523,0.8708487084870848,6375.483394833948,female,15-19,211,0.02882119928971452,0.025098904178496775
E02002010,E08000027,7321,315653,3068,3523,0.8708487084870848,6375.483394833948,male,15-19,168,0.022947684742521512,0.01998396162079364
E02001873,E08000025,11051,1101521,12,4852,0.00247320692497939,27.33140972794724,female,15-19,379,0.034295538865261065,8.481996421746347e-05
E02001873,E08000025,11051,1101521,12,4852,0.00247320692497939,27.33140972794724,male,15-19,365,0.03302868518686092,8.168677292710862e-05
E02002073,E08000028,7623,316289,34,3367,0.010098010098010098,76.97713097713097,female,15-19,262,0.034369670733307094,0.00034706528213021716
E02002073,E08000028,7623,316289,34,3367,0.010098010098010098,76.97713097713097,male,15-19,325,0.04263413354322445,0.0004305199110393915
E02002161,E08000031,6390,253250,29,2544,0.01139937106918239,72.84198113207546,female,15-19,206,0.032237871674491395,0.0003674914616982116
E02002161,E08000031,6390,253250,29,2544,0.01139937106918239,72.84198113207546,male,15-19,245,0.03834115805946792,0.0004370650879420478
E02002174,E08000031,7479,253250,127,2806,0.04526015680684248,338.5007127583749,female,15-19,220,0.029415697285733386,0.0013313590717349037
E02002174,E08000031,7479,253250,127,2806,0.04526015680684248,338.5007127583749,male,15-19,226,0.030217943575344297,0.001367668864600401
E02002164,E08000031,7261,253250,33,2344,0.014078498293515358,102.22397610921502,female,15-19,314,0.04324473213056053,0.0006088208875036252
E02002164,E08000031,7261,253250,33,2344,0.014078498293515358,102.22397610921502,male,15-19,262,0.036083184134416746,0.0005079970462609866
E02002076,E08000028,10852,316289,28,4164,0.0067243035542747355,72.97214217098943,female,15-19,243,0.022392185772207886,0.00015057185437603764
E02002076,E08000028,10852,316289,28,4164,0.0067243035542747355,72.97214217098943,male,15-19,248,0.02285293033542204,0.00015367004068007136
E02001857,E08000025,13611,1101521,14,5507,0.002542218994007627,34.60214272743781,female,15-19,456,0.03350231430460657,8.517021976838424e-05
E02001857,E08000025,13611,1101521,14,5507,0.002542218994007627,34.60214272743781,male,15-19,486,0.035706413929909635,9.077352370051478e-05
E02002176,E08000031,7652,253250,160,3000,0.05333333333333334,408.1066666666667,female,15-19,224,0.029273392577104027,0.0015612476041122149
E02002176,E08000031,7652,253250,160,3000,0.05333333333333334,408.1066666666667,male,15-19,257,0.033585990590695246,0.0017912528315037466
E02002005,E08000027,8668,315653,3163,3831,0.8256329939963456,7156.586791960323,female,15-19,318,0.03668666359021689,0.030289719899727494
E02002005,E08000027,8668,315653,3163,3831,0.8256329939963456,7156.586791960323,male,15-19,299,0.03449469312413475,0.02847995676106453
E02002074,E08000028,8186,316289,66,3525,0.01872340425531915,153.26978723404255,female,15-19,252,0.030784265819692156,0.0005763862536453
E02002074,E08000028,8186,316289,66,3525,0.01872340425531915,153.26978723404255,male,15-19,292,0.03567065721964329,0.0006678761351762999
E02002075,E08000028,8887,316289,1645,3984,0.41290160642570284,3669.456576305221,female,15-19,262,0.029481264768763362,0.012172861582483869
E02002075,E08000028,8887,316289,1645,3984,0.41290160642570284,3669.456576305221,male,15-19,268,0.03015640823675031,0.0124516294049835
E02001858,E08000025,8646,1101521,8,3191,0.0025070510811657787,21.67596364775932,female,15-19,308,0.035623409669211195,8.930970772600738e-05
E02001858,E08000025,8646,1101521,8,3191,0.0025070510811657787,21.67596364775932,male,15-19,278,0.03215359703909322,8.061071022022744e-05
E02002150,E08000031,5718,253250,27,2139,0.012622720897615708,72.17671809256662,female,15-19,201,0.03515215110178384,0.00044371579230863186
E02002150,E08000031,5718,253250,27,2139,0.012622720897615708,72.17671809256662,male,15-19,174,0.030430220356768102,0.00038411217841642767
E02002154,E08000031,5629,253250,34,2198,0.015468607825295723,87.07279344858962,female,15-19,189,0.03357612364540771,0.0005193758889644505
E02002154,E08000031,5629,253250,34,2198,0.015468607825295723,87.07279344858962,male,15-19,167,0.029667791792503107,0.0004589194362807578
E02001862,E08000025,10446,1101521,19,4254,0.004466384579219558,46.655853314527505,female,15-19,396,0.03790924755887421,0.00016931727870677244
E02001862,E08000025,10446,1101521,19,4254,0.004466384579219558,46.655853314527505,male,15-19,430,0.041164081945242195,0.00018385462081795998
E02002180,E08000031,6437,253250,436,2514,0.17342879872712808,1116.3611774065234,female,15-19,203,0.03153643001398167,0.005469325173466987
E02002180,E08000031,6437,253250,436,2514,0.17342879872712808,1116.3611774065234,male,15-19,195,0.03029361503806121,0.005253785265153018
E02002169,E08000031,8665,253250,103,3248,0.031711822660098525,274.78294334975374,female,15-19,235,0.027120600115406807,0.0008600436612952282
E02002169,E08000031,8665,253250,103,3248,0.031711822660098525,274.78294334975374,male,15-19,208,0.024004616272360068,0.0007612301342527978
E02002066,E08000028,7403,316289,67,3279,0.020433058859408357,151.26593473620008,female,15-19,214,0.028907199783871403,0.0005906625146445209
E02002066,E08000028,7403,316289,67,3279,0.020433058859408357,151.26593473620008,male,15-19,260,0.03512089693367554,0.0007176273542410067
E02002003,E08000027,9101,315653,2767,3902,0.7091235263967196,6453.733213736545,female,15-19,310,0.03406219096802549,0.024154300976044728
E02002003,E08000027,9101,315653,2767,3902,0.7091235263967196,6453.733213736545,male,15-19,302,0.03318316668497967,0.02353096417666293
E02002165,E08000031,7660,253250,52,2814,0.01847903340440654,141.54939587775408,female,15-19,165,0.02154046997389034,0.00039804706419413564
E02002165,E08000031,7660,253250,52,2814,0.01847903340440654,141.54939587775408,male,15-19,211,0.027545691906005223,0.0005090177608785613
E02002069,E08000028,6634,316289,455,2932,0.15518417462482947,1029.4918144611188,female,15-19,202,0.030449201085318057,0.004725234138410544
E02002069,E08000028,6634,316289,455,2932,0.15518417462482947,1029.4918144611188,male,15-19,193,0.029092553512209827,0.004514703904520966
E02002151,E08000031,5868,253250,28,2104,0.013307984790874524,78.09125475285171,female,15-19,155,0.026414451261077027,0.00035152311564170944
E02002151,E08000031,5868,253250,28,2104,0.013307984790874524,78.09125475285171,male,15-19,219,0.037321063394683024,0.0004966681440357056
E02002157,E08000031,7644,253250,52,2645,0.019659735349716444,150.2790170132325,female,15-19,232,0.030350601779173206,0.0005966847986831783
E02002157,E08000031,7644,253250,52,2645,0.019659735349716444,150.2790170132325,male,15-19,240,0.03139717425431711,0.0006172601365688051
E02002159,E08000031,5964,253250,39,2249,0.017341040462427744,103.42196531791906,female,15-19,195,0.032696177062374245,0.0005669857294053337
E02002159,E08000031,5964,253250,39,2249,0.017341040462427744,103.42196531791906,male,15-19,267,0.04476861167002012,0.0007763343064165338
E02001844,E08000025,9936,1101521,9,4181,0.0021525950729490554,21.388184644821816,female,15-19,239,0.024053945249597423,5.177840402926975e-05
E02001844,E08000025,9936,1101521,9,4181,0.0021525950729490554,21.388184644821816,male,15-19,231,0.0232487922705314,5.004523569356198e-05
E02002182,E08000031,6646,253250,769,2842,0.2705840957072484,1798.3019000703728,female,15-19,212,0.031898886548299726,0.008631331370739792
E02002182,E08000031,6646,253250,769,2842,0.2705840957072484,1798.3019000703728,male,15-19,225,0.033854950346072825,0.009160611124605911
E02001850,E08000025,8434,1101521,8,3079,0.0025982461838259174,21.913608314387787,female,15-19,265,0.031420441071852025,8.163804110906664e-05
E02001850,E08000025,8434,1101521,8,3079,0.0025982461838259174,21.913608314387787,male,15-19,286,0.0339103628171686,8.810747078186061e-05
E02002155,E08000031,6227,253250,22,2531,0.00869221651521138,54.12643224022126,female,15-19,217,0.03484824152882608,0.00030290846054293713
E02002155,E08000031,6227,253250,22,2531,0.00869221651521138,54.12643224022126,male,15-19,228,0.03661474225148546,0.00031826326729856983
E02001837,E08000025,10601,1101521,8,4727,0.0016924053310767928,17.94118891474508,female,15-19,416,0.03924158098292614,6.641266085538589e-05
E02001837,E08000025,10601,1101521,8,4727,0.0016924053310767928,17.94118891474508,male,15-19,435,0.04103386472974248,6.944593142330015e-05
E02002000,E08000027,7828,315653,1919,3360,0.5711309523809524,4470.813095238095,female,15-19,236,0.030148185998978026,0.017218562182154413
E02002000,E08000027,7828,315653,1919,3360,0.5711309523809524,4470.813095238095,male,15-19,236,0.030148185998978026,0.017218562182154413
E02002149,E08000031,10130,253250,46,3910,0.011764705882352941,119.17647058823529,female,15-19,281,0.027739387956564658,0.0003263457406654666
E02002149,E08000031,10130,253250,46,3910,0.011764705882352941,119.17647058823529,male,15-19,279,0.027541954590325764,0.0003240229951803031
E02006176,E07000196,7483,110688,20,2057,0.009722897423432183,72.75644141954302,female,15-19,229,0.030602699452091407,0.000297546907652809
E02006176,E07000196,7483,110688,20,2057,0.009722897423432183,72.75644141954302,male,15-19,230,0.030736335694240276,0.0002988462391272754
E02002156,E08000031,8211,253250,45,3261,0.013799448022079117,113.30726770929162,female,15-19,245,0.029838022165387893,0.0004117482359529148
E02002156,E08000031,8211,253250,45,3261,0.013799448022079117,113.30726770929162,male,15-19,279,0.0339788089148703,0.00046888880747291117
E02002152,E08000031,6251,253250,37,2675,0.013831775700934579,86.46242990654206,female,15-19,213,0.03407454807230843,0.000471311506046883
E02002152,E08000031,6251,253250,37,2675,0.013831775700934579,86.46242990654206,male,15-19,217,0.03471444568868981,0.0004801624263482329
E02002063,E08000028,9625,316289,1050,3929,0.26724357342835325,2572.2193942479003,female,15-19,288,0.029922077922077923,0.00799648302829774
E02002063,E08000028,9625,316289,1050,3929,0.26724357342835325,2572.2193942479003,male,15-19,283,0.029402597402597402,0.007857655197945347
E02002070,E08000028,9356,316289,32,4370,0.007322654462242563,68.51075514874142,female,15-19,267,0.02853783668234288,0.0002089727171247076
E02002070,E08000028,9356,316289,32,4370,0.007322654462242563,68.51075514874142,male,15-19,286,0.030568619067977768,0.00022384343482272052
E02002064,E08000028,12292,316289,1836,4906,0.374235629841011,4600.104362005707,female,15-19,382,0.031077123332248616,0.011630166823890838
E02002064,E08000028,12292,316289,1836,4906,0.374235629841011,4600.104362005707,male,15-19,389,0.03164659941425317,0.011843285064119205
E02006179,E07000196,8820,110688,26,2574,0.010101010101010102,89.0909090909091,female,15-19,200,0.022675736961451247,0.00022904784809546716
E02006179,E07000196,8820,110688,26,2574,0.010101010101010102,89.0909090909091,male,15-19,341,0.038662131519274376,0.0003905265810027715
E02002163,E08000031,11710,253250,44,4472,0.009838998211091235,115.21466905187836,female,15-19,312,0.026643894107600343,0.00026214922646118405
E02002163,E08000031,11710,253250,44,4472,0.009838998211091235,115.21466905187836,male,15-19,348,0.029718189581554227,0.0002923972141297822
E02002058,E08000028,12006,316289,1237,5355,0.23099906629318395,2773.3747899159666,female,15-19,335,0.02790271530901216,0.0064455011834263385
E02002058,E08000028,12006,316289,1237,5355,0.23099906629318395,2773.3747899159666,male,15-19,398,0.03315009162085624,0.007657640211951293
E02002065,E08000028,12333,316289,40,5232,0.00764525993883792,94.28899082568807,female,15-19,422,0.034217141003810916,0.00026159893733800397
E02002065,E08000028,12333,316289,40,5232,0.00764525993883792,94.28899082568807,male,15-19,514,0.041676802075731774,0.0003186299852884692
E02002158,E08000031,7354,253250,40,3054,0.01309757694826457,96.31958087753765,female,15-19,191,0.025972259994560782,0.0003401736737990934
E02002158,E08000031,7354,253250,40,3054,0.01309757694826457,96.31958087753765,male,15-19,192,0.026108240413380474,0.00034195468779804156
E02002061,E08000028,5723,316289,28,2656,0.010542168674698794,60.3328313253012,female,15-19,162,0.028306832081076358,0.00029841539844508206
E02002061,E08000028,5723,316289,28,2656,0.010542168674698794,60.3328313253012,male,15-19,205,0.03582037392975712,0.0003776244239582829
E02006894,E08000031,13025,253250,135,4910,0.0274949083503055,358.1211812627291,female,15-19,431,0.03309021113243762,0.000909812322378631
E02006894,E08000031,13025,253250,135,4910,0.0274949083503055,358.1211812627291,male,15-19,506,0.038848368522072935,0.0010681323320732884
E02002059,E08000028,10733,316289,44,4615,0.009534127843986998,102.32979414951245,female,15-19,288,0.026833131463710053,0.00025583050582952163
E02002059,E08000028,10733,316289,44,4615,0.009534127843986998,102.32979414951245,male,15-19,332,0.030932637659554646,0.00029491572199792074
E02001842,E08000025,7584,1101521,10,2849,0.00351000351000351,26.61986661986662,female,15-19,248,0.03270042194092827,0.00011477859579125404
E02001842,E08000025,7584,1101521,10,2849,0.00351000351000351,26.61986661986662,male,15-19,227,0.029931434599156117,0.00010505944050247847
E02006174,E07000196,10383,110688,12,2102,0.005708848715509039,59.27497621313035,female,15-19,301,0.02898969469324858,0.00016549778131255135
E02006174,E07000196,10383,110688,12,2102,0.005708848715509039,59.27497621313035,male,15-19,325,0.03130116536646441,0.00017869361769627638
E02002177,E08000031,9490,253250,161,3469,0.04641106947247045,440.4410492937446,female,15-19,235,0.02476290832455216,0.001149273058591207
E02002177,E08000031,9490,253250,161,3469,0.04641106947247045,440.4410492937446,male,15-19,294,0.030979978925184403,0.0014378139541524038
E02002056,E08000028,8965,316289,1566,4445,0.3523059617547806,3158.4229471316085,female,15-19,249,0.02777467930842164,0.009785185106184091
E02002056,E08000028,8965,316289,1566,4445,0.3523059617547806,3158.4229471316085,male,15-19,245,0.027328499721137756,0.009627993377570691
E02002057,E08000028,9255,316289,2145,4624,0.4638840830449827,4293.247188581315,female,15-19,263,0.028417071853052405,0.013182227319376603
E02002057,E08000028,9255,316289,2145,4624,0.4638840830449827,4293.247188581315,male,15-19,275,0.02971366828741221,0.013783697767408995
E02002068,E08000028,12466,316289,24,5537,0.004334477153693336,54.03359219794112,female,15-19,480,0.038504732873415694,0.00016689788494888506
E02002068,E08000028,12466,316289,24,5537,0.004334477153693336,54.03359219794112,male,15-19,478,0.03834429648644313,0.00016620247709493138
E02002060,E08000028,6401,316289,64,2791,0.02293084915800788,146.78036546040843,female,15-19,189,0.029526636463052647,0.0006770708468775956
E02002060,E08000028,6401,316289,64,2791,0.02293084915800788,146.78036546040843,male,15-19,250,0.03905639743790033,0.0008955963583036978
E02002053,E08000028,6052,316289,13,2352,0.0055272108843537416,33.45068027210884,female,15-19,163,0.02693324520819564,0.00014886572606570718
E02002053,E08000028,6052,316289,13,2352,0.0055272108843537416,33.45068027210884,male,15-19,190,0.03139458030403172,0.00017352446596616172
E02002062,E08000028,7752,316289,41,3473,0.011805355600345523,91.51511661387849,female,15-19,194,0.02502579979360165,0.0002954384657465211
E02002062,E08000028,7752,316289,41,3473,0.011805355600345523,91.51511661387849,male,15-19,221,0.02850877192982456,0.0003365561903607276
E02002166,E08000031,9374,253250,65,3801,0.017100762957116548,160.3025519600105,female,15-19,293,0.03125666737785364,0.0005345128596581127
E02002166,E08000031,9374,253250,65,3801,0.017100762957116548,160.3025519600105,male,15-19,281,0.029976530829955196,0.0005126215479997599
E02002072,E08000028,8540,316289,131,3492,0.03751431844215349,320.3722794959908,female,15-19,224,0.02622950819672131,0.0009839821230728785
E02002072,E08000028,8540,316289,131,3492,0.03751431844215349,320.3722794959908,male,15-19,287,0.03360655737704918,0.0012607270951871254
E02002178,E08000031,8046,253250,167,2985,0.0559463986599665,450.14472361809044,female,15-19,216,0.026845637583892617,0.0015019167425494363
E02002178,E08000031,8046,253250,167,2985,0.0559463986599665,450.14472361809044,male,15-19,240,0.02982848620432513,0.0016687963806104847
E02006184,E07000196,5448,110688,56,1700,0.03294117647058824,179.4635294117647,female,15-19,136,0.024963289280469897,0.0008223201174743025
E02006184,E07000196,5448,110688,56,1700,0.03294117647058824,179.4635294117647,male,15-19,163,0.029919236417033774,0.0009855748466787598
E02006183,E07000196,7502,110688,91,2432,0.03741776315789474,280.70805921052636,female,15-19,228,0.03039189549453479,0.001137196747533991
E02006183,E07000196,7502,110688,91,2432,0.03741776315789474,280.70805921052636,male,15-19,203,0.027059450813116503,0.0010125041217078955
E02006008,E06000051,7797,310774,11,2787,0.003946896304269824,30.773950484391815,female,15-19,193,0.024753110170578428,9.769795905143978e-05
E02006008,E06000051,7797,310774,11,2787,0.003946896304269824,30.773950484391815,male,15-19,217,0.027831217134795434,0.00010984692805265509
E02006009,E06000051,7325,310774,27,2987,0.009039169735520589,66.21191831268831,female,15-19,182,0.02484641638225256,0.0002245909749986003
E02006009,E06000051,7325,310774,27,2987,0.009039169735520589,66.21191831268831,male,15-19,238,0.03249146757679181,0.00029369589038278504
E02006185,E07000196,7124,110688,1799,3014,0.5968812209688122,4252.181818181818,female,15-19,191,0.026810780460415497,0.016002851376339576
E02006185,E07000196,7124,110688,1799,3014,0.5968812209688122,4252.181818181818,male,15-19,222,0.03116226838854576,0.018600172803913014
E02002007,E08000027,8924,315653,3107,3605,0.8618585298196949,7691.225520110957,female,15-19,219,0.02454056476916181,0.0211504950728948
E02002007,E08000027,8924,315653,3107,3605,0.8618585298196949,7691.225520110957,male,15-19,213,0.023868220528910803,0.020571029454459325
E02002941,E06000020,10177,169768,25,4322,0.005784359093012495,58.86742248958816,female,15-19,274,0.026923454849169696,0.00015573493087210608
E02002941,E06000020,10177,169768,25,4322,0.005784359093012495,58.86742248958816,male,15-19,276,0.02711997641741181,0.00015687168219234043
E02002080,E08000028,6839,316289,2355,3075,0.7658536585365854,5237.673170731708,female,15-19,239,0.03494662962421407,0.02676400415122736
E02002080,E08000028,6839,316289,2355,3075,0.7658536585365854,5237.673170731708,male,15-19,215,0.03143734464102939,0.024076405408007873
E02001925,E08000025,6588,1101521,11,2553,0.004308656482569526,28.385428907168038,female,15-19,137,0.02079538554948391,8.960017275531649e-05
E02001925,E08000025,6588,1101521,11,2553,0.004308656482569526,28.385428907168038,male,15-19,114,0.017304189435336976,7.455780798617577e-05
E02001890,E08000025,10590,1101521,18,3528,0.00510204081632653,54.03061224489795,female,15-19,292,0.02757318224740321,0.00014067950126226127
E02001890,E08000025,10590,1101521,18,3528,0.00510204081632653,54.03061224489795,male,15-19,249,0.02351274787535411,0.00011996299936405157
E02002038,E08000027,9391,315653,2749,3729,0.7371949584338965,6922.997854652722,female,15-19,234,0.0249174741774039,0.018369036340488955
E02002038,E08000027,9391,315653,2749,3729,0.7371949584338965,6922.997854652722,male,15-19,286,0.03045469066127143,0.022451044416153167
E02002946,E06000020,7932,169768,24,2991,0.00802407221664995,63.6469408224674,female,15-19,232,0.02924861321230459,0.0002346929846523939
E02002946,E06000020,7932,169768,24,2991,0.00802407221664995,63.6469408224674,male,15-19,225,0.028366111951588502,0.00022761173080512338
E02002943,E06000020,10466,169768,33,4085,0.008078335373317013,84.54785801713587,female,15-19,316,0.0301930059239442,0.0002439092277821686
E02002943,E06000020,10466,169768,33,4085,0.008078335373317013,84.54785801713587,male,15-19,311,0.029715268488438754,0.00024004990455776717
E02001950,E08000025,8602,1101521,8,3466,0.002308136180034622,19.85458742065782,female,15-19,268,0.031155545222041385,7.191124113569852e-05
E02001950,E08000025,8602,1101521,8,3466,0.002308136180034622,19.85458742065782,male,15-19,257,0.029876772843524763,6.895966034281537e-05
E02002179,E08000031,6327,253250,182,2259,0.08056662239929172,509.74501992031867,female,15-19,182,0.028765607712976135,0.0023175478546975017
E02002179,E08000031,6327,253250,182,2259,0.08056662239929172,509.74501992031867,male,15-19,212,0.033507191401928246,0.002699561237339947
E02002932,E06000020,9089,169768,14,3567,0.003924866834875245,35.673114662181106,female,15-19,288,0.03168665419738145,0.00012436589816746294
E02002932,E06000020,9089,169768,14,3567,0.003924866834875245,35.673114662181106,male,15-19,243,0.0267356144790406,0.00010493372657879686
E02006704,E07000234,6898,95519,9,2842,0.0031667839549612948,21.84447572132301,female,15-19,159,0.02305015946651203,7.29948751578495e-05
E02006704,E07000234,6898,95519,9,2842,0.0031667839549612948,21.84447572132301,male,15-19,188,0.0272542766019136,8.630840584701703e-05
E02006046,E06000051,8908,310774,21,3364,0.00624256837098692,55.608799048751486,female,15-19,240,0.02694207453973956,0.00016818774237055016
E02006046,E06000051,8908,310774,21,3364,0.00624256837098692,55.608799048751486,male,15-19,282,0.03165693758419398,0.00019762059728539643
E02006011,E06000051,5892,310774,35,2308,0.015164644714038129,89.35008665511265,female,15-19,129,0.02189409368635438,0.0003320161520894295
E02006011,E06000051,5892,310774,35,2308,0.015164644714038129,89.35008665511265,male,15-19,164,0.027834351663272233,0.00042209805381911966
E02006043,E06000051,6881,310774,9,2630,0.0034220532319391636,23.547148288973386,female,15-19,180,0.026158988519110596,8.951745120608189e-05
E02006043,E06000051,6881,310774,9,2630,0.0034220532319391636,23.547148288973386,male,15-19,194,0.028193576515041417,9.647991963322158e-05
E02006013,E06000051,7636,310774,234,3144,0.07442748091603053,568.3282442748092,female,15-19,215,0.02815610267155579,0.0020955877942570146
E02006013,E06000051,7636,310774,234,3144,0.07442748091603053,568.3282442748092,male,15-19,163,0.021346254583551598,0.0015887479556460158
E02002948,E06000020,7031,169768,13,2761,0.004708438971387179,33.105034407823254,female,15-19,295,0.04195704736168397,0.00019755219692209043
E02002948,E06000020,7031,169768,13,2761,0.004708438971387179,33.105034407823254,male,15-19,308,0.04380600199118191,0.00020625788695594527
E02002947,E06000020,6762,169768,17,2744,0.00619533527696793,41.892857142857146,female,15-19,242,0.03578822833481218,0.00022172007350284515
E02002947,E06000020,6762,169768,17,2744,0.00619533527696793,41.892857142857146,male,15-19,238,0.035196687370600416,0.00021805527889949238
E02006045,E06000051,11048,310774,9,4637,0.0019409100711667026,21.44317446624973,female,15-19,247,0.02235698769007965,4.339290256862559e-05
E02006045,E06000051,11048,310774,9,4637,0.0019409100711667026,21.44317446624973,male,15-19,321,0.02905503258508327,5.6393205362464834e-05
E02002950,E06000020,5501,169768,15,2409,0.0062266500622665,34.25280199252802,female,15-19,177,0.032175968005817124,0.00020034849318690612
E02002950,E06000020,5501,169768,15,2409,0.0062266500622665,34.25280199252802,male,15-19,161,0.02926740592619524,0.00018223789493272252
E02006010,E06000051,11572,310774,39,4282,0.00910789350770668,105.39654367118169,female,15-19,278,0.024023505012098167,0.00021880352533204777
E02006010,E06000051,11572,310774,39,4282,0.00910789350770668,105.39654367118169,male,15-19,286,0.024714828897338403,0.00022510002965814987
E02006014,E06000051,9310,310774,60,3559,0.01685866816521495,156.9542006181512,female,15-19,241,0.025886143931256714,0.0004364059106140497
E02006014,E06000051,9310,310774,60,3559,0.01685866816521495,156.9542006181512,male,15-19,255,0.027389903329752954,0.0004617572913136211
E02002936,E06000020,8985,169768,13,3588,0.0036231884057971015,32.55434782608695,female,15-19,309,0.0343906510851419,0.00012460380827949963
E02002936,E06000020,8985,169768,13,3588,0.0036231884057971015,32.55434782608695,male,15-19,321,0.035726210350584306,0.00012944279112530547
E02002937,E06000020,10271,169768,19,3808,0.004989495798319327,51.247111344537814,female,15-19,264,0.025703436861065136,0.00012824719022065063
E02002937,E06000020,10271,169768,19,3808,0.004989495798319327,51.247111344537814,male,15-19,300,0.029208450978483107,0.00014573544343255752
E02002934,E06000020,5973,169768,8,2312,0.0034602076124567475,20.667820069204154,female,15-19,170,0.02846140967687929,9.848238642518785e-05
E02002934,E06000020,5973,169768,8,2312,0.0034602076124567475,20.667820069204154,male,15-19,176,0.029465930018416207,0.00010195823535784155
E02002931,E06000020,6673,169768,12,2265,0.005298013245033113,35.35364238410596,female,15-19,240,0.03596583245916379,0.00019054745673729163
E02002931,E06000020,6673,169768,12,2265,0.005298013245033113,35.35364238410596,male,15-19,244,0.03656526300014986,0.00019372324768291316
E02002949,E06000020,5179,169768,19,2064,0.009205426356589148,47.6749031007752,female,15-19,152,0.029349295230739526,0.0002701727758643658
E02002949,E06000020,5179,169768,19,2064,0.009205426356589148,47.6749031007752,male,15-19,153,0.02954238269936281,0.0002719502283371577
E02002933,E06000020,8266,169768,8,3198,0.0025015634771732333,20.677923702313947,female,15-19,250,0.03024437454633438,7.565822275505786e-05
E02002933,E06000020,8266,169768,8,3198,0.0025015634771732333,20.677923702313947,male,15-19,293,0.035446406968303895,8.867143706892782e-05
E02006012,E06000051,6249,310774,51,2517,0.02026221692491061,126.6185935637664,female,15-19,156,0.024963994239078253,0.0005058258665844224
E02006012,E06000051,6249,310774,51,2517,0.02026221692491061,126.6185935637664,male,15-19,148,0.023683789406305007,0.0004798860785544519
E02002938,E06000020,7041,169768,10,2924,0.003419972640218878,24.08002735978112,female,15-19,251,0.035648345405482174,0.00012191636595582138
E02002938,E06000020,7041,169768,10,2924,0.003419972640218878,24.08002735978112,male,15-19,285,0.040477204942479764,0.00013843093345581315
E02002935,E06000020,6539,169768,17,2641,0.006436955698599016,42.091253313138964,female,15-19,185,0.028291787735127697,0.00018211298428518396
E02002935,E06000020,6539,169768,17,2641,0.006436955698599016,42.091253313138964,male,15-19,168,0.02569200183514299,0.00016537827762114004
E02002942,E06000020,6480,169768,12,2164,0.005545286506469501,35.93345656192236,female,15-19,214,0.03302469135802469,0.00018313137536797423
E02002942,E06000020,6480,169768,12,2164,0.005545286506469501,35.93345656192236,male,15-19,198,0.030555555555555555,0.00016943930991990142
E02002940,E06000020,6097,169768,8,2441,0.0032773453502662844,19.981974600573537,female,15-19,184,0.030178776447433164,9.890627266672074e-05
E02002940,E06000020,6097,169768,8,2441,0.0032773453502662844,19.981974600573537,male,15-19,169,0.02771855010660981,9.084326130802068e-05
E02002945,E06000020,9464,169768,23,3482,0.006605399195864446,62.51349798966112,female,15-19,292,0.03085376162299239,0.00020380141221390722
E02002945,E06000020,9464,169768,23,3482,0.006605399195864446,62.51349798966112,male,15-19,304,0.032121724429416736,0.00021217681271584862
E02001851,E08000025,8705,1101521,11,3747,0.0029356818788364024,25.55511075527088,female,15-19,236,0.02711085582998277,7.958884817982665e-05
E02001851,E08000025,8705,1101521,11,3747,0.0029356818788364024,25.55511075527088,male,15-19,223,0.025617461229178632,7.520471671229382e-05
E02006770,E07000239,7445,98999,86,3002,0.028647568287808126,213.2811459027315,female,15-19,220,0.029550033579583614,0.0008465366048781448
E02006770,E07000239,7445,98999,86,3002,0.028647568287808126,213.2811459027315,male,15-19,223,0.02995298858294157,0.0008580802858537558
E02006775,E07000239,5234,98999,39,2137,0.018249883013570427,95.51988769302761,female,15-19,176,0.033626289644631255,0.0006136758521949551
E02006775,E07000239,5234,98999,39,2137,0.018249883013570427,95.51988769302761,male,15-19,186,0.03553687428353076,0.0006485437983423957
E02006752,E07000238,6978,120007,9,2110,0.0042654028436018955,29.763981042654027,female,15-19,236,0.033820578962453426,0.0001442583936787113
E02006752,E07000238,6978,120007,9,2110,0.0042654028436018955,29.763981042654027,male,15-19,222,0.03181427343078246,0.00013570069235878775
E02006769,E07000239,7260,98999,102,2631,0.03876852907639681,281.4595210946408,female,15-19,217,0.029889807162534435,0.00115878385806861
E02006769,E07000239,7260,98999,102,2631,0.03876852907639681,281.4595210946408,male,15-19,204,0.02809917355371901,0.0010893636269400757
E02006780,E07000239,5841,98999,29,2373,0.012220817530552043,71.38179519595448,female,15-19,136,0.023283684300633455,0.0002845456572770207
E02006780,E07000239,5841,98999,29,2373,0.012220817530552043,71.38179519595448,male,15-19,165,0.02824858757062147,0.0003452208341963854
E02006710,E07000235,8023,76224,16,3073,0.005206638464041653,41.77286039700618,female,15-19,223,0.0277950891187835,0.00014471898011732376
E02006710,E07000235,8023,76224,16,3073,0.005206638464041653,41.77286039700618,male,15-19,230,0.02866758070547177,0.00014926172837212765
E02006772,E07000239,6487,98999,81,2650,0.030566037735849056,198.28188679245284,female,15-19,130,0.02004008016032064,0.0006125458464098007
E02006772,E07000239,6487,98999,81,2650,0.030566037735849056,198.28188679245284,male,15-19,167,0.02574379528287344,0.0007868858180802825
E02006768,E07000239,6929,98999,76,2622,0.028985507246376812,200.84057971014494,female,15-19,151,0.02179246644537451,0.0006316656940688264
E02006768,E07000239,6929,98999,76,2622,0.028985507246376812,200.84057971014494,male,15-19,205,0.029585798816568046,0.0008575593859874796
E02006776,E07000239,6600,98999,50,2264,0.022084805653710248,145.75971731448763,female,15-19,159,0.02409090909090909,0.0005320430452939287
E02006776,E07000239,6600,98999,50,2264,0.022084805653710248,145.75971731448763,male,15-19,215,0.03257575757575758,0.0007194292750829854
E02006779,E07000239,7763,98999,47,2986,0.015740120562625585,122.19055592766242,female,15-19,182,0.023444544634806132,0.00036901995908770536
E02006779,E07000239,7763,98999,47,2986,0.015740120562625585,122.19055592766242,male,15-19,205,0.026407316758984927,0.0004156543495218659
E02006773,E07000239,8336,98999,90,3333,0.027002700270027002,225.09450945094508,female,15-19,199,0.02387236084452975,0.0006446182046227655
E02006773,E07000239,8336,98999,90,3333,0.027002700270027002,225.09450945094508,male,15-19,241,0.028910748560460654,0.0007806682779602336
E02006778,E07000239,6883,98999,44,2683,0.016399552739470743,112.87812150577712,female,15-19,231,0.03356094726136859,0.0005503845245994104
E02006778,E07000239,6883,98999,44,2683,0.016399552739470743,112.87812150577712,male,15-19,187,0.027168385878250764,0.00044554937705666557
E02006771,E07000239,6656,98999,74,2584,0.02863777089783282,190.61300309597524,female,15-19,167,0.025090144230769232,0.0007185258022743511
E02006771,E07000239,6656,98999,74,2584,0.02863777089783282,190.61300309597524,male,15-19,169,0.025390625,0.0007271309017027864
E02006767,E07000239,8853,98999,423,3438,0.12303664921465969,1089.2434554973822,female,15-19,226,0.025528069580933017,0.00314088814215668
E02006767,E07000239,8853,98999,423,3438,0.12303664921465969,1089.2434554973822,male,15-19,291,0.03287021348695358,0.004044240926405283
E02006711,E07000235,7992,76224,13,2603,0.004994237418363427,39.91394544756051,female,15-19,193,0.02414914914914915,0.00012060658430231999
E02006711,E07000235,7992,76224,13,2603,0.004994237418363427,39.91394544756051,male,15-19,218,0.027277277277277277,0.00013622919884925263
E02006697,E07000234,7343,95519,582,2760,0.2108695652173913,1548.4152173913044,female,15-19,157,0.021380906986245403,0.004508582560143052
E02006697,E07000234,7343,95519,582,2760,0.2108695652173913,1548.4152173913044,male,15-19,224,0.030505243088655862,0.006432627346955693
E02006748,E07000238,6695,120007,28,2468,0.011345218800648298,75.95623987034035,female,15-19,138,0.020612397311426438,0.00023385215750402767
E02006748,E07000238,6695,120007,28,2468,0.011345218800648298,75.95623987034035,male,15-19,166,0.02479462285287528,0.0002813004213454246
E02006753,E07000238,6436,120007,20,2175,0.009195402298850575,59.181609195402295,female,15-19,176,0.027346177750155375,0.00025145910574855514
E02006753,E07000238,6436,120007,20,2175,0.009195402298850575,59.181609195402295,male,15-19,180,0.027967681789931635,0.0002571740854246587
E02006707,E07000234,6848,95519,9,2196,0.004098360655737705,28.065573770491806,female,15-19,194,0.02832943925233645,0.0001161042592308871
E02006707,E07000234,6848,95519,9,2196,0.004098360655737705,28.065573770491806,male,15-19,200,0.029205607476635514,0.00011969511260916194
E02001895,E08000025,8221,1101521,8,3569,0.002241524236480807,18.427570748108714,female,15-19,270,0.03284271986376353,7.36177525665756e-05
E02001895,E08000025,8221,1101521,8,3569,0.002241524236480807,18.427570748108714,male,15-19,298,0.03624863155333901,8.125218616607232e-05
E02006706,E07000234,7094,95519,13,2640,0.004924242424242424,34.932575757575755,female,15-19,329,0.04637722018607274,0.0002283726751586915
E02006706,E07000234,7094,95519,13,2640,0.004924242424242424,34.932575757575755,male,15-19,403,0.056808570623061744,0.0002797391735226525
E02006703,E07000234,7229,95519,11,2633,0.004177744018230156,30.200911507785797,female,15-19,214,0.029602987965140406,0.00012367370589310464
E02006703,E07000234,7229,95519,11,2633,0.004177744018230156,30.200911507785797,male,15-19,221,0.030571310001383318,0.00012771910748773889
E02006705,E07000234,7134,95519,14,2719,0.0051489518205222505,36.732622287605736,female,15-19,209,0.029296327446033082,0.00015084537853786803
E02006705,E07000234,7134,95519,14,2719,0.0051489518205222505,36.732622287605736,male,15-19,213,0.029857022708158116,0.00015373237142854491
E02006702,E07000234,5790,95519,23,2326,0.009888220120378332,57.25279449699054,female,15-19,170,0.02936096718480138,0.000290327706470521
E02006702,E07000234,5790,95519,23,2326,0.009888220120378332,57.25279449699054,male,15-19,188,0.03246977547495682,0.000321068287155635
E02006708,E07000234,8466,95519,12,3221,0.003725551071095933,31.54051536789817,female,15-19,238,0.028112449799196786,0.00010473436746052824
E02006708,E07000234,8466,95519,12,3221,0.003725551071095933,31.54051536789817,male,15-19,231,0.02728561304039688,0.00010165394488815975
E02006709,E07000234,7862,95519,12,2822,0.004252303330970942,33.43160878809355,female,15-19,178,0.022640549478504197,9.627448396245582e-05
E02006709,E07000234,7862,95519,12,2822,0.004252303330970942,33.43160878809355,male,15-19,211,0.026837954718901044,0.00011412312424763023
E02006774,E07000239,7573,98999,64,2899,0.02207657813038979,167.18592618144186,female,15-19,185,0.02442889211673049,0.0005393063454538639
E02006774,E07000239,7573,98999,64,2899,0.02207657813038979,167.18592618144186,male,15-19,233,0.03076719926053083,0.0006792344783283799
E02001946,E08000025,7631,1101521,11,3033,0.003626772172766238,27.67589845037916,female,15-19,233,0.030533350805923207,0.00011073750704423187
E02001946,E08000025,7631,1101521,11,3033,0.003626772172766238,27.67589845037916,male,15-19,258,0.03380946140741711,0.00012261921380863443
E02006901,E08000025,15014,1101521,10,5840,0.0017123287671232876,25.70890410958904,female,15-19,574,0.03823098441454642,6.54640144084699e-05
E02006901,E08000025,15014,1101521,10,5840,0.0017123287671232876,25.70890410958904,male,15-19,595,0.03962967896629812,6.785903932585295e-05
E02006187,E07000196,7313,110688,2369,2947,0.8038683406854428,5878.689175432643,female,15-19,195,0.026664843429509092,0.021435023442316604
E02006187,E07000196,7313,110688,2369,2947,0.8038683406854428,5878.689175432643,male,15-19,203,0.027758785724053055,0.022314409019437285
E02006777,E07000239,7139,98999,73,2644,0.02760968229954614,197.1055219364599,female,15-19,152,0.021291497408600646,0.0005878514791330738
E02006777,E07000239,7139,98999,73,2644,0.02760968229954614,197.1055219364599,male,15-19,171,0.023952934584675727,0.000661332914024708
E02002002,E08000027,6982,315653,2194,2941,0.7460047602856171,5208.605236314179,female,15-19,187,0.0267831566886279,0.01998036238519198
E02002002,E08000027,6982,315653,2194,2941,0.7460047602856171,5208.605236314179,male,15-19,181,0.025923804067602405,0.01933928123914304
E02002013,E08000027,6563,315653,2277,2637,0.863481228668942,5667.027303754266,female,15-19,190,0.02895017522474478,0.024997932873243787
E02002013,E08000027,6563,315653,2277,2637,0.863481228668942,5667.027303754266,male,15-19,157,0.023921986896236477,0.020656186637364602
E02002078,E08000028,6286,316289,58,2651,0.02187853640135798,137.52847981893626,female,15-19,205,0.03261215399300032,0.0007135061982625494
E02002078,E08000028,6286,316289,58,2651,0.02187853640135798,137.52847981893626,male,15-19,185,0.029430480432707604,0.0006438958374564471
E02002029,E08000027,5821,315653,910,2458,0.37021969080553296,2155.048820179007,female,15-19,161,0.027658477924755197,0.010239713145454528
E02002029,E08000027,5821,315653,910,2458,0.37021969080553296,2155.048820179007,male,15-19,177,0.030407146538395463,0.0112573243897233
E02006696,E07000234,6224,95519,830,2309,0.3594629709831096,2237.297531398874,female,15-19,159,0.025546272493573264,0.009182939008083937
E02006696,E07000234,6224,95519,830,2309,0.3594629709831096,2237.297531398874,male,15-19,219,0.03518637532133676,0.01264819901113448
E02002035,E08000027,6215,315653,1133,2623,0.43194815097216926,2684.557758292032,female,15-19,155,0.0249396621078037,0.010772640933336483
E02002035,E08000027,6215,315653,1133,2623,0.43194815097216926,2684.557758292032,male,15-19,187,0.03008849557522124,0.01299667002925111
E02002027,E08000027,5585,315653,1634,1917,0.8523735002608243,4760.5059989567035,female,15-19,145,0.025962399283795883,0.022129661152698214
E02002027,E08000027,5585,315653,1634,1917,0.8523735002608243,4760.5059989567035,male,15-19,177,0.03169203222918532,0.027013448441569544
E02002023,E08000027,5328,315653,1842,2111,0.8725722406442444,4649.064898152535,female,15-19,143,0.026839339339339338,0.023419262464738543
E02002023,E08000027,5328,315653,1842,2111,0.8725722406442444,4649.064898152535,male,15-19,160,0.03003003003003003,0.02620337058991725
E02002036,E08000027,6538,315653,2415,2792,0.8649713467048711,5655.182664756447,female,15-19,235,0.03594371367390639,0.0310902824220931
E02002036,E08000027,6538,315653,2415,2792,0.8649713467048711,5655.182664756447,male,15-19,183,0.02799021107372285,0.02421073056699165
E02002006,E08000027,6484,315653,2371,2774,0.8547224224945926,5542.020187454938,female,15-19,161,0.024830351634793336,0.021223058300683127
E02002006,E08000027,6484,315653,2371,2774,0.8547224224945926,5542.020187454938,male,15-19,187,0.028840222085132636,0.024650384485886617
E02002039,E08000027,6423,315653,2050,2529,0.8105970739422697,5206.465005931198,female,15-19,193,0.03004826405106648,0.024357034916839177
E02002039,E08000027,6423,315653,2050,2529,0.8105970739422697,5206.465005931198,male,15-19,332,0.05168924178732679,0.04189914814710159
E02002024,E08000027,8489,315653,3028,3483,0.8693654895205283,7380.043640539765,female,15-19,222,0.02615149016374131,0.022735203047892245
E02002024,E08000027,8489,315653,3028,3483,0.8693654895205283,7380.043640539765,male,15-19,224,0.02638708917422547,0.022940024696972358
E02002009,E08000027,6697,315653,2392,2910,0.8219931271477663,5504.887972508591,female,15-19,226,0.0337464536359564,0.02773935295436691
E02002009,E08000027,6697,315653,2392,2910,0.8219931271477663,5504.887972508591,male,15-19,218,0.03255188890548007,0.02675742895598224
E02002018,E08000027,8990,315653,2997,3484,0.8602181400688863,7733.361079219288,female,15-19,240,0.026696329254727477,0.022964666698168268
E02002018,E08000027,8990,315653,2997,3484,0.8602181400688863,7733.361079219288,male,15-19,316,0.035150166852057844,0.03023681115258822
E02002033,E08000027,7674,315653,2219,2966,0.7481456507080243,5741.269723533378,female,15-19,233,0.030362262183997915,0.02271539439861476
E02002033,E08000027,7674,315653,2219,2966,0.7481456507080243,5741.269723533378,male,15-19,240,0.03127443315089914,0.023397831140204044
E02002017,E08000027,8443,315653,3414,3928,0.8691446028513238,7338.187881873727,female,15-19,281,0.03328200876465711,0.02892687828985218
E02002017,E08000027,8443,315653,3414,3928,0.8691446028513238,7338.187881873727,male,15-19,252,0.029847210707094635,0.025941542096237547
E02002041,E08000027,6174,315653,2055,2549,0.8061985092193017,4977.469595919969,female,15-19,137,0.022189828312277293,0.017889406505190206
E02002041,E08000027,6174,315653,2055,2549,0.8061985092193017,4977.469595919969,male,15-19,177,0.028668610301263362,0.023112590886267638
E02002012,E08000027,8054,315653,3436,3885,0.8844272844272845,7123.177348777349,female,15-19,254,0.03153712441023094,0.027892293300785975
E02002012,E08000027,8054,315653,3436,3885,0.8844272844272845,7123.177348777349,male,15-19,277,0.03439284827414949,0.030417973402825652
E02002022,E08000027,8434,315653,3147,3556,0.8849831271091113,7463.947694038245,female,15-19,250,0.029641925539483045,0.026232603957467137
E02002022,E08000027,8434,315653,3147,3556,0.8849831271091113,7463.947694038245,male,15-19,269,0.031894711880483755,0.02822628185823464
E02002034,E08000027,7963,315653,2698,3216,0.8389303482587065,6680.40236318408,female,15-19,211,0.026497551174180584,0.022229599834558213
E02002034,E08000027,7963,315653,2698,3216,0.8389303482587065,6680.40236318408,male,15-19,226,0.028381263342961194,0.023809903140332496
E02002042,E08000027,8222,315653,2220,2974,0.7464694014794889,6137.471418964358,female,15-19,240,0.029189978107516418,0.021789425487117164
E02002042,E08000027,8222,315653,2220,2974,0.7464694014794889,6137.471418964358,male,15-19,243,0.029554852833860376,0.022061793305706134
E02002026,E08000027,7013,315653,2186,2562,0.853239656518345,5983.769711163153,female,15-19,194,0.027662911735348638,0.023603093307366166
E02002026,E08000027,7013,315653,2186,2562,0.853239656518345,5983.769711163153,male,15-19,223,0.03179808926279766,0.02713139076052915
E02002020,E08000027,9771,315653,3408,3903,0.8731744811683321,8531.787855495773,female,15-19,237,0.024255449800429842,0.02117923979499485
E02002020,E08000027,9771,315653,3408,3903,0.8731744811683321,8531.787855495773,male,15-19,242,0.02476716815064988,0.021626059199952547
E02002030,E08000027,6330,315653,2521,2903,0.8684119875990355,5497.047881501895,female,15-19,165,0.026066350710900472,0.022636331430306612
E02002030,E08000027,6330,315653,2521,2903,0.8684119875990355,5497.047881501895,male,15-19,172,0.027172195892575038,0.023596660642501436
E02002028,E08000027,5825,315653,2078,2430,0.8551440329218107,4981.213991769548,female,15-19,151,0.02592274678111588,0.022167682226814322
E02002028,E08000027,5825,315653,2078,2430,0.8551440329218107,4981.213991769548,male,15-19,156,0.026781115879828326,0.022901711439622743
E02002021,E08000027,7518,315653,2907,3277,0.8870918523039365,6669.156545620995,female,15-19,198,0.026336791699920193,0.023363153332825144
E02002021,E08000027,7518,315653,2907,3277,0.8870918523039365,6669.156545620995,male,15-19,195,0.025937749401436554,0.023009166161115674
E02002011,E08000027,5761,315653,2006,2316,0.8661485319516408,4989.881692573403,female,15-19,151,0.02621072730428745,0.02270238297599336
E02002011,E08000027,5761,315653,2006,2316,0.8661485319516408,4989.881692573403,male,15-19,134,0.023259850720361047,0.020146485554855036
E02002019,E08000027,8016,315653,2788,3247,0.8586387434554974,6882.848167539267,female,15-19,276,0.0344311377245509,0.029563908831551557
E02002019,E08000027,8016,315653,2788,3247,0.8586387434554974,6882.848167539267,male,15-19,268,0.03343313373253493,0.028706983937883398
E02002016,E08000027,7873,315653,3246,3671,0.8842277308635249,6961.524925088532,female,15-19,247,0.031373047123078875,0.02774091826791447
E02002016,E08000027,7873,315653,3246,3671,0.8842277308635249,6961.524925088532,male,15-19,255,0.03238917820398832,0.02863940954784693
E02002040,E08000027,6006,315653,1787,2238,0.7984807864164433,4795.675603217158,female,15-19,148,0.024642024642024644,0.01967618321505721
E02002040,E08000027,6006,315653,1787,2238,0.7984807864164433,4795.675603217158,male,15-19,198,0.03296703296703297,0.026323542409333295
E02002015,E08000027,6039,315653,2300,2613,0.880214313050134,5315.614236509759,female,15-19,162,0.026825633383010434,0.02361230646036127
E02002015,E08000027,6039,315653,2300,2613,0.880214313050134,5315.614236509759,male,15-19,179,0.02964066898493128,0.0260901410889177
E02002037,E08000027,5965,315653,1882,2241,0.8398036590807675,5009.428826416778,female,15-19,177,0.02967309304274937,0.024919572113544987
E02002037,E08000027,5965,315653,1882,2241,0.8398036590807675,5009.428826416778,male,15-19,196,0.03285834031852473,0.027594554430818177
E02001901,E08000025,8063,1101521,11,2791,0.003941239699032604,31.778215693299888,female,15-19,156,0.019347637355822896,7.625367642925541e-05
E02001901,E08000025,8063,1101521,11,2791,0.003941239699032604,31.778215693299888,male,15-19,162,0.020091777254123776,7.918651013807292e-05
E02006698,E07000234,6535,95519,10,2771,0.003608805485384338,23.583543846986647,female,15-19,179,0.02739097169089518,9.884868888810964e-05
E02006698,E07000234,6535,95519,10,2771,0.003608805485384338,23.583543846986647,male,15-19,212,0.0324407039020658,0.00011707219019150414
E02001921,E08000025,7888,1101521,10,3211,0.003114294612270321,24.56555590158829,female,15-19,248,0.03144016227180527,9.791392797198778e-05
E02001921,E08000025,7888,1101521,10,3211,0.003114294612270321,24.56555590158829,male,15-19,237,0.030045638945233266,9.357097148935928e-05
E02001927,E08000025,7803,1101521,10,3616,0.0027654867256637168,21.579092920353983,female,15-19,271,0.03473023196206587,9.604599547031491e-05
E02001927,E08000025,7803,1101521,10,3616,0.0027654867256637168,21.579092920353983,male,15-19,267,0.03421760861207228,9.462834240064236e-05
E02001952,E08000025,9117,1101521,12,4047,0.0029651593773165306,27.03335804299481,female,15-19,320,0.03509926510913678,0.00010407491507527584
E02001952,E08000025,9117,1101521,12,4047,0.0029651593773165306,27.03335804299481,male,15-19,302,0.033124931446747836,9.822070110229158e-05
E02001913,E08000025,7746,1101521,14,2873,0.004872955099199443,37.74591019839888,female,15-19,168,0.021688613477924088,0.00010568763964181595
E02001913,E08000025,7746,1101521,14,2873,0.004872955099199443,37.74591019839888,male,15-19,163,0.021043119029176348,0.00010254217417628572
E02001932,E08000025,7076,1101521,14,3205,0.00436817472698908,30.90920436817473,female,15-19,252,0.035613340870548335,0.00015556529553437652
E02001932,E08000025,7076,1101521,14,3205,0.00436817472698908,30.90920436817473,male,15-19,236,0.03335217637083098,0.00014568813391314627
E02001899,E08000025,8050,1101521,17,3211,0.005294300840859545,42.61912176891934,female,15-19,171,0.02124223602484472,0.00011246278804807234
E02001899,E08000025,8050,1101521,17,3211,0.005294300840859545,42.61912176891934,male,15-19,171,0.02124223602484472,0.00011246278804807234
E02001911,E08000025,8103,1101521,21,3490,0.006017191977077364,48.75730659025788,female,15-19,259,0.0319634703196347,0.0001923303371668564
E02001911,E08000025,8103,1101521,21,3490,0.006017191977077364,48.75730659025788,male,15-19,312,0.03850425768233987,0.00023168751040949495
E02001951,E08000025,8399,1101521,21,3936,0.005335365853658537,44.81173780487805,female,15-19,313,0.03726634123109894,0.00019882956449519254
E02001951,E08000025,8399,1101521,21,3936,0.005335365853658537,44.81173780487805,male,15-19,275,0.032741993094416,0.00017469051193667073
E02001928,E08000025,6890,1101521,23,3103,0.007412181759587496,51.06993232355784,female,15-19,207,0.030043541364296083,0.00022268818929384784
E02001928,E08000025,6890,1101521,23,3103,0.007412181759587496,51.06993232355784,male,15-19,214,0.031059506531204643,0.00023021870777238375
E02001920,E08000025,7512,1101521,52,3186,0.016321406151914627,122.60640301318267,female,15-19,272,0.0362087326943557,0.0005909774325506894
E02001920,E08000025,7512,1101521,52,3186,0.016321406151914627,122.60640301318267,male,15-19,284,0.03780617678381257,0.0006170499663396904
E02001906,E08000025,9284,1101521,90,3832,0.02348643006263048,218.04801670146136,female,15-19,312,0.03360620422231796,0.000789289765137948
E02001906,E08000025,9284,1101521,90,3832,0.02348643006263048,218.04801670146136,male,15-19,288,0.03102111158983197,0.0007285751678196443
E02001935,E08000025,7920,1101521,9,3303,0.0027247956403269754,21.580381471389646,female,15-19,252,0.031818181818181815,8.669804310131285e-05
E02001935,E08000025,7920,1101521,9,3303,0.0027247956403269754,21.580381471389646,male,15-19,274,0.0345959595959596,9.42669198799989e-05
E02001926,E08000025,7401,1101521,9,2620,0.003435114503816794,25.42328244274809,female,15-19,177,0.023915687069314958,8.215312352054756e-05
E02001926,E08000025,7401,1101521,9,2620,0.003435114503816794,25.42328244274809,male,15-19,176,0.023780570193217134,8.168898157975351e-05
E02001919,E08000025,6664,1101521,8,2649,0.003020007550018875,20.125330313325783,female,15-19,193,0.02896158463385354,8.746420425474833e-05
E02001919,E08000025,6664,1101521,8,2649,0.003020007550018875,20.125330313325783,male,15-19,194,0.029111644657863145,8.791738666021335e-05
E02001938,E08000025,7790,1101521,8,2854,0.002803083391730904,21.83601962158374,female,15-19,235,0.030166880616174584,8.456028203552791e-05
E02001938,E08000025,7790,1101521,8,2854,0.002803083391730904,21.83601962158374,male,15-19,191,0.024518613607188704,6.8727718590578e-05
E02002168,E08000031,11027,253250,76,3901,0.019482184055370416,214.8300435785696,female,20-24,690,0.06257368277863426,0.0012190720049157148
E02002168,E08000031,11027,253250,76,3901,0.019482184055370416,214.8300435785696,male,20-24,793,0.07191439194703908,0.0014010494201422633
E02006130,E07000192,7338,98508,16,1959,0.00816743236345074,59.932618683001536,female,20-24,193,0.02630144453529572,0.0002148152693030789
E02006130,E07000192,7338,98508,16,1959,0.00816743236345074,59.932618683001536,male,20-24,191,0.02602889070591442,0.00021258920433620763
E02006177,E07000196,9842,110688,32,3021,0.010592519033432638,104.25157232704403,female,20-24,265,0.026925421662263766,0.0002852080414407284
E02006177,E07000196,9842,110688,32,3021,0.010592519033432638,104.25157232704403,male,20-24,299,0.03038000406421459,0.00032180077128595396
E02002134,E08000030,8444,273933,35,3485,0.010043041606886656,84.80344332855093,female,20-24,323,0.038252013263855994,0.000384166560756086
E02002134,E08000030,8444,273933,35,3485,0.010043041606886656,84.80344332855093,male,20-24,313,0.03706774040738986,0.00037227285918469007
E02002120,E08000030,6211,273933,24,2204,0.010889292196007259,67.63339382940109,female,20-24,214,0.03445499919497665,0.0003751905538472957
E02002120,E08000030,6211,273933,24,2204,0.010889292196007259,67.63339382940109,male,20-24,202,0.03252294316535179,0.0003541518312016529
E02002129,E08000030,5759,273933,34,2402,0.014154870940882597,81.51790174854288,female,20-24,145,0.02517798228859177,0.0003563910898468444
E02002129,E08000030,5759,273933,34,2402,0.014154870940882597,81.51790174854288,male,20-24,150,0.026046188574405278,0.0003686804377725976
E02002131,E08000030,7803,273933,19,2882,0.00659264399722415,51.44240111034004,female,20-24,189,0.02422145328719723,0.000159683418617886
E02002131,E08000030,7803,273933,19,2882,0.00659264399722415,51.44240111034004,male,20-24,206,0.02640010252467,0.00017404647743536782
E02006175,E07000196,7115,110688,15,1490,0.010067114093959731,71.62751677852349,female,20-24,239,0.03359100491918482,0.00033816447905219614
E02006175,E07000196,7115,110688,15,1490,0.010067114093959731,71.62751677852349,male,20-24,209,0.02937456078706957,0.0002957170549033849
E02006155,E07000194,5739,102062,10,2456,0.004071661237785016,23.36726384364821,female,20-24,209,0.036417494336992505,0.00014827970006918773
E02006155,E07000194,5739,102062,10,2456,0.004071661237785016,23.36726384364821,male,20-24,137,0.02387175466109078,9.719769813147712e-05
E02006129,E07000192,7951,98508,11,2006,0.005483549351944167,43.599700897308075,female,20-24,312,0.03924034712614766,0.00021517638005365115
E02006129,E07000192,7951,98508,11,2006,0.005483549351944167,43.599700897308075,male,20-24,298,0.03747956231920513,0.00020552102966662833
E02006180,E07000196,6835,110688,36,2673,0.013468013468013467,92.05387205387206,female,20-24,202,0.029553767373811265,0.0003980305370210271
E02006180,E07000196,6835,110688,36,2673,0.013468013468013467,92.05387205387206,male,20-24,200,0.029261155815654718,0.00039408964061487834
E02002043,E08000028,8799,316289,31,3725,0.00832214765100671,73.22657718120804,female,20-24,284,0.032276395044891465,0.0002686089252058081
E02002043,E08000028,8799,316289,31,3725,0.00832214765100671,73.22657718120804,male,20-24,298,0.03386748494147062,0.0002818502102511649
E02002148,E08000030,11314,273933,12,4622,0.0025962786672436176,29.37429684119429,female,20-24,293,0.025897118614106415,6.723613660088209e-05
E02002148,E08000030,11314,273933,12,4622,0.0025962786672436176,29.37429684119429,male,20-24,305,0.02695775145837016,6.998983502822197e-05
E02006126,E07000192,8412,98508,11,1815,0.006060606060606061,50.981818181818184,female,20-24,236,0.028055159296243463,0.0001700312684620816
E02006126,E07000192,8412,98508,11,1815,0.006060606060606061,50.981818181818184,male,20-24,254,0.030194959581550166,0.000182999755039698
E02002046,E08000028,5770,316289,16,2410,0.006639004149377593,38.30705394190871,female,20-24,175,0.030329289428076257,0.00020135627836067224
E02002046,E08000028,5770,316289,16,2410,0.006639004149377593,38.30705394190871,male,20-24,206,0.035701906412478335,0.00023702510481313417
E02002047,E08000028,6640,316289,124,3214,0.038581207218419414,256.1792159303049,female,20-24,205,0.030873493975903613,0.0011911366686409607
E02002047,E08000028,6640,316289,124,3214,0.038581207218419414,256.1792159303049,male,20-24,202,0.03042168674698795,0.0011737054003193856
E02002045,E08000028,7925,316289,34,3323,0.01023171832681312,81.08636773999399,female,20-24,228,0.028769716088328075,0.00029436363135815663
E02002045,E08000028,7925,316289,34,3323,0.01023171832681312,81.08636773999399,male,20-24,238,0.03003154574132492,0.00030727431694404074
E02002044,E08000028,7501,316289,27,3214,0.008400746733042938,63.014001244555075,female,20-24,259,0.03452872950273297,0.00029006711156620725
E02002044,E08000028,7501,316289,27,3214,0.008400746733042938,63.014001244555075,male,20-24,228,0.030395947207039063,0.000255348654197279
E02006178,E07000196,7888,110688,18,2689,0.00669393826701376,52.801785050204536,female,20-24,240,0.030425963488843813,0.0002036695213087351
E02006178,E07000196,7888,110688,18,2689,0.00669393826701376,52.801785050204536,male,20-24,255,0.032327586206896554,0.00021639886639053104
E02002146,E08000030,6578,273933,19,2657,0.007150922092585623,47.038765525028225,female,20-24,211,0.032076619033140776,0.00022937740369953884
E02002146,E08000030,6578,273933,19,2657,0.007150922092585623,47.038765525028225,male,20-24,223,0.03390088172696868,0.00024242256409951258
E02002110,E08000030,6695,273933,15,2592,0.005787037037037037,38.74421296296296,female,20-24,165,0.024645257654966394,0.00014262301883661107
E02002110,E08000030,6695,273933,15,2592,0.005787037037037037,38.74421296296296,male,20-24,181,0.02703510082150859,0.0001564531297541006
E02002112,E08000030,5455,273933,19,2078,0.009143407122232916,49.877285851780556,female,20-24,113,0.02071494042163153,0.00018940513378777623
E02002112,E08000030,5455,273933,19,2078,0.009143407122232916,49.877285851780556,male,20-24,120,0.021998166819431713,0.00020113819517285974
E02002113,E08000030,6555,273933,20,2632,0.007598784194528876,49.81003039513678,female,20-24,196,0.029900839054157132,0.00022721002320788094
E02002113,E08000030,6555,273933,20,2632,0.007598784194528876,49.81003039513678,male,20-24,192,0.029290617848970253,0.00022257308395874054
E02002124,E08000030,7088,273933,25,2905,0.008605851979345954,60.998278829604125,female,20-24,212,0.029909706546275394,0.00025739850728292074
E02002124,E08000030,7088,273933,25,2905,0.008605851979345954,60.998278829604125,male,20-24,206,0.029063205417607225,0.0002501136438692532
E02002114,E08000030,6027,273933,12,2486,0.004827031375703942,29.092518101367656,female,20-24,170,0.02820640451302472,0.0001361531995801676
E02002114,E08000030,6027,273933,12,2486,0.004827031375703942,29.092518101367656,male,20-24,156,0.025883524141363863,0.0001249405831441538
E02002116,E08000030,6796,273933,28,2645,0.01058601134215501,71.94253308128545,female,20-24,127,0.01868746321365509,0.0001978256975358573
E02002116,E08000030,6796,273933,28,2645,0.01058601134215501,71.94253308128545,male,20-24,184,0.02707474985285462,0.0002866136090283287
E02002138,E08000030,6485,273933,16,2394,0.006683375104427736,43.34168755221386,female,20-24,186,0.028681572860447185,0.00019168971001134292
E02002138,E08000030,6485,273933,16,2394,0.006683375104427736,43.34168755221386,male,20-24,173,0.026676946800308403,0.0001782920421073243
E02002145,E08000030,7105,273933,41,3016,0.013594164456233421,96.58653846153845,female,20-24,241,0.03391977480647431,0.00046111099703761494
E02002145,E08000030,7105,273933,41,3016,0.013594164456233421,96.58653846153845,male,20-24,232,0.0326530612244898,0.000443891084285173
E02002147,E08000030,8031,273933,66,3184,0.0207286432160804,166.4717336683417,female,20-24,315,0.03922301083302204,0.0008130397974181704
E02002147,E08000030,8031,273933,66,3184,0.0207286432160804,166.4717336683417,male,20-24,292,0.03635910845473789,0.000753674986813034
E02002119,E08000030,5943,273933,23,2452,0.009380097879282219,55.74592169657423,female,20-24,160,0.02692242974928487,0.00025253502619639154
E02002119,E08000030,5943,273933,23,2452,0.009380097879282219,55.74592169657423,male,20-24,174,0.0292781423523473,0.0002746318409885758
E02002117,E08000030,6391,273933,22,2461,0.008939455505891914,57.132060138155225,female,20-24,162,0.02534814583007354,0.00022659862180480207
E02002117,E08000030,6391,273933,22,2461,0.008939455505891914,57.132060138155225,male,20-24,181,0.028321076513847597,0.00025317500337450105
E02002132,E08000030,6479,273933,39,2806,0.013898788310762652,90.05024946543122,female,20-24,232,0.0358079950609662,0.0004976877431852038
E02002132,E08000030,6479,273933,39,2806,0.013898788310762652,90.05024946543122,male,20-24,198,0.030560271646859084,0.0004247507463390963
E02002139,E08000030,9513,273933,49,4150,0.011807228915662651,112.3221686746988,female,20-24,541,0.0568695469357721,0.0006714717590006826
E02002139,E08000030,9513,273933,49,4150,0.011807228915662651,112.3221686746988,male,20-24,465,0.048880479344055504,0.0005771430091225831
E02002136,E08000030,7706,273933,44,3044,0.01445466491458607,111.38764783180027,female,20-24,266,0.0345185569685959,0.0004989541743161037
E02002136,E08000030,7706,273933,44,3044,0.01445466491458607,111.38764783180027,male,20-24,218,0.028289644432909423,0.000408917330830491
E02002118,E08000030,7347,273933,27,3045,0.008866995073891626,65.14581280788178,female,20-24,231,0.03144140465496121,0.0002787907801917743
E02002118,E08000030,7347,273933,27,3045,0.008866995073891626,65.14581280788178,male,20-24,224,0.03048863481693208,0.0002703425747314175
E02002128,E08000030,5558,273933,17,2321,0.007324429125376993,40.70917707884533,female,20-24,168,0.030226700251889168,0.0002213933236889771
E02002128,E08000030,5558,273933,17,2321,0.007324429125376993,40.70917707884533,male,20-24,177,0.03184598776538323,0.0002332536803151723
E02002142,E08000030,6831,273933,27,2814,0.009594882729211088,65.54264392324095,female,20-24,251,0.036744254135558485,0.0003525568094030132
E02002142,E08000030,6831,273933,27,2814,0.009594882729211088,65.54264392324095,male,20-24,233,0.0341092080222515,0.0003272738509597692
E02002123,E08000030,6475,273933,29,2966,0.009777478084962913,63.30917060013486,female,20-24,213,0.032895752895752896,0.0003216375030265792
E02002123,E08000030,6475,273933,29,2966,0.009777478084962913,63.30917060013486,male,20-24,234,0.03613899613899614,0.0003533482427615941
E02002144,E08000030,6676,273933,16,2662,0.006010518407212622,40.126220886551465,female,20-24,136,0.02037147992810066,0.0001224431550900115
E02002144,E08000030,6676,273933,16,2662,0.006010518407212622,40.126220886551465,male,20-24,174,0.026063511084481725,0.00015665521312986763
E02002133,E08000030,6723,273933,23,2899,0.00793377026560883,53.338737495688164,female,20-24,229,0.03406217462442362,0.0002702414682172277
E02002133,E08000030,6723,273933,23,2899,0.00793377026560883,53.338737495688164,male,20-24,252,0.03748326639892905,0.00029738362441371786
E02002125,E08000030,6150,273933,21,2579,0.0081426909654905,50.07754943776657,female,20-24,155,0.025203252032520326,0.00020522229262618332
E02002125,E08000030,6150,273933,21,2579,0.0081426909654905,50.07754943776657,male,20-24,160,0.026016260162601626,0.00021184236658186665
E02002111,E08000030,6159,273933,24,2566,0.009353078721745909,57.60561184723305,female,20-24,191,0.031011527845429453,0.000290053261219917
E02002111,E08000030,6159,273933,24,2566,0.009353078721745909,57.60561184723305,male,20-24,202,0.032797532066893974,0.00030675789930064513
E02002122,E08000030,5626,273933,26,2451,0.010607915136678907,59.68013055895553,female,20-24,216,0.03839317454674725,0.00040727153741959544
E02002122,E08000030,5626,273933,26,2451,0.010607915136678907,59.68013055895553,male,20-24,157,0.027906150017774616,0.0002960260711799837
E02002115,E08000030,6774,273933,19,2716,0.006995581737849779,47.388070692194404,female,20-24,191,0.028196043696486567,0.00019724772836275583
E02002115,E08000030,6774,273933,19,2716,0.006995581737849779,47.388070692194404,male,20-24,204,0.030115146147032774,0.00021067296641885962
E02002143,E08000030,10020,273933,34,3975,0.008553459119496854,85.70566037735848,female,20-24,409,0.0408183632734531,0.00034913820158425285
E02002143,E08000030,10020,273933,34,3975,0.008553459119496854,85.70566037735848,male,20-24,362,0.03612774451097804,0.00030901718575427755
E02002130,E08000030,6711,273933,30,2715,0.011049723756906077,74.15469613259668,female,20-24,224,0.03337803606019967,0.00036881807801325604
E02002130,E08000030,6711,273933,30,2715,0.011049723756906077,74.15469613259668,male,20-24,183,0.027268663388466695,0.0003013111976626154
E02002126,E08000030,6701,273933,25,2766,0.009038322487346349,60.565798987707886,female,20-24,256,0.03820325324578421,0.0003452933229011588
E02002126,E08000030,6701,273933,25,2766,0.009038322487346349,60.565798987707886,male,20-24,234,0.03492016116997463,0.0003156196779643405
E02002127,E08000030,8612,273933,33,3788,0.008711721224920803,75.02534318901796,female,20-24,354,0.04110543427775198,0.00035809908425707903
E02002127,E08000030,8612,273933,33,3788,0.008711721224920803,75.02534318901796,male,20-24,266,0.030887134231305156,0.000269080102859839
E02002121,E08000030,6502,273933,27,2956,0.009133964817320704,59.38903924221922,female,20-24,221,0.03398954167948324,0.00031045927785725556
E02002121,E08000030,6502,273933,27,2956,0.009133964817320704,59.38903924221922,male,20-24,184,0.02829898492771455,0.0002584819326956336
E02002140,E08000030,8199,273933,27,3608,0.007483370288248337,61.35615299334812,female,20-24,311,0.03793145505549457,0.00028385512375231527
E02002140,E08000030,8199,273933,27,3608,0.007483370288248337,61.35615299334812,male,20-24,304,0.03707769240151238,0.00027746610167428886
E02002135,E08000030,7467,273933,29,3125,0.00928,69.29376,female,20-24,334,0.044730145975626086,0.0004150957546538101
E02002135,E08000030,7467,273933,29,3125,0.00928,69.29376,male,20-24,231,0.030936118923262354,0.00028708718360787467
E02006122,E07000192,6630,98508,8,1372,0.0058309037900874635,38.65889212827988,female,20-24,186,0.028054298642533938,0.0001635819162829967
E02006122,E07000192,6630,98508,8,1372,0.0058309037900874635,38.65889212827988,male,20-24,201,0.030316742081447964,0.00017677400630581902
E02006151,E07000194,8781,102062,18,3519,0.005115089514066497,44.915601023017906,female,20-24,222,0.02528185855825077,0.0001293189696074208
E02006151,E07000194,8781,102062,18,3519,0.005115089514066497,44.915601023017906,male,20-24,256,0.029153854914018906,0.00014912457756531411
E02006128,E07000192,8441,98508,11,2021,0.0054428500742206825,45.94309747649678,female,20-24,240,0.028432650159933657,0.0001547546520332856
E02006128,E07000192,8441,98508,11,2021,0.0054428500742206825,45.94309747649678,male,20-24,198,0.023456936381945268,0.00012767258792746063
E02002160,E08000031,7038,253250,36,2718,0.013245033112582781,93.21854304635761,female,20-24,202,0.02870133560670645,0.00038015014048617814
E02002160,E08000031,7038,253250,36,2718,0.013245033112582781,93.21854304635761,male,20-24,215,0.030548451264563795,0.0004046152485372688
E02002049,E08000028,6318,316289,724,2583,0.2802942315137437,1770.8989547038327,female,20-24,207,0.03276353276353276,0.00918342923762978
E02002049,E08000028,6318,316289,724,2583,0.2802942315137437,1770.8989547038327,male,20-24,250,0.03956948401392846,0.011091098113079444
E02002170,E08000031,6261,253250,38,2340,0.01623931623931624,101.67435897435898,female,20-24,232,0.03705478358089762,0.0006017443487496195
E02002170,E08000031,6261,253250,38,2340,0.01623931623931624,101.67435897435898,male,20-24,204,0.03258265452803066,0.0005291200307970792
E02002175,E08000031,7269,253250,73,3164,0.02307206068268015,167.710809102402,female,20-24,260,0.03576833126977576,0.0008252491095744722
E02002175,E08000031,7269,253250,73,3164,0.02307206068268015,167.710809102402,male,20-24,263,0.03618104278442702,0.000834771214684947
E02006156,E07000194,7668,102062,8,3055,0.002618657937806874,20.07986906710311,female,20-24,155,0.020213875847678666,5.2933226442366393e-05
E02006156,E07000194,7668,102062,8,3055,0.002618657937806874,20.07986906710311,male,20-24,193,0.025169535732916016,6.591040453791429e-05
E02002153,E08000031,7380,253250,46,2996,0.015353805073431242,113.31108144192257,female,20-24,222,0.03008130081300813,0.0004618624290381756
E02002153,E08000031,7380,253250,46,2996,0.015353805073431242,113.31108144192257,male,20-24,231,0.031300813008130084,0.0004805865815667503
E02002052,E08000028,11268,316289,59,4711,0.012523880280195288,141.1190829972405,female,20-24,378,0.03354632587859425,0.0004201301691439314
E02002052,E08000028,11268,316289,59,4711,0.012523880280195288,141.1190829972405,male,20-24,385,0.03416755413560525,0.0004279103574614116
E02002055,E08000028,9306,316289,59,3933,0.015001271294177472,139.60183066361554,female,20-24,273,0.02933591231463572,0.0004400759792940522
E02002055,E08000028,9306,316289,59,3933,0.015001271294177472,139.60183066361554,male,20-24,294,0.03159252095422308,0.000473927977701287
E02002048,E08000028,6531,316289,8,2546,0.003142183817753339,20.521602513747055,female,20-24,173,0.026489052212524882,8.323347120981896e-05
E02002048,E08000028,6531,316289,8,2546,0.003142183817753339,20.521602513747055,male,20-24,175,0.02679528403001072,8.419570787120415e-05
E02002171,E08000031,7412,253250,63,2973,0.02119071644803229,157.06559031281535,female,20-24,197,0.026578521316783593,0.0005632179088319429
E02002171,E08000031,7412,253250,63,2973,0.02119071644803229,157.06559031281535,male,20-24,227,0.030626011872638963,0.0006489871335271627
E02002181,E08000031,7544,253250,194,2860,0.06783216783216783,511.72587412587416,female,20-24,267,0.03539236479321315,0.0024007408286305424
E02002181,E08000031,7544,253250,194,2860,0.06783216783216783,511.72587412587416,male,20-24,209,0.027704135737009545,0.0018792315849579901
E02002051,E08000028,5608,316289,511,2576,0.1983695652173913,1112.4565217391305,female,20-24,180,0.03209700427960057,0.006367068783725113
E02002051,E08000028,5608,316289,511,2576,0.1983695652173913,1112.4565217391305,male,20-24,194,0.03459343794579173,0.006862285244681511
E02006810,E08000028,10065,316289,36,4151,0.008672609009877139,87.2898096844134,female,20-24,303,0.030104321907600595,0.00026108301341209864
E02006810,E08000028,10065,316289,36,4151,0.008672609009877139,87.2898096844134,male,20-24,342,0.03397913561847988,0.0002946877577126658
E02006124,E07000192,7632,98508,8,1666,0.004801920768307323,36.64825930372149,female,20-24,259,0.033936058700209645,0.0001629582650670331
E02006124,E07000192,7632,98508,8,1666,0.004801920768307323,36.64825930372149,male,20-24,211,0.027646750524109014,0.00013275750551793044
E02006202,E07000197,8878,132044,10,1780,0.0056179775280898875,49.87640449438202,female,20-24,186,0.02095066456409101,0.00011770036271961242
E02006202,E07000197,8878,132044,10,1780,0.0056179775280898875,49.87640449438202,male,20-24,238,0.026807839603514304,0.00015060584046918147
E02006186,E07000196,12377,110688,2790,4611,0.605074821080026,7489.0110605074815,female,20-24,253,0.020441140825725134,0.01236841962779725
E02006186,E07000196,12377,110688,2790,4611,0.605074821080026,7489.0110605074815,male,20-24,293,0.023672941746788398,0.014323900991875867
E02002071,E08000028,6650,316289,1140,2828,0.4031117397454031,2680.6930693069307,female,20-24,245,0.03684210526315789,0.014851485148514849
E02002071,E08000028,6650,316289,1140,2828,0.4031117397454031,2680.6930693069307,male,20-24,237,0.0356390977443609,0.014366538694685795
E02001886,E08000025,9196,1101521,15,3600,0.004166666666666667,38.31666666666666,female,20-24,501,0.05448020878642888,0.00022700086994345366
E02001886,E08000025,9196,1101521,15,3600,0.004166666666666667,38.31666666666666,male,20-24,551,0.05991735537190083,0.0002496556473829201
E02002067,E08000028,5450,316289,1329,2304,0.5768229166666666,3143.684895833333,female,20-24,133,0.024403669724770642,0.014076595948012232
E02002067,E08000028,5450,316289,1329,2304,0.5768229166666666,3143.684895833333,male,20-24,141,0.02587155963302752,0.01492330848623853
E02002014,E08000027,7170,315653,2764,3215,0.8597200622083981,6164.192846034215,female,20-24,249,0.03472803347280335,0.02985638709761383
E02002014,E08000027,7170,315653,2764,3215,0.8597200622083981,6164.192846034215,male,20-24,208,0.02900976290097629,0.02494027516587822
E02002031,E08000027,5952,315653,1897,2242,0.8461195361284567,5036.103479036574,female,20-24,197,0.03309811827956989,0.02800496448543447
E02002031,E08000027,5952,315653,1897,2242,0.8461195361284567,5036.103479036574,male,20-24,204,0.034274193548387094,0.02900006474633823
E02002032,E08000027,10187,315653,3407,4176,0.8158524904214559,8311.08931992337,female,20-24,374,0.03671345832924315,0.029952766409897368
E02002032,E08000027,10187,315653,3407,4176,0.8158524904214559,8311.08931992337,male,20-24,277,0.02719151860213998,0.02218426816989725
E02002001,E08000027,6002,315653,1811,2412,0.7508291873963516,4506.476782752902,female,20-24,163,0.027157614128623792,0.02039072934781828
E02002001,E08000027,6002,315653,1811,2412,0.7508291873963516,4506.476782752902,male,20-24,189,0.03148950349883372,0.023643238323543894
E02002077,E08000028,10521,316289,3346,4614,0.7251842219332466,7629.663198959687,female,20-24,327,0.031080695751354435,0.02253923016558993
E02002077,E08000028,10521,316289,3346,4614,0.7251842219332466,7629.663198959687,male,20-24,360,0.03421727972626176,0.02481383137496139
E02001900,E08000025,7094,1101521,8,2566,0.003117692907248636,22.116913484021826,female,20-24,406,0.05723146320834508,0.00017843012691611874
E02001900,E08000025,7094,1101521,8,2566,0.003117692907248636,22.116913484021826,male,20-24,382,0.05384832252607838,0.00016788253320679152
E02006181,E07000196,5700,110688,41,2088,0.019636015325670497,111.92528735632183,female,20-24,168,0.029473684210526315,0.0005787457148618673
E02006181,E07000196,5700,110688,41,2088,0.019636015325670497,111.92528735632183,male,20-24,164,0.028771929824561403,0.0005649660549842038
E02001879,E08000025,10994,1101521,20,4424,0.0045207956600361665,49.701627486437616,female,20-24,538,0.04893578315444788,0.00022122867610509893
E02001879,E08000025,10994,1101521,20,4424,0.0045207956600361665,49.701627486437616,male,20-24,664,0.06039657995270147,0.00027304059653120014
E02001866,E08000025,8949,1101521,8,3671,0.002179242713157178,19.502043040043585,female,20-24,398,0.04447424293217119,9.692016983311619e-05
E02001866,E08000025,8949,1101521,8,3671,0.002179242713157178,19.502043040043585,male,20-24,369,0.04123365739188736,8.985814740809013e-05
E02002008,E08000027,8544,315653,2480,2912,0.8516483516483516,7276.483516483516,female,20-24,252,0.02949438202247191,0.025118841832324976
E02002008,E08000027,8544,315653,2480,2912,0.8516483516483516,7276.483516483516,male,20-24,255,0.029845505617977528,0.02541787566366218
E02002004,E08000027,7541,315653,2747,3237,0.8486252703120173,6399.483163422922,female,20-24,241,0.03195862617689962,0.02712089777817215
E02002004,E08000027,7541,315653,2747,3237,0.8486252703120173,6399.483163422922,male,20-24,219,0.029041241214693012,0.024645131176015356
E02002167,E08000031,6614,253250,90,2412,0.03731343283582089,246.79104477611938,female,20-24,170,0.025703054127608104,0.000959069183865974
E02002167,E08000031,6614,253250,90,2412,0.03731343283582089,246.79104477611938,male,20-24,181,0.027366192924100394,0.001021126601645537
E02006182,E07000196,6858,110688,47,2192,0.02144160583941606,147.04653284671534,female,20-24,160,0.023330417031204434,0.0005002416060522849
E02006182,E07000196,6858,110688,47,2192,0.02144160583941606,147.04653284671534,male,20-24,148,0.0215806357538641,0.0004627234855983635
E02002079,E08000028,8081,316289,153,3774,0.04054054054054054,327.6081081081081,female,20-24,212,0.02623437693354783,0.0010635558216303175
E02002079,E08000028,8081,316289,153,3774,0.04054054054054054,327.6081081081081,male,20-24,277,0.0342779358990224,0.0013896460499603677
E02001861,E08000025,10383,1101521,8,4006,0.00199700449326011,20.73489765351972,female,20-24,460,0.044303187903303475,8.847366530864398e-05
E02001861,E08000025,10383,1101521,8,4006,0.00199700449326011,20.73489765351972,male,20-24,529,0.050948666088799,0.0001017447151049406
E02002025,E08000027,7828,315653,1831,3361,0.5447783397798275,4264.524843796489,female,20-24,215,0.027465508431272354,0.014962614084397407
E02002025,E08000027,7828,315653,1831,3361,0.5447783397798275,4264.524843796489,male,20-24,247,0.03155339805825243,0.01718960780858679
E02002162,E08000031,7547,253250,87,2826,0.03078556263269639,232.33864118895966,female,20-24,132,0.017490393533854513,0.000538451605606986
E02002162,E08000031,7547,253250,87,2826,0.03078556263269639,232.33864118895966,male,20-24,199,0.026368093282098846,0.000811756587240835
E02002010,E08000027,7321,315653,3068,3523,0.8708487084870848,6375.483394833948,female,20-24,257,0.03510449392159541,0.030570703193714084
E02002010,E08000027,7321,315653,3068,3523,0.8708487084870848,6375.483394833948,male,20-24,290,0.039612074853162135,0.034496124226369974
E02001873,E08000025,11051,1101521,12,4852,0.00247320692497939,27.33140972794724,female,20-24,451,0.04081078635417609,0.0001009335194250027
E02001873,E08000025,11051,1101521,12,4852,0.00247320692497939,27.33140972794724,male,20-24,479,0.04334449371097638,0.00010719990200571239
E02002073,E08000028,7623,316289,34,3367,0.010098010098010098,76.97713097713097,female,20-24,230,0.030171848353666535,0.000304675629350954
E02002073,E08000028,7623,316289,34,3367,0.010098010098010098,76.97713097713097,male,20-24,266,0.03489439853076217,0.0003523639887276251
E02002161,E08000031,6390,253250,29,2544,0.01139937106918239,72.84198113207546,female,20-24,255,0.03990610328638498,0.00045490447928662114
E02002161,E08000031,6390,253250,29,2544,0.01139937106918239,72.84198113207546,male,20-24,262,0.041001564945226915,0.0004673920532278225
E02002174,E08000031,7479,253250,127,2806,0.04526015680684248,338.5007127583749,female,20-24,205,0.02741008156170611,0.0012405845895711604
E02002174,E08000031,7479,253250,127,2806,0.04526015680684248,338.5007127583749,male,20-24,220,0.029415697285733386,0.0013313590717349037
E02002164,E08000031,7261,253250,33,2344,0.014078498293515358,102.22397610921502,female,20-24,570,0.07850158380388376,0.0011051844136212305
E02002164,E08000031,7261,253250,33,2344,0.014078498293515358,102.22397610921502,male,20-24,711,0.09792039663958133,0.0013785721369906927
E02002076,E08000028,10852,316289,28,4164,0.0067243035542747355,72.97214217098943,female,20-24,395,0.03639882049391817,0.00024475671801866205
E02002076,E08000028,10852,316289,28,4164,0.0067243035542747355,72.97214217098943,male,20-24,285,0.02626244010320678,0.0001765966193299207
E02001857,E08000025,13611,1101521,14,5507,0.002542218994007627,34.60214272743781,female,20-24,602,0.04422893248108148,0.00011243963223808621
E02001857,E08000025,13611,1101521,14,5507,0.002542218994007627,34.60214272743781,male,20-24,592,0.043494232605980454,0.00011057186426070935
E02002176,E08000031,7652,253250,160,3000,0.05333333333333334,408.1066666666667,female,20-24,195,0.025483533716675378,0.001359121798222687
E02002176,E08000031,7652,253250,160,3000,0.05333333333333334,408.1066666666667,male,20-24,220,0.028750653423941452,0.0015333681826102108
E02002005,E08000027,8668,315653,3163,3831,0.8256329939963456,7156.586791960323,female,20-24,316,0.03645592985694508,0.030099218516710335
E02002005,E08000027,8668,315653,3163,3831,0.8256329939963456,7156.586791960323,male,20-24,273,0.03149515459160129,0.026003438781841526
E02002074,E08000028,8186,316289,66,3525,0.01872340425531915,153.26978723404255,female,20-24,215,0.026264353774737355,0.000491758113229125
E02002074,E08000028,8186,316289,66,3525,0.01872340425531915,153.26978723404255,male,20-24,298,0.036403615929635966,0.00068159961740595
E02002075,E08000028,8887,316289,1645,3984,0.41290160642570284,3669.456576305221,female,20-24,258,0.02903116912343873,0.011987016367484116
E02002075,E08000028,8887,316289,1645,3984,0.41290160642570284,3669.456576305221,male,20-24,285,0.032069314729379995,0.013241471568732453
E02001858,E08000025,8646,1101521,8,3191,0.0025070510811657787,21.67596364775932,female,20-24,469,0.05424473745084432,0.00013599432767369307
E02001858,E08000025,8646,1101521,8,3191,0.0025070510811657787,21.67596364775932,male,20-24,455,0.052625491556789264,0.00013193479550432908
E02002150,E08000031,5718,253250,27,2139,0.012622720897615708,72.17671809256662,female,20-24,179,0.03130465197621546,0.0003951498846927617
E02002150,E08000031,5718,253250,27,2139,0.012622720897615708,72.17671809256662,male,20-24,180,0.03147953830010493,0.0003973574259480285
E02002154,E08000031,5629,253250,34,2198,0.015468607825295723,87.07279344858962,female,20-24,185,0.03286551785397051,0.0005083838066583245
E02002154,E08000031,5629,253250,34,2198,0.015468607825295723,87.07279344858962,male,20-24,179,0.03179960916681471,0.0004918956831991356
E02001862,E08000025,10446,1101521,19,4254,0.004466384579219558,46.655853314527505,female,20-24,445,0.042600038292169254,0.00019026815410230744
E02001862,E08000025,10446,1101521,19,4254,0.004466384579219558,46.655853314527505,male,20-24,375,0.035898908673176334,0.00016033833210868603
E02002180,E08000031,6437,253250,436,2514,0.17342879872712808,1116.3611774065234,female,20-24,195,0.03029361503806121,0.005253785265153018
E02002180,E08000031,6437,253250,436,2514,0.17342879872712808,1116.3611774065234,male,20-24,208,0.032313189373931954,0.005604037616163219
E02002169,E08000031,8665,253250,103,3248,0.031711822660098525,274.78294334975374,female,20-24,173,0.019965377957299482,0.0006331385251237213
E02002169,E08000031,8665,253250,103,3248,0.031711822660098525,274.78294334975374,male,20-24,208,0.024004616272360068,0.0007612301342527978
E02002066,E08000028,7403,316289,67,3279,0.020433058859408357,151.26593473620008,female,20-24,227,0.03066324463055518,0.0006265438823565713
E02002066,E08000028,7403,316289,67,3279,0.020433058859408357,151.26593473620008,male,20-24,277,0.03741726327164663,0.0007645491427875341
E02002003,E08000027,9101,315653,2767,3902,0.7091235263967196,6453.733213736545,female,20-24,232,0.025491704208328754,0.018076767182072184
E02002003,E08000027,9101,315653,2767,3902,0.7091235263967196,6453.733213736545,male,20-24,243,0.026700362597516757,0.01893385528122216
E02002165,E08000031,7660,253250,52,2814,0.01847903340440654,141.54939587775408,female,20-24,294,0.03838120104438642,0.0007092474962004598
E02002165,E08000031,7660,253250,52,2814,0.01847903340440654,141.54939587775408,male,20-24,356,0.04647519582245431,0.0008588166960794684
E02002069,E08000028,6634,316289,455,2932,0.15518417462482947,1029.4918144611188,female,20-24,235,0.03542357552004824,0.005497178329339001
E02002069,E08000028,6634,316289,455,2932,0.15518417462482947,1029.4918144611188,male,20-24,266,0.040096472716309915,0.006222338023847548
E02002151,E08000031,5868,253250,28,2104,0.013307984790874524,78.09125475285171,female,20-24,190,0.03237900477164281,0.00043089930304467615
E02002151,E08000031,5868,253250,28,2104,0.013307984790874524,78.09125475285171,male,20-24,183,0.031186094069529654,0.0004150240655640828
E02002157,E08000031,7644,253250,52,2645,0.019659735349716444,150.2790170132325,female,20-24,210,0.027472527472527472,0.0005401026194977045
E02002157,E08000031,7644,253250,52,2645,0.019659735349716444,150.2790170132325,male,20-24,205,0.026818419675562533,0.0005272430333191877
E02002159,E08000031,5964,253250,39,2249,0.017341040462427744,103.42196531791906,female,20-24,211,0.03537894030851777,0.0006135076354078226
E02002159,E08000031,5964,253250,39,2249,0.017341040462427744,103.42196531791906,male,20-24,194,0.03252850435949028,0.0005640781102801782
E02001844,E08000025,9936,1101521,9,4181,0.0021525950729490554,21.388184644821816,female,20-24,273,0.02747584541062802,5.914436945602779e-05
E02001844,E08000025,9936,1101521,9,4181,0.0021525950729490554,21.388184644821816,male,20-24,247,0.024859098228663445,5.3511572364977526e-05
E02002182,E08000031,6646,253250,769,2842,0.2705840957072484,1798.3019000703728,female,20-24,198,0.029792356304544087,0.008061337789653202
E02002182,E08000031,6646,253250,769,2842,0.2705840957072484,1798.3019000703728,male,20-24,198,0.029792356304544087,0.008061337789653202
E02001850,E08000025,8434,1101521,8,3079,0.0025982461838259174,21.913608314387787,female,20-24,383,0.04541142992648802,0.00011799007450857557
E02001850,E08000025,8434,1101521,8,3079,0.0025982461838259174,21.913608314387787,male,20-24,343,0.040668721840170736,0.00010566735132230136
E02002155,E08000031,6227,253250,22,2531,0.00869221651521138,54.12643224022126,female,20-24,202,0.03243937690701783,0.000281970087694347
E02002155,E08000031,6227,253250,22,2531,0.00869221651521138,54.12643224022126,male,20-24,222,0.03565119640276217,0.00030988791815913386
E02001837,E08000025,10601,1101521,8,4727,0.0016924053310767928,17.94118891474508,female,20-24,358,0.03377039901896048,5.715320333227921e-05
E02001837,E08000025,10601,1101521,8,4727,0.0016924053310767928,17.94118891474508,male,20-24,397,0.0374492972361098,6.337939028747163e-05
E02002000,E08000027,7828,315653,1919,3360,0.5711309523809524,4470.813095238095,female,20-24,258,0.03295861011752683,0.01882368238557559
E02002000,E08000027,7828,315653,1919,3360,0.5711309523809524,4470.813095238095,male,20-24,225,0.02874297393970363,0.016416002080443828
E02002149,E08000031,10130,253250,46,3910,0.011764705882352941,119.17647058823529,female,20-24,318,0.03139190523198421,0.0003693165321409907
E02002149,E08000031,10130,253250,46,3910,0.011764705882352941,119.17647058823529,male,20-24,307,0.030306021717670287,0.0003565414319725916
E02006176,E07000196,7483,110688,20,2057,0.009722897423432183,72.75644141954302,female,20-24,150,0.020045436322330617,0.00019489972116996224
E02006176,E07000196,7483,110688,20,2057,0.009722897423432183,72.75644141954302,male,20-24,163,0.021782707470265936,0.00021179103033802562
E02002156,E08000031,8211,253250,45,3261,0.013799448022079117,113.30726770929162,female,20-24,256,0.031177688466691025,0.00043023489144467837
E02002156,E08000031,8211,253250,45,3261,0.013799448022079117,113.30726770929162,male,20-24,269,0.03276093045914018,0.00045208275702585343
E02002152,E08000031,6251,253250,37,2675,0.013831775700934579,86.46242990654206,female,20-24,220,0.035194368900975846,0.00048680061657424534
E02002152,E08000031,6251,253250,37,2675,0.013831775700934579,86.46242990654206,male,20-24,196,0.03135498320268757,0.00043369509476614583
E02002063,E08000028,9625,316289,1050,3929,0.26724357342835325,2572.2193942479003,female,20-24,285,0.02961038961038961,0.007913186330086305
E02002063,E08000028,9625,316289,1050,3929,0.26724357342835325,2572.2193942479003,male,20-24,320,0.03324675324675325,0.008884981142553042
E02002070,E08000028,9356,316289,32,4370,0.007322654462242563,68.51075514874142,female,20-24,300,0.03206498503634032,0.00023480080575809844
E02002070,E08000028,9356,316289,32,4370,0.007322654462242563,68.51075514874142,male,20-24,306,0.032706284737067125,0.00023949682187326043
E02002064,E08000028,12292,316289,1836,4906,0.374235629841011,4600.104362005707,female,20-24,382,0.031077123332248616,0.011630166823890838
E02002064,E08000028,12292,316289,1836,4906,0.374235629841011,4600.104362005707,male,20-24,395,0.03213472177025708,0.012025957841457805
E02006179,E07000196,8820,110688,26,2574,0.010101010101010102,89.0909090909091,female,20-24,172,0.019501133786848073,0.00019698114936210178
E02006179,E07000196,8820,110688,26,2574,0.010101010101010102,89.0909090909091,male,20-24,623,0.07063492063492063,0.0007134840468173802
E02002163,E08000031,11710,253250,44,4472,0.009838998211091235,115.21466905187836,female,20-24,446,0.038087105038428694,0.00037473895833874387
E02002163,E08000031,11710,253250,44,4472,0.009838998211091235,115.21466905187836,male,20-24,442,0.037745516652433815,0.0003713780708200107
E02002058,E08000028,12006,316289,1237,5355,0.23099906629318395,2773.3747899159666,female,20-24,412,0.03431617524571048,0.007927004440512392
E02002058,E08000028,12006,316289,1237,5355,0.23099906629318395,2773.3747899159666,male,20-24,396,0.03298350824587706,0.007619159607871136
E02002065,E08000028,12333,316289,40,5232,0.00764525993883792,94.28899082568807,female,20-24,414,0.03356847482364388,0.0002566397157770939
E02002065,E08000028,12333,316289,40,5232,0.00764525993883792,94.28899082568807,male,20-24,434,0.03519014027406146,0.000269037769679369
E02002158,E08000031,7354,253250,40,3054,0.01309757694826457,96.31958087753765,female,20-24,245,0.03331520261082404,0.00043634842974229256
E02002158,E08000031,7354,253250,40,3054,0.01309757694826457,96.31958087753765,male,20-24,216,0.029371770465053033,0.00038469902377279673
E02002061,E08000028,5723,316289,28,2656,0.010542168674698794,60.3328313253012,female,20-24,187,0.03267517036519308,0.00034446715746438484
E02002061,E08000028,5723,316289,28,2656,0.010542168674698794,60.3328313253012,male,20-24,227,0.03966451161977984,0.0004181499718952693
E02006894,E08000031,13025,253250,135,4910,0.0274949083503055,358.1211812627291,female,20-24,475,0.036468330134357005,0.00100269339473283
E02006894,E08000031,13025,253250,135,4910,0.0274949083503055,358.1211812627291,male,20-24,446,0.034241842610364684,0.0009414763243175626
E02002059,E08000028,10733,316289,44,4615,0.009534127843986998,102.32979414951245,female,20-24,328,0.030559955278114226,0.00029136252052806627
E02002059,E08000028,10733,316289,44,4615,0.009534127843986998,102.32979414951245,male,20-24,370,0.03447312028323861,0.0003286711359615382
E02001842,E08000025,7584,1101521,10,2849,0.00351000351000351,26.61986661986662,female,20-24,252,0.03322784810126582,0.0001166298634653065
E02001842,E08000025,7584,1101521,10,2849,0.00351000351000351,26.61986661986662,male,20-24,270,0.03560126582278481,0.0001249605679985427
E02006174,E07000196,10383,110688,12,2102,0.005708848715509039,59.27497621313035,female,20-24,230,0.022151593951651737,0.00012646009867736481
E02006174,E07000196,10383,110688,12,2102,0.005708848715509039,59.27497621313035,male,20-24,270,0.026004045073678126,0.00014845315931690653
E02002177,E08000031,9490,253250,161,3469,0.04641106947247045,440.4410492937446,female,20-24,360,0.037934668071654375,0.0017605885152886579
E02002177,E08000031,9490,253250,161,3469,0.04641106947247045,440.4410492937446,male,20-24,344,0.03624868282402529,0.0016823401368313842
E02002056,E08000028,8965,316289,1566,4445,0.3523059617547806,3158.4229471316085,female,20-24,339,0.037813720022308976,0.013321998999985568
E02002056,E08000028,8965,316289,1566,4445,0.3523059617547806,3158.4229471316085,male,20-24,348,0.03881762409369771,0.013675680389365718
E02002057,E08000028,9255,316289,2145,4624,0.4638840830449827,4293.247188581315,female,20-24,291,0.03144246353322528,0.014585658364785516
E02002057,E08000028,9255,316289,2145,4624,0.4638840830449827,4293.247188581315,male,20-24,273,0.029497568881685577,0.013683452692736929
E02002068,E08000028,12466,316289,24,5537,0.004334477153693336,54.03359219794112,female,20-24,449,0.03601796887534093,0.0001561190632126029
E02002068,E08000028,12466,316289,24,5537,0.004334477153693336,54.03359219794112,male,20-24,465,0.03730145997112145,0.0001616823260442324
E02002060,E08000028,6401,316289,64,2791,0.02293084915800788,146.78036546040843,female,20-24,171,0.026714575847523823,0.0006125879090797293
E02002060,E08000028,6401,316289,64,2791,0.02293084915800788,146.78036546040843,male,20-24,218,0.03405717856584908,0.0007809600244408245
E02002053,E08000028,6052,316289,13,2352,0.0055272108843537416,33.45068027210884,female,20-24,166,0.02742894910773298,0.00015160558605464657
E02002053,E08000028,6052,316289,13,2352,0.0055272108843537416,33.45068027210884,male,20-24,176,0.029081295439524125,0.00016073845268444457
E02002062,E08000028,7752,316289,41,3473,0.011805355600345523,91.51511661387849,female,20-24,225,0.029024767801857584,0.00034264770511838785
E02002062,E08000028,7752,316289,41,3473,0.011805355600345523,91.51511661387849,male,20-24,234,0.03018575851393189,0.0003563536133231234
E02002166,E08000031,9374,253250,65,3801,0.017100762957116548,160.3025519600105,female,20-24,304,0.03243012588009388,0.000554579895344936
E02002166,E08000031,9374,253250,65,3801,0.017100762957116548,160.3025519600105,male,20-24,313,0.03339022829101771,0.0005709983790887006
E02002072,E08000028,8540,316289,131,3492,0.03751431844215349,320.3722794959908,female,20-24,271,0.031733021077283374,0.0011904426578247772
E02002072,E08000028,8540,316289,131,3492,0.03751431844215349,320.3722794959908,male,20-24,335,0.039227166276346606,0.001471580407274171
E02002178,E08000031,8046,253250,167,2985,0.0559463986599665,450.14472361809044,female,20-24,239,0.029704200845140444,0.0016618430623579412
E02002178,E08000031,8046,253250,167,2985,0.0559463986599665,450.14472361809044,male,20-24,216,0.026845637583892617,0.0015019167425494363
E02006184,E07000196,5448,110688,56,1700,0.03294117647058824,179.4635294117647,female,20-24,169,0.03102055800293686,0.0010218536753908614
E02006184,E07000196,5448,110688,56,1700,0.03294117647058824,179.4635294117647,male,20-24,185,0.03395741556534508,0.0011185972186231322
E02006183,E07000196,7502,110688,91,2432,0.03741776315789474,280.70805921052636,female,20-24,221,0.02945881098373767,0.0011022828123026843
E02006183,E07000196,7502,110688,91,2432,0.03741776315789474,280.70805921052636,male,20-24,232,0.030925086643561715,0.001157147567666166
E02006008,E06000051,7797,310774,11,2787,0.003946896304269824,30.773950484391815,female,20-24,192,0.024624855713736054,9.719175200972249e-05
E02006008,E06000051,7797,310774,11,2787,0.003946896304269824,30.773950484391815,male,20-24,207,0.02654867256637168,0.00010478485763548205
E02006009,E06000051,7325,310774,27,2987,0.009039169735520589,66.21191831268831,female,20-24,140,0.01911262798634812,0.00017276228846046176
E02006009,E06000051,7325,310774,27,2987,0.009039169735520589,66.21191831268831,male,20-24,658,0.08982935153583618,0.0008119827557641704
E02006185,E07000196,7124,110688,1799,3014,0.5968812209688122,4252.181818181818,female,20-24,174,0.02442448062886019,0.014578513819283174
E02006185,E07000196,7124,110688,1799,3014,0.5968812209688122,4252.181818181818,male,20-24,193,0.027091521617069063,0.016170420500699154
E02002007,E08000027,8924,315653,3107,3605,0.8618585298196949,7691.225520110957,female,20-24,220,0.024652622142536978,0.021247072675967378
E02002007,E08000027,8924,315653,3107,3605,0.8618585298196949,7691.225520110957,male,20-24,251,0.02812640071716719,0.024240978371217328
E02002941,E06000020,10177,169768,25,4322,0.005784359093012495,58.86742248958816,female,20-24,321,0.03154171170285939,0.0001824485868976133
E02002941,E06000020,10177,169768,25,4322,0.005784359093012495,58.86742248958816,male,20-24,320,0.03144345091873833,0.00018188021123749615
E02002080,E08000028,6839,316289,2355,3075,0.7658536585365854,5237.673170731708,female,20-24,232,0.0339230881707852,0.02598012118445501
E02002080,E08000028,6839,316289,2355,3075,0.7658536585365854,5237.673170731708,male,20-24,204,0.029828922357069746,0.02284458931736561
E02001925,E08000025,6588,1101521,11,2553,0.004308656482569526,28.385428907168038,female,20-24,415,0.0629933211900425,0.0002714165817040609
E02001925,E08000025,6588,1101521,11,2553,0.004308656482569526,28.385428907168038,male,20-24,444,0.06739526411657559,0.0002903830416303688
E02001890,E08000025,10590,1101521,18,3528,0.00510204081632653,54.03061224489795,female,20-24,825,0.07790368271954674,0.0003974677689772793
E02001890,E08000025,10590,1101521,18,3528,0.00510204081632653,54.03061224489795,male,20-24,707,0.06676109537299339,0.00034061783353568056
E02002038,E08000027,9391,315653,2749,3729,0.7371949584338965,6922.997854652722,female,20-24,273,0.029070386540304548,0.021430542397237115
E02002038,E08000027,9391,315653,2749,3729,0.7371949584338965,6922.997854652722,male,20-24,286,0.03045469066127143,0.022451044416153167
E02002946,E06000020,7932,169768,24,2991,0.00802407221664995,63.6469408224674,female,20-24,234,0.029500756429652043,0.00023671620003732832
E02002946,E06000020,7932,169768,24,2991,0.00802407221664995,63.6469408224674,male,20-24,325,0.04097327281896117,0.0003287725000518449
E02002943,E06000020,10466,169768,33,4085,0.008078335373317013,84.54785801713587,female,20-24,295,0.028186508694821324,0.00022770007023968267
E02002943,E06000020,10466,169768,33,4085,0.008078335373317013,84.54785801713587,male,20-24,338,0.03229505064016816,0.0002608902499695347
E02001950,E08000025,8602,1101521,8,3466,0.002308136180034622,19.85458742065782,female,20-24,289,0.03359683794466403,7.754607719483908e-05
E02001950,E08000025,8602,1101521,8,3466,0.002308136180034622,19.85458742065782,male,20-24,299,0.034759358288770054,8.022933246109649e-05
E02002179,E08000031,6327,253250,182,2259,0.08056662239929172,509.74501992031867,female,20-24,126,0.01991465149359886,0.0016044562070982702
E02002179,E08000031,6327,253250,182,2259,0.08056662239929172,509.74501992031867,male,20-24,143,0.022601548917338392,0.0018209304572623227
E02002932,E06000020,9089,169768,14,3567,0.003924866834875245,35.673114662181106,female,20-24,268,0.02948619210034107,0.00011572937746138912
E02002932,E06000020,9089,169768,14,3567,0.003924866834875245,35.673114662181106,male,20-24,296,0.0325668390361976,0.00012782050644989247
E02006704,E07000234,6898,95519,9,2842,0.0031667839549612948,21.84447572132301,female,20-24,134,0.019425920556683098,6.151769352925682e-05
E02006704,E07000234,6898,95519,9,2842,0.0031667839549612948,21.84447572132301,male,20-24,149,0.02160046390258046,6.840400250641243e-05
E02006046,E06000051,8908,310774,21,3364,0.00624256837098692,55.608799048751486,female,20-24,207,0.02323753929052537,0.00014506192779459952
E02006046,E06000051,8908,310774,21,3364,0.00624256837098692,55.608799048751486,male,20-24,249,0.027952402334979795,0.00017449478270944581
E02006011,E06000051,5892,310774,35,2308,0.015164644714038129,89.35008665511265,female,20-24,115,0.019517990495587237,0.0002959833913975534
E02006011,E06000051,5892,310774,35,2308,0.015164644714038129,89.35008665511265,male,20-24,127,0.021554650373387645,0.0003268686148477329
E02006043,E06000051,6881,310774,9,2630,0.0034220532319391636,23.547148288973386,female,20-24,148,0.02150850167126871,7.360323765833399e-05
E02006043,E06000051,6881,310774,9,2630,0.0034220532319391636,23.547148288973386,male,20-24,184,0.02674029937509083,9.150672789955037e-05
E02006013,E06000051,7636,310774,234,3144,0.07442748091603053,568.3282442748092,female,20-24,140,0.018334206390780514,0.0013645687962603819
E02006013,E06000051,7636,310774,234,3144,0.07442748091603053,568.3282442748092,male,20-24,174,0.022786799371398637,0.0016959640753521886
E02002948,E06000020,7031,169768,13,2761,0.004708438971387179,33.105034407823254,female,20-24,253,0.03598350163561371,0.00016942612142809788
E02002948,E06000020,7031,169768,13,2761,0.004708438971387179,33.105034407823254,male,20-24,230,0.03271227421419428,0.00015402374675281625
E02002947,E06000020,6762,169768,17,2744,0.00619533527696793,41.892857142857146,female,20-24,221,0.03268263827270038,0.0002024799018352429
E02002947,E06000020,6762,169768,17,2744,0.00619533527696793,41.892857142857146,male,20-24,222,0.032830523513753325,0.0002033961004860811
E02006045,E06000051,11048,310774,9,4637,0.0019409100711667026,21.44317446624973,female,20-24,286,0.025887038377986966,5.024441350051385e-05
E02006045,E06000051,11048,310774,9,4637,0.0019409100711667026,21.44317446624973,male,20-24,273,0.024710354815351193,4.796057652321776e-05
E02002950,E06000020,5501,169768,15,2409,0.0062266500622665,34.25280199252802,female,20-24,176,0.03199418287584076,0.00019921658079601965
E02002950,E06000020,5501,169768,15,2409,0.0062266500622665,34.25280199252802,male,20-24,147,0.026722414106526086,0.00016639112146031186
E02006010,E06000051,11572,310774,39,4282,0.00910789350770668,105.39654367118169,female,20-24,250,0.021603871413757345,0.00019676576019069043
E02006010,E06000051,11572,310774,39,4282,0.00910789350770668,105.39654367118169,male,20-24,276,0.023850674040788108,0.00021722939925052223
E02006014,E06000051,9310,310774,60,3559,0.01685866816521495,156.9542006181512,female,20-24,199,0.02137486573576799,0.00036035176851533565
E02006014,E06000051,9310,310774,60,3559,0.01685866816521495,156.9542006181512,male,20-24,210,0.022556390977443608,0.00038027071049357027
E02002936,E06000020,8985,169768,13,3588,0.0036231884057971015,32.55434782608695,female,20-24,295,0.032832498608792435,0.00011895832829272621
E02002936,E06000020,8985,169768,13,3588,0.0036231884057971015,32.55434782608695,male,20-24,287,0.03194212576516416,0.00011573233972885567
E02002937,E06000020,10271,169768,19,3808,0.004989495798319327,51.247111344537814,female,20-24,231,0.022490507253431994,0.00011221629144306929
E02002937,E06000020,10271,169768,19,3808,0.004989495798319327,51.247111344537814,male,20-24,267,0.025995521370849966,0.0001297045446549762
E02002934,E06000020,5973,169768,8,2312,0.0034602076124567475,20.667820069204154,female,20-24,158,0.02645236899380546,9.153068855988049e-05
E02002934,E06000020,5973,169768,8,2312,0.0034602076124567475,20.667820069204154,male,20-24,186,0.0311401305876444,0.00010775131691226437
E02002931,E06000020,6673,169768,12,2265,0.005298013245033113,35.35364238410596,female,20-24,114,0.017083770418102804,9.051004195021353e-05
E02002931,E06000020,6673,169768,12,2265,0.005298013245033113,35.35364238410596,male,20-24,155,0.023227933463209952,0.00012306189914283418
E02002949,E06000020,5179,169768,19,2064,0.009205426356589148,47.6749031007752,female,20-24,118,0.022784321297547788,0.00020973939178944186
E02002949,E06000020,5179,169768,19,2064,0.009205426356589148,47.6749031007752,male,20-24,152,0.029349295230739526,0.0002701727758643658
E02002933,E06000020,8266,169768,8,3198,0.0025015634771732333,20.677923702313947,female,20-24,230,0.02782482458262763,6.960556493465324e-05
E02002933,E06000020,8266,169768,8,3198,0.0025015634771732333,20.677923702313947,male,20-24,244,0.029518509557222357,7.384242540893647e-05
E02006012,E06000051,6249,310774,51,2517,0.02026221692491061,126.6185935637664,female,20-24,130,0.02080332853256521,0.0004215215554870186
E02006012,E06000051,6249,310774,51,2517,0.02026221692491061,126.6185935637664,male,20-24,144,0.023043686989918388,0.00046691618453946677
E02002938,E06000020,7041,169768,10,2924,0.003419972640218878,24.08002735978112,female,20-24,212,0.030109359465984944,0.0001029731855881838
E02002938,E06000020,7041,169768,10,2924,0.003419972640218878,24.08002735978112,male,20-24,271,0.03848885101548075,0.00013163081742640476
E02002935,E06000020,6539,169768,17,2641,0.006436955698599016,42.091253313138964,female,20-24,147,0.022480501605750113,0.00014470599291849752
E02002935,E06000020,6539,169768,17,2641,0.006436955698599016,42.091253313138964,male,20-24,221,0.033797216699801194,0.00021755118663257112
E02002942,E06000020,6480,169768,12,2164,0.005545286506469501,35.93345656192236,female,20-24,124,0.019135802469135803,0.00010611350722256453
E02002942,E06000020,6480,169768,12,2164,0.005545286506469501,35.93345656192236,male,20-24,215,0.033179012345679014,0.0001839871294584788
E02002940,E06000020,6097,169768,8,2441,0.0032773453502662844,19.981974600573537,female,20-24,202,0.03313104805642119,0.00010858188629716081
E02002940,E06000020,6097,169768,8,2441,0.0032773453502662844,19.981974600573537,male,20-24,212,0.03477119895030343,0.00011395722720296085
E02002945,E06000020,9464,169768,23,3482,0.006605399195864446,62.51349798966112,female,20-24,264,0.027895181741335588,0.00018425881104271066
E02002945,E06000020,9464,169768,23,3482,0.006605399195864446,62.51349798966112,male,20-24,323,0.03412933220625528,0.00022543786351058917
E02001851,E08000025,8705,1101521,11,3747,0.0029356818788364024,25.55511075527088,female,20-24,270,0.031016657093624354,9.105503817183557e-05
E02001851,E08000025,8705,1101521,11,3747,0.0029356818788364024,25.55511075527088,male,20-24,252,0.028948879954049395,8.49847022937132e-05
E02006770,E07000239,7445,98999,86,3002,0.028647568287808126,213.2811459027315,female,20-24,323,0.04338482202820685,0.001242869651707458
E02006770,E07000239,7445,98999,86,3002,0.028647568287808126,213.2811459027315,male,20-24,315,0.04231027535258563,0.001212086502439162
E02006775,E07000239,5234,98999,39,2137,0.018249883013570427,95.51988769302761,female,20-24,149,0.0284677111196026,0.0005195323975968654
E02006775,E07000239,5234,98999,39,2137,0.018249883013570427,95.51988769302761,male,20-24,163,0.031142529614061904,0.0005683475222032823
E02006752,E07000238,6978,120007,9,2110,0.0042654028436018955,29.763981042654027,female,20-24,122,0.017483519633132702,7.45742543593338e-05
E02006752,E07000238,6978,120007,9,2110,0.0042654028436018955,29.763981042654027,male,20-24,172,0.024648896531957582,0.00010513747335906078
E02006769,E07000239,7260,98999,102,2631,0.03876852907639681,281.4595210946408,female,20-24,205,0.028236914600550965,0.0010947036447191937
E02006769,E07000239,7260,98999,102,2631,0.03876852907639681,281.4595210946408,male,20-24,224,0.03085399449035813,0.0011961639825224361
E02006780,E07000239,5841,98999,29,2373,0.012220817530552043,71.38179519595448,female,20-24,135,0.023112480739599383,0.0002824534097970426
E02006780,E07000239,5841,98999,29,2373,0.012220817530552043,71.38179519595448,male,20-24,142,0.02431090566683787,0.0002970991421568893
E02006710,E07000235,8023,76224,16,3073,0.005206638464041653,41.77286039700618,female,20-24,144,0.017948398354730152,9.345082124167993e-05
E02006710,E07000235,8023,76224,16,3073,0.005206638464041653,41.77286039700618,male,20-24,202,0.025177614358718684,0.0001310907353529121
E02006772,E07000239,6487,98999,81,2650,0.030566037735849056,198.28188679245284,female,20-24,137,0.021119161399722523,0.0006455290842934054
E02006772,E07000239,6487,98999,81,2650,0.030566037735849056,198.28188679245284,male,20-24,167,0.02574379528287344,0.0007868858180802825
E02006768,E07000239,6929,98999,76,2622,0.028985507246376812,200.84057971014494,female,20-24,180,0.025977774570645113,0.0007529789730621772
E02006768,E07000239,6929,98999,76,2622,0.028985507246376812,200.84057971014494,male,20-24,184,0.026555058449992786,0.0007697118391302257
E02006776,E07000239,6600,98999,50,2264,0.022084805653710248,145.75971731448763,female,20-24,174,0.026363636363636363,0.0005822357854159975
E02006776,E07000239,6600,98999,50,2264,0.022084805653710248,145.75971731448763,male,20-24,171,0.02590909090909091,0.0005721972373915837
E02006779,E07000239,7763,98999,47,2986,0.015740120562625585,122.19055592766242,female,20-24,171,0.022027566662372794,0.00034671655496701983
E02006779,E07000239,7763,98999,47,2986,0.015740120562625585,122.19055592766242,male,20-24,209,0.026922581476233415,0.00042376467829302426
E02006773,E07000239,8336,98999,90,3333,0.027002700270027002,225.09450945094508,female,20-24,189,0.02267274472168906,0.0006122253300186065
E02006773,E07000239,8336,98999,90,3333,0.027002700270027002,225.09450945094508,male,20-24,199,0.02387236084452975,0.0006446182046227655
E02006778,E07000239,6883,98999,44,2683,0.016399552739470743,112.87812150577712,female,20-24,134,0.01946825512131338,0.00031927067660745016
E02006778,E07000239,6883,98999,44,2683,0.016399552739470743,112.87812150577712,male,20-24,147,0.02135696643905274,0.0003502446974723521
E02006771,E07000239,6656,98999,74,2584,0.02863777089783282,190.61300309597524,female,20-24,149,0.022385817307692308,0.000641079907418433
E02006771,E07000239,6656,98999,74,2584,0.02863777089783282,190.61300309597524,male,20-24,125,0.018780048076923076,0.0005378187142772089
E02006767,E07000239,8853,98999,423,3438,0.12303664921465969,1089.2434554973822,female,20-24,165,0.018637749915282956,0.0022931262984772225
E02006767,E07000239,8853,98999,423,3438,0.12303664921465969,1089.2434554973822,male,20-24,221,0.024963289280469897,0.003071399466445249
E02006711,E07000235,7992,76224,13,2603,0.004994237418363427,39.91394544756051,female,20-24,127,0.01589089089089089,7.936288189841781e-05
E02006711,E07000235,7992,76224,13,2603,0.004994237418363427,39.91394544756051,male,20-24,143,0.017892892892892892,8.93613552084547e-05
E02006697,E07000234,7343,95519,582,2760,0.2108695652173913,1548.4152173913044,female,20-24,164,0.0223341958327659,0.004709602164735418
E02006697,E07000234,7343,95519,582,2760,0.2108695652173913,1548.4152173913044,male,20-24,144,0.019610513414135913,0.00413526043732866
E02006748,E07000238,6695,120007,28,2468,0.011345218800648298,75.95623987034035,female,20-24,163,0.02434652725914862,0.0002762166787909892
E02006748,E07000238,6695,120007,28,2468,0.011345218800648298,75.95623987034035,male,20-24,143,0.021359223300970873,0.00024232506176141995
E02006753,E07000238,6436,120007,20,2175,0.009195402298850575,59.181609195402295,female,20-24,91,0.014139216904909883,0.00013001578763135525
E02006753,E07000238,6436,120007,20,2175,0.009195402298850575,59.181609195402295,male,20-24,155,0.024083281541330017,0.00022145546244901166
E02006707,E07000234,6848,95519,9,2196,0.004098360655737705,28.065573770491806,female,20-24,126,0.018399532710280372,7.540792094377203e-05
E02006707,E07000234,6848,95519,9,2196,0.004098360655737705,28.065573770491806,male,20-24,121,0.017669392523364486,7.241554312854298e-05
E02001895,E08000025,8221,1101521,8,3569,0.002241524236480807,18.427570748108714,female,20-24,273,0.0332076389733609,7.443572759509309e-05
E02001895,E08000025,8221,1101521,8,3569,0.002241524236480807,18.427570748108714,male,20-24,257,0.03126140372217492,7.007319410966639e-05
E02006706,E07000234,7094,95519,13,2640,0.004924242424242424,34.932575757575755,female,20-24,203,0.02861573160417254,0.00014091079956600114
E02006706,E07000234,7094,95519,13,2640,0.004924242424242424,34.932575757575755,male,20-24,201,0.028333803213983648,0.00013952251582643462
E02006703,E07000234,7229,95519,11,2633,0.004177744018230156,30.200911507785797,female,20-24,134,0.018536450408078574,7.74405448115702e-05
E02006703,E07000234,7229,95519,11,2633,0.004177744018230156,30.200911507785797,male,20-24,160,0.022133075114123667,9.246632216306888e-05
E02006705,E07000234,7134,95519,14,2719,0.0051489518205222505,36.732622287605736,female,20-24,224,0.03139893467900196,0.00016167160187790638
E02006705,E07000234,7134,95519,14,2719,0.0051489518205222505,36.732622287605736,male,20-24,228,0.031959629941127,0.0001645585947685833
E02006702,E07000234,5790,95519,23,2326,0.009888220120378332,57.25279449699054,female,20-24,159,0.027461139896373058,0.0002715417960518402
E02006702,E07000234,5790,95519,23,2326,0.009888220120378332,57.25279449699054,male,20-24,176,0.030397236614853194,0.0003005745666988923
E02006708,E07000234,8466,95519,12,3221,0.003725551071095933,31.54051536789817,female,20-24,301,0.03555398062839594,0.00013245817061184454
E02006708,E07000234,8466,95519,12,3221,0.003725551071095933,31.54051536789817,male,20-24,275,0.032482872667139145,0.00012101660105733305
E02006709,E07000234,7862,95519,12,2822,0.004252303330970942,33.43160878809355,female,20-24,201,0.025566013736962604,0.00010871444537333495
E02006709,E07000234,7862,95519,12,2822,0.004252303330970942,33.43160878809355,male,20-24,297,0.03777664716357161,0.00016063776256656956
E02006774,E07000239,7573,98999,64,2899,0.02207657813038979,167.18592618144186,female,20-24,217,0.028654430212597386,0.0006325917673702079
E02006774,E07000239,7573,98999,64,2899,0.02207657813038979,167.18592618144186,male,20-24,230,0.030371055064043313,0.0006704889700237227
E02001946,E08000025,7631,1101521,11,3033,0.003626772172766238,27.67589845037916,female,20-24,197,0.025815751539771982,9.362784930349218e-05
E02001946,E08000025,7631,1101521,11,3033,0.003626772172766238,27.67589845037916,male,20-24,234,0.030664395229982964,0.00011121277531480798
E02006901,E08000025,15014,1101521,10,5840,0.0017123287671232876,25.70890410958904,female,20-24,573,0.038164379912082054,6.534996560288022e-05
E02006901,E08000025,15014,1101521,10,5840,0.0017123287671232876,25.70890410958904,male,20-24,570,0.037964566404688954,6.500781918611122e-05
E02006187,E07000196,7313,110688,2369,2947,0.8038683406854428,5878.689175432643,female,20-24,136,0.01859701900724737,0.014949554811051582
E02006187,E07000196,7313,110688,2369,2947,0.8038683406854428,5878.689175432643,male,20-24,193,0.026391357855873102,0.021215177048036434
E02006777,E07000239,7139,98999,73,2644,0.02760968229954614,197.1055219364599,female,20-24,90,0.012606807676145118,0.0003480699547498463
E02006777,E07000239,7139,98999,73,2644,0.02760968229954614,197.1055219364599,male,20-24,146,0.020451043563524302,0.000564646815483084
E02002002,E08000027,6982,315653,2194,2941,0.7460047602856171,5208.605236314179,female,20-24,135,0.019335433973073617,0.014424325786101162
E02002002,E08000027,6982,315653,2194,2941,0.7460047602856171,5208.605236314179,male,20-24,174,0.02492122600973933,0.018591353235419276
E02002013,E08000027,6563,315653,2277,2637,0.863481228668942,5667.027303754266,female,20-24,135,0.020569861343897607,0.01776168914677848
E02002013,E08000027,6563,315653,2277,2637,0.863481228668942,5667.027303754266,male,20-24,188,0.02864543653816852,0.024734796737735956
E02002078,E08000028,6286,316289,58,2651,0.02187853640135798,137.52847981893626,female,20-24,151,0.02402163538020999,0.000525558224086073
E02002078,E08000028,6286,316289,58,2651,0.02187853640135798,137.52847981893626,male,20-24,187,0.029748647788736874,0.0006508568735370573
E02002029,E08000027,5821,315653,910,2458,0.37021969080553296,2155.048820179007,female,20-24,145,0.024909809311114927,0.009222101901185754
E02002029,E08000027,5821,315653,910,2458,0.37021969080553296,2155.048820179007,male,20-24,144,0.02473801752276241,0.009158501198418956
E02006696,E07000234,6224,95519,830,2309,0.3594629709831096,2237.297531398874,female,20-24,123,0.019762210796915168,0.007103783006253612
E02006696,E07000234,6224,95519,830,2309,0.3594629709831096,2237.297531398874,male,20-24,102,0.016388174807197942,0.005890942005185922
E02002035,E08000027,6215,315653,1133,2623,0.43194815097216926,2684.557758292032,female,20-24,179,0.028801287208366853,0.012440662755272454
E02002035,E08000027,6215,315653,1133,2623,0.43194815097216926,2684.557758292032,male,20-24,164,0.026387771520514882,0.011398149116562471
E02002027,E08000027,5585,315653,1634,1917,0.8523735002608243,4760.5059989567035,female,20-24,156,0.0279319606087735,0.02380846303324773
E02002027,E08000027,5585,315653,1634,1917,0.8523735002608243,4760.5059989567035,male,20-24,157,0.028111011638316922,0.023961081386024964
E02002023,E08000027,5328,315653,1842,2111,0.8725722406442444,4649.064898152535,female,20-24,114,0.021396396396396396,0.01866990154531604
E02002023,E08000027,5328,315653,1842,2111,0.8725722406442444,4649.064898152535,male,20-24,103,0.019331831831831833,0.01686841981725923
E02002036,E08000027,6538,315653,2415,2792,0.8649713467048711,5655.182664756447,female,20-24,199,0.030437442643010095,0.02632751575317671
E02002036,E08000027,6538,315653,2415,2792,0.8649713467048711,5655.182664756447,male,20-24,235,0.03594371367390639,0.0310902824220931
E02002006,E08000027,6484,315653,2371,2774,0.8547224224945926,5542.020187454938,female,20-24,228,0.0351634793337446,0.030055014239476728
E02002006,E08000027,6484,315653,2371,2774,0.8547224224945926,5542.020187454938,male,20-24,186,0.028685996298581123,0.024518564247994177
E02002039,E08000027,6423,315653,2050,2529,0.8105970739422697,5206.465005931198,female,20-24,102,0.015880429705744978,0.012872629852422776
E02002039,E08000027,6423,315653,2050,2529,0.8105970739422697,5206.465005931198,male,20-24,120,0.018682858477347034,0.015144270414615033
E02002024,E08000027,8489,315653,3028,3483,0.8693654895205283,7380.043640539765,female,20-24,226,0.026622688184709625,0.023144846346052468
E02002024,E08000027,8489,315653,3028,3483,0.8693654895205283,7380.043640539765,male,20-24,229,0.02697608670043586,0.023452078819672633
E02002009,E08000027,6697,315653,2392,2910,0.8219931271477663,5504.887972508591,female,20-24,277,0.04136180379274302,0.03399911844406917
E02002009,E08000027,6697,315653,2392,2910,0.8219931271477663,5504.887972508591,male,20-24,201,0.030013438853217857,0.024670840459414815
E02002018,E08000027,8990,315653,2997,3484,0.8602181400688863,7733.361079219288,female,20-24,188,0.020912124582869854,0.01798898891356514
E02002018,E08000027,8990,315653,2997,3484,0.8602181400688863,7733.361079219288,male,20-24,241,0.026807563959955507,0.023060352809410635
E02002033,E08000027,7674,315653,2219,2966,0.7481456507080243,5741.269723533378,female,20-24,221,0.02879854052645296,0.021545502841604558
E02002033,E08000027,7674,315653,2219,2966,0.7481456507080243,5741.269723533378,male,20-24,201,0.02619233776387803,0.019595683579920888
E02002017,E08000027,8443,315653,3414,3928,0.8691446028513238,7338.187881873727,female,20-24,276,0.03268980220300841,0.028412165153022077
E02002017,E08000027,8443,315653,3414,3928,0.8691446028513238,7338.187881873727,male,20-24,328,0.03884875044415492,0.03376518177605522
E02002041,E08000027,6174,315653,2055,2549,0.8061985092193017,4977.469595919969,female,20-24,133,0.021541950113378686,0.017367088067082464
E02002041,E08000027,6174,315653,2055,2549,0.8061985092193017,4977.469595919969,male,20-24,136,0.02202785876255264,0.01775882689566327
E02002012,E08000027,8054,315653,3436,3885,0.8844272844272845,7123.177348777349,female,20-24,252,0.031288800595977155,0.027672668944086876
E02002012,E08000027,8054,315653,3436,3885,0.8844272844272845,7123.177348777349,male,20-24,257,0.03190961013161162,0.02822172983583463
E02002022,E08000027,8434,315653,3147,3556,0.8849831271091113,7463.947694038245,female,20-24,278,0.03296182119990514,0.029170655600703452
E02002022,E08000027,8434,315653,3147,3556,0.8849831271091113,7463.947694038245,male,20-24,254,0.030116196348114774,0.02665232562078661
E02002034,E08000027,7963,315653,2698,3216,0.8389303482587065,6680.40236318408,female,20-24,199,0.024990581439156098,0.02096535718993879
E02002034,E08000027,7963,315653,2698,3216,0.8389303482587065,6680.40236318408,male,20-24,190,0.02386035413788773,0.02001717520647422
E02002042,E08000027,8222,315653,2220,2974,0.7464694014794889,6137.471418964358,female,20-24,164,0.01994648504013622,0.014889440749530065
E02002042,E08000027,8222,315653,2220,2974,0.7464694014794889,6137.471418964358,male,20-24,180,0.021892483580637313,0.016342069115337875
E02002026,E08000027,7013,315653,2186,2562,0.853239656518345,5983.769711163153,female,20-24,166,0.02367032653643234,0.020196461283622597
E02002026,E08000027,7013,315653,2186,2562,0.853239656518345,5983.769711163153,male,20-24,212,0.030229573648937687,0.025793071036915607
E02002020,E08000027,9771,315653,3408,3903,0.8731744811683321,8531.787855495773,female,20-24,251,0.025688261181045953,0.022430334128876406
E02002020,E08000027,9771,315653,3408,3903,0.8731744811683321,8531.787855495773,male,20-24,243,0.02486951182069389,0.02171542308094409
E02002030,E08000027,6330,315653,2521,2903,0.8684119875990355,5497.047881501895,female,20-24,212,0.033491311216429696,0.029084256140757582
E02002030,E08000027,6330,315653,2521,2903,0.8684119875990355,5497.047881501895,male,20-24,182,0.028751974723538704,0.024968559517065475
E02002028,E08000027,5825,315653,2078,2430,0.8551440329218107,4981.213991769548,female,20-24,131,0.022489270386266094,0.019231565375580635
E02002028,E08000027,5825,315653,2078,2430,0.8551440329218107,4981.213991769548,male,20-24,136,0.02334763948497854,0.019965594588389056
E02002021,E08000027,7518,315653,2907,3277,0.8870918523039365,6669.156545620995,female,20-24,323,0.0429635541367385,0.038112618820719806
E02002021,E08000027,7518,315653,2907,3277,0.8870918523039365,6669.156545620995,male,20-24,312,0.041500399042298484,0.036814665857785075
E02002011,E08000027,5761,315653,2006,2316,0.8661485319516408,4989.881692573403,female,20-24,104,0.018052421454608576,0.015636078341081522
E02002011,E08000027,5761,315653,2006,2316,0.8661485319516408,4989.881692573403,male,20-24,153,0.026557889255337613,0.02300307679024493
E02002019,E08000027,8016,315653,2788,3247,0.8586387434554974,6882.848167539267,female,20-24,202,0.025199600798403193,0.021637353565121066
E02002019,E08000027,8016,315653,2788,3247,0.8586387434554974,6882.848167539267,male,20-24,249,0.031062874251497005,0.02667178731542151
E02002016,E08000027,7873,315653,3246,3671,0.8842277308635249,6961.524925088532,female,20-24,291,0.03696176806808078,0.032682620307542966
E02002016,E08000027,7873,315653,3246,3671,0.8842277308635249,6961.524925088532,male,20-24,247,0.031373047123078875,0.02774091826791447
E02002040,E08000027,6006,315653,1787,2238,0.7984807864164433,4795.675603217158,female,20-24,113,0.018814518814518816,0.015023031779063951
E02002040,E08000027,6006,315653,1787,2238,0.7984807864164433,4795.675603217158,male,20-24,131,0.021811521811521812,0.017416081089003343
E02002015,E08000027,6039,315653,2300,2613,0.880214313050134,5315.614236509759,female,20-24,158,0.02616327206491141,0.023029286547759757
E02002015,E08000027,6039,315653,2300,2613,0.880214313050134,5315.614236509759,male,20-24,186,0.030799801291604572,0.027110425935970347
E02002037,E08000027,5965,315653,1882,2241,0.8398036590807675,5009.428826416778,female,20-24,153,0.02564962279966471,0.021540647081199904
E02002037,E08000027,5965,315653,1882,2241,0.8398036590807675,5009.428826416778,male,20-24,149,0.024979044425817266,0.020977492909142387
E02001901,E08000025,8063,1101521,11,2791,0.003941239699032604,31.778215693299888,female,20-24,307,0.038075158129728386,0.00015006332476782952
E02001901,E08000025,8063,1101521,11,2791,0.003941239699032604,31.778215693299888,male,20-24,281,0.03485055190375791,0.000137354378696287
E02006698,E07000234,6535,95519,10,2771,0.003608805485384338,23.583543846986647,female,20-24,169,0.025860749808722265,9.332641576586887e-05
E02006698,E07000234,6535,95519,10,2771,0.003608805485384338,23.583543846986647,male,20-24,198,0.03029839326702372,0.00010934100782036708
E02001921,E08000025,7888,1101521,10,3211,0.003114294612270321,24.56555590158829,female,20-24,315,0.039934077079107504,0.0001243664810934522
E02001921,E08000025,7888,1101521,10,3211,0.003114294612270321,24.56555590158829,male,20-24,291,0.03689148073022312,0.00011489093967680824
E02001927,E08000025,7803,1101521,10,3616,0.0027654867256637168,21.579092920353983,female,20-24,286,0.03665256952454184,0.00010136219448158696
E02001927,E08000025,7803,1101521,10,3616,0.0027654867256637168,21.579092920353983,male,20-24,274,0.03511469947456106,9.710923527256931e-05
E02001952,E08000025,9117,1101521,12,4047,0.0029651593773165306,27.03335804299481,female,20-24,364,0.039925414061643086,0.00011838521589812627
E02001952,E08000025,9117,1101521,12,4047,0.0029651593773165306,27.03335804299481,male,20-24,326,0.035757376329933095,0.00010602631973293727
E02001913,E08000025,7746,1101521,14,2873,0.004872955099199443,37.74591019839888,female,20-24,732,0.09450038729666925,0.00046049614415362666
E02001913,E08000025,7746,1101521,14,2873,0.004872955099199443,37.74591019839888,male,20-24,686,0.08856183836819004,0.0004315578618707485
E02001932,E08000025,7076,1101521,14,3205,0.00436817472698908,30.90920436817473,female,20-24,372,0.05257207461842849,0.00022964400769360342
E02001932,E08000025,7076,1101521,14,3205,0.00436817472698908,30.90920436817473,male,20-24,281,0.03971170152628604,0.00017346765097285633
E02001899,E08000025,8050,1101521,17,3211,0.005294300840859545,42.61912176891934,female,20-24,205,0.02546583850931677,0.00013482381023306917
E02001899,E08000025,8050,1101521,17,3211,0.005294300840859545,42.61912176891934,male,20-24,210,0.02608695652173913,0.00013811219584850988
E02001911,E08000025,8103,1101521,21,3490,0.006017191977077364,48.75730659025788,female,20-24,310,0.03825743551770949,0.00023020233406071614
E02001911,E08000025,8103,1101521,21,3490,0.006017191977077364,48.75730659025788,male,20-24,288,0.03554239170677527,0.0002138653942241492
E02001951,E08000025,8399,1101521,21,3936,0.005335365853658537,44.81173780487805,female,20-24,295,0.035123228955828076,0.0001873952764411559
E02001951,E08000025,8399,1101521,21,3936,0.005335365853658537,44.81173780487805,male,20-24,246,0.029289201095368495,0.0001562686034051673
E02001928,E08000025,6890,1101521,23,3103,0.007412181759587496,51.06993232355784,female,20-24,285,0.041364296081277216,0.0003065996809118195
E02001928,E08000025,6890,1101521,23,3103,0.007412181759587496,51.06993232355784,male,20-24,212,0.03076923076923077,0.00022806713106423066
E02001920,E08000025,7512,1101521,52,3186,0.016321406151914627,122.60640301318267,female,20-24,251,0.033413205537806176,0.0005453504984199376
E02001920,E08000025,7512,1101521,52,3186,0.016321406151914627,122.60640301318267,male,20-24,233,0.031017039403620873,0.0005062416977364361
E02001906,E08000025,9284,1101521,90,3832,0.02348643006263048,218.04801670146136,female,20-24,240,0.025850926324859975,0.000607145973183037
E02001906,E08000025,9284,1101521,90,3832,0.02348643006263048,218.04801670146136,male,20-24,270,0.02908229211546747,0.0006830392198309166
E02001935,E08000025,7920,1101521,9,3303,0.0027247956403269754,21.580381471389646,female,20-24,192,0.024242424242424242,6.605565188671455e-05
E02001935,E08000025,7920,1101521,9,3303,0.0027247956403269754,21.580381471389646,male,20-24,249,0.03143939393939394,8.566592354058294e-05
E02001926,E08000025,7401,1101521,9,2620,0.003435114503816794,25.42328244274809,female,20-24,516,0.0697203080664775,0.00023949724144973187
E02001926,E08000025,7401,1101521,9,2620,0.003435114503816794,25.42328244274809,male,20-24,659,0.08904202134846642,0.00030586953898328157
E02001919,E08000025,6664,1101521,8,2649,0.003020007550018875,20.125330313325783,female,20-24,300,0.045018007202881155,0.00013595472163950518
E02001919,E08000025,6664,1101521,8,2649,0.003020007550018875,20.125330313325783,male,20-24,263,0.03946578631452581,0.00011918697263729954
E02001938,E08000025,7790,1101521,8,2854,0.002803083391730904,21.83601962158374,female,20-24,274,0.035173299101412064,9.859369054355168e-05
E02001938,E08000025,7790,1101521,8,2854,0.002803083391730904,21.83601962158374,male,20-24,305,0.03915275994865212,0.00010974845115249367
E02002168,E08000031,11027,253250,76,3901,0.019482184055370416,214.8300435785696,female,25-29,542,0.049152081255101114,0.000957589893716402
E02002168,E08000031,11027,253250,76,3901,0.019482184055370416,214.8300435785696,male,25-29,665,0.06030652035911853,0.0011749027293752904
E02006130,E07000192,7338,98508,16,1959,0.00816743236345074,59.932618683001536,female,25-29,213,0.02902698282910875,0.00023707591897179173
E02006130,E07000192,7338,98508,16,1959,0.00816743236345074,59.932618683001536,male,25-29,210,0.028618152085036794,0.0002337368215214848
E02006177,E07000196,9842,110688,32,3021,0.010592519033432638,104.25157232704403,female,25-29,265,0.026925421662263766,0.0002852080414407284
E02006177,E07000196,9842,110688,32,3021,0.010592519033432638,104.25157232704403,male,25-29,280,0.02844950213371266,0.0003013518928430338
E02002134,E08000030,8444,273933,35,3485,0.010043041606886656,84.80344332855093,female,25-29,346,0.04097584083372809,0.00041152207437029643
E02002134,E08000030,8444,273933,35,3485,0.010043041606886656,84.80344332855093,male,25-29,295,0.03493604926575083,0.00035086419635617757
E02002120,E08000030,6211,273933,24,2204,0.010889292196007259,67.63339382940109,female,25-29,191,0.03075189180486234,0.00033486633544314707
E02002120,E08000030,6211,273933,24,2204,0.010889292196007259,67.63339382940109,male,25-29,197,0.03171791981967477,0.00034538569676596846
E02002129,E08000030,5759,273933,34,2402,0.014154870940882597,81.51790174854288,female,25-29,180,0.031255426289286334,0.0004424165253271171
E02002129,E08000030,5759,273933,34,2402,0.014154870940882597,81.51790174854288,male,25-29,196,0.03403368640388956,0.0004817424386895275
E02002131,E08000030,7803,273933,19,2882,0.00659264399722415,51.44240111034004,female,25-29,133,0.01704472638728694,0.00011236981310147533
E02002131,E08000030,7803,273933,19,2882,0.00659264399722415,51.44240111034004,male,25-29,173,0.02217095988722286,0.00014616524561319723
E02006175,E07000196,7115,110688,15,1490,0.010067114093959731,71.62751677852349,female,25-29,283,0.03977512297962052,0.0004004207011371193
E02006175,E07000196,7115,110688,15,1490,0.010067114093959731,71.62751677852349,male,25-29,272,0.038229093464511595,0.0003848566456158885
E02006155,E07000194,5739,102062,10,2456,0.004071661237785016,23.36726384364821,female,25-29,200,0.03484927687750479,0.0001418944498269739
E02006155,E07000194,5739,102062,10,2456,0.004071661237785016,23.36726384364821,male,25-29,186,0.03240982749607946,0.00013196183833908575
E02006129,E07000192,7951,98508,11,2006,0.005483549351944167,43.599700897308075,female,25-29,337,0.042384605709973586,0.0002324180771733347
E02006129,E07000192,7951,98508,11,2006,0.005483549351944167,43.599700897308075,male,25-29,306,0.03848572506602943,0.00021103837274492708
E02006180,E07000196,6835,110688,36,2673,0.013468013468013467,92.05387205387206,female,25-29,183,0.02677395757132407,0.00036059202116261373
E02006180,E07000196,6835,110688,36,2673,0.013468013468013467,92.05387205387206,male,25-29,179,0.02618873445501097,0.0003527102283503161
E02002043,E08000028,8799,316289,31,3725,0.00832214765100671,73.22657718120804,female,25-29,312,0.035458574838049775,0.0002950914952965216
E02002043,E08000028,8799,316289,31,3725,0.00832214765100671,73.22657718120804,male,25-29,287,0.03261734287987271,0.00027144634342981313
E02002148,E08000030,11314,273933,12,4622,0.0025962786672436176,29.37429684119429,female,25-29,376,0.033233162453597316,8.628255072331627e-05
E02002148,E08000030,11314,273933,12,4622,0.0025962786672436176,29.37429684119429,male,25-29,317,0.028018384302633904,7.274353345556185e-05
E02006126,E07000192,8412,98508,11,1815,0.006060606060606061,50.981818181818184,female,25-29,236,0.028055159296243463,0.0001700312684620816
E02006126,E07000192,8412,98508,11,1815,0.006060606060606061,50.981818181818184,male,25-29,267,0.03174037089871612,0.00019236588423464314
E02002046,E08000028,5770,316289,16,2410,0.006639004149377593,38.30705394190871,female,25-29,200,0.03466204506065858,0.00023012146098362542
E02002046,E08000028,5770,316289,16,2410,0.006639004149377593,38.30705394190871,male,25-29,171,0.029636048526863086,0.00019675384914099973
E02002047,E08000028,6640,316289,124,3214,0.038581207218419414,256.1792159303049,female,25-29,264,0.03975903614457831,0.001533951612298603
E02002047,E08000028,6640,316289,124,3214,0.038581207218419414,256.1792159303049,male,25-29,251,0.03780120481927711,0.0014584161162384448
E02002045,E08000028,7925,316289,34,3323,0.01023171832681312,81.08636773999399,female,25-29,260,0.032807570977917984,0.00033567782523298567
E02002045,E08000028,7925,316289,34,3323,0.01023171832681312,81.08636773999399,male,25-29,242,0.03053627760252366,0.00031243859117839433
E02002044,E08000028,7501,316289,27,3214,0.008400746733042938,63.014001244555075,female,25-29,297,0.03959472070390615,0.00033262522059908714
E02002044,E08000028,7501,316289,27,3214,0.008400746733042938,63.014001244555075,male,25-29,268,0.03572856952406346,0.00030014666370557357
E02006178,E07000196,7888,110688,18,2689,0.00669393826701376,52.801785050204536,female,25-29,226,0.02865111561866126,0.0001917887992323922
E02006178,E07000196,7888,110688,18,2689,0.00669393826701376,52.801785050204536,male,25-29,211,0.026749492900608518,0.00017905945415059625
E02002146,E08000030,6578,273933,19,2657,0.007150922092585623,47.038765525028225,female,25-29,238,0.036181210094253576,0.00025872901459947985
E02002146,E08000030,6578,273933,19,2657,0.007150922092585623,47.038765525028225,male,25-29,201,0.030556400121617512,0.0002185064366995607
E02002110,E08000030,6695,273933,15,2592,0.005787037037037037,38.74421296296296,female,25-29,219,0.0327109783420463,0.00018929964318313832
E02002110,E08000030,6695,273933,15,2592,0.005787037037037037,38.74421296296296,male,25-29,203,0.030321135175504107,0.00017546953226564875
E02002112,E08000030,5455,273933,19,2078,0.009143407122232916,49.877285851780556,female,25-29,124,0.022731439046746106,0.00020784280167862175
E02002112,E08000030,5455,273933,19,2078,0.009143407122232916,49.877285851780556,male,25-29,112,0.020531622364802934,0.00018772898216133576
E02002113,E08000030,6555,273933,20,2632,0.007598784194528876,49.81003039513678,female,25-29,177,0.02700228832951945,0.0002051845617744639
E02002113,E08000030,6555,273933,20,2632,0.007598784194528876,49.81003039513678,male,25-29,208,0.031731502669717776,0.00024112084095530224
E02002124,E08000030,7088,273933,25,2905,0.008605851979345954,60.998278829604125,female,25-29,205,0.028922121896162528,0.0002488994999669753
E02002124,E08000030,7088,273933,25,2905,0.008605851979345954,60.998278829604125,male,25-29,248,0.034988713318284424,0.0003011076877649262
E02002114,E08000030,6027,273933,12,2486,0.004827031375703942,29.092518101367656,female,25-29,148,0.024556163928986227,0.0001185333737521459
E02002114,E08000030,6027,273933,12,2486,0.004827031375703942,29.092518101367656,male,25-29,139,0.02306288369006139,0.00011132526318613702
E02002116,E08000030,6796,273933,28,2645,0.01058601134215501,71.94253308128545,female,25-29,142,0.020894643908181285,0.00022119093740229716
E02002116,E08000030,6796,273933,28,2645,0.01058601134215501,71.94253308128545,male,25-29,145,0.021336080047086523,0.00022586398537558514
E02002138,E08000030,6485,273933,16,2394,0.006683375104427736,43.34168755221386,female,25-29,205,0.03161141094834233,0.00021127091694798548
E02002138,E08000030,6485,273933,16,2394,0.006683375104427736,43.34168755221386,male,25-29,208,0.03207401696222051,0.00021436268646429747
E02002145,E08000030,7105,273933,41,3016,0.013594164456233421,96.58653846153845,female,25-29,305,0.04292751583391977,0.0005835637099438696
E02002145,E08000030,7105,273933,41,3016,0.013594164456233421,96.58653846153845,male,25-29,241,0.03391977480647431,0.00046111099703761494
E02002147,E08000030,8031,273933,66,3184,0.0207286432160804,166.4717336683417,female,25-29,353,0.04395467563192629,0.0009111207888527434
E02002147,E08000030,8031,273933,66,3184,0.0207286432160804,166.4717336683417,male,25-29,289,0.03598555597061387,0.0007459317506471468
E02002119,E08000030,5943,273933,23,2452,0.009380097879282219,55.74592169657423,female,25-29,165,0.027763755678950026,0.0002604267457650288
E02002119,E08000030,5943,273933,23,2452,0.009380097879282219,55.74592169657423,male,25-29,182,0.030624263839811542,0.00028725859229839537
E02002117,E08000030,6391,273933,22,2461,0.008939455505891914,57.132060138155225,female,25-29,221,0.03457987795337193,0.00030912528036334115
E02002117,E08000030,6391,273933,22,2461,0.008939455505891914,57.132060138155225,male,25-29,159,0.024878735722109215,0.00022240235103063906
E02002132,E08000030,6479,273933,39,2806,0.013898788310762652,90.05024946543122,female,25-29,245,0.03781447754283068,0.000525575418449892
E02002132,E08000030,6479,273933,39,2806,0.013898788310762652,90.05024946543122,male,25-29,175,0.027010341102021915,0.0003754110131784942
E02002139,E08000030,9513,273933,49,4150,0.011807228915662651,112.3221686746988,female,25-29,402,0.042257962787764114,0.0004989494401446847
E02002139,E08000030,9513,273933,49,4150,0.011807228915662651,112.3221686746988,male,25-29,489,0.05140334279407127,0.0006069310353998777
E02002136,E08000030,7706,273933,44,3044,0.01445466491458607,111.38764783180027,female,25-29,362,0.04697638203996886,0.0006790278612873291
E02002136,E08000030,7706,273933,44,3044,0.01445466491458607,111.38764783180027,male,25-29,295,0.03828185829223981,0.0005533514339219946
E02002118,E08000030,7347,273933,27,3045,0.008866995073891626,65.14581280788178,female,25-29,252,0.03429971416904859,0.00030413539657284463
E02002118,E08000030,7347,273933,27,3045,0.008866995073891626,65.14581280788178,male,25-29,202,0.027494215325983395,0.0002437910718560104
E02002128,E08000030,5558,273933,17,2321,0.007324429125376993,40.70917707884533,female,25-29,153,0.027527887729399063,0.00020162606264531843
E02002128,E08000030,5558,273933,17,2321,0.007324429125376993,40.70917707884533,male,25-29,173,0.031126304426052537,0.00022798241070353002
E02002142,E08000030,6831,273933,27,2814,0.009594882729211088,65.54264392324095,female,25-29,288,0.04216073781291173,0.0004045273350919036
E02002142,E08000030,6831,273933,27,2814,0.009594882729211088,65.54264392324095,male,25-29,235,0.03440199092373005,0.00033008306856457405
E02002123,E08000030,6475,273933,29,2966,0.009777478084962913,63.30917060013486,female,25-29,278,0.04293436293436293,0.0004197897926825775
E02002123,E08000030,6475,273933,29,2966,0.009777478084962913,63.30917060013486,male,25-29,274,0.042316602316602316,0.00041374965178066995
E02002144,E08000030,6676,273933,16,2662,0.006010518407212622,40.126220886551465,female,25-29,177,0.02651288196524865,0.0001593561650803826
E02002144,E08000030,6676,273933,16,2662,0.006010518407212622,40.126220886551465,male,25-29,145,0.021719592570401437,0.00013054601094155636
E02002133,E08000030,6723,273933,23,2899,0.00793377026560883,53.338737495688164,female,25-29,263,0.03911944072586643,0.0003103646556381262
E02002133,E08000030,6723,273933,23,2899,0.00793377026560883,53.338737495688164,male,25-29,310,0.04611036739550796,0.0003658290617787799
E02002125,E08000030,6150,273933,21,2579,0.0081426909654905,50.07754943776657,female,25-29,255,0.041463414634146344,0.00033762377173985
E02002125,E08000030,6150,273933,21,2579,0.0081426909654905,50.07754943776657,male,25-29,204,0.033170731707317075,0.00027009901739187997
E02002111,E08000030,6159,273933,24,2566,0.009353078721745909,57.60561184723305,female,25-29,199,0.03231044000649456,0.00030220208891499196
E02002111,E08000030,6159,273933,24,2566,0.009353078721745909,57.60561184723305,male,25-29,148,0.024029874979704498,0.00022475331235888855
E02002122,E08000030,5626,273933,26,2451,0.010607915136678907,59.68013055895553,female,25-29,213,0.03785993601137576,0.0004016149882887677
E02002122,E08000030,5626,273933,26,2451,0.010607915136678907,59.68013055895553,male,25-29,222,0.039459651617490224,0.00041858463568125086
E02002115,E08000030,6774,273933,19,2716,0.006995581737849779,47.388070692194404,female,25-29,173,0.025538824918807206,0.00017865893720815057
E02002115,E08000030,6774,273933,19,2716,0.006995581737849779,47.388070692194404,male,25-29,157,0.023176852671981104,0.00016213556729294587
E02002143,E08000030,10020,273933,34,3975,0.008553459119496854,85.70566037735848,female,25-29,438,0.043712574850299404,0.00037389372198998226
E02002143,E08000030,10020,273933,34,3975,0.008553459119496854,85.70566037735848,male,25-29,410,0.04091816367265469,0.0003499918402189332
E02002130,E08000030,6711,273933,30,2715,0.011049723756906077,74.15469613259668,female,25-29,263,0.03918939055282372,0.0004330319398102069
E02002130,E08000030,6711,273933,30,2715,0.011049723756906077,74.15469613259668,male,25-29,244,0.036358217851288926,0.00040174826355015387
E02002126,E08000030,6701,273933,25,2766,0.009038322487346349,60.565798987707886,female,25-29,314,0.0468586778092822,0.00042352384137095265
E02002126,E08000030,6701,273933,25,2766,0.009038322487346349,60.565798987707886,male,25-29,257,0.03835248470377556,0.0003466421249437415
E02002127,E08000030,8612,273933,33,3788,0.008711721224920803,75.02534318901796,female,25-29,343,0.03982814677194612,0.00034697171158242396
E02002127,E08000030,8612,273933,33,3788,0.008711721224920803,75.02534318901796,male,25-29,344,0.03994426381792847,0.0003479832909164835
E02002121,E08000030,6502,273933,27,2956,0.009133964817320704,59.38903924221922,female,25-29,252,0.03875730544447862,0.00035400786434401985
E02002121,E08000030,6502,273933,27,2956,0.009133964817320704,59.38903924221922,male,25-29,203,0.031221162719163333,0.00028517300183268266
E02002140,E08000030,8199,273933,27,3608,0.007483370288248337,61.35615299334812,female,25-29,344,0.041956336138553485,0.0003139747992630111
E02002140,E08000030,8199,273933,27,3608,0.007483370288248337,61.35615299334812,male,25-29,318,0.038785217709476766,0.00029024414583034167
E02002135,E08000030,7467,273933,29,3125,0.00928,69.29376,female,25-29,285,0.03816793893129771,0.00035419847328244276
E02002135,E08000030,7467,273933,29,3125,0.00928,69.29376,male,25-29,306,0.04098031337886701,0.0003802973081558859
E02006122,E07000192,6630,98508,8,1372,0.0058309037900874635,38.65889212827988,female,25-29,228,0.034389140271493215,0.0002005197683468992
E02006122,E07000192,6630,98508,8,1372,0.0058309037900874635,38.65889212827988,male,25-29,244,0.03680241327300151,0.00021459133103790968
E02006151,E07000194,8781,102062,18,3519,0.005115089514066497,44.915601023017906,female,25-29,211,0.02402915385491402,0.00012291127291516124
E02006151,E07000194,8781,102062,18,3519,0.005115089514066497,44.915601023017906,male,25-29,236,0.026876209998861176,0.00013747421994302392
E02006128,E07000192,8441,98508,11,2021,0.0054428500742206825,45.94309747649678,female,25-29,211,0.02499703826560834,0.0001360551315792636
E02006128,E07000192,8441,98508,11,2021,0.0054428500742206825,45.94309747649678,male,25-29,233,0.027603364530268924,0.00015024097468231478
E02002160,E08000031,7038,253250,36,2718,0.013245033112582781,93.21854304635761,female,25-29,232,0.03296391020176186,0.00043660808214254125
E02002160,E08000031,7038,253250,36,2718,0.013245033112582781,93.21854304635761,male,25-29,227,0.03225348110258596,0.00042719842519981405
E02002049,E08000028,6318,316289,724,2583,0.2802942315137437,1770.8989547038327,female,25-29,250,0.03956948401392846,0.011091098113079444
E02002049,E08000028,6318,316289,724,2583,0.2802942315137437,1770.8989547038327,male,25-29,211,0.03339664450775562,0.00936088680743905
E02002170,E08000031,6261,253250,38,2340,0.01623931623931624,101.67435897435898,female,25-29,208,0.03322153010701166,0.0005394949333617279
E02002170,E08000031,6261,253250,38,2340,0.01623931623931624,101.67435897435898,male,25-29,203,0.03242293563328542,0.0005265263051559171
E02002175,E08000031,7269,253250,73,3164,0.02307206068268015,167.710809102402,female,25-29,287,0.03948273490163709,0.0009109480555687445
E02002175,E08000031,7269,253250,73,3164,0.02307206068268015,167.710809102402,male,25-29,292,0.04017058742605585,0.0009268182307528688
E02006156,E07000194,7668,102062,8,3055,0.002618657937806874,20.07986906710311,female,25-29,133,0.017344809598330724,4.542012333441761e-05
E02006156,E07000194,7668,102062,8,3055,0.002618657937806874,20.07986906710311,male,25-29,134,0.017475221700573813,4.576162802114256e-05
E02002153,E08000031,7380,253250,46,2996,0.015353805073431242,113.31108144192257,female,25-29,231,0.031300813008130084,0.0004805865815667503
E02002153,E08000031,7380,253250,46,2996,0.015353805073431242,113.31108144192257,male,25-29,253,0.034281842818428186,0.0005263567321921551
E02002052,E08000028,11268,316289,59,4711,0.012523880280195288,141.1190829972405,female,25-29,418,0.037096201632942846,0.00046458838810096114
E02002052,E08000028,11268,316289,59,4711,0.012523880280195288,141.1190829972405,male,25-29,457,0.04055733049343273,0.0005079351515840652
E02002055,E08000028,9306,316289,59,3933,0.015001271294177472,139.60183066361554,female,25-29,318,0.03417150225660864,0.0005126159758809839
E02002055,E08000028,9306,316289,59,3933,0.015001271294177472,139.60183066361554,male,25-29,352,0.037825059101654845,0.0005674239733022212
E02002048,E08000028,6531,316289,8,2546,0.003142183817753339,20.521602513747055,female,25-29,158,0.024192313581381106,7.601669624943003e-05
E02002048,E08000028,6531,316289,8,2546,0.003142183817753339,20.521602513747055,male,25-29,227,0.034757311284642475,0.0001092138610672191
E02002171,E08000031,7412,253250,63,2973,0.02119071644803229,157.06559031281535,female,25-29,276,0.0372369131138694,0.0007890768671960217
E02002171,E08000031,7412,253250,63,2973,0.02119071644803229,157.06559031281535,male,25-29,280,0.037776578521316787,0.0008005127638220509
E02002181,E08000031,7544,253250,194,2860,0.06783216783216783,511.72587412587416,female,25-29,304,0.04029692470837752,0.002733427759938895
E02002181,E08000031,7544,253250,194,2860,0.06783216783216783,511.72587412587416,male,25-29,251,0.03327147401908802,0.00225687620968639
E02002051,E08000028,5608,316289,511,2576,0.1983695652173913,1112.4565217391305,female,25-29,205,0.036554921540656204,0.007251383892575823
E02002051,E08000028,5608,316289,511,2576,0.1983695652173913,1112.4565217391305,male,25-29,164,0.029243937232524966,0.005801107114060659
E02006810,E08000028,10065,316289,36,4151,0.008672609009877139,87.2898096844134,female,25-29,332,0.03298559364133135,0.00028607115660995633
E02006810,E08000028,10065,316289,36,4151,0.008672609009877139,87.2898096844134,male,25-29,317,0.03149528067560854,0.00027314625495589195
E02006124,E07000192,7632,98508,8,1666,0.004801920768307323,36.64825930372149,female,25-29,254,0.033280922431865825,0.00015981235261400156
E02006124,E07000192,7632,98508,8,1666,0.004801920768307323,36.64825930372149,male,25-29,246,0.03223270440251572,0.00015477889268915112
E02006202,E07000197,8878,132044,10,1780,0.0056179775280898875,49.87640449438202,female,25-29,173,0.019486370804235188,0.00010947399328222016
E02006202,E07000197,8878,132044,10,1780,0.0056179775280898875,49.87640449438202,male,25-29,198,0.022302320342419465,0.0001252939345079745
E02006186,E07000196,12377,110688,2790,4611,0.605074821080026,7489.0110605074815,female,25-29,237,0.01914842045729983,0.011586227082165803
E02006186,E07000196,12377,110688,2790,4611,0.605074821080026,7489.0110605074815,male,25-29,249,0.02011796073361881,0.01217287149138939
E02002071,E08000028,6650,316289,1140,2828,0.4031117397454031,2680.6930693069307,female,25-29,232,0.03488721804511278,0.014063447161042634
E02002071,E08000028,6650,316289,1140,2828,0.4031117397454031,2680.6930693069307,male,25-29,211,0.03172932330827068,0.012790462719741361
E02001886,E08000025,9196,1101521,15,3600,0.004166666666666667,38.31666666666666,female,25-29,432,0.0469769464984776,0.00019573727707699
E02001886,E08000025,9196,1101521,15,3600,0.004166666666666667,38.31666666666666,male,25-29,494,0.05371900826446281,0.00022382920110192836
E02002067,E08000028,5450,316289,1329,2304,0.5768229166666666,3143.684895833333,female,25-29,143,0.026238532110091743,0.015134986620795106
E02002067,E08000028,5450,316289,1329,2304,0.5768229166666666,3143.684895833333,male,25-29,131,0.02403669724770642,0.013864917813455656
E02002014,E08000027,7170,315653,2764,3215,0.8597200622083981,6164.192846034215,female,25-29,309,0.04309623430962343,0.03705069724161716
E02002014,E08000027,7170,315653,2764,3215,0.8597200622083981,6164.192846034215,male,25-29,301,0.04198047419804742,0.036091455889083385
E02002031,E08000027,5952,315653,1897,2242,0.8461195361284567,5036.103479036574,female,25-29,231,0.03881048387096774,0.032838308609824174
E02002031,E08000027,5952,315653,1897,2242,0.8461195361284567,5036.103479036574,male,25-29,234,0.03931451612903226,0.033264780150211504
E02002032,E08000027,10187,315653,3407,4176,0.8158524904214559,8311.08931992337,female,25-29,435,0.04270148228133896,0.034838110663918065
E02002032,E08000027,10187,315653,3407,4176,0.8158524904214559,8311.08931992337,male,25-29,405,0.03975655246883283,0.03243548234226854
E02002001,E08000027,6002,315653,1811,2412,0.7508291873963516,4506.476782752902,female,25-29,192,0.0319893368877041,0.024018527820743003
E02002001,E08000027,6002,315653,1811,2412,0.7508291873963516,4506.476782752902,male,25-29,134,0.022325891369543487,0.016762930874893556
E02002077,E08000028,10521,316289,3346,4614,0.7251842219332466,7629.663198959687,female,25-29,361,0.03431232772550138,0.024882758684336283
E02002077,E08000028,10521,316289,3346,4614,0.7251842219332466,7629.663198959687,male,25-29,403,0.03830434369356525,0.027777705678081778
E02001900,E08000025,7094,1101521,8,2566,0.003117692907248636,22.116913484021826,female,25-29,236,0.033267550042289255,0.00010371800480838428
E02001900,E08000025,7094,1101521,8,2566,0.003117692907248636,22.116913484021826,male,25-29,256,0.03608683394417818,0.00011250766623282363
E02006181,E07000196,5700,110688,41,2088,0.019636015325670497,111.92528735632183,female,25-29,147,0.025789473684210525,0.0005064025005041339
E02006181,E07000196,5700,110688,41,2088,0.019636015325670497,111.92528735632183,male,25-29,147,0.025789473684210525,0.0005064025005041339
E02001879,E08000025,10994,1101521,20,4424,0.0045207956600361665,49.701627486437616,female,25-29,456,0.041477169365108243,0.0001875098072563664
E02001879,E08000025,10994,1101521,20,4424,0.0045207956600361665,49.701627486437616,male,25-29,638,0.05803165362925232,0.0002623492478718459
E02001866,E08000025,8949,1101521,8,3671,0.002179242713157178,19.502043040043585,female,25-29,399,0.044585987261146494,9.716368784777226e-05
E02001866,E08000025,8949,1101521,8,3671,0.002179242713157178,19.502043040043585,male,25-29,360,0.04022795843110962,8.76664852761855e-05
E02002008,E08000027,8544,315653,2480,2912,0.8516483516483516,7276.483516483516,female,25-29,285,0.033356741573033706,0.028408213977034198
E02002008,E08000027,8544,315653,2480,2912,0.8516483516483516,7276.483516483516,male,25-29,289,0.0338249063670412,0.02880692575215047
E02002004,E08000027,7541,315653,2747,3237,0.8486252703120173,6399.483163422922,female,25-29,253,0.03354992706537595,0.02847131592480313
E02002004,E08000027,7541,315653,2747,3237,0.8486252703120173,6399.483163422922,male,25-29,252,0.03341731865800292,0.028358781079250543
E02002167,E08000031,6614,253250,90,2412,0.03731343283582089,246.79104477611938,female,25-29,155,0.0234351375869368,0.000874445432348388
E02002167,E08000031,6614,253250,90,2412,0.03731343283582089,246.79104477611938,male,25-29,168,0.025400665255518595,0.0009477860169969624
E02006182,E07000196,6858,110688,47,2192,0.02144160583941606,147.04653284671534,female,25-29,114,0.016622922134733157,0.0003564221443122529
E02006182,E07000196,6858,110688,47,2192,0.02144160583941606,147.04653284671534,male,25-29,142,0.020705745115193935,0.00044396442537140285
E02002079,E08000028,8081,316289,153,3774,0.04054054054054054,327.6081081081081,female,25-29,252,0.03118425937383987,0.0012642267313718867
E02002079,E08000028,8081,316289,153,3774,0.04054054054054054,327.6081081081081,male,25-29,273,0.03378294765499319,0.0013695789589862105
E02001861,E08000025,10383,1101521,8,4006,0.00199700449326011,20.73489765351972,female,25-29,421,0.040547048059327746,8.097263716291113e-05
E02001861,E08000025,10383,1101521,8,4006,0.00199700449326011,20.73489765351972,male,25-29,476,0.04584416835211403,9.155101018894465e-05
E02002025,E08000027,7828,315653,1831,3361,0.5447783397798275,4264.524843796489,female,25-29,286,0.036535513541134386,0.019903756409942595
E02002025,E08000027,7828,315653,1831,3361,0.5447783397798275,4264.524843796489,male,25-29,260,0.03321410321921308,0.018094324009038727
E02002162,E08000031,7547,253250,87,2826,0.03078556263269639,232.33864118895966,female,25-29,167,0.0221279978799523,0.0006812228646694444
E02002162,E08000031,7547,253250,87,2826,0.03078556263269639,232.33864118895966,male,25-29,166,0.02199549489863522,0.0006771436858390885
E02002010,E08000027,7321,315653,3068,3523,0.8708487084870848,6375.483394833948,female,25-29,293,0.04002185493785002,0.03485298068388415
E02002010,E08000027,7321,315653,3068,3523,0.8708487084870848,6375.483394833948,male,25-29,295,0.04029504166097528,0.0350908849888936
E02001873,E08000025,11051,1101521,12,4852,0.00247320692497939,27.33140972794724,female,25-29,509,0.04605918016469098,0.0001139138833421871
E02001873,E08000025,11051,1101521,12,4852,0.00247320692497939,27.33140972794724,male,25-29,508,0.04596869061623383,0.0001136900839643046
E02002073,E08000028,7623,316289,34,3367,0.010098010098010098,76.97713097713097,female,25-29,221,0.02899121080939263,0.0002927535395067863
E02002073,E08000028,7623,316289,34,3367,0.010098010098010098,76.97713097713097,male,25-29,213,0.027941755214482486,0.0002821561263119704
E02002161,E08000031,6390,253250,29,2544,0.01139937106918239,72.84198113207546,female,25-29,270,0.04225352112676056,0.0004816635663034812
E02002161,E08000031,6390,253250,29,2544,0.01139937106918239,72.84198113207546,male,25-29,283,0.04428794992175274,0.0005048547750514266
E02002174,E08000031,7479,253250,127,2806,0.04526015680684248,338.5007127583749,female,25-29,266,0.03556625217275037,0.0016097341503703837
E02002174,E08000031,7479,253250,127,2806,0.04526015680684248,338.5007127583749,male,25-29,229,0.030619066720149753,0.0013858237610331497
E02002164,E08000031,7261,253250,33,2344,0.014078498293515358,102.22397610921502,female,25-29,323,0.0444842308222008,0.0006262711677186973
E02002164,E08000031,7261,253250,33,2344,0.014078498293515358,102.22397610921502,male,25-29,439,0.06045999173667539,0.0008511858904907371
E02002076,E08000028,10852,316289,28,4164,0.0067243035542747355,72.97214217098943,female,25-29,494,0.04552156284555842,0.00030610080683852927
E02002076,E08000028,10852,316289,28,4164,0.0067243035542747355,72.97214217098943,male,25-29,513,0.047272392185772207,0.0003178739147938573
E02001857,E08000025,13611,1101521,14,5507,0.002542218994007627,34.60214272743781,female,25-29,624,0.045845272206303724,0.00011654872178831527
E02001857,E08000025,13611,1101521,14,5507,0.002542218994007627,34.60214272743781,male,25-29,578,0.042465652780839025,0.00010795698909238176
E02002176,E08000031,7652,253250,160,3000,0.05333333333333334,408.1066666666667,female,25-29,216,0.028227914270778882,0.0015054887611082072
E02002176,E08000031,7652,253250,160,3000,0.05333333333333334,408.1066666666667,male,25-29,244,0.03188708834291688,0.0017006447116222339
E02002005,E08000027,8668,315653,3163,3831,0.8256329939963456,7156.586791960323,female,25-29,365,0.04210890632210429,0.03476650240063061
E02002005,E08000027,8668,315653,3163,3831,0.8256329939963456,7156.586791960323,male,25-29,290,0.03345639132441163,0.027622700537487336
E02002074,E08000028,8186,316289,66,3525,0.01872340425531915,153.26978723404255,female,25-29,254,0.031028585389689715,0.00058096074772185
E02002074,E08000028,8186,316289,66,3525,0.01872340425531915,153.26978723404255,male,25-29,248,0.030295626679697044,0.0005672372654922
E02002075,E08000028,8887,316289,1645,3984,0.41290160642570284,3669.456576305221,female,25-29,327,0.036795319005288624,0.015192846326229867
E02002075,E08000028,8887,316289,1645,3984,0.41290160642570284,3669.456576305221,male,25-29,326,0.036682795093957464,0.015146385022479928
E02001858,E08000025,8646,1101521,8,3191,0.0025070510811657787,21.67596364775932,female,25-29,411,0.04753643303261624,0.00011917626582918517
E02001858,E08000025,8646,1101521,8,3191,0.0025070510811657787,21.67596364775932,male,25-29,381,0.044066620402498265,0.00011047726832340524
E02002150,E08000031,5718,253250,27,2139,0.012622720897615708,72.17671809256662,female,25-29,173,0.03025533403287863,0.0003819046371611608
E02002150,E08000031,5718,253250,27,2139,0.012622720897615708,72.17671809256662,male,25-29,140,0.02448408534452606,0.00030905577573735557
E02002154,E08000031,5629,253250,34,2198,0.015468607825295723,87.07279344858962,female,25-29,226,0.04014922721620181,0.0006210526502961153
E02002154,E08000031,5629,253250,34,2198,0.015468607825295723,87.07279344858962,male,25-29,207,0.03677384970687511,0.0005688402593420172
E02001862,E08000025,10446,1101521,19,4254,0.004466384579219558,46.655853314527505,female,25-29,408,0.039058012636415854,0.00017444810533425042
E02001862,E08000025,10446,1101521,19,4254,0.004466384579219558,46.655853314527505,male,25-29,454,0.04346161210032548,0.00019411627407291587
E02002180,E08000031,6437,253250,436,2514,0.17342879872712808,1116.3611774065234,female,25-29,191,0.029672207550100978,0.005146015310996032
E02002180,E08000031,6437,253250,436,2514,0.17342879872712808,1116.3611774065234,male,25-29,141,0.021904613950598104,0.0037988908840337204
E02002169,E08000031,8665,253250,103,3248,0.031711822660098525,274.78294334975374,female,25-29,203,0.023427582227351414,0.0007429313329486441
E02002169,E08000031,8665,253250,103,3248,0.031711822660098525,274.78294334975374,male,25-29,205,0.023658395845354875,0.0007502508534703055
E02002066,E08000028,7403,316289,67,3279,0.020433058859408357,151.26593473620008,female,25-29,315,0.042550317438876134,0.0008694331407150659
E02002066,E08000028,7403,316289,67,3279,0.020433058859408357,151.26593473620008,male,25-29,267,0.03606645954342834,0.0007369480907013415
E02002003,E08000027,9101,315653,2767,3902,0.7091235263967196,6453.733213736545,female,25-29,222,0.024392923854521482,0.017297596182844936
E02002003,E08000027,9101,315653,2767,3902,0.7091235263967196,6453.733213736545,male,25-29,228,0.025052192066805846,0.017765098782381285
E02002165,E08000031,7660,253250,52,2814,0.01847903340440654,141.54939587775408,female,25-29,342,0.04464751958224543,0.0008250430057842083
E02002165,E08000031,7660,253250,52,2814,0.01847903340440654,141.54939587775408,male,25-29,465,0.060704960835509136,0.0011217689990925639
E02002069,E08000028,6634,316289,455,2932,0.15518417462482947,1029.4918144611188,female,25-29,213,0.03210732589689479,0.00498254886872003
E02002069,E08000028,6634,316289,455,2932,0.15518417462482947,1029.4918144611188,male,25-29,201,0.030298462466083812,0.004701841890200592
E02002151,E08000031,5868,253250,28,2104,0.013307984790874524,78.09125475285171,female,25-29,203,0.034594410361281525,0.00046038188693720656
E02002151,E08000031,5868,253250,28,2104,0.013307984790874524,78.09125475285171,male,25-29,221,0.037661895023858215,0.000501203926173018
E02002157,E08000031,7644,253250,52,2645,0.019659735349716444,150.2790170132325,female,25-29,203,0.026556776556776556,0.0005220991988477811
E02002157,E08000031,7644,253250,52,2645,0.019659735349716444,150.2790170132325,male,25-29,200,0.026164311878597593,0.0005143834471406709
E02002159,E08000031,5964,253250,39,2249,0.017341040462427744,103.42196531791906,female,25-29,261,0.0437625754527163,0.0007588885916656005
E02002159,E08000031,5964,253250,39,2249,0.017341040462427744,103.42196531791906,male,25-29,201,0.03370221327967807,0.000584431444156267
E02001844,E08000025,9936,1101521,9,4181,0.0021525950729490554,21.388184644821816,female,25-29,332,0.03341384863123994,7.192648593187264e-05
E02001844,E08000025,9936,1101521,9,4181,0.0021525950729490554,21.388184644821816,male,25-29,370,0.03723832528180354,8.015903552648455e-05
E02002182,E08000031,6646,253250,769,2842,0.2705840957072484,1798.3019000703728,female,25-29,213,0.03204935299428228,0.008672045197960264
E02002182,E08000031,6646,253250,769,2842,0.2705840957072484,1798.3019000703728,male,25-29,224,0.03370448390009028,0.009119897297385441
E02001850,E08000025,8434,1101521,8,3079,0.0025982461838259174,21.913608314387787,female,25-29,280,0.03319895660422101,8.625906230391947e-05
E02001850,E08000025,8434,1101521,8,3079,0.0025982461838259174,21.913608314387787,male,25-29,307,0.03640028456248518,9.457690045465458e-05
E02002155,E08000031,6227,253250,22,2531,0.00869221651521138,54.12643224022126,female,25-29,274,0.044001927091697444,0.00038247427736757953
E02002155,E08000031,6227,253250,22,2531,0.00869221651521138,54.12643224022126,male,25-29,200,0.03211819495744339,0.0002791783046478683
E02001837,E08000025,10601,1101521,8,4727,0.0016924053310767928,17.94118891474508,female,25-29,395,0.0372606357890765,6.30600986487438e-05
E02001837,E08000025,10601,1101521,8,4727,0.0016924053310767928,17.94118891474508,male,25-29,321,0.030280162248844448,5.124630801581459e-05
E02002000,E08000027,7828,315653,1919,3360,0.5711309523809524,4470.813095238095,female,25-29,265,0.03385283597342872,0.019334402450300506
E02002000,E08000027,7828,315653,1919,3360,0.5711309523809524,4470.813095238095,male,25-29,240,0.030659172202350538,0.017510402219140082
E02002149,E08000031,10130,253250,46,3910,0.011764705882352941,119.17647058823529,female,25-29,341,0.03366238894373149,0.0003960281052203705
E02002149,E08000031,10130,253250,46,3910,0.011764705882352941,119.17647058823529,male,25-29,329,0.03247778874629812,0.0003820916323093897
E02006176,E07000196,7483,110688,20,2057,0.009722897423432183,72.75644141954302,female,25-29,155,0.02071361753307497,0.0002013963785422943
E02006176,E07000196,7483,110688,20,2057,0.009722897423432183,72.75644141954302,male,25-29,163,0.021782707470265936,0.00021179103033802562
E02002156,E08000031,8211,253250,45,3261,0.013799448022079117,113.30726770929162,female,25-29,254,0.030934112775545,0.0004268736813552668
E02002156,E08000031,8211,253250,45,3261,0.013799448022079117,113.30726770929162,male,25-29,240,0.029229082937522834,0.0004033452107293859
E02002152,E08000031,6251,253250,37,2675,0.013831775700934579,86.46242990654206,female,25-29,264,0.04223324268117101,0.0005841607398890943
E02002152,E08000031,6251,253250,37,2675,0.013831775700934579,86.46242990654206,male,25-29,182,0.029115341545352745,0.00040271687371142115
E02002063,E08000028,9625,316289,1050,3929,0.26724357342835325,2572.2193942479003,female,25-29,443,0.046025974025974026,0.012300145769221869
E02002063,E08000028,9625,316289,1050,3929,0.26724357342835325,2572.2193942479003,male,25-29,379,0.03937662337662338,0.010523149540711261
E02002070,E08000028,9356,316289,32,4370,0.007322654462242563,68.51075514874142,female,25-29,443,0.0473492945703292,0.0003467225231694587
E02002070,E08000028,9356,316289,32,4370,0.007322654462242563,68.51075514874142,male,25-29,387,0.04136383069687901,0.000302893039427947
E02002064,E08000028,12292,316289,1836,4906,0.374235629841011,4600.104362005707,female,25-29,424,0.034493979824275954,0.012908876265261037
E02002064,E08000028,12292,316289,1836,4906,0.374235629841011,4600.104362005707,male,25-29,461,0.03750406768630003,0.0140353583921824
E02006179,E07000196,8820,110688,26,2574,0.010101010101010102,89.0909090909091,female,25-29,141,0.01598639455782313,0.00016147873290730435
E02006179,E07000196,8820,110688,26,2574,0.010101010101010102,89.0909090909091,male,25-29,591,0.06700680272108843,0.0006768363911221054
E02002163,E08000031,11710,253250,44,4472,0.009838998211091235,115.21466905187836,female,25-29,544,0.04645602049530316,0.0004570807025477055
E02002163,E08000031,11710,253250,44,4472,0.009838998211091235,115.21466905187836,male,25-29,652,0.05567890691716482,0.0005478246655535
E02002058,E08000028,12006,316289,1237,5355,0.23099906629318395,2773.3747899159666,female,25-29,483,0.040229885057471264,0.009293065885357976
E02002058,E08000028,12006,316289,1237,5355,0.23099906629318395,2773.3747899159666,male,25-29,434,0.036148592370481424,0.008350291085394122
E02002065,E08000028,12333,316289,40,5232,0.00764525993883792,94.28899082568807,female,25-29,568,0.04605529879185924,0.00035210473082461193
E02002065,E08000028,12333,316289,40,5232,0.00764525993883792,94.28899082568807,male,25-29,529,0.042893051163544964,0.00032792852571517556
E02002158,E08000031,7354,253250,40,3054,0.01309757694826457,96.31958087753765,female,25-29,232,0.03154745716616807,0.0004131952477559669
E02002158,E08000031,7354,253250,40,3054,0.01309757694826457,96.31958087753765,male,25-29,226,0.03073157465324993,0.00040250916376227805
E02002061,E08000028,5723,316289,28,2656,0.010542168674698794,60.3328313253012,female,25-29,236,0.041237113402061855,0.0004347286051422183
E02002061,E08000028,5723,316289,28,2656,0.010542168674698794,60.3328313253012,male,25-29,221,0.03861611043159182,0.00040709754973063664
E02006894,E08000031,13025,253250,135,4910,0.0274949083503055,358.1211812627291,female,25-29,504,0.038694817658349326,0.0010639104651480975
E02006894,E08000031,13025,253250,135,4910,0.0274949083503055,358.1211812627291,male,25-29,523,0.04015355086372361,0.0011040182009374108
E02002059,E08000028,10733,316289,44,4615,0.009534127843986998,102.32979414951245,female,25-29,435,0.040529208981645394,0.0003864106598466733
E02002059,E08000028,10733,316289,44,4615,0.009534127843986998,102.32979414951245,male,25-29,396,0.036895555762601326,0.00035176694551559225
E02001842,E08000025,7584,1101521,10,2849,0.00351000351000351,26.61986661986662,female,25-29,221,0.02914029535864979,0.00010228253899139976
E02001842,E08000025,7584,1101521,10,2849,0.00351000351000351,26.61986661986662,male,25-29,258,0.03401898734177215,0.00011940676497638524
E02006174,E07000196,10383,110688,12,2102,0.005708848715509039,59.27497621313035,female,25-29,212,0.020417990946739864,0.00011656322138957107
E02006174,E07000196,10383,110688,12,2102,0.005708848715509039,59.27497621313035,male,25-29,234,0.022536839063854376,0.00012865940474131898
E02002177,E08000031,9490,253250,161,3469,0.04641106947247045,440.4410492937446,female,25-29,443,0.046680716543730245,0.002166501978535765
E02002177,E08000031,9490,253250,161,3469,0.04641106947247045,440.4410492937446,male,25-29,357,0.03761854583772392,0.001745916944327919
E02002056,E08000028,8965,316289,1566,4445,0.3523059617547806,3158.4229471316085,female,25-29,363,0.04049079754601227,0.014265149371665965
E02002056,E08000028,8965,316289,1566,4445,0.3523059617547806,3158.4229471316085,male,25-29,362,0.0403792526491913,0.014225851439512615
E02002057,E08000028,9255,316289,2145,4624,0.4638840830449827,4293.247188581315,female,25-29,339,0.0366288492706645,0.016991540156915085
E02002057,E08000028,9255,316289,2145,4624,0.4638840830449827,4293.247188581315,male,25-29,292,0.0315505132360886,0.01463578090212155
E02002068,E08000028,12466,316289,24,5537,0.004334477153693336,54.03359219794112,female,25-29,597,0.04789026151131077,0.0002075792444051758
E02002068,E08000028,12466,316289,24,5537,0.004334477153693336,54.03359219794112,male,25-29,474,0.03802342371249799,0.00016481166138702398
E02002060,E08000028,6401,316289,64,2791,0.02293084915800788,146.78036546040843,female,25-29,241,0.03765036713013591,0.0008633548894047647
E02002060,E08000028,6401,316289,64,2791,0.02293084915800788,146.78036546040843,male,25-29,253,0.039525074207155134,0.0009063435146033424
E02002053,E08000028,6052,316289,13,2352,0.0055272108843537416,33.45068027210884,female,25-29,174,0.028750826173165895,0.00015891187935848498
E02002053,E08000028,6052,316289,13,2352,0.0055272108843537416,33.45068027210884,male,25-29,204,0.033707865168539325,0.00018631047924787893
E02002062,E08000028,7752,316289,41,3473,0.011805355600345523,91.51511661387849,female,25-29,329,0.0424406604747162,0.0005010270888175538
E02002062,E08000028,7752,316289,41,3473,0.011805355600345523,91.51511661387849,male,25-29,296,0.038183694530443756,0.0004507720920668569
E02002166,E08000031,9374,253250,65,3801,0.017100762957116548,160.3025519600105,female,25-29,339,0.036163857478131,0.0006184295543484649
E02002166,E08000031,9374,253250,65,3801,0.017100762957116548,160.3025519600105,male,25-29,327,0.03488372093023256,0.0005965382426901121
E02002072,E08000028,8540,316289,131,3492,0.03751431844215349,320.3722794959908,female,25-29,265,0.031030444964871194,0.0011640859938138964
E02002072,E08000028,8540,316289,131,3492,0.03751431844215349,320.3722794959908,male,25-29,314,0.03676814988290398,0.0013793320832360884
E02002178,E08000031,8046,253250,167,2985,0.0559463986599665,450.14472361809044,female,25-29,289,0.035918468804374847,0.0020095089749851253
E02002178,E08000031,8046,253250,167,2985,0.0559463986599665,450.14472361809044,male,25-29,317,0.03939845886154611,0.0022042018860563483
E02006184,E07000196,5448,110688,56,1700,0.03294117647058824,179.4635294117647,female,25-29,180,0.03303964757709251,0.0010883648613630476
E02006184,E07000196,5448,110688,56,1700,0.03294117647058824,179.4635294117647,male,25-29,189,0.034691629955947136,0.0011427831044311999
E02006183,E07000196,7502,110688,91,2432,0.03741776315789474,280.70805921052636,female,25-29,196,0.026126366302319383,0.0009775901864765887
E02006183,E07000196,7502,110688,91,2432,0.03741776315789474,280.70805921052636,male,25-29,238,0.031724873367102106,0.0011870737978644291
E02006008,E06000051,7797,310774,11,2787,0.003946896304269824,30.773950484391815,female,25-29,207,0.02654867256637168,0.00010478485763548205
E02006008,E06000051,7797,310774,11,2787,0.003946896304269824,30.773950484391815,male,25-29,206,0.026420418109529307,0.00010427865059376474
E02006009,E06000051,7325,310774,27,2987,0.009039169735520589,66.21191831268831,female,25-29,206,0.02812286689419795,0.000254207367306108
E02006009,E06000051,7325,310774,27,2987,0.009039169735520589,66.21191831268831,male,25-29,330,0.04505119453924915,0.0004072253942282313
E02006185,E07000196,7124,110688,1799,3014,0.5968812209688122,4252.181818181818,female,25-29,177,0.02484559236384054,0.01482986750582254
E02006185,E07000196,7124,110688,1799,3014,0.5968812209688122,4252.181818181818,male,25-29,184,0.02582818641212802,0.015416359441081058
E02002007,E08000027,8924,315653,3107,3605,0.8618585298196949,7691.225520110957,female,25-29,246,0.027566113850291347,0.023758090355854432
E02002007,E08000027,8924,315653,3107,3605,0.8618585298196949,7691.225520110957,male,25-29,254,0.028462572837292695,0.024530711180435066
E02002941,E06000020,10177,169768,25,4322,0.005784359093012495,58.86742248958816,female,25-29,354,0.03478431757885428,0.00020120498368148012
E02002941,E06000020,10177,169768,25,4322,0.005784359093012495,58.86742248958816,male,25-29,356,0.0349808391470964,0.00020234173500171447
E02002080,E08000028,6839,316289,2355,3075,0.7658536585365854,5237.673170731708,female,25-29,217,0.03172978505629478,0.02430037196994283
E02002080,E08000028,6839,316289,2355,3075,0.7658536585365854,5237.673170731708,male,25-29,190,0.02778183945021202,0.021276823383820913
E02001925,E08000025,6588,1101521,11,2553,0.004308656482569526,28.385428907168038,female,25-29,245,0.037188828172434726,0.0001602338855843251
E02001925,E08000025,6588,1101521,11,2553,0.004308656482569526,28.385428907168038,male,25-29,221,0.033545840922890105,0.00014453750495565655
E02001890,E08000025,10590,1101521,18,3528,0.00510204081632653,54.03061224489795,female,25-29,540,0.05099150141643059,0.000260160721512401
E02001890,E08000025,10590,1101521,18,3528,0.00510204081632653,54.03061224489795,male,25-29,765,0.07223796033994334,0.00036856102214256805
E02002038,E08000027,9391,315653,2749,3729,0.7371949584338965,6922.997854652722,female,25-29,311,0.033116813970823125,0.024413548298684036
E02002038,E08000027,9391,315653,2749,3729,0.7371949584338965,6922.997854652722,male,25-29,281,0.02992226599936109,0.02205854363964699
E02002946,E06000020,7932,169768,24,2991,0.00802407221664995,63.6469408224674,female,25-29,300,0.037821482602118005,0.0003034823077401645
E02002946,E06000020,7932,169768,24,2991,0.00802407221664995,63.6469408224674,male,25-29,272,0.03429147755925366,0.0002751572923510825
E02002943,E06000020,10466,169768,33,4085,0.008078335373317013,84.54785801713587,female,25-29,417,0.039843302121154216,0.0003218675569150769
E02002943,E06000020,10466,169768,33,4085,0.008078335373317013,84.54785801713587,male,25-29,382,0.03649914007261609,0.0002948522943442671
E02001950,E08000025,8602,1101521,8,3466,0.002308136180034622,19.85458742065782,female,25-29,303,0.03522436642641246,8.130263456759944e-05
E02001950,E08000025,8602,1101521,8,3466,0.002308136180034622,19.85458742065782,male,25-29,299,0.034759358288770054,8.022933246109649e-05
E02002179,E08000031,6327,253250,182,2259,0.08056662239929172,509.74501992031867,female,25-29,169,0.026710921447763554,0.0021520087222191087
E02002179,E08000031,6327,253250,182,2259,0.08056662239929172,509.74501992031867,male,25-29,164,0.025920657499604868,0.0020883398251120345
E02002932,E06000020,9089,169768,14,3567,0.003924866834875245,35.673114662181106,female,25-29,359,0.03949829464187479,0.00015502554667402496
E02002932,E06000020,9089,169768,14,3567,0.003924866834875245,35.673114662181106,male,25-29,338,0.03718780943998239,0.00014595719993264745
E02006704,E07000234,6898,95519,9,2842,0.0031667839549612948,21.84447572132301,female,25-29,119,0.017251377210785734,5.46313845521012e-05
E02006704,E07000234,6898,95519,9,2842,0.0031667839549612948,21.84447572132301,male,25-29,165,0.023919976804870978,7.574939874871175e-05
E02006046,E06000051,8908,310774,21,3364,0.00624256837098692,55.608799048751486,female,25-29,177,0.019869779973057927,0.00012403845999828077
E02006046,E06000051,8908,310774,21,3364,0.00624256837098692,55.608799048751486,male,25-29,233,0.02615626403233049,0.00016328226655140912
E02006011,E06000051,5892,310774,35,2308,0.015164644714038129,89.35008665511265,female,25-29,141,0.023930753564154784,0.00036290137553960896
E02006011,E06000051,5892,310774,35,2308,0.015164644714038129,89.35008665511265,male,25-29,161,0.027325186693822133,0.0004143767479565748
E02006043,E06000051,6881,310774,9,2630,0.0034220532319391636,23.547148288973386,female,25-29,156,0.022671123383229182,7.758179104527097e-05
E02006043,E06000051,6881,310774,9,2630,0.0034220532319391636,23.547148288973386,male,25-29,152,0.022089812527248946,7.559251435180249e-05
E02006013,E06000051,7636,310774,234,3144,0.07442748091603053,568.3282442748092,female,25-29,122,0.015976951283394446,0.0011891242367411898
E02006013,E06000051,7636,310774,234,3144,0.07442748091603053,568.3282442748092,male,25-29,146,0.019119958093242535,0.0014230503161001124
E02002948,E06000020,7031,169768,13,2761,0.004708438971387179,33.105034407823254,female,25-29,266,0.03783245626511165,0.00017813181146195272
E02002948,E06000020,7031,169768,13,2761,0.004708438971387179,33.105034407823254,male,25-29,251,0.035699047077229415,0.00016808678449981254
E02002947,E06000020,6762,169768,17,2744,0.00619533527696793,41.892857142857146,female,25-29,241,0.03564034309375924,0.00022080387485200697
E02002947,E06000020,6762,169768,17,2744,0.00619533527696793,41.892857142857146,male,25-29,239,0.03534457261165336,0.00021897147755033057
E02006045,E06000051,11048,310774,9,4637,0.0019409100711667026,21.44317446624973,female,25-29,296,0.026792179580014484,5.200121117535699e-05
E02006045,E06000051,11048,310774,9,4637,0.0019409100711667026,21.44317446624973,male,25-29,332,0.03005068790731354,5.8325682804792295e-05
E02002950,E06000020,5501,169768,15,2409,0.0062266500622665,34.25280199252802,female,25-29,221,0.040174513724777317,0.00025015263838591104
E02002950,E06000020,5501,169768,15,2409,0.0062266500622665,34.25280199252802,male,25-29,167,0.030358116706053446,0.00018902936927804137
E02006010,E06000051,11572,310774,39,4282,0.00910789350770668,105.39654367118169,female,25-29,253,0.021863117870722433,0.00019912694931297872
E02006010,E06000051,11572,310774,39,4282,0.00910789350770668,105.39654367118169,male,25-29,273,0.023591427583823023,0.000214868210128234
E02006014,E06000051,9310,310774,60,3559,0.01685866816521495,156.9542006181512,female,25-29,211,0.022663802363050482,0.00038208152340068254
E02006014,E06000051,9310,310774,60,3559,0.01685866816521495,156.9542006181512,male,25-29,215,0.02309344790547798,0.0003893247750291315
E02002936,E06000020,8985,169768,13,3588,0.0036231884057971015,32.55434782608695,female,25-29,402,0.044741235392320534,0.0001621059253344947
E02002936,E06000020,8985,169768,13,3588,0.0036231884057971015,32.55434782608695,male,25-29,432,0.048080133555926545,0.00017420338244900923
E02002937,E06000020,10271,169768,19,3808,0.004989495798319327,51.247111344537814,female,25-29,204,0.019861746665368513,9.910010153413911e-05
E02002937,E06000020,10271,169768,19,3808,0.004989495798319327,51.247111344537814,male,25-29,221,0.02151689222081589,0.0001073584433286507
E02002934,E06000020,5973,169768,8,2312,0.0034602076124567475,20.667820069204154,female,25-29,169,0.02829398961995647,9.790307826974557e-05
E02002934,E06000020,5973,169768,8,2312,0.0034602076124567475,20.667820069204154,male,25-29,145,0.024275908253808806,8.399968253913083e-05
E02002931,E06000020,6673,169768,12,2265,0.005298013245033113,35.35364238410596,female,25-29,132,0.019781207852540086,0.00010480110120551039
E02002931,E06000020,6673,169768,12,2265,0.005298013245033113,35.35364238410596,male,25-29,129,0.01933163494680054,0.00010241925799629426
E02002949,E06000020,5179,169768,19,2064,0.009205426356589148,47.6749031007752,female,25-29,110,0.0212396215485615,0.00019551977200710682
E02002949,E06000020,5179,169768,19,2064,0.009205426356589148,47.6749031007752,male,25-29,157,0.030314732573855956,0.0002790600382283252
E02002933,E06000020,8266,169768,8,3198,0.0025015634771732333,20.677923702313947,female,25-29,203,0.02455843213162352,6.143447687710698e-05
E02002933,E06000020,8266,169768,8,3198,0.0025015634771732333,20.677923702313947,male,25-29,229,0.027703847084442294,6.930293204363301e-05
E02006012,E06000051,6249,310774,51,2517,0.02026221692491061,126.6185935637664,female,25-29,133,0.021283405344855177,0.0004312489759982575
E02006012,E06000051,6249,310774,51,2517,0.02026221692491061,126.6185935637664,male,25-29,161,0.02576412225956153,0.0005220382341031538
E02002938,E06000020,7041,169768,10,2924,0.003419972640218878,24.08002735978112,female,25-29,276,0.0391989774179804,0.00013405943029405062
E02002938,E06000020,7041,169768,10,2924,0.003419972640218878,24.08002735978112,male,25-29,261,0.03706859821048147,0.0001267735916911131
E02002935,E06000020,6539,169768,17,2641,0.006436955698599016,42.091253313138964,female,25-29,209,0.031962073711576694,0.0002057384525167754
E02002935,E06000020,6539,169768,17,2641,0.006436955698599016,42.091253313138964,male,25-29,210,0.03211500229392873,0.00020672284702642502
E02002942,E06000020,6480,169768,12,2164,0.005545286506469501,35.93345656192236,female,25-29,152,0.02345679012345679,0.000130074621756692
E02002942,E06000020,6480,169768,12,2164,0.005545286506469501,35.93345656192236,male,25-29,176,0.027160493827160494,0.00015061271992880125
E02002940,E06000020,6097,169768,8,2441,0.0032773453502662844,19.981974600573537,female,25-29,231,0.03788748564867968,0.0001241703749239809
E02002940,E06000020,6097,169768,8,2441,0.0032773453502662844,19.981974600573537,male,25-29,206,0.03378710841397409,0.00011073202265948083
E02002945,E06000020,9464,169768,23,3482,0.006605399195864446,62.51349798966112,female,25-29,373,0.03941251056635672,0.00026033536560201166
E02002945,E06000020,9464,169768,23,3482,0.006605399195864446,62.51349798966112,male,25-29,315,0.03328402366863906,0.00021985426317596161
E02001851,E08000025,8705,1101521,11,3747,0.0029356818788364024,25.55511075527088,female,25-29,310,0.035611717403790925,0.00010454467345655195
E02001851,E08000025,8705,1101521,11,3747,0.0029356818788364024,25.55511075527088,male,25-29,292,0.03354394026421597,9.847433757842959e-05
E02006770,E07000239,7445,98999,86,3002,0.028647568287808126,213.2811459027315,female,25-29,302,0.04056413700470114,0.0011620638848781806
E02006770,E07000239,7445,98999,86,3002,0.028647568287808126,213.2811459027315,male,25-29,299,0.040161182001343186,0.0011505202039025695
E02006775,E07000239,5234,98999,39,2137,0.018249883013570427,95.51988769302761,female,25-29,172,0.032862055789071455,0.0005997286737359789
E02006775,E07000239,5234,98999,39,2137,0.018249883013570427,95.51988769302761,male,25-29,176,0.033626289644631255,0.0006136758521949551
E02006752,E07000238,6978,120007,9,2110,0.0042654028436018955,29.763981042654027,female,25-29,124,0.017770134709085696,7.579678311932287e-05
E02006752,E07000238,6978,120007,9,2110,0.0042654028436018955,29.763981042654027,male,25-29,139,0.019919747778733163,8.496574881924097e-05
E02006769,E07000239,7260,98999,102,2631,0.03876852907639681,281.4595210946408,female,25-29,214,0.02947658402203857,0.0011427638047312558
E02006769,E07000239,7260,98999,102,2631,0.03876852907639681,281.4595210946408,male,25-29,230,0.03168044077134986,0.0012282040891971441
E02006780,E07000239,5841,98999,29,2373,0.012220817530552043,71.38179519595448,female,25-29,153,0.026194144838212634,0.00032011386443664826
E02006780,E07000239,5841,98999,29,2373,0.012220817530552043,71.38179519595448,male,25-29,109,0.018661188152713577,0.00022805497531761218
E02006710,E07000235,8023,76224,16,3073,0.005206638464041653,41.77286039700618,female,25-29,145,0.01807304000997133,9.409978527808047e-05
E02006710,E07000235,8023,76224,16,3073,0.005206638464041653,41.77286039700618,male,25-29,154,0.019194814907141967,9.994046160568547e-05
E02006772,E07000239,6487,98999,81,2650,0.030566037735849056,198.28188679245284,female,25-29,175,0.02697703098504702,0.0008245809470901164
E02006772,E07000239,6487,98999,81,2650,0.030566037735849056,198.28188679245284,male,25-29,164,0.025281331894558348,0.0007727501447015948
E02006768,E07000239,6929,98999,76,2622,0.028985507246376812,200.84057971014494,female,25-29,203,0.02929715687689421,0.0008491929529534554
E02006768,E07000239,6929,98999,76,2622,0.028985507246376812,200.84057971014494,male,25-29,174,0.02511184875162361,0.0007278796739601046
E02006776,E07000239,6600,98999,50,2264,0.022084805653710248,145.75971731448763,female,25-29,196,0.029696969696969697,0.0006558518042616983
E02006776,E07000239,6600,98999,50,2264,0.022084805653710248,145.75971731448763,male,25-29,170,0.025757575757575757,0.0005688510547167791
E02006779,E07000239,7763,98999,47,2986,0.015740120562625585,122.19055592766242,female,25-29,221,0.028468375627978874,0.0004480956646064993
E02006779,E07000239,7763,98999,47,2986,0.015740120562625585,122.19055592766242,male,25-29,219,0.028210743269354632,0.00044404050022092017
E02006773,E07000239,8336,98999,90,3333,0.027002700270027002,225.09450945094508,female,25-29,250,0.029990403071017274,0.0008098218651039768
E02006773,E07000239,8336,98999,90,3333,0.027002700270027002,225.09450945094508,male,25-29,258,0.030950095969289826,0.000835736164787304
E02006778,E07000239,6883,98999,44,2683,0.016399552739470743,112.87812150577712,female,25-29,165,0.02397210518669185,0.0003931318032852931
E02006778,E07000239,6883,98999,44,2683,0.016399552739470743,112.87812150577712,male,25-29,128,0.018596542205433678,0.00030497497466980316
E02006771,E07000239,6656,98999,74,2584,0.02863777089783282,190.61300309597524,female,25-29,125,0.018780048076923076,0.0005378187142772089
E02006771,E07000239,6656,98999,74,2584,0.02863777089783282,190.61300309597524,male,25-29,148,0.022235576923076924,0.0006367773577042154
E02006767,E07000239,8853,98999,423,3438,0.12303664921465969,1089.2434554973822,female,25-29,151,0.01705636507398622,0.0020985580064852155
E02006767,E07000239,8853,98999,423,3438,0.12303664921465969,1089.2434554973822,male,25-29,177,0.019993222636394442,0.0024598991201846567
E02006711,E07000235,7992,76224,13,2603,0.004994237418363427,39.91394544756051,female,25-29,122,0.015265265265265265,7.623835898903129e-05
E02006711,E07000235,7992,76224,13,2603,0.004994237418363427,39.91394544756051,male,25-29,152,0.01901901901901902,9.498549644535047e-05
E02006697,E07000234,7343,95519,582,2760,0.2108695652173913,1548.4152173913044,female,25-29,126,0.017159199237368923,0.003618352882662577
E02006697,E07000234,7343,95519,582,2760,0.2108695652173913,1548.4152173913044,male,25-29,122,0.016614462753642926,0.0035034845371812256
E02006748,E07000238,6695,120007,28,2468,0.011345218800648298,75.95623987034035,female,25-29,136,0.020313666915608663,0.00023046299580107074
E02006748,E07000238,6695,120007,28,2468,0.011345218800648298,75.95623987034035,male,25-29,138,0.020612397311426438,0.00023385215750402767
E02006753,E07000238,6436,120007,20,2175,0.009195402298850575,59.181609195402295,female,25-29,107,0.016625233064014915,0.00015287570633576932
E02006753,E07000238,6436,120007,20,2175,0.009195402298850575,59.181609195402295,male,25-29,122,0.018955873213175885,0.00017430688012115756
E02006707,E07000234,6848,95519,9,2196,0.004098360655737705,28.065573770491806,female,25-29,128,0.018691588785046728,7.660487206986364e-05
E02006707,E07000234,6848,95519,9,2196,0.004098360655737705,28.065573770491806,male,25-29,115,0.01679322429906542,6.882468975026812e-05
E02001895,E08000025,8221,1101521,8,3569,0.002241524236480807,18.427570748108714,female,25-29,304,0.03697846977253375,8.288813622310732e-05
E02001895,E08000025,8221,1101521,8,3569,0.002241524236480807,18.427570748108714,male,25-29,297,0.036126991850139886,8.097952782323314e-05
E02006706,E07000234,7094,95519,13,2640,0.004924242424242424,34.932575757575755,female,25-29,212,0.029884409360022554,0.00014715807639405044
E02006706,E07000234,7094,95519,13,2640,0.004924242424242424,34.932575757575755,male,25-29,181,0.025514519312094728,0.0001256396784307695
E02006703,E07000234,7229,95519,11,2633,0.004177744018230156,30.200911507785797,female,25-29,138,0.019089777285931663,7.975220286564691e-05
E02006703,E07000234,7229,95519,11,2633,0.004177744018230156,30.200911507785797,male,25-29,143,0.01978143588324803,8.264177543324281e-05
E02006705,E07000234,7134,95519,14,2719,0.0051489518205222505,36.732622287605736,female,25-29,220,0.03083823941687693,0.0001587846089872295
E02006705,E07000234,7134,95519,14,2719,0.0051489518205222505,36.732622287605736,male,25-29,235,0.03294084664984581,0.00016961083232726787
E02006702,E07000234,5790,95519,23,2326,0.009888220120378332,57.25279449699054,female,25-29,195,0.03367875647668394,0.0003330229574220682
E02006702,E07000234,5790,95519,23,2326,0.009888220120378332,57.25279449699054,male,25-29,206,0.03557858376511226,0.0003518088678407489
E02006708,E07000234,8466,95519,12,3221,0.003725551071095933,31.54051536789817,female,25-29,317,0.03744389321993858,0.0001394991364915439
E02006708,E07000234,8466,95519,12,3221,0.003725551071095933,31.54051536789817,male,25-29,305,0.0360264587762816,0.0001342184120817694
E02006709,E07000234,7862,95519,12,2822,0.004252303330970942,33.43160878809355,female,25-29,155,0.01971508522004579,8.383452255157671e-05
E02006709,E07000234,7862,95519,12,2822,0.004252303330970942,33.43160878809355,male,25-29,441,0.05609259730348512,0.00023852273835642146
E02006774,E07000239,7573,98999,64,2899,0.02207657813038979,167.18592618144186,female,25-29,284,0.0375016506008187,0.0008279081195075532
E02006774,E07000239,7573,98999,64,2899,0.02207657813038979,167.18592618144186,male,25-29,269,0.03552092961838109,0.0007841805779842669
E02001946,E08000025,7631,1101521,11,3033,0.003626772172766238,27.67589845037916,female,25-29,201,0.026339929236011007,9.552892238579659e-05
E02001946,E08000025,7631,1101521,11,3033,0.003626772172766238,27.67589845037916,male,25-29,232,0.03040230638186345,0.00011026223877365576
E02006901,E08000025,15014,1101521,10,5840,0.0017123287671232876,25.70890410958904,female,25-29,664,0.044225389636339416,7.572840691154008e-05
E02006901,E08000025,15014,1101521,10,5840,0.0017123287671232876,25.70890410958904,male,25-29,645,0.04295990408951645,7.356147960533638e-05
E02006187,E07000196,7313,110688,2369,2947,0.8038683406854428,5878.689175432643,female,25-29,133,0.01818679064679338,0.014619785219631325
E02006187,E07000196,7313,110688,2369,2947,0.8038683406854428,5878.689175432643,male,25-29,127,0.01736633392588541,0.013960246036790816
E02006777,E07000239,7139,98999,73,2644,0.02760968229954614,197.1055219364599,female,25-29,131,0.018349908950833452,0.0005066351563581097
E02006777,E07000239,7139,98999,73,2644,0.02760968229954614,197.1055219364599,male,25-29,139,0.019470514077601905,0.0005375747078914293
E02002002,E08000027,6982,315653,2194,2941,0.7460047602856171,5208.605236314179,female,25-29,110,0.015754798052134058,0.011753154344230576
E02002002,E08000027,6982,315653,2194,2941,0.7460047602856171,5208.605236314179,male,25-29,129,0.018476081352048125,0.013783244640052223
E02002013,E08000027,6563,315653,2277,2637,0.863481228668942,5667.027303754266,female,25-29,88,0.013408502209355478,0.011577989962344491
E02002013,E08000027,6563,315653,2277,2637,0.863481228668942,5667.027303754266,male,25-29,110,0.016760627761694347,0.014472487452930612
E02002078,E08000028,6286,316289,58,2651,0.02187853640135798,137.52847981893626,female,25-29,188,0.029907731466751512,0.0006543373915773624
E02002078,E08000028,6286,316289,58,2651,0.02187853640135798,137.52847981893626,male,25-29,158,0.02513522112631244,0.0005499218503682088
E02002029,E08000027,5821,315653,910,2458,0.37021969080553296,2155.048820179007,female,25-29,153,0.026284143617935064,0.009730907523320141
E02002029,E08000027,5821,315653,910,2458,0.37021969080553296,2155.048820179007,male,25-29,143,0.024566225734409895,0.009094900495652158
E02006696,E07000234,6224,95519,830,2309,0.3594629709831096,2237.297531398874,female,25-29,105,0.01687017994858612,0.006064205005338449
E02006696,E07000234,6224,95519,830,2309,0.3594629709831096,2237.297531398874,male,25-29,118,0.018958868894601542,0.006815011339332733
E02002035,E08000027,6215,315653,1133,2623,0.43194815097216926,2684.557758292032,female,25-29,116,0.018664521319388575,0.008062105472690527
E02002035,E08000027,6215,315653,1133,2623,0.43194815097216926,2684.557758292032,male,25-29,135,0.02172164119066774,0.009382622748389838
E02002027,E08000027,5585,315653,1634,1917,0.8523735002608243,4760.5059989567035,female,25-29,134,0.023992837958818264,0.020450859272148694
E02002027,E08000027,5585,315653,1634,1917,0.8523735002608243,4760.5059989567035,male,25-29,163,0.02918531781557744,0.024876791502688338
E02002023,E08000027,5328,315653,1842,2111,0.8725722406442444,4649.064898152535,female,25-29,150,0.028153153153153154,0.024565659928047424
E02002023,E08000027,5328,315653,1842,2111,0.8725722406442444,4649.064898152535,male,25-29,162,0.030405405405405407,0.026530912722291217
E02002036,E08000027,6538,315653,2415,2792,0.8649713467048711,5655.182664756447,female,25-29,262,0.04007341694707862,0.0346623574237804
E02002036,E08000027,6538,315653,2415,2792,0.8649713467048711,5655.182664756447,male,25-29,177,0.027072499235240136,0.023416936122172254
E02002006,E08000027,6484,315653,2371,2774,0.8547224224945926,5542.020187454938,female,25-29,226,0.03485502776064158,0.02979137376369185
E02002006,E08000027,6484,315653,2371,2774,0.8547224224945926,5542.020187454938,male,25-29,229,0.03531770512029611,0.03018683447736917
E02002039,E08000027,6423,315653,2050,2529,0.8105970739422697,5206.465005931198,female,25-29,134,0.02086252529970419,0.01691110196298679
E02002039,E08000027,6423,315653,2050,2529,0.8105970739422697,5206.465005931198,male,25-29,171,0.026623073330219522,0.021580585340826422
E02002024,E08000027,8489,315653,3028,3483,0.8693654895205283,7380.043640539765,female,25-29,293,0.03451525503592885,0.030006371590236166
E02002024,E08000027,8489,315653,3028,3483,0.8693654895205283,7380.043640539765,male,25-29,248,0.02921427730003534,0.02539788448593368
E02002009,E08000027,6697,315653,2392,2910,0.8219931271477663,5504.887972508591,female,25-29,265,0.03956995669702852,0.03252623244649217
E02002009,E08000027,6697,315653,2392,2910,0.8219931271477663,5504.887972508591,male,25-29,225,0.03359713304464686,0.027616612454568826
E02002018,E08000027,8990,315653,2997,3484,0.8602181400688863,7733.361079219288,female,25-29,152,0.016907675194660732,0.0145442889088399
E02002018,E08000027,8990,315653,2997,3484,0.8602181400688863,7733.361079219288,male,25-29,155,0.017241379310344827,0.014831347242567005
E02002033,E08000027,7674,315653,2219,2966,0.7481456507080243,5741.269723533378,female,25-29,242,0.03153505342715663,0.023592813066372408
E02002033,E08000027,7674,315653,2219,2966,0.7481456507080243,5741.269723533378,male,25-29,200,0.026062027625749284,0.019498192616836704
E02002017,E08000027,8443,315653,3414,3928,0.8691446028513238,7338.187881873727,female,25-29,338,0.040033163567452325,0.03479460804971544
E02002017,E08000027,8443,315653,3414,3928,0.8691446028513238,7338.187881873727,male,25-29,337,0.03991472225512259,0.034691665422349416
E02002041,E08000027,6174,315653,2055,2549,0.8061985092193017,4977.469595919969,female,25-29,107,0.01733074182053774,0.013972018219382131
E02002041,E08000027,6174,315653,2055,2549,0.8061985092193017,4977.469595919969,male,25-29,123,0.019922254616132166,0.016061291971813104
E02002012,E08000027,8054,315653,3436,3885,0.8844272844272845,7123.177348777349,female,25-29,243,0.030171343431835113,0.026684359338940915
E02002012,E08000027,8054,315653,3436,3885,0.8844272844272845,7123.177348777349,male,25-29,235,0.029178048174819966,0.025805861912144505
E02002022,E08000027,8434,315653,3147,3556,0.8849831271091113,7463.947694038245,female,25-29,347,0.041142992648802466,0.03641085429296439
E02002022,E08000027,8434,315653,3147,3556,0.8849831271091113,7463.947694038245,male,25-29,293,0.03474033673227413,0.030744611838151484
E02002034,E08000027,7963,315653,2698,3216,0.8389303482587065,6680.40236318408,female,25-29,244,0.03064171794549793,0.025706267107261635
E02002034,E08000027,7963,315653,2698,3216,0.8389303482587065,6680.40236318408,male,25-29,288,0.03616727364058772,0.030341823470866194
E02002042,E08000027,8222,315653,2220,2974,0.7464694014794889,6137.471418964358,female,25-29,158,0.01921673558744831,0.014344705112352136
E02002042,E08000027,8222,315653,2220,2974,0.7464694014794889,6137.471418964358,male,25-29,185,0.022500608124543908,0.01679601547965282
E02002026,E08000027,7013,315653,2186,2562,0.853239656518345,5983.769711163153,female,25-29,205,0.029231427349208614,0.024941413030979714
E02002026,E08000027,7013,315653,2186,2562,0.853239656518345,5983.769711163153,male,25-29,214,0.030514758306003135,0.02603640189575443
E02002020,E08000027,9771,315653,3408,3903,0.8731744811683321,8531.787855495773,female,25-29,299,0.030600757343158324,0.026719800416470298
E02002020,E08000027,9771,315653,3408,3903,0.8731744811683321,8531.787855495773,male,25-29,305,0.031214819363422373,0.027255983702419537
E02002030,E08000027,6330,315653,2521,2903,0.8684119875990355,5497.047881501895,female,25-29,251,0.03965244865718799,0.03443466175155733
E02002030,E08000027,6330,315653,2521,2903,0.8684119875990355,5497.047881501895,male,25-29,237,0.03744075829383886,0.032514003327167675
E02002028,E08000027,5825,315653,2078,2430,0.8551440329218107,4981.213991769548,female,25-29,139,0.02386266094420601,0.02040601211607411
E02002028,E08000027,5825,315653,2078,2430,0.8551440329218107,4981.213991769548,male,25-29,136,0.02334763948497854,0.019965594588389056
E02002021,E08000027,7518,315653,2907,3277,0.8870918523039365,6669.156545620995,female,25-29,415,0.05520085129023677,0.048968225419810274
E02002021,E08000027,7518,315653,2907,3277,0.8870918523039365,6669.156545620995,male,25-29,395,0.052540569300345834,0.046608310941747125
E02002011,E08000027,5761,315653,2006,2316,0.8661485319516408,4989.881692573403,female,25-29,133,0.023086269744835967,0.019996138647729252
E02002011,E08000027,5761,315653,2006,2316,0.8661485319516408,4989.881692573403,male,25-29,131,0.022739107793785802,0.019695444833477686
E02002019,E08000027,8016,315653,2788,3247,0.8586387434554974,6882.848167539267,female,25-29,269,0.033557884231536925,0.028814099549591916
E02002019,E08000027,8016,315653,2788,3247,0.8586387434554974,6882.848167539267,male,25-29,245,0.03056387225548902,0.026243324868587433
E02002016,E08000027,7873,315653,3246,3671,0.8842277308635249,6961.524925088532,female,25-29,329,0.04178839070240061,0.036950453887222116
E02002016,E08000027,7873,315653,3246,3671,0.8842277308635249,6961.524925088532,male,25-29,264,0.03353232567001143,0.029650212237770934
E02002040,E08000027,6006,315653,1787,2238,0.7984807864164433,4795.675603217158,female,25-29,88,0.014652014652014652,0.011699352181925908
E02002040,E08000027,6006,315653,1787,2238,0.7984807864164433,4795.675603217158,male,25-29,108,0.017982017982017984,0.014358295859636343
E02002015,E08000027,6039,315653,2300,2613,0.880214313050134,5315.614236509759,female,25-29,169,0.02798476568968372,0.024632591307413916
E02002015,E08000027,6039,315653,2300,2613,0.880214313050134,5315.614236509759,male,25-29,186,0.030799801291604572,0.027110425935970347
E02002037,E08000027,5965,315653,1882,2241,0.8398036590807675,5009.428826416778,female,25-29,156,0.026152556580050293,0.02196301271024304
E02002037,E08000027,5965,315653,1882,2241,0.8398036590807675,5009.428826416778,male,25-29,123,0.020620284995808886,0.017316990790768552
E02001901,E08000025,8063,1101521,11,2791,0.003941239699032604,31.778215693299888,female,25-29,509,0.06312786803919136,0.00024880205963135254
E02001901,E08000025,8063,1101521,11,2791,0.003941239699032604,31.778215693299888,male,25-29,524,0.06498821778494357,0.00025613414390339634
E02006698,E07000234,6535,95519,10,2771,0.003608805485384338,23.583543846986647,female,25-29,166,0.02540168324407039,9.166973382919665e-05
E02006698,E07000234,6535,95519,10,2771,0.003608805485384338,23.583543846986647,male,25-29,186,0.02846212700841622,0.00010271428007367816
E02001921,E08000025,7888,1101521,10,3211,0.003114294612270321,24.56555590158829,female,25-29,295,0.037398580121703856,0.00011647019657958224
E02001921,E08000025,7888,1101521,10,3211,0.003114294612270321,24.56555590158829,male,25-29,242,0.03067951318458418,9.554504261782678e-05
E02001927,E08000025,7803,1101521,10,3616,0.0027654867256637168,21.579092920353983,female,25-29,284,0.03639625784954505,0.00010065336794675068
E02001927,E08000025,7803,1101521,10,3616,0.0027654867256637168,21.579092920353983,male,25-29,213,0.027297193387158785,7.549002596006301e-05
E02001952,E08000025,9117,1101521,12,4047,0.0029651593773165306,27.03335804299481,female,25-29,399,0.04376439618295492,0.00012976840973448456
E02001952,E08000025,9117,1101521,12,4047,0.0029651593773165306,27.03335804299481,male,25-29,332,0.03641548755072941,0.0001079777243905987
E02001913,E08000025,7746,1101521,14,2873,0.004872955099199443,37.74591019839888,female,25-29,396,0.05112316034082107,0.00024912086486999477
E02001913,E08000025,7746,1101521,14,2873,0.004872955099199443,37.74591019839888,male,25-29,437,0.05641621482055254,0.0002749136816873427
E02001932,E08000025,7076,1101521,14,3205,0.00436817472698908,30.90920436817473,female,25-29,337,0.04762577727529678,0.00020803771664716224
E02001932,E08000025,7076,1101521,14,3205,0.00436817472698908,30.90920436817473,male,25-29,244,0.034482758620689655,0.00015062671472376138
E02001899,E08000025,8050,1101521,17,3211,0.005294300840859545,42.61912176891934,female,25-29,276,0.03428571428571429,0.00018151888597232727
E02001899,E08000025,8050,1101521,17,3211,0.005294300840859545,42.61912176891934,male,25-29,254,0.0315527950310559,0.00016704998926438813
E02001911,E08000025,8103,1101521,21,3490,0.006017191977077364,48.75730659025788,female,25-29,307,0.03788720227076391,0.0002279745695375479
E02001911,E08000025,8103,1101521,21,3490,0.006017191977077364,48.75730659025788,male,25-29,254,0.03134641490805874,0.00018861739629490935
E02001951,E08000025,8399,1101521,21,3936,0.005335365853658537,44.81173780487805,female,25-29,294,0.03500416716275747,0.00018676003821593165
E02001951,E08000025,8399,1101521,21,3936,0.005335365853658537,44.81173780487805,male,25-29,211,0.02512203833789737,0.00013403526552231828
E02001928,E08000025,6890,1101521,23,3103,0.007412181759587496,51.06993232355784,female,25-29,224,0.03251088534107402,0.00024097659131314936
E02001928,E08000025,6890,1101521,23,3103,0.007412181759587496,51.06993232355784,male,25-29,206,0.029898403483309143,0.00022161240093977128
E02001920,E08000025,7512,1101521,52,3186,0.016321406151914627,122.60640301318267,female,25-29,263,0.035010649627263045,0.0005714230322089386
E02001920,E08000025,7512,1101521,52,3186,0.016321406151914627,122.60640301318267,male,25-29,191,0.02542598509052183,0.0004149878294749326
E02001906,E08000025,9284,1101521,90,3832,0.02348643006263048,218.04801670146136,female,25-29,278,0.02994398965962947,0.0007032774189370178
E02001906,E08000025,9284,1101521,90,3832,0.02348643006263048,218.04801670146136,male,25-29,251,0.027035760448082723,0.0006349734969539262
E02001935,E08000025,7920,1101521,9,3303,0.0027247956403269754,21.580381471389646,female,25-29,227,0.028661616161616162,7.80970467618969e-05
E02001935,E08000025,7920,1101521,9,3303,0.0027247956403269754,21.580381471389646,male,25-29,221,0.027904040404040403,7.603280764043707e-05
E02001926,E08000025,7401,1101521,9,2620,0.003435114503816794,25.42328244274809,female,25-29,337,0.0455343872449669,0.0001564158340475962
E02001926,E08000025,7401,1101521,9,2620,0.003435114503816794,25.42328244274809,male,25-29,397,0.05364139981083638,0.00018426435049523945
E02001919,E08000025,6664,1101521,8,2649,0.003020007550018875,20.125330313325783,female,25-29,334,0.050120048019207684,0.00015136292342531578
E02001919,E08000025,6664,1101521,8,2649,0.003020007550018875,20.125330313325783,male,25-29,341,0.05117046818727491,0.0001545352002635709
E02001938,E08000025,7790,1101521,8,2854,0.002803083391730904,21.83601962158374,female,25-29,305,0.03915275994865212,0.00010974845115249367
E02001938,E08000025,7790,1101521,8,2854,0.002803083391730904,21.83601962158374,male,25-29,314,0.04030808729139923,0.0001129869300389607
E02002168,E08000031,11027,253250,76,3901,0.019482184055370416,214.8300435785696,female,30-34,406,0.03681871769293552,0.0007173090347764931
E02002168,E08000031,11027,253250,76,3901,0.019482184055370416,214.8300435785696,male,30-34,544,0.049333454248662374,0.000961123435759636
E02006130,E07000192,7338,98508,16,1959,0.00816743236345074,59.932618683001536,female,30-34,210,0.028618152085036794,0.0002337368215214848
E02006130,E07000192,7338,98508,16,1959,0.00816743236345074,59.932618683001536,male,30-34,188,0.025620059961842464,0.00020925010688590067
E02006177,E07000196,9842,110688,32,3021,0.010592519033432638,104.25157232704403,female,30-34,228,0.023166023166023165,0.0002453865413150418
E02006177,E07000196,9842,110688,32,3021,0.010592519033432638,104.25157232704403,male,30-34,228,0.023166023166023165,0.0002453865413150418
E02002134,E08000030,8444,273933,35,3485,0.010043041606886656,84.80344332855093,female,30-34,329,0.03896257697773567,0.0003913027816989235
E02002134,E08000030,8444,273933,35,3485,0.010043041606886656,84.80344332855093,male,30-34,286,0.033870203694931315,0.00034015986494192134
E02002120,E08000030,6211,273933,24,2204,0.010889292196007259,67.63339382940109,female,30-34,178,0.028658831106102078,0.00031207438591036743
E02002120,E08000030,6211,273933,24,2204,0.010889292196007259,67.63339382940109,male,30-34,167,0.026887779745612624,0.0002927888901518616
E02002129,E08000030,5759,273933,34,2402,0.014154870940882597,81.51790174854288,female,30-34,159,0.027608959888869595,0.00039080126403895344
E02002129,E08000030,5759,273933,34,2402,0.014154870940882597,81.51790174854288,male,30-34,169,0.029345372460496615,0.00041537995989046
E02002131,E08000030,7803,273933,19,2882,0.00659264399722415,51.44240111034004,female,30-34,138,0.01768550557477893,0.00011659424216544055
E02002131,E08000030,7803,273933,19,2882,0.00659264399722415,51.44240111034004,male,30-34,170,0.02178649237472767,0.0001436305881748181
E02006175,E07000196,7115,110688,15,1490,0.010067114093959731,71.62751677852349,female,30-34,233,0.032747716092761774,0.00032967499422243394
E02006175,E07000196,7115,110688,15,1490,0.010067114093959731,71.62751677852349,male,30-34,199,0.02796907940969782,0.00028156791352044785
E02006155,E07000194,5739,102062,10,2456,0.004071661237785016,23.36726384364821,female,30-34,189,0.03293256664924203,0.00013409025508649035
E02006155,E07000194,5739,102062,10,2456,0.004071661237785016,23.36726384364821,male,30-34,192,0.0334553058024046,0.00013621867183389496
E02006129,E07000192,7951,98508,11,2006,0.005483549351944167,43.599700897308075,female,30-34,248,0.031191045151553264,0.00017103763542726115
E02006129,E07000192,7951,98508,11,2006,0.005483549351944167,43.599700897308075,male,30-34,314,0.03949188781285373,0.00021655571582322584
E02006180,E07000196,6835,110688,36,2673,0.013468013468013467,92.05387205387206,female,30-34,159,0.023262618873445502,0.0003133012642888283
E02006180,E07000196,6835,110688,36,2673,0.013468013468013467,92.05387205387206,male,30-34,162,0.023701536210680323,0.0003192126088980515
E02002043,E08000028,8799,316289,31,3725,0.00832214765100671,73.22657718120804,female,30-34,329,0.03739061256961018,0.00031117019856588334
E02002043,E08000028,8799,316289,31,3725,0.00832214765100671,73.22657718120804,male,30-34,285,0.03239004432321855,0.00026955473128047647
E02002148,E08000030,11314,273933,12,4622,0.0025962786672436176,29.37429684119429,female,30-34,354,0.03128866890578045,8.123410360652649e-05
E02002148,E08000030,11314,273933,12,4622,0.0025962786672436176,29.37429684119429,male,30-34,329,0.02907901714689765,7.549723188290173e-05
E02006126,E07000192,8412,98508,11,1815,0.006060606060606061,50.981818181818184,female,30-34,271,0.03221588207322872,0.00019524777014078015
E02006126,E07000192,8412,98508,11,1815,0.006060606060606061,50.981818181818184,male,30-34,259,0.03078934854969092,0.0001866021124223692
E02002046,E08000028,5770,316289,16,2410,0.006639004149377593,38.30705394190871,female,30-34,212,0.03674176776429809,0.00024392874864264291
E02002046,E08000028,5770,316289,16,2410,0.006639004149377593,38.30705394190871,male,30-34,161,0.027902946273830154,0.00018524777609181845
E02002047,E08000028,6640,316289,124,3214,0.038581207218419414,256.1792159303049,female,30-34,184,0.027710843373493974,0.0010691177903899354
E02002047,E08000028,6640,316289,124,3214,0.038581207218419414,256.1792159303049,male,30-34,198,0.029819277108433736,0.0011504637092239524
E02002045,E08000028,7925,316289,34,3323,0.01023171832681312,81.08636773999399,female,30-34,279,0.03520504731861199,0.0003602081278461654
E02002045,E08000028,7925,316289,34,3323,0.01023171832681312,81.08636773999399,male,30-34,256,0.032302839116719245,0.0003305135509986321
E02002044,E08000028,7501,316289,27,3214,0.008400746733042938,63.014001244555075,female,30-34,305,0.040661245167311025,0.00034158482250074603
E02002044,E08000028,7501,316289,27,3214,0.008400746733042938,63.014001244555075,male,30-34,257,0.03426209838688175,0.0002878272110907925
E02006178,E07000196,7888,110688,18,2689,0.00669393826701376,52.801785050204536,female,30-34,215,0.027256592292089248,0.0001824539461724085
E02006178,E07000196,7888,110688,18,2689,0.00669393826701376,52.801785050204536,male,30-34,197,0.024974645030425964,0.00016717873207425338
E02002146,E08000030,6578,273933,19,2657,0.007150922092585623,47.038765525028225,female,30-34,244,0.03709334144116753,0.0002652515947994667
E02002146,E08000030,6578,273933,19,2657,0.007150922092585623,47.038765525028225,male,30-34,215,0.03268470659775008,0.00023372579049953012
E02002110,E08000030,6695,273933,15,2592,0.005787037037037037,38.74421296296296,female,30-34,226,0.03375653472740851,0.00019535031670954
E02002110,E08000030,6695,273933,15,2592,0.005787037037037037,38.74421296296296,male,30-34,189,0.028230022404779686,0.00016336818521284538
E02002112,E08000030,5455,273933,19,2078,0.009143407122232916,49.877285851780556,female,30-34,148,0.027131072410632447,0.00024807044071319367
E02002112,E08000030,5455,273933,19,2078,0.009143407122232916,49.877285851780556,male,30-34,147,0.026947754353803848,0.00024639428908675317
E02002113,E08000030,6555,273933,20,2632,0.007598784194528876,49.81003039513678,female,30-34,191,0.02913806254767353,0.0002214138491464554
E02002113,E08000030,6555,273933,20,2632,0.007598784194528876,49.81003039513678,male,30-34,173,0.02639206712433257,0.00020054762252532348
E02002124,E08000030,7088,273933,25,2905,0.008605851979345954,60.998278829604125,female,30-34,195,0.027511286681715576,0.00023675806094419598
E02002124,E08000030,7088,273933,25,2905,0.008605851979345954,60.998278829604125,male,30-34,191,0.026946952595936796,0.00023190148533508428
E02002114,E08000030,6027,273933,12,2486,0.004827031375703942,29.092518101367656,female,30-34,147,0.024390243902439025,0.00011773247257814493
E02002114,E08000030,6027,273933,12,2486,0.004827031375703942,29.092518101367656,male,30-34,138,0.022896963663514187,0.00011052436201213605
E02002116,E08000030,6796,273933,28,2645,0.01058601134215501,71.94253308128545,female,30-34,156,0.022954679223072396,0.00024299849461097435
E02002116,E08000030,6796,273933,28,2645,0.01058601134215501,71.94253308128545,male,30-34,155,0.022807533843437314,0.00024144081195321166
E02002138,E08000030,6485,273933,16,2394,0.006683375104427736,43.34168755221386,female,30-34,239,0.03685427910562837,0.00024631097146618795
E02002138,E08000030,6485,273933,16,2394,0.006683375104427736,43.34168755221386,male,30-34,220,0.03392444101773323,0.0002267297645295454
E02002145,E08000030,7105,273933,41,3016,0.013594164456233421,96.58653846153845,female,30-34,277,0.038986629134412386,0.0005299906480473833
E02002145,E08000030,7105,273933,41,3016,0.013594164456233421,96.58653846153845,male,30-34,261,0.036734693877551024,0.0004993774698208196
E02002147,E08000030,8031,273933,66,3184,0.0207286432160804,166.4717336683417,female,30-34,298,0.03710621342298593,0.0007691614591448088
E02002147,E08000030,8031,273933,66,3184,0.0207286432160804,166.4717336683417,male,30-34,290,0.03611007346532188,0.0007485128293691093
E02002119,E08000030,5943,273933,23,2452,0.009380097879282219,55.74592169657423,female,30-34,147,0.024734982332155476,0.00023201655531793474
E02002119,E08000030,5943,273933,23,2452,0.009380097879282219,55.74592169657423,male,30-34,153,0.02574457344775366,0.00024148661880029942
E02002117,E08000030,6391,273933,22,2461,0.008939455505891914,57.132060138155225,female,30-34,180,0.02816460647785949,0.00025177624644978007
E02002117,E08000030,6391,273933,22,2461,0.008939455505891914,57.132060138155225,male,30-34,192,0.03004224690971679,0.0002685613295464321
E02002132,E08000030,6479,273933,39,2806,0.013898788310762652,90.05024946543122,female,30-34,215,0.03318413335391264,0.00046121924476215
E02002132,E08000030,6479,273933,39,2806,0.013898788310762652,90.05024946543122,male,30-34,188,0.0290168235838864,0.00040329868844318236
E02002139,E08000030,9513,273933,49,4150,0.011807228915662651,112.3221686746988,female,30-34,327,0.03437401450646484,0.000405861858028139
E02002139,E08000030,9513,273933,49,4150,0.011807228915662651,112.3221686746988,male,30-34,486,0.0510879848628193,0.0006032075321152158
E02002136,E08000030,7706,273933,44,3044,0.01445466491458607,111.38764783180027,female,30-34,296,0.03841162730339995,0.0005552272014946116
E02002136,E08000030,7706,273933,44,3044,0.01445466491458607,111.38764783180027,male,30-34,306,0.0397093174150013,0.0005739848772207809
E02002118,E08000030,7347,273933,27,3045,0.008866995073891626,65.14581280788178,female,30-34,250,0.034027494215325985,0.0003017216235841713
E02002118,E08000030,7347,273933,27,3045,0.008866995073891626,65.14581280788178,male,30-34,221,0.03008030488634817,0.00026672191524840743
E02002128,E08000030,5558,273933,17,2321,0.007324429125376993,40.70917707884533,female,30-34,157,0.02824757106872976,0.00020689733225696076
E02002128,E08000030,5558,273933,17,2321,0.007324429125376993,40.70917707884533,male,30-34,149,0.02680820439006837,0.00019635479303367612
E02002142,E08000030,6831,273933,27,2814,0.009594882729211088,65.54264392324095,female,30-34,280,0.040989606206997514,0.0003932904646726841
E02002142,E08000030,6831,273933,27,2814,0.009594882729211088,65.54264392324095,male,30-34,281,0.04113599765773679,0.0003946950734750865
E02002123,E08000030,6475,273933,29,2966,0.009777478084962913,63.30917060013486,female,30-34,222,0.03428571428571429,0.0003352278200558713
E02002123,E08000030,6475,273933,29,2966,0.009777478084962913,63.30917060013486,male,30-34,239,0.03691119691119691,0.00036089841888897853
E02002144,E08000030,6676,273933,16,2662,0.006010518407212622,40.126220886551465,female,30-34,160,0.02396644697423607,0.00014405077069413116
E02002144,E08000030,6676,273933,16,2662,0.006010518407212622,40.126220886551465,male,30-34,180,0.02696225284601558,0.00016205711703089757
E02002133,E08000030,6723,273933,23,2899,0.00793377026560883,53.338737495688164,female,30-34,195,0.02900490852298081,0.00023011828079632927
E02002133,E08000030,6723,273933,23,2899,0.00793377026560883,53.338737495688164,male,30-34,228,0.03391343150379295,0.0002690613744695543
E02002125,E08000030,6150,273933,21,2579,0.0081426909654905,50.07754943776657,female,30-34,215,0.034959349593495934,0.0002846631800943833
E02002125,E08000030,6150,273933,21,2579,0.0081426909654905,50.07754943776657,male,30-34,197,0.032032520325203255,0.00026083091385392334
E02002111,E08000030,6159,273933,24,2566,0.009353078721745909,57.60561184723305,female,30-34,141,0.02289332683877253,0.00021412308812569786
E02002111,E08000030,6159,273933,24,2566,0.009353078721745909,57.60561184723305,male,30-34,178,0.028900795583698652,0.00027031141621542
E02002122,E08000030,5626,273933,26,2451,0.010607915136678907,59.68013055895553,female,30-34,198,0.03519374333451831,0.00037333224263462917
E02002122,E08000030,5626,273933,26,2451,0.010607915136678907,59.68013055895553,male,30-34,206,0.036615712762175616,0.00038841637365016977
E02002115,E08000030,6774,273933,19,2716,0.006995581737849779,47.388070692194404,female,30-34,225,0.033215234720992026,0.00023235988943256573
E02002115,E08000030,6774,273933,19,2716,0.006995581737849779,47.388070692194404,male,30-34,186,0.02745792736935341,0.00019208417526425434
E02002143,E08000030,10020,273933,34,3975,0.008553459119496854,85.70566037735848,female,30-34,431,0.04301397205588822,0.00036791825154721997
E02002143,E08000030,10020,273933,34,3975,0.008553459119496854,85.70566037735848,male,30-34,426,0.04251497005988024,0.00036365005837381834
E02002130,E08000030,6711,273933,30,2715,0.011049723756906077,74.15469613259668,female,30-34,300,0.044702726866338846,0.0004939527830534679
E02002130,E08000030,6711,273933,30,2715,0.011049723756906077,74.15469613259668,male,30-34,219,0.03263299061242736,0.00036058553162903156
E02002126,E08000030,6701,273933,25,2766,0.009038322487346349,60.565798987707886,female,30-34,249,0.0371586330398448,0.00033585170860308026
E02002126,E08000030,6701,273933,25,2766,0.009038322487346349,60.565798987707886,male,30-34,243,0.03626324429189673,0.0003277588963475843
E02002127,E08000030,8612,273933,33,3788,0.008711721224920803,75.02534318901796,female,30-34,327,0.03797027403622852,0.00033078644223747127
E02002127,E08000030,8612,273933,33,3788,0.008711721224920803,75.02534318901796,male,30-34,338,0.03924756154203437,0.00034191381491212623
E02002121,E08000030,6502,273933,27,2956,0.009133964817320704,59.38903924221922,female,30-34,203,0.031221162719163333,0.00028517300183268266
E02002121,E08000030,6502,273933,27,2956,0.009133964817320704,59.38903924221922,male,30-34,203,0.031221162719163333,0.00028517300183268266
E02002140,E08000030,8199,273933,27,3608,0.007483370288248337,61.35615299334812,female,30-34,299,0.03646786193438224,0.0002729025144756986
E02002140,E08000030,8199,273933,27,3608,0.007483370288248337,61.35615299334812,male,30-34,292,0.03561409928040005,0.0002665134923976722
E02002135,E08000030,7467,273933,29,3125,0.00928,69.29376,female,30-34,329,0.04406053301191911,0.00040888174635060934
E02002135,E08000030,7467,273933,29,3125,0.00928,69.29376,male,30-34,279,0.037364403374849336,0.00034674166331860183
E02006122,E07000192,6630,98508,8,1372,0.0058309037900874635,38.65889212827988,female,30-34,216,0.03257918552036199,0.00018996609632864137
E02006122,E07000192,6630,98508,8,1372,0.0058309037900874635,38.65889212827988,male,30-34,237,0.03574660633484163,0.00020843502236059258
E02006151,E07000194,8781,102062,18,3519,0.005115089514066497,44.915601023017906,female,30-34,243,0.02767338571916638,0.0001415518451108255
E02006151,E07000194,8781,102062,18,3519,0.005115089514066497,44.915601023017906,male,30-34,221,0.025167976312492884,0.00012873645172630633
E02006128,E07000192,8441,98508,11,2021,0.0054428500742206825,45.94309747649678,female,30-34,224,0.026537140149271412,0.00014443767523106656
E02006128,E07000192,8441,98508,11,2021,0.0054428500742206825,45.94309747649678,male,30-34,221,0.026181732022272242,0.0001425032420806505
E02002160,E08000031,7038,253250,36,2718,0.013245033112582781,93.21854304635761,female,30-34,230,0.032679738562091505,0.0004328442193654504
E02002160,E08000031,7038,253250,36,2718,0.013245033112582781,93.21854304635761,male,30-34,174,0.0247229326513214,0.00032745606160690594
E02002049,E08000028,6318,316289,724,2583,0.2802942315137437,1770.8989547038327,female,30-34,223,0.035295979740424185,0.009893259516866865
E02002049,E08000028,6318,316289,724,2583,0.2802942315137437,1770.8989547038327,male,30-34,219,0.03466286799620133,0.009715801947057593
E02002170,E08000031,6261,253250,38,2340,0.01623931623931624,101.67435897435898,female,30-34,208,0.03322153010701166,0.0005394949333617279
E02002170,E08000031,6261,253250,38,2340,0.01623931623931624,101.67435897435898,male,30-34,218,0.034818719054464146,0.0005654321897733494
E02002175,E08000031,7269,253250,73,3164,0.02307206068268015,167.710809102402,female,30-34,286,0.039345164396753333,0.0009077740205319195
E02002175,E08000031,7269,253250,73,3164,0.02307206068268015,167.710809102402,male,30-34,223,0.030678222589076903,0.0007078098132119512
E02006156,E07000194,7668,102062,8,3055,0.002618657937806874,20.07986906710311,female,30-34,133,0.017344809598330724,4.542012333441761e-05
E02006156,E07000194,7668,102062,8,3055,0.002618657937806874,20.07986906710311,male,30-34,115,0.014997391757955138,3.9273038973368615e-05
E02002153,E08000031,7380,253250,46,2996,0.015353805073431242,113.31108144192257,female,30-34,223,0.03021680216802168,0.00046394289043023943
E02002153,E08000031,7380,253250,46,2996,0.015353805073431242,113.31108144192257,male,30-34,227,0.030758807588075882,0.00047226473599849486
E02002052,E08000028,11268,316289,59,4711,0.012523880280195288,141.1190829972405,female,30-34,445,0.03949236776712815,0.0004945976858969563
E02002052,E08000028,11268,316289,59,4711,0.012523880280195288,141.1190829972405,male,30-34,368,0.0326588569400071,0.00040901561440467393
E02002055,E08000028,9306,316289,59,3933,0.015001271294177472,139.60183066361554,female,30-34,396,0.0425531914893617,0.0006383519699649988
E02002055,E08000028,9306,316289,59,3933,0.015001271294177472,139.60183066361554,male,30-34,405,0.043520309477756286,0.0006528599692823851
E02002048,E08000028,6531,316289,8,2546,0.003142183817753339,20.521602513747055,female,30-34,179,0.02740774766498239,8.612018119397453e-05
E02002048,E08000028,6531,316289,8,2546,0.003142183817753339,20.521602513747055,male,30-34,154,0.023579849946409433,7.409222292665966e-05
E02002171,E08000031,7412,253250,63,2973,0.02119071644803229,157.06559031281535,female,30-34,257,0.03467350242849433,0.0007347563582223824
E02002171,E08000031,7412,253250,63,2973,0.02119071644803229,157.06559031281535,male,30-34,201,0.027118186724230976,0.0005746538054579722
E02002181,E08000031,7544,253250,194,2860,0.06783216783216783,511.72587412587416,female,30-34,284,0.037645811240721104,0.0025535969862587045
E02002181,E08000031,7544,253250,194,2860,0.06783216783216783,511.72587412587416,male,30-34,277,0.036717921527041356,0.0024906562154706374
E02002051,E08000028,5608,316289,511,2576,0.1983695652173913,1112.4565217391305,female,30-34,225,0.040121255349500715,0.007958835979656392
E02002051,E08000028,5608,316289,511,2576,0.1983695652173913,1112.4565217391305,male,30-34,168,0.029957203994293864,0.005942597531476771
E02006810,E08000028,10065,316289,36,4151,0.008672609009877139,87.2898096844134,female,30-34,318,0.031594634873323396,0.0002740079150661629
E02006810,E08000028,10065,316289,36,4151,0.008672609009877139,87.2898096844134,male,30-34,292,0.029011425732737208,0.0002516047521991182
E02006124,E07000192,7632,98508,8,1666,0.004801920768307323,36.64825930372149,female,30-34,294,0.03852201257861635,0.00018497965223825377
E02006124,E07000192,7632,98508,8,1666,0.004801920768307323,36.64825930372149,male,30-34,221,0.028957023060796647,0.0001390493304239935
E02006202,E07000197,8878,132044,10,1780,0.0056179775280898875,49.87640449438202,female,30-34,203,0.022865510250056318,0.00012845792275312538
E02006202,E07000197,8878,132044,10,1780,0.0056179775280898875,49.87640449438202,male,30-34,153,0.01723361117368777,9.681804030161668e-05
E02006186,E07000196,12377,110688,2790,4611,0.605074821080026,7489.0110605074815,female,30-34,255,0.0206027308717783,0.01246619369600118
E02006186,E07000196,12377,110688,2790,4611,0.605074821080026,7489.0110605074815,male,30-34,259,0.020925910963884624,0.012661741832409043
E02002071,E08000028,6650,316289,1140,2828,0.4031117397454031,2680.6930693069307,female,30-34,224,0.03368421052631579,0.013578500707213578
E02002071,E08000028,6650,316289,1140,2828,0.4031117397454031,2680.6930693069307,male,30-34,199,0.029924812030075187,0.012063043038997776
E02001886,E08000025,9196,1101521,15,3600,0.004166666666666667,38.31666666666666,female,30-34,389,0.042301000434971724,0.00017625416847904884
E02001886,E08000025,9196,1101521,15,3600,0.004166666666666667,38.31666666666666,male,30-34,479,0.05208786428882123,0.00021703276787008846
E02002067,E08000028,5450,316289,1329,2304,0.5768229166666666,3143.684895833333,female,30-34,164,0.030091743119266056,0.017357607033639144
E02002067,E08000028,5450,316289,1329,2304,0.5768229166666666,3143.684895833333,male,30-34,200,0.03669724770642202,0.02116781345565749
E02002014,E08000027,7170,315653,2764,3215,0.8597200622083981,6164.192846034215,female,30-34,257,0.035843793584379356,0.0308156284501476
E02002014,E08000027,7170,315653,2764,3215,0.8597200622083981,6164.192846034215,male,30-34,299,0.04170153417015342,0.03585164555094994
E02002031,E08000027,5952,315653,1897,2242,0.8461195361284567,5036.103479036574,female,30-34,196,0.03293010752688172,0.02786280730530536
E02002031,E08000027,5952,315653,1897,2242,0.8461195361284567,5036.103479036574,male,30-34,233,0.039146505376344086,0.033122622970082394
E02002032,E08000027,10187,315653,3407,4176,0.8158524904214559,8311.08931992337,female,30-34,431,0.04230882497300481,0.03451776022103146
E02002032,E08000027,10187,315653,3407,4176,0.8158524904214559,8311.08931992337,male,30-34,353,0.03465200746048886,0.028270926584742707
E02002001,E08000027,6002,315653,1811,2412,0.7508291873963516,4506.476782752902,female,30-34,147,0.024491836054648452,0.018389185362756365
E02002001,E08000027,6002,315653,1811,2412,0.7508291873963516,4506.476782752902,male,30-34,164,0.02732422525824725,0.02051582584688465
E02002077,E08000028,10521,316289,3346,4614,0.7251842219332466,7629.663198959687,female,30-34,387,0.036783575705731396,0.026674868728083494
E02002077,E08000028,10521,316289,3346,4614,0.7251842219332466,7629.663198959687,male,30-34,371,0.03526280771789754,0.025572031778085213
E02001900,E08000025,7094,1101521,8,2566,0.003117692907248636,22.116913484021826,female,30-34,244,0.034395263603044825,0.00010723386937816002
E02001900,E08000025,7094,1101521,8,2566,0.003117692907248636,22.116913484021826,male,30-34,239,0.0336904426275726,0.0001050364540220502
E02006181,E07000196,5700,110688,41,2088,0.019636015325670497,111.92528735632183,female,30-34,154,0.027017543859649124,0.000530516905290045
E02006181,E07000196,5700,110688,41,2088,0.019636015325670497,111.92528735632183,male,30-34,141,0.024736842105263158,0.0004857330106876386
E02001879,E08000025,10994,1101521,20,4424,0.0045207956600361665,49.701627486437616,female,30-34,435,0.03956703656539931,0.00017887448718534953
E02001879,E08000025,10994,1101521,20,4424,0.0045207956600361665,49.701627486437616,male,30-34,593,0.05393851191559032,0.00024384499057680977
E02001866,E08000025,8949,1101521,8,3671,0.002179242713157178,19.502043040043585,female,30-34,335,0.03743435020672701,8.157853490978373e-05
E02001866,E08000025,8949,1101521,8,3671,0.002179242713157178,19.502043040043585,male,30-34,412,0.04603866353782546,0.00010032942203830119
E02002008,E08000027,8544,315653,2480,2912,0.8516483516483516,7276.483516483516,female,30-34,290,0.03394194756554307,0.028906603695929536
E02002008,E08000027,8544,315653,2480,2912,0.8516483516483516,7276.483516483516,male,30-34,266,0.031132958801498127,0.02651433304523192
E02002004,E08000027,7541,315653,2747,3237,0.8486252703120173,6399.483163422922,female,30-34,284,0.037660787693939796,0.031959896136933154
E02002004,E08000027,7541,315653,2747,3237,0.8486252703120173,6399.483163422922,male,30-34,190,0.025195597400875215,0.02138162065499049
E02002167,E08000031,6614,253250,90,2412,0.03731343283582089,246.79104477611938,female,30-34,183,0.0276685817961899,0.0010324097685145484
E02002167,E08000031,6614,253250,90,2412,0.03731343283582089,246.79104477611938,male,30-34,170,0.025703054127608104,0.000959069183865974
E02006182,E07000196,6858,110688,47,2192,0.02144160583941606,147.04653284671534,female,30-34,157,0.02289297171186935,0.0004908620759388045
E02006182,E07000196,6858,110688,47,2192,0.02144160583941606,147.04653284671534,male,30-34,142,0.020705745115193935,0.00044396442537140285
E02002079,E08000028,8081,316289,153,3774,0.04054054054054054,327.6081081081081,female,30-34,273,0.03378294765499319,0.0013695789589862105
E02002079,E08000028,8081,316289,153,3774,0.04054054054054054,327.6081081081081,male,30-34,224,0.02771934166563544,0.001123757094552788
E02001861,E08000025,10383,1101521,8,4006,0.00199700449326011,20.73489765351972,female,30-34,387,0.037272464605605314,7.443327929227222e-05
E02001861,E08000025,10383,1101521,8,4006,0.00199700449326011,20.73489765351972,male,30-34,458,0.04411056534720216,8.808899719860642e-05
E02002025,E08000027,7828,315653,1831,3361,0.5447783397798275,4264.524843796489,female,30-34,285,0.03640776699029126,0.01983416285606168
E02002025,E08000027,7828,315653,1831,3361,0.5447783397798275,4264.524843796489,male,30-34,297,0.03794072560040879,0.0206692855026327
E02002162,E08000031,7547,253250,87,2826,0.03078556263269639,232.33864118895966,female,30-34,199,0.026368093282098846,0.000811756587240835
E02002162,E08000031,7547,253250,87,2826,0.03078556263269639,232.33864118895966,male,30-34,212,0.02809063203922088,0.0008647859120354623
E02002010,E08000027,7321,315653,3068,3523,0.8708487084870848,6375.483394833948,female,30-34,255,0.034831307198470156,0.030332798888704635
E02002010,E08000027,7321,315653,3068,3523,0.8708487084870848,6375.483394833948,male,30-34,255,0.034831307198470156,0.030332798888704635
E02001873,E08000025,11051,1101521,12,4852,0.00247320692497939,27.33140972794724,female,30-34,515,0.0466021174554339,0.00011525667960948202
E02001873,E08000025,11051,1101521,12,4852,0.00247320692497939,27.33140972794724,male,30-34,544,0.04922631436069134,0.0001217468615680742
E02002073,E08000028,7623,316289,34,3367,0.010098010098010098,76.97713097713097,female,30-34,281,0.03686212777121868,0.00037223413846790466
E02002073,E08000028,7623,316289,34,3367,0.010098010098010098,76.97713097713097,male,30-34,218,0.028597664961301325,0.0002887795095587303
E02002161,E08000031,6390,253250,29,2544,0.01139937106918239,72.84198113207546,female,30-34,244,0.038184663536776214,0.00043528114880759047
E02002161,E08000031,6390,253250,29,2544,0.01139937106918239,72.84198113207546,male,30-34,271,0.04241001564945227,0.0004834475054379386
E02002174,E08000031,7479,253250,127,2806,0.04526015680684248,338.5007127583749,female,30-34,200,0.026741542987030353,0.0012103264288499125
E02002174,E08000031,7479,253250,127,2806,0.04526015680684248,338.5007127583749,male,30-34,256,0.03422917502339885,0.001549217828927888
E02002164,E08000031,7261,253250,33,2344,0.014078498293515358,102.22397610921502,female,30-34,236,0.032502410136344854,0.0004575851256396673
E02002164,E08000031,7261,253250,33,2344,0.014078498293515358,102.22397610921502,male,30-34,437,0.06018454758297755,0.0008473080504429433
E02002076,E08000028,10852,316289,28,4164,0.0067243035542747355,72.97214217098943,female,30-34,584,0.0538149649834132,0.0003618681603111358
E02002076,E08000028,10852,316289,28,4164,0.0067243035542747355,72.97214217098943,male,30-34,568,0.052340582381127904,0.000351953964138228
E02001857,E08000025,13611,1101521,14,5507,0.002542218994007627,34.60214272743781,female,30-34,609,0.04474322239365219,0.00011374706982225
E02001857,E08000025,13611,1101521,14,5507,0.002542218994007627,34.60214272743781,male,30-34,630,0.04628609213136434,0.00011766938257474138
E02002176,E08000031,7652,253250,160,3000,0.05333333333333334,408.1066666666667,female,30-34,246,0.03214845791949817,0.001714584422373236
E02002176,E08000031,7652,253250,160,3000,0.05333333333333334,408.1066666666667,male,30-34,201,0.026267642446419236,0.0014009409304756926
E02002005,E08000027,8668,315653,3163,3831,0.8256329939963456,7156.586791960323,female,30-34,316,0.03645592985694508,0.030099218516710335
E02002005,E08000027,8668,315653,3163,3831,0.8256329939963456,7156.586791960323,male,30-34,259,0.02988001845869866,0.024669929100721445
E02002074,E08000028,8186,316289,66,3525,0.01872340425531915,153.26978723404255,female,30-34,249,0.030417786464695822,0.0005695245125304751
E02002074,E08000028,8186,316289,66,3525,0.01872340425531915,153.26978723404255,male,30-34,244,0.02980698753970193,0.0005580882773391
E02002075,E08000028,8887,316289,1645,3984,0.41290160642570284,3669.456576305221,female,30-34,354,0.039833464611229885,0.016447301527478204
E02002075,E08000028,8887,316289,1645,3984,0.41290160642570284,3669.456576305221,male,30-34,313,0.03521998424665242,0.01454238807373073
E02001858,E08000025,8646,1101521,8,3191,0.0025070510811657787,21.67596364775932,female,30-34,333,0.03851492019430951,9.655887231415733e-05
E02001858,E08000025,8646,1101521,8,3191,0.0025070510811657787,21.67596364775932,male,30-34,374,0.043256997455470736,0.00010844750223872324
E02002150,E08000031,5718,253250,27,2139,0.012622720897615708,72.17671809256662,female,30-34,206,0.0360265827212312,0.0004547534985849661
E02002150,E08000031,5718,253250,27,2139,0.012622720897615708,72.17671809256662,male,30-34,187,0.03270374256733123,0.0004128102147348963
E02002154,E08000031,5629,253250,34,2198,0.015468607825295723,87.07279344858962,female,30-34,203,0.03606324391543791,0.0005578481770358912
E02002154,E08000031,5629,253250,34,2198,0.015468607825295723,87.07279344858962,male,30-34,160,0.02842423165748801,0.0004396832922450374
E02001862,E08000025,10446,1101521,19,4254,0.004466384579219558,46.655853314527505,female,30-34,424,0.04058969940647138,0.000181289207504221
E02001862,E08000025,10446,1101521,19,4254,0.004466384579219558,46.655853314527505,male,30-34,411,0.03934520390580126,0.00017573081199111988
E02002180,E08000031,6437,253250,436,2514,0.17342879872712808,1116.3611774065234,female,30-34,221,0.034332763709802705,0.00595428996717342
E02002180,E08000031,6437,253250,436,2514,0.17342879872712808,1116.3611774065234,male,30-34,191,0.029672207550100978,0.005146015310996032
E02002169,E08000031,8665,253250,103,3248,0.031711822660098525,274.78294334975374,female,30-34,225,0.025966532025389497,0.0008234460586869207
E02002169,E08000031,8665,253250,103,3248,0.031711822660098525,274.78294334975374,male,30-34,212,0.024466243508366993,0.0007758691752961208
E02002066,E08000028,7403,316289,67,3279,0.020433058859408357,151.26593473620008,female,30-34,331,0.04471160340402539,0.0009135948240529739
E02002066,E08000028,7403,316289,67,3279,0.020433058859408357,151.26593473620008,male,30-34,243,0.03282453059570444,0.0006707055656944793
E02002003,E08000027,9101,315653,2767,3902,0.7091235263967196,6453.733213736545,female,30-34,253,0.02779914295132403,0.01971302628044941
E02002003,E08000027,9101,315653,2767,3902,0.7091235263967196,6453.733213736545,male,30-34,262,0.028788045269750578,0.020414280179753934
E02002165,E08000031,7660,253250,52,2814,0.01847903340440654,141.54939587775408,female,30-34,281,0.03668407310704961,0.0006778862123548613
E02002165,E08000031,7660,253250,52,2814,0.01847903340440654,141.54939587775408,male,30-34,461,0.06018276762402089,0.0011121193732939183
E02002069,E08000028,6634,316289,455,2932,0.15518417462482947,1029.4918144611188,female,30-34,191,0.028791076273741334,0.00446791940810106
E02002069,E08000028,6634,316289,455,2932,0.15518417462482947,1029.4918144611188,male,30-34,198,0.029846246608381068,0.004631665145570732
E02002151,E08000031,5868,253250,28,2104,0.013307984790874524,78.09125475285171,female,30-34,255,0.0434560327198364,0.0005783122225073284
E02002151,E08000031,5868,253250,28,2104,0.013307984790874524,78.09125475285171,male,30-34,196,0.033401499659168374,0.00044450664945661333
E02002157,E08000031,7644,253250,52,2645,0.019659735349716444,150.2790170132325,female,30-34,227,0.029696493982208267,0.0005838252125046615
E02002157,E08000031,7644,253250,52,2645,0.019659735349716444,150.2790170132325,male,30-34,212,0.02773417059131345,0.0005452464539691112
E02002159,E08000031,5964,253250,39,2249,0.017341040462427744,103.42196531791906,female,30-34,211,0.03537894030851777,0.0006135076354078226
E02002159,E08000031,5964,253250,39,2249,0.017341040462427744,103.42196531791906,male,30-34,179,0.030013413816230718,0.0005204638234028448
E02001844,E08000025,9936,1101521,9,4181,0.0021525950729490554,21.388184644821816,female,30-34,336,0.033816425120772944,7.279307009972651e-05
E02001844,E08000025,9936,1101521,9,4181,0.0021525950729490554,21.388184644821816,male,30-34,337,0.0339170692431562,7.300971614168998e-05
E02002182,E08000031,6646,253250,769,2842,0.2705840957072484,1798.3019000703728,female,30-34,234,0.03520914835991574,0.009527035569590147
E02002182,E08000031,6646,253250,769,2842,0.2705840957072484,1798.3019000703728,male,30-34,178,0.02678302738489317,0.007247061245243788
E02001850,E08000025,8434,1101521,8,3079,0.0025982461838259174,21.913608314387787,female,30-34,312,0.03699312307327484,9.611724085293885e-05
E02001850,E08000025,8434,1101521,8,3079,0.0025982461838259174,21.913608314387787,male,30-34,313,0.03711169077543277,9.642530893259569e-05
E02002155,E08000031,6227,253250,22,2531,0.00869221651521138,54.12643224022126,female,30-34,275,0.04416251806648466,0.0003838701688908189
E02002155,E08000031,6227,253250,22,2531,0.00869221651521138,54.12643224022126,male,30-34,183,0.029388148386060704,0.0002554481487527995
E02001837,E08000025,10601,1101521,8,4727,0.0016924053310767928,17.94118891474508,female,30-34,360,0.03395906046599378,5.7472494971007027e-05
E02001837,E08000025,10601,1101521,8,4727,0.0016924053310767928,17.94118891474508,male,30-34,347,0.03273276106027733,5.539709931927621e-05
E02002000,E08000027,7828,315653,1919,3360,0.5711309523809524,4470.813095238095,female,30-34,243,0.03104241185487992,0.017729282246879335
E02002000,E08000027,7828,315653,1919,3360,0.5711309523809524,4470.813095238095,male,30-34,209,0.02669902912621359,0.015248641932501155
E02002149,E08000031,10130,253250,46,3910,0.011764705882352941,119.17647058823529,female,30-34,292,0.02882527147087858,0.00033912084083386563
E02002149,E08000031,10130,253250,46,3910,0.011764705882352941,119.17647058823529,male,30-34,267,0.0263573543928924,0.00031008652226932235
E02006176,E07000196,7483,110688,20,2057,0.009722897423432183,72.75644141954302,female,30-34,163,0.021782707470265936,0.00021179103033802562
E02006176,E07000196,7483,110688,20,2057,0.009722897423432183,72.75644141954302,male,30-34,123,0.016437257784311106,0.00015981777135936904
E02002156,E08000031,8211,253250,45,3261,0.013799448022079117,113.30726770929162,female,30-34,236,0.028741931555230787,0.00039662279055056285
E02002156,E08000031,8211,253250,45,3261,0.013799448022079117,113.30726770929162,male,30-34,230,0.028011204481792718,0.00038653916028232824
E02002152,E08000031,6251,253250,37,2675,0.013831775700934579,86.46242990654206,female,30-34,189,0.030235162374020158,0.00041820598423878346
E02002152,E08000031,6251,253250,37,2675,0.013831775700934579,86.46242990654206,male,30-34,192,0.03071508558630619,0.00042484417446479587
E02002063,E08000028,9625,316289,1050,3929,0.26724357342835325,2572.2193942479003,female,30-34,483,0.05018181818181818,0.013410768412041
E02002063,E08000028,9625,316289,1050,3929,0.26724357342835325,2572.2193942479003,male,30-34,460,0.047792207792207796,0.01277216039242
E02002070,E08000028,9356,316289,32,4370,0.007322654462242563,68.51075514874142,female,30-34,380,0.04061564771269773,0.000297414353960258
E02002070,E08000028,9356,316289,32,4370,0.007322654462242563,68.51075514874142,male,30-34,383,0.040936297563061136,0.000299762362017839
E02002064,E08000028,12292,316289,1836,4906,0.374235629841011,4600.104362005707,female,30-34,487,0.03961926456231695,0.014826940427316332
E02002064,E08000028,12292,316289,1836,4906,0.374235629841011,4600.104362005707,male,30-34,454,0.03693459160429548,0.013822240151954036
E02006179,E07000196,8820,110688,26,2574,0.010101010101010102,89.0909090909091,female,30-34,154,0.01746031746031746,0.0001763668430335097
E02006179,E07000196,8820,110688,26,2574,0.010101010101010102,89.0909090909091,male,30-34,511,0.05793650793650794,0.0005852172518839186
E02002163,E08000031,11710,253250,44,4472,0.009838998211091235,115.21466905187836,female,30-34,458,0.03911187019641332,0.00038482162089494324
E02002163,E08000031,11710,253250,44,4472,0.009838998211091235,115.21466905187836,male,30-34,571,0.04876174210076857,0.0004797666932991541
E02002058,E08000028,12006,316289,1237,5355,0.23099906629318395,2773.3747899159666,female,30-34,503,0.04189571880726303,0.009677871926159548
E02002058,E08000028,12006,316289,1237,5355,0.23099906629318395,2773.3747899159666,male,30-34,510,0.04247876061969016,0.009812554040440099
E02002065,E08000028,12333,316289,40,5232,0.00764525993883792,94.28899082568807,female,30-34,554,0.04492013297656693,0.0003434260930930194
E02002065,E08000028,12333,316289,40,5232,0.00764525993883792,94.28899082568807,male,30-34,513,0.0415957188032109,0.00031801008259335547
E02002158,E08000031,7354,253250,40,3054,0.01309757694826457,96.31958087753765,female,30-34,184,0.025020397062822955,0.0003277065758064565
E02002158,E08000031,7354,253250,40,3054,0.01309757694826457,96.31958087753765,male,30-34,201,0.027332064182757684,0.00035798381378857475
E02002061,E08000028,5723,316289,28,2656,0.010542168674698794,60.3328313253012,female,30-34,212,0.0370435086493098,0.0003905189164836877
E02002061,E08000028,5723,316289,28,2656,0.010542168674698794,60.3328313253012,male,30-34,245,0.04280971518434388,0.00045130723838916737
E02006894,E08000031,13025,253250,135,4910,0.0274949083503055,358.1211812627291,female,30-34,514,0.03946257197696737,0.0010850197997740519
E02006894,E08000031,13025,253250,135,4910,0.0274949083503055,358.1211812627291,male,30-34,487,0.03738963531669866,0.0010280245962839753
E02002059,E08000028,10733,316289,44,4615,0.009534127843986998,102.32979414951245,female,30-34,405,0.037734091120842264,0.0003597616488227648
E02002059,E08000028,10733,316289,44,4615,0.009534127843986998,102.32979414951245,male,30-34,391,0.0364297027858008,0.00034732544367827413
E02001842,E08000025,7584,1101521,10,2849,0.00351000351000351,26.61986661986662,female,30-34,248,0.03270042194092827,0.00011477859579125404
E02001842,E08000025,7584,1101521,10,2849,0.00351000351000351,26.61986661986662,male,30-34,222,0.029272151898734177,0.00010274535590991288
E02006174,E07000196,10383,110688,12,2102,0.005708848715509039,59.27497621313035,female,30-34,224,0.02157372628334778,0.00012316113958143356
E02006174,E07000196,10383,110688,12,2102,0.005708848715509039,59.27497621313035,male,30-34,221,0.021284792449195802,0.00012151166003346795
E02002177,E08000031,9490,253250,161,3469,0.04641106947247045,440.4410492937446,female,30-34,415,0.04373024236037935,0.002029567316235536
E02002177,E08000031,9490,253250,161,3469,0.04641106947247045,440.4410492937446,male,30-34,372,0.03919915700737619,0.0018192747991316132
E02002056,E08000028,8965,316289,1566,4445,0.3523059617547806,3158.4229471316085,female,30-34,301,0.0335750139431121,0.01182867757815828
E02002056,E08000028,8965,316289,1566,4445,0.3523059617547806,3158.4229471316085,male,30-34,345,0.0384829894032348,0.013557786592905668
E02002057,E08000028,9255,316289,2145,4624,0.4638840830449827,4293.247188581315,female,30-34,344,0.03716909778498109,0.01724215284359525
E02002057,E08000028,9255,316289,2145,4624,0.4638840830449827,4293.247188581315,male,30-34,347,0.037493246893571044,0.01739252045560335
E02002068,E08000028,12466,316289,24,5537,0.004334477153693336,54.03359219794112,female,30-34,621,0.04981549815498155,0.00021592413865262003
E02002068,E08000028,12466,316289,24,5537,0.004334477153693336,54.03359219794112,male,30-34,497,0.039868442162682496,0.0001728088517074914
E02002060,E08000028,6401,316289,64,2791,0.02293084915800788,146.78036546040843,female,30-34,235,0.036713013591626306,0.0008418605768054759
E02002060,E08000028,6401,316289,64,2791,0.02293084915800788,146.78036546040843,male,30-34,218,0.03405717856584908,0.0007809600244408245
E02002053,E08000028,6052,316289,13,2352,0.0055272108843537416,33.45068027210884,female,30-34,252,0.041639127561136816,0.00023014823907090926
E02002053,E08000028,6052,316289,13,2352,0.0055272108843537416,33.45068027210884,male,30-34,166,0.02742894910773298,0.00015160558605464657
E02002062,E08000028,7752,316289,41,3473,0.011805355600345523,91.51511661387849,female,30-34,334,0.043085655314757484,0.0005086414822646292
E02002062,E08000028,7752,316289,41,3473,0.011805355600345523,91.51511661387849,male,30-34,380,0.049019607843137254,0.0005786939019777217
E02002166,E08000031,9374,253250,65,3801,0.017100762957116548,160.3025519600105,female,30-34,330,0.03520375506720717,0.0006020110706047003
E02002166,E08000031,9374,253250,65,3801,0.017100762957116548,160.3025519600105,male,30-34,342,0.03648389161510561,0.000623902382263053
E02002072,E08000028,8540,316289,131,3492,0.03751431844215349,320.3722794959908,female,30-34,296,0.034660421545667446,0.0013002620912034464
E02002072,E08000028,8540,316289,131,3492,0.03751431844215349,320.3722794959908,male,30-34,273,0.031967213114754096,0.0011992282124950707
E02002178,E08000031,8046,253250,167,2985,0.0559463986599665,450.14472361809044,female,30-34,277,0.034427044494158586,0.0019260691559546009
E02002178,E08000031,8046,253250,167,2985,0.0559463986599665,450.14472361809044,male,30-34,279,0.03467561521252797,0.0019399757924596886
E02006184,E07000196,5448,110688,56,1700,0.03294117647058824,179.4635294117647,female,30-34,184,0.033773861967694566,0.0011125507471711153
E02006184,E07000196,5448,110688,56,1700,0.03294117647058824,179.4635294117647,male,30-34,156,0.028634361233480177,0.0009432495465146412
E02006183,E07000196,7502,110688,91,2432,0.03741776315789474,280.70805921052636,female,30-34,167,0.022260730471874168,0.000832946740518318
E02006183,E07000196,7502,110688,91,2432,0.03741776315789474,280.70805921052636,male,30-34,212,0.028259130898427087,0.00105739346700529
E02006008,E06000051,7797,310774,11,2787,0.003946896304269824,30.773950484391815,female,30-34,204,0.026163909195844555,0.00010326623651033013
E02006008,E06000051,7797,310774,11,2787,0.003946896304269824,30.773950484391815,male,30-34,185,0.023727074515839424,9.364830271770134e-05
E02006009,E06000051,7325,310774,27,2987,0.009039169735520589,66.21191831268831,female,30-34,189,0.025802047781569967,0.00023322908942162337
E02006009,E06000051,7325,310774,27,2987,0.009039169735520589,66.21191831268831,male,30-34,202,0.02757679180887372,0.0002492713019215234
E02006185,E07000196,7124,110688,1799,3014,0.5968812209688122,4252.181818181818,female,30-34,177,0.02484559236384054,0.01482986750582254
E02006185,E07000196,7124,110688,1799,3014,0.5968812209688122,4252.181818181818,male,30-34,159,0.02231892195395845,0.013321745386586347
E02002007,E08000027,8924,315653,3107,3605,0.8618585298196949,7691.225520110957,female,30-34,252,0.02823845809054236,0.024337555974289906
E02002007,E08000027,8924,315653,3107,3605,0.8618585298196949,7691.225520110957,male,30-34,248,0.027790228597041687,0.023951245561999592
E02002941,E06000020,10177,169768,25,4322,0.005784359093012495,58.86742248958816,female,30-34,334,0.03281910189643313,0.0001898374704791366
E02002941,E06000020,10177,169768,25,4322,0.005784359093012495,58.86742248958816,male,30-34,385,0.03783040188660706,0.00021882462914511256
E02002080,E08000028,6839,316289,2355,3075,0.7658536585365854,5237.673170731708,female,30-34,231,0.033776867963152504,0.025868137903487527
E02002080,E08000028,6839,316289,2355,3075,0.7658536585365854,5237.673170731708,male,30-34,227,0.033191987132621725,0.025420204779617615
E02001925,E08000025,6588,1101521,11,2553,0.004308656482569526,28.385428907168038,female,30-34,220,0.033394049787492414,0.0001438834890961287
E02001925,E08000025,6588,1101521,11,2553,0.004308656482569526,28.385428907168038,male,30-34,224,0.03400121432908318,0.0001464995525342401
E02001890,E08000025,10590,1101521,18,3528,0.00510204081632653,54.03061224489795,female,30-34,498,0.04702549575070822,0.00023992599872810314
E02001890,E08000025,10590,1101521,18,3528,0.00510204081632653,54.03061224489795,male,30-34,585,0.05524079320113314,0.00028184078163843437
E02002038,E08000027,9391,315653,2749,3729,0.7371949584338965,6922.997854652722,female,30-34,308,0.032797359173676925,0.024178047832780335
E02002038,E08000027,9391,315653,2749,3729,0.7371949584338965,6922.997854652722,male,30-34,283,0.030135235864125226,0.022215543950249463
E02002946,E06000020,7932,169768,24,2991,0.00802407221664995,63.6469408224674,female,30-34,251,0.03164397377710539,0.000253913530809271
E02002946,E06000020,7932,169768,24,2991,0.00802407221664995,63.6469408224674,male,30-34,261,0.032904689863842665,0.00026402960773394313
E02002943,E06000020,10466,169768,33,4085,0.008078335373317013,84.54785801713587,female,30-34,462,0.04414293904070323,0.0003566014659346895
E02002943,E06000020,10466,169768,33,4085,0.008078335373317013,84.54785801713587,male,30-34,451,0.04309191668259125,0.0003481109548410064
E02001950,E08000025,8602,1101521,8,3466,0.002308136180034622,19.85458742065782,female,30-34,270,0.03138804929086259,7.244789218895e-05
E02001950,E08000025,8602,1101521,8,3466,0.002308136180034622,19.85458742065782,male,30-34,253,0.029411764705882353,6.788635823631241e-05
E02002179,E08000031,6327,253250,182,2259,0.08056662239929172,509.74501992031867,female,30-34,198,0.031294452347083924,0.002521288325440139
E02002179,E08000031,6327,253250,182,2259,0.08056662239929172,509.74501992031867,male,30-34,198,0.031294452347083924,0.002521288325440139
E02002932,E06000020,9089,169768,14,3567,0.003924866834875245,35.673114662181106,female,30-34,392,0.04312905710199142,0.00016927580583904679
E02002932,E06000020,9089,169768,14,3567,0.003924866834875245,35.673114662181106,male,30-34,349,0.038398063593354605,0.00015070728632098808
E02006704,E07000234,6898,95519,9,2842,0.0031667839549612948,21.84447572132301,female,30-34,181,0.026239489707161497,8.309479499101108e-05
E02006704,E07000234,6898,95519,9,2842,0.0031667839549612948,21.84447572132301,male,30-34,136,0.019715859669469413,6.243586805954423e-05
E02006046,E06000051,8908,310774,21,3364,0.00624256837098692,55.608799048751486,female,30-34,164,0.018410417602155366,0.00011492829061987595
E02006046,E06000051,8908,310774,21,3364,0.00624256837098692,55.608799048751486,male,30-34,176,0.019757521329142345,0.00012333767773840346
E02006011,E06000051,5892,310774,35,2308,0.015164644714038129,89.35008665511265,female,30-34,134,0.022742701968771217,0.00034488499519367096
E02006011,E06000051,5892,310774,35,2308,0.015164644714038129,89.35008665511265,male,30-34,148,0.025118805159538356,0.000380917755885547
E02006043,E06000051,6881,310774,9,2630,0.0034220532319391636,23.547148288973386,female,30-34,151,0.021944484813253888,7.509519517843536e-05
E02006043,E06000051,6881,310774,9,2630,0.0034220532319391636,23.547148288973386,male,30-34,157,0.02281645109722424,7.807911021863809e-05
E02006013,E06000051,7636,310774,234,3144,0.07442748091603053,568.3282442748092,female,30-34,142,0.01859612362493452,0.0013840626362069586
E02006013,E06000051,7636,310774,234,3144,0.07442748091603053,568.3282442748092,male,30-34,129,0.01689366160293347,0.0012573526765542087
E02002948,E06000020,7031,169768,13,2761,0.004708438971387179,33.105034407823254,female,30-34,283,0.04025032001137818,0.00018951617535237827
E02002948,E06000020,7031,169768,13,2761,0.004708438971387179,33.105034407823254,male,30-34,200,0.02844545583842981,0.00013393369282853587
E02002947,E06000020,6762,169768,17,2744,0.00619533527696793,41.892857142857146,female,30-34,227,0.03356994971901804,0.00020797709374027211
E02002947,E06000020,6762,169768,17,2744,0.00619533527696793,41.892857142857146,male,30-34,246,0.03637976929902396,0.00022538486810619798
E02006045,E06000051,11048,310774,9,4637,0.0019409100711667026,21.44317446624973,female,30-34,260,0.023533671252715424,4.5676739545921675e-05
E02006045,E06000051,11048,310774,9,4637,0.0019409100711667026,21.44317446624973,male,30-34,270,0.02443881245474294,4.743353722076481e-05
E02002950,E06000020,5501,169768,15,2409,0.0062266500622665,34.25280199252802,female,30-34,172,0.03126704235593528,0.00019468893123247375
E02002950,E06000020,5501,169768,15,2409,0.0062266500622665,34.25280199252802,male,30-34,174,0.031630612615888024,0.00019695275601424672
E02006010,E06000051,11572,310774,39,4282,0.00910789350770668,105.39654367118169,female,30-34,295,0.025492568268233668,0.00023218359702501472
E02006010,E06000051,11572,310774,39,4282,0.00910789350770668,105.39654367118169,male,30-34,273,0.023591427583823023,0.000214868210128234
E02006014,E06000051,9310,310774,60,3559,0.01685866816521495,156.9542006181512,female,30-34,206,0.022126745435016113,0.00037302745886512136
E02006014,E06000051,9310,310774,60,3559,0.01685866816521495,156.9542006181512,male,30-34,180,0.01933404940923738,0.0003259463232802031
E02002936,E06000020,8985,169768,13,3588,0.0036231884057971015,32.55434782608695,female,30-34,360,0.04006677796327212,0.00014516948537417434
E02002936,E06000020,8985,169768,13,3588,0.0036231884057971015,32.55434782608695,male,30-34,384,0.04273789649415693,0.00015484745106578596
E02002937,E06000020,10271,169768,19,3808,0.004989495798319327,51.247111344537814,female,30-34,257,0.02502190633823386,0.0001248466965405576
E02002937,E06000020,10271,169768,19,3808,0.004989495798319327,51.247111344537814,male,30-34,253,0.02463246032518742,0.00012290355729479018
E02002934,E06000020,5973,169768,8,2312,0.0034602076124567475,20.667820069204154,female,30-34,179,0.029968190189184663,0.00010369615982416839
E02002934,E06000020,5973,169768,8,2312,0.0034602076124567475,20.667820069204154,male,30-34,214,0.03582789218148334,0.00012397194526464825
E02002931,E06000020,6673,169768,12,2265,0.005298013245033113,35.35364238410596,female,30-34,182,0.02727408961486588,0.0001444984880257795
E02002931,E06000020,6673,169768,12,2265,0.005298013245033113,35.35364238410596,male,30-34,181,0.02712423197961936,0.0001437045402893741
E02002949,E06000020,5179,169768,19,2064,0.009205426356589148,47.6749031007752,female,30-34,141,0.027225333075883377,0.00025062079866365513
E02002949,E06000020,5179,169768,19,2064,0.009205426356589148,47.6749031007752,male,30-34,143,0.02761150801312995,0.0002541757036092389
E02002933,E06000020,8266,169768,8,3198,0.0025015634771732333,20.677923702313947,female,30-34,235,0.028429712073554318,7.11187293897544e-05
E02002933,E06000020,8266,169768,8,3198,0.0025015634771732333,20.677923702313947,male,30-34,187,0.022622792160658118,5.6592350620783285e-05
E02006012,E06000051,6249,310774,51,2517,0.02026221692491061,126.6185935637664,female,30-34,174,0.02784445511281805,0.0005641903896518557
E02006012,E06000051,6249,310774,51,2517,0.02026221692491061,126.6185935637664,male,30-34,159,0.025444071051368217,0.0005155532870956611
E02002938,E06000020,7041,169768,10,2924,0.003419972640218878,24.08002735978112,female,30-34,215,0.030535435307484732,0.0001044303533087713
E02002938,E06000020,7041,169768,10,2924,0.003419972640218878,24.08002735978112,male,30-34,259,0.03678454764948161,0.00012580214654405475
E02002935,E06000020,6539,169768,17,2641,0.006436955698599016,42.091253313138964,female,30-34,196,0.029974002141000152,0.00019294132389133004
E02002935,E06000020,6539,169768,17,2641,0.006436955698599016,42.091253313138964,male,30-34,196,0.029974002141000152,0.00019294132389133004
E02002942,E06000020,6480,169768,12,2164,0.005545286506469501,35.93345656192236,female,30-34,201,0.031018518518518518,0.00017200657219141506
E02002942,E06000020,6480,169768,12,2164,0.005545286506469501,35.93345656192236,male,30-34,208,0.03209876543209877,0.00017799685082494696
E02002940,E06000020,6097,169768,8,2441,0.0032773453502662844,19.981974600573537,female,30-34,216,0.03542725930785632,0.00011610736356528086
E02002940,E06000020,6097,169768,8,2441,0.0032773453502662844,19.981974600573537,male,30-34,204,0.033459078235197635,0.00010965695447832081
E02002945,E06000020,9464,169768,23,3482,0.006605399195864446,62.51349798966112,female,30-34,339,0.03581994928148774,0.00023660506417984436
E02002945,E06000020,9464,169768,23,3482,0.006605399195864446,62.51349798966112,male,30-34,376,0.039729501267962805,0.000262429215727497
E02001851,E08000025,8705,1101521,11,3747,0.0029356818788364024,25.55511075527088,female,30-34,324,0.03721998851234923,0.0001092660458062027
E02001851,E08000025,8705,1101521,11,3747,0.0029356818788364024,25.55511075527088,male,30-34,275,0.03159103963239517,9.27412425824251e-05
E02006770,E07000239,7445,98999,86,3002,0.028647568287808126,213.2811459027315,female,30-34,281,0.037743451981195435,0.0010812581180489032
E02006770,E07000239,7445,98999,86,3002,0.028647568287808126,213.2811459027315,male,30-34,283,0.03801208865010074,0.001088953905365977
E02006775,E07000239,5234,98999,39,2137,0.018249883013570427,95.51988769302761,female,30-34,184,0.03515475735575086,0.0006415702091129077
E02006775,E07000239,5234,98999,39,2137,0.018249883013570427,95.51988769302761,male,30-34,171,0.03267099732518151,0.0005962418791212349
E02006752,E07000238,6978,120007,9,2110,0.0042654028436018955,29.763981042654027,female,30-34,164,0.0235024362281456,0.00010024735831910445
E02006752,E07000238,6978,120007,9,2110,0.0042654028436018955,29.763981042654027,male,30-34,127,0.01820005732301519,7.76305762593065e-05
E02006769,E07000239,7260,98999,102,2631,0.03876852907639681,281.4595210946408,female,30-34,197,0.027134986225895316,0.0010519835024862495
E02006769,E07000239,7260,98999,102,2631,0.03876852907639681,281.4595210946408,male,30-34,180,0.024793388429752067,0.0009612032002412432
E02006780,E07000239,5841,98999,29,2373,0.012220817530552043,71.38179519595448,female,30-34,135,0.023112480739599383,0.0002824534097970426
E02006780,E07000239,5841,98999,29,2373,0.012220817530552043,71.38179519595448,male,30-34,125,0.021400445129258688,0.0002615309349972617
E02006710,E07000235,8023,76224,16,3073,0.005206638464041653,41.77286039700618,female,30-34,170,0.021189081391000873,0.00011032388618809435
E02006710,E07000235,8023,76224,16,3073,0.005206638464041653,41.77286039700618,male,30-34,139,0.017325190078524243,9.020600105967715e-05
E02006772,E07000239,6487,98999,81,2650,0.030566037735849056,198.28188679245284,female,30-34,156,0.02404809619238477,0.0007350550156917609
E02006772,E07000239,6487,98999,81,2650,0.030566037735849056,198.28188679245284,male,30-34,156,0.02404809619238477,0.0007350550156917609
E02006768,E07000239,6929,98999,76,2622,0.028985507246376812,200.84057971014494,female,30-34,189,0.02727666329917737,0.0007906279217152861
E02006768,E07000239,6929,98999,76,2622,0.028985507246376812,200.84057971014494,male,30-34,176,0.025400490691297444,0.0007362461069941288
E02006776,E07000239,6600,98999,50,2264,0.022084805653710248,145.75971731448763,female,30-34,177,0.026818181818181817,0.0005922743334404112
E02006776,E07000239,6600,98999,50,2264,0.022084805653710248,145.75971731448763,male,30-34,230,0.03484848484848485,0.0007696220152050542
E02006779,E07000239,7763,98999,47,2986,0.015740120562625585,122.19055592766242,female,30-34,201,0.025892052041736443,0.00040754402075070755
E02006779,E07000239,7763,98999,47,2986,0.015740120562625585,122.19055592766242,male,30-34,212,0.02730903001416978,0.000429847424871393
E02006773,E07000239,8336,98999,90,3333,0.027002700270027002,225.09450945094508,female,30-34,244,0.02927063339731286,0.0007903861403414814
E02006773,E07000239,8336,98999,90,3333,0.027002700270027002,225.09450945094508,male,30-34,254,0.03047024952015355,0.0008227790149456404
E02006778,E07000239,6883,98999,44,2683,0.016399552739470743,112.87812150577712,female,30-34,197,0.02862124073805027,0.0004693755469527439
E02006778,E07000239,6883,98999,44,2683,0.016399552739470743,112.87812150577712,male,30-34,138,0.020049397065233183,0.00032880114456588155
E02006771,E07000239,6656,98999,74,2584,0.02863777089783282,190.61300309597524,female,30-34,146,0.021935096153846152,0.00062817225827578
E02006771,E07000239,6656,98999,74,2584,0.02863777089783282,190.61300309597524,male,30-34,140,0.021033653846153848,0.000602356959990474
E02006767,E07000239,8853,98999,423,3438,0.12303664921465969,1089.2434554973822,female,30-34,173,0.019541398396023948,0.002404308179615512
E02006767,E07000239,8853,98999,423,3438,0.12303664921465969,1089.2434554973822,male,30-34,132,0.014910199932226365,0.0018345010387817778
E02006711,E07000235,7992,76224,13,2603,0.004994237418363427,39.91394544756051,female,30-34,148,0.018518518518518517,9.248587811784122e-05
E02006711,E07000235,7992,76224,13,2603,0.004994237418363427,39.91394544756051,male,30-34,114,0.014264264264264264,7.123912233401285e-05
E02006697,E07000234,7343,95519,582,2760,0.2108695652173913,1548.4152173913044,female,30-34,111,0.015116437423396432,0.0031875965871075084
E02006697,E07000234,7343,95519,582,2760,0.2108695652173913,1548.4152173913044,male,30-34,131,0.01784011984202642,0.0037619383145142665
E02006748,E07000238,6695,120007,28,2468,0.011345218800648298,75.95623987034035,female,30-34,124,0.018521284540702017,0.0002101280255833292
E02006748,E07000238,6695,120007,28,2468,0.011345218800648298,75.95623987034035,male,30-34,132,0.019716206123973113,0.00022368467239515687
E02006753,E07000238,6436,120007,20,2175,0.009195402298850575,59.181609195402295,female,30-34,133,0.020665009322560598,0.0001900230742304423
E02006753,E07000238,6436,120007,20,2175,0.009195402298850575,59.181609195402295,male,30-34,107,0.016625233064014915,0.00015287570633576932
E02006707,E07000234,6848,95519,9,2196,0.004098360655737705,28.065573770491806,female,30-34,174,0.025408878504672897,0.00010413474796997089
E02006707,E07000234,6848,95519,9,2196,0.004098360655737705,28.065573770491806,male,30-34,127,0.01854556074766355,7.600639650681783e-05
E02001895,E08000025,8221,1101521,8,3569,0.002241524236480807,18.427570748108714,female,30-34,260,0.03162632283177229,7.08911691381839e-05
E02001895,E08000025,8221,1101521,8,3569,0.002241524236480807,18.427570748108714,male,30-34,229,0.02785549203259944,6.243876051016967e-05
E02006706,E07000234,7094,95519,13,2640,0.004924242424242424,34.932575757575755,female,30-34,171,0.024104877361150266,0.00011869825973293691
E02006706,E07000234,7094,95519,13,2640,0.004924242424242424,34.932575757575755,male,30-34,185,0.026078376092472513,0.0001284162459099025
E02006703,E07000234,7229,95519,11,2633,0.004177744018230156,30.200911507785797,female,30-34,168,0.02323972886982985,9.708963827122233e-05
E02006703,E07000234,7229,95519,11,2633,0.004177744018230156,30.200911507785797,male,30-34,131,0.018121455249688754,7.570680127101264e-05
E02006705,E07000234,7134,95519,14,2719,0.0051489518205222505,36.732622287605736,female,30-34,238,0.03336136809643959,0.00017177607699527556
E02006705,E07000234,7134,95519,14,2719,0.0051489518205222505,36.732622287605736,male,30-34,237,0.03322119428090833,0.0001710543287726063
E02006702,E07000234,5790,95519,23,2326,0.009888220120378332,57.25279449699054,female,30-34,149,0.025734024179620035,0.00025446369567122133
E02006702,E07000234,5790,95519,23,2326,0.009888220120378332,57.25279449699054,male,30-34,139,0.024006908462867012,0.00023738559529060243
E02006708,E07000234,8466,95519,12,3221,0.003725551071095933,31.54051536789817,female,30-34,339,0.04004252303330971,0.00014918046457613058
E02006708,E07000234,8466,95519,12,3221,0.003725551071095933,31.54051536789817,male,30-34,297,0.03508150248051028,0.0001306979291419197
E02006709,E07000234,7862,95519,12,2822,0.004252303330970942,33.43160878809355,female,30-34,182,0.02314932587127957,9.843795551217393e-05
E02006709,E07000234,7862,95519,12,2822,0.004252303330970942,33.43160878809355,male,30-34,323,0.04108369371661155,0.00017470032763973727
E02006774,E07000239,7573,98999,64,2899,0.02207657813038979,167.18592618144186,female,30-34,243,0.03208767991548924,0.0007083861726772374
E02006774,E07000239,7573,98999,64,2899,0.02207657813038979,167.18592618144186,male,30-34,246,0.03248382411197676,0.0007171316809818947
E02001946,E08000025,7631,1101521,11,3033,0.003626772172766238,27.67589845037916,female,30-34,236,0.030926484078102476,0.00011216331185596018
E02001946,E08000025,7631,1101521,11,3033,0.003626772172766238,27.67589845037916,male,30-34,221,0.028960817717206135,0.00010503428779731865
E02006901,E08000025,15014,1101521,10,5840,0.0017123287671232876,25.70890410958904,female,30-34,702,0.04675636072998535,8.006226152394751e-05
E02006901,E08000025,15014,1101521,10,5840,0.0017123287671232876,25.70890410958904,male,30-34,658,0.043825762621553216,7.504411407800207e-05
E02006187,E07000196,7313,110688,2369,2947,0.8038683406854428,5878.689175432643,female,30-34,121,0.01654587720497744,0.013300706853950305
E02006187,E07000196,7313,110688,2369,2947,0.8038683406854428,5878.689175432643,male,30-34,107,0.014631478189525503,0.011761782093989112
E02006777,E07000239,7139,98999,73,2644,0.02760968229954614,197.1055219364599,female,30-34,118,0.01652892561983471,0.00045635838511646516
E02006777,E07000239,7139,98999,73,2644,0.02760968229954614,197.1055219364599,male,30-34,139,0.019470514077601905,0.0005375747078914293
E02002002,E08000027,6982,315653,2194,2941,0.7460047602856171,5208.605236314179,female,30-34,139,0.01990833572042395,0.014851713216800457
E02002002,E08000027,6982,315653,2194,2941,0.7460047602856171,5208.605236314179,male,30-34,136,0.0194786594099112,0.014531172643775986
E02002013,E08000027,6563,315653,2277,2637,0.863481228668942,5667.027303754266,female,30-34,127,0.019350906597592563,0.01670914460474716
E02002013,E08000027,6563,315653,2277,2637,0.863481228668942,5667.027303754266,male,30-34,103,0.015694042358677433,0.01355151097865321
E02002078,E08000028,6286,316289,58,2651,0.02187853640135798,137.52847981893626,female,30-34,195,0.03102131721285396,0.0006787010178594981
E02002078,E08000028,6286,316289,58,2651,0.02187853640135798,137.52847981893626,male,30-34,159,0.025294304804327077,0.0005534023684085139
E02002029,E08000027,5821,315653,910,2458,0.37021969080553296,2155.048820179007,female,30-34,156,0.026799518982992612,0.009921709631620536
E02002029,E08000027,5821,315653,910,2458,0.37021969080553296,2155.048820179007,male,30-34,133,0.02284830785088473,0.008458893467984176
E02006696,E07000234,6224,95519,830,2309,0.3594629709831096,2237.297531398874,female,30-34,116,0.018637532133676093,0.006699502672564382
E02006696,E07000234,6224,95519,830,2309,0.3594629709831096,2237.297531398874,male,30-34,121,0.01944087403598972,0.006988274339485261
E02002035,E08000027,6215,315653,1133,2623,0.43194815097216926,2684.557758292032,female,30-34,127,0.020434432823813353,0.008826615474411182
E02002035,E08000027,6215,315653,1133,2623,0.43194815097216926,2684.557758292032,male,30-34,138,0.022204344328238132,0.009591125476131834
E02002027,E08000027,5585,315653,1634,1917,0.8523735002608243,4760.5059989567035,female,30-34,176,0.031512981199641896,0.026860830088792313
E02002027,E08000027,5585,315653,1634,1917,0.8523735002608243,4760.5059989567035,male,30-34,183,0.032766338406445834,0.027929158558232914
E02002023,E08000027,5328,315653,1842,2111,0.8725722406442444,4649.064898152535,female,30-34,149,0.027965465465465467,0.02440188886186044
E02002023,E08000027,5328,315653,1842,2111,0.8725722406442444,4649.064898152535,male,30-34,183,0.03434684684684685,0.029970105112217857
E02002036,E08000027,6538,315653,2415,2792,0.8649713467048711,5655.182664756447,female,30-34,231,0.035331905781584586,0.030561086125546838
E02002036,E08000027,6538,315653,2415,2792,0.8649713467048711,5655.182664756447,male,30-34,232,0.03548485775466503,0.030693385199683402
E02002006,E08000027,6484,315653,2371,2774,0.8547224224945926,5542.020187454938,female,30-34,243,0.03747686613201728,0.03203231780786336
E02002006,E08000027,6484,315653,2371,2774,0.8547224224945926,5542.020187454938,male,30-34,233,0.03593460826650216,0.03071411542893894
E02002039,E08000027,6423,315653,2050,2529,0.8105970739422697,5206.465005931198,female,30-34,202,0.03144947843686751,0.02549285519793531
E02002039,E08000027,6423,315653,2050,2529,0.8105970739422697,5206.465005931198,male,30-34,180,0.02802428771602055,0.02271640562192255
E02002024,E08000027,8489,315653,3028,3483,0.8693654895205283,7380.043640539765,female,30-34,332,0.03910943574036989,0.03400039374729831
E02002024,E08000027,8489,315653,3028,3483,0.8693654895205283,7380.043640539765,male,30-34,287,0.033808458004476384,0.029391906642995836
E02002009,E08000027,6697,315653,2392,2910,0.8219931271477663,5504.887972508591,female,30-34,256,0.03822607137524264,0.031421567948309415
E02002009,E08000027,6697,315653,2392,2910,0.8219931271477663,5504.887972508591,male,30-34,214,0.031954606540241896,0.026266466956789903
E02002018,E08000027,8990,315653,2997,3484,0.8602181400688863,7733.361079219288,female,30-34,186,0.020689655172413793,0.017797616691080407
E02002018,E08000027,8990,315653,2997,3484,0.8602181400688863,7733.361079219288,male,30-34,191,0.02124582869855395,0.018276047247292246
E02002033,E08000027,7674,315653,2219,2966,0.7481456507080243,5741.269723533378,female,30-34,202,0.026322647902006776,0.01969317454300507
E02002033,E08000027,7674,315653,2219,2966,0.7481456507080243,5741.269723533378,male,30-34,230,0.029971331769611677,0.02242292150936221
E02002017,E08000027,8443,315653,3414,3928,0.8691446028513238,7338.187881873727,female,30-34,323,0.03825654388250622,0.03325046863922511
E02002017,E08000027,8443,315653,3414,3928,0.8691446028513238,7338.187881873727,male,30-34,298,0.0352955110742627,0.030676902955074557
E02002041,E08000027,6174,315653,2055,2549,0.8061985092193017,4977.469595919969,female,30-34,132,0.021379980563654033,0.017236508457555526
E02002041,E08000027,6174,315653,2055,2549,0.8061985092193017,4977.469595919969,male,30-34,113,0.01830255911888565,0.014755495876543748
E02002012,E08000027,8054,315653,3436,3885,0.8844272844272845,7123.177348777349,female,30-34,255,0.03166128631735783,0.028002105479135526
E02002012,E08000027,8054,315653,3436,3885,0.8844272844272845,7123.177348777349,male,30-34,227,0.02818475291780482,0.0249273644853481
E02002022,E08000027,8434,315653,3147,3556,0.8849831271091113,7463.947694038245,female,30-34,304,0.03604458145601138,0.03189884641228004
E02002022,E08000027,8434,315653,3147,3556,0.8849831271091113,7463.947694038245,male,30-34,248,0.02940479013516718,0.0260227431258074
E02002034,E08000027,7963,315653,2698,3216,0.8389303482587065,6680.40236318408,female,30-34,282,0.03541378877307547,0.029709702148556477
E02002034,E08000027,7963,315653,2698,3216,0.8389303482587065,6680.40236318408,male,30-34,254,0.031897526058018336,0.026759802644444487
E02002042,E08000027,8222,315653,2220,2974,0.7464694014794889,6137.471418964358,female,30-34,196,0.02383848212113841,0.017794697481145687
E02002042,E08000027,8222,315653,2220,2974,0.7464694014794889,6137.471418964358,male,30-34,203,0.024689856482607637,0.018430222391186604
E02002026,E08000027,7013,315653,2186,2562,0.853239656518345,5983.769711163153,female,30-34,205,0.029231427349208614,0.024941413030979714
E02002026,E08000027,7013,315653,2186,2562,0.853239656518345,5983.769711163153,male,30-34,201,0.02866105803507771,0.024454751313302058
E02002020,E08000027,9771,315653,3408,3903,0.8731744811683321,8531.787855495773,female,30-34,320,0.03274997441408249,0.02859644191729263
E02002020,E08000027,9771,315653,3408,3903,0.8731744811683321,8531.787855495773,male,30-34,296,0.0302937263330263,0.026451708773495678
E02002030,E08000027,6330,315653,2521,2903,0.8684119875990355,5497.047881501895,female,30-34,221,0.034913112164296996,0.030318965127865218
E02002030,E08000027,6330,315653,2521,2903,0.8684119875990355,5497.047881501895,male,30-34,193,0.030489731437598738,0.026477648279085917
E02002028,E08000027,5825,315653,2078,2430,0.8551440329218107,4981.213991769548,female,30-34,161,0.02763948497854077,0.023635740652431163
E02002028,E08000027,5825,315653,2078,2430,0.8551440329218107,4981.213991769548,male,30-34,140,0.0240343347639485,0.020552817958635797
E02002021,E08000027,7518,315653,2907,3277,0.8870918523039365,6669.156545620995,female,30-34,290,0.03857408885341846,0.034218759931915615
E02002021,E08000027,7518,315653,2907,3277,0.8870918523039365,6669.156545620995,male,30-34,366,0.04868316041500399,0.04318643494855557
E02002011,E08000027,5761,315653,2006,2316,0.8661485319516408,4989.881692573403,female,30-34,148,0.025689984377712204,0.022251342254616013
E02002011,E08000027,5761,315653,2006,2316,0.8661485319516408,4989.881692573403,male,30-34,144,0.024995660475611872,0.021649954626112872
E02002019,E08000027,8016,315653,2788,3247,0.8586387434554974,6882.848167539267,female,30-34,274,0.03418163672654691,0.02934967760813452
E02002019,E08000027,8016,315653,2788,3247,0.8586387434554974,6882.848167539267,male,30-34,240,0.029940119760479042,0.025707746810044833
E02002016,E08000027,7873,315653,3246,3671,0.8842277308635249,6961.524925088532,female,30-34,264,0.03353232567001143,0.029650212237770934
E02002016,E08000027,7873,315653,3246,3671,0.8842277308635249,6961.524925088532,male,30-34,243,0.030864981582624157,0.027291672627948245
E02002040,E08000027,6006,315653,1787,2238,0.7984807864164433,4795.675603217158,female,30-34,124,0.020646020646020648,0.01648545080180469
E02002040,E08000027,6006,315653,1787,2238,0.7984807864164433,4795.675603217158,male,30-34,128,0.021312021312021312,0.017017239537346775
E02002015,E08000027,6039,315653,2300,2613,0.880214313050134,5315.614236509759,female,30-34,164,0.027156814042059944,0.023903816416662026
E02002015,E08000027,6039,315653,2300,2613,0.880214313050134,5315.614236509759,male,30-34,166,0.027487994701109457,0.024195326372962782
E02002037,E08000027,5965,315653,1882,2241,0.8398036590807675,5009.428826416778,female,30-34,157,0.026320201173512154,0.022103801253257418
E02002037,E08000027,5965,315653,1882,2241,0.8398036590807675,5009.428826416778,male,30-34,162,0.02715842414082146,0.02280774396832931
E02001901,E08000025,8063,1101521,11,2791,0.003941239699032604,31.778215693299888,female,30-34,427,0.052957956095746,0.00020871999894417985
E02001901,E08000025,8063,1101521,11,2791,0.003941239699032604,31.778215693299888,male,30-34,430,0.05333002604489644,0.0002101864157985886
E02006698,E07000234,6535,95519,10,2771,0.003608805485384338,23.583543846986647,female,30-34,153,0.0234123947972456,8.449077877028365e-05
E02006698,E07000234,6535,95519,10,2771,0.003608805485384338,23.583543846986647,male,30-34,128,0.01958684009181331,7.068509596468175e-05
E02001921,E08000025,7888,1101521,10,3211,0.003114294612270321,24.56555590158829,female,30-34,327,0.0414553752535497,0.0001291042518017742
E02001921,E08000025,7888,1101521,10,3211,0.003114294612270321,24.56555590158829,male,30-34,299,0.03790567951318458,0.00011804945348235622
E02001927,E08000025,7803,1101521,10,3616,0.0027654867256637168,21.579092920353983,female,30-34,261,0.03344867358708189,9.250186279613354e-05
E02001927,E08000025,7803,1101521,10,3616,0.0027654867256637168,21.579092920353983,male,30-34,245,0.03139818018710752,8.683125051744336e-05
E02001952,E08000025,9117,1101521,12,4047,0.0029651593773165306,27.03335804299481,female,30-34,313,0.03433146868487441,0.00010179827630800418
E02001952,E08000025,9117,1101521,12,4047,0.0029651593773165306,27.03335804299481,male,30-34,277,0.030382801360096523,9.008984836203565e-05
E02001913,E08000025,7746,1101521,14,2873,0.004872955099199443,37.74591019839888,female,30-34,342,0.044151820294345466,0.00021514983784226818
E02001913,E08000025,7746,1101521,14,2873,0.004872955099199443,37.74591019839888,male,30-34,311,0.04014975471210948,0.00019564795195598075
E02001932,E08000025,7076,1101521,14,3205,0.00436817472698908,30.90920436817473,female,30-34,280,0.0395703787450537,0.00017285032837152946
E02001932,E08000025,7076,1101521,14,3205,0.00436817472698908,30.90920436817473,male,30-34,198,0.02798191068400226,0.0001222298750627244
E02001899,E08000025,8050,1101521,17,3211,0.005294300840859545,42.61912176891934,female,30-34,242,0.030062111801242235,0.00015915786378733042
E02001899,E08000025,8050,1101521,17,3211,0.005294300840859545,42.61912176891934,male,30-34,295,0.03664596273291926,0.000194014751311002
E02001911,E08000025,8103,1101521,21,3490,0.006017191977077364,48.75730659025788,female,30-34,337,0.041589534740219675,0.00025025221476923014
E02001911,E08000025,8103,1101521,21,3490,0.006017191977077364,48.75730659025788,male,30-34,260,0.032086881401949895,0.0001930729253412458
E02001951,E08000025,8399,1101521,21,3936,0.005335365853658537,44.81173780487805,female,30-34,346,0.04119538040242886,0.000219792425927593
E02001951,E08000025,8399,1101521,21,3936,0.005335365853658537,44.81173780487805,male,30-34,247,0.0294082628884391,0.00015690384163039156
E02001928,E08000025,6890,1101521,23,3103,0.007412181759587496,51.06993232355784,female,30-34,227,0.03294629898403483,0.00024420395637537903
E02001928,E08000025,6890,1101521,23,3103,0.007412181759587496,51.06993232355784,male,30-34,213,0.030914368650217707,0.0002291429194183072
E02001920,E08000025,7512,1101521,52,3186,0.016321406151914627,122.60640301318267,female,30-34,256,0.03407880724174654,0.0005562140541653548
E02001920,E08000025,7512,1101521,52,3186,0.016321406151914627,122.60640301318267,male,30-34,199,0.02649094781682641,0.0004323695186675999
E02001906,E08000025,9284,1101521,90,3832,0.02348643006263048,218.04801670146136,female,30-34,326,0.03511417492460146,0.0008247066135736252
E02001906,E08000025,9284,1101521,90,3832,0.02348643006263048,218.04801670146136,male,30-34,281,0.03026712623869022,0.0007108667436018058
E02001935,E08000025,7920,1101521,9,3303,0.0027247956403269754,21.580381471389646,female,30-34,237,0.029924242424242423,8.153744529766327e-05
E02001935,E08000025,7920,1101521,9,3303,0.0027247956403269754,21.580381471389646,male,30-34,217,0.0273989898989899,7.465664822613051e-05
E02001926,E08000025,7401,1101521,9,2620,0.003435114503816794,25.42328244274809,female,30-34,304,0.04107553033373868,0.0001410991500013924
E02001926,E08000025,7401,1101521,9,2620,0.003435114503816794,25.42328244274809,male,30-34,302,0.040805296581543034,0.0001401708661198043
E02001919,E08000025,6664,1101521,8,2649,0.003020007550018875,20.125330313325783,female,30-34,293,0.043967587034813925,0.00013278244480125005
E02001919,E08000025,6664,1101521,8,2649,0.003020007550018875,20.125330313325783,male,30-34,339,0.0508703481392557,0.00015362883545264085
E02001938,E08000025,7790,1101521,8,2854,0.002803083391730904,21.83601962158374,female,30-34,356,0.045699614890885754,0.00012809983150914017
E02001938,E08000025,7790,1101521,8,2854,0.002803083391730904,21.83601962158374,male,30-34,362,0.046469833119383824,0.0001302588174334515
E02002168,E08000031,11027,253250,76,3901,0.019482184055370416,214.8300435785696,female,35-39,339,0.030742722408633353,0.0005989353763281555
E02002168,E08000031,11027,253250,76,3901,0.019482184055370416,214.8300435785696,male,35-39,409,0.03709077718327741,0.0007226093478413441
E02006130,E07000192,7338,98508,16,1959,0.00816743236345074,59.932618683001536,female,35-39,187,0.025483783047151813,0.00020813707440246504
E02006130,E07000192,7338,98508,16,1959,0.00816743236345074,59.932618683001536,male,35-39,204,0.027800490596892886,0.00022705862662087095
E02006177,E07000196,9842,110688,32,3021,0.010592519033432638,104.25157232704403,female,35-39,242,0.0245884982727088,0.0002604541359571935
E02006177,E07000196,9842,110688,32,3021,0.010592519033432638,104.25157232704403,male,35-39,227,0.023064417801259906,0.00024431028455488814
E02002134,E08000030,8444,273933,35,3485,0.010043041606886656,84.80344332855093,female,35-39,274,0.03244907626717196,0.0003258874230562463
E02002134,E08000030,8444,273933,35,3485,0.010043041606886656,84.80344332855093,male,35-39,234,0.02771198484130744,0.00027831261677066293
E02002120,E08000030,6211,273933,24,2204,0.010889292196007259,67.63339382940109,female,35-39,164,0.02640476573820641,0.0002875292094904509
E02002120,E08000030,6211,273933,24,2204,0.010889292196007259,67.63339382940109,male,35-39,146,0.02350668169376912,0.00025597112552198676
E02002129,E08000030,5759,273933,34,2402,0.014154870940882597,81.51790174854288,female,35-39,136,0.023615210974127453,0.0003342702635804885
E02002129,E08000030,5759,273933,34,2402,0.014154870940882597,81.51790174854288,male,35-39,180,0.031255426289286334,0.0004424165253271171
E02002131,E08000030,7803,273933,19,2882,0.00659264399722415,51.44240111034004,female,35-39,175,0.02242727156221966,0.0001478550172387833
E02002131,E08000030,7803,273933,19,2882,0.00659264399722415,51.44240111034004,male,35-39,144,0.01845444059976932,0.00012166355704219886
E02006175,E07000196,7115,110688,15,1490,0.010067114093959731,71.62751677852349,female,35-39,227,0.03190442726633872,0.0003211855093926717
E02006175,E07000196,7115,110688,15,1490,0.010067114093959731,71.62751677852349,male,35-39,189,0.026563598032326073,0.0002674187721375108
E02006155,E07000194,5739,102062,10,2456,0.004071661237785016,23.36726384364821,female,35-39,186,0.03240982749607946,0.00013196183833908575
E02006155,E07000194,5739,102062,10,2456,0.004071661237785016,23.36726384364821,male,35-39,153,0.026659696811291166,0.00010854925411763505
E02006129,E07000192,7951,98508,11,2006,0.005483549351944167,43.599700897308075,female,35-39,243,0.03056219343478808,0.00016758929600332444
E02006129,E07000192,7951,98508,11,2006,0.005483549351944167,43.599700897308075,male,35-39,207,0.02603446107407873,0.00014276125215098007
E02006180,E07000196,6835,110688,36,2673,0.013468013468013467,92.05387205387206,female,35-39,184,0.026920263350402342,0.0003625624693656881
E02006180,E07000196,6835,110688,36,2673,0.013468013468013467,92.05387205387206,male,35-39,158,0.02311631309436723,0.0003113308160857539
E02002043,E08000028,8799,316289,31,3725,0.00832214765100671,73.22657718120804,female,35-39,246,0.027957722468462325,0.00023266829436841127
E02002043,E08000028,8799,316289,31,3725,0.00832214765100671,73.22657718120804,male,35-39,231,0.026252983293556086,0.0002184812032483862
E02002148,E08000030,11314,273933,12,4622,0.0025962786672436176,29.37429684119429,female,35-39,284,0.025101643980908608,6.517086278037717e-05
E02002148,E08000030,11314,273933,12,4622,0.0025962786672436176,29.37429684119429,male,35-39,294,0.02598550468446173,6.746561146982709e-05
E02006126,E07000192,8412,98508,11,1815,0.006060606060606061,50.981818181818184,female,35-39,240,0.028530670470756064,0.00017291315436821856
E02006126,E07000192,8412,98508,11,1815,0.006060606060606061,50.981818181818184,male,35-39,227,0.02698525915359011,0.0001635470251732734
E02002046,E08000028,5770,316289,16,2410,0.006639004149377593,38.30705394190871,female,35-39,175,0.030329289428076257,0.00020135627836067224
E02002046,E08000028,5770,316289,16,2410,0.006639004149377593,38.30705394190871,male,35-39,143,0.024783362218370884,0.00016453684460329216
E02002047,E08000028,6640,316289,124,3214,0.038581207218419414,256.1792159303049,female,35-39,182,0.027409638554216867,0.0010574969448422188
E02002047,E08000028,6640,316289,124,3214,0.038581207218419414,256.1792159303049,male,35-39,164,0.02469879518072289,0.0009529093349127686
E02002045,E08000028,7925,316289,34,3323,0.01023171832681312,81.08636773999399,female,35-39,257,0.03242902208201893,0.00033180461955722046
E02002045,E08000028,7925,316289,34,3323,0.01023171832681312,81.08636773999399,male,35-39,252,0.03179810725552051,0.00032534927676427844
E02002044,E08000028,7501,316289,27,3214,0.008400746733042938,63.014001244555075,female,35-39,275,0.03666177842954273,0.0003079863153695251
E02002044,E08000028,7501,316289,27,3214,0.008400746733042938,63.014001244555075,male,35-39,238,0.03172910278629516,0.0002665481565743527
E02006178,E07000196,7888,110688,18,2689,0.00669393826701376,52.801785050204536,female,35-39,176,0.02231237322515213,0.00014935764895973906
E02006178,E07000196,7888,110688,18,2689,0.00669393826701376,52.801785050204536,male,35-39,228,0.028904665314401622,0.00019348604524329832
E02002146,E08000030,6578,273933,19,2657,0.007150922092585623,47.038765525028225,female,35-39,217,0.03298875038005473,0.0002358999838995257
E02002146,E08000030,6578,273933,19,2657,0.007150922092585623,47.038765525028225,male,35-39,220,0.033444816053511704,0.00023916127399951914
E02002110,E08000030,6695,273933,15,2592,0.005787037037037037,38.74421296296296,female,35-39,209,0.03121732636295743,0.00018065582385970734
E02002110,E08000030,6695,273933,15,2592,0.005787037037037037,38.74421296296296,male,35-39,197,0.029424943988050786,0.00017028324067159018
E02002112,E08000030,5455,273933,19,2078,0.009143407122232916,49.877285851780556,female,35-39,145,0.026581118240146653,0.00024304198583387218
E02002112,E08000030,5455,273933,19,2078,0.009143407122232916,49.877285851780556,male,35-39,139,0.02548120989917507,0.0002329850760752292
E02002113,E08000030,6555,273933,20,2632,0.007598784194528876,49.81003039513678,female,35-39,187,0.028527841342486652,0.00021677690989731498
E02002113,E08000030,6555,273933,20,2632,0.007598784194528876,49.81003039513678,male,35-39,183,0.027917620137299773,0.00021213997064817457
E02002124,E08000030,7088,273933,25,2905,0.008605851979345954,60.998278829604125,female,35-39,168,0.023702031602708805,0.00020397617558269194
E02002124,E08000030,7088,273933,25,2905,0.008605851979345954,60.998278829604125,male,35-39,178,0.025112866817155757,0.00021611761460547122
E02002114,E08000030,6027,273933,12,2486,0.004827031375703942,29.092518101367656,female,35-39,138,0.022896963663514187,0.00011052436201213605
E02002114,E08000030,6027,273933,12,2486,0.004827031375703942,29.092518101367656,male,35-39,141,0.0233947237431558,0.00011292706553413901
E02002116,E08000030,6796,273933,28,2645,0.01058601134215501,71.94253308128545,female,35-39,159,0.023396115361977634,0.00024767154258426233
E02002116,E08000030,6796,273933,28,2645,0.01058601134215501,71.94253308128545,male,35-39,159,0.023396115361977634,0.00024767154258426233
E02002138,E08000030,6485,273933,16,2394,0.006683375104427736,43.34168755221386,female,35-39,213,0.03284502698535081,0.00021951563565815075
E02002138,E08000030,6485,273933,16,2394,0.006683375104427736,43.34168755221386,male,35-39,239,0.03685427910562837,0.00024631097146618795
E02002145,E08000030,7105,273933,41,3016,0.013594164456233421,96.58653846153845,female,35-39,216,0.03040112596762843,0.0004132779060586093
E02002145,E08000030,7105,273933,41,3016,0.013594164456233421,96.58653846153845,male,35-39,224,0.03152709359605911,0.0004285844951718911
E02002147,E08000030,8031,273933,66,3184,0.0207286432160804,166.4717336683417,female,35-39,202,0.02515253393101731,0.0005213779018364141
E02002147,E08000030,8031,273933,66,3184,0.0207286432160804,166.4717336683417,male,35-39,204,0.02540156892043332,0.0005265400592803389
E02002119,E08000030,5943,273933,23,2452,0.009380097879282219,55.74592169657423,female,35-39,136,0.02288406528689214,0.0002146547722669328
E02002119,E08000030,5943,273933,23,2452,0.009380097879282219,55.74592169657423,male,35-39,149,0.02507151270402154,0.00023517324314538965
E02002117,E08000030,6391,273933,22,2461,0.008939455505891914,57.132060138155225,female,35-39,156,0.02440932561414489,0.00021820608025647606
E02002117,E08000030,6391,273933,22,2461,0.008939455505891914,57.132060138155225,male,35-39,175,0.027382256297918947,0.0002447824618261751
E02002132,E08000030,6479,273933,39,2806,0.013898788310762652,90.05024946543122,female,35-39,182,0.028090754746102793,0.000390427453705634
E02002132,E08000030,6479,273933,39,2806,0.013898788310762652,90.05024946543122,male,35-39,162,0.025003858620157433,0.0003475233379138061
E02002139,E08000030,9513,273933,49,4150,0.011807228915662651,112.3221686746988,female,35-39,283,0.029748764848102596,0.0003512504765197656
E02002139,E08000030,9513,273933,49,4150,0.011807228915662651,112.3221686746988,male,35-39,347,0.03647640071481131,0.00043068521325921794
E02002136,E08000030,7706,273933,44,3044,0.01445466491458607,111.38764783180027,female,35-39,263,0.03412924993511549,0.0004933268715982529
E02002136,E08000030,7706,273933,44,3044,0.01445466491458607,111.38764783180027,male,35-39,308,0.039968855437321565,0.0005777364123660147
E02002118,E08000030,7347,273933,27,3045,0.008866995073891626,65.14581280788178,female,35-39,190,0.025860895603647748,0.0002293084339239702
E02002118,E08000030,7347,273933,27,3045,0.008866995073891626,65.14581280788178,male,35-39,171,0.023274806043282973,0.00020637759053157318
E02002128,E08000030,5558,273933,17,2321,0.007324429125376993,40.70917707884533,female,35-39,152,0.02734796689456639,0.00020030824524240788
E02002128,E08000030,5558,273933,17,2321,0.007324429125376993,40.70917707884533,male,35-39,136,0.024469233537243614,0.00017922316679583862
E02002142,E08000030,6831,273933,27,2814,0.009594882729211088,65.54264392324095,female,35-39,205,0.03001024740155175,0.0002879448044925008
E02002142,E08000030,6831,273933,27,2814,0.009594882729211088,65.54264392324095,male,35-39,205,0.03001024740155175,0.0002879448044925008
E02002123,E08000030,6475,273933,29,2966,0.009777478084962913,63.30917060013486,female,35-39,161,0.024864864864864864,0.0002431156713017805
E02002123,E08000030,6475,273933,29,2966,0.009777478084962913,63.30917060013486,male,35-39,160,0.02471042471042471,0.00024160563607630362
E02002144,E08000030,6676,273933,16,2662,0.006010518407212622,40.126220886551465,female,35-39,155,0.02321749550629119,0.00013954918410993955
E02002144,E08000030,6676,273933,16,2662,0.006010518407212622,40.126220886551465,male,35-39,177,0.02651288196524865,0.0001593561650803826
E02002133,E08000030,6723,273933,23,2899,0.00793377026560883,53.338737495688164,female,35-39,197,0.029302394764242155,0.00023247846829167626
E02002133,E08000030,6723,273933,23,2899,0.00793377026560883,53.338737495688164,male,35-39,244,0.03629332143388368,0.00028794287443233
E02002125,E08000030,6150,273933,21,2579,0.0081426909654905,50.07754943776657,female,35-39,170,0.027642276422764227,0.00022508251449323332
E02002125,E08000030,6150,273933,21,2579,0.0081426909654905,50.07754943776657,male,35-39,179,0.02910569105691057,0.00023699864761346333
E02002111,E08000030,6159,273933,24,2566,0.009353078721745909,57.60561184723305,female,35-39,161,0.0261406072414353,0.0002444951573633855
E02002111,E08000030,6159,273933,24,2566,0.009353078721745909,57.60561184723305,male,35-39,151,0.024516967040103914,0.00022930912274454169
E02002122,E08000030,5626,273933,26,2451,0.010607915136678907,59.68013055895553,female,35-39,173,0.030750088873089228,0.00032619433321106483
E02002122,E08000030,5626,273933,26,2451,0.010607915136678907,59.68013055895553,male,35-39,161,0.02861713473160327,0.000303568136687754
E02002115,E08000030,6774,273933,19,2716,0.006995581737849779,47.388070692194404,female,35-39,146,0.02155299675228816,0.00015077575047624267
E02002115,E08000030,6774,273933,19,2716,0.006995581737849779,47.388070692194404,male,35-39,154,0.02273398287570121,0.000159037435433845
E02002143,E08000030,10020,273933,34,3975,0.008553459119496854,85.70566037735848,female,35-39,340,0.033932135728542916,0.0002902371357913104
E02002143,E08000030,10020,273933,34,3975,0.008553459119496854,85.70566037735848,male,35-39,386,0.038522954091816365,0.00032950451298660534
E02002130,E08000030,6711,273933,30,2715,0.011049723756906077,74.15469613259668,female,35-39,202,0.03009983609000149,0.0003325948739226684
E02002130,E08000030,6711,273933,30,2715,0.011049723756906077,74.15469613259668,male,35-39,229,0.034123081507971983,0.0003770506243974805
E02002126,E08000030,6701,273933,25,2766,0.009038322487346349,60.565798987707886,female,35-39,168,0.02507088494254589,0.0002265987431538855
E02002126,E08000030,6701,273933,25,2766,0.009038322487346349,60.565798987707886,male,35-39,195,0.02910013430831219,0.00026301639830361706
E02002127,E08000030,8612,273933,33,3788,0.008711721224920803,75.02534318901796,female,35-39,265,0.030771017185322807,0.00026806852352577947
E02002127,E08000030,8612,273933,33,3788,0.008711721224920803,75.02534318901796,male,35-39,260,0.030190431955411056,0.00026301062685548174
E02002121,E08000030,6502,273933,27,2956,0.009133964817320704,59.38903924221922,female,35-39,173,0.02660719778529683,0.00024302920845839458
E02002121,E08000030,6502,273933,27,2956,0.009133964817320704,59.38903924221922,male,35-39,165,0.025376807136265764,0.00023179086355858445
E02002140,E08000030,8199,273933,27,3608,0.007483370288248337,61.35615299334812,female,35-39,274,0.033418709598731555,0.00025008457848274725
E02002140,E08000030,8199,273933,27,3608,0.007483370288248337,61.35615299334812,male,35-39,268,0.032686913038175384,0.0002446082738444389
E02002135,E08000030,7467,273933,29,3125,0.00928,69.29376,female,35-39,239,0.03200749966519352,0.0002970295968929959
E02002135,E08000030,7467,273933,29,3125,0.00928,69.29376,male,35-39,290,0.038837551895004686,0.0003604124815856435
E02006122,E07000192,6630,98508,8,1372,0.0058309037900874635,38.65889212827988,female,35-39,198,0.02986425339366516,0.00017413558830125457
E02006122,E07000192,6630,98508,8,1372,0.0058309037900874635,38.65889212827988,male,35-39,192,0.02895927601809955,0.00016885875229212565
E02006151,E07000194,8781,102062,18,3519,0.005115089514066497,44.915601023017906,female,35-39,250,0.028470561439471586,0.00014562947027862706
E02006151,E07000194,8781,102062,18,3519,0.005115089514066497,44.915601023017906,male,35-39,238,0.02710397449037695,0.00013863925570525295
E02006128,E07000192,8441,98508,11,2021,0.0054428500742206825,45.94309747649678,female,35-39,191,0.022627650752280536,0.0001231589105764898
E02006128,E07000192,8441,98508,11,2021,0.0054428500742206825,45.94309747649678,male,35-39,205,0.024286222011609997,0.00013218626527843145
E02002160,E08000031,7038,253250,36,2718,0.013245033112582781,93.21854304635761,female,35-39,230,0.032679738562091505,0.0004328442193654504
E02002160,E08000031,7038,253250,36,2718,0.013245033112582781,93.21854304635761,male,35-39,235,0.03339016766126741,0.0004422538763081776
E02002049,E08000028,6318,316289,724,2583,0.2802942315137437,1770.8989547038327,female,35-39,173,0.027382082937638493,0.007675039894250975
E02002049,E08000028,6318,316289,724,2583,0.2802942315137437,1770.8989547038327,male,35-39,163,0.025799303577081354,0.007231395969727798
E02002170,E08000031,6261,253250,38,2340,0.01623931623931624,101.67435897435898,female,35-39,165,0.02635361763296598,0.00042796473079175526
E02002170,E08000031,6261,253250,38,2340,0.01623931623931624,101.67435897435898,male,35-39,145,0.023159239738061013,0.0003760902179685122
E02002175,E08000031,7269,253250,73,3164,0.02307206068268015,167.710809102402,female,35-39,211,0.02902737653047187,0.0006697213927700526
E02002175,E08000031,7269,253250,73,3164,0.02307206068268015,167.710809102402,male,35-39,220,0.030265511074425645,0.0006982877081014766
E02006156,E07000194,7668,102062,8,3055,0.002618657937806874,20.07986906710311,female,35-39,193,0.025169535732916016,6.591040453791429e-05
E02006156,E07000194,7668,102062,8,3055,0.002618657937806874,20.07986906710311,male,35-39,128,0.016692749087115284,4.371259990079289e-05
E02002153,E08000031,7380,253250,46,2996,0.015353805073431242,113.31108144192257,female,35-39,167,0.02262872628726287,0.0003474370524746636
E02002153,E08000031,7380,253250,46,2996,0.015353805073431242,113.31108144192257,male,35-39,150,0.02032520325203252,0.0003120692088095781
E02002052,E08000028,11268,316289,59,4711,0.012523880280195288,141.1190829972405,female,35-39,369,0.03274760383386582,0.00041012706987859974
E02002052,E08000028,11268,316289,59,4711,0.012523880280195288,141.1190829972405,male,35-39,361,0.032037628682996096,0.00040123542608719374
E02002055,E08000028,9306,316289,59,3933,0.015001271294177472,139.60183066361554,female,35-39,291,0.03127014829142489,0.0004690919779288249
E02002055,E08000028,9306,316289,59,3933,0.015001271294177472,139.60183066361554,male,35-39,316,0.03395658714807651,0.0005093919760326759
E02002048,E08000028,6531,316289,8,2546,0.003142183817753339,20.521602513747055,female,35-39,190,0.029092022661154494,9.141248283159308e-05
E02002048,E08000028,6531,316289,8,2546,0.003142183817753339,20.521602513747055,male,35-39,168,0.02572347266881029,8.082787955635597e-05
E02002171,E08000031,7412,253250,63,2973,0.02119071644803229,157.06559031281535,female,35-39,210,0.028332433890987586,0.0006003845728665381
E02002171,E08000031,7412,253250,63,2973,0.02119071644803229,157.06559031281535,male,35-39,221,0.02981651376146789,0.0006318332885881187
E02002181,E08000031,7544,253250,194,2860,0.06783216783216783,511.72587412587416,female,35-39,238,0.03154825026511135,0.0021399862067942666
E02002181,E08000031,7544,253250,194,2860,0.06783216783216783,511.72587412587416,male,35-39,236,0.03128313891834571,0.0021220031294262474
E02002051,E08000028,5608,316289,511,2576,0.1983695652173913,1112.4565217391305,female,35-39,146,0.026034236804564907,0.005164400235688147
E02002051,E08000028,5608,316289,511,2576,0.1983695652173913,1112.4565217391305,male,35-39,147,0.026212553495007132,0.005199772840042176
E02006810,E08000028,10065,316289,36,4151,0.008672609009877139,87.2898096844134,female,35-39,272,0.02702434177844014,0.0002343715499936991
E02006810,E08000028,10065,316289,36,4151,0.008672609009877139,87.2898096844134,male,35-39,311,0.030899155489319423,0.00026797629429426627
E02006124,E07000192,7632,98508,8,1666,0.004801920768307323,36.64825930372149,female,35-39,202,0.026467505241090147,0.00012709486310247367
E02006124,E07000192,7632,98508,8,1666,0.004801920768307323,36.64825930372149,male,35-39,259,0.033936058700209645,0.0001629582650670331
E02006202,E07000197,8878,132044,10,1780,0.0056179775280898875,49.87640449438202,female,35-39,193,0.021739130434782608,0.00012212994626282364
E02006202,E07000197,8878,132044,10,1780,0.0056179775280898875,49.87640449438202,male,35-39,203,0.022865510250056318,0.00012845792275312538
E02006186,E07000196,12377,110688,2790,4611,0.605074821080026,7489.0110605074815,female,35-39,251,0.020279550779671973,0.01227064555959332
E02006186,E07000196,12377,110688,2790,4611,0.605074821080026,7489.0110605074815,male,35-39,241,0.019471600549406158,0.011781775218573666
E02002071,E08000028,6650,316289,1140,2828,0.4031117397454031,2680.6930693069307,female,35-39,178,0.02676691729323308,0.010790058597696503
E02002071,E08000028,6650,316289,1140,2828,0.4031117397454031,2680.6930693069307,male,35-39,162,0.024360902255639097,0.009820165690038392
E02001886,E08000025,9196,1101521,15,3600,0.004166666666666667,38.31666666666666,female,35-39,334,0.03632013919095259,0.00015133391329563578
E02001886,E08000025,9196,1101521,15,3600,0.004166666666666667,38.31666666666666,male,35-39,381,0.04143105698129622,0.00017262940408873425
E02002067,E08000028,5450,316289,1329,2304,0.5768229166666666,3143.684895833333,female,35-39,140,0.025688073394495414,0.014817469418960245
E02002067,E08000028,5450,316289,1329,2304,0.5768229166666666,3143.684895833333,male,35-39,121,0.02220183486238532,0.01280652714067278
E02002014,E08000027,7170,315653,2764,3215,0.8597200622083981,6164.192846034215,female,35-39,242,0.03375174337517434,0.02901705091414677
E02002014,E08000027,7170,315653,2764,3215,0.8597200622083981,6164.192846034215,male,35-39,209,0.02914923291492329,0.025060180334944938
E02002031,E08000027,5952,315653,1897,2242,0.8461195361284567,5036.103479036574,female,35-39,204,0.034274193548387094,0.02900006474633823
E02002031,E08000027,5952,315653,1897,2242,0.8461195361284567,5036.103479036574,male,35-39,177,0.029737903225806453,0.025161820882852293
E02002032,E08000027,10187,315653,3407,4176,0.8158524904214559,8311.08931992337,female,35-39,323,0.03170707764798272,0.025868298263093184
E02002032,E08000027,10187,315653,3407,4176,0.8158524904214559,8311.08931992337,male,35-39,302,0.02964562677922843,0.02418645843793852
E02002001,E08000027,6002,315653,1811,2412,0.7508291873963516,4506.476782752902,female,35-39,163,0.027157614128623792,0.02039072934781828
E02002001,E08000027,6002,315653,1811,2412,0.7508291873963516,4506.476782752902,male,35-39,177,0.029490169943352216,0.022142080334747457
E02002077,E08000028,10521,316289,3346,4614,0.7251842219332466,7629.663198959687,female,35-39,330,0.03136583974907328,0.02274601209371461
E02002077,E08000028,10521,316289,3346,4614,0.7251842219332466,7629.663198959687,male,35-39,355,0.033742039730063685,0.02446919482808693
E02001900,E08000025,7094,1101521,8,2566,0.003117692907248636,22.116913484021826,female,35-39,179,0.025232590921905836,7.866746974873215e-05
E02001900,E08000025,7094,1101521,8,2566,0.003117692907248636,22.116913484021826,male,35-39,199,0.028051874823794756,8.745713117317149e-05
E02006181,E07000196,5700,110688,41,2088,0.019636015325670497,111.92528735632183,female,35-39,160,0.028070175438596492,0.0005511863951065403
E02006181,E07000196,5700,110688,41,2088,0.019636015325670497,111.92528735632183,male,35-39,139,0.024385964912280702,0.0004788431807488069
E02001879,E08000025,10994,1101521,20,4424,0.0045207956600361665,49.701627486437616,female,35-39,365,0.0331999272330362,0.00015009008694862657
E02001879,E08000025,10994,1101521,20,4424,0.0045207956600361665,49.701627486437616,male,35-39,503,0.04575222848826633,0.00020683647598673748
E02001866,E08000025,8949,1101521,8,3671,0.002179242713157178,19.502043040043585,female,35-39,351,0.03922225947033188,8.547482314428086e-05
E02001866,E08000025,8949,1101521,8,3671,0.002179242713157178,19.502043040043585,male,35-39,386,0.043133310984467536,9.399795365724335e-05
E02002008,E08000027,8544,315653,2480,2912,0.8516483516483516,7276.483516483516,female,35-39,292,0.03417602996254682,0.029105959583487672
E02002008,E08000027,8544,315653,2480,2912,0.8516483516483516,7276.483516483516,male,35-39,234,0.027387640449438203,0.023324638844301766
E02002004,E08000027,7541,315653,2747,3237,0.8486252703120173,6399.483163422922,female,35-39,188,0.02493038058612916,0.02115655096388533
E02002004,E08000027,7541,315653,2747,3237,0.8486252703120173,6399.483163422922,male,35-39,189,0.025062988993502188,0.02126908580943791
E02002167,E08000031,6614,253250,90,2412,0.03731343283582089,246.79104477611938,female,35-39,182,0.027517387360145147,0.0010267681850800426
E02002167,E08000031,6614,253250,90,2412,0.03731343283582089,246.79104477611938,male,35-39,182,0.027517387360145147,0.0010267681850800426
E02006182,E07000196,6858,110688,47,2192,0.02144160583941606,147.04653284671534,female,35-39,171,0.024934383202099737,0.0005346332164683794
E02006182,E07000196,6858,110688,47,2192,0.02144160583941606,147.04653284671534,male,35-39,162,0.023622047244094488,0.0005064946261279385
E02002079,E08000028,8081,316289,153,3774,0.04054054054054054,327.6081081081081,female,35-39,222,0.02747184754362084,0.0011137235490657098
E02002079,E08000028,8081,316289,153,3774,0.04054054054054054,327.6081081081081,male,35-39,190,0.023511941591387205,0.0009531868212724543
E02001861,E08000025,10383,1101521,8,4006,0.00199700449326011,20.73489765351972,female,35-39,392,0.03775402099585862,7.539494956736619e-05
E02001861,E08000025,10383,1101521,8,4006,0.00199700449326011,20.73489765351972,male,35-39,406,0.03910237888856785,7.808762633762926e-05
E02002025,E08000027,7828,315653,1831,3361,0.5447783397798275,4264.524843796489,female,35-39,236,0.030148185998978026,0.016424078715896687
E02002025,E08000027,7828,315653,1831,3361,0.5447783397798275,4264.524843796489,male,35-39,223,0.028487480838017373,0.015519362515444753
E02002162,E08000031,7547,253250,87,2826,0.03078556263269639,232.33864118895966,female,35-39,185,0.024513051543659733,0.0007546480836158517
E02002162,E08000031,7547,253250,87,2826,0.03078556263269639,232.33864118895966,male,35-39,161,0.021332979992049823,0.0006567477916873088
E02002010,E08000027,7321,315653,3068,3523,0.8708487084870848,6375.483394833948,female,35-39,200,0.02731867231252561,0.02379043050094481
E02002010,E08000027,7321,315653,3068,3523,0.8708487084870848,6375.483394833948,male,35-39,256,0.03496790056003278,0.030451751041209358
E02001873,E08000025,11051,1101521,12,4852,0.00247320692497939,27.33140972794724,female,35-39,385,0.03483847615600398,8.61627604847584e-05
E02001873,E08000025,11051,1101521,12,4852,0.00247320692497939,27.33140972794724,male,35-39,457,0.04135372364491901,0.00010227631569229763
E02002073,E08000028,7623,316289,34,3367,0.010098010098010098,76.97713097713097,female,35-39,243,0.031877213695395513,0.00032189642579252966
E02002073,E08000028,7623,316289,34,3367,0.010098010098010098,76.97713097713097,male,35-39,217,0.028466483011937556,0.0002874548329093783
E02002161,E08000031,6390,253250,29,2544,0.01139937106918239,72.84198113207546,female,35-39,216,0.03380281690140845,0.00038533085304278493
E02002161,E08000031,6390,253250,29,2544,0.01139937106918239,72.84198113207546,male,35-39,233,0.03646322378716745,0.00041565781832855975
E02002174,E08000031,7479,253250,127,2806,0.04526015680684248,338.5007127583749,female,35-39,206,0.02754378927664126,0.0012466362217154099
E02002174,E08000031,7479,253250,127,2806,0.04526015680684248,338.5007127583749,male,35-39,211,0.028212327851317023,0.0012768943824366579
E02002164,E08000031,7261,253250,33,2344,0.014078498293515358,102.22397610921502,female,35-39,219,0.030161134829913235,0.00042462348523342007
E02002164,E08000031,7261,253250,33,2344,0.014078498293515358,102.22397610921502,male,35-39,327,0.04503511912959647,0.0006340268478142848
E02002076,E08000028,10852,316289,28,4164,0.0067243035542747355,72.97214217098943,female,35-39,436,0.04017692591227424,0.00027016184571173837
E02002076,E08000028,10852,316289,28,4164,0.0067243035542747355,72.97214217098943,male,35-39,445,0.04100626612605971,0.000275738581058999
E02001857,E08000025,13611,1101521,14,5507,0.002542218994007627,34.60214272743781,female,35-39,463,0.03401660421717728,8.647765735254802e-05
E02001857,E08000025,13611,1101521,14,5507,0.002542218994007627,34.60214272743781,male,35-39,491,0.03607376386746014,9.170740768920319e-05
E02002176,E08000031,7652,253250,160,3000,0.05333333333333334,408.1066666666667,female,35-39,276,0.03606900156821746,0.0019236800836382648
E02002176,E08000031,7652,253250,160,3000,0.05333333333333334,408.1066666666667,male,35-39,242,0.031625718766335596,0.0016867050008712318
E02002005,E08000027,8668,315653,3163,3831,0.8256329939963456,7156.586791960323,female,35-39,253,0.02918781725888325,0.024098424951669986
E02002005,E08000027,8668,315653,3163,3831,0.8256329939963456,7156.586791960323,male,35-39,190,0.021919704660821413,0.018097631386629634
E02002074,E08000028,8186,316289,66,3525,0.01872340425531915,153.26978723404255,female,35-39,236,0.028829709259711702,0.0005397903010329
E02002074,E08000028,8186,316289,66,3525,0.01872340425531915,153.26978723404255,male,35-39,193,0.023576838504764233,0.00044143867838707503
E02002075,E08000028,8887,316289,1645,3984,0.41290160642570284,3669.456576305221,female,35-39,247,0.027793406098795995,0.011475942026234793
E02002075,E08000028,8887,316289,1645,3984,0.41290160642570284,3669.456576305221,male,35-39,252,0.028356025655451783,0.011708248544984484
E02001858,E08000025,8646,1101521,8,3191,0.0025070510811657787,21.67596364775932,female,35-39,282,0.03261623872310895,8.177057655433144e-05
E02001858,E08000025,8646,1101521,8,3191,0.0025070510811657787,21.67596364775932,male,35-39,319,0.03689567430025445,9.249934014479335e-05
E02002150,E08000031,5718,253250,27,2139,0.012622720897615708,72.17671809256662,female,35-39,180,0.03147953830010493,0.0003973574259480285
E02002150,E08000031,5718,253250,27,2139,0.012622720897615708,72.17671809256662,male,35-39,176,0.030779993004547045,0.0003885272609269613
E02002154,E08000031,5629,253250,34,2198,0.015468607825295723,87.07279344858962,female,35-39,195,0.03464203233256351,0.0005358640124236393
E02002154,E08000031,5629,253250,34,2198,0.015468607825295723,87.07279344858962,male,35-39,170,0.030200746136081008,0.00046716349801035224
E02001862,E08000025,10446,1101521,19,4254,0.004466384579219558,46.655853314527505,female,35-39,389,0.03723913459697492,0.00016632429650741031
E02001862,E08000025,10446,1101521,19,4254,0.004466384579219558,46.655853314527505,male,35-39,365,0.034941604441891636,0.00015606264325245442
E02002180,E08000031,6437,253250,436,2514,0.17342879872712808,1116.3611774065234,female,35-39,182,0.028274040702190462,0.0049035329141428165
E02002180,E08000031,6437,253250,436,2514,0.17342879872712808,1116.3611774065234,male,35-39,172,0.026720521982289885,0.004634108028750354
E02002169,E08000031,8665,253250,103,3248,0.031711822660098525,274.78294334975374,female,35-39,224,0.025851125216387768,0.00081978629842609
E02002169,E08000031,8665,253250,103,3248,0.031711822660098525,274.78294334975374,male,35-39,196,0.022619734564339296,0.0007173130111228287
E02002066,E08000028,7403,316289,67,3279,0.020433058859408357,151.26593473620008,female,35-39,255,0.034445495069566394,0.0007038268281979105
E02002066,E08000028,7403,316289,67,3279,0.020433058859408357,151.26593473620008,male,35-39,275,0.03714710252600297,0.0007590289323702956
E02002003,E08000027,9101,315653,2767,3902,0.7091235263967196,6453.733213736545,female,35-39,202,0.022195363146906934,0.015739254184390438
E02002003,E08000027,9101,315653,2767,3902,0.7091235263967196,6453.733213736545,male,35-39,222,0.024392923854521482,0.017297596182844936
E02002165,E08000031,7660,253250,52,2814,0.01847903340440654,141.54939587775408,female,35-39,234,0.030548302872062665,0.0005645031092207742
E02002165,E08000031,7660,253250,52,2814,0.01847903340440654,141.54939587775408,male,35-39,302,0.039425587467362924,0.0007285467477977513
E02002069,E08000028,6634,316289,455,2932,0.15518417462482947,1029.4918144611188,female,35-39,160,0.02411817907747965,0.0037427597135925106
E02002069,E08000028,6634,316289,455,2932,0.15518417462482947,1029.4918144611188,male,35-39,202,0.030449201085318057,0.004725234138410544
E02002151,E08000031,5868,253250,28,2104,0.013307984790874524,78.09125475285171,female,35-39,184,0.03135650988411725,0.00041729195663273903
E02002151,E08000031,5868,253250,28,2104,0.013307984790874524,78.09125475285171,male,35-39,191,0.0325494205862304,0.0004331671941133323
E02002157,E08000031,7644,253250,52,2645,0.019659735349716444,150.2790170132325,female,35-39,200,0.026164311878597593,0.0005143834471406709
E02002157,E08000031,7644,253250,52,2645,0.019659735349716444,150.2790170132325,male,35-39,188,0.024594453165881738,0.0004835204403122307
E02002159,E08000031,5964,253250,39,2249,0.017341040462427744,103.42196531791906,female,35-39,204,0.03420523138832998,0.0005931543015317338
E02002159,E08000031,5964,253250,39,2249,0.017341040462427744,103.42196531791906,male,35-39,235,0.03940308517773306,0.0006832904944115559
E02001844,E08000025,9936,1101521,9,4181,0.0021525950729490554,21.388184644821816,female,35-39,293,0.029488727858293075,6.347729029529723e-05
E02001844,E08000025,9936,1101521,9,4181,0.0021525950729490554,21.388184644821816,male,35-39,330,0.03321256038647343,7.149319384794569e-05
E02002182,E08000031,6646,253250,769,2842,0.2705840957072484,1798.3019000703728,female,35-39,201,0.030243755642491724,0.008183479271314614
E02002182,E08000031,6646,253250,769,2842,0.2705840957072484,1798.3019000703728,male,35-39,202,0.03039422208847427,0.008224193098535086
E02001850,E08000025,8434,1101521,8,3079,0.0025982461838259174,21.913608314387787,female,35-39,287,0.03402893051932653,8.841553886151746e-05
E02001850,E08000025,8434,1101521,8,3079,0.0025982461838259174,21.913608314387787,male,35-39,266,0.03153900877400996,8.194610918872351e-05
E02002155,E08000031,6227,253250,22,2531,0.00869221651521138,54.12643224022126,female,35-39,211,0.03388469568010278,0.00029453311140350104
E02002155,E08000031,6227,253250,22,2531,0.00869221651521138,54.12643224022126,male,35-39,179,0.028745784486911837,0.0002498645826598421
E02001837,E08000025,10601,1101521,8,4727,0.0016924053310767928,17.94118891474508,female,35-39,383,0.03612866710687671,6.114434881637692e-05
E02001837,E08000025,10601,1101521,8,4727,0.0016924053310767928,17.94118891474508,male,35-39,268,0.025280633902462032,4.278507958952745e-05
E02002000,E08000027,7828,315653,1919,3360,0.5711309523809524,4470.813095238095,female,35-39,222,0.028359734287174247,0.016197122052704578
E02002000,E08000027,7828,315653,1919,3360,0.5711309523809524,4470.813095238095,male,35-39,220,0.02810424118548799,0.01605120203421174
E02002149,E08000031,10130,253250,46,3910,0.011764705882352941,119.17647058823529,female,35-39,288,0.02843040473840079,0.00033447534986353873
E02002149,E08000031,10130,253250,46,3910,0.011764705882352941,119.17647058823529,male,35-39,252,0.02487660414610069,0.00029266593113059635
E02006176,E07000196,7483,110688,20,2057,0.009722897423432183,72.75644141954302,female,35-39,156,0.02084725377522384,0.00020269571001676071
E02006176,E07000196,7483,110688,20,2057,0.009722897423432183,72.75644141954302,male,35-39,157,0.020980890017372713,0.00020399504149122715
E02002156,E08000031,8211,253250,45,3261,0.013799448022079117,113.30726770929162,female,35-39,218,0.026549750334916574,0.00036637189974585887
E02002156,E08000031,8211,253250,45,3261,0.013799448022079117,113.30726770929162,male,35-39,236,0.028741931555230787,0.00039662279055056285
E02002152,E08000031,6251,253250,37,2675,0.013831775700934579,86.46242990654206,female,35-39,185,0.029595264757638778,0.00040935506393743355
E02002152,E08000031,6251,253250,37,2675,0.013831775700934579,86.46242990654206,male,35-39,161,0.025755879059350503,0.00035624954212933404
E02002063,E08000028,9625,316289,1050,3929,0.26724357342835325,2572.2193942479003,female,35-39,332,0.03449350649350649,0.009218167935398782
E02002063,E08000028,9625,316289,1050,3929,0.26724357342835325,2572.2193942479003,male,35-39,409,0.04249350649350649,0.011356116522825609
E02002070,E08000028,9356,316289,32,4370,0.007322654462242563,68.51075514874142,female,35-39,316,0.0337751175716118,0.00024732351539853036
E02002070,E08000028,9356,316289,32,4370,0.007322654462242563,68.51075514874142,male,35-39,359,0.03837109876015391,0.0002809782975571911
E02002064,E08000028,12292,316289,1836,4906,0.374235629841011,4600.104362005707,female,35-39,409,0.03327367393426619,0.012452194321914538
E02002064,E08000028,12292,316289,1836,4906,0.374235629841011,4600.104362005707,male,35-39,379,0.030833062154246665,0.011538830435221541
E02006179,E07000196,8820,110688,26,2574,0.010101010101010102,89.0909090909091,female,35-39,174,0.019727891156462583,0.0001992716278430564
E02006179,E07000196,8820,110688,26,2574,0.010101010101010102,89.0909090909091,male,35-39,448,0.050793650793650794,0.0005130671797338465
E02002163,E08000031,11710,253250,44,4472,0.009838998211091235,115.21466905187836,female,35-39,377,0.03219470538001708,0.00031676364864059736
E02002163,E08000031,11710,253250,44,4472,0.009838998211091235,115.21466905187836,male,35-39,513,0.04380871050384287,0.0004310338242775238
E02002058,E08000028,12006,316289,1237,5355,0.23099906629318395,2773.3747899159666,female,35-39,474,0.03948025987006497,0.009119903166997267
E02002058,E08000028,12006,316289,1237,5355,0.23099906629318395,2773.3747899159666,male,35-39,438,0.03648175912043978,0.008427252293554437
E02002065,E08000028,12333,316289,40,5232,0.00764525993883792,94.28899082568807,female,35-39,431,0.034946890456498826,0.0002671780615940277
E02002065,E08000028,12333,316289,40,5232,0.00764525993883792,94.28899082568807,male,35-39,466,0.03778480499472959,0.0002888746559230091
E02002158,E08000031,7354,253250,40,3054,0.01309757694826457,96.31958087753765,female,35-39,174,0.023660592874626053,0.00030989643581697516
E02002158,E08000031,7354,253250,40,3054,0.01309757694826457,96.31958087753765,male,35-39,194,0.026380201251019853,0.0003455167157959378
E02002061,E08000028,5723,316289,28,2656,0.010542168674698794,60.3328313253012,female,35-39,162,0.028306832081076358,0.00029841539844508206
E02002061,E08000028,5723,316289,28,2656,0.010542168674698794,60.3328313253012,male,35-39,207,0.036169840992486456,0.00038130856467982706
E02006894,E08000031,13025,253250,135,4910,0.0274949083503055,358.1211812627291,female,35-39,456,0.03500959692898273,0.0009625856589435169
E02006894,E08000031,13025,253250,135,4910,0.0274949083503055,358.1211812627291,male,35-39,454,0.03485604606525912,0.0009583637920183261
E02002059,E08000028,10733,316289,44,4615,0.009534127843986998,102.32979414951245,female,35-39,320,0.029814590515233393,0.00028425611758835733
E02002059,E08000028,10733,316289,44,4615,0.009534127843986998,102.32979414951245,male,35-39,351,0.03270287897139663,0.0003117934289797295
E02001842,E08000025,7584,1101521,10,2849,0.00351000351000351,26.61986661986662,female,35-39,230,0.030327004219409284,0.00010644789125801785
E02001842,E08000025,7584,1101521,10,2849,0.00351000351000351,26.61986661986662,male,35-39,207,0.027294303797468354,9.580310213221606e-05
E02006174,E07000196,10383,110688,12,2102,0.005708848715509039,59.27497621313035,female,35-39,285,0.027448714244438024,0.00015670055705673468
E02006174,E07000196,10383,110688,12,2102,0.005708848715509039,59.27497621313035,male,35-39,227,0.02186266011749976,0.0001248106191293992
E02002177,E08000031,9490,253250,161,3469,0.04641106947247045,440.4410492937446,female,35-39,329,0.03466807165437302,0.00160898228202769
E02002177,E08000031,9490,253250,161,3469,0.04641106947247045,440.4410492937446,male,35-39,363,0.03825079030558483,0.0017752600862493966
E02002056,E08000028,8965,316289,1566,4445,0.3523059617547806,3158.4229471316085,female,35-39,291,0.0324595649749024,0.011435698256624782
E02002056,E08000028,8965,316289,1566,4445,0.3523059617547806,3158.4229471316085,male,35-39,299,0.033351924149470163,0.01175008171385158
E02002057,E08000028,9255,316289,2145,4624,0.4638840830449827,4293.247188581315,female,35-39,324,0.03500810372771475,0.016239702096874597
E02002057,E08000028,9255,316289,2145,4624,0.4638840830449827,4293.247188581315,male,35-39,314,0.033927606699081576,0.01573847672351427
E02002068,E08000028,12466,316289,24,5537,0.004334477153693336,54.03359219794112,female,35-39,516,0.041392587838921864,0.00017941522632005142
E02002068,E08000028,12466,316289,24,5537,0.004334477153693336,54.03359219794112,male,35-39,497,0.039868442162682496,0.0001728088517074914
E02002060,E08000028,6401,316289,64,2791,0.02293084915800788,146.78036546040843,female,35-39,219,0.03421340415560069,0.0007845424098740394
E02002060,E08000028,6401,316289,64,2791,0.02293084915800788,146.78036546040843,male,35-39,246,0.03843149507889392,0.0008812668165708387
E02002053,E08000028,6052,316289,13,2352,0.0055272108843537416,33.45068027210884,female,35-39,166,0.02742894910773298,0.00015160558605464657
E02002053,E08000028,6052,316289,13,2352,0.0055272108843537416,33.45068027210884,male,35-39,166,0.02742894910773298,0.00015160558605464657
E02002062,E08000028,7752,316289,41,3473,0.011805355600345523,91.51511661387849,female,35-39,226,0.029153766769865842,0.0003441705838078029
E02002062,E08000028,7752,316289,41,3473,0.011805355600345523,91.51511661387849,male,35-39,265,0.03418472652218782,0.00040356285269499013
E02002166,E08000031,9374,253250,65,3801,0.017100762957116548,160.3025519600105,female,35-39,265,0.02826968209942394,0.00048343313245528965
E02002166,E08000031,9374,253250,65,3801,0.017100762957116548,160.3025519600105,male,35-39,277,0.02954981864732238,0.0005053244441136424
E02002072,E08000028,8540,316289,131,3492,0.03751431844215349,320.3722794959908,female,35-39,269,0.031498829039812645,0.0011816571031544835
E02002072,E08000028,8540,316289,131,3492,0.03751431844215349,320.3722794959908,male,35-39,293,0.03430913348946136,0.0012870837591980062
E02002178,E08000031,8046,253250,167,2985,0.0559463986599665,450.14472361809044,female,35-39,218,0.027094208302261995,0.0015158233790545236
E02002178,E08000031,8046,253250,167,2985,0.0559463986599665,450.14472361809044,male,35-39,235,0.02920705940840169,0.0016340297893477664
E02006184,E07000196,5448,110688,56,1700,0.03294117647058824,179.4635294117647,female,35-39,164,0.03010279001468429,0.0009916213181307768
E02006184,E07000196,5448,110688,56,1700,0.03294117647058824,179.4635294117647,male,35-39,156,0.028634361233480177,0.0009432495465146412
E02006183,E07000196,7502,110688,91,2432,0.03741776315789474,280.70805921052636,female,35-39,192,0.025593175153292454,0.0009576393663444134
E02006183,E07000196,7502,110688,91,2432,0.03741776315789474,280.70805921052636,male,35-39,166,0.022127432684617435,0.0008279590354852741
E02006008,E06000051,7797,310774,11,2787,0.003946896304269824,30.773950484391815,female,35-39,210,0.026933435936898807,0.00010630347876063396
E02006008,E06000051,7797,310774,11,2787,0.003946896304269824,30.773950484391815,male,35-39,214,0.027446453764268307,0.00010832830692750317
E02006009,E06000051,7325,310774,27,2987,0.009039169735520589,66.21191831268831,female,35-39,160,0.021843003412969283,0.00019744261538338486
E02006009,E06000051,7325,310774,27,2987,0.009039169735520589,66.21191831268831,male,35-39,168,0.022935153583617748,0.0002073147461525541
E02006185,E07000196,7124,110688,1799,3014,0.5968812209688122,4252.181818181818,female,35-39,172,0.024143739472206625,0.014410944694923596
E02006185,E07000196,7124,110688,1799,3014,0.5968812209688122,4252.181818181818,male,35-39,144,0.02021336327905671,0.012064976953889523
E02002007,E08000027,8924,315653,3107,3605,0.8618585298196949,7691.225520110957,female,35-39,220,0.024652622142536978,0.021247072675967378
E02002007,E08000027,8924,315653,3107,3605,0.8618585298196949,7691.225520110957,male,35-39,194,0.021739130434782608,0.018736054996080324
E02002941,E06000020,10177,169768,25,4322,0.005784359093012495,58.86742248958816,female,35-39,308,0.030264321509285645,0.00017505970331609005
E02002941,E06000020,10177,169768,25,4322,0.005784359093012495,58.86742248958816,male,35-39,332,0.03262258032819102,0.00018870071915890228
E02002080,E08000028,6839,316289,2355,3075,0.7658536585365854,5237.673170731708,female,35-39,223,0.032607106302090946,0.0249722716557477
E02002080,E08000028,6839,316289,2355,3075,0.7658536585365854,5237.673170731708,male,35-39,191,0.027928059657844714,0.02138880666478839
E02001925,E08000025,6588,1101521,11,2553,0.004308656482569526,28.385428907168038,female,35-39,222,0.033697632058287796,0.0001451915208151844
E02001925,E08000025,6588,1101521,11,2553,0.004308656482569526,28.385428907168038,male,35-39,207,0.031420765027322405,0.00013538128292226654
E02001890,E08000025,10590,1101521,18,3528,0.00510204081632653,54.03061224489795,female,35-39,340,0.03210576015108593,0.00016380489873003026
E02001890,E08000025,10590,1101521,18,3528,0.00510204081632653,54.03061224489795,male,35-39,454,0.04287063267233239,0.00021872771771598156
E02002038,E08000027,9391,315653,2749,3729,0.7371949584338965,6922.997854652722,female,35-39,273,0.029070386540304548,0.021430542397237115
E02002038,E08000027,9391,315653,2749,3729,0.7371949584338965,6922.997854652722,male,35-39,308,0.032797359173676925,0.024178047832780335
E02002946,E06000020,7932,169768,24,2991,0.00802407221664995,63.6469408224674,female,35-39,251,0.03164397377710539,0.000253913530809271
E02002946,E06000020,7932,169768,24,2991,0.00802407221664995,63.6469408224674,male,35-39,248,0.031265758951084216,0.0002508787077318693
E02002943,E06000020,10466,169768,33,4085,0.008078335373317013,84.54785801713587,female,35-39,418,0.039938849608255306,0.0003226394215599572
E02002943,E06000020,10466,169768,33,4085,0.008078335373317013,84.54785801713587,male,35-39,391,0.037359067456525896,0.0003017990761481896
E02001950,E08000025,8602,1101521,8,3466,0.002308136180034622,19.85458742065782,female,35-39,234,0.027202976052080913,6.278817323042334e-05
E02001950,E08000025,8602,1101521,8,3466,0.002308136180034622,19.85458742065782,male,35-39,232,0.026970471983259706,6.225152217717185e-05
E02002179,E08000031,6327,253250,182,2259,0.08056662239929172,509.74501992031867,female,35-39,203,0.032084716295242614,0.0025849572225472134
E02002179,E08000031,6327,253250,182,2259,0.08056662239929172,509.74501992031867,male,35-39,176,0.02781729097518571,0.0022411451781690125
E02002932,E06000020,9089,169768,14,3567,0.003924866834875245,35.673114662181106,female,35-39,335,0.03685774012542634,0.0001446617218267364
E02002932,E06000020,9089,169768,14,3567,0.003924866834875245,35.673114662181106,male,35-39,343,0.03773792496424249,0.00014811633010916592
E02006704,E07000234,6898,95519,9,2842,0.0031667839549612948,21.84447572132301,female,35-39,226,0.03276311974485358,0.00010375372192247791
E02006704,E07000234,6898,95519,9,2842,0.0031667839549612948,21.84447572132301,male,35-39,203,0.02942881994781096,9.319471482417263e-05
E02006046,E06000051,8908,310774,21,3364,0.00624256837098692,55.608799048751486,female,35-39,212,0.023798832510103278,0.00014856583909398597
E02006046,E06000051,8908,310774,21,3364,0.00624256837098692,55.608799048751486,male,35-39,153,0.01717557251908397,0.00010721968576122574
E02006011,E06000051,5892,310774,35,2308,0.015164644714038129,89.35008665511265,female,35-39,168,0.028513238289205704,0.00043239312830251287
E02006011,E06000051,5892,310774,35,2308,0.015164644714038129,89.35008665511265,male,35-39,166,0.028173794976238967,0.0004272455910608162
E02006043,E06000051,6881,310774,9,2630,0.0034220532319391636,23.547148288973386,female,35-39,144,0.020927190815288474,7.16139609648655e-05
E02006043,E06000051,6881,310774,9,2630,0.0034220532319391636,23.547148288973386,male,35-39,174,0.02528702223514024,8.653353616587916e-05
E02006013,E06000051,7636,310774,234,3144,0.07442748091603053,568.3282442748092,female,35-39,160,0.020953378732320588,0.0015595071957261507
E02006013,E06000051,7636,310774,234,3144,0.07442748091603053,568.3282442748092,male,35-39,156,0.020429544264012573,0.0015205195158329969
E02002948,E06000020,7031,169768,13,2761,0.004708438971387179,33.105034407823254,female,35-39,213,0.03029441046792775,0.0001426393828623907
E02002948,E06000020,7031,169768,13,2761,0.004708438971387179,33.105034407823254,male,35-39,205,0.029156592234390558,0.00013728203514924928
E02002947,E06000020,6762,169768,17,2744,0.00619533527696793,41.892857142857146,female,35-39,186,0.027506654835847383,0.0001704129490559058
E02002947,E06000020,6762,169768,17,2744,0.00619533527696793,41.892857142857146,male,35-39,227,0.03356994971901804,0.00020797709374027211
E02006045,E06000051,11048,310774,9,4637,0.0019409100711667026,21.44317446624973,female,35-39,285,0.025796524257784215,5.006873373302953e-05
E02006045,E06000051,11048,310774,9,4637,0.0019409100711667026,21.44317446624973,male,35-39,272,0.024619840695148443,4.778489675573345e-05
E02002950,E06000020,5501,169768,15,2409,0.0062266500622665,34.25280199252802,female,35-39,115,0.020905289947282312,0.00013016992495194465
E02002950,E06000020,5501,169768,15,2409,0.0062266500622665,34.25280199252802,male,35-39,130,0.02363206689692783,0.00014714861081524178
E02006010,E06000051,11572,310774,39,4282,0.00910789350770668,105.39654367118169,female,35-39,341,0.029467680608365018,0.00026838849690010173
E02006010,E06000051,11572,310774,39,4282,0.00910789350770668,105.39654367118169,male,35-39,317,0.027393708952644313,0.00024949898392179545
E02006014,E06000051,9310,310774,60,3559,0.01685866816521495,156.9542006181512,female,35-39,208,0.02234156820622986,0.0003766490846793458
E02006014,E06000051,9310,310774,60,3559,0.01685866816521495,156.9542006181512,male,35-39,203,0.02180451127819549,0.0003675950201437846
E02002936,E06000020,8985,169768,13,3588,0.0036231884057971015,32.55434782608695,female,35-39,324,0.03606010016694491,0.00013065253683675691
E02002936,E06000020,8985,169768,13,3588,0.0036231884057971015,32.55434782608695,male,35-39,343,0.038174735670562045,0.00013831425967594945
E02002937,E06000020,10271,169768,19,3808,0.004989495798319327,51.247111344537814,female,35-39,276,0.02687177490020446,0.00013407660795795292
E02002937,E06000020,10271,169768,19,3808,0.004989495798319327,51.247111344537814,male,35-39,255,0.02482718333171064,0.00012387512691767387
E02002934,E06000020,5973,169768,8,2312,0.0034602076124567475,20.667820069204154,female,35-39,170,0.02846140967687929,9.848238642518785e-05
E02002934,E06000020,5973,169768,8,2312,0.0034602076124567475,20.667820069204154,male,35-39,189,0.03164239075841286,0.00010948924137859121
E02002931,E06000020,6673,169768,12,2265,0.005298013245033113,35.35364238410596,female,35-39,202,0.030271242319796193,0.00016037744275388711
E02002931,E06000020,6673,169768,12,2265,0.005298013245033113,35.35364238410596,male,35-39,155,0.023227933463209952,0.00012306189914283418
E02002949,E06000020,5179,169768,19,2064,0.009205426356589148,47.6749031007752,female,35-39,127,0.024522108515157365,0.00022573646404456878
E02002949,E06000020,5179,169768,19,2064,0.009205426356589148,47.6749031007752,male,35-39,156,0.03012164510523267,0.00027728258575553333
E02002933,E06000020,8266,169768,8,3198,0.0025015634771732333,20.677923702313947,female,35-39,197,0.02383256714251149,5.9618679530985596e-05
E02002933,E06000020,8266,169768,8,3198,0.0025015634771732333,20.677923702313947,male,35-39,179,0.021654972175175417,5.417128749262143e-05
E02006012,E06000051,6249,310774,51,2517,0.02026221692491061,126.6185935637664,female,35-39,134,0.021443430948951833,0.0004344914495020038
E02006012,E06000051,6249,310774,51,2517,0.02026221692491061,126.6185935637664,male,35-39,183,0.02928468554968795,0.0005933726511855724
E02002938,E06000020,7041,169768,10,2924,0.003419972640218878,24.08002735978112,female,35-39,222,0.031529612270984234,0.00010783041132347549
E02002938,E06000020,7041,169768,10,2924,0.003419972640218878,24.08002735978112,male,35-39,243,0.034512143161482746,0.00011803058536758805
E02002935,E06000020,6539,169768,17,2641,0.006436955698599016,42.091253313138964,female,35-39,180,0.02752714482336749,0.00017719101173693574
E02002935,E06000020,6539,169768,17,2641,0.006436955698599016,42.091253313138964,male,35-39,194,0.02966814497629607,0.00019097253487203073
E02002942,E06000020,6480,169768,12,2164,0.005545286506469501,35.93345656192236,female,35-39,195,0.03009259259259259,0.00016687204764838774
E02002942,E06000020,6480,169768,12,2164,0.005545286506469501,35.93345656192236,male,35-39,212,0.03271604938271605,0.00018141986718696516
E02002940,E06000020,6097,169768,8,2441,0.0032773453502662844,19.981974600573537,female,35-39,191,0.03132688207315073,0.00010266901130078076
E02002940,E06000020,6097,169768,8,2441,0.0032773453502662844,19.981974600573537,male,35-39,189,0.030998851894374284,0.00010159394311962076
E02002945,E06000020,9464,169768,23,3482,0.006605399195864446,62.51349798966112,female,35-39,290,0.030642434488588336,0.00020240551213025036
E02002945,E06000020,9464,169768,23,3482,0.006605399195864446,62.51349798966112,male,35-39,388,0.040997464074387154,0.0002708046162294384
E02001851,E08000025,8705,1101521,11,3747,0.0029356818788364024,25.55511075527088,female,35-39,289,0.033199310740953475,9.746261493207585e-05
E02001851,E08000025,8705,1101521,11,3747,0.0029356818788364024,25.55511075527088,male,35-39,274,0.031476163124641014,9.240400170030722e-05
E02006770,E07000239,7445,98999,86,3002,0.028647568287808126,213.2811459027315,female,35-39,240,0.03223640026863667,0.0009234944780488852
E02006770,E07000239,7445,98999,86,3002,0.028647568287808126,213.2811459027315,male,35-39,239,0.03210208193418402,0.0009196465843903483
E02006775,E07000239,5234,98999,39,2137,0.018249883013570427,95.51988769302761,female,35-39,128,0.02445548337791364,0.0004463097106872401
E02006775,E07000239,5234,98999,39,2137,0.018249883013570427,95.51988769302761,male,35-39,162,0.030951471150171952,0.0005648607275885383
E02006752,E07000238,6978,120007,9,2110,0.0042654028436018955,29.763981042654027,female,35-39,187,0.026798509601605045,0.00011430643905897886
E02006752,E07000238,6978,120007,9,2110,0.0042654028436018955,29.763981042654027,male,35-39,158,0.022642591000286615,9.657977203913721e-05
E02006769,E07000239,7260,98999,102,2631,0.03876852907639681,281.4595210946408,female,35-39,212,0.029201101928374655,0.0011320837691730196
E02006769,E07000239,7260,98999,102,2631,0.03876852907639681,281.4595210946408,male,35-39,258,0.03553719008264463,0.0013777245870124487
E02006780,E07000239,5841,98999,29,2373,0.012220817530552043,71.38179519595448,female,35-39,150,0.025680534155110426,0.000313837121996714
E02006780,E07000239,5841,98999,29,2373,0.012220817530552043,71.38179519595448,male,35-39,166,0.028419791131655537,0.0003473130816763635
E02006710,E07000235,8023,76224,16,3073,0.005206638464041653,41.77286039700618,female,35-39,194,0.02418048111678923,0.00012589902306170766
E02006710,E07000235,8023,76224,16,3073,0.005206638464041653,41.77286039700618,male,35-39,177,0.022061572977689143,0.00011486663444289824
E02006772,E07000239,6487,98999,81,2650,0.030566037735849056,198.28188679245284,female,35-39,159,0.02451055958069986,0.0007491906890704485
E02006772,E07000239,6487,98999,81,2650,0.030566037735849056,198.28188679245284,male,35-39,172,0.026514567596731927,0.0008104452737114287
E02006768,E07000239,6929,98999,76,2622,0.028985507246376812,200.84057971014494,female,35-39,206,0.029730119786404965,0.0008617426025044917
E02006768,E07000239,6929,98999,76,2622,0.028985507246376812,200.84057971014494,male,35-39,176,0.025400490691297444,0.0007362461069941288
E02006776,E07000239,6600,98999,50,2264,0.022084805653710248,145.75971731448763,female,35-39,182,0.027575757575757576,0.0006090052468144342
E02006776,E07000239,6600,98999,50,2264,0.022084805653710248,145.75971731448763,male,35-39,175,0.026515151515151516,0.000585581968090802
E02006779,E07000239,7763,98999,47,2986,0.015740120562625585,122.19055592766242,female,35-39,181,0.02331572845549401,0.00036699237689491573
E02006779,E07000239,7763,98999,47,2986,0.015740120562625585,122.19055592766242,male,35-39,206,0.02653613293829705,0.0004176819317146555
E02006773,E07000239,8336,98999,90,3333,0.027002700270027002,225.09450945094508,female,35-39,241,0.028910748560460654,0.0007806682779602336
E02006773,E07000239,8336,98999,90,3333,0.027002700270027002,225.09450945094508,male,35-39,212,0.02543186180422265,0.0006867289416081723
E02006778,E07000239,6883,98999,44,2683,0.016399552739470743,112.87812150577712,female,35-39,166,0.0241173906726718,0.00039551442027490095
E02006778,E07000239,6883,98999,44,2683,0.016399552739470743,112.87812150577712,male,35-39,171,0.024843818102571552,0.0004074275052229401
E02006771,E07000239,6656,98999,74,2584,0.02863777089783282,190.61300309597524,female,35-39,160,0.02403846153846154,0.0006884079542748274
E02006771,E07000239,6656,98999,74,2584,0.02863777089783282,190.61300309597524,male,35-39,135,0.020282451923076924,0.0005808442114193856
E02006767,E07000239,8853,98999,423,3438,0.12303664921465969,1089.2434554973822,female,35-39,225,0.025415113520840395,0.003126990407014394
E02006767,E07000239,8853,98999,423,3438,0.12303664921465969,1089.2434554973822,male,35-39,150,0.016943409013893594,0.0020846602713429294
E02006711,E07000235,7992,76224,13,2603,0.004994237418363427,39.91394544756051,female,35-39,163,0.020395395395395394,0.00010185944684600081
E02006711,E07000235,7992,76224,13,2603,0.004994237418363427,39.91394544756051,male,35-39,150,0.01876876876876877,9.373568728159585e-05
E02006697,E07000234,7343,95519,582,2760,0.2108695652173913,1548.4152173913044,female,35-39,185,0.025194062372327387,0.005312660978512514
E02006697,E07000234,7343,95519,582,2760,0.2108695652173913,1548.4152173913044,male,35-39,119,0.016205910390848427,0.0034173332780702117
E02006748,E07000238,6695,120007,28,2468,0.011345218800648298,75.95623987034035,female,35-39,176,0.02628827483196415,0.00029824622986020916
E02006748,E07000238,6695,120007,28,2468,0.011345218800648298,75.95623987034035,male,35-39,131,0.019566840926064227,0.00022199009154367843
E02006753,E07000238,6436,120007,20,2175,0.009195402298850575,59.181609195402295,female,35-39,166,0.02579241765071473,0.00023717165655829636
E02006753,E07000238,6436,120007,20,2175,0.009195402298850575,59.181609195402295,male,35-39,141,0.021908017402113112,0.0002014530335826493
E02006707,E07000234,6848,95519,9,2196,0.004098360655737705,28.065573770491806,female,35-39,254,0.0370911214953271,0.00015201279301363567
E02006707,E07000234,6848,95519,9,2196,0.004098360655737705,28.065573770491806,male,35-39,203,0.02964369158878505,0.00012149053929829938
E02001895,E08000025,8221,1101521,8,3569,0.002241524236480807,18.427570748108714,female,35-39,277,0.033694197786157405,7.552636096644977e-05
E02001895,E08000025,8221,1101521,8,3569,0.002241524236480807,18.427570748108714,male,35-39,202,0.024571220046223086,5.50769852535121e-05
E02006706,E07000234,7094,95519,13,2640,0.004924242424242424,34.932575757575755,female,35-39,158,0.02227234282492247,0.00010967441542575458
E02006706,E07000234,7094,95519,13,2640,0.004924242424242424,34.932575757575755,male,35-39,166,0.023400056385678037,0.00011522755038402063
E02006703,E07000234,7229,95519,11,2633,0.004177744018230156,30.200911507785797,female,35-39,197,0.027251348734264765,0.00011384915916327855
E02006703,E07000234,7229,95519,11,2633,0.004177744018230156,30.200911507785797,male,35-39,185,0.025591368100705492,0.00010691418500104839
E02006705,E07000234,7134,95519,14,2719,0.0051489518205222505,36.732622287605736,female,35-39,214,0.029997196523689373,0.00015445411965121412
E02006705,E07000234,7134,95519,14,2719,0.0051489518205222505,36.732622287605736,male,35-39,186,0.02607232968881413,0.00013424516941647584
E02006702,E07000234,5790,95519,23,2326,0.009888220120378332,57.25279449699054,female,35-39,158,0.027288428324697755,0.0002698339860137783
E02006702,E07000234,5790,95519,23,2326,0.009888220120378332,57.25279449699054,male,35-39,145,0.025043177892918825,0.0002476324555189738
E02006708,E07000234,8466,95519,12,3221,0.003725551071095933,31.54051536789817,female,35-39,314,0.03708953460902433,0.00013817895538910027
E02006708,E07000234,8466,95519,12,3221,0.003725551071095933,31.54051536789817,male,35-39,280,0.03307347035199622,0.00012321690289473908
E02006709,E07000234,7862,95519,12,2822,0.004252303330970942,33.43160878809355,female,35-39,167,0.021241414398371915,9.032493720073103e-05
E02006709,E07000234,7862,95519,12,2822,0.004252303330970942,33.43160878809355,male,35-39,294,0.03739506486899008,0.000159015158904281
E02006774,E07000239,7573,98999,64,2899,0.02207657813038979,167.18592618144186,female,35-39,263,0.034728641225406046,0.0007666895613749524
E02006774,E07000239,7573,98999,64,2899,0.02207657813038979,167.18592618144186,male,35-39,258,0.03406840089792684,0.0007521137142005236
E02001946,E08000025,7631,1101521,11,3033,0.003626772172766238,27.67589845037916,female,35-39,184,0.024112174026995153,8.744936178600286e-05
E02001946,E08000025,7631,1101521,11,3033,0.003626772172766238,27.67589845037916,male,35-39,203,0.02660201808413052,9.64794589269488e-05
E02006901,E08000025,15014,1101521,10,5840,0.0017123287671232876,25.70890410958904,female,35-39,555,0.036965498867723455,6.329708710226618e-05
E02006901,E08000025,15014,1101521,10,5840,0.0017123287671232876,25.70890410958904,male,35-39,587,0.03909684294658319,6.694664888113558e-05
E02006187,E07000196,7313,110688,2369,2947,0.8038683406854428,5878.689175432643,female,35-39,182,0.024887187200875155,0.0200060218794955
E02006187,E07000196,7313,110688,2369,2947,0.8038683406854428,5878.689175432643,male,35-39,146,0.01996444687542732,0.01604878678245243
E02006777,E07000239,7139,98999,73,2644,0.02760968229954614,197.1055219364599,female,35-39,138,0.01933043843675585,0.0005337072639497643
E02006777,E07000239,7139,98999,73,2644,0.02760968229954614,197.1055219364599,male,35-39,116,0.016248774338142598,0.00044862349723313524
E02002002,E08000027,6982,315653,2194,2941,0.7460047602856171,5208.605236314179,female,35-39,150,0.021483815525637353,0.01602702865122351
E02002002,E08000027,6982,315653,2194,2941,0.7460047602856171,5208.605236314179,male,35-39,155,0.022199942709825265,0.01656126293959763
E02002013,E08000027,6563,315653,2277,2637,0.863481228668942,5667.027303754266,female,35-39,155,0.023617248209660217,0.020393050501856774
E02002013,E08000027,6563,315653,2277,2637,0.863481228668942,5667.027303754266,male,35-39,146,0.022245924120067043,0.01920893789207154
E02002078,E08000028,6286,316289,58,2651,0.02187853640135798,137.52847981893626,female,35-39,204,0.032453070314985684,0.0007100256802222443
E02002078,E08000028,6286,316289,58,2651,0.02187853640135798,137.52847981893626,male,35-39,165,0.02624880687241489,0.0005742854766503446
E02002029,E08000027,5821,315653,910,2458,0.37021969080553296,2155.048820179007,female,35-39,149,0.025596976464524995,0.009476504712252948
E02002029,E08000027,5821,315653,910,2458,0.37021969080553296,2155.048820179007,male,35-39,135,0.02319189142758976,0.008586094873517773
E02006696,E07000234,6224,95519,830,2309,0.3594629709831096,2237.297531398874,female,35-39,150,0.02410025706940874,0.008663150007626356
E02006696,E07000234,6224,95519,830,2309,0.3594629709831096,2237.297531398874,male,35-39,117,0.018798200514138816,0.006757257005948557
E02002035,E08000027,6215,315653,1133,2623,0.43194815097216926,2684.557758292032,female,35-39,178,0.028640386162510058,0.012371161846025122
E02002035,E08000027,6215,315653,1133,2623,0.43194815097216926,2684.557758292032,male,35-39,178,0.028640386162510058,0.012371161846025122
E02002027,E08000027,5585,315653,1634,1917,0.8523735002608243,4760.5059989567035,female,35-39,178,0.031871083258728734,0.027166066794346768
E02002027,E08000027,5585,315653,1634,1917,0.8523735002608243,4760.5059989567035,male,35-39,143,0.02560429722470904,0.021824424447143755
E02002023,E08000027,5328,315653,1842,2111,0.8725722406442444,4649.064898152535,female,35-39,155,0.02909159159159159,0.025384515258982335
E02002023,E08000027,5328,315653,1842,2111,0.8725722406442444,4649.064898152535,male,35-39,161,0.030217717717717717,0.026367141656104234
E02002036,E08000027,6538,315653,2415,2792,0.8649713467048711,5655.182664756447,female,35-39,165,0.025237075558274702,0.021829347232533457
E02002036,E08000027,6538,315653,2415,2792,0.8649713467048711,5655.182664756447,male,35-39,216,0.03303762618537779,0.02857660001349834
E02002006,E08000027,6484,315653,2371,2774,0.8547224224945926,5542.020187454938,female,35-39,166,0.025601480567550895,0.02188215949014534
E02002006,E08000027,6484,315653,2371,2774,0.8547224224945926,5542.020187454938,male,35-39,179,0.027606415792720544,0.023595822582747082
E02002039,E08000027,6423,315653,2050,2529,0.8105970739422697,5206.465005931198,female,35-39,152,0.023664954071306244,0.019182742525179042
E02002039,E08000027,6423,315653,2050,2529,0.8105970739422697,5206.465005931198,male,35-39,186,0.028958430639887903,0.023473619142653303
E02002024,E08000027,8489,315653,3028,3483,0.8693654895205283,7380.043640539765,female,35-39,244,0.028743079279067028,0.024988241187773458
E02002024,E08000027,8489,315653,3028,3483,0.8693654895205283,7380.043640539765,male,35-39,262,0.03086347037342443,0.02683163602949445
E02002009,E08000027,6697,315653,2392,2910,0.8219931271477663,5504.887972508591,female,35-39,233,0.03479169777512319,0.028598536452953495
E02002009,E08000027,6697,315653,2392,2910,0.8219931271477663,5504.887972508591,male,35-39,215,0.03210392713155144,0.026389207456587987
E02002018,E08000027,8990,315653,2997,3484,0.8602181400688863,7733.361079219288,female,35-39,206,0.022914349276974416,0.019711338915927763
E02002018,E08000027,8990,315653,2997,3484,0.8602181400688863,7733.361079219288,male,35-39,216,0.024026696329254728,0.02066820002835144
E02002033,E08000027,7674,315653,2219,2966,0.7481456507080243,5741.269723533378,female,35-39,222,0.028928850664581705,0.021642993804688742
E02002033,E08000027,7674,315653,2219,2966,0.7481456507080243,5741.269723533378,male,35-39,232,0.03023195204586917,0.022617903435530575
E02002017,E08000027,8443,315653,3414,3928,0.8691446028513238,7338.187881873727,female,35-39,236,0.027952149709818786,0.024294460058381193
E02002017,E08000027,8443,315653,3414,3928,0.8691446028513238,7338.187881873727,male,35-39,260,0.03079474120573256,0.026765083115165723
E02002041,E08000027,6174,315653,2055,2549,0.8061985092193017,4977.469595919969,female,35-39,160,0.02591512795594428,0.02089273752430973
E02002041,E08000027,6174,315653,2055,2549,0.8061985092193017,4977.469595919969,male,35-39,166,0.026886945254292194,0.021676215181471344
E02002012,E08000027,8054,315653,3436,3885,0.8844272844272845,7123.177348777349,female,35-39,221,0.027439781475043456,0.02426849141525079
E02002012,E08000027,8054,315653,3436,3885,0.8844272844272845,7123.177348777349,male,35-39,241,0.029923019617581325,0.026464734982241812
E02002022,E08000027,8434,315653,3147,3556,0.8849831271091113,7463.947694038245,female,35-39,257,0.03047189945458857,0.026967116868276214
E02002022,E08000027,8434,315653,3147,3556,0.8849831271091113,7463.947694038245,male,35-39,272,0.032250414986957555,0.028541073105724245
E02002034,E08000027,7963,315653,2698,3216,0.8389303482587065,6680.40236318408,female,35-39,238,0.029888233077985684,0.025074145784951922
E02002034,E08000027,7963,315653,2698,3216,0.8389303482587065,6680.40236318408,male,35-39,217,0.02725103604169283,0.022861721156867926
E02002042,E08000027,8222,315653,2220,2974,0.7464694014794889,6137.471418964358,female,35-39,248,0.030162977377766968,0.022515739670021073
E02002042,E08000027,8222,315653,2220,2974,0.7464694014794889,6137.471418964358,male,35-39,208,0.02529798102651423,0.018884168755501543
E02002026,E08000027,7013,315653,2186,2562,0.853239656518345,5983.769711163153,female,35-39,199,0.028375873378012263,0.024211420454463232
E02002026,E08000027,7013,315653,2186,2562,0.853239656518345,5983.769711163153,male,35-39,194,0.027662911735348638,0.023603093307366166
E02002020,E08000027,9771,315653,3408,3903,0.8731744811683321,8531.787855495773,female,35-39,283,0.0289632586224542,0.025289978320605668
E02002020,E08000027,9771,315653,3408,3903,0.8731744811683321,8531.787855495773,male,35-39,290,0.029679664312762255,0.025915525487546442
E02002030,E08000027,6330,315653,2521,2903,0.8684119875990355,5497.047881501895,female,35-39,201,0.03175355450236967,0.027575167378737147
E02002030,E08000027,6330,315653,2521,2903,0.8684119875990355,5497.047881501895,male,35-39,205,0.03238546603475513,0.02812392692856276
E02002028,E08000027,5825,315653,2078,2430,0.8551440329218107,4981.213991769548,female,35-39,147,0.025236051502145924,0.021580458856567585
E02002028,E08000027,5825,315653,2078,2430,0.8551440329218107,4981.213991769548,male,35-39,170,0.029184549356223177,0.02495699323548632
E02002021,E08000027,7518,315653,2907,3277,0.8870918523039365,6669.156545620995,female,35-39,219,0.029130087789305665,0.025841063534791445
E02002021,E08000027,7518,315653,2907,3277,0.8870918523039365,6669.156545620995,male,35-39,241,0.032056397978185686,0.028436969460660905
E02002011,E08000027,5761,315653,2006,2316,0.8661485319516408,4989.881692573403,female,35-39,154,0.026731470230862697,0.023153423697370713
E02002011,E08000027,5761,315653,2006,2316,0.8661485319516408,4989.881692573403,male,35-39,135,0.02343343169588613,0.02029683246198082
E02002019,E08000027,8016,315653,2788,3247,0.8586387434554974,6882.848167539267,female,35-39,226,0.028193612774451097,0.02420812824612555
E02002019,E08000027,8016,315653,2788,3247,0.8586387434554974,6882.848167539267,male,35-39,205,0.02557385229540918,0.02195870040024663
E02002016,E08000027,7873,315653,3246,3671,0.8842277308635249,6961.524925088532,female,35-39,239,0.03035691604216944,0.02684242698798202
E02002016,E08000027,7873,315653,3246,3671,0.8842277308635249,6961.524925088532,male,35-39,207,0.02629239171853169,0.02324846186825221
E02002040,E08000027,6006,315653,1787,2238,0.7984807864164433,4795.675603217158,female,35-39,140,0.023310023310023312,0.018612605743973037
E02002040,E08000027,6006,315653,1787,2238,0.7984807864164433,4795.675603217158,male,35-39,114,0.01898101898101898,0.015155978962949472
E02002015,E08000027,6039,315653,2300,2613,0.880214313050134,5315.614236509759,female,35-39,176,0.029143897996357013,0.025652876154466563
E02002015,E08000027,6039,315653,2300,2613,0.880214313050134,5315.614236509759,male,35-39,148,0.02450736876966385,0.021571736766255973
E02002037,E08000027,5965,315653,1882,2241,0.8398036590807675,5009.428826416778,female,35-39,154,0.02581726739312657,0.02168143562421428
E02002037,E08000027,5965,315653,1882,2241,0.8398036590807675,5009.428826416778,male,35-39,150,0.025146689019279127,0.021118281452156766
E02001901,E08000025,8063,1101521,11,2791,0.003941239699032604,31.778215693299888,female,35-39,320,0.03968746124271363,0.0001564177978036008
E02001901,E08000025,8063,1101521,11,2791,0.003941239699032604,31.778215693299888,male,35-39,300,0.03720699491504403,0.00014664168544087575
E02006698,E07000234,6535,95519,10,2771,0.003608805485384338,23.583543846986647,female,35-39,160,0.02448355011476664,8.835636995585219e-05
E02006698,E07000234,6535,95519,10,2771,0.003608805485384338,23.583543846986647,male,35-39,162,0.024789594491201224,8.946082458030034e-05
E02001921,E08000025,7888,1101521,10,3211,0.003114294612270321,24.56555590158829,female,35-39,298,0.0377789046653144,0.00011765463925666274
E02001921,E08000025,7888,1101521,10,3211,0.003114294612270321,24.56555590158829,male,35-39,281,0.035623732251521295,0.00011094279741987324
E02001927,E08000025,7803,1101521,10,3616,0.0027654867256637168,21.579092920353983,female,35-39,266,0.03408945277457388,9.427392913322424e-05
E02001927,E08000025,7803,1101521,10,3616,0.0027654867256637168,21.579092920353983,male,35-39,224,0.028706907599641163,7.938857190166251e-05
E02001952,E08000025,9117,1101521,12,4047,0.0029651593773165306,27.03335804299481,female,35-39,287,0.03147965339475705,9.334218945813802e-05
E02001952,E08000025,9117,1101521,12,4047,0.0029651593773165306,27.03335804299481,male,35-39,239,0.026214763628386532,7.773095219684664e-05
E02001913,E08000025,7746,1101521,14,2873,0.004872955099199443,37.74591019839888,female,35-39,235,0.030338239091143818,0.00014783687687992114
E02001913,E08000025,7746,1101521,14,2873,0.004872955099199443,37.74591019839888,male,35-39,254,0.03279111799638523,0.00015978964564893603
E02001932,E08000025,7076,1101521,14,3205,0.00436817472698908,30.90920436817473,female,35-39,242,0.034200113058224985,0.00014939206952110758
E02001932,E08000025,7076,1101521,14,3205,0.00436817472698908,30.90920436817473,male,35-39,204,0.02882984737139627,0.00012593381067068575
E02001899,E08000025,8050,1101521,17,3211,0.005294300840859545,42.61912176891934,female,35-39,281,0.034906832298136646,0.00018480727158776798
E02001899,E08000025,8050,1101521,17,3211,0.005294300840859545,42.61912176891934,male,35-39,252,0.03130434782608696,0.00016573463501821185
E02001911,E08000025,8103,1101521,21,3490,0.006017191977077364,48.75730659025788,female,35-39,316,0.038997902011600645,0.0002346578631070526
E02001911,E08000025,8103,1101521,21,3490,0.006017191977077364,48.75730659025788,male,35-39,241,0.029742070837961248,0.00017896375002784707
E02001951,E08000025,8399,1101521,21,3936,0.005335365853658537,44.81173780487805,female,35-39,304,0.03619478509346351,0.00019311242046817422
E02001951,E08000025,8399,1101521,21,3936,0.005335365853658537,44.81173780487805,male,35-39,289,0.034408858197404454,0.00018358384708981037
E02001928,E08000025,6890,1101521,23,3103,0.007412181759587496,51.06993232355784,female,35-39,228,0.03309143686502177,0.0002452797447294556
E02001928,E08000025,6890,1101521,23,3103,0.007412181759587496,51.06993232355784,male,35-39,198,0.028737300435413643,0.0002130060941071588
E02001920,E08000025,7512,1101521,52,3186,0.016321406151914627,122.60640301318267,female,35-39,260,0.03461128860489883,0.0005649048987616884
E02001920,E08000025,7512,1101521,52,3186,0.016321406151914627,122.60640301318267,male,35-39,222,0.029552715654952075,0.0004823418750965185
E02001906,E08000025,9284,1101521,90,3832,0.02348643006263048,218.04801670146136,female,35-39,344,0.03705299439896596,0.000870242561562353
E02001906,E08000025,9284,1101521,90,3832,0.02348643006263048,218.04801670146136,male,35-39,312,0.03360620422231796,0.000789289765137948
E02001935,E08000025,7920,1101521,9,3303,0.0027247956403269754,21.580381471389646,female,35-39,280,0.03535353535353535,9.633115900145872e-05
E02001935,E08000025,7920,1101521,9,3303,0.0027247956403269754,21.580381471389646,male,35-39,245,0.030934343434343436,8.428976412627639e-05
E02001926,E08000025,7401,1101521,9,2620,0.003435114503816794,25.42328244274809,female,35-39,234,0.03161734900689096,0.00010860921414580865
E02001926,E08000025,7401,1101521,9,2620,0.003435114503816794,25.42328244274809,male,35-39,306,0.041345764085934336,0.00014202743388298054
E02001919,E08000025,6664,1101521,8,2649,0.003020007550018875,20.125330313325783,female,35-39,215,0.03226290516206483,9.743421717497871e-05
E02001919,E08000025,6664,1101521,8,2649,0.003020007550018875,20.125330313325783,male,35-39,253,0.03796518607442977,0.00011465514858264936
E02001938,E08000025,7790,1101521,8,2854,0.002803083391730904,21.83601962158374,female,35-39,268,0.034403080872913994,9.643470461924035e-05
E02001938,E08000025,7790,1101521,8,2854,0.002803083391730904,21.83601962158374,male,35-39,295,0.037869062901155326,0.0001061501412786414
E02002168,E08000031,11027,253250,76,3901,0.019482184055370416,214.8300435785696,female,40-44,320,0.029019678969801396,0.0005653667269174329
E02002168,E08000031,11027,253250,76,3901,0.019482184055370416,214.8300435785696,male,40-44,389,0.035277047247664825,0.0006872739274090045
E02006130,E07000192,7338,98508,16,1959,0.00816743236345074,59.932618683001536,female,40-44,287,0.03911147451621695,0.0003194403227460292
E02006130,E07000192,7338,98508,16,1959,0.00816743236345074,59.932618683001536,male,40-44,255,0.034750613246116106,0.00028382328327608867
E02006177,E07000196,9842,110688,32,3021,0.010592519033432638,104.25157232704403,female,40-44,332,0.03373298110140215,0.0003573172443710258
E02006177,E07000196,9842,110688,32,3021,0.010592519033432638,104.25157232704403,male,40-44,305,0.030989636252794148,0.0003282583118468761
E02002134,E08000030,8444,273933,35,3485,0.010043041606886656,84.80344332855093,female,40-44,283,0.03351492183799147,0.00033659175447050253
E02002134,E08000030,8444,273933,35,3485,0.010043041606886656,84.80344332855093,male,40-44,274,0.03244907626717196,0.0003258874230562463
E02002120,E08000030,6211,273933,24,2204,0.010889292196007259,67.63339382940109,female,40-44,204,0.032844952503622606,0.0003576582849759267
E02002120,E08000030,6211,273933,24,2204,0.010889292196007259,67.63339382940109,male,40-44,194,0.031234905812268555,0.00034012601610455774
E02002129,E08000030,5759,273933,34,2402,0.014154870940882597,81.51790174854288,female,40-44,179,0.031081785032123634,0.0004399586557419665
E02002129,E08000030,5759,273933,34,2402,0.014154870940882597,81.51790174854288,male,40-44,170,0.029519013717659318,0.00041783782947561065
E02002131,E08000030,7803,273933,19,2882,0.00659264399722415,51.44240111034004,female,40-44,253,0.03242342688709471,0.00021375611063664105
E02002131,E08000030,7803,273933,19,2882,0.00659264399722415,51.44240111034004,male,40-44,260,0.03332051774958349,0.00021967031132619235
E02006175,E07000196,7115,110688,15,1490,0.010067114093959731,71.62751677852349,female,40-44,288,0.04047786366830639,0.0004074952718285878
E02006175,E07000196,7115,110688,15,1490,0.010067114093959731,71.62751677852349,male,40-44,259,0.03640196767392832,0.00036646276181807034
E02006155,E07000194,5739,102062,10,2456,0.004071661237785016,23.36726384364821,female,40-44,191,0.033281059418017074,0.0001355091995847601
E02006155,E07000194,5739,102062,10,2456,0.004071661237785016,23.36726384364821,male,40-44,235,0.040947900331068134,0.00016672597854669436
E02006129,E07000192,7951,98508,11,2006,0.005483549351944167,43.599700897308075,female,40-44,293,0.03685071060243995,0.00020207269024269162
E02006129,E07000192,7951,98508,11,2006,0.005483549351944167,43.599700897308075,male,40-44,250,0.03144258583825934,0.00017241697119683584
E02006180,E07000196,6835,110688,36,2673,0.013468013468013467,92.05387205387206,female,40-44,235,0.03438185808339429,0.00046305532772248205
E02006180,E07000196,6835,110688,36,2673,0.013468013468013467,92.05387205387206,male,40-44,227,0.033211411850768105,0.00044729174209788694
E02002043,E08000028,8799,316289,31,3725,0.00832214765100671,73.22657718120804,female,40-44,292,0.03318558927150812,0.0002761753738031548
E02002043,E08000028,8799,316289,31,3725,0.00832214765100671,73.22657718120804,male,40-44,289,0.03284464143652688,0.00027333795557914984
E02002148,E08000030,11314,273933,12,4622,0.0025962786672436176,29.37429684119429,female,40-44,389,0.03438218136821637,8.926572401960114e-05
E02002148,E08000030,11314,273933,12,4622,0.0025962786672436176,29.37429684119429,male,40-44,375,0.033144776383242,8.605307585437127e-05
E02006126,E07000192,8412,98508,11,1815,0.006060606060606061,50.981818181818184,female,40-44,346,0.04113171659533999,0.0002492831308808484
E02006126,E07000192,8412,98508,11,1815,0.006060606060606061,50.981818181818184,male,40-44,353,0.04196386115073704,0.00025432643121658813
E02002046,E08000028,5770,316289,16,2410,0.006639004149377593,38.30705394190871,female,40-44,197,0.0341421143847487,0.00022666963906887102
E02002046,E08000028,5770,316289,16,2410,0.006639004149377593,38.30705394190871,male,40-44,172,0.02980935875216638,0.00019790445644591787
E02002047,E08000028,6640,316289,124,3214,0.038581207218419414,256.1792159303049,female,40-44,193,0.029066265060240962,0.0011214115953546606
E02002047,E08000028,6640,316289,124,3214,0.038581207218419414,256.1792159303049,male,40-44,204,0.03072289156626506,0.0011853262458671025
E02002045,E08000028,7925,316289,34,3323,0.01023171832681312,81.08636773999399,female,40-44,269,0.033943217665615144,0.00034729744226028134
E02002045,E08000028,7925,316289,34,3323,0.01023171832681312,81.08636773999399,male,40-44,298,0.03760252365930599,0.00038473843045934506
E02002044,E08000028,7501,316289,27,3214,0.008400746733042938,63.014001244555075,female,40-44,278,0.03706172510331956,0.0003113461660826472
E02002044,E08000028,7501,316289,27,3214,0.008400746733042938,63.014001244555075,male,40-44,278,0.03706172510331956,0.0003113461660826472
E02006178,E07000196,7888,110688,18,2689,0.00669393826701376,52.801785050204536,female,40-44,271,0.034355983772819475,0.00022997683447778004
E02006178,E07000196,7888,110688,18,2689,0.00669393826701376,52.801785050204536,male,40-44,227,0.02877789046653144,0.00019263742223784528
E02002146,E08000030,6578,273933,19,2657,0.007150922092585623,47.038765525028225,female,40-44,211,0.032076619033140776,0.00022937740369953884
E02002146,E08000030,6578,273933,19,2657,0.007150922092585623,47.038765525028225,male,40-44,218,0.033140772271207056,0.00023698708059952356
E02002110,E08000030,6695,273933,15,2592,0.005787037037037037,38.74421296296296,female,40-44,265,0.039581777445855115,0.0002290612120709208
E02002110,E08000030,6695,273933,15,2592,0.005787037037037037,38.74421296296296,male,40-44,285,0.04256908140403286,0.00024634885071778275
E02002112,E08000030,5455,273933,19,2078,0.009143407122232916,49.877285851780556,female,40-44,222,0.04069660861594867,0.0003721056610697905
E02002112,E08000030,5455,273933,19,2078,0.009143407122232916,49.877285851780556,male,40-44,188,0.034463794683776354,0.00031511650577081363
E02002113,E08000030,6555,273933,20,2632,0.007598784194528876,49.81003039513678,female,40-44,258,0.039359267734553775,0.0002990825815695576
E02002113,E08000030,6555,273933,20,2632,0.007598784194528876,49.81003039513678,male,40-44,226,0.03447749809305874,0.0002619870675764342
E02002124,E08000030,7088,273933,25,2905,0.008605851979345954,60.998278829604125,female,40-44,228,0.03216704288939052,0.0002768248097193676
E02002124,E08000030,7088,273933,25,2905,0.008605851979345954,60.998278829604125,male,40-44,254,0.0358352144469526,0.00030839255117859376
E02002114,E08000030,6027,273933,12,2486,0.004827031375703942,29.092518101367656,female,40-44,188,0.0311929649908744,0.00015056942071218536
E02002114,E08000030,6027,273933,12,2486,0.004827031375703942,29.092518101367656,male,40-44,190,0.031524805043968804,0.0001521712230601873
E02002116,E08000030,6796,273933,28,2645,0.01058601134215501,71.94253308128545,female,40-44,247,0.036344908769864626,0.000384747616467376
E02002116,E08000030,6796,273933,28,2645,0.01058601134215501,71.94253308128545,male,40-44,216,0.031783402001177165,0.00033645945407673373
E02002138,E08000030,6485,273933,16,2394,0.006683375104427736,43.34168755221386,female,40-44,243,0.037471087124132614,0.0002504333308212706
E02002138,E08000030,6485,273933,16,2394,0.006683375104427736,43.34168755221386,male,40-44,240,0.03700848111025443,0.0002473415613049586
E02002145,E08000030,7105,273933,41,3016,0.013594164456233421,96.58653846153845,female,40-44,243,0.034201266713581986,0.00046493764431593547
E02002145,E08000030,7105,273933,41,3016,0.013594164456233421,96.58653846153845,male,40-44,219,0.030823363828289936,0.00041901787697609
E02002147,E08000030,8031,273933,66,3184,0.0207286432160804,166.4717336683417,female,40-44,282,0.035113933507657825,0.0007278641995934097
E02002147,E08000030,8031,273933,66,3184,0.0207286432160804,166.4717336683417,male,40-44,281,0.03498941601294982,0.0007252831208714473
E02002119,E08000030,5943,273933,23,2452,0.009380097879282219,55.74592169657423,female,40-44,192,0.03230691569914185,0.0003030420314356699
E02002119,E08000030,5943,273933,23,2452,0.009380097879282219,55.74592169657423,male,40-44,199,0.03348477200067306,0.000314090438831762
E02002117,E08000030,6391,273933,22,2461,0.008939455505891914,57.132060138155225,female,40-44,223,0.034892818025348146,0.0003119227942127831
E02002117,E08000030,6391,273933,22,2461,0.008939455505891914,57.132060138155225,male,40-44,225,0.03520575809732436,0.0003147203080622251
E02002132,E08000030,6479,273933,39,2806,0.013898788310762652,90.05024946543122,female,40-44,220,0.03395585738539898,0.0004719452737101071
E02002132,E08000030,6479,273933,39,2806,0.013898788310762652,90.05024946543122,male,40-44,220,0.03395585738539898,0.0004719452737101071
E02002139,E08000030,9513,273933,49,4150,0.011807228915662651,112.3221686746988,female,40-44,274,0.028802691054346685,0.00034007996666578016
E02002139,E08000030,9513,273933,49,4150,0.011807228915662651,112.3221686746988,male,40-44,334,0.0351098496793861,0.00041455003235901664
E02002136,E08000030,7706,273933,44,3044,0.01445466491458607,111.38764783180027,female,40-44,272,0.035297171035556706,0.0005102087797518052
E02002136,E08000030,7706,273933,44,3044,0.01445466491458607,111.38764783180027,male,40-44,322,0.04178562159356346,0.0006039971583826518
E02002118,E08000030,7347,273933,27,3045,0.008866995073891626,65.14581280788178,female,40-44,235,0.031985844562406426,0.00028361832616912103
E02002118,E08000030,7347,273933,27,3045,0.008866995073891626,65.14581280788178,male,40-44,215,0.029263645025180345,0.0002594805962823873
E02002128,E08000030,5558,273933,17,2321,0.007324429125376993,40.70917707884533,female,40-44,167,0.030046779417056496,0.00022007550628606656
E02002128,E08000030,5558,273933,17,2321,0.007324429125376993,40.70917707884533,male,40-44,203,0.036523929471032744,0.00026751693279084736
E02002142,E08000030,6831,273933,27,2814,0.009594882729211088,65.54264392324095,female,40-44,218,0.03191333626116235,0.0003062047189237326
E02002142,E08000030,6831,273933,27,2814,0.009594882729211088,65.54264392324095,male,40-44,234,0.034255599472990776,0.00032867845976217164
E02002123,E08000030,6475,273933,29,2966,0.009777478084962913,63.30917060013486,female,40-44,199,0.030733590733590735,0.00030049700986990263
E02002123,E08000030,6475,273933,29,2966,0.009777478084962913,63.30917060013486,male,40-44,178,0.02749034749034749,0.0002687862701348878
E02002144,E08000030,6676,273933,16,2662,0.006010518407212622,40.126220886551465,female,40-44,238,0.03565008987417615,0.00021427552140752007
E02002144,E08000030,6676,273933,16,2662,0.006010518407212622,40.126220886551465,male,40-44,210,0.03145596165368484,0.00018906663653604712
E02002133,E08000030,6723,273933,23,2899,0.00793377026560883,53.338737495688164,female,40-44,186,0.027666220437304774,0.00021949743706726793
E02002133,E08000030,6723,273933,23,2899,0.00793377026560883,53.338737495688164,male,40-44,255,0.03792949576082106,0.0003009239056567383
E02002125,E08000030,6150,273933,21,2579,0.0081426909654905,50.07754943776657,female,40-44,204,0.033170731707317075,0.00027009901739187997
E02002125,E08000030,6150,273933,21,2579,0.0081426909654905,50.07754943776657,male,40-44,199,0.03235772357723577,0.0002634789434361966
E02002111,E08000030,6159,273933,24,2566,0.009353078721745909,57.60561184723305,female,40-44,213,0.0345835362883585,0.0003234625373813734
E02002111,E08000030,6159,273933,24,2566,0.009353078721745909,57.60561184723305,male,40-44,216,0.03507062834875792,0.0003280183477670265
E02002122,E08000030,5626,273933,26,2451,0.010607915136678907,59.68013055895553,female,40-44,163,0.028972627088517597,0.00030733916944163917
E02002122,E08000030,5626,273933,26,2451,0.010607915136678907,59.68013055895553,male,40-44,183,0.03252755065766086,0.00034504949698049056
E02002115,E08000030,6774,273933,19,2716,0.006995581737849779,47.388070692194404,female,40-44,238,0.03513433717153824,0.00024578512748866957
E02002115,E08000030,6774,273933,19,2716,0.006995581737849779,47.388070692194404,male,40-44,239,0.03528196043696487,0.00024681783810836985
E02002143,E08000030,10020,273933,34,3975,0.008553459119496854,85.70566037735848,female,40-44,293,0.029241516966067863,0.0002501161199613352
E02002143,E08000030,10020,273933,34,3975,0.008553459119496854,85.70566037735848,male,40-44,319,0.03183632734530938,0.00027231072446302364
E02002130,E08000030,6711,273933,30,2715,0.011049723756906077,74.15469613259668,female,40-44,249,0.037103263299061245,0.0004099808099343784
E02002130,E08000030,6711,273933,30,2715,0.011049723756906077,74.15469613259668,male,40-44,223,0.03322902697064521,0.00036717156873641117
E02002126,E08000030,6701,273933,25,2766,0.009038322487346349,60.565798987707886,female,40-44,205,0.030592448888225637,0.0002765044187294436
E02002126,E08000030,6701,273933,25,2766,0.009038322487346349,60.565798987707886,male,40-44,214,0.03193553201014774,0.00028864363711268747
E02002127,E08000030,8612,273933,33,3788,0.008711721224920803,75.02534318901796,female,40-44,299,0.03471899674872271,0.000302462220883804
E02002127,E08000030,8612,273933,33,3788,0.008711721224920803,75.02534318901796,male,40-44,277,0.03216442173711101,0.00028020747553449403
E02002121,E08000030,6502,273933,27,2956,0.009133964817320704,59.38903924221922,female,40-44,187,0.0287603814211012,0.0002626963120330624
E02002121,E08000030,6502,273933,27,2956,0.009133964817320704,59.38903924221922,male,40-44,206,0.031682559212549984,0.0002893873811701115
E02002140,E08000030,8199,273933,27,3608,0.007483370288248337,61.35615299334812,female,40-44,259,0.03158921819734114,0.00023639381688697638
E02002140,E08000030,8199,273933,27,3608,0.007483370288248337,61.35615299334812,male,40-44,260,0.031711184290767164,0.00023730653432669442
E02002135,E08000030,7467,273933,29,3125,0.00928,69.29376,female,40-44,230,0.030802196330520958,0.00028584438194723447
E02002135,E08000030,7467,273933,29,3125,0.00928,69.29376,male,40-44,255,0.034150261149055845,0.0003169144234632382
E02006122,E07000192,6630,98508,8,1372,0.0058309037900874635,38.65889212827988,female,40-44,247,0.03725490196078431,0.00021722974904247411
E02006122,E07000192,6630,98508,8,1372,0.0058309037900874635,38.65889212827988,male,40-44,272,0.041025641025641026,0.000239216565747178
E02006151,E07000194,8781,102062,18,3519,0.005115089514066497,44.915601023017906,female,40-44,316,0.035986789659492084,0.00018407565043218458
E02006151,E07000194,8781,102062,18,3519,0.005115089514066497,44.915601023017906,male,40-44,316,0.035986789659492084,0.00018407565043218458
E02006128,E07000192,8441,98508,11,2021,0.0054428500742206825,45.94309747649678,female,40-44,268,0.031749792678592584,0.00017280936143716894
E02006128,E07000192,8441,98508,11,2021,0.0054428500742206825,45.94309747649678,male,40-44,277,0.03281601705959009,0.00017861266088841713
E02002160,E08000031,7038,253250,36,2718,0.013245033112582781,93.21854304635761,female,40-44,267,0.03793691389599318,0.0005024756807416315
E02002160,E08000031,7038,253250,36,2718,0.013245033112582781,93.21854304635761,male,40-44,275,0.039073600454674624,0.000517531131849995
E02002049,E08000028,6318,316289,724,2583,0.2802942315137437,1770.8989547038327,female,40-44,228,0.03608736942070275,0.010115081479128452
E02002049,E08000028,6318,316289,724,2583,0.2802942315137437,1770.8989547038327,male,40-44,234,0.037037037037037035,0.01038126783384236
E02002170,E08000031,6261,253250,38,2340,0.01623931623931624,101.67435897435898,female,40-44,247,0.039450567002076345,0.0006406502333670518
E02002170,E08000031,6261,253250,38,2340,0.01623931623931624,101.67435897435898,male,40-44,221,0.035297875738699885,0.0005732133666968358
E02002175,E08000031,7269,253250,73,3164,0.02307206068268015,167.710809102402,female,40-44,246,0.03384234420140322,0.0007808126190589238
E02002175,E08000031,7269,253250,73,3164,0.02307206068268015,167.710809102402,male,40-44,239,0.03287935066721695,0.0007585943738011496
E02006156,E07000194,7668,102062,8,3055,0.002618657937806874,20.07986906710311,female,40-44,246,0.032081377151799685,8.401015293433633e-05
E02006156,E07000194,7668,102062,8,3055,0.002618657937806874,20.07986906710311,male,40-44,261,0.03403755868544601,8.91327232352105e-05
E02002153,E08000031,7380,253250,46,2996,0.015353805073431242,113.31108144192257,female,40-44,252,0.03414634146341464,0.0005242762708000912
E02002153,E08000031,7380,253250,46,2996,0.015353805073431242,113.31108144192257,male,40-44,246,0.03333333333333333,0.0005117935024477081
E02002052,E08000028,11268,316289,59,4711,0.012523880280195288,141.1190829972405,female,40-44,398,0.03532126375576855,0.0004423592786224463
E02002052,E08000028,11268,316289,59,4711,0.012523880280195288,141.1190829972405,male,40-44,362,0.03212637557685481,0.0004023468815611195
E02002055,E08000028,9306,316289,59,3933,0.015001271294177472,139.60183066361554,female,40-44,315,0.033849129593810444,0.0005077799761085218
E02002055,E08000028,9306,316289,59,3933,0.015001271294177472,139.60183066361554,male,40-44,327,0.03513862024500322,0.0005271239751983702
E02002048,E08000028,6531,316289,8,2546,0.003142183817753339,20.521602513747055,female,40-44,235,0.03598223855458582,0.00011306280771275986
E02002048,E08000028,6531,316289,8,2546,0.003142183817753339,20.521602513747055,male,40-44,246,0.037666513550757924,0.0001183551093503784
E02002171,E08000031,7412,253250,63,2973,0.02119071644803229,157.06559031281535,female,40-44,260,0.03507825148407987,0.0007433332806919044
E02002171,E08000031,7412,253250,63,2973,0.02119071644803229,157.06559031281535,male,40-44,247,0.03332433890987588,0.0007061666166573092
E02002181,E08000031,7544,253250,194,2860,0.06783216783216783,511.72587412587416,female,40-44,255,0.0338016967126193,0.0022928423644224282
E02002181,E08000031,7544,253250,194,2860,0.06783216783216783,511.72587412587416,male,40-44,258,0.03419936373276776,0.0023198169804744566
E02002051,E08000028,5608,316289,511,2576,0.1983695652173913,1112.4565217391305,female,40-44,193,0.0344151212553495,0.006826912640327482
E02002051,E08000028,5608,316289,511,2576,0.1983695652173913,1112.4565217391305,male,40-44,184,0.03281027104136947,0.006508559201141227
E02006810,E08000028,10065,316289,36,4151,0.008672609009877139,87.2898096844134,female,40-44,304,0.03020367610531545,0.0002619446735223696
E02006810,E08000028,10065,316289,36,4151,0.008672609009877139,87.2898096844134,male,40-44,380,0.037754595131644315,0.00032743084190296203
E02006124,E07000192,7632,98508,8,1666,0.004801920768307323,36.64825930372149,female,40-44,259,0.033936058700209645,0.0001629582650670331
E02006124,E07000192,7632,98508,8,1666,0.004801920768307323,36.64825930372149,male,40-44,257,0.033674004192872115,0.00016169990008582048
E02006202,E07000197,8878,132044,10,1780,0.0056179775280898875,49.87640449438202,female,40-44,319,0.03593151610723136,0.00020186245004062561
E02006202,E07000197,8878,132044,10,1780,0.0056179775280898875,49.87640449438202,male,40-44,288,0.032439738679882854,0.00018224572292069018
E02006186,E07000196,12377,110688,2790,4611,0.605074821080026,7489.0110605074815,female,40-44,425,0.034337884786297165,0.020776989493335302
E02006186,E07000196,12377,110688,2790,4611,0.605074821080026,7489.0110605074815,male,40-44,416,0.03361072957905793,0.020337006186417615
E02002071,E08000028,6650,316289,1140,2828,0.4031117397454031,2680.6930693069307,female,40-44,256,0.03849624060150376,0.015518286522529803
E02002071,E08000028,6650,316289,1140,2828,0.4031117397454031,2680.6930693069307,male,40-44,218,0.032781954887218044,0.013214790866841785
E02001886,E08000025,9196,1101521,15,3600,0.004166666666666667,38.31666666666666,female,40-44,282,0.030665506742061765,0.00012777294475859068
E02001886,E08000025,9196,1101521,15,3600,0.004166666666666667,38.31666666666666,male,40-44,336,0.03653762505437146,0.00015224010439321442
E02002067,E08000028,5450,316289,1329,2304,0.5768229166666666,3143.684895833333,female,40-44,183,0.03357798165137615,0.019368549311926605
E02002067,E08000028,5450,316289,1329,2304,0.5768229166666666,3143.684895833333,male,40-44,169,0.031009174311926607,0.01788680237003058
E02002014,E08000027,7170,315653,2764,3215,0.8597200622083981,6164.192846034215,female,40-44,219,0.030543933054393305,0.02625923202561216
E02002014,E08000027,7170,315653,2764,3215,0.8597200622083981,6164.192846034215,male,40-44,235,0.03277545327754533,0.028177714730679718
E02002031,E08000027,5952,315653,1897,2242,0.8461195361284567,5036.103479036574,female,40-44,182,0.030577956989247312,0.025872606783497835
E02002031,E08000027,5952,315653,1897,2242,0.8461195361284567,5036.103479036574,male,40-44,193,0.0324260752688172,0.027436335764918034
E02002032,E08000027,10187,315653,3407,4176,0.8158524904214559,8311.08931992337,female,40-44,356,0.03494650044173947,0.028511189416907657
E02002032,E08000027,10187,315653,3407,4176,0.8158524904214559,8311.08931992337,male,40-44,305,0.029940119760479042,0.02442672127010347
E02002001,E08000027,6002,315653,1811,2412,0.7508291873963516,4506.476782752902,female,40-44,227,0.03782072642452516,0.028396905288065946
E02002001,E08000027,6002,315653,1811,2412,0.7508291873963516,4506.476782752902,male,40-44,195,0.032489170276574476,0.024393817317942115
E02002077,E08000028,10521,316289,3346,4614,0.7251842219332466,7629.663198959687,female,40-44,381,0.036213287710293696,0.026261304871834135
E02002077,E08000028,10521,316289,3346,4614,0.7251842219332466,7629.663198959687,male,40-44,369,0.03507271171941831,0.025434177159335426
E02001900,E08000025,7094,1101521,8,2566,0.003117692907248636,22.116913484021826,female,40-44,178,0.02509162672681139,7.822798667751018e-05
E02001900,E08000025,7094,1101521,8,2566,0.003117692907248636,22.116913484021826,male,40-44,202,0.028474767409078096,8.87755803868374e-05
E02006181,E07000196,5700,110688,41,2088,0.019636015325670497,111.92528735632183,female,40-44,196,0.0343859649122807,0.0006752033340055118
E02006181,E07000196,5700,110688,41,2088,0.019636015325670497,111.92528735632183,male,40-44,185,0.03245614035087719,0.0006373092693419372
E02001879,E08000025,10994,1101521,20,4424,0.0045207956600361665,49.701627486437616,female,40-44,311,0.028288157176641803,0.0001278849781945832
E02001879,E08000025,10994,1101521,20,4424,0.0045207956600361665,49.701627486437616,male,40-44,414,0.03765690376569038,0.00017023916711433263
E02001866,E08000025,8949,1101521,8,3671,0.002179242713157178,19.502043040043585,female,40-44,277,0.030953179126159348,6.745449005973163e-05
E02001866,E08000025,8949,1101521,8,3671,0.002179242713157178,19.502043040043585,male,40-44,321,0.03586992960107275,7.816928270459875e-05
E02002008,E08000027,8544,315653,2480,2912,0.8516483516483516,7276.483516483516,female,40-44,360,0.042134831460674156,0.03588405976046425
E02002008,E08000027,8544,315653,2480,2912,0.8516483516483516,7276.483516483516,male,40-44,330,0.038623595505617975,0.03289372144709223
E02002004,E08000027,7541,315653,2747,3237,0.8486252703120173,6399.483163422922,female,40-44,274,0.03633470362020952,0.030834547681407337
E02002004,E08000027,7541,315653,2747,3237,0.8486252703120173,6399.483163422922,male,40-44,240,0.031826017769526586,0.027008362932619566
E02002167,E08000031,6614,253250,90,2412,0.03731343283582089,246.79104477611938,female,40-44,217,0.03280919262171152,0.0012242236052877433
E02002167,E08000031,6614,253250,90,2412,0.03731343283582089,246.79104477611938,male,40-44,205,0.030994859389174477,0.0011565246040736745
E02006182,E07000196,6858,110688,47,2192,0.02144160583941606,147.04653284671534,female,40-44,233,0.033974919801691456,0.0007284768388136398
E02006182,E07000196,6858,110688,47,2192,0.02144160583941606,147.04653284671534,male,40-44,229,0.03339165937591135,0.0007159707986623328
E02002079,E08000028,8081,316289,153,3774,0.04054054054054054,327.6081081081081,female,40-44,262,0.032421729983912885,0.0013143944588072793
E02002079,E08000028,8081,316289,153,3774,0.04054054054054054,327.6081081081081,male,40-44,240,0.02969929464175226,0.001204025458449416
E02001861,E08000025,10383,1101521,8,4006,0.00199700449326011,20.73489765351972,female,40-44,310,0.02985649619570452,5.9623557055825304e-05
E02001861,E08000025,10383,1101521,8,4006,0.00199700449326011,20.73489765351972,male,40-44,329,0.03168641047866705,6.327790410118233e-05
E02002025,E08000027,7828,315653,1831,3361,0.5447783397798275,4264.524843796489,female,40-44,249,0.03180889115993868,0.017328794916348624
E02002025,E08000027,7828,315653,1831,3361,0.5447783397798275,4264.524843796489,male,40-44,256,0.032703117015840576,0.017815949793515053
E02002162,E08000031,7547,253250,87,2826,0.03078556263269639,232.33864118895966,female,40-44,262,0.03471578110507487,0.0010687448535532601
E02002162,E08000031,7547,253250,87,2826,0.03078556263269639,232.33864118895966,male,40-44,228,0.030210679740294157,0.0009300527733211577
E02002010,E08000027,7321,315653,3068,3523,0.8708487084870848,6375.483394833948,female,40-44,257,0.03510449392159541,0.030570703193714084
E02002010,E08000027,7321,315653,3068,3523,0.8708487084870848,6375.483394833948,male,40-44,264,0.03606064745253381,0.03140336826124716
E02001873,E08000025,11051,1101521,12,4852,0.00247320692497939,27.33140972794724,female,40-44,387,0.03501945525291829,8.661035924052338e-05
E02001873,E08000025,11051,1101521,12,4852,0.00247320692497939,27.33140972794724,male,40-44,413,0.037372183512804275,9.242914306546812e-05
E02002073,E08000028,7623,316289,34,3367,0.010098010098010098,76.97713097713097,female,40-44,272,0.03568149022694477,0.00036031204862373693
E02002073,E08000028,7623,316289,34,3367,0.010098010098010098,76.97713097713097,male,40-44,215,0.02820411911321002,0.00028480547961067437
E02002161,E08000031,6390,253250,29,2544,0.01139937106918239,72.84198113207546,female,40-44,214,0.03348982785602504,0.00038176297477387035
E02002161,E08000031,6390,253250,29,2544,0.01139937106918239,72.84198113207546,male,40-44,223,0.03489827856025039,0.00039781842698398634
E02002174,E08000031,7479,253250,127,2806,0.04526015680684248,338.5007127583749,female,40-44,254,0.03396175959352855,0.0015371145646393889
E02002174,E08000031,7479,253250,127,2806,0.04526015680684248,338.5007127583749,male,40-44,259,0.03463029816820431,0.0015673727253606368
E02002164,E08000031,7261,253250,33,2344,0.014078498293515358,102.22397610921502,female,40-44,178,0.024514529679107562,0.00034512776425364743
E02002164,E08000031,7261,253250,33,2344,0.014078498293515358,102.22397610921502,male,40-44,234,0.032226965982647016,0.00045370728559187347
E02002076,E08000028,10852,316289,28,4164,0.0067243035542747355,72.97214217098943,female,40-44,402,0.03704386288241799,0.00024909417884430926
E02002076,E08000028,10852,316289,28,4164,0.0067243035542747355,72.97214217098943,male,40-44,419,0.038610394397346114,0.0002596280122780238
E02001857,E08000025,13611,1101521,14,5507,0.002542218994007627,34.60214272743781,female,40-44,422,0.031004334729263096,7.881980864530296e-05
E02001857,E08000025,13611,1101521,14,5507,0.002542218994007627,34.60214272743781,male,40-44,462,0.03394313422966718,8.629088055481034e-05
E02002176,E08000031,7652,253250,160,3000,0.05333333333333334,408.1066666666667,female,40-44,250,0.032671197072660745,0.0017424638438752397
E02002176,E08000031,7652,253250,160,3000,0.05333333333333334,408.1066666666667,male,40-44,306,0.03998954521693675,0.0021327757449032935
E02002005,E08000027,8668,315653,3163,3831,0.8256329939963456,7156.586791960323,female,40-44,313,0.03610982925703738,0.02981346644218461
E02002005,E08000027,8668,315653,3163,3831,0.8256329939963456,7156.586791960323,male,40-44,272,0.03137978772496539,0.02590818809033295
E02002074,E08000028,8186,316289,66,3525,0.01872340425531915,153.26978723404255,female,40-44,303,0.037014414854629855,0.000693035852597325
E02002074,E08000028,8186,316289,66,3525,0.01872340425531915,153.26978723404255,male,40-44,277,0.033838260444661615,0.0006335674296021749
E02002075,E08000028,8887,316289,1645,3984,0.41290160642570284,3669.456576305221,female,40-44,338,0.03803308202993136,0.01570392066747919
E02002075,E08000028,8887,316289,1645,3984,0.41290160642570284,3669.456576305221,male,40-44,304,0.034207269044671994,0.014124236339981283
E02001858,E08000025,8646,1101521,8,3191,0.0025070510811657787,21.67596364775932,female,40-44,254,0.029377746934998842,7.365151221560349e-05
E02001858,E08000025,8646,1101521,8,3191,0.0025070510811657787,21.67596364775932,male,40-44,321,0.037126995142262316,9.307927331184536e-05
E02002150,E08000031,5718,253250,27,2139,0.012622720897615708,72.17671809256662,female,40-44,223,0.038999650227352224,0.0004922816999245022
E02002150,E08000031,5718,253250,27,2139,0.012622720897615708,72.17671809256662,male,40-44,198,0.03462749213011543,0.0004370931685428315
E02002154,E08000031,5629,253250,34,2198,0.015468607825295723,87.07279344858962,female,40-44,208,0.03695150115473441,0.0005715882799185487
E02002154,E08000031,5629,253250,34,2198,0.015468607825295723,87.07279344858962,male,40-44,204,0.036240895363297214,0.0005605961976124227
E02001862,E08000025,10446,1101521,19,4254,0.004466384579219558,46.655853314527505,female,40-44,327,0.03130384836300976,0.00013981502559877421
E02001862,E08000025,10446,1101521,19,4254,0.004466384579219558,46.655853314527505,male,40-44,350,0.03350564809496458,0.00014964910996810696
E02002180,E08000031,6437,253250,436,2514,0.17342879872712808,1116.3611774065234,female,40-44,224,0.034798819325772876,0.006035117432791158
E02002180,E08000031,6437,253250,436,2514,0.17342879872712808,1116.3611774065234,male,40-44,209,0.032468541245922015,0.005630980104702465
E02002169,E08000031,8665,253250,103,3248,0.031711822660098525,274.78294334975374,female,40-44,339,0.039122908251586846,0.0012406587284216272
E02002169,E08000031,8665,253250,103,3248,0.031711822660098525,274.78294334975374,male,40-44,311,0.035891517599538375,0.0011381854411183661
E02002066,E08000028,7403,316289,67,3279,0.020433058859408357,151.26593473620008,female,40-44,235,0.03174388761312981,0.0006486247240255253
E02002066,E08000028,7403,316289,67,3279,0.020433058859408357,151.26593473620008,male,40-44,259,0.03498581656085371,0.0007148672490323875
E02002003,E08000027,9101,315653,2767,3902,0.7091235263967196,6453.733213736545,female,40-44,335,0.03680914185254368,0.026102228474112855
E02002003,E08000027,9101,315653,2767,3902,0.7091235263967196,6453.733213736545,male,40-44,312,0.034281947038786946,0.024310135175890178
E02002165,E08000031,7660,253250,52,2814,0.01847903340440654,141.54939587775408,female,40-44,262,0.03420365535248042,0.0006320504898112942
E02002165,E08000031,7660,253250,52,2814,0.01847903340440654,141.54939587775408,male,40-44,362,0.04725848563968668,0.0008732911347774369
E02002069,E08000028,6634,316289,455,2932,0.15518417462482947,1029.4918144611188,female,40-44,211,0.03180584865842629,0.0049357643723001235
E02002069,E08000028,6634,316289,455,2932,0.15518417462482947,1029.4918144611188,male,40-44,243,0.03662948447392222,0.005684316315018626
E02002151,E08000031,5868,253250,28,2104,0.013307984790874524,78.09125475285171,female,40-44,193,0.03289025221540559,0.0004377029762506447
E02002151,E08000031,5868,253250,28,2104,0.013307984790874524,78.09125475285171,male,40-44,173,0.029481935923653717,0.0003923451548775209
E02002157,E08000031,7644,253250,52,2645,0.019659735349716444,150.2790170132325,female,40-44,307,0.0401622187336473,0.0007895785913609299
E02002157,E08000031,7644,253250,52,2645,0.019659735349716444,150.2790170132325,male,40-44,293,0.03833071690214547,0.0007535717500610829
E02002159,E08000031,5964,253250,39,2249,0.017341040462427744,103.42196531791906,female,40-44,236,0.039570757880617036,0.0006861981135367116
E02002159,E08000031,5964,253250,39,2249,0.017341040462427744,103.42196531791906,male,40-44,203,0.03403755868544601,0.0005902466824065781
E02001844,E08000025,9936,1101521,9,4181,0.0021525950729490554,21.388184644821816,female,40-44,328,0.033011272141706925,7.105990176401873e-05
E02001844,E08000025,9936,1101521,9,4181,0.0021525950729490554,21.388184644821816,male,40-44,312,0.03140096618357488,6.759356509260319e-05
E02002182,E08000031,6646,253250,769,2842,0.2705840957072484,1798.3019000703728,female,40-44,258,0.03882034306349684,0.010504167422881445
E02002182,E08000031,6646,253250,769,2842,0.2705840957072484,1798.3019000703728,male,40-44,271,0.04077640686126994,0.011033447176747565
E02001850,E08000025,8434,1101521,8,3079,0.0025982461838259174,21.913608314387787,female,40-44,244,0.028930519326535453,7.516861143627269e-05
E02001850,E08000025,8434,1101521,8,3079,0.0025982461838259174,21.913608314387787,male,40-44,274,0.03248755039127342,8.441065382597836e-05
E02002155,E08000031,6227,253250,22,2531,0.00869221651521138,54.12643224022126,female,40-44,246,0.03950537979765537,0.00034338931471687803
E02002155,E08000031,6227,253250,22,2531,0.00869221651521138,54.12643224022126,male,40-44,143,0.022964509394572025,0.00019961248782322585
E02001837,E08000025,10601,1101521,8,4727,0.0016924053310767928,17.94118891474508,female,40-44,355,0.03348740684841053,5.667426587418748e-05
E02001837,E08000025,10601,1101521,8,4727,0.0016924053310767928,17.94118891474508,male,40-44,314,0.0296198471842279,5.012878728026723e-05
E02002000,E08000027,7828,315653,1919,3360,0.5711309523809524,4470.813095238095,female,40-44,269,0.03436382217680123,0.019626242487286175
E02002000,E08000027,7828,315653,1919,3360,0.5711309523809524,4470.813095238095,male,40-44,306,0.039090444557996935,0.022325762829403607
E02002149,E08000031,10130,253250,46,3910,0.011764705882352941,119.17647058823529,female,40-44,294,0.029022704837117472,0.00034144358631902906
E02002149,E08000031,10130,253250,46,3910,0.011764705882352941,119.17647058823529,male,40-44,346,0.034155972359328726,0.00040183496893327915
E02006176,E07000196,7483,110688,20,2057,0.009722897423432183,72.75644141954302,female,40-44,273,0.03648269410664172,0.00035471749252933123
E02006176,E07000196,7483,110688,20,2057,0.009722897423432183,72.75644141954302,male,40-44,255,0.03407724174796205,0.0003313295259889358
E02002156,E08000031,8211,253250,45,3261,0.013799448022079117,113.30726770929162,female,40-44,348,0.04238217025940811,0.0005848505555576096
E02002156,E08000031,8211,253250,45,3261,0.013799448022079117,113.30726770929162,male,40-44,268,0.032639142613567165,0.00045040215198114764
E02002152,E08000031,6251,253250,37,2675,0.013831775700934579,86.46242990654206,female,40-44,211,0.03375459926411774,0.00046688604589620797
E02002152,E08000031,6251,253250,37,2675,0.013831775700934579,86.46242990654206,male,40-44,204,0.032634778435450325,0.0004513969353688456
E02002063,E08000028,9625,316289,1050,3929,0.26724357342835325,2572.2193942479003,female,40-44,336,0.03490909090909091,0.009329230199680696
E02002063,E08000028,9625,316289,1050,3929,0.26724357342835325,2572.2193942479003,male,40-44,323,0.03355844155844156,0.008968277840764477
E02002070,E08000028,9356,316289,32,4370,0.007322654462242563,68.51075514874142,female,40-44,295,0.03153056861906798,0.00023088745899546348
E02002070,E08000028,9356,316289,32,4370,0.007322654462242563,68.51075514874142,male,40-44,328,0.035057716973065416,0.0002567155476288543
E02002064,E08000028,12292,316289,1836,4906,0.374235629841011,4600.104362005707,female,40-44,444,0.036121054344288965,0.013517785523056366
E02002064,E08000028,12292,316289,1836,4906,0.374235629841011,4600.104362005707,male,40-44,430,0.034982102180279855,0.013091549042599635
E02006179,E07000196,8820,110688,26,2574,0.010101010101010102,89.0909090909091,female,40-44,227,0.025736961451247164,0.0002599693075883552
E02006179,E07000196,8820,110688,26,2574,0.010101010101010102,89.0909090909091,male,40-44,432,0.04897959183673469,0.000494743351886209
E02002163,E08000031,11710,253250,44,4472,0.009838998211091235,115.21466905187836,female,40-44,362,0.030913748932536293,0.00030416032044534814
E02002163,E08000031,11710,253250,44,4472,0.009838998211091235,115.21466905187836,male,40-44,440,0.037574722459436376,0.0003696976270606441
E02002058,E08000028,12006,316289,1237,5355,0.23099906629318395,2773.3747899159666,female,40-44,466,0.03881392637014826,0.008965980750676639
E02002058,E08000028,12006,316289,1237,5355,0.23099906629318395,2773.3747899159666,male,40-44,512,0.042645343994669335,0.009851034644520256
E02002065,E08000028,12333,316289,40,5232,0.00764525993883792,94.28899082568807,female,40-44,377,0.03056839374037136,0.000233703316057885
E02002065,E08000028,12333,316289,40,5232,0.00764525993883792,94.28899082568807,male,40-44,413,0.03348739155112301,0.0002560198130819802
E02002158,E08000031,7354,253250,40,3054,0.01309757694826457,96.31958087753765,female,40-44,235,0.031955398422627145,0.0004185382897528113
E02002158,E08000031,7354,253250,40,3054,0.01309757694826457,96.31958087753765,male,40-44,251,0.03413108512374218,0.0004470345137359814
E02002061,E08000028,5723,316289,28,2656,0.010542168674698794,60.3328313253012,female,40-44,152,0.02655949676742967,0.000279994694837361
E02002061,E08000028,5723,316289,28,2656,0.010542168674698794,60.3328313253012,male,40-44,196,0.0342477721474751,0.0003610457907113338
E02006894,E08000031,13025,253250,135,4910,0.0274949083503055,358.1211812627291,female,40-44,443,0.03401151631477927,0.0009351435239297762
E02006894,E08000031,13025,253250,135,4910,0.0274949083503055,358.1211812627291,male,40-44,473,0.036314779270633396,0.000998471527807639
E02002059,E08000028,10733,316289,44,4615,0.009534127843986998,102.32979414951245,female,40-44,361,0.03363458492499767,0.0003206764326543656
E02002059,E08000028,10733,316289,44,4615,0.009534127843986998,102.32979414951245,male,40-44,320,0.029814590515233393,0.00028425611758835733
E02001842,E08000025,7584,1101521,10,2849,0.00351000351000351,26.61986661986662,female,40-44,269,0.03546940928270042,0.00012449775108002955
E02001842,E08000025,7584,1101521,10,2849,0.00351000351000351,26.61986661986662,male,40-44,242,0.03190928270042194,0.00011200169428017529
E02006174,E07000196,10383,110688,12,2102,0.005708848715509039,59.27497621313035,female,40-44,379,0.036501974381200036,0.00020838424955965768
E02006174,E07000196,10383,110688,12,2102,0.005708848715509039,59.27497621313035,male,40-44,352,0.03390156987383223,0.00019353893362796705
E02002177,E08000031,9490,253250,161,3469,0.04641106947247045,440.4410492937446,female,40-44,315,0.033192834562697573,0.0015405149508775755
E02002177,E08000031,9490,253250,161,3469,0.04641106947247045,440.4410492937446,male,40-44,393,0.041412012644889355,0.0019219757958567846
E02002056,E08000028,8965,316289,1566,4445,0.3523059617547806,3158.4229471316085,female,40-44,311,0.03469046291132181,0.012221656899691777
E02002056,E08000028,8965,316289,1566,4445,0.3523059617547806,3158.4229471316085,male,40-44,307,0.03424428332403792,0.012064465171078375
E02002057,E08000028,9255,316289,2145,4624,0.4638840830449827,4293.247188581315,female,40-44,355,0.03835764451647758,0.01779350075429161
E02002057,E08000028,9255,316289,2145,4624,0.4638840830449827,4293.247188581315,male,40-44,359,0.03878984332793085,0.01799399090363574
E02002068,E08000028,12466,316289,24,5537,0.004334477153693336,54.03359219794112,female,40-44,437,0.03505535055350553,0.00015194661608888076
E02002068,E08000028,12466,316289,24,5537,0.004334477153693336,54.03359219794112,male,40-44,421,0.03377185945772501,0.00014638335325725126
E02002060,E08000028,6401,316289,64,2791,0.02293084915800788,146.78036546040843,female,40-44,194,0.030307764411810656,0.0006949827740436696
E02002060,E08000028,6401,316289,64,2791,0.02293084915800788,146.78036546040843,male,40-44,221,0.03452585533510389,0.0007917071807404689
E02002053,E08000028,6052,316289,13,2352,0.0055272108843537416,33.45068027210884,female,40-44,215,0.03552544613350958,0.0001963566325406567
E02002053,E08000028,6052,316289,13,2352,0.0055272108843537416,33.45068027210884,male,40-44,203,0.03354263053536021,0.00018539719258489913
E02002062,E08000028,7752,316289,41,3473,0.011805355600345523,91.51511661387849,female,40-44,247,0.031862745098039214,0.0003761510362855191
E02002062,E08000028,7752,316289,41,3473,0.011805355600345523,91.51511661387849,male,40-44,258,0.033281733746130034,0.0003929027018690848
E02002166,E08000031,9374,253250,65,3801,0.017100762957116548,160.3025519600105,female,40-44,324,0.03456368679325795,0.0005910654147755239
E02002166,E08000031,9374,253250,65,3801,0.017100762957116548,160.3025519600105,male,40-44,356,0.03797738425432046,0.0006494422458644646
E02002072,E08000028,8540,316289,131,3492,0.03751431844215349,320.3722794959908,female,40-44,319,0.037353629976580795,0.0014012959699118224
E02002072,E08000028,8540,316289,131,3492,0.03751431844215349,320.3722794959908,male,40-44,288,0.03372365339578454,0.0012651198725222724
E02002178,E08000031,8046,253250,167,2985,0.0559463986599665,450.14472361809044,female,40-44,271,0.03368133233905046,0.0018843492464393392
E02002178,E08000031,8046,253250,167,2985,0.0559463986599665,450.14472361809044,male,40-44,276,0.0343027591349739,0.0019191158377020576
E02006184,E07000196,5448,110688,56,1700,0.03294117647058824,179.4635294117647,female,40-44,170,0.03120411160058737,0.0010279001468428781
E02006184,E07000196,5448,110688,56,1700,0.03294117647058824,179.4635294117647,male,40-44,203,0.03726138032305433,0.0012274337047594368
E02006183,E07000196,7502,110688,91,2432,0.03741776315789474,280.70805921052636,female,40-44,251,0.03345774460143962,0.001251913963293999
E02006183,E07000196,7502,110688,91,2432,0.03741776315789474,280.70805921052636,male,40-44,169,0.02252732604638763,0.0008429221505844056
E02006008,E06000051,7797,310774,11,2787,0.003946896304269824,30.773950484391815,female,40-44,289,0.03706553802744646,0.00014629383505630105
E02006008,E06000051,7797,310774,11,2787,0.003946896304269824,30.773950484391815,male,40-44,285,0.03655252020007695,0.0001442690068894318
E02006009,E06000051,7325,310774,27,2987,0.009039169735520589,66.21191831268831,female,40-44,206,0.02812286689419795,0.000254207367306108
E02006009,E06000051,7325,310774,27,2987,0.009039169735520589,66.21191831268831,male,40-44,217,0.02962457337883959,0.00026778154711371574
E02006185,E07000196,7124,110688,1799,3014,0.5968812209688122,4252.181818181818,female,40-44,212,0.029758562605277934,0.01776232718211513
E02006185,E07000196,7124,110688,1799,3014,0.5968812209688122,4252.181818181818,male,40-44,249,0.034952274003368894,0.0208623559827673
E02002007,E08000027,8924,315653,3107,3605,0.8618585298196949,7691.225520110957,female,40-44,269,0.030143433437920215,0.025979375226523747
E02002007,E08000027,8924,315653,3107,3605,0.8618585298196949,7691.225520110957,male,40-44,265,0.029695203944419542,0.025593064814233433
E02002941,E06000020,10177,169768,25,4322,0.005784359093012495,58.86742248958816,female,40-44,371,0.03645475090891225,0.00021086736990347208
E02002941,E06000020,10177,169768,25,4322,0.005784359093012495,58.86742248958816,male,40-44,395,0.03881300972781763,0.0002245083857462843
E02002080,E08000028,6839,316289,2355,3075,0.7658536585365854,5237.673170731708,female,40-44,228,0.033338207340254424,0.025532188060585097
E02002080,E08000028,6839,316289,2355,3075,0.7658536585365854,5237.673170731708,male,40-44,247,0.03611639128527563,0.02765987039896719
E02001925,E08000025,6588,1101521,11,2553,0.004308656482569526,28.385428907168038,female,40-44,192,0.029143897996357013,0.00012557104502934868
E02001925,E08000025,6588,1101521,11,2553,0.004308656482569526,28.385428907168038,male,40-44,209,0.03172434729811779,0.00013668931464132223
E02001890,E08000025,10590,1101521,18,3528,0.00510204081632653,54.03061224489795,female,40-44,315,0.029745042492917848,0.0001517604208822339
E02001890,E08000025,10590,1101521,18,3528,0.00510204081632653,54.03061224489795,male,40-44,332,0.031350330500472146,0.00015995066581873542
E02002038,E08000027,9391,315653,2749,3729,0.7371949584338965,6922.997854652722,female,40-44,345,0.03673730167181344,0.027082553578926024
E02002038,E08000027,9391,315653,2749,3729,0.7371949584338965,6922.997854652722,male,40-44,322,0.034288148227025875,0.02527705000699762
E02002946,E06000020,7932,169768,24,2991,0.00802407221664995,63.6469408224674,female,40-44,295,0.03719112455874937,0.0002984242692778285
E02002946,E06000020,7932,169768,24,2991,0.00802407221664995,63.6469408224674,male,40-44,251,0.03164397377710539,0.000253913530809271
E02002943,E06000020,10466,169768,33,4085,0.008078335373317013,84.54785801713587,female,40-44,464,0.044334034014905405,0.00035814519522445003
E02002943,E06000020,10466,169768,33,4085,0.008078335373317013,84.54785801713587,male,40-44,460,0.04395184406650105,0.00035505773664492896
E02001950,E08000025,8602,1101521,8,3466,0.002308136180034622,19.85458742065782,female,40-44,313,0.03638688677051848,8.398588983385684e-05
E02001950,E08000025,8602,1101521,8,3466,0.002308136180034622,19.85458742065782,male,40-44,272,0.03162055335968379,7.298454324220147e-05
E02002179,E08000031,6327,253250,182,2259,0.08056662239929172,509.74501992031867,female,40-44,242,0.03824877509088035,0.003081574619982392
E02002179,E08000031,6327,253250,182,2259,0.08056662239929172,509.74501992031867,male,40-44,233,0.03682629998419472,0.0029669706051896586
E02002932,E06000020,9089,169768,14,3567,0.003924866834875245,35.673114662181106,female,40-44,332,0.036527670810870286,0.00014336624372082534
E02002932,E06000020,9089,169768,14,3567,0.003924866834875245,35.673114662181106,male,40-44,373,0.04103861810980306,0.00016107111116827667
E02006704,E07000234,6898,95519,9,2842,0.0031667839549612948,21.84447572132301,female,40-44,238,0.03450275442157147,0.0001092627691042024
E02006704,E07000234,6898,95519,9,2842,0.0031667839549612948,21.84447572132301,male,40-44,253,0.03667729776746883,0.000116149078081358
E02006046,E06000051,8908,310774,21,3364,0.00624256837098692,55.608799048751486,female,40-44,253,0.02840143691064212,0.00017729791174895496
E02006046,E06000051,8908,310774,21,3364,0.00624256837098692,55.608799048751486,male,40-44,254,0.0285136955545577,0.00017799869400883227
E02006011,E06000051,5892,310774,35,2308,0.015164644714038129,89.35008665511265,female,40-44,205,0.03479293957909029,0.0005276225672738996
E02006011,E06000051,5892,310774,35,2308,0.015164644714038129,89.35008665511265,male,40-44,206,0.03496266123557366,0.0005301963358947478
E02006043,E06000051,6881,310774,9,2630,0.0034220532319391636,23.547148288973386,female,40-44,190,0.027612265659061185,9.449064293975311e-05
E02006043,E06000051,6881,310774,9,2630,0.0034220532319391636,23.547148288973386,male,40-44,213,0.030954803080947536,0.0001059289839271969
E02006013,E06000051,7636,310774,234,3144,0.07442748091603053,568.3282442748092,female,40-44,240,0.03143006809848088,0.0023392607935892257
E02006013,E06000051,7636,310774,234,3144,0.07442748091603053,568.3282442748092,male,40-44,245,0.0320848611838659,0.002387995393455668
E02002948,E06000020,7031,169768,13,2761,0.004708438971387179,33.105034407823254,female,40-44,242,0.03441900156450007,0.0001620597683225284
E02002948,E06000020,7031,169768,13,2761,0.004708438971387179,33.105034407823254,male,40-44,234,0.03328118333096288,0.000156702420609387
E02002947,E06000020,6762,169768,17,2744,0.00619533527696793,41.892857142857146,female,40-44,189,0.027950310559006212,0.0001731615450084204
E02002947,E06000020,6762,169768,17,2744,0.00619533527696793,41.892857142857146,male,40-44,246,0.03637976929902396,0.00022538486810619798
E02006045,E06000051,11048,310774,9,4637,0.0019409100711667026,21.44317446624973,female,40-44,293,0.02652063721940623,5.147417187290405e-05
E02006045,E06000051,11048,310774,9,4637,0.0019409100711667026,21.44317446624973,male,40-44,314,0.02842143374366401,5.516344699007464e-05
E02002950,E06000020,5501,169768,15,2409,0.0062266500622665,34.25280199252802,female,40-44,133,0.024177422286856935,0.0001505443479879012
E02002950,E06000020,5501,169768,15,2409,0.0062266500622665,34.25280199252802,male,40-44,147,0.026722414106526086,0.00016639112146031186
E02006010,E06000051,11572,310774,39,4282,0.00910789350770668,105.39654367118169,female,40-44,387,0.03344279294849637,0.0003045933967751888
E02006010,E06000051,11572,310774,39,4282,0.00910789350770668,105.39654367118169,male,40-44,375,0.03240580712063602,0.0002951486402860357
E02006014,E06000051,9310,310774,60,3559,0.01685866816521495,156.9542006181512,female,40-44,291,0.03125671321160043,0.0005269465559696617
E02006014,E06000051,9310,310774,60,3559,0.01685866816521495,156.9542006181512,male,40-44,262,0.028141783029001072,0.0004744329816634067
E02002936,E06000020,8985,169768,13,3588,0.0036231884057971015,32.55434782608695,female,40-44,343,0.038174735670562045,0.00013831425967594945
E02002936,E06000020,8985,169768,13,3588,0.0036231884057971015,32.55434782608695,male,40-44,305,0.03394546466332777,0.00012299081399756438
E02002937,E06000020,10271,169768,19,3808,0.004989495798319327,51.247111344537814,female,40-44,385,0.03748417875571999,0.00018702715240511547
E02002937,E06000020,10271,169768,19,3808,0.004989495798319327,51.247111344537814,male,40-44,387,0.03767890176224321,0.00018799872202799917
E02002934,E06000020,5973,169768,8,2312,0.0034602076124567475,20.667820069204154,female,40-44,231,0.03867403314917127,0.00013382018390716702
E02002934,E06000020,5973,169768,8,2312,0.0034602076124567475,20.667820069204154,male,40-44,218,0.03649757240917462,0.00012628917788641737
E02002931,E06000020,6673,169768,12,2265,0.005298013245033113,35.35364238410596,female,40-44,295,0.044208002397722164,0.00023421458223958763
E02002931,E06000020,6673,169768,12,2265,0.005298013245033113,35.35364238410596,male,40-44,242,0.03626554772965682,0.00019213535221010238
E02002949,E06000020,5179,169768,19,2064,0.009205426356589148,47.6749031007752,female,40-44,174,0.03359721954045183,0.00030927673026578717
E02002949,E06000020,5179,169768,19,2064,0.009205426356589148,47.6749031007752,male,40-44,188,0.03630044410117783,0.0003341610648848735
E02002933,E06000020,8266,169768,8,3198,0.0025015634771732333,20.677923702313947,female,40-44,315,0.038107911928381324,9.532936067137292e-05
E02002933,E06000020,8266,169768,8,3198,0.0025015634771732333,20.677923702313947,male,40-44,313,0.03786595693201065,9.472409488933246e-05
E02006012,E06000051,6249,310774,51,2517,0.02026221692491061,126.6185935637664,female,40-44,238,0.038086093775004,0.0007717086938916186
E02006012,E06000051,6249,310774,51,2517,0.02026221692491061,126.6185935637664,male,40-44,222,0.035525684109457514,0.000719829117831678
E02002938,E06000020,7041,169768,10,2924,0.003419972640218878,24.08002735978112,female,40-44,215,0.030535435307484732,0.0001044303533087713
E02002938,E06000020,7041,169768,10,2924,0.003419972640218878,24.08002735978112,male,40-44,248,0.03522226956398239,0.00012045919823523389
E02002935,E06000020,6539,169768,17,2641,0.006436955698599016,42.091253313138964,female,40-44,217,0.03318550237039303,0.00021361360859397253
E02002935,E06000020,6539,169768,17,2641,0.006436955698599016,42.091253313138964,male,40-44,217,0.03318550237039303,0.00021361360859397253
E02002942,E06000020,6480,169768,12,2164,0.005545286506469501,35.93345656192236,female,40-44,263,0.04058641975308642,0.00022506332580269733
E02002942,E06000020,6480,169768,12,2164,0.005545286506469501,35.93345656192236,male,40-44,238,0.0367283950617284,0.00020366947354008352
E02002940,E06000020,6097,169768,8,2441,0.0032773453502662844,19.981974600573537,female,40-44,192,0.03149089716253895,0.00010320654539136076
E02002940,E06000020,6097,169768,8,2441,0.0032773453502662844,19.981974600573537,male,40-44,242,0.03969165163195014,0.00013008324992036096
E02002945,E06000020,9464,169768,23,3482,0.006605399195864446,62.51349798966112,female,40-44,323,0.03412933220625528,0.00022543786351058917
E02002945,E06000020,9464,169768,23,3482,0.006605399195864446,62.51349798966112,male,40-44,349,0.03687658495350803,0.0002435845645981289
E02001851,E08000025,8705,1101521,11,3747,0.0029356818788364024,25.55511075527088,female,40-44,300,0.03446295232624928,0.00010117226463537286
E02001851,E08000025,8705,1101521,11,3747,0.0029356818788364024,25.55511075527088,male,40-44,286,0.03285468121769098,9.645089228572212e-05
E02006770,E07000239,7445,98999,86,3002,0.028647568287808126,213.2811459027315,female,40-44,257,0.034519811954331764,0.0009889086702440145
E02006770,E07000239,7445,98999,86,3002,0.028647568287808126,213.2811459027315,male,40-44,276,0.03707186030893217,0.001062018649756218
E02006775,E07000239,5234,98999,39,2137,0.018249883013570427,95.51988769302761,female,40-44,175,0.03343523118074131,0.0006101890575802111
E02006775,E07000239,5234,98999,39,2137,0.018249883013570427,95.51988769302761,male,40-44,169,0.032288880397401604,0.0005892682898917467
E02006752,E07000238,6978,120007,9,2110,0.0042654028436018955,29.763981042654027,female,40-44,274,0.03926626540556033,0.00016748644011850376
E02006752,E07000238,6978,120007,9,2110,0.0042654028436018955,29.763981042654027,male,40-44,275,0.03940957294353683,0.0001680977044984983
E02006769,E07000239,7260,98999,102,2631,0.03876852907639681,281.4595210946408,female,40-44,301,0.04146005509641873,0.0016073453515145233
E02006769,E07000239,7260,98999,102,2631,0.03876852907639681,281.4595210946408,male,40-44,247,0.03402203856749311,0.0013189843914421504
E02006780,E07000239,5841,98999,29,2373,0.012220817530552043,71.38179519595448,female,40-44,169,0.02893340181475775,0.0003535898241162978
E02006780,E07000239,5841,98999,29,2373,0.012220817530552043,71.38179519595448,male,40-44,175,0.029960623180962164,0.00036614330899616636
E02006710,E07000235,8023,76224,16,3073,0.005206638464041653,41.77286039700618,female,40-44,219,0.027296522497818772,0.00014212312397172155
E02006710,E07000235,8023,76224,16,3073,0.005206638464041653,41.77286039700618,male,40-44,207,0.025800822634924593,0.00013433555553491488
E02006772,E07000239,6487,98999,81,2650,0.030566037735849056,198.28188679245284,female,40-44,233,0.035917989825805456,0.001097870632411412
E02006772,E07000239,6487,98999,81,2650,0.030566037735849056,198.28188679245284,male,40-44,234,0.036072144288577156,0.0011025825235376414
E02006768,E07000239,6929,98999,76,2622,0.028985507246376812,200.84057971014494,female,40-44,263,0.03795641506710925,0.0011001859439741812
E02006768,E07000239,6929,98999,76,2622,0.028985507246376812,200.84057971014494,male,40-44,245,0.03535863761004474,0.0010248880466679636
E02006776,E07000239,6600,98999,50,2264,0.022084805653710248,145.75971731448763,female,40-44,218,0.03303030303030303,0.000729467823107399
E02006776,E07000239,6600,98999,50,2264,0.022084805653710248,145.75971731448763,male,40-44,217,0.032878787878787875,0.0007261216404325945
E02006779,E07000239,7763,98999,47,2986,0.015740120562625585,122.19055592766242,female,40-44,303,0.03903130233157284,0.0006143574044152456
E02006779,E07000239,7763,98999,47,2986,0.015740120562625585,122.19055592766242,male,40-44,290,0.037356692000515265,0.000587998835908981
E02006773,E07000239,8336,98999,90,3333,0.027002700270027002,225.09450945094508,female,40-44,258,0.030950095969289826,0.000835736164787304
E02006773,E07000239,8336,98999,90,3333,0.027002700270027002,225.09450945094508,male,40-44,234,0.028071017274472167,0.0007579932657373222
E02006778,E07000239,6883,98999,44,2683,0.016399552739470743,112.87812150577712,female,40-44,231,0.03356094726136859,0.0005503845245994104
E02006778,E07000239,6883,98999,44,2683,0.016399552739470743,112.87812150577712,male,40-44,233,0.03385151823332849,0.000555149758578626
E02006771,E07000239,6656,98999,74,2584,0.02863777089783282,190.61300309597524,female,40-44,216,0.03245192307692308,0.000929350738271017
E02006771,E07000239,6656,98999,74,2584,0.02863777089783282,190.61300309597524,male,40-44,211,0.03170072115384615,0.0009078379896999286
E02006767,E07000239,8853,98999,423,3438,0.12303664921465969,1089.2434554973822,female,40-44,301,0.03399977408787982,0.004183218277828146
E02006767,E07000239,8853,98999,423,3438,0.12303664921465969,1089.2434554973822,male,40-44,267,0.0301592680447306,0.0037106952829904145
E02006711,E07000235,7992,76224,13,2603,0.004994237418363427,39.91394544756051,female,40-44,287,0.03591091091091091,0.00017934761499878674
E02006711,E07000235,7992,76224,13,2603,0.004994237418363427,39.91394544756051,male,40-44,240,0.03003003003003003,0.00014997709965055336
E02006697,E07000234,7343,95519,582,2760,0.2108695652173913,1548.4152173913044,female,40-44,263,0.035816423804984336,0.007552593715398871
E02006697,E07000234,7343,95519,582,2760,0.2108695652173913,1548.4152173913044,male,40-44,253,0.034454582595669345,0.0072654228516954925
E02006748,E07000238,6695,120007,28,2468,0.011345218800648298,75.95623987034035,female,40-44,280,0.041822255414488425,0.0004744826384139692
E02006748,E07000238,6695,120007,28,2468,0.011345218800648298,75.95623987034035,male,40-44,240,0.035847647498132934,0.0004066994043548307
E02006753,E07000238,6436,120007,20,2175,0.009195402298850575,59.181609195402295,female,40-44,251,0.038999378495960225,0.00035861497467549634
E02006753,E07000238,6436,120007,20,2175,0.009195402298850575,59.181609195402295,male,40-44,232,0.036047234307022995,0.00033146882121400453
E02006707,E07000234,6848,95519,9,2196,0.004098360655737705,28.065573770491806,female,40-44,323,0.04716705607476635,0.00019330760686379653
E02006707,E07000234,6848,95519,9,2196,0.004098360655737705,28.065573770491806,male,40-44,305,0.04453855140186916,0.00018253504672897198
E02001895,E08000025,8221,1101521,8,3569,0.002241524236480807,18.427570748108714,female,40-44,251,0.03053156550298017,6.843724405263138e-05
E02001895,E08000025,8221,1101521,8,3569,0.002241524236480807,18.427570748108714,male,40-44,246,0.029923366986984553,6.707395233843554e-05
E02006706,E07000234,7094,95519,13,2640,0.004924242424242424,34.932575757575755,female,40-44,203,0.02861573160417254,0.00014091079956600114
E02006706,E07000234,7094,95519,13,2640,0.004924242424242424,34.932575757575755,male,40-44,216,0.03044826614040034,0.00014993464387318348
E02006703,E07000234,7229,95519,11,2633,0.004177744018230156,30.200911507785797,female,40-44,295,0.04080785724166552,0.00017048478148815827
E02006703,E07000234,7229,95519,11,2633,0.004177744018230156,30.200911507785797,male,40-44,268,0.03707290081615715,0.0001548810896231404
E02006705,E07000234,7134,95519,14,2719,0.0051489518205222505,36.732622287605736,female,40-44,277,0.038828146902158675,0.0001999242576793753
E02006705,E07000234,7134,95519,14,2719,0.0051489518205222505,36.732622287605736,male,40-44,250,0.03504345388281469,0.00018043705566730625
E02006702,E07000234,5790,95519,23,2326,0.009888220120378332,57.25279449699054,female,40-44,252,0.043523316062176166,0.0004303681295915958
E02006702,E07000234,5790,95519,23,2326,0.009888220120378332,57.25279449699054,male,40-44,196,0.03385146804835924,0.0003347307674601301
E02006708,E07000234,8466,95519,12,3221,0.003725551071095933,31.54051536789817,female,40-44,320,0.03779825183085282,0.00014081931759398755
E02006708,E07000234,8466,95519,12,3221,0.003725551071095933,31.54051536789817,male,40-44,307,0.03626269785022443,0.00013509853281673182
E02006709,E07000234,7862,95519,12,2822,0.004252303330970942,33.43160878809355,female,40-44,207,0.026329178326125666,0.0001119596526979121
E02006709,E07000234,7862,95519,12,2822,0.004252303330970942,33.43160878809355,male,40-44,288,0.03663190027982702,0.00015576995157970383
E02006774,E07000239,7573,98999,64,2899,0.02207657813038979,167.18592618144186,female,40-44,275,0.03631321801135613,0.0008016715945935814
E02006774,E07000239,7573,98999,64,2899,0.02207657813038979,167.18592618144186,male,40-44,288,0.03802984286280206,0.0008395687972470962
E02001946,E08000025,7631,1101521,11,3033,0.003626772172766238,27.67589845037916,female,40-44,270,0.03538199449613419,0.00012832243305554766
E02001946,E08000025,7631,1101521,11,3033,0.003626772172766238,27.67589845037916,male,40-44,238,0.03118857292622199,0.00011311384839711238
E02006901,E08000025,15014,1101521,10,5840,0.0017123287671232876,25.70890410958904,female,40-44,464,0.030904489143466097,5.2918645793606325e-05
E02006901,E08000025,15014,1101521,10,5840,0.0017123287671232876,25.70890410958904,male,40-44,519,0.034567736779006264,5.919133010103812e-05
E02006187,E07000196,7313,110688,2369,2947,0.8038683406854428,5878.689175432643,female,40-44,233,0.031861069328592916,0.025612104933639843
E02006187,E07000196,7313,110688,2369,2947,0.8038683406854428,5878.689175432643,male,40-44,197,0.026938329003145085,0.021654869836596778
E02006777,E07000239,7139,98999,73,2644,0.02760968229954614,197.1055219364599,female,40-44,239,0.03347807816220759,0.0009243191020579251
E02006777,E07000239,7139,98999,73,2644,0.02760968229954614,197.1055219364599,male,40-44,218,0.0305364897044404,0.0008431027792829611
E02002002,E08000027,6982,315653,2194,2941,0.7460047602856171,5208.605236314179,female,40-44,199,0.028501861930678888,0.02126252467728986
E02002002,E08000027,6982,315653,2194,2941,0.7460047602856171,5208.605236314179,male,40-44,223,0.03193927241478087,0.023826849261485625
E02002013,E08000027,6563,315653,2277,2637,0.863481228668942,5667.027303754266,female,40-44,238,0.03626390370257504,0.031313200125431685
E02002013,E08000027,6563,315653,2277,2637,0.863481228668942,5667.027303754266,male,40-44,223,0.03397836355325309,0.02933967910912297
E02002078,E08000028,6286,316289,58,2651,0.02187853640135798,137.52847981893626,female,40-44,214,0.03404390709513204,0.0007448308606252955
E02002078,E08000028,6286,316289,58,2651,0.02187853640135798,137.52847981893626,male,40-44,205,0.03261215399300032,0.0007135061982625494
E02002029,E08000027,5821,315653,910,2458,0.37021969080553296,2155.048820179007,female,40-44,191,0.0328122315753307,0.012147734228458476
E02002029,E08000027,5821,315653,910,2458,0.37021969080553296,2155.048820179007,male,40-44,198,0.034014774093798314,0.012592939147826065
E02006696,E07000234,6224,95519,830,2309,0.3594629709831096,2237.297531398874,female,40-44,261,0.041934447300771206,0.015073881013269858
E02006696,E07000234,6224,95519,830,2309,0.3594629709831096,2237.297531398874,male,40-44,222,0.035668380462724934,0.012821462011287007
E02002035,E08000027,6215,315653,1133,2623,0.43194815097216926,2684.557758292032,female,40-44,205,0.03298471440064361,0.01424768639570309
E02002035,E08000027,6215,315653,1133,2623,0.43194815097216926,2684.557758292032,male,40-44,172,0.027674979887369267,0.011954156390541128
E02002027,E08000027,5585,315653,1634,1917,0.8523735002608243,4760.5059989567035,female,40-44,237,0.04243509400179051,0.03617054960820329
E02002027,E08000027,5585,315653,1634,1917,0.8523735002608243,4760.5059989567035,male,40-44,203,0.036347358997314234,0.030981525613777497
E02002023,E08000027,5328,315653,1842,2111,0.8725722406442444,4649.064898152535,female,40-44,196,0.03678678678678678,0.032099128972648626
E02002023,E08000027,5328,315653,1842,2111,0.8725722406442444,4649.064898152535,male,40-44,210,0.039414414414414414,0.03439192389926639
E02002036,E08000027,6538,315653,2415,2792,0.8649713467048711,5655.182664756447,female,40-44,192,0.029366778831446925,0.025401422234220747
E02002036,E08000027,6538,315653,2415,2792,0.8649713467048711,5655.182664756447,male,40-44,226,0.03456714591618232,0.029899590754864005
E02002006,E08000027,6484,315653,2371,2774,0.8547224224945926,5542.020187454938,female,40-44,232,0.03578038247995065,0.030582295191046497
E02002006,E08000027,6484,315653,2371,2774,0.8547224224945926,5542.020187454938,male,40-44,253,0.039019123997532386,0.033350520186787774
E02002039,E08000027,6423,315653,2050,2529,0.8105970739422697,5206.465005931198,female,40-44,219,0.03409621672115834,0.027638293506672438
E02002039,E08000027,6423,315653,2050,2529,0.8105970739422697,5206.465005931198,male,40-44,214,0.03331776428460221,0.02700728223939681
E02002024,E08000027,8489,315653,3028,3483,0.8693654895205283,7380.043640539765,female,40-44,323,0.03804924019319119,0.03307869632643782
E02002024,E08000027,8489,315653,3028,3483,0.8693654895205283,7380.043640539765,male,40-44,292,0.03439745553068677,0.029903960765696107
E02002009,E08000027,6697,315653,2392,2910,0.8219931271477663,5504.887972508591,female,40-44,230,0.034343736001194565,0.02823031495355924
E02002009,E08000027,6697,315653,2392,2910,0.8219931271477663,5504.887972508591,male,40-44,229,0.03419441540988502,0.028107574453761157
E02002018,E08000027,8990,315653,2997,3484,0.8602181400688863,7733.361079219288,female,40-44,308,0.034260289210233594,0.029471322262649275
E02002018,E08000027,8990,315653,2997,3484,0.8602181400688863,7733.361079219288,male,40-44,295,0.03281423804226919,0.028227402816498496
E02002033,E08000027,7674,315653,2219,2966,0.7481456507080243,5741.269723533378,female,40-44,257,0.03348970549908783,0.02505517751263516
E02002033,E08000027,7674,315653,2219,2966,0.7481456507080243,5741.269723533378,male,40-44,263,0.034271566327860305,0.025640123291140262
E02002017,E08000027,8443,315653,3414,3928,0.8691446028513238,7338.187881873727,female,40-44,282,0.03340045007698685,0.029029820917218205
E02002017,E08000027,8443,315653,3414,3928,0.8691446028513238,7338.187881873727,male,40-44,272,0.03221603695368945,0.02800039464355799
E02002041,E08000027,6174,315653,2055,2549,0.8061985092193017,4977.469595919969,female,40-44,170,0.0275348234531908,0.02219853361957909
E02002041,E08000027,6174,315653,2055,2549,0.8061985092193017,4977.469595919969,male,40-44,162,0.026239067055393587,0.0211538967433636
E02002012,E08000027,8054,315653,3436,3885,0.8844272844272845,7123.177348777349,female,40-44,273,0.033896200645641916,0.029978724689427447
E02002012,E08000027,8054,315653,3436,3885,0.8844272844272845,7123.177348777349,male,40-44,303,0.03762105785944872,0.03327309003991398
E02002022,E08000027,8434,315653,3147,3556,0.8849831271091113,7463.947694038245,female,40-44,322,0.038178800094854165,0.03378759389721767
E02002022,E08000027,8434,315653,3147,3556,0.8849831271091113,7463.947694038245,male,40-44,300,0.03557031064737965,0.03147912474896056
E02002034,E08000027,7963,315653,2698,3216,0.8389303482587065,6680.40236318408,female,40-44,282,0.03541378877307547,0.029709702148556477
E02002034,E08000027,7963,315653,2698,3216,0.8389303482587065,6680.40236318408,male,40-44,296,0.037171920130604046,0.031184651900612474
E02002042,E08000027,8222,315653,2220,2974,0.7464694014794889,6137.471418964358,female,40-44,277,0.0336900997324252,0.025148628583047727
E02002042,E08000027,8222,315653,2220,2974,0.7464694014794889,6137.471418964358,male,40-44,255,0.031014351739236196,0.02315126458006199
E02002026,E08000027,7013,315653,2186,2562,0.853239656518345,5983.769711163153,female,40-44,265,0.03778696706117211,0.032241338796144506
E02002026,E08000027,7013,315653,2186,2562,0.853239656518345,5983.769711163153,male,40-44,238,0.03393697419078853,0.028956372201820346
E02002020,E08000027,9771,315653,3408,3903,0.8731744811683321,8531.787855495773,female,40-44,366,0.037457783236106844,0.03270718044290344
E02002020,E08000027,9771,315653,3408,3903,0.8731744811683321,8531.787855495773,male,40-44,342,0.03500153515505066,0.030562447299106496
E02002030,E08000027,6330,315653,2521,2903,0.8684119875990355,5497.047881501895,female,40-44,226,0.035703001579778834,0.03100491456514724
E02002030,E08000027,6330,315653,2521,2903,0.8684119875990355,5497.047881501895,male,40-44,225,0.035545023696682464,0.030867724677690833
E02002028,E08000027,5825,315653,2078,2430,0.8551440329218107,4981.213991769548,female,40-44,205,0.0351931330472103,0.03009519772514527
E02002028,E08000027,5825,315653,2078,2430,0.8551440329218107,4981.213991769548,male,40-44,197,0.03381974248927039,0.0289207509846518
E02002021,E08000027,7518,315653,2907,3277,0.8870918523039365,6669.156545620995,female,40-44,239,0.031790369779196595,0.028200978012854594
E02002021,E08000027,7518,315653,2907,3277,0.8870918523039365,6669.156545620995,male,40-44,275,0.03657887736100027,0.03244882407336826
E02002011,E08000027,5761,315653,2006,2316,0.8661485319516408,4989.881692573403,female,40-44,203,0.03523693803159174,0.030520422146534124
E02002011,E08000027,5761,315653,2006,2316,0.8661485319516408,4989.881692573403,male,40-44,189,0.032806804374240585,0.02841556544677315
E02002019,E08000027,8016,315653,2788,3247,0.8586387434554974,6882.848167539267,female,40-44,274,0.03418163672654691,0.02934967760813452
E02002019,E08000027,8016,315653,2788,3247,0.8586387434554974,6882.848167539267,male,40-44,270,0.033682634730538924,0.02892121516130044
E02002016,E08000027,7873,315653,3246,3671,0.8842277308635249,6961.524925088532,female,40-44,288,0.03658071891273974,0.03234568607756829
E02002016,E08000027,7873,315653,3246,3671,0.8842277308635249,6961.524925088532,male,40-44,254,0.03226216181887463,0.028527098137855367
E02002040,E08000027,6006,315653,1787,2238,0.7984807864164433,4795.675603217158,female,40-44,181,0.030136530136530136,0.024063440283279426
E02002040,E08000027,6006,315653,1787,2238,0.7984807864164433,4795.675603217158,male,40-44,180,0.029970029970029972,0.023930493099393907
E02002015,E08000027,6039,315653,2300,2613,0.880214313050134,5315.614236509759,female,40-44,202,0.03344924656400066,0.029442505586376396
E02002015,E08000027,6039,315653,2300,2613,0.880214313050134,5315.614236509759,male,40-44,207,0.03427719821162444,0.03017128047712829
E02002037,E08000027,5965,315653,1882,2241,0.8398036590807675,5009.428826416778,female,40-44,229,0.03839061190276614,0.03224057635029267
E02002037,E08000027,5965,315653,1882,2241,0.8398036590807675,5009.428826416778,male,40-44,219,0.03671416596814753,0.03083269092014888
E02001901,E08000025,8063,1101521,11,2791,0.003941239699032604,31.778215693299888,female,40-44,260,0.032246062259704826,0.00012708946071542568
E02001901,E08000025,8063,1101521,11,2791,0.003941239699032604,31.778215693299888,male,40-44,320,0.03968746124271363,0.0001564177978036008
E02006698,E07000234,6535,95519,10,2771,0.003608805485384338,23.583543846986647,female,40-44,233,0.03565416985462892,0.00012866896374820976
E02006698,E07000234,6535,95519,10,2771,0.003608805485384338,23.583543846986647,male,40-44,196,0.029992348890589136,0.00010823655319591894
E02001921,E08000025,7888,1101521,10,3211,0.003114294612270321,24.56555590158829,female,40-44,276,0.03498985801217039,0.00010896872629140576
E02001921,E08000025,7888,1101521,10,3211,0.003114294612270321,24.56555590158829,male,40-44,271,0.034355983772819475,0.00010699465516293826
E02001927,E08000025,7803,1101521,10,3616,0.0027654867256637168,21.579092920353983,female,40-44,266,0.03408945277457388,9.427392913322424e-05
E02001927,E08000025,7803,1101521,10,3616,0.0027654867256637168,21.579092920353983,male,40-44,217,0.02780981673715238,7.690767902973556e-05
E02001952,E08000025,9117,1101521,12,4047,0.0029651593773165306,27.03335804299481,female,40-44,303,0.033234616650213884,9.85459352119018e-05
E02001952,E08000025,9117,1101521,12,4047,0.0029651593773165306,27.03335804299481,male,40-44,251,0.027530986069979158,8.163376151216948e-05
E02001913,E08000025,7746,1101521,14,2873,0.004872955099199443,37.74591019839888,female,40-44,199,0.025690679060160083,0.00012518952552810343
E02001913,E08000025,7746,1101521,14,2873,0.004872955099199443,37.74591019839888,male,40-44,202,0.026077975729408728,0.00012707680480742158
E02001932,E08000025,7076,1101521,14,3205,0.00436817472698908,30.90920436817473,female,40-44,215,0.03038439796495195,0.00013272435928528154
E02001932,E08000025,7076,1101521,14,3205,0.00436817472698908,30.90920436817473,male,40-44,197,0.027840587902769928,0.00012161255246139751
E02001899,E08000025,8050,1101521,17,3211,0.005294300840859545,42.61912176891934,female,40-44,311,0.038633540372670805,0.00020453758528041224
E02001899,E08000025,8050,1101521,17,3211,0.005294300840859545,42.61912176891934,male,40-44,291,0.03614906832298136,0.00019138404281864938
E02001911,E08000025,8103,1101521,21,3490,0.006017191977077364,48.75730659025788,female,40-44,275,0.03393804763667777,0.00020421174795708688
E02001911,E08000025,8103,1101521,21,3490,0.006017191977077364,48.75730659025788,male,40-44,261,0.03221029248426509,0.00019381551351563522
E02001951,E08000025,8399,1101521,21,3936,0.005335365853658537,44.81173780487805,female,40-44,254,0.030241695439933325,0.00016135050920696134
E02001951,E08000025,8399,1101521,21,3936,0.005335365853658537,44.81173780487805,male,40-44,214,0.02547922371710918,0.00013594098019799105
E02001928,E08000025,6890,1101521,23,3103,0.007412181759587496,51.06993232355784,female,40-44,226,0.0328011611030479,0.0002431281680213025
E02001928,E08000025,6890,1101521,23,3103,0.007412181759587496,51.06993232355784,male,40-44,187,0.02714078374455733,0.00020117242221231665
E02001920,E08000025,7512,1101521,52,3186,0.016321406151914627,122.60640301318267,female,40-44,301,0.040069222577209795,0.0006539860558741085
E02001920,E08000025,7512,1101521,52,3186,0.016321406151914627,122.60640301318267,male,40-44,248,0.03301384451544196,0.0005388323649726874
E02001906,E08000025,9284,1101521,90,3832,0.02348643006263048,218.04801670146136,female,40-44,345,0.03716070659198621,0.0008727723364506156
E02001906,E08000025,9284,1101521,90,3832,0.02348643006263048,218.04801670146136,male,40-44,347,0.037376130978026716,0.000877831886227141
E02001935,E08000025,7920,1101521,9,3303,0.0027247956403269754,21.580381471389646,female,40-44,250,0.03156565656565657,8.600996339415958e-05
E02001935,E08000025,7920,1101521,9,3303,0.0027247956403269754,21.580381471389646,male,40-44,213,0.026893939393939394,7.328048881182396e-05
E02001926,E08000025,7401,1101521,9,2620,0.003435114503816794,25.42328244274809,female,40-44,187,0.025266855830293204,8.67945429284881e-05
E02001926,E08000025,7401,1101521,9,2620,0.003435114503816794,25.42328244274809,male,40-44,247,0.03337386839616268,0.00011464305937613134
E02001919,E08000025,6664,1101521,8,2649,0.003020007550018875,20.125330313325783,female,40-44,205,0.030762304921968787,9.290239312032854e-05
E02001919,E08000025,6664,1101521,8,2649,0.003020007550018875,20.125330313325783,male,40-44,241,0.03616446578631453,0.00010921695971706917
E02001938,E08000025,7790,1101521,8,2854,0.002803083391730904,21.83601962158374,female,40-44,351,0.045057766367137354,0.00012630067657221403
E02001938,E08000025,7790,1101521,8,2854,0.002803083391730904,21.83601962158374,male,40-44,269,0.03453145057766367,9.679453560662556e-05
E02002168,E08000031,11027,253250,76,3901,0.019482184055370416,214.8300435785696,female,45-49,326,0.029563797950485173,0.0005759673530471349
E02002168,E08000031,11027,253250,76,3901,0.019482184055370416,214.8300435785696,male,45-49,341,0.030924095402194613,0.0006024689183713895
E02006130,E07000192,7338,98508,16,1959,0.00816743236345074,59.932618683001536,female,45-49,305,0.04156445898064868,0.0003394749074478708
E02006130,E07000192,7338,98508,16,1959,0.00816743236345074,59.932618683001536,male,45-49,299,0.04074679749250477,0.00033279671254725693
E02006177,E07000196,9842,110688,32,3021,0.010592519033432638,104.25157232704403,female,45-49,394,0.04003251371672424,0.0004240451635005547
E02006177,E07000196,9842,110688,32,3021,0.010592519033432638,104.25157232704403,male,45-49,396,0.04023572444625076,0.0004261976770208621
E02002134,E08000030,8444,273933,35,3485,0.010043041606886656,84.80344332855093,female,45-49,286,0.033870203694931315,0.00034015986494192134
E02002134,E08000030,8444,273933,35,3485,0.010043041606886656,84.80344332855093,male,45-49,291,0.034462340123164376,0.00034610671572761926
E02002120,E08000030,6211,273933,24,2204,0.010889292196007259,67.63339382940109,female,45-49,251,0.04041217195298664,0.00044005994867136084
E02002120,E08000030,6211,273933,24,2204,0.010889292196007259,67.63339382940109,male,45-49,224,0.0360650458863307,0.0003927228227186646
E02002129,E08000030,5759,273933,34,2402,0.014154870940882597,81.51790174854288,female,45-49,223,0.038722000347282515,0.0005481049174885951
E02002129,E08000030,5759,273933,34,2402,0.014154870940882597,81.51790174854288,male,45-49,201,0.034901892689703076,0.0004940317866152809
E02002131,E08000030,7803,273933,19,2882,0.00659264399722415,51.44240111034004,female,45-49,327,0.041906958861976165,0.00027627766078332656
E02002131,E08000030,7803,273933,19,2882,0.00659264399722415,51.44240111034004,male,45-49,296,0.03793412789952583,0.0002500862005867421
E02006175,E07000196,7115,110688,15,1490,0.010067114093959731,71.62751677852349,female,45-49,295,0.04146170063246662,0.00041739967079664376
E02006175,E07000196,7115,110688,15,1490,0.010067114093959731,71.62751677852349,male,45-49,305,0.04286718200983837,0.0004315488121795809
E02006155,E07000194,5739,102062,10,2456,0.004071661237785016,23.36726384364821,female,45-49,215,0.03746297264331765,0.00015253653356399696
E02006155,E07000194,5739,102062,10,2456,0.004071661237785016,23.36726384364821,male,45-49,209,0.036417494336992505,0.00014827970006918773
E02006129,E07000192,7951,98508,11,2006,0.005483549351944167,43.599700897308075,female,45-49,256,0.032197207898377565,0.00017655497850555994
E02006129,E07000192,7951,98508,11,2006,0.005483549351944167,43.599700897308075,male,45-49,311,0.03911457678279462,0.0002144867121688638
E02006180,E07000196,6835,110688,36,2673,0.013468013468013467,92.05387205387206,female,45-49,272,0.03979517190929042,0.0005359619112362345
E02006180,E07000196,6835,110688,36,2673,0.013468013468013467,92.05387205387206,male,45-49,236,0.034528163862472566,0.00046502577592555643
E02002043,E08000028,8799,316289,31,3725,0.00832214765100671,73.22657718120804,female,45-49,336,0.03818615751789976,0.00031779084108856173
E02002043,E08000028,8799,316289,31,3725,0.00832214765100671,73.22657718120804,male,45-49,348,0.03954994885782475,0.0003291405139845818
E02002148,E08000030,11314,273933,12,4622,0.0025962786672436176,29.37429684119429,female,45-49,482,0.042602085911260384,0.0001106068868314852
E02002148,E08000030,11314,273933,12,4622,0.0025962786672436176,29.37429684119429,male,45-49,427,0.037740852041718224,9.798576903951076e-05
E02006126,E07000192,8412,98508,11,1815,0.006060606060606061,50.981818181818184,female,45-49,342,0.04065620542082739,0.00024640124497471146
E02006126,E07000192,8412,98508,11,1815,0.006060606060606061,50.981818181818184,male,45-49,373,0.04434141702330005,0.000268735860747273
E02002046,E08000028,5770,316289,16,2410,0.006639004149377593,38.30705394190871,female,45-49,201,0.03483535528596187,0.00023127206828854353
E02002046,E08000028,5770,316289,16,2410,0.006639004149377593,38.30705394190871,male,45-49,200,0.03466204506065858,0.00023012146098362542
E02002047,E08000028,6640,316289,124,3214,0.038581207218419414,256.1792159303049,female,45-49,244,0.03674698795180723,0.0014177431568214364
E02002047,E08000028,6640,316289,124,3214,0.038581207218419414,256.1792159303049,male,45-49,206,0.03102409638554217,0.0011969470914148191
E02002045,E08000028,7925,316289,34,3323,0.01023171832681312,81.08636773999399,female,45-49,280,0.03533123028391167,0.0003614991964047538
E02002045,E08000028,7925,316289,34,3323,0.01023171832681312,81.08636773999399,male,45-49,242,0.03053627760252366,0.00031243859117839433
E02002044,E08000028,7501,316289,27,3214,0.008400746733042938,63.014001244555075,female,45-49,303,0.040394614051459804,0.0003393449220253313
E02002044,E08000028,7501,316289,27,3214,0.008400746733042938,63.014001244555075,male,45-49,240,0.031995733902146384,0.0002687880570497674
E02006178,E07000196,7888,110688,18,2689,0.00669393826701376,52.801785050204536,female,45-49,338,0.042849898580121705,0.00028683457584313525
E02006178,E07000196,7888,110688,18,2689,0.00669393826701376,52.801785050204536,male,45-49,320,0.04056795131845842,0.0002715593617449801
E02002146,E08000030,6578,273933,19,2657,0.007150922092585623,47.038765525028225,female,45-49,231,0.03511705685618729,0.0002511193376994951
E02002146,E08000030,6578,273933,19,2657,0.007150922092585623,47.038765525028225,male,45-49,226,0.034356947400425664,0.00024568385419950606
E02002110,E08000030,6695,273933,15,2592,0.005787037037037037,38.74421296296296,female,45-49,281,0.041971620612397315,0.00024289132298841037
E02002110,E08000030,6695,273933,15,2592,0.005787037037037037,38.74421296296296,male,45-49,292,0.04361463778939507,0.0002523995242441844
E02002112,E08000030,5455,273933,19,2078,0.009143407122232916,49.877285851780556,female,45-49,219,0.04014665444546288,0.00036707720619046905
E02002112,E08000030,5455,273933,19,2078,0.009143407122232916,49.877285851780556,male,45-49,222,0.04069660861594867,0.0003721056610697905
E02002113,E08000030,6555,273933,20,2632,0.007598784194528876,49.81003039513678,female,45-49,244,0.0372234935163997,0.0002828532941975661
E02002113,E08000030,6555,273933,20,2632,0.007598784194528876,49.81003039513678,male,45-49,241,0.03676582761250954,0.00027937558976071075
E02002124,E08000030,7088,273933,25,2905,0.008605851979345954,60.998278829604125,female,45-49,213,0.03005079006772009,0.00025861265118519867
E02002124,E08000030,7088,273933,25,2905,0.008605851979345954,60.998278829604125,male,45-49,266,0.037528216704288936,0.00032296227800592887
E02002114,E08000030,6027,273933,12,2486,0.004827031375703942,29.092518101367656,female,45-49,244,0.04048448647751784,0.00019541988645624056
E02002114,E08000030,6027,273933,12,2486,0.004827031375703942,29.092518101367656,male,45-49,229,0.037995686079309775,0.00018340636884622578
E02002116,E08000030,6796,273933,28,2645,0.01058601134215501,71.94253308128545,female,45-49,242,0.03560918187168923,0.0003769592031785628
E02002116,E08000030,6796,273933,28,2645,0.01058601134215501,71.94253308128545,male,45-49,255,0.037522071806945265,0.0003972090777294773
E02002138,E08000030,6485,273933,16,2394,0.006683375104427736,43.34168755221386,female,45-49,199,0.030686198920585966,0.0002050873779153615
E02002138,E08000030,6485,273933,16,2394,0.006683375104427736,43.34168755221386,male,45-49,231,0.03562066306861989,0.00023806625275602265
E02002145,E08000030,7105,273933,41,3016,0.013594164456233421,96.58653846153845,female,45-49,231,0.03251231527093596,0.00044197776064601273
E02002145,E08000030,7105,273933,41,3016,0.013594164456233421,96.58653846153845,male,45-49,239,0.03363828289936664,0.0004572843497592945
E02002147,E08000030,8031,273933,66,3184,0.0207286432160804,166.4717336683417,female,45-49,254,0.03162744365583364,0.0006555939953784612
E02002147,E08000030,8031,273933,66,3184,0.0207286432160804,166.4717336683417,male,45-49,265,0.03299713609762171,0.0006839858613200481
E02002119,E08000030,5943,273933,23,2452,0.009380097879282219,55.74592169657423,female,45-49,239,0.04021537943799428,0.00037722419538085993
E02002119,E08000030,5943,273933,23,2452,0.009380097879282219,55.74592169657423,male,45-49,226,0.03802793202086488,0.000356705724502403
E02002117,E08000030,6391,273933,22,2461,0.008939455505891914,57.132060138155225,female,45-49,279,0.04365514004068221,0.0003902531819971591
E02002117,E08000030,6391,273933,22,2461,0.008939455505891914,57.132060138155225,male,45-49,232,0.03630104834924112,0.0003245116065352721
E02002132,E08000030,6479,273933,39,2806,0.013898788310762652,90.05024946543122,female,45-49,231,0.035653650254668934,0.0004955425373956125
E02002132,E08000030,6479,273933,39,2806,0.013898788310762652,90.05024946543122,male,45-49,194,0.02994289242167001,0.00041616992318073073
E02002139,E08000030,9513,273933,49,4150,0.011807228915662651,112.3221686746988,female,45-49,264,0.027751497950173447,0.0003276682890502407
E02002139,E08000030,9513,273933,49,4150,0.011807228915662651,112.3221686746988,male,45-49,322,0.03384841795437822,0.00039965601922036935
E02002136,E08000030,7706,273933,44,3044,0.01445466491458607,111.38764783180027,female,45-49,249,0.03231248377887361,0.0004670661255816159
E02002136,E08000030,7706,273933,44,3044,0.01445466491458607,111.38764783180027,male,45-49,254,0.03296132883467428,0.0004764449634447005
E02002118,E08000030,7347,273933,27,3045,0.008866995073891626,65.14581280788178,female,45-49,265,0.03606914386824554,0.00031982492099922157
E02002118,E08000030,7347,273933,27,3045,0.008866995073891626,65.14581280788178,male,45-49,232,0.03157751463182251,0.000279997666686111
E02002128,E08000030,5558,273933,17,2321,0.007324429125376993,40.70917707884533,female,45-49,173,0.031126304426052537,0.00022798241070353002
E02002128,E08000030,5558,273933,17,2321,0.007324429125376993,40.70917707884533,male,45-49,199,0.03580424613170205,0.00026224566317920505
E02002142,E08000030,6831,273933,27,2814,0.009594882729211088,65.54264392324095,female,45-49,226,0.03308446786707656,0.0003174415893429521
E02002142,E08000030,6831,273933,27,2814,0.009594882729211088,65.54264392324095,male,45-49,211,0.03088859610598741,0.00029637245730691547
E02002123,E08000030,6475,273933,29,2966,0.009777478084962913,63.30917060013486,female,45-49,202,0.031196911196911196,0.00030502711554633333
E02002123,E08000030,6475,273933,29,2966,0.009777478084962913,63.30917060013486,male,45-49,217,0.03351351351351351,0.00032767764392848677
E02002144,E08000030,6676,273933,16,2662,0.006010518407212622,40.126220886551465,female,45-49,217,0.03250449370880767,0.00019536885775391536
E02002144,E08000030,6676,273933,16,2662,0.006010518407212622,40.126220886551465,male,45-49,239,0.03579988016776513,0.0002151758387243584
E02002133,E08000030,6723,273933,23,2899,0.00793377026560883,53.338737495688164,female,45-49,201,0.02989736724676484,0.0002371988432823702
E02002133,E08000030,6723,273933,23,2899,0.00793377026560883,53.338737495688164,male,45-49,254,0.037780752640190395,0.0002997438119090648
E02002125,E08000030,6150,273933,21,2579,0.0081426909654905,50.07754943776657,female,45-49,254,0.04130081300813008,0.00033629975694871326
E02002125,E08000030,6150,273933,21,2579,0.0081426909654905,50.07754943776657,male,45-49,218,0.035447154471544715,0.0002886352244677933
E02002111,E08000030,6159,273933,24,2566,0.009353078721745909,57.60561184723305,female,45-49,254,0.04124046111381718,0.000385725279318633
E02002111,E08000030,6159,273933,24,2566,0.009353078721745909,57.60561184723305,male,45-49,229,0.03718136061048872,0.0003477601927715235
E02002122,E08000030,5626,273933,26,2451,0.010607915136678907,59.68013055895553,female,45-49,170,0.03021685033771774,0.0003205377840802371
E02002122,E08000030,5626,273933,26,2451,0.010607915136678907,59.68013055895553,male,45-49,159,0.028261642374688943,0.00029979710393386887
E02002115,E08000030,6774,273933,19,2716,0.006995581737849779,47.388070692194404,female,45-49,243,0.03587245349867139,0.000250948680587171
E02002115,E08000030,6774,273933,19,2716,0.006995581737849779,47.388070692194404,male,45-49,251,0.03705343962208444,0.00025921036554477333
E02002143,E08000030,10020,273933,34,3975,0.008553459119496854,85.70566037735848,female,45-49,265,0.026447105788423155,0.00022621423819028607
E02002143,E08000030,10020,273933,34,3975,0.008553459119496854,85.70566037735848,male,45-49,261,0.026047904191616768,0.00022279968365156478
E02002130,E08000030,6711,273933,30,2715,0.011049723756906077,74.15469613259668,female,45-49,223,0.03322902697064521,0.00036717156873641117
E02002130,E08000030,6711,273933,30,2715,0.011049723756906077,74.15469613259668,male,45-49,205,0.03054686335866488,0.0003375344017532031
E02002126,E08000030,6701,273933,25,2766,0.009038322487346349,60.565798987707886,female,45-49,236,0.03521862408595732,0.0003183172820495058
E02002126,E08000030,6701,273933,25,2766,0.009038322487346349,60.565798987707886,male,45-49,195,0.02910013430831219,0.00026301639830361706
E02002127,E08000030,8612,273933,33,3788,0.008711721224920803,75.02534318901796,female,45-49,234,0.02717138875986995,0.00023670956416993358
E02002127,E08000030,8612,273933,33,3788,0.008711721224920803,75.02534318901796,male,45-49,270,0.031351602415234554,0.00027312642019607715
E02002121,E08000030,6502,273933,27,2956,0.009133964817320704,59.38903924221922,female,45-49,234,0.03598892648415872,0.000328721588319447
E02002121,E08000030,6502,273933,27,2956,0.009133964817320704,59.38903924221922,male,45-49,212,0.032605352199323284,0.0002978161398449691
E02002140,E08000030,8199,273933,27,3608,0.007483370288248337,61.35615299334812,female,45-49,236,0.028783998048542505,0.0002154013157734611
E02002140,E08000030,8199,273933,27,3608,0.007483370288248337,61.35615299334812,male,45-49,269,0.032808879131601416,0.00024552099128415697
E02002135,E08000030,7467,273933,29,3125,0.00928,69.29376,female,45-49,259,0.03468595152002143,0.00032188563010579886
E02002135,E08000030,7467,273933,29,3125,0.00928,69.29376,male,45-49,210,0.02812374447569305,0.0002609883487344315
E02006122,E07000192,6630,98508,8,1372,0.0058309037900874635,38.65889212827988,female,45-49,275,0.04147812971342383,0.00024185498375174245
E02006122,E07000192,6630,98508,8,1372,0.0058309037900874635,38.65889212827988,male,45-49,255,0.038461538461538464,0.00022426553038797938
E02006151,E07000194,8781,102062,18,3519,0.005115089514066497,44.915601023017906,female,45-49,365,0.041567019701628516,0.0002126190266067955
E02006151,E07000194,8781,102062,18,3519,0.005115089514066497,44.915601023017906,male,45-49,377,0.042933606650723155,0.00021960924118016962
E02006128,E07000192,8441,98508,11,2021,0.0054428500742206825,45.94309747649678,female,45-49,343,0.04063499585357185,0.0002211701901975707
E02006128,E07000192,8441,98508,11,2021,0.0054428500742206825,45.94309747649678,male,45-49,333,0.03945030209690795,0.00021472207969618377
E02002160,E08000031,7038,253250,36,2718,0.013245033112582781,93.21854304635761,female,45-49,259,0.03680022733731174,0.00048742022963326804
E02002160,E08000031,7038,253250,36,2718,0.013245033112582781,93.21854304635761,male,45-49,266,0.037794828076158,0.0005005937493530861
E02002049,E08000028,6318,316289,724,2583,0.2802942315137437,1770.8989547038327,female,45-49,228,0.03608736942070275,0.010115081479128452
E02002049,E08000028,6318,316289,724,2583,0.2802942315137437,1770.8989547038327,male,45-49,252,0.039886039886039885,0.01117982689798408
E02002170,E08000031,6261,253250,38,2340,0.01623931623931624,101.67435897435898,female,45-49,236,0.037693659159878615,0.0006121192513142682
E02002170,E08000031,6261,253250,38,2340,0.01623931623931624,101.67435897435898,male,45-49,213,0.0340201245807379,0.0005524635615675386
E02002175,E08000031,7269,253250,73,3164,0.02307206068268015,167.710809102402,female,45-49,235,0.03232906864768194,0.00074589823365385
E02002175,E08000031,7269,253250,73,3164,0.02307206068268015,167.710809102402,male,45-49,227,0.031228504608611915,0.0007205059533592509
E02006156,E07000194,7668,102062,8,3055,0.002618657937806874,20.07986906710311,female,45-49,308,0.040166927490871154,0.0001051834435112829
E02006156,E07000194,7668,102062,8,3055,0.002618657937806874,20.07986906710311,male,45-49,300,0.03912363067292645,0.00010245140601748335
E02002153,E08000031,7380,253250,46,2996,0.015353805073431242,113.31108144192257,female,45-49,296,0.04010840108401084,0.0006158165720509008
E02002153,E08000031,7380,253250,46,2996,0.015353805073431242,113.31108144192257,male,45-49,274,0.03712737127371274,0.000570046421425496
E02002052,E08000028,11268,316289,59,4711,0.012523880280195288,141.1190829972405,female,45-49,401,0.035587504437344694,0.00044569364504422354
E02002052,E08000028,11268,316289,59,4711,0.012523880280195288,141.1190829972405,male,45-49,389,0.03452254171104011,0.00043235617935711456
E02002055,E08000028,9306,316289,59,3933,0.015001271294177472,139.60183066361554,female,45-49,325,0.03492370513647109,0.0005238999753500621
E02002055,E08000028,9306,316289,59,3933,0.015001271294177472,139.60183066361554,male,45-49,330,0.03546099290780142,0.0005319599749708324
E02002048,E08000028,6531,316289,8,2546,0.003142183817753339,20.521602513747055,female,45-49,270,0.04134129536058796,0.00012990194928700068
E02002048,E08000028,6531,316289,8,2546,0.003142183817753339,20.521602513747055,male,45-49,250,0.0382789771857296,0.00012027958267314878
E02002171,E08000031,7412,253250,63,2973,0.02119071644803229,157.06559031281535,female,45-49,242,0.03264975715056665,0.0006918717458747726
E02002171,E08000031,7412,253250,63,2973,0.02119071644803229,157.06559031281535,male,45-49,259,0.03494333513221803,0.0007404743065353971
E02002181,E08000031,7544,253250,194,2860,0.06783216783216783,511.72587412587416,female,45-49,231,0.0306203605514316,0.0020770454360061995
E02002181,E08000031,7544,253250,194,2860,0.06783216783216783,511.72587412587416,male,45-49,255,0.0338016967126193,0.0022928423644224282
E02002051,E08000028,5608,316289,511,2576,0.1983695652173913,1112.4565217391305,female,45-49,211,0.03762482168330956,0.007463619518699994
E02002051,E08000028,5608,316289,511,2576,0.1983695652173913,1112.4565217391305,male,45-49,168,0.029957203994293864,0.005942597531476771
E02006810,E08000028,10065,316289,36,4151,0.008672609009877139,87.2898096844134,female,45-49,384,0.038152011922503726,0.0003308774823440458
E02006810,E08000028,10065,316289,36,4151,0.008672609009877139,87.2898096844134,male,45-49,345,0.03427719821162444,0.00029727273804347866
E02006124,E07000192,7632,98508,8,1666,0.004801920768307323,36.64825930372149,female,45-49,264,0.03459119496855346,0.00016610417752006463
E02006124,E07000192,7632,98508,8,1666,0.004801920768307323,36.64825930372149,male,45-49,284,0.037211740041928724,0.00017868782733219073
E02006202,E07000197,8878,132044,10,1780,0.0056179775280898875,49.87640449438202,female,45-49,368,0.04145077720207254,0.00023286953484310415
E02006202,E07000197,8878,132044,10,1780,0.0056179775280898875,49.87640449438202,male,45-49,397,0.0447172786663663,0.0002512206666649792
E02006186,E07000196,12377,110688,2790,4611,0.605074821080026,7489.0110605074815,female,45-49,528,0.04265977215803506,0.02581235400583774
E02006186,E07000196,12377,110688,2790,4611,0.605074821080026,7489.0110605074815,male,45-49,547,0.04419487759554012,0.026741207653775086
E02002071,E08000028,6650,316289,1140,2828,0.4031117397454031,2680.6930693069307,female,45-49,241,0.0362406015037594,0.014609011921600324
E02002071,E08000028,6650,316289,1140,2828,0.4031117397454031,2680.6930693069307,male,45-49,236,0.03548872180451128,0.014305920387957163
E02001886,E08000025,9196,1101521,15,3600,0.004166666666666667,38.31666666666666,female,45-49,249,0.027076989995650284,0.00011282079164854284
E02001886,E08000025,9196,1101521,15,3600,0.004166666666666667,38.31666666666666,male,45-49,285,0.030991735537190084,0.00012913223140495868
E02002067,E08000028,5450,316289,1329,2304,0.5768229166666666,3143.684895833333,female,45-49,213,0.03908256880733945,0.02254372133027523
E02002067,E08000028,5450,316289,1329,2304,0.5768229166666666,3143.684895833333,male,45-49,214,0.03926605504587156,0.022649560397553514
E02002014,E08000027,7170,315653,2764,3215,0.8597200622083981,6164.192846034215,female,45-49,249,0.03472803347280335,0.02985638709761383
E02002014,E08000027,7170,315653,2764,3215,0.8597200622083981,6164.192846034215,male,45-49,252,0.035146443514644354,0.030216102604813996
E02002031,E08000027,5952,315653,1897,2242,0.8461195361284567,5036.103479036574,female,45-49,199,0.033434139784946235,0.028289278845692687
E02002031,E08000027,5952,315653,1897,2242,0.8461195361284567,5036.103479036574,male,45-49,214,0.03595430107526882,0.030421636547629326
E02002032,E08000027,10187,315653,3407,4176,0.8158524904214559,8311.08931992337,female,45-49,348,0.03416118582507117,0.02787048853113445
E02002032,E08000027,10187,315653,3407,4176,0.8158524904214559,8311.08931992337,male,45-49,332,0.032590556591734564,0.02658908675958804
E02002001,E08000027,6002,315653,1811,2412,0.7508291873963516,4506.476782752902,female,45-49,251,0.04181939353548817,0.031399221265658826
E02002001,E08000027,6002,315653,1811,2412,0.7508291873963516,4506.476782752902,male,45-49,243,0.0404865044985005,0.03039844927312786
E02002077,E08000028,10521,316289,3346,4614,0.7251842219332466,7629.663198959687,female,45-49,333,0.03165098374679213,0.022952794021839286
E02002077,E08000028,10521,316289,3346,4614,0.7251842219332466,7629.663198959687,male,45-49,379,0.036023191711814465,0.02612345025308435
E02001900,E08000025,7094,1101521,8,2566,0.003117692907248636,22.116913484021826,female,45-49,185,0.026078376092472513,8.130436817606396e-05
E02001900,E08000025,7094,1101521,8,2566,0.003117692907248636,22.116913484021826,male,45-49,230,0.03242176487172258,0.00010108110638105248
E02006181,E07000196,5700,110688,41,2088,0.019636015325670497,111.92528735632183,female,45-49,230,0.04035087719298246,0.0007923304429656516
E02006181,E07000196,5700,110688,41,2088,0.019636015325670497,111.92528735632183,male,45-49,212,0.037192982456140354,0.0007303219735161659
E02001879,E08000025,10994,1101521,20,4424,0.0045207956600361665,49.701627486437616,female,45-49,288,0.026196106967436784,0.00011842724668823139
E02001879,E08000025,10994,1101521,20,4424,0.0045207956600361665,49.701627486437616,male,45-49,286,0.026014189557940694,0.00011760483525289645
E02001866,E08000025,8949,1101521,8,3671,0.002179242713157178,19.502043040043585,female,45-49,236,0.026371661638171864,5.7470251458832716e-05
E02001866,E08000025,8949,1101521,8,3671,0.002179242713157178,19.502043040043585,male,45-49,250,0.027936082243826127,6.087950366401771e-05
E02002008,E08000027,8544,315653,2480,2912,0.8516483516483516,7276.483516483516,female,45-49,390,0.04564606741573034,0.038874398073836275
E02002008,E08000027,8544,315653,2480,2912,0.8516483516483516,7276.483516483516,male,45-49,379,0.044358614232209735,0.03777794069226653
E02002004,E08000027,7541,315653,2747,3237,0.8486252703120173,6399.483163422922,female,45-49,306,0.0405781726561464,0.03443566273908995
E02002004,E08000027,7541,315653,2747,3237,0.8486252703120173,6399.483163422922,male,45-49,297,0.03938469698978915,0.03342284912911671
E02002167,E08000031,6614,253250,90,2412,0.03731343283582089,246.79104477611938,female,45-49,241,0.03643785908678561,0.0013596216077158807
E02002167,E08000031,6614,253250,90,2412,0.03731343283582089,246.79104477611938,male,45-49,244,0.036891442394919864,0.0013765463580193977
E02006182,E07000196,6858,110688,47,2192,0.02144160583941606,147.04653284671534,female,45-49,263,0.038349372995042284,0.0008222721399484432
E02006182,E07000196,6858,110688,47,2192,0.02144160583941606,147.04653284671534,male,45-49,268,0.039078448527267426,0.0008379046901375772
E02002079,E08000028,8081,316289,153,3774,0.04054054054054054,327.6081081081081,female,45-49,373,0.0461576537557233,0.001871256233340134
E02002079,E08000028,8081,316289,153,3774,0.04054054054054054,327.6081081081081,male,45-49,302,0.03737161242420493,0.0015150653685488485
E02001861,E08000025,10383,1101521,8,4006,0.00199700449326011,20.73489765351972,female,45-49,291,0.02802658191274198,5.5969210010468263e-05
E02001861,E08000025,10383,1101521,8,4006,0.00199700449326011,20.73489765351972,male,45-49,243,0.023403640566310314,4.6737175369566284e-05
E02002025,E08000027,7828,315653,1831,3361,0.5447783397798275,4264.524843796489,female,45-49,297,0.03794072560040879,0.0206692855026327
E02002025,E08000027,7828,315653,1831,3361,0.5447783397798275,4264.524843796489,male,45-49,311,0.03972917731221257,0.021643595256965555
E02002162,E08000031,7547,253250,87,2826,0.03078556263269639,232.33864118895966,female,45-49,267,0.03537829601166026,0.0010891407477050398
E02002162,E08000031,7547,253250,87,2826,0.03078556263269639,232.33864118895966,male,45-49,256,0.033920763217172384,0.0010442697805711242
E02002010,E08000027,7321,315653,3068,3523,0.8708487084870848,6375.483394833948,female,45-49,243,0.033192186859718614,0.028905373058647942
E02002010,E08000027,7321,315653,3068,3523,0.8708487084870848,6375.483394833948,male,45-49,268,0.03660702089878432,0.03187917687126605
E02001873,E08000025,11051,1101521,12,4852,0.00247320692497939,27.33140972794724,female,45-49,350,0.03167134196000362,7.832978225887127e-05
E02001873,E08000025,11051,1101521,12,4852,0.00247320692497939,27.33140972794724,male,45-49,334,0.03022350918468917,7.474899221275145e-05
E02002073,E08000028,7623,316289,34,3367,0.010098010098010098,76.97713097713097,female,45-49,289,0.03791158336612882,0.0003828315516627205
E02002073,E08000028,7623,316289,34,3367,0.010098010098010098,76.97713097713097,male,45-49,256,0.03358257903712449,0.00033911722223410536
E02002161,E08000031,6390,253250,29,2544,0.01139937106918239,72.84198113207546,female,45-49,228,0.03568075117370892,0.000406738122656273
E02002161,E08000031,6390,253250,29,2544,0.01139937106918239,72.84198113207546,male,45-49,201,0.03145539906103286,0.0003585717660259249
E02002174,E08000031,7479,253250,127,2806,0.04526015680684248,338.5007127583749,female,45-49,324,0.04332129963898917,0.001960728814736858
E02002174,E08000031,7479,253250,127,2806,0.04526015680684248,338.5007127583749,male,45-49,274,0.03663591389223158,0.00165814720752438
E02002164,E08000031,7261,253250,33,2344,0.014078498293515358,102.22397610921502,female,45-49,150,0.020658311527337832,0.00029083800358453433
E02002164,E08000031,7261,253250,33,2344,0.014078498293515358,102.22397610921502,male,45-49,201,0.027682137446632695,0.000389722924803276
E02002076,E08000028,10852,316289,28,4164,0.0067243035542747355,72.97214217098943,female,45-49,410,0.03778105418356063,0.00025405127693076314
E02002076,E08000028,10852,316289,28,4164,0.0067243035542747355,72.97214217098943,male,45-49,377,0.034740140066347215,0.00023360324732414072
E02001857,E08000025,13611,1101521,14,5507,0.002542218994007627,34.60214272743781,female,45-49,489,0.03592682389243994,9.133385409372783e-05
E02001857,E08000025,13611,1101521,14,5507,0.002542218994007627,34.60214272743781,male,45-49,520,0.038204393505253106,9.712393482359607e-05
E02002176,E08000031,7652,253250,160,3000,0.05333333333333334,408.1066666666667,female,45-49,303,0.03959749085206482,0.0021118661787767907
E02002176,E08000031,7652,253250,160,3000,0.05333333333333334,408.1066666666667,male,45-49,252,0.03293256664924203,0.0017564035546262418
E02002005,E08000027,8668,315653,3163,3831,0.8256329939963456,7156.586791960323,female,45-49,262,0.03022611905860637,0.02495568117524718
E02002005,E08000027,8668,315653,3163,3831,0.8256329939963456,7156.586791960323,male,45-49,261,0.030110752191970465,0.0248604304837386
E02002074,E08000028,8186,316289,66,3525,0.01872340425531915,153.26978723404255,female,45-49,326,0.03982408990960176,0.0007456425344776501
E02002074,E08000028,8186,316289,66,3525,0.01872340425531915,153.26978723404255,male,45-49,306,0.03738089420962619,0.00069989759371215
E02002075,E08000028,8887,316289,1645,3984,0.41290160642570284,3669.456576305221,female,45-49,329,0.03702036682795094,0.015285768933729744
E02002075,E08000028,8887,316289,1645,3984,0.41290160642570284,3669.456576305221,male,45-49,307,0.034544840778665466,0.014263620251231098
E02001858,E08000025,8646,1101521,8,3191,0.0025070510811657787,21.67596364775932,female,45-49,273,0.03157529493407356,7.916087730259745e-05
E02001858,E08000025,8646,1101521,8,3191,0.0025070510811657787,21.67596364775932,male,45-49,306,0.03539208882720333,8.872977455895538e-05
E02002150,E08000031,5718,253250,27,2139,0.012622720897615708,72.17671809256662,female,45-49,206,0.0360265827212312,0.0004547534985849661
E02002150,E08000031,5718,253250,27,2139,0.012622720897615708,72.17671809256662,male,45-49,209,0.03655124169289962,0.00046137612235076656
E02002154,E08000031,5629,253250,34,2198,0.015468607825295723,87.07279344858962,female,45-49,229,0.04068218155977971,0.0006292967120257099
E02002154,E08000031,5629,253250,34,2198,0.015468607825295723,87.07279344858962,male,45-49,184,0.03268786640611121,0.000505635786081793
E02001862,E08000025,10446,1101521,19,4254,0.004466384579219558,46.655853314527505,female,45-49,365,0.034941604441891636,0.00015606264325245442
E02001862,E08000025,10446,1101521,19,4254,0.004466384579219558,46.655853314527505,male,45-49,292,0.027953283553513307,0.00012485011460196352
E02002180,E08000031,6437,253250,436,2514,0.17342879872712808,1116.3611774065234,female,45-49,213,0.03308994873388224,0.005738750058859449
E02002180,E08000031,6437,253250,436,2514,0.17342879872712808,1116.3611774065234,male,45-49,222,0.03448811558179276,0.005981232455712666
E02002169,E08000031,8665,253250,103,3248,0.031711822660098525,274.78294334975374,female,45-49,275,0.031736872475476054,0.0010064340717284587
E02002169,E08000031,8665,253250,103,3248,0.031711822660098525,274.78294334975374,male,45-49,312,0.03600692440854011,0.0011418452013791968
E02002066,E08000028,7403,316289,67,3279,0.020433058859408357,151.26593473620008,female,45-49,245,0.033094691341348105,0.000676225776111718
E02002066,E08000028,7403,316289,67,3279,0.020433058859408357,151.26593473620008,male,45-49,246,0.03322977171416993,0.0006789858813203371
E02002003,E08000027,9101,315653,2767,3902,0.7091235263967196,6453.733213736545,female,45-49,375,0.041204263267772774,0.02921891247102185
E02002003,E08000027,9101,315653,2767,3902,0.7091235263967196,6453.733213736545,male,45-49,362,0.03977584880782332,0.028205990172026428
E02002165,E08000031,7660,253250,52,2814,0.01847903340440654,141.54939587775408,female,45-49,222,0.02898172323759791,0.000535554231824837
E02002165,E08000031,7660,253250,52,2814,0.01847903340440654,141.54939587775408,male,45-49,328,0.042819843342036555,0.0007912693154889484
E02002069,E08000028,6634,316289,455,2932,0.15518417462482947,1029.4918144611188,female,45-49,270,0.04069942719324691,0.0063159070166873615
E02002069,E08000028,6634,316289,455,2932,0.15518417462482947,1029.4918144611188,male,45-49,243,0.03662948447392222,0.005684316315018626
E02002151,E08000031,5868,253250,28,2104,0.013307984790874524,78.09125475285171,female,45-49,216,0.03680981595092025,0.0004898644708297371
E02002151,E08000031,5868,253250,28,2104,0.013307984790874524,78.09125475285171,male,45-49,188,0.032038173142467624,0.0004263635209073638
E02002157,E08000031,7644,253250,52,2645,0.019659735349716444,150.2790170132325,female,45-49,329,0.04304029304029304,0.0008461607705464037
E02002157,E08000031,7644,253250,52,2645,0.019659735349716444,150.2790170132325,male,45-49,311,0.040685504971219255,0.0007998662603037433
E02002159,E08000031,5964,253250,39,2249,0.017341040462427744,103.42196531791906,female,45-49,241,0.04040912139503689,0.0007007362091624894
E02002159,E08000031,5964,253250,39,2249,0.017341040462427744,103.42196531791906,male,45-49,213,0.03571428571428571,0.0006193228736581336
E02001844,E08000025,9936,1101521,9,4181,0.0021525950729490554,21.388184644821816,female,45-49,338,0.03401771336553945,7.322636218365345e-05
E02001844,E08000025,9936,1101521,9,4181,0.0021525950729490554,21.388184644821816,male,45-49,356,0.035829307568438,7.712599093899594e-05
E02002182,E08000031,6646,253250,769,2842,0.2705840957072484,1798.3019000703728,female,45-49,231,0.0347577490219681,0.009404894087928736
E02002182,E08000031,6646,253250,769,2842,0.2705840957072484,1798.3019000703728,male,45-49,208,0.03129702076436955,0.00846847606185791
E02001850,E08000025,8434,1101521,8,3079,0.0025982461838259174,21.913608314387787,female,45-49,287,0.03402893051932653,8.841553886151746e-05
E02001850,E08000025,8434,1101521,8,3079,0.0025982461838259174,21.913608314387787,male,45-49,259,0.030709034858904433,7.978963263112551e-05
E02002155,E08000031,6227,253250,22,2531,0.00869221651521138,54.12643224022126,female,45-49,222,0.03565119640276217,0.00030988791815913386
E02002155,E08000031,6227,253250,22,2531,0.00869221651521138,54.12643224022126,male,45-49,167,0.02681869278946523,0.00023311388438097003
E02001837,E08000025,10601,1101521,8,4727,0.0016924053310767928,17.94118891474508,female,45-49,408,0.038486935194792946,6.513549430047462e-05
E02001837,E08000025,10601,1101521,8,4727,0.0016924053310767928,17.94118891474508,male,45-49,333,0.03141213093104424,5.316205784818149e-05
E02002000,E08000027,7828,315653,1919,3360,0.5711309523809524,4470.813095238095,female,45-49,301,0.0384517118037813,0.02196096278317152
E02002000,E08000027,7828,315653,1919,3360,0.5711309523809524,4470.813095238095,male,45-49,290,0.0370464997445069,0.021158402681460933
E02002149,E08000031,10130,253250,46,3910,0.011764705882352941,119.17647058823529,female,45-49,359,0.03543928923988154,0.0004169328145868416
E02002149,E08000031,10130,253250,46,3910,0.011764705882352941,119.17647058823529,male,45-49,341,0.03366238894373149,0.0003960281052203705
E02006176,E07000196,7483,110688,20,2057,0.009722897423432183,72.75644141954302,female,45-49,335,0.04476814111987171,0.000435276043946249
E02006176,E07000196,7483,110688,20,2057,0.009722897423432183,72.75644141954302,male,45-49,256,0.03421087799011092,0.0003326288574634022
E02002156,E08000031,8211,253250,45,3261,0.013799448022079117,113.30726770929162,female,45-49,335,0.04079892826695896,0.0005630026899764345
E02002156,E08000031,8211,253250,45,3261,0.013799448022079117,113.30726770929162,male,45-49,357,0.043478260869565216,0.0005999760009599616
E02002152,E08000031,6251,253250,37,2675,0.013831775700934579,86.46242990654206,female,45-49,224,0.03583426651735722,0.0004956515368755953
E02002152,E08000031,6251,253250,37,2675,0.013831775700934579,86.46242990654206,male,45-49,186,0.029755239161734122,0.000411567794012771
E02002063,E08000028,9625,316289,1050,3929,0.26724357342835325,2572.2193942479003,female,45-49,311,0.03231168831168831,0.00863509104791874
E02002063,E08000028,9625,316289,1050,3929,0.26724357342835325,2572.2193942479003,male,45-49,322,0.03345454545454545,0.008940512274694
E02002070,E08000028,9356,316289,32,4370,0.007322654462242563,68.51075514874142,female,45-49,274,0.029286019666524155,0.00021445140259239656
E02002070,E08000028,9356,316289,32,4370,0.007322654462242563,68.51075514874142,male,45-49,312,0.033347584437793926,0.00024419283798842237
E02002064,E08000028,12292,316289,1836,4906,0.374235629841011,4600.104362005707,female,45-49,405,0.032948259030263584,0.01233041247035547
E02002064,E08000028,12292,316289,1836,4906,0.374235629841011,4600.104362005707,male,45-49,431,0.03506345590628051,0.013121994505489403
E02006179,E07000196,8820,110688,26,2574,0.010101010101010102,89.0909090909091,female,45-49,265,0.030045351473922902,0.00030348839872649397
E02006179,E07000196,8820,110688,26,2574,0.010101010101010102,89.0909090909091,male,45-49,437,0.049546485260770975,0.0005004695480885958
E02002163,E08000031,11710,253250,44,4472,0.009838998211091235,115.21466905187836,female,45-49,392,0.033475661827497866,0.00032936697683584663
E02002163,E08000031,11710,253250,44,4472,0.009838998211091235,115.21466905187836,male,45-49,405,0.034585824081981215,0.0003402898612717293
E02002058,E08000028,12006,316289,1237,5355,0.23099906629318395,2773.3747899159666,female,45-49,448,0.03731467599533567,0.008619655313955223
E02002058,E08000028,12006,316289,1237,5355,0.23099906629318395,2773.3747899159666,male,45-49,483,0.040229885057471264,0.009293065885357976
E02002065,E08000028,12333,316289,40,5232,0.00764525993883792,94.28899082568807,female,45-49,400,0.03243330900835158,0.00024796107804550137
E02002065,E08000028,12333,316289,40,5232,0.00764525993883792,94.28899082568807,male,45-49,394,0.031946809373226304,0.0002442416618748188
E02002158,E08000031,7354,253250,40,3054,0.01309757694826457,96.31958087753765,female,45-49,241,0.03277128093554528,0.0004292243737465001
E02002158,E08000031,7354,253250,40,3054,0.01309757694826457,96.31958087753765,male,45-49,311,0.04228991025292358,0.0005538953536728694
E02002061,E08000028,5723,316289,28,2656,0.010542168674698794,60.3328313253012,female,45-49,172,0.03005416739472305,0.0003168361020528032
E02002061,E08000028,5723,316289,28,2656,0.010542168674698794,60.3328313253012,male,45-49,167,0.029180499737899702,0.0003076257502489426
E02006894,E08000031,13025,253250,135,4910,0.0274949083503055,358.1211812627291,female,45-49,396,0.030403071017274474,0.000835929651187791
E02006894,E08000031,13025,253250,135,4910,0.0274949083503055,358.1211812627291,male,45-49,390,0.029942418426103647,0.0008232640504122184
E02002059,E08000028,10733,316289,44,4615,0.009534127843986998,102.32979414951245,female,45-49,376,0.03503214385539924,0.0003340009381663199
E02002059,E08000028,10733,316289,44,4615,0.009534127843986998,102.32979414951245,male,45-49,365,0.03400726730643809,0.00032422963412422014
E02001842,E08000025,7584,1101521,10,2849,0.00351000351000351,26.61986661986662,female,45-49,317,0.04179852320675106,0.0001467129631686594
E02001842,E08000025,7584,1101521,10,2849,0.00351000351000351,26.61986661986662,male,45-49,281,0.03705168776371308,0.00013005155410218702
E02006174,E07000196,10383,110688,12,2102,0.005708848715509039,59.27497621313035,female,45-49,427,0.0411249157276317,0.00023477592232710773
E02006174,E07000196,10383,110688,12,2102,0.005708848715509039,59.27497621313035,male,45-49,395,0.03804295483001059,0.00021718147381547437
E02002177,E08000031,9490,253250,161,3469,0.04641106947247045,440.4410492937446,female,45-49,323,0.034035827186512116,0.0015796391401062123
E02002177,E08000031,9490,253250,161,3469,0.04641106947247045,440.4410492937446,male,45-49,347,0.03656480505795574,0.0016970117077921229
E02002056,E08000028,8965,316289,1566,4445,0.3523059617547806,3158.4229471316085,female,45-49,288,0.03212493028443949,0.011317804460164732
E02002056,E08000028,8965,316289,1566,4445,0.3523059617547806,3158.4229471316085,male,45-49,308,0.0343558282208589,0.012103763103231729
E02002057,E08000028,9255,316289,2145,4624,0.4638840830449827,4293.247188581315,female,45-49,317,0.03425175580767153,0.015888844335522366
E02002057,E08000028,9255,316289,2145,4624,0.4638840830449827,4293.247188581315,male,45-49,364,0.039330091842247436,0.018244603590315905
E02002068,E08000028,12466,316289,24,5537,0.004334477153693336,54.03359219794112,female,45-49,347,0.027835713139740093,0.00012065326266096482
E02002068,E08000028,12466,316289,24,5537,0.004334477153693336,54.03359219794112,male,45-49,378,0.030322477137814857,0.000131432084397247
E02002060,E08000028,6401,316289,64,2791,0.02293084915800788,146.78036546040843,female,45-49,202,0.031557569129823465,0.0007236418575093878
E02002060,E08000028,6401,316289,64,2791,0.02293084915800788,146.78036546040843,male,45-49,170,0.02655835025777222,0.0006090055236465145
E02002053,E08000028,6052,316289,13,2352,0.0055272108843537416,33.45068027210884,female,45-49,223,0.036847323198942496,0.00020366292584449508
E02002053,E08000028,6052,316289,13,2352,0.0055272108843537416,33.45068027210884,male,45-49,233,0.038499669530733645,0.0002127957924742931
E02002062,E08000028,7752,316289,41,3473,0.011805355600345523,91.51511661387849,female,45-49,243,0.03134674922600619,0.00037005952152785893
E02002062,E08000028,7752,316289,41,3473,0.011805355600345523,91.51511661387849,male,45-49,237,0.030572755417956655,0.0003609222493913685
E02002166,E08000031,9374,253250,65,3801,0.017100762957116548,160.3025519600105,female,45-49,324,0.03456368679325795,0.0005910654147755239
E02002166,E08000031,9374,253250,65,3801,0.017100762957116548,160.3025519600105,male,45-49,328,0.03499039897589076,0.0005983625186616416
E02002072,E08000028,8540,316289,131,3492,0.03751431844215349,320.3722794959908,female,45-49,336,0.03934426229508197,0.0014759731846093178
E02002072,E08000028,8540,316289,131,3492,0.03751431844215349,320.3722794959908,male,45-49,312,0.03653395784543326,0.0013705465285657951
E02002178,E08000031,8046,253250,167,2985,0.0559463986599665,450.14472361809044,female,45-49,275,0.03417847377578921,0.0019121625194495136
E02002178,E08000031,8046,253250,167,2985,0.0559463986599665,450.14472361809044,male,45-49,257,0.03194133731046483,0.0017870027909037275
E02006184,E07000196,5448,110688,56,1700,0.03294117647058824,179.4635294117647,female,45-49,183,0.03359030837004405,0.0011065042757190983
E02006184,E07000196,5448,110688,56,1700,0.03294117647058824,179.4635294117647,male,45-49,164,0.03010279001468429,0.0009916213181307768
E02006183,E07000196,7502,110688,91,2432,0.03741776315789474,280.70805921052636,female,45-49,307,0.04092242068781658,0.0015312254451444528
E02006183,E07000196,7502,110688,91,2432,0.03741776315789474,280.70805921052636,male,45-49,275,0.036656891495601175,0.0013716188840870505
E02006008,E06000051,7797,310774,11,2787,0.003946896304269824,30.773950484391815,female,45-49,287,0.0368090291137617,0.0001452814209728664
E02006008,E06000051,7797,310774,11,2787,0.003946896304269824,30.773950484391815,male,45-49,329,0.04219571630114147,0.00016654211672499322
E02006009,E06000051,7325,310774,27,2987,0.009039169735520589,66.21191831268831,female,45-49,253,0.034539249146757676,0.0003122061355749773
E02006009,E06000051,7325,310774,27,2987,0.009039169735520589,66.21191831268831,male,45-49,281,0.038361774744027306,0.0003467585932670697
E02006185,E07000196,7124,110688,1799,3014,0.5968812209688122,4252.181818181818,female,45-49,288,0.04042672655811342,0.024129953907779046
E02006185,E07000196,7124,110688,1799,3014,0.5968812209688122,4252.181818181818,male,45-49,230,0.03228523301516002,0.01927044930135132
E02002007,E08000027,8924,315653,3107,3605,0.8618585298196949,7691.225520110957,female,45-49,357,0.04000448229493501,0.0344782042969107
E02002007,E08000027,8924,315653,3107,3605,0.8618585298196949,7691.225520110957,male,45-49,339,0.03798744957418198,0.03273980744160428
E02002941,E06000020,10177,169768,25,4322,0.005784359093012495,58.86742248958816,female,45-49,385,0.03783040188660706,0.00021882462914511256
E02002941,E06000020,10177,169768,25,4322,0.005784359093012495,58.86742248958816,male,45-49,384,0.037732141102485996,0.00021825625348499537
E02002080,E08000028,6839,316289,2355,3075,0.7658536585365854,5237.673170731708,female,45-49,297,0.043427401666910365,0.03325903444734111
E02002080,E08000028,6839,316289,2355,3075,0.7658536585365854,5237.673170731708,male,45-49,245,0.03582395087001024,0.027435903837032233
E02001925,E08000025,6588,1101521,11,2553,0.004308656482569526,28.385428907168038,female,45-49,196,0.029751062537947785,0.0001281871084674601
E02001925,E08000025,6588,1101521,11,2553,0.004308656482569526,28.385428907168038,male,45-49,177,0.02686703096539162,0.0001157608071364308
E02001890,E08000025,10590,1101521,18,3528,0.00510204081632653,54.03061224489795,female,45-49,289,0.02728989612842304,0.00013923416392052571
E02001890,E08000025,10590,1101521,18,3528,0.00510204081632653,54.03061224489795,male,45-49,335,0.03163361661945231,0.00016139600316047097
E02002038,E08000027,9391,315653,2749,3729,0.7371949584338965,6922.997854652722,female,45-49,350,0.03726972633372378,0.0274750543554322
E02002038,E08000027,9391,315653,2749,3729,0.7371949584338965,6922.997854652722,male,45-49,349,0.03716324140134171,0.027396554200130964
E02002946,E06000020,7932,169768,24,2991,0.00802407221664995,63.6469408224674,female,45-49,324,0.04084720121028744,0.00032776089235937765
E02002946,E06000020,7932,169768,24,2991,0.00802407221664995,63.6469408224674,male,45-49,334,0.04210791729702471,0.00033787696928404986
E02002943,E06000020,10466,169768,33,4085,0.008078335373317013,84.54785801713587,female,45-49,395,0.03774125740493025,0.0003048865347277107
E02002943,E06000020,10466,169768,33,4085,0.008078335373317013,84.54785801713587,male,45-49,436,0.04165870437607491,0.0003365329851678022
E02001950,E08000025,8602,1101521,8,3466,0.002308136180034622,19.85458742065782,female,45-49,318,0.03696814694257149,8.532751746698555e-05
E02001950,E08000025,8602,1101521,8,3466,0.002308136180034622,19.85458742065782,male,45-49,324,0.03766565914903511,8.693747062674e-05
E02002179,E08000031,6327,253250,182,2259,0.08056662239929172,509.74501992031867,female,45-49,259,0.04093567251461988,0.003298048870146444
E02002179,E08000031,6327,253250,182,2259,0.08056662239929172,509.74501992031867,male,45-49,241,0.03809072230124862,0.0030688408405609774
E02002932,E06000020,9089,169768,14,3567,0.003924866834875245,35.673114662181106,female,45-49,321,0.035317416657498074,0.00013861615733248473
E02002932,E06000020,9089,169768,14,3567,0.003924866834875245,35.673114662181106,male,45-49,346,0.03806799427879855,0.00014941180821507701
E02006704,E07000234,6898,95519,9,2842,0.0031667839549612948,21.84447572132301,female,45-49,287,0.041606262684836186,0.00013175804509624406
E02006704,E07000234,6898,95519,9,2842,0.0031667839549612948,21.84447572132301,male,45-49,233,0.033777906639605684,0.00010696733277848387
E02006046,E06000051,8908,310774,21,3364,0.00624256837098692,55.608799048751486,female,45-49,390,0.043780871127076786,0.00027330508135214404
E02006046,E06000051,8908,310774,21,3364,0.00624256837098692,55.608799048751486,male,45-49,364,0.040862146385271664,0.0002550847425953344
E02006011,E06000051,5892,310774,35,2308,0.015164644714038129,89.35008665511265,female,45-49,202,0.03428377460964019,0.0005199012614113547
E02006011,E06000051,5892,310774,35,2308,0.015164644714038129,89.35008665511265,male,45-49,228,0.038696537678207736,0.0005868192455534102
E02006043,E06000051,6881,310774,9,2630,0.0034220532319391636,23.547148288973386,female,45-49,271,0.03938381049266095,0.00013477349598248995
E02006043,E06000051,6881,310774,9,2630,0.0034220532319391636,23.547148288973386,male,45-49,235,0.03415201278883883,0.00011687000574127357
E02006013,E06000051,7636,310774,234,3144,0.07442748091603053,568.3282442748092,female,45-49,305,0.03994237820848612,0.0029728105918529744
E02006013,E06000051,7636,310774,234,3144,0.07442748091603053,568.3282442748092,male,45-49,323,0.042299633315872186,0.0031482551513721665
E02002948,E06000020,7031,169768,13,2761,0.004708438971387179,33.105034407823254,female,45-49,224,0.031858910539041385,0.00015000573596796017
E02002948,E06000020,7031,169768,13,2761,0.004708438971387179,33.105034407823254,male,45-49,200,0.02844545583842981,0.00013393369282853587
E02002947,E06000020,6762,169768,17,2744,0.00619533527696793,41.892857142857146,female,45-49,236,0.034900916888494525,0.00021622288159781593
E02002947,E06000020,6762,169768,17,2744,0.00619533527696793,41.892857142857146,male,45-49,198,0.029281277728482696,0.00018140733286596422
E02006045,E06000051,11048,310774,9,4637,0.0019409100711667026,21.44317446624973,female,45-49,391,0.035391020999275886,6.869078908636683e-05
E02006045,E06000051,11048,310774,9,4637,0.0019409100711667026,21.44317446624973,male,45-49,341,0.030865314989138304,5.9906800712151116e-05
E02002950,E06000020,5501,169768,15,2409,0.0062266500622665,34.25280199252802,female,45-49,188,0.03417560443555717,0.00021279952948665735
E02002950,E06000020,5501,169768,15,2409,0.0062266500622665,34.25280199252802,male,45-49,181,0.0329031085257226,0.00020487614275045202
E02006010,E06000051,11572,310774,39,4282,0.00910789350770668,105.39654367118169,female,45-49,445,0.038454891116488074,0.000350243053139429
E02006010,E06000051,11572,310774,39,4282,0.00910789350770668,105.39654367118169,male,45-49,479,0.04139301762875908,0.00037700319652536293
E02006014,E06000051,9310,310774,60,3559,0.01685866816521495,156.9542006181512,female,45-49,361,0.03877551020408163,0.0006537034594675184
E02006014,E06000051,9310,310774,60,3559,0.01685866816521495,156.9542006181512,male,45-49,340,0.036519871106337275,0.0006156763884181615
E02002936,E06000020,8985,169768,13,3588,0.0036231884057971015,32.55434782608695,female,45-49,273,0.030383973288814693,0.00011008685974208222
E02002936,E06000020,8985,169768,13,3588,0.0036231884057971015,32.55434782608695,male,45-49,345,0.038397328881469114,0.0001391207568169171
E02002937,E06000020,10271,169768,19,3808,0.004989495798319327,51.247111344537814,female,45-49,445,0.04332586895141661,0.00021617424109162696
E02002937,E06000020,10271,169768,19,3808,0.004989495798319327,51.247111344537814,male,45-49,451,0.04391003797098627,0.00021908894996027812
E02002934,E06000020,5973,169768,8,2312,0.0034602076124567475,20.667820069204154,female,45-49,246,0.04118533400301356,0.00014250980623880125
E02002934,E06000020,5973,169768,8,2312,0.0034602076124567475,20.667820069204154,male,45-49,237,0.03967855349070819,0.00013729603283982073
E02002931,E06000020,6673,169768,12,2265,0.005298013245033113,35.35364238410596,female,45-49,321,0.04810430091413157,0.0002548572233861275
E02002931,E06000020,6673,169768,12,2265,0.005298013245033113,35.35364238410596,male,45-49,314,0.047055297467405964,0.00024929958923128987
E02002949,E06000020,5179,169768,19,2064,0.009205426356589148,47.6749031007752,female,45-49,197,0.03803823131878741,0.0003501581371400004
E02002949,E06000020,5179,169768,19,2064,0.009205426356589148,47.6749031007752,male,45-49,224,0.04325159297161614,0.00039814935390538117
E02002933,E06000020,8266,169768,8,3198,0.0025015634771732333,20.677923702313947,female,45-49,400,0.04839099927413501,0.00012105315640809258
E02002933,E06000020,8266,169768,8,3198,0.0025015634771732333,20.677923702313947,male,45-49,359,0.04343092184853617,0.00010864520787626309
E02006012,E06000051,6249,310774,51,2517,0.02026221692491061,126.6185935637664,female,45-49,232,0.037125940150424065,0.0007522538528691408
E02006012,E06000051,6249,310774,51,2517,0.02026221692491061,126.6185935637664,male,45-49,218,0.03488558169307089,0.0007068592238166927
E02002938,E06000020,7041,169768,10,2924,0.003419972640218878,24.08002735978112,female,45-49,215,0.030535435307484732,0.0001044303533087713
E02002938,E06000020,7041,169768,10,2924,0.003419972640218878,24.08002735978112,male,45-49,231,0.032807839795483594,0.000112201914485238
E02002935,E06000020,6539,169768,17,2641,0.006436955698599016,42.091253313138964,female,45-49,246,0.03762043125860223,0.00024216104937381218
E02002935,E06000020,6539,169768,17,2641,0.006436955698599016,42.091253313138964,male,45-49,223,0.03410307386450528,0.0002195199756518704
E02002942,E06000020,6480,169768,12,2164,0.005545286506469501,35.93345656192236,female,45-49,290,0.044753086419753084,0.00024816868624632024
E02002942,E06000020,6480,169768,12,2164,0.005545286506469501,35.93345656192236,male,45-49,245,0.03780864197530864,0.0002096597521736154
E02002940,E06000020,6097,169768,8,2441,0.0032773453502662844,19.981974600573537,female,45-49,229,0.03755945546990323,0.0001230953067428209
E02002940,E06000020,6097,169768,8,2441,0.0032773453502662844,19.981974600573537,male,45-49,235,0.038543546006232575,0.00012632051128630095
E02002945,E06000020,9464,169768,23,3482,0.006605399195864446,62.51349798966112,female,45-49,343,0.036242603550295856,0.00023939686434715815
E02002945,E06000020,9464,169768,23,3482,0.006605399195864446,62.51349798966112,male,45-49,354,0.03740490278951818,0.00024707431480727114
E02001851,E08000025,8705,1101521,11,3747,0.0029356818788364024,25.55511075527088,female,45-49,323,0.03710511200459506,0.00010892880492408478
E02001851,E08000025,8705,1101521,11,3747,0.0029356818788364024,25.55511075527088,male,45-49,290,0.03331418724870764,9.779985581419377e-05
E02006770,E07000239,7445,98999,86,3002,0.028647568287808126,213.2811459027315,female,45-49,285,0.038280725319006045,0.0010966496926830512
E02006770,E07000239,7445,98999,86,3002,0.028647568287808126,213.2811459027315,male,45-49,257,0.034519811954331764,0.0009889086702440145
E02006775,E07000239,5234,98999,39,2137,0.018249883013570427,95.51988769302761,female,45-49,189,0.03611004967520061,0.0006590041821866279
E02006775,E07000239,5234,98999,39,2137,0.018249883013570427,95.51988769302761,male,45-49,170,0.03247993886129155,0.0005927550845064907
E02006752,E07000238,6978,120007,9,2110,0.0042654028436018955,29.763981042654027,female,45-49,348,0.04987102321582115,0.0002127200042380997
E02006752,E07000238,6978,120007,9,2110,0.0042654028436018955,29.763981042654027,male,45-49,294,0.04213241616509028,0.00017971172771839456
E02006769,E07000239,7260,98999,102,2631,0.03876852907639681,281.4595210946408,female,45-49,295,0.040633608815427,0.0015753052448398152
E02006769,E07000239,7260,98999,102,2631,0.03876852907639681,281.4595210946408,male,45-49,303,0.04173553719008265,0.0016180253870727594
E02006780,E07000239,5841,98999,29,2373,0.012220817530552043,71.38179519595448,female,45-49,188,0.03218626947440507,0.00039334252623588156
E02006780,E07000239,5841,98999,29,2373,0.012220817530552043,71.38179519595448,male,45-49,175,0.029960623180962164,0.00036614330899616636
E02006710,E07000235,8023,76224,16,3073,0.005206638464041653,41.77286039700618,female,45-49,309,0.038514271469525116,0.0002005298872477715
E02006710,E07000235,8023,76224,16,3073,0.005206638464041653,41.77286039700618,male,45-49,296,0.03689392995138976,0.0001920933547745643
E02006772,E07000239,6487,98999,81,2650,0.030566037735849056,198.28188679245284,female,45-49,233,0.035917989825805456,0.001097870632411412
E02006772,E07000239,6487,98999,81,2650,0.030566037735849056,198.28188679245284,male,45-49,240,0.03699707106520734,0.0011308538702950168
E02006768,E07000239,6929,98999,76,2622,0.028985507246376812,200.84057971014494,female,45-49,252,0.03636888439890316,0.001054170562287048
E02006768,E07000239,6929,98999,76,2622,0.028985507246376812,200.84057971014494,male,45-49,236,0.03405974888151248,0.0009872390980148545
E02006776,E07000239,6600,98999,50,2264,0.022084805653710248,145.75971731448763,female,45-49,295,0.0446969696969697,0.000987123889067352
E02006776,E07000239,6600,98999,50,2264,0.022084805653710248,145.75971731448763,male,45-49,252,0.038181818181818185,0.000843238034050755
E02006779,E07000239,7763,98999,47,2986,0.015740120562625585,122.19055592766242,female,45-49,311,0.04006183176606982,0.0006305780619575624
E02006779,E07000239,7763,98999,47,2986,0.015740120562625585,122.19055592766242,male,45-49,307,0.039546567048821334,0.0006224677331864041
E02006773,E07000239,8336,98999,90,3333,0.027002700270027002,225.09450945094508,female,45-49,285,0.03418905950095969,0.0009231969262185334
E02006773,E07000239,8336,98999,90,3333,0.027002700270027002,225.09450945094508,male,45-49,271,0.032509596928982726,0.0008778469017727108
E02006778,E07000239,6883,98999,44,2683,0.016399552739470743,112.87812150577712,female,45-49,295,0.042859218364085426,0.0007028720119343119
E02006778,E07000239,6883,98999,44,2683,0.016399552739470743,112.87812150577712,male,45-49,269,0.03908179572860671,0.0006409239702045082
E02006771,E07000239,6656,98999,74,2584,0.02863777089783282,190.61300309597524,female,45-49,256,0.038461538461538464,0.0011014527268397238
E02006771,E07000239,6656,98999,74,2584,0.02863777089783282,190.61300309597524,male,45-49,230,0.034555288461538464,0.0009895864342700643
E02006767,E07000239,8853,98999,423,3438,0.12303664921465969,1089.2434554973822,female,45-49,366,0.04134191799390037,0.005086571062076747
E02006767,E07000239,8853,98999,423,3438,0.12303664921465969,1089.2434554973822,male,45-49,343,0.03874392861177002,0.004766923153804165
E02006711,E07000235,7992,76224,13,2603,0.004994237418363427,39.91394544756051,female,45-49,332,0.04154154154154154,0.00020746832118326546
E02006711,E07000235,7992,76224,13,2603,0.004994237418363427,39.91394544756051,male,45-49,323,0.040415415415415414,0.00020184417994636972
E02006697,E07000234,7343,95519,582,2760,0.2108695652173913,1548.4152173913044,female,45-49,355,0.048345362930682284,0.01019456566146996
E02006697,E07000234,7343,95519,582,2760,0.2108695652173913,1548.4152173913044,male,45-49,298,0.04058286803758682,0.008557691738360698
E02006748,E07000238,6695,120007,28,2468,0.011345218800648298,75.95623987034035,female,45-49,289,0.04316654219566841,0.0004897338660772753
E02006748,E07000238,6695,120007,28,2468,0.011345218800648298,75.95623987034035,male,45-49,256,0.03823749066467513,0.0004338126979784861
E02006753,E07000238,6436,120007,20,2175,0.009195402298850575,59.181609195402295,female,45-49,253,0.039310130515848356,0.0003614724645135481
E02006753,E07000238,6436,120007,20,2175,0.009195402298850575,59.181609195402295,male,45-49,250,0.03884400248601616,0.0003571862297564704
E02006707,E07000234,6848,95519,9,2196,0.004098360655737705,28.065573770491806,female,45-49,302,0.04410046728971963,0.00018073962003983454
E02006707,E07000234,6848,95519,9,2196,0.004098360655737705,28.065573770491806,male,45-49,289,0.04220210280373832,0.00017295943772023902
E02001895,E08000025,8221,1101521,8,3569,0.002241524236480807,18.427570748108714,female,45-49,285,0.034667315411750395,7.770762770916312e-05
E02001895,E08000025,8221,1101521,8,3569,0.002241524236480807,18.427570748108714,male,45-49,261,0.03174796253497141,7.116382748102307e-05
E02006706,E07000234,7094,95519,13,2640,0.004924242424242424,34.932575757575755,female,45-49,265,0.037355511700028196,0.00018394759549256306
E02006706,E07000234,7094,95519,13,2640,0.004924242424242424,34.932575757575755,male,45-49,250,0.035241048773611505,0.0001735354674458142
E02006703,E07000234,7229,95519,11,2633,0.004177744018230156,30.200911507785797,female,45-49,307,0.04246783787522479,0.00017741975565038843
E02006703,E07000234,7229,95519,11,2633,0.004177744018230156,30.200911507785797,male,45-49,297,0.04108452068059206,0.00017164061051519661
E02006705,E07000234,7134,95519,14,2719,0.0051489518205222505,36.732622287605736,female,45-49,287,0.040229885057471264,0.00020714173990606755
E02006705,E07000234,7134,95519,14,2719,0.0051489518205222505,36.732622287605736,male,45-49,283,0.03966918979534623,0.00020425474701539064
E02006702,E07000234,5790,95519,23,2326,0.009888220120378332,57.25279449699054,female,45-49,213,0.03678756476683938,0.00036376353810718215
E02006702,E07000234,5790,95519,23,2326,0.009888220120378332,57.25279449699054,male,45-49,244,0.04214162348877375,0.00041670564928710066
E02006708,E07000234,8466,95519,12,3221,0.003725551071095933,31.54051536789817,female,45-49,296,0.03496338294353886,0.00013025786877443848
E02006708,E07000234,8466,95519,12,3221,0.003725551071095933,31.54051536789817,male,45-49,326,0.03850696905268131,0.00014345967979887482
E02006709,E07000234,7862,95519,12,2822,0.004252303330970942,33.43160878809355,female,45-49,339,0.04311879928771305,0.00018335421383860968
E02006709,E07000234,7862,95519,12,2822,0.004252303330970942,33.43160878809355,male,45-49,311,0.03955736453828542,0.00016820991299058293
E02006774,E07000239,7573,98999,64,2899,0.02207657813038979,167.18592618144186,female,45-49,295,0.038954179321272944,0.0008599749832912964
E02006774,E07000239,7573,98999,64,2899,0.02207657813038979,167.18592618144186,male,45-49,296,0.039086227386768785,0.0008628901527261821
E02001946,E08000025,7631,1101521,11,3033,0.003626772172766238,27.67589845037916,female,45-49,286,0.03747870528109029,0.0001359267253847653
E02001946,E08000025,7631,1101521,11,3033,0.003626772172766238,27.67589845037916,male,45-49,284,0.03721661643297078,0.00013497618884361311
E02006901,E08000025,15014,1101521,10,5840,0.0017123287671232876,25.70890410958904,female,45-49,324,0.021579858798454775,3.695181301105269e-05
E02006901,E08000025,15014,1101521,10,5840,0.0017123287671232876,25.70890410958904,male,45-49,387,0.02577594245370987,4.413688776320183e-05
E02006187,E07000196,7313,110688,2369,2947,0.8038683406854428,5878.689175432643,female,45-49,286,0.03910843702994667,0.031438034382064356
E02006187,E07000196,7313,110688,2369,2947,0.8038683406854428,5878.689175432643,male,45-49,306,0.04184329276630658,0.03363649832486606
E02006777,E07000239,7139,98999,73,2644,0.02760968229954614,197.1055219364599,female,45-49,250,0.035018910211514216,0.0009668609854162397
E02006777,E07000239,7139,98999,73,2644,0.02760968229954614,197.1055219364599,male,45-49,283,0.0396414063594341,0.0010944866354911835
E02002002,E08000027,6982,315653,2194,2941,0.7460047602856171,5208.605236314179,female,45-49,278,0.0398166714408479,0.029703426433600914
E02002002,E08000027,6982,315653,2194,2941,0.7460047602856171,5208.605236314179,male,45-49,279,0.039959896877685475,0.029810273291275734
E02002013,E08000027,6563,315653,2277,2637,0.863481228668942,5667.027303754266,female,45-49,267,0.04068261465793083,0.035128674090295214
E02002013,E08000027,6563,315653,2277,2637,0.863481228668942,5667.027303754266,male,45-49,253,0.038549443851897,0.03328672114174041
E02002078,E08000028,6286,316289,58,2651,0.02187853640135798,137.52847981893626,female,45-49,269,0.042793509385937005,0.0009362593528420771
E02002078,E08000028,6286,316289,58,2651,0.02187853640135798,137.52847981893626,male,45-49,235,0.03738466433343939,0.000817921739471703
E02002029,E08000027,5821,315653,910,2458,0.37021969080553296,2155.048820179007,female,45-49,246,0.04226077993471912,0.015645772880632385
E02002029,E08000027,5821,315653,910,2458,0.37021969080553296,2155.048820179007,male,45-49,194,0.03332760694038825,0.012338536336758871
E02006696,E07000234,6224,95519,830,2309,0.3594629709831096,2237.297531398874,female,45-49,301,0.048361182519280205,0.017384054348636886
E02006696,E07000234,6224,95519,830,2309,0.3594629709831096,2237.297531398874,male,45-49,269,0.043219794344473005,0.015535915680343263
E02002035,E08000027,6215,315653,1133,2623,0.43194815097216926,2684.557758292032,female,45-49,228,0.03668543845534996,0.01584620730839173
E02002035,E08000027,6215,315653,1133,2623,0.43194815097216926,2684.557758292032,male,45-49,232,0.03732904263877715,0.016124210945381055
E02002027,E08000027,5585,315653,1634,1917,0.8523735002608243,4760.5059989567035,female,45-49,254,0.04547896150402865,0.03876506160541618
E02002027,E08000027,5585,315653,1634,1917,0.8523735002608243,4760.5059989567035,male,45-49,220,0.03939122649955237,0.03357603761099039
E02002023,E08000027,5328,315653,1842,2111,0.8725722406442444,4649.064898152535,female,45-49,215,0.04035285285285285,0.03521077923020131
E02002023,E08000027,5328,315653,1842,2111,0.8725722406442444,4649.064898152535,male,45-49,203,0.0381006006006006,0.03324552643595751
E02002036,E08000027,6538,315653,2415,2792,0.8649713467048711,5655.182664756447,female,45-49,230,0.03517895380850413,0.03042878705141027
E02002036,E08000027,6538,315653,2415,2792,0.8649713467048711,5655.182664756447,male,45-49,245,0.03747323340471092,0.03241327316345877
E02002006,E08000027,6484,315653,2371,2774,0.8547224224945926,5542.020187454938,female,45-49,245,0.037785317705120294,0.032295958283648236
E02002006,E08000027,6484,315653,2371,2774,0.8547224224945926,5542.020187454938,male,45-49,252,0.038864898210980874,0.033218699948895335
E02002039,E08000027,6423,315653,2050,2529,0.8105970739422697,5206.465005931198,female,45-49,226,0.035186050132336916,0.028521709280858315
E02002039,E08000027,6423,315653,2050,2529,0.8105970739422697,5206.465005931198,male,45-49,229,0.03565312159427059,0.028900316041223686
E02002024,E08000027,8489,315653,3028,3483,0.8693654895205283,7380.043640539765,female,45-49,267,0.03145246789963482,0.02734369015219473
E02002024,E08000027,8489,315653,3028,3483,0.8693654895205283,7380.043640539765,male,45-49,266,0.031334668394392744,0.027241279327654674
E02002009,E08000027,6697,315653,2392,2910,0.8219931271477663,5504.887972508591,female,45-49,214,0.031954606540241896,0.026266466956789903
E02002009,E08000027,6697,315653,2392,2910,0.8219931271477663,5504.887972508591,male,45-49,188,0.02807227116619382,0.02307521396203973
E02002018,E08000027,8990,315653,2997,3484,0.8602181400688863,7733.361079219288,female,45-49,377,0.041935483870967745,0.036073663938372656
E02002018,E08000027,8990,315653,2997,3484,0.8602181400688863,7733.361079219288,male,45-49,357,0.03971078976640712,0.0341599417135253
E02002033,E08000027,7674,315653,2219,2966,0.7481456507080243,5741.269723533378,female,45-49,300,0.039093041438623924,0.029247288925255053
E02002033,E08000027,7674,315653,2219,2966,0.7481456507080243,5741.269723533378,male,45-49,274,0.03570497784727652,0.026712523885066283
E02002017,E08000027,8443,315653,3414,3928,0.8691446028513238,7338.187881873727,female,45-49,281,0.03328200876465711,0.02892687828985218
E02002017,E08000027,8443,315653,3414,3928,0.8691446028513238,7338.187881873727,male,45-49,291,0.03446642188795452,0.029956304563512403
E02002041,E08000027,6174,315653,2055,2549,0.8061985092193017,4977.469595919969,female,45-49,222,0.03595724003887269,0.02898867331497975
E02002041,E08000027,6174,315653,2055,2549,0.8061985092193017,4977.469595919969,male,45-49,173,0.028020732102364755,0.022590272448159896
E02002012,E08000027,8054,315653,3436,3885,0.8844272844272845,7123.177348777349,female,45-49,317,0.03935932455922523,0.0348104605368077
E02002012,E08000027,8054,315653,3436,3885,0.8844272844272845,7123.177348777349,male,45-49,296,0.03675192450956047,0.03250440479146712
E02002022,E08000027,8434,315653,3147,3556,0.8849831271091113,7463.947694038245,female,45-49,339,0.04019445103153901,0.035571410966325434
E02002022,E08000027,8434,315653,3147,3556,0.8849831271091113,7463.947694038245,male,45-49,343,0.040668721840170736,0.03599113262964491
E02002034,E08000027,7963,315653,2698,3216,0.8389303482587065,6680.40236318408,female,45-49,315,0.039557955544392814,0.033186369421259895
E02002034,E08000027,7963,315653,2698,3216,0.8389303482587065,6680.40236318408,male,45-49,346,0.04345096069320608,0.03645232958652674
E02002042,E08000027,8222,315653,2220,2974,0.7464694014794889,6137.471418964358,female,45-49,303,0.03685234736073948,0.027509149677485422
E02002042,E08000027,8222,315653,2220,2974,0.7464694014794889,6137.471418964358,male,45-49,295,0.035879348090488934,0.02678283549458152
E02002026,E08000027,7013,315653,2186,2562,0.853239656518345,5983.769711163153,female,45-49,262,0.037359190075573936,0.03187634250788627
E02002026,E08000027,7013,315653,2186,2562,0.853239656518345,5983.769711163153,male,45-49,270,0.038499928703835735,0.032849665943241575
E02002020,E08000027,9771,315653,3408,3903,0.8731744811683321,8531.787855495773,female,45-49,384,0.03929996929689899,0.034315730300751156
E02002020,E08000027,9771,315653,3408,3903,0.8731744811683321,8531.787855495773,male,45-49,381,0.03899293828676696,0.03404763865777653
E02002030,E08000027,6330,315653,2521,2903,0.8684119875990355,5497.047881501895,female,45-49,209,0.0330173775671406,0.028672686478388373
E02002030,E08000027,6330,315653,2521,2903,0.8684119875990355,5497.047881501895,male,45-49,228,0.03601895734597156,0.03127929434006004
E02002028,E08000027,5825,315653,2078,2430,0.8551440329218107,4981.213991769548,female,45-49,208,0.035708154506437766,0.03053561525283032
E02002028,E08000027,5825,315653,2078,2430,0.8551440329218107,4981.213991769548,male,45-49,247,0.04240343347639485,0.03626104311273601
E02002021,E08000027,7518,315653,2907,3277,0.8870918523039365,6669.156545620995,female,45-49,238,0.03165735567970205,0.028082982288951435
E02002021,E08000027,7518,315653,2907,3277,0.8870918523039365,6669.156545620995,male,45-49,284,0.03777600425645118,0.03351078558849667
E02002011,E08000027,5761,315653,2006,2316,0.8661485319516408,4989.881692573403,female,45-49,238,0.041312272174969626,0.03578256389593656
E02002011,E08000027,5761,315653,2006,2316,0.8661485319516408,4989.881692573403,male,45-49,209,0.036278423884742235,0.03142250358928883
E02002019,E08000027,8016,315653,2788,3247,0.8586387434554974,6882.848167539267,female,45-49,305,0.03804890219560878,0.03267026157109864
E02002019,E08000027,8016,315653,2788,3247,0.8586387434554974,6882.848167539267,male,45-49,310,0.038672654690618764,0.03320583962964124
E02002016,E08000027,7873,315653,3246,3671,0.8842277308635249,6961.524925088532,female,45-49,281,0.035691604216943985,0.031559506207627396
E02002016,E08000027,7873,315653,3246,3671,0.8842277308635249,6961.524925088532,male,45-49,263,0.03340530928489775,0.02953790082777938
E02002040,E08000027,6006,315653,1787,2238,0.7984807864164433,4795.675603217158,female,45-49,241,0.04012654012654013,0.032040271316410726
E02002040,E08000027,6006,315653,1787,2238,0.7984807864164433,4795.675603217158,male,45-49,257,0.04279054279054279,0.034167426258579076
E02002015,E08000027,6039,315653,2300,2613,0.880214313050134,5315.614236509759,female,45-49,239,0.039576088756416626,0.03483543977794039
E02002015,E08000027,6039,315653,2300,2613,0.880214313050134,5315.614236509759,male,45-49,213,0.03527074018877298,0.03104581034603056
E02002037,E08000027,5965,315653,1882,2241,0.8398036590807675,5009.428826416778,female,45-49,251,0.04207879295892707,0.035337924296608994
E02002037,E08000027,5965,315653,1882,2241,0.8398036590807675,5009.428826416778,male,45-49,236,0.03956412405699916,0.03322609615139332
E02001901,E08000025,8063,1101521,11,2791,0.003941239699032604,31.778215693299888,female,45-49,279,0.034602505270990944,0.00013637676746001444
E02001901,E08000025,8063,1101521,11,2791,0.003941239699032604,31.778215693299888,male,45-49,240,0.029765595932035222,0.00011731334835270061
E02006698,E07000234,6535,95519,10,2771,0.003608805485384338,23.583543846986647,female,45-49,276,0.042234123947972456,0.00015241473817384502
E02006698,E07000234,6535,95519,10,2771,0.003608805485384338,23.583543846986647,male,45-49,267,0.04085692425401683,0.00014744469236382834
E02001921,E08000025,7888,1101521,10,3211,0.003114294612270321,24.56555590158829,female,45-49,242,0.03067951318458418,9.554504261782678e-05
E02001921,E08000025,7888,1101521,10,3211,0.003114294612270321,24.56555590158829,male,45-49,218,0.0276369168356998,8.60695012011828e-05
E02001927,E08000025,7803,1101521,10,3616,0.0027654867256637168,21.579092920353983,female,45-49,302,0.03870306292451621,0.00010703280676027713
E02001927,E08000025,7803,1101521,10,3616,0.0027654867256637168,21.579092920353983,male,45-49,262,0.03357682942458029,9.285627606355169e-05
E02001952,E08000025,9117,1101521,12,4047,0.0029651593773165306,27.03335804299481,female,45-49,307,0.033673357464078096,9.984687165034276e-05
E02001952,E08000025,9117,1101521,12,4047,0.0029651593773165306,27.03335804299481,male,45-49,312,0.034221783481408356,0.00010147304219839393
E02001913,E08000025,7746,1101521,14,2873,0.004872955099199443,37.74591019839888,female,45-49,184,0.023754195713916862,0.00011575312913151272
E02001913,E08000025,7746,1101521,14,2873,0.004872955099199443,37.74591019839888,male,45-49,260,0.03356571133488252,0.00016356420420757234
E02001932,E08000025,7076,1101521,14,3205,0.00436817472698908,30.90920436817473,female,45-49,238,0.033634821933295644,0.00014692277911580002
E02001932,E08000025,7076,1101521,14,3205,0.00436817472698908,30.90920436817473,male,45-49,191,0.026992651215375918,0.00011790861685343615
E02001899,E08000025,8050,1101521,17,3211,0.005294300840859545,42.61912176891934,female,45-49,247,0.030683229813664597,0.00016244624940277115
E02001899,E08000025,8050,1101521,17,3211,0.005294300840859545,42.61912176891934,male,45-49,261,0.032422360248447205,0.00017165372912600514
E02001911,E08000025,8103,1101521,21,3490,0.006017191977077364,48.75730659025788,female,45-49,282,0.03480192521288412,0.00020940986517781275
E02001911,E08000025,8103,1101521,21,3490,0.006017191977077364,48.75730659025788,male,45-49,242,0.02986548192027644,0.00017970633820223647
E02001951,E08000025,8399,1101521,21,3936,0.005335365853658537,44.81173780487805,female,45-49,285,0.03393261102512204,0.00018104289418891334
E02001951,E08000025,8399,1101521,21,3936,0.005335365853658537,44.81173780487805,male,45-49,260,0.030956066198356946,0.00016516193855830688
E02001928,E08000025,6890,1101521,23,3103,0.007412181759587496,51.06993232355784,female,45-49,245,0.03555878084179971,0.00026356814674875713
E02001928,E08000025,6890,1101521,23,3103,0.007412181759587496,51.06993232355784,male,45-49,231,0.033526850507982583,0.00024850710979168526
E02001920,E08000025,7512,1101521,52,3186,0.016321406151914627,122.60640301318267,female,45-49,240,0.03194888178913738,0.00052145067578002
E02001920,E08000025,7512,1101521,52,3186,0.016321406151914627,122.60640301318267,male,45-49,193,0.025692225772097975,0.0004193332517730994
E02001906,E08000025,9284,1101521,90,3832,0.02348643006263048,218.04801670146136,female,45-49,378,0.04071520896165446,0.0009562549077632832
E02001906,E08000025,9284,1101521,90,3832,0.02348643006263048,218.04801670146136,male,45-49,300,0.03231365790607497,0.0007589324664787962
E02001935,E08000025,7920,1101521,9,3303,0.0027247956403269754,21.580381471389646,female,45-49,300,0.03787878787878788,0.0001032119560729915
E02001935,E08000025,7920,1101521,9,3303,0.0027247956403269754,21.580381471389646,male,45-49,236,0.0297979797979798,8.119340544408665e-05
E02001926,E08000025,7401,1101521,9,2620,0.003435114503816794,25.42328244274809,female,45-49,159,0.021483583299554115,7.379856858625459e-05
E02001926,E08000025,7401,1101521,9,2620,0.003435114503816794,25.42328244274809,male,45-49,202,0.027293608971760572,9.37566720403989e-05
E02001919,E08000025,6664,1101521,8,2649,0.003020007550018875,20.125330313325783,female,45-49,167,0.025060024009603842,7.568146171265789e-05
E02001919,E08000025,6664,1101521,8,2649,0.003020007550018875,20.125330313325783,male,45-49,228,0.034213685474189674,0.00010332558844602393
E02001938,E08000025,7790,1101521,8,2854,0.002803083391730904,21.83601962158374,female,45-49,314,0.04030808729139923,0.0001129869300389607
E02001938,E08000025,7790,1101521,8,2854,0.002803083391730904,21.83601962158374,male,45-49,277,0.03555840821566111,9.967318350570737e-05
E02002168,E08000031,11027,253250,76,3901,0.019482184055370416,214.8300435785696,female,50-54,275,0.024938786614673074,0.0004858620309446689
E02002168,E08000031,11027,253250,76,3901,0.019482184055370416,214.8300435785696,male,50-54,305,0.027659381518091955,0.0005388651615931782
E02006130,E07000192,7338,98508,16,1959,0.00816743236345074,59.932618683001536,female,50-54,297,0.040474243663123466,0.00033057064758038567
E02006130,E07000192,7338,98508,16,1959,0.00816743236345074,59.932618683001536,male,50-54,283,0.03856636685745435,0.0003149881928122867
E02006177,E07000196,9842,110688,32,3021,0.010592519033432638,104.25157232704403,female,50-54,397,0.040337329811014025,0.0004272739337810158
E02006177,E07000196,9842,110688,32,3021,0.010592519033432638,104.25157232704403,male,50-54,380,0.03861003861003861,0.000408977568858403
E02002134,E08000030,8444,273933,35,3485,0.010043041606886656,84.80344332855093,female,50-54,334,0.039554713405968736,0.00039724963248462144
E02002134,E08000030,8444,273933,35,3485,0.010043041606886656,84.80344332855093,male,50-54,283,0.03351492183799147,0.00033659175447050253
E02002120,E08000030,6211,273933,24,2204,0.010889292196007259,67.63339382940109,female,50-54,271,0.04363226533569473,0.0004751244864140987
E02002120,E08000030,6211,273933,24,2204,0.010889292196007259,67.63339382940109,male,50-54,231,0.037192078570278536,0.0004049954109286229
E02002129,E08000030,5759,273933,34,2402,0.014154870940882597,81.51790174854288,female,50-54,199,0.03455461017537767,0.0004891160474449795
E02002129,E08000030,5759,273933,34,2402,0.014154870940882597,81.51790174854288,male,50-54,194,0.03368640388956416,0.00047682669951922625
E02002131,E08000030,7803,273933,19,2882,0.00659264399722415,51.44240111034004,female,50-54,343,0.04395745226195053,0.00028979583378801533
E02002131,E08000030,7803,273933,19,2882,0.00659264399722415,51.44240111034004,male,50-54,329,0.04216327053697296,0.00027796743240891266
E02006175,E07000196,7115,110688,15,1490,0.010067114093959731,71.62751677852349,female,50-54,267,0.03752635277582572,0.00037778207492442
E02006175,E07000196,7115,110688,15,1490,0.010067114093959731,71.62751677852349,male,50-54,273,0.03836964160224877,0.0003862715597541822
E02006155,E07000194,5739,102062,10,2456,0.004071661237785016,23.36726384364821,female,50-54,200,0.03484927687750479,0.0001418944498269739
E02006155,E07000194,5739,102062,10,2456,0.004071661237785016,23.36726384364821,male,50-54,193,0.033629552186792123,0.00013692814408302982
E02006129,E07000192,7951,98508,11,2006,0.005483549351944167,43.599700897308075,female,50-54,258,0.03244874858508364,0.00017793431427513462
E02006129,E07000192,7951,98508,11,2006,0.005483549351944167,43.599700897308075,male,50-54,271,0.034083763048673124,0.00018689999677737006
E02006180,E07000196,6835,110688,36,2673,0.013468013468013467,92.05387205387206,female,50-54,276,0.04038039502560351,0.0005438437040485322
E02006180,E07000196,6835,110688,36,2673,0.013468013468013467,92.05387205387206,male,50-54,288,0.04213606437454279,0.0005674890824854248
E02002043,E08000028,8799,316289,31,3725,0.00832214765100671,73.22657718120804,female,50-54,308,0.035003977724741446,0.00029130827099784824
E02002043,E08000028,8799,316289,31,3725,0.00832214765100671,73.22657718120804,male,50-54,313,0.03557222411637686,0.00029603730137118996
E02002148,E08000030,11314,273933,12,4622,0.0025962786672436176,29.37429684119429,female,50-54,434,0.038359554534205406,9.959209312212568e-05
E02002148,E08000030,11314,273933,12,4622,0.0025962786672436176,29.37429684119429,male,50-54,439,0.03880148488598197,0.00010073946746685064
E02006126,E07000192,8412,98508,11,1815,0.006060606060606061,50.981818181818184,female,50-54,327,0.03887303851640513,0.00023559417282669777
E02006126,E07000192,8412,98508,11,1815,0.006060606060606061,50.981818181818184,male,50-54,301,0.035782215882073226,0.00021686191443680744
E02002046,E08000028,5770,316289,16,2410,0.006639004149377593,38.30705394190871,female,50-54,216,0.03743500866551126,0.00024853117786231545
E02002046,E08000028,5770,316289,16,2410,0.006639004149377593,38.30705394190871,male,50-54,160,0.02772963604852686,0.00018409716878690032
E02002047,E08000028,6640,316289,124,3214,0.038581207218419414,256.1792159303049,female,50-54,186,0.028012048192771085,0.0010807386359376523
E02002047,E08000028,6640,316289,124,3214,0.038581207218419414,256.1792159303049,male,50-54,225,0.0338855421686747,0.0013073451241181276
E02002045,E08000028,7925,316289,34,3323,0.01023171832681312,81.08636773999399,female,50-54,314,0.039621451104100945,0.0004053955273967596
E02002045,E08000028,7925,316289,34,3323,0.01023171832681312,81.08636773999399,male,50-54,270,0.03406940063091483,0.0003485885108188697
E02002044,E08000028,7501,316289,27,3214,0.008400746733042938,63.014001244555075,female,50-54,246,0.03279562724970004,0.0002755077584760116
E02002044,E08000028,7501,316289,27,3214,0.008400746733042938,63.014001244555075,male,50-54,234,0.03119584055459272,0.0002620683556235232
E02006178,E07000196,7888,110688,18,2689,0.00669393826701376,52.801785050204536,female,50-54,310,0.03930020283975659,0.00026307313169044946
E02006178,E07000196,7888,110688,18,2689,0.00669393826701376,52.801785050204536,male,50-54,307,0.03891987829614604,0.0002605272626740903
E02002146,E08000030,6578,273933,19,2657,0.007150922092585623,47.038765525028225,female,50-54,191,0.029036181210094252,0.00020763546969958255
E02002146,E08000030,6578,273933,19,2657,0.007150922092585623,47.038765525028225,male,50-54,202,0.03070842201276984,0.00021959353339955851
E02002110,E08000030,6695,273933,15,2592,0.005787037037037037,38.74421296296296,female,50-54,294,0.043913368185212846,0.00025412828810887064
E02002110,E08000030,6695,273933,15,2592,0.005787037037037037,38.74421296296296,male,50-54,265,0.039581777445855115,0.0002290612120709208
E02002112,E08000030,5455,273933,19,2078,0.009143407122232916,49.877285851780556,female,50-54,205,0.03758020164986251,0.00034361108342030204
E02002112,E08000030,5455,273933,19,2078,0.009143407122232916,49.877285851780556,male,50-54,219,0.04014665444546288,0.00036707720619046905
E02002113,E08000030,6555,273933,20,2632,0.007598784194528876,49.81003039513678,female,50-54,236,0.03600305110602593,0.0002735794156992852
E02002113,E08000030,6555,273933,20,2632,0.007598784194528876,49.81003039513678,male,50-54,229,0.0349351639969489,0.0002654647720132895
E02002124,E08000030,7088,273933,25,2905,0.008605851979345954,60.998278829604125,female,50-54,261,0.03682279909706546,0.0003168915584945392
E02002124,E08000030,7088,273933,25,2905,0.008605851979345954,60.998278829604125,male,50-54,237,0.03343679458239278,0.000287752104839869
E02002114,E08000030,6027,273933,12,2486,0.004827031375703942,29.092518101367656,female,50-54,238,0.03948896631823461,0.00019061447941223463
E02002114,E08000030,6027,273933,12,2486,0.004827031375703942,29.092518101367656,male,50-54,216,0.035838725734196115,0.00017299465358421295
E02002116,E08000030,6796,273933,28,2645,0.01058601134215501,71.94253308128545,female,50-54,310,0.04561506768687463,0.0004828816239064233
E02002116,E08000030,6796,273933,28,2645,0.01058601134215501,71.94253308128545,male,50-54,247,0.036344908769864626,0.000384747616467376
E02002138,E08000030,6485,273933,16,2394,0.006683375104427736,43.34168755221386,female,50-54,199,0.030686198920585966,0.0002050873779153615
E02002138,E08000030,6485,273933,16,2394,0.006683375104427736,43.34168755221386,male,50-54,209,0.03222821896684657,0.00021539327630306813
E02002145,E08000030,7105,273933,41,3016,0.013594164456233421,96.58653846153845,female,50-54,233,0.03279380717804363,0.00044580440792433315
E02002145,E08000030,7105,273933,41,3016,0.013594164456233421,96.58653846153845,male,50-54,222,0.031245601688951442,0.0004247578478935707
E02002147,E08000030,8031,273933,66,3184,0.0207286432160804,166.4717336683417,female,50-54,244,0.03038226870875358,0.0006297832081588368
E02002147,E08000030,8031,273933,66,3184,0.0207286432160804,166.4717336683417,male,50-54,254,0.03162744365583364,0.0006555939953784612
E02002119,E08000030,5943,273933,23,2452,0.009380097879282219,55.74592169657423,female,50-54,235,0.039542318694262155,0.00037091081972595005
E02002119,E08000030,5943,273933,23,2452,0.009380097879282219,55.74592169657423,male,50-54,221,0.03718660609119973,0.0003488140049337658
E02002117,E08000030,6391,273933,22,2461,0.008939455505891914,57.132060138155225,female,50-54,257,0.040212799248943824,0.0003594805296532971
E02002117,E08000030,6391,273933,22,2461,0.008939455505891914,57.132060138155225,male,50-54,311,0.04866218119230167,0.00043501340358823113
E02002132,E08000030,6479,273933,39,2806,0.013898788310762652,90.05024946543122,female,50-54,186,0.028708133971291867,0.00039900827686399957
E02002132,E08000030,6479,273933,39,2806,0.013898788310762652,90.05024946543122,male,50-54,167,0.025775582651643772,0.0003582493668617631
E02002139,E08000030,9513,273933,49,4150,0.011807228915662651,112.3221686746988,female,50-54,233,0.024492799327236414,0.0002891920884420685
E02002139,E08000030,9513,273933,49,4150,0.011807228915662651,112.3221686746988,male,50-54,273,0.02869757174392936,0.0003388387989042262
E02002136,E08000030,7706,273933,44,3044,0.01445466491458607,111.38764783180027,female,50-54,264,0.03425901894627563,0.0004952026391708698
E02002136,E08000030,7706,273933,44,3044,0.01445466491458607,111.38764783180027,male,50-54,243,0.0315338697119128,0.00045581152014591427
E02002118,E08000030,7347,273933,27,3045,0.008866995073891626,65.14581280788178,female,50-54,239,0.03253028446985164,0.0002884458721464678
E02002118,E08000030,7347,273933,27,3045,0.008866995073891626,65.14581280788178,male,50-54,275,0.03743024363685858,0.00033189378594258845
E02002128,E08000030,5558,273933,17,2321,0.007324429125376993,40.70917707884533,female,50-54,192,0.03454480028787334,0.000253020941358831
E02002128,E08000030,5558,273933,17,2321,0.007324429125376993,40.70917707884533,male,50-54,185,0.033285354444044624,0.00024379621953845697
E02002142,E08000030,6831,273933,27,2814,0.009594882729211088,65.54264392324095,female,50-54,168,0.024593763724198508,0.00023597427880361042
E02002142,E08000030,6831,273933,27,2814,0.009594882729211088,65.54264392324095,male,50-54,209,0.030595813204508857,0.0002935632397021106
E02002123,E08000030,6475,273933,29,2966,0.009777478084962913,63.30917060013486,female,50-54,207,0.031969111969111966,0.0003125772916737178
E02002123,E08000030,6475,273933,29,2966,0.009777478084962913,63.30917060013486,male,50-54,205,0.03166023166023166,0.00030955722122276403
E02002144,E08000030,6676,273933,16,2662,0.006010518407212622,40.126220886551465,female,50-54,211,0.031605751947273816,0.00018996695385288545
E02002144,E08000030,6676,273933,16,2662,0.006010518407212622,40.126220886551465,male,50-54,227,0.034002396644697425,0.00020437203092229858
E02002133,E08000030,6723,273933,23,2899,0.00793377026560883,53.338737495688164,female,50-54,244,0.03629332143388368,0.00028794287443233
E02002133,E08000030,6723,273933,23,2899,0.00793377026560883,53.338737495688164,male,50-54,193,0.02870742228171947,0.00022775809330098233
E02002125,E08000030,6150,273933,21,2579,0.0081426909654905,50.07754943776657,female,50-54,218,0.035447154471544715,0.0002886352244677933
E02002125,E08000030,6150,273933,21,2579,0.0081426909654905,50.07754943776657,male,50-54,223,0.03626016260162602,0.00029525529842347665
E02002111,E08000030,6159,273933,24,2566,0.009353078721745909,57.60561184723305,female,50-54,193,0.03133625588569573,0.00029309046814368574
E02002111,E08000030,6159,273933,24,2566,0.009353078721745909,57.60561184723305,male,50-54,207,0.03360935216755967,0.00031435091661006706
E02002122,E08000030,5626,273933,26,2451,0.010607915136678907,59.68013055895553,female,50-54,175,0.031105581230003555,0.00032996536596495
E02002122,E08000030,5626,273933,26,2451,0.010607915136678907,59.68013055895553,male,50-54,178,0.03163881976537505,0.0003356219150957777
E02002115,E08000030,6774,273933,19,2716,0.006995581737849779,47.388070692194404,female,50-54,235,0.03469146737525834,0.00024268699562956869
E02002115,E08000030,6774,273933,19,2716,0.006995581737849779,47.388070692194404,male,50-54,237,0.034986713906111605,0.00024475241686896924
E02002143,E08000030,10020,273933,34,3975,0.008553459119496854,85.70566037735848,female,50-54,184,0.018363273453093812,0.00015706950878117975
E02002143,E08000030,10020,273933,34,3975,0.008553459119496854,85.70566037735848,male,50-54,230,0.022954091816367265,0.0001963368859764747
E02002130,E08000030,6711,273933,30,2715,0.011049723756906077,74.15469613259668,female,50-54,207,0.030844881537773806,0.00034082742030689284
E02002130,E08000030,6711,273933,30,2715,0.011049723756906077,74.15469613259668,male,50-54,210,0.031291908806437195,0.0003457669481374276
E02002126,E08000030,6701,273933,25,2766,0.009038322487346349,60.565798987707886,female,50-54,236,0.03521862408595732,0.0003183172820495058
E02002126,E08000030,6701,273933,25,2766,0.009038322487346349,60.565798987707886,male,50-54,225,0.03357707804805253,0.0003034804595810966
E02002127,E08000030,8612,273933,33,3788,0.008711721224920803,75.02534318901796,female,50-54,231,0.0268230376219229,0.00023367482616775493
E02002127,E08000030,8612,273933,33,3788,0.008711721224920803,75.02534318901796,male,50-54,238,0.027635856943799348,0.00024075588150617174
E02002121,E08000030,6502,273933,27,2956,0.009133964817320704,59.38903924221922,female,50-54,205,0.0315287603814211,0.0002879825880576352
E02002121,E08000030,6502,273933,27,2956,0.009133964817320704,59.38903924221922,male,50-54,186,0.028606582589972316,0.0002612915189205861
E02002140,E08000030,8199,273933,27,3608,0.007483370288248337,61.35615299334812,female,50-54,202,0.02463715087205757,0.00018436892282304722
E02002140,E08000030,8199,273933,27,3608,0.007483370288248337,61.35615299334812,male,50-54,188,0.02292962556409318,0.00017159087866699442
E02002135,E08000030,7467,273933,29,3125,0.00928,69.29376,female,50-54,185,0.024775679657158163,0.00022991830721842774
E02002135,E08000030,7467,273933,29,3125,0.00928,69.29376,male,50-54,195,0.026114905584572117,0.00024234632382482926
E02006122,E07000192,6630,98508,8,1372,0.0058309037900874635,38.65889212827988,female,50-54,237,0.03574660633484163,0.00020843502236059258
E02006122,E07000192,6630,98508,8,1372,0.0058309037900874635,38.65889212827988,male,50-54,220,0.033182503770739065,0.00019348398700139396
E02006151,E07000194,8781,102062,18,3519,0.005115089514066497,44.915601023017906,female,50-54,333,0.037922787837376154,0.00019397845441113123
E02006151,E07000194,8781,102062,18,3519,0.005115089514066497,44.915601023017906,male,50-54,321,0.036556200888281515,0.00018698823983775712
E02006128,E07000192,8441,98508,11,2021,0.0054428500742206825,45.94309747649678,female,50-54,283,0.03352683331358844,0.00018248152718924928
E02006128,E07000192,8441,98508,11,2021,0.0054428500742206825,45.94309747649678,male,50-54,307,0.0363700983295818,0.00019795699239257784
E02002160,E08000031,7038,253250,36,2718,0.013245033112582781,93.21854304635761,female,50-54,245,0.03481102585961921,0.00046107319019363194
E02002160,E08000031,7038,253250,36,2718,0.013245033112582781,93.21854304635761,male,50-54,253,0.03594771241830065,0.0004761286413019954
E02002049,E08000028,6318,316289,724,2583,0.2802942315137437,1770.8989547038327,female,50-54,237,0.03751187084520418,0.010514361011199314
E02002049,E08000028,6318,316289,724,2583,0.2802942315137437,1770.8989547038327,male,50-54,232,0.03672048116492561,0.010292539048937724
E02002170,E08000031,6261,253250,38,2340,0.01623931623931624,101.67435897435898,female,50-54,245,0.03913112921258585,0.0006354627820847275
E02002170,E08000031,6261,253250,38,2340,0.01623931623931624,101.67435897435898,male,50-54,218,0.034818719054464146,0.0005654321897733494
E02002175,E08000031,7269,253250,73,3164,0.02307206068268015,167.710809102402,female,50-54,231,0.03177878662814693,0.0007332020935065504
E02002175,E08000031,7269,253250,73,3164,0.02307206068268015,167.710809102402,male,50-54,217,0.029852799559774386,0.0006887656029910019
E02006156,E07000194,7668,102062,8,3055,0.002618657937806874,20.07986906710311,female,50-54,303,0.03951486697965571,0.00010347592007765818
E02006156,E07000194,7668,102062,8,3055,0.002618657937806874,20.07986906710311,male,50-54,303,0.03951486697965571,0.00010347592007765818
E02002153,E08000031,7380,253250,46,2996,0.015353805073431242,113.31108144192257,female,50-54,267,0.036178861788617886,0.000555483191681049
E02002153,E08000031,7380,253250,46,2996,0.015353805073431242,113.31108144192257,male,50-54,280,0.037940379403794036,0.0005825291897778791
E02002052,E08000028,11268,316289,59,4711,0.012523880280195288,141.1190829972405,female,50-54,360,0.03194888178913738,0.000400123970613268
E02002052,E08000028,11268,316289,59,4711,0.012523880280195288,141.1190829972405,male,50-54,343,0.030440184593539227,0.00038122922755653033
E02002055,E08000028,9306,316289,59,3933,0.015001271294177472,139.60183066361554,female,50-54,285,0.030625402965828497,0.00045941997838390067
E02002055,E08000028,9306,316289,59,3933,0.015001271294177472,139.60183066361554,male,50-54,279,0.029980657640232108,0.0004497479788389764
E02002048,E08000028,6531,316289,8,2546,0.003142183817753339,20.521602513747055,female,50-54,221,0.03383861583218496,0.00010632715108306351
E02002048,E08000028,6531,316289,8,2546,0.003142183817753339,20.521602513747055,male,50-54,255,0.03904455672944419,0.00012268517432661175
E02002171,E08000031,7412,253250,63,2973,0.02119071644803229,157.06559031281535,female,50-54,219,0.0295466810577442,0.0006261153402751041
E02002171,E08000031,7412,253250,63,2973,0.02119071644803229,157.06559031281535,male,50-54,227,0.030626011872638963,0.0006489871335271627
E02002181,E08000031,7544,253250,194,2860,0.06783216783216783,511.72587412587416,female,50-54,238,0.03154825026511135,0.0021399862067942666
E02002181,E08000031,7544,253250,194,2860,0.06783216783216783,511.72587412587416,male,50-54,213,0.028234358430540826,0.001915197739694028
E02002051,E08000028,5608,316289,511,2576,0.1983695652173913,1112.4565217391305,female,50-54,171,0.03049215406562054,0.006048715344538857
E02002051,E08000028,5608,316289,511,2576,0.1983695652173913,1112.4565217391305,male,50-54,159,0.028352353780313838,0.005624244092290517
E02006810,E08000028,10065,316289,36,4151,0.008672609009877139,87.2898096844134,female,50-54,352,0.034972677595628415,0.0003033043588153753
E02006810,E08000028,10065,316289,36,4151,0.008672609009877139,87.2898096844134,male,50-54,355,0.03527074018877298,0.00030588933914618824
E02006124,E07000192,7632,98508,8,1666,0.004801920768307323,36.64825930372149,female,50-54,261,0.03419811320754717,0.0001642166300482457
E02006124,E07000192,7632,98508,8,1666,0.004801920768307323,36.64825930372149,male,50-54,254,0.033280922431865825,0.00015981235261400156
E02006202,E07000197,8878,132044,10,1780,0.0056179775280898875,49.87640449438202,female,50-54,404,0.0455057445370579,0.00025565025020819044
E02006202,E07000197,8878,132044,10,1780,0.0056179775280898875,49.87640449438202,male,50-54,366,0.041225501239017796,0.0002316039395450438
E02006186,E07000196,12377,110688,2790,4611,0.605074821080026,7489.0110605074815,female,50-54,515,0.04160943685868951,0.02517682256251219
E02006186,E07000196,12377,110688,2790,4611,0.605074821080026,7489.0110605074815,male,50-54,499,0.0403167164902642,0.024394630016880744
E02002071,E08000028,6650,316289,1140,2828,0.4031117397454031,2680.6930693069307,female,50-54,216,0.0324812030075188,0.013093554253384522
E02002071,E08000028,6650,316289,1140,2828,0.4031117397454031,2680.6930693069307,male,50-54,196,0.029473684210526315,0.011881188118811881
E02001886,E08000025,9196,1101521,15,3600,0.004166666666666667,38.31666666666666,female,50-54,223,0.02424967377120487,0.00010104030738002029
E02001886,E08000025,9196,1101521,15,3600,0.004166666666666667,38.31666666666666,male,50-54,242,0.02631578947368421,0.00010964912280701753
E02002067,E08000028,5450,316289,1329,2304,0.5768229166666666,3143.684895833333,female,50-54,199,0.036513761467889906,0.0210619743883792
E02002067,E08000028,5450,316289,1329,2304,0.5768229166666666,3143.684895833333,male,50-54,167,0.030642201834862385,0.017675124235474005
E02002014,E08000027,7170,315653,2764,3215,0.8597200622083981,6164.192846034215,female,50-54,219,0.030543933054393305,0.02625923202561216
E02002014,E08000027,7170,315653,2764,3215,0.8597200622083981,6164.192846034215,male,50-54,197,0.027475592747559275,0.023621318306144272
E02002031,E08000027,5952,315653,1897,2242,0.8461195361284567,5036.103479036574,female,50-54,180,0.03024193548387097,0.02558829242323962
E02002031,E08000027,5952,315653,1897,2242,0.8461195361284567,5036.103479036574,male,50-54,215,0.03612231182795699,0.030563793727758436
E02002032,E08000027,10187,315653,3407,4176,0.8158524904214559,8311.08931992337,female,50-54,327,0.03209973495631688,0.02618864870597979
E02002032,E08000027,10187,315653,3407,4176,0.8158524904214559,8311.08931992337,male,50-54,357,0.03504466476882301,0.028591277027629307
E02002001,E08000027,6002,315653,1811,2412,0.7508291873963516,4506.476782752902,female,50-54,193,0.03215594801732756,0.024143624319809376
E02002001,E08000027,6002,315653,1811,2412,0.7508291873963516,4506.476782752902,male,50-54,236,0.039320226591136286,0.029522773779663274
E02002077,E08000028,10521,316289,3346,4614,0.7251842219332466,7629.663198959687,female,50-54,298,0.02832430377340557,0.02054033819371804
E02002077,E08000028,10521,316289,3346,4614,0.7251842219332466,7629.663198959687,male,50-54,343,0.03260146373918829,0.023642067115588212
E02001900,E08000025,7094,1101521,8,2566,0.003117692907248636,22.116913484021826,female,50-54,182,0.025655483507189172,7.998591896239804e-05
E02001900,E08000025,7094,1101521,8,2566,0.003117692907248636,22.116913484021826,male,50-54,192,0.027065125458133634,8.438074967461773e-05
E02006181,E07000196,5700,110688,41,2088,0.019636015325670497,111.92528735632183,female,50-54,203,0.0356140350877193,0.000699317738791423
E02006181,E07000196,5700,110688,41,2088,0.019636015325670497,111.92528735632183,male,50-54,171,0.03,0.0005890804597701148
E02001879,E08000025,10994,1101521,20,4424,0.0045207956600361665,49.701627486437616,female,50-54,250,0.022739676187011098,0.00010280142941686754
E02001879,E08000025,10994,1101521,20,4424,0.0045207956600361665,49.701627486437616,male,50-54,274,0.02492268510096416,0.0001126703666408868
E02001866,E08000025,8949,1101521,8,3671,0.002179242713157178,19.502043040043585,female,50-54,195,0.02179014415018438,4.748601285793382e-05
E02001866,E08000025,8949,1101521,8,3671,0.002179242713157178,19.502043040043585,male,50-54,217,0.02424851938764108,5.284340918036737e-05
E02002008,E08000027,8544,315653,2480,2912,0.8516483516483516,7276.483516483516,female,50-54,382,0.044709737827715354,0.038076974523603736
E02002008,E08000027,8544,315653,2480,2912,0.8516483516483516,7276.483516483516,male,50-54,354,0.04143258426966292,0.03528599209778985
E02002004,E08000027,7541,315653,2747,3237,0.8486252703120173,6399.483163422922,female,50-54,255,0.033815143880122,0.02869638561590829
E02002004,E08000027,7541,315653,2747,3237,0.8486252703120173,6399.483163422922,male,50-54,253,0.03354992706537595,0.02847131592480313
E02002167,E08000031,6614,253250,90,2412,0.03731343283582089,246.79104477611938,female,50-54,252,0.03810099788327789,0.0014216790254954436
E02002167,E08000031,6614,253250,90,2412,0.03731343283582089,246.79104477611938,male,50-54,243,0.036740247958875115,0.0013709047745848921
E02006182,E07000196,6858,110688,47,2192,0.02144160583941606,147.04653284671534,female,50-54,299,0.04359871682706328,0.0009348265013102073
E02006182,E07000196,6858,110688,47,2192,0.02144160583941606,147.04653284671534,male,50-54,230,0.033537474482356375,0.0007190973087001595
E02002079,E08000028,8081,316289,153,3774,0.04054054054054054,327.6081081081081,female,50-54,265,0.03279297116693478,0.0013294447770378966
E02002079,E08000028,8081,316289,153,3774,0.04054054054054054,327.6081081081081,male,50-54,278,0.0344016829600297,0.0013946628227039068
E02001861,E08000025,10383,1101521,8,4006,0.00199700449326011,20.73489765351972,female,50-54,243,0.023403640566310314,4.6737175369566284e-05
E02001861,E08000025,10383,1101521,8,4006,0.00199700449326011,20.73489765351972,male,50-54,249,0.023981508234614275,4.789117969967903e-05
E02002025,E08000027,7828,315653,1831,3361,0.5447783397798275,4264.524843796489,female,50-54,322,0.04113438937148697,0.02240912434965565
E02002025,E08000027,7828,315653,1831,3361,0.5447783397798275,4264.524843796489,male,50-54,289,0.03691875319366377,0.020112537071585352
E02002162,E08000031,7547,253250,87,2826,0.03078556263269639,232.33864118895966,female,50-54,244,0.03233072744136743,0.0009953196346068531
E02002162,E08000031,7547,253250,87,2826,0.03078556263269639,232.33864118895966,male,50-54,233,0.030873194646879557,0.0009504486674729375
E02002010,E08000027,7321,315653,3068,3523,0.8708487084870848,6375.483394833948,female,50-54,238,0.03250922005190548,0.02831061229612433
E02002010,E08000027,7321,315653,3068,3523,0.8708487084870848,6375.483394833948,male,50-54,224,0.030596912990028684,0.02664528216105819
E02001873,E08000025,11051,1101521,12,4852,0.00247320692497939,27.33140972794724,female,50-54,297,0.0268753958917745,6.646841523109934e-05
E02001873,E08000025,11051,1101521,12,4852,0.00247320692497939,27.33140972794724,male,50-54,250,0.0226223871142883,5.594984447062234e-05
E02002073,E08000028,7623,316289,34,3367,0.010098010098010098,76.97713097713097,female,50-54,292,0.03830512921422012,0.00038680558161077635
E02002073,E08000028,7623,316289,34,3367,0.010098010098010098,76.97713097713097,male,50-54,226,0.029647120556211465,0.0002993769227535461
E02002161,E08000031,6390,253250,29,2544,0.01139937106918239,72.84198113207546,female,50-54,202,0.03161189358372457,0.00036035570516038226
E02002161,E08000031,6390,253250,29,2544,0.01139937106918239,72.84198113207546,male,50-54,192,0.03004694835680751,0.00034251631381580885
E02002174,E08000031,7479,253250,127,2806,0.04526015680684248,338.5007127583749,female,50-54,287,0.03837411418638855,0.0017368184253996242
E02002174,E08000031,7479,253250,127,2806,0.04526015680684248,338.5007127583749,male,50-54,264,0.03529883674288006,0.0015976308860818844
E02002164,E08000031,7261,253250,33,2344,0.014078498293515358,102.22397610921502,female,50-54,130,0.017903869990359454,0.0002520596031065964
E02002164,E08000031,7261,253250,33,2344,0.014078498293515358,102.22397610921502,male,50-54,152,0.02093375568103567,0.00029471584363232814
E02002076,E08000028,10852,316289,28,4164,0.0067243035542747355,72.97214217098943,female,50-54,326,0.030040545521562847,0.00020200174702299703
E02002076,E08000028,10852,316289,28,4164,0.0067243035542747355,72.97214217098943,male,50-54,364,0.033542204201990417,0.00022554796293365313
E02001857,E08000025,13611,1101521,14,5507,0.002542218994007627,34.60214272743781,female,50-54,424,0.0311512747042833,7.919336224077833e-05
E02001857,E08000025,13611,1101521,14,5507,0.002542218994007627,34.60214272743781,male,50-54,440,0.032326794504444936,8.218179100458128e-05
E02002176,E08000031,7652,253250,160,3000,0.05333333333333334,408.1066666666667,female,50-54,253,0.03306325143753267,0.0017633734100017426
E02002176,E08000031,7652,253250,160,3000,0.05333333333333334,408.1066666666667,male,50-54,246,0.03214845791949817,0.001714584422373236
E02002005,E08000027,8668,315653,3163,3831,0.8256329939963456,7156.586791960323,female,50-54,247,0.028495616059067835,0.023526920802618524
E02002005,E08000027,8668,315653,3163,3831,0.8256329939963456,7156.586791960323,male,50-54,256,0.029533917858790955,0.024384177026195716
E02002074,E08000028,8186,316289,66,3525,0.01872340425531915,153.26978723404255,female,50-54,315,0.0384803322746152,0.000720482817056625
E02002074,E08000028,8186,316289,66,3525,0.01872340425531915,153.26978723404255,male,50-54,254,0.031028585389689715,0.00058096074772185
E02002075,E08000028,8887,316289,1645,3984,0.41290160642570284,3669.456576305221,female,50-54,258,0.02903116912343873,0.011987016367484116
E02002075,E08000028,8887,316289,1645,3984,0.41290160642570284,3669.456576305221,male,50-54,256,0.028806121300776415,0.011894093759984238
E02001858,E08000025,8646,1101521,8,3191,0.0025070510811657787,21.67596364775932,female,50-54,298,0.03446680545917187,8.64100418907474e-05
E02001858,E08000025,8646,1101521,8,3191,0.0025070510811657787,21.67596364775932,male,50-54,280,0.03238491788110109,8.119064338727943e-05
E02002150,E08000031,5718,253250,27,2139,0.012622720897615708,72.17671809256662,female,50-54,234,0.040923399790136414,0.0005165646537324372
E02002150,E08000031,5718,253250,27,2139,0.012622720897615708,72.17671809256662,male,50-54,185,0.03235396991955229,0.00040839513222436273
E02002154,E08000031,5629,253250,34,2198,0.015468607825295723,87.07279344858962,female,50-54,184,0.03268786640611121,0.000505635786081793
E02002154,E08000031,5629,253250,34,2198,0.015468607825295723,87.07279344858962,male,50-54,186,0.03304316930182981,0.000511131827234856
E02001862,E08000025,10446,1101521,19,4254,0.004466384579219558,46.655853314527505,female,50-54,355,0.03398430021060693,0.00015178695439622278
E02001862,E08000025,10446,1101521,19,4254,0.004466384579219558,46.655853314527505,male,50-54,255,0.024411257897759907,0.0001090300658339065
E02002180,E08000031,6437,253250,436,2514,0.17342879872712808,1116.3611774065234,female,50-54,199,0.03091502252602144,0.005361555219310003
E02002180,E08000031,6437,253250,436,2514,0.17342879872712808,1116.3611774065234,male,50-54,203,0.03153643001398167,0.005469325173466987
E02002169,E08000031,8665,253250,103,3248,0.031711822660098525,274.78294334975374,female,50-54,327,0.03773802654356607,0.001196741605291658
E02002169,E08000031,8665,253250,103,3248,0.031711822660098525,274.78294334975374,male,50-54,276,0.031852279284477786,0.0010100938319892894
E02002066,E08000028,7403,316289,67,3279,0.020433058859408357,151.26593473620008,female,50-54,195,0.026340672700256654,0.0005382205156807551
E02002066,E08000028,7403,316289,67,3279,0.020433058859408357,151.26593473620008,male,50-54,197,0.02661083344590031,0.0005437407260979936
E02002003,E08000027,9101,315653,2767,3902,0.7091235263967196,6453.733213736545,female,50-54,378,0.041533897373914955,0.029452663770790026
E02002003,E08000027,9101,315653,2767,3902,0.7091235263967196,6453.733213736545,male,50-54,376,0.0413141413031535,0.029296829570944576
E02002165,E08000031,7660,253250,52,2814,0.01847903340440654,141.54939587775408,female,50-54,253,0.033028720626631855,0.0006103388317643413
E02002165,E08000031,7660,253250,52,2814,0.01847903340440654,141.54939587775408,male,50-54,268,0.03498694516971279,0.0006465249285092626
E02002069,E08000028,6634,316289,455,2932,0.15518417462482947,1029.4918144611188,female,50-54,217,0.03271028037383177,0.005076117861559842
E02002069,E08000028,6634,316289,455,2932,0.15518417462482947,1029.4918144611188,male,50-54,227,0.034217666566174254,0.005310040343659375
E02002151,E08000031,5868,253250,28,2104,0.013307984790874524,78.09125475285171,female,50-54,254,0.043285616905248805,0.0005760443314386722
E02002151,E08000031,5868,253250,28,2104,0.013307984790874524,78.09125475285171,male,50-54,199,0.03391274710293115,0.00045131032266258183
E02002157,E08000031,7644,253250,52,2645,0.019659735349716444,150.2790170132325,female,50-54,293,0.03833071690214547,0.0007535717500610829
E02002157,E08000031,7644,253250,52,2645,0.019659735349716444,150.2790170132325,male,50-54,271,0.03545264259549974,0.0006969895708756092
E02002159,E08000031,5964,253250,39,2249,0.017341040462427744,103.42196531791906,female,50-54,188,0.031522468142186455,0.0005466323955292448
E02002159,E08000031,5964,253250,39,2249,0.017341040462427744,103.42196531791906,male,50-54,172,0.028839704896042925,0.0005001104895267558
E02001844,E08000025,9936,1101521,9,4181,0.0021525950729490554,21.388184644821816,female,50-54,361,0.03633252818035427,7.820922114881332e-05
E02001844,E08000025,9936,1101521,9,4181,0.0021525950729490554,21.388184644821816,male,50-54,367,0.03693639291465378,7.950909740059413e-05
E02002182,E08000031,6646,253250,769,2842,0.2705840957072484,1798.3019000703728,female,50-54,237,0.03566054769786338,0.00964917705125156
E02002182,E08000031,6646,253250,769,2842,0.2705840957072484,1798.3019000703728,male,50-54,226,0.03400541679205537,0.009201324951826382
E02001850,E08000025,8434,1101521,8,3079,0.0025982461838259174,21.913608314387787,female,50-54,265,0.031420441071852025,8.163804110906664e-05
E02001850,E08000025,8434,1101521,8,3079,0.0025982461838259174,21.913608314387787,male,50-54,228,0.027033436092008537,7.023952216176301e-05
E02002155,E08000031,6227,253250,22,2531,0.00869221651521138,54.12643224022126,female,50-54,161,0.02585514694074193,0.000224738535241534
E02002155,E08000031,6227,253250,22,2531,0.00869221651521138,54.12643224022126,male,50-54,152,0.024409828167656977,0.0002121755115323799
E02001837,E08000025,10601,1101521,8,4727,0.0016924053310767928,17.94118891474508,female,50-54,349,0.03292142250731063,5.571639095800403e-05
E02001837,E08000025,10601,1101521,8,4727,0.0016924053310767928,17.94118891474508,male,50-54,340,0.03207244599566079,5.4279578583728853e-05
E02002000,E08000027,7828,315653,1919,3360,0.5711309523809524,4470.813095238095,female,50-54,282,0.03602452733776188,0.020574722607489597
E02002000,E08000027,7828,315653,1919,3360,0.5711309523809524,4470.813095238095,male,50-54,233,0.029764946346448645,0.016999682154415163
E02002149,E08000031,10130,253250,46,3910,0.011764705882352941,119.17647058823529,female,50-54,410,0.040473840078973346,0.00047616282445850995
E02002149,E08000031,10130,253250,46,3910,0.011764705882352941,119.17647058823529,male,50-54,376,0.03711747285291214,0.0004366761512107311
E02006176,E07000196,7483,110688,20,2057,0.009722897423432183,72.75644141954302,female,50-54,285,0.03808632901242817,0.0003703094702229283
E02006176,E07000196,7483,110688,20,2057,0.009722897423432183,72.75644141954302,male,50-54,312,0.04169450755044768,0.00040539142003352143
E02002156,E08000031,8211,253250,45,3261,0.013799448022079117,113.30726770929162,female,50-54,313,0.0381195956643527,0.0005260293789929075
E02002156,E08000031,8211,253250,45,3261,0.013799448022079117,113.30726770929162,male,50-54,279,0.0339788089148703,0.00046888880747291117
E02002152,E08000031,6251,253250,37,2675,0.013831775700934579,86.46242990654206,female,50-54,202,0.032314829627259636,0.00044697147521817064
E02002152,E08000031,6251,253250,37,2675,0.013831775700934579,86.46242990654206,male,50-54,185,0.029595264757638778,0.00040935506393743355
E02002063,E08000028,9625,316289,1050,3929,0.26724357342835325,2572.2193942479003,female,50-54,297,0.030857142857142857,0.008246373122932043
E02002063,E08000028,9625,316289,1050,3929,0.26724357342835325,2572.2193942479003,male,50-54,284,0.029506493506493505,0.007885420764015825
E02002070,E08000028,9356,316289,32,4370,0.007322654462242563,68.51075514874142,female,50-54,264,0.02821718683197948,0.00020662470906712663
E02002070,E08000028,9356,316289,32,4370,0.007322654462242563,68.51075514874142,male,50-54,248,0.026507054296707994,0.0001941019994266947
E02002064,E08000028,12292,316289,1836,4906,0.374235629841011,4600.104362005707,female,50-54,440,0.03579563944028637,0.013396003671497302
E02002064,E08000028,12292,316289,1836,4906,0.374235629841011,4600.104362005707,male,50-54,416,0.033843150016270744,0.012665312562142903
E02006179,E07000196,8820,110688,26,2574,0.010101010101010102,89.0909090909091,female,50-54,305,0.03458049886621315,0.0003492979683455874
E02006179,E07000196,8820,110688,26,2574,0.010101010101010102,89.0909090909091,male,50-54,353,0.04002267573696145,0.00040426945188849956
E02002163,E08000031,11710,253250,44,4472,0.009838998211091235,115.21466905187836,female,50-54,326,0.02783945345858241,0.00027391233277675
E02002163,E08000031,11710,253250,44,4472,0.009838998211091235,115.21466905187836,male,50-54,366,0.03125533731853117,0.0003075212079640813
E02002058,E08000028,12006,316289,1237,5355,0.23099906629318395,2773.3747899159666,female,50-54,370,0.03081792437114776,0.00711891175482909
E02002058,E08000028,12006,316289,1237,5355,0.23099906629318395,2773.3747899159666,male,50-54,407,0.03389971680826254,0.007830802930312
E02002065,E08000028,12333,316289,40,5232,0.00764525993883792,94.28899082568807,female,50-54,294,0.02383848212113841,0.0001822513923634435
E02002065,E08000028,12333,316289,40,5232,0.00764525993883792,94.28899082568807,male,50-54,303,0.02456823157382632,0.00018783051661946728
E02002158,E08000031,7354,253250,40,3054,0.01309757694826457,96.31958087753765,female,50-54,246,0.033451183029643734,0.0004381294437412408
E02002158,E08000031,7354,253250,40,3054,0.01309757694826457,96.31958087753765,male,50-54,231,0.031411476747348385,0.00041141423375701876
E02002061,E08000028,5723,316289,28,2656,0.010542168674698794,60.3328313253012,female,50-54,140,0.024462694391053644,0.0002578898505080956
E02002061,E08000028,5723,316289,28,2656,0.010542168674698794,60.3328313253012,male,50-54,157,0.027433164424253014,0.0002892050466412215
E02006894,E08000031,13025,253250,135,4910,0.0274949083503055,358.1211812627291,female,50-54,341,0.02618042226487524,0.0007198283107450423
E02006894,E08000031,13025,253250,135,4910,0.0274949083503055,358.1211812627291,male,50-54,382,0.029328214971209212,0.0008063765827114549
E02002059,E08000028,10733,316289,44,4615,0.009534127843986998,102.32979414951245,female,50-54,357,0.03326190254355725,0.00031712323118451114
E02002059,E08000028,10733,316289,44,4615,0.009534127843986998,102.32979414951245,male,50-54,388,0.036150190999720486,0.00034466054257588325
E02001842,E08000025,7584,1101521,10,2849,0.00351000351000351,26.61986661986662,female,50-54,281,0.03705168776371308,0.00013005155410218702
E02001842,E08000025,7584,1101521,10,2849,0.00351000351000351,26.61986661986662,male,50-54,245,0.032304852320675106,0.00011339014503571466
E02006174,E07000196,10383,110688,12,2102,0.005708848715509039,59.27497621313035,female,50-54,381,0.03669459693730136,0.00020948390259163476
E02006174,E07000196,10383,110688,12,2102,0.005708848715509039,59.27497621313035,male,50-54,383,0.03688721949340268,0.00021058355562361187
E02002177,E08000031,9490,253250,161,3469,0.04641106947247045,440.4410492937446,female,50-54,277,0.029188619599578504,0.0013546750520415506
E02002177,E08000031,9490,253250,161,3469,0.04641106947247045,440.4410492937446,male,50-54,260,0.0273972602739726,0.0012715361499306972
E02002056,E08000028,8965,316289,1566,4445,0.3523059617547806,3158.4229471316085,female,50-54,246,0.02744004461795873,0.009667291309724043
E02002056,E08000028,8965,316289,1566,4445,0.3523059617547806,3158.4229471316085,male,50-54,265,0.029559397657557166,0.010413952020637687
E02002057,E08000028,9255,316289,2145,4624,0.4638840830449827,4293.247188581315,female,50-54,271,0.02928146947595894,0.013583207618064863
E02002057,E08000028,9255,316289,2145,4624,0.4638840830449827,4293.247188581315,male,50-54,265,0.02863317125877904,0.013282472394048667
E02002068,E08000028,12466,316289,24,5537,0.004334477153693336,54.03359219794112,female,50-54,327,0.02623134927001444,0.00011369918412142794
E02002068,E08000028,12466,316289,24,5537,0.004334477153693336,54.03359219794112,male,50-54,277,0.022220439595700303,9.631398777258574e-05
E02002060,E08000028,6401,316289,64,2791,0.02293084915800788,146.78036546040843,female,50-54,191,0.02983908764255585,0.0006842356177440251
E02002060,E08000028,6401,316289,64,2791,0.02293084915800788,146.78036546040843,male,50-54,198,0.03093266677081706,0.0007093123157765288
E02002053,E08000028,6052,316289,13,2352,0.0055272108843537416,33.45068027210884,female,50-54,226,0.03734302709847984,0.00020640278583343452
E02002053,E08000028,6052,316289,13,2352,0.0055272108843537416,33.45068027210884,male,50-54,198,0.03271645736946464,0.00018083075927000013
E02002062,E08000028,7752,316289,41,3473,0.011805355600345523,91.51511661387849,female,50-54,216,0.02786377708978328,0.00032894179691365233
E02002062,E08000028,7752,316289,41,3473,0.011805355600345523,91.51511661387849,male,50-54,241,0.03108875128998968,0.0003670137641490288
E02002166,E08000031,9374,253250,65,3801,0.017100762957116548,160.3025519600105,female,50-54,303,0.03232344783443567,0.0005527556193734067
E02002166,E08000031,9374,253250,65,3801,0.017100762957116548,160.3025519600105,male,50-54,280,0.02986985278429699,0.0005107972720282306
E02002072,E08000028,8540,316289,131,3492,0.03751431844215349,320.3722794959908,female,50-54,303,0.03548009367681499,0.0013310115325494741
E02002072,E08000028,8540,316289,131,3492,0.03751431844215349,320.3722794959908,male,50-54,287,0.03360655737704918,0.0012607270951871254
E02002178,E08000031,8046,253250,167,2985,0.0559463986599665,450.14472361809044,female,50-54,286,0.03554561272682078,0.0019886490202274945
E02002178,E08000031,8046,253250,167,2985,0.0559463986599665,450.14472361809044,male,50-54,298,0.037037037037037035,0.0020720888392580183
E02006184,E07000196,5448,110688,56,1700,0.03294117647058824,179.4635294117647,female,50-54,203,0.03726138032305433,0.0012274337047594368
E02006184,E07000196,5448,110688,56,1700,0.03294117647058824,179.4635294117647,male,50-54,198,0.03634361233480176,0.0011972013474993522
E02006183,E07000196,7502,110688,91,2432,0.03741776315789474,280.70805921052636,female,50-54,332,0.04425486536923487,0.0016559180709705482
E02006183,E07000196,7502,110688,91,2432,0.03741776315789474,280.70805921052636,male,50-54,331,0.04412156758197814,0.0016509303659375046
E02006008,E06000051,7797,310774,11,2787,0.003946896304269824,30.773950484391815,female,50-54,312,0.04001539053482109,0.00015793659701579903
E02006008,E06000051,7797,310774,11,2787,0.003946896304269824,30.773950484391815,male,50-54,317,0.04065666281903296,0.00016046763222438555
E02006009,E06000051,7325,310774,27,2987,0.009039169735520589,66.21191831268831,female,50-54,221,0.030170648464163823,0.00027271761249830035
E02006009,E06000051,7325,310774,27,2987,0.009039169735520589,66.21191831268831,male,50-54,247,0.03372013651877133,0.0003048020374981004
E02006185,E07000196,7124,110688,1799,3014,0.5968812209688122,4252.181818181818,female,50-54,291,0.04084783829309377,0.024381307594318412
E02006185,E07000196,7124,110688,1799,3014,0.5968812209688122,4252.181818181818,male,50-54,298,0.04183043234138124,0.02496779952957693
E02002007,E08000027,8924,315653,3107,3605,0.8618585298196949,7691.225520110957,female,50-54,308,0.03451367099955177,0.02974590174635433
E02002007,E08000027,8924,315653,3107,3605,0.8618585298196949,7691.225520110957,male,50-54,310,0.034737785746302104,0.029939056952499484
E02002941,E06000020,10177,169768,25,4322,0.005784359093012495,58.86742248958816,female,50-54,355,0.034882578362975335,0.00020177335934159728
E02002941,E06000020,10177,169768,25,4322,0.005784359093012495,58.86742248958816,male,50-54,359,0.035275621499459564,0.00020404686198206598
E02002080,E08000028,6839,316289,2355,3075,0.7658536585365854,5237.673170731708,female,50-54,214,0.0312911244333967,0.023964422127040398
E02002080,E08000028,6839,316289,2355,3075,0.7658536585365854,5237.673170731708,male,50-54,256,0.037432373153969876,0.02866771992767449
E02001925,E08000025,6588,1101521,11,2553,0.004308656482569526,28.385428907168038,female,50-54,194,0.0294474802671524,0.0001268790767484044
E02001925,E08000025,6588,1101521,11,2553,0.004308656482569526,28.385428907168038,male,50-54,151,0.02292046144505161,9.87563947887065e-05
E02001890,E08000025,10590,1101521,18,3528,0.00510204081632653,54.03061224489795,female,50-54,219,0.020679886685552408,0.00010550962594669595
E02001890,E08000025,10590,1101521,18,3528,0.00510204081632653,54.03061224489795,male,50-54,303,0.028611898016997168,0.00014597907151529167
E02002038,E08000027,9391,315653,2749,3729,0.7371949584338965,6922.997854652722,female,50-54,282,0.030028750931743158,0.022137043794948227
E02002038,E08000027,9391,315653,2749,3729,0.7371949584338965,6922.997854652722,male,50-54,315,0.0335427537003514,0.02472754891988898
E02002946,E06000020,7932,169768,24,2991,0.00802407221664995,63.6469408224674,female,50-54,312,0.039334341906202726,0.00031562160004977113
E02002946,E06000020,7932,169768,24,2991,0.00802407221664995,63.6469408224674,male,50-54,309,0.03895612708018154,0.0003125867769723694
E02002943,E06000020,10466,169768,33,4085,0.008078335373317013,84.54785801713587,female,50-54,327,0.03124402828205618,0.00025239973887585166
E02002943,E06000020,10466,169768,33,4085,0.008078335373317013,84.54785801713587,male,50-54,337,0.03219950315306708,0.0002601183853246545
E02001950,E08000025,8602,1101521,8,3466,0.002308136180034622,19.85458742065782,female,50-54,321,0.037316903045803304,8.613249404686278e-05
E02001950,E08000025,8602,1101521,8,3466,0.002308136180034622,19.85458742065782,male,50-54,297,0.034526854219948847,7.9692681407845e-05
E02002179,E08000031,6327,253250,182,2259,0.08056662239929172,509.74501992031867,female,50-54,226,0.03571993045677256,0.002877834149239755
E02002179,E08000031,6327,253250,182,2259,0.08056662239929172,509.74501992031867,male,50-54,234,0.03698435277382646,0.0029797043846110736
E02002932,E06000020,9089,169768,14,3567,0.003924866834875245,35.673114662181106,female,50-54,224,0.024645175486852237,9.672903190802672e-05
E02002932,E06000020,9089,169768,14,3567,0.003924866834875245,35.673114662181106,male,50-54,238,0.026185498954780503,0.0001027745964022784
E02006704,E07000234,6898,95519,9,2842,0.0031667839549612948,21.84447572132301,female,50-54,256,0.0371122064366483,0.00011752633987678913
E02006704,E07000234,6898,95519,9,2842,0.0031667839549612948,21.84447572132301,male,50-54,232,0.03363293708321253,0.00010650824551334017
E02006046,E06000051,8908,310774,21,3364,0.00624256837098692,55.608799048751486,female,50-54,368,0.041311180960933995,0.0002578878716348436
E02006046,E06000051,8908,310774,21,3364,0.00624256837098692,55.608799048751486,male,50-54,358,0.04018859452177818,0.00025088004903607065
E02006011,E06000051,5892,310774,35,2308,0.015164644714038129,89.35008665511265,female,50-54,199,0.033774609640190086,0.0005121799555488098
E02006011,E06000051,5892,310774,35,2308,0.015164644714038129,89.35008665511265,male,50-54,193,0.032756279701289887,0.0004967373438237202
E02006043,E06000051,6881,310774,9,2630,0.0034220532319391636,23.547148288973386,female,50-54,251,0.036477256212759775,0.00012482711251514752
E02006043,E06000051,6881,310774,9,2630,0.0034220532319391636,23.547148288973386,male,50-54,291,0.04229036477256213,0.0001447198794498324
E02006013,E06000051,7636,310774,234,3144,0.07442748091603053,568.3282442748092,female,50-54,349,0.04570455735987428,0.0034016750706776662
E02006013,E06000051,7636,310774,234,3144,0.07442748091603053,568.3282442748092,male,50-54,305,0.03994237820848612,0.0029728105918529744
E02002948,E06000020,7031,169768,13,2761,0.004708438971387179,33.105034407823254,female,50-54,195,0.027734319442469065,0.00013058535050782248
E02002948,E06000020,7031,169768,13,2761,0.004708438971387179,33.105034407823254,male,50-54,156,0.022187455553975253,0.00010446828040625799
E02002947,E06000020,6762,169768,17,2744,0.00619533527696793,41.892857142857146,female,50-54,250,0.03697131026323573,0.00022904966270955083
E02002947,E06000020,6762,169768,17,2744,0.00619533527696793,41.892857142857146,male,50-54,213,0.03149955634427684,0.0001951503126285373
E02006045,E06000051,11048,310774,9,4637,0.0019409100711667026,21.44317446624973,female,50-54,375,0.03394279507603186,6.58799128066178e-05
E02006045,E06000051,11048,310774,9,4637,0.0019409100711667026,21.44317446624973,male,50-54,395,0.035753077480086895,6.93935081563041e-05
E02002950,E06000020,5501,169768,15,2409,0.0062266500622665,34.25280199252802,female,50-54,178,0.03235775313579349,0.0002014804055777926
E02002950,E06000020,5501,169768,15,2409,0.0062266500622665,34.25280199252802,male,50-54,175,0.03181239774586439,0.00019808466840513317
E02006010,E06000051,11572,310774,39,4282,0.00910789350770668,105.39654367118169,female,50-54,435,0.03759073625993778,0.00034237242273180135
E02006010,E06000051,11572,310774,39,4282,0.00910789350770668,105.39654367118169,male,50-54,444,0.038368475630833045,0.00034945599009866623
E02006014,E06000051,9310,310774,60,3559,0.01685866816521495,156.9542006181512,female,50-54,325,0.03490870032223416,0.0005885141948114779
E02006014,E06000051,9310,310774,60,3559,0.01685866816521495,156.9542006181512,male,50-54,346,0.037164339419978515,0.0006265412658608349
E02002936,E06000020,8985,169768,13,3588,0.0036231884057971015,32.55434782608695,female,50-54,264,0.02938230383973289,0.00010645762260772787
E02002936,E06000020,8985,169768,13,3588,0.0036231884057971015,32.55434782608695,male,50-54,251,0.02793544796883695,0.00010121539119143822
E02002937,E06000020,10271,169768,19,3808,0.004989495798319327,51.247111344537814,female,50-54,432,0.04206016940901568,0.00020985903854288282
E02002937,E06000020,10271,169768,19,3808,0.004989495798319327,51.247111344537814,male,50-54,468,0.04556518352643365,0.0002273472917547897
E02002934,E06000020,5973,169768,8,2312,0.0034602076124567475,20.667820069204154,female,50-54,254,0.042524694458396115,0.0001471442714823395
E02002934,E06000020,5973,169768,8,2312,0.0034602076124567475,20.667820069204154,male,50-54,235,0.03934371337686255,0.00013613741652893617
E02002931,E06000020,6673,169768,12,2265,0.005298013245033113,35.35364238410596,female,50-54,257,0.038513412258354564,0.00020404456825618312
E02002931,E06000020,6673,169768,12,2265,0.005298013245033113,35.35364238410596,male,50-54,254,0.038063839352615016,0.00020166272504696696
E02002949,E06000020,5179,169768,19,2064,0.009205426356589148,47.6749031007752,female,50-54,185,0.035721181695307976,0.00032882870746649785
E02002949,E06000020,5179,169768,19,2064,0.009205426356589148,47.6749031007752,male,50-54,190,0.036686619038424406,0.00033771596983045725
E02002933,E06000020,8266,169768,8,3198,0.0025015634771732333,20.677923702313947,female,50-54,324,0.039196709412049356,9.805305669055499e-05
E02002933,E06000020,8266,169768,8,3198,0.0025015634771732333,20.677923702313947,male,50-54,363,0.04391483184127752,0.00010985573944034402
E02006012,E06000051,6249,310774,51,2517,0.02026221692491061,126.6185935637664,female,50-54,258,0.04128660585693711,0.0008365581639665446
E02006012,E06000051,6249,310774,51,2517,0.02026221692491061,126.6185935637664,male,50-54,261,0.041766682669227076,0.0008462855844777835
E02002938,E06000020,7041,169768,10,2924,0.003419972640218878,24.08002735978112,female,50-54,230,0.03266581451498367,0.00011171619191170885
E02002938,E06000020,7041,169768,10,2924,0.003419972640218878,24.08002735978112,male,50-54,221,0.03138758699048431,0.00010734468874994633
E02002935,E06000020,6539,169768,17,2641,0.006436955698599016,42.091253313138964,female,50-54,223,0.03410307386450528,0.0002195199756518704
E02002935,E06000020,6539,169768,17,2641,0.006436955698599016,42.091253313138964,male,50-54,203,0.031044502217464444,0.00019983208545887754
E02002942,E06000020,6480,169768,12,2164,0.005545286506469501,35.93345656192236,female,50-54,272,0.04197530864197531,0.0002327651126172383
E02002942,E06000020,6480,169768,12,2164,0.005545286506469501,35.93345656192236,male,50-54,261,0.04027777777777778,0.00022335181762168823
E02002940,E06000020,6097,169768,8,2441,0.0032773453502662844,19.981974600573537,female,50-54,221,0.03624733475479744,0.00011879503401818088
E02002940,E06000020,6097,169768,8,2441,0.0032773453502662844,19.981974600573537,male,50-54,224,0.03673938002296211,0.0001204076362899209
E02002945,E06000020,9464,169768,23,3482,0.006605399195864446,62.51349798966112,female,50-54,306,0.0323330515638208,0.00021357271279950554
E02002945,E06000020,9464,169768,23,3482,0.006605399195864446,62.51349798966112,male,50-54,300,0.03169907016060862,0.00020938501254853483
E02001851,E08000025,8705,1101521,11,3747,0.0029356818788364024,25.55511075527088,female,50-54,342,0.039287765651924184,0.00011533638168432506
E02001851,E08000025,8705,1101521,11,3747,0.0029356818788364024,25.55511075527088,male,50-54,318,0.03653072946582424,0.00010724260051349523
E02006770,E07000239,7445,98999,86,3002,0.028647568287808126,213.2811459027315,female,50-54,199,0.026729348556077906,0.0007657308380488673
E02006770,E07000239,7445,98999,86,3002,0.028647568287808126,213.2811459027315,male,50-54,209,0.028072531900604433,0.0008042097746342376
E02006775,E07000239,5234,98999,39,2137,0.018249883013570427,95.51988769302761,female,50-54,153,0.029231944975162398,0.0005334795760558417
E02006775,E07000239,5234,98999,39,2137,0.018249883013570427,95.51988769302761,male,50-54,160,0.030569354222392053,0.0005578871383590501
E02006752,E07000238,6978,120007,9,2110,0.0042654028436018955,29.763981042654027,female,50-54,271,0.03883634279163084,0.00016565264697852018
E02006752,E07000238,6978,120007,9,2110,0.0042654028436018955,29.763981042654027,male,50-54,262,0.037546574949842364,0.00016015126755856933
E02006769,E07000239,7260,98999,102,2631,0.03876852907639681,281.4595210946408,female,50-54,236,0.032506887052341595,0.0012602441958718521
E02006769,E07000239,7260,98999,102,2631,0.03876852907639681,281.4595210946408,male,50-54,253,0.03484848484848485,0.0013510244981168587
E02006780,E07000239,5841,98999,29,2373,0.012220817530552043,71.38179519595448,female,50-54,200,0.0342407122068139,0.00041844949599561865
E02006780,E07000239,5841,98999,29,2373,0.012220817530552043,71.38179519595448,male,50-54,192,0.03287108371854135,0.00040171151615579396
E02006710,E07000235,8023,76224,16,3073,0.005206638464041653,41.77286039700618,female,50-54,308,0.03838962981428393,0.00019988092321137095
E02006710,E07000235,8023,76224,16,3073,0.005206638464041653,41.77286039700618,male,50-54,298,0.037143213261872116,0.00019339128284736538
E02006772,E07000239,6487,98999,81,2650,0.030566037735849056,198.28188679245284,female,50-54,220,0.03391398180977339,0.001036616047770432
E02006772,E07000239,6487,98999,81,2650,0.030566037735849056,198.28188679245284,male,50-54,210,0.03237243718205642,0.0009894971365081396
E02006768,E07000239,6929,98999,76,2622,0.028985507246376812,200.84057971014494,female,50-54,244,0.03521431664020782,0.0010207048301509513
E02006768,E07000239,6929,98999,76,2622,0.028985507246376812,200.84057971014494,male,50-54,231,0.0333381440323279,0.0009663230154297941
E02006776,E07000239,6600,98999,50,2264,0.022084805653710248,145.75971731448763,female,50-54,262,0.039696969696969696,0.0008766998607988007
E02006776,E07000239,6600,98999,50,2264,0.022084805653710248,145.75971731448763,male,50-54,240,0.03636363636363636,0.0008030838419530999
E02006779,E07000239,7763,98999,47,2986,0.015740120562625585,122.19055592766242,female,50-54,289,0.03722787582120314,0.0005859712537161914
E02006779,E07000239,7763,98999,47,2986,0.015740120562625585,122.19055592766242,male,50-54,324,0.0417364420971274,0.0006569366304638271
E02006773,E07000239,8336,98999,90,3333,0.027002700270027002,225.09450945094508,female,50-54,255,0.03059021113243762,0.0008260183024060563
E02006773,E07000239,8336,98999,90,3333,0.027002700270027002,225.09450945094508,male,50-54,242,0.029030710172744723,0.0007839075654206496
E02006778,E07000239,6883,98999,44,2683,0.016399552739470743,112.87812150577712,female,50-54,224,0.03254394885950893,0.0005337062056721554
E02006778,E07000239,6883,98999,44,2683,0.016399552739470743,112.87812150577712,male,50-54,231,0.03356094726136859,0.0005503845245994104
E02006771,E07000239,6656,98999,74,2584,0.02863777089783282,190.61300309597524,female,50-54,262,0.03936298076923077,0.0011272680251250297
E02006771,E07000239,6656,98999,74,2584,0.02863777089783282,190.61300309597524,male,50-54,240,0.036057692307692304,0.0010326119314122409
E02006767,E07000239,8853,98999,423,3438,0.12303664921465969,1089.2434554973822,female,50-54,351,0.039647577092511016,0.004878105034942455
E02006767,E07000239,8853,98999,423,3438,0.12303664921465969,1089.2434554973822,male,50-54,345,0.03896984073195527,0.004794718624088738
E02006711,E07000235,7992,76224,13,2603,0.004994237418363427,39.91394544756051,female,50-54,328,0.04104104104104104,0.00020496870285575624
E02006711,E07000235,7992,76224,13,2603,0.004994237418363427,39.91394544756051,male,50-54,336,0.042042042042042045,0.0002099679395107747
E02006697,E07000234,7343,95519,582,2760,0.2108695652173913,1548.4152173913044,female,50-54,311,0.04235326160969631,0.008931013861175091
E02006697,E07000234,7343,95519,582,2760,0.2108695652173913,1548.4152173913044,male,50-54,330,0.044940759907394795,0.009476638502211511
E02006748,E07000238,6695,120007,28,2468,0.011345218800648298,75.95623987034035,female,50-54,264,0.039432412247946226,0.00044736934479031374
E02006748,E07000238,6695,120007,28,2468,0.011345218800648298,75.95623987034035,male,50-54,266,0.039731142643764004,0.0004507585064932707
E02006753,E07000238,6436,120007,20,2175,0.009195402298850575,59.181609195402295,female,50-54,268,0.041640770665009326,0.0003829036382989363
E02006753,E07000238,6436,120007,20,2175,0.009195402298850575,59.181609195402295,male,50-54,244,0.03791174642635177,0.0003486137602423151
E02006707,E07000234,6848,95519,9,2196,0.004098360655737705,28.065573770491806,female,50-54,262,0.038259345794392524,0.00015680059751800216
E02006707,E07000234,6848,95519,9,2196,0.004098360655737705,28.065573770491806,male,50-54,279,0.040741822429906545,0.00016697468208978094
E02001895,E08000025,8221,1101521,8,3569,0.002241524236480807,18.427570748108714,female,50-54,270,0.03284271986376353,7.36177525665756e-05
E02001895,E08000025,8221,1101521,8,3569,0.002241524236480807,18.427570748108714,male,50-54,223,0.027125653813404694,6.080281045313465e-05
E02006706,E07000234,7094,95519,13,2640,0.004924242424242424,34.932575757575755,female,50-54,255,0.03594586974908373,0.00017700617679473047
E02006706,E07000234,7094,95519,13,2640,0.004924242424242424,34.932575757575755,male,50-54,214,0.030166337750211446,0.00014854636013361696
E02006703,E07000234,7229,95519,11,2633,0.004177744018230156,30.200911507785797,female,50-54,298,0.04122285240005533,0.00017221852502871579
E02006703,E07000234,7229,95519,11,2633,0.004177744018230156,30.200911507785797,male,50-54,290,0.04011619864434915,0.00016759520892056234
E02006705,E07000234,7134,95519,14,2719,0.0051489518205222505,36.732622287605736,female,50-54,262,0.036725539669189795,0.00018909803433933694
E02006705,E07000234,7134,95519,14,2719,0.0051489518205222505,36.732622287605736,male,50-54,238,0.03336136809643959,0.00017177607699527556
E02006702,E07000234,5790,95519,23,2326,0.009888220120378332,57.25279449699054,female,50-54,205,0.03540587219343696,0.000350101057802687
E02006702,E07000234,5790,95519,23,2326,0.009888220120378332,57.25279449699054,male,50-54,183,0.031606217616580314,0.00031252923696532554
E02006708,E07000234,8466,95519,12,3221,0.003725551071095933,31.54051536789817,female,50-54,269,0.031774155445310655,0.00011837623885244579
E02006708,E07000234,8466,95519,12,3221,0.003725551071095933,31.54051536789817,male,50-54,274,0.03236475313016773,0.00012057654068985182
E02006709,E07000234,7862,95519,12,2822,0.004252303330970942,33.43160878809355,female,50-54,314,0.03993894683286695,0.0001698325166528715
E02006709,E07000234,7862,95519,12,2822,0.004252303330970942,33.43160878809355,male,50-54,336,0.042737216993131516,0.00018173161017632112
E02006774,E07000239,7573,98999,64,2899,0.02207657813038979,167.18592618144186,female,50-54,240,0.03169153571900172,0.0006996406643725801
E02006774,E07000239,7573,98999,64,2899,0.02207657813038979,167.18592618144186,male,50-54,259,0.03420044896342268,0.0007550288836354093
E02001946,E08000025,7631,1101521,11,3033,0.003626772172766238,27.67589845037916,female,50-54,282,0.036954527584851266,0.0001340256523024609
E02001946,E08000025,7631,1101521,11,3033,0.003626772172766238,27.67589845037916,male,50-54,285,0.037347660857030535,0.0001354514571141892
E02006901,E08000025,15014,1101521,10,5840,0.0017123287671232876,25.70890410958904,female,50-54,273,0.018183029172772078,3.1135323925979585e-05
E02006901,E08000025,15014,1101521,10,5840,0.0017123287671232876,25.70890410958904,male,50-54,296,0.01971493272945251,3.375844645454197e-05
E02006187,E07000196,7313,110688,2369,2947,0.8038683406854428,5878.689175432643,female,50-54,322,0.0440311773553945,0.03539526947910742
E02006187,E07000196,7313,110688,2369,2947,0.8038683406854428,5878.689175432643,male,50-54,296,0.04047586489812662,0.032537266353465204
E02006777,E07000239,7139,98999,73,2644,0.02760968229954614,197.1055219364599,female,50-54,290,0.04062193584535649,0.001121558743082838
E02006777,E07000239,7139,98999,73,2644,0.02760968229954614,197.1055219364599,male,50-54,278,0.03894102815520381,0.0010751494157828585
E02002002,E08000027,6982,315653,2194,2941,0.7460047602856171,5208.605236314179,female,50-54,221,0.0316528215411057,0.023613155546135977
E02002002,E08000027,6982,315653,2194,2941,0.7460047602856171,5208.605236314179,male,50-54,240,0.03437410484101976,0.02564324584195762
E02002013,E08000027,6563,315653,2277,2637,0.863481228668942,5667.027303754266,female,50-54,257,0.03915892122504952,0.03381299341275607
E02002013,E08000027,6563,315653,2277,2637,0.863481228668942,5667.027303754266,male,50-54,253,0.038549443851897,0.03328672114174041
E02002078,E08000028,6286,316289,58,2651,0.02187853640135798,137.52847981893626,female,50-54,235,0.03738466433343939,0.000817921739471703
E02002078,E08000028,6286,316289,58,2651,0.02187853640135798,137.52847981893626,male,50-54,223,0.03547566019726376,0.0007761555229880415
E02002029,E08000027,5821,315653,910,2458,0.37021969080553296,2155.048820179007,female,50-54,222,0.03813777701425872,0.014119356014229225
E02002029,E08000027,5821,315653,910,2458,0.37021969080553296,2155.048820179007,male,50-54,222,0.03813777701425872,0.014119356014229225
E02006696,E07000234,6224,95519,830,2309,0.3594629709831096,2237.297531398874,female,50-54,227,0.03647172236503856,0.013110233678207885
E02006696,E07000234,6224,95519,830,2309,0.3594629709831096,2237.297531398874,male,50-54,229,0.03679305912596401,0.013225742344976237
E02002035,E08000027,6215,315653,1133,2623,0.43194815097216926,2684.557758292032,female,50-54,241,0.03877715205148834,0.01674971912860705
E02002035,E08000027,6215,315653,1133,2623,0.43194815097216926,2684.557758292032,male,50-54,222,0.03572003218020917,0.015429201852907736
E02002027,E08000027,5585,315653,1634,1917,0.8523735002608243,4760.5059989567035,female,50-54,239,0.04279319606087735,0.036475786313757745
E02002027,E08000027,5585,315653,1634,1917,0.8523735002608243,4760.5059989567035,male,50-54,250,0.044762757385854966,0.03815458819430726
E02002023,E08000027,5328,315653,1842,2111,0.8725722406442444,4649.064898152535,female,50-54,187,0.0350975975975976,0.030625189376965786
E02002023,E08000027,5328,315653,1842,2111,0.8725722406442444,4649.064898152535,male,50-54,167,0.031343843843843845,0.027349768053226132
E02002036,E08000027,6538,315653,2415,2792,0.8649713467048711,5655.182664756447,female,50-54,197,0.03013153869684919,0.02606291760490358
E02002036,E08000027,6538,315653,2415,2792,0.8649713467048711,5655.182664756447,male,50-54,222,0.033955338023860505,0.02937039445831774
E02002006,E08000027,6484,315653,2371,2774,0.8547224224945926,5542.020187454938,female,50-54,224,0.03454657618753856,0.029527733287906963
E02002006,E08000027,6484,315653,2371,2774,0.8547224224945926,5542.020187454938,male,50-54,229,0.03531770512029611,0.03018683447736917
E02002039,E08000027,6423,315653,2050,2529,0.8105970739422697,5206.465005931198,female,50-54,209,0.032539311848046086,0.026376270972121186
E02002039,E08000027,6423,315653,2050,2529,0.8105970739422697,5206.465005931198,male,50-54,218,0.033940526233847114,0.02751209125321731
E02002024,E08000027,8489,315653,3028,3483,0.8693654895205283,7380.043640539765,female,50-54,251,0.029567675815761574,0.025705116959553846
E02002024,E08000027,8489,315653,3028,3483,0.8693654895205283,7380.043640539765,male,50-54,264,0.03109906938390859,0.027036457678574564
E02002009,E08000027,6697,315653,2392,2910,0.8219931271477663,5504.887972508591,female,50-54,226,0.0337464536359564,0.02773935295436691
E02002009,E08000027,6697,315653,2392,2910,0.8219931271477663,5504.887972508591,male,50-54,166,0.024787218157383904,0.020374922966481888
E02002018,E08000027,8990,315653,2997,3484,0.8602181400688863,7733.361079219288,female,50-54,358,0.03982202447163515,0.03425562782476767
E02002018,E08000027,8990,315653,2997,3484,0.8602181400688863,7733.361079219288,male,50-54,313,0.034816462736373746,0.02994975281886111
E02002033,E08000027,7674,315653,2219,2966,0.7481456507080243,5741.269723533378,female,50-54,265,0.034532186604117804,0.025835105217308633
E02002033,E08000027,7674,315653,2219,2966,0.7481456507080243,5741.269723533378,male,50-54,266,0.03466249674224655,0.025932596180392817
E02002017,E08000027,8443,315653,3414,3928,0.8691446028513238,7338.187881873727,female,50-54,252,0.029847210707094635,0.025941542096237547
E02002017,E08000027,8443,315653,3414,3928,0.8691446028513238,7338.187881873727,male,50-54,244,0.02889968020845671,0.025118001077309368
E02002041,E08000027,6174,315653,2055,2549,0.8061985092193017,4977.469595919969,female,50-54,201,0.03255587949465501,0.0262465015149141
E02002041,E08000027,6174,315653,2055,2549,0.8061985092193017,4977.469595919969,male,50-54,224,0.036281179138321996,0.029249832534033623
E02002012,E08000027,8054,315653,3436,3885,0.8844272844272845,7123.177348777349,female,50-54,253,0.03141296250310405,0.027782481122436423
E02002012,E08000027,8054,315653,3436,3885,0.8844272844272845,7123.177348777349,male,50-54,272,0.033772038738515024,0.029868912511077896
E02002022,E08000027,8434,315653,3147,3556,0.8849831271091113,7463.947694038245,female,50-54,260,0.030827602561062366,0.02728190811576582
E02002022,E08000027,8434,315653,3147,3556,0.8849831271091113,7463.947694038245,male,50-54,263,0.031183305667536163,0.027596699363255428
E02002034,E08000027,7963,315653,2698,3216,0.8389303482587065,6680.40236318408,female,50-54,296,0.037171920130604046,0.031184651900612474
E02002034,E08000027,7963,315653,2698,3216,0.8389303482587065,6680.40236318408,male,50-54,290,0.0364184352630918,0.030552530578302758
E02002042,E08000027,8222,315653,2220,2974,0.7464694014794889,6137.471418964358,female,50-54,321,0.03904159571880321,0.02914335658901921
E02002042,E08000027,8222,315653,2220,2974,0.7464694014794889,6137.471418964358,male,50-54,310,0.037703721722208705,0.028144674587526338
E02002026,E08000027,7013,315653,2186,2562,0.853239656518345,5983.769711163153,female,50-54,287,0.04092399828889206,0.034917978243371596
E02002026,E08000027,7013,315653,2186,2562,0.853239656518345,5983.769711163153,male,50-54,233,0.03322401254812491,0.028348045054723284
E02002020,E08000027,9771,315653,3408,3903,0.8731744811683321,8531.787855495773,female,50-54,318,0.032545287073994476,0.02841771415530955
E02002020,E08000027,9771,315653,3408,3903,0.8731744811683321,8531.787855495773,male,50-54,346,0.03541090983522669,0.030919902823072654
E02002030,E08000027,6330,315653,2521,2903,0.8684119875990355,5497.047881501895,female,50-54,243,0.03838862559241706,0.033337142651906106
E02002030,E08000027,6330,315653,2521,2903,0.8684119875990355,5497.047881501895,male,50-54,205,0.03238546603475513,0.02812392692856276
E02002028,E08000027,5825,315653,2078,2430,0.8551440329218107,4981.213991769548,female,50-54,199,0.03416309012875537,0.029214362669775167
E02002028,E08000027,5825,315653,2078,2430,0.8551440329218107,4981.213991769548,male,50-54,200,0.034334763948497854,0.02936116851233685
E02002021,E08000027,7518,315653,2907,3277,0.8870918523039365,6669.156545620995,female,50-54,197,0.026203777600425644,0.023245157608921985
E02002021,E08000027,7518,315653,2907,3277,0.8870918523039365,6669.156545620995,male,50-54,224,0.0297951582867784,0.026431042154307232
E02002011,E08000027,5761,315653,2006,2316,0.8661485319516408,4989.881692573403,female,50-54,208,0.03610484290921715,0.031272156682163044
E02002011,E08000027,5761,315653,2006,2316,0.8661485319516408,4989.881692573403,male,50-54,190,0.03298038534976567,0.028565912353898933
E02002019,E08000027,8016,315653,2788,3247,0.8586387434554974,6882.848167539267,female,50-54,249,0.031062874251497005,0.02667178731542151
E02002019,E08000027,8016,315653,2788,3247,0.8586387434554974,6882.848167539267,male,50-54,275,0.0343063872255489,0.029456793219843035
E02002016,E08000027,7873,315653,3246,3671,0.8842277308635249,6961.524925088532,female,50-54,229,0.02908675219103264,0.025719312888066455
E02002016,E08000027,7873,315653,3246,3671,0.8842277308635249,6961.524925088532,male,50-54,239,0.03035691604216944,0.02684242698798202
E02002040,E08000027,6006,315653,1787,2238,0.7984807864164433,4795.675603217158,female,50-54,215,0.0357975357975358,0.028583644535387163
E02002040,E08000027,6006,315653,1787,2238,0.7984807864164433,4795.675603217158,male,50-54,189,0.03146853146853147,0.0251270177543636
E02002015,E08000027,6039,315653,2300,2613,0.880214313050134,5315.614236509759,female,50-54,242,0.04007285974499089,0.03527270471239152
E02002015,E08000027,6039,315653,2300,2613,0.880214313050134,5315.614236509759,male,50-54,250,0.04139758238118894,0.03643874453759455
E02002037,E08000027,5965,315653,1882,2241,0.8398036590807675,5009.428826416778,female,50-54,212,0.035540653813914504,0.029847171119048235
E02002037,E08000027,5965,315653,1882,2241,0.8398036590807675,5009.428826416778,male,50-54,219,0.03671416596814753,0.03083269092014888
E02001901,E08000025,8063,1101521,11,2791,0.003941239699032604,31.778215693299888,female,50-54,227,0.02815329281904998,0.00011095887531692932
E02001901,E08000025,8063,1101521,11,2791,0.003941239699032604,31.778215693299888,male,50-54,239,0.029641572615651743,0.00011682454273456437
E02006698,E07000234,6535,95519,10,2771,0.003608805485384338,23.583543846986647,female,50-54,262,0.04009181331293037,0.00014468355580270795
E02006698,E07000234,6535,95519,10,2771,0.003608805485384338,23.583543846986647,male,50-54,249,0.03810252486610559,0.00013750460074379498
E02001921,E08000025,7888,1101521,10,3211,0.003114294612270321,24.56555590158829,female,50-54,251,0.03182048681541582,9.909837064906827e-05
E02001921,E08000025,7888,1101521,10,3211,0.003114294612270321,24.56555590158829,male,50-54,203,0.025735294117647058,8.014728781578031e-05
E02001927,E08000025,7803,1101521,10,3616,0.0027654867256637168,21.579092920353983,female,50-54,278,0.03562732282455466,9.852688834224186e-05
E02001927,E08000025,7803,1101521,10,3616,0.0027654867256637168,21.579092920353983,male,50-54,232,0.029732154299628347,8.222387804100759e-05
E02001952,E08000025,9117,1101521,12,4047,0.0029651593773165306,27.03335804299481,female,50-54,307,0.033673357464078096,9.984687165034276e-05
E02001952,E08000025,9117,1101521,12,4047,0.0029651593773165306,27.03335804299481,male,50-54,315,0.034550839091806514,0.00010244874452722464
E02001913,E08000025,7746,1101521,14,2873,0.004872955099199443,37.74591019839888,female,50-54,183,0.023625096824167312,0.00011512403603840667
E02001913,E08000025,7746,1101521,14,2873,0.004872955099199443,37.74591019839888,male,50-54,190,0.024528789052414148,0.00011952768769014899
E02001932,E08000025,7076,1101521,14,3205,0.00436817472698908,30.90920436817473,female,50-54,214,0.030243075183719617,0.00013210703668395466
E02001932,E08000025,7076,1101521,14,3205,0.00436817472698908,30.90920436817473,male,50-54,183,0.02586206896551724,0.00011297003604282103
E02001899,E08000025,8050,1101521,17,3211,0.005294300840859545,42.61912176891934,female,50-54,231,0.028695652173913042,0.00015192341543336085
E02001899,E08000025,8050,1101521,17,3211,0.005294300840859545,42.61912176891934,male,50-54,273,0.03391304347826087,0.00017954585460306285
E02001911,E08000025,8103,1101521,21,3490,0.006017191977077364,48.75730659025788,female,50-54,225,0.027767493520918177,0.00016708233923761655
E02001911,E08000025,8103,1101521,21,3490,0.006017191977077364,48.75730659025788,male,50-54,208,0.025669505121559917,0.00015445834027299663
E02001951,E08000025,8399,1101521,21,3936,0.005335365853658537,44.81173780487805,female,50-54,273,0.032503869508274795,0.00017342003548622225
E02001951,E08000025,8399,1101521,21,3936,0.005335365853658537,44.81173780487805,male,50-54,229,0.027265150613168233,0.0001454695535763549
E02001928,E08000025,6890,1101521,23,3103,0.007412181759587496,51.06993232355784,female,50-54,231,0.033526850507982583,0.00024850710979168526
E02001928,E08000025,6890,1101521,23,3103,0.007412181759587496,51.06993232355784,male,50-54,229,0.03323657474600871,0.00024635553308353215
E02001920,E08000025,7512,1101521,52,3186,0.016321406151914627,122.60640301318267,female,50-54,230,0.030617678381256657,0.0004997235642891859
E02001920,E08000025,7512,1101521,52,3186,0.016321406151914627,122.60640301318267,male,50-54,222,0.029552715654952075,0.0004823418750965185
E02001906,E08000025,9284,1101521,90,3832,0.02348643006263048,218.04801670146136,female,50-54,316,0.034037052994398964,0.0007994088646909986
E02001906,E08000025,9284,1101521,90,3832,0.02348643006263048,218.04801670146136,male,50-54,306,0.032959931064196465,0.0007741111158083721
E02001935,E08000025,7920,1101521,9,3303,0.0027247956403269754,21.580381471389646,female,50-54,256,0.03232323232323232,8.807420251561941e-05
E02001935,E08000025,7920,1101521,9,3303,0.0027247956403269754,21.580381471389646,male,50-54,216,0.02727272727272727,7.431260837255387e-05
E02001926,E08000025,7401,1101521,9,2620,0.003435114503816794,25.42328244274809,female,50-54,186,0.02513173895419538,8.633040098769405e-05
E02001926,E08000025,7401,1101521,9,2620,0.003435114503816794,25.42328244274809,male,50-54,186,0.02513173895419538,8.633040098769405e-05
E02001919,E08000025,6664,1101521,8,2649,0.003020007550018875,20.125330313325783,female,50-54,196,0.029411764705882353,8.882375147114338e-05
E02001919,E08000025,6664,1101521,8,2649,0.003020007550018875,20.125330313325783,male,50-54,208,0.031212484993997598,9.426194033672359e-05
E02001938,E08000025,7790,1101521,8,2854,0.002803083391730904,21.83601962158374,female,50-54,253,0.0324775353016688,9.103723980846195e-05
E02001938,E08000025,7790,1101521,8,2854,0.002803083391730904,21.83601962158374,male,50-54,278,0.035686777920410785,0.0001000330144930926
E02002168,E08000031,11027,253250,76,3901,0.019482184055370416,214.8300435785696,female,55-59,219,0.019860342794957832,0.0003869228537341182
E02002168,E08000031,11027,253250,76,3901,0.019482184055370416,214.8300435785696,male,55-59,242,0.021946132220912306,0.0004275585872313087
E02006130,E07000192,7338,98508,16,1959,0.00816743236345074,59.932618683001536,female,55-59,232,0.03161624420823113,0.00025822353615706896
E02006130,E07000192,7338,98508,16,1959,0.00816743236345074,59.932618683001536,male,55-59,230,0.03134369037884982,0.00025599747119019764
E02006177,E07000196,9842,110688,32,3021,0.010592519033432638,104.25157232704403,female,55-59,350,0.03556187766714083,0.0003766898660537923
E02006177,E07000196,9842,110688,32,3021,0.010592519033432638,104.25157232704403,male,55-59,309,0.03139605771184718,0.00033256333888749084
E02002134,E08000030,8444,273933,35,3485,0.010043041606886656,84.80344332855093,female,55-59,240,0.028422548555187114,0.0002854488377135004
E02002134,E08000030,8444,273933,35,3485,0.010043041606886656,84.80344332855093,male,55-59,235,0.02783041212695405,0.0002795019869278025
E02002120,E08000030,6211,273933,24,2204,0.010889292196007259,67.63339382940109,female,55-59,268,0.04314925132828852,0.00046986480575268805
E02002120,E08000030,6211,273933,24,2204,0.010889292196007259,67.63339382940109,male,55-59,265,0.0426662373208823,0.00046460512509127733
E02002129,E08000030,5759,273933,34,2402,0.014154870940882597,81.51790174854288,female,55-59,196,0.03403368640388956,0.0004817424386895275
E02002129,E08000030,5759,273933,34,2402,0.014154870940882597,81.51790174854288,male,55-59,192,0.033339121375238756,0.0004719109603489249
E02002131,E08000030,7803,273933,19,2882,0.00659264399722415,51.44240111034004,female,55-59,269,0.034473920287069075,0.0002272742836413298
E02002131,E08000030,7803,273933,19,2882,0.00659264399722415,51.44240111034004,male,55-59,285,0.03652441368704344,0.00024079245664601853
E02006175,E07000196,7115,110688,15,1490,0.010067114093959731,71.62751677852349,female,55-59,187,0.026282501756851723,0.00026458894386092335
E02006175,E07000196,7115,110688,15,1490,0.010067114093959731,71.62751677852349,male,55-59,205,0.02881236823612087,0.0002900573983502101
E02006155,E07000194,5739,102062,10,2456,0.004071661237785016,23.36726384364821,female,55-59,141,0.024568740198640877,0.0001000355871280166
E02006155,E07000194,5739,102062,10,2456,0.004071661237785016,23.36726384364821,male,55-59,139,0.02422024742986583,9.861664262974687e-05
E02006129,E07000192,7951,98508,11,2006,0.005483549351944167,43.599700897308075,female,55-59,172,0.021632499056722425,0.00011862287618342306
E02006129,E07000192,7951,98508,11,2006,0.005483549351944167,43.599700897308075,male,55-59,200,0.02515406867060747,0.00013793357695746867
E02006180,E07000196,6835,110688,36,2673,0.013468013468013467,92.05387205387206,female,55-59,239,0.03496708119970739,0.0004709371205347796
E02006180,E07000196,6835,110688,36,2673,0.013468013468013467,92.05387205387206,male,55-59,217,0.03174835405998537,0.000427587260067143
E02002043,E08000028,8799,316289,31,3725,0.00832214765100671,73.22657718120804,female,55-59,247,0.02807137174678941,0.00023361410044307962
E02002043,E08000028,8799,316289,31,3725,0.00832214765100671,73.22657718120804,male,55-59,273,0.031026252983293555,0.0002582050583844564
E02002148,E08000030,11314,273933,12,4622,0.0025962786672436176,29.37429684119429,female,55-59,291,0.025720346473395793,6.677718686299211e-05
E02002148,E08000030,11314,273933,12,4622,0.0025962786672436176,29.37429684119429,male,55-59,272,0.024041011136644863,6.241716435303729e-05
E02006126,E07000192,8412,98508,11,1815,0.006060606060606061,50.981818181818184,female,55-59,261,0.031027104136947217,0.00018804305537543768
E02006126,E07000192,8412,98508,11,1815,0.006060606060606061,50.981818181818184,male,55-59,278,0.03304802662862577,0.0002002910704765198
E02002046,E08000028,5770,316289,16,2410,0.006639004149377593,38.30705394190871,female,55-59,162,0.028076256499133447,0.00018639838339673659
E02002046,E08000028,5770,316289,16,2410,0.006639004149377593,38.30705394190871,male,55-59,170,0.029462738301559793,0.0001956032418360816
E02002047,E08000028,6640,316289,124,3214,0.038581207218419414,256.1792159303049,female,55-59,210,0.03162650602409638,0.0012201887825102524
E02002047,E08000028,6640,316289,124,3214,0.038581207218419414,256.1792159303049,male,55-59,236,0.035542168674698796,0.0013712597746305696
E02002045,E08000028,7925,316289,34,3323,0.01023171832681312,81.08636773999399,female,55-59,235,0.02965299684542587,0.00030340111126827554
E02002045,E08000028,7925,316289,34,3323,0.01023171832681312,81.08636773999399,male,55-59,249,0.03141955835962145,0.0003214760710885132
E02002044,E08000028,7501,316289,27,3214,0.008400746733042938,63.014001244555075,female,55-59,179,0.023863484868684174,0.00020047109254961814
E02002044,E08000028,7501,316289,27,3214,0.008400746733042938,63.014001244555075,male,55-59,207,0.027596320490601255,0.00023182969920542437
E02006178,E07000196,7888,110688,18,2689,0.00669393826701376,52.801785050204536,female,55-59,245,0.031059837728194727,0.0002079126363360004
E02006178,E07000196,7888,110688,18,2689,0.00669393826701376,52.801785050204536,male,55-59,237,0.030045638945233266,0.0002011236522923759
E02002146,E08000030,6578,273933,19,2657,0.007150922092585623,47.038765525028225,female,55-59,155,0.02356339312861052,0.00016849998849966124
E02002146,E08000030,6578,273933,19,2657,0.007150922092585623,47.038765525028225,male,55-59,148,0.02249923989054424,0.00016089031159967655
E02002110,E08000030,6695,273933,15,2592,0.005787037037037037,38.74421296296296,female,55-59,192,0.028678117998506347,0.00016596133100987468
E02002110,E08000030,6695,273933,15,2592,0.005787037037037037,38.74421296296296,male,55-59,192,0.028678117998506347,0.00016596133100987468
E02002112,E08000030,5455,273933,19,2078,0.009143407122232916,49.877285851780556,female,55-59,193,0.03538038496791934,0.0003234972639030161
E02002112,E08000030,5455,273933,19,2078,0.009143407122232916,49.877285851780556,male,55-59,182,0.033363886342804766,0.0003050595960121706
E02002113,E08000030,6555,273933,20,2632,0.007598784194528876,49.81003039513678,female,55-59,197,0.03005339435545385,0.00022836925802016605
E02002113,E08000030,6555,273933,20,2632,0.007598784194528876,49.81003039513678,male,55-59,181,0.02761250953470633,0.00020982150102360434
E02002124,E08000030,7088,273933,25,2905,0.008605851979345954,60.998278829604125,female,55-59,190,0.0268058690744921,0.00023068734143280635
E02002124,E08000030,7088,273933,25,2905,0.008605851979345954,60.998278829604125,male,55-59,197,0.027793453724604966,0.00023918634874875184
E02002114,E08000030,6027,273933,12,2486,0.004827031375703942,29.092518101367656,female,55-59,170,0.02820640451302472,0.0001361531995801676
E02002114,E08000030,6027,273933,12,2486,0.004827031375703942,29.092518101367656,male,55-59,183,0.030363364858138377,0.0001465649148421804
E02002116,E08000030,6796,273933,28,2645,0.01058601134215501,71.94253308128545,female,55-59,259,0.03811065332548558,0.0004034398083605279
E02002116,E08000030,6796,273933,28,2645,0.01058601134215501,71.94253308128545,male,55-59,252,0.03708063566804003,0.00039253602975618934
E02002138,E08000030,6485,273933,16,2394,0.006683375104427736,43.34168755221386,female,55-59,166,0.025597532767925982,0.0001710779132359297
E02002138,E08000030,6485,273933,16,2394,0.006683375104427736,43.34168755221386,male,55-59,178,0.027447956823438705,0.00018344499130117765
E02002145,E08000030,7105,273933,41,3016,0.013594164456233421,96.58653846153845,female,55-59,145,0.02040816326530612,0.0002774319276782331
E02002145,E08000030,7105,273933,41,3016,0.013594164456233421,96.58653846153845,male,55-59,174,0.024489795918367346,0.0003329183132138797
E02002147,E08000030,8031,273933,66,3184,0.0207286432160804,166.4717336683417,female,55-59,184,0.022911219026273192,0.00047491848484109003
E02002147,E08000030,8031,273933,66,3184,0.0207286432160804,166.4717336683417,male,55-59,199,0.02477898144689329,0.0005136346656705267
E02002119,E08000030,5943,273933,23,2452,0.009380097879282219,55.74592169657423,female,55-59,198,0.03331650681474003,0.0003125120949180345
E02002119,E08000030,5943,273933,23,2452,0.009380097879282219,55.74592169657423,male,55-59,196,0.03297997644287397,0.00030935540709057965
E02002117,E08000030,6391,273933,22,2461,0.008939455505891914,57.132060138155225,female,55-59,251,0.039273979033015174,0.0003510879881049711
E02002117,E08000030,6391,273933,22,2461,0.008939455505891914,57.132060138155225,male,55-59,216,0.03379752777343139,0.0003021314957397361
E02002132,E08000030,6479,273933,39,2806,0.013898788310762652,90.05024946543122,female,55-59,193,0.029788547615372744,0.00041402471739113936
E02002132,E08000030,6479,273933,39,2806,0.013898788310762652,90.05024946543122,male,55-59,158,0.02438647939496836,0.0003389425147554405
E02002139,E08000030,9513,273933,49,4150,0.011807228915662651,112.3221686746988,female,55-59,203,0.021339220014716703,0.00025195705559545025
E02002139,E08000030,9513,273933,49,4150,0.011807228915662651,112.3221686746988,male,55-59,271,0.02848733312309471,0.0003363564633811183
E02002136,E08000030,7706,273933,44,3044,0.01445466491458607,111.38764783180027,female,55-59,232,0.03010641058915131,0.00043517807684712804
E02002136,E08000030,7706,273933,44,3044,0.01445466491458607,111.38764783180027,male,55-59,201,0.026083571243187127,0.00037702928209600316
E02002118,E08000030,7347,273933,27,3045,0.008866995073891626,65.14581280788178,female,55-59,223,0.030352524840070776,0.0002691356882370808
E02002118,E08000030,7347,273933,27,3045,0.008866995073891626,65.14581280788178,male,55-59,227,0.030896964747515993,0.00027396323421442754
E02002128,E08000030,5558,273933,17,2321,0.007324429125376993,40.70917707884533,female,55-59,195,0.035084562792371356,0.00025697439356756275
E02002128,E08000030,5558,273933,17,2321,0.007324429125376993,40.70917707884533,male,55-59,173,0.031126304426052537,0.00022798241070353002
E02002142,E08000030,6831,273933,27,2814,0.009594882729211088,65.54264392324095,female,55-59,169,0.024740155174937783,0.00023737888760601286
E02002142,E08000030,6831,273933,27,2814,0.009594882729211088,65.54264392324095,male,55-59,169,0.024740155174937783,0.00023737888760601286
E02002123,E08000030,6475,273933,29,2966,0.009777478084962913,63.30917060013486,female,55-59,161,0.024864864864864864,0.0002431156713017805
E02002123,E08000030,6475,273933,29,2966,0.009777478084962913,63.30917060013486,male,55-59,178,0.02749034749034749,0.0002687862701348878
E02002144,E08000030,6676,273933,16,2662,0.006010518407212622,40.126220886551465,female,55-59,235,0.03520071899340923,0.00021157456945700514
E02002144,E08000030,6676,273933,16,2662,0.006010518407212622,40.126220886551465,male,55-59,215,0.03220491312162972,0.00019356822312023876
E02002133,E08000030,6723,273933,23,2899,0.00793377026560883,53.338737495688164,female,55-59,213,0.03168228469433289,0.000251359968254452
E02002133,E08000030,6723,273933,23,2899,0.00793377026560883,53.338737495688164,male,55-59,180,0.02677376171352075,0.00021241687458122704
E02002125,E08000030,6150,273933,21,2579,0.0081426909654905,50.07754943776657,female,55-59,181,0.02943089430894309,0.00023964667719573665
E02002125,E08000030,6150,273933,21,2579,0.0081426909654905,50.07754943776657,male,55-59,190,0.030894308943089432,0.00025156281031596666
E02002111,E08000030,6159,273933,24,2566,0.009353078721745909,57.60561184723305,female,55-59,174,0.0282513395031661,0.0002642370023678825
E02002111,E08000030,6159,273933,24,2566,0.009353078721745909,57.60561184723305,male,55-59,173,0.02808897548303296,0.0002627183989059981
E02002122,E08000030,5626,273933,26,2451,0.010607915136678907,59.68013055895553,female,55-59,135,0.023995734091717028,0.0002545447108872471
E02002122,E08000030,5626,273933,26,2451,0.010607915136678907,59.68013055895553,male,55-59,127,0.022573764664059724,0.00023946057987170657
E02002115,E08000030,6774,273933,19,2716,0.006995581737849779,47.388070692194404,female,55-59,169,0.02494833185710068,0.00017452809472934939
E02002115,E08000030,6774,273933,19,2716,0.006995581737849779,47.388070692194404,male,55-59,165,0.024357838795394153,0.0001703972522505482
E02002143,E08000030,10020,273933,34,3975,0.008553459119496854,85.70566037735848,female,55-59,197,0.01966067864271457,0.00016816681103202399
E02002143,E08000030,10020,273933,34,3975,0.008553459119496854,85.70566037735848,male,55-59,202,0.020159680638722553,0.00017243500420542558
E02002130,E08000030,6711,273933,30,2715,0.011049723756906077,74.15469613259668,female,55-59,164,0.024437490686931903,0.00027002752140256245
E02002130,E08000030,6711,273933,30,2715,0.011049723756906077,74.15469613259668,male,55-59,136,0.020265236179406943,0.00022392526165090543
E02002126,E08000030,6701,273933,25,2766,0.009038322487346349,60.565798987707886,female,55-59,172,0.025667810774511267,0.00023199395132421607
E02002126,E08000030,6701,273933,25,2766,0.009038322487346349,60.565798987707886,male,55-59,164,0.02447395911058051,0.00022120353498355486
E02002127,E08000030,8612,273933,33,3788,0.008711721224920803,75.02534318901796,female,55-59,192,0.02229447282861124,0.0001942232321394327
E02002127,E08000030,8612,273933,33,3788,0.008711721224920803,75.02534318901796,male,55-59,159,0.018462610311193683,0.00016084111411546767
E02002121,E08000030,6502,273933,27,2956,0.009133964817320704,59.38903924221922,female,55-59,144,0.02214703168255921,0.0002022902081965828
E02002121,E08000030,6502,273933,27,2956,0.009133964817320704,59.38903924221922,male,55-59,174,0.026760996616425715,0.0002444340015708709
E02002140,E08000030,8199,273933,27,3608,0.007483370288248337,61.35615299334812,female,55-59,180,0.021953896816684963,0.00016428913914925
E02002140,E08000030,8199,273933,27,3608,0.007483370288248337,61.35615299334812,male,55-59,188,0.02292962556409318,0.00017159087866699442
E02002135,E08000030,7467,273933,29,3125,0.00928,69.29376,female,55-59,179,0.02397214410070979,0.00022246149725458684
E02002135,E08000030,7467,273933,29,3125,0.00928,69.29376,male,55-59,163,0.021829382616847463,0.00020257667068434445
E02006122,E07000192,6630,98508,8,1372,0.0058309037900874635,38.65889212827988,female,55-59,206,0.031070889894419307,0.0001811713696467598
E02006122,E07000192,6630,98508,8,1372,0.0058309037900874635,38.65889212827988,male,55-59,252,0.03800904977375565,0.0002216271123834149
E02006151,E07000194,8781,102062,18,3519,0.005115089514066497,44.915601023017906,female,55-59,305,0.034734084956155334,0.00017766795373992499
E02006151,E07000194,8781,102062,18,3519,0.005115089514066497,44.915601023017906,male,55-59,270,0.030748206354629312,0.0001572798279009172
E02006128,E07000192,8441,98508,11,2021,0.0054428500742206825,45.94309747649678,female,55-59,302,0.03577775145124985,0.0001947329371418844
E02006128,E07000192,8441,98508,11,2021,0.0054428500742206825,45.94309747649678,male,55-59,280,0.03317142518658927,0.00018054709403883323
E02002160,E08000031,7038,253250,36,2718,0.013245033112582781,93.21854304635761,female,55-59,196,0.02784882068769537,0.0003688585521549056
E02002160,E08000031,7038,253250,36,2718,0.013245033112582781,93.21854304635761,male,55-59,219,0.03111679454390452,0.00041214297409145057
E02002049,E08000028,6318,316289,724,2583,0.2802942315137437,1770.8989547038327,female,55-59,168,0.026590693257359924,0.0074532179319893865
E02002049,E08000028,6318,316289,724,2583,0.2802942315137437,1770.8989547038327,male,55-59,157,0.02484963596074707,0.0069652096150138905
E02002170,E08000031,6261,253250,38,2340,0.01623931623931624,101.67435897435898,female,55-59,176,0.02811052547516371,0.00045649571284453894
E02002170,E08000031,6261,253250,38,2340,0.01623931623931624,101.67435897435898,male,55-59,178,0.028429963264654207,0.00046168316412686325
E02002175,E08000031,7269,253250,73,3164,0.02307206068268015,167.710809102402,female,55-59,184,0.025312972898610536,0.0005840224467757803
E02002175,E08000031,7269,253250,73,3164,0.02307206068268015,167.710809102402,male,55-59,178,0.02448754986930802,0.000564978236554831
E02006156,E07000194,7668,102062,8,3055,0.002618657937806874,20.07986906710311,female,55-59,276,0.03599374021909233,9.425529353608466e-05
E02006156,E07000194,7668,102062,8,3055,0.002618657937806874,20.07986906710311,male,55-59,268,0.03495044340114763,9.152325604228512e-05
E02002153,E08000031,7380,253250,46,2996,0.015353805073431242,113.31108144192257,female,55-59,204,0.027642276422764227,0.0004244141239810262
E02002153,E08000031,7380,253250,46,2996,0.015353805073431242,113.31108144192257,male,55-59,207,0.02804878048780488,0.00043065550815721775
E02002052,E08000028,11268,316289,59,4711,0.012523880280195288,141.1190829972405,female,55-59,260,0.023074192403265886,0.0002889784232206936
E02002052,E08000028,11268,316289,59,4711,0.012523880280195288,141.1190829972405,male,55-59,249,0.02209797657082002,0.00027675241300751036
E02002055,E08000028,9306,316289,59,3933,0.015001271294177472,139.60183066361554,female,55-59,275,0.02955082742316785,0.0004432999791423603
E02002055,E08000028,9306,316289,59,3933,0.015001271294177472,139.60183066361554,male,55-59,227,0.024392864818396733,0.0003659239827829665
E02002048,E08000028,6531,316289,8,2546,0.003142183817753339,20.521602513747055,female,55-59,205,0.03138876129229827,9.8629257791982e-05
E02002048,E08000028,6531,316289,8,2546,0.003142183817753339,20.521602513747055,male,55-59,204,0.03123564538355535,9.81481394612894e-05
E02002171,E08000031,7412,253250,63,2973,0.02119071644803229,157.06559031281535,female,55-59,217,0.02927684835402051,0.0006203973919620895
E02002171,E08000031,7412,253250,63,2973,0.02119071644803229,157.06559031281535,male,55-59,191,0.02576902320561252,0.000546064063892899
E02002181,E08000031,7544,253250,194,2860,0.06783216783216783,511.72587412587416,female,55-59,175,0.023197242841993638,0.0015735192697016664
E02002181,E08000031,7544,253250,194,2860,0.06783216783216783,511.72587412587416,male,55-59,191,0.02531813361611877,0.0017173838886458187
E02002051,E08000028,5608,316289,511,2576,0.1983695652173913,1112.4565217391305,female,55-59,140,0.024964336661911554,0.004952164609563977
E02002051,E08000028,5608,316289,511,2576,0.1983695652173913,1112.4565217391305,male,55-59,150,0.02674750356633381,0.0053058906531042605
E02006810,E08000028,10065,316289,36,4151,0.008672609009877139,87.2898096844134,female,55-59,306,0.030402384500745158,0.0002636679937429115
E02006810,E08000028,10065,316289,36,4151,0.008672609009877139,87.2898096844134,male,55-59,301,0.02990561351217089,0.00025935969319155675
E02006124,E07000192,7632,98508,8,1666,0.004801920768307323,36.64825930372149,female,55-59,273,0.035770440251572326,0.00017176681993552137
E02006124,E07000192,7632,98508,8,1666,0.004801920768307323,36.64825930372149,male,55-59,214,0.028039832285115304,0.00013464505298974936
E02006202,E07000197,8878,132044,10,1780,0.0056179775280898875,49.87640449438202,female,55-59,331,0.03728317188555981,0.00020945602182898768
E02006202,E07000197,8878,132044,10,1780,0.0056179775280898875,49.87640449438202,male,55-59,321,0.0361567920702861,0.00020312804533868597
E02006186,E07000196,12377,110688,2790,4611,0.605074821080026,7489.0110605074815,female,55-59,454,0.03668094045406803,0.022194713482292298
E02006186,E07000196,12377,110688,2790,4611,0.605074821080026,7489.0110605074815,male,55-59,471,0.03805445584551992,0.023025793062025714
E02002071,E08000028,6650,316289,1140,2828,0.4031117397454031,2680.6930693069307,female,55-59,204,0.03067669172932331,0.012366134572640937
E02002071,E08000028,6650,316289,1140,2828,0.4031117397454031,2680.6930693069307,male,55-59,184,0.027669172932330826,0.011153768438068297
E02001886,E08000025,9196,1101521,15,3600,0.004166666666666667,38.31666666666666,female,55-59,157,0.017072640278381904,7.11360011599246e-05
E02001886,E08000025,9196,1101521,15,3600,0.004166666666666667,38.31666666666666,male,55-59,209,0.022727272727272728,9.46969696969697e-05
E02002067,E08000028,5450,316289,1329,2304,0.5768229166666666,3143.684895833333,female,55-59,159,0.029174311926605506,0.016828411697247705
E02002067,E08000028,5450,316289,1329,2304,0.5768229166666666,3143.684895833333,male,55-59,160,0.029357798165137616,0.016934250764525993
E02002014,E08000027,7170,315653,2764,3215,0.8597200622083981,6164.192846034215,female,55-59,164,0.02287308228730823,0.01966444772694244
E02002014,E08000027,7170,315653,2764,3215,0.8597200622083981,6164.192846034215,male,55-59,159,0.022175732217573223,0.01906492188160883
E02002031,E08000027,5952,315653,1897,2242,0.8461195361284567,5036.103479036574,female,55-59,215,0.03612231182795699,0.030563793727758436
E02002031,E08000027,5952,315653,1897,2242,0.8461195361284567,5036.103479036574,male,55-59,188,0.031586021505376344,0.026725549864272488
E02002032,E08000027,10187,315653,3407,4176,0.8158524904214559,8311.08931992337,female,55-59,232,0.02277412388338078,0.018580325687422967
E02002032,E08000027,10187,315653,3407,4176,0.8158524904214559,8311.08931992337,male,55-59,228,0.022381466575046628,0.018259975244536365
E02002001,E08000027,6002,315653,1811,2412,0.7508291873963516,4506.476782752902,female,55-59,171,0.028490503165611462,0.02139150134034924
E02002001,E08000027,6002,315653,1811,2412,0.7508291873963516,4506.476782752902,male,55-59,189,0.03148950349883372,0.023643238323543894
E02002077,E08000028,10521,316289,3346,4614,0.7251842219332466,7629.663198959687,female,55-59,306,0.0290846877673225,0.021091756668717182
E02002077,E08000028,10521,316289,3346,4614,0.7251842219332466,7629.663198959687,male,55-59,285,0.027088679783290562,0.019644283171844433
E02001900,E08000025,7094,1101521,8,2566,0.003117692907248636,22.116913484021826,female,55-59,133,0.01874823794756132,5.845124847252165e-05
E02001900,E08000025,7094,1101521,8,2566,0.003117692907248636,22.116913484021826,male,55-59,168,0.02368198477586693,7.383315596529051e-05
E02006181,E07000196,5700,110688,41,2088,0.019636015325670497,111.92528735632183,female,55-59,190,0.03333333333333333,0.0006545338441890165
E02006181,E07000196,5700,110688,41,2088,0.019636015325670497,111.92528735632183,male,55-59,166,0.02912280701754386,0.0005718558849230355
E02001879,E08000025,10994,1101521,20,4424,0.0045207956600361665,49.701627486437616,female,55-59,168,0.015281062397671456,6.908256056813497e-05
E02001879,E08000025,10994,1101521,20,4424,0.0045207956600361665,49.701627486437616,male,55-59,176,0.016008732035655813,7.237220630947474e-05
E02001866,E08000025,8949,1101521,8,3671,0.002179242713157178,19.502043040043585,female,55-59,165,0.01843781428092524,4.0180472418251685e-05
E02001866,E08000025,8949,1101521,8,3671,0.002179242713157178,19.502043040043585,male,55-59,162,0.018102581293999328,3.944991837428347e-05
E02002008,E08000027,8544,315653,2480,2912,0.8516483516483516,7276.483516483516,female,55-59,267,0.03125,0.026614010989010988
E02002008,E08000027,8544,315653,2480,2912,0.8516483516483516,7276.483516483516,male,55-59,261,0.030547752808988762,0.026015943326336582
E02002004,E08000027,7541,315653,2747,3237,0.8486252703120173,6399.483163422922,female,55-59,227,0.030102108473677232,0.02554540994043601
E02002004,E08000027,7541,315653,2747,3237,0.8486252703120173,6399.483163422922,male,55-59,207,0.02744994032621668,0.023294713029384375
E02002167,E08000031,6614,253250,90,2412,0.03731343283582089,246.79104477611938,female,55-59,216,0.03265799818566677,0.0012185820218532375
E02002167,E08000031,6614,253250,90,2412,0.03731343283582089,246.79104477611938,male,55-59,228,0.03447233141820381,0.001286281023067306
E02006182,E07000196,6858,110688,47,2192,0.02144160583941606,147.04653284671534,female,55-59,222,0.03237095363079615,0.0006940852283975453
E02006182,E07000196,6858,110688,47,2192,0.02144160583941606,147.04653284671534,male,55-59,240,0.03499562554680665,0.0007503624090784274
E02002079,E08000028,8081,316289,153,3774,0.04054054054054054,327.6081081081081,female,55-59,265,0.03279297116693478,0.0013294447770378966
E02002079,E08000028,8081,316289,153,3774,0.04054054054054054,327.6081081081081,male,55-59,264,0.032669224105927486,0.0013244280042943575
E02001861,E08000025,10383,1101521,8,4006,0.00199700449326011,20.73489765351972,female,55-59,220,0.021188481171145142,4.231349210413409e-05
E02001861,E08000025,10383,1101521,8,4006,0.00199700449326011,20.73489765351972,male,55-59,193,0.018588076663777327,3.712047261862671e-05
E02002025,E08000027,7828,315653,1831,3361,0.5447783397798275,4264.524843796489,female,55-59,221,0.028231987736331118,0.015380175407682916
E02002025,E08000027,7828,315653,1831,3361,0.5447783397798275,4264.524843796489,male,55-59,240,0.030659172202350538,0.016702452931420364
E02002162,E08000031,7547,253250,87,2826,0.03078556263269639,232.33864118895966,female,55-59,249,0.03299324234795283,0.001015715528758633
E02002162,E08000031,7547,253250,87,2826,0.03078556263269639,232.33864118895966,male,55-59,236,0.03127070359083079,0.0009626862039640052
E02002010,E08000027,7321,315653,3068,3523,0.8708487084870848,6375.483394833948,female,55-59,166,0.022674498019396257,0.019746057315784195
E02002010,E08000027,7321,315653,3068,3523,0.8708487084870848,6375.483394833948,male,55-59,201,0.02745526567408824,0.023909382653449537
E02001873,E08000025,11051,1101521,12,4852,0.00247320692497939,27.33140972794724,female,55-59,243,0.02198896027508823,5.438324882544492e-05
E02001873,E08000025,11051,1101521,12,4852,0.00247320692497939,27.33140972794724,male,55-59,207,0.01873133653063071,4.632647122167529e-05
E02002073,E08000028,7623,316289,34,3367,0.010098010098010098,76.97713097713097,female,55-59,190,0.024924570379115833,0.00025168856337687507
E02002073,E08000028,7623,316289,34,3367,0.010098010098010098,76.97713097713097,male,55-59,198,0.025974025974025976,0.0002622859765716909
E02002161,E08000031,6390,253250,29,2544,0.01139937106918239,72.84198113207546,female,55-59,169,0.026447574334898277,0.0003014857137232901
E02002161,E08000031,6390,253250,29,2544,0.01139937106918239,72.84198113207546,male,55-59,139,0.021752738654147105,0.00024796753968957
E02002174,E08000031,7479,253250,127,2806,0.04526015680684248,338.5007127583749,female,55-59,259,0.03463029816820431,0.0015673727253606368
E02002174,E08000031,7479,253250,127,2806,0.04526015680684248,338.5007127583749,male,55-59,254,0.03396175959352855,0.0015371145646393889
E02002164,E08000031,7261,253250,33,2344,0.014078498293515358,102.22397610921502,female,55-59,119,0.016388927145021347,0.00023073148284373054
E02002164,E08000031,7261,253250,33,2344,0.014078498293515358,102.22397610921502,male,55-59,111,0.015287150530229996,0.0002152201226525554
E02002076,E08000028,10852,316289,28,4164,0.0067243035542747355,72.97214217098943,female,55-59,256,0.02359012163656469,0.00015862713876652529
E02002076,E08000028,10852,316289,28,4164,0.0067243035542747355,72.97214217098943,male,55-59,271,0.02497235532620715,0.00016792169767862637
E02001857,E08000025,13611,1101521,14,5507,0.002542218994007627,34.60214272743781,female,55-59,282,0.020718536477848798,5.267105696202709e-05
E02001857,E08000025,13611,1101521,14,5507,0.002542218994007627,34.60214272743781,male,55-59,373,0.02740430534126809,6.96677455561564e-05
E02002176,E08000031,7652,253250,160,3000,0.05333333333333334,408.1066666666667,female,55-59,240,0.03136434918975431,0.00167276529012023
E02002176,E08000031,7652,253250,160,3000,0.05333333333333334,408.1066666666667,male,55-59,205,0.02679038159958181,0.0014288203519776967
E02002005,E08000027,8668,315653,3163,3831,0.8256329939963456,7156.586791960323,female,55-59,228,0.026303645592985696,0.02171715766395556
E02002005,E08000027,8668,315653,3163,3831,0.8256329939963456,7156.586791960323,male,55-59,183,0.0211121365943701,0.017430876546069597
E02002074,E08000028,8186,316289,66,3525,0.01872340425531915,153.26978723404255,female,55-59,206,0.02516491570974835,0.00047117288988464997
E02002074,E08000028,8186,316289,66,3525,0.01872340425531915,153.26978723404255,male,55-59,239,0.02919618861470804,0.000546652042147725
E02002075,E08000028,8887,316289,1645,3984,0.41290160642570284,3669.456576305221,female,55-59,219,0.024642736581523574,0.010175025521236516
E02002075,E08000028,8887,316289,1645,3984,0.41290160642570284,3669.456576305221,male,55-59,257,0.028918645212107574,0.011940555063734178
E02001858,E08000025,8646,1101521,8,3191,0.0025070510811657787,21.67596364775932,female,55-59,204,0.02359472588480222,5.915318303930359e-05
E02001858,E08000025,8646,1101521,8,3191,0.0025070510811657787,21.67596364775932,male,55-59,237,0.027411519777931992,6.872208029566153e-05
E02002150,E08000031,5718,253250,27,2139,0.012622720897615708,72.17671809256662,female,55-59,173,0.03025533403287863,0.0003819046371611608
E02002150,E08000031,5718,253250,27,2139,0.012622720897615708,72.17671809256662,male,55-59,175,0.030605106680657572,0.00038631971967169446
E02002154,E08000031,5629,253250,34,2198,0.015468607825295723,87.07279344858962,female,55-59,152,0.02700302007461361,0.0004176991276327856
E02002154,E08000031,5629,253250,34,2198,0.015468607825295723,87.07279344858962,male,55-59,178,0.03162195771895541,0.0004891476626226041
E02001862,E08000025,10446,1101521,19,4254,0.004466384579219558,46.655853314527505,female,55-59,231,0.02211372774267662,9.876841257895059e-05
E02001862,E08000025,10446,1101521,19,4254,0.004466384579219558,46.655853314527505,male,55-59,243,0.023262492820218264,0.00010389923920642854
E02002180,E08000031,6437,253250,436,2514,0.17342879872712808,1116.3611774065234,female,55-59,178,0.02765263321423023,0.004795762959985832
E02002180,E08000031,6437,253250,436,2514,0.17342879872712808,1116.3611774065234,male,55-59,183,0.02842939257418052,0.004930475402682063
E02002169,E08000031,8665,253250,103,3248,0.031711822660098525,274.78294334975374,female,55-59,294,0.03392960184650894,0.001075969516684243
E02002169,E08000031,8665,253250,103,3248,0.031711822660098525,274.78294334975374,male,55-59,255,0.029428736295441432,0.0009332388665118436
E02002066,E08000028,7403,316289,67,3279,0.020433058859408357,151.26593473620008,female,55-59,169,0.0228285830068891,0.0004664577802566544
E02002066,E08000028,7403,316289,67,3279,0.020433058859408357,151.26593473620008,male,55-59,174,0.023503984870998244,0.00048025830629975065
E02002003,E08000027,9101,315653,2767,3902,0.7091235263967196,6453.733213736545,female,55-59,239,0.026260850455993846,0.018622186881531257
E02002003,E08000027,9101,315653,2767,3902,0.7091235263967196,6453.733213736545,male,55-59,270,0.029667069552796396,0.021037616979135733
E02002165,E08000031,7660,253250,52,2814,0.01847903340440654,141.54939587775408,female,55-59,190,0.024804177545691905,0.00045835722543567127
E02002165,E08000031,7660,253250,52,2814,0.01847903340440654,141.54939587775408,male,55-59,252,0.03289817232375979,0.0006079264253146799
E02002069,E08000028,6634,316289,455,2932,0.15518417462482947,1029.4918144611188,female,55-59,163,0.024570394935182392,0.00381293645822237
E02002069,E08000028,6634,316289,455,2932,0.15518417462482947,1029.4918144611188,male,55-59,213,0.03210732589689479,0.00498254886872003
E02002151,E08000031,5868,253250,28,2104,0.013307984790874524,78.09125475285171,female,55-59,193,0.03289025221540559,0.0004377029762506447
E02002151,E08000031,5868,253250,28,2104,0.013307984790874524,78.09125475285171,male,55-59,180,0.03067484662576687,0.00040822039235811425
E02002157,E08000031,7644,253250,52,2645,0.019659735349716444,150.2790170132325,female,55-59,246,0.03218210361067504,0.0006326916399830253
E02002157,E08000031,7644,253250,52,2645,0.019659735349716444,150.2790170132325,male,55-59,228,0.029827315541601257,0.0005863971297403649
E02002159,E08000031,5964,253250,39,2249,0.017341040462427744,103.42196531791906,female,55-59,149,0.0249832327297116,0.000433235249648178
E02002159,E08000031,5964,253250,39,2249,0.017341040462427744,103.42196531791906,male,55-59,119,0.01995305164319249,0.00034600667589351135
E02001844,E08000025,9936,1101521,9,4181,0.0021525950729490554,21.388184644821816,female,55-59,291,0.029287439613526572,6.304399821137029e-05
E02001844,E08000025,9936,1101521,9,4181,0.0021525950729490554,21.388184644821816,male,55-59,282,0.028381642512077296,6.109418383369904e-05
E02002182,E08000031,6646,253250,769,2842,0.2705840957072484,1798.3019000703728,female,55-59,205,0.03084562142642191,0.008346334580196497
E02002182,E08000031,6646,253250,769,2842,0.2705840957072484,1798.3019000703728,male,55-59,191,0.028739091182666265,0.007776340999109907
E02001850,E08000025,8434,1101521,8,3079,0.0025982461838259174,21.913608314387787,female,55-59,228,0.027033436092008537,7.023952216176301e-05
E02001850,E08000025,8434,1101521,8,3079,0.0025982461838259174,21.913608314387787,male,55-59,213,0.025254920559639554,6.561850096691017e-05
E02002155,E08000031,6227,253250,22,2531,0.00869221651521138,54.12643224022126,female,55-59,139,0.02232214549542316,0.00019402892173026848
E02002155,E08000031,6227,253250,22,2531,0.00869221651521138,54.12643224022126,male,55-59,101,0.016219688453508914,0.0001409850438471735
E02001837,E08000025,10601,1101521,8,4727,0.0016924053310767928,17.94118891474508,female,55-59,281,0.026506933308178472,4.486047524125825e-05
E02001837,E08000025,10601,1101521,8,4727,0.0016924053310767928,17.94118891474508,male,55-59,254,0.02396000377322894,4.055003811843273e-05
E02002000,E08000027,7828,315653,1919,3360,0.5711309523809524,4470.813095238095,female,55-59,222,0.028359734287174247,0.016197122052704578
E02002000,E08000027,7828,315653,1919,3360,0.5711309523809524,4470.813095238095,male,55-59,280,0.03576903423607562,0.02042880258899676
E02002149,E08000031,10130,253250,46,3910,0.011764705882352941,119.17647058823529,female,55-59,338,0.03336623889437315,0.0003925439869926253
E02002149,E08000031,10130,253250,46,3910,0.011764705882352941,119.17647058823529,male,55-59,303,0.029911154985192496,0.0003518959410022646
E02006176,E07000196,7483,110688,20,2057,0.009722897423432183,72.75644141954302,female,55-59,283,0.03781905652813043,0.00036771080727399547
E02006176,E07000196,7483,110688,20,2057,0.009722897423432183,72.75644141954302,male,55-59,256,0.03421087799011092,0.0003326288574634022
E02002156,E08000031,8211,253250,45,3261,0.013799448022079117,113.30726770929162,female,55-59,263,0.03203020338570211,0.0004419991267576188
E02002156,E08000031,8211,253250,45,3261,0.013799448022079117,113.30726770929162,male,55-59,252,0.030690537084398978,0.00042351247126585524
E02002152,E08000031,6251,253250,37,2675,0.013831775700934579,86.46242990654206,female,55-59,140,0.022396416573348264,0.000309782210547247
E02002152,E08000031,6251,253250,37,2675,0.013831775700934579,86.46242990654206,male,55-59,150,0.023996160614301713,0.0003319095113006218
E02002063,E08000028,9625,316289,1050,3929,0.26724357342835325,2572.2193942479003,female,55-59,228,0.02368831168831169,0.006330549064069044
E02002063,E08000028,9625,316289,1050,3929,0.26724357342835325,2572.2193942479003,male,55-59,234,0.024311688311688312,0.006497142460491913
E02002070,E08000028,9356,316289,32,4370,0.007322654462242563,68.51075514874142,female,55-59,205,0.021911073108165882,0.00016044721726803392
E02002070,E08000028,9356,316289,32,4370,0.007322654462242563,68.51075514874142,male,55-59,200,0.021376656690893545,0.00015653387050539895
E02002064,E08000028,12292,316289,1836,4906,0.374235629841011,4600.104362005707,female,55-59,287,0.02334851936218679,0.008737847849363014
E02002064,E08000028,12292,316289,1836,4906,0.374235629841011,4600.104362005707,male,55-59,325,0.02643996095021152,0.009894775439174143
E02006179,E07000196,8820,110688,26,2574,0.010101010101010102,89.0909090909091,female,55-59,232,0.026303854875283448,0.0002656955037907419
E02006179,E07000196,8820,110688,26,2574,0.010101010101010102,89.0909090909091,male,55-59,300,0.034013605442176874,0.00034357177214320076
E02002163,E08000031,11710,253250,44,4472,0.009838998211091235,115.21466905187836,female,55-59,277,0.023654995730145175,0.00023274146067226917
E02002163,E08000031,11710,253250,44,4472,0.009838998211091235,115.21466905187836,male,55-59,279,0.023825789923142614,0.00023442190443163574
E02002058,E08000028,12006,316289,1237,5355,0.23099906629318395,2773.3747899159666,female,55-59,280,0.02332167249708479,0.005387284571222015
E02002058,E08000028,12006,316289,1237,5355,0.23099906629318395,2773.3747899159666,male,55-59,346,0.028818923871397634,0.006657144505867203
E02002065,E08000028,12333,316289,40,5232,0.00764525993883792,94.28899082568807,female,55-59,223,0.018081569772156005,0.000138238301010367
E02002065,E08000028,12333,316289,40,5232,0.00764525993883792,94.28899082568807,male,55-59,227,0.01840590286223952,0.00014071791179082202
E02002158,E08000031,7354,253250,40,3054,0.01309757694826457,96.31958087753765,female,55-59,185,0.025156377481642643,0.0003294875898054046
E02002158,E08000031,7354,253250,40,3054,0.01309757694826457,96.31958087753765,male,55-59,199,0.027060103345118304,0.0003544217857906785
E02002061,E08000028,5723,316289,28,2656,0.010542168674698794,60.3328313253012,female,55-59,143,0.02498689498514765,0.00026341606159041196
E02002061,E08000028,5723,316289,28,2656,0.010542168674698794,60.3328313253012,male,55-59,142,0.024812161453782983,0.00026157399122963984
E02006894,E08000031,13025,253250,135,4910,0.0274949083503055,358.1211812627291,female,55-59,317,0.02433781190019194,0.0006691659076427519
E02006894,E08000031,13025,253250,135,4910,0.0274949083503055,358.1211812627291,male,55-59,310,0.02380038387715931,0.0006543893734045838
E02002059,E08000028,10733,316289,44,4615,0.009534127843986998,102.32979414951245,female,55-59,297,0.02767166682195099,0.00026382520913669416
E02002059,E08000028,10733,316289,44,4615,0.009534127843986998,102.32979414951245,male,55-59,323,0.030094102301313704,0.0002869210186907482
E02001842,E08000025,7584,1101521,10,2849,0.00351000351000351,26.61986661986662,female,55-59,266,0.03507383966244726,0.0001231093003244902
E02001842,E08000025,7584,1101521,10,2849,0.00351000351000351,26.61986661986662,male,55-59,190,0.025052742616033755,8.7935214517493e-05
E02006174,E07000196,10383,110688,12,2102,0.005708848715509039,59.27497621313035,female,55-59,394,0.03794664355195993,0.0002166316472994858
E02006174,E07000196,10383,110688,12,2102,0.005708848715509039,59.27497621313035,male,55-59,345,0.03322739092747761,0.00018969014801604726
E02002177,E08000031,9490,253250,161,3469,0.04641106947247045,440.4410492937446,female,55-59,229,0.024130663856691253,0.0011199299166697295
E02002177,E08000031,9490,253250,161,3469,0.04641106947247045,440.4410492937446,male,55-59,214,0.02255005268703899,0.0010465720618660355
E02002056,E08000028,8965,316289,1566,4445,0.3523059617547806,3158.4229471316085,female,55-59,204,0.02275515895147797,0.008016778159283353
E02002056,E08000028,8965,316289,1566,4445,0.3523059617547806,3158.4229471316085,male,55-59,232,0.025878416062465142,0.009117120259577146
E02002057,E08000028,9255,316289,2145,4624,0.4638840830449827,4293.247188581315,female,55-59,239,0.025823878984332794,0.011979286423311817
E02002057,E08000028,9255,316289,2145,4624,0.4638840830449827,4293.247188581315,male,55-59,253,0.027336574824419233,0.012681001946016275
E02002068,E08000028,12466,316289,24,5537,0.004334477153693336,54.03359219794112,female,55-59,192,0.015401893149366276,6.675915397955402e-05
E02002068,E08000028,12466,316289,24,5537,0.004334477153693336,54.03359219794112,male,55-59,228,0.018289748114872453,7.927649535072041e-05
E02002060,E08000028,6401,316289,64,2791,0.02293084915800788,146.78036546040843,female,55-59,174,0.02718325261677863,0.0006233350653793737
E02002060,E08000028,6401,316289,64,2791,0.02293084915800788,146.78036546040843,male,55-59,156,0.024371192001249806,0.0005588521275815075
E02002053,E08000028,6052,316289,13,2352,0.0055272108843537416,33.45068027210884,female,55-59,169,0.027924653007270324,0.00015434544604358598
E02002053,E08000028,6052,316289,13,2352,0.0055272108843537416,33.45068027210884,male,55-59,175,0.02891606080634501,0.00015982516602146477
E02002062,E08000028,7752,316289,41,3473,0.011805355600345523,91.51511661387849,female,55-59,207,0.026702786377708978,0.0003152358887089168
E02002062,E08000028,7752,316289,41,3473,0.011805355600345523,91.51511661387849,male,55-59,202,0.0260577915376677,0.0003076214952618416
E02002166,E08000031,9374,253250,65,3801,0.017100762957116548,160.3025519600105,female,55-59,222,0.023682526136121186,0.00040498926567952566
E02002166,E08000031,9374,253250,65,3801,0.017100762957116548,160.3025519600105,male,55-59,255,0.027202901642841903,0.0004651903727399957
E02002072,E08000028,8540,316289,131,3492,0.03751431844215349,320.3722794959908,female,55-59,255,0.029859484777517563,0.0011201582204624285
E02002072,E08000028,8540,316289,131,3492,0.03751431844215349,320.3722794959908,male,55-59,264,0.030913348946135833,0.0011596932164787497
E02002178,E08000031,8046,253250,167,2985,0.0559463986599665,450.14472361809044,female,55-59,261,0.03243847874720358,0.0018148160639139019
E02002178,E08000031,8046,253250,167,2985,0.0559463986599665,450.14472361809044,male,55-59,241,0.029952771563509818,0.0016757496988630285
E02006184,E07000196,5448,110688,56,1700,0.03294117647058824,179.4635294117647,female,55-59,241,0.04423641703377386,0.00145719961993608
E02006184,E07000196,5448,110688,56,1700,0.03294117647058824,179.4635294117647,male,55-59,210,0.03854625550660793,0.0012697590049235553
E02006183,E07000196,7502,110688,91,2432,0.03741776315789474,280.70805921052636,female,55-59,330,0.04398826979472141,0.0016459426609044608
E02006183,E07000196,7502,110688,91,2432,0.03741776315789474,280.70805921052636,male,55-59,305,0.040655825113303116,0.001521250035078365
E02006008,E06000051,7797,310774,11,2787,0.003946896304269824,30.773950484391815,female,55-59,249,0.03193535975375144,0.00012604555338760883
E02006008,E06000051,7797,310774,11,2787,0.003946896304269824,30.773950484391815,male,55-59,237,0.03039630627164294,0.00011997106888700119
E02006009,E06000051,7325,310774,27,2987,0.009039169735520589,66.21191831268831,female,55-59,182,0.02484641638225256,0.0002245909749986003
E02006009,E06000051,7325,310774,27,2987,0.009039169735520589,66.21191831268831,male,55-59,180,0.024573378839590442,0.00022212294230630796
E02006185,E07000196,7124,110688,1799,3014,0.5968812209688122,4252.181818181818,female,55-59,242,0.03396967995508141,0.02027586404750878
E02006185,E07000196,7124,110688,1799,3014,0.5968812209688122,4252.181818181818,male,55-59,204,0.028635597978663673,0.017092050684676827
E02002007,E08000027,8924,315653,3107,3605,0.8618585298196949,7691.225520110957,female,55-59,204,0.02285970416853429,0.019701831026806112
E02002007,E08000027,8924,315653,3107,3605,0.8618585298196949,7691.225520110957,male,55-59,242,0.027117884356790675,0.023371779943564115
E02002941,E06000020,10177,169768,25,4322,0.005784359093012495,58.86742248958816,female,55-59,303,0.029773017588680357,0.00017221782501550416
E02002941,E06000020,10177,169768,25,4322,0.005784359093012495,58.86742248958816,male,55-59,249,0.024466935246143264,0.0001415255393691767
E02002080,E08000028,6839,316289,2355,3075,0.7658536585365854,5237.673170731708,female,55-59,188,0.02748939903494663,0.021052856821885957
E02002080,E08000028,6839,316289,2355,3075,0.7658536585365854,5237.673170731708,male,55-59,198,0.028951601111273578,0.02217268963156074
E02001925,E08000025,6588,1101521,11,2553,0.004308656482569526,28.385428907168038,female,55-59,193,0.029295689131754704,0.0001262250608888765
E02001925,E08000025,6588,1101521,11,2553,0.004308656482569526,28.385428907168038,male,55-59,150,0.022768670309653915,9.810237892917863e-05
E02001890,E08000025,10590,1101521,18,3528,0.00510204081632653,54.03061224489795,female,55-59,216,0.020396600566572238,0.00010406428860496039
E02001890,E08000025,10590,1101521,18,3528,0.00510204081632653,54.03061224489795,male,55-59,253,0.023890462700661003,0.00012189011581969898
E02002038,E08000027,9391,315653,2749,3729,0.7371949584338965,6922.997854652722,female,55-59,297,0.031626024917474176,0.023314546124466748
E02002038,E08000027,9391,315653,2749,3729,0.7371949584338965,6922.997854652722,male,55-59,284,0.030241720796507294,0.0222940441055507
E02002946,E06000020,7932,169768,24,2991,0.00802407221664995,63.6469408224674,female,55-59,259,0.03265254664649521,0.0002620063923490087
E02002946,E06000020,7932,169768,24,2991,0.00802407221664995,63.6469408224674,male,55-59,251,0.03164397377710539,0.000253913530809271
E02002943,E06000020,10466,169768,33,4085,0.008078335373317013,84.54785801713587,female,55-59,249,0.023791324288171222,0.0001921942965751898
E02002943,E06000020,10466,169768,33,4085,0.008078335373317013,84.54785801713587,male,55-59,245,0.023409134339766866,0.00018910683799566868
E02001950,E08000025,8602,1101521,8,3466,0.002308136180034622,19.85458742065782,female,55-59,253,0.029411764705882353,6.788635823631241e-05
E02001950,E08000025,8602,1101521,8,3466,0.002308136180034622,19.85458742065782,male,55-59,238,0.02766798418972332,6.386147533692629e-05
E02002179,E08000031,6327,253250,182,2259,0.08056662239929172,509.74501992031867,female,55-59,175,0.027659238185553974,0.0022284113987475975
E02002179,E08000031,6327,253250,182,2259,0.08056662239929172,509.74501992031867,male,55-59,177,0.02797534376481745,0.0022538789575904275
E02002932,E06000020,9089,169768,14,3567,0.003924866834875245,35.673114662181106,female,55-59,232,0.025525360325668392,0.00010018364019045626
E02002932,E06000020,9089,169768,14,3567,0.003924866834875245,35.673114662181106,male,55-59,210,0.023104852018923976,9.068346741377507e-05
E02006704,E07000234,6898,95519,9,2842,0.0031667839549612948,21.84447572132301,female,55-59,220,0.031893302406494635,0.00010099919833161566
E02006704,E07000234,6898,95519,9,2842,0.0031667839549612948,21.84447572132301,male,55-59,241,0.03493766309075094,0.00011064003089963352
E02006046,E06000051,8908,310774,21,3364,0.00624256837098692,55.608799048751486,female,55-59,310,0.034800179613830265,0.00021724250056196065
E02006046,E06000051,8908,310774,21,3364,0.00624256837098692,55.608799048751486,male,55-59,303,0.034014369106421194,0.00021233702474281958
E02006011,E06000051,5892,310774,35,2308,0.015164644714038129,89.35008665511265,female,55-59,168,0.028513238289205704,0.00043239312830251287
E02006011,E06000051,5892,310774,35,2308,0.015164644714038129,89.35008665511265,male,55-59,179,0.030380176510522744,0.00046070458313184407
E02006043,E06000051,6881,310774,9,2630,0.0034220532319391636,23.547148288973386,female,55-59,296,0.04301700334253742,0.00014720647531666798
E02006043,E06000051,6881,310774,9,2630,0.0034220532319391636,23.547148288973386,male,55-59,244,0.03545996221479436,0.00012134587830157766
E02006013,E06000051,7636,310774,234,3144,0.07442748091603053,568.3282442748092,female,55-59,289,0.03784704033525406,0.002816859872280359
E02006013,E06000051,7636,310774,234,3144,0.07442748091603053,568.3282442748092,male,55-59,258,0.03378732320586694,0.0025147053531084174
E02002948,E06000020,7031,169768,13,2761,0.004708438971387179,33.105034407823254,female,55-59,135,0.01920068269094012,9.040524265926172e-05
E02002948,E06000020,7031,169768,13,2761,0.004708438971387179,33.105034407823254,male,55-59,151,0.02147631915801451,0.00010111993808554459
E02002947,E06000020,6762,169768,17,2744,0.00619533527696793,41.892857142857146,female,55-59,177,0.026175687666370896,0.00016216716119836196
E02002947,E06000020,6762,169768,17,2744,0.00619533527696793,41.892857142857146,male,55-59,184,0.027210884353741496,0.00016858055175422937
E02006045,E06000051,11048,310774,9,4637,0.0019409100711667026,21.44317446624973,female,55-59,385,0.03484793627805938,6.763671048146095e-05
E02006045,E06000051,11048,310774,9,4637,0.0019409100711667026,21.44317446624973,male,55-59,357,0.03231354091238233,6.271767699190015e-05
E02002950,E06000020,5501,169768,15,2409,0.0062266500622665,34.25280199252802,female,55-59,159,0.0289038356662425,0.00017997407015094957
E02002950,E06000020,5501,169768,15,2409,0.0062266500622665,34.25280199252802,male,55-59,176,0.03199418287584076,0.00019921658079601965
E02006010,E06000051,11572,310774,39,4282,0.00910789350770668,105.39654367118169,female,55-59,466,0.04026961631524369,0.000366771376995447
E02006010,E06000051,11572,310774,39,4282,0.00910789350770668,105.39654367118169,male,55-59,406,0.03508468717594193,0.0003195475945496813
E02006014,E06000051,9310,310774,60,3559,0.01685866816521495,156.9542006181512,female,55-59,317,0.03404940923737916,0.0005740276915545799
E02006014,E06000051,9310,310774,60,3559,0.01685866816521495,156.9542006181512,male,55-59,357,0.038345864661654135,0.0006464602078390695
E02002936,E06000020,8985,169768,13,3588,0.0036231884057971015,32.55434782608695,female,55-59,197,0.02192543127434613,7.943996838531207e-05
E02002936,E06000020,8985,169768,13,3588,0.0036231884057971015,32.55434782608695,male,55-59,200,0.022259321090706732,8.064971409676353e-05
E02002937,E06000020,10271,169768,19,3808,0.004989495798319327,51.247111344537814,female,55-59,380,0.036997371239411936,0.0001845982283479062
E02002937,E06000020,10271,169768,19,3808,0.004989495798319327,51.247111344537814,male,55-59,361,0.035147502677441336,0.00017536831693051085
E02002934,E06000020,5973,169768,8,2312,0.0034602076124567475,20.667820069204154,female,55-59,225,0.03766951280763436,0.00013034433497451336
E02002934,E06000020,5973,169768,8,2312,0.0034602076124567475,20.667820069204154,male,55-59,192,0.03214465092918132,0.00011122716584491806
E02002931,E06000020,6673,169768,12,2265,0.005298013245033113,35.35364238410596,female,55-59,215,0.0322193915780009,0.00017069876332715707
E02002931,E06000020,6673,169768,12,2265,0.005298013245033113,35.35364238410596,male,55-59,204,0.030570957590289227,0.0001619653382266979
E02002949,E06000020,5179,169768,19,2064,0.009205426356589148,47.6749031007752,female,55-59,179,0.03456265688356826,0.00031816399262974657
E02002949,E06000020,5179,169768,19,2064,0.009205426356589148,47.6749031007752,male,55-59,159,0.030700907511102528,0.00028261494317390897
E02002933,E06000020,8266,169768,8,3198,0.0025015634771732333,20.677923702313947,female,55-59,254,0.030728284539075734,7.686875431913879e-05
E02002933,E06000020,8266,169768,8,3198,0.0025015634771732333,20.677923702313947,male,55-59,263,0.03181708202274377,7.959245033832087e-05
E02006012,E06000051,6249,310774,51,2517,0.02026221692491061,126.6185935637664,female,55-59,214,0.03424547927668427,0.0006938893298017075
E02006012,E06000051,6249,310774,51,2517,0.02026221692491061,126.6185935637664,male,55-59,231,0.03696591454632741,0.0007490113793653945
E02002938,E06000020,7041,169768,10,2924,0.003419972640218878,24.08002735978112,female,55-59,186,0.026416702172986792,9.034439867642541e-05
E02002938,E06000020,7041,169768,10,2924,0.003419972640218878,24.08002735978112,male,55-59,204,0.028973157221985513,9.908740499995046e-05
E02002935,E06000020,6539,169768,17,2641,0.006436955698599016,42.091253313138964,female,55-59,215,0.032879645205688944,0.00021164481957467325
E02002935,E06000020,6539,169768,17,2641,0.006436955698599016,42.091253313138964,male,55-59,180,0.02752714482336749,0.00017719101173693574
E02002942,E06000020,6480,169768,12,2164,0.005545286506469501,35.93345656192236,female,55-59,227,0.03503086419753086,0.00019425617854453342
E02002942,E06000020,6480,169768,12,2164,0.005545286506469501,35.93345656192236,male,55-59,253,0.03904320987654321,0.0002165057848976518
E02002940,E06000020,6097,169768,8,2441,0.0032773453502662844,19.981974600573537,female,55-59,180,0.029522716089880267,9.675613630440072e-05
E02002940,E06000020,6097,169768,8,2441,0.0032773453502662844,19.981974600573537,male,55-59,159,0.02607839921272757,8.546792040222064e-05
E02002945,E06000020,9464,169768,23,3482,0.006605399195864446,62.51349798966112,female,55-59,279,0.02948013524936602,0.0001947280616701374
E02002945,E06000020,9464,169768,23,3482,0.006605399195864446,62.51349798966112,male,55-59,261,0.027578191039729503,0.00018216496091722533
E02001851,E08000025,8705,1101521,11,3747,0.0029356818788364024,25.55511075527088,female,55-59,257,0.029523262492820217,8.667090670430274e-05
E02001851,E08000025,8705,1101521,11,3747,0.0029356818788364024,25.55511075527088,male,55-59,255,0.02929350947731189,8.599642494006693e-05
E02006770,E07000239,7445,98999,86,3002,0.028647568287808126,213.2811459027315,female,55-59,158,0.02122229684351914,0.0006079671980488494
E02006770,E07000239,7445,98999,86,3002,0.028647568287808126,213.2811459027315,male,55-59,193,0.025923438549361986,0.0007426434760976451
E02006775,E07000239,5234,98999,39,2137,0.018249883013570427,95.51988769302761,female,55-59,151,0.028849828047382498,0.0005265059868263535
E02006775,E07000239,5234,98999,39,2137,0.018249883013570427,95.51988769302761,male,55-59,159,0.0303782957585021,0.0005544003437443061
E02006752,E07000238,6978,120007,9,2110,0.0042654028436018955,29.763981042654027,female,55-59,275,0.03940957294353683,0.0001680977044984983
E02006752,E07000238,6978,120007,9,2110,0.0042654028436018955,29.763981042654027,male,55-59,243,0.034823731728288905,0.00014853724433867304
E02006769,E07000239,7260,98999,102,2631,0.03876852907639681,281.4595210946408,female,55-59,198,0.02727272727272727,0.0010573235202653674
E02006769,E07000239,7260,98999,102,2631,0.03876852907639681,281.4595210946408,male,55-59,179,0.02465564738292011,0.0009558631824621252
E02006780,E07000239,5841,98999,29,2373,0.012220817530552043,71.38179519595448,female,55-59,195,0.03338469440164355,0.0004079882585957282
E02006780,E07000239,5841,98999,29,2373,0.012220817530552043,71.38179519595448,male,55-59,174,0.029789419619928096,0.00036405106151618825
E02006710,E07000235,8023,76224,16,3073,0.005206638464041653,41.77286039700618,female,55-59,316,0.039386763056213386,0.00020507263550257539
E02006710,E07000235,8023,76224,16,3073,0.005206638464041653,41.77286039700618,male,55-59,278,0.03465038015704849,0.0001804120021193543
E02006772,E07000239,6487,98999,81,2650,0.030566037735849056,198.28188679245284,female,55-59,208,0.03206412825651302,0.0009800733542556811
E02006772,E07000239,6487,98999,81,2650,0.030566037735849056,198.28188679245284,male,55-59,209,0.03221828271928472,0.0009847852453819103
E02006768,E07000239,6929,98999,76,2622,0.028985507246376812,200.84057971014494,female,55-59,204,0.02944147784673113,0.0008533761694704676
E02006768,E07000239,6929,98999,76,2622,0.028985507246376812,200.84057971014494,male,55-59,166,0.023957280992928272,0.0006944139418240078
E02006776,E07000239,6600,98999,50,2264,0.022084805653710248,145.75971731448763,female,55-59,252,0.038181818181818185,0.000843238034050755
E02006776,E07000239,6600,98999,50,2264,0.022084805653710248,145.75971731448763,male,55-59,224,0.03393939393939394,0.0007495449191562267
E02006779,E07000239,7763,98999,47,2986,0.015740120562625585,122.19055592766242,female,55-59,254,0.032719309545278887,0.0005150058769685557
E02006779,E07000239,7763,98999,47,2986,0.015740120562625585,122.19055592766242,male,55-59,248,0.03194641246940616,0.0005028403838118183
E02006773,E07000239,8336,98999,90,3333,0.027002700270027002,225.09450945094508,female,55-59,268,0.032149712092130515,0.000868129039391463
E02006773,E07000239,8336,98999,90,3333,0.027002700270027002,225.09450945094508,male,55-59,271,0.032509596928982726,0.0008778469017727108
E02006778,E07000239,6883,98999,44,2683,0.016399552739470743,112.87812150577712,female,55-59,194,0.02818538428011042,0.0004622276959839204
E02006778,E07000239,6883,98999,44,2683,0.016399552739470743,112.87812150577712,male,55-59,183,0.02658724393433096,0.0004360189090982342
E02006771,E07000239,6656,98999,74,2584,0.02863777089783282,190.61300309597524,female,55-59,235,0.035306490384615384,0.0010110991828411527
E02006771,E07000239,6656,98999,74,2584,0.02863777089783282,190.61300309597524,male,55-59,243,0.036508413461538464,0.001045519580554894
E02006767,E07000239,8853,98999,423,3438,0.12303664921465969,1089.2434554973822,female,55-59,304,0.034338642268157686,0.004224911483255003
E02006767,E07000239,8853,98999,423,3438,0.12303664921465969,1089.2434554973822,male,55-59,279,0.03151474076584209,0.003877468104697849
E02006711,E07000235,7992,76224,13,2603,0.004994237418363427,39.91394544756051,female,55-59,297,0.037162162162162164,0.00018559666081755977
E02006711,E07000235,7992,76224,13,2603,0.004994237418363427,39.91394544756051,male,55-59,305,0.038163163163163163,0.00019059589747257822
E02006697,E07000234,7343,95519,582,2760,0.2108695652173913,1548.4152173913044,female,55-59,266,0.03622497616777884,0.007638744974509885
E02006697,E07000234,7343,95519,582,2760,0.2108695652173913,1548.4152173913044,male,55-59,266,0.03622497616777884,0.007638744974509885
E02006748,E07000238,6695,120007,28,2468,0.011345218800648298,75.95623987034035,female,55-59,242,0.03614637789395071,0.0004100885660577877
E02006748,E07000238,6695,120007,28,2468,0.011345218800648298,75.95623987034035,male,55-59,237,0.03539955190440627,0.0004016156618003953
E02006753,E07000238,6436,120007,20,2175,0.009195402298850575,59.181609195402295,female,55-59,257,0.03993163455562461,0.0003671874441896516
E02006753,E07000238,6436,120007,20,2175,0.009195402298850575,59.181609195402295,male,55-59,249,0.038688626476072095,0.00035575748483744455
E02006707,E07000234,6848,95519,9,2196,0.004098360655737705,28.065573770491806,female,55-59,179,0.026139018691588786,0.00010712712578519994
E02006707,E07000234,6848,95519,9,2196,0.004098360655737705,28.065573770491806,male,55-59,191,0.027891355140186917,0.00011430883254174967
E02001895,E08000025,8221,1101521,8,3569,0.002241524236480807,18.427570748108714,female,55-59,219,0.0266390950006082,5.971217708177798e-05
E02001895,E08000025,8221,1101521,8,3569,0.002241524236480807,18.427570748108714,male,55-59,214,0.026030896484612577,5.834888536758213e-05
E02006706,E07000234,7094,95519,13,2640,0.004924242424242424,34.932575757575755,female,55-59,233,0.03284465745700592,0.00016173505565949883
E02006706,E07000234,7094,95519,13,2640,0.004924242424242424,34.932575757575755,male,55-59,241,0.03397237101776149,0.0001672881906177649
E02006703,E07000234,7229,95519,11,2633,0.004177744018230156,30.200911507785797,female,55-59,295,0.04080785724166552,0.00017048478148815827
E02006703,E07000234,7229,95519,11,2633,0.004177744018230156,30.200911507785797,male,55-59,277,0.038317886291326604,0.000160082320244813
E02006705,E07000234,7134,95519,14,2719,0.0051489518205222505,36.732622287605736,female,55-59,185,0.02593215587328287,0.00013352342119380661
E02006705,E07000234,7134,95519,14,2719,0.0051489518205222505,36.732622287605736,male,55-59,215,0.030137370339220634,0.00015517586787388337
E02006702,E07000234,5790,95519,23,2326,0.009888220120378332,57.25279449699054,female,55-59,191,0.032987910189982726,0.0003261917172698206
E02006702,E07000234,5790,95519,23,2326,0.009888220120378332,57.25279449699054,male,55-59,166,0.028670120898100174,0.00028349646631827344
E02006708,E07000234,8466,95519,12,3221,0.003725551071095933,31.54051536789817,female,55-59,214,0.025277580911882827,9.417291864097918e-05
E02006708,E07000234,8466,95519,12,3221,0.003725551071095933,31.54051536789817,male,55-59,179,0.021143397117883298,7.877080577913678e-05
E02006709,E07000234,7862,95519,12,2822,0.004252303330970942,33.43160878809355,female,55-59,318,0.04044772322564233,0.00017199598820258962
E02006709,E07000234,7862,95519,12,2822,0.004252303330970942,33.43160878809355,male,55-59,342,0.04350038158229458,0.00018497681750089827
E02006774,E07000239,7573,98999,64,2899,0.02207657813038979,167.18592618144186,female,55-59,202,0.026673709230159777,0.0005888642258469216
E02006774,E07000239,7573,98999,64,2899,0.02207657813038979,167.18592618144186,male,55-59,191,0.025221180509705534,0.0005567973620631784
E02001946,E08000025,7631,1101521,11,3033,0.003626772172766238,27.67589845037916,female,55-59,276,0.03616826104049273,0.00013117404267900428
E02001946,E08000025,7631,1101521,11,3033,0.003626772172766238,27.67589845037916,male,55-59,260,0.034071550255536626,0.00012356975034978664
E02006901,E08000025,15014,1101521,10,5840,0.0017123287671232876,25.70890410958904,female,55-59,250,0.01665112561609165,2.8512201397417207e-05
E02006901,E08000025,15014,1101521,10,5840,0.0017123287671232876,25.70890410958904,male,55-59,281,0.01871586519248701,3.2047714370696935e-05
E02006187,E07000196,7313,110688,2369,2947,0.8038683406854428,5878.689175432643,female,55-59,278,0.03801449473540271,0.030558648804943675
E02006187,E07000196,7313,110688,2369,2947,0.8038683406854428,5878.689175432643,male,55-59,269,0.03678380965404075,0.02956934003068291
E02006777,E07000239,7139,98999,73,2644,0.02760968229954614,197.1055219364599,female,55-59,288,0.04034178456366438,0.0011138238551995081
E02006777,E07000239,7139,98999,73,2644,0.02760968229954614,197.1055219364599,male,55-59,278,0.03894102815520381,0.0010751494157828585
E02002002,E08000027,6982,315653,2194,2941,0.7460047602856171,5208.605236314179,female,55-59,239,0.03423087940418218,0.025536398984282796
E02002002,E08000027,6982,315653,2194,2941,0.7460047602856171,5208.605236314179,male,55-59,195,0.02792896018332856,0.020835137246590568
E02002013,E08000027,6563,315653,2277,2637,0.863481228668942,5667.027303754266,female,55-59,219,0.03336888618010057,0.028813406838107316
E02002013,E08000027,6563,315653,2277,2637,0.863481228668942,5667.027303754266,male,55-59,228,0.03474021026969374,0.029997519447892546
E02002078,E08000028,6286,316289,58,2651,0.02187853640135798,137.52847981893626,female,55-59,182,0.028953229398663696,0.0006334542833355317
E02002078,E08000028,6286,316289,58,2651,0.02187853640135798,137.52847981893626,male,55-59,199,0.0316576519249125,0.0006926230900207187
E02002029,E08000027,5821,315653,910,2458,0.37021969080553296,2155.048820179007,female,55-59,196,0.03367119051709328,0.012465737742292468
E02002029,E08000027,5821,315653,910,2458,0.37021969080553296,2155.048820179007,male,55-59,187,0.03212506442192063,0.011893331417391285
E02006696,E07000234,6224,95519,830,2309,0.3594629709831096,2237.297531398874,female,55-59,171,0.027474293059125965,0.009875991008694046
E02006696,E07000234,6224,95519,830,2309,0.3594629709831096,2237.297531398874,male,55-59,167,0.026831619537275066,0.009644973675157343
E02002035,E08000027,6215,315653,1133,2623,0.43194815097216926,2684.557758292032,female,55-59,254,0.040868865647626706,0.017653230948822363
E02002035,E08000027,6215,315653,1133,2623,0.43194815097216926,2684.557758292032,male,55-59,211,0.033950120675784394,0.014664691851187083
E02002027,E08000027,5585,315653,1634,1917,0.8523735002608243,4760.5059989567035,female,55-59,248,0.04440465532676813,0.037849351488752805
E02002027,E08000027,5585,315653,1634,1917,0.8523735002608243,4760.5059989567035,male,55-59,231,0.04136078782452999,0.03525483949153991
E02002023,E08000027,5328,315653,1842,2111,0.8725722406442444,4649.064898152535,female,55-59,146,0.027402402402402402,0.02391057566329949
E02002023,E08000027,5328,315653,1842,2111,0.8725722406442444,4649.064898152535,male,55-59,139,0.026088588588588587,0.02276417819999061
E02002036,E08000027,6538,315653,2415,2792,0.8649713467048711,5655.182664756447,female,55-59,179,0.02737840318140104,0.023681534270445382
E02002036,E08000027,6538,315653,2415,2792,0.8649713467048711,5655.182664756447,male,55-59,212,0.03242581829305598,0.028047403716952073
E02002006,E08000027,6484,315653,2371,2774,0.8547224224945926,5542.020187454938,female,55-59,213,0.03285009253547193,0.028077710671090102
E02002006,E08000027,6484,315653,2371,2774,0.8547224224945926,5542.020187454938,male,55-59,208,0.032078963602714373,0.027418609481627894
E02002039,E08000027,6423,315653,2050,2529,0.8105970739422697,5206.465005931198,female,55-59,182,0.028335668690643002,0.0229688101288328
E02002039,E08000027,6423,315653,2050,2529,0.8105970739422697,5206.465005931198,male,55-59,191,0.02973688307644403,0.02410463040992893
E02002024,E08000027,8489,315653,3028,3483,0.8693654895205283,7380.043640539765,female,55-59,237,0.02791848274237248,0.024271365415993073
E02002024,E08000027,8489,315653,3028,3483,0.8693654895205283,7380.043640539765,male,55-59,271,0.03192366592060313,0.02775333345035495
E02002009,E08000027,6697,315653,2392,2910,0.8219931271477663,5504.887972508591,female,55-59,159,0.02374197401821711,0.019515739467895303
E02002009,E08000027,6697,315653,2392,2910,0.8219931271477663,5504.887972508591,male,55-59,157,0.02344333283559803,0.019270258468299134
E02002018,E08000027,8990,315653,2997,3484,0.8602181400688863,7733.361079219288,female,55-59,278,0.03092324805339266,0.02660073892537824
E02002018,E08000027,8990,315653,2997,3484,0.8602181400688863,7733.361079219288,male,55-59,270,0.030033370411568408,0.025835250035439298
E02002033,E08000027,7674,315653,2219,2966,0.7481456507080243,5741.269723533378,female,55-59,233,0.030362262183997915,0.02271539439861476
E02002033,E08000027,7674,315653,2219,2966,0.7481456507080243,5741.269723533378,male,55-59,222,0.028928850664581705,0.021642993804688742
E02002017,E08000027,8443,315653,3414,3928,0.8691446028513238,7338.187881873727,female,55-59,217,0.025701764775553713,0.022338550138426776
E02002017,E08000027,8443,315653,3414,3928,0.8691446028513238,7338.187881873727,male,55-59,224,0.026530853961861896,0.023059148529988926
E02002041,E08000027,6174,315653,2055,2549,0.8061985092193017,4977.469595919969,female,55-59,192,0.031098153547133137,0.025071285029171674
E02002041,E08000027,6174,315653,2055,2549,0.8061985092193017,4977.469595919969,male,55-59,183,0.029640427599611274,0.023896068543429256
E02002012,E08000027,8054,315653,3436,3885,0.8844272844272845,7123.177348777349,female,55-59,196,0.02433573379687112,0.02152318695651201
E02002012,E08000027,8054,315653,3436,3885,0.8844272844272845,7123.177348777349,male,55-59,202,0.025080705239632482,0.022182060026609322
E02002022,E08000027,8434,315653,3147,3556,0.8849831271091113,7463.947694038245,female,55-59,222,0.026322029879060942,0.023294552314230815
E02002022,E08000027,8434,315653,3147,3556,0.8849831271091113,7463.947694038245,male,55-59,232,0.027507706900640267,0.024343856472529502
E02002034,E08000027,7963,315653,2698,3216,0.8389303482587065,6680.40236318408,female,55-59,214,0.02687429360793671,0.022545660495713073
E02002034,E08000027,7963,315653,2698,3216,0.8389303482587065,6680.40236318408,male,55-59,257,0.032274268491774456,0.027075863305599343
E02002042,E08000027,8222,315653,2220,2974,0.7464694014794889,6137.471418964358,female,55-59,287,0.03490634882023839,0.026056521311677613
E02002042,E08000027,8222,315653,2220,2974,0.7464694014794889,6137.471418964358,male,55-59,284,0.03454147409389443,0.025784153493088647
E02002026,E08000027,7013,315653,2186,2562,0.853239656518345,5983.769711163153,female,55-59,223,0.03179808926279766,0.02713139076052915
E02002026,E08000027,7013,315653,2186,2562,0.853239656518345,5983.769711163153,male,55-59,254,0.03621845144731214,0.030903019072530964
E02002020,E08000027,9771,315653,3408,3903,0.8731744811683321,8531.787855495773,female,55-59,283,0.0289632586224542,0.025289978320605668
E02002020,E08000027,9771,315653,3408,3903,0.8731744811683321,8531.787855495773,male,55-59,252,0.02579060485108996,0.022519698009867944
E02002030,E08000027,6330,315653,2521,2903,0.8684119875990355,5497.047881501895,female,55-59,171,0.027014218009478674,0.023459470755045037
E02002030,E08000027,6330,315653,2521,2903,0.8684119875990355,5497.047881501895,male,55-59,170,0.026856240126382307,0.02332228086758863
E02002028,E08000027,5825,315653,2078,2430,0.8551440329218107,4981.213991769548,female,55-59,186,0.031931330472103,0.027305886716473268
E02002028,E08000027,5825,315653,2078,2430,0.8551440329218107,4981.213991769548,male,55-59,185,0.03175965665236052,0.027159080873911588
E02002021,E08000027,7518,315653,2907,3277,0.8870918523039365,6669.156545620995,female,55-59,160,0.021282255919127427,0.018879315824505166
E02002021,E08000027,7518,315653,2907,3277,0.8870918523039365,6669.156545620995,male,55-59,178,0.023676509710029263,0.021003238854761998
E02002011,E08000027,5761,315653,2006,2316,0.8661485319516408,4989.881692573403,female,55-59,218,0.037840652664467976,0.032775625753420884
E02002011,E08000027,5761,315653,2006,2316,0.8661485319516408,4989.881692573403,male,55-59,178,0.030897413643464676,0.026761749468389526
E02002019,E08000027,8016,315653,2788,3247,0.8586387434554974,6882.848167539267,female,55-59,225,0.0280688622754491,0.02410101263441703
E02002019,E08000027,8016,315653,2788,3247,0.8586387434554974,6882.848167539267,male,55-59,255,0.03181137724550898,0.027314480985672636
E02002016,E08000027,7873,315653,3246,3671,0.8842277308635249,6961.524925088532,female,55-59,219,0.027816588339895847,0.02459619878815089
E02002016,E08000027,7873,315653,3246,3671,0.8842277308635249,6961.524925088532,male,55-59,208,0.026419408103645372,0.02336077327824377
E02002040,E08000027,6006,315653,1787,2238,0.7984807864164433,4795.675603217158,female,55-59,236,0.039294039294039296,0.03137553539698312
E02002040,E08000027,6006,315653,1787,2238,0.7984807864164433,4795.675603217158,male,55-59,198,0.03296703296703297,0.026323542409333295
E02002015,E08000027,6039,315653,2300,2613,0.880214313050134,5315.614236509759,female,55-59,185,0.030634210962079814,0.02696467095781997
E02002015,E08000027,6039,315653,2300,2613,0.880214313050134,5315.614236509759,male,55-59,184,0.03046862063255506,0.02681891597966959
E02002037,E08000027,5965,315653,1882,2241,0.8398036590807675,5009.428826416778,female,55-59,188,0.03151718357082984,0.02646824608670315
E02002037,E08000027,5965,315653,1882,2241,0.8398036590807675,5009.428826416778,male,55-59,183,0.030678960603520537,0.02576430337163126
E02001901,E08000025,8063,1101521,11,2791,0.003941239699032604,31.778215693299888,female,55-59,209,0.02592087312414734,0.00010216037419047678
E02001901,E08000025,8063,1101521,11,2791,0.003941239699032604,31.778215693299888,male,55-59,216,0.0267890363388317,0.00010558201351743055
E02006698,E07000234,6535,95519,10,2771,0.003608805485384338,23.583543846986647,female,55-59,208,0.03182861514919663,0.00011486328094260784
E02006698,E07000234,6535,95519,10,2771,0.003608805485384338,23.583543846986647,male,55-59,203,0.031063504208110177,0.00011210214438148747
E02001921,E08000025,7888,1101521,10,3211,0.003114294612270321,24.56555590158829,female,55-59,221,0.028017241379310345,8.725394387826331e-05
E02001921,E08000025,7888,1101521,10,3211,0.003114294612270321,24.56555590158829,male,55-59,203,0.025735294117647058,8.014728781578031e-05
E02001927,E08000025,7803,1101521,10,3616,0.0027654867256637168,21.579092920353983,female,55-59,200,0.02563116749967961,7.088265348362724e-05
E02001927,E08000025,7803,1101521,10,3616,0.0027654867256637168,21.579092920353983,male,55-59,169,0.021658336537229272,5.989584219366502e-05
E02001952,E08000025,9117,1101521,12,4047,0.0029651593773165306,27.03335804299481,female,55-59,185,0.0202917626412197,6.016831027789384e-05
E02001952,E08000025,9117,1101521,12,4047,0.0029651593773165306,27.03335804299481,male,55-59,248,0.027201930459581,8.065805918333877e-05
E02001913,E08000025,7746,1101521,14,2873,0.004872955099199443,37.74591019839888,female,55-59,149,0.019235734572682676,9.373487087280106e-05
E02001913,E08000025,7746,1101521,14,2873,0.004872955099199443,37.74591019839888,male,55-59,155,0.020010327911179963,9.750942943143734e-05
E02001932,E08000025,7076,1101521,14,3205,0.00436817472698908,30.90920436817473,female,55-59,157,0.02218767665347654,9.691964840832187e-05
E02001932,E08000025,7076,1101521,14,3205,0.00436817472698908,30.90920436817473,male,55-59,172,0.02430751837196156,0.00010617948742822522
E02001899,E08000025,8050,1101521,17,3211,0.005294300840859545,42.61912176891934,female,55-59,255,0.031677018633540374,0.00016770766638747627
E02001899,E08000025,8050,1101521,17,3211,0.005294300840859545,42.61912176891934,male,55-59,210,0.02608695652173913,0.00013811219584850988
E02001911,E08000025,8103,1101521,21,3490,0.006017191977077364,48.75730659025788,female,55-59,196,0.024188572133777612,0.00014554728218032375
E02001911,E08000025,8103,1101521,21,3490,0.006017191977077364,48.75730659025788,male,55-59,163,0.02011600641737628,0.00012104187242547333
E02001951,E08000025,8399,1101521,21,3936,0.005335365853658537,44.81173780487805,female,55-59,266,0.03167043695678057,0.00016897336790965242
E02001951,E08000025,8399,1101521,21,3936,0.005335365853658537,44.81173780487805,male,55-59,235,0.027979521371591855,0.00014928098292770045
E02001928,E08000025,6890,1101521,23,3103,0.007412181759587496,51.06993232355784,female,55-59,233,0.033817126269956456,0.0002506586864998384
E02001928,E08000025,6890,1101521,23,3103,0.007412181759587496,51.06993232355784,male,55-59,181,0.026269956458635703,0.00019471769208785728
E02001920,E08000025,7512,1101521,52,3186,0.016321406151914627,122.60640301318267,female,55-59,225,0.029952076677316294,0.0004888600085437688
E02001920,E08000025,7512,1101521,52,3186,0.016321406151914627,122.60640301318267,male,55-59,207,0.02755591054313099,0.00044975120786026727
E02001906,E08000025,9284,1101521,90,3832,0.02348643006263048,218.04801670146136,female,55-59,271,0.02919000430848772,0.0006855689947191792
E02001906,E08000025,9284,1101521,90,3832,0.02348643006263048,218.04801670146136,male,55-59,259,0.02789745799224472,0.0006552116960600274
E02001935,E08000025,7920,1101521,9,3303,0.0027247956403269754,21.580381471389646,female,55-59,240,0.030303030303030304,8.25695648583932e-05
E02001935,E08000025,7920,1101521,9,3303,0.0027247956403269754,21.580381471389646,male,55-59,203,0.02563131313131313,6.984009027605757e-05
E02001926,E08000025,7401,1101521,9,2620,0.003435114503816794,25.42328244274809,female,55-59,159,0.021483583299554115,7.379856858625459e-05
E02001926,E08000025,7401,1101521,9,2620,0.003435114503816794,25.42328244274809,male,55-59,193,0.02607755708688015,8.957939457325243e-05
E02001919,E08000025,6664,1101521,8,2649,0.003020007550018875,20.125330313325783,female,55-59,180,0.02701080432172869,8.15728329837031e-05
E02001919,E08000025,6664,1101521,8,2649,0.003020007550018875,20.125330313325783,male,55-59,177,0.02656062424969988,8.021328576730805e-05
E02001938,E08000025,7790,1101521,8,2854,0.002803083391730904,21.83601962158374,female,55-59,228,0.02926829268292683,8.204146512383133e-05
E02001938,E08000025,7790,1101521,8,2854,0.002803083391730904,21.83601962158374,male,55-59,204,0.02618741976893453,7.340552142658593e-05
E02002168,E08000031,11027,253250,76,3901,0.019482184055370416,214.8300435785696,female,60-64,192,0.017411807381880837,0.00033922003615045974
E02002168,E08000031,11027,253250,76,3901,0.019482184055370416,214.8300435785696,male,60-64,202,0.01831867234968713,0.00035688774636662954
E02006130,E07000192,7338,98508,16,1959,0.00816743236345074,59.932618683001536,female,60-64,233,0.031752521122921776,0.00025933656864050457
E02006130,E07000192,7338,98508,16,1959,0.00816743236345074,59.932618683001536,male,60-64,236,0.03216135186699373,0.0002626756660908115
E02006177,E07000196,9842,110688,32,3021,0.010592519033432638,104.25157232704403,female,60-64,375,0.038102011786222315,0.0004035962850576346
E02006177,E07000196,9842,110688,32,3021,0.010592519033432638,104.25157232704403,male,60-64,358,0.0363747205852469,0.0003852999201350218
E02002134,E08000030,8444,273933,35,3485,0.010043041606886656,84.80344332855093,female,60-64,179,0.021198484130743725,0.00021289725812798573
E02002134,E08000030,8444,273933,35,3485,0.010043041606886656,84.80344332855093,male,60-64,180,0.021316911416390336,0.0002140866282851253
E02002120,E08000030,6211,273933,24,2204,0.010889292196007259,67.63339382940109,female,60-64,202,0.03252294316535179,0.0003541518312016529
E02002120,E08000030,6211,273933,24,2204,0.010889292196007259,67.63339382940109,male,60-64,222,0.035743036548059895,0.00038921636894439083
E02002129,E08000030,5759,273933,34,2402,0.014154870940882597,81.51790174854288,female,60-64,223,0.038722000347282515,0.0005481049174885951
E02002129,E08000030,5759,273933,34,2402,0.014154870940882597,81.51790174854288,male,60-64,203,0.035249175204028475,0.0004989475257855821
E02002131,E08000030,7803,273933,19,2882,0.00659264399722415,51.44240111034004,female,60-64,231,0.02960399846212995,0.00019516862275519397
E02002131,E08000030,7803,273933,19,2882,0.00659264399722415,51.44240111034004,male,60-64,214,0.027425349224657183,0.00018080556393771218
E02006175,E07000196,7115,110688,15,1490,0.010067114093959731,71.62751677852349,female,60-64,192,0.026985242445537596,0.0002716635145523919
E02006175,E07000196,7115,110688,15,1490,0.010067114093959731,71.62751677852349,male,60-64,154,0.021644413211524948,0.000217896777297231
E02006155,E07000194,5739,102062,10,2456,0.004071661237785016,23.36726384364821,female,60-64,144,0.02509147935180345,0.00010216400387542122
E02006155,E07000194,5739,102062,10,2456,0.004071661237785016,23.36726384364821,male,60-64,128,0.022303537201603066,9.08124478892633e-05
E02006129,E07000192,7951,98508,11,2006,0.005483549351944167,43.599700897308075,female,60-64,191,0.024022135580430135,0.00013172656599438258
E02006129,E07000192,7951,98508,11,2006,0.005483549351944167,43.599700897308075,male,60-64,215,0.027040623820903033,0.00014827859522927885
E02006180,E07000196,6835,110688,36,2673,0.013468013468013467,92.05387205387206,female,60-64,213,0.031163130943672276,0.00041970546725484547
E02006180,E07000196,6835,110688,36,2673,0.013468013468013467,92.05387205387206,male,60-64,194,0.028383321141185077,0.000382266951396432
E02002043,E08000028,8799,316289,31,3725,0.00832214765100671,73.22657718120804,female,60-64,244,0.02773042391180816,0.0002307766822190746
E02002043,E08000028,8799,316289,31,3725,0.00832214765100671,73.22657718120804,male,60-64,237,0.026934878963518583,0.00022415603969639625
E02002148,E08000030,11314,273933,12,4622,0.0025962786672436176,29.37429684119429,female,60-64,273,0.024129397207000178,6.26466392219823e-05
E02002148,E08000030,11314,273933,12,4622,0.0025962786672436176,29.37429684119429,male,60-64,283,0.025013257910553297,6.494138791143218e-05
E02006126,E07000192,8412,98508,11,1815,0.006060606060606061,50.981818181818184,female,60-64,255,0.030313837375178315,0.0001837202265162322
E02006126,E07000192,8412,98508,11,1815,0.006060606060606061,50.981818181818184,male,60-64,222,0.026390870185449358,0.00015994466779060217
E02002046,E08000028,5770,316289,16,2410,0.006639004149377593,38.30705394190871,female,60-64,146,0.025303292894280762,0.00016798866651804656
E02002046,E08000028,5770,316289,16,2410,0.006639004149377593,38.30705394190871,male,60-64,157,0.027209705372616983,0.00018064534687214595
E02002047,E08000028,6640,316289,124,3214,0.038581207218419414,256.1792159303049,female,60-64,191,0.028765060240963855,0.001109790749806944
E02002047,E08000028,6640,316289,124,3214,0.038581207218419414,256.1792159303049,male,60-64,185,0.02786144578313253,0.0010749282131637939
E02002045,E08000028,7925,316289,34,3323,0.01023171832681312,81.08636773999399,female,60-64,164,0.020694006309148263,0.00021173524360849864
E02002045,E08000028,7925,316289,34,3323,0.01023171832681312,81.08636773999399,male,60-64,180,0.022712933753943218,0.00023239234054591316
E02002044,E08000028,7501,316289,27,3214,0.008400746733042938,63.014001244555075,female,60-64,174,0.023196907079056125,0.00019487134136108135
E02002044,E08000028,7501,316289,27,3214,0.008400746733042938,63.014001244555075,male,60-64,148,0.01973070257299027,0.0001657526351806899
E02006178,E07000196,7888,110688,18,2689,0.00669393826701376,52.801785050204536,female,60-64,259,0.03283468559837728,0.0002197933584123433
E02006178,E07000196,7888,110688,18,2689,0.00669393826701376,52.801785050204536,male,60-64,236,0.029918864097363083,0.00020027502928692282
E02002146,E08000030,6578,273933,19,2657,0.007150922092585623,47.038765525028225,female,60-64,171,0.025995743387047736,0.00018589353569962625
E02002146,E08000030,6578,273933,19,2657,0.007150922092585623,47.038765525028225,male,60-64,159,0.024171480693219824,0.0001728483752996525
E02002110,E08000030,6695,273933,15,2592,0.005787037037037037,38.74421296296296,female,60-64,177,0.02643764002987304,0.00015299560202472823
E02002110,E08000030,6695,273933,15,2592,0.005787037037037037,38.74421296296296,male,60-64,162,0.02419716206123973,0.00014002987303958177
E02002112,E08000030,5455,273933,19,2078,0.009143407122232916,49.877285851780556,female,60-64,163,0.02988084326306141,0.0002732127151098011
E02002112,E08000030,5455,273933,19,2078,0.009143407122232916,49.877285851780556,male,60-64,168,0.0307974335472044,0.00028159347324200365
E02002113,E08000030,6555,273933,20,2632,0.007598784194528876,49.81003039513678,female,60-64,173,0.02639206712433257,0.00020054762252532348
E02002113,E08000030,6555,273933,20,2632,0.007598784194528876,49.81003039513678,male,60-64,181,0.02761250953470633,0.00020982150102360434
E02002124,E08000030,7088,273933,25,2905,0.008605851979345954,60.998278829604125,female,60-64,155,0.021867945823927766,0.00018819230485307887
E02002124,E08000030,7088,273933,25,2905,0.008605851979345954,60.998278829604125,male,60-64,181,0.02553611738148984,0.00021976004631230498
E02002114,E08000030,6027,273933,12,2486,0.004827031375703942,29.092518101367656,female,60-64,154,0.025551684088269456,0.00012333878079615182
E02002114,E08000030,6027,273933,12,2486,0.004827031375703942,29.092518101367656,male,60-64,148,0.024556163928986227,0.0001185333737521459
E02002116,E08000030,6796,273933,28,2645,0.01058601134215501,71.94253308128545,female,60-64,246,0.036197763390229544,0.00038318993380961333
E02002116,E08000030,6796,273933,28,2645,0.01058601134215501,71.94253308128545,male,60-64,250,0.036786344908769864,0.00038942066444066397
E02002138,E08000030,6485,273933,16,2394,0.006683375104427736,43.34168755221386,female,60-64,156,0.02405551272166538,0.0001607720148482231
E02002138,E08000030,6485,273933,16,2394,0.006683375104427736,43.34168755221386,male,60-64,167,0.02575173477255204,0.00017210850307470036
E02002145,E08000030,7105,273933,41,3016,0.013594164456233421,96.58653846153845,female,60-64,153,0.021534130893736805,0.0002927385167915149
E02002145,E08000030,7105,273933,41,3016,0.013594164456233421,96.58653846153845,male,60-64,153,0.021534130893736805,0.0002927385167915149
E02002147,E08000030,8031,273933,66,3184,0.0207286432160804,166.4717336683417,female,60-64,198,0.024654463952185283,0.0005110535869485643
E02002147,E08000030,8031,273933,66,3184,0.0207286432160804,166.4717336683417,male,60-64,162,0.020171834142697048,0.0004181347529579162
E02002119,E08000030,5943,273933,23,2452,0.009380097879282219,55.74592169657423,female,60-64,175,0.02944640753828033,0.00027621018490230325
E02002119,E08000030,5943,273933,23,2452,0.009380097879282219,55.74592169657423,male,60-64,173,0.02910987716641427,0.0002730534970748484
E02002117,E08000030,6391,273933,22,2461,0.008939455505891914,57.132060138155225,female,60-64,171,0.026756376153966515,0.00023918743412729108
E02002117,E08000030,6391,273933,22,2461,0.008939455505891914,57.132060138155225,male,60-64,230,0.0359881082772649,0.0003217140926858301
E02002132,E08000030,6479,273933,39,2806,0.013898788310762652,90.05024946543122,female,60-64,232,0.0358079950609662,0.0004976877431852038
E02002132,E08000030,6479,273933,39,2806,0.013898788310762652,90.05024946543122,male,60-64,185,0.028553789164994597,0.0003968630710744082
E02002139,E08000030,9513,273933,49,4150,0.011807228915662651,112.3221686746988,female,60-64,174,0.01829076001261432,0.00021596319051038596
E02002139,E08000030,9513,273933,49,4150,0.011807228915662651,112.3221686746988,male,60-64,170,0.017870282770945024,0.00021099851946417017
E02002136,E08000030,7706,273933,44,3044,0.01445466491458607,111.38764783180027,female,60-64,179,0.02322865299766416,0.0003357623954984307
E02002136,E08000030,7706,273933,44,3044,0.01445466491458607,111.38764783180027,male,60-64,191,0.024785881131585776,0.0003582716063698338
E02002118,E08000030,7347,273933,27,3045,0.008866995073891626,65.14581280788178,female,60-64,181,0.024635905811896012,0.00021844645547494003
E02002118,E08000030,7347,273933,27,3045,0.008866995073891626,65.14581280788178,male,60-64,157,0.021369266367224717,0.00018948117961085958
E02002128,E08000030,5558,273933,17,2321,0.007324429125376993,40.70917707884533,female,60-64,208,0.037423533645196114,0.00027410601980540025
E02002128,E08000030,5558,273933,17,2321,0.007324429125376993,40.70917707884533,male,60-64,184,0.03310543360921195,0.00024247840213554637
E02002142,E08000030,6831,273933,27,2814,0.009594882729211088,65.54264392324095,female,60-64,150,0.021958717610891524,0.00021069132036036646
E02002142,E08000030,6831,273933,27,2814,0.009594882729211088,65.54264392324095,male,60-64,159,0.023276240667545016,0.00022333279958198845
E02002123,E08000030,6475,273933,29,2966,0.009777478084962913,63.30917060013486,female,60-64,172,0.026563706563706563,0.0002597260587820264
E02002123,E08000030,6475,273933,29,2966,0.009777478084962913,63.30917060013486,male,60-64,141,0.021776061776061777,0.0002129149667922426
E02002144,E08000030,6676,273933,16,2662,0.006010518407212622,40.126220886551465,female,60-64,240,0.035949670461354104,0.00021607615604119672
E02002144,E08000030,6676,273933,16,2662,0.006010518407212622,40.126220886551465,male,60-64,221,0.03310365488316357,0.00019897012702126867
E02002133,E08000030,6723,273933,23,2899,0.00793377026560883,53.338737495688164,female,60-64,173,0.025732559869106053,0.00020415621834751264
E02002133,E08000030,6723,273933,23,2899,0.00793377026560883,53.338737495688164,male,60-64,190,0.028261192919827458,0.00022421781205796186
E02002125,E08000030,6150,273933,21,2579,0.0081426909654905,50.07754943776657,female,60-64,153,0.024878048780487806,0.00020257426304391
E02002125,E08000030,6150,273933,21,2579,0.0081426909654905,50.07754943776657,male,60-64,167,0.027154471544715446,0.0002211104701198233
E02002111,E08000030,6159,273933,24,2566,0.009353078721745909,57.60561184723305,female,60-64,166,0.02695242734210099,0.0002520881746728074
E02002111,E08000030,6159,273933,24,2566,0.009353078721745909,57.60561184723305,male,60-64,165,0.02679006332196785,0.00025056957121092304
E02002122,E08000030,5626,273933,26,2451,0.010607915136678907,59.68013055895553,female,60-64,138,0.024528972627088516,0.00026020126001807483
E02002122,E08000030,5626,273933,26,2451,0.010607915136678907,59.68013055895553,male,60-64,130,0.023107003199431212,0.0002451171290025343
E02002115,E08000030,6774,273933,19,2716,0.006995581737849779,47.388070692194404,female,60-64,207,0.030558015943312665,0.00021377109827796047
E02002115,E08000030,6774,273933,19,2716,0.006995581737849779,47.388070692194404,male,60-64,177,0.02612931798051373,0.0001827897796869517
E02002143,E08000030,10020,273933,34,3975,0.008553459119496854,85.70566037735848,female,60-64,164,0.016367265469061875,0.00013999673608757325
E02002143,E08000030,10020,273933,34,3975,0.008553459119496854,85.70566037735848,male,60-64,164,0.016367265469061875,0.00013999673608757325
E02002130,E08000030,6711,273933,30,2715,0.011049723756906077,74.15469613259668,female,60-64,138,0.02056325435851587,0.00022721828020459524
E02002130,E08000030,6711,273933,30,2715,0.011049723756906077,74.15469613259668,male,60-64,167,0.024884517955595292,0.00027496704923309713
E02002126,E08000030,6701,273933,25,2766,0.009038322487346349,60.565798987707886,female,60-64,130,0.019400089538874794,0.0001753442655357447
E02002126,E08000030,6701,273933,25,2766,0.009038322487346349,60.565798987707886,male,60-64,172,0.025667810774511267,0.00023199395132421607
E02002127,E08000030,8612,273933,33,3788,0.008711721224920803,75.02534318901796,female,60-64,200,0.023223409196470042,0.00020231586681190904
E02002127,E08000030,8612,273933,33,3788,0.008711721224920803,75.02534318901796,male,60-64,180,0.02090106827682304,0.00018208428013071813
E02002121,E08000030,6502,273933,27,2956,0.009133964817320704,59.38903924221922,female,60-64,156,0.023992617656105813,0.00021914772554629803
E02002121,E08000030,6502,273933,27,2956,0.009133964817320704,59.38903924221922,male,60-64,156,0.023992617656105813,0.00021914772554629803
E02002140,E08000030,8199,273933,27,3608,0.007483370288248337,61.35615299334812,female,60-64,194,0.023661422124649348,0.00017706718330530278
E02002140,E08000030,8199,273933,27,3608,0.007483370288248337,61.35615299334812,male,60-64,171,0.020856201975850714,0.00015607468219178749
E02002135,E08000030,7467,273933,29,3125,0.00928,69.29376,female,60-64,148,0.01982054372572653,0.0001839346457747422
E02002135,E08000030,7467,273933,29,3125,0.00928,69.29376,male,60-64,156,0.020891924467657693,0.0001938770590598634
E02006122,E07000192,6630,98508,8,1372,0.0058309037900874635,38.65889212827988,female,60-64,201,0.030316742081447964,0.00017677400630581902
E02006122,E07000192,6630,98508,8,1372,0.0058309037900874635,38.65889212827988,male,60-64,187,0.028205128205128206,0.00016446138895118487
E02006151,E07000194,8781,102062,18,3519,0.005115089514066497,44.915601023017906,female,60-64,290,0.03302585126978704,0.0001689301855232074
E02006151,E07000194,8781,102062,18,3519,0.005115089514066497,44.915601023017906,male,60-64,276,0.03143149982917663,0.00016077493518760428
E02006128,E07000192,8441,98508,11,2021,0.0054428500742206825,45.94309747649678,female,60-64,305,0.03613315957824902,0.00019666737029230046
E02006128,E07000192,8441,98508,11,2021,0.0054428500742206825,45.94309747649678,male,60-64,255,0.030209690794929512,0.00016442681778536597
E02002160,E08000031,7038,253250,36,2718,0.013245033112582781,93.21854304635761,female,60-64,185,0.026285876669508382,0.0003481573068809057
E02002160,E08000031,7038,253250,36,2718,0.013245033112582781,93.21854304635761,male,60-64,191,0.027138391588519467,0.00035944889521217837
E02002049,E08000028,6318,316289,724,2583,0.2802942315137437,1770.8989547038327,female,60-64,160,0.025324469768914212,0.007098302792370844
E02002049,E08000028,6318,316289,724,2583,0.2802942315137437,1770.8989547038327,male,60-64,161,0.025482747704969926,0.007142667184823162
E02002170,E08000031,6261,253250,38,2340,0.01623931623931624,101.67435897435898,female,60-64,160,0.02555502315923974,0.0004149961025859445
E02002170,E08000031,6261,253250,38,2340,0.01623931623931624,101.67435897435898,male,60-64,150,0.023957834211787255,0.00038905884617432295
E02002175,E08000031,7269,253250,73,3164,0.02307206068268015,167.710809102402,female,60-64,180,0.024762690879075525,0.0005713263066284808
E02002175,E08000031,7269,253250,73,3164,0.02307206068268015,167.710809102402,male,60-64,167,0.022974274315586737,0.0005300638511497571
E02006156,E07000194,7668,102062,8,3055,0.002618657937806874,20.07986906710311,female,60-64,267,0.03482003129890454,9.118175135556019e-05
E02006156,E07000194,7668,102062,8,3055,0.002618657937806874,20.07986906710311,male,60-64,251,0.032733437663015126,8.571767636796106e-05
E02002153,E08000031,7380,253250,46,2996,0.015353805073431242,113.31108144192257,female,60-64,168,0.022764227642276424,0.00034951751386672747
E02002153,E08000031,7380,253250,46,2996,0.015353805073431242,113.31108144192257,male,60-64,167,0.02262872628726287,0.0003474370524746636
E02002052,E08000028,11268,316289,59,4711,0.012523880280195288,141.1190829972405,female,60-64,225,0.019968051118210862,0.00025007748163329246
E02002052,E08000028,11268,316289,59,4711,0.012523880280195288,141.1190829972405,male,60-64,247,0.02192048278310259,0.00027452950205965885
E02002055,E08000028,9306,316289,59,3933,0.015001271294177472,139.60183066361554,female,60-64,253,0.027186761229314422,0.0004078359808109715
E02002055,E08000028,9306,316289,59,3933,0.015001271294177472,139.60183066361554,male,60-64,208,0.0223511712873415,0.0003352959842240398
E02002048,E08000028,6531,316289,8,2546,0.003142183817753339,20.521602513747055,female,60-64,202,0.030929413566069514,9.718590279990421e-05
E02002048,E08000028,6531,316289,8,2546,0.003142183817753339,20.521602513747055,male,60-64,182,0.027867095391211148,8.756353618605232e-05
E02002171,E08000031,7412,253250,63,2973,0.02119071644803229,157.06559031281535,female,60-64,213,0.028737182946573125,0.0006089614953360601
E02002171,E08000031,7412,253250,63,2973,0.02119071644803229,157.06559031281535,male,60-64,200,0.026983270372369132,0.000571794831301465
E02002181,E08000031,7544,253250,194,2860,0.06783216783216783,511.72587412587416,female,60-64,199,0.026378579003181336,0.001789316198117895
E02002181,E08000031,7544,253250,194,2860,0.06783216783216783,511.72587412587416,male,60-64,202,0.0267762460233298,0.0018162908141699235
E02002051,E08000028,5608,316289,511,2576,0.1983695652173913,1112.4565217391305,female,60-64,122,0.021754636233951498,0.004315457731191466
E02002051,E08000028,5608,316289,511,2576,0.1983695652173913,1112.4565217391305,male,60-64,131,0.023359486447931527,0.004633811170377721
E02006810,E08000028,10065,316289,36,4151,0.008672609009877139,87.2898096844134,female,60-64,308,0.030601092896174863,0.0002653913139634534
E02006810,E08000028,10065,316289,36,4151,0.008672609009877139,87.2898096844134,male,60-64,293,0.029110779930452062,0.0002524664123093891
E02006124,E07000192,7632,98508,8,1666,0.004801920768307323,36.64825930372149,female,60-64,199,0.026074423480083857,0.00012520731563065476
E02006124,E07000192,7632,98508,8,1666,0.004801920768307323,36.64825930372149,male,60-64,186,0.02437106918238994,0.00011702794325277281
E02006202,E07000197,8878,132044,10,1780,0.0056179775280898875,49.87640449438202,female,60-64,344,0.03874746564541563,0.00021768239126637994
E02006202,E07000197,8878,132044,10,1780,0.0056179775280898875,49.87640449438202,male,60-64,359,0.0404370353683262,0.00022717435600183258
E02006186,E07000196,12377,110688,2790,4611,0.605074821080026,7489.0110605074815,female,60-64,430,0.03474185990143007,0.02102142466384513
E02006186,E07000196,12377,110688,2790,4611,0.605074821080026,7489.0110605074815,male,60-64,396,0.031994829118526295,0.019359265504378304
E02002071,E08000028,6650,316289,1140,2828,0.4031117397454031,2680.6930693069307,female,60-64,157,0.02360902255639098,0.009517074156395232
E02002071,E08000028,6650,316289,1140,2828,0.4031117397454031,2680.6930693069307,male,60-64,149,0.022406015037593985,0.009032127702566175
E02001886,E08000025,9196,1101521,15,3600,0.004166666666666667,38.31666666666666,female,60-64,188,0.02044367116137451,8.51819631723938e-05
E02001886,E08000025,9196,1101521,15,3600,0.004166666666666667,38.31666666666666,male,60-64,195,0.021204871683340582,8.835363201391909e-05
E02002067,E08000028,5450,316289,1329,2304,0.5768229166666666,3143.684895833333,female,60-64,125,0.022935779816513763,0.013229883409785932
E02002067,E08000028,5450,316289,1329,2304,0.5768229166666666,3143.684895833333,male,60-64,134,0.024587155963302753,0.014182435015290519
E02002014,E08000027,7170,315653,2764,3215,0.8597200622083981,6164.192846034215,female,60-64,168,0.023430962343096235,0.020144068403209328
E02002014,E08000027,7170,315653,2764,3215,0.8597200622083981,6164.192846034215,male,60-64,173,0.02412831241283124,0.02074359424854294
E02002031,E08000027,5952,315653,1897,2242,0.8461195361284567,5036.103479036574,female,60-64,188,0.031586021505376344,0.026725549864272488
E02002031,E08000027,5952,315653,1897,2242,0.8461195361284567,5036.103479036574,male,60-64,187,0.03141801075268817,0.02658339268414338
E02002032,E08000027,10187,315653,3407,4176,0.8158524904214559,8311.08931992337,female,60-64,224,0.021988809266712477,0.01793962480164976
E02002032,E08000027,10187,315653,3407,4176,0.8158524904214559,8311.08931992337,male,60-64,249,0.02444291744380092,0.01994181506969103
E02002001,E08000027,6002,315653,1811,2412,0.7508291873963516,4506.476782752902,female,60-64,144,0.023992002665778073,0.018013895865557253
E02002001,E08000027,6002,315653,1811,2412,0.7508291873963516,4506.476782752902,male,60-64,160,0.026657780739753417,0.020015439850619172
E02002077,E08000028,10521,316289,3346,4614,0.7251842219332466,7629.663198959687,female,60-64,226,0.021480847828153217,0.01557757191872576
E02002077,E08000028,10521,316289,3346,4614,0.7251842219332466,7629.663198959687,male,60-64,239,0.022716471818268226,0.016473626940599367
E02001900,E08000025,7094,1101521,8,2566,0.003117692907248636,22.116913484021826,female,60-64,150,0.021144629264166902,6.59224606832951e-05
E02001900,E08000025,7094,1101521,8,2566,0.003117692907248636,22.116913484021826,male,60-64,156,0.02199041443473358,6.85593591106269e-05
E02006181,E07000196,5700,110688,41,2088,0.019636015325670497,111.92528735632183,female,60-64,186,0.03263157894736842,0.0006407541843113531
E02006181,E07000196,5700,110688,41,2088,0.019636015325670497,111.92528735632183,male,60-64,167,0.029298245614035087,0.0005753007998924514
E02001879,E08000025,10994,1101521,20,4424,0.0045207956600361665,49.701627486437616,female,60-64,146,0.01327997089321448,6.0036034779450633e-05
E02001879,E08000025,10994,1101521,20,4424,0.0045207956600361665,49.701627486437616,male,60-64,173,0.01573585592141168,7.113858915647233e-05
E02001866,E08000025,8949,1101521,8,3671,0.002179242713157178,19.502043040043585,female,60-64,132,0.014750251424740195,3.2144377934601355e-05
E02001866,E08000025,8949,1101521,8,3671,0.002179242713157178,19.502043040043585,male,60-64,118,0.013185830819085932,2.8735125729416358e-05
E02002008,E08000027,8544,315653,2480,2912,0.8516483516483516,7276.483516483516,female,60-64,212,0.024812734082397005,0.021131724081162283
E02002008,E08000027,8544,315653,2480,2912,0.8516483516483516,7276.483516483516,male,60-64,219,0.025632022471910113,0.021829469687615753
E02002004,E08000027,7541,315653,2747,3237,0.8486252703120173,6399.483163422922,female,60-64,160,0.02121734517968439,0.018005575288413043
E02002004,E08000027,7541,315653,2747,3237,0.8486252703120173,6399.483163422922,male,60-64,192,0.02546081421562127,0.021606690346095653
E02002167,E08000031,6614,253250,90,2412,0.03731343283582089,246.79104477611938,female,60-64,234,0.03537949803447233,0.0013201305236743405
E02002167,E08000031,6614,253250,90,2412,0.03731343283582089,246.79104477611938,male,60-64,218,0.03296038705775627,0.0012298651887222489
E02006182,E07000196,6858,110688,47,2192,0.02144160583941606,147.04653284671534,female,60-64,226,0.03295421405657626,0.0007065912685488523
E02006182,E07000196,6858,110688,47,2192,0.02144160583941606,147.04653284671534,male,60-64,222,0.03237095363079615,0.0006940852283975453
E02002079,E08000028,8081,316289,153,3774,0.04054054054054054,327.6081081081081,female,60-64,206,0.02549189456750402,0.001033455185169082
E02002079,E08000028,8081,316289,153,3774,0.04054054054054054,327.6081081081081,male,60-64,207,0.025615641628511324,0.0010384719579126214
E02001861,E08000025,10383,1101521,8,4006,0.00199700449326011,20.73489765351972,female,60-64,151,0.01454300298564962,2.9042442307837485e-05
E02001861,E08000025,10383,1101521,8,4006,0.00199700449326011,20.73489765351972,male,60-64,172,0.016565539824713475,3.308145746323211e-05
E02002025,E08000027,7828,315653,1831,3361,0.5447783397798275,4264.524843796489,female,60-64,205,0.026188042922841083,0.014266678545588225
E02002025,E08000027,7828,315653,1831,3361,0.5447783397798275,4264.524843796489,male,60-64,185,0.023633111905978537,0.012874807467969861
E02002162,E08000031,7547,253250,87,2826,0.03078556263269639,232.33864118895966,female,60-64,227,0.030078176758977077,0.0009259735944908017
E02002162,E08000031,7547,253250,87,2826,0.03078556263269639,232.33864118895966,male,60-64,223,0.02954816483370876,0.0009096568791693779
E02002010,E08000027,7321,315653,3068,3523,0.8708487084870848,6375.483394833948,female,60-64,131,0.017893730364704274,0.01558273197811885
E02002010,E08000027,7321,315653,3068,3523,0.8708487084870848,6375.483394833948,male,60-64,181,0.02472339844283568,0.021530339603355056
E02001873,E08000025,11051,1101521,12,4852,0.00247320692497939,27.33140972794724,female,60-64,182,0.016469097819201882,4.073148677461306e-05
E02001873,E08000025,11051,1101521,12,4852,0.00247320692497939,27.33140972794724,male,60-64,145,0.013120984526287214,3.2450909792960955e-05
E02002073,E08000028,7623,316289,34,3367,0.010098010098010098,76.97713097713097,female,60-64,181,0.023743932834841927,0.0002397664735327073
E02002073,E08000028,7623,316289,34,3367,0.010098010098010098,76.97713097713097,male,60-64,161,0.021120293847566574,0.0002132729405456678
E02002161,E08000031,6390,253250,29,2544,0.01139937106918239,72.84198113207546,female,60-64,101,0.015805946791862285,0.00018017785258019113
E02002161,E08000031,6390,253250,29,2544,0.01139937106918239,72.84198113207546,male,60-64,101,0.015805946791862285,0.00018017785258019113
E02002174,E08000031,7479,253250,127,2806,0.04526015680684248,338.5007127583749,female,60-64,240,0.032089851584436425,0.001452391714619895
E02002174,E08000031,7479,253250,127,2806,0.04526015680684248,338.5007127583749,male,60-64,232,0.031020189864955208,0.0014039786574658985
E02002164,E08000031,7261,253250,33,2344,0.014078498293515358,102.22397610921502,female,60-64,82,0.011293210301611348,0.00015899144195954544
E02002164,E08000031,7261,253250,33,2344,0.014078498293515358,102.22397610921502,male,60-64,83,0.011430932378460268,0.00016093036198344234
E02002076,E08000028,10852,316289,28,4164,0.0067243035542747355,72.97214217098943,female,60-64,204,0.018798378179137487,0.00012640600120457485
E02002076,E08000028,10852,316289,28,4164,0.0067243035542747355,72.97214217098943,male,60-64,192,0.017692591227423518,0.00011897035407489396
E02001857,E08000025,13611,1101521,14,5507,0.002542218994007627,34.60214272743781,female,60-64,231,0.01697156711483359,4.314544027740517e-05
E02001857,E08000025,13611,1101521,14,5507,0.002542218994007627,34.60214272743781,male,60-64,279,0.02049812651531849,5.211072656881404e-05
E02002176,E08000031,7652,253250,160,3000,0.05333333333333334,408.1066666666667,female,60-64,227,0.029665446941975954,0.0015821571702387177
E02002176,E08000031,7652,253250,160,3000,0.05333333333333334,408.1066666666667,male,60-64,233,0.03044955567171981,0.0016239763024917234
E02002005,E08000027,8668,315653,3163,3831,0.8256329939963456,7156.586791960323,female,60-64,192,0.022150438394093218,0.01828813276964679
E02002005,E08000027,8668,315653,3163,3831,0.8256329939963456,7156.586791960323,male,60-64,208,0.023996308260267652,0.019812143833784022
E02002074,E08000028,8186,316289,66,3525,0.01872340425531915,153.26978723404255,female,60-64,205,0.025042755924749572,0.000468885642846375
E02002074,E08000028,8186,316289,66,3525,0.01872340425531915,153.26978723404255,male,60-64,192,0.023454678719765452,0.0004391514313488
E02002075,E08000028,8887,316289,1645,3984,0.41290160642570284,3669.456576305221,female,60-64,208,0.023404973556880836,0.009663951179987192
E02002075,E08000028,8887,316289,1645,3984,0.41290160642570284,3669.456576305221,male,60-64,203,0.022842354000225048,0.009431644661237502
E02001858,E08000025,8646,1101521,8,3191,0.0025070510811657787,21.67596364775932,female,60-64,182,0.021050196622715706,5.277391820173163e-05
E02001858,E08000025,8646,1101521,8,3191,0.0025070510811657787,21.67596364775932,male,60-64,176,0.020356234096692113,5.1034118700575654e-05
E02002150,E08000031,5718,253250,27,2139,0.012622720897615708,72.17671809256662,female,60-64,153,0.026757607555089193,0.0003377538120558243
E02002150,E08000031,5718,253250,27,2139,0.012622720897615708,72.17671809256662,male,60-64,135,0.0236096537250787,0.00029801806946102145
E02002154,E08000031,5629,253250,34,2198,0.015468607825295723,87.07279344858962,female,60-64,135,0.023982945461005507,0.0003709827778317503
E02002154,E08000031,5629,253250,34,2198,0.015468607825295723,87.07279344858962,male,60-64,129,0.02291703677384971,0.00035449465437256147
E02001862,E08000025,10446,1101521,19,4254,0.004466384579219558,46.655853314527505,female,60-64,197,0.018858893356308633,8.423107046776305e-05
E02001862,E08000025,10446,1101521,19,4254,0.004466384579219558,46.655853314527505,male,60-64,172,0.01646563277809688,7.354184832718399e-05
E02002180,E08000031,6437,253250,436,2514,0.17342879872712808,1116.3611774065234,female,60-64,171,0.02656517011029983,0.004607165540211108
E02002180,E08000031,6437,253250,436,2514,0.17342879872712808,1116.3611774065234,male,60-64,169,0.026254466366319715,0.004553280563132615
E02002169,E08000031,8665,253250,103,3248,0.031711822660098525,274.78294334975374,female,60-64,310,0.03577611079053664,0.0011345256808575352
E02002169,E08000031,8665,253250,103,3248,0.031711822660098525,274.78294334975374,male,60-64,321,0.03704558568955568,0.0011747830437266735
E02002066,E08000028,7403,316289,67,3279,0.020433058859408357,151.26593473620008,female,60-64,159,0.021477779278670808,0.0004388567281704618
E02002066,E08000028,7403,316289,67,3279,0.020433058859408357,151.26593473620008,male,60-64,157,0.02120761853302715,0.0004333365177532233
E02002003,E08000027,9101,315653,2767,3902,0.7091235263967196,6453.733213736545,female,60-64,266,0.029227557411273485,0.02072594857944483
E02002003,E08000027,9101,315653,2767,3902,0.7091235263967196,6453.733213736545,male,60-64,245,0.02692011866827821,0.01908968948106761
E02002165,E08000031,7660,253250,52,2814,0.01847903340440654,141.54939587775408,female,60-64,137,0.017885117493472585,0.00033049968360361566
E02002165,E08000031,7660,253250,52,2814,0.01847903340440654,141.54939587775408,male,60-64,204,0.026631853785900782,0.0004921309157309313
E02002069,E08000028,6634,316289,455,2932,0.15518417462482947,1029.4918144611188,female,60-64,173,0.02607778112752487,0.004046858940321902
E02002069,E08000028,6634,316289,455,2932,0.15518417462482947,1029.4918144611188,male,60-64,190,0.028640337654507086,0.004444527159891107
E02002151,E08000031,5868,253250,28,2104,0.013307984790874524,78.09125475285171,female,60-64,195,0.033231083844580775,0.00044223875838795705
E02002151,E08000031,5868,253250,28,2104,0.013307984790874524,78.09125475285171,male,60-64,156,0.026584867075664622,0.00035379100671036566
E02002157,E08000031,7644,253250,52,2645,0.019659735349716444,150.2790170132325,female,60-64,203,0.026556776556776556,0.0005220991988477811
E02002157,E08000031,7644,253250,52,2645,0.019659735349716444,150.2790170132325,male,60-64,215,0.02812663526949241,0.0005529622056762212
E02002159,E08000031,5964,253250,39,2249,0.017341040462427744,103.42196531791906,female,60-64,109,0.018276324614352784,0.00031693048464195573
E02002159,E08000031,5964,253250,39,2249,0.017341040462427744,103.42196531791906,male,60-64,105,0.017605633802816902,0.0003053000081413335
E02001844,E08000025,9936,1101521,9,4181,0.0021525950729490554,21.388184644821816,female,60-64,265,0.026670692431561997,5.741120112032002e-05
E02001844,E08000025,9936,1101521,9,4181,0.0021525950729490554,21.388184644821816,male,60-64,294,0.029589371980676328,6.36939363372607e-05
E02002182,E08000031,6646,253250,769,2842,0.2705840957072484,1798.3019000703728,female,60-64,202,0.03039422208847427,0.008224193098535086
E02002182,E08000031,6646,253250,769,2842,0.2705840957072484,1798.3019000703728,male,60-64,201,0.030243755642491724,0.008183479271314614
E02001850,E08000025,8434,1101521,8,3079,0.0025982461838259174,21.913608314387787,female,60-64,159,0.018852264643111218,4.8982824665439993e-05
E02001850,E08000025,8434,1101521,8,3079,0.0025982461838259174,21.913608314387787,male,60-64,175,0.02074934787763813,5.391191393994967e-05
E02002155,E08000031,6227,253250,22,2531,0.00869221651521138,54.12643224022126,female,60-64,142,0.022803918419784807,0.0001982165962999865
E02002155,E08000031,6227,253250,22,2531,0.00869221651521138,54.12643224022126,male,60-64,122,0.019592098924040468,0.00017029876583519966
E02001837,E08000025,10601,1101521,8,4727,0.0016924053310767928,17.94118891474508,female,60-64,210,0.01980945193849637,3.352562206642076e-05
E02001837,E08000025,10601,1101521,8,4727,0.0016924053310767928,17.94118891474508,male,60-64,232,0.021884727855862655,3.7037830092426746e-05
E02002000,E08000027,7828,315653,1919,3360,0.5711309523809524,4470.813095238095,female,60-64,212,0.027082268778742973,0.015467521960240406
E02002000,E08000027,7828,315653,1919,3360,0.5711309523809524,4470.813095238095,male,60-64,203,0.025932549821154827,0.014810881877022652
E02002149,E08000031,10130,253250,46,3910,0.011764705882352941,119.17647058823529,female,60-64,296,0.029220138203356366,0.00034376633180419254
E02002149,E08000031,10130,253250,46,3910,0.011764705882352941,119.17647058823529,male,60-64,266,0.02625863770977295,0.0003089251495267406
E02006176,E07000196,7483,110688,20,2057,0.009722897423432183,72.75644141954302,female,60-64,268,0.03581451289589737,0.0003482208351569992
E02006176,E07000196,7483,110688,20,2057,0.009722897423432183,72.75644141954302,male,60-64,248,0.03314178805291995,0.0003222342056676709
E02002156,E08000031,8211,253250,45,3261,0.013799448022079117,113.30726770929162,female,60-64,224,0.027280477408354646,0.0003764555300140936
E02002156,E08000031,8211,253250,45,3261,0.013799448022079117,113.30726770929162,male,60-64,203,0.0247229326513214,0.0003411628240752723
E02002152,E08000031,6251,253250,37,2675,0.013831775700934579,86.46242990654206,female,60-64,143,0.0228763397856343,0.00031642040077325945
E02002152,E08000031,6251,253250,37,2675,0.013831775700934579,86.46242990654206,male,60-64,122,0.019516877299632057,0.00026995306919117235
E02002063,E08000028,9625,316289,1050,3929,0.26724357342835325,2572.2193942479003,female,60-64,187,0.019428571428571427,0.0051921608551794346
E02002063,E08000028,9625,316289,1050,3929,0.26724357342835325,2572.2193942479003,male,60-64,203,0.02109090909090909,0.005636409912307087
E02002070,E08000028,9356,316289,32,4370,0.007322654462242563,68.51075514874142,female,60-64,160,0.017101325352714837,0.00012522709640431918
E02002070,E08000028,9356,316289,32,4370,0.007322654462242563,68.51075514874142,male,60-64,177,0.018918341171440787,0.00013853247539727807
E02002064,E08000028,12292,316289,1836,4906,0.374235629841011,4600.104362005707,female,60-64,298,0.024243410348193946,0.009072747941150445
E02002064,E08000028,12292,316289,1836,4906,0.374235629841011,4600.104362005707,male,60-64,263,0.02139602993817117,0.008007156740008615
E02006179,E07000196,8820,110688,26,2574,0.010101010101010102,89.0909090909091,female,60-64,199,0.02256235827664399,0.00022790260885498982
E02006179,E07000196,8820,110688,26,2574,0.010101010101010102,89.0909090909091,male,60-64,234,0.026530612244897958,0.0002679859822716966
E02002163,E08000031,11710,253250,44,4472,0.009838998211091235,115.21466905187836,female,60-64,214,0.018274978650725877,0.0001798074822522224
E02002163,E08000031,11710,253250,44,4472,0.009838998211091235,115.21466905187836,male,60-64,227,0.019385140905209222,0.00019073036668810505
E02002058,E08000028,12006,316289,1237,5355,0.23099906629318395,2773.3747899159666,female,60-64,274,0.02282192237214726,0.005271842758981542
E02002058,E08000028,12006,316289,1237,5355,0.23099906629318395,2773.3747899159666,male,60-64,254,0.02115608862235549,0.00488703671817997
E02002065,E08000028,12333,316289,40,5232,0.00764525993883792,94.28899082568807,female,60-64,240,0.019459985405010947,0.00014877664682730083
E02002065,E08000028,12333,316289,40,5232,0.00764525993883792,94.28899082568807,male,60-64,193,0.015649071596529635,0.0001196412201569544
E02002158,E08000031,7354,253250,40,3054,0.01309757694826457,96.31958087753765,female,60-64,226,0.03073157465324993,0.00040250916376227805
E02002158,E08000031,7354,253250,40,3054,0.01309757694826457,96.31958087753765,male,60-64,226,0.03073157465324993,0.00040250916376227805
E02002061,E08000028,5723,316289,28,2656,0.010542168674698794,60.3328313253012,female,60-64,135,0.023589026734230297,0.00024867949870423505
E02002061,E08000028,5723,316289,28,2656,0.010542168674698794,60.3328313253012,male,60-64,129,0.022540625546042286,0.0002376270765396024
E02006894,E08000031,13025,253250,135,4910,0.0274949083503055,358.1211812627291,female,60-64,271,0.020806142034548943,0.000572062968363362
E02006894,E08000031,13025,253250,135,4910,0.0274949083503055,358.1211812627291,male,60-64,264,0.020268714011516316,0.000557286434125194
E02002059,E08000028,10733,316289,44,4615,0.009534127843986998,102.32979414951245,female,60-64,285,0.02655361967762974,0.00025316560472713075
E02002059,E08000028,10733,316289,44,4615,0.009534127843986998,102.32979414951245,male,60-64,264,0.02459703717506755,0.0002345112970103948
E02001842,E08000025,7584,1101521,10,2849,0.00351000351000351,26.61986661986662,female,60-64,186,0.0245253164556962,8.608394684344051e-05
E02001842,E08000025,7584,1101521,10,2849,0.00351000351000351,26.61986661986662,male,60-64,184,0.024261603375527425,8.515831300641427e-05
E02006174,E07000196,10383,110688,12,2102,0.005708848715509039,59.27497621313035,female,60-64,411,0.03958393527882115,0.00022597869807129104
E02006174,E07000196,10383,110688,12,2102,0.005708848715509039,59.27497621313035,male,60-64,398,0.038331888664162574,0.00021883095336344
E02002177,E08000031,9490,253250,161,3469,0.04641106947247045,440.4410492937446,female,60-64,196,0.02065331928345627,0.0009585426361016025
E02002177,E08000031,9490,253250,161,3469,0.04641106947247045,440.4410492937446,male,60-64,226,0.0238145416227608,0.0011052583457089908
E02002056,E08000028,8965,316289,1566,4445,0.3523059617547806,3158.4229471316085,female,60-64,188,0.020970440602342443,0.007388011244829755
E02002056,E08000028,8965,316289,1566,4445,0.3523059617547806,3158.4229471316085,male,60-64,200,0.022308979364194088,0.007859586430669953
E02002057,E08000028,9255,316289,2145,4624,0.4638840830449827,4293.247188581315,female,60-64,208,0.022474338195569963,0.010425487765894803
E02002057,E08000028,9255,316289,2145,4624,0.4638840830449827,4293.247188581315,male,60-64,229,0.024743381955699622,0.01147806104995149
E02002068,E08000028,12466,316289,24,5537,0.004334477153693336,54.03359219794112,female,60-64,162,0.012995347344777796,5.632803617024871e-05
E02002068,E08000028,12466,316289,24,5537,0.004334477153693336,54.03359219794112,male,60-64,141,0.01131076528156586,4.902625370373499e-05
E02002060,E08000028,6401,316289,64,2791,0.02293084915800788,146.78036546040843,female,60-64,120,0.018747070770192158,0.000429886251985775
E02002060,E08000028,6401,316289,64,2791,0.02293084915800788,146.78036546040843,male,60-64,144,0.02249648492423059,0.0005158635023829299
E02002053,E08000028,6052,316289,13,2352,0.0055272108843537416,33.45068027210884,female,60-64,157,0.02594183740912095,0.0001433860060878284
E02002053,E08000028,6052,316289,13,2352,0.0055272108843537416,33.45068027210884,male,60-64,162,0.026768010575016522,0.0001479524394027274
E02002062,E08000028,7752,316289,41,3473,0.011805355600345523,91.51511661387849,female,60-64,166,0.021413828689370484,0.00025279786244289946
E02002062,E08000028,7752,316289,41,3473,0.011805355600345523,91.51511661387849,male,60-64,194,0.02502579979360165,0.0002954384657465211
E02002166,E08000031,9374,253250,65,3801,0.017100762957116548,160.3025519600105,female,60-64,222,0.023682526136121186,0.00040498926567952566
E02002166,E08000031,9374,253250,65,3801,0.017100762957116548,160.3025519600105,male,60-64,211,0.02250906763388095,0.00038492222999270234
E02002072,E08000028,8540,316289,131,3492,0.03751431844215349,320.3722794959908,female,60-64,194,0.02271662763466042,0.0008521988030184751
E02002072,E08000028,8540,316289,131,3492,0.03751431844215349,320.3722794959908,male,60-64,208,0.024355971896955503,0.00091369768571053
E02002178,E08000031,8046,253250,167,2985,0.0559463986599665,450.14472361809044,female,60-64,241,0.029952771563509818,0.0016757496988630285
E02002178,E08000031,8046,253250,167,2985,0.0559463986599665,450.14472361809044,male,60-64,264,0.03281133482475764,0.0018356760186715331
E02006184,E07000196,5448,110688,56,1700,0.03294117647058824,179.4635294117647,female,60-64,223,0.04093245227606461,0.0013483631337997755
E02006184,E07000196,5448,110688,56,1700,0.03294117647058824,179.4635294117647,male,60-64,198,0.03634361233480176,0.0011972013474993522
E02006183,E07000196,7502,110688,91,2432,0.03741776315789474,280.70805921052636,female,60-64,287,0.03825646494268195,0.0014314713444835763
E02006183,E07000196,7502,110688,91,2432,0.03741776315789474,280.70805921052636,male,60-64,289,0.038523060517195416,0.0014414467545496642
E02006008,E06000051,7797,310774,11,2787,0.003946896304269824,30.773950484391815,female,60-64,268,0.034372194433756574,0.00013566348718023764
E02006008,E06000051,7797,310774,11,2787,0.003946896304269824,30.773950484391815,male,60-64,254,0.03257663203796332,0.00012857658859619537
E02006009,E06000051,7325,310774,27,2987,0.009039169735520589,66.21191831268831,female,60-64,190,0.025938566552901023,0.00023446310576776954
E02006009,E06000051,7325,310774,27,2987,0.009039169735520589,66.21191831268831,male,60-64,167,0.02279863481228669,0.00020608072980640797
E02006185,E07000196,7124,110688,1799,3014,0.5968812209688122,4252.181818181818,female,60-64,240,0.033688938798427846,0.0201082949231492
E02006185,E07000196,7124,110688,1799,3014,0.5968812209688122,4252.181818181818,male,60-64,218,0.03060078607523863,0.018265034555193863
E02002007,E08000027,8924,315653,3107,3605,0.8618585298196949,7691.225520110957,female,60-64,280,0.031376064545047065,0.027041728860322117
E02002007,E08000027,8924,315653,3107,3605,0.8618585298196949,7691.225520110957,male,60-64,254,0.028462572837292695,0.024530711180435066
E02002941,E06000020,10177,169768,25,4322,0.005784359093012495,58.86742248958816,female,60-64,249,0.024466935246143264,0.0001415255393691767
E02002941,E06000020,10177,169768,25,4322,0.005784359093012495,58.86742248958816,male,60-64,263,0.025842586223838067,0.00014948279861081714
E02002080,E08000028,6839,316289,2355,3075,0.7658536585365854,5237.673170731708,female,60-64,184,0.02690451820441585,0.02060492369801604
E02002080,E08000028,6839,316289,2355,3075,0.7658536585365854,5237.673170731708,male,60-64,174,0.025442316128088904,0.019485090888341258
E02001925,E08000025,6588,1101521,11,2553,0.004308656482569526,28.385428907168038,female,60-64,174,0.026411657559198543,0.00011379875955784723
E02001925,E08000025,6588,1101521,11,2553,0.004308656482569526,28.385428907168038,male,60-64,181,0.027474195506982393,0.00011837687057454224
E02001890,E08000025,10590,1101521,18,3528,0.00510204081632653,54.03061224489795,female,60-64,167,0.015769593956562796,8.045711202327956e-05
E02001890,E08000025,10590,1101521,18,3528,0.00510204081632653,54.03061224489795,male,60-64,228,0.02152974504249292,0.00010984563797190263
E02002038,E08000027,9391,315653,2749,3729,0.7371949584338965,6922.997854652722,female,60-64,265,0.028218507081248,0.020802541154827235
E02002038,E08000027,9391,315653,2749,3729,0.7371949584338965,6922.997854652722,male,60-64,259,0.027579597486955595,0.020331540223019827
E02002946,E06000020,7932,169768,24,2991,0.00802407221664995,63.6469408224674,female,60-64,213,0.02685325264750378,0.0002154724384955168
E02002946,E06000020,7932,169768,24,2991,0.00802407221664995,63.6469408224674,male,60-64,224,0.028240040342914774,0.00022660012311265617
E02002943,E06000020,10466,169768,33,4085,0.008078335373317013,84.54785801713587,female,60-64,224,0.02140263711064399,0.00017289768045318277
E02002943,E06000020,10466,169768,33,4085,0.008078335373317013,84.54785801713587,male,60-64,233,0.022262564494553792,0.0001798444622571053
E02001950,E08000025,8602,1101521,8,3466,0.002308136180034622,19.85458742065782,female,60-64,266,0.03092304115322018,7.137459008244704e-05
E02001950,E08000025,8602,1101521,8,3466,0.002308136180034622,19.85458742065782,male,60-64,237,0.027551732155312716,6.359314981030056e-05
E02002179,E08000031,6327,253250,182,2259,0.08056662239929172,509.74501992031867,female,60-64,194,0.03066224118855698,0.0024703532077544796
E02002179,E08000031,6327,253250,182,2259,0.08056662239929172,509.74501992031867,male,60-64,175,0.027659238185553974,0.0022284113987475975
E02002932,E06000020,9089,169768,14,3567,0.003924866834875245,35.673114662181106,female,60-64,195,0.02145450544614369,8.42060768842197e-05
E02002932,E06000020,9089,169768,14,3567,0.003924866834875245,35.673114662181106,male,60-64,209,0.022994828914071955,9.025164137847137e-05
E02006704,E07000234,6898,95519,9,2842,0.0031667839549612948,21.84447572132301,female,60-64,236,0.03421281530878516,0.000108344594573915
E02006704,E07000234,6898,95519,9,2842,0.0031667839549612948,21.84447572132301,male,60-64,263,0.038126993331400405,0.00012073995073279509
E02006046,E06000051,8908,310774,21,3364,0.00624256837098692,55.608799048751486,female,60-64,333,0.03738212842388864,0.00023336049253913836
E02006046,E06000051,8908,310774,21,3364,0.00624256837098692,55.608799048751486,male,60-64,280,0.03143242029636282,0.00019621903276564184
E02006011,E06000051,5892,310774,35,2308,0.015164644714038129,89.35008665511265,female,60-64,215,0.036490156143923966,0.0005533602534823825
E02006011,E06000051,5892,310774,35,2308,0.015164644714038129,89.35008665511265,male,60-64,184,0.031228784792939578,0.00047357342623608546
E02006043,E06000051,6881,310774,9,2630,0.0034220532319391636,23.547148288973386,female,60-64,268,0.03894782735067577,0.00013328153846238857
E02006043,E06000051,6881,310774,9,2630,0.0034220532319391636,23.547148288973386,male,60-64,287,0.04170905391658189,0.00014273060275636387
E02006013,E06000051,7636,310774,234,3144,0.07442748091603053,568.3282442748092,female,60-64,331,0.043347302252488215,0.003226230511158474
E02006013,E06000051,7636,310774,234,3144,0.07442748091603053,568.3282442748092,male,60-64,304,0.03981141959140912,0.002963063671879686
E02002948,E06000020,7031,169768,13,2761,0.004708438971387179,33.105034407823254,female,60-64,142,0.020196273645285166,9.509292190826047e-05
E02002948,E06000020,7031,169768,13,2761,0.004708438971387179,33.105034407823254,male,60-64,150,0.021334091878822358,0.00010045026962140191
E02002947,E06000020,6762,169768,17,2744,0.00619533527696793,41.892857142857146,female,60-64,208,0.03076013013901213,0.00019056931937434628
E02002947,E06000020,6762,169768,17,2744,0.00619533527696793,41.892857142857146,male,60-64,182,0.026915113871635612,0.000166748154452553
E02006045,E06000051,11048,310774,9,4637,0.0019409100711667026,21.44317446624973,female,60-64,346,0.03131788559015206,6.078519954957269e-05
E02006045,E06000051,11048,310774,9,4637,0.0019409100711667026,21.44317446624973,male,60-64,342,0.030955829109341058,6.008248047963544e-05
E02002950,E06000020,5501,169768,15,2409,0.0062266500622665,34.25280199252802,female,60-64,167,0.030358116706053446,0.00018902936927804137
E02002950,E06000020,5501,169768,15,2409,0.0062266500622665,34.25280199252802,male,60-64,161,0.02926740592619524,0.00018223789493272252
E02006010,E06000051,11572,310774,39,4282,0.00910789350770668,105.39654367118169,female,60-64,458,0.03957829243000346,0.0003604748726693449
E02006010,E06000051,11572,310774,39,4282,0.00910789350770668,105.39654367118169,male,60-64,435,0.03759073625993778,0.00034237242273180135
E02006014,E06000051,9310,310774,60,3559,0.01685866816521495,156.9542006181512,female,60-64,371,0.03984962406015038,0.0006718115885386409
E02006014,E06000051,9310,310774,60,3559,0.01685866816521495,156.9542006181512,male,60-64,387,0.04156820622986036,0.0007007845950524367
E02002936,E06000020,8985,169768,13,3588,0.0036231884057971015,32.55434782608695,female,60-64,175,0.019476905954368393,7.056849983466809e-05
E02002936,E06000020,8985,169768,13,3588,0.0036231884057971015,32.55434782608695,male,60-64,172,0.01914301613800779,6.935875412321664e-05
E02002937,E06000020,10271,169768,19,3808,0.004989495798319327,51.247111344537814,female,60-64,349,0.033979164638302015,0.00016953889919320856
E02002937,E06000020,10271,169768,19,3808,0.004989495798319327,51.247111344537814,male,60-64,350,0.034076526141563625,0.00017002468400465043
E02002934,E06000020,5973,169768,8,2312,0.0034602076124567475,20.667820069204154,female,60-64,215,0.035995312238406164,0.00012455125342009053
E02002934,E06000020,5973,169768,8,2312,0.0034602076124567475,20.667820069204154,male,60-64,202,0.03381885149840951,0.00011702024739934087
E02002931,E06000020,6673,169768,12,2265,0.005298013245033113,35.35364238410596,female,60-64,198,0.02967181177881013,0.00015720165180826558
E02002931,E06000020,6673,169768,12,2265,0.005298013245033113,35.35364238410596,male,60-64,173,0.025925370897647234,0.00013735295839813105
E02002949,E06000020,5179,169768,19,2064,0.009205426356589148,47.6749031007752,female,60-64,228,0.04402394284610929,0.00040525916379654874
E02002949,E06000020,5179,169768,19,2064,0.009205426356589148,47.6749031007752,male,60-64,201,0.038810581193280555,0.00035726794703116793
E02002933,E06000020,8266,169768,8,3198,0.0025015634771732333,20.677923702313947,female,60-64,246,0.029760464553593033,7.444769119097694e-05
E02002933,E06000020,8266,169768,8,3198,0.0025015634771732333,20.677923702313947,male,60-64,228,0.027582869586256956,6.900029915261277e-05
E02006012,E06000051,6249,310774,51,2517,0.02026221692491061,126.6185935637664,female,60-64,265,0.0424067850856137,0.0008592554784927687
E02006012,E06000051,6249,310774,51,2517,0.02026221692491061,126.6185935637664,male,60-64,233,0.03728596575452072,0.0007554963263728871
E02002938,E06000020,7041,169768,10,2924,0.003419972640218878,24.08002735978112,female,60-64,190,0.02698480329498651,9.22872889705421e-05
E02002938,E06000020,7041,169768,10,2924,0.003419972640218878,24.08002735978112,male,60-64,181,0.025706575770487145,8.791578580877957e-05
E02002935,E06000020,6539,169768,17,2641,0.006436955698599016,42.091253313138964,female,60-64,204,0.031197430799816486,0.00020081647996852717
E02002935,E06000020,6539,169768,17,2641,0.006436955698599016,42.091253313138964,male,60-64,188,0.02875057348218382,0.00018506616781413288
E02002942,E06000020,6480,169768,12,2164,0.005545286506469501,35.93345656192236,female,60-64,203,0.03132716049382716,0.00017371808037242416
E02002942,E06000020,6480,169768,12,2164,0.005545286506469501,35.93345656192236,male,60-64,206,0.03179012345679012,0.00017628534264393784
E02002940,E06000020,6097,169768,8,2441,0.0032773453502662844,19.981974600573537,female,60-64,149,0.024438248318845335,8.00925794964206e-05
E02002940,E06000020,6097,169768,8,2441,0.0032773453502662844,19.981974600573537,male,60-64,175,0.02870264064293915,9.406846585150071e-05
E02002945,E06000020,9464,169768,23,3482,0.006605399195864446,62.51349798966112,female,60-64,277,0.02926880811496196,0.0001933321615864805
E02002945,E06000020,9464,169768,23,3482,0.006605399195864446,62.51349798966112,male,60-64,258,0.027261200338123414,0.00018007111079173995
E02001851,E08000025,8705,1101521,11,3747,0.0029356818788364024,25.55511075527088,female,60-64,216,0.024813325674899484,7.284403053746846e-05
E02001851,E08000025,8705,1101521,11,3747,0.0029356818788364024,25.55511075527088,male,60-64,218,0.02504307869040781,7.351851230170427e-05
E02006770,E07000239,7445,98999,86,3002,0.028647568287808126,213.2811459027315,female,60-64,153,0.020550705171255877,0.0005887277297561643
E02006770,E07000239,7445,98999,86,3002,0.028647568287808126,213.2811459027315,male,60-64,150,0.020147750167897917,0.0005771840487805532
E02006775,E07000239,5234,98999,39,2137,0.018249883013570427,95.51988769302761,female,60-64,123,0.02350019105846389,0.0004288757376135198
E02006775,E07000239,5234,98999,39,2137,0.018249883013570427,95.51988769302761,male,60-64,129,0.024646541841803593,0.0004497965053019842
E02006752,E07000238,6978,120007,9,2110,0.0042654028436018955,29.763981042654027,female,60-64,239,0.034250501576382916,0.0001460921868186949
E02006752,E07000238,6978,120007,9,2110,0.0042654028436018955,29.763981042654027,male,60-64,226,0.03238750358268845,0.0001381457498787659
E02006769,E07000239,7260,98999,102,2631,0.03876852907639681,281.4595210946408,female,60-64,246,0.033884297520661154,0.0013136443736630323
E02006769,E07000239,7260,98999,102,2631,0.03876852907639681,281.4595210946408,male,60-64,242,0.03333333333333333,0.0012922843025465602
E02006780,E07000239,5841,98999,29,2373,0.012220817530552043,71.38179519595448,female,60-64,239,0.04091765108714261,0.0005000471477147643
E02006780,E07000239,5841,98999,29,2373,0.012220817530552043,71.38179519595448,male,60-64,191,0.03269988015750728,0.00039961926867581585
E02006710,E07000235,8023,76224,16,3073,0.005206638464041653,41.77286039700618,female,60-64,316,0.039386763056213386,0.00020507263550257539
E02006710,E07000235,8023,76224,16,3073,0.005206638464041653,41.77286039700618,male,60-64,300,0.03739249657235448,0.0001946892109201665
E02006772,E07000239,6487,98999,81,2650,0.030566037735849056,198.28188679245284,female,60-64,212,0.032680746107599815,0.0009989209187605981
E02006772,E07000239,6487,98999,81,2650,0.030566037735849056,198.28188679245284,male,60-64,200,0.030830892554339448,0.0009423782252458473
E02006768,E07000239,6929,98999,76,2622,0.028985507246376812,200.84057971014494,female,60-64,240,0.03463703276086015,0.001003971964082903
E02006768,E07000239,6929,98999,76,2622,0.028985507246376812,200.84057971014494,male,60-64,216,0.031173329484774137,0.0009035747676746127
E02006776,E07000239,6600,98999,50,2264,0.022084805653710248,145.75971731448763,female,60-64,259,0.039242424242424245,0.000866661312774387
E02006776,E07000239,6600,98999,50,2264,0.022084805653710248,145.75971731448763,male,60-64,238,0.036060606060606064,0.0007963914766034909
E02006779,E07000239,7763,98999,47,2986,0.015740120562625585,122.19055592766242,female,60-64,250,0.0322040448280304,0.0005068955481973975
E02006779,E07000239,7763,98999,47,2986,0.015740120562625585,122.19055592766242,male,60-64,240,0.030915883034909185,0.00048661972626950155
E02006773,E07000239,8336,98999,90,3333,0.027002700270027002,225.09450945094508,female,60-64,301,0.0361084452975048,0.0009750255255851881
E02006773,E07000239,8336,98999,90,3333,0.027002700270027002,225.09450945094508,male,60-64,299,0.035868522072936664,0.0009685469506643563
E02006778,E07000239,6883,98999,44,2683,0.016399552739470743,112.87812150577712,female,60-64,233,0.03385151823332849,0.000555149758578626
E02006778,E07000239,6883,98999,44,2683,0.016399552739470743,112.87812150577712,male,60-64,177,0.025715531018451258,0.0004217232071605872
E02006771,E07000239,6656,98999,74,2584,0.02863777089783282,190.61300309597524,female,60-64,287,0.043118990384615384,0.0012348317679804716
E02006771,E07000239,6656,98999,74,2584,0.02863777089783282,190.61300309597524,male,60-64,266,0.039963942307692304,0.0011444782239819005
E02006767,E07000239,8853,98999,423,3438,0.12303664921465969,1089.2434554973822,female,60-64,312,0.03524229074889868,0.004336093364393293
E02006767,E07000239,8853,98999,423,3438,0.12303664921465969,1089.2434554973822,male,60-64,312,0.03524229074889868,0.004336093364393293
E02006711,E07000235,7992,76224,13,2603,0.004994237418363427,39.91394544756051,female,60-64,320,0.04004004004004004,0.0001999694662007378
E02006711,E07000235,7992,76224,13,2603,0.004994237418363427,39.91394544756051,male,60-64,304,0.03803803803803804,0.00018997099289070094
E02006697,E07000234,7343,95519,582,2760,0.2108695652173913,1548.4152173913044,female,60-64,265,0.03608879204684734,0.007610027888139548
E02006697,E07000234,7343,95519,582,2760,0.2108695652173913,1548.4152173913044,male,60-64,263,0.035816423804984336,0.007552593715398871
E02006748,E07000238,6695,120007,28,2468,0.011345218800648298,75.95623987034035,female,60-64,214,0.031964152352501864,0.00036264030221639065
E02006748,E07000238,6695,120007,28,2468,0.011345218800648298,75.95623987034035,male,60-64,270,0.040328603435399554,0.00045753682989918456
E02006753,E07000238,6436,120007,20,2175,0.009195402298850575,59.181609195402295,female,60-64,237,0.03682411435674332,0.00033861254580913396
E02006753,E07000238,6436,120007,20,2175,0.009195402298850575,59.181609195402295,male,60-64,260,0.040397762585456805,0.0003714736789467292
E02006707,E07000234,6848,95519,9,2196,0.004098360655737705,28.065573770491806,female,60-64,175,0.025554906542056076,0.00010473322353301671
E02006707,E07000234,6848,95519,9,2196,0.004098360655737705,28.065573770491806,male,60-64,196,0.028621495327102803,0.00011730121035697871
E02001895,E08000025,8221,1101521,8,3569,0.002241524236480807,18.427570748108714,female,60-64,222,0.02700401411020557,6.053015211029548e-05
E02001895,E08000025,8221,1101521,8,3569,0.002241524236480807,18.427570748108714,male,60-64,206,0.025057778859019584,5.6167618624868785e-05
E02006706,E07000234,7094,95519,13,2640,0.004924242424242424,34.932575757575755,female,60-64,205,0.028897659994361433,0.00014229908330556766
E02006706,E07000234,7094,95519,13,2640,0.004924242424242424,34.932575757575755,male,60-64,213,0.030025373555117002,0.0001478522182638337
E02006703,E07000234,7229,95519,11,2633,0.004177744018230156,30.200911507785797,female,60-64,243,0.03361460782957532,0.00014043322678516086
E02006703,E07000234,7229,95519,11,2633,0.004177744018230156,30.200911507785797,male,60-64,259,0.03582791534098769,0.00014967985900146775
E02006705,E07000234,7134,95519,14,2719,0.0051489518205222505,36.732622287605736,female,60-64,205,0.028735632183908046,0.0001479583856471911
E02006705,E07000234,7134,95519,14,2719,0.0051489518205222505,36.732622287605736,male,60-64,186,0.02607232968881413,0.00013424516941647584
E02006702,E07000234,5790,95519,23,2326,0.009888220120378332,57.25279449699054,female,60-64,181,0.03126079447322971,0.00030911361688920174
E02006702,E07000234,5790,95519,23,2326,0.009888220120378332,57.25279449699054,male,60-64,168,0.029015544041450778,0.0002869120863943972
E02006708,E07000234,8466,95519,12,3221,0.003725551071095933,31.54051536789817,female,60-64,205,0.02421450507914009,9.021237533364827e-05
E02006708,E07000234,8466,95519,12,3221,0.003725551071095933,31.54051536789817,male,60-64,183,0.02161587526576896,8.053104724906163e-05
E02006709,E07000234,7862,95519,12,2822,0.004252303330970942,33.43160878809355,female,60-64,272,0.034596794708725516,0.00014711606538083137
E02006709,E07000234,7862,95519,12,2822,0.004252303330970942,33.43160878809355,male,60-64,295,0.037522258967183926,0.00015955602679171052
E02006774,E07000239,7573,98999,64,2899,0.02207657813038979,167.18592618144186,female,60-64,229,0.030239006998547473,0.000667573800588837
E02006774,E07000239,7573,98999,64,2899,0.02207657813038979,167.18592618144186,male,60-64,217,0.028654430212597386,0.0006325917673702079
E02001946,E08000025,7631,1101521,11,3033,0.003626772172766238,27.67589845037916,female,60-64,230,0.03014021753374394,0.00010931170223250356
E02001946,E08000025,7631,1101521,11,3033,0.003626772172766238,27.67589845037916,male,60-64,228,0.029878128685624426,0.00010836116569135136
E02006901,E08000025,15014,1101521,10,5840,0.0017123287671232876,25.70890410958904,female,60-64,215,0.014319968029838818,2.4520493201778797e-05
E02006901,E08000025,15014,1101521,10,5840,0.0017123287671232876,25.70890410958904,male,60-64,219,0.014586386039696284,2.4976688424137472e-05
E02006187,E07000196,7313,110688,2369,2947,0.8038683406854428,5878.689175432643,female,60-64,279,0.0381512375222207,0.03066857200208376
E02006187,E07000196,7313,110688,2369,2947,0.8038683406854428,5878.689175432643,male,60-64,280,0.0382879803090387,0.030778495199223842
E02006777,E07000239,7139,98999,73,2644,0.02760968229954614,197.1055219364599,female,60-64,314,0.04398375122566186,0.001214377397682797
E02006777,E07000239,7139,98999,73,2644,0.02760968229954614,197.1055219364599,male,60-64,314,0.04398375122566186,0.001214377397682797
E02002002,E08000027,6982,315653,2194,2941,0.7460047602856171,5208.605236314179,female,60-64,274,0.03924376969349756,0.029276039002901617
E02002002,E08000027,6982,315653,2194,2941,0.7460047602856171,5208.605236314179,male,60-64,259,0.03709538814093383,0.027673336137779263
E02002013,E08000027,6563,315653,2277,2637,0.863481228668942,5667.027303754266,female,60-64,222,0.03382599420996495,0.029208111041369052
E02002013,E08000027,6563,315653,2277,2637,0.863481228668942,5667.027303754266,male,60-64,205,0.031235715374066737,0.026971453889552504
E02002078,E08000028,6286,316289,58,2651,0.02187853640135798,137.52847981893626,female,60-64,157,0.024976137448297804,0.0005464413323279036
E02002078,E08000028,6286,316289,58,2651,0.02187853640135798,137.52847981893626,male,60-64,147,0.02338530066815145,0.0005116361519248526
E02002029,E08000027,5821,315653,910,2458,0.37021969080553296,2155.048820179007,female,60-64,194,0.03332760694038825,0.012338536336758871
E02002029,E08000027,5821,315653,910,2458,0.37021969080553296,2155.048820179007,male,60-64,157,0.02697131077134513,0.009985310334387335
E02006696,E07000234,6224,95519,830,2309,0.3594629709831096,2237.297531398874,female,60-64,144,0.02313624678663239,0.008316624007321301
E02006696,E07000234,6224,95519,830,2309,0.3594629709831096,2237.297531398874,male,60-64,176,0.028277634961439587,0.010164762675614924
E02002035,E08000027,6215,315653,1133,2623,0.43194815097216926,2684.557758292032,female,60-64,223,0.03588093322606597,0.015498702762155068
E02002035,E08000027,6215,315653,1133,2623,0.43194815097216926,2684.557758292032,male,60-64,235,0.03781174577634755,0.016332713673123056
E02002027,E08000027,5585,315653,1634,1917,0.8523735002608243,4760.5059989567035,female,60-64,218,0.039033124440465534,0.03327080090543594
E02002027,E08000027,5585,315653,1634,1917,0.8523735002608243,4760.5059989567035,male,60-64,208,0.037242614145031334,0.031744617377663646
E02002023,E08000027,5328,315653,1842,2111,0.8725722406442444,4649.064898152535,female,60-64,182,0.03415915915915916,0.029806334046030874
E02002023,E08000027,5328,315653,1842,2111,0.8725722406442444,4649.064898152535,male,60-64,154,0.028903903903903905,0.025220744192795352
E02002036,E08000027,6538,315653,2415,2792,0.8649713467048711,5655.182664756447,female,60-64,168,0.02569593147751606,0.022226244454943155
E02002036,E08000027,6538,315653,2415,2792,0.8649713467048711,5655.182664756447,male,60-64,183,0.02799021107372285,0.02421073056699165
E02002006,E08000027,6484,315653,2371,2774,0.8547224224945926,5542.020187454938,female,60-64,168,0.025909932140653916,0.022145799965930222
E02002006,E08000027,6484,315653,2371,2774,0.8547224224945926,5542.020187454938,male,60-64,167,0.025755706354102407,0.022013979728037782
E02002039,E08000027,6423,315653,2050,2529,0.8105970739422697,5206.465005931198,female,60-64,189,0.029425502101821578,0.02385222590301868
E02002039,E08000027,6423,315653,2050,2529,0.8105970739422697,5206.465005931198,male,60-64,161,0.025066168457107272,0.02031856280627517
E02002024,E08000027,8489,315653,3028,3483,0.8693654895205283,7380.043640539765,female,60-64,236,0.027800683237130405,0.024168954591453018
E02002024,E08000027,8489,315653,3028,3483,0.8693654895205283,7380.043640539765,male,60-64,234,0.027565084226646247,0.023964132942372908
E02002009,E08000027,6697,315653,2392,2910,0.8219931271477663,5504.887972508591,female,60-64,137,0.020456921009407197,0.01681544847233746
E02002009,E08000027,6697,315653,2392,2910,0.8219931271477663,5504.887972508591,male,60-64,143,0.021352844557264446,0.01755189147112596
E02002018,E08000027,8990,315653,2997,3484,0.8602181400688863,7733.361079219288,female,60-64,318,0.035372636262513905,0.030428183375072953
E02002018,E08000027,8990,315653,2997,3484,0.8602181400688863,7733.361079219288,male,60-64,281,0.03125695216907675,0.026887797259105343
E02002033,E08000027,7674,315653,2219,2966,0.7481456507080243,5741.269723533378,female,60-64,264,0.03440187646598905,0.025737614254224446
E02002033,E08000027,7674,315653,2219,2966,0.7481456507080243,5741.269723533378,male,60-64,232,0.03023195204586917,0.022617903435530575
E02002017,E08000027,8443,315653,3414,3928,0.8691446028513238,7338.187881873727,female,60-64,182,0.02155631884401279,0.018735558180616004
E02002017,E08000027,8443,315653,3414,3928,0.8691446028513238,7338.187881873727,male,60-64,222,0.026293971337202415,0.022853263275256882
E02002041,E08000027,6174,315653,2055,2549,0.8061985092193017,4977.469595919969,female,60-64,218,0.03530936183997409,0.02846635487687201
E02002041,E08000027,6174,315653,2055,2549,0.8061985092193017,4977.469595919969,male,60-64,184,0.029802397149335923,0.024026648152956187
E02002012,E08000027,8054,315653,3436,3885,0.8844272844272845,7123.177348777349,female,60-64,179,0.02222498137571393,0.019656379924569645
E02002012,E08000027,8054,315653,3436,3885,0.8844272844272845,7123.177348777349,male,60-64,206,0.025577352868140054,0.022621308740007524
E02002022,E08000027,8434,315653,3147,3556,0.8849831271091113,7463.947694038245,female,60-64,255,0.030234764050272707,0.02675725603661648
E02002022,E08000027,8434,315653,3147,3556,0.8849831271091113,7463.947694038245,male,60-64,214,0.025373488261797486,0.022455108987591867
E02002034,E08000027,7963,315653,2698,3216,0.8389303482587065,6680.40236318408,female,60-64,264,0.03315333417053874,0.02781333818162734
E02002034,E08000027,7963,315653,2698,3216,0.8389303482587065,6680.40236318408,male,60-64,226,0.028381263342961194,0.023809903140332496
E02002042,E08000027,8222,315653,2220,2974,0.7464694014794889,6137.471418964358,female,60-64,295,0.035879348090488934,0.02678283549458152
E02002042,E08000027,8222,315653,2220,2974,0.7464694014794889,6137.471418964358,male,60-64,238,0.02894672828995378,0.02160784694139119
E02002026,E08000027,7013,315653,2186,2562,0.853239656518345,5983.769711163153,female,60-64,229,0.03265364323399401,0.027861383337045628
E02002026,E08000027,7013,315653,2186,2562,0.853239656518345,5983.769711163153,male,60-64,252,0.035933266790246686,0.030659688213692134
E02002020,E08000027,9771,315653,3408,3903,0.8731744811683321,8531.787855495773,female,60-64,311,0.03182888138368642,0.027792166988368772
E02002020,E08000027,9771,315653,3408,3903,0.8731744811683321,8531.787855495773,male,60-64,241,0.024664824480605873,0.02153669531896101
E02002030,E08000027,6330,315653,2521,2903,0.8684119875990355,5497.047881501895,female,60-64,168,0.026540284360189573,0.023047901092675824
E02002030,E08000027,6330,315653,2521,2903,0.8684119875990355,5497.047881501895,male,60-64,171,0.027014218009478674,0.023459470755045037
E02002028,E08000027,5825,315653,2078,2430,0.8551440329218107,4981.213991769548,female,60-64,186,0.031931330472103,0.027305886716473268
E02002028,E08000027,5825,315653,2078,2430,0.8551440329218107,4981.213991769548,male,60-64,181,0.031072961373390558,0.026571857503664847
E02002021,E08000027,7518,315653,2907,3277,0.8870918523039365,6669.156545620995,female,60-64,166,0.022080340516094706,0.01958729016792411
E02002021,E08000027,7518,315653,2907,3277,0.8870918523039365,6669.156545620995,male,60-64,162,0.02154828411811652,0.01911530727231148
E02002011,E08000027,5761,315653,2006,2316,0.8661485319516408,4989.881692573403,female,60-64,220,0.03818781461551814,0.033076319567672444
E02002011,E08000027,5761,315653,2006,2316,0.8661485319516408,4989.881692573403,male,60-64,222,0.038534976566568305,0.03337701338192402
E02002019,E08000027,8016,315653,2788,3247,0.8586387434554974,6882.848167539267,female,60-64,208,0.02594810379241517,0.022280047235372188
E02002019,E08000027,8016,315653,2788,3247,0.8586387434554974,6882.848167539267,male,60-64,202,0.025199600798403193,0.021637353565121066
E02002016,E08000027,7873,315653,3246,3671,0.8842277308635249,6961.524925088532,female,60-64,187,0.0237520640162581,0.02100223366842108
E02002016,E08000027,7873,315653,3246,3671,0.8842277308635249,6961.524925088532,male,60-64,179,0.02273593293534866,0.020103742388488628
E02002040,E08000027,6006,315653,1787,2238,0.7984807864164433,4795.675603217158,female,60-64,250,0.041625041625041624,0.03323679597138042
E02002040,E08000027,6006,315653,1787,2238,0.7984807864164433,4795.675603217158,male,60-64,236,0.039294039294039296,0.03137553539698312
E02002015,E08000027,6039,315653,2300,2613,0.880214313050134,5315.614236509759,female,60-64,173,0.028647127007782745,0.02521561122001543
E02002015,E08000027,6039,315653,2300,2613,0.880214313050134,5315.614236509759,male,60-64,172,0.02848153667825799,0.02506985624186505
E02002037,E08000027,5965,315653,1882,2241,0.8398036590807675,5009.428826416778,female,60-64,216,0.03621123218776195,0.03041032529110575
E02002037,E08000027,5965,315653,1882,2241,0.8398036590807675,5009.428826416778,male,60-64,199,0.03336127409891031,0.02801692005986131
E02001901,E08000025,8063,1101521,11,2791,0.003941239699032604,31.778215693299888,female,60-64,183,0.02269626689817686,8.945142811893422e-05
E02001901,E08000025,8063,1101521,11,2791,0.003941239699032604,31.778215693299888,male,60-64,168,0.020835917152424655,8.211934384689043e-05
E02006698,E07000234,6535,95519,10,2771,0.003608805485384338,23.583543846986647,female,60-64,225,0.03442999234889059,0.00012425114525041714
E02006698,E07000234,6535,95519,10,2771,0.003608805485384338,23.583543846986647,male,60-64,223,0.034123947972456006,0.000123146690625969
E02001921,E08000025,7888,1101521,10,3211,0.003114294612270321,24.56555590158829,female,60-64,177,0.022439148073022313,6.988211794774934e-05
E02001921,E08000025,7888,1101521,10,3211,0.003114294612270321,24.56555590158829,male,60-64,168,0.02129817444219067,6.632878991650785e-05
E02001927,E08000025,7803,1101521,10,3616,0.0027654867256637168,21.579092920353983,female,60-64,195,0.024990388312187622,6.911058714653656e-05
E02001927,E08000025,7803,1101521,10,3616,0.0027654867256637168,21.579092920353983,male,60-64,176,0.022555427399718057,6.237673506559197e-05
E02001952,E08000025,9117,1101521,12,4047,0.0029651593773165306,27.03335804299481,female,60-64,232,0.025446967204124163,7.545431342957498e-05
E02001952,E08000025,9117,1101521,12,4047,0.0029651593773165306,27.03335804299481,male,60-64,206,0.0225951519140068,6.699822657970882e-05
E02001913,E08000025,7746,1101521,14,2873,0.004872955099199443,37.74591019839888,female,60-64,141,0.01820294345468629,8.870212612795269e-05
E02001913,E08000025,7746,1101521,14,2873,0.004872955099199443,37.74591019839888,male,60-64,180,0.023237800154918668,0.00011323675675908852
E02001932,E08000025,7076,1101521,14,3205,0.00436817472698908,30.90920436817473,female,60-64,158,0.022328999434708875,9.753697100964875e-05
E02001932,E08000025,7076,1101521,14,3205,0.00436817472698908,30.90920436817473,male,60-64,163,0.023035613340870547,0.00010062358401628321
E02001899,E08000025,8050,1101521,17,3211,0.005294300840859545,42.61912176891934,female,60-64,243,0.030186335403726706,0.00015981554091041856
E02001899,E08000025,8050,1101521,17,3211,0.005294300840859545,42.61912176891934,male,60-64,235,0.029192546583850933,0.00015455412392571344
E02001911,E08000025,8103,1101521,21,3490,0.006017191977077364,48.75730659025788,female,60-64,148,0.0182648401826484,0.00010990304980963222
E02001911,E08000025,8103,1101521,21,3490,0.006017191977077364,48.75730659025788,male,60-64,172,0.021226706158213007,0.000127725165994978
E02001951,E08000025,8399,1101521,21,3936,0.005335365853658537,44.81173780487805,female,60-64,296,0.03524229074889868,0.00018803051466638018
E02001951,E08000025,8399,1101521,21,3936,0.005335365853658537,44.81173780487805,male,60-64,242,0.028812953923086082,0.00015372765050427026
E02001928,E08000025,6890,1101521,23,3103,0.007412181759587496,51.06993232355784,female,60-64,235,0.034107402031930335,0.0002528102632079915
E02001928,E08000025,6890,1101521,23,3103,0.007412181759587496,51.06993232355784,male,60-64,181,0.026269956458635703,0.00019471769208785728
E02001920,E08000025,7512,1101521,52,3186,0.016321406151914627,122.60640301318267,female,60-64,206,0.02742279020234292,0.00044757849671118386
E02001920,E08000025,7512,1101521,52,3186,0.016321406151914627,122.60640301318267,male,60-64,187,0.02489350372736954,0.0004062969848785989
E02001906,E08000025,9284,1101521,90,3832,0.02348643006263048,218.04801670146136,female,60-64,240,0.025850926324859975,0.000607145973183037
E02001906,E08000025,9284,1101521,90,3832,0.02348643006263048,218.04801670146136,male,60-64,235,0.025312365359758726,0.0005944970987417237
E02001935,E08000025,7920,1101521,9,3303,0.0027247956403269754,21.580381471389646,female,60-64,217,0.0273989898989899,7.465664822613051e-05
E02001935,E08000025,7920,1101521,9,3303,0.0027247956403269754,21.580381471389646,male,60-64,184,0.023232323232323233,6.330333305810144e-05
E02001926,E08000025,7401,1101521,9,2620,0.003435114503816794,25.42328244274809,female,60-64,133,0.017970544521010674,6.173087812560918e-05
E02001926,E08000025,7401,1101521,9,2620,0.003435114503816794,25.42328244274809,male,60-64,154,0.020807998919064992,7.147785888228432e-05
E02001919,E08000025,6664,1101521,8,2649,0.003020007550018875,20.125330313325783,female,60-64,149,0.022358943577430974,6.752417841428757e-05
E02001919,E08000025,6664,1101521,8,2649,0.003020007550018875,20.125330313325783,male,60-64,172,0.02581032412965186,7.794737373998296e-05
E02001938,E08000025,7790,1101521,8,2854,0.002803083391730904,21.83601962158374,female,60-64,191,0.024518613607188704,6.8727718590578e-05
E02001938,E08000025,7790,1101521,8,2854,0.002803083391730904,21.83601962158374,male,60-64,166,0.021309370988446725,5.973194390594737e-05
E02002168,E08000031,11027,253250,76,3901,0.019482184055370416,214.8300435785696,female,65-69,151,0.013693661013875034,0.0002667824242641637
E02002168,E08000031,11027,253250,76,3901,0.019482184055370416,214.8300435785696,male,65-69,121,0.010973066110456153,0.00021377929361565435
E02006130,E07000192,7338,98508,16,1959,0.00816743236345074,59.932618683001536,female,65-69,231,0.031479967293540474,0.0002571105036736333
E02006130,E07000192,7338,98508,16,1959,0.00816743236345074,59.932618683001536,male,65-69,252,0.03434178250204415,0.00028048418582578174
E02006177,E07000196,9842,110688,32,3021,0.010592519033432638,104.25157232704403,female,65-69,384,0.039016460069091645,0.00041328259589901774
E02006177,E07000196,9842,110688,32,3021,0.010592519033432638,104.25157232704403,male,65-69,343,0.03485064011379801,0.0003691560687327164
E02002134,E08000030,8444,273933,35,3485,0.010043041606886656,84.80344332855093,female,65-69,154,0.0182378019895784,0.0001831630041994961
E02002134,E08000030,8444,273933,35,3485,0.010043041606886656,84.80344332855093,male,65-69,181,0.021435338702036948,0.0002152759984422649
E02002120,E08000030,6211,273933,24,2204,0.010889292196007259,67.63339382940109,female,65-69,167,0.026887779745612624,0.0002927888901518616
E02002120,E08000030,6211,273933,24,2204,0.010889292196007259,67.63339382940109,male,65-69,141,0.022701658348092096,0.00024720499108630233
E02002129,E08000030,5759,273933,34,2402,0.014154870940882597,81.51790174854288,female,65-69,197,0.034207327661052264,0.00048420030827467814
E02002129,E08000030,5759,273933,34,2402,0.014154870940882597,81.51790174854288,male,65-69,208,0.03611738148984198,0.0005112368737113354
E02002131,E08000030,7803,273933,19,2882,0.00659264399722415,51.44240111034004,female,65-69,306,0.0392156862745098,0.00025853505871467256
E02002131,E08000030,7803,273933,19,2882,0.00659264399722415,51.44240111034004,male,65-69,290,0.03716519287453544,0.0002450168857099838
E02006175,E07000196,7115,110688,15,1490,0.010067114093959731,71.62751677852349,female,65-69,175,0.024595924104005622,0.00024760997420139884
E02006175,E07000196,7115,110688,15,1490,0.010067114093959731,71.62751677852349,male,65-69,204,0.028671820098383698,0.0002886424842119164
E02006155,E07000194,5739,102062,10,2456,0.004071661237785016,23.36726384364821,female,65-69,165,0.028750653423941452,0.00011706292110725347
E02006155,E07000194,5739,102062,10,2456,0.004071661237785016,23.36726384364821,male,65-69,143,0.024917232967415926,0.00010145453162628635
E02006129,E07000192,7951,98508,11,2006,0.005483549351944167,43.599700897308075,female,65-69,190,0.023896365237077097,0.00013103689810959525
E02006129,E07000192,7951,98508,11,2006,0.005483549351944167,43.599700897308075,male,65-69,188,0.02364482455037102,0.00012965756234002056
E02006180,E07000196,6835,110688,36,2673,0.013468013468013467,92.05387205387206,female,65-69,204,0.029846378931967812,0.0004019714334271759
E02006180,E07000196,6835,110688,36,2673,0.013468013468013467,92.05387205387206,male,65-69,186,0.02721287490855889,0.0003665033657718369
E02002043,E08000028,8799,316289,31,3725,0.00832214765100671,73.22657718120804,female,65-69,181,0.020570519377201956,0.00017119089951496928
E02002043,E08000028,8799,316289,31,3725,0.00832214765100671,73.22657718120804,male,65-69,159,0.018070235254006136,0.00015038316587226582
E02002148,E08000030,11314,273933,12,4622,0.0025962786672436176,29.37429684119429,female,65-69,303,0.026780979317659537,6.953088529033199e-05
E02002148,E08000030,11314,273933,12,4622,0.0025962786672436176,29.37429684119429,male,65-69,275,0.0243061693477108,6.310558895987227e-05
E02006126,E07000192,8412,98508,11,1815,0.006060606060606061,50.981818181818184,female,65-69,261,0.031027104136947217,0.00018804305537543768
E02006126,E07000192,8412,98508,11,1815,0.006060606060606061,50.981818181818184,male,65-69,244,0.029006181645268664,0.00017579504027435554
E02002046,E08000028,5770,316289,16,2410,0.006639004149377593,38.30705394190871,female,65-69,116,0.020103986135181974,0.00013347044737050274
E02002046,E08000028,5770,316289,16,2410,0.006639004149377593,38.30705394190871,male,65-69,108,0.01871750433275563,0.00012426558893115772
E02002047,E08000028,6640,316289,124,3214,0.038581207218419414,256.1792159303049,female,65-69,205,0.030873493975903613,0.0011911366686409607
E02002047,E08000028,6640,316289,124,3214,0.038581207218419414,256.1792159303049,male,65-69,191,0.028765060240963855,0.001109790749806944
E02002045,E08000028,7925,316289,34,3323,0.01023171832681312,81.08636773999399,female,65-69,194,0.0244794952681388,0.00025046730036615083
E02002045,E08000028,7925,316289,34,3323,0.01023171832681312,81.08636773999399,male,65-69,160,0.02018927444794953,0.00020657096937414505
E02002044,E08000028,7501,316289,27,3214,0.008400746733042938,63.014001244555075,female,65-69,146,0.01946407145713905,0.00016351273470527515
E02002044,E08000028,7501,316289,27,3214,0.008400746733042938,63.014001244555075,male,65-69,139,0.01853086255165978,0.0001556730830413236
E02006178,E07000196,7888,110688,18,2689,0.00669393826701376,52.801785050204536,female,65-69,330,0.041835699797160245,0.00028004559179951074
E02006178,E07000196,7888,110688,18,2689,0.00669393826701376,52.801785050204536,male,65-69,272,0.034482758620689655,0.0002308254574832331
E02002146,E08000030,6578,273933,19,2657,0.007150922092585623,47.038765525028225,female,65-69,122,0.018546670720583764,0.00013262579739973336
E02002146,E08000030,6578,273933,19,2657,0.007150922092585623,47.038765525028225,male,65-69,124,0.018850714502888416,0.00013479999079972897
E02002110,E08000030,6695,273933,15,2592,0.005787037037037037,38.74421296296296,female,65-69,182,0.027184466019417475,0.0001573175116864437
E02002110,E08000030,6695,273933,15,2592,0.005787037037037037,38.74421296296296,male,65-69,170,0.02539208364451083,0.00014694492849832655
E02002112,E08000030,5455,273933,19,2078,0.009143407122232916,49.877285851780556,female,65-69,172,0.03153070577451879,0.0002882980797477656
E02002112,E08000030,5455,273933,19,2078,0.009143407122232916,49.877285851780556,male,65-69,204,0.03739688359303391,0.00034193493179386153
E02002113,E08000030,6555,273933,20,2632,0.007598784194528876,49.81003039513678,female,65-69,217,0.033104500381388256,0.0002515539542658682
E02002113,E08000030,6555,273933,20,2632,0.007598784194528876,49.81003039513678,male,65-69,196,0.029900839054157132,0.00022721002320788094
E02002124,E08000030,7088,273933,25,2905,0.008605851979345954,60.998278829604125,female,65-69,241,0.03400112866817156,0.00029260868044898066
E02002124,E08000030,7088,273933,25,2905,0.008605851979345954,60.998278829604125,male,65-69,192,0.02708803611738149,0.0002331156292373622
E02002114,E08000030,6027,273933,12,2486,0.004827031375703942,29.092518101367656,female,65-69,244,0.04048448647751784,0.00019541988645624056
E02002114,E08000030,6027,273933,12,2486,0.004827031375703942,29.092518101367656,male,65-69,200,0.03318400530944085,0.00016018023480019716
E02002116,E08000030,6796,273933,28,2645,0.01058601134215501,71.94253308128545,female,65-69,263,0.0386992348440259,0.00040967053899157853
E02002116,E08000030,6796,273933,28,2645,0.01058601134215501,71.94253308128545,male,65-69,215,0.03163625662154208,0.00033490177141897104
E02002138,E08000030,6485,273933,16,2394,0.006683375104427736,43.34168755221386,female,65-69,172,0.026522744795682344,0.00017726145226855367
E02002138,E08000030,6485,273933,16,2394,0.006683375104427736,43.34168755221386,male,65-69,136,0.02097147262914418,0.00014016021807280988
E02002145,E08000030,7105,273933,41,3016,0.013594164456233421,96.58653846153845,female,65-69,142,0.019985925404644618,0.00027169195676075245
E02002145,E08000030,7105,273933,41,3016,0.013594164456233421,96.58653846153845,male,65-69,127,0.017874736101337087,0.00024299210217334897
E02002147,E08000030,8031,273933,66,3184,0.0207286432160804,166.4717336683417,female,65-69,155,0.019300211679741004,0.0004000672019041791
E02002147,E08000030,8031,273933,66,3184,0.0207286432160804,166.4717336683417,male,65-69,185,0.023035736520981197,0.00047749956356305244
E02002119,E08000030,5943,273933,23,2452,0.009380097879282219,55.74592169657423,female,65-69,185,0.031129059397610636,0.00029199362403957776
E02002119,E08000030,5943,273933,23,2452,0.009380097879282219,55.74592169657423,male,65-69,193,0.03247518088507488,0.0003046203753493973
E02002117,E08000030,6391,273933,22,2461,0.008939455505891914,57.132060138155225,female,65-69,187,0.029259896729776247,0.00026156754492282706
E02002117,E08000030,6391,273933,22,2461,0.008939455505891914,57.132060138155225,male,65-69,205,0.0320763573775622,0.0002867451695678051
E02002132,E08000030,6479,273933,39,2806,0.013898788310762652,90.05024946543122,female,65-69,153,0.02361475536348202,0.00032821648580748353
E02002132,E08000030,6479,273933,39,2806,0.013898788310762652,90.05024946543122,male,65-69,159,0.02454082420126563,0.0003410877205450319
E02002139,E08000030,9513,273933,49,4150,0.011807228915662651,112.3221686746988,female,65-69,162,0.017029328287606435,0.00020106917737173864
E02002139,E08000030,9513,273933,49,4150,0.011807228915662651,112.3221686746988,male,65-69,130,0.013665510354252076,0.00016135180900201247
E02002136,E08000030,7706,273933,44,3044,0.01445466491458607,111.38764783180027,female,65-69,176,0.022839345964183754,0.0003301350927805799
E02002136,E08000030,7706,273933,44,3044,0.01445466491458607,111.38764783180027,male,65-69,162,0.021022579807941862,0.0003038743467639428
E02002118,E08000030,7347,273933,27,3045,0.008866995073891626,65.14581280788178,female,65-69,160,0.021777596297808628,0.00019310183909386963
E02002118,E08000030,7347,273933,27,3045,0.008866995073891626,65.14581280788178,male,65-69,185,0.02518034571934123,0.00022327400145228678
E02002128,E08000030,5558,273933,17,2321,0.007324429125376993,40.70917707884533,female,65-69,200,0.035984166966534725,0.00026356348058211563
E02002128,E08000030,5558,273933,17,2321,0.007324429125376993,40.70917707884533,male,65-69,189,0.03400503778337532,0.0002490674891500993
E02002142,E08000030,6831,273933,27,2814,0.009594882729211088,65.54264392324095,female,65-69,114,0.01668862538427756,0.00016012540347387852
E02002142,E08000030,6831,273933,27,2814,0.009594882729211088,65.54264392324095,male,65-69,123,0.018006148440931048,0.00017276688269550047
E02002123,E08000030,6475,273933,29,2966,0.009777478084962913,63.30917060013486,female,65-69,189,0.02918918918918919,0.00028539665761513367
E02002123,E08000030,6475,273933,29,2966,0.009777478084962913,63.30917060013486,male,65-69,183,0.028262548262548263,0.00027633644626227227
E02002144,E08000030,6676,273933,16,2662,0.006010518407212622,40.126220886551465,female,65-69,230,0.03445176752546435,0.0002070729828728135
E02002144,E08000030,6676,273933,16,2662,0.006010518407212622,40.126220886551465,male,65-69,226,0.03385260635110845,0.00020347171360546025
E02002133,E08000030,6723,273933,23,2899,0.00793377026560883,53.338737495688164,female,65-69,198,0.029451137884872823,0.00023365856203934972
E02002133,E08000030,6723,273933,23,2899,0.00793377026560883,53.338737495688164,male,65-69,192,0.0285586791610888,0.00022657799955330882
E02002125,E08000030,6150,273933,21,2579,0.0081426909654905,50.07754943776657,female,65-69,190,0.030894308943089432,0.00025156281031596666
E02002125,E08000030,6150,273933,21,2579,0.0081426909654905,50.07754943776657,male,65-69,168,0.027317073170731707,0.00022243448491095997
E02002111,E08000030,6159,273933,24,2566,0.009353078721745909,57.60561184723305,female,65-69,207,0.03360935216755967,0.00031435091661006706
E02002111,E08000030,6159,273933,24,2566,0.009353078721745909,57.60561184723305,male,65-69,197,0.031985711966228285,0.00029916488199122326
E02002122,E08000030,5626,273933,26,2451,0.010607915136678907,59.68013055895553,female,65-69,108,0.019196587273373623,0.00020363576870979772
E02002122,E08000030,5626,273933,26,2451,0.010607915136678907,59.68013055895553,male,65-69,119,0.021151795236402416,0.00022437644885616597
E02002115,E08000030,6774,273933,19,2716,0.006995581737849779,47.388070692194404,female,65-69,206,0.030410392677886033,0.0002127383876582602
E02002115,E08000030,6774,273933,19,2716,0.006995581737849779,47.388070692194404,male,65-69,220,0.032477118393858875,0.00022719633633406432
E02002143,E08000030,10020,273933,34,3975,0.008553459119496854,85.70566037735848,female,65-69,178,0.017764471057884233,0.00015194767697309782
E02002143,E08000030,10020,273933,34,3975,0.008553459119496854,85.70566037735848,male,65-69,116,0.01157684630738523,9.902208162291768e-05
E02002130,E08000030,6711,273933,30,2715,0.011049723756906077,74.15469613259668,female,65-69,134,0.019967218000298017,0.00022063224309721565
E02002130,E08000030,6711,273933,30,2715,0.011049723756906077,74.15469613259668,male,65-69,134,0.019967218000298017,0.00022063224309721565
E02002126,E08000030,6701,273933,25,2766,0.009038322487346349,60.565798987707886,female,65-69,121,0.018057006416952695,0.00016320504715250085
E02002126,E08000030,6701,273933,25,2766,0.009038322487346349,60.565798987707886,male,65-69,124,0.018504700790926726,0.0001672514532802488
E02002127,E08000030,8612,273933,33,3788,0.008711721224920803,75.02534318901796,female,65-69,148,0.017185322805387832,0.00014971374144081268
E02002127,E08000030,8612,273933,33,3788,0.008711721224920803,75.02534318901796,male,65-69,166,0.019275429633070135,0.0001679221694538845
E02002121,E08000030,6502,273933,27,2956,0.009133964817320704,59.38903924221922,female,65-69,152,0.02337742233159028,0.00021352855309639298
E02002121,E08000030,6502,273933,27,2956,0.009133964817320704,59.38903924221922,male,65-69,140,0.02153183635804368,0.00019667103574667774
E02002140,E08000030,8199,273933,27,3608,0.007483370288248337,61.35615299334812,female,65-69,174,0.021222100256128796,0.00015881283451094167
E02002140,E08000030,8199,273933,27,3608,0.007483370288248337,61.35615299334812,male,65-69,151,0.018416880107330162,0.00013782033339742637
E02002135,E08000030,7467,273933,29,3125,0.00928,69.29376,female,65-69,129,0.017276014463640015,0.00016032141422257933
E02002135,E08000030,7467,273933,29,3125,0.00928,69.29376,male,65-69,111,0.014865407794294898,0.00013795098433105665
E02006122,E07000192,6630,98508,8,1372,0.0058309037900874635,38.65889212827988,female,65-69,176,0.02654600301659125,0.00015478718960111517
E02006122,E07000192,6630,98508,8,1372,0.0058309037900874635,38.65889212827988,male,65-69,203,0.0306184012066365,0.00017853295164219532
E02006151,E07000194,8781,102062,18,3519,0.005115089514066497,44.915601023017906,female,65-69,292,0.03325361576130281,0.0001700952212854364
E02006151,E07000194,8781,102062,18,3519,0.005115089514066497,44.915601023017906,male,65-69,281,0.03200091105796606,0.0001636875245931768
E02006128,E07000192,8441,98508,11,2021,0.0054428500742206825,45.94309747649678,female,65-69,350,0.04146428148323658,0.0002256838675485415
E02006128,E07000192,8441,98508,11,2021,0.0054428500742206825,45.94309747649678,male,65-69,330,0.03909489396990878,0.0002127876465457677
E02002160,E08000031,7038,253250,36,2718,0.013245033112582781,93.21854304635761,female,65-69,206,0.029269678886047173,0.00038767786604035993
E02002160,E08000031,7038,253250,36,2718,0.013245033112582781,93.21854304635761,male,65-69,170,0.024154589371980676,0.0003199283360527242
E02002049,E08000028,6318,316289,724,2583,0.2802942315137437,1770.8989547038327,female,65-69,134,0.021209243431465654,0.005944828588610582
E02002049,E08000028,6318,316289,724,2583,0.2802942315137437,1770.8989547038327,male,65-69,152,0.0240582462804685,0.006743387652752302
E02002170,E08000031,6261,253250,38,2340,0.01623931623931624,101.67435897435898,female,65-69,147,0.02347867752755151,0.0003812776692508365
E02002170,E08000031,6261,253250,38,2340,0.01623931623931624,101.67435897435898,male,65-69,135,0.02156205079060853,0.0003501529615568907
E02002175,E08000031,7269,253250,73,3164,0.02307206068268015,167.710809102402,female,65-69,167,0.022974274315586737,0.0005300638511497571
E02002175,E08000031,7269,253250,73,3164,0.02307206068268015,167.710809102402,male,65-69,185,0.02545054340349429,0.0005871964818126052
E02006156,E07000194,7668,102062,8,3055,0.002618657937806874,20.07986906710311,female,65-69,342,0.04460093896713615,0.00011679460285993101
E02006156,E07000194,7668,102062,8,3055,0.002618657937806874,20.07986906710311,male,65-69,343,0.04473135106937924,0.00011713610754665596
E02002153,E08000031,7380,253250,46,2996,0.015353805073431242,113.31108144192257,female,65-69,197,0.026693766937669377,0.0004098508942365792
E02002153,E08000031,7380,253250,46,2996,0.015353805073431242,113.31108144192257,male,65-69,176,0.023848238482384824,0.0003661612050032383
E02002052,E08000028,11268,316289,59,4711,0.012523880280195288,141.1190829972405,female,65-69,216,0.019169329073482427,0.00024007438236796079
E02002052,E08000028,11268,316289,59,4711,0.012523880280195288,141.1190829972405,male,65-69,209,0.018548100816471423,0.00023229419405048057
E02002055,E08000028,9306,316289,59,3933,0.015001271294177472,139.60183066361554,female,65-69,199,0.021384053298946916,0.00032078798490665347
E02002055,E08000028,9306,316289,59,3933,0.015001271294177472,139.60183066361554,male,65-69,247,0.026542015903718033,0.00039816398126604725
E02002048,E08000028,6531,316289,8,2546,0.003142183817753339,20.521602513747055,female,65-69,219,0.03353238401469913,0.00010536491442167834
E02002048,E08000028,6531,316289,8,2546,0.003142183817753339,20.521602513747055,male,65-69,169,0.02587658857755321,8.130899788704857e-05
E02002171,E08000031,7412,253250,63,2973,0.02119071644803229,157.06559031281535,female,65-69,214,0.02887209929843497,0.0006118204694925674
E02002171,E08000031,7412,253250,63,2973,0.02119071644803229,157.06559031281535,male,65-69,215,0.029007015650296817,0.0006146794436490749
E02002181,E08000031,7544,253250,194,2860,0.06783216783216783,511.72587412587416,female,65-69,151,0.02001590668080594,0.0013577223412854379
E02002181,E08000031,7544,253250,194,2860,0.06783216783216783,511.72587412587416,male,65-69,168,0.022269353128313893,0.0015105784989135997
E02002051,E08000028,5608,316289,511,2576,0.1983695652173913,1112.4565217391305,female,65-69,129,0.023002853067047076,0.004563065961669665
E02002051,E08000028,5608,316289,511,2576,0.1983695652173913,1112.4565217391305,male,65-69,109,0.019436519258202566,0.003855613874589096
E02006810,E08000028,10065,316289,36,4151,0.008672609009877139,87.2898096844134,female,65-69,293,0.029110779930452062,0.0002524664123093891
E02006810,E08000028,10065,316289,36,4151,0.008672609009877139,87.2898096844134,male,65-69,299,0.02970690511674118,0.00025763637297101486
E02006124,E07000192,7632,98508,8,1666,0.004801920768307323,36.64825930372149,female,65-69,196,0.025681341719077568,0.00012331976815883585
E02006124,E07000192,7632,98508,8,1666,0.004801920768307323,36.64825930372149,male,65-69,195,0.025550314465408806,0.00012269058566822955
E02006202,E07000197,8878,132044,10,1780,0.0056179775280898875,49.87640449438202,female,65-69,363,0.04088758729443569,0.00022970554659795328
E02006202,E07000197,8878,132044,10,1780,0.0056179775280898875,49.87640449438202,male,65-69,363,0.04088758729443569,0.00022970554659795328
E02006186,E07000196,12377,110688,2790,4611,0.605074821080026,7489.0110605074815,female,65-69,475,0.03837763593762624,0.02322134119843357
E02006186,E07000196,12377,110688,2790,4611,0.605074821080026,7489.0110605074815,male,65-69,455,0.03676173547709461,0.022243600516394263
E02002071,E08000028,6650,316289,1140,2828,0.4031117397454031,2680.6930693069307,female,65-69,195,0.029323308270676692,0.011820569812083249
E02002071,E08000028,6650,316289,1140,2828,0.4031117397454031,2680.6930693069307,male,65-69,168,0.02526315789473684,0.010183875530410183
E02001886,E08000025,9196,1101521,15,3600,0.004166666666666667,38.31666666666666,female,65-69,169,0.018377555458895172,7.657314774539655e-05
E02001886,E08000025,9196,1101521,15,3600,0.004166666666666667,38.31666666666666,male,65-69,124,0.013484123531970421,5.6183848049876756e-05
E02002067,E08000028,5450,316289,1329,2304,0.5768229166666666,3143.684895833333,female,65-69,164,0.030091743119266056,0.017357607033639144
E02002067,E08000028,5450,316289,1329,2304,0.5768229166666666,3143.684895833333,male,65-69,178,0.0326605504587156,0.018839353975535166
E02002014,E08000027,7170,315653,2764,3215,0.8597200622083981,6164.192846034215,female,65-69,139,0.019386331938633195,0.016666818500274388
E02002014,E08000027,7170,315653,2764,3215,0.8597200622083981,6164.192846034215,male,65-69,134,0.018688981868898186,0.016067292654940772
E02002031,E08000027,5952,315653,1897,2242,0.8461195361284567,5036.103479036574,female,65-69,141,0.023689516129032258,0.020044162398204366
E02002031,E08000027,5952,315653,1897,2242,0.8461195361284567,5036.103479036574,male,65-69,167,0.02805779569892473,0.0237402490815612
E02002032,E08000027,10187,315653,3407,4176,0.8158524904214559,8311.08931992337,female,65-69,251,0.024639246097968,0.020101990291134332
E02002032,E08000027,10187,315653,3407,4176,0.8158524904214559,8311.08931992337,male,65-69,250,0.02454108177088446,0.02002190268041268
E02002001,E08000027,6002,315653,1811,2412,0.7508291873963516,4506.476782752902,female,65-69,169,0.028157280906364546,0.0211413083422165
E02002001,E08000027,6002,315653,1811,2412,0.7508291873963516,4506.476782752902,male,65-69,141,0.0234921692769077,0.017638606368358144
E02002077,E08000028,10521,316289,3346,4614,0.7251842219332466,7629.663198959687,female,65-69,271,0.025758007793935937,0.018679300840595936
E02002077,E08000028,10521,316289,3346,4614,0.7251842219332466,7629.663198959687,male,65-69,284,0.026993631784050946,0.01957535586246954
E02001900,E08000025,7094,1101521,8,2566,0.003117692907248636,22.116913484021826,female,65-69,136,0.01917113053284466,5.976969768618756e-05
E02001900,E08000025,7094,1101521,8,2566,0.003117692907248636,22.116913484021826,male,65-69,118,0.016633775021144628,5.185900240419214e-05
E02006181,E07000196,5700,110688,41,2088,0.019636015325670497,111.92528735632183,female,65-69,184,0.032280701754385965,0.0006338643543725213
E02006181,E07000196,5700,110688,41,2088,0.019636015325670497,111.92528735632183,male,65-69,167,0.029298245614035087,0.0005753007998924514
E02001879,E08000025,10994,1101521,20,4424,0.0045207956600361665,49.701627486437616,female,65-69,105,0.009550663998544661,4.3176600355084366e-05
E02001879,E08000025,10994,1101521,20,4424,0.0045207956600361665,49.701627486437616,male,65-69,88,0.008004366017827906,3.618610315473737e-05
E02001866,E08000025,8949,1101521,8,3671,0.002179242713157178,19.502043040043585,female,65-69,93,0.01039222259470332,2.2647175363014588e-05
E02001866,E08000025,8949,1101521,8,3671,0.002179242713157178,19.502043040043585,male,65-69,64,0.007151637054419489,1.5585152937988534e-05
E02002008,E08000027,8544,315653,2480,2912,0.8516483516483516,7276.483516483516,female,65-69,147,0.01720505617977528,0.014652657735522904
E02002008,E08000027,8544,315653,2480,2912,0.8516483516483516,7276.483516483516,male,65-69,168,0.019662921348314606,0.016745894554883317
E02002004,E08000027,7541,315653,2747,3237,0.8486252703120173,6399.483163422922,female,65-69,185,0.024532555364010077,0.02081894642722758
E02002004,E08000027,7541,315653,2747,3237,0.8486252703120173,6399.483163422922,male,65-69,166,0.022012995623922556,0.01868078436172853
E02002167,E08000031,6614,253250,90,2412,0.03731343283582089,246.79104477611938,female,65-69,207,0.03129724826126398,0.0011678077709426859
E02002167,E08000031,6614,253250,90,2412,0.03731343283582089,246.79104477611938,male,65-69,212,0.032053220441487756,0.0011960156881152147
E02006182,E07000196,6858,110688,47,2192,0.02144160583941606,147.04653284671534,female,65-69,288,0.04199475065616798,0.0009004348908941127
E02006182,E07000196,6858,110688,47,2192,0.02144160583941606,147.04653284671534,male,65-69,223,0.03251676873724118,0.0006972117384353721
E02002079,E08000028,8081,316289,153,3774,0.04054054054054054,327.6081081081081,female,65-69,222,0.02747184754362084,0.0011137235490657098
E02002079,E08000028,8081,316289,153,3774,0.04054054054054054,327.6081081081081,male,65-69,203,0.02512065338448212,0.0010184048669384643
E02001861,E08000025,10383,1101521,8,4006,0.00199700449326011,20.73489765351972,female,65-69,111,0.01069055186362323,2.1349080107085833e-05
E02001861,E08000025,10383,1101521,8,4006,0.00199700449326011,20.73489765351972,male,65-69,86,0.008282769912356738,1.6540728731616054e-05
E02002025,E08000027,7828,315653,1831,3361,0.5447783397798275,4264.524843796489,female,65-69,200,0.025549310168625446,0.013918710776183634
E02002025,E08000027,7828,315653,1831,3361,0.5447783397798275,4264.524843796489,male,65-69,182,0.023249872253449155,0.012666026806327108
E02002162,E08000031,7547,253250,87,2826,0.03078556263269639,232.33864118895966,female,65-69,250,0.03312574532926991,0.0010197947075889888
E02002162,E08000031,7547,253250,87,2826,0.03078556263269639,232.33864118895966,male,65-69,222,0.029415661852391677,0.0009055777003390219
E02002010,E08000027,7321,315653,3068,3523,0.8708487084870848,6375.483394833948,female,65-69,137,0.018713290534080045,0.016296444893147195
E02002010,E08000027,7321,315653,3068,3523,0.8708487084870848,6375.483394833948,male,65-69,149,0.02035241087283158,0.017723870723203885
E02001873,E08000025,11051,1101521,12,4852,0.00247320692497939,27.33140972794724,female,65-69,124,0.011220704008686997,2.775112285742868e-05
E02001873,E08000025,11051,1101521,12,4852,0.00247320692497939,27.33140972794724,male,65-69,135,0.012216089041715682,3.0212916014136066e-05
E02002073,E08000028,7623,316289,34,3367,0.010098010098010098,76.97713097713097,female,65-69,195,0.02558048012593467,0.00025831194662363495
E02002073,E08000028,7623,316289,34,3367,0.010098010098010098,76.97713097713097,male,65-69,176,0.023088023088023088,0.00023314309028594742
E02002161,E08000031,6390,253250,29,2544,0.01139937106918239,72.84198113207546,female,65-69,97,0.015179968701095461,0.00017304209604236177
E02002161,E08000031,6390,253250,29,2544,0.01139937106918239,72.84198113207546,male,65-69,95,0.01486697965571205,0.00016947421777344709
E02002174,E08000031,7479,253250,127,2806,0.04526015680684248,338.5007127583749,female,65-69,231,0.030886482150020055,0.0013979270253216488
E02002174,E08000031,7479,253250,127,2806,0.04526015680684248,338.5007127583749,male,65-69,212,0.028346035566252172,0.0012829460145809073
E02002164,E08000031,7261,253250,33,2344,0.014078498293515358,102.22397610921502,female,65-69,73,0.010053711609971079,0.00014154116174447338
E02002164,E08000031,7261,253250,33,2344,0.014078498293515358,102.22397610921502,male,65-69,51,0.007023825919294863,9.888492121874167e-05
E02002076,E08000028,10852,316289,28,4164,0.0067243035542747355,72.97214217098943,female,65-69,189,0.017416144489495022,0.00011711144229247373
E02002076,E08000028,10852,316289,28,4164,0.0067243035542747355,72.97214217098943,male,65-69,210,0.01935127165499447,0.00013012382476941528
E02001857,E08000025,13611,1101521,14,5507,0.002542218994007627,34.60214272743781,female,65-69,223,0.016383807214752775,4.1651225895503696e-05
E02001857,E08000025,13611,1101521,14,5507,0.002542218994007627,34.60214272743781,male,65-69,199,0.014620527514510323,3.716858274979926e-05
E02002176,E08000031,7652,253250,160,3000,0.05333333333333334,408.1066666666667,female,65-69,243,0.03175640355462624,0.001693674856246733
E02002176,E08000031,7652,253250,160,3000,0.05333333333333334,408.1066666666667,male,65-69,231,0.030188186095138524,0.0016100365917407213
E02002005,E08000027,8668,315653,3163,3831,0.8256329939963456,7156.586791960323,female,65-69,177,0.020419935394554684,0.01685937239701813
E02002005,E08000027,8668,315653,3163,3831,0.8256329939963456,7156.586791960323,male,65-69,180,0.02076603599446239,0.017145124471543864
E02002074,E08000028,8186,316289,66,3525,0.01872340425531915,153.26978723404255,female,65-69,208,0.02540923527974591,0.0004757473839612
E02002074,E08000028,8186,316289,66,3525,0.01872340425531915,153.26978723404255,male,65-69,194,0.02369899828976301,0.00044372592542535
E02002075,E08000028,8887,316289,1645,3984,0.41290160642570284,3669.456576305221,female,65-69,239,0.026893214808146732,0.011104251596235286
E02002075,E08000028,8887,316289,1645,3984,0.41290160642570284,3669.456576305221,male,65-69,265,0.029818836502756838,0.012312245493733685
E02001858,E08000025,8646,1101521,8,3191,0.0025070510811657787,21.67596364775932,female,65-69,115,0.013300948415452232,3.3346157105489766e-05
E02001858,E08000025,8646,1101521,8,3191,0.0025070510811657787,21.67596364775932,male,65-69,134,0.01549849641452695,3.885552219248373e-05
E02002150,E08000031,5718,253250,27,2139,0.012622720897615708,72.17671809256662,female,65-69,122,0.021336131514515563,0.0002693200331425527
E02002150,E08000031,5718,253250,27,2139,0.012622720897615708,72.17671809256662,male,65-69,136,0.02378454004896817,0.00030022561071628824
E02002154,E08000031,5629,253250,34,2198,0.015468607825295723,87.07279344858962,female,65-69,115,0.020429916503819506,0.0003160223663011207
E02002154,E08000031,5629,253250,34,2198,0.015468607825295723,87.07279344858962,male,65-69,119,0.021140522295256706,0.0003270144486072466
E02001862,E08000025,10446,1101521,19,4254,0.004466384579219558,46.655853314527505,female,65-69,130,0.01244495500670113,5.558395513101116e-05
E02001862,E08000025,10446,1101521,19,4254,0.004466384579219558,46.655853314527505,male,65-69,108,0.010338885697874785,4.617743964730158e-05
E02002180,E08000031,6437,253250,436,2514,0.17342879872712808,1116.3611774065234,female,65-69,176,0.027341929470250118,0.004741877982907339
E02002180,E08000031,6437,253250,436,2514,0.17342879872712808,1116.3611774065234,male,65-69,148,0.022992077054528506,0.003987488303808444
E02002169,E08000031,8665,253250,103,3248,0.031711822660098525,274.78294334975374,female,65-69,302,0.03485285631852279,0.0011052475987708892
E02002169,E08000031,8665,253250,103,3248,0.031711822660098525,274.78294334975374,male,65-69,314,0.036237738026543564,0.0011491647219008581
E02002066,E08000028,7403,316289,67,3279,0.020433058859408357,151.26593473620008,female,65-69,136,0.018370930703768742,0.0003753743083722189
E02002066,E08000028,7403,316289,67,3279,0.020433058859408357,151.26593473620008,male,65-69,124,0.016749966229906793,0.0003422530458687878
E02002003,E08000027,9101,315653,2767,3902,0.7091235263967196,6453.733213736545,female,65-69,277,0.030436215800461488,0.021583036678594805
E02002003,E08000027,9101,315653,2767,3902,0.7091235263967196,6453.733213736545,male,65-69,239,0.026260850455993846,0.018622186881531257
E02002165,E08000031,7660,253250,52,2814,0.01847903340440654,141.54939587775408,female,65-69,103,0.013446475195822455,0.0002484778643151271
E02002165,E08000031,7660,253250,52,2814,0.01847903340440654,141.54939587775408,male,65-69,128,0.01671018276762402,0.0003087880255566628
E02002069,E08000028,6634,316289,455,2932,0.15518417462482947,1029.4918144611188,female,65-69,178,0.02683147422369611,0.004163820181371668
E02002069,E08000028,6634,316289,455,2932,0.15518417462482947,1029.4918144611188,male,65-69,175,0.026379258365993367,0.004093643436741809
E02002151,E08000031,5868,253250,28,2104,0.013307984790874524,78.09125475285171,female,65-69,123,0.020961145194274028,0.0002789506014447114
E02002151,E08000031,5868,253250,28,2104,0.013307984790874524,78.09125475285171,male,65-69,149,0.025391956373551464,0.0003379157692297723
E02002157,E08000031,7644,253250,52,2645,0.019659735349716444,150.2790170132325,female,65-69,198,0.025902668759811617,0.0005092396126692643
E02002157,E08000031,7644,253250,52,2645,0.019659735349716444,150.2790170132325,male,65-69,199,0.026033490319204607,0.0005118115299049676
E02002159,E08000031,5964,253250,39,2249,0.017341040462427744,103.42196531791906,female,65-69,89,0.014922870556673374,0.0002587781021388446
E02002159,E08000031,5964,253250,39,2249,0.017341040462427744,103.42196531791906,male,65-69,101,0.01693494299128102,0.0002936695316407113
E02001844,E08000025,9936,1101521,9,4181,0.0021525950729490554,21.388184644821816,female,65-69,297,0.029891304347826088,6.434387446315112e-05
E02001844,E08000025,9936,1101521,9,4181,0.0021525950729490554,21.388184644821816,male,65-69,267,0.026871980676328504,5.7844493204246965e-05
E02002182,E08000031,6646,253250,769,2842,0.2705840957072484,1798.3019000703728,female,65-69,158,0.02377369846524225,0.006432784700834374
E02002182,E08000031,6646,253250,769,2842,0.2705840957072484,1798.3019000703728,male,65-69,148,0.022269034005416792,0.0060256464286296664
E02001850,E08000025,8434,1101521,8,3079,0.0025982461838259174,21.913608314387787,female,65-69,192,0.02276499881432298,5.914907129411621e-05
E02001850,E08000025,8434,1101521,8,3079,0.0025982461838259174,21.913608314387787,male,65-69,156,0.01849656153663742,4.805862042646942e-05
E02002155,E08000031,6227,253250,22,2531,0.00869221651521138,54.12643224022126,female,65-69,102,0.01638027942829613,0.00014238093537041283
E02002155,E08000031,6227,253250,22,2531,0.00869221651521138,54.12643224022126,male,65-69,86,0.013810823831700658,0.00012004667099858337
E02001837,E08000025,10601,1101521,8,4727,0.0016924053310767928,17.94118891474508,female,65-69,209,0.01971512121497972,3.336597624705686e-05
E02001837,E08000025,10601,1101521,8,4727,0.0016924053310767928,17.94118891474508,male,65-69,185,0.017451183850580133,2.953447658232305e-05
E02002000,E08000027,7828,315653,1919,3360,0.5711309523809524,4470.813095238095,female,65-69,193,0.024655084312723556,0.014081281784558483
E02002000,E08000027,7828,315653,1919,3360,0.5711309523809524,4470.813095238095,male,65-69,219,0.027976494634644865,0.015978242024965325
E02002149,E08000031,10130,253250,46,3910,0.011764705882352941,119.17647058823529,female,65-69,291,0.02872655478775913,0.00033795946809128387
E02002149,E08000031,10130,253250,46,3910,0.011764705882352941,119.17647058823529,male,65-69,314,0.030997038499506416,0.0003646710411706637
E02006176,E07000196,7483,110688,20,2057,0.009722897423432183,72.75644141954302,female,65-69,341,0.04556995857276493,0.0004430720327930475
E02006176,E07000196,7483,110688,20,2057,0.009722897423432183,72.75644141954302,male,65-69,310,0.04142723506614994,0.0004027927570845886
E02002156,E08000031,8211,253250,45,3261,0.013799448022079117,113.30726770929162,female,65-69,208,0.02533187187918646,0.0003495658492988012
E02002156,E08000031,8211,253250,45,3261,0.013799448022079117,113.30726770929162,male,65-69,203,0.0247229326513214,0.0003411628240752723
E02002152,E08000031,6251,253250,37,2675,0.013831775700934579,86.46242990654206,female,65-69,117,0.018717005279155336,0.000258889418814485
E02002152,E08000031,6251,253250,37,2675,0.013831775700934579,86.46242990654206,male,65-69,138,0.022076467765157575,0.00030535675039657204
E02002063,E08000028,9625,316289,1050,3929,0.26724357342835325,2572.2193942479003,female,65-69,168,0.017454545454545455,0.004664615099840348
E02002063,E08000028,9625,316289,1050,3929,0.26724357342835325,2572.2193942479003,male,65-69,157,0.016311688311688312,0.004359193873065087
E02002070,E08000028,9356,316289,32,4370,0.007322654462242563,68.51075514874142,female,65-69,155,0.016566908935442496,0.00012131374964168419
E02002070,E08000028,9356,316289,32,4370,0.007322654462242563,68.51075514874142,male,65-69,149,0.01592560923471569,0.00011661773352652224
E02002064,E08000028,12292,316289,1836,4906,0.374235629841011,4600.104362005707,female,65-69,224,0.018223234624145785,0.006819783687307717
E02002064,E08000028,12292,316289,1836,4906,0.374235629841011,4600.104362005707,male,65-69,251,0.020419785226163358,0.007641811185331415
E02006179,E07000196,8820,110688,26,2574,0.010101010101010102,89.0909090909091,female,65-69,255,0.02891156462585034,0.0002920360063217206
E02006179,E07000196,8820,110688,26,2574,0.010101010101010102,89.0909090909091,male,65-69,265,0.030045351473922902,0.00030348839872649397
E02002163,E08000031,11710,253250,44,4472,0.009838998211091235,115.21466905187836,female,65-69,222,0.018958155422715627,0.00018652925728968863
E02002163,E08000031,11710,253250,44,4472,0.009838998211091235,115.21466905187836,male,65-69,164,0.014005123825789924,0.00013779638826805828
E02002058,E08000028,12006,316289,1237,5355,0.23099906629318395,2773.3747899159666,female,65-69,225,0.018740629685157422,0.004329067959017691
E02002058,E08000028,12006,316289,1237,5355,0.23099906629318395,2773.3747899159666,male,65-69,213,0.01774112943528236,0.004098184334536747
E02002065,E08000028,12333,316289,40,5232,0.00764525993883792,94.28899082568807,female,65-69,187,0.015162571961404362,0.00011592180398627188
E02002065,E08000028,12333,316289,40,5232,0.00764525993883792,94.28899082568807,male,65-69,159,0.012892240330819751,9.856452852308677e-05
E02002158,E08000031,7354,253250,40,3054,0.01309757694826457,96.31958087753765,female,65-69,222,0.03018765297797117,0.00039538510776648556
E02002158,E08000031,7354,253250,40,3054,0.01309757694826457,96.31958087753765,male,65-69,208,0.028283927114495514,0.0003704509117812117
E02002061,E08000028,5723,316289,28,2656,0.010542168674698794,60.3328313253012,female,65-69,91,0.015900751354184867,0.00016762840283026214
E02002061,E08000028,5723,316289,28,2656,0.010542168674698794,60.3328313253012,male,65-69,93,0.016250218416914205,0.00017131254355180636
E02006894,E08000031,13025,253250,135,4910,0.0274949083503055,358.1211812627291,female,65-69,240,0.018426103646833013,0.0005066240310229037
E02006894,E08000031,13025,253250,135,4910,0.0274949083503055,358.1211812627291,male,65-69,194,0.01489443378119002,0.00040952109174351376
E02002059,E08000028,10733,316289,44,4615,0.009534127843986998,102.32979414951245,female,65-69,234,0.02180191931426442,0.00020786228598648632
E02002059,E08000028,10733,316289,44,4615,0.009534127843986998,102.32979414951245,male,65-69,225,0.020963383956023478,0.00019986758267931374
E02001842,E08000025,7584,1101521,10,2849,0.00351000351000351,26.61986661986662,female,65-69,206,0.027162447257383968,9.534028521370295e-05
E02001842,E08000025,7584,1101521,10,2849,0.00351000351000351,26.61986661986662,male,65-69,197,0.02597573839662447,9.117493294708484e-05
E02006174,E07000196,10383,110688,12,2102,0.005708848715509039,59.27497621313035,female,65-69,452,0.0435326976788982,0.0002485215852268213
E02006174,E07000196,10383,110688,12,2102,0.005708848715509039,59.27497621313035,male,65-69,420,0.040450736781277086,0.00023092713671518794
E02002177,E08000031,9490,253250,161,3469,0.04641106947247045,440.4410492937446,female,65-69,166,0.017492096944151738,0.0008118269264942144
E02002177,E08000031,9490,253250,161,3469,0.04641106947247045,440.4410492937446,male,65-69,194,0.020442571127502633,0.0009487615887944433
E02002056,E08000028,8965,316289,1566,4445,0.3523059617547806,3158.4229471316085,female,65-69,186,0.020747350808700504,0.007309415380523056
E02002056,E08000028,8965,316289,1566,4445,0.3523059617547806,3158.4229471316085,male,65-69,192,0.021416620189626326,0.007545202973443155
E02002057,E08000028,9255,316289,2145,4624,0.4638840830449827,4293.247188581315,female,65-69,192,0.020745542949756886,0.009623527168518279
E02002057,E08000028,9255,316289,2145,4624,0.4638840830449827,4293.247188581315,male,65-69,190,0.020529443544030253,0.009523282093846213
E02002068,E08000028,12466,316289,24,5537,0.004334477153693336,54.03359219794112,female,65-69,136,0.010909674314134445,4.7287734068850766e-05
E02002068,E08000028,12466,316289,24,5537,0.004334477153693336,54.03359219794112,male,65-69,129,0.010348146959730466,4.4853806580012855e-05
E02002060,E08000028,6401,316289,64,2791,0.02293084915800788,146.78036546040843,female,65-69,119,0.018590845180440557,0.0004263038665525602
E02002060,E08000028,6401,316289,64,2791,0.02293084915800788,146.78036546040843,male,65-69,116,0.018122168411185753,0.00041555671025291587
E02002053,E08000028,6052,316289,13,2352,0.0055272108843537416,33.45068027210884,female,65-69,172,0.028420356906807668,0.0001570853060325254
E02002053,E08000028,6052,316289,13,2352,0.0055272108843537416,33.45068027210884,male,65-69,128,0.021150033046926635,0.00011690069286141422
E02002062,E08000028,7752,316289,41,3473,0.011805355600345523,91.51511661387849,female,65-69,153,0.019736842105263157,0.00023300043948050375
E02002062,E08000028,7752,316289,41,3473,0.011805355600345523,91.51511661387849,male,65-69,149,0.019220846233230133,0.0002269089247228435
E02002166,E08000031,9374,253250,65,3801,0.017100762957116548,160.3025519600105,female,65-69,231,0.024642628547045017,0.0004214077494232902
E02002166,E08000031,9374,253250,65,3801,0.017100762957116548,160.3025519600105,male,65-69,226,0.024109238318754,0.00041228636956564327
E02002072,E08000028,8540,316289,131,3492,0.03751431844215349,320.3722794959908,female,65-69,192,0.022482435597189696,0.0008434132483481815
E02002072,E08000028,8540,316289,131,3492,0.03751431844215349,320.3722794959908,male,65-69,209,0.024473067915690868,0.0009180904630456769
E02002178,E08000031,8046,253250,167,2985,0.0559463986599665,450.14472361809044,female,65-69,192,0.023862788963460103,0.0013350371044883876
E02002178,E08000031,8046,253250,167,2985,0.0559463986599665,450.14472361809044,male,65-69,182,0.022619935371613224,0.001265503921962951
E02006184,E07000196,5448,110688,56,1700,0.03294117647058824,179.4635294117647,female,65-69,159,0.02918502202643172,0.000961388960870692
E02006184,E07000196,5448,110688,56,1700,0.03294117647058824,179.4635294117647,male,65-69,155,0.02845080763582966,0.0009372030750626243
E02006183,E07000196,7502,110688,91,2432,0.03741776315789474,280.70805921052636,female,65-69,236,0.03145827779258864,0.0011770983877983415
E02006183,E07000196,7502,110688,91,2432,0.03741776315789474,280.70805921052636,male,65-69,240,0.03199146894161557,0.001197049207930517
E02006008,E06000051,7797,310774,11,2787,0.003946896304269824,30.773950484391815,female,65-69,318,0.04078491727587533,0.00016097383926610284
E02006008,E06000051,7797,310774,11,2787,0.003946896304269824,30.773950484391815,male,65-69,266,0.034115685520071826,0.00013465107309680303
E02006009,E06000051,7325,310774,27,2987,0.009039169735520589,66.21191831268831,female,65-69,193,0.026348122866894197,0.00023816515480620798
E02006009,E06000051,7325,310774,27,2987,0.009039169735520589,66.21191831268831,male,65-69,185,0.025255972696245733,0.00022829302403703873
E02006185,E07000196,7124,110688,1799,3014,0.5968812209688122,4252.181818181818,female,65-69,228,0.032004491858506456,0.019102880176991743
E02006185,E07000196,7124,110688,1799,3014,0.5968812209688122,4252.181818181818,male,65-69,245,0.03439079169006176,0.020527217734048146
E02002007,E08000027,8924,315653,3107,3605,0.8618585298196949,7691.225520110957,female,65-69,317,0.035522187359928285,0.03061510017400754
E02002007,E08000027,8924,315653,3107,3605,0.8618585298196949,7691.225520110957,male,65-69,301,0.033729269385925596,0.029069858524846278
E02002941,E06000020,10177,169768,25,4322,0.005784359093012495,58.86742248958816,female,65-69,282,0.027709541122138154,0.00016028193615304348
E02002941,E06000020,10177,169768,25,4322,0.005784359093012495,58.86742248958816,male,65-69,270,0.026530411712685466,0.00015346142823163738
E02002080,E08000028,6839,316289,2355,3075,0.7658536585365854,5237.673170731708,female,65-69,161,0.02354145342886387,0.018029308235764038
E02002080,E08000028,6839,316289,2355,3075,0.7658536585365854,5237.673170731708,male,65-69,154,0.022517911975435005,0.01724542526899169
E02001925,E08000025,6588,1101521,11,2553,0.004308656482569526,28.385428907168038,female,65-69,188,0.02853673345476624,0.00012295498159123724
E02001925,E08000025,6588,1101521,11,2553,0.004308656482569526,28.385428907168038,male,65-69,137,0.02079538554948391,8.960017275531649e-05
E02001890,E08000025,10590,1101521,18,3528,0.00510204081632653,54.03061224489795,female,65-69,180,0.0169971671388102,8.672024050413367e-05
E02001890,E08000025,10590,1101521,18,3528,0.00510204081632653,54.03061224489795,male,65-69,167,0.015769593956562796,8.045711202327956e-05
E02002038,E08000027,9391,315653,2749,3729,0.7371949584338965,6922.997854652722,female,65-69,359,0.03822809072516239,0.02818155575314331
E02002038,E08000027,9391,315653,2749,3729,0.7371949584338965,6922.997854652722,male,65-69,287,0.030561175593653497,0.022529544571454403
E02002946,E06000020,7932,169768,24,2991,0.00802407221664995,63.6469408224674,female,65-69,218,0.027483610690872417,0.00022053047695785288
E02002946,E06000020,7932,169768,24,2991,0.00802407221664995,63.6469408224674,male,65-69,195,0.024583963691376703,0.00019726350003110695
E02002943,E06000020,10466,169768,33,4085,0.008078335373317013,84.54785801713587,female,65-69,169,0.01614752532008408,0.00013044512498476736
E02002943,E06000020,10466,169768,33,4085,0.008078335373317013,84.54785801713587,male,65-69,184,0.01758073762660042,0.00014202309465797156
E02001950,E08000025,8602,1101521,8,3466,0.002308136180034622,19.85458742065782,female,65-69,242,0.028132992327365727,6.493477744342925e-05
E02001950,E08000025,8602,1101521,8,3466,0.002308136180034622,19.85458742065782,male,65-69,239,0.027784236224133924,6.412980086355204e-05
E02002179,E08000031,6327,253250,182,2259,0.08056662239929172,509.74501992031867,female,65-69,196,0.030978346767820453,0.0024958207665973097
E02002179,E08000031,6327,253250,182,2259,0.08056662239929172,509.74501992031867,male,65-69,168,0.026552868658131817,0.0021392749427976937
E02002932,E06000020,9089,169768,14,3567,0.003924866834875245,35.673114662181106,female,65-69,196,0.02156452855099571,8.463790291952339e-05
E02002932,E06000020,9089,169768,14,3567,0.003924866834875245,35.673114662181106,male,65-69,172,0.018923974034547254,7.427407807223481e-05
E02006704,E07000234,6898,95519,9,2842,0.0031667839549612948,21.84447572132301,female,65-69,255,0.03696723688025515,0.00011706725261164544
E02006704,E07000234,6898,95519,9,2842,0.0031667839549612948,21.84447572132301,male,65-69,249,0.0360974195418962,0.00011431272902078318
E02006046,E06000051,8908,310774,21,3364,0.00624256837098692,55.608799048751486,female,65-69,362,0.0406376290974405,0.0002536831780755798
E02006046,E06000051,8908,310774,21,3364,0.00624256837098692,55.608799048751486,male,65-69,373,0.0418724741805119,0.00026139178293423
E02006011,E06000051,5892,310774,35,2308,0.015164644714038129,89.35008665511265,female,65-69,255,0.043279022403258656,0.0006563109983163142
E02006011,E06000051,5892,310774,35,2308,0.015164644714038129,89.35008665511265,male,65-69,249,0.04226069246435845,0.0006408683865912244
E02006043,E06000051,6881,310774,9,2630,0.0034220532319391636,23.547148288973386,female,65-69,303,0.044034297340502834,0.00015068770953023783
E02006043,E06000051,6881,310774,9,2630,0.0034220532319391636,23.547148288973386,male,65-69,280,0.04069175991861648,0.00013924936854279406
E02006013,E06000051,7636,310774,234,3144,0.07442748091603053,568.3282442748092,female,65-69,345,0.045180722891566265,0.003362687390784512
E02006013,E06000051,7636,310774,234,3144,0.07442748091603053,568.3282442748092,male,65-69,364,0.047668936616029334,0.0035478788702769924
E02002948,E06000020,7031,169768,13,2761,0.004708438971387179,33.105034407823254,female,65-69,148,0.02104963732043806,9.911093269311655e-05
E02002948,E06000020,7031,169768,13,2761,0.004708438971387179,33.105034407823254,male,65-69,127,0.01806286445740293,8.504789494612028e-05
E02002947,E06000020,6762,169768,17,2744,0.00619533527696793,41.892857142857146,female,65-69,180,0.026619343389529725,0.00016491575715087657
E02002947,E06000020,6762,169768,17,2744,0.00619533527696793,41.892857142857146,male,65-69,157,0.023217982845312037,0.0001438431881815979
E02006045,E06000051,11048,310774,9,4637,0.0019409100711667026,21.44317446624973,female,65-69,446,0.04036929761042723,7.835317629800411e-05
E02006045,E06000051,11048,310774,9,4637,0.0019409100711667026,21.44317446624973,male,65-69,356,0.03222302679217958,6.254199722441583e-05
E02002950,E06000020,5501,169768,15,2409,0.0062266500622665,34.25280199252802,female,65-69,176,0.03199418287584076,0.00019921658079601965
E02002950,E06000020,5501,169768,15,2409,0.0062266500622665,34.25280199252802,male,65-69,147,0.026722414106526086,0.00016639112146031186
E02006010,E06000051,11572,310774,39,4282,0.00910789350770668,105.39654367118169,female,65-69,457,0.03949187694434843,0.00035968780962858214
E02006010,E06000051,11572,310774,39,4282,0.00910789350770668,105.39654367118169,male,65-69,451,0.03897338403041825,0.00035496543138400556
E02006014,E06000051,9310,310774,60,3559,0.01685866816521495,156.9542006181512,female,65-69,439,0.04715359828141783,0.0007949468662222732
E02006014,E06000051,9310,310774,60,3559,0.01685866816521495,156.9542006181512,male,65-69,428,0.04597207303974221,0.0007750279242440385
E02002936,E06000020,8985,169768,13,3588,0.0036231884057971015,32.55434782608695,female,65-69,155,0.01725097384529772,6.250352842499175e-05
E02002936,E06000020,8985,169768,13,3588,0.0036231884057971015,32.55434782608695,male,65-69,135,0.015025041736227046,5.4438557015315386e-05
E02002937,E06000020,10271,169768,19,3808,0.004989495798319327,51.247111344537814,female,65-69,372,0.036218479213319055,0.00018071194985637133
E02002937,E06000020,10271,169768,19,3808,0.004989495798319327,51.247111344537814,male,65-69,381,0.037094732742673546,0.00018508401315934803
E02002934,E06000020,5973,169768,8,2312,0.0034602076124567475,20.667820069204154,female,65-69,160,0.026787209107651096,9.268930487076505e-05
E02002934,E06000020,5973,169768,8,2312,0.0034602076124567475,20.667820069204154,male,65-69,146,0.024443328310731625,8.457899069457309e-05
E02002931,E06000020,6673,169768,12,2265,0.005298013245033113,35.35364238410596,female,65-69,195,0.029222238873070582,0.00015481980859904945
E02002931,E06000020,6673,169768,12,2265,0.005298013245033113,35.35364238410596,male,65-69,204,0.030570957590289227,0.0001619653382266979
E02002949,E06000020,5179,169768,19,2064,0.009205426356589148,47.6749031007752,female,65-69,203,0.03919675613052713,0.0003608228519767517
E02002949,E06000020,5179,169768,19,2064,0.009205426356589148,47.6749031007752,male,65-69,160,0.030893994979725815,0.00028439239564670085
E02002933,E06000020,8266,169768,8,3198,0.0025015634771732333,20.677923702313947,female,65-69,250,0.03024437454633438,7.565822275505786e-05
E02002933,E06000020,8266,169768,8,3198,0.0025015634771732333,20.677923702313947,male,65-69,213,0.025768207113476892,6.44608057873093e-05
E02006012,E06000051,6249,310774,51,2517,0.02026221692491061,126.6185935637664,female,65-69,274,0.043847015522483594,0.0008884377400264852
E02006012,E06000051,6249,310774,51,2517,0.02026221692491061,126.6185935637664,male,65-69,252,0.040326452232357174,0.0008171033229440668
E02002938,E06000020,7041,169768,10,2924,0.003419972640218878,24.08002735978112,female,65-69,154,0.021871893196989064,7.4801276323492e-05
E02002938,E06000020,7041,169768,10,2924,0.003419972640218878,24.08002735978112,male,65-69,146,0.020735690952989633,7.091549573525866e-05
E02002935,E06000020,6539,169768,17,2641,0.006436955698599016,42.091253313138964,female,65-69,228,0.03486771677626548,0.0002244419482001186
E02002935,E06000020,6539,169768,17,2641,0.006436955698599016,42.091253313138964,male,65-69,203,0.031044502217464444,0.00019983208545887754
E02002942,E06000020,6480,169768,12,2164,0.005545286506469501,35.93345656192236,female,65-69,159,0.024537037037037038,0.00013606490039022386
E02002942,E06000020,6480,169768,12,2164,0.005545286506469501,35.93345656192236,male,65-69,173,0.02669753086419753,0.0001480454576572876
E02002940,E06000020,6097,169768,8,2441,0.0032773453502662844,19.981974600573537,female,65-69,175,0.02870264064293915,9.406846585150071e-05
E02002940,E06000020,6097,169768,8,2441,0.0032773453502662844,19.981974600573537,male,65-69,155,0.025422338855174677,8.331778403990062e-05
E02002945,E06000020,9464,169768,23,3482,0.006605399195864446,62.51349798966112,female,65-69,231,0.02440828402366864,0.00016122645966237182
E02002945,E06000020,9464,169768,23,3482,0.006605399195864446,62.51349798966112,male,65-69,204,0.021555367709213864,0.0001423818085330037
E02001851,E08000025,8705,1101521,11,3747,0.0029356818788364024,25.55511075527088,female,65-69,218,0.02504307869040781,7.351851230170427e-05
E02001851,E08000025,8705,1101521,11,3747,0.0029356818788364024,25.55511075527088,male,65-69,202,0.02320505456634118,6.812265818781772e-05
E02006770,E07000239,7445,98999,86,3002,0.028647568287808126,213.2811459027315,female,65-69,202,0.027132303559435862,0.0007772745190244783
E02006770,E07000239,7445,98999,86,3002,0.028647568287808126,213.2811459027315,male,65-69,160,0.021490933512424447,0.0006156629853659235
E02006775,E07000239,5234,98999,39,2137,0.018249883013570427,95.51988769302761,female,65-69,128,0.02445548337791364,0.0004463097106872401
E02006775,E07000239,5234,98999,39,2137,0.018249883013570427,95.51988769302761,male,65-69,153,0.029231944975162398,0.0005334795760558417
E02006752,E07000238,6978,120007,9,2110,0.0042654028436018955,29.763981042654027,female,65-69,244,0.034967039266265404,0.0001491485087186676
E02006752,E07000238,6978,120007,9,2110,0.0042654028436018955,29.763981042654027,male,65-69,267,0.03826311263972485,0.00016320758945854202
E02006769,E07000239,7260,98999,102,2631,0.03876852907639681,281.4595210946408,female,65-69,214,0.02947658402203857,0.0011427638047312558
E02006769,E07000239,7260,98999,102,2631,0.03876852907639681,281.4595210946408,male,65-69,242,0.03333333333333333,0.0012922843025465602
E02006780,E07000239,5841,98999,29,2373,0.012220817530552043,71.38179519595448,female,65-69,295,0.050505050505050504,0.0006172130065935375
E02006780,E07000239,5841,98999,29,2373,0.012220817530552043,71.38179519595448,male,65-69,270,0.046224961479198766,0.0005649068195940852
E02006710,E07000235,8023,76224,16,3073,0.005206638464041653,41.77286039700618,female,65-69,335,0.04175495450579584,0.00021740295219418594
E02006710,E07000235,8023,76224,16,3073,0.005206638464041653,41.77286039700618,male,65-69,390,0.04861024554406083,0.0002530959741962165
E02006772,E07000239,6487,98999,81,2650,0.030566037735849056,198.28188679245284,female,65-69,245,0.03776784337906582,0.0011544133259261628
E02006772,E07000239,6487,98999,81,2650,0.030566037735849056,198.28188679245284,male,65-69,250,0.03853861569292431,0.0011779727815573091
E02006768,E07000239,6929,98999,76,2622,0.028985507246376812,200.84057971014494,female,65-69,298,0.043007649011401354,0.0012465985220696046
E02006768,E07000239,6929,98999,76,2622,0.028985507246376812,200.84057971014494,male,65-69,279,0.040265550584499925,0.0011671174082463747
E02006776,E07000239,6600,98999,50,2264,0.022084805653710248,145.75971731448763,female,65-69,273,0.041363636363636366,0.0009135078702216513
E02006776,E07000239,6600,98999,50,2264,0.022084805653710248,145.75971731448763,male,65-69,248,0.037575757575757575,0.0008298533033515366
E02006779,E07000239,7763,98999,47,2986,0.015740120562625585,122.19055592766242,female,65-69,308,0.03967538322813345,0.0006244953153791935
E02006779,E07000239,7763,98999,47,2986,0.015740120562625585,122.19055592766242,male,65-69,293,0.03774314053845163,0.0005940815824873498
E02006773,E07000239,8336,98999,90,3333,0.027002700270027002,225.09450945094508,female,65-69,378,0.04534548944337812,0.001224450660037213
E02006773,E07000239,8336,98999,90,3333,0.027002700270027002,225.09450945094508,male,65-69,313,0.03754798464491363,0.001013896975110179
E02006778,E07000239,6883,98999,44,2683,0.016399552739470743,112.87812150577712,female,65-69,267,0.038791224756646814,0.0006361587362252926
E02006778,E07000239,6883,98999,44,2683,0.016399552739470743,112.87812150577712,male,65-69,283,0.04111579253232602,0.0006742806080590179
E02006771,E07000239,6656,98999,74,2584,0.02863777089783282,190.61300309597524,female,65-69,289,0.04341947115384615,0.001243436867408907
E02006771,E07000239,6656,98999,74,2584,0.02863777089783282,190.61300309597524,male,65-69,321,0.048227163461538464,0.0013811184582638726
E02006767,E07000239,8853,98999,423,3438,0.12303664921465969,1089.2434554973822,female,65-69,381,0.04303625889528973,0.00529503708921104
E02006767,E07000239,8853,98999,423,3438,0.12303664921465969,1089.2434554973822,male,65-69,393,0.04439173161640122,0.005461809910918475
E02006711,E07000235,7992,76224,13,2603,0.004994237418363427,39.91394544756051,female,65-69,336,0.042042042042042045,0.0002099679395107747
E02006711,E07000235,7992,76224,13,2603,0.004994237418363427,39.91394544756051,male,65-69,336,0.042042042042042045,0.0002099679395107747
E02006697,E07000234,7343,95519,582,2760,0.2108695652173913,1548.4152173913044,female,65-69,290,0.03949339507013482,0.008327955047397995
E02006697,E07000234,7343,95519,582,2760,0.2108695652173913,1548.4152173913044,male,65-69,321,0.0437151028190113,0.00921818472487847
E02006748,E07000238,6695,120007,28,2468,0.011345218800648298,75.95623987034035,female,65-69,259,0.038685586258401794,0.0004388964405329215
E02006748,E07000238,6695,120007,28,2468,0.011345218800648298,75.95623987034035,male,65-69,271,0.040477968633308437,0.00045923141075066297
E02006753,E07000238,6436,120007,20,2175,0.009195402298850575,59.181609195402295,female,65-69,263,0.040863890615289,0.0003757599137038069
E02006753,E07000238,6436,120007,20,2175,0.009195402298850575,59.181609195402295,male,65-69,248,0.03853325046612803,0.00035432873991841864
E02006707,E07000234,6848,95519,9,2196,0.004098360655737705,28.065573770491806,female,65-69,238,0.03475467289719626,0.0001424371840049027
E02006707,E07000234,6848,95519,9,2196,0.004098360655737705,28.065573770491806,male,65-69,186,0.027161214953271028,0.00011131645472652061
E02001895,E08000025,8221,1101521,8,3569,0.002241524236480807,18.427570748108714,female,65-69,206,0.025057778859019584,5.6167618624868785e-05
E02001895,E08000025,8221,1101521,8,3569,0.002241524236480807,18.427570748108714,male,65-69,217,0.02639581559420995,5.9166860396099645e-05
E02006706,E07000234,7094,95519,13,2640,0.004924242424242424,34.932575757575755,female,65-69,206,0.029038624189455877,0.0001429932251753509
E02006706,E07000234,7094,95519,13,2640,0.004924242424242424,34.932575757575755,male,65-69,194,0.027347053848322526,0.00013466352273795184
E02006703,E07000234,7229,95519,11,2633,0.004177744018230156,30.200911507785797,female,65-69,237,0.03278461751279568,0.00013696573970404578
E02006703,E07000234,7229,95519,11,2633,0.004177744018230156,30.200911507785797,male,65-69,255,0.035274588463134596,0.000147368200947391
E02006705,E07000234,7134,95519,14,2719,0.0051489518205222505,36.732622287605736,female,65-69,217,0.030417717970283153,0.0001566193643192218
E02006705,E07000234,7134,95519,14,2719,0.0051489518205222505,36.732622287605736,male,65-69,210,0.02943650126156434,0.00015156712676053723
E02006702,E07000234,5790,95519,23,2326,0.009888220120378332,57.25279449699054,female,65-69,188,0.03246977547495682,0.000321068287155635
E02006702,E07000234,5790,95519,23,2326,0.009888220120378332,57.25279449699054,male,65-69,192,0.03316062176165803,0.0003278995273078825
E02006708,E07000234,8466,95519,12,3221,0.003725551071095933,31.54051536789817,female,65-69,184,0.021733994802740374,8.097110761654284e-05
E02006708,E07000234,8466,95519,12,3221,0.003725551071095933,31.54051536789817,male,65-69,178,0.021025277580911883,7.833074541165557e-05
E02006709,E07000234,7862,95519,12,2822,0.004252303330970942,33.43160878809355,female,65-69,249,0.031671330450267106,0.00013467610396995225
E02006709,E07000234,7862,95519,12,2822,0.004252303330970942,33.43160878809355,male,65-69,284,0.03612312388705164,0.0001536064800299857
E02006774,E07000239,7573,98999,64,2899,0.02207657813038979,167.18592618144186,female,65-69,206,0.02720190149214314,0.0006005249035864646
E02006774,E07000239,7573,98999,64,2899,0.02207657813038979,167.18592618144186,male,65-69,240,0.03169153571900172,0.0006996406643725801
E02001946,E08000025,7631,1101521,11,3033,0.003626772172766238,27.67589845037916,female,65-69,237,0.031057528502162233,0.00011263858012653629
E02001946,E08000025,7631,1101521,11,3033,0.003626772172766238,27.67589845037916,male,65-69,230,0.03014021753374394,0.00010931170223250356
E02006901,E08000025,15014,1101521,10,5840,0.0017123287671232876,25.70890410958904,female,65-69,154,0.010257093379512455,1.7563516060808996e-05
E02006901,E08000025,15014,1101521,10,5840,0.0017123287671232876,25.70890410958904,male,65-69,119,0.007925935793259625,1.357180786517059e-05
E02006187,E07000196,7313,110688,2369,2947,0.8038683406854428,5878.689175432643,female,65-69,329,0.04498837686312047,0.036164731859088015
E02006187,E07000196,7313,110688,2369,2947,0.8038683406854428,5878.689175432643,male,65-69,292,0.03992889375085464,0.03209757356490486
E02006777,E07000239,7139,98999,73,2644,0.02760968229954614,197.1055219364599,female,65-69,365,0.05112760890881076,0.00141161703870771
E02006777,E07000239,7139,98999,73,2644,0.02760968229954614,197.1055219364599,male,65-69,354,0.049586776859504134,0.0013690751553493954
E02002002,E08000027,6982,315653,2194,2941,0.7460047602856171,5208.605236314179,female,65-69,337,0.04826697221426526,0.036007391036415495
E02002002,E08000027,6982,315653,2194,2941,0.7460047602856171,5208.605236314179,male,65-69,319,0.04568891435118877,0.03408414759826867
E02002013,E08000027,6563,315653,2277,2637,0.863481228668942,5667.027303754266,female,65-69,242,0.03687338107572757,0.031839472396447355
E02002013,E08000027,6563,315653,2277,2637,0.863481228668942,5667.027303754266,male,65-69,255,0.03885418253847326,0.03354985727724824
E02002078,E08000028,6286,316289,58,2651,0.02187853640135798,137.52847981893626,female,65-69,210,0.0334075723830735,0.0007309087884640751
E02002078,E08000028,6286,316289,58,2651,0.02187853640135798,137.52847981893626,male,65-69,198,0.03149856824689787,0.0006891425719804136
E02002029,E08000027,5821,315653,910,2458,0.37021969080553296,2155.048820179007,female,65-69,205,0.03521731661226593,0.013038144067193653
E02002029,E08000027,5821,315653,910,2458,0.37021969080553296,2155.048820179007,male,65-69,189,0.032468647998625665,0.01202053282292488
E02006696,E07000234,6224,95519,830,2309,0.3594629709831096,2237.297531398874,female,65-69,210,0.03374035989717224,0.012128410010676898
E02006696,E07000234,6224,95519,830,2309,0.3594629709831096,2237.297531398874,male,65-69,170,0.02731362467866324,0.00981823667530987
E02002035,E08000027,6215,315653,1133,2623,0.43194815097216926,2684.557758292032,female,65-69,231,0.03716814159292035,0.016054710036133724
E02002035,E08000027,6215,315653,1133,2623,0.43194815097216926,2684.557758292032,male,65-69,247,0.039742558326629124,0.01716672458409104
E02002027,E08000027,5585,315653,1634,1917,0.8523735002608243,4760.5059989567035,female,65-69,156,0.0279319606087735,0.02380846303324773
E02002027,E08000027,5585,315653,1634,1917,0.8523735002608243,4760.5059989567035,male,65-69,169,0.03025962399283796,0.02579250161935171
E02002023,E08000027,5328,315653,1842,2111,0.8725722406442444,4649.064898152535,female,65-69,226,0.04241741741741742,0.03701226095825812
E02002023,E08000027,5328,315653,1842,2111,0.8725722406442444,4649.064898152535,male,65-69,164,0.03078078078078078,0.026858454854665183
E02002036,E08000027,6538,315653,2415,2792,0.8649713467048711,5655.182664756447,female,65-69,152,0.023248699908228816,0.020109459268758092
E02002036,E08000027,6538,315653,2415,2792,0.8649713467048711,5655.182664756447,male,65-69,173,0.026460691342918324,0.022887739825625985
E02002006,E08000027,6484,315653,2371,2774,0.8547224224945926,5542.020187454938,female,65-69,150,0.02313386798272671,0.01977303568386627
E02002006,E08000027,6484,315653,2371,2774,0.8547224224945926,5542.020187454938,male,65-69,162,0.02498457742134485,0.02135487853857557
E02002039,E08000027,6423,315653,2050,2529,0.8105970739422697,5206.465005931198,female,65-69,202,0.03144947843686751,0.02549285519793531
E02002039,E08000027,6423,315653,2050,2529,0.8105970739422697,5206.465005931198,male,65-69,199,0.030982406974933832,0.02511424843756993
E02002024,E08000027,8489,315653,3028,3483,0.8693654895205283,7380.043640539765,female,65-69,248,0.02921427730003534,0.02539788448593368
E02002024,E08000027,8489,315653,3028,3483,0.8693654895205283,7380.043640539765,male,65-69,233,0.02744728472140417,0.023861722117832853
E02002009,E08000027,6697,315653,2392,2910,0.8219931271477663,5504.887972508591,female,65-69,131,0.019560997461549948,0.01607900547354896
E02002009,E08000027,6697,315653,2392,2910,0.8219931271477663,5504.887972508591,male,65-69,133,0.01985963864416903,0.016324486473145126
E02002018,E08000027,8990,315653,2997,3484,0.8602181400688863,7733.361079219288,female,65-69,351,0.03904338153503893,0.03358582504607109
E02002018,E08000027,8990,315653,2997,3484,0.8602181400688863,7733.361079219288,male,65-69,358,0.03982202447163515,0.03425562782476767
E02002033,E08000027,7674,315653,2219,2966,0.7481456507080243,5741.269723533378,female,65-69,246,0.03205629397967162,0.023982776918709148
E02002033,E08000027,7674,315653,2219,2966,0.7481456507080243,5741.269723533378,male,65-69,260,0.033880635913474066,0.025347650401887713
E02002017,E08000027,8443,315653,3414,3928,0.8691446028513238,7338.187881873727,female,65-69,223,0.026412412649532157,0.022956205902622907
E02002017,E08000027,8443,315653,3414,3928,0.8691446028513238,7338.187881873727,male,65-69,227,0.02688617789885112,0.023367976412086995
E02002041,E08000027,6174,315653,2055,2549,0.8061985092193017,4977.469595919969,female,65-69,273,0.04421768707482993,0.03564823340085348
E02002041,E08000027,6174,315653,2055,2549,0.8061985092193017,4977.469595919969,male,65-69,255,0.0413022351797862,0.03329780042936863
E02002012,E08000027,8054,315653,3436,3885,0.8844272844272845,7123.177348777349,female,65-69,180,0.022349143282840826,0.019766192102919196
E02002012,E08000027,8054,315653,3436,3885,0.8844272844272845,7123.177348777349,male,65-69,200,0.024832381425378695,0.02196243566991022
E02002022,E08000027,8434,315653,3147,3556,0.8849831271091113,7463.947694038245,female,65-69,167,0.019800806260374674,0.017523379443588047
E02002022,E08000027,8434,315653,3147,3556,0.8849831271091113,7463.947694038245,male,65-69,189,0.02240929570784918,0.019831848591845155
E02002034,E08000027,7963,315653,2698,3216,0.8389303482587065,6680.40236318408,female,65-69,210,0.026371970362928543,0.022124246280839928
E02002034,E08000027,7963,315653,2698,3216,0.8389303482587065,6680.40236318408,male,65-69,240,0.030139394700489767,0.025284852892388493
E02002042,E08000027,8222,315653,2220,2974,0.7464694014794889,6137.471418964358,female,65-69,314,0.038190221357333985,0.028507831678978295
E02002042,E08000027,8222,315653,2220,2974,0.7464694014794889,6137.471418964358,male,65-69,291,0.03539284845536366,0.026419678403129566
E02002026,E08000027,7013,315653,2186,2562,0.853239656518345,5983.769711163153,female,65-69,277,0.03949807500356481,0.033701323949177464
E02002026,E08000027,7013,315653,2186,2562,0.853239656518345,5983.769711163153,male,65-69,245,0.03493512049051761,0.029808030207756245
E02002020,E08000027,9771,315653,3408,3903,0.8731744811683321,8531.787855495773,female,65-69,352,0.03602497185549074,0.03145608610902189
E02002020,E08000027,9771,315653,3408,3903,0.8731744811683321,8531.787855495773,male,65-69,342,0.03500153515505066,0.030562447299106496
E02002030,E08000027,6330,315653,2521,2903,0.8684119875990355,5497.047881501895,female,65-69,204,0.03222748815165877,0.027986737041106356
E02002030,E08000027,6330,315653,2521,2903,0.8684119875990355,5497.047881501895,male,65-69,181,0.028593996840442337,0.024831369629609072
E02002028,E08000027,5825,315653,2078,2430,0.8551440329218107,4981.213991769548,female,65-69,203,0.03484978540772532,0.0298015860400219
E02002028,E08000027,5825,315653,2078,2430,0.8551440329218107,4981.213991769548,male,65-69,175,0.030042918454935622,0.025691022448294742
E02002021,E08000027,7518,315653,2907,3277,0.8870918523039365,6669.156545620995,female,65-69,132,0.017557861133280128,0.015575435555216762
E02002021,E08000027,7518,315653,2907,3277,0.8870918523039365,6669.156545620995,male,65-69,164,0.02181431231710561,0.019351298720117795
E02002011,E08000027,5761,315653,2006,2316,0.8661485319516408,4989.881692573403,female,65-69,235,0.040791529248394374,0.035331523174559204
E02002011,E08000027,5761,315653,2006,2316,0.8661485319516408,4989.881692573403,male,65-69,190,0.03298038534976567,0.028565912353898933
E02002019,E08000027,8016,315653,2788,3247,0.8586387434554974,6882.848167539267,female,65-69,171,0.02133233532934132,0.018316769602156946
E02002019,E08000027,8016,315653,2788,3247,0.8586387434554974,6882.848167539267,male,65-69,205,0.02557385229540918,0.02195870040024663
E02002016,E08000027,7873,315653,3246,3671,0.8842277308635249,6961.524925088532,female,65-69,179,0.02273593293534866,0.020103742388488628
E02002016,E08000027,7873,315653,3246,3671,0.8842277308635249,6961.524925088532,male,65-69,162,0.020576654388416105,0.018194448418632166
E02002040,E08000027,6006,315653,1787,2238,0.7984807864164433,4795.675603217158,female,65-69,238,0.039627039627039624,0.03164142976475416
E02002040,E08000027,6006,315653,1787,2238,0.7984807864164433,4795.675603217158,male,65-69,234,0.03896103896103896,0.031109641029212074
E02002015,E08000027,6039,315653,2300,2613,0.880214313050134,5315.614236509759,female,65-69,180,0.029806259314456036,0.02623589606706808
E02002015,E08000027,6039,315653,2300,2613,0.880214313050134,5315.614236509759,male,65-69,190,0.031462162609703595,0.02769344584857186
E02002037,E08000027,5965,315653,1882,2241,0.8398036590807675,5009.428826416778,female,65-69,229,0.03839061190276614,0.03224057635029267
E02002037,E08000027,5965,315653,1882,2241,0.8398036590807675,5009.428826416778,male,65-69,233,0.03906119027661358,0.03280373052235018
E02001901,E08000025,8063,1101521,11,2791,0.003941239699032604,31.778215693299888,female,65-69,167,0.020711893836041176,8.163053822875418e-05
E02001901,E08000025,8063,1101521,11,2791,0.003941239699032604,31.778215693299888,male,65-69,150,0.018603497457522013,7.332084272043788e-05
E02006698,E07000234,6535,95519,10,2771,0.003608805485384338,23.583543846986647,female,65-69,202,0.030910482019892885,0.0001115499170692634
E02006698,E07000234,6535,95519,10,2771,0.003608805485384338,23.583543846986647,male,65-69,204,0.03121652639632747,0.00011265437169371154
E02001921,E08000025,7888,1101521,10,3211,0.003114294612270321,24.56555590158829,female,65-69,192,0.02434077079107505,7.580433133315183e-05
E02001921,E08000025,7888,1101521,10,3211,0.003114294612270321,24.56555590158829,male,65-69,171,0.021678498985801216,6.751323259358834e-05
E02001927,E08000025,7803,1101521,10,3616,0.0027654867256637168,21.579092920353983,female,65-69,178,0.022811739074714853,6.308556160042824e-05
E02001927,E08000025,7803,1101521,10,3616,0.0027654867256637168,21.579092920353983,male,65-69,151,0.019351531462258105,5.3516403380138564e-05
E02001952,E08000025,9117,1101521,12,4047,0.0029651593773165306,27.03335804299481,female,65-69,158,0.017330262147636284,5.138698931841744e-05
E02001952,E08000025,9117,1101521,12,4047,0.0029651593773165306,27.03335804299481,male,65-69,202,0.02215641110014259,6.569729014126787e-05
E02001913,E08000025,7746,1101521,14,2873,0.004872955099199443,37.74591019839888,female,65-69,169,0.021817712367673638,0.000106316732734922
E02001913,E08000025,7746,1101521,14,2873,0.004872955099199443,37.74591019839888,male,65-69,166,0.021430415698424993,0.00010442945345560386
E02001932,E08000025,7076,1101521,14,3205,0.00436817472698908,30.90920436817473,female,65-69,139,0.019643866591294516,8.580784158443783e-05
E02001932,E08000025,7076,1101521,14,3205,0.00436817472698908,30.90920436817473,male,65-69,131,0.01851328434143584,8.08692607738227e-05
E02001899,E08000025,8050,1101521,17,3211,0.005294300840859545,42.61912176891934,female,65-69,273,0.03391304347826087,0.00017954585460306285
E02001899,E08000025,8050,1101521,17,3211,0.005294300840859545,42.61912176891934,male,65-69,254,0.0315527950310559,0.00016704998926438813
E02001911,E08000025,8103,1101521,21,3490,0.006017191977077364,48.75730659025788,female,65-69,148,0.0182648401826484,0.00010990304980963222
E02001911,E08000025,8103,1101521,21,3490,0.006017191977077364,48.75730659025788,male,65-69,159,0.019622362088115512,0.0001180715197279157
E02001951,E08000025,8399,1101521,21,3936,0.005335365853658537,44.81173780487805,female,65-69,236,0.02809858316466246,0.00014991622115292471
E02001951,E08000025,8399,1101521,21,3936,0.005335365853658537,44.81173780487805,male,65-69,238,0.028336706750803665,0.00015118669760337322
E02001928,E08000025,6890,1101521,23,3103,0.007412181759587496,51.06993232355784,female,65-69,231,0.033526850507982583,0.00024850710979168526
E02001928,E08000025,6890,1101521,23,3103,0.007412181759587496,51.06993232355784,male,65-69,204,0.029608127721335267,0.00021946082423161814
E02001920,E08000025,7512,1101521,52,3186,0.016321406151914627,122.60640301318267,female,65-69,241,0.03208200212992545,0.0005236233869291034
E02001920,E08000025,7512,1101521,52,3186,0.016321406151914627,122.60640301318267,male,65-69,200,0.026624068157614485,0.00043454222981668337
E02001906,E08000025,9284,1101521,90,3832,0.02348643006263048,218.04801670146136,female,65-69,238,0.025635501938819475,0.0006020864234065117
E02001906,E08000025,9284,1101521,90,3832,0.02348643006263048,218.04801670146136,male,65-69,199,0.02143472641102973,0.0005034252027642681
E02001935,E08000025,7920,1101521,9,3303,0.0027247956403269754,21.580381471389646,female,65-69,211,0.026641414141414143,7.259240910467068e-05
E02001935,E08000025,7920,1101521,9,3303,0.0027247956403269754,21.580381471389646,male,65-69,199,0.025126262626262625,6.846393086175101e-05
E02001926,E08000025,7401,1101521,9,2620,0.003435114503816794,25.42328244274809,female,65-69,130,0.017565193892717202,6.033845230322703e-05
E02001926,E08000025,7401,1101521,9,2620,0.003435114503816794,25.42328244274809,male,65-69,128,0.01729496014052155,5.9410168421638915e-05
E02001919,E08000025,6664,1101521,8,2649,0.003020007550018875,20.125330313325783,female,65-69,137,0.020558223289315725,6.208598954870735e-05
E02001919,E08000025,6664,1101521,8,2649,0.003020007550018875,20.125330313325783,male,65-69,122,0.018307322929171668,5.52882534667321e-05
E02001938,E08000025,7790,1101521,8,2854,0.002803083391730904,21.83601962158374,female,65-69,143,0.018356867779204106,5.145583119608719e-05
E02001938,E08000025,7790,1101521,8,2854,0.002803083391730904,21.83601962158374,male,65-69,151,0.01938382541720154,5.4334479095169e-05
E02002168,E08000031,11027,253250,76,3901,0.019482184055370416,214.8300435785696,female,70-74,139,0.012605423052507482,0.00024558117200475997
E02002168,E08000031,11027,253250,76,3901,0.019482184055370416,214.8300435785696,male,70-74,108,0.00979414165230797,0.0001908112703346336
E02006130,E07000192,7338,98508,16,1959,0.00816743236345074,59.932618683001536,female,70-74,211,0.028754428999727445,0.00023484985400492044
E02006130,E07000192,7338,98508,16,1959,0.00816743236345074,59.932618683001536,male,70-74,181,0.024666121559007905,0.0002014588795018512
E02006177,E07000196,9842,110688,32,3021,0.010592519033432638,104.25157232704403,female,70-74,305,0.030989636252794148,0.0003282583118468761
E02006177,E07000196,9842,110688,32,3021,0.010592519033432638,104.25157232704403,male,70-74,305,0.030989636252794148,0.0003282583118468761
E02002134,E08000030,8444,273933,35,3485,0.010043041606886656,84.80344332855093,female,70-74,143,0.016935101847465658,0.00017007993247096067
E02002134,E08000030,8444,273933,35,3485,0.010043041606886656,84.80344332855093,male,70-74,123,0.014566556134533396,0.00014629252932816896
E02002120,E08000030,6211,273933,24,2204,0.010889292196007259,67.63339382940109,female,70-74,140,0.02254065367895669,0.0002454517641991654
E02002120,E08000030,6211,273933,24,2204,0.010889292196007259,67.63339382940109,male,70-74,144,0.023184672355498308,0.00025246467174771294
E02002129,E08000030,5759,273933,34,2402,0.014154870940882597,81.51790174854288,female,70-74,153,0.026567112345893384,0.00037605404652804955
E02002129,E08000030,5759,273933,34,2402,0.014154870940882597,81.51790174854288,male,70-74,161,0.027956242403194997,0.00039571700320925477
E02002131,E08000030,7803,273933,19,2882,0.00659264399722415,51.44240111034004,female,70-74,280,0.03588363449955145,0.0002365680275820533
E02002131,E08000030,7803,273933,19,2882,0.00659264399722415,51.44240111034004,male,70-74,243,0.031141868512110725,0.00020530725250871053
E02006175,E07000196,7115,110688,15,1490,0.010067114093959731,71.62751677852349,female,70-74,164,0.023049894588896697,0.00023204591868016808
E02006175,E07000196,7115,110688,15,1490,0.010067114093959731,71.62751677852349,male,70-74,138,0.019395643007730147,0.00019525815108453168
E02006155,E07000194,5739,102062,10,2456,0.004071661237785016,23.36726384364821,female,70-74,129,0.02247778358599059,9.152192013839817e-05
E02006155,E07000194,5739,102062,10,2456,0.004071661237785016,23.36726384364821,male,70-74,155,0.027008189580066212,0.00010996819861590477
E02006129,E07000192,7951,98508,11,2006,0.005483549351944167,43.599700897308075,female,70-74,178,0.022387121116840648,0.00012276088349214711
E02006129,E07000192,7951,98508,11,2006,0.005483549351944167,43.599700897308075,male,70-74,142,0.017859388756131304,9.793283963980276e-05
E02006180,E07000196,6835,110688,36,2673,0.013468013468013467,92.05387205387206,female,70-74,169,0.024725676664228237,0.0003330057463195722
E02006180,E07000196,6835,110688,36,2673,0.013468013468013467,92.05387205387206,male,70-74,171,0.025018288222384784,0.000336946642725721
E02002043,E08000028,8799,316289,31,3725,0.00832214765100671,73.22657718120804,female,70-74,154,0.017501988862370723,0.00014565413549892412
E02002043,E08000028,8799,316289,31,3725,0.00832214765100671,73.22657718120804,male,70-74,143,0.016251846800772816,0.0001352502686775724
E02002148,E08000030,11314,273933,12,4622,0.0025962786672436176,29.37429684119429,female,70-74,359,0.03173059925755701,8.238147795125143e-05
E02002148,E08000030,11314,273933,12,4622,0.0025962786672436176,29.37429684119429,male,70-74,252,0.022273289729538626,5.78276669741375e-05
E02006126,E07000192,8412,98508,11,1815,0.006060606060606061,50.981818181818184,female,70-74,170,0.020209224916785545,0.00012248015101082148
E02006126,E07000192,8412,98508,11,1815,0.006060606060606061,50.981818181818184,male,70-74,180,0.021398002853067047,0.00012968486577616392
E02002046,E08000028,5770,316289,16,2410,0.006639004149377593,38.30705394190871,female,70-74,84,0.014558058925476604,9.665101361312268e-05
E02002046,E08000028,5770,316289,16,2410,0.006639004149377593,38.30705394190871,male,70-74,93,0.01611785095320624,0.00010700647935738581
E02002047,E08000028,6640,316289,124,3214,0.038581207218419414,256.1792159303049,female,70-74,196,0.029518072289156625,0.0011388428636762357
E02002047,E08000028,6640,316289,124,3214,0.038581207218419414,256.1792159303049,male,70-74,171,0.02575301204819277,0.0009935822943297771
E02002045,E08000028,7925,316289,34,3323,0.01023171832681312,81.08636773999399,female,70-74,166,0.020946372239747633,0.00021431738072567546
E02002045,E08000028,7925,316289,34,3323,0.01023171832681312,81.08636773999399,male,70-74,152,0.01917981072555205,0.0001962424209054378
E02002044,E08000028,7501,316289,27,3214,0.008400746733042938,63.014001244555075,female,70-74,114,0.015197973603519531,0.0001276743270986395
E02002044,E08000028,7501,316289,27,3214,0.008400746733042938,63.014001244555075,male,70-74,72,0.009598720170643914,8.06364171149302e-05
E02006178,E07000196,7888,110688,18,2689,0.00669393826701376,52.801785050204536,female,70-74,241,0.030552738336713996,0.00020451814431418815
E02006178,E07000196,7888,110688,18,2689,0.00669393826701376,52.801785050204536,male,70-74,233,0.029538539553752536,0.00019772916027056364
E02002146,E08000030,6578,273933,19,2657,0.007150922092585623,47.038765525028225,female,70-74,105,0.015962298570994224,0.00011414515349977051
E02002146,E08000030,6578,273933,19,2657,0.007150922092585623,47.038765525028225,male,70-74,99,0.015050167224080268,0.00010762257329978363
E02002110,E08000030,6695,273933,15,2592,0.005787037037037037,38.74421296296296,female,70-74,162,0.02419716206123973,0.00014002987303958177
E02002110,E08000030,6695,273933,15,2592,0.005787037037037037,38.74421296296296,male,70-74,126,0.018820014936519792,0.00010891212347523027
E02002112,E08000030,5455,273933,19,2078,0.009143407122232916,49.877285851780556,female,70-74,155,0.02841429880843263,0.00025980350209827715
E02002112,E08000030,5455,273933,19,2078,0.009143407122232916,49.877285851780556,male,70-74,150,0.027497708524289642,0.0002514227439660747
E02002113,E08000030,6555,273933,20,2632,0.007598784194528876,49.81003039513678,female,70-74,168,0.02562929061784897,0.00019475144846389794
E02002113,E08000030,6555,273933,20,2632,0.007598784194528876,49.81003039513678,male,70-74,143,0.02181540808543097,0.0001657705781567703
E02002124,E08000030,7088,273933,25,2905,0.008605851979345954,60.998278829604125,female,70-74,191,0.026946952595936796,0.00023190148533508428
E02002124,E08000030,7088,273933,25,2905,0.008605851979345954,60.998278829604125,male,70-74,167,0.023560948081264108,0.00020276203168041398
E02002114,E08000030,6027,273933,12,2486,0.004827031375703942,29.092518101367656,female,70-74,208,0.034511365521818486,0.00016658744419220507
E02002114,E08000030,6027,273933,12,2486,0.004827031375703942,29.092518101367656,male,70-74,177,0.02936784469885515,0.0001417595077981745
E02002116,E08000030,6796,273933,28,2645,0.01058601134215501,71.94253308128545,female,70-74,233,0.03428487345497351,0.0003629400592586988
E02002116,E08000030,6796,273933,28,2645,0.01058601134215501,71.94253308128545,male,70-74,217,0.03193054738081224,0.0003380171367344963
E02002138,E08000030,6485,273933,16,2394,0.006683375104427736,43.34168755221386,female,70-74,128,0.019737856592135696,0.00013191549936264458
E02002138,E08000030,6485,273933,16,2394,0.006683375104427736,43.34168755221386,male,70-74,102,0.015728604471858133,0.0001051201635546074
E02002145,E08000030,7105,273933,41,3016,0.013594164456233421,96.58653846153845,female,70-74,124,0.01745249824067558,0.0002372521312558683
E02002145,E08000030,7105,273933,41,3016,0.013594164456233421,96.58653846153845,male,70-74,106,0.014919071076706545,0.00020281230575098418
E02002147,E08000030,8031,273933,66,3184,0.0207286432160804,166.4717336683417,female,70-74,158,0.019673764163865022,0.00040781043807006643
E02002147,E08000030,8031,273933,66,3184,0.0207286432160804,166.4717336683417,male,70-74,139,0.0173079317644129,0.00035876994235277995
E02002119,E08000030,5943,273933,23,2452,0.009380097879282219,55.74592169657423,female,70-74,187,0.03146558976947669,0.0002951503118670326
E02002119,E08000030,5943,273933,23,2452,0.009380097879282219,55.74592169657423,male,70-74,133,0.02237926972909305,0.00020991974052575048
E02002117,E08000030,6391,273933,22,2461,0.008939455505891914,57.132060138155225,female,70-74,158,0.024722265686121108,0.00022100359410591808
E02002117,E08000030,6391,273933,22,2461,0.008939455505891914,57.132060138155225,male,70-74,130,0.020341104678454076,0.00018183840021373008
E02002132,E08000030,6479,273933,39,2806,0.013898788310762652,90.05024946543122,female,70-74,119,0.018367031949374904,0.0002552794889613761
E02002132,E08000030,6479,273933,39,2806,0.013898788310762652,90.05024946543122,male,70-74,107,0.016514894273807687,0.00022953701948627935
E02002139,E08000030,9513,273933,49,4150,0.011807228915662651,112.3221686746988,female,70-74,119,0.012509197939661517,0.00014769896362491912
E02002139,E08000030,9513,273933,49,4150,0.011807228915662651,112.3221686746988,male,70-74,105,0.011037527593818985,0.00013032261496316393
E02002136,E08000030,7706,273933,44,3044,0.01445466491458607,111.38764783180027,female,70-74,121,0.01570205035037633,0.00022696787628664867
E02002136,E08000030,7706,273933,44,3044,0.01445466491458607,111.38764783180027,male,70-74,117,0.015182974305735791,0.00021946480599618095
E02002118,E08000030,7347,273933,27,3045,0.008866995073891626,65.14581280788178,female,70-74,143,0.01946372669116646,0.00017258476869014597
E02002118,E08000030,7347,273933,27,3045,0.008866995073891626,65.14581280788178,male,70-74,134,0.01823873689941473,0.00016172279024111584
E02002128,E08000030,5558,273933,17,2321,0.007324429125376993,40.70917707884533,female,70-74,183,0.03292551277437927,0.0002411605847326358
E02002128,E08000030,5558,273933,17,2321,0.007324429125376993,40.70917707884533,male,70-74,170,0.030586541921554515,0.00022402895849479826
E02002142,E08000030,6831,273933,27,2814,0.009594882729211088,65.54264392324095,female,70-74,94,0.01376079636949202,0.00013203322742582962
E02002142,E08000030,6831,273933,27,2814,0.009594882729211088,65.54264392324095,male,70-74,93,0.013614404918752744,0.00013062861862342718
E02002123,E08000030,6475,273933,29,2966,0.009777478084962913,63.30917060013486,female,70-74,206,0.03181467181467181,0.0003110672564482409
E02002123,E08000030,6475,273933,29,2966,0.009777478084962913,63.30917060013486,male,70-74,160,0.02471042471042471,0.00024160563607630362
E02002144,E08000030,6676,273933,16,2662,0.006010518407212622,40.126220886551465,female,70-74,226,0.03385260635110845,0.00020347171360546025
E02002144,E08000030,6676,273933,16,2662,0.006010518407212622,40.126220886551465,male,70-74,197,0.02950868783702816,0.00017736251141714897
E02002133,E08000030,6723,273933,23,2899,0.00793377026560883,53.338737495688164,female,70-74,129,0.019187862561356538,0.00015223209344987937
E02002133,E08000030,6723,273933,23,2899,0.00793377026560883,53.338737495688164,male,70-74,150,0.022311468094600623,0.00017701406215102252
E02002125,E08000030,6150,273933,21,2579,0.0081426909654905,50.07754943776657,female,70-74,129,0.020975609756097562,0.00017079790805663
E02002125,E08000030,6150,273933,21,2579,0.0081426909654905,50.07754943776657,male,70-74,108,0.0175609756097561,0.00014299359744276
E02002111,E08000030,6159,273933,24,2566,0.009353078721745909,57.60561184723305,female,70-74,173,0.02808897548303296,0.0002627183989059981
E02002111,E08000030,6159,273933,24,2566,0.009353078721745909,57.60561184723305,male,70-74,155,0.025166423120636466,0.0002353835365920792
E02002122,E08000030,5626,273933,26,2451,0.010607915136678907,59.68013055895553,female,70-74,79,0.01404194809811589,0.00014895579377846314
E02002122,E08000030,5626,273933,26,2451,0.010607915136678907,59.68013055895553,male,70-74,104,0.01848560255954497,0.00019609370320202742
E02002115,E08000030,6774,273933,19,2716,0.006995581737849779,47.388070692194404,female,70-74,192,0.0283436669619132,0.0001982804389824561
E02002115,E08000030,6774,273933,19,2716,0.006995581737849779,47.388070692194404,male,70-74,163,0.024062592264540893,0.00016833183101114764
E02002143,E08000030,10020,273933,34,3975,0.008553459119496854,85.70566037735848,female,70-74,136,0.013572854291417165,0.00011609485431652417
E02002143,E08000030,10020,273933,34,3975,0.008553459119496854,85.70566037735848,male,70-74,113,0.011277445109780439,9.64611657188767e-05
E02002130,E08000030,6711,273933,30,2715,0.011049723756906077,74.15469613259668,female,70-74,132,0.019669199821189094,0.0002173392245435259
E02002130,E08000030,6711,273933,30,2715,0.011049723756906077,74.15469613259668,male,70-74,94,0.014006854418119505,0.00015477187202341994
E02002126,E08000030,6701,273933,25,2766,0.009038322487346349,60.565798987707886,female,70-74,121,0.018057006416952695,0.00016320504715250085
E02002126,E08000030,6701,273933,25,2766,0.009038322487346349,60.565798987707886,male,70-74,84,0.012535442471272945,0.00011329937157694275
E02002127,E08000030,8612,273933,33,3788,0.008711721224920803,75.02534318901796,female,70-74,116,0.013469577333952624,0.00011734320275090724
E02002127,E08000030,8612,273933,33,3788,0.008711721224920803,75.02534318901796,male,70-74,115,0.013353460287970274,0.0001163316234168477
E02002121,E08000030,6502,273933,27,2956,0.009133964817320704,59.38903924221922,female,70-74,132,0.02030144570901261,0.00018543269084686756
E02002121,E08000030,6502,273933,27,2956,0.009133964817320704,59.38903924221922,male,70-74,124,0.019071055059981544,0.0001741943459470574
E02002140,E08000030,8199,273933,27,3608,0.007483370288248337,61.35615299334812,female,70-74,139,0.01695328698621783,0.00012686772412080972
E02002140,E08000030,8199,273933,27,3608,0.007483370288248337,61.35615299334812,male,70-74,136,0.01658738870593975,0.00012412957180165556
E02002135,E08000030,7467,273933,29,3125,0.00928,69.29376,female,70-74,90,0.012053033346725592,0.0001118521494576135
E02002135,E08000030,7467,273933,29,3125,0.00928,69.29376,male,70-74,96,0.012856568903173965,0.0001193089594214544
E02006122,E07000192,6630,98508,8,1372,0.0058309037900874635,38.65889212827988,female,70-74,143,0.021568627450980392,0.00012576459155090608
E02006122,E07000192,6630,98508,8,1372,0.0058309037900874635,38.65889212827988,male,70-74,134,0.020211161387631977,0.00011784933753721269
E02006151,E07000194,8781,102062,18,3519,0.005115089514066497,44.915601023017906,female,70-74,263,0.029951030634324107,0.00015320220273311566
E02006151,E07000194,8781,102062,18,3519,0.005115089514066497,44.915601023017906,male,70-74,236,0.026876209998861176,0.00013747421994302392
E02006128,E07000192,8441,98508,11,2021,0.0054428500742206825,45.94309747649678,female,70-74,246,0.029143466413932,0.00015862351833411775
E02006128,E07000192,8441,98508,11,2021,0.0054428500742206825,45.94309747649678,male,70-74,244,0.028906527662599216,0.00015733389623384035
E02002160,E08000031,7038,253250,36,2718,0.013245033112582781,93.21854304635761,female,70-74,180,0.02557544757033248,0.00033874764993817855
E02002160,E08000031,7038,253250,36,2718,0.013245033112582781,93.21854304635761,male,70-74,153,0.021739130434782608,0.00028793550244745177
E02002049,E08000028,6318,316289,724,2583,0.2802942315137437,1770.8989547038327,female,70-74,136,0.021525799303577082,0.006033557373515218
E02002049,E08000028,6318,316289,724,2583,0.2802942315137437,1770.8989547038327,male,70-74,120,0.01899335232668566,0.005323727094278133
E02002170,E08000031,6261,253250,38,2340,0.01623931623931624,101.67435897435898,female,70-74,148,0.02363839642229676,0.0003838713948919987
E02002170,E08000031,6261,253250,38,2340,0.01623931623931624,101.67435897435898,male,70-74,140,0.02236064526433477,0.00036312158976270145
E02002175,E08000031,7269,253250,73,3164,0.02307206068268015,167.710809102402,female,70-74,127,0.01747145412023662,0.00040310244967676145
E02002175,E08000031,7269,253250,73,3164,0.02307206068268015,167.710809102402,male,70-74,138,0.018984729673957902,0.0004380168350818353
E02006156,E07000194,7668,102062,8,3055,0.002618657937806874,20.07986906710311,female,70-74,275,0.035863328116849245,9.391378884935973e-05
E02006156,E07000194,7668,102062,8,3055,0.002618657937806874,20.07986906710311,male,70-74,267,0.03482003129890454,9.118175135556019e-05
E02002153,E08000031,7380,253250,46,2996,0.015353805073431242,113.31108144192257,female,70-74,222,0.03008130081300813,0.0004618624290381756
E02002153,E08000031,7380,253250,46,2996,0.015353805073431242,113.31108144192257,male,70-74,179,0.024254742547425476,0.0003724025891794299
E02002052,E08000028,11268,316289,59,4711,0.012523880280195288,141.1190829972405,female,70-74,206,0.01828186013489528,0.00022895982762870335
E02002052,E08000028,11268,316289,59,4711,0.012523880280195288,141.1190829972405,male,70-74,174,0.0154419595314164,0.00019339325246307953
E02002055,E08000028,9306,316289,59,3933,0.015001271294177472,139.60183066361554,female,70-74,179,0.01923490221362562,0.0002885479864235727
E02002055,E08000028,9306,316289,59,3933,0.015001271294177472,139.60183066361554,male,70-74,127,0.013647109391790244,0.00020472399036756278
E02002048,E08000028,6531,316289,8,2546,0.003142183817753339,20.521602513747055,female,70-74,194,0.029704486296126167,9.333695615436345e-05
E02002048,E08000028,6531,316289,8,2546,0.003142183817753339,20.521602513747055,male,70-74,181,0.027713979482468228,8.708241785535972e-05
E02002171,E08000031,7412,253250,63,2973,0.02119071644803229,157.06559031281535,female,70-74,159,0.021451699946033458,0.0004545768908846646
E02002171,E08000031,7412,253250,63,2973,0.02119071644803229,157.06559031281535,male,70-74,199,0.026848354020507285,0.0005689358571449576
E02002181,E08000031,7544,253250,194,2860,0.06783216783216783,511.72587412587416,female,70-74,167,0.02213679745493107,0.0015015869602295901
E02002181,E08000031,7544,253250,194,2860,0.06783216783216783,511.72587412587416,male,70-74,128,0.016967126193001062,0.001150916951553219
E02002051,E08000028,5608,316289,511,2576,0.1983695652173913,1112.4565217391305,female,70-74,107,0.019079885877318115,0.003784868665881039
E02002051,E08000028,5608,316289,511,2576,0.1983695652173913,1112.4565217391305,male,70-74,94,0.016761768901569187,0.0033250248092786703
E02006810,E08000028,10065,316289,36,4151,0.008672609009877139,87.2898096844134,female,70-74,284,0.02821659215101838,0.0002447114713169506
E02006810,E08000028,10065,316289,36,4151,0.008672609009877139,87.2898096844134,male,70-74,238,0.023646299056135123,0.00020507510624448674
E02006124,E07000192,7632,98508,8,1666,0.004801920768307323,36.64825930372149,female,70-74,137,0.017950733752620546,8.619800121306383e-05
E02006124,E07000192,7632,98508,8,1666,0.004801920768307323,36.64825930372149,male,70-74,129,0.01690251572327044,8.116454128821339e-05
E02006202,E07000197,8878,132044,10,1780,0.0056179775280898875,49.87640449438202,female,70-74,268,0.030186979049335434,0.0001695897699400867
E02006202,E07000197,8878,132044,10,1780,0.0056179775280898875,49.87640449438202,male,70-74,273,0.03075016895697229,0.0001727537581852376
E02006186,E07000196,12377,110688,2790,4611,0.605074821080026,7489.0110605074815,female,70-74,394,0.03183323907247314,0.019261491436174377
E02006186,E07000196,12377,110688,2790,4611,0.605074821080026,7489.0110605074815,male,70-74,349,0.028197463036276967,0.01706157490158593
E02002071,E08000028,6650,316289,1140,2828,0.4031117397454031,2680.6930693069307,female,70-74,147,0.022105263157894735,0.00891089108910891
E02002071,E08000028,6650,316289,1140,2828,0.4031117397454031,2680.6930693069307,male,70-74,150,0.022556390977443608,0.009092746009294807
E02001886,E08000025,9196,1101521,15,3600,0.004166666666666667,38.31666666666666,female,70-74,128,0.013919095258808177,5.799623024503407e-05
E02001886,E08000025,9196,1101521,15,3600,0.004166666666666667,38.31666666666666,male,70-74,126,0.0137016093953893,5.7090039147455416e-05
E02002067,E08000028,5450,316289,1329,2304,0.5768229166666666,3143.684895833333,female,70-74,199,0.036513761467889906,0.0210619743883792
E02002067,E08000028,5450,316289,1329,2304,0.5768229166666666,3143.684895833333,male,70-74,145,0.026605504587155965,0.015346664755351682
E02002014,E08000027,7170,315653,2764,3215,0.8597200622083981,6164.192846034215,female,70-74,115,0.01603905160390516,0.013789094442673053
E02002014,E08000027,7170,315653,2764,3215,0.8597200622083981,6164.192846034215,male,70-74,122,0.01701534170153417,0.014628430626140108
E02002031,E08000027,5952,315653,1897,2242,0.8461195361284567,5036.103479036574,female,70-74,87,0.014616935483870967,0.012367674671232481
E02002031,E08000027,5952,315653,1897,2242,0.8461195361284567,5036.103479036574,male,70-74,106,0.017809139784946238,0.015068661093685555
E02002032,E08000027,10187,315653,3407,4176,0.8158524904214559,8311.08931992337,female,70-74,180,0.017669578875036812,0.01441576992989713
E02002032,E08000027,10187,315653,3407,4176,0.8158524904214559,8311.08931992337,male,70-74,181,0.01776774320212035,0.014495857540618782
E02002001,E08000027,6002,315653,1811,2412,0.7508291873963516,4506.476782752902,female,70-74,164,0.02732422525824725,0.02051582584688465
E02002001,E08000027,6002,315653,1811,2412,0.7508291873963516,4506.476782752902,male,70-74,135,0.022492502499166945,0.016888027373959925
E02002077,E08000028,10521,316289,3346,4614,0.7251842219332466,7629.663198959687,female,70-74,214,0.020340271837277827,0.014750444206227049
E02002077,E08000028,10521,316289,3346,4614,0.7251842219332466,7629.663198959687,male,70-74,206,0.019579887843360896,0.014199025731227905
E02001900,E08000025,7094,1101521,8,2566,0.003117692907248636,22.116913484021826,female,70-74,111,0.015647025655483506,4.878262090563837e-05
E02001900,E08000025,7094,1101521,8,2566,0.003117692907248636,22.116913484021826,male,70-74,117,0.016492810826050183,5.141951933297017e-05
E02006181,E07000196,5700,110688,41,2088,0.019636015325670497,111.92528735632183,female,70-74,155,0.027192982456140352,0.000533961820259461
E02006181,E07000196,5700,110688,41,2088,0.019636015325670497,111.92528735632183,male,70-74,156,0.02736842105263158,0.0005374067352288768
E02001879,E08000025,10994,1101521,20,4424,0.0045207956600361665,49.701627486437616,female,70-74,102,0.009277787884300528,4.194298320208195e-05
E02001879,E08000025,10994,1101521,20,4424,0.0045207956600361665,49.701627486437616,male,70-74,94,0.008550118246316173,3.8653337460742195e-05
E02001866,E08000025,8949,1101521,8,3671,0.002179242713157178,19.502043040043585,female,70-74,91,0.01016873393675271,2.2160139333702445e-05
E02001866,E08000025,8949,1101521,8,3671,0.002179242713157178,19.502043040043585,male,70-74,76,0.008492569002123142,1.8507369113861384e-05
E02002008,E08000027,8544,315653,2480,2912,0.8516483516483516,7276.483516483516,female,70-74,156,0.018258426966292134,0.01554975922953451
E02002008,E08000027,8544,315653,2480,2912,0.8516483516483516,7276.483516483516,male,70-74,123,0.014396067415730338,0.012260387084825287
E02002004,E08000027,7541,315653,2747,3237,0.8486252703120173,6399.483163422922,female,70-74,162,0.02148256199443045,0.018230644979518207
E02002004,E08000027,7541,315653,2747,3237,0.8486252703120173,6399.483163422922,male,70-74,128,0.016973876143747513,0.014404460230730434
E02002167,E08000031,6614,253250,90,2412,0.03731343283582089,246.79104477611938,female,70-74,210,0.031750831569398244,0.001184732521246203
E02002167,E08000031,6614,253250,90,2412,0.03731343283582089,246.79104477611938,male,70-74,181,0.027366192924100394,0.001021126601645537
E02006182,E07000196,6858,110688,47,2192,0.02144160583941606,147.04653284671534,female,70-74,235,0.03426655001458151,0.0007347298588892934
E02006182,E07000196,6858,110688,47,2192,0.02144160583941606,147.04653284671534,male,70-74,231,0.0336832895888014,0.0007222238187379863
E02002079,E08000028,8081,316289,153,3774,0.04054054054054054,327.6081081081081,female,70-74,182,0.022521965103328795,0.0009130526393241404
E02002079,E08000028,8081,316289,153,3774,0.04054054054054054,327.6081081081081,male,70-74,133,0.016458359113971043,0.000667230774890718
E02001861,E08000025,10383,1101521,8,4006,0.00199700449326011,20.73489765351972,female,70-74,118,0.011364730809977849,2.2695418492217373e-05
E02001861,E08000025,10383,1101521,8,4006,0.00199700449326011,20.73489765351972,male,70-74,97,0.009342193970913994,1.8656403336822754e-05
E02002025,E08000027,7828,315653,1831,3361,0.5447783397798275,4264.524843796489,female,70-74,153,0.019545222278998468,0.01064781374378048
E02002025,E08000027,7828,315653,1831,3361,0.5447783397798275,4264.524843796489,male,70-74,174,0.02222789984670414,0.012109278375279763
E02002162,E08000031,7547,253250,87,2826,0.03078556263269639,232.33864118895966,female,70-74,275,0.0364383198621969,0.0011217741783478875
E02002162,E08000031,7547,253250,87,2826,0.03078556263269639,232.33864118895966,male,70-74,220,0.02915065588975752,0.00089741934267831
E02002010,E08000027,7321,315653,3068,3523,0.8708487084870848,6375.483394833948,female,70-74,146,0.019942630788143696,0.017367014265689713
E02002010,E08000027,7321,315653,3068,3523,0.8708487084870848,6375.483394833948,male,70-74,139,0.0189864772572053,0.016534349198156644
E02001873,E08000025,11051,1101521,12,4852,0.00247320692497939,27.33140972794724,female,70-74,108,0.009772871233372546,2.417033281130885e-05
E02001873,E08000025,11051,1101521,12,4852,0.00247320692497939,27.33140972794724,male,70-74,107,0.009682381684915392,2.394653343342636e-05
E02002073,E08000028,7623,316289,34,3367,0.010098010098010098,76.97713097713097,female,70-74,167,0.02190738554374918,0.00022122100044177963
E02002073,E08000028,7623,316289,34,3367,0.010098010098010098,76.97713097713097,male,70-74,146,0.01915256460711006,0.00019340279080538818
E02002161,E08000031,6390,253250,29,2544,0.01139937106918239,72.84198113207546,female,70-74,68,0.010641627543035994,0.00012130786114309898
E02002161,E08000031,6390,253250,29,2544,0.01139937106918239,72.84198113207546,male,70-74,82,0.012832550860719875,0.0001462830090255017
E02002174,E08000031,7479,253250,127,2806,0.04526015680684248,338.5007127583749,female,70-74,177,0.023666265543521862,0.0010711388895321727
E02002174,E08000031,7479,253250,127,2806,0.04526015680684248,338.5007127583749,male,70-74,143,0.0191202032357267,0.0008653833966276874
E02002164,E08000031,7261,253250,33,2344,0.014078498293515358,102.22397610921502,female,70-74,70,0.009640545379424322,0.0001357244016727827
E02002164,E08000031,7261,253250,33,2344,0.014078498293515358,102.22397610921502,male,70-74,66,0.009089657072028646,0.0001279687215771951
E02002076,E08000028,10852,316289,28,4164,0.0067243035542747355,72.97214217098943,female,70-74,139,0.012808698857353484,8.612957925213678e-05
E02002076,E08000028,10852,316289,28,4164,0.0067243035542747355,72.97214217098943,male,70-74,123,0.011334316255068191,7.621538307922894e-05
E02001857,E08000025,13611,1101521,14,5507,0.002542218994007627,34.60214272743781,female,70-74,143,0.010506208213944603,2.6709082076488914e-05
E02001857,E08000025,13611,1101521,14,5507,0.002542218994007627,34.60214272743781,male,70-74,145,0.010653148188964809,2.7082635671964288e-05
E02002176,E08000031,7652,253250,160,3000,0.05333333333333334,408.1066666666667,female,70-74,192,0.02509147935180345,0.0013382122320961842
E02002176,E08000031,7652,253250,160,3000,0.05333333333333334,408.1066666666667,male,70-74,167,0.021824359644537376,0.00116396584770866
E02002005,E08000027,8668,315653,3163,3831,0.8256329939963456,7156.586791960323,female,70-74,179,0.02065066912782649,0.017049873780035286
E02002005,E08000027,8668,315653,3163,3831,0.8256329939963456,7156.586791960323,male,70-74,188,0.02168897092754961,0.01790713000361248
E02002074,E08000028,8186,316289,66,3525,0.01872340425531915,153.26978723404255,female,70-74,169,0.02064500366479355,0.00038654474946847497
E02002074,E08000028,8186,316289,66,3525,0.01872340425531915,153.26978723404255,male,70-74,162,0.0197898851698021,0.00037053402020055
E02002075,E08000028,8887,316289,1645,3984,0.41290160642570284,3669.456576305221,female,70-74,174,0.01957916057162147,0.008084266852489287
E02002075,E08000028,8887,316289,1645,3984,0.41290160642570284,3669.456576305221,male,70-74,183,0.02059187577360189,0.008502418586238732
E02001858,E08000025,8646,1101521,8,3191,0.0025070510811657787,21.67596364775932,female,70-74,96,0.011103400416377515,2.7836792018495807e-05
E02001858,E08000025,8646,1101521,8,3191,0.0025070510811657787,21.67596364775932,male,70-74,118,0.01364792967846403,3.4216056856067765e-05
E02002150,E08000031,5718,253250,27,2139,0.012622720897615708,72.17671809256662,female,70-74,101,0.017663518712836657,0.00022296166678194938
E02002150,E08000031,5718,253250,27,2139,0.012622720897615708,72.17671809256662,male,70-74,101,0.017663518712836657,0.00022296166678194938
E02002154,E08000031,5629,253250,34,2198,0.015468607825295723,87.07279344858962,female,70-74,93,0.016521584650914904,0.000255565913617428
E02002154,E08000031,5629,253250,34,2198,0.015468607825295723,87.07279344858962,male,70-74,78,0.013856812933025405,0.00021434560496945575
E02001862,E08000025,10446,1101521,19,4254,0.004466384579219558,46.655853314527505,female,70-74,117,0.011200459506031017,5.002555961791004e-05
E02001862,E08000025,10446,1101521,19,4254,0.004466384579219558,46.655853314527505,male,70-74,91,0.008711468504690791,3.890876859170781e-05
E02002180,E08000031,6437,253250,436,2514,0.17342879872712808,1116.3611774065234,female,70-74,152,0.02361348454248874,0.0040952582579654295
E02002180,E08000031,6437,253250,436,2514,0.17342879872712808,1116.3611774065234,male,70-74,148,0.022992077054528506,0.003987488303808444
E02002169,E08000031,8665,253250,103,3248,0.031711822660098525,274.78294334975374,female,70-74,234,0.02700519330640508,0.0008563839010343975
E02002169,E08000031,8665,253250,103,3248,0.031711822660098525,274.78294334975374,male,70-74,220,0.025389497980380843,0.000805147257382767
E02002066,E08000028,7403,316289,67,3279,0.020433058859408357,151.26593473620008,female,70-74,124,0.016749966229906793,0.0003422530458687878
E02002066,E08000028,7403,316289,67,3279,0.020433058859408357,151.26593473620008,male,70-74,128,0.01729028772119411,0.0003532934667032648
E02002003,E08000027,9101,315653,2767,3902,0.7091235263967196,6453.733213736545,female,70-74,248,0.027249752774420394,0.019323440780835782
E02002003,E08000027,9101,315653,2767,3902,0.7091235263967196,6453.733213736545,male,70-74,216,0.023733655642237117,0.016830093583308586
E02002165,E08000031,7660,253250,52,2814,0.01847903340440654,141.54939587775408,female,70-74,111,0.014490861618798955,0.0002677771159124185
E02002165,E08000031,7660,253250,52,2814,0.01847903340440654,141.54939587775408,male,70-74,97,0.012663185378590078,0.0002340034256171585
E02002069,E08000028,6634,316289,455,2932,0.15518417462482947,1029.4918144611188,female,70-74,157,0.023665963219776907,0.003672582968962651
E02002069,E08000028,6634,316289,455,2932,0.15518417462482947,1029.4918144611188,male,70-74,176,0.026529996985227615,0.004117035684951762
E02002151,E08000031,5868,253250,28,2104,0.013307984790874524,78.09125475285171,female,70-74,94,0.016019086571233812,0.0002131817604536819
E02002151,E08000031,5868,253250,28,2104,0.013307984790874524,78.09125475285171,male,70-74,66,0.011247443762781187,0.00014968081053130856
E02002157,E08000031,7644,253250,52,2645,0.019659735349716444,150.2790170132325,female,70-74,183,0.023940345368916798,0.000470660854133714
E02002157,E08000031,7644,253250,52,2645,0.019659735349716444,150.2790170132325,male,70-74,141,0.018445839874411302,0.000362640330234173
E02002159,E08000031,5964,253250,39,2249,0.017341040462427744,103.42196531791906,female,70-74,93,0.015593561368209255,0.00027040857863946683
E02002159,E08000031,5964,253250,39,2249,0.017341040462427744,103.42196531791906,male,70-74,71,0.011904761904761904,0.00020644095788604455
E02001844,E08000025,9936,1101521,9,4181,0.0021525950729490554,21.388184644821816,female,70-74,263,0.02646940418679549,5.6977909036393076e-05
E02001844,E08000025,9936,1101521,9,4181,0.0021525950729490554,21.388184644821816,male,70-74,195,0.0196256038647343,4.2245978182877e-05
E02002182,E08000031,6646,253250,769,2842,0.2705840957072484,1798.3019000703728,female,70-74,116,0.017454107733975325,0.004722803957574604
E02002182,E08000031,6646,253250,769,2842,0.2705840957072484,1798.3019000703728,male,70-74,126,0.018958772193800783,0.00512994222977931
E02001850,E08000025,8434,1101521,8,3079,0.0025982461838259174,21.913608314387787,female,70-74,181,0.021460754090585725,5.576032241789081e-05
E02001850,E08000025,8434,1101521,8,3079,0.0025982461838259174,21.913608314387787,male,70-74,137,0.01624377519563671,4.220532691298918e-05
E02002155,E08000031,6227,253250,22,2531,0.00869221651521138,54.12643224022126,female,70-74,101,0.016219688453508914,0.0001409850438471735
E02002155,E08000031,6227,253250,22,2531,0.00869221651521138,54.12643224022126,male,70-74,61,0.009796049462020234,8.514938291759983e-05
E02001837,E08000025,10601,1101521,8,4727,0.0016924053310767928,17.94118891474508,female,70-74,185,0.017451183850580133,2.953447658232305e-05
E02001837,E08000025,10601,1101521,8,4727,0.0016924053310767928,17.94118891474508,male,70-74,143,0.01348929346288086,2.28293521690389e-05
E02002000,E08000027,7828,315653,1919,3360,0.5711309523809524,4470.813095238095,female,70-74,175,0.022355646397547266,0.012768001618122976
E02002000,E08000027,7828,315653,1919,3360,0.5711309523809524,4470.813095238095,male,70-74,142,0.018140010219724067,0.010360321312991215
E02002149,E08000031,10130,253250,46,3910,0.011764705882352941,119.17647058823529,female,70-74,258,0.025468904244817375,0.0002996341675860868
E02002149,E08000031,10130,253250,46,3910,0.011764705882352941,119.17647058823529,male,70-74,220,0.02171767028627838,0.0002555020033679809
E02006176,E07000196,7483,110688,20,2057,0.009722897423432183,72.75644141954302,female,70-74,246,0.03287451556862221,0.0003196355427187381
E02006176,E07000196,7483,110688,20,2057,0.009722897423432183,72.75644141954302,male,70-74,237,0.031671789389282376,0.00030794155944854033
E02002156,E08000031,8211,253250,45,3261,0.013799448022079117,113.30726770929162,female,70-74,170,0.020703933747412008,0.00028570285759998174
E02002156,E08000031,8211,253250,45,3261,0.013799448022079117,113.30726770929162,male,70-74,168,0.020460358056265986,0.0002823416475105702
E02002152,E08000031,6251,253250,37,2675,0.013831775700934579,86.46242990654206,female,70-74,93,0.014877619580867061,0.0002057838970063855
E02002152,E08000031,6251,253250,37,2675,0.013831775700934579,86.46242990654206,male,70-74,88,0.014077747560390338,0.00019472024662969812
E02002063,E08000028,9625,316289,1050,3929,0.26724357342835325,2572.2193942479003,female,70-74,147,0.015272727272727273,0.004081538212360305
E02002063,E08000028,9625,316289,1050,3929,0.26724357342835325,2572.2193942479003,male,70-74,118,0.01225974025974026,0.003276336796316435
E02002070,E08000028,9356,316289,32,4370,0.007322654462242563,68.51075514874142,female,70-74,192,0.020521590423257803,0.000150272515685183
E02002070,E08000028,9356,316289,32,4370,0.007322654462242563,68.51075514874142,male,70-74,134,0.014322359982898675,0.00010487769323861731
E02002064,E08000028,12292,316289,1836,4906,0.374235629841011,4600.104362005707,female,70-74,235,0.019118125610152945,0.00715468377909515
E02002064,E08000028,12292,316289,1836,4906,0.374235629841011,4600.104362005707,male,70-74,219,0.017816465994142532,0.006667556372858885
E02006179,E07000196,8820,110688,26,2574,0.010101010101010102,89.0909090909091,female,70-74,232,0.026303854875283448,0.0002656955037907419
E02006179,E07000196,8820,110688,26,2574,0.010101010101010102,89.0909090909091,male,70-74,231,0.02619047619047619,0.00026455026455026457
E02002163,E08000031,11710,253250,44,4472,0.009838998211091235,115.21466905187836,female,70-74,153,0.013065755764304014,0.00012855394759154218
E02002163,E08000031,11710,253250,44,4472,0.009838998211091235,115.21466905187836,male,70-74,145,0.012382578992314262,0.00012183217255407592
E02002058,E08000028,12006,316289,1237,5355,0.23099906629318395,2773.3747899159666,female,70-74,135,0.011244377811094454,0.0025974407754106145
E02002058,E08000028,12006,316289,1237,5355,0.23099906629318395,2773.3747899159666,male,70-74,169,0.014076295185740464,0.0032516110447732877
E02002065,E08000028,12333,316289,40,5232,0.00764525993883792,94.28899082568807,female,70-74,161,0.01305440687586151,9.980433391331428e-05
E02002065,E08000028,12333,316289,40,5232,0.00764525993883792,94.28899082568807,male,70-74,132,0.01070299197275602,8.182715575501544e-05
E02002158,E08000031,7354,253250,40,3054,0.01309757694826457,96.31958087753765,female,70-74,245,0.03331520261082404,0.00043634842974229256
E02002158,E08000031,7354,253250,40,3054,0.01309757694826457,96.31958087753765,male,70-74,186,0.025292357900462335,0.0003312686038043528
E02002061,E08000028,5723,316289,28,2656,0.010542168674698794,60.3328313253012,female,70-74,119,0.0207932902323956,0.0002192063729318813
E02002061,E08000028,5723,316289,28,2656,0.010542168674698794,60.3328313253012,male,70-74,90,0.0157260178228202,0.00016578633246949005
E02006894,E08000031,13025,253250,135,4910,0.0274949083503055,358.1211812627291,female,70-74,235,0.01804222648752399,0.0004960693637099265
E02006894,E08000031,13025,253250,135,4910,0.0274949083503055,358.1211812627291,male,70-74,194,0.01489443378119002,0.00040952109174351376
E02002059,E08000028,10733,316289,44,4615,0.009534127843986998,102.32979414951245,female,70-74,207,0.0192863132395416,0.00018387817606496868
E02002059,E08000028,10733,316289,44,4615,0.009534127843986998,102.32979414951245,male,70-74,191,0.01779558371377993,0.0001696653701855508
E02001842,E08000025,7584,1101521,10,2849,0.00351000351000351,26.61986661986662,female,70-74,173,0.022811181434599155,8.006732690276994e-05
E02001842,E08000025,7584,1101521,10,2849,0.00351000351000351,26.61986661986662,male,70-74,174,0.022943037974683545,8.053014382128307e-05
E02006174,E07000196,10383,110688,12,2102,0.005708848715509039,59.27497621313035,female,70-74,308,0.029663873639603197,0.00016934656692447114
E02006174,E07000196,10383,110688,12,2102,0.005708848715509039,59.27497621313035,male,70-74,330,0.03178272175671771,0.00018144275027621908
E02002177,E08000031,9490,253250,161,3469,0.04641106947247045,440.4410492937446,female,70-74,151,0.015911485774499474,0.0007384690716905204
E02002177,E08000031,9490,253250,161,3469,0.04641106947247045,440.4410492937446,male,70-74,133,0.014014752370916754,0.0006504396459260874
E02002056,E08000028,8965,316289,1566,4445,0.3523059617547806,3158.4229471316085,female,70-74,158,0.01762409369771333,0.006209073280229262
E02002056,E08000028,8965,316289,1566,4445,0.3523059617547806,3158.4229471316085,male,70-74,169,0.018851087562744003,0.00664135053391611
E02002057,E08000028,9255,316289,2145,4624,0.4638840830449827,4293.247188581315,female,70-74,184,0.01988114532685035,0.009222546869830019
E02002057,E08000028,9255,316289,2145,4624,0.4638840830449827,4293.247188581315,male,70-74,158,0.017071853052404107,0.007919360899093168
E02002068,E08000028,12466,316289,24,5537,0.004334477153693336,54.03359219794112,female,70-74,115,0.00922509225092251,3.998595160233705e-05
E02002068,E08000028,12466,316289,24,5537,0.004334477153693336,54.03359219794112,male,70-74,74,0.0059361463179849186,2.5730090596286443e-05
E02002060,E08000028,6401,316289,64,2791,0.02293084915800788,146.78036546040843,female,70-74,116,0.018122168411185753,0.00041555671025291587
E02002060,E08000028,6401,316289,64,2791,0.02293084915800788,146.78036546040843,male,70-74,97,0.015153882205905328,0.0003474913870218348
E02002053,E08000028,6052,316289,13,2352,0.0055272108843537416,33.45068027210884,female,70-74,165,0.027263714474553866,0.00015069229939166677
E02002053,E08000028,6052,316289,13,2352,0.0055272108843537416,33.45068027210884,male,70-74,141,0.02329808327825512,0.00012877341948015162
E02002062,E08000028,7752,316289,41,3473,0.011805355600345523,91.51511661387849,female,70-74,143,0.0184468524251806,0.0002177716525863532
E02002062,E08000028,7752,316289,41,3473,0.011805355600345523,91.51511661387849,male,70-74,135,0.01741486068111455,0.0002055886230710327
E02002166,E08000031,9374,253250,65,3801,0.017100762957116548,160.3025519600105,female,70-74,226,0.024109238318754,0.00041228636956564327
E02002166,E08000031,9374,253250,65,3801,0.017100762957116548,160.3025519600105,male,70-74,195,0.02080221890334969,0.000355733814448232
E02002072,E08000028,8540,316289,131,3492,0.03751431844215349,320.3722794959908,female,70-74,176,0.020608899297423888,0.0007731288109858331
E02002072,E08000028,8540,316289,131,3492,0.03751431844215349,320.3722794959908,male,70-74,164,0.01920374707259953,0.0007204154829640717
E02002178,E08000031,8046,253250,167,2985,0.0559463986599665,450.14472361809044,female,70-74,170,0.021128511061396966,0.0011820641029324265
E02002178,E08000031,8046,253250,167,2985,0.0559463986599665,450.14472361809044,male,70-74,169,0.02100422570221228,0.001175110784679883
E02006184,E07000196,5448,110688,56,1700,0.03294117647058824,179.4635294117647,female,70-74,98,0.017988252569750368,0.0005925542022976592
E02006184,E07000196,5448,110688,56,1700,0.03294117647058824,179.4635294117647,male,70-74,88,0.016152716593245228,0.0005320894877774899
E02006183,E07000196,7502,110688,91,2432,0.03741776315789474,280.70805921052636,female,70-74,190,0.025326579578778992,0.0009476639562783258
E02006183,E07000196,7502,110688,91,2432,0.03741776315789474,280.70805921052636,male,70-74,166,0.022127432684617435,0.0008279590354852741
E02006008,E06000051,7797,310774,11,2787,0.003946896304269824,30.773950484391815,female,70-74,227,0.029113761703219186,0.00011490899846982814
E02006008,E06000051,7797,310774,11,2787,0.003946896304269824,30.773950484391815,male,70-74,213,0.027318199307425933,0.00010782209988578588
E02006009,E06000051,7325,310774,27,2987,0.009039169735520589,66.21191831268831,female,70-74,193,0.026348122866894197,0.00023816515480620798
E02006009,E06000051,7325,310774,27,2987,0.009039169735520589,66.21191831268831,male,70-74,191,0.026075085324232083,0.0002356971221139157
E02006185,E07000196,7124,110688,1799,3014,0.5968812209688122,4252.181818181818,female,70-74,221,0.03102189781021898,0.018516388241733225
E02006185,E07000196,7124,110688,1799,3014,0.5968812209688122,4252.181818181818,male,70-74,191,0.026810780460415497,0.016002851376339576
E02002007,E08000027,8924,315653,3107,3605,0.8618585298196949,7691.225520110957,female,70-74,325,0.03641864634692963,0.03138772099858817
E02002007,E08000027,8924,315653,3107,3605,0.8618585298196949,7691.225520110957,male,70-74,283,0.03171223666517257,0.027331461669539852
E02002941,E06000020,10177,169768,25,4322,0.005784359093012495,58.86742248958816,female,70-74,243,0.02387737054141692,0.00013811528540847364
E02002941,E06000020,10177,169768,25,4322,0.005784359093012495,58.86742248958816,male,70-74,239,0.02348432740493269,0.00013584178276800492
E02002080,E08000028,6839,316289,2355,3075,0.7658536585365854,5237.673170731708,female,70-74,135,0.0197397280304138,0.015117742930609595
E02002080,E08000028,6839,316289,2355,3075,0.7658536585365854,5237.673170731708,male,70-74,131,0.019154847199883022,0.014669809806739681
E02001925,E08000025,6588,1101521,11,2553,0.004308656482569526,28.385428907168038,female,70-74,135,0.020491803278688523,8.829214103626077e-05
E02001925,E08000025,6588,1101521,11,2553,0.004308656482569526,28.385428907168038,male,70-74,122,0.018518518518518517,7.978993486239863e-05
E02001890,E08000025,10590,1101521,18,3528,0.00510204081632653,54.03061224489795,female,70-74,138,0.013031161473087818,6.64855177198358e-05
E02001890,E08000025,10590,1101521,18,3528,0.00510204081632653,54.03061224489795,male,70-74,148,0.013975448536355052,7.130330885895434e-05
E02002038,E08000027,9391,315653,2749,3729,0.7371949584338965,6922.997854652722,female,70-74,257,0.02736662762219146,0.020174539912417355
E02002038,E08000027,9391,315653,2749,3729,0.7371949584338965,6922.997854652722,male,70-74,264,0.028112022148865934,0.020724040999526
E02002946,E06000020,7932,169768,24,2991,0.00802407221664995,63.6469408224674,female,70-74,141,0.01777609682299546,0.00014263668463787734
E02002946,E06000020,7932,169768,24,2991,0.00802407221664995,63.6469408224674,male,70-74,149,0.018784669692385274,0.00015072954617761504
E02002943,E06000020,10466,169768,33,4085,0.008078335373317013,84.54785801713587,female,70-74,133,0.01270781578444487,0.00010265799776907728
E02002943,E06000020,10466,169768,33,4085,0.008078335373317013,84.54785801713587,male,70-74,137,0.013090005732849226,0.0001057454563485984
E02001950,E08000025,8602,1101521,8,3466,0.002308136180034622,19.85458742065782,female,70-74,184,0.0213903743315508,4.937189689913629e-05
E02001950,E08000025,8602,1101521,8,3466,0.002308136180034622,19.85458742065782,male,70-74,151,0.01755405719600093,4.051715452048685e-05
E02002179,E08000031,6327,253250,182,2259,0.08056662239929172,509.74501992031867,female,70-74,149,0.023549865655128812,0.0018973331337908115
E02002179,E08000031,6327,253250,182,2259,0.08056662239929172,509.74501992031867,male,70-74,145,0.022917654496601866,0.0018463980161051523
E02002932,E06000020,9089,169768,14,3567,0.003924866834875245,35.673114662181106,female,70-74,164,0.018043789195731103,7.081946978980528e-05
E02002932,E06000020,9089,169768,14,3567,0.003924866834875245,35.673114662181106,male,70-74,132,0.014523049840466498,5.700103666008718e-05
E02006704,E07000234,6898,95519,9,2842,0.0031667839549612948,21.84447572132301,female,70-74,212,0.030733545955349377,9.732650021046601e-05
E02006704,E07000234,6898,95519,9,2842,0.0031667839549612948,21.84447572132301,male,70-74,180,0.02609452015076834,8.263570772586736e-05
E02006046,E06000051,8908,310774,21,3364,0.00624256837098692,55.608799048751486,female,70-74,311,0.03491243825774585,0.00021794328282183795
E02006046,E06000051,8908,310774,21,3364,0.00624256837098692,55.608799048751486,male,70-74,290,0.032555006735518636,0.0002032268553644148
E02006011,E06000051,5892,310774,35,2308,0.015164644714038129,89.35008665511265,female,70-74,188,0.031907671418873046,0.0004838685007194786
E02006011,E06000051,5892,310774,35,2308,0.015164644714038129,89.35008665511265,male,70-74,198,0.03360488798370672,0.0005096061869279615
E02006043,E06000051,6881,310774,9,2630,0.0034220532319391636,23.547148288973386,female,70-74,205,0.029792181368987068,0.00010195043054025994
E02006043,E06000051,6881,310774,9,2630,0.0034220532319391636,23.547148288973386,male,70-74,216,0.03139078622293271,0.00010742094144729825
E02006013,E06000051,7636,310774,234,3144,0.07442748091603053,568.3282442748092,female,70-74,254,0.03326348873755893,0.002475717673215264
E02006013,E06000051,7636,310774,234,3144,0.07442748091603053,568.3282442748092,male,70-74,281,0.03679937139863803,0.002738884512494052
E02002948,E06000020,7031,169768,13,2761,0.004708438971387179,33.105034407823254,female,70-74,82,0.011662636893756222,5.491281405969971e-05
E02002948,E06000020,7031,169768,13,2761,0.004708438971387179,33.105034407823254,male,70-74,94,0.013369364244062012,6.294883562941187e-05
E02002947,E06000020,6762,169768,17,2744,0.00619533527696793,41.892857142857146,female,70-74,109,0.01611949127477078,9.986565294136415e-05
E02002947,E06000020,6762,169768,17,2744,0.00619533527696793,41.892857142857146,male,70-74,119,0.017598343685300208,0.00010902763944974619
E02006045,E06000051,11048,310774,9,4637,0.0019409100711667026,21.44317446624973,female,70-74,397,0.035934105720492396,6.974486769127272e-05
E02006045,E06000051,11048,310774,9,4637,0.0019409100711667026,21.44317446624973,male,70-74,319,0.02887400434467777,5.604184582749621e-05
E02002950,E06000020,5501,169768,15,2409,0.0062266500622665,34.25280199252802,female,70-74,140,0.025449918196691512,0.00015846773472410653
E02002950,E06000020,5501,169768,15,2409,0.0062266500622665,34.25280199252802,male,70-74,160,0.029085620796218868,0.00018110598254183604
E02006010,E06000051,11572,310774,39,4282,0.00910789350770668,105.39654367118169,female,70-74,310,0.026788800553059107,0.00024398954263645615
E02006010,E06000051,11572,310774,39,4282,0.00910789350770668,105.39654367118169,male,70-74,321,0.02773937089526443,0.00025264723608484655
E02006014,E06000051,9310,310774,60,3559,0.01685866816521495,156.9542006181512,female,70-74,299,0.032116004296455426,0.0005414330592265597
E02006014,E06000051,9310,310774,60,3559,0.01685866816521495,156.9542006181512,male,70-74,327,0.035123523093447906,0.0005921358206257023
E02002936,E06000020,8985,169768,13,3588,0.0036231884057971015,32.55434782608695,female,70-74,123,0.013689482470784642,4.959957416950957e-05
E02002936,E06000020,8985,169768,13,3588,0.0036231884057971015,32.55434782608695,male,70-74,113,0.012576516416249305,4.55670884646714e-05
E02002937,E06000020,10271,169768,19,3808,0.004989495798319327,51.247111344537814,female,70-74,260,0.025313990848018695,0.00012630405097488318
E02002937,E06000020,10271,169768,19,3808,0.004989495798319327,51.247111344537814,male,70-74,270,0.026287605880634796,0.00013116189908930176
E02002934,E06000020,5973,169768,8,2312,0.0034602076124567475,20.667820069204154,female,70-74,112,0.018751046375355768,6.488251340953553e-05
E02002934,E06000020,5973,169768,8,2312,0.0034602076124567475,20.667820069204154,male,70-74,94,0.01573748535074502,5.4454966611574464e-05
E02002931,E06000020,6673,169768,12,2265,0.005298013245033113,35.35364238410596,female,70-74,184,0.027573804885358908,0.00014608638349859025
E02002931,E06000020,6673,169768,12,2265,0.005298013245033113,35.35364238410596,male,70-74,151,0.022628502922223886,0.00011988610819721263
E02002949,E06000020,5179,169768,19,2064,0.009205426356589148,47.6749031007752,female,70-74,140,0.02703224560726009,0.00024884334619086325
E02002949,E06000020,5179,169768,19,2064,0.009205426356589148,47.6749031007752,male,70-74,125,0.024135933577910794,0.00022218155909898505
E02002933,E06000020,8266,169768,8,3198,0.0025015634771732333,20.677923702313947,female,70-74,238,0.028792644568110332,7.202662806281508e-05
E02002933,E06000020,8266,169768,8,3198,0.0025015634771732333,20.677923702313947,male,70-74,195,0.02359061214614082,5.901341374894514e-05
E02006012,E06000051,6249,310774,51,2517,0.02026221692491061,126.6185935637664,female,70-74,211,0.0337654024643943,0.0006841619092904686
E02006012,E06000051,6249,310774,51,2517,0.02026221692491061,126.6185935637664,male,70-74,184,0.029444711153784605,0.0005966151246893187
E02002938,E06000020,7041,169768,10,2924,0.003419972640218878,24.08002735978112,female,70-74,107,0.015196705013492401,5.197231536762107e-05
E02002938,E06000020,7041,169768,10,2924,0.003419972640218878,24.08002735978112,male,70-74,141,0.020025564550489986,6.84868828676128e-05
E02002935,E06000020,6539,169768,17,2641,0.006436955698599016,42.091253313138964,female,70-74,193,0.029515216393944027,0.0001899881403623811
E02002935,E06000020,6539,169768,17,2641,0.006436955698599016,42.091253313138964,male,70-74,172,0.026303716164551155,0.0001693158556597386
E02002942,E06000020,6480,169768,12,2164,0.005545286506469501,35.93345656192236,female,70-74,85,0.013117283950617283,7.273909769288697e-05
E02002942,E06000020,6480,169768,12,2164,0.005545286506469501,35.93345656192236,male,70-74,104,0.016049382716049384,8.899842541247348e-05
E02002940,E06000020,6097,169768,8,2441,0.0032773453502662844,19.981974600573537,female,70-74,150,0.024602263408233557,8.06301135870006e-05
E02002940,E06000020,6097,169768,8,2441,0.0032773453502662844,19.981974600573537,male,70-74,110,0.018041659832704608,5.912874996380044e-05
E02002945,E06000020,9464,169768,23,3482,0.006605399195864446,62.51349798966112,female,70-74,148,0.015638207945900255,0.00010329660619061053
E02002945,E06000020,9464,169768,23,3482,0.006605399195864446,62.51349798966112,male,70-74,131,0.013841927303465765,9.143145547952688e-05
E02001851,E08000025,8705,1101521,11,3747,0.0029356818788364024,25.55511075527088,female,70-74,165,0.018954623779437105,5.564474554945507e-05
E02001851,E08000025,8705,1101521,11,3747,0.0029356818788364024,25.55511075527088,male,70-74,170,0.019529006318207927,5.733094996004462e-05
E02006770,E07000239,7445,98999,86,3002,0.028647568287808126,213.2811459027315,female,70-74,120,0.016118200134318333,0.0004617472390244426
E02006770,E07000239,7445,98999,86,3002,0.028647568287808126,213.2811459027315,male,70-74,140,0.01880456682337139,0.000538705112195183
E02006775,E07000239,5234,98999,39,2137,0.018249883013570427,95.51988769302761,female,70-74,105,0.020061138708444785,0.00036611343454812664
E02006775,E07000239,5234,98999,39,2137,0.018249883013570427,95.51988769302761,male,70-74,93,0.01776843714176538,0.00032427189917119784
E02006752,E07000238,6978,120007,9,2110,0.0042654028436018955,29.763981042654027,female,70-74,209,0.02995127543708799,0.00012775425541885872
E02006752,E07000238,6978,120007,9,2110,0.0042654028436018955,29.763981042654027,male,70-74,176,0.02522212668386357,0.00010758253087903892
E02006769,E07000239,7260,98999,102,2631,0.03876852907639681,281.4595210946408,female,70-74,195,0.026859504132231406,0.0010413034669280135
E02006769,E07000239,7260,98999,102,2631,0.03876852907639681,281.4595210946408,male,70-74,189,0.02603305785123967,0.0010092633602533053
E02006780,E07000239,5841,98999,29,2373,0.012220817530552043,71.38179519595448,female,70-74,224,0.03834959767163157,0.0004686634355150929
E02006780,E07000239,5841,98999,29,2373,0.012220817530552043,71.38179519595448,male,70-74,206,0.03526793357301832,0.00043100298087548727
E02006710,E07000235,8023,76224,16,3073,0.005206638464041653,41.77286039700618,female,70-74,269,0.03352860525987785,0.00017457132579174928
E02006710,E07000235,8023,76224,16,3073,0.005206638464041653,41.77286039700618,male,70-74,266,0.033154680294154304,0.00017262443368254763
E02006772,E07000239,6487,98999,81,2650,0.030566037735849056,198.28188679245284,female,70-74,206,0.03175581933096963,0.0009706495720032226
E02006772,E07000239,6487,98999,81,2650,0.030566037735849056,198.28188679245284,male,70-74,144,0.022198242639124403,0.00067851232217701
E02006768,E07000239,6929,98999,76,2622,0.028985507246376812,200.84057971014494,female,70-74,222,0.032039255303795644,0.0009286740667766853
E02006768,E07000239,6929,98999,76,2622,0.028985507246376812,200.84057971014494,male,70-74,237,0.034204069851349404,0.0009914223145318667
E02006776,E07000239,6600,98999,50,2264,0.022084805653710248,145.75971731448763,female,70-74,143,0.021666666666666667,0.0004785041224970554
E02006776,E07000239,6600,98999,50,2264,0.022084805653710248,145.75971731448763,male,70-74,167,0.025303030303030303,0.0005588125066923654
E02006779,E07000239,7763,98999,47,2986,0.015740120562625585,122.19055592766242,female,70-74,217,0.027953110910730387,0.0004399853358353409
E02006779,E07000239,7763,98999,47,2986,0.015740120562625585,122.19055592766242,male,70-74,213,0.027437846193481902,0.00043187500706418265
E02006773,E07000239,8336,98999,90,3333,0.027002700270027002,225.09450945094508,female,70-74,253,0.03035028790786948,0.0008195397274852245
E02006773,E07000239,8336,98999,90,3333,0.027002700270027002,225.09450945094508,male,70-74,276,0.033109404990403074,0.0008940433390747905
E02006778,E07000239,6883,98999,44,2683,0.016399552739470743,112.87812150577712,female,70-74,197,0.02862124073805027,0.0004693755469527439
E02006778,E07000239,6883,98999,44,2683,0.016399552739470743,112.87812150577712,male,70-74,202,0.029347668167950022,0.0004812886319007831
E02006771,E07000239,6656,98999,74,2584,0.02863777089783282,190.61300309597524,female,70-74,256,0.038461538461538464,0.0011014527268397238
E02006771,E07000239,6656,98999,74,2584,0.02863777089783282,190.61300309597524,male,70-74,218,0.03275240384615385,0.0009379558376994523
E02006767,E07000239,8853,98999,423,3438,0.12303664921465969,1089.2434554973822,female,70-74,276,0.031175872585564215,0.00383577489927099
E02006767,E07000239,8853,98999,423,3438,0.12303664921465969,1089.2434554973822,male,70-74,289,0.032644301366768325,0.00401644545612071
E02006711,E07000235,7992,76224,13,2603,0.004994237418363427,39.91394544756051,female,70-74,268,0.033533533533533534,0.0001674744279431179
E02006711,E07000235,7992,76224,13,2603,0.004994237418363427,39.91394544756051,male,70-74,266,0.03328328328328328,0.0001662246187793633
E02006697,E07000234,7343,95519,582,2760,0.2108695652173913,1548.4152173913044,female,70-74,199,0.02710064006536838,0.005714700187697245
E02006697,E07000234,7343,95519,582,2760,0.2108695652173913,1548.4152173913044,male,70-74,215,0.02927958600027237,0.006174173569622652
E02006748,E07000238,6695,120007,28,2468,0.011345218800648298,75.95623987034035,female,70-74,204,0.030470500373412996,0.00034569449370160614
E02006748,E07000238,6695,120007,28,2468,0.011345218800648298,75.95623987034035,male,70-74,202,0.03017176997759522,0.00034230533199864916
E02006753,E07000238,6436,120007,20,2175,0.009195402298850575,59.181609195402295,female,70-74,182,0.028278433809819765,0.0002600315752627105
E02006753,E07000238,6436,120007,20,2175,0.009195402298850575,59.181609195402295,male,70-74,202,0.031385954008701054,0.0002886064736432281
E02006707,E07000234,6848,95519,9,2196,0.004098360655737705,28.065573770491806,female,70-74,161,0.02351051401869159,9.635456565037537e-05
E02006707,E07000234,6848,95519,9,2196,0.004098360655737705,28.065573770491806,male,70-74,151,0.022050233644859814,9.036981001991727e-05
E02001895,E08000025,8221,1101521,8,3569,0.002241524236480807,18.427570748108714,female,70-74,151,0.018367595183067752,4.1171409768714494e-05
E02001895,E08000025,8221,1101521,8,3569,0.002241524236480807,18.427570748108714,male,70-74,156,0.018975793699063374,4.253470148291034e-05
E02006706,E07000234,7094,95519,13,2640,0.004924242424242424,34.932575757575755,female,70-74,168,0.02368198477586693,0.00011661583412358714
E02006706,E07000234,7094,95519,13,2640,0.004924242424242424,34.932575757575755,male,70-74,144,0.020298844093600225,9.995642924878898e-05
E02006703,E07000234,7229,95519,11,2633,0.004177744018230156,30.200911507785797,female,70-74,202,0.027943007331581133,0.00011673873173087447
E02006703,E07000234,7229,95519,11,2633,0.004177744018230156,30.200911507785797,male,70-74,184,0.02545303638124222,0.00010633627048752922
E02006705,E07000234,7134,95519,14,2719,0.0051489518205222505,36.732622287605736,female,70-74,155,0.02172694140734511,0.00011187097451372987
E02006705,E07000234,7134,95519,14,2719,0.0051489518205222505,36.732622287605736,male,70-74,128,0.01794224838800112,9.23837725016608e-05
E02006702,E07000234,5790,95519,23,2326,0.009888220120378332,57.25279449699054,female,70-74,143,0.024697754749568222,0.00024421683544285
E02006702,E07000234,5790,95519,23,2326,0.009888220120378332,57.25279449699054,male,70-74,119,0.020552677029360967,0.00020322939452936466
E02006708,E07000234,8466,95519,12,3221,0.003725551071095933,31.54051536789817,female,70-74,124,0.014646822584455469,5.456748556767017e-05
E02006708,E07000234,8466,95519,12,3221,0.003725551071095933,31.54051536789817,male,70-74,133,0.015709898417198203,5.852802887500107e-05
E02006709,E07000234,7862,95519,12,2822,0.004252303330970942,33.43160878809355,female,70-74,140,0.01780717374713813,7.57215042401338e-05
E02006709,E07000234,7862,95519,12,2822,0.004252303330970942,33.43160878809355,male,70-74,183,0.023276519969473417,9.897882339960346e-05
E02006774,E07000239,7573,98999,64,2899,0.02207657813038979,167.18592618144186,female,70-74,189,0.024957084378713853,0.0005509670231934069
E02006774,E07000239,7573,98999,64,2899,0.02207657813038979,167.18592618144186,male,70-74,126,0.0166380562524759,0.00036731134879560453
E02001946,E08000025,7631,1101521,11,3033,0.003626772172766238,27.67589845037916,female,70-74,161,0.021098152273620756,7.651819156275249e-05
E02001946,E08000025,7631,1101521,11,3033,0.003626772172766238,27.67589845037916,male,70-74,168,0.02201546324203905,7.984506945678522e-05
E02006901,E08000025,15014,1101521,10,5840,0.0017123287671232876,25.70890410958904,female,70-74,156,0.010390302384441188,1.7791613671988333e-05
E02006901,E08000025,15014,1101521,10,5840,0.0017123287671232876,25.70890410958904,male,70-74,145,0.009657652857333155,1.6537076810501977e-05
E02006187,E07000196,7313,110688,2369,2947,0.8038683406854428,5878.689175432643,female,70-74,274,0.03746752358813073,0.030118956016383334
E02006187,E07000196,7313,110688,2369,2947,0.8038683406854428,5878.689175432643,male,70-74,275,0.03760426637494872,0.030228879213523418
E02006777,E07000239,7139,98999,73,2644,0.02760968229954614,197.1055219364599,female,70-74,272,0.03810057431012747,0.0010519447521328688
E02006777,E07000239,7139,98999,73,2644,0.02760968229954614,197.1055219364599,male,70-74,269,0.0376803473875893,0.0010403424203078739
E02002002,E08000027,6982,315653,2194,2941,0.7460047602856171,5208.605236314179,female,70-74,260,0.03723861357777141,0.027780182995454088
E02002002,E08000027,6982,315653,2194,2941,0.7460047602856171,5208.605236314179,male,70-74,255,0.0365224863935835,0.02724594870707997
E02002013,E08000027,6563,315653,2277,2637,0.863481228668942,5667.027303754266,female,70-74,264,0.04022550662806643,0.03473396988703347
E02002013,E08000027,6563,315653,2277,2637,0.863481228668942,5667.027303754266,male,70-74,203,0.030930976687490477,0.026708317754044676
E02002078,E08000028,6286,316289,58,2651,0.02187853640135798,137.52847981893626,female,70-74,166,0.026407890550429525,0.0005777659946906498
E02002078,E08000028,6286,316289,58,2651,0.02187853640135798,137.52847981893626,male,70-74,150,0.023862551702195353,0.0005220777060457679
E02002029,E08000027,5821,315653,910,2458,0.37021969080553296,2155.048820179007,female,70-74,182,0.03126610548015805,0.011575327903557291
E02002029,E08000027,5821,315653,910,2458,0.37021969080553296,2155.048820179007,male,70-74,164,0.028173853289812745,0.010430515253754923
E02006696,E07000234,6224,95519,830,2309,0.3594629709831096,2237.297531398874,female,70-74,191,0.030687660668380464,0.01103107767637756
E02006696,E07000234,6224,95519,830,2309,0.3594629709831096,2237.297531398874,male,70-74,159,0.025546272493573264,0.009182939008083937
E02002035,E08000027,6215,315653,1133,2623,0.43194815097216926,2684.557758292032,female,70-74,161,0.02590506838294449,0.011189646388820475
E02002035,E08000027,6215,315653,1133,2623,0.43194815097216926,2684.557758292032,male,70-74,161,0.02590506838294449,0.011189646388820475
E02002027,E08000027,5585,315653,1634,1917,0.8523735002608243,4760.5059989567035,female,70-74,79,0.01414503133393017,0.012056849869401096
E02002027,E08000027,5585,315653,1634,1917,0.8523735002608243,4760.5059989567035,male,70-74,97,0.01736794986571173,0.014803980219391218
E02002023,E08000027,5328,315653,1842,2111,0.8725722406442444,4649.064898152535,female,70-74,197,0.036974474474474474,0.03226290003883561
E02002023,E08000027,5328,315653,1842,2111,0.8725722406442444,4649.064898152535,male,70-74,189,0.03547297297297297,0.03095273150933975
E02002036,E08000027,6538,315653,2415,2792,0.8649713467048711,5655.182664756447,female,70-74,151,0.023095747935148365,0.019977160194621528
E02002036,E08000027,6538,315653,2415,2792,0.8649713467048711,5655.182664756447,male,70-74,166,0.025390027531355153,0.02196164630667002
E02002006,E08000027,6484,315653,2371,2774,0.8547224224945926,5542.020187454938,female,70-74,152,0.023442319555829736,0.020036676159651153
E02002006,E08000027,6484,315653,2371,2774,0.8547224224945926,5542.020187454938,male,70-74,120,0.01850709438618137,0.015818428547093016
E02002039,E08000027,6423,315653,2050,2529,0.8105970739422697,5206.465005931198,female,70-74,172,0.02677876381753075,0.021706787594281546
E02002039,E08000027,6423,315653,2050,2529,0.8105970739422697,5206.465005931198,male,70-74,146,0.02273081114743889,0.01842552900444829
E02002024,E08000027,8489,315653,3028,3483,0.8693654895205283,7380.043640539765,female,70-74,180,0.021203910943574038,0.01843394841720993
E02002024,E08000027,8489,315653,3028,3483,0.8693654895205283,7380.043640539765,male,70-74,194,0.022853104016963128,0.0198676999607707
E02002009,E08000027,6697,315653,2392,2910,0.8219931271477663,5504.887972508591,female,70-74,110,0.016425265044049574,0.013501454977789203
E02002009,E08000027,6697,315653,2392,2910,0.8219931271477663,5504.887972508591,male,70-74,99,0.014782738539644617,0.012151309480010282
E02002018,E08000027,8990,315653,2997,3484,0.8602181400688863,7733.361079219288,female,70-74,326,0.036262513904338156,0.031193672265011897
E02002018,E08000027,8990,315653,2997,3484,0.8602181400688863,7733.361079219288,male,70-74,283,0.03147942157953281,0.027079169481590077
E02002033,E08000027,7674,315653,2219,2966,0.7481456507080243,5741.269723533378,female,70-74,199,0.025931717487620538,0.01940070165375252
E02002033,E08000027,7674,315653,2219,2966,0.7481456507080243,5741.269723533378,male,70-74,188,0.024498305968204327,0.018328301059826503
E02002017,E08000027,8443,315653,3414,3928,0.8691446028513238,7338.187881873727,female,70-74,175,0.020727229657704606,0.01801495978905385
E02002017,E08000027,8443,315653,3414,3928,0.8691446028513238,7338.187881873727,male,70-74,176,0.020845670970034348,0.018117902416419873
E02002041,E08000027,6174,315653,2055,2549,0.8061985092193017,4977.469595919969,female,70-74,214,0.03466148364107548,0.027944036438764263
E02002041,E08000027,6174,315653,2055,2549,0.8061985092193017,4977.469595919969,male,70-74,222,0.03595724003887269,0.02898867331497975
E02002012,E08000027,8054,315653,3436,3885,0.8844272844272845,7123.177348777349,female,70-74,200,0.024832381425378695,0.02196243566991022
E02002012,E08000027,8054,315653,3436,3885,0.8844272844272845,7123.177348777349,male,70-74,161,0.01999006704742985,0.017679760714277726
E02002022,E08000027,8434,315653,3147,3556,0.8849831271091113,7463.947694038245,female,70-74,148,0.017548019919373964,0.015529701542820545
E02002022,E08000027,8434,315653,3147,3556,0.8849831271091113,7463.947694038245,male,70-74,124,0.01470239506758359,0.0130113715629037
E02002034,E08000027,7963,315653,2698,3216,0.8389303482587065,6680.40236318408,female,70-74,190,0.02386035413788773,0.02001717520647422
E02002034,E08000027,7963,315653,2698,3216,0.8389303482587065,6680.40236318408,male,70-74,148,0.018585960065302023,0.015592325950306237
E02002042,E08000027,8222,315653,2220,2974,0.7464694014794889,6137.471418964358,female,70-74,236,0.028703478472391145,0.021426268395665214
E02002042,E08000027,8222,315653,2220,2974,0.7464694014794889,6137.471418964358,male,70-74,229,0.027852104110921917,0.020790743485624295
E02002026,E08000027,7013,315653,2186,2562,0.853239656518345,5983.769711163153,female,70-74,174,0.02481106516469414,0.021169784718977902
E02002026,E08000027,7013,315653,2186,2562,0.853239656518345,5983.769711163153,male,70-74,178,0.02538143447882504,0.021656446436655555
E02002020,E08000027,9771,315653,3408,3903,0.8731744811683321,8531.787855495773,female,70-74,329,0.03367106744447856,0.029400716846216483
E02002020,E08000027,9771,315653,3408,3903,0.8731744811683321,8531.787855495773,male,70-74,278,0.028451540272234163,0.02484315891564797
E02002030,E08000027,6330,315653,2521,2903,0.8684119875990355,5497.047881501895,female,70-74,149,0.02353870458135861,0.020441293231004153
E02002030,E08000027,6330,315653,2521,2903,0.8684119875990355,5497.047881501895,male,70-74,149,0.02353870458135861,0.020441293231004153
E02002028,E08000027,5825,315653,2078,2430,0.8551440329218107,4981.213991769548,female,70-74,173,0.029699570815450643,0.025397410763171372
E02002028,E08000027,5825,315653,2078,2430,0.8551440329218107,4981.213991769548,male,70-74,164,0.02815450643776824,0.024076158180116217
E02002021,E08000027,7518,315653,2907,3277,0.8870918523039365,6669.156545620995,female,70-74,116,0.015429635541367386,0.013687503972766246
E02002021,E08000027,7518,315653,2907,3277,0.8870918523039365,6669.156545620995,male,70-74,110,0.014631550944400107,0.012979529629347302
E02002011,E08000027,5761,315653,2006,2316,0.8661485319516408,4989.881692573403,female,70-74,179,0.03107099461898976,0.02691209637551531
E02002011,E08000027,5761,315653,2006,2316,0.8661485319516408,4989.881692573403,male,70-74,185,0.032112480472140256,0.027814177818270013
E02002019,E08000027,8016,315653,2788,3247,0.8586387434554974,6882.848167539267,female,70-74,176,0.021956087824351298,0.018852347660699546
E02002019,E08000027,8016,315653,2788,3247,0.8586387434554974,6882.848167539267,male,70-74,165,0.02058383233532934,0.01767407593190582
E02002016,E08000027,7873,315653,3246,3671,0.8842277308635249,6961.524925088532,female,70-74,145,0.018417375841483553,0.016285154448775704
E02002016,E08000027,7873,315653,3246,3671,0.8842277308635249,6961.524925088532,male,70-74,130,0.016512130064778356,0.014600483298902355
E02002040,E08000027,6006,315653,1787,2238,0.7984807864164433,4795.675603217158,female,70-74,205,0.034132534132534136,0.02725417269653195
E02002040,E08000027,6006,315653,1787,2238,0.7984807864164433,4795.675603217158,male,70-74,184,0.030636030636030636,0.02446228183493599
E02002015,E08000027,6039,315653,2300,2613,0.880214313050134,5315.614236509759,female,70-74,148,0.02450736876966385,0.021571736766255973
E02002015,E08000027,6039,315653,2300,2613,0.880214313050134,5315.614236509759,male,70-74,147,0.024341778440139097,0.0214259817881056
E02002037,E08000027,5965,315653,1882,2241,0.8398036590807675,5009.428826416778,female,70-74,166,0.027829002514668903,0.023370898140386825
E02002037,E08000027,5965,315653,1882,2241,0.8398036590807675,5009.428826416778,male,70-74,131,0.02196144174350377,0.018443299134883576
E02001901,E08000025,8063,1101521,11,2791,0.003941239699032604,31.778215693299888,female,70-74,116,0.01438670470048369,5.670145170380529e-05
E02001901,E08000025,8063,1101521,11,2791,0.003941239699032604,31.778215693299888,male,70-74,107,0.01327049485303237,5.230220114057902e-05
E02006698,E07000234,6535,95519,10,2771,0.003608805485384338,23.583543846986647,female,70-74,198,0.03029839326702372,0.00010934100782036708
E02006698,E07000234,6535,95519,10,2771,0.003608805485384338,23.583543846986647,male,70-74,145,0.02218821729150727,8.007296027249106e-05
E02001921,E08000025,7888,1101521,10,3211,0.003114294612270321,24.56555590158829,female,70-74,132,0.016734279918864097,5.211547779154188e-05
E02001921,E08000025,7888,1101521,10,3211,0.003114294612270321,24.56555590158829,male,70-74,138,0.017494929006085194,5.448436314570288e-05
E02001927,E08000025,7803,1101521,10,3616,0.0027654867256637168,21.579092920353983,female,70-74,107,0.013712674612328592,3.792221961374057e-05
E02001927,E08000025,7803,1101521,10,3616,0.0027654867256637168,21.579092920353983,male,70-74,109,0.013968986287325388,3.8631046148576846e-05
E02001952,E08000025,9117,1101521,12,4047,0.0029651593773165306,27.03335804299481,female,70-74,158,0.017330262147636284,5.138698931841744e-05
E02001952,E08000025,9117,1101521,12,4047,0.0029651593773165306,27.03335804299481,male,70-74,138,0.015136558078315236,4.488230712621271e-05
E02001913,E08000025,7746,1101521,14,2873,0.004872955099199443,37.74591019839888,female,70-74,121,0.015620965659695327,7.612026426583173e-05
E02001913,E08000025,7746,1101521,14,2873,0.004872955099199443,37.74591019839888,male,70-74,114,0.01471727343144849,7.17166126140894e-05
E02001932,E08000025,7076,1101521,14,3205,0.00436817472698908,30.90920436817473,female,70-74,115,0.016252119841718485,7.099209915259245e-05
E02001932,E08000025,7076,1101521,14,3205,0.00436817472698908,30.90920436817473,male,70-74,82,0.011588468061051441,5.062045330880505e-05
E02001899,E08000025,8050,1101521,17,3211,0.005294300840859545,42.61912176891934,female,70-74,200,0.024844720496894408,0.00013153542461762845
E02001899,E08000025,8050,1101521,17,3211,0.005294300840859545,42.61912176891934,male,70-74,171,0.02124223602484472,0.00011246278804807234
E02001911,E08000025,8103,1101521,21,3490,0.006017191977077364,48.75730659025788,female,70-74,132,0.01629026286560533,9.80216390194017e-05
E02001911,E08000025,8103,1101521,21,3490,0.006017191977077364,48.75730659025788,male,70-74,107,0.013204985807725533,7.945693465966654e-05
E02001951,E08000025,8399,1101521,21,3936,0.005335365853658537,44.81173780487805,female,70-74,144,0.017144898202166924,9.147430443229305e-05
E02001951,E08000025,8399,1101521,21,3936,0.005335365853658537,44.81173780487805,male,70-74,124,0.014763662340754852,7.87695399278079e-05
E02001928,E08000025,6890,1101521,23,3103,0.007412181759587496,51.06993232355784,female,70-74,127,0.018432510885341074,0.00013662512096772306
E02001928,E08000025,6890,1101521,23,3103,0.007412181759587496,51.06993232355784,male,70-74,137,0.01988388969521045,0.00014738300450848867
E02001920,E08000025,7512,1101521,52,3186,0.016321406151914627,122.60640301318267,female,70-74,157,0.020899893503727368,0.0003411156504060964
E02001920,E08000025,7512,1101521,52,3186,0.016321406151914627,122.60640301318267,male,70-74,140,0.01863684771033014,0.0003041795608716784
E02001906,E08000025,9284,1101521,90,3832,0.02348643006263048,218.04801670146136,female,70-74,175,0.01884963377854373,0.00044271060544596444
E02001906,E08000025,9284,1101521,90,3832,0.02348643006263048,218.04801670146136,male,70-74,179,0.01928048255062473,0.0004528297049990151
E02001935,E08000025,7920,1101521,9,3303,0.0027247956403269754,21.580381471389646,female,70-74,200,0.025252525252525252,6.880797071532767e-05
E02001935,E08000025,7920,1101521,9,3303,0.0027247956403269754,21.580381471389646,male,70-74,161,0.020328282828282827,5.539041642583876e-05
E02001926,E08000025,7401,1101521,9,2620,0.003435114503816794,25.42328244274809,female,70-74,116,0.015673557627347654,5.384046513211026e-05
E02001926,E08000025,7401,1101521,9,2620,0.003435114503816794,25.42328244274809,male,70-74,107,0.014457505742467234,4.966318766496378e-05
E02001919,E08000025,6664,1101521,8,2649,0.003020007550018875,20.125330313325783,female,70-74,99,0.01485594237695078,4.486505814103671e-05
E02001919,E08000025,6664,1101521,8,2649,0.003020007550018875,20.125330313325783,male,70-74,87,0.013055222088835534,3.94268692754565e-05
E02001938,E08000025,7790,1101521,8,2854,0.002803083391730904,21.83601962158374,female,70-74,128,0.016431322207958923,4.605836638530882e-05
E02001938,E08000025,7790,1101521,8,2854,0.002803083391730904,21.83601962158374,male,70-74,84,0.010783055198973043,3.0225802940358912e-05
E02002168,E08000031,11027,253250,76,3901,0.019482184055370416,214.8300435785696,female,75-79,143,0.012968169039629999,0.0002526482560912278
E02002168,E08000031,11027,253250,76,3901,0.019482184055370416,214.8300435785696,male,75-79,127,0.01151718509113993,0.0002243799197453562
E02006130,E07000192,7338,98508,16,1959,0.00816743236345074,59.932618683001536,female,75-79,152,0.020714091032979012,0.00016918093748221756
E02006130,E07000192,7338,98508,16,1959,0.00816743236345074,59.932618683001536,male,75-79,120,0.016353229762878167,0.00013356389801227702
E02006177,E07000196,9842,110688,32,3021,0.010592519033432638,104.25157232704403,female,75-79,209,0.021235521235521235,0.00022493766287212165
E02006177,E07000196,9842,110688,32,3021,0.010592519033432638,104.25157232704403,male,75-79,208,0.021133915870757976,0.00022386140611196798
E02002134,E08000030,8444,273933,35,3485,0.010043041606886656,84.80344332855093,female,75-79,144,0.01705352913311227,0.00017126930262810025
E02002134,E08000030,8444,273933,35,3485,0.010043041606886656,84.80344332855093,male,75-79,115,0.013619137849360493,0.00013677756807105228
E02002120,E08000030,6211,273933,24,2204,0.010889292196007259,67.63339382940109,female,75-79,94,0.015134438898728063,0.0001648033273908682
E02002120,E08000030,6211,273933,24,2204,0.010889292196007259,67.63339382940109,male,75-79,75,0.012075350185155369,0.00013149201653526717
E02002129,E08000030,5759,273933,34,2402,0.014154870940882597,81.51790174854288,female,75-79,135,0.02344156971696475,0.00033181239399533783
E02002129,E08000030,5759,273933,34,2402,0.014154870940882597,81.51790174854288,male,75-79,108,0.0187532557735718,0.0002654499151962703
E02002131,E08000030,7803,273933,19,2882,0.00659264399722415,51.44240111034004,female,75-79,241,0.030885556837113932,0.00020361748088312446
E02002131,E08000030,7803,273933,19,2882,0.00659264399722415,51.44240111034004,male,75-79,188,0.024093297449698833,0.00015883853280509295
E02006175,E07000196,7115,110688,15,1490,0.010067114093959731,71.62751677852349,female,75-79,98,0.013773717498243148,0.00013866158555278336
E02006175,E07000196,7115,110688,15,1490,0.010067114093959731,71.62751677852349,male,75-79,110,0.015460295151089248,0.00015564055521230784
E02006155,E07000194,5739,102062,10,2456,0.004071661237785016,23.36726384364821,female,75-79,81,0.014113957135389441,5.7467252179924435e-05
E02006155,E07000194,5739,102062,10,2456,0.004071661237785016,23.36726384364821,male,75-79,73,0.012719986060289248,5.1791474186845476e-05
E02006129,E07000192,7951,98508,11,2006,0.005483549351944167,43.599700897308075,female,75-79,152,0.019117092189661677,0.0001048295184876762
E02006129,E07000192,7951,98508,11,2006,0.005483549351944167,43.599700897308075,male,75-79,126,0.015847063262482707,8.689815348320526e-05
E02006180,E07000196,6835,110688,36,2673,0.013468013468013467,92.05387205387206,female,75-79,153,0.022384784198975858,0.00030147857507038193
E02006180,E07000196,6835,110688,36,2673,0.013468013468013467,92.05387205387206,male,75-79,126,0.01843452816386247,0.00024827647358737333
E02002043,E08000028,8799,316289,31,3725,0.00832214765100671,73.22657718120804,female,75-79,125,0.014206159790885327,0.0001182257593335423
E02002043,E08000028,8799,316289,31,3725,0.00832214765100671,73.22657718120804,male,75-79,112,0.012728719172633254,0.00010593028036285392
E02002148,E08000030,11314,273933,12,4622,0.0025962786672436176,29.37429684119429,female,75-79,335,0.02960933356902952,7.687408109657167e-05
E02002148,E08000030,11314,273933,12,4622,0.0025962786672436176,29.37429684119429,male,75-79,256,0.022626834010959874,5.8745566449917456e-05
E02006126,E07000192,8412,98508,11,1815,0.006060606060606061,50.981818181818184,female,75-79,147,0.01747503566333809,0.00010590930705053388
E02006126,E07000192,8412,98508,11,1815,0.006060606060606061,50.981818181818184,male,75-79,107,0.012719923918212079,7.709044798916411e-05
E02002046,E08000028,5770,316289,16,2410,0.006639004149377593,38.30705394190871,female,75-79,78,0.013518197573656845,8.97473697836139e-05
E02002046,E08000028,5770,316289,16,2410,0.006639004149377593,38.30705394190871,male,75-79,55,0.009532062391681109,6.328340177049698e-05
E02002047,E08000028,6640,316289,124,3214,0.038581207218419414,256.1792159303049,female,75-79,140,0.02108433734939759,0.0008134591883401683
E02002047,E08000028,6640,316289,124,3214,0.038581207218419414,256.1792159303049,male,75-79,123,0.018524096385542168,0.0007146820011845764
E02002045,E08000028,7925,316289,34,3323,0.01023171832681312,81.08636773999399,female,75-79,184,0.023217665615141957,0.00023755661478026677
E02002045,E08000028,7925,316289,34,3323,0.01023171832681312,81.08636773999399,male,75-79,137,0.017287066246056783,0.00017687639252661168
E02002044,E08000028,7501,316289,27,3214,0.008400746733042938,63.014001244555075,female,75-79,88,0.011731769097453673,9.855562091824803e-05
E02002044,E08000028,7501,316289,27,3214,0.008400746733042938,63.014001244555075,male,75-79,70,0.009332089054792695,7.839651663951548e-05
E02006178,E07000196,7888,110688,18,2689,0.00669393826701376,52.801785050204536,female,75-79,162,0.020537525354969575,0.0001374769268833962
E02006178,E07000196,7888,110688,18,2689,0.00669393826701376,52.801785050204536,male,75-79,137,0.01736815415821501,0.00011626135174706963
E02002146,E08000030,6578,273933,19,2657,0.007150922092585623,47.038765525028225,female,75-79,94,0.014290057768318638,0.00010218708979979456
E02002146,E08000030,6578,273933,19,2657,0.007150922092585623,47.038765525028225,male,75-79,66,0.010033444816053512,7.174838219985575e-05
E02002110,E08000030,6695,273933,15,2592,0.005787037037037037,38.74421296296296,female,75-79,98,0.014637789395070948,8.470942936962353e-05
E02002110,E08000030,6695,273933,15,2592,0.005787037037037037,38.74421296296296,male,75-79,88,0.013144137415982075,7.606561004619256e-05
E02002112,E08000030,5455,273933,19,2078,0.009143407122232916,49.877285851780556,female,75-79,116,0.021264894592117323,0.00019443358866709775
E02002112,E08000030,5455,273933,19,2078,0.009143407122232916,49.877285851780556,male,75-79,107,0.019615032080659945,0.00017934822402913326
E02002113,E08000030,6555,273933,20,2632,0.007598784194528876,49.81003039513678,female,75-79,123,0.018764302059496567,0.00014258588191106816
E02002113,E08000030,6555,273933,20,2632,0.007598784194528876,49.81003039513678,male,75-79,114,0.017391304347826087,0.0001321527686005022
E02002124,E08000030,7088,273933,25,2905,0.008605851979345954,60.998278829604125,female,75-79,212,0.029909706546275394,0.00025739850728292074
E02002124,E08000030,7088,273933,25,2905,0.008605851979345954,60.998278829604125,male,75-79,145,0.020457110609480814,0.0001760508658302996
E02002114,E08000030,6027,273933,12,2486,0.004827031375703942,29.092518101367656,female,75-79,219,0.03633648581383773,0.0001753973571062159
E02002114,E08000030,6027,273933,12,2486,0.004827031375703942,29.092518101367656,male,75-79,180,0.029865604778496764,0.00014416221132017745
E02002116,E08000030,6796,273933,28,2645,0.01058601134215501,71.94253308128545,female,75-79,196,0.028840494408475574,0.0003053058009214806
E02002116,E08000030,6796,273933,28,2645,0.01058601134215501,71.94253308128545,male,75-79,157,0.023101824602707474,0.000244556177268737
E02002138,E08000030,6485,273933,16,2394,0.006683375104427736,43.34168755221386,female,75-79,111,0.017116422513492675,0.00011439547210354334
E02002138,E08000030,6485,273933,16,2394,0.006683375104427736,43.34168755221386,male,75-79,119,0.018350038550501158,0.00012264019081370864
E02002145,E08000030,7105,273933,41,3016,0.013594164456233421,96.58653846153845,female,75-79,88,0.012385643912737509,0.0001683724802461001
E02002145,E08000030,7105,273933,41,3016,0.013594164456233421,96.58653846153845,male,75-79,88,0.012385643912737509,0.0001683724802461001
E02002147,E08000030,8031,273933,66,3184,0.0207286432160804,166.4717336683417,female,75-79,136,0.016934379280288882,0.00035102670618689265
E02002147,E08000030,8031,273933,66,3184,0.0207286432160804,166.4717336683417,male,75-79,104,0.012949819449632673,0.00026843218708409434
E02002119,E08000030,5943,273933,23,2452,0.009380097879282219,55.74592169657423,female,75-79,141,0.023725391216557295,0.00022254649183557005
E02002119,E08000030,5943,273933,23,2452,0.009380097879282219,55.74592169657423,male,75-79,110,0.01850917045263335,0.00017361783051001917
E02002117,E08000030,6391,273933,22,2461,0.008939455505891914,57.132060138155225,female,75-79,111,0.01736817399468002,0.00015526201864403107
E02002117,E08000030,6391,273933,22,2461,0.008939455505891914,57.132060138155225,male,75-79,86,0.013456423094977311,0.00012029309552600603
E02002132,E08000030,6479,273933,39,2806,0.013898788310762652,90.05024946543122,female,75-79,117,0.01805834233678037,0.00025098907738219334
E02002132,E08000030,6479,273933,39,2806,0.013898788310762652,90.05024946543122,male,75-79,103,0.015897515048618614,0.00022095619632791374
E02002139,E08000030,9513,273933,49,4150,0.011807228915662651,112.3221686746988,female,75-79,101,0.01061705035214969,0.00012535794391694817
E02002139,E08000030,9513,273933,49,4150,0.011807228915662651,112.3221686746988,male,75-79,88,0.009250499316724482,0.0001092227630167469
E02002136,E08000030,7706,273933,44,3044,0.01445466491458607,111.38764783180027,female,75-79,97,0.01258759408253309,0.0001819494545438423
E02002136,E08000030,7706,273933,44,3044,0.01445466491458607,111.38764783180027,male,75-79,77,0.009992213859330391,0.00014443410309150368
E02002118,E08000030,7347,273933,27,3045,0.008866995073891626,65.14581280788178,female,75-79,180,0.02449979583503471,0.00021723956898060334
E02002118,E08000030,7347,273933,27,3045,0.008866995073891626,65.14581280788178,male,75-79,113,0.015380427385327345,0.00013637817386004543
E02002128,E08000030,5558,273933,17,2321,0.007324429125376993,40.70917707884533,female,75-79,126,0.022670025188916875,0.00016604499276673282
E02002128,E08000030,5558,273933,17,2321,0.007324429125376993,40.70917707884533,male,75-79,116,0.02087081684059014,0.00015286681873762705
E02002142,E08000030,6831,273933,27,2814,0.009594882729211088,65.54264392324095,female,75-79,67,0.009808227199531547,9.410878976096367e-05
E02002142,E08000030,6831,273933,27,2814,0.009594882729211088,65.54264392324095,male,75-79,62,0.009076269945835163,8.708574574895147e-05
E02002123,E08000030,6475,273933,29,2966,0.009777478084962913,63.30917060013486,female,75-79,132,0.020386100386100385,0.0001993246497629505
E02002123,E08000030,6475,273933,29,2966,0.009777478084962913,63.30917060013486,male,75-79,119,0.018378378378378378,0.00017969419183175083
E02002144,E08000030,6676,273933,16,2662,0.006010518407212622,40.126220886551465,female,75-79,193,0.02890952666267226,0.00017376124214979572
E02002144,E08000030,6676,273933,16,2662,0.006010518407212622,40.126220886551465,male,75-79,186,0.02786099460754943,0.00016745902093192748
E02002133,E08000030,6723,273933,23,2899,0.00793377026560883,53.338737495688164,female,75-79,114,0.016956715751896476,0.00013453068723477714
E02002133,E08000030,6723,273933,23,2899,0.00793377026560883,53.338737495688164,male,75-79,113,0.016807972631265804,0.00013335059348710363
E02002125,E08000030,6150,273933,21,2579,0.0081426909654905,50.07754943776657,female,75-79,124,0.020162601626016262,0.00016417783410094667
E02002125,E08000030,6150,273933,21,2579,0.0081426909654905,50.07754943776657,male,75-79,113,0.0183739837398374,0.00014961367139844334
E02002111,E08000030,6159,273933,24,2566,0.009353078721745909,57.60561184723305,female,75-79,139,0.02256859879850625,0.00021108588120192907
E02002111,E08000030,6159,273933,24,2566,0.009353078721745909,57.60561184723305,male,75-79,113,0.01834713427504465,0.00017160219119293518
E02002122,E08000030,5626,273933,26,2451,0.010607915136678907,59.68013055895553,female,75-79,72,0.012797724848915748,0.00013575717913986515
E02002122,E08000030,5626,273933,26,2451,0.010607915136678907,59.68013055895553,male,75-79,58,0.010309278350515464,0.00010935994986266915
E02002115,E08000030,6774,273933,19,2716,0.006995581737849779,47.388070692194404,female,75-79,206,0.030410392677886033,0.0002127383876582602
E02002115,E08000030,6774,273933,19,2716,0.006995581737849779,47.388070692194404,male,75-79,141,0.020814880425155006,0.0001456121973777412
E02002143,E08000030,10020,273933,34,3975,0.008553459119496854,85.70566037735848,female,75-79,126,0.012574850299401197,0.00010755846796972092
E02002143,E08000030,10020,273933,34,3975,0.008553459119496854,85.70566037735848,male,75-79,100,0.00998003992015968,8.536386346803248e-05
E02002130,E08000030,6711,273933,30,2715,0.011049723756906077,74.15469613259668,female,75-79,104,0.015496945313664133,0.00017123696479186886
E02002130,E08000030,6711,273933,30,2715,0.011049723756906077,74.15469613259668,male,75-79,95,0.014155863507673968,0.00015641838130026485
E02002126,E08000030,6701,273933,25,2766,0.009038322487346349,60.565798987707886,female,75-79,100,0.014923145799134457,0.00013488020425826515
E02002126,E08000030,6701,273933,25,2766,0.009038322487346349,60.565798987707886,male,75-79,79,0.01178928518131622,0.00010655536136402948
E02002127,E08000030,8612,273933,33,3788,0.008711721224920803,75.02534318901796,female,75-79,121,0.014050162563864375,0.00012240109942120497
E02002127,E08000030,8612,273933,33,3788,0.008711721224920803,75.02534318901796,male,75-79,96,0.01114723641430562,9.711161606971635e-05
E02002121,E08000030,6502,273933,27,2956,0.009133964817320704,59.38903924221922,female,75-79,122,0.01876345739772378,0.00017138475972210487
E02002121,E08000030,6502,273933,27,2956,0.009133964817320704,59.38903924221922,male,75-79,101,0.015533681944017226,0.0001418841043601032
E02002140,E08000030,8199,273933,27,3608,0.007483370288248337,61.35615299334812,female,75-79,114,0.013904134650567142,0.00010404978812785832
E02002140,E08000030,8199,273933,27,3608,0.007483370288248337,61.35615299334812,male,75-79,102,0.012440541529454811,9.309717885124166e-05
E02002135,E08000030,7467,273933,29,3125,0.00928,69.29376,female,75-79,84,0.01124949779027722,0.00010439533949377259
E02002135,E08000030,7467,273933,29,3125,0.00928,69.29376,male,75-79,61,0.008169278157225124,7.581090129904916e-05
E02006122,E07000192,6630,98508,8,1372,0.0058309037900874635,38.65889212827988,female,75-79,130,0.0196078431372549,0.00011433144686446007
E02006122,E07000192,6630,98508,8,1372,0.0058309037900874635,38.65889212827988,male,75-79,93,0.014027149321266969,8.179095814149835e-05
E02006151,E07000194,8781,102062,18,3519,0.005115089514066497,44.915601023017906,female,75-79,147,0.016740690126409292,8.56301285238327e-05
E02006151,E07000194,8781,102062,18,3519,0.005115089514066497,44.915601023017906,male,75-79,159,0.018107277075503928,9.26203430972068e-05
E02006128,E07000192,8441,98508,11,2021,0.0054428500742206825,45.94309747649678,female,75-79,240,0.028432650159933657,0.0001547546520332856
E02006128,E07000192,8441,98508,11,2021,0.0054428500742206825,45.94309747649678,male,75-79,213,0.02523397701694112,0.00013734475367954097
E02002160,E08000031,7038,253250,36,2718,0.013245033112582781,93.21854304635761,female,75-79,132,0.01875532821824382,0.0002484149432879976
E02002160,E08000031,7038,253250,36,2718,0.013245033112582781,93.21854304635761,male,75-79,103,0.014634839443023587,0.00019383893302017997
E02002049,E08000028,6318,316289,724,2583,0.2802942315137437,1770.8989547038327,female,75-79,107,0.016935739157961382,0.004746989992398002
E02002049,E08000028,6318,316289,724,2583,0.2802942315137437,1770.8989547038327,male,75-79,85,0.013453624564735676,0.003770973358447011
E02002170,E08000031,6261,253250,38,2340,0.01623931623931624,101.67435897435898,female,75-79,109,0.017409359527232073,0.0002827160948866747
E02002170,E08000031,6261,253250,38,2340,0.01623931623931624,101.67435897435898,male,75-79,97,0.015492732790289091,0.00025159138719272884
E02002175,E08000031,7269,253250,73,3164,0.02307206068268015,167.710809102402,female,75-79,99,0.01361947998349154,0.00031422946864566445
E02002175,E08000031,7269,253250,73,3164,0.02307206068268015,167.710809102402,male,75-79,109,0.01499518503232907,0.0003459698190139134
E02006156,E07000194,7668,102062,8,3055,0.002618657937806874,20.07986906710311,female,75-79,222,0.028951486697965573,7.581404045293767e-05
E02006156,E07000194,7668,102062,8,3055,0.002618657937806874,20.07986906710311,male,75-79,187,0.024387063119457486,6.386137641756462e-05
E02002153,E08000031,7380,253250,46,2996,0.015353805073431242,113.31108144192257,female,75-79,243,0.032926829268292684,0.0005055521182715165
E02002153,E08000031,7380,253250,46,2996,0.015353805073431242,113.31108144192257,male,75-79,165,0.022357723577235773,0.0003432761296905359
E02002052,E08000028,11268,316289,59,4711,0.012523880280195288,141.1190829972405,female,75-79,188,0.01668441604543841,0.00020895362909803997
E02002052,E08000028,11268,316289,59,4711,0.012523880280195288,141.1190829972405,male,75-79,163,0.014465743698970536,0.00018116724224989634
E02002055,E08000028,9306,316289,59,3933,0.015001271294177472,139.60183066361554,female,75-79,156,0.016763378465506126,0.00025147198816802984
E02002055,E08000028,9306,316289,59,3933,0.015001271294177472,139.60183066361554,male,75-79,134,0.014399312271652698,0.00021600798983664103
E02002048,E08000028,6531,316289,8,2546,0.003142183817753339,20.521602513747055,female,75-79,184,0.028173327208696985,8.85257728474375e-05
E02002048,E08000028,6531,316289,8,2546,0.003142183817753339,20.521602513747055,male,75-79,148,0.02266115449395192,7.120551294250407e-05
E02002171,E08000031,7412,253250,63,2973,0.02119071644803229,157.06559031281535,female,75-79,124,0.01672962763086886,0.0003545127954069082
E02002171,E08000031,7412,253250,63,2973,0.02119071644803229,157.06559031281535,male,75-79,136,0.01834862385321101,0.00038882048528499617
E02002181,E08000031,7544,253250,194,2860,0.06783216783216783,511.72587412587416,female,75-79,127,0.01683457051961824,0.0011419254128692093
E02002181,E08000031,7544,253250,194,2860,0.06783216783216783,511.72587412587416,male,75-79,99,0.013123011664899258,0.0008901623297169427
E02002051,E08000028,5608,316289,511,2576,0.1983695652173913,1112.4565217391305,female,75-79,92,0.016405135520684736,0.0032542796005706133
E02002051,E08000028,5608,316289,511,2576,0.1983695652173913,1112.4565217391305,male,75-79,66,0.011768901569186876,0.002334591887365875
E02006810,E08000028,10065,316289,36,4151,0.008672609009877139,87.2898096844134,female,75-79,205,0.02036761053154496,0.0001766403226055453
E02006810,E08000028,10065,316289,36,4151,0.008672609009877139,87.2898096844134,male,75-79,178,0.017685047193243916,0.00015337549962822958
E02006124,E07000192,7632,98508,8,1666,0.004801920768307323,36.64825930372149,female,75-79,134,0.017557651991614256,8.431045374124492e-05
E02006124,E07000192,7632,98508,8,1666,0.004801920768307323,36.64825930372149,male,75-79,107,0.014019916142557652,6.732252649487468e-05
E02006202,E07000197,8878,132044,10,1780,0.0056179775280898875,49.87640449438202,female,75-79,197,0.022189682360892093,0.00012466113685894435
E02006202,E07000197,8878,132044,10,1780,0.0056179775280898875,49.87640449438202,male,75-79,202,0.02275287226852895,0.00012782512510409522
E02006186,E07000196,12377,110688,2790,4611,0.605074821080026,7489.0110605074815,female,75-79,394,0.03183323907247314,0.019261491436174377
E02006186,E07000196,12377,110688,2790,4611,0.605074821080026,7489.0110605074815,male,75-79,343,0.027712692898117477,0.01676825269697414
E02002071,E08000028,6650,316289,1140,2828,0.4031117397454031,2680.6930693069307,female,75-79,109,0.016390977443609022,0.006607395433420892
E02002071,E08000028,6650,316289,1140,2828,0.4031117397454031,2680.6930693069307,male,75-79,105,0.015789473684210527,0.006364922206506365
E02001886,E08000025,9196,1101521,15,3600,0.004166666666666667,38.31666666666666,female,75-79,99,0.01076555023923445,4.485645933014354e-05
E02001886,E08000025,9196,1101521,15,3600,0.004166666666666667,38.31666666666666,male,75-79,103,0.011200521966072205,4.6668841525300853e-05
E02002067,E08000028,5450,316289,1329,2304,0.5768229166666666,3143.684895833333,female,75-79,141,0.02587155963302752,0.01492330848623853
E02002067,E08000028,5450,316289,1329,2304,0.5768229166666666,3143.684895833333,male,75-79,123,0.02256880733944954,0.013018205275229356
E02002014,E08000027,7170,315653,2764,3215,0.8597200622083981,6164.192846034215,female,75-79,97,0.013528591352859136,0.011630801399472052
E02002014,E08000027,7170,315653,2764,3215,0.8597200622083981,6164.192846034215,male,75-79,84,0.011715481171548118,0.010072034201604664
E02002031,E08000027,5952,315653,1897,2242,0.8461195361284567,5036.103479036574,female,75-79,90,0.015120967741935484,0.01279414621161981
E02002031,E08000027,5952,315653,1897,2242,0.8461195361284567,5036.103479036574,male,75-79,55,0.009240591397849463,0.007818644907100995
E02002032,E08000027,10187,315653,3407,4176,0.8158524904214559,8311.08931992337,female,75-79,166,0.016295278295867282,0.01329454337979402
E02002032,E08000027,10187,315653,3407,4176,0.8158524904214559,8311.08931992337,male,75-79,154,0.015117306370864827,0.012333492051134211
E02002001,E08000027,6002,315653,1811,2412,0.7508291873963516,4506.476782752902,female,75-79,127,0.021159613462179275,0.015887255381428968
E02002001,E08000027,6002,315653,1811,2412,0.7508291873963516,4506.476782752902,male,75-79,120,0.019993335554815063,0.015011579887964378
E02002077,E08000028,10521,316289,3346,4614,0.7251842219332466,7629.663198959687,female,75-79,150,0.014257199885942401,0.010339096406233912
E02002077,E08000028,10521,316289,3346,4614,0.7251842219332466,7629.663198959687,male,75-79,148,0.014067103887463168,0.010201241787484126
E02001900,E08000025,7094,1101521,8,2566,0.003117692907248636,22.116913484021826,female,75-79,78,0.01099520721736679,3.427967955531345e-05
E02001900,E08000025,7094,1101521,8,2566,0.003117692907248636,22.116913484021826,male,75-79,88,0.01240484916831125,3.8674510267533125e-05
E02006181,E07000196,5700,110688,41,2088,0.019636015325670497,111.92528735632183,female,75-79,156,0.02736842105263158,0.0005374067352288768
E02006181,E07000196,5700,110688,41,2088,0.019636015325670497,111.92528735632183,male,75-79,117,0.020526315789473684,0.00040305505142165755
E02001879,E08000025,10994,1101521,20,4424,0.0045207956600361665,49.701627486437616,female,75-79,110,0.010005457522284883,4.523262894342171e-05
E02001879,E08000025,10994,1101521,20,4424,0.0045207956600361665,49.701627486437616,male,75-79,89,0.00809532472257595,3.6597308872404835e-05
E02001866,E08000025,8949,1101521,8,3671,0.002179242713157178,19.502043040043585,female,75-79,86,0.009610012291876188,2.094254926042209e-05
E02001866,E08000025,8949,1101521,8,3671,0.002179242713157178,19.502043040043585,male,75-79,88,0.009833500949826796,2.142958528973423e-05
E02002008,E08000027,8544,315653,2480,2912,0.8516483516483516,7276.483516483516,female,75-79,105,0.01228932584269663,0.010466184096802075
E02002008,E08000027,8544,315653,2480,2912,0.8516483516483516,7276.483516483516,male,75-79,94,0.01100187265917603,0.009369726715232334
E02002004,E08000027,7541,315653,2747,3237,0.8486252703120173,6399.483163422922,female,75-79,166,0.022012995623922556,0.01868078436172853
E02002004,E08000027,7541,315653,2747,3237,0.8486252703120173,6399.483163422922,male,75-79,131,0.017371701365866597,0.014742064767388182
E02002167,E08000031,6614,253250,90,2412,0.03731343283582089,246.79104477611938,female,75-79,172,0.02600544299969761,0.0009703523507349854
E02002167,E08000031,6614,253250,90,2412,0.03731343283582089,246.79104477611938,male,75-79,160,0.02419110976716057,0.0009026533495209167
E02006182,E07000196,6858,110688,47,2192,0.02144160583941606,147.04653284671534,female,75-79,197,0.028725575969670458,0.0006159224774518758
E02006182,E07000196,6858,110688,47,2192,0.02144160583941606,147.04653284671534,male,75-79,126,0.01837270341207349,0.00039394026476617433
E02002079,E08000028,8081,316289,153,3774,0.04054054054054054,327.6081081081081,female,75-79,150,0.018562059151095163,0.000752515911530885
E02002079,E08000028,8081,316289,153,3774,0.04054054054054054,327.6081081081081,male,75-79,122,0.01509714144289073,0.0006120462747117864
E02001861,E08000025,10383,1101521,8,4006,0.00199700449326011,20.73489765351972,female,75-79,94,0.009053260136762015,1.8079401171766384e-05
E02001861,E08000025,10383,1101521,8,4006,0.00199700449326011,20.73489765351972,male,75-79,94,0.009053260136762015,1.8079401171766384e-05
E02002025,E08000027,7828,315653,1831,3361,0.5447783397798275,4264.524843796489,female,75-79,145,0.01852324987225345,0.010091065312733136
E02002025,E08000027,7828,315653,1831,3361,0.5447783397798275,4264.524843796489,male,75-79,137,0.017501277465508433,0.009534316881685791
E02002162,E08000031,7547,253250,87,2826,0.03078556263269639,232.33864118895966,female,75-79,235,0.031138200609513715,0.0009586070251336494
E02002162,E08000031,7547,253250,87,2826,0.03078556263269639,232.33864118895966,male,75-79,192,0.02544057241287929,0.0007832023354283434
E02002010,E08000027,7321,315653,3068,3523,0.8708487084870848,6375.483394833948,female,75-79,139,0.0189864772572053,0.016534349198156644
E02002010,E08000027,7321,315653,3068,3523,0.8708487084870848,6375.483394833948,male,75-79,105,0.014342302964075945,0.012489976012996026
E02001873,E08000025,11051,1101521,12,4852,0.00247320692497939,27.33140972794724,female,75-79,111,0.010044339878744006,2.484173094495632e-05
E02001873,E08000025,11051,1101521,12,4852,0.00247320692497939,27.33140972794724,male,75-79,73,0.006605737037372184,1.6337354585421724e-05
E02002073,E08000028,7623,316289,34,3367,0.010098010098010098,76.97713097713097,female,75-79,125,0.016397743670470942,0.00016558458116899672
E02002073,E08000028,7623,316289,34,3367,0.010098010098010098,76.97713097713097,male,75-79,102,0.01338055883510429,0.00013511701823390134
E02002161,E08000031,6390,253250,29,2544,0.01139937106918239,72.84198113207546,female,75-79,49,0.007668231611893584,8.741301758840955e-05
E02002161,E08000031,6390,253250,29,2544,0.01139937106918239,72.84198113207546,male,75-79,48,0.007511737089201878,8.562907845395221e-05
E02002174,E08000031,7479,253250,127,2806,0.04526015680684248,338.5007127583749,female,75-79,144,0.019253910950661854,0.000871435028771937
E02002174,E08000031,7479,253250,127,2806,0.04526015680684248,338.5007127583749,male,75-79,103,0.01377189463832063,0.0006233181108577049
E02002164,E08000031,7261,253250,33,2344,0.014078498293515358,102.22397610921502,female,75-79,63,0.00867649084148189,0.00012215196150550442
E02002164,E08000031,7261,253250,33,2344,0.014078498293515358,102.22397610921502,male,75-79,48,0.006610659688748106,9.306816114705098e-05
E02002076,E08000028,10852,316289,28,4164,0.0067243035542747355,72.97214217098943,female,75-79,144,0.013269443420567637,8.922776555617046e-05
E02002076,E08000028,10852,316289,28,4164,0.0067243035542747355,72.97214217098943,male,75-79,118,0.010873571691854036,7.311719677519524e-05
E02001857,E08000025,13611,1101521,14,5507,0.002542218994007627,34.60214272743781,female,75-79,164,0.012049077951656748,3.063139482898029e-05
E02001857,E08000025,13611,1101521,14,5507,0.002542218994007627,34.60214272743781,male,75-79,126,0.009257218426272867,2.3533876514948276e-05
E02002176,E08000031,7652,253250,160,3000,0.05333333333333334,408.1066666666667,female,75-79,129,0.016858337689492943,0.0008991113434396237
E02002176,E08000031,7652,253250,160,3000,0.05333333333333334,408.1066666666667,male,75-79,99,0.012937794040773654,0.0006900156821745949
E02002005,E08000027,8668,315653,3163,3831,0.8256329939963456,7156.586791960323,female,75-79,130,0.014997692662667282,0.012382589896115013
E02002005,E08000027,8668,315653,3163,3831,0.8256329939963456,7156.586791960323,male,75-79,117,0.013497923396400553,0.01114433090650351
E02002074,E08000028,8186,316289,66,3525,0.01872340425531915,153.26978723404255,female,75-79,133,0.01624725140483753,0.000304203856090575
E02002074,E08000028,8186,316289,66,3525,0.01872340425531915,153.26978723404255,male,75-79,125,0.0152699731248473,0.000285905879784375
E02002075,E08000028,8887,316289,1645,3984,0.41290160642570284,3669.456576305221,female,75-79,187,0.02104197141892652,0.008688263801238487
E02002075,E08000028,8887,316289,1645,3984,0.41290160642570284,3669.456576305221,male,75-79,128,0.014403060650388207,0.005947046879992119
E02001858,E08000025,8646,1101521,8,3191,0.0025070510811657787,21.67596364775932,female,75-79,110,0.01272264631043257,3.189632418785978e-05
E02001858,E08000025,8646,1101521,8,3191,0.0025070510811657787,21.67596364775932,male,75-79,81,0.009368494101318528,2.3487293265605834e-05
E02002150,E08000031,5718,253250,27,2139,0.012622720897615708,72.17671809256662,female,75-79,105,0.018363064008394544,0.00023179183180301667
E02002150,E08000031,5718,253250,27,2139,0.012622720897615708,72.17671809256662,male,75-79,80,0.013990905911157748,0.00017660330042134603
E02002154,E08000031,5629,253250,34,2198,0.015468607825295723,87.07279344858962,female,75-79,90,0.015988630307337003,0.00024732185188783355
E02002154,E08000031,5629,253250,34,2198,0.015468607825295723,87.07279344858962,male,75-79,77,0.013679161485166104,0.00021159758439292427
E02001862,E08000025,10446,1101521,19,4254,0.004466384579219558,46.655853314527505,female,75-79,133,0.01273214627608654,5.686666178788065e-05
E02001862,E08000025,10446,1101521,19,4254,0.004466384579219558,46.655853314527505,male,75-79,82,0.007849894696534559,3.506064862109935e-05
E02002180,E08000031,6437,253250,436,2514,0.17342879872712808,1116.3611774065234,female,75-79,200,0.031070374398011497,0.005388497707849249
E02002180,E08000031,6437,253250,436,2514,0.17342879872712808,1116.3611774065234,male,75-79,133,0.020661798974677646,0.0035833509757197506
E02002169,E08000031,8665,253250,103,3248,0.031711822660098525,274.78294334975374,female,75-79,210,0.024235429890363532,0.0007685496547744594
E02002169,E08000031,8665,253250,103,3248,0.031711822660098525,274.78294334975374,male,75-79,175,0.020196191575302943,0.0006404580456453828
E02002066,E08000028,7403,316289,67,3279,0.020433058859408357,151.26593473620008,female,75-79,103,0.013913278400648385,0.0002842908364877834
E02002066,E08000028,7403,316289,67,3279,0.020433058859408357,151.26593473620008,male,75-79,77,0.010401188707280832,0.00021252810106368275
E02002003,E08000027,9101,315653,2767,3902,0.7091235263967196,6453.733213736545,female,75-79,243,0.026700362597516757,0.01893385528122216
E02002003,E08000027,9101,315653,2767,3902,0.7091235263967196,6453.733213736545,male,75-79,213,0.023404021536094936,0.016596342283540413
E02002165,E08000031,7660,253250,52,2814,0.01847903340440654,141.54939587775408,female,75-79,100,0.013054830287206266,0.0002412406449661428
E02002165,E08000031,7660,253250,52,2814,0.01847903340440654,141.54939587775408,male,75-79,77,0.010052219321148826,0.00018575529662392997
E02002069,E08000028,6634,316289,455,2932,0.15518417462482947,1029.4918144611188,female,75-79,180,0.027132951462164608,0.004210604677791574
E02002069,E08000028,6634,316289,455,2932,0.15518417462482947,1029.4918144611188,male,75-79,130,0.019596020500452217,0.003040992267293915
E02002151,E08000031,5868,253250,28,2104,0.013307984790874524,78.09125475285171,female,75-79,71,0.012099522835719155,0.00016102026587458952
E02002151,E08000031,5868,253250,28,2104,0.013307984790874524,78.09125475285171,male,75-79,60,0.010224948875255624,0.00013607346411937142
E02002157,E08000031,7644,253250,52,2645,0.019659735349716444,150.2790170132325,female,75-79,169,0.022108843537414966,0.000434654012833867
E02002157,E08000031,7644,253250,52,2645,0.019659735349716444,150.2790170132325,male,75-79,124,0.016221873364730507,0.000318917737227216
E02002159,E08000031,5964,253250,39,2249,0.017341040462427744,103.42196531791906,female,75-79,61,0.0102280348759222,0.000177364766634489
E02002159,E08000031,5964,253250,39,2249,0.017341040462427744,103.42196531791906,male,75-79,41,0.00687458081824279,0.00011921238413137785
E02001844,E08000025,9936,1101521,9,4181,0.0021525950729490554,21.388184644821816,female,75-79,240,0.024154589371980676,5.1995050071233224e-05
E02001844,E08000025,9936,1101521,9,4181,0.0021525950729490554,21.388184644821816,male,75-79,174,0.017512077294685992,3.769641130164409e-05
E02002182,E08000031,6646,253250,769,2842,0.2705840957072484,1798.3019000703728,female,75-79,109,0.016400842612097503,0.004437807167031308
E02002182,E08000031,6646,253250,769,2842,0.2705840957072484,1798.3019000703728,male,75-79,89,0.013391513692446585,0.003623530622621894
E02001850,E08000025,8434,1101521,8,3079,0.0025982461838259174,21.913608314387787,female,75-79,147,0.01742945221721603,4.528600770955773e-05
E02001850,E08000025,8434,1101521,8,3079,0.0025982461838259174,21.913608314387787,male,75-79,97,0.011501067109319422,2.9882603726714962e-05
E02002155,E08000031,6227,253250,22,2531,0.00869221651521138,54.12643224022126,female,75-79,82,0.013168459932551791,0.00011446310490562601
E02002155,E08000031,6227,253250,22,2531,0.00869221651521138,54.12643224022126,male,75-79,69,0.01108077726031797,9.631651510351456e-05
E02001837,E08000025,10601,1101521,8,4727,0.0016924053310767928,17.94118891474508,female,75-79,139,0.013111970568814264,2.219076889158327e-05
E02001837,E08000025,10601,1101521,8,4727,0.0016924053310767928,17.94118891474508,male,75-79,77,0.007263465710782002,1.2292728091020946e-05
E02002000,E08000027,7828,315653,1919,3360,0.5711309523809524,4470.813095238095,female,75-79,162,0.020694941236586613,0.011819521497919556
E02002000,E08000027,7828,315653,1919,3360,0.5711309523809524,4470.813095238095,male,75-79,144,0.018395503321410323,0.01050624133148405
E02002149,E08000031,10130,253250,46,3910,0.011764705882352941,119.17647058823529,female,75-79,247,0.024383020730503455,0.0002868590674176877
E02002149,E08000031,10130,253250,46,3910,0.011764705882352941,119.17647058823529,male,75-79,200,0.019743336623889437,0.0002322745485163463
E02006176,E07000196,7483,110688,20,2057,0.009722897423432183,72.75644141954302,female,75-79,222,0.02966724575704931,0.0002884515873315441
E02006176,E07000196,7483,110688,20,2057,0.009722897423432183,72.75644141954302,male,75-79,216,0.028865428304156088,0.00028065559848474564
E02002156,E08000031,8211,253250,45,3261,0.013799448022079117,113.30726770929162,female,75-79,166,0.02021678236511996,0.0002789804374211586
E02002156,E08000031,8211,253250,45,3261,0.013799448022079117,113.30726770929162,male,75-79,112,0.013640238704177323,0.0001882277650070468
E02002152,E08000031,6251,253250,37,2675,0.013831775700934579,86.46242990654206,female,75-79,102,0.016317389217725162,0.0002256984676844228
E02002152,E08000031,6251,253250,37,2675,0.013831775700934579,86.46242990654206,male,75-79,87,0.013917773156294992,0.00019250751655436064
E02002063,E08000028,9625,316289,1050,3929,0.26724357342835325,2572.2193942479003,female,75-79,135,0.014025974025974027,0.0037483514195145655
E02002063,E08000028,9625,316289,1050,3929,0.26724357342835325,2572.2193942479003,male,75-79,97,0.010077922077922078,0.0026932599088363915
E02002070,E08000028,9356,316289,32,4370,0.007322654462242563,68.51075514874142,female,75-79,148,0.01581872595126122,0.00011583506417399522
E02002070,E08000028,9356,316289,32,4370,0.007322654462242563,68.51075514874142,male,75-79,102,0.010902094912355708,7.983227395775347e-05
E02002064,E08000028,12292,316289,1836,4906,0.374235629841011,4600.104362005707,female,75-79,182,0.014806378132118452,0.00554107424593752
E02002064,E08000028,12292,316289,1836,4906,0.374235629841011,4600.104362005707,male,75-79,157,0.01277253498210218,0.004779937673693355
E02006179,E07000196,8820,110688,26,2574,0.010101010101010102,89.0909090909091,female,75-79,143,0.016213151927437643,0.00016376921138825903
E02006179,E07000196,8820,110688,26,2574,0.010101010101010102,89.0909090909091,male,75-79,157,0.017800453514739228,0.0001798025607549417
E02002163,E08000031,11710,253250,44,4472,0.009838998211091235,115.21466905187836,female,75-79,116,0.009906063193851409,9.746573804326073e-05
E02002163,E08000031,11710,253250,44,4472,0.009838998211091235,115.21466905187836,male,75-79,114,0.009735269000853971,9.578529428389417e-05
E02002058,E08000028,12006,316289,1237,5355,0.23099906629318395,2773.3747899159666,female,75-79,151,0.012577044810927869,0.002905285608051872
E02002058,E08000028,12006,316289,1237,5355,0.23099906629318395,2773.3747899159666,male,75-79,106,0.008828918873896386,0.0020394720162483343
E02002065,E08000028,12333,316289,40,5232,0.00764525993883792,94.28899082568807,female,75-79,158,0.012811157058298873,9.794462582797303e-05
E02002065,E08000028,12333,316289,40,5232,0.00764525993883792,94.28899082568807,male,75-79,101,0.008189410524608772,6.261017220648908e-05
E02002158,E08000031,7354,253250,40,3054,0.01309757694826457,96.31958087753765,female,75-79,217,0.02950775088387272,0.00038648003777174485
E02002158,E08000031,7354,253250,40,3054,0.01309757694826457,96.31958087753765,male,75-79,184,0.025020397062822955,0.0003277065758064565
E02002061,E08000028,5723,316289,28,2656,0.010542168674698794,60.3328313253012,female,75-79,107,0.01869648785601957,0.00019710152860261593
E02002061,E08000028,5723,316289,28,2656,0.010542168674698794,60.3328313253012,male,75-79,84,0.014677616634632186,0.00015473391030485737
E02006894,E08000031,13025,253250,135,4910,0.0274949083503055,358.1211812627291,female,75-79,159,0.012207293666026872,0.00033563842055267366
E02006894,E08000031,13025,253250,135,4910,0.0274949083503055,358.1211812627291,male,75-79,150,0.011516314779270634,0.0003166400193893148
E02002059,E08000028,10733,316289,44,4615,0.009534127843986998,102.32979414951245,female,75-79,172,0.01602534240193795,0.0001527876632037421
E02002059,E08000028,10733,316289,44,4615,0.009534127843986998,102.32979414951245,male,75-79,160,0.014907295257616696,0.00014212805879417866
E02001842,E08000025,7584,1101521,10,2849,0.00351000351000351,26.61986661986662,female,75-79,142,0.018723628691983123,6.57200024288632e-05
E02001842,E08000025,7584,1101521,10,2849,0.00351000351000351,26.61986661986662,male,75-79,107,0.014108649789029535,4.952141028090395e-05
E02006174,E07000196,10383,110688,12,2102,0.005708848715509039,59.27497621313035,female,75-79,212,0.020417990946739864,0.00011656322138957107
E02006174,E07000196,10383,110688,12,2102,0.005708848715509039,59.27497621313035,male,75-79,227,0.02186266011749976,0.0001248106191293992
E02002177,E08000031,9490,253250,161,3469,0.04641106947247045,440.4410492937446,female,75-79,132,0.013909378292939936,0.0006455491222725078
E02002177,E08000031,9490,253250,161,3469,0.04641106947247045,440.4410492937446,male,75-79,114,0.012012644889357217,0.000557519696508075
E02002056,E08000028,8965,316289,1566,4445,0.3523059617547806,3158.4229471316085,female,75-79,131,0.014612381483547128,0.005148029112088819
E02002056,E08000028,8965,316289,1566,4445,0.3523059617547806,3158.4229471316085,male,75-79,87,0.009704406023424428,0.0034189200973414294
E02002057,E08000028,9255,316289,2145,4624,0.4638840830449827,4293.247188581315,female,75-79,150,0.01620745542949757,0.007518380600404905
E02002057,E08000028,9255,316289,2145,4624,0.4638840830449827,4293.247188581315,male,75-79,123,0.013290113452188007,0.006165072092332023
E02002068,E08000028,12466,316289,24,5537,0.004334477153693336,54.03359219794112,female,75-79,109,0.008743783090004812,3.789972804047598e-05
E02002068,E08000028,12466,316289,24,5537,0.004334477153693336,54.03359219794112,male,75-79,100,0.008021819348628268,3.477039269768438e-05
E02002060,E08000028,6401,316289,64,2791,0.02293084915800788,146.78036546040843,female,75-79,114,0.01780971723168255,0.00040839193938648627
E02002060,E08000028,6401,316289,64,2791,0.02293084915800788,146.78036546040843,male,75-79,103,0.016091235744414935,0.0003689856996211235
E02002053,E08000028,6052,316289,13,2352,0.0055272108843537416,33.45068027210884,female,75-79,111,0.01834104428288169,0.00010137481959075764
E02002053,E08000028,6052,316289,13,2352,0.0055272108843537416,33.45068027210884,male,75-79,89,0.014705882352941176,8.128251300520208e-05
E02002062,E08000028,7752,316289,41,3473,0.011805355600345523,91.51511661387849,female,75-79,140,0.01805985552115583,0.000213203016518108
E02002062,E08000028,7752,316289,41,3473,0.011805355600345523,91.51511661387849,male,75-79,108,0.01393188854489164,0.00016447089845682617
E02002166,E08000031,9374,253250,65,3801,0.017100762957116548,160.3025519600105,female,75-79,156,0.016641775122679753,0.0002845870515585856
E02002166,E08000031,9374,253250,65,3801,0.017100762957116548,160.3025519600105,male,75-79,140,0.014934926392148495,0.0002553986360141153
E02002072,E08000028,8540,316289,131,3492,0.03751431844215349,320.3722794959908,female,75-79,148,0.017330210772833723,0.0006501310456017232
E02002072,E08000028,8540,316289,131,3492,0.03751431844215349,320.3722794959908,male,75-79,114,0.013348946135831381,0.0005007766162067328
E02002178,E08000031,8046,253250,167,2985,0.0559463986599665,450.14472361809044,female,75-79,172,0.021377081779766344,0.001195970739437514
E02002178,E08000031,8046,253250,167,2985,0.0559463986599665,450.14472361809044,male,75-79,134,0.0166542381307482,0.000931744645840854
E02006184,E07000196,5448,110688,56,1700,0.03294117647058824,179.4635294117647,female,75-79,52,0.009544787077826725,0.00031441651550488035
E02006184,E07000196,5448,110688,56,1700,0.03294117647058824,179.4635294117647,male,75-79,52,0.009544787077826725,0.00031441651550488035
E02006183,E07000196,7502,110688,91,2432,0.03741776315789474,280.70805921052636,female,75-79,154,0.020527859237536656,0.0007681065750887483
E02006183,E07000196,7502,110688,91,2432,0.03741776315789474,280.70805921052636,male,75-79,141,0.018794988003199148,0.0007032664096591787
E02006008,E06000051,7797,310774,11,2787,0.003946896304269824,30.773950484391815,female,75-79,182,0.023342311145312298,9.212968159254942e-05
E02006008,E06000051,7797,310774,11,2787,0.003946896304269824,30.773950484391815,male,75-79,168,0.021546748749519045,8.504278300850717e-05
E02006009,E06000051,7325,310774,27,2987,0.009039169735520589,66.21191831268831,female,75-79,189,0.025802047781569967,0.00023322908942162337
E02006009,E06000051,7325,310774,27,2987,0.009039169735520589,66.21191831268831,male,75-79,169,0.023071672354948804,0.00020854876249870027
E02006185,E07000196,7124,110688,1799,3014,0.5968812209688122,4252.181818181818,female,75-79,186,0.026108927568781585,0.015583928565440636
E02006185,E07000196,7124,110688,1799,3014,0.5968812209688122,4252.181818181818,male,75-79,169,0.023722627737226276,0.014159591008384232
E02002007,E08000027,8924,315653,3107,3605,0.8618585298196949,7691.225520110957,female,75-79,311,0.03484984311967727,0.030035634555572066
E02002007,E08000027,8924,315653,3107,3605,0.8618585298196949,7691.225520110957,male,75-79,290,0.03249663827879874,0.028007504891047905
E02002941,E06000020,10177,169768,25,4322,0.005784359093012495,58.86742248958816,female,75-79,166,0.01631129016409551,9.435035957945114e-05
E02002941,E06000020,10177,169768,25,4322,0.005784359093012495,58.86742248958816,male,75-79,151,0.01483737840227965,8.58247246776935e-05
E02002080,E08000028,6839,316289,2355,3075,0.7658536585365854,5237.673170731708,female,75-79,130,0.019008626992250328,0.014557826525772203
E02002080,E08000028,6839,316289,2355,3075,0.7658536585365854,5237.673170731708,male,75-79,118,0.01725398450065799,0.013214027154162462
E02001925,E08000025,6588,1101521,11,2553,0.004308656482569526,28.385428907168038,female,75-79,145,0.02200971463266545,9.483229963153935e-05
E02001925,E08000025,6588,1101521,11,2553,0.004308656482569526,28.385428907168038,male,75-79,97,0.0147237401335762,6.34395383742022e-05
E02001890,E08000025,10590,1101521,18,3528,0.00510204081632653,54.03061224489795,female,75-79,112,0.010576015108593012,5.395926075812761e-05
E02001890,E08000025,10590,1101521,18,3528,0.00510204081632653,54.03061224489795,male,75-79,150,0.014164305949008499,7.226686708677804e-05
E02002038,E08000027,9391,315653,2749,3729,0.7371949584338965,6922.997854652722,female,75-79,190,0.020232137152592908,0.014915029507234622
E02002038,E08000027,9391,315653,2749,3729,0.7371949584338965,6922.997854652722,male,75-79,135,0.014375465871579172,0.010597520965666705
E02002946,E06000020,7932,169768,24,2991,0.00802407221664995,63.6469408224674,female,75-79,133,0.01676752395360565,0.0001345438230981396
E02002946,E06000020,7932,169768,24,2991,0.00802407221664995,63.6469408224674,male,75-79,108,0.01361573373676248,0.00010925363078645922
E02002943,E06000020,10466,169768,33,4085,0.008078335373317013,84.54785801713587,female,75-79,90,0.008599273839098032,6.946781803922523e-05
E02002943,E06000020,10466,169768,33,4085,0.008078335373317013,84.54785801713587,male,75-79,74,0.007070514045480604,5.711798372114074e-05
E02001950,E08000025,8602,1101521,8,3466,0.002308136180034622,19.85458742065782,female,75-79,159,0.018484073471285747,4.2663758733492776e-05
E02001950,E08000025,8602,1101521,8,3466,0.002308136180034622,19.85458742065782,male,75-79,136,0.015810276679841896,3.6492271621100736e-05
E02002179,E08000031,6327,253250,182,2259,0.08056662239929172,509.74501992031867,female,75-79,143,0.022601548917338392,0.0018209304572623227
E02002179,E08000031,6327,253250,182,2259,0.08056662239929172,509.74501992031867,male,75-79,122,0.019282440335071913,0.0015535210894126108
E02002932,E06000020,9089,169768,14,3567,0.003924866834875245,35.673114662181106,female,75-79,123,0.013532841896798327,5.311460234235396e-05
E02002932,E06000020,9089,169768,14,3567,0.003924866834875245,35.673114662181106,male,75-79,109,0.011992518428870063,4.7069037848102297e-05
E02006704,E07000234,6898,95519,9,2842,0.0031667839549612948,21.84447572132301,female,75-79,128,0.01855610321832415,5.876316993839457e-05
E02006704,E07000234,6898,95519,9,2842,0.0031667839549612948,21.84447572132301,male,75-79,141,0.020440707451435197,6.473130438526276e-05
E02006046,E06000051,8908,310774,21,3364,0.00624256837098692,55.608799048751486,female,75-79,191,0.021441400987876065,0.00013384941163656282
E02006046,E06000051,8908,310774,21,3364,0.00624256837098692,55.608799048751486,male,75-79,208,0.02334979793444095,0.0001457627100544768
E02006011,E06000051,5892,310774,35,2308,0.015164644714038129,89.35008665511265,female,75-79,151,0.02562797012898846,0.0003886390617480919
E02006011,E06000051,5892,310774,35,2308,0.015164644714038129,89.35008665511265,male,75-79,131,0.022233536999321114,0.00033716368933112606
E02006043,E06000051,6881,310774,9,2630,0.0034220532319391636,23.547148288973386,female,75-79,153,0.022235140241244004,7.60898335251696e-05
E02006043,E06000051,6881,310774,9,2630,0.0034220532319391636,23.547148288973386,male,75-79,156,0.022671123383229182,7.758179104527097e-05
E02006013,E06000051,7636,310774,234,3144,0.07442748091603053,568.3282442748092,female,75-79,180,0.02357255107386066,0.0017544455951919195
E02006013,E06000051,7636,310774,234,3144,0.07442748091603053,568.3282442748092,male,75-79,174,0.022786799371398637,0.0016959640753521886
E02002948,E06000020,7031,169768,13,2761,0.004708438971387179,33.105034407823254,female,75-79,71,0.010098136822642583,4.7546460954130235e-05
E02002948,E06000020,7031,169768,13,2761,0.004708438971387179,33.105034407823254,male,75-79,61,0.008675864030721092,4.084977631270344e-05
E02002947,E06000020,6762,169768,17,2744,0.00619533527696793,41.892857142857146,female,75-79,62,0.00916888494528246,5.6804316351968595e-05
E02002947,E06000020,6762,169768,17,2744,0.00619533527696793,41.892857142857146,male,75-79,57,0.008429458740017746,5.222332309777758e-05
E02006045,E06000051,11048,310774,9,4637,0.0019409100711667026,21.44317446624973,female,75-79,330,0.02986965966690804,5.797432326982367e-05
E02006045,E06000051,11048,310774,9,4637,0.0019409100711667026,21.44317446624973,male,75-79,288,0.02606806661839247,5.0595773035482475e-05
E02002950,E06000020,5501,169768,15,2409,0.0062266500622665,34.25280199252802,female,75-79,113,0.020541719687329575,0.0001279061001701717
E02002950,E06000020,5501,169768,15,2409,0.0062266500622665,34.25280199252802,male,75-79,97,0.01763315760770769,0.0001097955019159881
E02006010,E06000051,11572,310774,39,4282,0.00910789350770668,105.39654367118169,female,75-79,242,0.02091254752851711,0.00019046925586458833
E02006010,E06000051,11572,310774,39,4282,0.00910789350770668,105.39654367118169,male,75-79,205,0.017715174559281024,0.00016134792335636616
E02006014,E06000051,9310,310774,60,3559,0.01685866816521495,156.9542006181512,female,75-79,217,0.02330827067669173,0.000392946400843356
E02006014,E06000051,9310,310774,60,3559,0.01685866816521495,156.9542006181512,male,75-79,224,0.02406015037593985,0.00040562209119314165
E02002936,E06000020,8985,169768,13,3588,0.0036231884057971015,32.55434782608695,female,75-79,88,0.009794101279910962,3.5485874202575946e-05
E02002936,E06000020,8985,169768,13,3588,0.0036231884057971015,32.55434782608695,male,75-79,78,0.008681135225375626,3.1453388497737776e-05
E02002937,E06000020,10271,169768,19,3808,0.004989495798319327,51.247111344537814,female,75-79,188,0.018303962613182748,9.132754455106937e-05
E02002937,E06000020,10271,169768,19,3808,0.004989495798319327,51.247111344537814,male,75-79,173,0.016843540064258592,8.40407723794415e-05
E02002934,E06000020,5973,169768,8,2312,0.0034602076124567475,20.667820069204154,female,75-79,93,0.0155700652938222,5.3875658456132184e-05
E02002934,E06000020,5973,169768,8,2312,0.0034602076124567475,20.667820069204154,male,75-79,74,0.012389084212288633,4.286880350272883e-05
E02002931,E06000020,6673,169768,12,2265,0.005298013245033113,35.35364238410596,female,75-79,105,0.01573505170088416,8.336451232256508e-05
E02002931,E06000020,6673,169768,12,2265,0.005298013245033113,35.35364238410596,male,75-79,112,0.01678405514760977,8.892214647740276e-05
E02002949,E06000020,5179,169768,19,2064,0.009205426356589148,47.6749031007752,female,75-79,132,0.0254875458582738,0.0002346237264085282
E02002949,E06000020,5179,169768,19,2064,0.009205426356589148,47.6749031007752,male,75-79,83,0.016026259895732767,0.00014752855524172607
E02002933,E06000020,8266,169768,8,3198,0.0025015634771732333,20.677923702313947,female,75-79,166,0.02008226469876603,5.0237059909358426e-05
E02002933,E06000020,8266,169768,8,3198,0.0025015634771732333,20.677923702313947,male,75-79,148,0.017904669731429953,4.4789667870994255e-05
E02006012,E06000051,6249,310774,51,2517,0.02026221692491061,126.6185935637664,female,75-79,136,0.021763482157145145,0.0004409763965094964
E02006012,E06000051,6249,310774,51,2517,0.02026221692491061,126.6185935637664,male,75-79,151,0.024163866218594975,0.0004896134990656909
E02002938,E06000020,7041,169768,10,2924,0.003419972640218878,24.08002735978112,female,75-79,105,0.014912654452492544,5.100087022056274e-05
E02002938,E06000020,7041,169768,10,2924,0.003419972640218878,24.08002735978112,male,75-79,72,0.010225820195994887,3.497202529410016e-05
E02002935,E06000020,6539,169768,17,2641,0.006436955698599016,42.091253313138964,female,75-79,133,0.020339501452821533,0.00013092446978340254
E02002935,E06000020,6539,169768,17,2641,0.006436955698599016,42.091253313138964,male,75-79,139,0.021257072946933783,0.0001368308368413004
E02002942,E06000020,6480,169768,12,2164,0.005545286506469501,35.93345656192236,female,75-79,86,0.013271604938271606,7.359485178339153e-05
E02002942,E06000020,6480,169768,12,2164,0.005545286506469501,35.93345656192236,male,75-79,67,0.010339506172839507,5.7335524063805026e-05
E02002940,E06000020,6097,169768,8,2441,0.0032773453502662844,19.981974600573537,female,75-79,135,0.022142037067410202,7.256710222830054e-05
E02002940,E06000020,6097,169768,8,2441,0.0032773453502662844,19.981974600573537,male,75-79,96,0.015745448581269476,5.160327269568038e-05
E02002945,E06000020,9464,169768,23,3482,0.006605399195864446,62.51349798966112,female,75-79,106,0.011200338123415046,7.398270443381564e-05
E02002945,E06000020,9464,169768,23,3482,0.006605399195864446,62.51349798966112,male,75-79,99,0.010460693153000845,6.909705414101649e-05
E02001851,E08000025,8705,1101521,11,3747,0.0029356818788364024,25.55511075527088,female,75-79,138,0.01585295807007467,4.653924173227151e-05
E02001851,E08000025,8705,1101521,11,3747,0.0029356818788364024,25.55511075527088,male,75-79,107,0.012291786329695577,3.6084774386616316e-05
E02006770,E07000239,7445,98999,86,3002,0.028647568287808126,213.2811459027315,female,75-79,91,0.012222968435191404,0.000350158322926869
E02006770,E07000239,7445,98999,86,3002,0.028647568287808126,213.2811459027315,male,75-79,71,0.009536601746138348,0.0002732004497561285
E02006775,E07000239,5234,98999,39,2137,0.018249883013570427,95.51988769302761,female,75-79,73,0.013947267863966373,0.0002545360068763166
E02006775,E07000239,5234,98999,39,2137,0.018249883013570427,95.51988769302761,male,75-79,77,0.014711501719526175,0.0002684831853352929
E02006752,E07000238,6978,120007,9,2110,0.0042654028436018955,29.763981042654027,female,75-79,146,0.020922900544568645,8.924459947920274e-05
E02006752,E07000238,6978,120007,9,2110,0.0042654028436018955,29.763981042654027,male,75-79,133,0.019059902550874176,8.129816253927373e-05
E02006769,E07000239,7260,98999,102,2631,0.03876852907639681,281.4595210946408,female,75-79,159,0.021900826446280993,0.0008490628268797649
E02006769,E07000239,7260,98999,102,2631,0.03876852907639681,281.4595210946408,male,75-79,121,0.016666666666666666,0.0006461421512732801
E02006780,E07000239,5841,98999,29,2373,0.012220817530552043,71.38179519595448,female,75-79,153,0.026194144838212634,0.00032011386443664826
E02006780,E07000239,5841,98999,29,2373,0.012220817530552043,71.38179519595448,male,75-79,163,0.02790618044855333,0.0003410363392364292
E02006710,E07000235,8023,76224,16,3073,0.005206638464041653,41.77286039700618,female,75-79,192,0.023931197806306866,0.00012460109498890656
E02006710,E07000235,8023,76224,16,3073,0.005206638464041653,41.77286039700618,male,75-79,214,0.026673314221612864,0.00013887830378971877
E02006772,E07000239,6487,98999,81,2650,0.030566037735849056,198.28188679245284,female,75-79,162,0.024973022969014953,0.0007633263624491363
E02006772,E07000239,6487,98999,81,2650,0.030566037735849056,198.28188679245284,male,75-79,147,0.022660706027439494,0.0006926479955556978
E02006768,E07000239,6929,98999,76,2622,0.028985507246376812,200.84057971014494,female,75-79,166,0.023957280992928272,0.0006944139418240078
E02006768,E07000239,6929,98999,76,2622,0.028985507246376812,200.84057971014494,male,75-79,150,0.021648145475537596,0.0006274824775518143
E02006776,E07000239,6600,98999,50,2264,0.022084805653710248,145.75971731448763,female,75-79,97,0.014696969696969696,0.0003245797194560445
E02006776,E07000239,6600,98999,50,2264,0.022084805653710248,145.75971731448763,male,75-79,89,0.013484848484848485,0.0002978102580576079
E02006779,E07000239,7763,98999,47,2986,0.015740120562625585,122.19055592766242,female,75-79,163,0.020997037227875822,0.0003304958974247031
E02006779,E07000239,7763,98999,47,2986,0.015740120562625585,122.19055592766242,male,75-79,150,0.01932242689681824,0.00030413732891843844
E02006773,E07000239,8336,98999,90,3333,0.027002700270027002,225.09450945094508,female,75-79,180,0.021593090211132437,0.0005830717428748633
E02006773,E07000239,8336,98999,90,3333,0.027002700270027002,225.09450945094508,male,75-79,177,0.02123320537428023,0.0005733538804936156
E02006778,E07000239,6883,98999,44,2683,0.016399552739470743,112.87812150577712,female,75-79,195,0.028330669766090368,0.00046461031297352824
E02006778,E07000239,6883,98999,44,2683,0.016399552739470743,112.87812150577712,male,75-79,145,0.02106639546709284,0.0003454794634931364
E02006771,E07000239,6656,98999,74,2584,0.02863777089783282,190.61300309597524,female,75-79,171,0.025691105769230768,0.0007357360011312217
E02006771,E07000239,6656,98999,74,2584,0.02863777089783282,190.61300309597524,male,75-79,163,0.024489182692307692,0.0007013156034174804
E02006767,E07000239,8853,98999,423,3438,0.12303664921465969,1089.2434554973822,female,75-79,257,0.02902970744380436,0.003571717931567552
E02006767,E07000239,8853,98999,423,3438,0.12303664921465969,1089.2434554973822,male,75-79,216,0.024398508980006776,0.0030019107907338183
E02006711,E07000235,7992,76224,13,2603,0.004994237418363427,39.91394544756051,female,75-79,191,0.023898898898898898,0.00011935677513856537
E02006711,E07000235,7992,76224,13,2603,0.004994237418363427,39.91394544756051,male,75-79,211,0.026401401401401403,0.00013185486677611149
E02006697,E07000234,7343,95519,582,2760,0.2108695652173913,1548.4152173913044,female,75-79,178,0.02424077352580689,0.005111641373920149
E02006697,E07000234,7343,95519,582,2760,0.2108695652173913,1548.4152173913044,male,75-79,173,0.023559852921149396,0.00496805594206846
E02006748,E07000238,6695,120007,28,2468,0.011345218800648298,75.95623987034035,female,75-79,130,0.019417475728155338,0.00022029551069219995
E02006748,E07000238,6695,120007,28,2468,0.011345218800648298,75.95623987034035,male,75-79,149,0.022255414488424198,0.00025249254687029075
E02006753,E07000238,6436,120007,20,2175,0.009195402298850575,59.181609195402295,female,75-79,148,0.022995649471721565,0.00021145424801583047
E02006753,E07000238,6436,120007,20,2175,0.009195402298850575,59.181609195402295,male,75-79,142,0.022063393412057177,0.00020288177850167518
E02006707,E07000234,6848,95519,9,2196,0.004098360655737705,28.065573770491806,female,75-79,126,0.018399532710280372,7.540792094377203e-05
E02006707,E07000234,6848,95519,9,2196,0.004098360655737705,28.065573770491806,male,75-79,127,0.01854556074766355,7.600639650681783e-05
E02001895,E08000025,8221,1101521,8,3569,0.002241524236480807,18.427570748108714,female,75-79,148,0.01800267607347038,4.035343474019699e-05
E02001895,E08000025,8221,1101521,8,3569,0.002241524236480807,18.427570748108714,male,75-79,104,0.012650529132708916,2.835646765527356e-05
E02006706,E07000234,7094,95519,13,2640,0.004924242424242424,34.932575757575755,female,75-79,153,0.02156752184945024,0.00010620370607683829
E02006706,E07000234,7094,95519,13,2640,0.004924242424242424,34.932575757575755,male,75-79,121,0.017056667606427968,8.399116624377408e-05
E02006703,E07000234,7229,95519,11,2633,0.004177744018230156,30.200911507785797,female,75-79,149,0.020611426200027667,8.610926251435789e-05
E02006703,E07000234,7229,95519,11,2633,0.004177744018230156,30.200911507785797,male,75-79,137,0.01895144556646839,7.917428835212772e-05
E02006705,E07000234,7134,95519,14,2719,0.0051489518205222505,36.732622287605736,female,75-79,119,0.016680684048219794,8.588803849763778e-05
E02006705,E07000234,7134,95519,14,2719,0.0051489518205222505,36.732622287605736,male,75-79,122,0.01710120549481357,8.805328316564545e-05
E02006702,E07000234,5790,95519,23,2326,0.009888220120378332,57.25279449699054,female,75-79,102,0.017616580310880828,0.00017419662388231256
E02006702,E07000234,5790,95519,23,2326,0.009888220120378332,57.25279449699054,male,75-79,110,0.018998272884283247,0.0001878591041868077
E02006708,E07000234,8466,95519,12,3221,0.003725551071095933,31.54051536789817,female,75-79,118,0.013938105362626978,5.1927123362782906e-05
E02006708,E07000234,8466,95519,12,3221,0.003725551071095933,31.54051536789817,male,75-79,92,0.010866997401370187,4.048555380827142e-05
E02006709,E07000234,7862,95519,12,2822,0.004252303330970942,33.43160878809355,female,75-79,115,0.014627321292292038,6.219980705439562e-05
E02006709,E07000234,7862,95519,12,2822,0.004252303330970942,33.43160878809355,male,75-79,124,0.015772068176036633,6.706761804126137e-05
E02006774,E07000239,7573,98999,64,2899,0.02207657813038979,167.18592618144186,female,75-79,134,0.017694440776442624,0.00039063270427469056
E02006774,E07000239,7573,98999,64,2899,0.02207657813038979,167.18592618144186,male,75-79,129,0.01703420044896342,0.0003760568571002618
E02001946,E08000025,7631,1101521,11,3033,0.003626772172766238,27.67589845037916,female,75-79,132,0.017297863975887826,6.273541171604552e-05
E02001946,E08000025,7631,1101521,11,3033,0.003626772172766238,27.67589845037916,male,75-79,115,0.01507010876687197,5.465585111625178e-05
E02006901,E08000025,15014,1101521,10,5840,0.0017123287671232876,25.70890410958904,female,75-79,122,0.008125749300652725,1.3913954281939596e-05
E02006901,E08000025,15014,1101521,10,5840,0.0017123287671232876,25.70890410958904,male,75-79,134,0.008925003330225124,1.5282539949015624e-05
E02006187,E07000196,7313,110688,2369,2947,0.8038683406854428,5878.689175432643,female,75-79,221,0.030220155886776973,0.02429302656795882
E02006187,E07000196,7313,110688,2369,2947,0.8038683406854428,5878.689175432643,male,75-79,180,0.02461370162723916,0.019786175485215326
E02006777,E07000239,7139,98999,73,2644,0.02760968229954614,197.1055219364599,female,75-79,195,0.02731474996498109,0.000754151568624667
E02006777,E07000239,7139,98999,73,2644,0.02760968229954614,197.1055219364599,male,75-79,223,0.031236867908670682,0.0008624399989912859
E02002002,E08000027,6982,315653,2194,2941,0.7460047602856171,5208.605236314179,female,75-79,290,0.04153537668289888,0.03098558872569879
E02002002,E08000027,6982,315653,2194,2941,0.7460047602856171,5208.605236314179,male,75-79,199,0.028501861930678888,0.02126252467728986
E02002013,E08000027,6563,315653,2277,2637,0.863481228668942,5667.027303754266,female,75-79,204,0.031083346030778607,0.026839885821798592
E02002013,E08000027,6563,315653,2277,2637,0.863481228668942,5667.027303754266,male,75-79,206,0.03138808471735487,0.02710302195730642
E02002078,E08000028,6286,316289,58,2651,0.02187853640135798,137.52847981893626,female,75-79,126,0.0200445434298441,0.00043854527307844504
E02002078,E08000028,6286,316289,58,2651,0.02187853640135798,137.52847981893626,male,75-79,105,0.01670378619153675,0.00036545439423203756
E02002029,E08000027,5821,315653,910,2458,0.37021969080553296,2155.048820179007,female,75-79,165,0.028345645078165265,0.010494115956521721
E02002029,E08000027,5821,315653,910,2458,0.37021969080553296,2155.048820179007,male,75-79,146,0.025081601099467447,0.009285702603952554
E02006696,E07000234,6224,95519,830,2309,0.3594629709831096,2237.297531398874,female,75-79,157,0.025224935732647814,0.009067430341315585
E02006696,E07000234,6224,95519,830,2309,0.3594629709831096,2237.297531398874,male,75-79,140,0.02249357326478149,0.008085606673784598
E02002035,E08000027,6215,315653,1133,2623,0.43194815097216926,2684.557758292032,female,75-79,122,0.019629927594529365,0.008479110928174521
E02002035,E08000027,6215,315653,1133,2623,0.43194815097216926,2684.557758292032,male,75-79,103,0.0165728077232502,0.007158593652475211
E02002027,E08000027,5585,315653,1634,1917,0.8523735002608243,4760.5059989567035,female,75-79,62,0.011101163831692032,0.009462337872188201
E02002027,E08000027,5585,315653,1634,1917,0.8523735002608243,4760.5059989567035,male,75-79,48,0.008594449418084155,0.007325680933306995
E02002023,E08000027,5328,315653,1842,2111,0.8725722406442444,4649.064898152535,female,75-79,101,0.018956456456456456,0.016540877684885266
E02002023,E08000027,5328,315653,1842,2111,0.8725722406442444,4649.064898152535,male,75-79,117,0.02195945945945946,0.01916121474387699
E02002036,E08000027,6538,315653,2415,2792,0.8649713467048711,5655.182664756447,female,75-79,105,0.016059957173447537,0.01389140278433947
E02002036,E08000027,6538,315653,2415,2792,0.8649713467048711,5655.182664756447,male,75-79,87,0.013306821657999388,0.011510019449881276
E02002006,E08000027,6484,315653,2371,2774,0.8547224224945926,5542.020187454938,female,75-79,110,0.016964836520666254,0.014500226168168597
E02002006,E08000027,6484,315653,2371,2774,0.8547224224945926,5542.020187454938,male,75-79,106,0.01634793337446021,0.013972945216598831
E02002039,E08000027,6423,315653,2050,2529,0.8105970739422697,5206.465005931198,female,75-79,164,0.025533239919040947,0.020697169566640545
E02002039,E08000027,6423,315653,2050,2529,0.8105970739422697,5206.465005931198,male,75-79,142,0.02210804919819399,0.01792071999062779
E02002024,E08000027,8489,315653,3028,3483,0.8693654895205283,7380.043640539765,female,75-79,151,0.017787725291553775,0.015464034505548329
E02002024,E08000027,8489,315653,3028,3483,0.8693654895205283,7380.043640539765,male,75-79,145,0.017080928260101307,0.014849569558307999
E02002009,E08000027,6697,315653,2392,2910,0.8219931271477663,5504.887972508591,female,75-79,80,0.011945647304763328,0.009819239983846694
E02002009,E08000027,6697,315653,2392,2910,0.8219931271477663,5504.887972508591,male,75-79,63,0.00940719725250112,0.007732651487279271
E02002018,E08000027,8990,315653,2997,3484,0.8602181400688863,7733.361079219288,female,75-79,296,0.03292547274749722,0.028323088927740863
E02002018,E08000027,8990,315653,2997,3484,0.8602181400688863,7733.361079219288,male,75-79,233,0.025917686318131256,0.02229486391947169
E02002033,E08000027,7674,315653,2219,2966,0.7481456507080243,5741.269723533378,female,75-79,157,0.020458691686213188,0.015306081204216813
E02002033,E08000027,7674,315653,2219,2966,0.7481456507080243,5741.269723533378,male,75-79,136,0.017722178785509513,0.013258770979448959
E02002017,E08000027,8443,315653,3414,3928,0.8691446028513238,7338.187881873727,female,75-79,186,0.022030084093331754,0.019147328690080092
E02002017,E08000027,8443,315653,3414,3928,0.8691446028513238,7338.187881873727,male,75-79,132,0.01563425322752576,0.013588426812314904
E02002041,E08000027,6174,315653,2055,2549,0.8061985092193017,4977.469595919969,female,75-79,208,0.03368966634272757,0.02716055878160265
E02002041,E08000027,6174,315653,2055,2549,0.8061985092193017,4977.469595919969,male,75-79,154,0.024943310657596373,0.020109259867148115
E02002012,E08000027,8054,315653,3436,3885,0.8844272844272845,7123.177348777349,female,75-79,208,0.02582567668239384,0.022840933096706626
E02002012,E08000027,8054,315653,3436,3885,0.8844272844272845,7123.177348777349,male,75-79,158,0.01961758132604917,0.017350324179229073
E02002022,E08000027,8434,315653,3147,3556,0.8849831271091113,7463.947694038245,female,75-79,118,0.013990988854635997,0.012381789067924488
E02002022,E08000027,8434,315653,3147,3556,0.8849831271091113,7463.947694038245,male,75-79,104,0.012331041024424947,0.01091276324630633
E02002034,E08000027,7963,315653,2698,3216,0.8389303482587065,6680.40236318408,female,75-79,169,0.021223157101594878,0.01780475057839023
E02002034,E08000027,7963,315653,2698,3216,0.8389303482587065,6680.40236318408,male,75-79,113,0.014190631671480597,0.011904951570166248
E02002042,E08000027,8222,315653,2220,2974,0.7464694014794889,6137.471418964358,female,75-79,207,0.02517635611773291,0.018793379482638557
E02002042,E08000027,8222,315653,2220,2974,0.7464694014794889,6137.471418964358,male,75-79,180,0.021892483580637313,0.016342069115337875
E02002026,E08000027,7013,315653,2186,2562,0.853239656518345,5983.769711163153,female,75-79,118,0.016825894766861544,0.014356520671490762
E02002026,E08000027,7013,315653,2186,2562,0.853239656518345,5983.769711163153,male,75-79,122,0.017396264080992443,0.014843182389168414
E02002020,E08000027,9771,315653,3408,3903,0.8731744811683321,8531.787855495773,female,75-79,242,0.02476716815064988,0.021626059199952547
E02002020,E08000027,9771,315653,3408,3903,0.8731744811683321,8531.787855495773,male,75-79,243,0.02486951182069389,0.02171542308094409
E02002030,E08000027,6330,315653,2521,2903,0.8684119875990355,5497.047881501895,female,75-79,105,0.016587677725118485,0.01440493818292239
E02002030,E08000027,6330,315653,2521,2903,0.8684119875990355,5497.047881501895,male,75-79,74,0.011690363349131122,0.010152051671773875
E02002028,E08000027,5825,315653,2078,2430,0.8551440329218107,4981.213991769548,female,75-79,172,0.029527896995708156,0.025250604920609692
E02002028,E08000027,5825,315653,2078,2430,0.8551440329218107,4981.213991769548,male,75-79,129,0.022145922746781115,0.018937953690457268
E02002021,E08000027,7518,315653,2907,3277,0.8870918523039365,6669.156545620995,female,75-79,103,0.013700452247938281,0.0121535595620252
E02002021,E08000027,7518,315653,2907,3277,0.8870918523039365,6669.156545620995,male,75-79,92,0.01223729715349827,0.01085560659909047
E02002011,E08000027,5761,315653,2006,2316,0.8661485319516408,4989.881692573403,female,75-79,128,0.022218364867210554,0.019244404112100332
E02002011,E08000027,5761,315653,2006,2316,0.8661485319516408,4989.881692573403,male,75-79,113,0.019614650234334317,0.016989200505213575
E02002019,E08000027,8016,315653,2788,3247,0.8586387434554974,6882.848167539267,female,75-79,136,0.016966067864271458,0.01456772319235874
E02002019,E08000027,8016,315653,2788,3247,0.8586387434554974,6882.848167539267,male,75-79,110,0.013722554890219561,0.011782717287937216
E02002016,E08000027,7873,315653,3246,3671,0.8842277308635249,6961.524925088532,female,75-79,141,0.01790931030102883,0.015835908808809477
E02002016,E08000027,7873,315653,3246,3671,0.8842277308635249,6961.524925088532,male,75-79,111,0.014098818747618442,0.012466566509062778
E02002040,E08000027,6006,315653,1787,2238,0.7984807864164433,4795.675603217158,female,75-79,184,0.030636030636030636,0.02446228183493599
E02002040,E08000027,6006,315653,1787,2238,0.7984807864164433,4795.675603217158,male,75-79,161,0.026806526806526808,0.021404496605568993
E02002015,E08000027,6039,315653,2300,2613,0.880214313050134,5315.614236509759,female,75-79,133,0.022023513826792514,0.019385412094000302
E02002015,E08000027,6039,315653,2300,2613,0.880214313050134,5315.614236509759,male,75-79,131,0.021692333167743005,0.019093902137699546
E02002037,E08000027,5965,315653,1882,2241,0.8398036590807675,5009.428826416778,female,75-79,123,0.020620284995808886,0.017316990790768552
E02002037,E08000027,5965,315653,1882,2241,0.8398036590807675,5009.428826416778,male,75-79,99,0.016596814752724225,0.013938065758423468
E02001901,E08000025,8063,1101521,11,2791,0.003941239699032604,31.778215693299888,female,75-79,104,0.01289842490388193,5.0835784286170266e-05
E02001901,E08000025,8063,1101521,11,2791,0.003941239699032604,31.778215693299888,male,75-79,74,0.009177725412377527,3.617161574208269e-05
E02006698,E07000234,6535,95519,10,2771,0.003608805485384338,23.583543846986647,female,75-79,158,0.024177505738332057,8.725191533140404e-05
E02006698,E07000234,6535,95519,10,2771,0.003608805485384338,23.583543846986647,male,75-79,158,0.024177505738332057,8.725191533140404e-05
E02001921,E08000025,7888,1101521,10,3211,0.003114294612270321,24.56555590158829,female,75-79,133,0.01686105476673428,5.251029201723538e-05
E02001921,E08000025,7888,1101521,10,3211,0.003114294612270321,24.56555590158829,male,75-79,91,0.011536511156186613,3.592809453810842e-05
E02001927,E08000025,7803,1101521,10,3616,0.0027654867256637168,21.579092920353983,female,75-79,133,0.01704472638728694,4.713696456661212e-05
E02001927,E08000025,7803,1101521,10,3616,0.0027654867256637168,21.579092920353983,male,75-79,99,0.012687427912341407,3.508691347439548e-05
E02001952,E08000025,9117,1101521,12,4047,0.0029651593773165306,27.03335804299481,female,75-79,144,0.01579466929911155,4.683371178387412e-05
E02001952,E08000025,9117,1101521,12,4047,0.0029651593773165306,27.03335804299481,male,75-79,87,0.009542612701546561,2.8295367536090618e-05
E02001913,E08000025,7746,1101521,14,2873,0.004872955099199443,37.74591019839888,female,75-79,106,0.013684482313452104,6.668386786924102e-05
E02001913,E08000025,7746,1101521,14,2873,0.004872955099199443,37.74591019839888,male,75-79,84,0.010844306738962044,5.2843819820907974e-05
E02001932,E08000025,7076,1101521,14,3205,0.00436817472698908,30.90920436817473,female,75-79,95,0.013425664217071791,5.864564712605463e-05
E02001932,E08000025,7076,1101521,14,3205,0.00436817472698908,30.90920436817473,male,75-79,79,0.011164499717354438,4.876848550482438e-05
E02001899,E08000025,8050,1101521,17,3211,0.005294300840859545,42.61912176891934,female,75-79,192,0.023850931677018634,0.00012627400763292332
E02001899,E08000025,8050,1101521,17,3211,0.005294300840859545,42.61912176891934,male,75-79,134,0.016645962732919253,8.812873449381106e-05
E02001911,E08000025,8103,1101521,21,3490,0.006017191977077364,48.75730659025788,female,75-79,105,0.01295816364309515,7.797175831088773e-05
E02001911,E08000025,8103,1101521,21,3490,0.006017191977077364,48.75730659025788,male,75-79,82,0.010119708749845736,6.0892230299931366e-05
E02001951,E08000025,8399,1101521,21,3936,0.005335365853658537,44.81173780487805,female,75-79,88,0.01047743779021312,5.590096381973464e-05
E02001951,E08000025,8399,1101521,21,3936,0.005335365853658537,44.81173780487805,male,75-79,77,0.009167758066436481,4.8913343342267815e-05
E02001928,E08000025,6890,1101521,23,3103,0.007412181759587496,51.06993232355784,female,75-79,105,0.015239477503628448,0.00011295777717803876
E02001928,E08000025,6890,1101521,23,3103,0.007412181759587496,51.06993232355784,male,75-79,90,0.013062409288824383,9.682095186689036e-05
E02001920,E08000025,7512,1101521,52,3186,0.016321406151914627,122.60640301318267,female,75-79,104,0.013844515441959531,0.00022596195950467534
E02001920,E08000025,7512,1101521,52,3186,0.016321406151914627,122.60640301318267,male,75-79,83,0.01104898828541001,0.00018033502537392358
E02001906,E08000025,9284,1101521,90,3832,0.02348643006263048,218.04801670146136,female,75-79,185,0.01992675570874623,0.00046800835432859095
E02001906,E08000025,9284,1101521,90,3832,0.02348643006263048,218.04801670146136,male,75-79,147,0.015833692373976735,0.0003718769085746102
E02001935,E08000025,7920,1101521,9,3303,0.0027247956403269754,21.580381471389646,female,75-79,163,0.02058080808080808,5.6078496132992044e-05
E02001935,E08000025,7920,1101521,9,3303,0.0027247956403269754,21.580381471389646,male,75-79,126,0.015909090909090907,4.334902155065642e-05
E02001926,E08000025,7401,1101521,9,2620,0.003435114503816794,25.42328244274809,female,75-79,119,0.01607890825564113,5.523289095449243e-05
E02001926,E08000025,7401,1101521,9,2620,0.003435114503816794,25.42328244274809,male,75-79,85,0.011484934468315092,3.945206496749459e-05
E02001919,E08000025,6664,1101521,8,2649,0.003020007550018875,20.125330313325783,female,75-79,111,0.016656662665066026,5.030324700661691e-05
E02001919,E08000025,6664,1101521,8,2649,0.003020007550018875,20.125330313325783,male,75-79,85,0.012755102040816327,3.8520504464526464e-05
E02001938,E08000025,7790,1101521,8,2854,0.002803083391730904,21.83601962158374,female,75-79,100,0.012836970474967908,3.5983098738522517e-05
E02001938,E08000025,7790,1101521,8,2854,0.002803083391730904,21.83601962158374,male,75-79,81,0.010397946084724006,2.9146309978203237e-05
E02002168,E08000031,11027,253250,76,3901,0.019482184055370416,214.8300435785696,female,80-84,82,0.007436292736011608,0.0001448752237725922
E02002168,E08000031,11027,253250,76,3901,0.019482184055370416,214.8300435785696,male,80-84,95,0.00861521719415979,0.00016784324705361293
E02006130,E07000192,7338,98508,16,1959,0.00816743236345074,59.932618683001536,female,80-84,101,0.013763968383755792,0.00011241628082699984
E02006130,E07000192,7338,98508,16,1959,0.00816743236345074,59.932618683001536,male,80-84,78,0.01062959934587081,8.681653370798008e-05
E02006177,E07000196,9842,110688,32,3021,0.010592519033432638,104.25157232704403,female,80-84,133,0.013513513513513514,0.00014314214910044108
E02006177,E07000196,9842,110688,32,3021,0.010592519033432638,104.25157232704403,male,80-84,142,0.01442796179638285,0.0001528284599418243
E02002134,E08000030,8444,273933,35,3485,0.010043041606886656,84.80344332855093,female,80-84,81,0.009592610137375652,9.63389827283064e-05
E02002134,E08000030,8444,273933,35,3485,0.010043041606886656,84.80344332855093,male,80-84,61,0.0072240644244433916,7.255157958551469e-05
E02002120,E08000030,6211,273933,24,2204,0.010889292196007259,67.63339382940109,female,80-84,42,0.006762196103687007,7.363552925974962e-05
E02002120,E08000030,6211,273933,24,2204,0.010889292196007259,67.63339382940109,male,80-84,36,0.005796168088874577,6.311616793692824e-05
E02002129,E08000030,5759,273933,34,2402,0.014154870940882597,81.51790174854288,female,80-84,103,0.017885049487758292,0.000253160567270517
E02002129,E08000030,5759,273933,34,2402,0.014154870940882597,81.51790174854288,male,80-84,70,0.01215488800138913,0.00017205087096054553
E02002131,E08000030,7803,273933,19,2882,0.00659264399722415,51.44240111034004,female,80-84,151,0.019351531462258105,0.00012757775773175018
E02002131,E08000030,7803,273933,19,2882,0.00659264399722415,51.44240111034004,male,80-84,126,0.016147635524798153,0.00010645561241192398
E02006175,E07000196,7115,110688,15,1490,0.010067114093959731,71.62751677852349,female,80-84,51,0.007167955024595924,7.21606210529791e-05
E02006175,E07000196,7115,110688,15,1490,0.010067114093959731,71.62751677852349,male,80-84,48,0.006746310611384399,6.791587863809798e-05
E02006155,E07000194,5739,102062,10,2456,0.004071661237785016,23.36726384364821,female,80-84,61,0.010629029447638962,4.327780719722705e-05
E02006155,E07000194,5739,102062,10,2456,0.004071661237785016,23.36726384364821,male,80-84,47,0.008189580066213627,3.334519570933887e-05
E02006129,E07000192,7951,98508,11,2006,0.005483549351944167,43.599700897308075,female,80-84,119,0.014966670859011445,8.207047828969387e-05
E02006129,E07000192,7951,98508,11,2006,0.005483549351944167,43.599700897308075,male,80-84,78,0.009810086781536914,5.379409501341279e-05
E02006180,E07000196,6835,110688,36,2673,0.013468013468013467,92.05387205387206,female,80-84,134,0.019604974396488662,0.0002640400592119685
E02006180,E07000196,6835,110688,36,2673,0.013468013468013467,92.05387205387206,male,80-84,86,0.012582297000731529,0.00016945854546439768
E02002043,E08000028,8799,316289,31,3725,0.00832214765100671,73.22657718120804,female,80-84,111,0.01261506989430617,0.00010498447428818557
E02002043,E08000028,8799,316289,31,3725,0.00832214765100671,73.22657718120804,male,80-84,60,0.006818956699624957,5.674836448010031e-05
E02002148,E08000030,11314,273933,12,4622,0.0025962786672436176,29.37429684119429,female,80-84,260,0.022980378292381122,5.966346592569742e-05
E02002148,E08000030,11314,273933,12,4622,0.0025962786672436176,29.37429684119429,male,80-84,208,0.018384302633904896,4.773077274055793e-05
E02006126,E07000192,8412,98508,11,1815,0.006060606060606061,50.981818181818184,female,80-84,107,0.012719923918212079,7.709044798916411e-05
E02006126,E07000192,8412,98508,11,1815,0.006060606060606061,50.981818181818184,male,80-84,70,0.008321445553970519,5.0433003357397086e-05
E02002046,E08000028,5770,316289,16,2410,0.006639004149377593,38.30705394190871,female,80-84,56,0.009705372616984401,6.443400907541512e-05
E02002046,E08000028,5770,316289,16,2410,0.006639004149377593,38.30705394190871,male,80-84,26,0.004506065857885615,2.99157899278713e-05
E02002047,E08000028,6640,316289,124,3214,0.038581207218419414,256.1792159303049,female,80-84,119,0.017921686746987953,0.0006914403100891431
E02002047,E08000028,6640,316289,124,3214,0.038581207218419414,256.1792159303049,male,80-84,88,0.01325301204819277,0.0005113172040995344
E02002045,E08000028,7925,316289,34,3323,0.01023171832681312,81.08636773999399,female,80-84,149,0.018801261829652995,0.00019236921522967253
E02002045,E08000028,7925,316289,34,3323,0.01023171832681312,81.08636773999399,male,80-84,77,0.00971608832807571,9.941227901130729e-05
E02002044,E08000028,7501,316289,27,3214,0.008400746733042938,63.014001244555075,female,80-84,78,0.010398613518197574,8.73561185411744e-05
E02002044,E08000028,7501,316289,27,3214,0.008400746733042938,63.014001244555075,male,80-84,66,0.008798826823090255,7.391671568868602e-05
E02006178,E07000196,7888,110688,18,2689,0.00669393826701376,52.801785050204536,female,80-84,119,0.015086206896551725,0.00010098613764891448
E02006178,E07000196,7888,110688,18,2689,0.00669393826701376,52.801785050204536,male,80-84,93,0.011790060851926978,7.892193950713485e-05
E02002146,E08000030,6578,273933,19,2657,0.007150922092585623,47.038765525028225,female,80-84,85,0.012921860747947704,9.240321949981422e-05
E02002146,E08000030,6578,273933,19,2657,0.007150922092585623,47.038765525028225,male,80-84,45,0.006840985101854667,4.8919351499901644e-05
E02002110,E08000030,6695,273933,15,2592,0.005787037037037037,38.74421296296296,female,80-84,63,0.009410007468259896,5.445606173761514e-05
E02002110,E08000030,6695,273933,15,2592,0.005787037037037037,38.74421296296296,male,80-84,51,0.007617625093353249,4.4083478549497966e-05
E02002112,E08000030,5455,273933,19,2078,0.009143407122232916,49.877285851780556,female,80-84,94,0.017231897341888177,0.00015755825288540681
E02002112,E08000030,5455,273933,19,2078,0.009143407122232916,49.877285851780556,male,80-84,56,0.010265811182401467,9.386449108066788e-05
E02002113,E08000030,6555,273933,20,2632,0.007598784194528876,49.81003039513678,female,80-84,99,0.015102974828375287,0.00011476424641622559
E02002113,E08000030,6555,273933,20,2632,0.007598784194528876,49.81003039513678,male,80-84,65,0.009916094584286803,7.535026279853195e-05
E02002124,E08000030,7088,273933,25,2905,0.008605851979345954,60.998278829604125,female,80-84,211,0.0297686230248307,0.00025618436338064286
E02002124,E08000030,7088,273933,25,2905,0.008605851979345954,60.998278829604125,male,80-84,121,0.017071106094808126,0.0001469114121756293
E02002114,E08000030,6027,273933,12,2486,0.004827031375703942,29.092518101367656,female,80-84,158,0.02621536419445827,0.00012654238549215577
E02002114,E08000030,6027,273933,12,2486,0.004827031375703942,29.092518101367656,male,80-84,108,0.017919362867098058,8.649732679210647e-05
E02002116,E08000030,6796,273933,28,2645,0.01058601134215501,71.94253308128545,female,80-84,140,0.020600353148911125,0.00021807557208677184
E02002116,E08000030,6796,273933,28,2645,0.01058601134215501,71.94253308128545,male,80-84,101,0.014861683343143025,0.00015732594843402824
E02002138,E08000030,6485,273933,16,2394,0.006683375104427736,43.34168755221386,female,80-84,98,0.015111796453353893,0.00010099780419952476
E02002138,E08000030,6485,273933,16,2394,0.006683375104427736,43.34168755221386,male,80-84,78,0.01202775636083269,8.038600742411155e-05
E02002145,E08000030,7105,273933,41,3016,0.013594164456233421,96.58653846153845,female,80-84,66,0.00928923293455313,0.00012627936018457504
E02002145,E08000030,7105,273933,41,3016,0.013594164456233421,96.58653846153845,male,80-84,44,0.006192821956368754,8.418624012305005e-05
E02002147,E08000030,8031,273933,66,3184,0.0207286432160804,166.4717336683417,female,80-84,101,0.012576266965508655,0.00026068895091820705
E02002147,E08000030,8031,273933,66,3184,0.0207286432160804,166.4717336683417,male,80-84,74,0.009214294608392478,0.00019099982542522098
E02002119,E08000030,5943,273933,23,2452,0.009380097879282219,55.74592169657423,female,80-84,95,0.015985192663637893,0.00014994267180410748
E02002119,E08000030,5943,273933,23,2452,0.009380097879282219,55.74592169657423,male,80-84,82,0.013797745246508498,0.00012942420092565068
E02002117,E08000030,6391,273933,22,2461,0.008939455505891914,57.132060138155225,female,80-84,97,0.015177593490846504,0.00013567942169793705
E02002117,E08000030,6391,273933,22,2461,0.008939455505891914,57.132060138155225,male,80-84,49,0.007667031763417305,6.853908931132902e-05
E02002132,E08000030,6479,273933,39,2806,0.013898788310762652,90.05024946543122,female,80-84,124,0.019138755980861243,0.000266005517909333
E02002132,E08000030,6479,273933,39,2806,0.013898788310762652,90.05024946543122,male,80-84,56,0.008643309152647013,0.00012013152421711815
E02002139,E08000030,9513,273933,49,4150,0.011807228915662651,112.3221686746988,female,80-84,93,0.009776095868811101,0.00011542860182451662
E02002139,E08000030,9513,273933,49,4150,0.011807228915662651,112.3221686746988,male,80-84,70,0.007358351729212656,8.688174330877595e-05
E02002136,E08000030,7706,273933,44,3044,0.01445466491458607,111.38764783180027,female,80-84,82,0.010641058915131067,0.00015381294095458833
E02002136,E08000030,7706,273933,44,3044,0.01445466491458607,111.38764783180027,male,80-84,46,0.005969374513366208,8.628530834037883e-05
E02002118,E08000030,7347,273933,27,3045,0.008866995073891626,65.14581280788178,female,80-84,183,0.02490812576561862,0.0002208602284636134
E02002118,E08000030,7347,273933,27,3045,0.008866995073891626,65.14581280788178,male,80-84,111,0.015108207431604737,0.00013396440087137205
E02002128,E08000030,5558,273933,17,2321,0.007324429125376993,40.70917707884533,female,80-84,97,0.01745232097876934,0.00012782828808232606
E02002128,E08000030,5558,273933,17,2321,0.007324429125376993,40.70917707884533,male,80-84,72,0.012954300107952501,9.488285300956163e-05
E02002142,E08000030,6831,273933,27,2814,0.009594882729211088,65.54264392324095,female,80-84,58,0.008490704142878057,8.14673105393417e-05
E02002142,E08000030,6831,273933,27,2814,0.009594882729211088,65.54264392324095,male,80-84,45,0.006587615283267457,6.320739610810993e-05
E02002123,E08000030,6475,273933,29,2966,0.009777478084962913,63.30917060013486,female,80-84,111,0.017142857142857144,0.00016761391002793565
E02002123,E08000030,6475,273933,29,2966,0.009777478084962913,63.30917060013486,male,80-84,86,0.013281853281853282,0.0001298630293910132
E02002144,E08000030,6676,273933,16,2662,0.006010518407212622,40.126220886551465,female,80-84,133,0.019922109047333734,0.00011974220313949654
E02002144,E08000030,6676,273933,16,2662,0.006010518407212622,40.126220886551465,male,80-84,116,0.01737567405632115,0.00010443680875324508
E02002133,E08000030,6723,273933,23,2899,0.00793377026560883,53.338737495688164,female,80-84,103,0.015320541424959096,0.0001215496560103688
E02002133,E08000030,6723,273933,23,2899,0.00793377026560883,53.338737495688164,male,80-84,71,0.01056076156477763,8.378665608481733e-05
E02002125,E08000030,6150,273933,21,2579,0.0081426909654905,50.07754943776657,female,80-84,108,0.0175609756097561,0.00014299359744276
E02002125,E08000030,6150,273933,21,2579,0.0081426909654905,50.07754943776657,male,80-84,79,0.012845528455284553,0.00010459716849979666
E02002111,E08000030,6159,273933,24,2566,0.009353078721745909,57.60561184723305,female,80-84,107,0.01737295015424582,0.00016249057042162887
E02002111,E08000030,6159,273933,24,2566,0.009353078721745909,57.60561184723305,male,80-84,68,0.011040753369053418,0.00010326503540813798
E02002122,E08000030,5626,273933,26,2451,0.010607915136678907,59.68013055895553,female,80-84,41,0.00728759331674369,7.730617145464542e-05
E02002122,E08000030,5626,273933,26,2451,0.010607915136678907,59.68013055895553,male,80-84,32,0.005687877710629221,6.0336524062162284e-05
E02002115,E08000030,6774,273933,19,2716,0.006995581737849779,47.388070692194404,female,80-84,134,0.019781517567168585,0.00013838322303983915
E02002115,E08000030,6774,273933,19,2716,0.006995581737849779,47.388070692194404,male,80-84,97,0.01431945674638323,0.00010017293011092834
E02002143,E08000030,10020,273933,34,3975,0.008553459119496854,85.70566037735848,female,80-84,76,0.007584830339321357,6.487653623570469e-05
E02002143,E08000030,10020,273933,34,3975,0.008553459119496854,85.70566037735848,male,80-84,78,0.007784431137724551,6.658381350506534e-05
E02002130,E08000030,6711,273933,30,2715,0.011049723756906077,74.15469613259668,female,80-84,72,0.010728654447921324,0.0001185486679328323
E02002130,E08000030,6711,273933,30,2715,0.011049723756906077,74.15469613259668,male,80-84,34,0.005066309044851736,5.598131541272636e-05
E02002126,E08000030,6701,273933,25,2766,0.009038322487346349,60.565798987707886,female,80-84,70,0.01044620205939412,9.441614298078562e-05
E02002126,E08000030,6701,273933,25,2766,0.009038322487346349,60.565798987707886,male,80-84,34,0.005073869571705716,4.5859269447810156e-05
E02002127,E08000030,8612,273933,33,3788,0.008711721224920803,75.02534318901796,female,80-84,61,0.007083139804923363,6.170633937763226e-05
E02002127,E08000030,8612,273933,33,3788,0.008711721224920803,75.02534318901796,male,80-84,41,0.004760798885276358,4.147475269644135e-05
E02002121,E08000030,6502,273933,27,2956,0.009133964817320704,59.38903924221922,female,80-84,98,0.015072285450630576,0.0001376697250226744
E02002121,E08000030,6502,273933,27,2956,0.009133964817320704,59.38903924221922,male,80-84,80,0.012303906490310674,0.00011238344899810155
E02002140,E08000030,8199,273933,27,3608,0.007483370288248337,61.35615299334812,female,80-84,99,0.012074643249176729,9.03590265320875e-05
E02002140,E08000030,8199,273933,27,3608,0.007483370288248337,61.35615299334812,male,80-84,58,0.007074033418709599,5.2937611503647216e-05
E02002135,E08000030,7467,273933,29,3125,0.00928,69.29376,female,80-84,49,0.006562207044328378,6.089728137136735e-05
E02002135,E08000030,7467,273933,29,3125,0.00928,69.29376,male,80-84,29,0.0038837551895004687,3.604124815856435e-05
E02006122,E07000192,6630,98508,8,1372,0.0058309037900874635,38.65889212827988,female,80-84,97,0.014630467571644042,8.530884881425097e-05
E02006122,E07000192,6630,98508,8,1372,0.0058309037900874635,38.65889212827988,male,80-84,77,0.011613876319758673,6.771939545048789e-05
E02006151,E07000194,8781,102062,18,3519,0.005115089514066497,44.915601023017906,female,80-84,124,0.014121398473977908,7.223221725819902e-05
E02006151,E07000194,8781,102062,18,3519,0.005115089514066497,44.915601023017906,male,80-84,84,0.009566108643662453,4.8931502013618693e-05
E02006128,E07000192,8441,98508,11,2021,0.0054428500742206825,45.94309747649678,female,80-84,145,0.017178059471626584,9.349760227011005e-05
E02006128,E07000192,8441,98508,11,2021,0.0054428500742206825,45.94309747649678,male,80-84,128,0.015164080085297951,8.253581441775232e-05
E02002160,E08000031,7038,253250,36,2718,0.013245033112582781,93.21854304635761,female,80-84,99,0.014066496163682864,0.0001863112074659982
E02002160,E08000031,7038,253250,36,2718,0.013245033112582781,93.21854304635761,male,80-84,81,0.011508951406649617,0.00015243644247218036
E02002049,E08000028,6318,316289,724,2583,0.2802942315137437,1770.8989547038327,female,80-84,57,0.009021842355175688,0.002528770369782113
E02002049,E08000028,6318,316289,724,2583,0.2802942315137437,1770.8989547038327,male,80-84,44,0.006964229186451409,0.0019520332679019822
E02002170,E08000031,6261,253250,38,2340,0.01623931623931624,101.67435897435898,female,80-84,94,0.015013576106053346,0.00024381021026924238
E02002170,E08000031,6261,253250,38,2340,0.01623931623931624,101.67435897435898,male,80-84,70,0.011180322632167386,0.00018156079488135073
E02002175,E08000031,7269,253250,73,3164,0.02307206068268015,167.710809102402,female,80-84,105,0.014444903012794058,0.00033327367886661384
E02002175,E08000031,7269,253250,73,3164,0.02307206068268015,167.710809102402,male,80-84,55,0.007566377768606411,0.00017457192702536914
E02006156,E07000194,7668,102062,8,3055,0.002618657937806874,20.07986906710311,female,80-84,169,0.0220396452790819,5.771429205651562e-05
E02006156,E07000194,7668,102062,8,3055,0.002618657937806874,20.07986906710311,male,80-84,151,0.01969222743870631,5.156720769546661e-05
E02002153,E08000031,7380,253250,46,2996,0.015353805073431242,113.31108144192257,female,80-84,206,0.02791327913279133,0.0004285750467651539
E02002153,E08000031,7380,253250,46,2996,0.015353805073431242,113.31108144192257,male,80-84,164,0.022222222222222223,0.00034119566829847204
E02002052,E08000028,11268,316289,59,4711,0.012523880280195288,141.1190829972405,female,80-84,132,0.011714589989350373,0.00014671212255819828
E02002052,E08000028,11268,316289,59,4711,0.012523880280195288,141.1190829972405,male,80-84,84,0.007454739084132056,9.336225980976254e-05
E02002055,E08000028,9306,316289,59,3933,0.015001271294177472,139.60183066361554,female,80-84,100,0.01074575542660649,0.00016119999241540373
E02002055,E08000028,9306,316289,59,3933,0.015001271294177472,139.60183066361554,male,80-84,87,0.009348807221147646,0.00014024399340140125
E02002048,E08000028,6531,316289,8,2546,0.003142183817753339,20.521602513747055,female,80-84,125,0.0191394885928648,6.013979133657439e-05
E02002048,E08000028,6531,316289,8,2546,0.003142183817753339,20.521602513747055,male,80-84,111,0.016995865870463943,5.3404134706878063e-05
E02002171,E08000031,7412,253250,63,2973,0.02119071644803229,157.06559031281535,female,80-84,117,0.015785213167835942,0.000334499976311357
E02002171,E08000031,7412,253250,63,2973,0.02119071644803229,157.06559031281535,male,80-84,70,0.009444144630329197,0.00020012819095551273
E02002181,E08000031,7544,253250,194,2860,0.06783216783216783,511.72587412587416,female,80-84,92,0.012195121951219513,0.000827221558928876
E02002181,E08000031,7544,253250,194,2860,0.06783216783216783,511.72587412587416,male,80-84,55,0.007290562036055143,0.0004945346276205237
E02002051,E08000028,5608,316289,511,2576,0.1983695652173913,1112.4565217391305,female,80-84,54,0.00962910128388017,0.0019101206351175338
E02002051,E08000028,5608,316289,511,2576,0.1983695652173913,1112.4565217391305,male,80-84,34,0.006062767475035664,0.001202668548036966
E02006810,E08000028,10065,316289,36,4151,0.008672609009877139,87.2898096844134,female,80-84,174,0.017287630402384502,0.0001499288591871458
E02006810,E08000028,10065,316289,36,4151,0.008672609009877139,87.2898096844134,male,80-84,128,0.012717337307501242,0.00011029249411468194
E02006124,E07000192,7632,98508,8,1666,0.004801920768307323,36.64825930372149,female,80-84,99,0.012971698113207548,6.228906657002423e-05
E02006124,E07000192,7632,98508,8,1666,0.004801920768307323,36.64825930372149,male,80-84,70,0.009171907756813417,4.404277434244138e-05
E02006202,E07000197,8878,132044,10,1780,0.0056179775280898875,49.87640449438202,female,80-84,139,0.015656679432304574,8.795887321519423e-05
E02006202,E07000197,8878,132044,10,1780,0.0056179775280898875,49.87640449438202,male,80-84,118,0.013291281820229782,7.467012258556057e-05
E02006186,E07000196,12377,110688,2790,4611,0.605074821080026,7489.0110605074815,female,80-84,269,0.02173386119415044,0.013150612173428696
E02006186,E07000196,12377,110688,2790,4611,0.605074821080026,7489.0110605074815,male,80-84,221,0.017855700088874524,0.010804034536534357
E02002071,E08000028,6650,316289,1140,2828,0.4031117397454031,2680.6930693069307,female,80-84,79,0.0118796992481203,0.004788846231561931
E02002071,E08000028,6650,316289,1140,2828,0.4031117397454031,2680.6930693069307,male,80-84,51,0.007669172932330827,0.0030915336431602343
E02001886,E08000025,9196,1101521,15,3600,0.004166666666666667,38.31666666666666,female,80-84,70,0.007612005219660722,3.1716688415253004e-05
E02001886,E08000025,9196,1101521,15,3600,0.004166666666666667,38.31666666666666,male,80-84,53,0.005763375380600261,2.401406408583442e-05
E02002067,E08000028,5450,316289,1329,2304,0.5768229166666666,3143.684895833333,female,80-84,80,0.014678899082568808,0.008467125382262996
E02002067,E08000028,5450,316289,1329,2304,0.5768229166666666,3143.684895833333,male,80-84,57,0.010458715596330275,0.006032826834862385
E02002014,E08000027,7170,315653,2764,3215,0.8597200622083981,6164.192846034215,female,80-84,92,0.012831241283124128,0.011031275554138442
E02002014,E08000027,7170,315653,2764,3215,0.8597200622083981,6164.192846034215,male,80-84,58,0.008089260808926082,0.006954499805869888
E02002031,E08000027,5952,315653,1897,2242,0.8461195361284567,5036.103479036574,female,80-84,50,0.008400537634408602,0.007107859006455449
E02002031,E08000027,5952,315653,1897,2242,0.8461195361284567,5036.103479036574,male,80-84,29,0.004872311827956989,0.0041225582237441605
E02002032,E08000027,10187,315653,3407,4176,0.8158524904214559,8311.08931992337,female,80-84,109,0.010699911652105624,0.008729549568659928
E02002032,E08000027,10187,315653,3407,4176,0.8158524904214559,8311.08931992337,male,80-84,99,0.009718268381270247,0.007928673461443422
E02002001,E08000027,6002,315653,1811,2412,0.7508291873963516,4506.476782752902,female,80-84,104,0.01732755748083972,0.01301003590290246
E02002001,E08000027,6002,315653,1811,2412,0.7508291873963516,4506.476782752902,male,80-84,84,0.013995334888370544,0.010508105921575065
E02002077,E08000028,10521,316289,3346,4614,0.7251842219332466,7629.663198959687,female,80-84,128,0.012166143902670849,0.008822695599986271
E02002077,E08000028,10521,316289,3346,4614,0.7251842219332466,7629.663198959687,male,80-84,78,0.007413743940690049,0.005376330131241635
E02001900,E08000025,7094,1101521,8,2566,0.003117692907248636,22.116913484021826,female,80-84,97,0.013673526924161263,4.262985790853083e-05
E02001900,E08000025,7094,1101521,8,2566,0.003117692907248636,22.116913484021826,male,80-84,68,0.00958556526642233,2.988484884309378e-05
E02006181,E07000196,5700,110688,41,2088,0.019636015325670497,111.92528735632183,female,80-84,133,0.023333333333333334,0.0004581736909323116
E02006181,E07000196,5700,110688,41,2088,0.019636015325670497,111.92528735632183,male,80-84,81,0.014210526315789474,0.000279038112522686
E02001879,E08000025,10994,1101521,20,4424,0.0045207956600361665,49.701627486437616,female,80-84,82,0.00745861378933964,3.371886884873255e-05
E02001879,E08000025,10994,1101521,20,4424,0.0045207956600361665,49.701627486437616,male,80-84,74,0.006730944151355285,3.042922310739279e-05
E02001866,E08000025,8949,1101521,8,3671,0.002179242713157178,19.502043040043585,female,80-84,50,0.005587216448765225,1.2175900732803542e-05
E02001866,E08000025,8949,1101521,8,3671,0.002179242713157178,19.502043040043585,male,80-84,76,0.008492569002123142,1.8507369113861384e-05
E02002008,E08000027,8544,315653,2480,2912,0.8516483516483516,7276.483516483516,female,80-84,70,0.008192883895131085,0.006977456064534715
E02002008,E08000027,8544,315653,2480,2912,0.8516483516483516,7276.483516483516,male,80-84,67,0.007841760299625468,0.006678422233197514
E02002004,E08000027,7541,315653,2747,3237,0.8486252703120173,6399.483163422922,female,80-84,111,0.014719533218406047,0.012491367856336548
E02002004,E08000027,7541,315653,2747,3237,0.8486252703120173,6399.483163422922,male,80-84,79,0.010476064182469168,0.008890252798653941
E02002167,E08000031,6614,253250,90,2412,0.03731343283582089,246.79104477611938,female,80-84,136,0.020562443302086484,0.0007672553470927792
E02002167,E08000031,6614,253250,90,2412,0.03731343283582089,246.79104477611938,male,80-84,99,0.014968249168430602,0.0005585167600160672
E02006182,E07000196,6858,110688,47,2192,0.02144160583941606,147.04653284671534,female,80-84,138,0.020122484689413824,0.0004314583852200957
E02006182,E07000196,6858,110688,47,2192,0.02144160583941606,147.04653284671534,male,80-84,114,0.016622922134733157,0.0003564221443122529
E02002079,E08000028,8081,316289,153,3774,0.04054054054054054,327.6081081081081,female,80-84,153,0.018933300334117064,0.0007675662297615026
E02002079,E08000028,8081,316289,153,3774,0.04054054054054054,327.6081081081081,male,80-84,73,0.009033535453532979,0.000366224410278364
E02001861,E08000025,10383,1101521,8,4006,0.00199700449326011,20.73489765351972,female,80-84,80,0.0077049022440527784,1.5386724401503302e-05
E02001861,E08000025,10383,1101521,8,4006,0.00199700449326011,20.73489765351972,male,80-84,82,0.007897524800154099,1.5771392511540887e-05
E02002025,E08000027,7828,315653,1831,3361,0.5447783397798275,4264.524843796489,female,80-84,103,0.013157894736842105,0.007168136049734572
E02002025,E08000027,7828,315653,1831,3361,0.5447783397798275,4264.524843796489,male,80-84,63,0.008048032703117016,0.004384393894497845
E02002162,E08000031,7547,253250,87,2826,0.03078556263269639,232.33864118895966,female,80-84,232,0.030740691665562474,0.0009463694886425814
E02002162,E08000031,7547,253250,87,2826,0.03078556263269639,232.33864118895966,male,80-84,165,0.02186299191731814,0.0006730645070087325
E02002010,E08000027,7321,315653,3068,3523,0.8708487084870848,6375.483394833948,female,80-84,126,0.017210763556891134,0.01498797121559523
E02002010,E08000027,7321,315653,3068,3523,0.8708487084870848,6375.483394833948,male,80-84,77,0.010517688840322361,0.009159315742863753
E02001873,E08000025,11051,1101521,12,4852,0.00247320692497939,27.33140972794724,female,80-84,75,0.00678671613428649,1.67849533411867e-05
E02001873,E08000025,11051,1101521,12,4852,0.00247320692497939,27.33140972794724,male,80-84,42,0.003800561035200434,9.399573871064553e-06
E02002073,E08000028,7623,316289,34,3367,0.010098010098010098,76.97713097713097,female,80-84,98,0.012855831037649219,0.00012981831163649344
E02002073,E08000028,7623,316289,34,3367,0.010098010098010098,76.97713097713097,male,80-84,70,0.009182736455463728,9.272736545463817e-05
E02002161,E08000031,6390,253250,29,2544,0.01139937106918239,72.84198113207546,female,80-84,45,0.007042253521126761,8.02772610505802e-05
E02002161,E08000031,6390,253250,29,2544,0.01139937106918239,72.84198113207546,male,80-84,38,0.00594679186228482,6.778968710937883e-05
E02002174,E08000031,7479,253250,127,2806,0.04526015680684248,338.5007127583749,female,80-84,101,0.013504479208450328,0.0006112148465692058
E02002174,E08000031,7479,253250,127,2806,0.04526015680684248,338.5007127583749,male,80-84,105,0.014039310068190935,0.0006354213751462041
E02002164,E08000031,7261,253250,33,2344,0.014078498293515358,102.22397610921502,female,80-84,53,0.0072992700729927005,0.00010276276126653546
E02002164,E08000031,7261,253250,33,2344,0.014078498293515358,102.22397610921502,male,80-84,32,0.0044071064591654045,6.204544076470066e-05
E02002076,E08000028,10852,316289,28,4164,0.0067243035542747355,72.97214217098943,female,80-84,120,0.011057869517139697,7.435647129680871e-05
E02002076,E08000028,10852,316289,28,4164,0.0067243035542747355,72.97214217098943,male,80-84,56,0.005160339107998526,3.4699686605177405e-05
E02001857,E08000025,13611,1101521,14,5507,0.002542218994007627,34.60214272743781,female,80-84,112,0.008228638601131438,2.091900134662069e-05
E02001857,E08000025,13611,1101521,14,5507,0.002542218994007627,34.60214272743781,male,80-84,83,0.006098008963338476,1.5502474212227834e-05
E02002176,E08000031,7652,253250,160,3000,0.05333333333333334,408.1066666666667,female,80-84,114,0.014898065865133299,0.0007945635128071094
E02002176,E08000031,7652,253250,160,3000,0.05333333333333334,408.1066666666667,male,80-84,95,0.012415054887611082,0.0006621362606725911
E02002005,E08000027,8668,315653,3163,3831,0.8256329939963456,7156.586791960323,female,80-84,79,0.00911398246423627,0.007524804629177584
E02002005,E08000027,8668,315653,3163,3831,0.8256329939963456,7156.586791960323,male,80-84,73,0.008421781264420858,0.006953300480126122
E02002074,E08000028,8186,316289,66,3525,0.01872340425531915,153.26978723404255,female,80-84,103,0.012582457854874175,0.00023558644494232499
E02002074,E08000028,8186,316289,66,3525,0.01872340425531915,153.26978723404255,male,80-84,85,0.010383581724896165,0.000194415998253375
E02002075,E08000028,8887,316289,1645,3984,0.41290160642570284,3669.456576305221,female,80-84,103,0.01158996286710926,0.004785514286243658
E02002075,E08000028,8887,316289,1645,3984,0.41290160642570284,3669.456576305221,male,80-84,82,0.009226960729154946,0.0038098269074949517
E02001858,E08000025,8646,1101521,8,3191,0.0025070510811657787,21.67596364775932,female,80-84,63,0.007286606523247745,1.8267894762137873e-05
E02001858,E08000025,8646,1101521,8,3191,0.0025070510811657787,21.67596364775932,male,80-84,73,0.00844321073328707,2.1167560597397854e-05
E02002150,E08000031,5718,253250,27,2139,0.012622720897615708,72.17671809256662,female,80-84,85,0.014865337530605106,0.00018764100669768015
E02002150,E08000031,5718,253250,27,2139,0.012622720897615708,72.17671809256662,male,80-84,55,0.009618747813920952,0.0001214147690396754
E02002154,E08000031,5629,253250,34,2198,0.015468607825295723,87.07279344858962,female,80-84,80,0.014212115828744005,0.0002198416461225187
E02002154,E08000031,5629,253250,34,2198,0.015468607825295723,87.07279344858962,male,80-84,48,0.008527269497246403,0.00013190498767351122
E02001862,E08000025,10446,1101521,19,4254,0.004466384579219558,46.655853314527505,female,80-84,114,0.010913268236645606,4.874285296104055e-05
E02001862,E08000025,10446,1101521,19,4254,0.004466384579219558,46.655853314527505,male,80-84,81,0.007754164273406089,3.463307973547618e-05
E02002180,E08000031,6437,253250,436,2514,0.17342879872712808,1116.3611774065234,female,80-84,124,0.019263632126767127,0.0033408685788665344
E02002180,E08000031,6437,253250,436,2514,0.17342879872712808,1116.3611774065234,male,80-84,126,0.019574335870747243,0.003394753555945027
E02002169,E08000031,8665,253250,103,3248,0.031711822660098525,274.78294334975374,female,80-84,173,0.019965377957299482,0.0006331385251237213
E02002169,E08000031,8665,253250,103,3248,0.031711822660098525,274.78294334975374,male,80-84,141,0.016272360069244086,0.000516026196777137
E02002066,E08000028,7403,316289,67,3279,0.020433058859408357,151.26593473620008,female,80-84,76,0.010266108334459003,0.0002097679958550635
E02002066,E08000028,7403,316289,67,3279,0.020433058859408357,151.26593473620008,male,80-84,57,0.007699581250844252,0.00015732599689129764
E02002003,E08000027,9101,315653,2767,3902,0.7091235263967196,6453.733213736545,female,80-84,192,0.021096582793099658,0.014960083185163186
E02002003,E08000027,9101,315653,2767,3902,0.7091235263967196,6453.733213736545,male,80-84,131,0.014394022634875289,0.010207140089876967
E02002165,E08000031,7660,253250,52,2814,0.01847903340440654,141.54939587775408,female,80-84,70,0.009138381201044387,0.00016886845147629997
E02002165,E08000031,7660,253250,52,2814,0.01847903340440654,141.54939587775408,male,80-84,68,0.008877284595300261,0.0001640436385769771
E02002069,E08000028,6634,316289,455,2932,0.15518417462482947,1029.4918144611188,female,80-84,93,0.014018691588785047,0.0021754790835256466
E02002069,E08000028,6634,316289,455,2932,0.15518417462482947,1029.4918144611188,male,80-84,89,0.013415737111848056,0.002081910090685834
E02002151,E08000031,5868,253250,28,2104,0.013307984790874524,78.09125475285171,female,80-84,55,0.009372869802317656,0.00012473400877609047
E02002151,E08000031,5868,253250,28,2104,0.013307984790874524,78.09125475285171,male,80-84,28,0.004771642808452625,6.350094992237333e-05
E02002157,E08000031,7644,253250,52,2645,0.019659735349716444,150.2790170132325,female,80-84,164,0.021454735740450027,0.00042179442665535023
E02002157,E08000031,7644,253250,52,2645,0.019659735349716444,150.2790170132325,male,80-84,100,0.013082155939298797,0.00025719172357033547
E02002159,E08000031,5964,253250,39,2249,0.017341040462427744,103.42196531791906,female,80-84,33,0.005533199195171026,9.595143113013339e-05
E02002159,E08000031,5964,253250,39,2249,0.017341040462427744,103.42196531791906,male,80-84,43,0.007209926224010731,0.00012502762238168896
E02001844,E08000025,9936,1101521,9,4181,0.0021525950729490554,21.388184644821816,female,80-84,228,0.022946859903381644,4.9395297567671564e-05
E02001844,E08000025,9936,1101521,9,4181,0.0021525950729490554,21.388184644821816,male,80-84,127,0.012781803542673107,2.751404732936091e-05
E02002182,E08000031,6646,253250,769,2842,0.2705840957072484,1798.3019000703728,female,80-84,104,0.015648510382184774,0.004234238030928955
E02002182,E08000031,6646,253250,769,2842,0.2705840957072484,1798.3019000703728,male,80-84,58,0.008727053866987662,0.002361401978787302
E02001850,E08000025,8434,1101521,8,3079,0.0025982461838259174,21.913608314387787,female,80-84,112,0.013279582641688404,3.450362492156779e-05
E02001850,E08000025,8434,1101521,8,3079,0.0025982461838259174,21.913608314387787,male,80-84,82,0.009722551576950438,2.526158253186213e-05
E02002155,E08000031,6227,253250,22,2531,0.00869221651521138,54.12643224022126,female,80-84,49,0.007868957764573631,6.839868463872774e-05
E02002155,E08000031,6227,253250,22,2531,0.00869221651521138,54.12643224022126,male,80-84,28,0.004496547294042075,3.908496265070156e-05
E02001837,E08000025,10601,1101521,8,4727,0.0016924053310767928,17.94118891474508,female,80-84,103,0.009716064522214886,1.6443519394482564e-05
E02001837,E08000025,10601,1101521,8,4727,0.0016924053310767928,17.94118891474508,male,80-84,84,0.007923780775398548,1.3410248826568305e-05
E02002000,E08000027,7828,315653,1919,3360,0.5711309523809524,4470.813095238095,female,80-84,130,0.01660705160960654,0.009484801202034212
E02002000,E08000027,7828,315653,1919,3360,0.5711309523809524,4470.813095238095,male,80-84,98,0.012519161982626469,0.0071500809061488665
E02002149,E08000031,10130,253250,46,3910,0.011764705882352941,119.17647058823529,female,80-84,181,0.01786771964461994,0.00021020846640729343
E02002149,E08000031,10130,253250,46,3910,0.011764705882352941,119.17647058823529,male,80-84,111,0.010957551826258637,0.0001289123744265722
E02006176,E07000196,7483,110688,20,2057,0.009722897423432183,72.75644141954302,female,80-84,138,0.018441801416544168,0.00017930774347636527
E02006176,E07000196,7483,110688,20,2057,0.009722897423432183,72.75644141954302,male,80-84,127,0.01697180275290659,0.0001650150972572347
E02002156,E08000031,8211,253250,45,3261,0.013799448022079117,113.30726770929162,female,80-84,131,0.01595420777006455,0.00022015926085645652
E02002156,E08000031,8211,253250,45,3261,0.013799448022079117,113.30726770929162,male,80-84,83,0.01010839118255998,0.0001394902187105793
E02002152,E08000031,6251,253250,37,2675,0.013831775700934579,86.46242990654206,female,80-84,89,0.014237721964485682,0.0001969329767050356
E02002152,E08000031,6251,253250,37,2675,0.013831775700934579,86.46242990654206,male,80-84,39,0.006239001759718445,8.629647293816167e-05
E02002063,E08000028,9625,316289,1050,3929,0.26724357342835325,2572.2193942479003,female,80-84,92,0.009558441558441558,0.002554432078484
E02002063,E08000028,9625,316289,1050,3929,0.26724357342835325,2572.2193942479003,male,80-84,57,0.005922077922077922,0.001582637266017261
E02002070,E08000028,9356,316289,32,4370,0.007322654462242563,68.51075514874142,female,80-84,129,0.013787943565626336,0.00010096434647598234
E02002070,E08000028,9356,316289,32,4370,0.007322654462242563,68.51075514874142,male,80-84,89,0.009512612227447627,6.965757237490253e-05
E02002064,E08000028,12292,316289,1836,4906,0.374235629841011,4600.104362005707,female,80-84,144,0.01171493654409372,0.00438414665612639
E02002064,E08000028,12292,316289,1836,4906,0.374235629841011,4600.104362005707,male,80-84,118,0.009599739668076798,0.0035925646209924583
E02006179,E07000196,8820,110688,26,2574,0.010101010101010102,89.0909090909091,female,80-84,89,0.010090702947845805,0.0001019262924024829
E02006179,E07000196,8820,110688,26,2574,0.010101010101010102,89.0909090909091,male,80-84,83,0.009410430839002268,9.505485695961887e-05
E02002163,E08000031,11710,253250,44,4472,0.009838998211091235,115.21466905187836,female,80-84,98,0.008368915456874466,8.234174420896166e-05
E02002163,E08000031,11710,253250,44,4472,0.009838998211091235,115.21466905187836,male,80-84,78,0.006660973526900086,6.553730661529601e-05
E02002058,E08000028,12006,316289,1237,5355,0.23099906629318395,2773.3747899159666,female,80-84,100,0.008329168748958855,0.0019240302040078624
E02002058,E08000028,12006,316289,1237,5355,0.23099906629318395,2773.3747899159666,male,80-84,75,0.00624687656171914,0.0014430226530058967
E02002065,E08000028,12333,316289,40,5232,0.00764525993883792,94.28899082568807,female,80-84,108,0.008756993432254926,6.694949107228536e-05
E02002065,E08000028,12333,316289,40,5232,0.00764525993883792,94.28899082568807,male,80-84,82,0.006648828346712073,5.0832020999327776e-05
E02002158,E08000031,7354,253250,40,3054,0.01309757694826457,96.31958087753765,female,80-84,159,0.021620886592330704,0.0002831812258327532
E02002158,E08000031,7354,253250,40,3054,0.01309757694826457,96.31958087753765,male,80-84,136,0.018493336959477837,0.0002422179038569461
E02002061,E08000028,5723,316289,28,2656,0.010542168674698794,60.3328313253012,female,80-84,94,0.016424951948278876,0.0001731546139125785
E02002061,E08000028,5723,316289,28,2656,0.010542168674698794,60.3328313253012,male,80-84,70,0.012231347195526822,0.0001289449252540478
E02006894,E08000031,13025,253250,135,4910,0.0274949083503055,358.1211812627291,female,80-84,140,0.010748560460652591,0.00029553068476336045
E02006894,E08000031,13025,253250,135,4910,0.0274949083503055,358.1211812627291,male,80-84,111,0.008522072936660269,0.00023431361434809292
E02002059,E08000028,10733,316289,44,4615,0.009534127843986998,102.32979414951245,female,80-84,156,0.014534612876176278,0.0001385748573243242
E02002059,E08000028,10733,316289,44,4615,0.009534127843986998,102.32979414951245,male,80-84,117,0.01090095965713221,0.00010393114299324316
E02001842,E08000025,7584,1101521,10,2849,0.00351000351000351,26.61986661986662,female,80-84,95,0.012526371308016877,4.39676072587465e-05
E02001842,E08000025,7584,1101521,10,2849,0.00351000351000351,26.61986661986662,male,80-84,77,0.01015295358649789,3.563690272551032e-05
E02006174,E07000196,10383,110688,12,2102,0.005708848715509039,59.27497621313035,female,80-84,162,0.015602427044206876,8.907189559014392e-05
E02006174,E07000196,10383,110688,12,2102,0.005708848715509039,59.27497621313035,male,80-84,122,0.011749975922180488,6.707883495060221e-05
E02002177,E08000031,9490,253250,161,3469,0.04641106947247045,440.4410492937446,female,80-84,103,0.010853530031612223,0.0005037239363186993
E02002177,E08000031,9490,253250,161,3469,0.04641106947247045,440.4410492937446,male,80-84,62,0.006533192834562698,0.0003032124665219355
E02002056,E08000028,8965,316289,1566,4445,0.3523059617547806,3158.4229471316085,female,80-84,97,0.010819854991634133,0.003811899418874927
E02002056,E08000028,8965,316289,1566,4445,0.3523059617547806,3158.4229471316085,male,80-84,83,0.009258226436140547,0.0032617283687280305
E02002057,E08000028,9255,316289,2145,4624,0.4638840830449827,4293.247188581315,female,80-84,119,0.012857914640734738,0.005964581942987892
E02002057,E08000028,9255,316289,2145,4624,0.4638840830449827,4293.247188581315,male,80-84,79,0.008535926526202053,0.003959680449546584
E02002068,E08000028,12466,316289,24,5537,0.004334477153693336,54.03359219794112,female,80-84,84,0.006738328252847746,2.9207129866054888e-05
E02002068,E08000028,12466,316289,24,5537,0.004334477153693336,54.03359219794112,male,80-84,67,0.00537461896358094,2.329616310744854e-05
E02002060,E08000028,6401,316289,64,2791,0.02293084915800788,146.78036546040843,female,80-84,95,0.014841431026402124,0.0003403266161554052
E02002060,E08000028,6401,316289,64,2791,0.02293084915800788,146.78036546040843,male,80-84,64,0.009998437744102483,0.00022927266772574664
E02002053,E08000028,6052,316289,13,2352,0.0055272108843537416,33.45068027210884,female,80-84,120,0.01982815598149372,0.00010959439955757584
E02002053,E08000028,6052,316289,13,2352,0.0055272108843537416,33.45068027210884,male,80-84,66,0.010905485789821546,6.027691975666671e-05
E02002062,E08000028,7752,316289,41,3473,0.011805355600345523,91.51511661387849,female,80-84,100,0.012899896800825593,0.00015228786894150572
E02002062,E08000028,7752,316289,41,3473,0.011805355600345523,91.51511661387849,male,80-84,58,0.007481940144478844,8.832696398607332e-05
E02002166,E08000031,9374,253250,65,3801,0.017100762957116548,160.3025519600105,female,80-84,110,0.01173458502240239,0.00020067035686823344
E02002166,E08000031,9374,253250,65,3801,0.017100762957116548,160.3025519600105,male,80-84,99,0.01056112652016215,0.00018060332118141007
E02002072,E08000028,8540,316289,131,3492,0.03751431844215349,320.3722794959908,female,80-84,100,0.0117096018735363,0.00043927773351467794
E02002072,E08000028,8540,316289,131,3492,0.03751431844215349,320.3722794959908,male,80-84,81,0.009484777517564403,0.0003558149641468891
E02002178,E08000031,8046,253250,167,2985,0.0559463986599665,450.14472361809044,female,80-84,158,0.01963708675118071,0.0010986242839019023
E02002178,E08000031,8046,253250,167,2985,0.0559463986599665,450.14472361809044,male,80-84,124,0.015411384538901318,0.0008622114633154172
E02006184,E07000196,5448,110688,56,1700,0.03294117647058824,179.4635294117647,female,80-84,58,0.010646108663729809,0.00035069534421698195
E02006184,E07000196,5448,110688,56,1700,0.03294117647058824,179.4635294117647,male,80-84,20,0.003671071953010279,0.00012092942904033861
E02006183,E07000196,7502,110688,91,2432,0.03741776315789474,280.70805921052636,female,80-84,110,0.01466275659824047,0.0005486475536348203
E02006183,E07000196,7502,110688,91,2432,0.03741776315789474,280.70805921052636,male,80-84,81,0.010797120767795255,0.00040400410767654944
E02006008,E06000051,7797,310774,11,2787,0.003946896304269824,30.773950484391815,female,80-84,119,0.015262280364242658,6.0238637964359246e-05
E02006008,E06000051,7797,310774,11,2787,0.003946896304269824,30.773950484391815,male,80-84,111,0.014236244709503656,5.618898163062081e-05
E02006009,E06000051,7325,310774,27,2987,0.009039169735520589,66.21191831268831,female,80-84,124,0.016928327645051193,0.00015301802692212327
E02006009,E06000051,7325,310774,27,2987,0.009039169735520589,66.21191831268831,male,80-84,119,0.016245733788395906,0.00014684794519139252
E02006185,E07000196,7124,110688,1799,3014,0.5968812209688122,4252.181818181818,female,80-84,171,0.024003368893879842,0.01432716013274381
E02006185,E07000196,7124,110688,1799,3014,0.5968812209688122,4252.181818181818,male,80-84,103,0.014458169567658618,0.0086298099045182
E02002007,E08000027,8924,315653,3107,3605,0.8618585298196949,7691.225520110957,female,80-84,193,0.021627073061407442,0.018639477393007746
E02002007,E08000027,8924,315653,3107,3605,0.8618585298196949,7691.225520110957,male,80-84,175,0.019610040340654417,0.016901080537701323
E02002941,E06000020,10177,169768,25,4322,0.005784359093012495,58.86742248958816,female,80-84,113,0.011103468605679474,6.422644959324083e-05
E02002941,E06000020,10177,169768,25,4322,0.005784359093012495,58.86742248958816,male,80-84,77,0.007566080377321411,4.376492582902251e-05
E02002080,E08000028,6839,316289,2355,3075,0.7658536585365854,5237.673170731708,female,80-84,96,0.014037139932738705,0.010750394972877934
E02002080,E08000028,6839,316289,2355,3075,0.7658536585365854,5237.673170731708,male,80-84,67,0.009796753911390553,0.007502879824821058
E02001925,E08000025,6588,1101521,11,2553,0.004308656482569526,28.385428907168038,female,80-84,100,0.015179113539769277,6.540158595278576e-05
E02001925,E08000025,6588,1101521,11,2553,0.004308656482569526,28.385428907168038,male,80-84,72,0.01092896174863388,4.708914188600575e-05
E02001890,E08000025,10590,1101521,18,3528,0.00510204081632653,54.03061224489795,female,80-84,83,0.007837582625118036,3.9987666454683854e-05
E02001890,E08000025,10590,1101521,18,3528,0.00510204081632653,54.03061224489795,male,80-84,84,0.00793201133144476,4.0469445568595707e-05
E02002038,E08000027,9391,315653,2749,3729,0.7371949584338965,6922.997854652722,female,80-84,138,0.014694920668725376,0.01083302143157041
E02002038,E08000027,9391,315653,2749,3729,0.7371949584338965,6922.997854652722,male,80-84,108,0.011500372697263337,0.008478016772533363
E02002946,E06000020,7932,169768,24,2991,0.00802407221664995,63.6469408224674,female,80-84,95,0.011976802824004035,9.610273078438543e-05
E02002946,E06000020,7932,169768,24,2991,0.00802407221664995,63.6469408224674,male,80-84,60,0.007564296520423601,6.06964615480329e-05
E02002943,E06000020,10466,169768,33,4085,0.008078335373317013,84.54785801713587,female,80-84,57,0.0054462067647620864,4.399628475817597e-05
E02002943,E06000020,10466,169768,33,4085,0.008078335373317013,84.54785801713587,male,80-84,53,0.00506401681635773,4.0908826178654856e-05
E02001950,E08000025,8602,1101521,8,3466,0.002308136180034622,19.85458742065782,female,80-84,135,0.015694024645431296,3.6223946094475e-05
E02001950,E08000025,8602,1101521,8,3466,0.002308136180034622,19.85458742065782,male,80-84,107,0.012438967681934435,2.871083134895426e-05
E02002179,E08000031,6327,253250,182,2259,0.08056662239929172,509.74501992031867,female,80-84,126,0.01991465149359886,0.0016044562070982702
E02002179,E08000031,6327,253250,182,2259,0.08056662239929172,509.74501992031867,male,80-84,90,0.01422475106685633,0.001146040147927336
E02002932,E06000020,9089,169768,14,3567,0.003924866834875245,35.673114662181106,female,80-84,78,0.008581802178457476,3.368243075368788e-05
E02002932,E06000020,9089,169768,14,3567,0.003924866834875245,35.673114662181106,male,80-84,59,0.0064913631862691164,2.5477736082917753e-05
E02006704,E07000234,6898,95519,9,2842,0.0031667839549612948,21.84447572132301,female,80-84,127,0.018411133661930996,5.8304082673250864e-05
E02006704,E07000234,6898,95519,9,2842,0.0031667839549612948,21.84447572132301,male,80-84,108,0.015656712090461003,4.9581424635520416e-05
E02006046,E06000051,8908,310774,21,3364,0.00624256837098692,55.608799048751486,female,80-84,155,0.017400089806915132,0.00010862125028098032
E02006046,E06000051,8908,310774,21,3364,0.00624256837098692,55.608799048751486,male,80-84,148,0.01661427929950606,0.00010371577446183927
E02006011,E06000051,5892,310774,35,2308,0.015164644714038129,89.35008665511265,female,80-84,117,0.01985743380855397,0.00030113092863925
E02006011,E06000051,5892,310774,35,2308,0.015164644714038129,89.35008665511265,male,80-84,91,0.015444670739986422,0.00023421294449719443
E02006043,E06000051,6881,310774,9,2630,0.0034220532319391636,23.547148288973386,female,80-84,117,0.017003342537421886,5.8186343283953226e-05
E02006043,E06000051,6881,310774,9,2630,0.0034220532319391636,23.547148288973386,male,80-84,102,0.014823426827496003,5.07265556834464e-05
E02006013,E06000051,7636,310774,234,3144,0.07442748091603053,568.3282442748092,female,80-84,140,0.018334206390780514,0.0013645687962603819
E02006013,E06000051,7636,310774,234,3144,0.07442748091603053,568.3282442748092,male,80-84,115,0.015060240963855422,0.0011208957969281706
E02002948,E06000020,7031,169768,13,2761,0.004708438971387179,33.105034407823254,female,80-84,39,0.005546863888493813,2.6117070101564498e-05
E02002948,E06000020,7031,169768,13,2761,0.004708438971387179,33.105034407823254,male,80-84,32,0.00455127293414877,2.142939085256574e-05
E02002947,E06000020,6762,169768,17,2744,0.00619533527696793,41.892857142857146,female,80-84,34,0.005028098195800059,3.115075412849891e-05
E02002947,E06000020,6762,169768,17,2744,0.00619533527696793,41.892857142857146,male,80-84,43,0.006359065365276546,3.9396541986042736e-05
E02006045,E06000051,11048,310774,9,4637,0.0019409100711667026,21.44317446624973,female,80-84,292,0.026430123099203475,5.129849210541973e-05
E02006045,E06000051,11048,310774,9,4637,0.0019409100711667026,21.44317446624973,male,80-84,187,0.016926140477914554,3.2852116519566744e-05
E02002950,E06000020,5501,169768,15,2409,0.0062266500622665,34.25280199252802,female,80-84,59,0.010725322668605708,6.678283106230204e-05
E02002950,E06000020,5501,169768,15,2409,0.0062266500622665,34.25280199252802,male,80-84,47,0.008543901108889293,5.319988237166434e-05
E02006010,E06000051,11572,310774,39,4282,0.00910789350770668,105.39654367118169,female,80-84,188,0.016246111303145523,0.00014796785166339922
E02006010,E06000051,11572,310774,39,4282,0.00910789350770668,105.39654367118169,male,80-84,142,0.012270998963014172,0.00011176295178831216
E02006014,E06000051,9310,310774,60,3559,0.01685866816521495,156.9542006181512,female,80-84,145,0.015574650912996778,0.00026256787153127473
E02006014,E06000051,9310,310774,60,3559,0.01685866816521495,156.9542006181512,male,80-84,118,0.012674543501611171,0.00021367592303924427
E02002936,E06000020,8985,169768,13,3588,0.0036231884057971015,32.55434782608695,female,80-84,75,0.008347245409015025,3.024364278628632e-05
E02002936,E06000020,8985,169768,13,3588,0.0036231884057971015,32.55434782608695,male,80-84,40,0.004451864218141347,1.6129942819352704e-05
E02002937,E06000020,10271,169768,19,3808,0.004989495798319327,51.247111344537814,female,80-84,137,0.013338525946840618,6.655251916753459e-05
E02002937,E06000020,10271,169768,19,3808,0.004989495798319327,51.247111344537814,male,80-84,116,0.011293934378346802,5.6351038127255574e-05
E02002934,E06000020,5973,169768,8,2312,0.0034602076124567475,20.667820069204154,female,80-84,55,0.009208103130755065,3.186194854932548e-05
E02002934,E06000020,5973,169768,8,2312,0.0034602076124567475,20.667820069204154,male,80-84,39,0.0065293822199899544,2.2593018062248978e-05
E02002931,E06000020,6673,169768,12,2265,0.005298013245033113,35.35364238410596,female,80-84,80,0.011988610819721265,6.351581891243055e-05
E02002931,E06000020,6673,169768,12,2265,0.005298013245033113,35.35364238410596,male,80-84,57,0.008541885209051402,4.525502097510676e-05
E02002949,E06000020,5179,169768,19,2064,0.009205426356589148,47.6749031007752,female,80-84,79,0.015253910021239622,0.00014041874535055855
E02002949,E06000020,5179,169768,19,2064,0.009205426356589148,47.6749031007752,male,80-84,48,0.009268198493917745,8.531771869401025e-05
E02002933,E06000020,8266,169768,8,3198,0.0025015634771732333,20.677923702313947,female,80-84,116,0.014033389789499154,3.510541535834685e-05
E02002933,E06000020,8266,169768,8,3198,0.0025015634771732333,20.677923702313947,male,80-84,104,0.012581659811275103,3.147382066610407e-05
E02006012,E06000051,6249,310774,51,2517,0.02026221692491061,126.6185935637664,female,80-84,117,0.01872299567930869,0.00037936939993831674
E02006012,E06000051,6249,310774,51,2517,0.02026221692491061,126.6185935637664,male,80-84,78,0.012481997119539127,0.0002529129332922112
E02002938,E06000020,7041,169768,10,2924,0.003419972640218878,24.08002735978112,female,80-84,65,0.009231643232495384,3.157196727939598e-05
E02002938,E06000020,7041,169768,10,2924,0.003419972640218878,24.08002735978112,male,80-84,50,0.00710126402499645,2.4286128676458446e-05
E02002935,E06000020,6539,169768,17,2641,0.006436955698599016,42.091253313138964,female,80-84,95,0.014528215323443951,9.351747841671608e-05
E02002935,E06000020,6539,169768,17,2641,0.006436955698599016,42.091253313138964,male,80-84,79,0.012081358005811286,7.77671662623218e-05
E02002942,E06000020,6480,169768,12,2164,0.005545286506469501,35.93345656192236,female,80-84,51,0.00787037037037037,4.364345861573218e-05
E02002942,E06000020,6480,169768,12,2164,0.005545286506469501,35.93345656192236,male,80-84,38,0.005864197530864198,3.2518655439173e-05
E02002940,E06000020,6097,169768,8,2441,0.0032773453502662844,19.981974600573537,female,80-84,83,0.01361325241922257,4.461532951814033e-05
E02002940,E06000020,6097,169768,8,2441,0.0032773453502662844,19.981974600573537,male,80-84,61,0.010004920452681646,3.278957952538024e-05
E02002945,E06000020,9464,169768,23,3482,0.006605399195864446,62.51349798966112,female,80-84,84,0.008875739644970414,5.862780351358976e-05
E02002945,E06000020,9464,169768,23,3482,0.006605399195864446,62.51349798966112,male,80-84,59,0.0062341504649196956,4.117905246787852e-05
E02001851,E08000025,8705,1101521,11,3747,0.0029356818788364024,25.55511075527088,female,80-84,143,0.01642734060884549,4.822544614286106e-05
E02001851,E08000025,8705,1101521,11,3747,0.0029356818788364024,25.55511075527088,male,80-84,93,0.010683515221137278,3.1363402036965586e-05
E02006770,E07000239,7445,98999,86,3002,0.028647568287808126,213.2811459027315,female,80-84,67,0.008999328408327737,0.00025780887512198047
E02006770,E07000239,7445,98999,86,3002,0.028647568287808126,213.2811459027315,male,80-84,39,0.005238415043653459,0.00015006785268294385
E02006775,E07000239,5234,98999,39,2137,0.018249883013570427,95.51988769302761,female,80-84,51,0.009743981658387467,0.00017782652535194724
E02006775,E07000239,5234,98999,39,2137,0.018249883013570427,95.51988769302761,male,80-84,50,0.009552923194497517,0.00017433973073720317
E02006752,E07000238,6978,120007,9,2110,0.0042654028436018955,29.763981042654027,female,80-84,94,0.01347090856979077,5.74588517194867e-05
E02006752,E07000238,6978,120007,9,2110,0.0042654028436018955,29.763981042654027,male,80-84,83,0.011894525652049298,5.0734943539546766e-05
E02006769,E07000239,7260,98999,102,2631,0.03876852907639681,281.4595210946408,female,80-84,113,0.01556473829201102,0.000603422009040336
E02006769,E07000239,7260,98999,102,2631,0.03876852907639681,281.4595210946408,male,80-84,93,0.0128099173553719,0.0004966216534579756
E02006780,E07000239,5841,98999,29,2373,0.012220817530552043,71.38179519595448,female,80-84,98,0.016777948981338813,0.00020504025303785318
E02006780,E07000239,5841,98999,29,2373,0.012220817530552043,71.38179519595448,male,80-84,78,0.01335387776065742,0.00016319530343829127
E02006710,E07000235,8023,76224,16,3073,0.005206638464041653,41.77286039700618,female,80-84,179,0.022310856288171508,0.00011616456251569935
E02006710,E07000235,8023,76224,16,3073,0.005206638464041653,41.77286039700618,male,80-84,132,0.016452698491835973,8.566325280487326e-05
E02006772,E07000239,6487,98999,81,2650,0.030566037735849056,198.28188679245284,female,80-84,148,0.02281486049021119,0.0006973598866819269
E02006772,E07000239,6487,98999,81,2650,0.030566037735849056,198.28188679245284,male,80-84,125,0.019269307846462157,0.0005889863907786546
E02006768,E07000239,6929,98999,76,2622,0.028985507246376812,200.84057971014494,female,80-84,85,0.01226728243613797,0.00035557340394602814
E02006768,E07000239,6929,98999,76,2622,0.028985507246376812,200.84057971014494,male,80-84,77,0.011112714677442632,0.0003221076718099314
E02006776,E07000239,6600,98999,50,2264,0.022084805653710248,145.75971731448763,female,80-84,70,0.010606060606060607,0.00023423278723632083
E02006776,E07000239,6600,98999,50,2264,0.022084805653710248,145.75971731448763,male,80-84,58,0.008787878787878787,0.00019407859513866581
E02006779,E07000239,7763,98999,47,2986,0.015740120562625585,122.19055592766242,female,80-84,131,0.01687491948988793,0.00026561326725543625
E02006779,E07000239,7763,98999,47,2986,0.015740120562625585,122.19055592766242,male,80-84,94,0.012108720855339431,0.00019059272612222144
E02006773,E07000239,8336,98999,90,3333,0.027002700270027002,225.09450945094508,female,80-84,145,0.01739443378119002,0.00046969668176030654
E02006773,E07000239,8336,98999,90,3333,0.027002700270027002,225.09450945094508,male,80-84,110,0.013195777351247601,0.0003563216206457498
E02006778,E07000239,6883,98999,44,2683,0.016399552739470743,112.87812150577712,female,80-84,146,0.021211680953072787,0.0003478620804827442
E02006778,E07000239,6883,98999,44,2683,0.016399552739470743,112.87812150577712,male,80-84,101,0.014673834083975011,0.00024064431595039156
E02006771,E07000239,6656,98999,74,2584,0.02863777089783282,190.61300309597524,female,80-84,120,0.018028846153846152,0.0005163059657061204
E02006771,E07000239,6656,98999,74,2584,0.02863777089783282,190.61300309597524,male,80-84,103,0.015474759615384616,0.00044316262056442015
E02006767,E07000239,8853,98999,423,3438,0.12303664921465969,1089.2434554973822,female,80-84,167,0.018863662035468205,0.0023209217687617948
E02006767,E07000239,8853,98999,423,3438,0.12303664921465969,1089.2434554973822,male,80-84,139,0.01570089235287473,0.001931785184777781
E02006711,E07000235,7992,76224,13,2603,0.004994237418363427,39.91394544756051,female,80-84,133,0.01664164164164164,8.311230938968165e-05
E02006711,E07000235,7992,76224,13,2603,0.004994237418363427,39.91394544756051,male,80-84,154,0.01926926926926927,9.623530560910507e-05
E02006697,E07000234,7343,95519,582,2760,0.2108695652173913,1548.4152173913044,female,80-84,141,0.019201961051341414,0.004049109178217646
E02006697,E07000234,7343,95519,582,2760,0.2108695652173913,1548.4152173913044,male,80-84,123,0.016750646874574424,0.0035322016235515633
E02006748,E07000238,6695,120007,28,2468,0.011345218800648298,75.95623987034035,female,80-84,132,0.019716206123973113,0.00022368467239515687
E02006748,E07000238,6695,120007,28,2468,0.011345218800648298,75.95623987034035,male,80-84,101,0.01508588498879761,0.00017115266599932458
E02006753,E07000238,6436,120007,20,2175,0.009195402298850575,59.181609195402295,female,80-84,109,0.016935985083903045,0.0001557331961738211
E02006753,E07000238,6436,120007,20,2175,0.009195402298850575,59.181609195402295,male,80-84,88,0.013673088875077687,0.00012572955287427757
E02006707,E07000234,6848,95519,9,2196,0.004098360655737705,28.065573770491806,female,80-84,82,0.01197429906542056,4.9074996169756396e-05
E02006707,E07000234,6848,95519,9,2196,0.004098360655737705,28.065573770491806,male,80-84,57,0.00832359813084112,3.411310709361115e-05
E02001895,E08000025,8221,1101521,8,3569,0.002241524236480807,18.427570748108714,female,80-84,117,0.01423184527429753,3.1901026112182754e-05
E02001895,E08000025,8221,1101521,8,3569,0.002241524236480807,18.427570748108714,male,80-84,91,0.011069212991120302,2.4811909198364366e-05
E02006706,E07000234,7094,95519,13,2640,0.004924242424242424,34.932575757575755,female,80-84,171,0.024104877361150266,0.00011869825973293691
E02006706,E07000234,7094,95519,13,2640,0.004924242424242424,34.932575757575755,male,80-84,114,0.016069918240766846,7.913217315529128e-05
E02006703,E07000234,7229,95519,11,2633,0.004177744018230156,30.200911507785797,female,80-84,117,0.016184811177202933,6.761599808174412e-05
E02006703,E07000234,7229,95519,11,2633,0.004177744018230156,30.200911507785797,male,80-84,92,0.01272651819062111,5.316813524376461e-05
E02006705,E07000234,7134,95519,14,2719,0.0051489518205222505,36.732622287605736,female,80-84,100,0.014017381553125876,7.217482226692248e-05
E02006705,E07000234,7134,95519,14,2719,0.0051489518205222505,36.732622287605736,male,80-84,51,0.007148864592094197,3.680915935613047e-05
E02006702,E07000234,5790,95519,23,2326,0.009888220120378332,57.25279449699054,female,80-84,91,0.015716753022452505,0.00015541071346363182
E02006702,E07000234,5790,95519,23,2326,0.009888220120378332,57.25279449699054,male,80-84,61,0.010535405872193437,0.00010417641232177517
E02006708,E07000234,8466,95519,12,3221,0.003725551071095933,31.54051536789817,female,80-84,110,0.012993149066855657,4.8406640422933215e-05
E02006708,E07000234,8466,95519,12,3221,0.003725551071095933,31.54051536789817,male,80-84,57,0.006732813607370659,2.5083440946429032e-05
E02006709,E07000234,7862,95519,12,2822,0.004252303330970942,33.43160878809355,female,80-84,85,0.010811498346476723,4.59737704315098e-05
E02006709,E07000234,7862,95519,12,2822,0.004252303330970942,33.43160878809355,male,80-84,93,0.011829051132027474,5.030071353094602e-05
E02006774,E07000239,7573,98999,64,2899,0.02207657813038979,167.18592618144186,female,80-84,93,0.012280470091113166,0.0002711107574443748
E02006774,E07000239,7573,98999,64,2899,0.02207657813038979,167.18592618144186,male,80-84,86,0.011356133632642281,0.00025070457140017455
E02001946,E08000025,7631,1101521,11,3033,0.003626772172766238,27.67589845037916,female,80-84,121,0.015856375311230506,5.750746073970839e-05
E02001946,E08000025,7631,1101521,11,3033,0.003626772172766238,27.67589845037916,male,80-84,83,0.01087668719695977,3.94472664578165e-05
E02006901,E08000025,15014,1101521,10,5840,0.0017123287671232876,25.70890410958904,female,80-84,80,0.005328360197149327,9.123904447173504e-06
E02006901,E08000025,15014,1101521,10,5840,0.0017123287671232876,25.70890410958904,male,80-84,92,0.0061276142267217264,1.0492490114249531e-05
E02006187,E07000196,7313,110688,2369,2947,0.8038683406854428,5878.689175432643,female,80-84,145,0.019827704088609326,0.015938863585312348
E02006187,E07000196,7313,110688,2369,2947,0.8038683406854428,5878.689175432643,male,80-84,106,0.014494735402707508,0.011651858896849027
E02006777,E07000239,7139,98999,73,2644,0.02760968229954614,197.1055219364599,female,80-84,145,0.020310967922678246,0.000560779371541419
E02006777,E07000239,7139,98999,73,2644,0.02760968229954614,197.1055219364599,male,80-84,113,0.015828547415604428,0.00043702116540814037
E02002002,E08000027,6982,315653,2194,2941,0.7460047602856171,5208.605236314179,female,80-84,164,0.023488971641363505,0.01752288465867104
E02002002,E08000027,6982,315653,2194,2941,0.7460047602856171,5208.605236314179,male,80-84,137,0.01962188484674878,0.014638019501450808
E02002013,E08000027,6563,315653,2277,2637,0.863481228668942,5667.027303754266,female,80-84,145,0.022093554776778913,0.01907736982431763
E02002013,E08000027,6563,315653,2277,2637,0.863481228668942,5667.027303754266,male,80-84,119,0.01813195185128752,0.015656600062715843
E02002078,E08000028,6286,316289,58,2651,0.02187853640135798,137.52847981893626,female,80-84,108,0.017181037225580655,0.00037589594835295287
E02002078,E08000028,6286,316289,58,2651,0.02187853640135798,137.52847981893626,male,80-84,86,0.01368119630925867,0.00029932455146624025
E02002029,E08000027,5821,315653,910,2458,0.37021969080553296,2155.048820179007,female,80-84,119,0.02044322281394949,0.007568483629248998
E02002029,E08000027,5821,315653,910,2458,0.37021969080553296,2155.048820179007,male,80-84,107,0.018381721353719294,0.00680527519604742
E02006696,E07000234,6224,95519,830,2309,0.3594629709831096,2237.297531398874,female,80-84,147,0.023618251928020566,0.008489887007473829
E02006696,E07000234,6224,95519,830,2309,0.3594629709831096,2237.297531398874,male,80-84,97,0.015584832904884318,0.005602170338265044
E02002035,E08000027,6215,315653,1133,2623,0.43194815097216926,2684.557758292032,female,80-84,124,0.01995172968624296,0.008618112746669186
E02002035,E08000027,6215,315653,1133,2623,0.43194815097216926,2684.557758292032,male,80-84,85,0.013676588897827836,0.005907577286023233
E02002027,E08000027,5585,315653,1634,1917,0.8523735002608243,4760.5059989567035,female,80-84,35,0.006266786034019696,0.005341642347203017
E02002027,E08000027,5585,315653,1634,1917,0.8523735002608243,4760.5059989567035,male,80-84,23,0.004118173679498657,0.003510222113876268
E02002023,E08000027,5328,315653,1842,2111,0.8725722406442444,4649.064898152535,female,80-84,58,0.010885885885885885,0.009498721838845002
E02002023,E08000027,5328,315653,1842,2111,0.8725722406442444,4649.064898152535,male,80-84,45,0.008445945945945946,0.007369697978414227
E02002036,E08000027,6538,315653,2415,2792,0.8649713467048711,5655.182664756447,female,80-84,86,0.013153869684918936,0.01137772037574471
E02002036,E08000027,6538,315653,2415,2792,0.8649713467048711,5655.182664756447,male,80-84,52,0.007953502600183543,0.0068795518551014526
E02002006,E08000027,6484,315653,2371,2774,0.8547224224945926,5542.020187454938,female,80-84,112,0.01727328809376928,0.014763866643953481
E02002006,E08000027,6484,315653,2371,2774,0.8547224224945926,5542.020187454938,male,80-84,80,0.012338062924120914,0.010545619031395344
E02002039,E08000027,6423,315653,2050,2529,0.8105970739422697,5206.465005931198,female,80-84,125,0.01946131091390316,0.01577528168189066
E02002039,E08000027,6423,315653,2050,2529,0.8105970739422697,5206.465005931198,male,80-84,65,0.010119881675229644,0.008203146474583143
E02002024,E08000027,8489,315653,3028,3483,0.8693654895205283,7380.043640539765,female,80-84,135,0.015902933207680527,0.013825461312907445
E02002024,E08000027,8489,315653,3028,3483,0.8693654895205283,7380.043640539765,male,80-84,102,0.012015549534691954,0.010445904103085626
E02002009,E08000027,6697,315653,2392,2910,0.8219931271477663,5504.887972508591,female,80-84,75,0.01119904434821562,0.009205537484856275
E02002009,E08000027,6697,315653,2392,2910,0.8219931271477663,5504.887972508591,male,80-84,57,0.00851127370464387,0.006996208488490769
E02002018,E08000027,8990,315653,2997,3484,0.8602181400688863,7733.361079219288,female,80-84,177,0.01968854282536151,0.016936441689899096
E02002018,E08000027,8990,315653,2997,3484,0.8602181400688863,7733.361079219288,male,80-84,138,0.015350389321468299,0.013204683351446754
E02002033,E08000027,7674,315653,2219,2966,0.7481456507080243,5741.269723533378,female,80-84,130,0.016940317956737033,0.012673825200943857
E02002033,E08000027,7674,315653,2219,2966,0.7481456507080243,5741.269723533378,male,80-84,97,0.012640083398488402,0.0094566234191658
E02002017,E08000027,8443,315653,3414,3928,0.8691446028513238,7338.187881873727,female,80-84,129,0.01527892929053654,0.01327959893021684
E02002017,E08000027,8443,315653,3414,3928,0.8691446028513238,7338.187881873727,male,80-84,85,0.010067511548027952,0.00875012332611187
E02002041,E08000027,6174,315653,2055,2549,0.8061985092193017,4977.469595919969,female,80-84,183,0.029640427599611274,0.023896068543429256
E02002041,E08000027,6174,315653,2055,2549,0.8061985092193017,4977.469595919969,male,80-84,138,0.022351797862001945,0.018019986114717144
E02002012,E08000027,8054,315653,3436,3885,0.8844272844272845,7123.177348777349,female,80-84,142,0.01763099081201887,0.015593329325636254
E02002012,E08000027,8054,315653,3436,3885,0.8844272844272845,7123.177348777349,male,80-84,88,0.010926247827166625,0.009663471694760496
E02002022,E08000027,8434,315653,3147,3556,0.8849831271091113,7463.947694038245,female,80-84,110,0.01304244723737254,0.01154234574128554
E02002022,E08000027,8434,315653,3147,3556,0.8849831271091113,7463.947694038245,male,80-84,61,0.007232629831633863,0.006400755365621982
E02002034,E08000027,7963,315653,2698,3216,0.8389303482587065,6680.40236318408,female,80-84,118,0.0148185357277408,0.012431719338757674
E02002034,E08000027,7963,315653,2698,3216,0.8389303482587065,6680.40236318408,male,80-84,87,0.01092553057892754,0.009165759173490828
E02002042,E08000027,8222,315653,2220,2974,0.7464694014794889,6137.471418964358,female,80-84,178,0.021649233763074677,0.0161604905696119
E02002042,E08000027,8222,315653,2220,2974,0.7464694014794889,6137.471418964358,male,80-84,136,0.016540987594259305,0.012347341109366396
E02002026,E08000027,7013,315653,2186,2562,0.853239656518345,5983.769711163153,female,80-84,58,0.008270355054898046,0.007056594906325968
E02002026,E08000027,7013,315653,2186,2562,0.853239656518345,5983.769711163153,male,80-84,63,0.008983316697561671,0.007664922053423034
E02002020,E08000027,9771,315653,3408,3903,0.8731744811683321,8531.787855495773,female,80-84,146,0.014942175826425135,0.013047126624764762
E02002020,E08000027,9771,315653,3408,3903,0.8731744811683321,8531.787855495773,male,80-84,111,0.011360147374884864,0.00991939079006088
E02002030,E08000027,6330,315653,2521,2903,0.8684119875990355,5497.047881501895,female,80-84,76,0.012006319115323854,0.010426431446686682
E02002030,E08000027,6330,315653,2521,2903,0.8684119875990355,5497.047881501895,male,80-84,54,0.008530805687203791,0.0074082539226458
E02002028,E08000027,5825,315653,2078,2430,0.8551440329218107,4981.213991769548,female,80-84,179,0.030729613733905578,0.02627824581854148
E02002028,E08000027,5825,315653,2078,2430,0.8551440329218107,4981.213991769548,male,80-84,108,0.018540772532188842,0.015855030996661898
E02002021,E08000027,7518,315653,2907,3277,0.8870918523039365,6669.156545620995,female,80-84,92,0.01223729715349827,0.01085560659909047
E02002021,E08000027,7518,315653,2907,3277,0.8870918523039365,6669.156545620995,male,80-84,47,0.0062516626762436816,0.005545799023448392
E02002011,E08000027,5761,315653,2006,2316,0.8661485319516408,4989.881692573403,female,80-84,117,0.020308974136434645,0.01759058813371671
E02002011,E08000027,5761,315653,2006,2316,0.8661485319516408,4989.881692573403,male,80-84,77,0.013365735115431349,0.011576711848685356
E02002019,E08000027,8016,315653,2788,3247,0.8586387434554974,6882.848167539267,female,80-84,89,0.011102794411177645,0.009533289442058291
E02002019,E08000027,8016,315653,2788,3247,0.8586387434554974,6882.848167539267,male,80-84,76,0.009481037924151697,0.008140786489847531
E02002016,E08000027,7873,315653,3246,3671,0.8842277308635249,6961.524925088532,female,80-84,106,0.013463736822050045,0.011905009459104996
E02002016,E08000027,7873,315653,3246,3671,0.8842277308635249,6961.524925088532,male,80-84,60,0.00762098310682078,0.006738684599493395
E02002040,E08000027,6006,315653,1787,2238,0.7984807864164433,4795.675603217158,female,80-84,113,0.018814518814518816,0.015023031779063951
E02002040,E08000027,6006,315653,1787,2238,0.7984807864164433,4795.675603217158,male,80-84,108,0.017982017982017984,0.014358295859636343
E02002015,E08000027,6039,315653,2300,2613,0.880214313050134,5315.614236509759,female,80-84,106,0.01755257492962411,0.015450027683940092
E02002015,E08000027,6039,315653,2300,2613,0.880214313050134,5315.614236509759,male,80-84,80,0.01324722636198046,0.011660398252030257
E02002037,E08000027,5965,315653,1882,2241,0.8398036590807675,5009.428826416778,female,80-84,101,0.016932103939647947,0.014219642844452225
E02002037,E08000027,5965,315653,1882,2241,0.8398036590807675,5009.428826416778,male,80-84,72,0.012070410729253982,0.010136775097035249
E02001901,E08000025,8063,1101521,11,2791,0.003941239699032604,31.778215693299888,female,80-84,98,0.012154285005581049,4.790295057735275e-05
E02001901,E08000025,8063,1101521,11,2791,0.003941239699032604,31.778215693299888,male,80-84,48,0.005953119186407045,2.3462669670540124e-05
E02006698,E07000234,6535,95519,10,2771,0.003608805485384338,23.583543846986647,female,80-84,160,0.02448355011476664,8.835636995585219e-05
E02006698,E07000234,6535,95519,10,2771,0.003608805485384338,23.583543846986647,male,80-84,92,0.014078041315990818,5.080491272461501e-05
E02001921,E08000025,7888,1101521,10,3211,0.003114294612270321,24.56555590158829,female,80-84,91,0.011536511156186613,3.592809453810842e-05
E02001921,E08000025,7888,1101521,10,3211,0.003114294612270321,24.56555590158829,male,80-84,84,0.010649087221095335,3.3164394958253924e-05
E02001927,E08000025,7803,1101521,10,3616,0.0027654867256637168,21.579092920353983,female,80-84,144,0.01845444059976932,5.103551050821161e-05
E02001927,E08000025,7803,1101521,10,3616,0.0027654867256637168,21.579092920353983,male,80-84,67,0.00858644111239267,2.3745688917015127e-05
E02001952,E08000025,9117,1101521,12,4047,0.0029651593773165306,27.03335804299481,female,80-84,101,0.011078205550071295,3.2848645070633934e-05
E02001952,E08000025,9117,1101521,12,4047,0.0029651593773165306,27.03335804299481,male,80-84,70,0.00767796424262367,2.276638767271659e-05
E02001913,E08000025,7746,1101521,14,2873,0.004872955099199443,37.74591019839888,female,80-84,92,0.011877097856958431,5.787656456575636e-05
E02001913,E08000025,7746,1101521,14,2873,0.004872955099199443,37.74591019839888,male,80-84,72,0.009295120061967466,4.529470270363541e-05
E02001932,E08000025,7076,1101521,14,3205,0.00436817472698908,30.90920436817473,female,80-84,97,0.013708309779536462,5.9880292328708416e-05
E02001932,E08000025,7076,1101521,14,3205,0.00436817472698908,30.90920436817473,male,80-84,73,0.010316563029960429,4.506454989686303e-05
E02001899,E08000025,8050,1101521,17,3211,0.005294300840859545,42.61912176891934,female,80-84,180,0.02236024844720497,0.00011838188215586561
E02001899,E08000025,8050,1101521,17,3211,0.005294300840859545,42.61912176891934,male,80-84,103,0.012795031055900621,6.774074367807866e-05
E02001911,E08000025,8103,1101521,21,3490,0.006017191977077364,48.75730659025788,female,80-84,78,0.009626064420584968,5.792187760237374e-05
E02001911,E08000025,8103,1101521,21,3490,0.006017191977077364,48.75730659025788,male,80-84,58,0.007157842774281131,4.3070114114585605e-05
E02001951,E08000025,8399,1101521,21,3936,0.005335365853658537,44.81173780487805,female,80-84,82,0.009763067031789498,5.20895344683891e-05
E02001951,E08000025,8399,1101521,21,3936,0.005335365853658537,44.81173780487805,male,80-84,54,0.006429336825812597,3.43028641621099e-05
E02001928,E08000025,6890,1101521,23,3103,0.007412181759587496,51.06993232355784,female,80-84,69,0.010014513788098693,7.422939643128261e-05
E02001928,E08000025,6890,1101521,23,3103,0.007412181759587496,51.06993232355784,male,80-84,53,0.007692307692307693,5.7016782766057665e-05
E02001920,E08000025,7512,1101521,52,3186,0.016321406151914627,122.60640301318267,female,80-84,90,0.011980830670926517,0.0001955440034175075
E02001920,E08000025,7512,1101521,52,3186,0.016321406151914627,122.60640301318267,male,80-84,44,0.005857294994675187,9.559929055967035e-05
E02001906,E08000025,9284,1101521,90,3832,0.02348643006263048,218.04801670146136,female,80-84,117,0.012602326583369237,0.00029598366192673054
E02001906,E08000025,9284,1101521,90,3832,0.02348643006263048,218.04801670146136,male,80-84,109,0.011740629039207239,0.0002757454628206293
E02001935,E08000025,7920,1101521,9,3303,0.0027247956403269754,21.580381471389646,female,80-84,161,0.020328282828282827,5.539041642583876e-05
E02001935,E08000025,7920,1101521,9,3303,0.0027247956403269754,21.580381471389646,male,80-84,107,0.01351010101010101,3.68122643327003e-05
E02001926,E08000025,7401,1101521,9,2620,0.003435114503816794,25.42328244274809,female,80-84,96,0.012971220105391163,4.4557626316229186e-05
E02001926,E08000025,7401,1101521,9,2620,0.003435114503816794,25.42328244274809,male,80-84,71,0.009593298202945548,3.2954077796377836e-05
E02001919,E08000025,6664,1101521,8,2649,0.003020007550018875,20.125330313325783,female,80-84,79,0.011854741896758704,3.5801410031736366e-05
E02001919,E08000025,6664,1101521,8,2649,0.003020007550018875,20.125330313325783,male,80-84,66,0.009903961584633853,2.9910038760691136e-05
E02001938,E08000025,7790,1101521,8,2854,0.002803083391730904,21.83601962158374,female,80-84,73,0.009370988446726573,2.6267662079121434e-05
E02001938,E08000025,7790,1101521,8,2854,0.002803083391730904,21.83601962158374,male,80-84,40,0.005134788189987163,1.4393239495409005e-05
E02002168,E08000031,11027,253250,76,3901,0.019482184055370416,214.8300435785696,female,85-89,66,0.005985308787521538,0.00011660688742672056
E02002168,E08000031,11027,253250,76,3901,0.019482184055370416,214.8300435785696,male,85-89,44,0.003990205858347692,7.773792495114702e-05
E02006130,E07000192,7338,98508,16,1959,0.00816743236345074,59.932618683001536,female,85-89,41,0.005587353502316708,4.5634331820861326e-05
E02006130,E07000192,7338,98508,16,1959,0.00816743236345074,59.932618683001536,male,85-89,42,0.005723630417007359,4.674736430429696e-05
E02006177,E07000196,9842,110688,32,3021,0.010592519033432638,104.25157232704403,female,85-89,73,0.007417191627717944,7.856674349121952e-05
E02006177,E07000196,9842,110688,32,3021,0.010592519033432638,104.25157232704403,male,85-89,45,0.004572241414346677,4.843155420691614e-05
E02002134,E08000030,8444,273933,35,3485,0.010043041606886656,84.80344332855093,female,85-89,45,0.005329227854097584,5.352165707128133e-05
E02002134,E08000030,8444,273933,35,3485,0.010043041606886656,84.80344332855093,male,85-89,33,0.003908100426338228,3.92492151856063e-05
E02002120,E08000030,6211,273933,24,2204,0.010889292196007259,67.63339382940109,female,85-89,49,0.007889228787634841,8.590811746970789e-05
E02002120,E08000030,6211,273933,24,2204,0.010889292196007259,67.63339382940109,male,85-89,13,0.002093060698760264,2.2791949532779643e-05
E02002129,E08000030,5759,273933,34,2402,0.014154870940882597,81.51790174854288,female,85-89,58,0.010071192915436707,0.00014255643593873773
E02002129,E08000030,5759,273933,34,2402,0.014154870940882597,81.51790174854288,male,85-89,38,0.00659836777218267,9.339904423572472e-05
E02002131,E08000030,7803,273933,19,2882,0.00659264399722415,51.44240111034004,female,85-89,85,0.010893246187363835,7.181529408740905e-05
E02002131,E08000030,7803,273933,19,2882,0.00659264399722415,51.44240111034004,male,85-89,60,0.007689350249903883,5.069314876758286e-05
E02006175,E07000196,7115,110688,15,1490,0.010067114093959731,71.62751677852349,female,85-89,26,0.0036542515811665496,3.6787767595636404e-05
E02006175,E07000196,7115,110688,15,1490,0.010067114093959731,71.62751677852349,male,85-89,26,0.0036542515811665496,3.6787767595636404e-05
E02006155,E07000194,5739,102062,10,2456,0.004071661237785016,23.36726384364821,female,85-89,64,0.011151768600801533,4.540622394463165e-05
E02006155,E07000194,5739,102062,10,2456,0.004071661237785016,23.36726384364821,male,85-89,19,0.003310681303362955,1.3479972733562521e-05
E02006129,E07000192,7951,98508,11,2006,0.005483549351944167,43.599700897308075,female,85-89,80,0.010061627468242988,5.517343078298747e-05
E02006129,E07000192,7951,98508,11,2006,0.005483549351944167,43.599700897308075,male,85-89,37,0.0046535027040623825,2.5517711737131708e-05
E02006180,E07000196,6835,110688,36,2673,0.013468013468013467,92.05387205387206,female,85-89,105,0.015362106803218726,0.0002068970613228111
E02006180,E07000196,6835,110688,36,2673,0.013468013468013467,92.05387205387206,male,85-89,56,0.008193123628383321,0.00011034509937216593
E02002043,E08000028,8799,316289,31,3725,0.00832214765100671,73.22657718120804,female,85-89,75,0.008523695874531197,7.093545560012539e-05
E02002043,E08000028,8799,316289,31,3725,0.00832214765100671,73.22657718120804,male,85-89,44,0.005000568246391636,4.1615467285406896e-05
E02002148,E08000030,11314,273933,12,4622,0.0025962786672436176,29.37429684119429,female,85-89,118,0.010429556301926816,2.707803453550883e-05
E02002148,E08000030,11314,273933,12,4622,0.0025962786672436176,29.37429684119429,male,85-89,84,0.0074244299098462085,1.9275888991379166e-05
E02006126,E07000192,8412,98508,11,1815,0.006060606060606061,50.981818181818184,female,85-89,79,0.00939134569662387,5.6917246646205275e-05
E02006126,E07000192,8412,98508,11,1815,0.006060606060606061,50.981818181818184,male,85-89,43,0.005111745126010462,3.0980273490972495e-05
E02002046,E08000028,5770,316289,16,2410,0.006639004149377593,38.30705394190871,female,85-89,31,0.00537261698440208,3.566882645246194e-05
E02002046,E08000028,5770,316289,16,2410,0.006639004149377593,38.30705394190871,male,85-89,12,0.0020797227036395147,1.3807287659017525e-05
E02002047,E08000028,6640,316289,124,3214,0.038581207218419414,256.1792159303049,female,85-89,86,0.012951807228915663,0.0004996963585518178
E02002047,E08000028,6640,316289,124,3214,0.038581207218419414,256.1792159303049,male,85-89,49,0.007379518072289156,0.00028471071591905893
E02002045,E08000028,7925,316289,34,3323,0.01023171832681312,81.08636773999399,female,85-89,74,0.009337539432176656,9.553907333554207e-05
E02002045,E08000028,7925,316289,34,3323,0.01023171832681312,81.08636773999399,male,85-89,38,0.004794952681388013,4.906060522635945e-05
E02002044,E08000028,7501,316289,27,3214,0.008400746733042938,63.014001244555075,female,85-89,66,0.008798826823090255,7.391671568868602e-05
E02002044,E08000028,7501,316289,27,3214,0.008400746733042938,63.014001244555075,male,85-89,31,0.0041327822956939075,3.471845736892829e-05
E02006178,E07000196,7888,110688,18,2689,0.00669393826701376,52.801785050204536,female,85-89,55,0.0069726166328600405,4.6674265299918455e-05
E02006178,E07000196,7888,110688,18,2689,0.00669393826701376,52.801785050204536,male,85-89,30,0.0038032454361054766,2.5458690163591888e-05
E02002146,E08000030,6578,273933,19,2657,0.007150922092585623,47.038765525028225,female,85-89,60,0.009121313469139556,6.522580199986886e-05
E02002146,E08000030,6578,273933,19,2657,0.007150922092585623,47.038765525028225,male,85-89,35,0.005320766190331408,3.8048384499923504e-05
E02002110,E08000030,6695,273933,15,2592,0.005787037037037037,38.74421296296296,female,85-89,42,0.006273338312173264,3.630404115841009e-05
E02002110,E08000030,6695,273933,15,2592,0.005787037037037037,38.74421296296296,male,85-89,17,0.002539208364451083,1.4694492849832655e-05
E02002112,E08000030,5455,273933,19,2078,0.009143407122232916,49.877285851780556,female,85-89,37,0.006782768102658112,6.201761017829842e-05
E02002112,E08000030,5455,273933,19,2078,0.009143407122232916,49.877285851780556,male,85-89,36,0.006599450045829514,6.0341458551857927e-05
E02002113,E08000030,6555,273933,20,2632,0.007598784194528876,49.81003039513678,female,85-89,61,0.009305873379099924,7.071332354939153e-05
E02002113,E08000030,6555,273933,20,2632,0.007598784194528876,49.81003039513678,male,85-89,32,0.004881769641495042,3.709551399312342e-05
E02002124,E08000030,7088,273933,25,2905,0.008605851979345954,60.998278829604125,female,85-89,144,0.020316027088036117,0.00017483672192802164
E02002124,E08000030,7088,273933,25,2905,0.008605851979345954,60.998278829604125,male,85-89,60,0.008465011286681716,7.28486341366757e-05
E02002114,E08000030,6027,273933,12,2486,0.004827031375703942,29.092518101367656,female,85-89,98,0.016260162601626018,7.848831505209662e-05
E02002114,E08000030,6027,273933,12,2486,0.004827031375703942,29.092518101367656,male,85-89,45,0.007466401194624191,3.6040552830044364e-05
E02002116,E08000030,6796,273933,28,2645,0.01058601134215501,71.94253308128545,female,85-89,56,0.00824014125956445,8.723022883470873e-05
E02002116,E08000030,6796,273933,28,2645,0.01058601134215501,71.94253308128545,male,85-89,51,0.007504414361389052,7.944181554589545e-05
E02002138,E08000030,6485,273933,16,2394,0.006683375104427736,43.34168755221386,female,85-89,50,0.007710100231303007,5.152949193853304e-05
E02002138,E08000030,6485,273933,16,2394,0.006683375104427736,43.34168755221386,male,85-89,28,0.004317656129529684,2.8856515485578508e-05
E02002145,E08000030,7105,273933,41,3016,0.013594164456233421,96.58653846153845,female,85-89,39,0.005489092188599578,7.46196219272489e-05
E02002145,E08000030,7105,273933,41,3016,0.013594164456233421,96.58653846153845,male,85-89,22,0.003096410978184377,4.2093120061525024e-05
E02002147,E08000030,8031,273933,66,3184,0.0207286432160804,166.4717336683417,female,85-89,32,0.003984559830656207,8.259451910279827e-05
E02002147,E08000030,8031,273933,66,3184,0.0207286432160804,166.4717336683417,male,85-89,40,0.004980699788320259,0.00010324314887849783
E02002119,E08000030,5943,273933,23,2452,0.009380097879282219,55.74592169657423,female,85-89,61,0.010264176341914857,9.627897873737427e-05
E02002119,E08000030,5943,273933,23,2452,0.009380097879282219,55.74592169657423,male,85-89,33,0.005552751135790005,5.2085349153005756e-05
E02002117,E08000030,6391,273933,22,2461,0.008939455505891914,57.132060138155225,female,85-89,44,0.0068846815834767644,6.154530468772402e-05
E02002117,E08000030,6391,273933,22,2461,0.008939455505891914,57.132060138155225,male,85-89,31,0.004850571115631357,4.336146466635102e-05
E02002132,E08000030,6479,273933,39,2806,0.013898788310762652,90.05024946543122,female,85-89,87,0.013427998147862325,0.00018663290369445144
E02002132,E08000030,6479,273933,39,2806,0.013898788310762652,90.05024946543122,male,85-89,45,0.0069455162833770645,9.653426053161281e-05
E02002139,E08000030,9513,273933,49,4150,0.011807228915662651,112.3221686746988,female,85-89,70,0.007358351729212656,8.688174330877595e-05
E02002139,E08000030,9513,273933,49,4150,0.011807228915662651,112.3221686746988,male,85-89,36,0.003784295175023652,4.4682039415941916e-05
E02002136,E08000030,7706,273933,44,3044,0.01445466491458607,111.38764783180027,female,85-89,31,0.004022839345964184,5.814879475112486e-05
E02002136,E08000030,7706,273933,44,3044,0.01445466491458607,111.38764783180027,male,85-89,15,0.0019465351674020244,2.8136513589253967e-05
E02002118,E08000030,7347,273933,27,3045,0.008866995073891626,65.14581280788178,female,85-89,80,0.010888798148904314,9.655091954693481e-05
E02002118,E08000030,7347,273933,27,3045,0.008866995073891626,65.14581280788178,male,85-89,49,0.0066693888662038925,5.9137438222497576e-05
E02002128,E08000030,5558,273933,17,2321,0.007324429125376993,40.70917707884533,female,85-89,53,0.009535804246131702,6.984432235426064e-05
E02002128,E08000030,5558,273933,17,2321,0.007324429125376993,40.70917707884533,male,85-89,22,0.00395825836631882,2.899198286403272e-05
E02002142,E08000030,6831,273933,27,2814,0.009594882729211088,65.54264392324095,female,85-89,48,0.007026789635485288,6.742122251531727e-05
E02002142,E08000030,6831,273933,27,2814,0.009594882729211088,65.54264392324095,male,85-89,24,0.003513394817742644,3.371061125765863e-05
E02002123,E08000030,6475,273933,29,2966,0.009777478084962913,63.30917060013486,female,85-89,76,0.011737451737451738,0.00011476267713624424
E02002123,E08000030,6475,273933,29,2966,0.009777478084962913,63.30917060013486,male,85-89,21,0.003243243243243243,3.171073973501485e-05
E02002144,E08000030,6676,273933,16,2662,0.006010518407212622,40.126220886551465,female,85-89,75,0.011234272019173158,6.752379876287398e-05
E02002144,E08000030,6676,273933,16,2662,0.006010518407212622,40.126220886551465,male,85-89,64,0.009586578789694428,5.762030827765246e-05
E02002133,E08000030,6723,273933,23,2899,0.00793377026560883,53.338737495688164,female,85-89,74,0.011006990926669642,8.732693732783778e-05
E02002133,E08000030,6723,273933,23,2899,0.00793377026560883,53.338737495688164,male,85-89,31,0.004611036739550795,3.6582906177877984e-05
E02002125,E08000030,6150,273933,21,2579,0.0081426909654905,50.07754943776657,female,85-89,68,0.011056910569105691,9.003300579729332e-05
E02002125,E08000030,6150,273933,21,2579,0.0081426909654905,50.07754943776657,male,85-89,38,0.006178861788617886,5.0312562063193326e-05
E02002111,E08000030,6159,273933,24,2566,0.009353078721745909,57.60561184723305,female,85-89,59,0.009579477187855172,8.959760425117854e-05
E02002111,E08000030,6159,273933,24,2566,0.009353078721745909,57.60561184723305,male,85-89,26,0.004221464523461601,3.948369000899393e-05
E02002122,E08000030,5626,273933,26,2451,0.010607915136678907,59.68013055895553,female,85-89,26,0.004621400639886242,4.9023425800506855e-05
E02002122,E08000030,5626,273933,26,2451,0.010607915136678907,59.68013055895553,male,85-89,20,0.0035549235691432635,3.771032753885143e-05
E02002115,E08000030,6774,273933,19,2716,0.006995581737849779,47.388070692194404,female,85-89,85,0.012547977561263655,8.778040267452484e-05
E02002115,E08000030,6774,273933,19,2716,0.006995581737849779,47.388070692194404,male,85-89,49,0.00723354000590493,5.0602820365314316e-05
E02002143,E08000030,10020,273933,34,3975,0.008553459119496854,85.70566037735848,female,85-89,34,0.0033932135728542913,2.9023713579131043e-05
E02002143,E08000030,10020,273933,34,3975,0.008553459119496854,85.70566037735848,male,85-89,42,0.004191616766467066,3.585282265657364e-05
E02002130,E08000030,6711,273933,30,2715,0.011049723756906077,74.15469613259668,female,85-89,53,0.00789748174638653,8.726499167277933e-05
E02002130,E08000030,6711,273933,30,2715,0.011049723756906077,74.15469613259668,male,85-89,32,0.0047682908657428105,5.268829685903658e-05
E02002126,E08000030,6701,273933,25,2766,0.009038322487346349,60.565798987707886,female,85-89,53,0.007909267273541262,7.148650825688054e-05
E02002126,E08000030,6701,273933,25,2766,0.009038322487346349,60.565798987707886,male,85-89,24,0.0035815549917922697,3.2371249021983636e-05
E02002127,E08000030,8612,273933,33,3788,0.008711721224920803,75.02534318901796,female,85-89,54,0.006270320483046911,5.462528403921543e-05
E02002127,E08000030,8612,273933,33,3788,0.008711721224920803,75.02534318901796,male,85-89,21,0.0024384579656293545,2.124316601525045e-05
E02002121,E08000030,6502,273933,27,2956,0.009133964817320704,59.38903924221922,female,85-89,97,0.014918486619501691,0.00013626493191019813
E02002121,E08000030,6502,273933,27,2956,0.009133964817320704,59.38903924221922,male,85-89,33,0.005075361427253153,4.635817271171689e-05
E02002140,E08000030,8199,273933,27,3608,0.007483370288248337,61.35615299334812,female,85-89,56,0.0068301012318575435,5.111217662421111e-05
E02002140,E08000030,8199,273933,27,3608,0.007483370288248337,61.35615299334812,male,85-89,26,0.0031711184290767165,2.373065343266944e-05
E02002135,E08000030,7467,273933,29,3125,0.00928,69.29376,female,85-89,46,0.006160439266104192,5.71688763894469e-05
E02002135,E08000030,7467,273933,29,3125,0.00928,69.29376,male,85-89,23,0.003080219633052096,2.858443819472345e-05
E02006122,E07000192,6630,98508,8,1372,0.0058309037900874635,38.65889212827988,female,85-89,42,0.006334841628959276,3.693785206390248e-05
E02006122,E07000192,6630,98508,8,1372,0.0058309037900874635,38.65889212827988,male,85-89,38,0.005731523378582202,3.341996139114986e-05
E02006151,E07000194,8781,102062,18,3519,0.005115089514066497,44.915601023017906,female,85-89,78,0.008882815169115136,4.5436394726931645e-05
E02006151,E07000194,8781,102062,18,3519,0.005115089514066497,44.915601023017906,male,85-89,46,0.005238583304862772,2.6795822531267378e-05
E02006128,E07000192,8441,98508,11,2021,0.0054428500742206825,45.94309747649678,female,85-89,150,0.017770406349958537,9.672165752080351e-05
E02006128,E07000192,8441,98508,11,2021,0.0054428500742206825,45.94309747649678,male,85-89,81,0.00959601942897761,5.2229695061233894e-05
E02002160,E08000031,7038,253250,36,2718,0.013245033112582781,93.21854304635761,female,85-89,37,0.0052571753339016765,6.963146137618114e-05
E02002160,E08000031,7038,253250,36,2718,0.013245033112582781,93.21854304635761,male,85-89,35,0.004973003694231316,6.586759859909027e-05
E02002049,E08000028,6318,316289,724,2583,0.2802942315137437,1770.8989547038327,female,85-89,27,0.004273504273504274,0.00119783859621258
E02002049,E08000028,6318,316289,724,2583,0.2802942315137437,1770.8989547038327,male,85-89,2,0.00031655587211142766,8.872878490463556e-05
E02002170,E08000031,6261,253250,38,2340,0.01623931623931624,101.67435897435898,female,85-89,44,0.007027631368790928,0.00011412392821113474
E02002170,E08000031,6261,253250,38,2340,0.01623931623931624,101.67435897435898,male,85-89,25,0.003992972368631209,6.484314102905382e-05
E02002175,E08000031,7269,253250,73,3164,0.02307206068268015,167.710809102402,female,85-89,56,0.007703948273490164,0.00017774596206219403
E02002175,E08000031,7269,253250,73,3164,0.02307206068268015,167.710809102402,male,85-89,40,0.005502820195350117,0.00012696140147299572
E02006156,E07000194,7668,102062,8,3055,0.002618657937806874,20.07986906710311,female,85-89,95,0.012389149713093375,3.2442945238869726e-05
E02006156,E07000194,7668,102062,8,3055,0.002618657937806874,20.07986906710311,male,85-89,55,0.007172665623369849,1.8782757769871947e-05
E02002153,E08000031,7380,253250,46,2996,0.015353805073431242,113.31108144192257,female,85-89,67,0.009078590785907859,0.0001393909132682782
E02002153,E08000031,7380,253250,46,2996,0.015353805073431242,113.31108144192257,male,85-89,71,0.00962059620596206,0.00014771275883653363
E02002052,E08000028,11268,316289,59,4711,0.012523880280195288,141.1190829972405,female,85-89,113,0.01002839900603479,0.00012559446855360914
E02002052,E08000028,11268,316289,59,4711,0.012523880280195288,141.1190829972405,male,85-89,67,0.005946041888533901,7.446751675302487e-05
E02002055,E08000028,9306,316289,59,3933,0.015001271294177472,139.60183066361554,female,85-89,88,0.009456264775413711,0.0001418559933255553
E02002055,E08000028,9306,316289,59,3933,0.015001271294177472,139.60183066361554,male,85-89,41,0.004405759724908661,6.609199689031554e-05
E02002048,E08000028,6531,316289,8,2546,0.003142183817753339,20.521602513747055,female,85-89,83,0.012708620425662226,3.9932821447485394e-05
E02002048,E08000028,6531,316289,8,2546,0.003142183817753339,20.521602513747055,male,85-89,38,0.005818404532230899,1.8282496566318618e-05
E02002171,E08000031,7412,253250,63,2973,0.02119071644803229,157.06559031281535,female,85-89,60,0.008094981111710739,0.00017153844939043946
E02002171,E08000031,7412,253250,63,2973,0.02119071644803229,157.06559031281535,male,85-89,52,0.007015650296815974,0.00014866665613838087
E02002181,E08000031,7544,253250,194,2860,0.06783216783216783,511.72587412587416,female,85-89,56,0.007423117709437964,0.0005035261663045332
E02002181,E08000031,7544,253250,194,2860,0.06783216783216783,511.72587412587416,male,85-89,31,0.004109225874867444,0.0002787376992042952
E02002051,E08000028,5608,316289,511,2576,0.1983695652173913,1112.4565217391305,female,85-89,31,0.005527817403708987,0.0010965507349748806
E02002051,E08000028,5608,316289,511,2576,0.1983695652173913,1112.4565217391305,male,85-89,19,0.0033880171184022824,0.0006720794827265397
E02006810,E08000028,10065,316289,36,4151,0.008672609009877139,87.2898096844134,female,85-89,94,0.009339294585196225,8.099605036546955e-05
E02006810,E08000028,10065,316289,36,4151,0.008672609009877139,87.2898096844134,male,85-89,41,0.0040735221063089916,3.532806452110906e-05
E02006124,E07000192,7632,98508,8,1666,0.004801920768307323,36.64825930372149,female,85-89,76,0.009958071278825996,4.781786928607921e-05
E02006124,E07000192,7632,98508,8,1666,0.004801920768307323,36.64825930372149,male,85-89,52,0.006813417190775681,3.271748951152788e-05
E02006202,E07000197,8878,132044,10,1780,0.0056179775280898875,49.87640449438202,female,85-89,79,0.00889840054066231,4.999101427338377e-05
E02006202,E07000197,8878,132044,10,1780,0.0056179775280898875,49.87640449438202,male,85-89,75,0.008447848614552828,4.7459823677263074e-05
E02006186,E07000196,12377,110688,2790,4611,0.605074821080026,7489.0110605074815,female,85-89,137,0.011068918154641673,0.006697523671969262
E02006186,E07000196,12377,110688,2790,4611,0.605074821080026,7489.0110605074815,male,85-89,112,0.009049042578977136,0.0054753478194201274
E02002071,E08000028,6650,316289,1140,2828,0.4031117397454031,2680.6930693069307,female,85-89,41,0.006165413533834587,0.002485350575873914
E02002071,E08000028,6650,316289,1140,2828,0.4031117397454031,2680.6930693069307,male,85-89,21,0.003157894736842105,0.0012729844413012729
E02001886,E08000025,9196,1101521,15,3600,0.004166666666666667,38.31666666666666,female,85-89,41,0.004458460200086995,1.857691750036248e-05
E02001886,E08000025,9196,1101521,15,3600,0.004166666666666667,38.31666666666666,male,85-89,31,0.0033710308829926054,1.4045962012469189e-05
E02002067,E08000028,5450,316289,1329,2304,0.5768229166666666,3143.684895833333,female,85-89,47,0.008623853211009174,0.004974436162079511
E02002067,E08000028,5450,316289,1329,2304,0.5768229166666666,3143.684895833333,male,85-89,32,0.005871559633027523,0.0033868501529051988
E02002014,E08000027,7170,315653,2764,3215,0.8597200622083981,6164.192846034215,female,85-89,57,0.007949790794979079,0.006834594636803165
E02002014,E08000027,7170,315653,2764,3215,0.8597200622083981,6164.192846034215,male,85-89,38,0.005299860529986053,0.004556396424535444
E02002031,E08000027,5952,315653,1897,2242,0.8461195361284567,5036.103479036574,female,85-89,28,0.004704301075268817,0.003980401043615051
E02002031,E08000027,5952,315653,1897,2242,0.8461195361284567,5036.103479036574,male,85-89,19,0.003192204301075269,0.002700986422453071
E02002032,E08000027,10187,315653,3407,4176,0.8158524904214559,8311.08931992337,female,85-89,78,0.007656817512515951,0.006246833636288756
E02002032,E08000027,10187,315653,3407,4176,0.8158524904214559,8311.08931992337,male,85-89,42,0.00412290173750859,0.0033636796503093308
E02002001,E08000027,6002,315653,1811,2412,0.7508291873963516,4506.476782752902,female,85-89,72,0.011996001332889037,0.009006947932778626
E02002001,E08000027,6002,315653,1811,2412,0.7508291873963516,4506.476782752902,male,85-89,38,0.006331222925691436,0.004753666964522053
E02002077,E08000028,10521,316289,3346,4614,0.7251842219332466,7629.663198959687,female,85-89,101,0.009599847923201217,0.006961658246864168
E02002077,E08000028,10521,316289,3346,4614,0.7251842219332466,7629.663198959687,male,85-89,50,0.004752399961980801,0.0034463654687446376
E02001900,E08000025,7094,1101521,8,2566,0.003117692907248636,22.116913484021826,female,85-89,52,0.007330138144911192,2.2853119703542298e-05
E02001900,E08000025,7094,1101521,8,2566,0.003117692907248636,22.116913484021826,male,85-89,35,0.00493374682830561,1.5381907492768856e-05
E02006181,E07000196,5700,110688,41,2088,0.019636015325670497,111.92528735632183,female,85-89,88,0.015438596491228071,0.00030315251730859716
E02006181,E07000196,5700,110688,41,2088,0.019636015325670497,111.92528735632183,male,85-89,53,0.009298245614035089,0.00018258049337904148
E02001879,E08000025,10994,1101521,20,4424,0.0045207956600361665,49.701627486437616,female,85-89,63,0.005730398399126796,2.5905960213050616e-05
E02001879,E08000025,10994,1101521,20,4424,0.0045207956600361665,49.701627486437616,male,85-89,34,0.0030925959614335093,1.3980994400693985e-05
E02001866,E08000025,8949,1101521,8,3671,0.002179242713157178,19.502043040043585,female,85-89,19,0.0021231422505307855,4.626842278465346e-06
E02001866,E08000025,8949,1101521,8,3671,0.002179242713157178,19.502043040043585,male,85-89,38,0.004246284501061571,9.253684556930692e-06
E02002008,E08000027,8544,315653,2480,2912,0.8516483516483516,7276.483516483516,female,85-89,60,0.007022471910112359,0.005980676626744042
E02002008,E08000027,8544,315653,2480,2912,0.8516483516483516,7276.483516483516,male,85-89,23,0.0026919475655430712,0.0022925927069185497
E02002004,E08000027,7541,315653,2747,3237,0.8486252703120173,6399.483163422922,female,85-89,57,0.007558679220262565,0.006414486196497147
E02002004,E08000027,7541,315653,2747,3237,0.8486252703120173,6399.483163422922,male,85-89,47,0.00623259514653229,0.005289137740971332
E02002167,E08000031,6614,253250,90,2412,0.03731343283582089,246.79104477611938,female,85-89,98,0.014817054732385848,0.0005528751765815614
E02002167,E08000031,6614,253250,90,2412,0.03731343283582089,246.79104477611938,male,85-89,47,0.007106138494103417,0.00026515442142176926
E02006182,E07000196,6858,110688,47,2192,0.02144160583941606,147.04653284671534,female,85-89,106,0.015456401283172936,0.0003314100640096387
E02006182,E07000196,6858,110688,47,2192,0.02144160583941606,147.04653284671534,male,85-89,70,0.010207057451151939,0.00021885570264787462
E02002079,E08000028,8081,316289,153,3774,0.04054054054054054,327.6081081081081,female,85-89,117,0.014478406137854226,0.0005869624109940902
E02002079,E08000028,8081,316289,153,3774,0.04054054054054054,327.6081081081081,male,85-89,51,0.006311100111372355,0.0002558554099205009
E02001861,E08000025,10383,1101521,8,4006,0.00199700449326011,20.73489765351972,female,85-89,40,0.0038524511220263892,7.693362200751651e-06
E02001861,E08000025,10383,1101521,8,4006,0.00199700449326011,20.73489765351972,male,85-89,28,0.0026967157854184726,5.385353540526156e-06
E02002025,E08000027,7828,315653,1831,3361,0.5447783397798275,4264.524843796489,female,85-89,73,0.009325498211548287,0.005080329433307026
E02002025,E08000027,7828,315653,1831,3361,0.5447783397798275,4264.524843796489,male,85-89,27,0.0034491568727644355,0.0018790259547847908
E02002162,E08000031,7547,253250,87,2826,0.03078556263269639,232.33864118895966,female,85-89,172,0.0227905127865377,0.0007016187588212243
E02002162,E08000031,7547,253250,87,2826,0.03078556263269639,232.33864118895966,male,85-89,111,0.014707830926195839,0.00045278885016951094
E02002010,E08000027,7321,315653,3068,3523,0.8708487084870848,6375.483394833948,female,85-89,83,0.011337249009698128,0.009873028657892097
E02002010,E08000027,7321,315653,3068,3523,0.8708487084870848,6375.483394833948,male,85-89,42,0.005736921185630378,0.00499599040519841
E02001873,E08000025,11051,1101521,12,4852,0.00247320692497939,27.33140972794724,female,85-89,33,0.0029861550990860557,7.385379470122149e-06
E02001873,E08000025,11051,1101521,12,4852,0.00247320692497939,27.33140972794724,male,85-89,31,0.0028051760021717493,6.93778071435717e-06
E02002073,E08000028,7623,316289,34,3367,0.010098010098010098,76.97713097713097,female,85-89,52,0.006821461366915913,6.888318576630265e-05
E02002073,E08000028,7623,316289,34,3367,0.010098010098010098,76.97713097713097,male,85-89,38,0.004984914075823166,5.033771267537501e-05
E02002161,E08000031,6390,253250,29,2544,0.01139937106918239,72.84198113207546,female,85-89,34,0.005320813771517997,6.065393057154949e-05
E02002161,E08000031,6390,253250,29,2544,0.01139937106918239,72.84198113207546,male,85-89,19,0.00297339593114241,3.3894843554689416e-05
E02002174,E08000031,7479,253250,127,2806,0.04526015680684248,338.5007127583749,female,85-89,93,0.012434817488969114,0.0005628017894152093
E02002174,E08000031,7479,253250,127,2806,0.04526015680684248,338.5007127583749,male,85-89,51,0.00681909346169274,0.0003086332393567277
E02002164,E08000031,7261,253250,33,2344,0.014078498293515358,102.22397610921502,female,85-89,22,0.0030298856906762154,4.26562405257317e-05
E02002164,E08000031,7261,253250,33,2344,0.014078498293515358,102.22397610921502,male,85-89,18,0.00247899738328054,3.490056043014412e-05
E02002076,E08000028,10852,316289,28,4164,0.0067243035542747355,72.97214217098943,female,85-89,61,0.00562108367121268,3.7797872909211104e-05
E02002076,E08000028,10852,316289,28,4164,0.0067243035542747355,72.97214217098943,male,85-89,37,0.00340950976778474,2.2926578649849357e-05
E02001857,E08000025,13611,1101521,14,5507,0.002542218994007627,34.60214272743781,female,85-89,72,0.005289839100727353,1.34479294371133e-05
E02001857,E08000025,13611,1101521,14,5507,0.002542218994007627,34.60214272743781,male,85-89,46,0.0033796194254646977,8.591732695933498e-06
E02002176,E08000031,7652,253250,160,3000,0.05333333333333334,408.1066666666667,female,85-89,58,0.007579717720857292,0.0004042516117790556
E02002176,E08000031,7652,253250,160,3000,0.05333333333333334,408.1066666666667,male,85-89,40,0.005227391531625719,0.00027879421502003836
E02002005,E08000027,8668,315653,3163,3831,0.8256329939963456,7156.586791960323,female,85-89,55,0.006345177664974619,0.005238788032971736
E02002005,E08000027,8668,315653,3163,3831,0.8256329939963456,7156.586791960323,male,85-89,34,0.003922473465620674,0.003238523511291619
E02002074,E08000028,8186,316289,66,3525,0.01872340425531915,153.26978723404255,female,85-89,75,0.00916198387490838,0.000171543527870625
E02002074,E08000028,8186,316289,66,3525,0.01872340425531915,153.26978723404255,male,85-89,51,0.0062301490349376985,0.000116649598952025
E02002075,E08000028,8887,316289,1645,3984,0.41290160642570284,3669.456576305221,female,85-89,94,0.01057724766512884,0.004367362552494213
E02002075,E08000028,8887,316289,1645,3984,0.41290160642570284,3669.456576305221,male,85-89,47,0.00528862383256442,0.0021836812762471066
E02001858,E08000025,8646,1101521,8,3191,0.0025070510811657787,21.67596364775932,female,85-89,50,0.005783021050196623,1.44983291762999e-05
E02001858,E08000025,8646,1101521,8,3191,0.0025070510811657787,21.67596364775932,male,85-89,33,0.003816793893129771,9.568897256357934e-06
E02002150,E08000031,5718,253250,27,2139,0.012622720897615708,72.17671809256662,female,85-89,49,0.00856942987058412,0.00010816952150807445
E02002150,E08000031,5718,253250,27,2139,0.012622720897615708,72.17671809256662,male,85-89,34,0.005946135012242042,7.505640267907206e-05
E02002154,E08000031,5629,253250,34,2198,0.015468607825295723,87.07279344858962,female,85-89,48,0.008527269497246403,0.00013190498767351122
E02002154,E08000031,5629,253250,34,2198,0.015468607825295723,87.07279344858962,male,85-89,25,0.004441286196482501,6.87005144132871e-05
E02001862,E08000025,10446,1101521,19,4254,0.004466384579219558,46.655853314527505,female,85-89,48,0.004595060310166571,2.0523306509911812e-05
E02001862,E08000025,10446,1101521,19,4254,0.004466384579219558,46.655853314527505,male,85-89,28,0.0026804518475971664,1.1971928797448556e-05
E02002180,E08000031,6437,253250,436,2514,0.17342879872712808,1116.3611774065234,female,85-89,83,0.01289420537517477,0.0022362265487574384
E02002180,E08000031,6437,253250,436,2514,0.17342879872712808,1116.3611774065234,male,85-89,61,0.009476464191393506,0.0016434918008940208
E02002169,E08000031,8665,253250,103,3248,0.031711822660098525,274.78294334975374,female,85-89,161,0.018580496249278707,0.0005892214019937522
E02002169,E08000031,8665,253250,103,3248,0.031711822660098525,274.78294334975374,male,85-89,81,0.00934795152914022,0.0002964405811272915
E02002066,E08000028,7403,316289,67,3279,0.020433058859408357,151.26593473620008,female,85-89,54,0.007294340132378766,0.00014904568126543986
E02002066,E08000028,7403,316289,67,3279,0.020433058859408357,151.26593473620008,male,85-89,36,0.004862893421585844,9.936378751029324e-05
E02002003,E08000027,9101,315653,2767,3902,0.7091235263967196,6453.733213736545,female,85-89,100,0.01098780353807274,0.007791709992272493
E02002003,E08000027,9101,315653,2767,3902,0.7091235263967196,6453.733213736545,male,85-89,63,0.0069223162289858255,0.00490877729513167
E02002165,E08000031,7660,253250,52,2814,0.01847903340440654,141.54939587775408,female,85-89,67,0.008746736292428198,0.00016163123212731566
E02002165,E08000031,7660,253250,52,2814,0.01847903340440654,141.54939587775408,male,85-89,38,0.004960835509138381,9.167144508713426e-05
E02002069,E08000028,6634,316289,455,2932,0.15518417462482947,1029.4918144611188,female,85-89,48,0.007235453723243895,0.0011228279140777532
E02002069,E08000028,6634,316289,455,2932,0.15518417462482947,1029.4918144611188,male,85-89,28,0.004220681338558939,0.0006549829498786894
E02002151,E08000031,5868,253250,28,2104,0.013307984790874524,78.09125475285171,female,85-89,43,0.00732788002726653,9.751931595221617e-05
E02002151,E08000031,5868,253250,28,2104,0.013307984790874524,78.09125475285171,male,85-89,12,0.002044989775051125,2.7214692823874284e-05
E02002157,E08000031,7644,253250,52,2645,0.019659735349716444,150.2790170132325,female,85-89,93,0.01216640502354788,0.000239188302920412
E02002157,E08000031,7644,253250,52,2645,0.019659735349716444,150.2790170132325,male,85-89,76,0.009942438513867086,0.00019546570991345498
E02002159,E08000031,5964,253250,39,2249,0.017341040462427744,103.42196531791906,female,85-89,20,0.00335345405767941,5.815238250311115e-05
E02002159,E08000031,5964,253250,39,2249,0.017341040462427744,103.42196531791906,male,85-89,15,0.0025150905432595573,4.361428687733336e-05
E02001844,E08000025,9936,1101521,9,4181,0.0021525950729490554,21.388184644821816,female,85-89,202,0.02033011272141707,4.37625004766213e-05
E02001844,E08000025,9936,1101521,9,4181,0.0021525950729490554,21.388184644821816,male,85-89,98,0.009863123993558777,2.1231312112420233e-05
E02002182,E08000031,6646,253250,769,2842,0.2705840957072484,1798.3019000703728,female,85-89,73,0.01098405055672585,0.0029721093870943623
E02002182,E08000031,6646,253250,769,2842,0.2705840957072484,1798.3019000703728,male,85-89,34,0.00511585916340656,0.0013842701254960044
E02001850,E08000025,8434,1101521,8,3079,0.0025982461838259174,21.913608314387787,female,85-89,91,0.010789660896371829,2.803419524877383e-05
E02001850,E08000025,8434,1101521,8,3079,0.0025982461838259174,21.913608314387787,male,85-89,38,0.004505572682001423,1.17065870269605e-05
E02002155,E08000031,6227,253250,22,2531,0.00869221651521138,54.12643224022126,female,85-89,36,0.005781275092339811,5.0252094836616295e-05
E02002155,E08000031,6227,253250,22,2531,0.00869221651521138,54.12643224022126,male,85-89,16,0.0025694555965954714,2.2334264371829465e-05
E02001837,E08000025,10601,1101521,8,4727,0.0016924053310767928,17.94118891474508,female,85-89,77,0.007263465710782002,1.2292728091020946e-05
E02001837,E08000025,10601,1101521,8,4727,0.0016924053310767928,17.94118891474508,male,85-89,36,0.0033959060465993773,5.747249497100702e-06
E02002000,E08000027,7828,315653,1919,3360,0.5711309523809524,4470.813095238095,female,85-89,63,0.008048032703117016,0.004596480582524272
E02002000,E08000027,7828,315653,1919,3360,0.5711309523809524,4470.813095238095,male,85-89,48,0.0061318344404701075,0.0035020804438280167
E02002149,E08000031,10130,253250,46,3910,0.011764705882352941,119.17647058823529,female,85-89,104,0.010266535044422508,0.00012078276522850008
E02002149,E08000031,10130,253250,46,3910,0.011764705882352941,119.17647058823529,male,85-89,87,0.008588351431391906,0.00010103942860461066
E02006176,E07000196,7483,110688,20,2057,0.009722897423432183,72.75644141954302,female,85-89,65,0.008686355739676601,8.445654584031698e-05
E02006176,E07000196,7483,110688,20,2057,0.009722897423432183,72.75644141954302,male,85-89,37,0.004944540959508218,4.807526455525735e-05
E02002156,E08000031,8211,253250,45,3261,0.013799448022079117,113.30726770929162,female,85-89,88,0.01071733041042504,0.0001478932439341082
E02002156,E08000031,8211,253250,45,3261,0.013799448022079117,113.30726770929162,male,85-89,67,0.008159785653391791,0.00011260053799528691
E02002152,E08000031,6251,253250,37,2675,0.013831775700934579,86.46242990654206,female,85-89,54,0.008638617821148616,0.00011948742406822383
E02002152,E08000031,6251,253250,37,2675,0.013831775700934579,86.46242990654206,male,85-89,23,0.003679411294192929,5.0892791732762006e-05
E02002063,E08000028,9625,316289,1050,3929,0.26724357342835325,2572.2193942479003,female,85-89,46,0.004779220779220779,0.001277216039242
E02002063,E08000028,9625,316289,1050,3929,0.26724357342835325,2572.2193942479003,male,85-89,25,0.0025974025974025974,0.0006941391517619565
E02002070,E08000028,9356,316289,32,4370,0.007322654462242563,68.51075514874142,female,85-89,73,0.007802479692176144,5.713486273447062e-05
E02002070,E08000028,9356,316289,32,4370,0.007322654462242563,68.51075514874142,male,85-89,27,0.0028858486532706284,2.113207251822886e-05
E02002064,E08000028,12292,316289,1836,4906,0.374235629841011,4600.104362005707,female,85-89,92,0.007484542792059876,0.0028009825858585267
E02002064,E08000028,12292,316289,1836,4906,0.374235629841011,4600.104362005707,male,85-89,46,0.003742271396029938,0.0014004912929292633
E02006179,E07000196,8820,110688,26,2574,0.010101010101010102,89.0909090909091,female,85-89,53,0.0060090702947845805,6.06976797452988e-05
E02006179,E07000196,8820,110688,26,2574,0.010101010101010102,89.0909090909091,male,85-89,37,0.004195011337868481,4.2373851897661425e-05
E02002163,E08000031,11710,253250,44,4472,0.009838998211091235,115.21466905187836,female,85-89,78,0.006660973526900086,6.553730661529601e-05
E02002163,E08000031,11710,253250,44,4472,0.009838998211091235,115.21466905187836,male,85-89,31,0.00264730999146029,2.6046878270181748e-05
E02002058,E08000028,12006,316289,1237,5355,0.23099906629318395,2773.3747899159666,female,85-89,69,0.005747126436781609,0.001327580840765425
E02002058,E08000028,12006,316289,1237,5355,0.23099906629318395,2773.3747899159666,male,85-89,26,0.002165583874729302,0.0005002478530420442
E02002065,E08000028,12333,316289,40,5232,0.00764525993883792,94.28899082568807,female,85-89,49,0.003973080353523068,3.0375232060573912e-05
E02002065,E08000028,12333,316289,40,5232,0.00764525993883792,94.28899082568807,male,85-89,54,0.004378496716127463,3.347474553614268e-05
E02002158,E08000031,7354,253250,40,3054,0.01309757694826457,96.31958087753765,female,85-89,99,0.013462061463149306,0.00017632038589586517
E02002158,E08000031,7354,253250,40,3054,0.01309757694826457,96.31958087753765,male,85-89,61,0.008294805548001088,0.00010864185393583612
E02002061,E08000028,5723,316289,28,2656,0.010542168674698794,60.3328313253012,female,85-89,62,0.010833478944609471,0.00011420836236787093
E02002061,E08000028,5723,316289,28,2656,0.010542168674698794,60.3328313253012,male,85-89,42,0.007338808317316093,7.736695515242868e-05
E02006894,E08000031,13025,253250,135,4910,0.0274949083503055,358.1211812627291,female,85-89,100,0.007677543186180422,0.00021109334625954315
E02006894,E08000031,13025,253250,135,4910,0.0274949083503055,358.1211812627291,male,85-89,57,0.004376199616122841,0.00012032320736793961
E02002059,E08000028,10733,316289,44,4615,0.009534127843986998,102.32979414951245,female,85-89,110,0.010248765489611478,9.771304042099784e-05
E02002059,E08000028,10733,316289,44,4615,0.009534127843986998,102.32979414951245,male,85-89,52,0.0048448709587254266,4.6191619108108074e-05
E02001842,E08000025,7584,1101521,10,2849,0.00351000351000351,26.61986661986662,female,85-89,69,0.009098101265822785,3.1934367377405355e-05
E02001842,E08000025,7584,1101521,10,2849,0.00351000351000351,26.61986661986662,male,85-89,29,0.0038238396624472575,1.3421690636880512e-05
E02006174,E07000196,10383,110688,12,2102,0.005708848715509039,59.27497621313035,female,85-89,101,0.009727439083116633,5.553247811484281e-05
E02006174,E07000196,10383,110688,12,2102,0.005708848715509039,59.27497621313035,male,85-89,70,0.006741789463546181,3.848785611919799e-05
E02002177,E08000031,9490,253250,161,3469,0.04641106947247045,440.4410492937446,female,85-89,80,0.008429926238145416,0.00039124189228636834
E02002177,E08000031,9490,253250,161,3469,0.04641106947247045,440.4410492937446,male,85-89,27,0.002845100105374078,0.00013204413864664934
E02002056,E08000028,8965,316289,1566,4445,0.3523059617547806,3158.4229471316085,female,85-89,62,0.006915783602900167,0.0024364717935076853
E02002056,E08000028,8965,316289,1566,4445,0.3523059617547806,3158.4229471316085,male,85-89,39,0.004350250976017847,0.0015326193539806408
E02002057,E08000028,9255,316289,2145,4624,0.4638840830449827,4293.247188581315,female,85-89,102,0.011021069692058346,0.005112498808275336
E02002057,E08000028,9255,316289,2145,4624,0.4638840830449827,4293.247188581315,male,85-89,45,0.004862236628849271,0.002255514180121472
E02002068,E08000028,12466,316289,24,5537,0.004334477153693336,54.03359219794112,female,85-89,47,0.0037702550938552865,1.634208456791166e-05
E02002068,E08000028,12466,316289,24,5537,0.004334477153693336,54.03359219794112,male,85-89,25,0.002005454837157067,8.692598174421096e-06
E02002060,E08000028,6401,316289,64,2791,0.02293084915800788,146.78036546040843,female,85-89,49,0.0076550538978284646,0.0001755368862275248
E02002060,E08000028,6401,316289,64,2791,0.02293084915800788,146.78036546040843,male,85-89,30,0.004686767692548039,0.00010747156299644375
E02002053,E08000028,6052,316289,13,2352,0.0055272108843537416,33.45068027210884,female,85-89,87,0.014375413086582947,7.945593967924249e-05
E02002053,E08000028,6052,316289,13,2352,0.0055272108843537416,33.45068027210884,male,85-89,50,0.008261731658955718,4.566433314898994e-05
E02002062,E08000028,7752,316289,41,3473,0.011805355600345523,91.51511661387849,female,85-89,65,0.008384932920536636,9.898711481197872e-05
E02002062,E08000028,7752,316289,41,3473,0.011805355600345523,91.51511661387849,male,85-89,37,0.0047729618163054694,5.634651150835711e-05
E02002166,E08000031,9374,253250,65,3801,0.017100762957116548,160.3025519600105,female,85-89,81,0.008640921698314487,0.00014776635369388098
E02002166,E08000031,9374,253250,65,3801,0.017100762957116548,160.3025519600105,male,85-89,56,0.005973970556859398,0.00010215945440564611
E02002072,E08000028,8540,316289,131,3492,0.03751431844215349,320.3722794959908,female,85-89,62,0.007259953161592506,0.0002723521947791003
E02002072,E08000028,8540,316289,131,3492,0.03751431844215349,320.3722794959908,male,85-89,47,0.005503512880562061,0.00020646053475189863
E02002178,E08000031,8046,253250,167,2985,0.0559463986599665,450.14472361809044,female,85-89,106,0.013174248073576932,0.0007370517347696307
E02002178,E08000031,8046,253250,167,2985,0.0559463986599665,450.14472361809044,male,85-89,69,0.008575689783743476,0.0004797789594255144
E02006184,E07000196,5448,110688,56,1700,0.03294117647058824,179.4635294117647,female,85-89,67,0.012298091042584435,0.00040511358728513434
E02006184,E07000196,5448,110688,56,1700,0.03294117647058824,179.4635294117647,male,85-89,27,0.004955947136563877,0.00016325472920445714
E02006183,E07000196,7502,110688,91,2432,0.03741776315789474,280.70805921052636,female,85-89,71,0.009464142895227939,0.00035412705734611124
E02006183,E07000196,7502,110688,91,2432,0.03741776315789474,280.70805921052636,male,85-89,32,0.004265529192215409,0.00015960656105740224
E02006008,E06000051,7797,310774,11,2787,0.003946896304269824,30.773950484391815,female,85-89,81,0.010388611004232396,4.100277037910167e-05
E02006008,E06000051,7797,310774,11,2787,0.003946896304269824,30.773950484391815,male,85-89,42,0.005386687187379761,2.1260695752126793e-05
E02006009,E06000051,7325,310774,27,2987,0.009039169735520589,66.21191831268831,female,85-89,104,0.014197952218430034,0.00012833769999920017
E02006009,E06000051,7325,310774,27,2987,0.009039169735520589,66.21191831268831,male,85-89,53,0.007235494880546075,6.540286634574624e-05
E02006185,E07000196,7124,110688,1799,3014,0.5968812209688122,4252.181818181818,female,85-89,110,0.015440763615946098,0.009216301839776718
E02006185,E07000196,7124,110688,1799,3014,0.5968812209688122,4252.181818181818,male,85-89,68,0.009545199326221224,0.005697350228225608
E02002007,E08000027,8924,315653,3107,3605,0.8618585298196949,7691.225520110957,female,85-89,107,0.011990138951142985,0.010333803528765952
E02002007,E08000027,8924,315653,3107,3605,0.8618585298196949,7691.225520110957,male,85-89,73,0.00818018825638727,0.007050165024298266
E02002941,E06000020,10177,169768,25,4322,0.005784359093012495,58.86742248958816,female,85-89,98,0.009629556843863614,5.570081469148319e-05
E02002941,E06000020,10177,169768,25,4322,0.005784359093012495,58.86742248958816,male,85-89,37,0.0036356490124791196,2.102989942433549e-05
E02002080,E08000028,6839,316289,2355,3075,0.7658536585365854,5237.673170731708,female,85-89,83,0.012136277233513671,0.009294612320300714
E02002080,E08000028,6839,316289,2355,3075,0.7658536585365854,5237.673170731708,male,85-89,26,0.0038017253984500656,0.0029115653051544404
E02001925,E08000025,6588,1101521,11,2553,0.004308656482569526,28.385428907168038,female,85-89,73,0.011080752884031573,4.774315774553361e-05
E02001925,E08000025,6588,1101521,11,2553,0.004308656482569526,28.385428907168038,male,85-89,58,0.008803885853066181,3.7932919852615744e-05
E02001890,E08000025,10590,1101521,18,3528,0.00510204081632653,54.03061224489795,female,85-89,94,0.008876298394711992,4.528723670771424e-05
E02001890,E08000025,10590,1101521,18,3528,0.00510204081632653,54.03061224489795,male,85-89,48,0.004532577903682719,2.3125397467768974e-05
E02002038,E08000027,9391,315653,2749,3729,0.7371949584338965,6922.997854652722,female,85-89,83,0.008838249387711638,0.006515512890002492
E02002038,E08000027,9391,315653,2749,3729,0.7371949584338965,6922.997854652722,male,85-89,51,0.005430731551485465,0.004003507920362978
E02002946,E06000020,7932,169768,24,2991,0.00802407221664995,63.6469408224674,female,85-89,41,0.005168935955622794,4.147591539115582e-05
E02002946,E06000020,7932,169768,24,2991,0.00802407221664995,63.6469408224674,male,85-89,32,0.004034291477559254,3.237144615895089e-05
E02002943,E06000020,10466,169768,33,4085,0.008078335373317013,84.54785801713587,female,85-89,38,0.003630804509841391,2.933085650545065e-05
E02002943,E06000020,10466,169768,33,4085,0.008078335373317013,84.54785801713587,male,85-89,20,0.0019109497420217848,1.5437292897605605e-05
E02001950,E08000025,8602,1101521,8,3466,0.002308136180034622,19.85458742065782,female,85-89,91,0.010578935131364799,2.441762292294241e-05
E02001950,E08000025,8602,1101521,8,3466,0.002308136180034622,19.85458742065782,male,85-89,43,0.004998837479655894,1.1537997644906851e-05
E02002179,E08000031,6327,253250,182,2259,0.08056662239929172,509.74501992031867,female,85-89,86,0.013592539908329381,0.0010951050302416764
E02002179,E08000031,6327,253250,182,2259,0.08056662239929172,509.74501992031867,male,85-89,50,0.00790263948158685,0.0006366889710707422
E02002932,E06000020,9089,169768,14,3567,0.003924866834875245,35.673114662181106,female,85-89,51,0.005611178347452965,2.202312780048823e-05
E02002932,E06000020,9089,169768,14,3567,0.003924866834875245,35.673114662181106,male,85-89,28,0.0030806469358565297,1.209112898850334e-05
E02006704,E07000234,6898,95519,9,2842,0.0031667839549612948,21.84447572132301,female,85-89,85,0.012322412293418383,3.9022417537215144e-05
E02006704,E07000234,6898,95519,9,2842,0.0031667839549612948,21.84447572132301,male,85-89,46,0.006668599594085242,2.111801419661055e-05
E02006046,E06000051,8908,310774,21,3364,0.00624256837098692,55.608799048751486,female,85-89,78,0.008756174225415357,5.46610162704288e-05
E02006046,E06000051,8908,310774,21,3364,0.00624256837098692,55.608799048751486,male,85-89,84,0.009429726088908847,5.886570982969256e-05
E02006011,E06000051,5892,310774,35,2308,0.015164644714038129,89.35008665511265,female,85-89,94,0.015953835709436523,0.0002419342503597393
E02006011,E06000051,5892,310774,35,2308,0.015164644714038129,89.35008665511265,male,85-89,56,0.009504412763068567,0.00014413104276750428
E02006043,E06000051,6881,310774,9,2630,0.0034220532319391636,23.547148288973386,female,85-89,83,0.012062200261589886,4.127749138947109e-05
E02006043,E06000051,6881,310774,9,2630,0.0034220532319391636,23.547148288973386,male,85-89,53,0.0077023688417381195,2.6357916188457446e-05
E02006013,E06000051,7636,310774,234,3144,0.07442748091603053,568.3282442748092,female,85-89,94,0.012310110005238345,0.0009162104774891134
E02006013,E06000051,7636,310774,234,3144,0.07442748091603053,568.3282442748092,male,85-89,61,0.007988475641697223,0.0005945621183705949
E02002948,E06000020,7031,169768,13,2761,0.004708438971387179,33.105034407823254,female,85-89,26,0.0036979092589958756,1.7411380067709665e-05
E02002948,E06000020,7031,169768,13,2761,0.004708438971387179,33.105034407823254,male,85-89,9,0.0012800455127293415,6.027016177284114e-06
E02002947,E06000020,6762,169768,17,2744,0.00619533527696793,41.892857142857146,female,85-89,32,0.004732327713694173,2.93183568268225e-05
E02002947,E06000020,6762,169768,17,2744,0.00619533527696793,41.892857142857146,male,85-89,10,0.0014788524105294291,9.161986508382032e-06
E02006045,E06000051,11048,310774,9,4637,0.0019409100711667026,21.44317446624973,female,85-89,195,0.017650253439536568,3.425755465944126e-05
E02006045,E06000051,11048,310774,9,4637,0.0019409100711667026,21.44317446624973,male,85-89,111,0.01004706734250543,1.950045419075887e-05
E02002950,E06000020,5501,169768,15,2409,0.0062266500622665,34.25280199252802,female,85-89,28,0.005089983639338302,3.1693546944821305e-05
E02002950,E06000020,5501,169768,15,2409,0.0062266500622665,34.25280199252802,male,85-89,17,0.003090347209598255,1.924251064507008e-05
E02006010,E06000051,11572,310774,39,4282,0.00910789350770668,105.39654367118169,female,85-89,100,0.008641548565502939,7.870630407627618e-05
E02006010,E06000051,11572,310774,39,4282,0.00910789350770668,105.39654367118169,male,85-89,81,0.00699965433805738,6.375210630178371e-05
E02006014,E06000051,9310,310774,60,3559,0.01685866816521495,156.9542006181512,female,85-89,100,0.010741138560687433,0.00018108129071122396
E02006014,E06000051,9310,310774,60,3559,0.01685866816521495,156.9542006181512,male,85-89,56,0.006015037593984963,0.00010140552279828541
E02002936,E06000020,8985,169768,13,3588,0.0036231884057971015,32.55434782608695,female,85-89,51,0.005676126878130217,2.05656770946747e-05
E02002936,E06000020,8985,169768,13,3588,0.0036231884057971015,32.55434782608695,male,85-89,23,0.0025598219254312745,9.274717121127806e-06
E02002937,E06000020,10271,169768,19,3808,0.004989495798319327,51.247111344537814,female,85-89,75,0.007302112744620777,3.643386085813938e-05
E02002937,E06000020,10271,169768,19,3808,0.004989495798319327,51.247111344537814,male,85-89,53,0.005160159672865349,2.5746595006418492e-05
E02002934,E06000020,5973,169768,8,2312,0.0034602076124567475,20.667820069204154,female,85-89,31,0.0051900217646074,1.7958552818710727e-05
E02002934,E06000020,5973,169768,8,2312,0.0034602076124567475,20.667820069204154,male,85-89,25,0.0041855014230704835,1.4482703886057037e-05
E02002931,E06000020,6673,169768,12,2265,0.005298013245033113,35.35364238410596,female,85-89,30,0.004495729057395474,2.3818432092161453e-05
E02002931,E06000020,6673,169768,12,2265,0.005298013245033113,35.35364238410596,male,85-89,34,0.005095159598381537,2.6994223037782978e-05
E02002949,E06000020,5179,169768,19,2064,0.009205426356589148,47.6749031007752,female,85-89,57,0.011005985711527323,0.00010131479094913719
E02002949,E06000020,5179,169768,19,2064,0.009205426356589148,47.6749031007752,male,85-89,28,0.0054064491214520175,4.9768669238172646e-05
E02002933,E06000020,8266,169768,8,3198,0.0025015634771732333,20.677923702313947,female,85-89,75,0.009073312363900314,2.269746682651736e-05
E02002933,E06000020,8266,169768,8,3198,0.0025015634771732333,20.677923702313947,male,85-89,42,0.0050810549237841765,1.2710581422849723e-05
E02006012,E06000051,6249,310774,51,2517,0.02026221692491061,126.6185935637664,female,85-89,66,0.01056168987037926,0.0002140032512472556
E02006012,E06000051,6249,310774,51,2517,0.02026221692491061,126.6185935637664,male,85-89,29,0.004640742518803008,9.40317316086426e-05
E02002938,E06000020,7041,169768,10,2924,0.003419972640218878,24.08002735978112,female,85-89,54,0.007669365146996165,2.622901897057512e-05
E02002938,E06000020,7041,169768,10,2924,0.003419972640218878,24.08002735978112,male,85-89,44,0.0062491123419968755,2.137179323528343e-05
E02002935,E06000020,6539,169768,17,2641,0.006436955698599016,42.091253313138964,female,85-89,44,0.0067288576234898305,4.3313358424584294e-05
E02002935,E06000020,6539,169768,17,2641,0.006436955698599016,42.091253313138964,male,85-89,25,0.00382321455880104,2.4609862741241076e-05
E02002942,E06000020,6480,169768,12,2164,0.005545286506469501,35.93345656192236,female,85-89,37,0.005709876543209876,3.166290134866845e-05
E02002942,E06000020,6480,169768,12,2164,0.005545286506469501,35.93345656192236,male,85-89,21,0.0032407407407407406,1.7970835900595604e-05
E02002940,E06000020,6097,169768,8,2441,0.0032773453502662844,19.981974600573537,female,85-89,46,0.007544694111858291,2.4726568166680184e-05
E02002940,E06000020,6097,169768,8,2441,0.0032773453502662844,19.981974600573537,male,85-89,36,0.005904543217976054,1.9351227260880143e-05
E02002945,E06000020,9464,169768,23,3482,0.006605399195864446,62.51349798966112,female,85-89,34,0.003592561284868977,2.373030142216728e-05
E02002945,E06000020,9464,169768,23,3482,0.006605399195864446,62.51349798966112,male,85-89,20,0.002113271344040575,1.3959000836568992e-05
E02001851,E08000025,8705,1101521,11,3747,0.0029356818788364024,25.55511075527088,female,85-89,95,0.010913268236645606,3.2037883801201404e-05
E02001851,E08000025,8705,1101521,11,3747,0.0029356818788364024,25.55511075527088,male,85-89,56,0.006433084434233199,1.8885489398602935e-05
E02006770,E07000239,7445,98999,86,3002,0.028647568287808126,213.2811459027315,female,85-89,76,0.010208193418401611,0.00029243991804881364
E02006770,E07000239,7445,98999,86,3002,0.028647568287808126,213.2811459027315,male,85-89,35,0.0047011417058428475,0.00013467627804879576
E02006775,E07000239,5234,98999,39,2137,0.018249883013570427,95.51988769302761,female,85-89,32,0.00611387084447841,0.00011157742767181003
E02006775,E07000239,5234,98999,39,2137,0.018249883013570427,95.51988769302761,male,85-89,17,0.0032479938861291555,5.9275508450649074e-05
E02006752,E07000238,6978,120007,9,2110,0.0042654028436018955,29.763981042654027,female,85-89,47,0.006735454284895385,2.872942585974335e-05
E02006752,E07000238,6978,120007,9,2110,0.0042654028436018955,29.763981042654027,male,85-89,48,0.006878761822871883,2.9340690239737888e-05
E02006769,E07000239,7260,98999,102,2631,0.03876852907639681,281.4595210946408,female,85-89,70,0.009641873278236915,0.00037380124453826127
E02006769,E07000239,7260,98999,102,2631,0.03876852907639681,281.4595210946408,male,85-89,37,0.005096418732782369,0.00019758065782736665
E02006780,E07000239,5841,98999,29,2373,0.012220817530552043,71.38179519595448,female,85-89,77,0.013182674199623353,0.00016110305595831318
E02006780,E07000239,5841,98999,29,2373,0.012220817530552043,71.38179519595448,male,85-89,34,0.005820921075158364,7.113641431925518e-05
E02006710,E07000235,8023,76224,16,3073,0.005206638464041653,41.77286039700618,female,85-89,113,0.014084507042253521,7.333293611326272e-05
E02006710,E07000235,8023,76224,16,3073,0.005206638464041653,41.77286039700618,male,85-89,73,0.009098840832606257,4.737437465724051e-05
E02006772,E07000239,6487,98999,81,2650,0.030566037735849056,198.28188679245284,female,85-89,142,0.021889933713581007,0.0006690885399245515
E02006772,E07000239,6487,98999,81,2650,0.030566037735849056,198.28188679245284,male,85-89,54,0.008324340989671651,0.0002544421208163788
E02006768,E07000239,6929,98999,76,2622,0.028985507246376812,200.84057971014494,female,85-89,55,0.007937653341030452,0.00023007690843566527
E02006768,E07000239,6929,98999,76,2622,0.028985507246376812,200.84057971014494,male,85-89,35,0.005051233944292106,0.00014641257809542337
E02006776,E07000239,6600,98999,50,2264,0.022084805653710248,145.75971731448763,female,85-89,66,0.01,0.0002208480565371025
E02006776,E07000239,6600,98999,50,2264,0.022084805653710248,145.75971731448763,male,85-89,32,0.0048484848484848485,0.00010707784559374665
E02006779,E07000239,7763,98999,47,2986,0.015740120562625585,122.19055592766242,female,85-89,72,0.009274764910472756,0.00014598591788085046
E02006779,E07000239,7763,98999,47,2986,0.015740120562625585,122.19055592766242,male,85-89,46,0.005925544248357594,9.326878086832112e-05
E02006773,E07000239,8336,98999,90,3333,0.027002700270027002,225.09450945094508,female,85-89,140,0.016794625719769675,0.000453500244458227
E02006773,E07000239,8336,98999,90,3333,0.027002700270027002,225.09450945094508,male,85-89,49,0.005878119001919386,0.00015872508556037944
E02006778,E07000239,6883,98999,44,2683,0.016399552739470743,112.87812150577712,female,85-89,88,0.012785122766235653,0.00020967029508548967
E02006778,E07000239,6883,98999,44,2683,0.016399552739470743,112.87812150577712,male,85-89,64,0.009298271102716839,0.00015248748733490158
E02006771,E07000239,6656,98999,74,2584,0.02863777089783282,190.61300309597524,female,85-89,67,0.01006610576923077,0.000288270830852584
E02006771,E07000239,6656,98999,74,2584,0.02863777089783282,190.61300309597524,male,85-89,57,0.008563701923076924,0.0002452453337104073
E02006767,E07000239,8853,98999,423,3438,0.12303664921465969,1089.2434554973822,female,85-89,115,0.012989946910651756,0.0015982395413629124
E02006767,E07000239,8853,98999,423,3438,0.12303664921465969,1089.2434554973822,male,85-89,87,0.009827177228058285,0.0012091029573788991
E02006711,E07000235,7992,76224,13,2603,0.004994237418363427,39.91394544756051,female,85-89,80,0.01001001001001001,4.999236655018445e-05
E02006711,E07000235,7992,76224,13,2603,0.004994237418363427,39.91394544756051,male,85-89,51,0.0063813813813813815,3.1870133675742586e-05
E02006697,E07000234,7343,95519,582,2760,0.2108695652173913,1548.4152173913044,female,85-89,118,0.01606972626991693,0.003388616191699874
E02006697,E07000234,7343,95519,582,2760,0.2108695652173913,1548.4152173913044,male,85-89,52,0.007081574288437968,0.0014932884912575717
E02006748,E07000238,6695,120007,28,2468,0.011345218800648298,75.95623987034035,female,85-89,76,0.01135175504107543,0.00012878814471236307
E02006748,E07000238,6695,120007,28,2468,0.011345218800648298,75.95623987034035,male,85-89,59,0.008812546676624346,9.998027023722922e-05
E02006753,E07000238,6436,120007,20,2175,0.009195402298850575,59.181609195402295,female,85-89,47,0.007302672467371038,6.715101119421645e-05
E02006753,E07000238,6436,120007,20,2175,0.009195402298850575,59.181609195402295,male,85-89,37,0.005748912367930391,5.286356200395762e-05
E02006707,E07000234,6848,95519,9,2196,0.004098360655737705,28.065573770491806,female,85-89,56,0.008177570093457943,3.351463153056534e-05
E02006707,E07000234,6848,95519,9,2196,0.004098360655737705,28.065573770491806,male,85-89,35,0.005110981308411215,2.094664470660334e-05
E02001895,E08000025,8221,1101521,8,3569,0.002241524236480807,18.427570748108714,female,85-89,98,0.011920690913514172,2.672051759823855e-05
E02001895,E08000025,8221,1101521,8,3569,0.002241524236480807,18.427570748108714,male,85-89,32,0.003892470502371974,8.725066970853403e-06
E02006706,E07000234,7094,95519,13,2640,0.004924242424242424,34.932575757575755,female,85-89,135,0.01903016633775021,9.370915242073967e-05
E02006706,E07000234,7094,95519,13,2640,0.004924242424242424,34.932575757575755,male,85-89,51,0.007189173949816746,3.540123535894609e-05
E02006703,E07000234,7229,95519,11,2633,0.004177744018230156,30.200911507785797,female,85-89,61,0.008438234887259649,3.5252785324670014e-05
E02006703,E07000234,7229,95519,11,2633,0.004177744018230156,30.200911507785797,male,85-89,47,0.006501590814773828,2.7161982135401485e-05
E02006705,E07000234,7134,95519,14,2719,0.0051489518205222505,36.732622287605736,female,85-89,97,0.0135968601065321,7.000957759891481e-05
E02006705,E07000234,7134,95519,14,2719,0.0051489518205222505,36.732622287605736,male,85-89,41,0.005747126436781609,2.9591677129438222e-05
E02006702,E07000234,5790,95519,23,2326,0.009888220120378332,57.25279449699054,female,85-89,51,0.008808290155440414,8.709831194115628e-05
E02006702,E07000234,5790,95519,23,2326,0.009888220120378332,57.25279449699054,male,85-89,41,0.007081174438687392,7.002021156053741e-05
E02006708,E07000234,8466,95519,12,3221,0.003725551071095933,31.54051536789817,female,85-89,76,0.008977084809827545,3.344458792857204e-05
E02006708,E07000234,8466,95519,12,3221,0.003725551071095933,31.54051536789817,male,85-89,39,0.004606661941885188,1.716235433176723e-05
E02006709,E07000234,7862,95519,12,2822,0.004252303330970942,33.43160878809355,female,85-89,63,0.00801322818621216,3.407467690806021e-05
E02006709,E07000234,7862,95519,12,2822,0.004252303330970942,33.43160878809355,male,85-89,38,0.004833375731366065,2.0552979722322034e-05
E02006774,E07000239,7573,98999,64,2899,0.02207657813038979,167.18592618144186,female,85-89,55,0.007262643602271227,0.0001603343189187163
E02006774,E07000239,7573,98999,64,2899,0.02207657813038979,167.18592618144186,male,85-89,41,0.00541397068532946,0.00011952194683031577
E02001946,E08000025,7631,1101521,11,3033,0.003626772172766238,27.67589845037916,female,85-89,72,0.009435198532302451,3.421931548147938e-05
E02001946,E08000025,7631,1101521,11,3033,0.003626772172766238,27.67589845037916,male,85-89,43,0.005634910234569519,2.0436535634772405e-05
E02006901,E08000025,15014,1101521,10,5840,0.0017123287671232876,25.70890410958904,female,85-89,44,0.00293059810843213,5.018147445945428e-06
E02006901,E08000025,15014,1101521,10,5840,0.0017123287671232876,25.70890410958904,male,85-89,35,0.0023311575862528305,3.991708195638408e-06
E02006187,E07000196,7313,110688,2369,2947,0.8038683406854428,5878.689175432643,female,85-89,108,0.014768220976343498,0.011871705291129197
E02006187,E07000196,7313,110688,2369,2947,0.8038683406854428,5878.689175432643,male,85-89,54,0.007384110488171749,0.0059358526455645984
E02006777,E07000239,7139,98999,73,2644,0.02760968229954614,197.1055219364599,female,85-89,76,0.010645748704300323,0.0002939257395665369
E02006777,E07000239,7139,98999,73,2644,0.02760968229954614,197.1055219364599,male,85-89,70,0.009805294859223981,0.0002707210759165471
E02002002,E08000027,6982,315653,2194,2941,0.7460047602856171,5208.605236314179,female,85-89,109,0.015611572615296476,0.011646307486555752
E02002002,E08000027,6982,315653,2194,2941,0.7460047602856171,5208.605236314179,male,85-89,78,0.011171584073331424,0.008334054898636227
E02002013,E08000027,6563,315653,2277,2637,0.863481228668942,5667.027303754266,female,85-89,95,0.01447508761237239,0.012498966436621893
E02002013,E08000027,6563,315653,2277,2637,0.863481228668942,5667.027303754266,male,85-89,51,0.007770836507694652,0.006709971455449648
E02002078,E08000028,6286,316289,58,2651,0.02187853640135798,137.52847981893626,female,85-89,83,0.013203945275214762,0.0002888829973453249
E02002078,E08000028,6286,316289,58,2651,0.02187853640135798,137.52847981893626,male,85-89,42,0.0066815144766146995,0.000146181757692815
E02002029,E08000027,5821,315653,910,2458,0.37021969080553296,2155.048820179007,female,85-89,81,0.013915134856553856,0.005151656924110663
E02002029,E08000027,5821,315653,910,2458,0.37021969080553296,2155.048820179007,male,85-89,57,0.009792131936093455,0.0036252400577075038
E02006696,E07000234,6224,95519,830,2309,0.3594629709831096,2237.297531398874,female,85-89,99,0.01590616966580977,0.005717679005033395
E02006696,E07000234,6224,95519,830,2309,0.3594629709831096,2237.297531398874,male,85-89,52,0.008354755784061696,0.0030032253359771363
E02002035,E08000027,6215,315653,1133,2623,0.43194815097216926,2684.557758292032,female,85-89,101,0.016251005631536607,0.007019591833980547
E02002035,E08000027,6215,315653,1133,2623,0.43194815097216926,2684.557758292032,male,85-89,52,0.0083668543845535,0.0036140472808612717
E02002027,E08000027,5585,315653,1634,1917,0.8523735002608243,4760.5059989567035,female,85-89,20,0.0035810205908683975,0.003052367055544581
E02002027,E08000027,5585,315653,1634,1917,0.8523735002608243,4760.5059989567035,male,85-89,11,0.0019695613249776185,0.0016788018805495195
E02002023,E08000027,5328,315653,1842,2111,0.8725722406442444,4649.064898152535,female,85-89,46,0.008633633633633633,0.007533469044601209
E02002023,E08000027,5328,315653,1842,2111,0.8725722406442444,4649.064898152535,male,85-89,15,0.002815315315315315,0.002456565992804742
E02002036,E08000027,6538,315653,2415,2792,0.8649713467048711,5655.182664756447,female,85-89,33,0.00504741511165494,0.004365869446506691
E02002036,E08000027,6538,315653,2415,2792,0.8649713467048711,5655.182664756447,male,85-89,33,0.00504741511165494,0.004365869446506691
E02002006,E08000027,6484,315653,2371,2774,0.8547224224945926,5542.020187454938,female,85-89,44,0.006785934608266502,0.005800090467267439
E02002006,E08000027,6484,315653,2371,2774,0.8547224224945926,5542.020187454938,male,85-89,27,0.004164096236890808,0.0035591464230959285
E02002039,E08000027,6423,315653,2050,2529,0.8105970739422697,5206.465005931198,female,85-89,88,0.013700762883387825,0.011105798304051024
E02002039,E08000027,6423,315653,2050,2529,0.8105970739422697,5206.465005931198,male,85-89,61,0.009497119725984743,0.007698337460762642
E02002024,E08000027,8489,315653,3028,3483,0.8693654895205283,7380.043640539765,female,85-89,108,0.012722346566144422,0.011060369050325957
E02002024,E08000027,8489,315653,3028,3483,0.8693654895205283,7380.043640539765,male,85-89,53,0.006243373777830133,0.005427773700622924
E02002009,E08000027,6697,315653,2392,2910,0.8219931271477663,5504.887972508591,female,85-89,26,0.0038823353740480814,0.0031912529947501754
E02002009,E08000027,6697,315653,2392,2910,0.8219931271477663,5504.887972508591,male,85-89,17,0.002538450052262207,0.002086588496567422
E02002018,E08000027,8990,315653,2997,3484,0.8602181400688863,7733.361079219288,female,85-89,103,0.011457174638487208,0.009855669457963881
E02002018,E08000027,8990,315653,2997,3484,0.8602181400688863,7733.361079219288,male,85-89,81,0.009010011123470522,0.007750575010631789
E02002033,E08000027,7674,315653,2219,2966,0.7481456507080243,5741.269723533378,female,85-89,87,0.011336982017200938,0.008481713788323965
E02002033,E08000027,7674,315653,2219,2966,0.7481456507080243,5741.269723533378,male,85-89,38,0.0049517852488923635,0.003704656597198973
E02002017,E08000027,8443,315653,3414,3928,0.8691446028513238,7338.187881873727,female,85-89,72,0.008527774487741325,0.007411869170353585
E02002017,E08000027,8443,315653,3414,3928,0.8691446028513238,7338.187881873727,male,85-89,55,0.006514272178135733,0.0056618445051312095
E02002041,E08000027,6174,315653,2055,2549,0.8061985092193017,4977.469595919969,female,85-89,92,0.014901198574667962,0.012013324076478094
E02002041,E08000027,6174,315653,2055,2549,0.8061985092193017,4977.469595919969,male,85-89,63,0.01020408163265306,0.008226515400196956
E02002012,E08000027,8054,315653,3436,3885,0.8844272844272845,7123.177348777349,female,85-89,87,0.010802085920039731,0.009553659516410944
E02002012,E08000027,8054,315653,3436,3885,0.8844272844272845,7123.177348777349,male,85-89,47,0.005835609634963993,0.005161172382428901
E02002022,E08000027,8434,315653,3147,3556,0.8849831271091113,7463.947694038245,female,85-89,64,0.00758833293810766,0.006715546613111587
E02002022,E08000027,8434,315653,3147,3556,0.8849831271091113,7463.947694038245,male,85-89,43,0.005098411192791084,0.004512007880684348
E02002034,E08000027,7963,315653,2698,3216,0.8389303482587065,6680.40236318408,female,85-89,75,0.009418560843903051,0.007901516528871402
E02002034,E08000027,7963,315653,2698,3216,0.8389303482587065,6680.40236318408,male,85-89,50,0.006279040562602034,0.005267677685914269
E02002042,E08000027,8222,315653,2220,2974,0.7464694014794889,6137.471418964358,female,85-89,117,0.014230114327414254,0.010622344924969619
E02002042,E08000027,8222,315653,2220,2974,0.7464694014794889,6137.471418964358,male,85-89,90,0.010946241790318657,0.008171034557668938
E02002026,E08000027,7013,315653,2186,2562,0.853239656518345,5983.769711163153,female,85-89,44,0.006274062455439897,0.005353278894454182
E02002026,E08000027,7013,315653,2186,2562,0.853239656518345,5983.769711163153,male,85-89,24,0.0034222158847853987,0.002919970306065918
E02002020,E08000027,9771,315653,3408,3903,0.8731744811683321,8531.787855495773,female,85-89,72,0.00736874424316856,0.006434199431390841
E02002020,E08000027,9771,315653,3408,3903,0.8731744811683321,8531.787855495773,male,85-89,54,0.00552655818237642,0.004825649573543131
E02002030,E08000027,6330,315653,2521,2903,0.8684119875990355,5497.047881501895,female,85-89,62,0.009794628751974723,0.00850577302229703
E02002030,E08000027,6330,315653,2521,2903,0.8684119875990355,5497.047881501895,male,85-89,27,0.0042654028436018955,0.0037041269613229
E02002028,E08000027,5825,315653,2078,2430,0.8551440329218107,4981.213991769548,female,85-89,94,0.01613733905579399,0.013799749200798319
E02002028,E08000027,5825,315653,2078,2430,0.8551440329218107,4981.213991769548,male,85-89,45,0.007725321888412017,0.006606262915275791
E02002021,E08000027,7518,315653,2907,3277,0.8870918523039365,6669.156545620995,female,85-89,46,0.006118648576749135,0.005427803299545235
E02002021,E08000027,7518,315653,2907,3277,0.8870918523039365,6669.156545620995,male,85-89,27,0.003591380686352753,0.0031858845453852465
E02002011,E08000027,5761,315653,2006,2316,0.8661485319516408,4989.881692573403,female,85-89,99,0.017184516576983163,0.014884343805452602
E02002011,E08000027,5761,315653,2006,2316,0.8661485319516408,4989.881692573403,male,85-89,28,0.004860267314702308,0.004209713399521947
E02002019,E08000027,8016,315653,2788,3247,0.8586387434554974,6882.848167539267,female,85-89,69,0.008607784431137725,0.007390977207887889
E02002019,E08000027,8016,315653,2788,3247,0.8586387434554974,6882.848167539267,male,85-89,42,0.005239520958083832,0.004498855691757845
E02002016,E08000027,7873,315653,3246,3671,0.8842277308635249,6961.524925088532,female,85-89,69,0.008764130572843898,0.007749487289417404
E02002016,E08000027,7873,315653,3246,3671,0.8842277308635249,6961.524925088532,male,85-89,41,0.005207671789660866,0.004604767809653819
E02002040,E08000027,6006,315653,1787,2238,0.7984807864164433,4795.675603217158,female,85-89,100,0.016650016650016652,0.01329471838855217
E02002040,E08000027,6006,315653,1787,2238,0.7984807864164433,4795.675603217158,male,85-89,65,0.010822510822510822,0.00864156695255891
E02002015,E08000027,6039,315653,2300,2613,0.880214313050134,5315.614236509759,female,85-89,60,0.009935419771485345,0.008745298689022692
E02002015,E08000027,6039,315653,2300,2613,0.880214313050134,5315.614236509759,male,85-89,53,0.008776287464812056,0.007725013841970046
E02002037,E08000027,5965,315653,1882,2241,0.8398036590807675,5009.428826416778,female,85-89,62,0.010393964794635373,0.008728889666891464
E02002037,E08000027,5965,315653,1882,2241,0.8398036590807675,5009.428826416778,male,85-89,35,0.00586756077116513,0.004927599005503246
E02001901,E08000025,8063,1101521,11,2791,0.003941239699032604,31.778215693299888,female,85-89,77,0.009549795361527967,3.7638032596491446e-05
E02001901,E08000025,8063,1101521,11,2791,0.003941239699032604,31.778215693299888,male,85-89,42,0.005208979288106164,2.0529835961722608e-05
E02006698,E07000234,6535,95519,10,2771,0.003608805485384338,23.583543846986647,female,85-89,74,0.011323641928079572,4.086482110458164e-05
E02006698,E07000234,6535,95519,10,2771,0.003608805485384338,23.583543846986647,male,85-89,76,0.011629686304514155,4.1969275729029795e-05
E02001921,E08000025,7888,1101521,10,3211,0.003114294612270321,24.56555590158829,female,85-89,57,0.007226166328600406,2.2504410864529448e-05
E02001921,E08000025,7888,1101521,10,3211,0.003114294612270321,24.56555590158829,male,85-89,32,0.004056795131845842,1.2634055222191972e-05
E02001927,E08000025,7803,1101521,10,3616,0.0027654867256637168,21.579092920353983,female,85-89,69,0.008842752787389465,2.4454515451851395e-05
E02001927,E08000025,7803,1101521,10,3616,0.0027654867256637168,21.579092920353983,male,85-89,42,0.005382545174932718,1.488535723156172e-05
E02001952,E08000025,9117,1101521,12,4047,0.0029651593773165306,27.03335804299481,female,85-89,102,0.011187890753537348,3.317387918024417e-05
E02001952,E08000025,9117,1101521,12,4047,0.0029651593773165306,27.03335804299481,male,85-89,43,0.004716463749040255,1.3985066713240191e-05
E02001913,E08000025,7746,1101521,14,2873,0.004872955099199443,37.74591019839888,female,85-89,74,0.009553317841466564,4.655288888984751e-05
E02001913,E08000025,7746,1101521,14,2873,0.004872955099199443,37.74591019839888,male,85-89,33,0.004260263361735089,2.0760072072499564e-05
E02001932,E08000025,7076,1101521,14,3205,0.00436817472698908,30.90920436817473,female,85-89,60,0.008479366873940079,3.703935607961345e-05
E02001932,E08000025,7076,1101521,14,3205,0.00436817472698908,30.90920436817473,male,85-89,44,0.006218202374222725,2.71621944583832e-05
E02001899,E08000025,8050,1101521,17,3211,0.005294300840859545,42.61912176891934,female,85-89,133,0.01652173913043478,8.747105737072292e-05
E02001899,E08000025,8050,1101521,17,3211,0.005294300840859545,42.61912176891934,male,85-89,68,0.0084472049689441,4.472204436999368e-05
E02001911,E08000025,8103,1101521,21,3490,0.006017191977077364,48.75730659025788,female,85-89,70,0.008638775762063433,5.198117220725848e-05
E02001911,E08000025,8103,1101521,21,3490,0.006017191977077364,48.75730659025788,male,85-89,44,0.005430087621868444,3.267387967313391e-05
E02001951,E08000025,8399,1101521,21,3936,0.005335365853658537,44.81173780487805,female,85-89,54,0.006429336825812597,3.43028641621099e-05
E02001951,E08000025,8399,1101521,21,3936,0.005335365853658537,44.81173780487805,male,85-89,32,0.0038099773782593166,2.0327623207176234e-05
E02001928,E08000025,6890,1101521,23,3103,0.007412181759587496,51.06993232355784,female,85-89,71,0.010304789550072569,7.638097313943573e-05
E02001928,E08000025,6890,1101521,23,3103,0.007412181759587496,51.06993232355784,male,85-89,27,0.003918722786647315,2.904628556006711e-05
E02001920,E08000025,7512,1101521,52,3186,0.016321406151914627,122.60640301318267,female,85-89,46,0.006123535676251331,9.994471285783718e-05
E02001920,E08000025,7512,1101521,52,3186,0.016321406151914627,122.60640301318267,male,85-89,27,0.003594249201277955,5.866320102525225e-05
E02001906,E08000025,9284,1101521,90,3832,0.02348643006263048,218.04801670146136,female,85-89,61,0.006570443774235243,0.00015431626818402188
E02001906,E08000025,9284,1101521,90,3832,0.02348643006263048,218.04801670146136,male,85-89,52,0.005601034037052995,0.000131548294189658
E02001935,E08000025,7920,1101521,9,3303,0.0027247956403269754,21.580381471389646,female,85-89,122,0.015404040404040404,4.197286213634988e-05
E02001935,E08000025,7920,1101521,9,3303,0.0027247956403269754,21.580381471389646,male,85-89,88,0.011111111111111112,3.0275507114744173e-05
E02001926,E08000025,7401,1101521,9,2620,0.003435114503816794,25.42328244274809,female,85-89,76,0.01026888258343467,3.52747875003481e-05
E02001926,E08000025,7401,1101521,9,2620,0.003435114503816794,25.42328244274809,male,85-89,31,0.004188623159032563,1.4388400164615674e-05
E02001919,E08000025,6664,1101521,8,2649,0.003020007550018875,20.125330313325783,female,85-89,49,0.007352941176470588,2.2205937867785846e-05
E02001919,E08000025,6664,1101521,8,2649,0.003020007550018875,20.125330313325783,male,85-89,22,0.0033013205282112846,9.970012920230379e-06
E02001938,E08000025,7790,1101521,8,2854,0.002803083391730904,21.83601962158374,female,85-89,70,0.008985879332477536,2.518816911696576e-05
E02001938,E08000025,7790,1101521,8,2854,0.002803083391730904,21.83601962158374,male,85-89,28,0.003594351732991014,1.0075267646786305e-05
E02002168,E08000031,11027,253250,76,3901,0.019482184055370416,214.8300435785696,female,90+,33,0.002992654393760769,5.830344371336028e-05
E02002168,E08000031,11027,253250,76,3901,0.019482184055370416,214.8300435785696,male,90+,11,0.000997551464586923,1.9434481237786756e-05
E02006130,E07000192,7338,98508,16,1959,0.00816743236345074,59.932618683001536,female,90+,20,0.002725538293813028,2.226064966871284e-05
E02006130,E07000192,7338,98508,16,1959,0.00816743236345074,59.932618683001536,male,90+,9,0.0012264922322158627,1.0017292350920778e-05
E02006177,E07000196,9842,110688,32,3021,0.010592519033432638,104.25157232704403,female,90+,44,0.004470636049583418,4.7355297446762455e-05
E02006177,E07000196,9842,110688,32,3021,0.010592519033432638,104.25157232704403,male,90+,16,0.001625685836212152,1.7220108162459076e-05
E02002134,E08000030,8444,273933,35,3485,0.010043041606886656,84.80344332855093,female,90+,41,0.004855518711511132,4.8764176442722984e-05
E02002134,E08000030,8444,273933,35,3485,0.010043041606886656,84.80344332855093,male,90+,8,0.0009474182851729038,9.514961257116681e-06
E02002120,E08000030,6211,273933,24,2204,0.010889292196007259,67.63339382940109,female,90+,16,0.002576074706166479,2.8051630194190333e-05
E02002120,E08000030,6211,273933,24,2204,0.010889292196007259,67.63339382940109,male,90+,6,0.0009660280148124296,1.0519361322821374e-05
E02002129,E08000030,5759,273933,34,2402,0.014154870940882597,81.51790174854288,female,90+,24,0.0041673901719048445,5.8988870043615615e-05
E02002129,E08000030,5759,273933,34,2402,0.014154870940882597,81.51790174854288,male,90+,9,0.0015627713144643167,2.2120826266355857e-05
E02002131,E08000030,7803,273933,19,2882,0.00659264399722415,51.44240111034004,female,90+,46,0.00589516852492631,3.8864747388480185e-05
E02002131,E08000030,7803,273933,19,2882,0.00659264399722415,51.44240111034004,male,90+,20,0.002563116749967961,1.6897716255860948e-05
E02006175,E07000196,7115,110688,15,1490,0.010067114093959731,71.62751677852349,female,90+,42,0.005903021784961349,5.9426393808335724e-05
E02006175,E07000196,7115,110688,15,1490,0.010067114093959731,71.62751677852349,male,90+,12,0.0016865776528460997,1.6978969659524494e-05
E02006155,E07000194,5739,102062,10,2456,0.004071661237785016,23.36726384364821,female,90+,41,0.007144101759888482,2.908836221452965e-05
E02006155,E07000194,5739,102062,10,2456,0.004071661237785016,23.36726384364821,male,90+,9,0.0015682174594877157,6.385250242213826e-06
E02006129,E07000192,7951,98508,11,2006,0.005483549351944167,43.599700897308075,female,90+,51,0.006414287511004905,3.517306212415451e-05
E02006129,E07000192,7951,98508,11,2006,0.005483549351944167,43.599700897308075,male,90+,16,0.002012325493648598,1.1034686156597496e-05
E02006180,E07000196,6835,110688,36,2673,0.013468013468013467,92.05387205387206,female,90+,80,0.011704462326261888,0.00015763585624595136
E02006180,E07000196,6835,110688,36,2673,0.013468013468013467,92.05387205387206,male,90+,16,0.0023408924652523777,3.152717124919027e-05
E02002043,E08000028,8799,316289,31,3725,0.00832214765100671,73.22657718120804,female,90+,51,0.005796113194681214,4.823610980808527e-05
E02002043,E08000028,8799,316289,31,3725,0.00832214765100671,73.22657718120804,male,90+,22,0.002500284123195818,2.0807733642703448e-05
E02002148,E08000030,11314,273933,12,4622,0.0025962786672436176,29.37429684119429,female,90+,54,0.004772847799186848,1.2391642923029463e-05
E02002148,E08000030,11314,273933,12,4622,0.0025962786672436176,29.37429684119429,male,90+,21,0.0018561074774615521,4.8189722478447914e-06
E02006126,E07000192,8412,98508,11,1815,0.006060606060606061,50.981818181818184,female,90+,49,0.005825011887779363,3.530310235017796e-05
E02006126,E07000192,8412,98508,11,1815,0.006060606060606061,50.981818181818184,male,90+,14,0.0016642891107941037,1.0086600671479417e-05
E02002046,E08000028,5770,316289,16,2410,0.006639004149377593,38.30705394190871,female,90+,6,0.0010398613518197574,6.903643829508763e-06
E02002046,E08000028,5770,316289,16,2410,0.006639004149377593,38.30705394190871,male,90+,5,0.0008665511265164644,5.753036524590635e-06
E02002047,E08000028,6640,316289,124,3214,0.038581207218419414,256.1792159303049,female,90+,81,0.012198795180722892,0.00047064424468252597
E02002047,E08000028,6640,316289,124,3214,0.038581207218419414,256.1792159303049,male,90+,13,0.001957831325301205,7.55354960601585e-05
E02002045,E08000028,7925,316289,34,3323,0.01023171832681312,81.08636773999399,female,90+,29,0.0036593059936908517,3.7440988199063785e-05
E02002045,E08000028,7925,316289,34,3323,0.01023171832681312,81.08636773999399,male,90+,12,0.0015141955835962144,1.5492822703060875e-05
E02002044,E08000028,7501,316289,27,3214,0.008400746733042938,63.014001244555075,female,90+,41,0.005465937874950006,4.5917959746001925e-05
E02002044,E08000028,7501,316289,27,3214,0.008400746733042938,63.014001244555075,male,90+,5,0.0006665777896280496,5.59975118853682e-06
E02006178,E07000196,7888,110688,18,2689,0.00669393826701376,52.801785050204536,female,90+,37,0.0046906693711967545,3.1399051201763324e-05
E02006178,E07000196,7888,110688,18,2689,0.00669393826701376,52.801785050204536,male,90+,18,0.002281947261663286,1.527521409815513e-05
E02002146,E08000030,6578,273933,19,2657,0.007150922092585623,47.038765525028225,female,90+,54,0.0082091821222256,5.870322179988197e-05
E02002146,E08000030,6578,273933,19,2657,0.007150922092585623,47.038765525028225,male,90+,15,0.002280328367284889,1.6306450499967215e-05
E02002110,E08000030,6695,273933,15,2592,0.005787037037037037,38.74421296296296,female,90+,32,0.004779686333084392,2.7660221834979117e-05
E02002110,E08000030,6695,273933,15,2592,0.005787037037037037,38.74421296296296,male,90+,11,0.0016430171769977594,9.50820125577407e-06
E02002112,E08000030,5455,273933,19,2078,0.009143407122232916,49.877285851780556,female,90+,25,0.00458295142071494,4.1903790661012446e-05
E02002112,E08000030,5455,273933,19,2078,0.009143407122232916,49.877285851780556,male,90+,10,0.0018331805682859762,1.676151626440498e-05
E02002113,E08000030,6555,273933,20,2632,0.007598784194528876,49.81003039513678,female,90+,46,0.007017543859649123,5.332480136511492e-05
E02002113,E08000030,6555,273933,20,2632,0.007598784194528876,49.81003039513678,male,90+,20,0.0030511060259344014,2.3184696245702138e-05
E02002124,E08000030,7088,273933,25,2905,0.008605851979345954,60.998278829604125,female,90+,102,0.014390519187358916,0.00012384267803234865
E02002124,E08000030,7088,273933,25,2905,0.008605851979345954,60.998278829604125,male,90+,36,0.005079006772009029,4.370918048200541e-05
E02002114,E08000030,6027,273933,12,2486,0.004827031375703942,29.092518101367656,female,90+,54,0.008959681433549029,4.3248663396053236e-05
E02002114,E08000030,6027,273933,12,2486,0.004827031375703942,29.092518101367656,male,90+,43,0.007134561141529783,3.4438750482042394e-05
E02002116,E08000030,6796,273933,28,2645,0.01058601134215501,71.94253308128545,female,90+,15,0.0022071806945261918,2.336523986643984e-05
E02002116,E08000030,6796,273933,28,2645,0.01058601134215501,71.94253308128545,male,90+,17,0.0025014714537963507,2.648060518196515e-05
E02002138,E08000030,6485,273933,16,2394,0.006683375104427736,43.34168755221386,female,90+,24,0.0037008481110254433,2.473415613049586e-05
E02002138,E08000030,6485,273933,16,2394,0.006683375104427736,43.34168755221386,male,90+,11,0.0016962220508866615,1.1336488226477268e-05
E02002145,E08000030,7105,273933,41,3016,0.013594164456233421,96.58653846153845,female,90+,29,0.004081632653061225,5.5486385535646624e-05
E02002145,E08000030,7105,273933,41,3016,0.013594164456233421,96.58653846153845,male,90+,5,0.0007037297677691766,9.56661819580114e-06
E02002147,E08000030,8031,273933,66,3184,0.0207286432160804,166.4717336683417,female,90+,39,0.004856182293612252,0.00010066207015653537
E02002147,E08000030,8031,273933,66,3184,0.0207286432160804,166.4717336683417,male,90+,21,0.002614867388868136,5.4202653161211356e-05
E02002119,E08000030,5943,273933,23,2452,0.009380097879282219,55.74592169657423,female,90+,30,0.005047955577990914,4.7350317411823414e-05
E02002119,E08000030,5943,273933,23,2452,0.009380097879282219,55.74592169657423,male,90+,26,0.004374894834258792,4.103694175691363e-05
E02002117,E08000030,6391,273933,22,2461,0.008939455505891914,57.132060138155225,female,90+,39,0.006102331403536223,5.4551520064119014e-05
E02002117,E08000030,6391,273933,22,2461,0.008939455505891914,57.132060138155225,male,90+,21,0.0032858707557502738,2.937389541914101e-05
E02002132,E08000030,6479,273933,39,2806,0.013898788310762652,90.05024946543122,female,90+,54,0.008334619540052476,0.00011584111263793535
E02002132,E08000030,6479,273933,39,2806,0.013898788310762652,90.05024946543122,male,90+,8,0.0012347584503781448,1.7161646316731166e-05
E02002139,E08000030,9513,273933,49,4150,0.011807228915662651,112.3221686746988,female,90+,42,0.004415011037527594,5.2129045985265565e-05
E02002139,E08000030,9513,273933,49,4150,0.011807228915662651,112.3221686746988,male,90+,13,0.0013665510354252076,1.6135180900201246e-05
E02002136,E08000030,7706,273933,44,3044,0.01445466491458607,111.38764783180027,female,90+,25,0.003244225279003374,4.689418931542328e-05
E02002136,E08000030,7706,273933,44,3044,0.01445466491458607,111.38764783180027,male,90+,11,0.0014274591227614846,2.0633443298786243e-05
E02002118,E08000030,7347,273933,27,3045,0.008866995073891626,65.14581280788178,female,90+,43,0.005852729005036069,5.189611925647746e-05
E02002118,E08000030,7347,273933,27,3045,0.008866995073891626,65.14581280788178,male,90+,14,0.001905539676058255,1.6896410920713593e-05
E02002128,E08000030,5558,273933,17,2321,0.007324429125376993,40.70917707884533,female,90+,24,0.004318100035984167,3.162761766985388e-05
E02002128,E08000030,5558,273933,17,2321,0.007324429125376993,40.70917707884533,male,90+,9,0.0016192875134940627,1.1860356626195204e-05
E02002142,E08000030,6831,273933,27,2814,0.009594882729211088,65.54264392324095,female,90+,30,0.004391743522178305,4.213826407207329e-05
E02002142,E08000030,6831,273933,27,2814,0.009594882729211088,65.54264392324095,male,90+,5,0.0007319572536963841,7.0230440120122146e-06
E02002123,E08000030,6475,273933,29,2966,0.009777478084962913,63.30917060013486,female,90+,44,0.006795366795366796,6.64415499209835e-05
E02002123,E08000030,6475,273933,29,2966,0.009777478084962913,63.30917060013486,male,90+,7,0.001081081081081081,1.0570246578338284e-05
E02002144,E08000030,6676,273933,16,2662,0.006010518407212622,40.126220886551465,female,90+,37,0.005542240862792091,3.331174072301783e-05
E02002144,E08000030,6676,273933,16,2662,0.006010518407212622,40.126220886551465,male,90+,20,0.0029958058717795086,1.8006346336766395e-05
E02002133,E08000030,6723,273933,23,2899,0.00793377026560883,53.338737495688164,female,90+,33,0.0049085229808121375,3.8943093673224955e-05
E02002133,E08000030,6723,273933,23,2899,0.00793377026560883,53.338737495688164,male,90+,14,0.0020824036888293916,1.652131246742877e-05
E02002125,E08000030,6150,273933,21,2579,0.0081426909654905,50.07754943776657,female,90+,41,0.006666666666666667,5.428460643660333e-05
E02002125,E08000030,6150,273933,21,2579,0.0081426909654905,50.07754943776657,male,90+,21,0.0034146341463414634,2.7804310613869996e-05
E02002111,E08000030,6159,273933,24,2566,0.009353078721745909,57.60561184723305,female,90+,40,0.00649456080532554,6.074413847537528e-05
E02002111,E08000030,6159,273933,24,2566,0.009353078721745909,57.60561184723305,male,90+,19,0.0030849163825296313,2.8853465775803255e-05
E02002122,E08000030,5626,273933,26,2451,0.010607915136678907,59.68013055895553,female,90+,27,0.004799146818343406,5.090894217744943e-05
E02002122,E08000030,5626,273933,26,2451,0.010607915136678907,59.68013055895553,male,90+,6,0.001066477070742979,1.131309826165543e-05
E02002115,E08000030,6774,273933,19,2716,0.006995581737849779,47.388070692194404,female,90+,50,0.007381163271331562,5.1635530985014614e-05
E02002115,E08000030,6774,273933,19,2716,0.006995581737849779,47.388070692194404,male,90+,23,0.0033953351048125187,2.3752344253106723e-05
E02002143,E08000030,10020,273933,34,3975,0.008553459119496854,85.70566037735848,female,90+,13,0.0012974051896207585,1.1097302250844223e-05
E02002143,E08000030,10020,273933,34,3975,0.008553459119496854,85.70566037735848,male,90+,12,0.0011976047904191617,1.0243663616163897e-05
E02002130,E08000030,6711,273933,30,2715,0.011049723756906077,74.15469613259668,female,90+,15,0.002235136343316942,2.469763915267339e-05
E02002130,E08000030,6711,273933,30,2715,0.011049723756906077,74.15469613259668,male,90+,8,0.0011920727164357026,1.3172074214759145e-05
E02002126,E08000030,6701,273933,25,2766,0.009038322487346349,60.565798987707886,female,90+,27,0.004029249365766304,3.64176551497316e-05
E02002126,E08000030,6701,273933,25,2766,0.009038322487346349,60.565798987707886,male,90+,9,0.0013430831219221012,1.2139218383243865e-05
E02002127,E08000030,8612,273933,33,3788,0.008711721224920803,75.02534318901796,female,90+,63,0.007315373896888063,6.372949804575134e-05
E02002127,E08000030,8612,273933,33,3788,0.008711721224920803,75.02534318901796,male,90+,12,0.0013934045517882026,1.2138952008714543e-05
E02002121,E08000030,6502,273933,27,2956,0.009133964817320704,59.38903924221922,female,90+,69,0.010612119347892955,9.693072476086258e-05
E02002121,E08000030,6502,273933,27,2956,0.009133964817320704,59.38903924221922,male,90+,28,0.004306367271608736,3.933420714933554e-05
E02002140,E08000030,8199,273933,27,3608,0.007483370288248337,61.35615299334812,female,90+,48,0.005854372484449323,4.381043710646666e-05
E02002140,E08000030,8199,273933,27,3608,0.007483370288248337,61.35615299334812,male,90+,20,0.0024393218685205514,1.8254348794361112e-05
E02002135,E08000030,7467,273933,29,3125,0.00928,69.29376,female,90+,36,0.004821213338690237,4.47408597830454e-05
E02002135,E08000030,7467,273933,29,3125,0.00928,69.29376,male,90+,8,0.0010713807419311639,9.9424132851212e-06
E02006122,E07000192,6630,98508,8,1372,0.0058309037900874635,38.65889212827988,female,90+,22,0.0033182503770739064,1.9348398700139396e-05
E02006122,E07000192,6630,98508,8,1372,0.0058309037900874635,38.65889212827988,male,90+,4,0.0006033182503770739,3.5178906727526174e-06
E02006151,E07000194,8781,102062,18,3519,0.005115089514066497,44.915601023017906,female,90+,57,0.006491288008199521,3.320351922352697e-05
E02006151,E07000194,8781,102062,18,3519,0.005115089514066497,44.915601023017906,male,90+,18,0.0020498804236419544,1.048532186006115e-05
E02006128,E07000192,8441,98508,11,2021,0.0054428500742206825,45.94309747649678,female,90+,56,0.006634285037317853,3.610941880776664e-05
E02006128,E07000192,8441,98508,11,2021,0.0054428500742206825,45.94309747649678,male,90+,20,0.002369387513327805,1.2896221002773802e-05
E02002160,E08000031,7038,253250,36,2718,0.013245033112582781,93.21854304635761,female,90+,28,0.003978402955385053,5.269407887927223e-05
E02002160,E08000031,7038,253250,36,2718,0.013245033112582781,93.21854304635761,male,90+,6,0.0008525149190110827,1.1291588331272618e-05
E02002049,E08000028,6318,316289,724,2583,0.2802942315137437,1770.8989547038327,female,90+,39,0.006172839506172839,0.0017302113056403931
E02002049,E08000028,6318,316289,724,2583,0.2802942315137437,1770.8989547038327,male,90+,5,0.0007913896802785691,0.00022182196226158888
E02002170,E08000031,6261,253250,38,2340,0.01623931623931624,101.67435897435898,female,90+,24,0.003833253473885961,6.224941538789168e-05
E02002170,E08000031,6261,253250,38,2340,0.01623931623931624,101.67435897435898,male,90+,11,0.001756907842197732,2.8530982052783684e-05
E02002175,E08000031,7269,253250,73,3164,0.02307206068268015,167.710809102402,female,90+,37,0.005090108680698858,0.00011743929636252104
E02002175,E08000031,7269,253250,73,3164,0.02307206068268015,167.710809102402,male,90+,18,0.0024762690879075525,5.713263066284808e-05
E02006156,E07000194,7668,102062,8,3055,0.002618657937806874,20.07986906710311,female,90+,97,0.01264997391757955,3.312595461231961e-05
E02006156,E07000194,7668,102062,8,3055,0.002618657937806874,20.07986906710311,male,90+,34,0.004434011476264998,1.1611159348648113e-05
E02002153,E08000031,7380,253250,46,2996,0.015353805073431242,113.31108144192257,female,90+,11,0.0014905149051490515,2.2885075312702393e-05
E02002153,E08000031,7380,253250,46,2996,0.015353805073431242,113.31108144192257,male,90+,16,0.002168021680216802,3.328738227302166e-05
E02002052,E08000028,11268,316289,59,4711,0.012523880280195288,141.1190829972405,female,90+,76,0.0067447639332623354,8.447061601835657e-05
E02002052,E08000028,11268,316289,59,4711,0.012523880280195288,141.1190829972405,male,90+,46,0.0040823571175008875,5.112695180058424e-05
E02002055,E08000028,9306,316289,59,3933,0.015001271294177472,139.60183066361554,female,90+,40,0.004298302170642596,6.44799969661615e-05
E02002055,E08000028,9306,316289,59,3933,0.015001271294177472,139.60183066361554,male,90+,23,0.0024715237481194928,3.7075998255542864e-05
E02002048,E08000028,6531,316289,8,2546,0.003142183817753339,20.521602513747055,female,90+,42,0.006430868167202572,2.0206969889088994e-05
E02002048,E08000028,6531,316289,8,2546,0.003142183817753339,20.521602513747055,male,90+,29,0.004440361353544633,1.3952431590085259e-05
E02002171,E08000031,7412,253250,63,2973,0.02119071644803229,157.06559031281535,female,90+,43,0.005801403130059364,0.00012293588872981496
E02002171,E08000031,7412,253250,63,2973,0.02119071644803229,157.06559031281535,male,90+,24,0.0032379924446842958,6.861537975617578e-05
E02002181,E08000031,7544,253250,194,2860,0.06783216783216783,511.72587412587416,female,90+,28,0.003711558854718982,0.0002517630831522666
E02002181,E08000031,7544,253250,194,2860,0.06783216783216783,511.72587412587416,male,90+,12,0.0015906680805938495,0.00010789846420811427
E02002051,E08000028,5608,316289,511,2576,0.1983695652173913,1112.4565217391305,female,90+,12,0.0021398002853067048,0.00042447125224834086
E02002051,E08000028,5608,316289,511,2576,0.1983695652173913,1112.4565217391305,male,90+,18,0.003209700427960057,0.0006367068783725112
E02006810,E08000028,10065,316289,36,4151,0.008672609009877139,87.2898096844134,female,90+,51,0.005067064083457526,4.394466562381859e-05
E02006810,E08000028,10065,316289,36,4151,0.008672609009877139,87.2898096844134,male,90+,27,0.002682563338301043,2.3264822977315723e-05
E02006124,E07000192,7632,98508,8,1666,0.004801920768307323,36.64825930372149,female,90+,39,0.005110062893081761,2.4538117133645907e-05
E02006124,E07000192,7632,98508,8,1666,0.004801920768307323,36.64825930372149,male,90+,13,0.0017033542976939203,8.17937237788197e-06
E02006202,E07000197,8878,132044,10,1780,0.0056179775280898875,49.87640449438202,female,90+,43,0.004843433205676954,2.7210298908297492e-05
E02006202,E07000197,8878,132044,10,1780,0.0056179775280898875,49.87640449438202,male,90+,15,0.0016895697229105655,9.491964735452616e-06
E02006186,E07000196,12377,110688,2790,4611,0.605074821080026,7489.0110605074815,female,90+,93,0.007513937141472085,0.004546494171482784
E02006186,E07000196,12377,110688,2790,4611,0.605074821080026,7489.0110605074815,male,90+,31,0.0025046457138240283,0.0015154980571609278
E02002071,E08000028,6650,316289,1140,2828,0.4031117397454031,2680.6930693069307,female,90+,30,0.004511278195488722,0.0018185492018589614
E02002071,E08000028,6650,316289,1140,2828,0.4031117397454031,2680.6930693069307,male,90+,11,0.0016541353383458647,0.0006668013740149525
E02001886,E08000025,9196,1101521,15,3600,0.004166666666666667,38.31666666666666,female,90+,29,0.003153545019573728,1.3139770914890532e-05
E02001886,E08000025,9196,1101521,15,3600,0.004166666666666667,38.31666666666666,male,90+,11,0.0011961722488038277,4.9840510366826155e-06
E02002067,E08000028,5450,316289,1329,2304,0.5768229166666666,3143.684895833333,female,90+,39,0.007155963302752293,0.00412772362385321
E02002067,E08000028,5450,316289,1329,2304,0.5768229166666666,3143.684895833333,male,90+,11,0.002018348623853211,0.001164229740061162
E02002014,E08000027,7170,315653,2764,3215,0.8597200622083981,6164.192846034215,female,90+,23,0.003207810320781032,0.0027578188885346105
E02002014,E08000027,7170,315653,2764,3215,0.8597200622083981,6164.192846034215,male,90+,20,0.002789400278940028,0.002398103381334444
E02002031,E08000027,5952,315653,1897,2242,0.8461195361284567,5036.103479036574,female,90+,23,0.003864247311827957,0.003269615142969507
E02002031,E08000027,5952,315653,1897,2242,0.8461195361284567,5036.103479036574,male,90+,7,0.0011760752688172043,0.0009951002609037629
E02002032,E08000027,10187,315653,3407,4176,0.8158524904214559,8311.08931992337,female,90+,44,0.004319230391675665,0.0035238548717526318
E02002032,E08000027,10187,315653,3407,4176,0.8158524904214559,8311.08931992337,male,90+,16,0.0015706292333366055,0.0012814017715464115
E02002001,E08000027,6002,315653,1811,2412,0.7508291873963516,4506.476782752902,female,90+,48,0.007997334221926024,0.006004631955185751
E02002001,E08000027,6002,315653,1811,2412,0.7508291873963516,4506.476782752902,male,90+,17,0.0028323892035988004,0.002126640484128287
E02002077,E08000028,10521,316289,3346,4614,0.7251842219332466,7629.663198959687,female,90+,74,0.007033551943731584,0.005100620893742063
E02002077,E08000028,10521,316289,3346,4614,0.7251842219332466,7629.663198959687,male,90+,27,0.0025662959794696323,0.0018610373531221043
E02001900,E08000025,7094,1101521,8,2566,0.003117692907248636,22.116913484021826,female,90+,25,0.0035241048773611504,1.0987076780549183e-05
E02001900,E08000025,7094,1101521,8,2566,0.003117692907248636,22.116913484021826,male,90+,16,0.002255427121511136,7.031729139551477e-06
E02006181,E07000196,5700,110688,41,2088,0.019636015325670497,111.92528735632183,female,90+,71,0.012456140350877193,0.00024458896282852726
E02006181,E07000196,5700,110688,41,2088,0.019636015325670497,111.92528735632183,male,90+,17,0.0029824561403508773,5.8563554480069906e-05
E02001879,E08000025,10994,1101521,20,4424,0.0045207956600361665,49.701627486437616,female,90+,38,0.0034564307804256867,1.5625817271363866e-05
E02001879,E08000025,10994,1101521,20,4424,0.0045207956600361665,49.701627486437616,male,90+,20,0.0018191740949608877,8.224114353349402e-06
E02001866,E08000025,8949,1101521,8,3671,0.002179242713157178,19.502043040043585,female,90+,20,0.00223488657950609,4.870360293121417e-06
E02001866,E08000025,8949,1101521,8,3671,0.002179242713157178,19.502043040043585,male,90+,12,0.0013409319477036541,2.92221617587285e-06
E02002008,E08000027,8544,315653,2480,2912,0.8516483516483516,7276.483516483516,female,90+,38,0.004447565543071161,0.0037877618636045596
E02002008,E08000027,8544,315653,2480,2912,0.8516483516483516,7276.483516483516,male,90+,10,0.0011704119850187266,0.0009967794377906737
E02002004,E08000027,7541,315653,2747,3237,0.8486252703120173,6399.483163422922,female,90+,45,0.005967378331786235,0.005064068049866169
E02002004,E08000027,7541,315653,2747,3237,0.8486252703120173,6399.483163422922,male,90+,7,0.0009282588516111921,0.0007877439188680706
E02002167,E08000031,6614,253250,90,2412,0.03731343283582089,246.79104477611938,female,90+,59,0.008920471726640459,0.000332853422635838
E02002167,E08000031,6614,253250,90,2412,0.03731343283582089,246.79104477611938,male,90+,20,0.0030238887208950713,0.00011283166869011458
E02006182,E07000196,6858,110688,47,2192,0.02144160583941606,147.04653284671534,female,90+,78,0.011373578302712161,0.00024386778295048888
E02006182,E07000196,6858,110688,47,2192,0.02144160583941606,147.04653284671534,male,90+,23,0.003353747448235637,7.190973087001595e-05
E02002079,E08000028,8081,316289,153,3774,0.04054054054054054,327.6081081081081,female,90+,94,0.011632223734686302,0.0004715766378926879
E02002079,E08000028,8081,316289,153,3774,0.04054054054054054,327.6081081081081,male,90+,30,0.0037124118302190325,0.000150503182306177
E02001861,E08000025,10383,1101521,8,4006,0.00199700449326011,20.73489765351972,female,90+,15,0.001444669170759896,2.8850108252818694e-06
E02001861,E08000025,10383,1101521,8,4006,0.00199700449326011,20.73489765351972,male,90+,11,0.0010594240585572571,2.1156746052067044e-06
E02002025,E08000027,7828,315653,1831,3361,0.5447783397798275,4264.524843796489,female,90+,37,0.004726622381195708,0.0025749614935939723
E02002025,E08000027,7828,315653,1831,3361,0.5447783397798275,4264.524843796489,male,90+,14,0.0017884517118037812,0.0009743097543328545
E02002162,E08000031,7547,253250,87,2826,0.03078556263269639,232.33864118895966,female,90+,127,0.016827878627269113,0.0005180557114552062
E02002162,E08000031,7547,253250,87,2826,0.03078556263269639,232.33864118895966,male,90+,45,0.005962634159268583,0.00018356304736601796
E02002010,E08000027,7321,315653,3068,3523,0.8708487084870848,6375.483394833948,female,90+,44,0.006010107908755635,0.005233894710207859
E02002010,E08000027,7321,315653,3068,3523,0.8708487084870848,6375.483394833948,male,90+,22,0.0030050539543778174,0.0026169473551039294
E02001873,E08000025,11051,1101521,12,4852,0.00247320692497939,27.33140972794724,female,90+,18,0.0016288118722287575,4.028388801884808e-06
E02001873,E08000025,11051,1101521,12,4852,0.00247320692497939,27.33140972794724,male,90+,7,0.0006334268392000724,1.5665956451774254e-06
E02002073,E08000028,7623,316289,34,3367,0.010098010098010098,76.97713097713097,female,90+,50,0.006559097468188378,6.623383246759871e-05
E02002073,E08000028,7623,316289,34,3367,0.010098010098010098,76.97713097713097,male,90+,24,0.003148366784730421,3.179223958444737e-05
E02002161,E08000031,6390,253250,29,2544,0.01139937106918239,72.84198113207546,female,90+,13,0.0020344287949921754,2.3191208747945394e-05
E02002161,E08000031,6390,253250,29,2544,0.01139937106918239,72.84198113207546,male,90+,11,0.0017214397496087637,1.9623330479030716e-05
E02002174,E08000031,7479,253250,127,2806,0.04526015680684248,338.5007127583749,female,90+,70,0.009359540045460623,0.00042361425009746937
E02002174,E08000031,7479,253250,127,2806,0.04526015680684248,338.5007127583749,male,90+,18,0.0024067388688327317,0.00010892937859649213
E02002164,E08000031,7261,253250,33,2344,0.014078498293515358,102.22397610921502,female,90+,10,0.001377220768489189,1.9389200238968957e-05
E02002164,E08000031,7261,253250,33,2344,0.014078498293515358,102.22397610921502,male,90+,16,0.0022035532295827023,3.102272038235033e-05
E02002076,E08000028,10852,316289,28,4164,0.0067243035542747355,72.97214217098943,female,90+,62,0.00571323258385551,3.841751017001784e-05
E02002076,E08000028,10852,316289,28,4164,0.0067243035542747355,72.97214217098943,male,90+,14,0.0012900847769996315,8.674921651294351e-06
E02001857,E08000025,13611,1101521,14,5507,0.002542218994007627,34.60214272743781,female,90+,53,0.0038939093380354127,9.899170280097292e-06
E02001857,E08000025,13611,1101521,14,5507,0.002542218994007627,34.60214272743781,male,90+,15,0.001102049812651532,2.801651966065271e-06
E02002176,E08000031,7652,253250,160,3000,0.05333333333333334,408.1066666666667,female,90+,73,0.009539989545216936,0.0005087994424115699
E02002176,E08000031,7652,253250,160,3000,0.05333333333333334,408.1066666666667,male,90+,34,0.004443282801881861,0.0002369750827670326
E02002005,E08000027,8668,315653,3163,3831,0.8256329939963456,7156.586791960323,female,90+,24,0.0027688047992616522,0.0022860165962058487
E02002005,E08000027,8668,315653,3163,3831,0.8256329939963456,7156.586791960323,male,90+,7,0.0008075680664513152,0.0006667548405600392
E02002074,E08000028,8186,316289,66,3525,0.01872340425531915,153.26978723404255,female,90+,54,0.006596628389934034,0.00012351134006685
E02002074,E08000028,8186,316289,66,3525,0.01872340425531915,153.26978723404255,male,90+,19,0.0023210359149767896,4.3457693727225e-05
E02002075,E08000028,8887,316289,1645,3984,0.41290160642570284,3669.456576305221,female,90+,62,0.006976482502531788,0.0028806008324961828
E02002075,E08000028,8887,316289,1645,3984,0.41290160642570284,3669.456576305221,male,90+,18,0.0020254304039608417,0.0008363034674988917
E02001858,E08000025,8646,1101521,8,3191,0.0025070510811657787,21.67596364775932,female,90+,26,0.003007170946102244,7.539131171675948e-06
E02001858,E08000025,8646,1101521,8,3191,0.0025070510811657787,21.67596364775932,male,90+,18,0.002081887578070784,5.219398503467963e-06
E02002150,E08000031,5718,253250,27,2139,0.012622720897615708,72.17671809256662,female,90+,31,0.0054214760405736275,6.84337789132716e-05
E02002150,E08000031,5718,253250,27,2139,0.012622720897615708,72.17671809256662,male,90+,11,0.0019237495627841903,2.428295380793508e-05
E02002154,E08000031,5629,253250,34,2198,0.015468607825295723,87.07279344858962,female,90+,27,0.004796589092201101,7.419655556635006e-05
E02002154,E08000031,5629,253250,34,2198,0.015468607825295723,87.07279344858962,male,90+,15,0.0026647717178895007,4.1220308647972254e-05
E02001862,E08000025,10446,1101521,19,4254,0.004466384579219558,46.655853314527505,female,90+,28,0.0026804518475971664,1.1971928797448556e-05
E02001862,E08000025,10446,1101521,19,4254,0.004466384579219558,46.655853314527505,male,90+,23,0.0022017997319548153,9.834084369332744e-06
E02002180,E08000031,6437,253250,436,2514,0.17342879872712808,1116.3611774065234,female,90+,35,0.005437315519652011,0.0009429870988736184
E02002180,E08000031,6437,253250,436,2514,0.17342879872712808,1116.3611774065234,male,90+,10,0.0015535187199005747,0.00026942488539246246
E02002169,E08000031,8665,253250,103,3248,0.031711822660098525,274.78294334975374,female,90+,112,0.012925562608193884,0.000409893149213045
E02002169,E08000031,8665,253250,103,3248,0.031711822660098525,274.78294334975374,male,90+,46,0.00530871321407963,0.0001683489719982149
E02002066,E08000028,7403,316289,67,3279,0.020433058859408357,151.26593473620008,female,90+,16,0.0021612859651492637,4.41616833379081e-05
E02002066,E08000028,7403,316289,67,3279,0.020433058859408357,151.26593473620008,male,90+,6,0.0008104822369309739,1.656063125171554e-05
E02002003,E08000027,9101,315653,2767,3902,0.7091235263967196,6453.733213736545,female,90+,66,0.007251950335128008,0.005142528594899846
E02002003,E08000027,9101,315653,2767,3902,0.7091235263967196,6453.733213736545,male,90+,17,0.0018679266014723656,0.001324590698686324
E02002165,E08000031,7660,253250,52,2814,0.01847903340440654,141.54939587775408,female,90+,60,0.007832898172323759,0.00014474438697968566
E02002165,E08000031,7660,253250,52,2814,0.01847903340440654,141.54939587775408,male,90+,30,0.0039164490861618795,7.237219348984283e-05
E02002069,E08000028,6634,316289,455,2932,0.15518417462482947,1029.4918144611188,female,90+,28,0.004220681338558939,0.0006549829498786894
E02002069,E08000028,6634,316289,455,2932,0.15518417462482947,1029.4918144611188,male,90+,7,0.0010551703346397348,0.00016374573746967235
E02002151,E08000031,5868,253250,28,2104,0.013307984790874524,78.09125475285171,female,90+,22,0.003749147920927062,4.9893603510436184e-05
E02002151,E08000031,5868,253250,28,2104,0.013307984790874524,78.09125475285171,male,90+,8,0.0013633265167007499,1.814312854924952e-05
E02002157,E08000031,7644,253250,52,2645,0.019659735349716444,150.2790170132325,female,90+,54,0.00706436420722135,0.00013888353072798117
E02002157,E08000031,7644,253250,52,2645,0.019659735349716444,150.2790170132325,male,90+,35,0.004578754578754579,9.001710324961742e-05
E02002159,E08000031,5964,253250,39,2249,0.017341040462427744,103.42196531791906,female,90+,4,0.0006706908115358819,1.163047650062223e-05
E02002159,E08000031,5964,253250,39,2249,0.017341040462427744,103.42196531791906,male,90+,4,0.0006706908115358819,1.163047650062223e-05
E02001844,E08000025,9936,1101521,9,4181,0.0021525950729490554,21.388184644821816,female,90+,115,0.011574074074074073,2.491429482579925e-05
E02001844,E08000025,9936,1101521,9,4181,0.0021525950729490554,21.388184644821816,male,90+,33,0.003321256038647343,7.149319384794568e-06
E02002182,E08000031,6646,253250,769,2842,0.2705840957072484,1798.3019000703728,female,90+,58,0.008727053866987662,0.002361401978787302
E02002182,E08000031,6646,253250,769,2842,0.2705840957072484,1798.3019000703728,male,90+,16,0.0024074631357207344,0.0006514212355275315
E02001850,E08000025,8434,1101521,8,3079,0.0025982461838259174,21.913608314387787,female,90+,41,0.004861275788475219,1.2630791265931066e-05
E02001850,E08000025,8434,1101521,8,3079,0.0025982461838259174,21.913608314387787,male,90+,15,0.0017785155323689827,4.621021194852829e-06
E02002155,E08000031,6227,253250,22,2531,0.00869221651521138,54.12643224022126,female,90+,20,0.003211819495744339,2.791783046478683e-05
E02002155,E08000031,6227,253250,22,2531,0.00869221651521138,54.12643224022126,male,90+,5,0.0008029548739360848,6.9794576161967076e-06
E02001837,E08000025,10601,1101521,8,4727,0.0016924053310767928,17.94118891474508,female,90+,35,0.003301575323082728,5.5876036777367935e-06
E02001837,E08000025,10601,1101521,8,4727,0.0016924053310767928,17.94118891474508,male,90+,13,0.001226299405716442,2.075395651730809e-06
E02002000,E08000027,7828,315653,1919,3360,0.5711309523809524,4470.813095238095,female,90+,34,0.004343382728666326,0.002480640314378178
E02002000,E08000027,7828,315653,1919,3360,0.5711309523809524,4470.813095238095,male,90+,15,0.0019161982626469086,0.0010944001386962551
E02002149,E08000031,10130,253250,46,3910,0.011764705882352941,119.17647058823529,female,90+,71,0.00700888450148075,8.245746472330294e-05
E02002149,E08000031,10130,253250,46,3910,0.011764705882352941,119.17647058823529,male,90+,33,0.003257650542941757,3.832530050519714e-05
E02006176,E07000196,7483,110688,20,2057,0.009722897423432183,72.75644141954302,female,90+,58,0.007750902044634505,7.536122551905207e-05
E02006176,E07000196,7483,110688,20,2057,0.009722897423432183,72.75644141954302,male,90+,26,0.0034745422958706402,3.378261833612679e-05
E02002156,E08000031,8211,253250,45,3261,0.013799448022079117,113.30726770929162,female,90+,57,0.006941907197661673,9.579448754822916e-05
E02002156,E08000031,8211,253250,45,3261,0.013799448022079117,113.30726770929162,male,90+,30,0.003653635367190354,5.041815134117324e-05
E02002152,E08000031,6251,253250,37,2675,0.013831775700934579,86.46242990654206,female,90+,30,0.004799232122860342,6.638190226012436e-05
E02002152,E08000031,6251,253250,37,2675,0.013831775700934579,86.46242990654206,male,90+,12,0.001919692849144137,2.6552760904049742e-05
E02002063,E08000028,9625,316289,1050,3929,0.26724357342835325,2572.2193942479003,female,90+,39,0.004051948051948052,0.0010828570767486521
E02002063,E08000028,9625,316289,1050,3929,0.26724357342835325,2572.2193942479003,male,90+,11,0.001142857142857143,0.0003054212267752609
E02002070,E08000028,9356,316289,32,4370,0.007322654462242563,68.51075514874142,female,90+,55,0.005878580589995725,4.304681438898471e-05
E02002070,E08000028,9356,316289,32,4370,0.007322654462242563,68.51075514874142,male,90+,18,0.001923899102180419,1.4088048345485907e-05
E02002064,E08000028,12292,316289,1836,4906,0.374235629841011,4600.104362005707,female,90+,66,0.005369345916042954,0.002009400550724595
E02002064,E08000028,12292,316289,1836,4906,0.374235629841011,4600.104362005707,male,90+,28,0.002277904328018223,0.0008524729609134646
E02006179,E07000196,8820,110688,26,2574,0.010101010101010102,89.0909090909091,female,90+,17,0.001927437641723356,1.946906708811471e-05
E02006179,E07000196,8820,110688,26,2574,0.010101010101010102,89.0909090909091,male,90+,18,0.0020408163265306124,2.0614306328592046e-05
E02002163,E08000031,11710,253250,44,4472,0.009838998211091235,115.21466905187836,female,90+,48,0.004099060631938514,4.033065022479755e-05
E02002163,E08000031,11710,253250,44,4472,0.009838998211091235,115.21466905187836,male,90+,15,0.0012809564474807857,1.2603328195249233e-05
E02002058,E08000028,12006,316289,1237,5355,0.23099906629318395,2773.3747899159666,female,90+,40,0.0033316674995835416,0.000769612081603145
E02002058,E08000028,12006,316289,1237,5355,0.23099906629318395,2773.3747899159666,male,90+,15,0.0012493753123438282,0.00028860453060117934
E02002065,E08000028,12333,316289,40,5232,0.00764525993883792,94.28899082568807,female,90+,48,0.0038919970810021892,2.9755329365460163e-05
E02002065,E08000028,12333,316289,40,5232,0.00764525993883792,94.28899082568807,male,90+,12,0.0009729992702505473,7.438832341365041e-06
E02002158,E08000031,7354,253250,40,3054,0.01309757694826457,96.31958087753765,female,90+,51,0.006935001359804188,9.083171394635478e-05
E02002158,E08000031,7354,253250,40,3054,0.01309757694826457,96.31958087753765,male,90+,16,0.0021756867011150393,2.849622398317013e-05
E02002061,E08000028,5723,316289,28,2656,0.010542168674698794,60.3328313253012,female,90+,37,0.0064651406604927485,6.815660334856813e-05
E02002061,E08000028,5723,316289,28,2656,0.010542168674698794,60.3328313253012,male,90+,19,0.003319937095928709,3.499933685467012e-05
E02006894,E08000031,13025,253250,135,4910,0.0274949083503055,358.1211812627291,female,90+,76,0.005834932821497121,0.00016043094315725283
E02006894,E08000031,13025,253250,135,4910,0.0274949083503055,358.1211812627291,male,90+,30,0.0023032629558541267,6.332800387786296e-05
E02002059,E08000028,10733,316289,44,4615,0.009534127843986998,102.32979414951245,female,90+,61,0.005683406316966366,5.418632241528062e-05
E02002059,E08000028,10733,316289,44,4615,0.009534127843986998,102.32979414951245,male,90+,30,0.0027951178608031303,2.66490110239085e-05
E02001842,E08000025,7584,1101521,10,2849,0.00351000351000351,26.61986661986662,female,90+,36,0.004746835443037975,1.6661409066472358e-05
E02001842,E08000025,7584,1101521,10,2849,0.00351000351000351,26.61986661986662,male,90+,21,0.002768987341772152,9.719155288775543e-06
E02006174,E07000196,10383,110688,12,2102,0.005708848715509039,59.27497621313035,female,90+,57,0.005489742848887605,3.134011141134693e-05
E02006174,E07000196,10383,110688,12,2102,0.005708848715509039,59.27497621313035,male,90+,25,0.0024077819512664934,1.3745662899713569e-05
E02002177,E08000031,9490,253250,161,3469,0.04641106947247045,440.4410492937446,female,90+,33,0.003477344573234984,0.00016138728056812695
E02002177,E08000031,9490,253250,161,3469,0.04641106947247045,440.4410492937446,male,90+,15,0.0015806111696522655,7.335785480369408e-05
E02002056,E08000028,8965,316289,1566,4445,0.3523059617547806,3158.4229471316085,female,90+,48,0.0053541550474065815,0.0018863007433607888
E02002056,E08000028,8965,316289,1566,4445,0.3523059617547806,3158.4229471316085,male,90+,18,0.002007808142777468,0.0007073627787602957
E02002057,E08000028,9255,316289,2145,4624,0.4638840830449827,4293.247188581315,female,90+,77,0.008319827120475418,0.0038594353748745177
E02002057,E08000028,9255,316289,2145,4624,0.4638840830449827,4293.247188581315,male,90+,14,0.0015126958400864397,0.0007017155227044578
E02002068,E08000028,12466,316289,24,5537,0.004334477153693336,54.03359219794112,female,90+,16,0.001283491095780523,5.5632628316295015e-06
E02002068,E08000028,12466,316289,24,5537,0.004334477153693336,54.03359219794112,male,90+,9,0.0007219637413765442,3.1293353427915946e-06
E02002060,E08000028,6401,316289,64,2791,0.02293084915800788,146.78036546040843,female,90+,12,0.0018747070770192159,4.29886251985775e-05
E02002060,E08000028,6401,316289,64,2791,0.02293084915800788,146.78036546040843,male,90+,7,0.0010935791282612093,2.5076698032503542e-05
E02002053,E08000028,6052,316289,13,2352,0.0055272108843537416,33.45068027210884,female,90+,25,0.004130865829477859,2.283216657449497e-05
E02002053,E08000028,6052,316289,13,2352,0.0055272108843537416,33.45068027210884,male,90+,14,0.002313284864507601,1.2786013281717183e-05
E02002062,E08000028,7752,316289,41,3473,0.011805355600345523,91.51511661387849,female,90+,40,0.005159958720330237,6.091514757660229e-05
E02002062,E08000028,7752,316289,41,3473,0.011805355600345523,91.51511661387849,male,90+,14,0.001805985552115583,2.13203016518108e-05
E02002166,E08000031,9374,253250,65,3801,0.017100762957116548,160.3025519600105,female,90+,36,0.0038404096436953274,6.567393497505821e-05
E02002166,E08000031,9374,253250,65,3801,0.017100762957116548,160.3025519600105,male,90+,18,0.0019202048218476637,3.2836967487529105e-05
E02002072,E08000028,8540,316289,131,3492,0.03751431844215349,320.3722794959908,female,90+,37,0.004332552693208431,0.0001625327614004308
E02002072,E08000028,8540,316289,131,3492,0.03751431844215349,320.3722794959908,male,90+,11,0.001288056206088993,4.8320550686614566e-05
E02002178,E08000031,8046,253250,167,2985,0.0559463986599665,450.14472361809044,female,90+,77,0.009569972657220979,0.0005354055054458637
E02002178,E08000031,8046,253250,167,2985,0.0559463986599665,450.14472361809044,male,90+,21,0.002609992542878449,0.00014601968330341743
E02006184,E07000196,5448,110688,56,1700,0.03294117647058824,179.4635294117647,female,90+,31,0.0056901615271659324,0.00018744061501252486
E02006184,E07000196,5448,110688,56,1700,0.03294117647058824,179.4635294117647,male,90+,14,0.0025697503671071953,8.465060032823703e-05
E02006183,E07000196,7502,110688,91,2432,0.03741776315789474,280.70805921052636,female,90+,18,0.0023993601706211675,8.977869059478876e-05
E02006183,E07000196,7502,110688,91,2432,0.03741776315789474,280.70805921052636,male,90+,10,0.0013329778725673154,4.9877050330438205e-05
E02006008,E06000051,7797,310774,11,2787,0.003946896304269824,30.773950484391815,female,90+,56,0.007182249583173015,2.8347594336169057e-05
E02006008,E06000051,7797,310774,11,2787,0.003946896304269824,30.773950484391815,male,90+,13,0.0016673079389508785,6.5806915423249595e-06
E02006009,E06000051,7325,310774,27,2987,0.009039169735520589,66.21191831268831,female,90+,71,0.009692832764505119,8.761516057637703e-05
E02006009,E06000051,7325,310774,27,2987,0.009039169735520589,66.21191831268831,male,90+,18,0.0024573378839590444,2.22122942306308e-05
E02006185,E07000196,7124,110688,1799,3014,0.5968812209688122,4252.181818181818,female,90+,73,0.010247052217855138,0.00611627303912455
E02006185,E07000196,7124,110688,1799,3014,0.5968812209688122,4252.181818181818,male,90+,33,0.004632229084783829,0.0027648905519330157
E02002007,E08000027,8924,315653,3107,3605,0.8618585298196949,7691.225520110957,female,90+,44,0.004930524428507396,0.0042494145351934754
E02002007,E08000027,8924,315653,3107,3605,0.8618585298196949,7691.225520110957,male,90+,12,0.001344688480502017,0.0011589312368709477
E02002941,E06000020,10177,169768,25,4322,0.005784359093012495,58.86742248958816,female,90+,54,0.0053060823425370935,3.069228564632748e-05
E02002941,E06000020,10177,169768,25,4322,0.005784359093012495,58.86742248958816,male,90+,15,0.0014739117618158594,8.525634901757632e-06
E02002080,E08000028,6839,316289,2355,3075,0.7658536585365854,5237.673170731708,female,90+,58,0.0084807720426963,0.006495030296113752
E02002080,E08000028,6839,316289,2355,3075,0.7658536585365854,5237.673170731708,male,90+,16,0.0023395233221231173,0.0017917324954796557
E02001925,E08000025,6588,1101521,11,2553,0.004308656482569526,28.385428907168038,female,90+,67,0.010170006071645416,4.3819062588366464e-05
E02001925,E08000025,6588,1101521,11,2553,0.004308656482569526,28.385428907168038,male,90+,25,0.0037947783849423193,1.635039648819644e-05
E02001890,E08000025,10590,1101521,18,3528,0.00510204081632653,54.03061224489795,female,90+,61,0.005760151085930123,2.9388525948623074e-05
E02001890,E08000025,10590,1101521,18,3528,0.00510204081632653,54.03061224489795,male,90+,18,0.0016997167138810198,8.672024050413366e-06
E02002038,E08000027,9391,315653,2749,3729,0.7371949584338965,6922.997854652722,female,90+,49,0.005217761686721329,0.0038465076097605076
E02002038,E08000027,9391,315653,2749,3729,0.7371949584338965,6922.997854652722,male,90+,26,0.0027686082419337665,0.0020410040378321063
E02002946,E06000020,7932,169768,24,2991,0.00802407221664995,63.6469408224674,female,90+,21,0.00264750378214826,2.1243761541811514e-05
E02002946,E06000020,7932,169768,24,2991,0.00802407221664995,63.6469408224674,male,90+,10,0.0012607160867372667,1.011607692467215e-05
E02002943,E06000020,10466,169768,33,4085,0.008078335373317013,84.54785801713587,female,90+,29,0.002770877125931588,2.2384074701528127e-05
E02002943,E06000020,10466,169768,33,4085,0.008078335373317013,84.54785801713587,male,90+,14,0.0013376648194152493,1.0806105028323923e-05
E02001950,E08000025,8602,1101521,8,3466,0.002308136180034622,19.85458742065782,female,90+,61,0.007091374099046734,1.6367857124170187e-05
E02001950,E08000025,8602,1101521,8,3466,0.002308136180034622,19.85458742065782,male,90+,23,0.00267379679144385,6.1714871123920364e-06
E02002179,E08000031,6327,253250,182,2259,0.08056662239929172,509.74501992031867,female,90+,49,0.007744586691955113,0.0006239551916493274
E02002179,E08000031,6327,253250,182,2259,0.08056662239929172,509.74501992031867,male,90+,12,0.001896633475580844,0.00015280535305697813
E02002932,E06000020,9089,169768,14,3567,0.003924866834875245,35.673114662181106,female,90+,43,0.004730993508636813,1.8568519518058702e-05
E02002932,E06000020,9089,169768,14,3567,0.003924866834875245,35.673114662181106,male,90+,10,0.0011002310485201893,4.318260353036908e-06
E02006704,E07000234,6898,95519,9,2842,0.0031667839549612948,21.84447572132301,female,90+,74,0.01072774717309365,3.397245762063436e-05
E02006704,E07000234,6898,95519,9,2842,0.0031667839549612948,21.84447572132301,male,90+,23,0.003334299797042621,1.0559007098305274e-05
E02006046,E06000051,8908,310774,21,3364,0.00624256837098692,55.608799048751486,female,90+,70,0.007858105074090705,4.905475819141046e-05
E02006046,E06000051,8908,310774,21,3364,0.00624256837098692,55.608799048751486,male,90+,31,0.0034800179613830263,2.1724250056196063e-05
E02006011,E06000051,5892,310774,35,2308,0.015164644714038129,89.35008665511265,female,90+,70,0.01188051595383571,0.00018016380345938036
E02006011,E06000051,5892,310774,35,2308,0.015164644714038129,89.35008665511265,male,90+,19,0.0032247114731839784,4.890160379611753e-05
E02006043,E06000051,6881,310774,9,2630,0.0034220532319391636,23.547148288973386,female,90+,39,0.005667780845807296,1.9395447761317742e-05
E02006043,E06000051,6881,310774,9,2630,0.0034220532319391636,23.547148288973386,male,90+,19,0.0027612265659061183,9.44906429397531e-06
E02006013,E06000051,7636,310774,234,3144,0.07442748091603053,568.3282442748092,female,90+,74,0.009690937663698272,0.0007212720780233446
E02006013,E06000051,7636,310774,234,3144,0.07442748091603053,568.3282442748092,male,90+,28,0.003666841278156103,0.00027291375925207637
E02002948,E06000020,7031,169768,13,2761,0.004708438971387179,33.105034407823254,female,90+,13,0.0018489546294979378,8.705690033854833e-06
E02002948,E06000020,7031,169768,13,2761,0.004708438971387179,33.105034407823254,male,90+,3,0.00042668183757644715,2.009005392428038e-06
E02002947,E06000020,6762,169768,17,2744,0.00619533527696793,41.892857142857146,female,90+,19,0.0028098195800059155,1.7407774365925862e-05
E02002947,E06000020,6762,169768,17,2744,0.00619533527696793,41.892857142857146,male,90+,5,0.0007394262052647146,4.580993254191016e-06
E02006045,E06000051,11048,310774,9,4637,0.0019409100711667026,21.44317446624973,female,90+,142,0.01285300506879073,2.4946526982772606e-05
E02006045,E06000051,11048,310774,9,4637,0.0019409100711667026,21.44317446624973,male,90+,60,0.005430847212165098,1.0540786049058848e-05
E02002950,E06000020,5501,169768,15,2409,0.0062266500622665,34.25280199252802,female,90+,22,0.003999272859480095,2.4902072599502456e-05
E02002950,E06000020,5501,169768,15,2409,0.0062266500622665,34.25280199252802,male,90+,13,0.002363206689692783,1.4714861081524177e-05
E02006010,E06000051,11572,310774,39,4282,0.00910789350770668,105.39654367118169,female,90+,81,0.00699965433805738,6.375210630178371e-05
E02006010,E06000051,11572,310774,39,4282,0.00910789350770668,105.39654367118169,male,90+,20,0.0017283097131005876,1.5741260815255234e-05
E02006014,E06000051,9310,310774,60,3559,0.01685866816521495,156.9542006181512,female,90+,52,0.005585392051557465,9.416227116983645e-05
E02006014,E06000051,9310,310774,60,3559,0.01685866816521495,156.9542006181512,male,90+,27,0.002900107411385607,4.8891948492030465e-05
E02002936,E06000020,8985,169768,13,3588,0.0036231884057971015,32.55434782608695,female,90+,17,0.0018920422927100724,6.8552256982249e-06
E02002936,E06000020,8985,169768,13,3588,0.0036231884057971015,32.55434782608695,male,90+,13,0.0014468558708959378,5.242231416289629e-06
E02002937,E06000020,10271,169768,19,3808,0.004989495798319327,51.247111344537814,female,90+,69,0.006717943725051115,3.351915198948823e-05
E02002937,E06000020,10271,169768,19,3808,0.004989495798319327,51.247111344537814,male,90+,22,0.002141953071755428,1.0687265851720884e-05
E02002934,E06000020,5973,169768,8,2312,0.0034602076124567475,20.667820069204154,female,90+,16,0.0026787209107651095,9.268930487076504e-06
E02002934,E06000020,5973,169768,8,2312,0.0034602076124567475,20.667820069204154,male,90+,7,0.0011719403984597355,4.0551570880959704e-06
E02002931,E06000020,6673,169768,12,2265,0.005298013245033113,35.35364238410596,female,90+,18,0.0026974374344372848,1.4291059255296873e-05
E02002931,E06000020,6673,169768,12,2265,0.005298013245033113,35.35364238410596,male,90+,5,0.0007492881762325791,3.969738682026909e-06
E02002949,E06000020,5179,169768,19,2064,0.009205426356589148,47.6749031007752,female,90+,26,0.005020274184205445,4.6213764292588886e-05
E02002949,E06000020,5179,169768,19,2064,0.009205426356589148,47.6749031007752,male,90+,1,0.00019308746862328635,1.7774524727918804e-06
E02002933,E06000020,8266,169768,8,3198,0.0025015634771732333,20.677923702313947,female,90+,51,0.006169852407452214,1.5434277442031807e-05
E02002933,E06000020,8266,169768,8,3198,0.0025015634771732333,20.677923702313947,male,90+,11,0.0013307524800387127,3.3289618012225457e-06
E02006012,E06000051,6249,310774,51,2517,0.02026221692491061,126.6185935637664,female,90+,77,0.012321971515442471,0.00024967045978846486
E02006012,E06000051,6249,310774,51,2517,0.02026221692491061,126.6185935637664,male,90+,14,0.0022403584573531766,4.539462905244816e-05
E02002938,E06000020,7041,169768,10,2924,0.003419972640218878,24.08002735978112,female,90+,30,0.004260758414997869,1.4571677205875066e-05
E02002938,E06000020,7041,169768,10,2924,0.003419972640218878,24.08002735978112,male,90+,10,0.0014202528049992898,4.857225735291688e-06
E02002935,E06000020,6539,169768,17,2641,0.006436955698599016,42.091253313138964,female,90+,27,0.004129071723505123,2.657865176054036e-05
E02002935,E06000020,6539,169768,17,2641,0.006436955698599016,42.091253313138964,male,90+,14,0.0021410001529285822,1.3781523135095002e-05
E02002942,E06000020,6480,169768,12,2164,0.005545286506469501,35.93345656192236,female,90+,25,0.0038580246913580245,2.1393852262613814e-05
E02002942,E06000020,6480,169768,12,2164,0.005545286506469501,35.93345656192236,male,90+,21,0.0032407407407407406,1.7970835900595604e-05
E02002940,E06000020,6097,169768,8,2441,0.0032773453502662844,19.981974600573537,female,90+,28,0.004592422502870264,1.5050954536240112e-05
E02002940,E06000020,6097,169768,8,2441,0.0032773453502662844,19.981974600573537,male,90+,7,0.001148105625717566,3.762738634060028e-06
E02002945,E06000020,9464,169768,23,3482,0.006605399195864446,62.51349798966112,female,90+,20,0.002113271344040575,1.3959000836568992e-05
E02002945,E06000020,9464,169768,23,3482,0.006605399195864446,62.51349798966112,male,90+,8,0.0008453085376162299,5.5836003346275954e-06
E02001851,E08000025,8705,1101521,11,3747,0.0029356818788364024,25.55511075527088,female,90+,43,0.004939689833429064,1.450135793107011e-05
E02001851,E08000025,8705,1101521,11,3747,0.0029356818788364024,25.55511075527088,male,90+,19,0.0021826536473291214,6.407576760240282e-06
E02006770,E07000239,7445,98999,86,3002,0.028647568287808126,213.2811459027315,female,90+,39,0.005238415043653459,0.00015006785268294385
E02006770,E07000239,7445,98999,86,3002,0.028647568287808126,213.2811459027315,male,90+,9,0.001208865010073875,3.463104292683319e-05
E02006775,E07000239,5234,98999,39,2137,0.018249883013570427,95.51988769302761,female,90+,27,0.005158578525028659,9.414345459808972e-05
E02006775,E07000239,5234,98999,39,2137,0.018249883013570427,95.51988769302761,male,90+,13,0.002483760030569354,4.532832999167282e-05
E02006752,E07000238,6978,120007,9,2110,0.0042654028436018955,29.763981042654027,female,90+,36,0.005159071367153913,2.2005517679803417e-05
E02006752,E07000238,6978,120007,9,2110,0.0042654028436018955,29.763981042654027,male,90+,14,0.002006305531670966,8.55770131992355e-06
E02006769,E07000239,7260,98999,102,2631,0.03876852907639681,281.4595210946408,female,90+,56,0.007713498622589532,0.00029904099563060903
E02006769,E07000239,7260,98999,102,2631,0.03876852907639681,281.4595210946408,male,90+,19,0.0026170798898071624,0.00010146033780324234
E02006780,E07000239,5841,98999,29,2373,0.012220817530552043,71.38179519595448,female,90+,52,0.008902585173771614,0.00010879686895886086
E02006780,E07000239,5841,98999,29,2373,0.012220817530552043,71.38179519595448,male,90+,25,0.004280089025851737,5.230618699945233e-05
E02006710,E07000235,8023,76224,16,3073,0.005206638464041653,41.77286039700618,female,90+,60,0.007478499314470896,3.89378421840333e-05
E02006710,E07000235,8023,76224,16,3073,0.005206638464041653,41.77286039700618,male,90+,37,0.00461174124392372,2.4011669346820538e-05
E02006772,E07000239,6487,98999,81,2650,0.030566037735849056,198.28188679245284,female,90+,76,0.01171573917064899,0.00035810372559342196
E02006772,E07000239,6487,98999,81,2650,0.030566037735849056,198.28188679245284,male,90+,22,0.0033913981809773393,0.0001036616047770432
E02006768,E07000239,6929,98999,76,2622,0.028985507246376812,200.84057971014494,female,90+,59,0.00851493722037812,0.0002468097745037136
E02006768,E07000239,6929,98999,76,2622,0.028985507246376812,200.84057971014494,male,90+,26,0.00375234521575985,0.00010876362944231449
E02006776,E07000239,6600,98999,50,2264,0.022084805653710248,145.75971731448763,female,90+,29,0.004393939393939394,9.703929756933291e-05
E02006776,E07000239,6600,98999,50,2264,0.022084805653710248,145.75971731448763,male,90+,17,0.002575757575757576,5.6885105471677915e-05
E02006779,E07000239,7763,98999,47,2986,0.015740120562625585,122.19055592766242,female,90+,35,0.004508566275924256,7.096537674763563e-05
E02006779,E07000239,7763,98999,47,2986,0.015740120562625585,122.19055592766242,male,90+,17,0.002189875048306067,3.446889727742302e-05
E02006773,E07000239,8336,98999,90,3333,0.027002700270027002,225.09450945094508,female,90+,80,0.009596928982725527,0.0002591429968332725
E02006773,E07000239,8336,98999,90,3333,0.027002700270027002,225.09450945094508,male,90+,19,0.002279270633397313,6.154646174790224e-05
E02006778,E07000239,6883,98999,44,2683,0.016399552739470743,112.87812150577712,female,90+,65,0.00944355658869679,0.0001548701043245094
E02006778,E07000239,6883,98999,44,2683,0.016399552739470743,112.87812150577712,male,90+,15,0.002179282289699259,3.573925484411756e-05
E02006771,E07000239,6656,98999,74,2584,0.02863777089783282,190.61300309597524,female,90+,51,0.007662259615384615,0.00021943003542510123
E02006771,E07000239,6656,98999,74,2584,0.02863777089783282,190.61300309597524,male,90+,18,0.002704326923076923,7.744589485591807e-05
E02006767,E07000239,8853,98999,423,3438,0.12303664921465969,1089.2434554973822,female,90+,68,0.00768101208629843,0.0009450459896754613
E02006767,E07000239,8853,98999,423,3438,0.12303664921465969,1089.2434554973822,male,90+,29,0.003275725742686095,0.0004030343191262997
E02006711,E07000235,7992,76224,13,2603,0.004994237418363427,39.91394544756051,female,90+,60,0.0075075075075075074,3.749427491263834e-05
E02006711,E07000235,7992,76224,13,2603,0.004994237418363427,39.91394544756051,male,90+,22,0.0027527527527527527,1.3747900801300725e-05
E02006697,E07000234,7343,95519,582,2760,0.2108695652173913,1548.4152173913044,female,90+,85,0.011575650279177448,0.002440952341478723
E02006697,E07000234,7343,95519,582,2760,0.2108695652173913,1548.4152173913044,male,90+,32,0.00435789186980798,0.0009189467638508132
E02006748,E07000238,6695,120007,28,2468,0.011345218800648298,75.95623987034035,female,90+,60,0.008961911874533234,0.00010167485108870768
E02006748,E07000238,6695,120007,28,2468,0.011345218800648298,75.95623987034035,male,90+,22,0.003286034353995519,3.7280778732526145e-05
E02006753,E07000238,6436,120007,20,2175,0.009195402298850575,59.181609195402295,female,90+,46,0.007147296457426973,6.572226627519056e-05
E02006753,E07000238,6436,120007,20,2175,0.009195402298850575,59.181609195402295,male,90+,18,0.0027967681789931634,2.571740854246587e-05
E02006707,E07000234,6848,95519,9,2196,0.004098360655737705,28.065573770491806,female,90+,35,0.005110981308411215,2.094664470660334e-05
E02006707,E07000234,6848,95519,9,2196,0.004098360655737705,28.065573770491806,male,90+,17,0.0024824766355140185,1.0174084571778765e-05
E02001895,E08000025,8221,1101521,8,3569,0.002241524236480807,18.427570748108714,female,90+,71,0.008636418927137818,1.9358742341580988e-05
E02001895,E08000025,8221,1101521,8,3569,0.002241524236480807,18.427570748108714,male,90+,27,0.003284271986376353,7.361775256657559e-06
E02006706,E07000234,7094,95519,13,2640,0.004924242424242424,34.932575757575755,female,90+,107,0.015083168875105723,7.427318006680848e-05
E02006706,E07000234,7094,95519,13,2640,0.004924242424242424,34.932575757575755,male,90+,42,0.005920496193966732,2.9153958530896786e-05
E02006703,E07000234,7229,95519,11,2633,0.004177744018230156,30.200911507785797,female,90+,60,0.008299903167796375,3.467487081115083e-05
E02006703,E07000234,7229,95519,11,2633,0.004177744018230156,30.200911507785797,male,90+,15,0.0020749757919490937,8.668717702787707e-06
E02006705,E07000234,7134,95519,14,2719,0.0051489518205222505,36.732622287605736,female,90+,59,0.008270255116344266,4.258314513748427e-05
E02006705,E07000234,7134,95519,14,2719,0.0051489518205222505,36.732622287605736,male,90+,19,0.0026633024950939166,1.3713216230715274e-05
E02006702,E07000234,5790,95519,23,2326,0.009888220120378332,57.25279449699054,female,90+,36,0.0062176165803108805,6.148116137022797e-05
E02006702,E07000234,5790,95519,23,2326,0.009888220120378332,57.25279449699054,male,90+,11,0.0018998272884283246,1.878591041868077e-05
E02006708,E07000234,8466,95519,12,3221,0.003725551071095933,31.54051536789817,female,90+,30,0.003543586109142452,1.3201811024436333e-05
E02006708,E07000234,8466,95519,12,3221,0.003725551071095933,31.54051536789817,male,90+,17,0.002008032128514056,7.4810262471805875e-06
E02006709,E07000234,7862,95519,12,2822,0.004252303330970942,33.43160878809355,female,90+,46,0.005850928516916815,2.487992282175825e-05
E02006709,E07000234,7862,95519,12,2822,0.004252303330970942,33.43160878809355,male,90+,14,0.0017807173747138134,7.57215042401338e-06
E02006774,E07000239,7573,98999,64,2899,0.02207657813038979,167.18592618144186,female,90+,34,0.004489634226858576,9.911576078611552e-05
E02006774,E07000239,7573,98999,64,2899,0.02207657813038979,167.18592618144186,male,90+,7,0.0009243364584708834,2.0406186044200256e-05
E02001946,E08000025,7631,1101521,11,3033,0.003626772172766238,27.67589845037916,female,90+,53,0.006945354475167082,2.518921834053343e-05
E02001946,E08000025,7631,1101521,11,3033,0.003626772172766238,27.67589845037916,male,90+,28,0.003669243873673175,1.3307511576130868e-05
E02006901,E08000025,15014,1101521,10,5840,0.0017123287671232876,25.70890410958904,female,90+,18,0.0011988810443585986,2.0528785006140385e-06
E02006901,E08000025,15014,1101521,10,5840,0.0017123287671232876,25.70890410958904,male,90+,10,0.0006660450246436659,1.140488055896688e-06
E02006187,E07000196,7313,110688,2369,2947,0.8038683406854428,5878.689175432643,female,90+,83,0.011349651305893615,0.009123625362627069
E02006187,E07000196,7313,110688,2369,2947,0.8038683406854428,5878.689175432643,male,90+,28,0.0038287980309038698,0.0030778495199223843
E02006777,E07000239,7139,98999,73,2644,0.02760968229954614,197.1055219364599,female,90+,63,0.008824765373301582,0.0002436489683248924
E02006777,E07000239,7139,98999,73,2644,0.02760968229954614,197.1055219364599,male,90+,28,0.003922117943689593,0.00010828843036661887
E02002002,E08000027,6982,315653,2194,2941,0.7460047602856171,5208.605236314179,female,90+,55,0.007877399026067029,0.005876577172115288
E02002002,E08000027,6982,315653,2194,2941,0.7460047602856171,5208.605236314179,male,90+,33,0.004726439415640217,0.0035259463032691726
E02002013,E08000027,6563,315653,2277,2637,0.863481228668942,5667.027303754266,female,90+,56,0.008532683224135303,0.007367811794219221
E02002013,E08000027,6563,315653,2277,2637,0.863481228668942,5667.027303754266,male,90+,26,0.003961602925491391,0.003420769761601781
E02002078,E08000028,6286,316289,58,2651,0.02187853640135798,137.52847981893626,female,90+,53,0.008431434934775692,0.00018446745613617132
E02002078,E08000028,6286,316289,58,2651,0.02187853640135798,137.52847981893626,male,90+,17,0.002704422526248807,5.9168806685187026e-05
E02002029,E08000027,5821,315653,910,2458,0.37021969080553296,2155.048820179007,female,90+,32,0.005497337227280536,0.002035222488537546
E02002029,E08000027,5821,315653,910,2458,0.37021969080553296,2155.048820179007,male,90+,21,0.0036076275554028517,0.0013356147581027645
E02006696,E07000234,6224,95519,830,2309,0.3594629709831096,2237.297531398874,female,90+,79,0.01269280205655527,0.0045625923373498805
E02006696,E07000234,6224,95519,830,2309,0.3594629709831096,2237.297531398874,male,90+,32,0.005141388174807198,0.0018481386682936225
E02002035,E08000027,6215,315653,1133,2623,0.43194815097216926,2684.557758292032,female,90+,75,0.012067578439259855,0.00521256819354991
E02002035,E08000027,6215,315653,1133,2623,0.43194815097216926,2684.557758292032,male,90+,36,0.005792437650844731,0.002502032732903957
E02002027,E08000027,5585,315653,1634,1917,0.8523735002608243,4760.5059989567035,female,90+,13,0.0023276633840644584,0.001984038586103978
E02002027,E08000027,5585,315653,1634,1917,0.8523735002608243,4760.5059989567035,male,90+,7,0.001253357206803939,0.0010683284694406033
E02002023,E08000027,5328,315653,1842,2111,0.8725722406442444,4649.064898152535,female,90+,11,0.0020645645645645644,0.0018014817280568108
E02002023,E08000027,5328,315653,1842,2111,0.8725722406442444,4649.064898152535,male,90+,15,0.002815315315315315,0.002456565992804742
E02002036,E08000027,6538,315653,2415,2792,0.8649713467048711,5655.182664756447,female,90+,41,0.006271030896298563,0.005424262039599222
E02002036,E08000027,6538,315653,2415,2792,0.8649713467048711,5655.182664756447,male,90+,13,0.0019883756500458857,0.0017198879637753631
E02002006,E08000027,6484,315653,2371,2774,0.8547224224945926,5542.020187454938,female,90+,27,0.004164096236890808,0.0035591464230959285
E02002006,E08000027,6484,315653,2371,2774,0.8547224224945926,5542.020187454938,male,90+,10,0.0015422578655151142,0.001318202378924418
E02002039,E08000027,6423,315653,2050,2529,0.8105970739422697,5206.465005931198,female,90+,75,0.011676786548341896,0.009465169009134395
E02002039,E08000027,6423,315653,2050,2529,0.8105970739422697,5206.465005931198,male,90+,21,0.003269500233535731,0.002650247322557631
E02002024,E08000027,8489,315653,3028,3483,0.8693654895205283,7380.043640539765,female,90+,46,0.005418777241135587,0.004710897928842537
E02002024,E08000027,8489,315653,3028,3483,0.8693654895205283,7380.043640539765,male,90+,16,0.0018847920838732477,0.0016385731926408826
E02002009,E08000027,6697,315653,2392,2910,0.8219931271477663,5504.887972508591,female,90+,24,0.003583694191428998,0.002945771995154008
E02002009,E08000027,6697,315653,2392,2910,0.8219931271477663,5504.887972508591,male,90+,7,0.001045244139166791,0.0008591834985865856
E02002018,E08000027,8990,315653,2997,3484,0.8602181400688863,7733.361079219288,female,90+,44,0.00489432703003337,0.004210188894664182
E02002018,E08000027,8990,315653,2997,3484,0.8602181400688863,7733.361079219288,male,90+,41,0.004560622914349277,0.003923130560937079
E02002033,E08000027,7674,315653,2219,2966,0.7481456507080243,5741.269723533378,female,90+,45,0.005863956215793589,0.004387093338788259
E02002033,E08000027,7674,315653,2219,2966,0.7481456507080243,5741.269723533378,male,90+,20,0.0026062027625749283,0.0019498192616836704
E02002017,E08000027,8443,315653,3414,3928,0.8691446028513238,7338.187881873727,female,90+,45,0.005329859054838328,0.00463241823147099
E02002017,E08000027,8443,315653,3414,3928,0.8691446028513238,7338.187881873727,male,90+,17,0.0020135023096055906,0.0017500246652223743
E02002041,E08000027,6174,315653,2055,2549,0.8061985092193017,4977.469595919969,female,90+,48,0.007774538386783284,0.0062678212572929186
E02002041,E08000027,6174,315653,2055,2549,0.8061985092193017,4977.469595919969,male,90+,23,0.0037252996436669904,0.0030033310191195234
E02002012,E08000027,8054,315653,3436,3885,0.8844272844272845,7123.177348777349,female,90+,53,0.006580581077725354,0.005820045452526208
E02002012,E08000027,8054,315653,3436,3885,0.8844272844272845,7123.177348777349,male,90+,17,0.002110752421157189,0.0018668070319423685
E02002022,E08000027,8434,315653,3147,3556,0.8849831271091113,7463.947694038245,female,90+,52,0.006165520512212474,0.005456381623153165
E02002022,E08000027,8434,315653,3147,3556,0.8849831271091113,7463.947694038245,male,90+,8,0.0009485416172634575,0.0008394433266389484
E02002034,E08000027,7963,315653,2698,3216,0.8389303482587065,6680.40236318408,female,90+,50,0.006279040562602034,0.005267677685914269
E02002034,E08000027,7963,315653,2698,3216,0.8389303482587065,6680.40236318408,male,90+,23,0.002888358658796936,0.002423131735520564
E02002042,E08000027,8222,315653,2220,2974,0.7464694014794889,6137.471418964358,female,90+,45,0.005473120895159328,0.004085517278834469
E02002042,E08000027,8222,315653,2220,2974,0.7464694014794889,6137.471418964358,male,90+,20,0.0024324981756263684,0.001815785457259764
E02002026,E08000027,7013,315653,2186,2562,0.853239656518345,5983.769711163153,female,90+,18,0.002566661913589049,0.0021899777295494383
E02002026,E08000027,7013,315653,2186,2562,0.853239656518345,5983.769711163153,male,90+,9,0.0012833309567945245,0.0010949888647747191
E02002020,E08000027,9771,315653,3408,3903,0.8731744811683321,8531.787855495773,female,90+,65,0.0066523385528605055,0.005808652264450065
E02002020,E08000027,9771,315653,3408,3903,0.8731744811683321,8531.787855495773,male,90+,15,0.0015351550506601166,0.0013404582148730919
E02002030,E08000027,6330,315653,2521,2903,0.8684119875990355,5497.047881501895,female,90+,35,0.005529225908372828,0.00480164606097413
E02002030,E08000027,6330,315653,2521,2903,0.8684119875990355,5497.047881501895,male,90+,9,0.0014218009478672985,0.0012347089871076334
E02002028,E08000027,5825,315653,2078,2430,0.8551440329218107,4981.213991769548,female,90+,74,0.012703862660944205,0.010863632349564634
E02002028,E08000027,5825,315653,2078,2430,0.8551440329218107,4981.213991769548,male,90+,20,0.0034334763948497852,0.0029361168512336846
E02002021,E08000027,7518,315653,2907,3277,0.8870918523039365,6669.156545620995,female,90+,48,0.006384676775738229,0.00566379474735155
E02002021,E08000027,7518,315653,2907,3277,0.8870918523039365,6669.156545620995,male,90+,8,0.0010641127959563714,0.0009439657912252583
E02002011,E08000027,5761,315653,2006,2316,0.8661485319516408,4989.881692573403,female,90+,41,0.007116819996528381,0.006164223192157138
E02002011,E08000027,5761,315653,2006,2316,0.8661485319516408,4989.881692573403,male,90+,18,0.003124457559451484,0.002706244328264109
E02002019,E08000027,8016,315653,2788,3247,0.8586387434554974,6882.848167539267,female,90+,34,0.0042415169660678645,0.003641930798089685
E02002019,E08000027,8016,315653,2788,3247,0.8586387434554974,6882.848167539267,male,90+,14,0.001746506986027944,0.0014996185639192818
E02002016,E08000027,7873,315653,3246,3671,0.8842277308635249,6961.524925088532,female,90+,26,0.0033024260129556715,0.002920096659780471
E02002016,E08000027,7873,315653,3246,3671,0.8842277308635249,6961.524925088532,male,90+,7,0.0008891146957957577,0.000786179869940896
E02002040,E08000027,6006,315653,1787,2238,0.7984807864164433,4795.675603217158,female,90+,59,0.009823509823509824,0.00784388384924578
E02002040,E08000027,6006,315653,1787,2238,0.7984807864164433,4795.675603217158,male,90+,19,0.0031635031635031635,0.002525996493824912
E02002015,E08000027,6039,315653,2300,2613,0.880214313050134,5315.614236509759,female,90+,41,0.006789203510514986,0.005975954104165506
E02002015,E08000027,6039,315653,2300,2613,0.880214313050134,5315.614236509759,male,90+,19,0.0031462162609703593,0.002769344584857186
E02002037,E08000027,5965,315653,1882,2241,0.8398036590807675,5009.428826416778,female,90+,47,0.00787929589270746,0.006617061521675787
E02002037,E08000027,5965,315653,1882,2241,0.8398036590807675,5009.428826416778,male,90+,16,0.002682313495389774,0.0022526166882300552
E02001901,E08000025,8063,1101521,11,2791,0.003941239699032604,31.778215693299888,female,90+,73,0.009053702095994046,3.568281012394644e-05
E02001901,E08000025,8063,1101521,11,2791,0.003941239699032604,31.778215693299888,male,90+,16,0.0019843730621356814,7.82088989018004e-06
E02006698,E07000234,6535,95519,10,2771,0.003608805485384338,23.583543846986647,female,90+,34,0.005202754399387911,1.877572861561859e-05
E02006698,E07000234,6535,95519,10,2771,0.003608805485384338,23.583543846986647,male,90+,15,0.0022953328232593728,8.283409683361142e-06
E02001921,E08000025,7888,1101521,10,3211,0.003114294612270321,24.56555590158829,female,90+,40,0.005070993914807302,1.5792569027739964e-05
E02001921,E08000025,7888,1101521,10,3211,0.003114294612270321,24.56555590158829,male,90+,16,0.002028397565922921,6.317027611095986e-06
E02001927,E08000025,7803,1101521,10,3616,0.0027654867256637168,21.579092920353983,female,90+,76,0.009739843649878252,2.693540832377835e-05
E02001927,E08000025,7803,1101521,10,3616,0.0027654867256637168,21.579092920353983,male,90+,18,0.002306805074971165,6.379438813526452e-06
E02001952,E08000025,9117,1101521,12,4047,0.0029651593773165306,27.03335804299481,female,90+,54,0.005923000987166831,1.7562641918952796e-05
E02001952,E08000025,9117,1101521,12,4047,0.0029651593773165306,27.03335804299481,male,90+,26,0.002851815290117363,8.456086849866161e-06
E02001913,E08000025,7746,1101521,14,2873,0.004872955099199443,37.74591019839888,female,90+,67,0.008649625613219726,4.214923723810517e-05
E02001913,E08000025,7746,1101521,14,2873,0.004872955099199443,37.74591019839888,male,90+,13,0.001678285566744126,8.178210210378616e-06
E02001932,E08000025,7076,1101521,14,3205,0.00436817472698908,30.90920436817473,female,90+,34,0.004804974561899378,2.0988968445114287e-05
E02001932,E08000025,7076,1101521,14,3205,0.00436817472698908,30.90920436817473,male,90+,16,0.0022611644997173543,9.877161621230253e-06
E02001899,E08000025,8050,1101521,17,3211,0.005294300840859545,42.61912176891934,female,90+,73,0.009068322981366459,4.801042998543438e-05
E02001899,E08000025,8050,1101521,17,3211,0.005294300840859545,42.61912176891934,male,90+,34,0.00422360248447205,2.236102218499684e-05
E02001911,E08000025,8103,1101521,21,3490,0.006017191977077364,48.75730659025788,female,90+,41,0.005059854374922868,3.0446115149965683e-05
E02001911,E08000025,8103,1101521,21,3490,0.006017191977077364,48.75730659025788,male,90+,19,0.0023448105639886463,1.4109175313398732e-05
E02001951,E08000025,8399,1101521,21,3936,0.005335365853658537,44.81173780487805,female,90+,18,0.0021431122752708655,1.1434288054036632e-05
E02001951,E08000025,8399,1101521,21,3936,0.005335365853658537,44.81173780487805,male,90+,8,0.0009524943445648292,5.081905801794058e-06
E02001928,E08000025,6890,1101521,23,3103,0.007412181759587496,51.06993232355784,female,90+,47,0.006821480406386067,5.05620526415983e-05
E02001928,E08000025,6890,1101521,23,3103,0.007412181759587496,51.06993232355784,male,90+,16,0.0023222060957910013,1.7212613665224953e-05
E02001920,E08000025,7512,1101521,52,3186,0.016321406151914627,122.60640301318267,female,90+,29,0.0038604898828541,6.300862332341909e-05
E02001920,E08000025,7512,1101521,52,3186,0.016321406151914627,122.60640301318267,male,90+,12,0.001597444089456869,2.6072533789001e-05
E02001906,E08000025,9284,1101521,90,3832,0.02348643006263048,218.04801670146136,female,90+,51,0.0054933218440327445,0.00012901851930139535
E02001906,E08000025,9284,1101521,90,3832,0.02348643006263048,218.04801670146136,male,90+,17,0.0018311072813442482,4.300617310046512e-05
E02001935,E08000025,7920,1101521,9,3303,0.0027247956403269754,21.580381471389646,female,90+,64,0.00808080808080808,2.2018550628904853e-05
E02001935,E08000025,7920,1101521,9,3303,0.0027247956403269754,21.580381471389646,male,90+,40,0.005050505050505051,1.3761594143065534e-05
E02001926,E08000025,7401,1101521,9,2620,0.003435114503816794,25.42328244274809,female,90+,52,0.0070260775570868805,2.413538092129081e-05
E02001926,E08000025,7401,1101521,9,2620,0.003435114503816794,25.42328244274809,male,90+,25,0.0033779219024456155,1.1603548519851351e-05
E02001919,E08000025,6664,1101521,8,2649,0.003020007550018875,20.125330313325783,female,90+,60,0.00900360144057623,2.7190944327901034e-05
E02001919,E08000025,6664,1101521,8,2649,0.003020007550018875,20.125330313325783,male,90+,20,0.003001200480192077,9.063648109300346e-06
E02001938,E08000025,7790,1101521,8,2854,0.002803083391730904,21.83601962158374,female,90+,42,0.005391527599486521,1.5112901470179456e-05
E02001938,E08000025,7790,1101521,8,2854,0.002803083391730904,21.83601962158374,male,90+,20,0.0025673940949935813,7.196619747704502e-06
