year,ltla,ppln_ltla,total_trust_patients,patients_from_ltla_to_trust,total_patients_of_ltla,tfp_ltla,etc_ltla,sex,ag,ags_ppln_ltla,agsf_ppln_ltla,tfp_ltla_ags,ltla_frac_tp,ags_ltla_frac_tp
2013,E06000036,116543,108043,770,40616,0.018958046090210755,2209.427565491432,female,0-4,4087,0.035068601288794694,0.0006648321595521941,0.007126792110548578,0.0002499266309929557
2013,E06000036,116543,108043,770,40616,0.018958046090210755,2209.427565491432,male,0-4,4164,0.035729301631157596,0.000677357747094528,0.007126792110548578,0.0002546353049803444
2013,E06000037,156031,108043,13,49239,0.00026401835943053273,41.19504864030545,female,0-4,4794,0.03072466368862598,8.11187530112589e-06,0.0001203224642040669,3.6968672468566935e-06
2013,E06000037,156031,108043,13,49239,0.00026401835943053273,41.19504864030545,male,0-4,5220,0.033454890374348685,8.832705271563862e-06,0.0001203224642040669,4.025374849518552e-06
2013,E06000040,146278,108043,191,53690,0.0035574594896628795,520.3780592289066,female,0-4,4483,0.030647123969428074,0.0001090259019959166,0.001767814666382829,5.4178435235607695e-05
2013,E06000040,146278,108043,191,53690,0.0035574594896628795,520.3780592289066,male,0-4,4828,0.03300564678215453,0.0001174162513576367,0.001767814666382829,5.8347866454944e-05
2013,E06000041,158065,108043,206,45893,0.004488701980694223,709.5066785784323,female,0-4,4976,0.03148071995697972,0.00014130757002457503,0.0019066482789259832,6.002266052532624e-05
2013,E06000041,158065,108043,206,45893,0.004488701980694223,709.5066785784323,male,0-4,5394,0.03412520165754595,0.0001531778602718163,0.0019066482789259832,6.50647570083621e-05
2013,E06000043,277991,108043,31,90245,0.0003435093356972685,95.49250373981937,female,0-4,7534,0.027101596814285353,9.30965151801037e-06,0.0002869227992558518,7.77606602225823e-06
2013,E06000043,277991,108043,31,90245,0.0003435093356972685,95.49250373981937,male,0-4,7738,0.027835433521229105,9.56173127772289e-06,0.0002869227992558518,7.986620504411227e-06
2013,E06000054,479911,108043,11,168444,6.530360238417516e-05,31.33991712379188,female,0-4,13860,0.02888035489913755,1.8859912130471435e-06,0.00010181131586497968,2.9403469349288066e-06
2013,E06000054,479911,108043,11,168444,6.530360238417516e-05,31.33991712379188,male,0-4,14676,0.0305806701659266,1.9970279251572784e-06,0.00010181131586497968,3.1134582696259138e-06
2013,E07000061,100363,108043,20,41544,0.00048141729250914694,48.31648372809551,female,0-4,2767,0.027569921186094477,1.3272636812100173e-05,0.00018511148339087215,5.1035090077273824e-06
2013,E07000061,100363,108043,20,41544,0.00048141729250914694,48.31648372809551,male,0-4,2939,0.02928370016838875,1.4097679649715362e-05,0.00018511148339087215,5.420749177343975e-06
2013,E07000063,99626,108043,29,37939,0.0007643849337093756,76.15261340573025,female,0-4,2439,0.024481561038283178,1.8713336411350117e-05,0.00026841165091676464,6.57113621530513e-06
2013,E07000063,99626,108043,29,37939,0.0007643849337093756,76.15261340573025,male,0-4,2812,0.028225563607893522,2.1575195567329454e-05,0.00026841165091676464,7.576070126050852e-06
2013,E07000064,91232,108043,10,36599,0.00027323150905762453,24.927457034345203,female,0-4,1991,0.021823482988425114,5.962863189820791e-06,9.255574169543608e-05,2.019888654371418e-06
2013,E07000064,91232,108043,10,36599,0.00027323150905762453,24.927457034345203,male,0-4,2073,0.022722290424412487,6.208445701907836e-06,9.255574169543608e-05,2.103078443250603e-06
2013,E07000065,152777,108043,32,58801,0.0005442084318293906,83.14253158959882,female,0-4,3558,0.023288845834124248,1.2673986270505194e-05,0.00029617837342539545,6.897652478105716e-06
2013,E07000065,152777,108043,32,58801,0.0005442084318293906,83.14253158959882,male,0-4,3939,0.025782676711808714,1.403115006169757e-05,0.00029617837342539545,7.636271251056328e-06
2013,E07000071,177993,108043,129,62772,0.002055056394570828,365.78565283884535,female,0-4,5459,0.030669745439427392,6.302805648515475e-05,0.0011939690678711254,3.661872737415782e-05
2013,E07000071,177993,108043,129,62772,0.002055056394570828,365.78565283884535,male,0-4,5774,0.03243947795699831,6.666495661206879e-05,0.0011939690678711254,3.873173325854319e-05
2013,E07000084,172050,108043,677,63307,0.010693920103622032,1839.8889538281705,female,0-4,5786,0.03362975879104911,0.0003596339536155598,0.0062660237127810225,0.00021072486603981977
2013,E07000084,172050,108043,677,63307,0.010693920103622032,1839.8889538281705,male,0-4,6043,0.03512351060738157,0.0003756080161940595,0.0062660237127810225,0.0002200847503419687
2013,E07000085,117401,108043,8612,41475,0.20764315852923448,24377.514454490658,female,0-4,3077,0.02620931678605804,0.005442185320350376,0.07970900474810955,0.002089118556144608
2013,E07000085,117401,108043,8612,41475,0.20764315852923448,24377.514454490658,male,0-4,3172,0.027018509212016935,0.0056102085915344145,0.07970900474810955,0.0021536184790674996
2013,E07000089,92959,108043,2372,33431,0.07095211031677186,6595.637222936795,female,0-4,2819,0.03032519712991749,0.002151636732139759,0.021954221930157437,0.0006657661078659819
2013,E07000089,92959,108043,2372,33431,0.07095211031677186,6595.637222936795,male,0-4,2877,0.030949128110242148,0.002195905951885806,0.021954221930157437,0.0006794640270771301
2013,E07000090,121671,108043,9,43614,0.0002063557573256294,25.107511349566654,female,0-4,3192,0.02623468205242005,5.413677683124237e-06,8.330016752589247e-05,2.1853534099551145e-06
2013,E07000090,121671,108043,9,43614,0.0002063557573256294,25.107511349566654,male,0-4,3585,0.02946470399684395,6.080211307644232e-06,8.330016752589247e-05,2.4544147790379345e-06
2013,E07000092,94897,108043,4240,37380,0.11342964151952915,10764.132691278757,female,0-4,3373,0.035543800120130246,0.004031720505868171,0.0392436344788649,0.0013948678999042257
2013,E07000092,94897,108043,4240,37380,0.11342964151952915,10764.132691278757,male,0-4,3414,0.03597584749781342,0.004080727485038226,0.0392436344788649,0.0014118230092715763
2013,E07000093,118805,108043,39,44103,0.0008842935854703761,105.05849942180804,female,0-4,3408,0.028685661377888135,2.536654635144179e-05,0.0003609673926122007,1.0354588392932788e-05
2013,E07000093,118805,108043,39,44103,0.0008842935854703761,105.05849942180804,male,0-4,3493,0.029401119481503302,2.599922136314148e-05,0.0003609673926122007,1.0612845439118025e-05
2013,E07000094,119037,108043,14,43975,0.00031836270608300173,37.89694144400228,female,0-4,3238,0.02720162638507355,8.659983385810795e-06,0.0001295780383736105,3.5247333875496765e-06
2013,E07000094,119037,108043,14,43975,0.00031836270608300173,37.89694144400228,male,0-4,3321,0.02789888858086141,8.881965665311195e-06,0.0001295780383736105,3.615083255111944e-06
2013,E07000102,89566,108043,29,34487,0.0008408965697219242,75.31574216371386,female,0-4,2762,0.030837594622959607,2.593122753692199e-05,0.00026841165091676464,8.277169683050533e-06
2013,E07000102,89566,108043,29,34487,0.0008408965697219242,75.31574216371386,male,0-4,2900,0.032378357859009,2.7226850056869574e-05,0.00026841165091676464,8.690728486910406e-06
2013,E07000180,123497,108043,57,39314,0.00144986518797375,179.0540011191942,female,0-4,3692,0.02989546304768537,4.334439115119464e-05,0.0005275677276639857,1.577188150753002e-05
2013,E07000180,123497,108043,57,39314,0.00144986518797375,179.0540011191942,male,0-4,3880,0.03141776723321214,4.555152699529664e-05,0.0005275677276639857,1.6575000067501756e-05
2013,E07000207,133499,108043,3258,45188,0.0720987872886607,9625.116004248915,female,0-4,4916,0.036824245874500935,0.0026549834703709844,0.030154660644373072,0.0011104226378305308
2013,E07000207,133499,108043,3258,45188,0.0720987872886607,9625.116004248915,male,0-4,5026,0.03764822208406055,0.00271439115583494,0.030154660644373072,0.0011352693608088378
2013,E07000208,76906,108043,434,26765,0.016215206426303006,1247.046665421259,female,0-4,2465,0.03205211556965647,0.0005197316703617002,0.0040169191895819256,0.00012875075809845067
2013,E07000208,76906,108043,434,26765,0.016215206426303006,1247.046665421259,male,0-4,2482,0.032273164642550645,0.0005233160267090222,0.0040169191895819256,0.0001296386943611986
2013,E07000209,140657,108043,34716,49362,0.7032940318463595,98923.2286374134,female,0-4,3956,0.02812515552016608,0.019780254022083495,0.3213165128698759,0.009037076895662705
2013,E07000209,140657,108043,34716,49362,0.7032940318463595,98923.2286374134,male,0-4,4398,0.0312675515616002,0.02199028240372174,0.3213165128698759,0.010046780633752419
2013,E07000210,86761,108043,3001,30934,0.09701299540958169,8416.944494730717,female,0-4,2285,0.026336718110671845,0.0025550039131740547,0.027775978082800367,0.0007315281050149126
2013,E07000210,86761,108043,3001,30934,0.09701299540958169,8416.944494730717,male,0-4,2457,0.028319175666486094,0.002747328058935953,0.027775978082800367,0.0007865928026352913
2013,E07000211,140928,108043,842,52491,0.016040845097254768,2260.60421786592,female,0-4,4650,0.03299557220708447,0.0005292768626691266,0.007793193450755718,0.0002571408772281881
2013,E07000211,140928,108043,842,52491,0.016040845097254768,2260.60421786592,male,0-4,4840,0.03434377838328792,0.0005509032291007684,0.007793193450755718,0.0002676477087708452
2013,E07000212,83094,108043,1641,28983,0.05661939757789049,4704.732222337232,female,0-4,2433,0.02928009242544588,0.0016578211941537001,0.01518839721222106,0.00044471767416821715
2013,E07000212,83094,108043,1641,28983,0.05661939757789049,4704.732222337232,male,0-4,2563,0.030844585649986763,0.0017464018580418963,0.01518839721222106,0.00046847981869837266
2013,E07000213,97371,108043,1434,37349,0.038394602265120883,3738.5208171570857,female,0-4,3037,0.0311899846977026,0.001197527057123498,0.013272493359125533,0.00041396886477148475
2013,E07000213,97371,108043,1434,37349,0.038394602265120883,3738.5208171570857,male,0-4,3228,0.03315155436423576,0.0012728407442853644,0.013272493359125533,0.0004400037851440082
2013,E07000214,87134,108043,2312,34609,0.06680343263313011,5820.85029905516,female,0-4,2482,0.02848486239585007,0.0019028865861251516,0.02139888747998482,0.0006095443652916465
2013,E07000214,87134,108043,2312,34609,0.06680343263313011,5820.85029905516,male,0-4,2650,0.030412927215553057,0.002031687934420488,0.02139888747998482,0.0006508028074225879
2013,E07000215,84616,108043,465,31043,0.01497922236897207,1267.4818799729408,female,0-4,2401,0.028375248180013236,0.00042503915226318827,0.004303841988837777,0.0001221225845608337
2013,E07000215,84616,108043,465,31043,0.01497922236897207,1267.4818799729408,male,0-4,2519,0.02976978349248369,0.0004459282068100672,0.004303841988837777,0.00012812444419356105
2013,E07000216,122783,108043,28481,46045,0.6185470735150397,75947.06532739711,female,0-4,3641,0.02965394232100535,0.018342359240841644,0.2636080079227715,0.007817016662296988
2013,E07000216,122783,108043,28481,46045,0.6185470735150397,75947.06532739711,male,0-4,3654,0.029759820170544782,0.018407849674824325,0.2636080079227715,0.007844926911297224
2013,E07000217,100387,108043,6868,35860,0.19152258784160625,19226.378025655325,female,0-4,3571,0.03557233506330501,0.006812905666892884,0.06356728339642549,0.0022612367040417128
2013,E07000217,100387,108043,6868,35860,0.19152258784160625,19226.378025655325,male,0-4,3799,0.037843545478996286,0.007247893763238887,0.06356728339642549,0.0024056113801888736
2013,E07000223,62605,108043,67,25716,0.002605381863431327,163.1099315601182,female,0-4,1822,0.029103106780608578,7.582470657570287e-05,0.0006201234693594218,1.8047519545928704e-05
2013,E07000223,62605,108043,67,25716,0.002605381863431327,163.1099315601182,male,0-4,1966,0.03140324255251178,8.181743859924908e-05,0.0006201234693594218,1.9473887720799025e-05
2013,E07000224,153013,108043,146,64199,0.00227417872552532,347.9789093288058,female,0-4,3804,0.024860632756693875,5.65375221183711e-05,0.0013513138287533668,3.359451683567937e-05
2013,E07000224,153013,108043,146,64199,0.00227417872552532,347.9789093288058,male,0-4,4193,0.027402900407154946,6.23190931236409e-05,0.0013513138287533668,3.7029918268139743e-05
2013,E07000225,115800,108043,3182,46206,0.06886551530104315,7974.626671860797,female,0-4,2767,0.023894645941278065,0.0016455171056820933,0.02945123700748776,0.0007037268808265857
2013,E07000225,115800,108043,3182,46206,0.06886551530104315,7974.626671860797,male,0-4,3024,0.0261139896373057,0.0017983533529391579,0.02945123700748776,0.0007690892980193694
2013,E07000226,108953,108043,598,40132,0.01490082727000897,1623.4898335492874,female,0-4,3979,0.03652033445614164,0.0005441831955739235,0.005534833353387078,0.00020213396522470408
2013,E07000226,108953,108043,598,40132,0.01490082727000897,1623.4898335492874,male,0-4,4369,0.04009985957247621,0.0005975210810410837,0.005534833353387078,0.0002219460402278794
2013,E07000227,133173,108043,2006,47879,0.04189728273355751,5579.586833476054,female,0-4,3475,0.026093877888160512,0.0010932625794951854,0.018566681784104477,0.0004844767272627564
2013,E07000227,133173,108043,2006,47879,0.04189728273355751,5579.586833476054,male,0-4,3709,0.02785099081645679,0.0011668808366468038,0.018566681784104477,0.0005171004838611694
2013,E07000228,142983,108043,208,48945,0.004249667994687915,607.6302788844621,female,0-4,4209,0.02943706594490254,0.0001250977570035699,0.0019251594272650704,5.6671045014852685e-05
2013,E07000228,142983,108043,208,48945,0.004249667994687915,607.6302788844621,male,0-4,4350,0.030423197163299134,0.00012928848728095249,0.0019251594272650704,5.856950482646928e-05
2013,E07000229,106413,108043,139,40585,0.0034249106812861895,364.4550203277073,female,0-4,2983,0.028032289287962937,9.60080870032487e-05,0.0012865248095665614,3.6064235637911275e-05
2013,E07000229,106413,108043,139,40585,0.0034249106812861895,364.4550203277073,male,0-4,3224,0.030297050172441338,0.00010376469074705793,0.0012865248095665614,3.897790670352865e-05
2013,E09000008,373628,108043,50,149453,0.0003345533378386516,124.99849450997972,female,0-4,14160,0.03789865855878039,1.2679122720447362e-05,0.00046277870847718036,1.7538692260850027e-05
2013,E09000008,373628,108043,50,149453,0.0003345533378386516,124.99849450997972,male,0-4,14475,0.03874174312417699,1.2961179475881043e-05,0.00046277870847718036,1.792885384716131e-05
2013,E09000011,264097,108043,64,52633,0.00121596716888644,321.13328140140214,female,0-4,10606,0.0401594868552085,4.8832617535260086e-05,0.0005923567468507909,2.3788742988748406e-05
2013,E09000011,264097,108043,64,52633,0.00121596716888644,321.13328140140214,male,0-4,11184,0.04234807665365377,5.149387087632932e-05,0.0005923567468507909,2.5085168921946273e-05
2013,E09000017,285996,108043,72,115552,0.0006230960952644697,178.20299086125726,female,0-4,10427,0.03645855186785829,2.271718130785964e-05,0.0006664013402071398,2.4296027826752285e-05
2013,E09000017,285996,108043,72,115552,0.0006230960952644697,178.20299086125726,male,0-4,11196,0.039147400662946336,2.4392592492835572e-05,0.0006664013402071398,2.608788026741331e-05
2013,E09000018,261275,108043,231,100578,0.002296724929905148,600.0768060609676,female,0-4,10292,0.0393914457946608,9.047131558160476e-05,0.0021380376331645735,8.422039353374716e-05
2013,E09000018,261275,108043,231,100578,0.002296724929905148,600.0768060609676,male,0-4,10768,0.041213281025739165,9.465556997500195e-05,0.0021380376331645735,8.811554581921779e-05
2013,E09000021,165657,108043,116,55314,0.002097118270238999,347.40232129298187,female,0-4,5723,0.03454728746747798,7.244974773524687e-05,0.0010736466036670585,3.709157785536727e-05
2013,E09000021,165657,108043,116,55314,0.002097118270238999,347.40232129298187,male,0-4,5905,0.03564594312344181,7.475375858407004e-05,0.0010736466036670585,3.8271145768992444e-05
2013,E09000022,312700,108043,19,112835,0.00016838746842734968,52.65476137723225,female,0-4,10244,0.032759833706427884,5.516345463926351e-06,0.00017585590922132853,5.7610103423834e-06
2013,E09000022,312700,108043,19,112835,0.00016838746842734968,52.65476137723225,male,0-4,10699,0.03421490246242405,5.761360808136279e-06,0.00017585590922132853,6.016892781448654e-06
2013,E09000024,203637,108043,8,78151,0.00010236593261762485,20.84549142045527,female,0-4,7846,0.038529343881514654,3.944092219576425e-06,7.404459335634886e-05,2.8528895999936805e-06
2013,E09000024,203637,108043,8,78151,0.00010236593261762485,20.84549142045527,male,0-4,7998,0.03927577012036123,4.020500837646221e-06,7.404459335634886e-05,2.9081584273195843e-06
2013,E09000027,191138,108043,51,65861,0.0007743581178542688,148.00926193042923,female,0-4,7089,0.03708838640144817,2.871969308807726e-05,0.000472034282646724,1.7506989869532097e-05
2013,E09000027,191138,108043,51,65861,0.0007743581178542688,148.00926193042923,male,0-4,7421,0.0388253513168496,3.0064725970746418e-05,0.000472034282646724,1.8326896857356142e-05
2013,E09000029,195787,108043,77,79478,0.0009688215606834595,189.68266690153249,female,0-4,6612,0.03377139442353169,3.2718455051862654e-05,0.0007126792110548578,2.4068170733984988e-05
2013,E09000029,195787,108043,77,79478,0.0009688215606834595,189.68266690153249,male,0-4,7094,0.03623325348465424,3.510355718964212e-05,0.0007126792110548578,2.5822686507394058e-05
2013,E09000032,313091,108043,8,108750,7.35632183908046e-05,23.0319816091954,female,0-4,11072,0.035363520510011466,2.601454382345671e-06,7.404459335634886e-05,2.6184774958127016e-06
2013,E09000032,313091,108043,8,108750,7.35632183908046e-05,23.0319816091954,male,0-4,11667,0.03726392646227455,2.7412543604431854e-06,7.404459335634886e-05,2.7591922817600067e-06
2013,E09000033,225306,108043,58,72554,0.0007994045814152217,180.11064862033794,female,0-4,6677,0.029635251613361384,2.369055591111393e-05,0.0005368233018335293,1.5908893621752084e-05
2013,E09000033,225306,108043,58,72554,0.0007994045814152217,180.11064862033794,male,0-4,7070,0.03137954603960835,2.5084952866792793e-05,0.0005368233018335293,1.6845271515019803e-05
2013,E06000036,116543,108043,770,40616,0.018958046090210755,2209.427565491432,female,5-9,3714,0.03186806586410166,0.0006041562614575112,0.007126792110548578,0.00022711708037872217
2013,E06000036,116543,108043,770,40616,0.018958046090210755,2209.427565491432,male,5-9,3836,0.03291488978317016,0.0006240019975635471,0.007126792110548578,0.0002345775768262731
2013,E06000037,156031,108043,13,49239,0.00026401835943053273,41.19504864030545,female,5-9,4751,0.030449077426921572,8.0391154684291e-06,0.0001203224642040669,3.6637080287476324e-06
2013,E06000037,156031,108043,13,49239,0.00026401835943053273,41.19504864030545,male,5-9,5010,0.03210900397997834,8.477366553742327e-06,0.0001203224642040669,3.863434482009185e-06
2013,E06000040,146278,108043,191,53690,0.0035574594896628795,520.3780592289066,female,5-9,4388,0.029997675658677312,0.00010671551593979078,0.001767814666382829,5.3030330986804945e-05
2013,E06000040,146278,108043,191,53690,0.0035574594896628795,520.3780592289066,male,5-9,4697,0.03211009174311927,0.00011423035058550531,0.001767814666382829,5.676469112238442e-05
2013,E06000041,158065,108043,206,45893,0.004488701980694223,709.5066785784323,female,5-9,5061,0.03201847341283649,0.0001437213850270045,0.0019066482789259832,6.104796722642204e-05
2013,E06000041,158065,108043,206,45893,0.004488701980694223,709.5066785784323,male,5-9,5358,0.033897447252712494,0.00015215553862372853,0.0019066482789259832,6.463050946436857e-05
2013,E06000043,277991,108043,31,90245,0.0003435093356972685,95.49250373981937,female,5-9,6842,0.02461230759269185,8.454557431142416e-06,0.0002869227992558518,7.061832190641201e-06
2013,E06000043,277991,108043,31,90245,0.0003435093356972685,95.49250373981937,male,5-9,7250,0.02607998100657935,8.958716950567453e-06,0.0002869227992558518,7.482941154947195e-06
2013,E06000054,479911,108043,11,168444,6.530360238417516e-05,31.33991712379188,female,5-9,14049,0.029274177920489423,1.9117092750432407e-06,0.00010181131586497968,2.9804425749505628e-06
2013,E06000054,479911,108043,11,168444,6.530360238417516e-05,31.33991712379188,male,5-9,14747,0.030728614263894765,2.006689207706077e-06,0.00010181131586497968,3.1285206529145103e-06
2013,E07000061,100363,108043,20,41544,0.00048141729250914694,48.31648372809551,female,5-9,2485,0.024760120761635265,1.1919950299265967e-05,0.00018511148339087215,4.5833826831234356e-06
2013,E07000061,100363,108043,20,41544,0.00048141729250914694,48.31648372809551,male,5-9,2632,0.02622480396161932,1.2625074119785923e-05,0.00018511148339087215,4.854512362970173e-06
2013,E07000063,99626,108043,29,37939,0.0007643849337093756,76.15261340573025,female,5-9,2606,0.026157830285266897,1.9994651368584835e-05,0.00026841165091676464,7.021066411269032e-06
2013,E07000063,99626,108043,29,37939,0.0007643849337093756,76.15261340573025,male,5-9,2867,0.02877762832995403,2.199718552330496e-05,0.00026841165091676464,7.724250729512018e-06
2013,E07000064,91232,108043,10,36599,0.00027323150905762453,24.927457034345203,female,5-9,2079,0.02278805682216766,6.226415154011766e-06,9.255574169543608e-05,2.10916550097347e-06
2013,E07000064,91232,108043,10,36599,0.00027323150905762453,24.927457034345203,male,5-9,2247,0.024629515959312523,6.7295598129218076e-06,9.255574169543608e-05,2.2796031172137504e-06
2013,E07000065,152777,108043,32,58801,0.0005442084318293906,83.14253158959882,female,5-9,4166,0.027268502457830694,1.4839748960911925e-05,0.00029617837342539545,8.076340703706692e-06
2013,E07000065,152777,108043,32,58801,0.0005442084318293906,83.14253158959882,male,5-9,4433,0.029016147718570202,1.579083224765304e-05,0.00029617837342539545,8.593955434357121e-06
2013,E07000071,177993,108043,129,62772,0.002055056394570828,365.78565283884535,female,5-9,4919,0.02763591826644868,5.679337055330211e-05,0.0011939690678711254,3.299643157235434e-05
2013,E07000071,177993,108043,129,62772,0.002055056394570828,365.78565283884535,male,5-9,5304,0.029798924676813134,6.123847070841928e-05,0.0011939690678711254,3.5578994319936456e-05
2013,E07000084,172050,108043,677,63307,0.010693920103622032,1839.8889538281705,female,5-9,5245,0.03048532403371113,0.00032600761954953533,0.0062660237127810225,0.00019102176328704713
2013,E07000084,172050,108043,677,63307,0.010693920103622032,1839.8889538281705,male,5-9,5533,0.03215925603022377,0.00034390851457913806,0.0062660237127810225,0.00020151066087077825
2013,E07000085,117401,108043,8612,41475,0.20764315852923448,24377.514454490658,female,5-9,3307,0.028168414238379572,0.005848978503216995,0.07970900474810955,0.002245276264273714
2013,E07000085,117401,108043,8612,41475,0.20764315852923448,24377.514454490658,male,5-9,3422,0.029147962964540336,0.0060523750946503046,0.07970900474810955,0.0023233551183382667
2013,E07000089,92959,108043,2372,33431,0.07095211031677186,6595.637222936795,female,5-9,2974,0.03199259888768167,0.0022699424055990223,0.021954221930157437,0.0007023726161026713
2013,E07000089,92959,108043,2372,33431,0.07095211031677186,6595.637222936795,male,5-9,3115,0.033509396615712304,0.002377562405326481,0.021954221930157437,0.0007356727300470144
2013,E07000090,121671,108043,9,43614,0.0002063557573256294,25.107511349566654,female,5-9,3330,0.02736888823137806,5.647727658146525e-06,8.330016752589247e-05,2.279832974671219e-06
2013,E07000090,121671,108043,9,43614,0.0002063557573256294,25.107511349566654,male,5-9,3444,0.028305841161821634,5.841073289686677e-06,8.330016752589247e-05,2.357881310741045e-06
2013,E07000092,94897,108043,4240,37380,0.11342964151952915,10764.132691278757,female,5-9,2872,0.030264391919660263,0.0034328791262535985,0.0392436344788649,0.0011876847342202597
2013,E07000092,94897,108043,4240,37380,0.11342964151952915,10764.132691278757,male,5-9,3071,0.03236140236256151,0.003670742269054596,0.0392436344788649,0.001269979045539839
2013,E07000093,118805,108043,39,44103,0.0008842935854703761,105.05849942180804,female,5-9,3448,0.029022347544295272,2.566427576871223e-05,0.0003609673926122007,1.047612112054937e-05
2013,E07000093,118805,108043,39,44103,0.0008842935854703761,105.05849942180804,male,5-9,3504,0.029493708177265265,2.6081096952890855e-05,0.0003609673926122007,1.0646266939212585e-05
2013,E07000094,119037,108043,14,43975,0.00031836270608300173,37.89694144400228,female,5-9,3443,0.028923780001176104,9.208252871323831e-06,0.0001295780383736105,3.7478866749022653e-06
2013,E07000094,119037,108043,14,43975,0.00031836270608300173,37.89694144400228,male,5-9,3585,0.030116686408427632,9.58802978324018e-06,0.0001295780383736105,3.9024611471172295e-06
2013,E07000102,89566,108043,29,34487,0.0008408965697219242,75.31574216371386,female,5-9,2750,0.030703615211129222,2.5818564709100457e-05,0.00026841165091676464,8.241208047932282e-06
2013,E07000102,89566,108043,29,34487,0.0008408965697219242,75.31574216371386,male,5-9,2908,0.03246767746689592,2.730195860875059e-05,0.00026841165091676464,8.714702910322572e-06
2013,E07000180,123497,108043,57,39314,0.00144986518797375,179.0540011191942,female,5-9,3652,0.02957156854012648,4.287478778010911e-05,0.0005275677276639857,1.5601005218174334e-05
2013,E07000180,123497,108043,57,39314,0.00144986518797375,179.0540011191942,male,5-9,3682,0.029814489420795648,4.322699030842326e-05,0.0005275677276639857,1.57291624351911e-05
2013,E07000207,133499,108043,3258,45188,0.0720987872886607,9625.116004248915,female,5-9,4514,0.03381298736320122,0.0024378753834936174,0.030154660644373072,0.001019619159309808
2013,E07000207,133499,108043,3258,45188,0.0720987872886607,9625.116004248915,male,5-9,4784,0.03583547442302939,0.002583694247814237,0.030154660644373072,0.001080606570256562
2013,E07000208,76906,108043,434,26765,0.016215206426303006,1247.046665421259,female,5-9,2291,0.0297896132941513,0.0004830447289244036,0.0040169191895819256,0.0001196624692915012
2013,E07000208,76906,108043,434,26765,0.016215206426303006,1247.046665421259,male,5-9,2400,0.031206927938002237,0.0005060267784454687,0.0040169191895819256,0.0001253557076820615
2013,E07000209,140657,108043,34716,49362,0.7032940318463595,98923.2286374134,female,5-9,4015,0.02854461562524439,0.020075257810582718,0.3213165128698759,0.0091718563539145
2013,E07000209,140657,108043,34716,49362,0.7032940318463595,98923.2286374134,male,5-9,4154,0.029532835194835665,0.02077026673603004,0.3213165128698759,0.009489387619965338
2013,E07000210,86761,108043,3001,30934,0.09701299540958169,8416.944494730717,female,5-9,2404,0.027708302117310773,0.0026880653861139727,0.027775978082800367,0.000769625192322035
2013,E07000210,86761,108043,3001,30934,0.09701299540958169,8416.944494730717,male,5-9,2498,0.028791738223395303,0.0027931727681001265,0.027775978082800367,0.0007997186898587535
2013,E07000211,140928,108043,842,52491,0.016040845097254768,2260.60421786592,female,5-9,4311,0.030590088555858312,0.000490690872035829,0.007793193450755718,0.00023839447779155242
2013,E07000211,140928,108043,842,52491,0.016040845097254768,2260.60421786592,male,5-9,4469,0.03171122842870118,0.0005086749030684573,0.007793193450755718,0.0002471317377059726
2013,E07000212,83094,108043,1641,28983,0.05661939757789049,4704.732222337232,female,5-9,2186,0.026307555298818206,0.0014895179327661277,0.01518839721222106,0.0003995695995609218
2013,E07000212,83094,108043,1641,28983,0.05661939757789049,4704.732222337232,male,5-9,2376,0.028594122319301033,0.0016189819799873372,0.01518839721222106,0.0004342988877203798
2013,E07000213,97371,108043,1434,37349,0.038394602265120883,3738.5208171570857,female,5-9,2692,0.027646835300038,0.001061489245234263,0.013272493359125533,0.0003669424379205917
2013,E07000213,97371,108043,1434,37349,0.038394602265120883,3738.5208171570857,male,5-9,2963,0.03043000482689918,0.0011683479322545027,0.013272493359125533,0.0004038820369831773
2013,E07000214,87134,108043,2312,34609,0.06680343263313011,5820.85029905516,female,5-9,2595,0.029781715518626482,0.00198952082634761,0.02139888747998482,0.0006372955793440059
2013,E07000214,87134,108043,2312,34609,0.06680343263313011,5820.85029905516,male,5-9,2738,0.03142286593063557,0.0020991553073370925,0.02139888747998482,0.000672414372348319
2013,E07000215,84616,108043,465,31043,0.01497922236897207,1267.4818799729408,female,5-9,2532,0.02992341873877281,0.0004482295433279437,0.004303841988837777,0.0001287856660175056
2013,E07000215,84616,108043,465,31043,0.01497922236897207,1267.4818799729408,male,5-9,2522,0.029805237780088874,0.0004464592844680387,0.004303841988837777,0.00012827703384524057
2013,E07000216,122783,108043,28481,46045,0.6185470735150397,75947.06532739711,female,5-9,3801,0.030957054315336813,0.019148395351397715,0.2636080079227715,0.008160527419222975
2013,E07000216,122783,108043,28481,46045,0.6185470735150397,75947.06532739711,male,5-9,4084,0.03326193365531059,0.02057407172194377,0.2636080079227715,0.008768112070535815
2013,E07000217,100387,108043,6868,35860,0.19152258784160625,19226.378025655325,female,5-9,3275,0.03262374610258301,0.006248184278654214,0.06356728339642549,0.0020738029139559257
2013,E07000217,100387,108043,6868,35860,0.19152258784160625,19226.378025655325,male,5-9,3419,0.03405819478617749,0.006522913602662214,0.06356728339642549,0.0021649869199436055
2013,E07000223,62605,108043,67,25716,0.002605381863431327,163.1099315601182,female,5-9,1618,0.02584458110374571,6.733500287567906e-05,0.0006201234693594218,1.6026831298195742e-05
2013,E07000223,62605,108043,67,25716,0.002605381863431327,163.1099315601182,male,5-9,1754,0.02801693155498762,7.299480534236159e-05,0.0006201234693594218,1.7373956796684384e-05
2013,E07000224,153013,108043,146,64199,0.00227417872552532,347.9789093288058,female,5-9,3548,0.02318757229777862,5.27326836161884e-05,0.0013513138287533668,3.133368710120673e-05
2013,E07000224,153013,108043,146,64199,0.00227417872552532,347.9789093288058,male,5-9,3892,0.025435747289445993,5.7845435353496396e-05,0.0013513138287533668,3.4371677056904336e-05
2013,E07000225,115800,108043,3182,46206,0.06886551530104315,7974.626671860797,female,5-9,2906,0.025094991364421417,0.0017281795117861088,0.02945123700748776,0.0007390785383744338
2013,E07000225,115800,108043,3182,46206,0.06886551530104315,7974.626671860797,male,5-9,3065,0.02646804835924007,0.001822735789271997,0.02945123700748776,0.0007795167653536268
2013,E07000226,108953,108043,598,40132,0.01490082727000897,1623.4898335492874,female,5-9,3495,0.03207805200407515,0.00047798951207108894,0.005534833353387078,0.00017754667214384034
2013,E07000226,108953,108043,598,40132,0.01490082727000897,1623.4898335492874,male,5-9,3712,0.03406973649188182,0.0005076672586002524,0.005534833353387078,0.00018857031387637635
2013,E07000227,133173,108043,2006,47879,0.04189728273355751,5579.586833476054,female,5-9,3725,0.02797113529018645,0.0011719145636315297,0.018566681784104477,0.0005193311680730267
2013,E07000227,133173,108043,2006,47879,0.04189728273355751,5579.586833476054,male,5-9,3886,0.02918008905709115,0.0012225664414153355,0.018566681784104477,0.0005417774279548406
2013,E07000228,142983,108043,208,48945,0.004249667994687915,607.6302788844621,female,5-9,4258,0.02977976402789143,0.00012655411007868867,0.0019251594272650704,5.733079346002441e-05
2013,E07000228,142983,108043,208,48945,0.004249667994687915,607.6302788844621,male,5-9,4526,0.03165411272668779,0.0001345194697548485,0.0019251594272650704,6.0939213527494243e-05
2013,E07000229,106413,108043,139,40585,0.0034249106812861895,364.4550203277073,female,5-9,2920,0.027440256359655305,9.398042710341475e-05,0.0012865248095665614,3.530257058756317e-05
2013,E07000229,106413,108043,139,40585,0.0034249106812861895,364.4550203277073,male,5-9,3172,0.02980838807288583,0.00010209106670275054,0.0012865248095665614,3.83492307889556e-05
2013,E09000008,373628,108043,50,149453,0.0003345533378386516,124.99849450997972,female,5-9,12750,0.03412485145652895,1.1416582958029933e-05,0.00046277870847718036,1.5792254684028096e-05
2013,E09000008,373628,108043,50,149453,0.0003345533378386516,124.99849450997972,male,5-9,13046,0.03491708330210798,1.1681626766310471e-05,0.00046277870847718036,1.6158882714339652e-05
2013,E09000011,264097,108043,64,52633,0.00121596716888644,321.13328140140214,female,5-9,8862,0.03355585258446707,4.0802815066705155e-05,0.0005923567468507909,1.9877035674739617e-05
2013,E09000011,264097,108043,64,52633,0.00121596716888644,321.13328140140214,male,5-9,9366,0.035464242304910694,4.3123354312204976e-05,0.0005923567468507909,2.1007483201265093e-05
2013,E09000017,285996,108043,72,115552,0.0006230960952644697,178.20299086125726,female,5-9,9115,0.03187107511993175,1.9858742459110064e-05,0.0006664013402071398,2.1238927173764945e-05
2013,E09000017,285996,108043,72,115552,0.0006230960952644697,178.20299086125726,male,5-9,9690,0.033881592749548946,2.1111488143584915e-05,0.0006664013402071398,2.2578738816651927e-05
2013,E09000018,261275,108043,231,100578,0.002296724929905148,600.0768060609676,female,5-9,8263,0.0316256817529423,7.263549170722893e-05,0.0021380376331645735,6.76168977622768e-05
2013,E09000018,261275,108043,231,100578,0.002296724929905148,600.0768060609676,male,5-9,8651,0.033110707109367525,7.604618646487202e-05,0.0021380376331645735,7.079193786051757e-05
2013,E09000021,165657,108043,116,55314,0.002097118270238999,347.40232129298187,female,5-9,4995,0.030152664843622667,6.323370433995425e-05,0.0010736466036670585,3.237330620086659e-05
2013,E09000021,165657,108043,116,55314,0.002097118270238999,347.40232129298187,male,5-9,5191,0.031335832473122174,6.571494679253303e-05,0.0010736466036670585,3.364361010784755e-05
2013,E09000022,312700,108043,19,112835,0.00016838746842734968,52.65476137723225,female,5-9,8601,0.027505596418292293,4.631597748460616e-06,0.00017585590922132853,4.837021666813709e-06
2013,E09000022,312700,108043,19,112835,0.00016838746842734968,52.65476137723225,male,5-9,8856,0.02832107451231212,4.768914040270575e-06,0.00017585590922132853,4.9804283084876415e-06
2013,E09000024,203637,108043,8,78151,0.00010236593261762485,20.84549142045527,female,5-9,6195,0.030421779931937714,3.114153874620948e-06,7.404459335634886e-05,2.2525683242366624e-06
2013,E09000024,203637,108043,8,78151,0.00010236593261762485,20.84549142045527,male,5-9,6472,0.0317820435382568,3.253398527287615e-06,7.404459335634886e-05,2.353288489824e-06
2013,E09000027,191138,108043,51,65861,0.0007743581178542688,148.00926193042923,female,5-9,6108,0.03195596898575898,2.4745363998021714e-05,0.000472034282646724,1.5084312896473701e-05
2013,E09000027,191138,108043,51,65861,0.0007743581178542688,148.00926193042923,male,5-9,6316,0.03304418796890205,2.5588035201621667e-05,0.000472034282646724,1.5597989563544188e-05
2013,E09000029,195787,108043,77,79478,0.0009688215606834595,189.68266690153249,female,5-9,6035,0.030824314178163004,2.986326016908517e-05,0.0007126792110548578,2.1967847909800276e-05
2013,E09000029,195787,108043,77,79478,0.0009688215606834595,189.68266690153249,male,5-9,6287,0.032111427214268566,3.111024302950099e-05,0.0007126792110548578,2.288514661291041e-05
2013,E09000032,313091,108043,8,108750,7.35632183908046e-05,23.0319816091954,female,5-9,7942,0.025366427013232575,1.8660360101688331e-06,7.404459335634886e-05,1.878246773098309e-06
2013,E09000032,313091,108043,8,108750,7.35632183908046e-05,23.0319816091954,male,5-9,8139,0.025995637051208755,1.9123227256061614e-06,7.404459335634886e-05,1.924836374495988e-06
2013,E09000033,225306,108043,58,72554,0.0007994045814152217,180.11064862033794,female,5-9,5304,0.023541317142020186,1.881903677587963e-05,0.0005368233018335293,1.2637527597689539e-05
2013,E09000033,225306,108043,58,72554,0.0007994045814152217,180.11064862033794,male,5-9,5556,0.0246597960107587,1.9713153907765312e-05,0.0005368233018335293,1.323795311703678e-05
2013,E06000036,116543,108043,770,40616,0.018958046090210755,2209.427565491432,female,10-14,3262,0.027989669049192145,0.0005306294358843302,0.007126792110548578,0.0001994765525566483
2013,E06000036,116543,108043,770,40616,0.018958046090210755,2209.427565491432,male,10-14,3574,0.030666792514350925,0.000581382465925995,0.007126792110548578,0.00021855585494710635
2013,E06000037,156031,108043,13,49239,0.00026401835943053273,41.19504864030545,female,10-14,4797,0.030743890637116984,8.116951568523342e-06,0.0001203224642040669,3.6991806806782556e-06
2013,E06000037,156031,108043,13,49239,0.00026401835943053273,41.19504864030545,male,10-14,4943,0.031679602130345895,8.363996581865933e-06,0.0001203224642040669,3.8117677933276256e-06
2013,E06000040,146278,108043,191,53690,0.0035574594896628795,520.3780592289066,female,10-14,4236,0.028958558361476094,0.00010301889824998945,0.001767814666382829,5.1193364188720545e-05
2013,E06000040,146278,108043,191,53690,0.0035574594896628795,520.3780592289066,male,10-14,4695,0.03209641914710346,0.00011418171087906056,0.001767814666382829,5.6740520506620155e-05
2013,E06000041,158065,108043,206,45893,0.004488701980694223,709.5066785784323,female,10-14,4777,0.03022174421915035,0.00013565640313653436,0.0019066482789259832,5.762223660158429e-05
2013,E06000041,158065,108043,206,45893,0.004488701980694223,709.5066785784323,male,10-14,5047,0.03192990225540126,0.00014332381549719258,0.0019066482789259832,6.087909318153568e-05
2013,E06000043,277991,108043,31,90245,0.0003435093356972685,95.49250373981937,female,10-14,6317,0.022723757243939553,7.80582275541167e-06,0.0002869227992558518,6.519964038041577e-06
2013,E06000043,277991,108043,31,90245,0.0003435093356972685,95.49250373981937,male,10-14,6840,0.024605113115172793,8.452086060949155e-06,0.0002869227992558518,7.05976793101225e-06
2013,E06000054,479911,108043,11,168444,6.530360238417516e-05,31.33991712379188,female,10-14,13731,0.02861155505916722,1.8684376151767912e-06,0.00010181131586497968,2.9129800695171313e-06
2013,E06000054,479911,108043,11,168444,6.530360238417516e-05,31.33991712379188,male,10-14,14174,0.029534642881700983,1.92871857530521e-06,0.00010181131586497968,3.0069608553882326e-06
2013,E07000061,100363,108043,20,41544,0.00048141729250914694,48.31648372809551,female,10-14,2458,0.024491097316740235,1.1790437760803117e-05,0.00018511148339087215,4.533583354171994e-06
2013,E07000061,100363,108043,20,41544,0.00048141729250914694,48.31648372809551,male,10-14,2624,0.026145093311280055,1.2586700034315452e-05,0.00018511148339087215,4.839757006243821e-06
2013,E07000063,99626,108043,29,37939,0.0007643849337093756,76.15261340573025,female,10-14,2633,0.026428843876096602,2.0201810074245536e-05,0.00026841165091676464,7.093809616604514e-06
2013,E07000063,99626,108043,29,37939,0.0007643849337093756,76.15261340573025,male,10-14,2900,0.029108867163190333,2.225037949689026e-05,0.00026841165091676464,7.813159091588717e-06
2013,E07000064,91232,108043,10,36599,0.00027323150905762453,24.927457034345203,female,10-14,2238,0.024530866362679763,6.7026056347659125e-06,9.255574169543608e-05,2.27047253062945e-06
2013,E07000064,91232,108043,10,36599,0.00027323150905762453,24.927457034345203,male,10-14,2296,0.02516660820764644,6.876310338437236e-06,9.255574169543608e-05,2.3293140886171653e-06
2013,E07000065,152777,108043,32,58801,0.0005442084318293906,83.14253158959882,female,10-14,4221,0.027628504290567298,1.503566499376122e-05,0.00029617837342539545,8.182965460956782e-06
2013,E07000065,152777,108043,32,58801,0.0005442084318293906,83.14253158959882,male,10-14,4450,0.029127421012325155,1.5851388112351913e-05,0.00029617837342539545,8.62691217750715e-06
2013,E07000071,177993,108043,129,62772,0.002055056394570828,365.78565283884535,female,10-14,4590,0.025787530970319057,5.299483042074744e-05,0.0011939690678711254,3.078951431532962e-05
2013,E07000071,177993,108043,129,62772,0.002055056394570828,365.78565283884535,male,10-14,4861,0.027310062755276893,5.612371910136238e-05,0.0011939690678711254,3.260737017141989e-05
2013,E07000084,172050,108043,677,63307,0.010693920103622032,1839.8889538281705,female,10-14,4853,0.02820691659401337,0.00030164251242590945,0.0062660237127810225,0.0001767452082425243
2013,E07000084,172050,108043,677,63307,0.010693920103622032,1839.8889538281705,male,10-14,5166,0.03002615518744551,0.0003210973045934985,0.0062660237127810225,0.00018814460040817647
2013,E07000085,117401,108043,8612,41475,0.20764315852923448,24377.514454490658,female,10-14,3394,0.028909464144257716,0.006002852446301325,0.07970900474810955,0.002304344614739941
2013,E07000085,117401,108043,8612,41475,0.20764315852923448,24377.514454490658,male,10-14,3547,0.030212689840802037,0.0062734583462082496,0.07970900474810955,0.0024082234379736505
2013,E07000089,92959,108043,2372,33431,0.07095211031677186,6595.637222936795,female,10-14,2764,0.02973353844167859,0.002109657299621956,0.021954221930157437,0.0006527767017174792
2013,E07000089,92959,108043,2372,33431,0.07095211031677186,6595.637222936795,male,10-14,2988,0.0321432029174152,0.0022806280793308265,0.021954221930157437,0.0007056790103950173
2013,E07000090,121671,108043,9,43614,0.0002063557573256294,25.107511349566654,female,10-14,3287,0.027015476161123028,5.574799042741029e-06,8.330016752589247e-05,2.2503936900133025e-06
2013,E07000090,121671,108043,9,43614,0.0002063557573256294,25.107511349566654,male,10-14,3492,0.028700347658850506,5.922481976650951e-06,8.330016752589247e-05,2.390743768033603e-06
2013,E07000092,94897,108043,4240,37380,0.11342964151952915,10764.132691278757,female,10-14,2499,0.026333814556835304,0.002987035145023587,0.0392436344788649,0.0010334345929026564
2013,E07000092,94897,108043,4240,37380,0.11342964151952915,10764.132691278757,male,10-14,2645,0.027872324731024162,0.0031615478025559776,0.0392436344788649,0.0010938113238205386
2013,E07000093,118805,108043,39,44103,0.0008842935854703761,105.05849942180804,female,10-14,3398,0.02860148983628635,2.5292113997124177e-05,0.0003609673926122007,1.0324205211028642e-05
2013,E07000093,118805,108043,39,44103,0.0008842935854703761,105.05849942180804,male,10-14,3462,0.029140187702537772,2.576848106475689e-05,0.0003609673926122007,1.0518657575215174e-05
2013,E07000094,119037,108043,14,43975,0.00031836270608300173,37.89694144400228,female,10-14,3196,0.026848794912506194,8.547655003413002e-06,0.0001295780383736105,3.479014177457926e-06
2013,E07000094,119037,108043,14,43975,0.00031836270608300173,37.89694144400228,male,10-14,3535,0.029696648941085545,9.454305518480902e-06,0.0001295780383736105,3.848033516055622e-06
2013,E07000102,89566,108043,29,34487,0.0008408965697219242,75.31574216371386,female,10-14,2698,0.030123037759864236,2.5330359121873833e-05,0.00026841165091676464,8.0853742957532e-06
2013,E07000102,89566,108043,29,34487,0.0008408965697219242,75.31574216371386,male,10-14,2810,0.03137351227028113,2.63818788482081e-05,0.00026841165091676464,8.421016223523531e-06
2013,E07000180,123497,108043,57,39314,0.00144986518797375,179.0540011191942,female,10-14,3323,0.026907536215454626,3.901230005293061e-05,0.0005275677276639857,1.4195547738223796e-05
2013,E07000180,123497,108043,57,39314,0.00144986518797375,179.0540011191942,male,10-14,3776,0.030575641513559033,4.433055823047426e-05,0.0005275677276639857,1.6130721715176967e-05
2013,E07000207,133499,108043,3258,45188,0.0720987872886607,9625.116004248915,female,10-14,3982,0.02982793878605832,0.0021505582137952115,0.030154660644373072,0.0008994513718147219
2013,E07000207,133499,108043,3258,45188,0.0720987872886607,9625.116004248915,male,10-14,4389,0.03287665076142893,0.002370366650011849,0.030154660644373072,0.0009913842468344588
2013,E07000208,76906,108043,434,26765,0.016215206426303006,1247.046665421259,female,10-14,2337,0.030387746079629678,0.0004927435755112752,0.0040169191895819256,0.00012206512035540738
2013,E07000208,76906,108043,434,26765,0.016215206426303006,1247.046665421259,male,10-14,2319,0.03015369412009466,0.0004889483746729342,0.0040169191895819256,0.00012112495254779192
2013,E07000209,140657,108043,34716,49362,0.7032940318463595,98923.2286374134,female,10-14,3628,0.025793241715662926,0.018140232960596293,0.3213165128698759,0.008287794483686627
2013,E07000209,140657,108043,34716,49362,0.7032940318463595,98923.2286374134,male,10-14,3838,0.027286235310009455,0.01919024644508505,0.3213165128698759,0.008767517979159116
2013,E07000210,86761,108043,3001,30934,0.09701299540958169,8416.944494730717,female,10-14,2571,0.029633130093014142,0.002874798713685118,0.027775978082800367,0.0008230891719883328
2013,E07000210,86761,108043,3001,30934,0.09701299540958169,8416.944494730717,male,10-14,2560,0.029506345016770207,0.0028624989136654616,0.027775978082800367,0.0008195675924893551
2013,E07000211,140928,108043,842,52491,0.016040845097254768,2260.60421786592,female,10-14,4098,0.029078678474114442,0.00046644657703614643,0.007793193450755718,0.00022661576664109994
2013,E07000211,140928,108043,842,52491,0.016040845097254768,2260.60421786592,male,10-14,4070,0.028879995458673934,0.0004632595335620097,0.007793193450755718,0.00022506739146639258
2013,E07000212,83094,108043,1641,28983,0.05661939757789049,4704.732222337232,female,10-14,2001,0.024081161094663874,0.0013634608341560025,0.01518839721222106,0.00036575424003723904
2013,E07000212,83094,108043,1641,28983,0.05661939757789049,4704.732222337232,male,10-14,2054,0.024718992947745926,0.0013995744894334976,0.01518839721222106,0.00037544188357645626
2013,E07000213,97371,108043,1434,37349,0.038394602265120883,3738.5208171570857,female,10-14,2445,0.025110145731275225,0.0009640940581715353,0.013272493359125533,0.0003332742424650248
2013,E07000213,97371,108043,1434,37349,0.038394602265120883,3738.5208171570857,male,10-14,2561,0.02630146552875086,0.0010098343079661765,0.013272493359125533,0.0003490860265656149
2013,E07000214,87134,108043,2312,34609,0.06680343263313011,5820.85029905516,female,10-14,2593,0.029758762366010973,0.001987987476963142,0.02139888747998482,0.0006368044074138757
2013,E07000214,87134,108043,2312,34609,0.06680343263313011,5820.85029905516,male,10-14,2766,0.03174421006725274,0.002120622198719649,0.02139888747998482,0.0006792907793701428
2013,E07000215,84616,108043,465,31043,0.01497922236897207,1267.4818799729408,female,10-14,2504,0.029592512054457787,0.0004432728185202097,0.004303841988837777,0.0001273614959351635
2013,E07000215,84616,108043,465,31043,0.01497922236897207,1267.4818799729408,male,10-14,2514,0.029710693013141724,0.0004450430773801147,0.004303841988837777,0.00012787012810742854
2013,E07000216,122783,108043,28481,46045,0.6185470735150397,75947.06532739711,female,10-14,3566,0.029043108573662477,0.017964529814018484,0.2636080079227715,0.007655995994987931
2013,E07000216,122783,108043,28481,46045,0.6185470735150397,75947.06532739711,male,10-14,4006,0.032626666558074,0.020181129118047685,0.2636080079227715,0.008600650576534396
2013,E07000217,100387,108043,6868,35860,0.19152258784160625,19226.378025655325,female,10-14,2686,0.026756452528713878,0.005124465029760371,0.06356728339642549,0.0017008350005757605
2013,E07000217,100387,108043,6868,35860,0.19152258784160625,19226.378025655325,male,10-14,2895,0.02883839540976421,0.005523204118077541,0.06356728339642549,0.0018331784537106578
2013,E07000223,62605,108043,67,25716,0.002605381863431327,163.1099315601182,female,10-14,1516,0.024215318265314274,6.309015102566715e-05,0.0006201234693594218,1.5016487174329262e-05
2013,E07000223,62605,108043,67,25716,0.002605381863431327,163.1099315601182,male,10-14,1640,0.02619599073556425,6.825055915705416e-05,0.0006201234693594218,1.6244748658245375e-05
2013,E07000224,153013,108043,146,64199,0.00227417872552532,347.9789093288058,female,10-14,3590,0.023462058779319405,5.3356914932952746e-05,0.0013513138287533668,3.1704604479518645e-05
2013,E07000224,153013,108043,146,64199,0.00227417872552532,347.9789093288058,male,10-14,3627,0.023703868298772,5.390683299772134e-05,0.0013513138287533668,3.2031365027079146e-05
2013,E07000225,115800,108043,3182,46206,0.06886551530104315,7974.626671860797,female,10-14,2791,0.02410189982728843,0.0016597897513403405,0.02945123700748776,0.0007098307641441998
2013,E07000225,115800,108043,3182,46206,0.06886551530104315,7974.626671860797,male,10-14,3028,0.02614853195164076,0.0018007321272155324,0.02945123700748776,0.0007701066119056384
2013,E07000226,108953,108043,598,40132,0.01490082727000897,1623.4898335492874,female,10-14,2966,0.02722274742320083,0.0004056414571681974,0.005534833353387078,0.00015067337040876408
2013,E07000226,108953,108043,598,40132,0.01490082727000897,1623.4898335492874,male,10-14,3199,0.029361284223472506,0.0004375074246396033,0.005534833353387078,0.00016250981521835343
2013,E07000227,133173,108043,2006,47879,0.04189728273355751,5579.586833476054,female,10-14,3980,0.029885937840252903,0.001252139587450601,0.018566681784104477,0.0005548826976995023
2013,E07000227,133173,108043,2006,47879,0.04189728273355751,5579.586833476054,male,10-14,4267,0.03204102933777868,0.0013424320652391242,0.018566681784104477,0.0005948955957496925
2013,E07000228,142983,108043,208,48945,0.004249667994687915,607.6302788844621,female,10-14,4009,0.028038298259233617,0.00011915345873777898,0.0019251594272650704,5.397819421823341e-05
2013,E07000228,142983,108043,208,48945,0.004249667994687915,607.6302788844621,male,10-14,4461,0.03119951322884539,0.00013258757281846644,0.0019251594272650704,6.006403701859298e-05
2013,E07000229,106413,108043,139,40585,0.0034249106812861895,364.4550203277073,female,10-14,2635,0.0247620121601684,8.480767993749926e-05,0.0012865248095665614,3.185694297884553e-05
2013,E07000229,106413,108043,139,40585,0.0034249106812861895,364.4550203277073,male,10-14,2823,0.02652871359702292,9.085847455922597e-05,0.0012865248095665614,3.412984820845576e-05
2013,E09000008,373628,108043,50,149453,0.0003345533378386516,124.99849450997972,female,10-14,11222,0.030035222199621014,1.0048383839608778e-05,0.00046277870847718036,1.3899661338365749e-05
2013,E09000008,373628,108043,50,149453,0.0003345533378386516,124.99849450997972,male,10-14,11368,0.030425985204534992,1.017911490720661e-05,0.00046277870847718036,1.4080498137100502e-05
2013,E09000011,264097,108043,64,52633,0.00121596716888644,321.13328140140214,female,10-14,7134,0.027012802114374644,3.284668051070578e-05,0.0005923567468507909,1.600121558379513e-05
2013,E09000011,264097,108043,64,52633,0.00121596716888644,321.13328140140214,male,10-14,7503,0.028410016016842298,3.4545646744018145e-05,0.0005923567468507909,1.682886466571557e-05
2013,E09000017,285996,108043,72,115552,0.0006230960952644697,178.20299086125726,female,10-14,8137,0.028451446873382844,1.7727985451429353e-05,0.0006664013402071398,1.8960082327254563e-05
2013,E09000017,285996,108043,72,115552,0.0006230960952644697,178.20299086125726,male,10-14,8455,0.029563350536371137,1.842080828214762e-05,0.0006664013402071398,1.970105641845119e-05
2013,E09000018,261275,108043,231,100578,0.002296724929905148,600.0768060609676,female,10-14,6724,0.025735336331451537,5.910698853193844e-05,0.0021380376331645735,5.50231175787909e-05
2013,E09000018,261275,108043,231,100578,0.002296724929905148,600.0768060609676,male,10-14,6967,0.02666539087168692,6.124306798066852e-05,0.0021380376331645735,5.701160918670973e-05
2013,E09000021,165657,108043,116,55314,0.002097118270238999,347.40232129298187,female,10-14,4331,0.026144382670216168,5.482786256183019e-05,0.0010736466036670585,2.806982765884949e-05
2013,E09000021,165657,108043,116,55314,0.002097118270238999,347.40232129298187,male,10-14,4252,0.02566749367669341,5.3827769940637727e-05,0.0010736466036670585,2.755781741062758e-05
2013,E09000022,312700,108043,19,112835,0.00016838746842734968,52.65476137723225,female,10-14,7285,0.023297089862488008,3.922937983668828e-06,0.00017585590922132853,4.096930919978824e-06
2013,E09000022,312700,108043,19,112835,0.00016838746842734968,52.65476137723225,male,10-14,7532,0.02408698433002878,4.055946313382788e-06,0.00017585590922132853,4.235838529757104e-06
2013,E09000024,203637,108043,8,78151,0.00010236593261762485,20.84549142045527,female,10-14,4880,0.023964210826126882,2.45311879066186e-06,7.404459335634886e-05,1.774420245726378e-06
2013,E09000024,203637,108043,8,78151,0.00010236593261762485,20.84549142045527,male,10-14,5341,0.02622804303736551,2.684858086255122e-06,7.404459335634886e-05,1.9420447812345463e-06
2013,E09000027,191138,108043,51,65861,0.0007743581178542688,148.00926193042923,female,10-14,5103,0.026697987841245593,2.0673803615243093e-05,0.000472034282646724,1.2602365538753323e-05
2013,E09000027,191138,108043,51,65861,0.0007743581178542688,148.00926193042923,male,10-14,5132,0.0268497106802415,2.0791291427283467e-05,0.000472034282646724,1.267398392021988e-05
2013,E09000029,195787,108043,77,79478,0.0009688215606834595,189.68266690153249,female,10-14,5437,0.02776997451311885,2.69041500479397e-05,0.0007126792110548578,1.9791083527023047e-05
2013,E09000029,195787,108043,77,79478,0.0009688215606834595,189.68266690153249,male,10-14,5794,0.02959338464760173,2.867070910019544e-05,0.0007126792110548578,2.109059002309574e-05
2013,E09000032,313091,108043,8,108750,7.35632183908046e-05,23.0319816091954,female,10-14,6265,0.020010156791475962,1.472011534085588e-06,7.404459335634886e-05,1.4816439226216201e-06
2013,E09000032,313091,108043,8,108750,7.35632183908046e-05,23.0319816091954,male,10-14,6394,0.02042217757776493,1.5023211091689145e-06,7.404459335634886e-05,1.5121518341967497e-06
2013,E09000033,225306,108043,58,72554,0.0007994045814152217,180.11064862033794,female,10-14,4544,0.020168126902967518,1.612249304479582e-05,0.0005368233018335293,1.0826720475848653e-05
2013,E09000033,225306,108043,58,72554,0.0007994045814152217,180.11064862033794,male,10-14,4739,0.021033616503777084,1.6814369396850218e-05,0.0005368233018335293,1.1291335461057828e-05
2013,E06000036,116543,108043,770,40616,0.018958046090210755,2209.427565491432,female,15-19,3541,0.030383635224766826,0.0005760143569792805,0.007126792110548578,0.00021653785180965408
2013,E06000036,116543,108043,770,40616,0.018958046090210755,2209.427565491432,male,15-19,3824,0.03281192349604867,0.0006220499579465598,0.007126792110548578,0.00023384375750356315
2013,E06000037,156031,108043,13,49239,0.00026401835943053273,41.19504864030545,female,15-19,4689,0.030051720491440802,7.934205942215123e-06,0.0001203224642040669,3.6158970631020095e-06
2013,E06000037,156031,108043,13,49239,0.00026401835943053273,41.19504864030545,male,15-19,4915,0.03150015061109651,8.316618086156394e-06,0.0001203224642040669,3.790175744326376e-06
2013,E06000040,146278,108043,191,53690,0.0035574594896628795,520.3780592289066,female,15-19,4053,0.02770751582602989,9.856836511029445e-05,0.001767814666382829,4.8981752846289985e-05
2013,E06000040,146278,108043,191,53690,0.0035574594896628795,520.3780592289066,male,15-19,4540,0.031036792955878533,0.0001104121336295921,0.001767814666382829,5.4867297784889346e-05
2013,E06000041,158065,108043,206,45893,0.004488701980694223,709.5066785784323,female,15-19,4741,0.029993989814316894,0.0001346340814884466,0.0019066482789259832,5.718798905759077e-05
2013,E06000041,158065,108043,206,45893,0.004488701980694223,709.5066785784323,male,15-19,4960,0.03137949577705374,0.00014085320484764715,0.0019066482789259832,5.982966161688467e-05
2013,E06000043,277991,108043,31,90245,0.0003435093356972685,95.49250373981937,female,15-19,8287,0.02981031760021008,1.0240122395772755e-05,0.0002869227992558518,8.553259772558263e-06
2013,E06000043,277991,108043,31,90245,0.0003435093356972685,95.49250373981937,male,15-19,8203,0.029508149544409713,1.0136324847655837e-05,0.0002869227992558518,8.466560868142323e-06
2013,E06000054,479911,108043,11,168444,6.530360238417516e-05,31.33991712379188,female,15-19,14325,0.029849284554844546,1.9492658100216688e-06,0.00010181131586497968,3.0389949381569375e-06
2013,E06000054,479911,108043,11,168444,6.530360238417516e-05,31.33991712379188,male,15-19,14789,0.03081613049086185,2.0124043325940984e-06,0.00010181131586497968,3.137430795141567e-06
2013,E07000061,100363,108043,20,41544,0.00048141729250914694,48.31648372809551,female,15-19,2953,0.029423193806482468,1.416483429928869e-05,0.00018511148339087215,5.446571051615091e-06
2013,E07000061,100363,108043,20,41544,0.00048141729250914694,48.31648372809551,male,15-19,3105,0.03093769616292857,1.4893941923227696e-05,0.00018511148339087215,5.7269228294158016e-06
2013,E07000063,99626,108043,29,37939,0.0007643849337093756,76.15261340573025,female,15-19,2736,0.027462710537409913,2.0992082173617847e-05,0.00026841165091676464,7.3713114739954234e-06
2013,E07000063,99626,108043,29,37939,0.0007643849337093756,76.15261340573025,male,15-19,2946,0.029570594021640938,2.2603316550978864e-05,0.00026841165091676464,7.937091959938054e-06
2013,E07000064,91232,108043,10,36599,0.00027323150905762453,24.927457034345203,female,15-19,2464,0.0270080673447913,7.379454997347277e-06,9.255574169543608e-05,2.499751704857446e-06
2013,E07000064,91232,108043,10,36599,0.00027323150905762453,24.927457034345203,male,15-19,2718,0.02979217818309365,8.140161803080317e-06,9.255574169543608e-05,2.7574371484588222e-06
2013,E07000065,152777,108043,32,58801,0.0005442084318293906,83.14253158959882,female,15-19,4331,0.028348507956040502,1.5427497059459805e-05,0.00029617837342539545,8.396214975456958e-06
2013,E07000065,152777,108043,32,58801,0.0005442084318293906,83.14253158959882,male,15-19,4586,0.030017607362364754,1.6335835029942892e-05,0.00029617837342539545,8.890566122707367e-06
2013,E07000071,177993,108043,129,62772,0.002055056394570828,365.78565283884535,female,15-19,5246,0.029473069165641345,6.056881925647954e-05,0.0011939690678711254,3.5189932919002004e-05
2013,E07000071,177993,108043,129,62772,0.002055056394570828,365.78565283884535,male,15-19,5735,0.03222036821672762,6.621467373921276e-05,0.0011939690678711254,3.847012300619071e-05
2013,E07000084,172050,108043,677,63307,0.010693920103622032,1839.8889538281705,female,15-19,4729,0.027486195873292648,0.0002939351826214972,0.0062660237127810225,0.0001722291551161956
2013,E07000084,172050,108043,677,63307,0.010693920103622032,1839.8889538281705,male,15-19,5145,0.02990409764603313,0.00031979203099758997,0.0062660237127810225,0.00018737978495936275
2013,E07000085,117401,108043,8612,41475,0.20764315852923448,24377.514454490658,female,15-19,3665,0.031217792011993085,0.00648216093567895,0.07970900474810955,0.0024883391317094532
2013,E07000085,117401,108043,8612,41475,0.20764315852923448,24377.514454490658,male,15-19,3944,0.0335942623998092,0.006975618753156283,0.07970900474810955,0.0026777652211356297
2013,E07000089,92959,108043,2372,33431,0.07095211031677186,6595.637222936795,female,15-19,2475,0.026624640970750547,0.0018890744633011365,0.021954221930157437,0.0005845232766826198
2013,E07000089,92959,108043,2372,33431,0.07095211031677186,6595.637222936795,male,15-19,2781,0.029916414763497885,0.0021226327605820042,0.021954221930157437,0.000656791609072471
2013,E07000090,121671,108043,9,43614,0.0002063557573256294,25.107511349566654,female,15-19,3629,0.029826334952453747,6.154835937361483e-06,8.330016752589247e-05,2.484538698222779e-06
2013,E07000090,121671,108043,9,43614,0.0002063557573256294,25.107511349566654,male,15-19,3824,0.031429017596633545,6.485558728153848e-06,8.330016752589247e-05,2.6180424309737967e-06
2013,E07000092,94897,108043,4240,37380,0.11342964151952915,10764.132691278757,female,15-19,2789,0.029389759423374816,0.0033336698757386093,0.0392436344788649,0.0011533609762326964
2013,E07000092,94897,108043,4240,37380,0.11342964151952915,10764.132691278757,male,15-19,2882,0.03036976932885128,0.003444832048002392,0.0392436344788649,0.001191820126748882
2013,E07000093,118805,108043,39,44103,0.0008842935854703761,105.05849942180804,female,15-19,3396,0.028584655527965994,2.527722752626066e-05,0.0003609673926122007,1.0318128574647814e-05
2013,E07000093,118805,108043,39,44103,0.0008842935854703761,105.05849942180804,male,15-19,3615,0.030428012289045073,2.6907296085816335e-05,0.0003609673926122007,1.09835202583486e-05
2013,E07000094,119037,108043,14,43975,0.00031836270608300173,37.89694144400228,female,15-19,4031,0.03386342061711905,1.0780850224892933e-05,0.0001295780383736105,4.387955616186765e-06
2013,E07000094,119037,108043,14,43975,0.00031836270608300173,37.89694144400228,male,15-19,4227,0.03550996748910003,1.1305049342749299e-05,0.0001295780383736105,4.601311929948265e-06
2013,E07000102,89566,108043,29,34487,0.0008408965697219242,75.31574216371386,female,15-19,2588,0.028894893151419066,2.4297616533509814e-05,0.00026841165091676464,7.755725973835908e-06
2013,E07000102,89566,108043,29,34487,0.0008408965697219242,75.31574216371386,male,15-19,2713,0.030290512024652213,2.5471187656650744e-05,0.00026841165091676464,8.130326339651012e-06
2013,E07000180,123497,108043,57,39314,0.00144986518797375,179.0540011191942,female,15-19,3383,0.02739337797679296,3.9716705109558906e-05,0.0005275677276639857,1.445186217225733e-05
2013,E07000180,123497,108043,57,39314,0.00144986518797375,179.0540011191942,male,15-19,4060,0.032875292517227137,4.7664742165181534e-05,0.0005275677276639857,1.734394336960235e-05
2013,E07000207,133499,108043,3258,45188,0.0720987872886607,9625.116004248915,female,15-19,3554,0.026621922261589975,0.0019194083103536367,0.030154660644373072,0.0008027750314991266
2013,E07000207,133499,108043,3258,45188,0.0720987872886607,9625.116004248915,male,15-19,3791,0.028397216458550253,0.0020474048690350697,0.030154660644373072,0.0008563084255523885
2013,E07000208,76906,108043,434,26765,0.016215206426303006,1247.046665421259,female,15-19,2404,0.031258939484565575,0.0005068701564095445,0.0040169191895819256,0.00012556463386153161
2013,E07000208,76906,108043,434,26765,0.016215206426303006,1247.046665421259,male,15-19,2341,0.030439757626193015,0.0004935869534753509,0.0040169191895819256,0.00012227404653487748
2013,E07000209,140657,108043,34716,49362,0.7032940318463595,98923.2286374134,female,15-19,4231,0.030080266179429393,0.021155271680342588,0.3213165128698759,0.009665286234971917
2013,E07000209,140657,108043,34716,49362,0.7032940318463595,98923.2286374134,male,15-19,4490,0.031921624945790116,0.02245028831121206,0.3213165128698759,0.010256945212721321
2013,E07000210,86761,108043,3001,30934,0.09701299540958169,8416.944494730717,female,15-19,2440,0.028123235094109106,0.0027283192770873933,0.027775978082800367,0.0007811503615914166
2013,E07000210,86761,108043,3001,30934,0.09701299540958169,8416.944494730717,male,15-19,2745,0.03163863948087274,0.003069359186723317,0.027775978082800367,0.0008787941567903436
2013,E07000211,140928,108043,842,52491,0.016040845097254768,2260.60421786592,female,15-19,3729,0.02646032016348774,0.0004244458969662738,0.007793193450755718,0.0002062103938029921
2013,E07000211,140928,108043,842,52491,0.016040845097254768,2260.60421786592,male,15-19,3964,0.028127838328792006,0.000451194297552778,0.007793193450755718,0.00021920568544785753
2013,E07000212,83094,108043,1641,28983,0.05661939757789049,4704.732222337232,female,15-19,2674,0.03218042217247936,0.0018220361172079712,0.01518839721222106,0.0004887690344125823
2013,E07000212,83094,108043,1641,28983,0.05661939757789049,4704.732222337232,male,15-19,2477,0.02980961320913664,0.0016878023419312435,0.01518839721222106,0.00045276024616303903
2013,E07000213,97371,108043,1434,37349,0.038394602265120883,3738.5208171570857,female,15-19,2550,0.026188495547955756,0.0010054968704856502,0.013272493359125533,0.00034758663324573134
2013,E07000213,97371,108043,1434,37349,0.038394602265120883,3738.5208171570857,male,15-19,2849,0.029259225025931746,0.0011233963074563206,0.013272493359125533,0.0003883428698498387
2013,E07000214,87134,108043,2312,34609,0.06680343263313011,5820.85029905516,female,15-19,2446,0.02807170564877086,0.001875286297204722,0.02139888747998482,0.0006007032705493019
2013,E07000214,87134,108043,2312,34609,0.06680343263313011,5820.85029905516,male,15-19,2697,0.030952326302017583,0.002067721644955493,0.02139888747998482,0.000662345347780649
2013,E07000215,84616,108043,465,31043,0.01497922236897207,1267.4818799729408,female,15-19,2566,0.030325233998298194,0.00045424842345162064,0.004303841988837777,0.00013051501540320667
2013,E07000215,84616,108043,465,31043,0.01497922236897207,1267.4818799729408,male,15-19,2568,0.03034887019003498,0.00045460247522360165,0.004303841988837777,0.0001306167418376597
2013,E07000216,122783,108043,28481,46045,0.6185470735150397,75947.06532739711,female,15-19,3569,0.029067541923556192,0.01797964299109141,0.2636080079227715,0.007662436821680293
2013,E07000216,122783,108043,28481,46045,0.6185470735150397,75947.06532739711,male,15-19,4306,0.035070001547445495,0.021692446825340325,0.2636080079227715,0.00924473324577062
2013,E07000217,100387,108043,6868,35860,0.19152258784160625,19226.378025655325,female,15-19,2540,0.02530208094673613,0.004845920020696702,0.06356728339642549,0.0016083845500604735
2013,E07000217,100387,108043,6868,35860,0.19152258784160625,19226.378025655325,male,15-19,2643,0.026328110213473855,0.005042427801063537,0.06356728339642549,0.001673606443232217
2013,E07000223,62605,108043,67,25716,0.002605381863431327,163.1099315601182,female,15-19,1633,0.026084178579985625,6.795924579479845e-05,0.0006201234693594218,1.61754113164114e-05
2013,E07000223,62605,108043,67,25716,0.002605381863431327,163.1099315601182,male,15-19,1920,0.03066847695870937,7.990309364728293e-05,0.0006201234693594218,1.901824233160434e-05
2013,E07000224,153013,108043,146,64199,0.00227417872552532,347.9789093288058,female,15-19,3833,0.025050159136805368,5.6968538979946476e-05,0.0013513138287533668,3.3850626454037593e-05
2013,E07000224,153013,108043,146,64199,0.00227417872552532,347.9789093288058,male,15-19,4066,0.026572905570114956,6.0431536522948707e-05,0.0013513138287533668,3.590833476705371e-05
2013,E07000225,115800,108043,3182,46206,0.06886551530104315,7974.626671860797,female,15-19,3162,0.027305699481865287,0.00188042106547408,0.02945123700748776,0.0008041866270956503
2013,E07000225,115800,108043,3182,46206,0.06886551530104315,7974.626671860797,male,15-19,3440,0.029706390328151987,0.002045745877682111,0.02945123700748776,0.0008748899421913462
2013,E07000226,108953,108043,598,40132,0.01490082727000897,1623.4898335492874,female,15-19,2908,0.026690407790515177,0.0003977091562525684,0.005534833353387078,0.0001477269592544457
2013,E07000226,108953,108043,598,40132,0.01490082727000897,1623.4898335492874,male,15-19,3272,0.030031297899094103,0.00044749118268858453,0.005534833353387078,0.00016621822925740932
2013,E07000227,133173,108043,2006,47879,0.04189728273355751,5579.586833476054,female,15-19,3830,0.028759583399037343,0.0012049483969687944,0.018566681784104477,0.0005339700332133402
2013,E07000227,133173,108043,2006,47879,0.04189728273355751,5579.586833476054,male,15-19,4029,0.030253880291049987,0.0012675553763413243,0.018566681784104477,0.0005617141680983153
2013,E07000228,142983,108043,208,48945,0.004249667994687915,607.6302788844621,female,15-19,4155,0.029059398669771933,0.00012349279647180634,0.0019251594272650704,5.5943975299765485e-05
2013,E07000228,142983,108043,208,48945,0.004249667994687915,607.6302788844621,male,15-19,4547,0.031800983333683024,0.00013514362107275654,0.0019251594272650704,6.122196286113926e-05
2013,E07000229,106413,108043,139,40585,0.0034249106812861895,364.4550203277073,female,15-19,2678,0.02516609812710853,8.619163828183037e-05,0.0012865248095665614,3.23768096005117e-05
2013,E07000229,106413,108043,139,40585,0.0034249106812861895,364.4550203277073,male,15-19,2926,0.027496640448065556,9.41735375700656e-05,0.0012865248095665614,3.537511011616775e-05
2013,E09000008,373628,108043,50,149453,0.0003345533378386516,124.99849450997972,female,15-19,11398,0.030506278972668003,1.0205977455343153e-05,0.00046277870847718036,1.4117656383415862e-05
2013,E09000008,373628,108043,50,149453,0.0003345533378386516,124.99849450997972,male,15-19,12105,0.032398535441669256,1.0839038173094303e-05,0.00046277870847718036,1.4993352388247853e-05
2013,E09000011,264097,108043,64,52633,0.00121596716888644,321.13328140140214,female,15-19,7432,0.02814117540146234,3.421874538205289e-05,0.0005923567468507909,1.666961511336773e-05
2013,E09000011,264097,108043,64,52633,0.00121596716888644,321.13328140140214,male,15-19,7995,0.03027296788679917,3.68109350551013e-05,0.0005923567468507909,1.7932396774942817e-05
2013,E09000017,285996,108043,72,115552,0.0006230960952644697,178.20299086125726,female,15-19,8723,0.03050042657939272,1.9004696705520247e-05,0.0006664013402071398,2.0325525149396773e-05
2013,E09000017,285996,108043,72,115552,0.0006230960952644697,178.20299086125726,male,15-19,9503,0.033227737450873436,2.070407346011222e-05,0.0006664013402071398,2.2143008769313026e-05
2013,E09000018,261275,108043,231,100578,0.002296724929905148,600.0768060609676,female,15-19,6981,0.026718974260836283,6.136613428635667e-05,0.0021380376331645735,5.712617248922356e-05
2013,E09000018,261275,108043,231,100578,0.002296724929905148,600.0768060609676,male,15-19,7514,0.028758970433451346,6.605144435291276e-05,0.0021380376331645735,6.148776107778626e-05
2013,E09000021,165657,108043,116,55314,0.002097118270238999,347.40232129298187,female,15-19,4673,0.028208889452302047,5.9157377453574814e-05,0.0010736466036670585,3.0286378353683603e-05
2013,E09000021,165657,108043,116,55314,0.002097118270238999,347.40232129298187,male,15-19,4606,0.027804439293238437,5.830919763560145e-05,0.0010736466036670585,2.9852141814052358e-05
2013,E09000022,312700,108043,19,112835,0.00016838746842734968,52.65476137723225,female,15-19,6931,0.022165014390789894,3.7323106609208844e-06,0.00017585590922132853,3.897848758596188e-06
2013,E09000022,312700,108043,19,112835,0.00016838746842734968,52.65476137723225,male,15-19,7149,0.0228621682123441,3.84970262803685e-06,0.00017585590922132853,4.020447377752727e-06
2013,E09000024,203637,108043,8,78151,0.00010236593261762485,20.84549142045527,female,15-19,4848,0.02380706846005392,2.4370327658050615e-06,7.404459335634886e-05,1.762784703131451e-06
2013,E09000024,203637,108043,8,78151,0.00010236593261762485,20.84549142045527,male,15-19,5315,0.026100364864931225,2.671788191058973e-06,7.404459335634886e-05,1.9325909028761677e-06
2013,E09000027,191138,108043,51,65861,0.0007743581178542688,148.00926193042923,female,15-19,4385,0.022941539620588265,1.7764967441277867e-05,0.000472034282646724,1.0829193197615779e-05
2013,E09000027,191138,108043,51,65861,0.0007743581178542688,148.00926193042923,male,15-19,4626,0.02420240873086461,1.8741331672372044e-05,0.000472034282646724,1.1424366643596486e-05
2013,E09000029,195787,108043,77,79478,0.0009688215606834595,189.68266690153249,female,15-19,5716,0.02919499251737858,2.828473821482864e-05,0.0007126792110548578,2.0806664234037843e-05
2013,E09000029,195787,108043,77,79478,0.0009688215606834595,189.68266690153249,male,15-19,6003,0.03066087125294325,2.9704913139191098e-05,0.0007126792110548578,2.1851365534802162e-05
2013,E09000032,313091,108043,8,108750,7.35632183908046e-05,23.0319816091954,female,15-19,5972,0.01907432663347078,1.4031688557955515e-06,7.404459335634886e-05,1.4123507591215185e-06
2013,E09000032,313091,108043,8,108750,7.35632183908046e-05,23.0319816091954,male,15-19,5909,0.018873107179701747,1.3883665051734618e-06,7.404459335634886e-05,1.397451546491804e-06
2013,E09000033,225306,108043,58,72554,0.0007994045814152217,180.11064862033794,female,15-19,4503,0.019986152166387047,1.5977021606671564e-05,0.0005368233018335293,1.0729032196907238e-05
2013,E09000033,225306,108043,58,72554,0.0007994045814152217,180.11064862033794,male,15-19,5240,0.023257259016626276,1.8591959409051518e-05,0.0005368233018335293,1.2485038576902938e-05
2013,E06000036,116543,108043,770,40616,0.018958046090210755,2209.427565491432,female,20-24,3015,0.025870279639274775,0.0004904499537680121,0.007126792110548578,0.00018437210483086898
2013,E06000036,116543,108043,770,40616,0.018958046090210755,2209.427565491432,male,20-24,3229,0.027706511759608043,0.0005252613269376155,0.007126792110548578,0.000197458549419196
2013,E06000037,156031,108043,13,49239,0.00026401835943053273,41.19504864030545,female,20-24,3556,0.022790342944671253,6.01706895511132e-06,0.0001203224642040669,2.7421902231586154e-06
2013,E06000037,156031,108043,13,49239,0.00026401835943053273,41.19504864030545,male,20-24,3827,0.024527177291692036,6.475625110014348e-06,0.0001203224642040669,2.9511704117064176e-06
2013,E06000040,146278,108043,191,53690,0.0035574594896628795,520.3780592289066,female,20-24,3202,0.02188982622130464,7.787217001805152e-05,0.001767814666382829,3.8697155838593765e-05
2013,E06000040,146278,108043,191,53690,0.0035574594896628795,520.3780592289066,male,20-24,3281,0.022429893763928958,7.979343842261931e-05,0.001767814666382829,3.965189516128237e-05
2013,E06000041,158065,108043,206,45893,0.004488701980694223,709.5066785784323,female,20-24,3239,0.02049156992376554,9.198055050434056e-05,0.0019066482789259832,3.907021652763901e-05
2013,E06000041,158065,108043,206,45893,0.004488701980694223,709.5066785784323,male,20-24,3738,0.023648499035207035,0.00010615106445977925,0.0019066482789259832,4.508936998466027e-05
2013,E06000043,277991,108043,31,90245,0.0003435093356972685,95.49250373981937,female,20-24,15679,0.05640110651064243,1.9374306630061668e-05,0.0002869227992558518,1.6182763361160977e-05
2013,E06000043,277991,108043,31,90245,0.0003435093356972685,95.49250373981937,male,20-24,15312,0.055080919885895585,1.892081019959846e-05,0.0002869227992558518,1.5803971719248476e-05
2013,E06000054,479911,108043,11,168444,6.530360238417516e-05,31.33991712379188,female,20-24,10966,0.022850070117167557,1.4921918933820328e-06,0.00010181131586497968,2.3263957062358794e-06
2013,E06000054,479911,108043,11,168444,6.530360238417516e-05,31.33991712379188,male,20-24,13600,0.028338587779817508,1.8506118685022475e-06,0.00010181131586497968,2.8851889116184535e-06
2013,E07000061,100363,108043,20,41544,0.00048141729250914694,48.31648372809551,female,20-24,2867,0.02856630431533533,1.3752312880481096e-05,0.00018511148339087215,5.287950966806796e-06
2013,E07000061,100363,108043,20,41544,0.00048141729250914694,48.31648372809551,male,20-24,3046,0.030349830116676465,1.461093304288295e-05,0.00018511148339087215,5.618102073558947e-06
2013,E07000063,99626,108043,29,37939,0.0007643849337093756,76.15261340573025,female,20-24,2159,0.021671049725975146,1.6565023908202093e-05,0.00026841165091676464,5.8167622340482885e-06
2013,E07000063,99626,108043,29,37939,0.0007643849337093756,76.15261340573025,male,20-24,2416,0.024250697609057875,1.8536867884305817e-05,0.00026841165091676464,6.5091697811304615e-06
2013,E07000064,91232,108043,10,36599,0.00027323150905762453,24.927457034345203,female,20-24,1798,0.019707997193967028,5.3848458138110406e-06,9.255574169543608e-05,1.8240882976191913e-06
2013,E07000064,91232,108043,10,36599,0.00027323150905762453,24.927457034345203,male,20-24,1968,0.021571378463696948,5.89398029008906e-06,9.255574169543608e-05,1.9965549331004276e-06
2013,E07000065,152777,108043,32,58801,0.0005442084318293906,83.14253158959882,female,20-24,3248,0.02125974459506339,1.156973226717281e-05,0.00029617837342539545,6.2966765736052176e-06
2013,E07000065,152777,108043,32,58801,0.0005442084318293906,83.14253158959882,male,20-24,3287,0.021515018621912983,1.1708654545011401e-05,0.00029617837342539545,6.37228321965528e-06
2013,E07000071,177993,108043,129,62772,0.002055056394570828,365.78565283884535,female,20-24,7147,0.04015326445422011,8.251722287953855e-05,0.0011939690678711254,4.794175573238797e-05
2013,E07000071,177993,108043,129,62772,0.002055056394570828,365.78565283884535,male,20-24,7811,0.04388374823729023,9.018357743277958e-05,0.0011939690678711254,5.2395837977568556e-05
2013,E07000084,172050,108043,677,63307,0.010693920103622032,1839.8889538281705,female,20-24,4220,0.024527753560011623,0.00026229783689209516,0.0062660237127810225,0.00015369148542828198
2013,E07000084,172050,108043,677,63307,0.010693920103622032,1839.8889538281705,male,20-24,4160,0.024179017727404824,0.00025856848376092794,0.0062660237127810225,0.00015150629843167134
2013,E07000085,117401,108043,8612,41475,0.20764315852923448,24377.514454490658,female,20-24,2604,0.022180390286283762,0.004605606296455112,0.07970900474810955,0.0017679768346443151
2013,E07000085,117401,108043,8612,41475,0.20764315852923448,24377.514454490658,male,20-24,2890,0.024616485379170536,0.00511144477601969,0.07970900474810955,0.0019621555499700735
2013,E07000089,92959,108043,2372,33431,0.07095211031677186,6595.637222936795,female,20-24,1937,0.02083714325670457,0.0014784392870360815,0.021954221930157437,0.0004574632674481756
2013,E07000089,92959,108043,2372,33431,0.07095211031677186,6595.637222936795,male,20-24,2303,0.024774362891167075,0.0017577933288818253,0.021954221930157437,0.0005439018610909389
2013,E07000090,121671,108043,9,43614,0.0002063557573256294,25.107511349566654,female,20-24,3307,0.027179853868218393,5.6087193289761445e-06,8.330016752589247e-05,2.2640863805518684e-06
2013,E07000090,121671,108043,9,43614,0.0002063557573256294,25.107511349566654,male,20-24,3545,0.02913594858265322,6.012370735174004e-06,8.330016752589247e-05,2.427029397960802e-06
2013,E07000092,94897,108043,4240,37380,0.11342964151952915,10764.132691278757,female,20-24,2948,0.031065260229511997,0.0035237213315444317,0.0392436344788649,0.0012191137174377875
2013,E07000092,94897,108043,4240,37380,0.11342964151952915,10764.132691278757,male,20-24,3348,0.0352803565971527,0.004001838201496187,0.0392436344788649,0.0013845294185826705
2013,E07000093,118805,108043,39,44103,0.0008842935854703761,105.05849942180804,female,20-24,2779,0.023391271411135894,2.0684751264864063e-05,0.0003609673926122007,8.443486251162036e-06
2013,E07000093,118805,108043,39,44103,0.0008842935854703761,105.05849942180804,male,20-24,2905,0.02445183283531838,2.1622598929265965e-05,0.0003609673926122007,8.82631434315427e-06
2013,E07000094,119037,108043,14,43975,0.00031836270608300173,37.89694144400228,female,20-24,4173,0.03505632702437057,1.1160627136809279e-05,0.0001295780383736105,4.542530088401729e-06
2013,E07000094,119037,108043,14,43975,0.00031836270608300173,37.89694144400228,male,20-24,3626,0.030461117131648143,9.697683680342786e-06,0.0001295780383736105,3.947091804587748e-06
2013,E07000102,89566,108043,29,34487,0.0008408965697219242,75.31574216371386,female,20-24,2246,0.025076479914253175,2.1086725940596228e-05,0.00026841165091676464,6.730819372965783e-06
2013,E07000102,89566,108043,29,34487,0.0008408965697219242,75.31574216371386,male,20-24,2205,0.024618716923832704,2.0701794612206e-05,0.00026841165091676464,6.607950452978429e-06
2013,E07000180,123497,108043,57,39314,0.00144986518797375,179.0540011191942,female,20-24,2700,0.021862879260224944,3.169822754827344e-05,0.0005275677276639857,1.1534149531508954e-05
2013,E07000180,123497,108043,57,39314,0.00144986518797375,179.0540011191942,male,20-24,3006,0.024340672243050438,3.529069333707776e-05,0.0005275677276639857,1.2841353145079968e-05
2013,E07000207,133499,108043,3258,45188,0.0720987872886607,9625.116004248915,female,20-24,2403,0.018000134832470656,0.0012977878924535142,0.030154660644373072,0.0005427879574261118
2013,E07000207,133499,108043,3258,45188,0.0720987872886607,9625.116004248915,male,20-24,2452,0.018367178780365395,0.0013242513159783672,0.030154660644373072,0.0005538560431164486
2013,E07000208,76906,108043,434,26765,0.016215206426303006,1247.046665421259,female,20-24,2176,0.028294281330455362,0.00045879761245722496,0.0040169191895819256,0.00011365584163173576
2013,E07000208,76906,108043,434,26765,0.016215206426303006,1247.046665421259,male,20-24,1923,0.025004551010324293,0.0004054539562294318,0.0040169191895819256,0.00010044126078025177
2013,E07000209,140657,108043,34716,49362,0.7032940318463595,98923.2286374134,female,20-24,6152,0.043737602821046946,0.030760395031308816,0.3213165128698759,0.014053614019746452
2013,E07000209,140657,108043,34716,49362,0.7032940318463595,98923.2286374134,male,20-24,6435,0.04574958942676156,0.03217541320326271,0.3213165128698759,0.014700098539835569
2013,E07000210,86761,108043,3001,30934,0.09701299540958169,8416.944494730717,female,20-24,1865,0.021495833381357982,0.002085375185150815,0.027775978082800367,0.0005970677968721278
2013,E07000210,86761,108043,3001,30934,0.09701299540958169,8416.944494730717,male,20-24,1817,0.02094258941229354,0.0020317033305195875,0.027775978082800367,0.0005817009045129524
2013,E07000211,140928,108043,842,52491,0.016040845097254768,2260.60421786592,female,20-24,3246,0.023033038147138963,0.0003694693970374161,0.007793193450755718,0.00017950092203928997
2013,E07000211,140928,108043,842,52491,0.016040845097254768,2260.60421786592,male,20-24,3447,0.024459298365122617,0.0003923478162624687,0.007793193450755718,0.0001906160438291536
2013,E07000212,83094,108043,1641,28983,0.05661939757789049,4704.732222337232,female,20-24,4400,0.052952078369075985,0.002998114777754328,0.01518839721222106,0.0008042571994821847
2013,E07000212,83094,108043,1641,28983,0.05661939757789049,4704.732222337232,male,20-24,3839,0.046200688377018795,0.0026158551435906514,0.01518839721222106,0.0007017144065482062
2013,E07000213,97371,108043,1434,37349,0.038394602265120883,3738.5208171570857,female,20-24,2525,0.025931745591603248,0.0009956390580299086,0.013272493359125533,0.00034417892115508694
2013,E07000213,97371,108043,1434,37349,0.038394602265120883,3738.5208171570857,male,20-24,2538,0.026065255568906553,0.0010007651205068942,0.013272493359125533,0.00034595093144222205
2013,E07000214,87134,108043,2312,34609,0.06680343263313011,5820.85029905516,female,20-24,1983,0.02275805081827989,0.0015203159147003124,0.02139888747998482,0.00048699696872414784
2013,E07000214,87134,108043,2312,34609,0.06680343263313011,5820.85029905516,male,20-24,2130,0.024445107535520004,0.001633017094458732,0.02139888747998482,0.0005230981055887216
2013,E07000215,84616,108043,465,31043,0.01497922236897207,1267.4818799729408,female,20-24,1943,0.022962560272288927,0.0003439612964795397,0.004303841988837777,9.882723107109532e-05
2013,E07000215,84616,108043,465,31043,0.01497922236897207,1267.4818799729408,male,20-24,2002,0.023659827928524155,0.00035440582375297915,0.004303841988837777,0.00010182816088745898
2013,E07000216,122783,108043,28481,46045,0.6185470735150397,75947.06532739711,female,20-24,2559,0.020841647459338832,0.012891540043206197,0.2636080079227715,0.0054940251685850015
2013,E07000216,122783,108043,28481,46045,0.6185470735150397,75947.06532739711,male,20-24,2833,0.023073226749631463,0.014271876882533473,0.2636080079227715,0.0060822873398207545
2013,E07000217,100387,108043,6868,35860,0.19152258784160625,19226.378025655325,female,20-24,2260,0.02251287517308018,0.004311724112903366,0.06356728339642549,0.0014310823161955393
2013,E07000217,100387,108043,6868,35860,0.19152258784160625,19226.378025655325,male,20-24,2178,0.02169603633936665,0.004155281025621031,0.06356728339642549,0.0013791580905636658
2013,E07000223,62605,108043,67,25716,0.002605381863431327,163.1099315601182,female,20-24,1433,0.0228895455634534,5.9636006873206475e-05,0.0006201234693594218,1.4194344406869282e-05
2013,E07000223,62605,108043,67,25716,0.002605381863431327,163.1099315601182,male,20-24,1413,0.022570082261800177,5.880368298104728e-05,0.0006201234693594218,1.399623771591507e-05
2013,E07000224,153013,108043,146,64199,0.00227417872552532,347.9789093288058,female,20-24,3713,0.024265912046688844,5.5185020932048346e-05,0.0013513138287533668,3.279086251600355e-05
2013,E07000224,153013,108043,146,64199,0.00227417872552532,347.9789093288058,male,20-24,3871,0.0252985040486756,5.7533319695114226e-05,0.0013513138287533668,3.418621836774838e-05
2013,E07000225,115800,108043,3182,46206,0.06886551530104315,7974.626671860797,female,20-24,3188,0.027530224525043178,0.0018958830982705145,0.02945123700748776,0.0008107991673563988
2013,E07000225,115800,108043,3182,46206,0.06886551530104315,7974.626671860797,male,20-24,3418,0.029516407599309152,0.002032662619162051,0.02945123700748776,0.0008692947158168667
2013,E07000226,108953,108043,598,40132,0.01490082727000897,1623.4898335492874,female,20-24,3205,0.029416353840646885,0.0004383280074929442,0.005534833353387078,0.00016281461637224844
2013,E07000226,108953,108043,598,40132,0.01490082727000897,1623.4898335492874,male,20-24,3070,0.02817728745422338,0.00041986489329277335,0.005534833353387078,0.00015595659040961083
2013,E07000227,133173,108043,2006,47879,0.04189728273355751,5579.586833476054,female,20-24,2773,0.020822539103271684,0.0008724078080403308,0.018566681784104477,0.0003866054574675176
2013,E07000227,133173,108043,2006,47879,0.04189728273355751,5579.586833476054,male,20-24,2953,0.022174164432730358,0.0009290372366184986,0.018566681784104477,0.00041170065485091214
2013,E07000228,142983,108043,208,48945,0.004249667994687915,607.6302788844621,female,20-24,3021,0.021128385892029124,8.978862530477184e-05,0.0019251594272650704,4.067551128293418e-05
2013,E07000228,142983,108043,208,48945,0.004249667994687915,607.6302788844621,male,20-24,3153,0.022051572564570614,9.371186216019385e-05,0.0019251594272650704,4.24527928087029e-05
2013,E07000229,106413,108043,139,40585,0.0034249106812861895,364.4550203277073,female,20-24,2743,0.025776925751552913,8.828366833721461e-05,0.0012865248095665614,3.3162654493728005e-05
2013,E07000229,106413,108043,139,40585,0.0034249106812861895,364.4550203277073,male,20-24,2702,0.025391634480749534,8.696408014843379e-05,0.0012865248095665614,3.266696771493003e-05
2013,E09000008,373628,108043,50,149453,0.0003345533378386516,124.99849450997972,female,20-24,11596,0.03103621784234586,1.0383270273044322e-05,0.00046277870847718036,1.436290080909724e-05
2013,E09000008,373628,108043,50,149453,0.0003345533378386516,124.99849450997972,male,20-24,11084,0.02966587086620917,9.924816118180689e-06,0.00046277870847718036,1.3728733405315092e-05
2013,E09000011,264097,108043,64,52633,0.00121596716888644,321.13328140140214,female,20-24,9813,0.03715680223554224,4.5181451619225645e-05,0.0005923567468507909,2.2010082495623997e-05
2013,E09000011,264097,108043,64,52633,0.00121596716888644,321.13328140140214,male,20-24,9990,0.037827010530221854,4.599640290187142e-05,0.0005923567468507909,2.2407084900772828e-05
2013,E09000017,285996,108043,72,115552,0.0006230960952644697,178.20299086125726,female,20-24,10695,0.03739562791087987,2.3301069731232266e-05,0.0006664013402071398,2.492049655769787e-05
2013,E09000017,285996,108043,72,115552,0.0006230960952644697,178.20299086125726,male,20-24,11842,0.04140617351291626,2.580002503574123e-05,0.0006664013402071398,2.759312952185677e-05
2013,E09000018,261275,108043,231,100578,0.002296724929905148,600.0768060609676,female,20-24,8200,0.03138455650177017,7.208169333163225e-05,0.0021380376331645735,6.710136290096452e-05
2013,E09000018,261275,108043,231,100578,0.002296724929905148,600.0768060609676,male,20-24,8608,0.032946129556980196,7.566819709740127e-05,0.0021380376331645735,7.044006485993933e-05
2013,E09000021,165657,108043,116,55314,0.002097118270238999,347.40232129298187,female,20-24,7245,0.04373494630471396,9.171735494353724e-05,0.0010736466036670585,4.695587656161732e-05
2013,E09000021,165657,108043,116,55314,0.002097118270238999,347.40232129298187,male,20-24,6478,0.03910489746886639,8.200759493778249e-05,0.0010736466036670585,4.198484035419695e-05
2013,E09000022,312700,108043,19,112835,0.00016838746842734968,52.65476137723225,female,20-24,12330,0.03943076431084106,6.639646580458016e-06,0.00017585590922132853,6.934132909174867e-06
2013,E09000022,312700,108043,19,112835,0.00016838746842734968,52.65476137723225,male,20-24,10654,0.034070994563479375,5.737128521346286e-06,0.00017585590922132853,5.991585727035607e-06
2013,E09000024,203637,108043,8,78151,0.00010236593261762485,20.84549142045527,female,20-24,5689,0.027936966268408983,2.8597936065728124e-06,7.404459335634886e-05,2.068581306954378e-06
2013,E09000024,203637,108043,8,78151,0.00010236593261762485,20.84549142045527,male,20-24,5409,0.026561970565270553,2.71904088907582e-06,7.404459335634886e-05,1.966770309248766e-06
2013,E09000027,191138,108043,51,65861,0.0007743581178542688,148.00926193042923,female,20-24,4411,0.02307756699348115,1.787030134172786e-05,0.000472034282646724,1.0893402780999589e-05
2013,E09000027,191138,108043,51,65861,0.0007743581178542688,148.00926193042923,male,20-24,3782,0.019786750933880232,1.5322031211610692e-05,0.000472034282646724,9.34002478298355e-06
2013,E09000029,195787,108043,77,79478,0.0009688215606834595,189.68266690153249,female,20-24,5106,0.026079361755377017,2.5266247957472888e-05,0.0007126792110548578,1.8586218960636323e-05
2013,E09000029,195787,108043,77,79478,0.0009688215606834595,189.68266690153249,male,20-24,4928,0.025170210483842135,2.4385442603687114e-05,0.0007126792110548578,1.7938285749709322e-05
2013,E09000032,313091,108043,8,108750,7.35632183908046e-05,23.0319816091954,female,20-24,11670,0.037273508341025455,2.7419592342823325e-06,7.404459335634886e-05,2.759901768075707e-06
2013,E09000032,313091,108043,8,108750,7.35632183908046e-05,23.0319816091954,male,20-24,8478,0.027078389350061165,1.991973469429787e-06,7.404459335634886e-05,2.005008328170167e-06
2013,E09000033,225306,108043,58,72554,0.0007994045814152217,180.11064862033794,female,20-24,7175,0.03184557890158274,2.5457501671745165e-05,0.0005368233018335293,1.7095448814747823e-05
2013,E09000033,225306,108043,58,72554,0.0007994045814152217,180.11064862033794,male,20-24,7925,0.035174385058542604,2.811856456426208e-05,0.0005368233018335293,1.88824295270908e-05
2013,E06000036,116543,108043,770,40616,0.018958046090210755,2209.427565491432,female,25-29,3769,0.03233999468007517,0.0006131031097020356,0.007126792110548578,0.00023048041894114268
2013,E06000036,116543,108043,770,40616,0.018958046090210755,2209.427565491432,male,25-29,3992,0.03425345151574955,0.0006493785125843794,0.007126792110548578,0.00024411722802150212
2013,E06000037,156031,108043,13,49239,0.00026401835943053273,41.19504864030545,female,25-29,4119,0.026398600278149855,6.96971513669953e-06,0.0001203224642040669,3.1763446370051563e-06
2013,E06000037,156031,108043,13,49239,0.00026401835943053273,41.19504864030545,male,25-29,4236,0.02714845126929905,7.167689565200099e-06,0.0001203224642040669,3.2665685560460892e-06
2013,E06000040,146278,108043,191,53690,0.0035574594896628795,520.3780592289066,female,25-29,4226,0.028890195381397067,0.0001027756997177657,0.001767814666382829,5.1072511109899204e-05
2013,E06000040,146278,108043,191,53690,0.0035574594896628795,520.3780592289066,male,25-29,4336,0.02964218816226637,0.00010545088357222717,0.001767814666382829,5.240189497693397e-05
2013,E06000041,158065,108043,206,45893,0.004488701980694223,709.5066785784323,female,25-29,4134,0.026153797488375034,0.00011739660258874462,0.0019066482789259832,4.986609296858896e-05
2013,E06000041,158065,108043,206,45893,0.004488701980694223,709.5066785784323,male,25-29,4187,0.026489102584379844,0.00011890168723731827,0.0019066482789259832,5.0505401852801643e-05
2013,E06000043,277991,108043,31,90245,0.0003435093356972685,95.49250373981937,female,25-29,11048,0.0397422938152674,1.3651848947568169e-05,0.0002869227992558518,1.140297019032505e-05
2013,E06000043,277991,108043,31,90245,0.0003435093356972685,95.49250373981937,male,25-29,11935,0.042933044594968904,1.4747901628278973e-05,0.0002869227992558518,1.2318469335764796e-05
2013,E06000054,479911,108043,11,168444,6.530360238417516e-05,31.33991712379188,female,25-29,12559,0.026169435582847653,1.7089584159205682e-06,0.00010181131586497968,2.664344672133541e-06
2013,E06000054,479911,108043,11,168444,6.530360238417516e-05,31.33991712379188,male,25-29,14233,0.029657582343392837,1.9367469650288593e-06,0.00010181131586497968,3.0194774837548125e-06
2013,E07000061,100363,108043,20,41544,0.00048141729250914694,48.31648372809551,female,25-29,2818,0.028078076582007314,1.3517271606974444e-05,0.00018511148339087215,5.197574406857883e-06
2013,E07000061,100363,108043,20,41544,0.00048141729250914694,48.31648372809551,male,25-29,2829,0.028187678726223808,1.3570035974496345e-05,0.00018511148339087215,5.217863022356619e-06
2013,E07000063,99626,108043,29,37939,0.0007643849337093756,76.15261340573025,female,25-29,2253,0.02261457852367856,1.7286243105687504e-05,0.00026841165091676464,6.070016356327372e-06
2013,E07000063,99626,108043,29,37939,0.0007643849337093756,76.15261340573025,male,25-29,2400,0.024090096962640275,1.8414107169840216e-05,0.00026841165091676464,6.466062696487213e-06
2013,E07000064,91232,108043,10,36599,0.00027323150905762453,24.927457034345203,female,25-29,1731,0.01897360575236759,5.1841869319838215e-06,9.255574169543608e-05,1.7561161530471747e-06
2013,E07000064,91232,108043,10,36599,0.00027323150905762453,24.927457034345203,male,25-29,1776,0.019466853735531392,5.318957822763298e-06,9.255574169543608e-05,1.8017690859686783e-06
2013,E07000065,152777,108043,32,58801,0.0005442084318293906,83.14253158959882,female,25-29,3069,0.02008810226670245,1.0932114632990567e-05,0.00029617837342539545,5.94966145455493e-06
2013,E07000065,152777,108043,32,58801,0.0005442084318293906,83.14253158959882,male,25-29,3259,0.021331744961610714,1.1608915473742672e-05,0.00029617837342539545,6.318001525055236e-06
2013,E07000071,177993,108043,129,62772,0.002055056394570828,365.78565283884535,female,25-29,6035,0.033905827757271356,6.967838814579757e-05,0.0011939690678711254,4.0482509562748214e-05
2013,E07000071,177993,108043,129,62772,0.002055056394570828,365.78565283884535,male,25-29,6205,0.0348609214969128,7.164115964286228e-05,0.0011939690678711254,4.1622861944797454e-05
2013,E07000084,172050,108043,677,63307,0.010693920103622032,1839.8889538281705,female,25-29,5722,0.033257773902935196,0.0003556559769423149,0.0062660237127810225,0.0002083939999101018
2013,E07000084,172050,108043,677,63307,0.010693920103622032,1839.8889538281705,male,25-29,5111,0.02970648067422261,0.00031767873088992855,0.0062660237127810225,0.00018614151232795005
2013,E07000085,117401,108043,8612,41475,0.20764315852923448,24377.514454490658,female,25-29,2484,0.02115825248507253,0.004393366374959485,0.07970900474810955,0.001686503247794347
2013,E07000085,117401,108043,8612,41475,0.20764315852923448,24377.514454490658,male,25-29,2710,0.023083278677353686,0.00479308489377625,0.07970900474810955,0.0018399451696951208
2013,E07000089,92959,108043,2372,33431,0.07095211031677186,6595.637222936795,female,25-29,2139,0.023010144257145624,0.0016326182937378307,0.021954221930157437,0.0005051698136663127
2013,E07000089,92959,108043,2372,33431,0.07095211031677186,6595.637222936795,male,25-29,2622,0.0282059832829527,0.0020012740374850827,0.021954221930157437,0.0006192404167522542
2013,E07000090,121671,108043,9,43614,0.0002063557573256294,25.107511349566654,female,25-29,3292,0.02705657058789687,5.583279114299808e-06,8.330016752589247e-05,2.253816862647944e-06
2013,E07000090,121671,108043,9,43614,0.0002063557573256294,25.107511349566654,male,25-29,3298,0.02710588390002548,5.5934552001703426e-06,8.330016752589247e-05,2.257924669809514e-06
2013,E07000092,94897,108043,4240,37380,0.11342964151952915,10764.132691278757,female,25-29,3676,0.03873673561861808,0.004393894034856625,0.0392436344788649,0.0015201702935214746
2013,E07000092,94897,108043,4240,37380,0.11342964151952915,10764.132691278757,male,25-29,3675,0.03872619787769898,0.004392698742681746,0.0392436344788649,0.0015197567542686123
2013,E07000093,118805,108043,39,44103,0.0008842935854703761,105.05849942180804,female,25-29,2870,0.024157232439712132,2.1362085689154323e-05,0.0003609673926122007,8.71997320648976e-06
2013,E07000093,118805,108043,39,44103,0.0008842935854703761,105.05849942180804,male,25-29,2856,0.024039392281469635,2.125788039310967e-05,0.0003609673926122007,8.677436751823957e-06
2013,E07000094,119037,108043,14,43975,0.00031836270608300173,37.89694144400228,female,25-29,2739,0.023009652460999522,7.325415223513208e-06,0.0001295780383736105,2.9815456295548375e-06
2013,E07000094,119037,108043,14,43975,0.00031836270608300173,37.89694144400228,male,25-29,2852,0.02395893713719264,7.627632061869175e-06,0.0001295780383736105,3.1045520757540696e-06
2013,E07000102,89566,108043,29,34487,0.0008408965697219242,75.31574216371386,female,25-29,2465,0.02752160418015765,2.314282254833914e-05,0.00026841165091676464,7.387119213873846e-06
2013,E07000102,89566,108043,29,34487,0.0008408965697219242,75.31574216371386,male,25-29,2366,0.026416274032557,2.221335421881152e-05,0.00026841165091676464,7.090435724148284e-06
2013,E07000180,123497,108043,57,39314,0.00144986518797375,179.0540011191942,female,25-29,3426,0.02774156457241876,4.0221528733475845e-05,0.0005275677276639857,1.4635554183314694e-05
2013,E07000180,123497,108043,57,39314,0.00144986518797375,179.0540011191942,male,25-29,3633,0.029417718649036008,4.265172617884348e-05,0.0005275677276639857,1.551983898073038e-05
2013,E07000207,133499,108043,3258,45188,0.0720987872886607,9625.116004248915,female,25-29,2927,0.021925257867100128,0.0015807845032090868,0.030154660644373072,0.0006611487105227753
2013,E07000207,133499,108043,3258,45188,0.0720987872886607,9625.116004248915,male,25-29,2757,0.020651840088689803,0.001488972625673882,0.030154660644373072,0.0006227492295563005
2013,E07000208,76906,108043,434,26765,0.016215206426303006,1247.046665421259,female,25-29,2027,0.026356851220971055,0.00042738178329540207,0.0040169191895819256,0.00010587334144647443
2013,E07000208,76906,108043,434,26765,0.016215206426303006,1247.046665421259,male,25-29,1960,0.02548565781603516,0.0004132552023971328,0.0040169191895819256,0.00010237382794035022
2013,E07000209,140657,108043,34716,49362,0.7032940318463595,98923.2286374134,female,25-29,4544,0.032305537584336366,0.022720291778652025,0.3213165128698759,0.010380302682985676
2013,E07000209,140657,108043,34716,49362,0.7032940318463595,98923.2286374134,male,25-29,5076,0.036087788023347576,0.025380325939356883,0.3213165128698759,0.011595602204849315
2013,E07000210,86761,108043,3001,30934,0.09701299540958169,8416.944494730717,female,25-29,1912,0.022037551434400247,0.0021379288761438917,0.027775978082800367,0.0006121145456404871
2013,E07000210,86761,108043,3001,30934,0.09701299540958169,8416.944494730717,male,25-29,1946,0.022429432579154227,0.002175946439841011,0.027775978082800367,0.0006229994277282364
2013,E07000211,140928,108043,842,52491,0.016040845097254768,2260.60421786592,female,25-29,4053,0.028759366485013624,0.0004613245428812839,0.007793193450755718,0.00022412730653889167
2013,E07000211,140928,108043,842,52491,0.016040845097254768,2260.60421786592,male,25-29,3955,0.028063975930971843,0.0004501698907218055,0.007793193450755718,0.00021870799342741586
2013,E07000212,83094,108043,1641,28983,0.05661939757789049,4704.732222337232,female,25-29,2359,0.028389534743784146,0.00160739835470965,0.01518839721222106,0.00043119153035874405
2013,E07000212,83094,108043,1641,28983,0.05661939757789049,4704.732222337232,male,25-29,2436,0.029316196115242978,0.0016598653633203508,0.01518839721222106,0.0004452660313496823
2013,E07000213,97371,108043,1434,37349,0.038394602265120883,3738.5208171570857,female,25-29,2926,0.03005001489149747,0.001153758369820005,0.013272493359125533,0.0003988386230890235
2013,E07000213,97371,108043,1434,37349,0.038394602265120883,3738.5208171570857,male,25-29,2843,0.029197605036407143,0.0011210304324669425,0.013272493359125533,0.00038752501894808404
2013,E07000214,87134,108043,2312,34609,0.06680343263313011,5820.85029905516,female,25-29,2211,0.02537471021644823,0.0016951177445296978,0.02139888747998482,0.000542990568758997
2013,E07000214,87134,108043,2312,34609,0.06680343263313011,5820.85029905516,male,25-29,2325,0.0266830399155324,0.0017825186594443904,0.02139888747998482,0.0005709873687764215
2013,E07000215,84616,108043,465,31043,0.01497922236897207,1267.4818799729408,female,25-29,2082,0.024605275597995652,0.0003685678946322191,0.004303841988837777,0.00010589721826557924
2013,E07000215,84616,108043,465,31043,0.01497922236897207,1267.4818799729408,male,25-29,2114,0.02498345466578425,0.0003742327229839151,0.004303841988837777,0.00010752484121682734
2013,E07000216,122783,108043,28481,46045,0.6185470735150397,75947.06532739711,female,25-29,2519,0.020515869460755967,0.012690031015567179,0.2636080079227715,0.005408147479353505
2013,E07000216,122783,108043,28481,46045,0.6185470735150397,75947.06532739711,male,25-29,2565,0.020890514159126263,0.01292176639735205,0.2636080079227715,0.0055069068219697264
2013,E07000217,100387,108043,6868,35860,0.19152258784160625,19226.378025655325,female,25-29,3218,0.032055943498660186,0.006139437254567713,0.06356728339642549,0.0020377092449191353
2013,E07000217,100387,108043,6868,35860,0.19152258784160625,19226.378025655325,male,25-29,3084,0.03072110930698198,0.005883786355838044,0.06356728339642549,0.0019528574615694883
2013,E07000223,62605,108043,67,25716,0.002605381863431327,163.1099315601182,female,25-29,1635,0.026116124910150945,6.804247818401437e-05,0.0006201234693594218,1.619522198550682e-05
2013,E07000223,62605,108043,67,25716,0.002605381863431327,163.1099315601182,male,25-29,1565,0.024998003354364667,6.512934456145717e-05,0.0006201234693594218,1.550184856716708e-05
2013,E07000224,153013,108043,146,64199,0.00227417872552532,347.9789093288058,female,25-29,3787,0.024749531085594034,5.6284857061585526e-05,0.0013513138287533668,3.344438361112454e-05
2013,E07000224,153013,108043,146,64199,0.00227417872552532,347.9789093288058,male,25-29,3674,0.024011031742400973,5.460537756648145e-05,0.0013513138287533668,3.244643923614248e-05
2013,E07000225,115800,108043,3182,46206,0.06886551530104315,7974.626671860797,female,25-29,2526,0.021813471502590675,0.0015021959555305269,0.02945123700748776,0.0006424337191788781
2013,E07000225,115800,108043,3182,46206,0.06886551530104315,7974.626671860797,male,25-29,2615,0.02258203799654577,0.0015551236831798604,0.02945123700748776,0.0006650689531483635
2013,E07000226,108953,108043,598,40132,0.01490082727000897,1623.4898335492874,female,25-29,4564,0.04188962213064349,0.0006241900237746638,0.005534833353387078,0.00023185207772946704
2013,E07000226,108953,108043,598,40132,0.01490082727000897,1623.4898335492874,male,25-29,4119,0.037805292190210456,0.0005633301288185451,0.005534833353387078,0.00020924599214892085
2013,E07000227,133173,108043,2006,47879,0.04189728273355751,5579.586833476054,female,25-29,2941,0.022084056077433113,0.0009252619413799542,0.018566681784104477,0.00041002764169201917
2013,E07000227,133173,108043,2006,47879,0.04189728273355751,5579.586833476054,male,25-29,2956,0.02219669152155467,0.0009299810604281347,0.018566681784104477,0.00041211890814063534
2013,E07000228,142983,108043,208,48945,0.004249667994687915,607.6302788844621,female,25-29,3618,0.025303707433750867,0.00010753235562815773,0.0019251594272650704,4.871367091084272e-05
2013,E07000228,142983,108043,208,48945,0.004249667994687915,607.6302788844621,male,25-29,3731,0.026094011176153807,0.00011089088414832959,0.0019251594272650704,5.023513161093261e-05
2013,E07000229,106413,108043,139,40585,0.0034249106812861895,364.4550203277073,female,25-29,3041,0.028577335475928695,9.787482151420694e-05,0.0012865248095665614,3.67654510810889e-05
2013,E07000229,106413,108043,139,40585,0.0034249106812861895,364.4550203277073,male,25-29,2896,0.0272147200060143,9.320798523681133e-05,0.0012865248095665614,3.5012412473144835e-05
2013,E09000008,373628,108043,50,149453,0.0003345533378386516,124.99849450997972,female,25-29,14477,0.03874709604205252,1.2962970312423478e-05,0.00046277870847718036,1.7931331063582332e-05
2013,E09000008,373628,108043,50,149453,0.0003345533378386516,124.99849450997972,male,25-29,13331,0.03567987409937157,1.1936820973607612e-05,0.00046277870847718036,1.6511886054335573e-05
2013,E09000011,264097,108043,64,52633,0.00121596716888644,321.13328140140214,female,25-29,11970,0.04532425586053609,5.511280708062071e-05,0.0005923567468507909,2.684812875498005e-05
2013,E09000011,264097,108043,64,52633,0.00121596716888644,321.13328140140214,male,25-29,11731,0.044419285338341594,5.401239263682218e-05,0.0005923567468507909,2.631206336045706e-05
2013,E09000017,285996,108043,72,115552,0.0006230960952644697,178.20299086125726,female,25-29,11243,0.03931173862571505,2.4494990835740475e-05,0.0006664013402071398,2.619739530604929e-05
2013,E09000017,285996,108043,72,115552,0.0006230960952644697,178.20299086125726,male,25-29,10759,0.037619407264437264,2.3440505772634683e-05,0.0006664013402071398,2.5069623418819203e-05
2013,E09000018,261275,108043,231,100578,0.002296724929905148,600.0768060609676,female,25-29,12136,0.04644914362261984,0.00010668090613081571,0.0021380376331645735,9.931001709342747e-05
2013,E09000018,261275,108043,231,100578,0.002296724929905148,600.0768060609676,male,25-29,12652,0.048424074251267823,0.00011121677854046478,0.0021380376331645735,0.00010353249310036623
2013,E09000021,165657,108043,116,55314,0.002097118270238999,347.40232129298187,female,25-29,6306,0.038066607508285194,7.983017809164194e-05,0.0010736466036670585,4.087008386439735e-05
2013,E09000021,165657,108043,116,55314,0.002097118270238999,347.40232129298187,male,25-29,6355,0.03836239941566007,8.045048870478663e-05,0.0010736466036670585,4.1187659841142585e-05
2013,E09000022,312700,108043,19,112835,0.00016838746842734968,52.65476137723225,female,25-29,23729,0.07588423409018229,1.2777954071994183e-05,0.00017585590922132853,1.334469098149314e-05
2013,E09000022,312700,108043,19,112835,0.00016838746842734968,52.65476137723225,male,25-29,23517,0.07520626798848737,1.2663793076450215e-05,0.00017585590922132853,1.322546663625834e-05
2013,E09000024,203637,108043,8,78151,0.00010236593261762485,20.84549142045527,female,25-29,9541,0.04685297858444192,4.7961488487100015e-06,7.404459335634886e-05,3.469209746818724e-06
2013,E09000024,203637,108043,8,78151,0.00010236593261762485,20.84549142045527,male,25-29,9180,0.04508021626718131,4.614678380794237e-06,7.404459335634886e-05,3.337946281919703e-06
2013,E09000027,191138,108043,51,65861,0.0007743581178542688,148.00926193042923,female,25-29,5914,0.030940995511096695,2.3959411048510217e-05,0.000472034282646724,1.4605210620456034e-05
2013,E09000027,191138,108043,51,65861,0.0007743581178542688,148.00926193042923,male,25-29,5592,0.029256348816038672,2.2654891204475672e-05,0.000472034282646724,1.3809999626241147e-05
2013,E09000029,195787,108043,77,79478,0.0009688215606834595,189.68266690153249,female,25-29,6870,0.035089153008115964,3.399512798038362e-05,0.0007126792110548578,2.5007309882407274e-05
2013,E09000029,195787,108043,77,79478,0.0009688215606834595,189.68266690153249,male,25-29,6066,0.03098264951196964,3.0016658854295054e-05,0.0007126792110548578,2.20806902105797e-05
2013,E09000032,313091,108043,8,108750,7.35632183908046e-05,23.0319816091954,female,25-29,25184,0.08043667815427463,5.917180921693766e-06,7.404459335634886e-05,5.955901124868775e-06
2013,E09000032,313091,108043,8,108750,7.35632183908046e-05,23.0319816091954,male,25-29,21124,0.0674692022447148,4.963251659381319e-06,7.404459335634886e-05,4.995729644287167e-06
2013,E09000033,225306,108043,58,72554,0.0007994045814152217,180.11064862033794,female,25-29,12469,0.055342511961510125,4.4241057609057904e-05,0.0005368233018335293,2.9709150002939455e-05
2013,E09000033,225306,108043,58,72554,0.0007994045814152217,180.11064862033794,male,25-29,13062,0.05797448802961306,4.634507133607461e-05,0.0005368233018335293,3.11220560861653e-05
2013,E06000036,116543,108043,770,40616,0.018958046090210755,2209.427565491432,female,30-34,4622,0.03965918158962786,0.0007518605924762028,0.007126792110548578,0.00028264274246377324
2013,E06000036,116543,108043,770,40616,0.018958046090210755,2209.427565491432,male,30-34,4124,0.03538608067408596,0.0006708509483712377,0.007126792110548578,0.00025218924057131135
2013,E06000037,156031,108043,13,49239,0.00026401835943053273,41.19504864030545,female,30-34,4706,0.0301606731995565,7.962971457467344e-06,0.0001203224642040669,3.629006521424197e-06
2013,E06000037,156031,108043,13,49239,0.00026401835943053273,41.19504864030545,male,30-34,4492,0.02878915087386481,7.6008643831158745e-06,0.0001203224642040669,3.46398157548608e-06
2013,E06000040,146278,108043,191,53690,0.0035574594896628795,520.3780592289066,female,30-34,4983,0.034065272973379454,0.00012118582860710516,0.001767814666382829,6.0221089176674805e-05
2013,E06000040,146278,108043,191,53690,0.0035574594896628795,520.3780592289066,male,30-34,4704,0.03215794582917458,0.00011440058955806193,0.001767814666382829,5.684928827755935e-05
2013,E06000041,158065,108043,206,45893,0.004488701980694223,709.5066785784323,female,30-34,5060,0.03201214690159112,0.0001436929872034465,0.0019066482789259832,6.103590479464445e-05
2013,E06000041,158065,108043,206,45893,0.004488701980694223,709.5066785784323,male,30-34,4381,0.02771644576598235,0.000124410865007569,0.0019066482789259832,5.28455136176556e-05
2013,E06000043,277991,108043,31,90245,0.0003435093356972685,95.49250373981937,female,30-34,10770,0.03874226144011857,1.330832849070503e-05,0.0002869227992558518,1.1116038101900868e-05
2013,E06000043,277991,108043,31,90245,0.0003435093356972685,95.49250373981937,male,30-34,11713,0.04213445759035364,1.4473579536827113e-05,0.0002869227992558518,1.208933651695124e-05
2013,E06000054,479911,108043,11,168444,6.530360238417516e-05,31.33991712379188,female,30-34,13149,0.027398830199766206,1.7892423131570626e-06,0.00010181131586497968,2.7895109557993418e-06
2013,E06000054,479911,108043,11,168444,6.530360238417516e-05,31.33991712379188,male,30-34,13368,0.027855164811808858,1.819042607216033e-06,0.00010181131586497968,2.8359709831261392e-06
2013,E07000061,100363,108043,20,41544,0.00048141729250914694,48.31648372809551,female,30-34,3074,0.030628817392863904,1.474524234202961e-05,0.00018511148339087215,5.669745822101183e-06
2013,E07000061,100363,108043,20,41544,0.00048141729250914694,48.31648372809551,male,30-34,2951,0.02940326614389765,1.4155240777921073e-05,0.00018511148339087215,5.442882212433503e-06
2013,E07000063,99626,108043,29,37939,0.0007643849337093756,76.15261340573025,female,30-34,2529,0.025384939674382188,1.9403865430219127e-05,0.00026841165091676464,6.813613566423401e-06
2013,E07000063,99626,108043,29,37939,0.0007643849337093756,76.15261340573025,male,30-34,2487,0.024963362977535986,1.9081618554746925e-05,0.00026841165091676464,6.700457469234875e-06
2013,E07000064,91232,108043,10,36599,0.00027323150905762453,24.927457034345203,female,30-34,1792,0.019642230796211857,5.366876361707112e-06,9.255574169543608e-05,1.8180012398963243e-06
2013,E07000064,91232,108043,10,36599,0.00027323150905762453,24.927457034345203,male,30-34,1644,0.018019992984917573,4.9236298764768365e-06,9.255574169543608e-05,1.6678538160656011e-06
2013,E07000065,152777,108043,32,58801,0.0005442084318293906,83.14253158959882,female,30-34,3464,0.022673569974538052,1.2339147959817309e-05,0.00029617837342539545,6.715421074805565e-06
2013,E07000065,152777,108043,32,58801,0.0005442084318293906,83.14253158959882,male,30-34,3232,0.021155016789176383,1.151273851216211e-05,0.00029617837342539545,6.265658462405193e-06
2013,E07000071,177993,108043,129,62772,0.002055056394570828,365.78565283884535,female,30-34,5982,0.03360806323844196,6.906646526730092e-05,0.0011939690678711254,4.0126987937756385e-05
2013,E07000071,177993,108043,129,62772,0.002055056394570828,365.78565283884535,male,30-34,5866,0.032956352216098384,6.772716236342145e-05,0.0011939690678711254,3.9348865135887486e-05
2013,E07000084,172050,108043,677,63307,0.010693920103622032,1839.8889538281705,female,30-34,6250,0.03632664922987504,0.0003884742844965865,0.0062660237127810225,0.00022762364548027547
2013,E07000084,172050,108043,677,63307,0.010693920103622032,1839.8889538281705,male,30-34,5869,0.034112176692821856,0.00036479289211367456,0.0062660237127810225,0.00021374770805179788
2013,E07000085,117401,108043,8612,41475,0.20764315852923448,24377.514454490658,female,30-34,2927,0.024931644534544,0.005176885418480842,0.07970900474810955,0.001987276572582147
2013,E07000085,117401,108043,8612,41475,0.20764315852923448,24377.514454490658,male,30-34,2561,0.021814124240849737,0.004529553657919179,0.07970900474810955,0.0017387821326897432
2013,E07000089,92959,108043,2372,33431,0.07095211031677186,6595.637222936795,female,30-34,2771,0.02980884045654536,0.0021150001364878585,0.021954221930157437,0.0006544298988636523
2013,E07000089,92959,108043,2372,33431,0.07095211031677186,6595.637222936795,male,30-34,2515,0.027054938198560655,0.0019196049596777204,0.021954221930157437,0.0005939701175178945
2013,E07000090,121671,108043,9,43614,0.0002063557573256294,25.107511349566654,female,30-34,3189,0.026210025396355745,5.4085896401889695e-06,8.330016752589247e-05,2.1832995063743297e-06
2013,E07000090,121671,108043,9,43614,0.0002063557573256294,25.107511349566654,male,30-34,3039,0.024977192593140518,5.154187493425613e-06,8.330016752589247e-05,2.0806043273350856e-06
2013,E07000092,94897,108043,4240,37380,0.11342964151952915,10764.132691278757,female,30-34,3765,0.039674594560418136,0.00450027503842089,0.0392436344788649,0.001556975287026211
2013,E07000092,94897,108043,4240,37380,0.11342964151952915,10764.132691278757,male,30-34,3895,0.041044500879901365,0.00465566302115521,0.0392436344788649,0.001610735389898298
2013,E07000093,118805,108043,39,44103,0.0008842935854703761,105.05849942180804,female,30-34,3241,0.027279996633138334,2.4123526034337687e-05,0.0003609673926122007,9.847189255133558e-06
2013,E07000093,118805,108043,39,44103,0.0008842935854703761,105.05849942180804,male,30-34,2931,0.024670678843483018,2.181612305049175e-05,0.0003609673926122007,8.905310616105047e-06
2013,E07000094,119037,108043,14,43975,0.00031836270608300173,37.89694144400228,female,30-34,3309,0.02779807958869931,8.849871841768968e-06,0.0001295780383736105,3.602020623657158e-06
2013,E07000094,119037,108043,14,43975,0.00031836270608300173,37.89694144400228,male,30-34,2975,0.024992229306854172,7.956593753176998e-06,0.0001295780383736105,3.238444048165623e-06
2013,E07000102,89566,108043,29,34487,0.0008408965697219242,75.31574216371386,female,30-34,2975,0.033215729182948885,2.793099273075413e-05,0.00026841165091676464,8.915488706399467e-06
2013,E07000102,89566,108043,29,34487,0.0008408965697219242,75.31574216371386,male,30-34,2565,0.028638099278744167,2.4081679446851882e-05,0.00026841165091676464,7.686799506525929e-06
2013,E07000180,123497,108043,57,39314,0.00144986518797375,179.0540011191942,female,30-34,3847,0.03115055426447606,4.516410421415108e-05,0.0005275677276639857,1.6434027128783312e-05
2013,E07000180,123497,108043,57,39314,0.00144986518797375,179.0540011191942,male,30-34,3785,0.030648517777759784,4.4436218988968506e-05,0.0005275677276639857,1.6169168880281996e-05
2013,E07000207,133499,108043,3258,45188,0.0720987872886607,9625.116004248915,female,30-34,4354,0.03261447651293268,0.002351464204636954,0.030154660644373072,0.000983478471341361
2013,E07000207,133499,108043,3258,45188,0.0720987872886607,9625.116004248915,male,30-34,3576,0.026786717503501898,0.0019312898474464278,0.030154660644373072,0.000807744376094788
2013,E07000208,76906,108043,434,26765,0.016215206426303006,1247.046665421259,female,30-34,2542,0.0330533378410007,0.0005359666961701589,0.0040169191895819256,0.00013277258705325014
2013,E07000208,76906,108043,434,26765,0.016215206426303006,1247.046665421259,male,30-34,2242,0.029152471848750423,0.0004727133488644753,0.0040169191895819256,0.00011710312359299246
2013,E07000209,140657,108043,34716,49362,0.7032940318463595,98923.2286374134,female,30-34,4600,0.03270366920949544,0.023000295374515693,0.3213165128698759,0.010508228948445004
2013,E07000209,140657,108043,34716,49362,0.7032940318463595,98923.2286374134,male,30-34,4671,0.03320844323425069,0.02335529993355713,0.3213165128698759,0.010670421177866655
2013,E07000210,86761,108043,3001,30934,0.09701299540958169,8416.944494730717,female,30-34,2161,0.024907504523922038,0.002416351622043384,0.027775978082800367,0.0006918302997537095
2013,E07000210,86761,108043,3001,30934,0.09701299540958169,8416.944494730717,male,30-34,2008,0.02314403937252913,0.0022452725854063466,0.027775978082800367,0.0006428483303588378
2013,E07000211,140928,108043,842,52491,0.016040845097254768,2260.60421786592,female,30-34,5048,0.0358197093551317,0.0005745784091943551,0.007793193450755718,0.0002791499243543857
2013,E07000211,140928,108043,842,52491,0.016040845097254768,2260.60421786592,male,30-34,4606,0.03268335603996367,0.0005242686514954833,0.007793193450755718,0.0002547077162393622
2013,E07000212,83094,108043,1641,28983,0.05661939757789049,4704.732222337232,female,30-34,2554,0.03073627458059547,0.001740269350541944,0.01518839721222106,0.0004668347471539772
2013,E07000212,83094,108043,1641,28983,0.05661939757789049,4704.732222337232,male,30-34,2508,0.030182684670373314,0.0017089254233199672,0.01518839721222106,0.00045842660370484534
2013,E07000213,97371,108043,1434,37349,0.038394602265120883,3738.5208171570857,female,30-34,3597,0.036941183719998764,0.0014183420561321113,0.013272493359125533,0.0004903016156019199
2013,E07000213,97371,108043,1434,37349,0.038394602265120883,3738.5208171570857,male,30-34,3302,0.03391153423503918,0.0013020198691543598,0.013272493359125533,0.00045009061293231574
2013,E07000214,87134,108043,2312,34609,0.06680343263313011,5820.85029905516,female,30-34,2548,0.029242316432161956,0.001953487115812605,0.02139888747998482,0.0006257530389859448
2013,E07000214,87134,108043,2312,34609,0.06680343263313011,5820.85029905516,male,30-34,2610,0.029953864163242822,0.0020010209467311224,0.02139888747998482,0.0006409793688199829
2013,E07000215,84616,108043,465,31043,0.01497922236897207,1267.4818799729408,female,30-34,2481,0.02932069584948473,0.0004392012231424282,0.004303841988837777,0.00012619164193895392
2013,E07000215,84616,108043,465,31043,0.01497922236897207,1267.4818799729408,male,30-34,2254,0.026637988087359364,0.0003990163470225849,0.004303841988837777,0.00011464569162853775
2013,E07000216,122783,108043,28481,46045,0.6185470735150397,75947.06532739711,female,30-34,3198,0.026045950986700112,0.016110646759739514,0.2636080079227715,0.006865921254058161
2013,E07000216,122783,108043,28481,46045,0.6185470735150397,75947.06532739711,male,30-34,2840,0.023130237899383465,0.014307140962370301,0.2636080079227715,0.0060973159354362665
2013,E07000217,100387,108043,6868,35860,0.19152258784160625,19226.378025655325,female,30-34,4001,0.03985575821570522,0.0076332779538612235,0.06356728339642549,0.0025335222774771475
2013,E07000217,100387,108043,6868,35860,0.19152258784160625,19226.378025655325,male,30-34,3851,0.03836154083696096,0.0073471015746862205,0.06356728339642549,0.002438538937906647
2013,E07000223,62605,108043,67,25716,0.002605381863431327,163.1099315601182,female,30-34,1894,0.03025317466656018,7.882107258747597e-05,0.0006201234693594218,1.8760703633363865e-05
2013,E07000223,62605,108043,67,25716,0.002605381863431327,163.1099315601182,male,30-34,1697,0.027106461145275935,7.062268224970788e-05,0.0006201234693594218,1.680935272746488e-05
2013,E07000224,153013,108043,146,64199,0.00227417872552532,347.9789093288058,female,30-34,3856,0.025200473162411037,5.731037993912696e-05,0.0013513138287533668,3.4053747875494126e-05
2013,E07000224,153013,108043,146,64199,0.00227417872552532,347.9789093288058,male,30-34,3696,0.024154810375589003,5.493235587526277e-05,0.0013513138287533668,3.264072929144872e-05
2013,E07000225,115800,108043,3182,46206,0.06886551530104315,7974.626671860797,female,30-34,2775,0.023963730569948185,0.0016502746542348423,0.02945123700748776,0.0007057615085991237
2013,E07000225,115800,108043,3182,46206,0.06886551530104315,7974.626671860797,male,30-34,2618,0.022607944732297065,0.0015569077638871414,0.02945123700748776,0.0006658319385630652
2013,E07000226,108953,108043,598,40132,0.01490082727000897,1623.4898335492874,female,30-34,4998,0.045872991106256825,0.0006835455168329906,0.005534833353387078,0.00025389936119453904
2013,E07000226,108953,108043,598,40132,0.01490082727000897,1623.4898335492874,male,30-34,4946,0.04539572109074555,0.0006764337987707026,0.005534833353387078,0.00025125775119411566
2013,E07000227,133173,108043,2006,47879,0.04189728273355751,5579.586833476054,female,30-34,3488,0.02619149527306586,0.0010973524826702753,0.018566681784104477,0.0004862891581848904
2013,E07000227,133173,108043,2006,47879,0.04189728273355751,5579.586833476054,male,30-34,3222,0.024194093397310264,0.001013666771549205,0.018566681784104477,0.0004492040331627629
2013,E07000228,142983,108043,208,48945,0.004249667994687915,607.6302788844621,female,30-34,4463,0.031213500905702077,0.00013264701580112436,0.0019251594272650704,6.0090965526559165e-05
2013,E07000228,142983,108043,208,48945,0.004249667994687915,607.6302788844621,male,30-34,4105,0.0287097067483547,0.00012200672190535861,0.0019251594272650704,5.527076260061066e-05
2013,E07000229,106413,108043,139,40585,0.0034249106812861895,364.4550203277073,female,30-34,3423,0.032167122438047986,0.0001101695212243112,0.0012865248095665614,4.138380106891395e-05
2013,E07000229,106413,108043,139,40585,0.0034249106812861895,364.4550203277073,male,30-34,3099,0.02912238166389445,9.974155602516517e-05,0.0012865248095665614,3.746666652426653e-05
2013,E09000008,373628,108043,50,149453,0.0003345533378386516,124.99849450997972,female,30-34,15786,0.0422505807915895,1.4135072829447886e-05,0.00046277870847718036,1.9552669211142554e-05
2013,E09000008,373628,108043,50,149453,0.0003345533378386516,124.99849450997972,male,30-34,14260,0.03816630445255709,1.2768664547569163e-05,0.00046277870847718036,1.7662553081901226e-05
2013,E09000011,264097,108043,64,52633,0.00121596716888644,321.13328140140214,female,30-34,12575,0.04761508082257655,5.7898375024127435e-05,0.0005923567468507909,2.8205114377098926e-05
2013,E09000011,264097,108043,64,52633,0.00121596716888644,321.13328140140214,male,30-34,12854,0.04867151084639356,5.918295924931484e-05,0.0005923567468507909,2.8830897829282674e-05
2013,E09000017,285996,108043,72,115552,0.0006230960952644697,178.20299086125726,female,30-34,11905,0.04162645631407432,2.5937282388996737e-05,0.0006664013402071398,2.7739926275773083e-05
2013,E09000017,285996,108043,72,115552,0.0006230960952644697,178.20299086125726,male,30-34,11359,0.03971733870403782,2.474771866078236e-05,0.0006664013402071398,2.6467687741831704e-05
2013,E09000018,261275,108043,231,100578,0.002296724929905148,600.0768060609676,female,30-34,13122,0.050222945172710746,0.00011534829023142419,0.0021380376331645735,0.00010737854682761662
2013,E09000018,261275,108043,231,100578,0.002296724929905148,600.0768060609676,male,30-34,13842,0.052978662328963734,0.00012167741452395774,0.0021380376331645735,0.00011327037381404277
2013,E09000021,165657,108043,116,55314,0.002097118270238999,347.40232129298187,female,30-34,7061,0.0426242175096736,8.938802529417755e-05,0.0010736466036670585,4.576334636322703e-05
2013,E09000021,165657,108043,116,55314,0.002097118270238999,347.40232129298187,male,30-34,6821,0.04117544082049053,8.634976922979536e-05,0.0010736466036670585,4.420787219141362e-05
2013,E09000022,312700,108043,19,112835,0.00016838746842734968,52.65476137723225,female,30-34,19035,0.060873041253597694,1.0250257312166937e-05,0.00017585590922132853,1.0704884016718863e-05
2013,E09000022,312700,108043,19,112835,0.00016838746842734968,52.65476137723225,male,30-34,20743,0.0663351455068756,1.117000721966266e-05,0.00017585590922132853,1.1665427326440734e-05
2013,E09000024,203637,108043,8,78151,0.00010236593261762485,20.84549142045527,female,30-34,10920,0.05362483242239868,5.489355982382688e-06,7.404459335634886e-05,3.9706289105188625e-06
2013,E09000024,203637,108043,8,78151,0.00010236593261762485,20.84549142045527,male,30-34,10673,0.052411889784273,5.36519197801927e-06,7.404459335634886e-05,3.880817066114269e-06
2013,E09000027,191138,108043,51,65861,0.0007743581178542688,148.00926193042923,female,30-34,8556,0.044763469325827414,3.466295585577501e-05,0.000472034282646724,2.1129892131995577e-05
2013,E09000027,191138,108043,51,65861,0.0007743581178542688,148.00926193042923,male,30-34,7522,0.03935376534231812,3.0473907660956013e-05,0.000472034282646724,1.857632639280864e-05
2013,E09000029,195787,108043,77,79478,0.0009688215606834595,189.68266690153249,female,30-34,8052,0.04112632605842063,3.9844071397095904e-05,0.0007126792110548578,2.9309877608900052e-05
2013,E09000029,195787,108043,77,79478,0.0009688215606834595,189.68266690153249,male,30-34,7227,0.036912563142598845,3.5761687032639355e-05,0.0007126792110548578,2.6306816378479966e-05
2013,E09000032,313091,108043,8,108750,7.35632183908046e-05,23.0319816091954,female,30-34,22620,0.0722473657818334,5.314748747169353e-06,7.404459335634886e-05,5.349526820383247e-06
2013,E09000032,313091,108043,8,108750,7.35632183908046e-05,23.0319816091954,male,30-34,22418,0.07160218594593903,5.267287242000113e-06,7.404459335634886e-05,5.301754741792733e-06
2013,E09000033,225306,108043,58,72554,0.0007994045814152217,180.11064862033794,female,30-34,12862,0.057086806387757094,4.563545456473676e-05,0.0005368233018335293,3.064552789620717e-05
2013,E09000033,225306,108043,58,72554,0.0007994045814152217,180.11064862033794,male,30-34,15238,0.06763246429300596,5.406570180823036e-05,0.0005368233018335293,3.630668279290973e-05
2013,E06000036,116543,108043,770,40616,0.018958046090210755,2209.427565491432,female,35-39,4334,0.037187990698712065,0.0007050116416685121,0.007126792110548578,0.000265031078718735
2013,E06000036,116543,108043,770,40616,0.018958046090210755,2209.427565491432,male,35-39,4218,0.03619264992320431,0.0006861419253709701,0.007126792110548578,0.0002579374919325391
2013,E06000037,156031,108043,13,49239,0.00026401835943053273,41.19504864030545,female,35-39,5374,0.03444187373022028,9.09328699796632e-06,0.0001203224642040669,4.144131119025422e-06
2013,E06000037,156031,108043,13,49239,0.00026401835943053273,41.19504864030545,male,35-39,4913,0.031487332645435843,8.313233907891428e-06,0.0001203224642040669,3.7886334551120014e-06
2013,E06000040,146278,108043,191,53690,0.0035574594896628795,520.3780592289066,female,35-39,5173,0.03536416959488098,0.0001258066007193568,0.001767814666382829,6.251729767428031e-05
2013,E06000040,146278,108043,191,53690,0.0035574594896628795,520.3780592289066,male,35-39,5118,0.034988173204446325,0.00012446900879212606,0.001767814666382829,6.185260574076292e-05
2013,E06000041,158065,108043,206,45893,0.004488701980694223,709.5066785784323,female,35-39,5801,0.036700091734413055,0.00016473577445991956,0.0019066482789259832,6.997416674184435e-05
2013,E06000041,158065,108043,206,45893,0.004488701980694223,709.5066785784323,male,35-39,5511,0.034865403473254675,0.0001565004056281015,0.0019066482789259832,6.647606152634102e-05
2013,E06000043,277991,108043,31,90245,0.0003435093356972685,95.49250373981937,female,35-39,9913,0.03565942782320291,1.2249346362893125e-05,0.0002869227992558518,1.0231502850895386e-05
2013,E06000043,277991,108043,31,90245,0.0003435093356972685,95.49250373981937,male,35-39,10293,0.03702637855182362,1.2718906699612524e-05,0.0002869227992558518,1.0623712180396067e-05
2013,E06000054,479911,108043,11,168444,6.530360238417516e-05,31.33991712379188,female,35-39,14159,0.029503387086355595,1.926677459273774e-06,0.00010181131586497968,3.003778661735712e-06
2013,E06000054,479911,108043,11,168444,6.530360238417516e-05,31.33991712379188,male,35-39,13151,0.027402997639145592,1.7895144619612543e-06,0.00010181131586497968,2.7899352482863447e-06
2013,E07000061,100363,108043,20,41544,0.00048141729250914694,48.31648372809551,female,35-39,2890,0.02879547243506073,1.3862638376208708e-05,0.00018511148339087215,5.330372617395061e-06
2013,E07000061,100363,108043,20,41544,0.00048141729250914694,48.31648372809551,male,35-39,2654,0.02644400825005231,1.2730602854829728e-05,0.00018511148339087215,4.895089593967644e-06
2013,E07000063,99626,108043,29,37939,0.0007643849337093756,76.15261340573025,female,35-39,2717,0.02727199726978901,2.0846303825189945e-05,0.00026841165091676464,7.320121810981566e-06
2013,E07000063,99626,108043,29,37939,0.0007643849337093756,76.15261340573025,male,35-39,2284,0.022925742276112663,1.7524091989964606e-05,0.00026841165091676464,6.1535363328236655e-06
2013,E07000064,91232,108043,10,36599,0.00027323150905762453,24.927457034345203,female,35-39,1922,0.021067169414240618,5.7562144906255955e-06,9.255574169543608e-05,1.949887490558446e-06
2013,E07000064,91232,108043,10,36599,0.00027323150905762453,24.927457034345203,male,35-39,1626,0.017822693791652054,4.869721520165046e-06,9.255574169543608e-05,1.6495926428969997e-06
2013,E07000065,152777,108043,32,58801,0.0005442084318293906,83.14253158959882,female,35-39,4072,0.0266532265982445,1.4504910650224044e-05,0.00029617837342539545,7.894109300406543e-06
2013,E07000065,152777,108043,32,58801,0.0005442084318293906,83.14253158959882,male,35-39,3300,0.02160010996419618,1.1754961970957598e-05,0.00029617837342539545,6.3974854350053015e-06
2013,E07000071,177993,108043,129,62772,0.002055056394570828,365.78565283884535,female,35-39,5643,0.031703493957627546,6.51524679878601e-05,0.0011939690678711254,3.785299112884642e-05
2013,E07000071,177993,108043,129,62772,0.002055056394570828,365.78565283884535,male,35-39,5699,0.03201811307186238,6.579902801042259e-05,0.0011939690678711254,3.822863661940382e-05
2013,E07000084,172050,108043,677,63307,0.010693920103622032,1839.8889538281705,female,35-39,5999,0.03486777099680326,0.00037287315723120355,0.0062660237127810225,0.0002184822798777876
2013,E07000084,172050,108043,677,63307,0.010693920103622032,1839.8889538281705,male,35-39,5852,0.0340133682069166,0.0003637362420598439,0.0062660237127810225,0.00021312857173609153
2013,E07000085,117401,108043,8612,41475,0.20764315852923448,24377.514454490658,female,35-39,3343,0.02847505557874294,0.005912650479665683,0.07970900474810955,0.0022697183403287044
2013,E07000085,117401,108043,8612,41475,0.20764315852923448,24377.514454490658,male,35-39,2922,0.02488905545949353,0.0051680420884185245,0.07970900474810955,0.0019838818397967316
2013,E07000089,92959,108043,2372,33431,0.07095211031677186,6595.637222936795,female,35-39,3272,0.03519831323486698,0.002497394603604573,0.021954221930157437,0.0007727515803254675
2013,E07000089,92959,108043,2372,33431,0.07095211031677186,6595.637222936795,male,35-39,3089,0.03322970341763573,0.002357717582681701,0.021954221930157437,0.0007295322835040858
2013,E07000090,121671,108043,9,43614,0.0002063557573256294,25.107511349566654,female,35-39,3117,0.025618265650812436,5.2864766097425585e-06,8.330016752589247e-05,2.1340058204354924e-06
2013,E07000090,121671,108043,9,43614,0.0002063557573256294,25.107511349566654,male,35-39,2901,0.023842986414182508,4.9201375184033245e-06,8.330016752589247e-05,1.986124762618981e-06
2013,E07000092,94897,108043,4240,37380,0.11342964151952915,10764.132691278757,female,35-39,3593,0.03786210312233263,0.004294684784341636,0.0392436344788649,0.0014858465355339111
2013,E07000092,94897,108043,4240,37380,0.11342964151952915,10764.132691278757,male,35-39,3554,0.03745113122648767,0.00424806838952134,0.0392436344788649,0.0014697185046722854
2013,E07000093,118805,108043,39,44103,0.0008842935854703761,105.05849942180804,female,35-39,3635,0.030596355372248644,2.705616079445156e-05,0.0003609673926122007,1.1044286622156891e-05
2013,E07000093,118805,108043,39,44103,0.0008842935854703761,105.05849942180804,male,35-39,3379,0.02844156390724296,2.5150692523920718e-05,0.0003609673926122007,1.0266477165410767e-05
2013,E07000094,119037,108043,14,43975,0.00031836270608300173,37.89694144400228,female,35-39,3610,0.030326705142098676,9.654891915619817e-06,0.0001295780383736105,3.929674962648033e-06
2013,E07000094,119037,108043,14,43975,0.00031836270608300173,37.89694144400228,male,35-39,3401,0.028570948528608753,9.09592448892604e-06,0.0001295780383736105,3.7021674648105157e-06
2013,E07000102,89566,108043,29,34487,0.0008408965697219242,75.31574216371386,female,35-39,3170,0.03539289462519259,2.976176368285398e-05,0.00026841165091676464,9.49986527707103e-06
2013,E07000102,89566,108043,29,34487,0.0008408965697219242,75.31574216371386,male,35-39,2954,0.03298126521224572,2.7733832782066455e-05,0.00026841165091676464,8.85255584494253e-06
2013,E07000180,123497,108043,57,39314,0.00144986518797375,179.0540011191942,female,35-39,3780,0.03060803096431492,4.437751856758281e-05,0.0005275677276639857,1.6147809344112535e-05
2013,E07000180,123497,108043,57,39314,0.00144986518797375,179.0540011191942,male,35-39,3875,0.031377280419767284,4.549282657391096e-05,0.0005275677276639857,1.6553640531332295e-05
2013,E07000207,133499,108043,3258,45188,0.0720987872886607,9625.116004248915,female,35-39,5358,0.040135132098367776,0.002893694351962517,0.030154660644373072,0.0012102612883433653
2013,E07000207,133499,108043,3258,45188,0.0720987872886607,9625.116004248915,male,35-39,4879,0.036547090240376334,0.002635000885260381,0.030154660644373072,0.0011020651037378275
2013,E07000208,76906,108043,434,26765,0.016215206426303006,1247.046665421259,female,35-39,2665,0.034652692897823315,0.0005619005685654891,0.0040169191895819256,0.00013919706707195577
2013,E07000208,76906,108043,434,26765,0.016215206426303006,1247.046665421259,male,35-39,2638,0.03430161495852079,0.0005562077673079776,0.0040169191895819256,0.0001377868153605326
2013,E07000209,140657,108043,34716,49362,0.7032940318463595,98923.2286374134,female,35-39,4516,0.03210647177175683,0.022580289980720192,0.3213165128698759,0.01031633955025601
2013,E07000209,140657,108043,34716,49362,0.7032940318463595,98923.2286374134,male,35-39,4686,0.03331508563384688,0.023430300896734903,0.3213165128698759,0.010704687141828978
2013,E07000210,86761,108043,3001,30934,0.09701299540958169,8416.944494730717,female,35-39,2706,0.031189128756007885,0.0030257508048354455,0.027775978082800367,0.0008663085567485137
2013,E07000210,86761,108043,3001,30934,0.09701299540958169,8416.944494730717,male,35-39,2405,0.02771982803333295,0.0026891835497521235,0.027775978082800367,0.0007699453359128512
2013,E07000211,140928,108043,842,52491,0.016040845097254768,2260.60421786592,female,35-39,5182,0.036770549500454136,0.0005898306886777235,0.007793193450755718,0.0002865600055476281
2013,E07000211,140928,108043,842,52491,0.016040845097254768,2260.60421786592,male,35-39,5054,0.035862284287011804,0.00057526134708167,0.007793193450755718,0.0002794817190346801
2013,E07000212,83094,108043,1641,28983,0.05661939757789049,4704.732222337232,female,35-39,2794,0.03362456976436325,0.0019038028838739985,0.01518839721222106,0.0005107033216711873
2013,E07000212,83094,108043,1641,28983,0.05661939757789049,4704.732222337232,male,35-39,2732,0.03287842684188991,0.001861556721096551,0.01518839721222106,0.0004993706065875747
2013,E07000213,97371,108043,1434,37349,0.038394602265120883,3738.5208171570857,female,35-39,3362,0.0345277341302852,0.0013256786190481396,0.013272493359125533,0.0004582691219498623
2013,E07000213,97371,108043,1434,37349,0.038394602265120883,3738.5208171570857,male,35-39,3325,0.034147744194883485,0.001311089056613642,0.013272493359125533,0.00045322570805570855
2013,E07000214,87134,108043,2312,34609,0.06680343263313011,5820.85029905516,female,35-39,2883,0.033086969495260174,0.002210323137711044,0.02139888747998482,0.0007080243372827626
2013,E07000214,87134,108043,2312,34609,0.06680343263313011,5820.85029905516,male,35-39,2657,0.030493263249707348,0.002037054657266127,0.02139888747998482,0.0006525219091780438
2013,E07000215,84616,108043,465,31043,0.01497922236897207,1267.4818799729408,female,35-39,2616,0.030916138791717878,0.0004630997177511456,0.004303841988837777,0.00013305817626453183
2013,E07000215,84616,108043,465,31043,0.01497922236897207,1267.4818799729408,male,35-39,2389,0.028233431029592512,0.0004229148416313023,0.004303841988837777,0.00012151222595411566
2013,E07000216,122783,108043,28481,46045,0.6185470735150397,75947.06532739711,female,35-39,4104,0.03342482265460202,0.020674826235763277,0.2636080079227715,0.008811050915151561
2013,E07000216,122783,108043,28481,46045,0.6185470735150397,75947.06532739711,male,35-39,3590,0.029238575372812197,0.018085435230601896,0.2636080079227715,0.007707522608526829
2013,E07000217,100387,108043,6868,35860,0.19152258784160625,19226.378025655325,female,35-39,3959,0.03943737734965683,0.007553148567692222,0.06356728339642549,0.002506926942397407
2013,E07000217,100387,108043,6868,35860,0.19152258784160625,19226.378025655325,male,35-39,4223,0.042067199936246726,0.008056818995040226,0.06356728339642549,0.002674097620041488
2013,E07000223,62605,108043,67,25716,0.002605381863431327,163.1099315601182,female,35-39,1925,0.030748342784122674,8.011117462032272e-05,0.0006201234693594218,1.9067769004342893e-05
2013,E07000223,62605,108043,67,25716,0.002605381863431327,163.1099315601182,male,35-39,1795,0.028671831323376726,7.470106932128794e-05,0.0006201234693594218,1.7780075513140516e-05
2013,E07000224,153013,108043,146,64199,0.00227417872552532,347.9789093288058,female,35-39,3939,0.025742910733074966,5.85439799222565e-05,0.0013513138287533668,3.478675126596767e-05
2013,E07000224,153013,108043,146,64199,0.00227417872552532,347.9789093288058,male,35-39,3548,0.02318757229777862,5.27326836161884e-05,0.0013513138287533668,3.133368710120673e-05
2013,E07000225,115800,108043,3182,46206,0.06886551530104315,7974.626671860797,female,35-39,2995,0.02586355785837651,0.0017811072394354425,0.02945123700748776,0.0007617137723439191
2013,E07000225,115800,108043,3182,46206,0.06886551530104315,7974.626671860797,male,35-39,2632,0.022728842832469776,0.0015652334738544523,0.02945123700748776,0.0006693925371650068
2013,E07000226,108953,108043,598,40132,0.01490082727000897,1623.4898335492874,female,35-39,4005,0.03675896946389728,0.0005477390546050675,0.005534833353387078,0.00020345477022491577
2013,E07000226,108953,108043,598,40132,0.01490082727000897,1623.4898335492874,male,35-39,4186,0.03842023624865768,0.0005724933040141856,0.005534833353387078,0.00021264960503408176
2013,E07000227,133173,108043,2006,47879,0.04189728273355751,5579.586833476054,female,35-39,3922,0.029450414122982885,0.001233892327130969,0.018566681784104477,0.0005467964674315196
2013,E07000227,133173,108043,2006,47879,0.04189728273355751,5579.586833476054,male,35-39,3556,0.026702109286416916,0.001118745822355361,0.018566681784104477,0.000495769566085284
2013,E07000228,142983,108043,208,48945,0.004249667994687915,607.6302788844621,female,35-39,4705,0.03290600980536148,0.0001398396167027314,0.0019251594272650704,6.33493149904685e-05
2013,E07000228,142983,108043,208,48945,0.004249667994687915,607.6302788844621,male,35-39,4369,0.03055608009343768,0.00012985319561620263,0.0019251594272650704,5.8825325652148104e-05
2013,E07000229,106413,108043,139,40585,0.0034249106812861895,364.4550203277073,female,35-39,3395,0.03190399669213348,0.00010926833904660721,0.0012865248095665614,4.104528326875923e-05
2013,E07000229,106413,108043,139,40585,0.0034249106812861895,364.4550203277073,male,35-39,3148,0.02958285171924483,0.00010131862483614713,0.0012865248095665614,3.805907267453728e-05
2013,E09000008,373628,108043,50,149453,0.0003345533378386516,124.99849450997972,female,35-39,13781,0.03688428062136671,1.2339759195655727e-05,0.00046277870847718036,1.7069259749065974e-05
2013,E09000008,373628,108043,50,149453,0.0003345533378386516,124.99849450997972,male,35-39,13571,0.03632222424443564,1.2151721358699939e-05,0.00046277870847718036,1.6809152024858452e-05
2013,E09000011,264097,108043,64,52633,0.00121596716888644,321.13328140140214,female,35-39,10957,0.04148854398194603,5.044870736694746e-05,0.0005923567468507909,2.4576018944721507e-05
2013,E09000011,264097,108043,64,52633,0.00121596716888644,321.13328140140214,male,35-39,11737,0.044442004263584974,5.404001810403052e-05,0.0005923567468507909,2.6325521069106174e-05
2013,E09000017,285996,108043,72,115552,0.0006230960952644697,178.20299086125726,female,35-39,10393,0.036339669086280925,2.2643105910864602e-05,0.0006664013402071398,2.4216804181781574e-05
2013,E09000017,285996,108043,72,115552,0.0006230960952644697,178.20299086125726,male,35-39,10527,0.036808207107791716,2.2935050122550915e-05,0.0006664013402071398,2.4529038547254366e-05
2013,E09000018,261275,108043,231,100578,0.002296724929905148,600.0768060609676,female,35-39,10575,0.04047459573246579,9.29590130465867e-05,0.0021380376331645735,8.65362088631341e-05
2013,E09000018,261275,108043,231,100578,0.002296724929905148,600.0768060609676,male,35-39,12034,0.04605875035881734,0.00010578428018937347,0.0021380376331645735,9.847534160368377e-05
2013,E09000021,165657,108043,116,55314,0.002097118270238999,347.40232129298187,female,35-39,6746,0.04072269810512082,8.540031420967594e-05,0.0010736466036670585,4.372178651272193e-05
2013,E09000021,165657,108043,116,55314,0.002097118270238999,347.40232129298187,male,35-39,6718,0.04055367415804946,8.504585100216468e-05,0.0010736466036670585,4.3540314526010366e-05
2013,E09000022,312700,108043,19,112835,0.00016838746842734968,52.65476137723225,female,35-39,13132,0.04199552286536617,7.071519780581887e-06,0.00017585590922132853,7.385160856714059e-06
2013,E09000022,312700,108043,19,112835,0.00016838746842734968,52.65476137723225,male,35-39,14567,0.04658458586504637,7.844260481551657e-06,0.00017585590922132853,8.19217470299678e-06
2013,E09000024,203637,108043,8,78151,0.00010236593261762485,20.84549142045527,female,35-39,8793,0.04317977577748641,4.4201380176823236e-06,7.404459335634886e-05,3.1972289386623038e-06
2013,E09000024,203637,108043,8,78151,0.00010236593261762485,20.84549142045527,male,35-39,9394,0.04613110584029425,4.722253672024081e-06,7.404459335634886e-05,3.415758973023278e-06
2013,E09000027,191138,108043,51,65861,0.0007743581178542688,148.00926193042923,female,35-39,8659,0.045302346995364604,3.508024015371152e-05,0.000472034282646724,2.1384260866169903e-05
2013,E09000027,191138,108043,51,65861,0.0007743581178542688,148.00926193042923,male,35-39,8617,0.045082610469922256,3.4910085391446155e-05,0.000472034282646724,2.128053769301144e-05
2013,E09000029,195787,108043,77,79478,0.0009688215606834595,189.68266690153249,female,35-39,7359,0.03758676520913033,3.6414868530952406e-05,0.0007126792110548578,2.678730617534718e-05
2013,E09000029,195787,108043,77,79478,0.0009688215606834595,189.68266690153249,male,35-39,7393,0.03776042331717632,3.658311225021486e-05,0.0007126792110548578,2.6911068698782676e-05
2013,E09000032,313091,108043,8,108750,7.35632183908046e-05,23.0319816091954,female,35-39,15091,0.04820004407664225,3.5457503688564417e-06,7.404459335634886e-05,3.568952663413067e-06
2013,E09000032,313091,108043,8,108750,7.35632183908046e-05,23.0319816091954,male,35-39,15566,0.049717174878869085,3.657355393388071e-06,7.404459335634886e-05,3.681287996732344e-06
2013,E09000033,225306,108043,58,72554,0.0007994045814152217,180.11064862033794,female,35-39,9887,0.04388254196514962,3.507990509108633e-05,0.0005368233018335293,2.355717107058003e-05
2013,E09000033,225306,108043,58,72554,0.0007994045814152217,180.11064862033794,male,35-39,11488,0.050988433508206615,4.0760387345645775e-05,0.0005368233018335293,2.7371779231194838e-05
2013,E06000036,116543,108043,770,40616,0.018958046090210755,2209.427565491432,female,40-44,4657,0.039959499927065545,0.0007575540413590819,0.007126792110548578,0.0002847830488216772
2013,E06000036,116543,108043,770,40616,0.018958046090210755,2209.427565491432,male,40-44,4549,0.03903280334297212,0.0007399856848061979,0.007126792110548578,0.0002781786749172879
2013,E06000037,156031,108043,13,49239,0.00026401835943053273,41.19504864030545,female,40-44,6158,0.03946651626920292,1.0419884877833384e-05,0.0001203224642040669,4.748708491060392e-06
2013,E06000037,156031,108043,13,49239,0.00026401835943053273,41.19504864030545,male,40-44,6133,0.03930629169844454,1.0377582649521296e-05,0.0001203224642040669,4.729429875880705e-06
2013,E06000040,146278,108043,191,53690,0.0035574594896628795,520.3780592289066,female,40-44,5828,0.03984194479005729,0.0001417361045800138,0.001767814666382829,7.043317433707822e-05
2013,E06000040,146278,108043,191,53690,0.0035574594896628795,520.3780592289066,male,40-44,5529,0.03779789168569436,0.00013446446846652305,0.001767814666382829,6.681966728032008e-05
2013,E06000041,158065,108043,206,45893,0.004488701980694223,709.5066785784323,female,40-44,6358,0.04022395849808623,0.0001805533621817219,0.0019066482789259832,7.669294124196629e-05
2013,E06000041,158065,108043,206,45893,0.004488701980694223,709.5066785784323,male,40-44,6225,0.03938253250245152,0.00017677645164850878,0.0019066482789259832,7.508863781554579e-05
2013,E06000043,277991,108043,31,90245,0.0003435093356972685,95.49250373981937,female,40-44,10648,0.03830339831145613,1.3157574908916171e-05,0.0002869227992558518,1.099011826453486e-05
2013,E06000043,277991,108043,31,90245,0.0003435093356972685,95.49250373981937,male,40-44,11134,0.040051656348586824,1.3758117865878347e-05,0.0002869227992558518,1.1491733354369941e-05
2013,E06000054,479911,108043,11,168444,6.530360238417516e-05,31.33991712379188,female,40-44,18083,0.037679903148708824,2.4606334130975106e-06,0.00010181131586497968,3.836240521235037e-06
2013,E06000054,479911,108043,11,168444,6.530360238417516e-05,31.33991712379188,male,40-44,17092,0.03561493693622359,2.325783680620619e-06,0.00010181131586497968,3.626003593925192e-06
2013,E07000061,100363,108043,20,41544,0.00048141729250914694,48.31648372809551,female,40-44,3269,0.032571764494883575,1.568061067537241e-05,0.00018511148339087215,6.0294076423060404e-06
2013,E07000061,100363,108043,20,41544,0.00048141729250914694,48.31648372809551,male,40-44,3112,0.031007442981975428,1.492751924801436e-05,0.00018511148339087215,5.7398337665513595e-06
2013,E07000063,99626,108043,29,37939,0.0007643849337093756,76.15261340573025,female,40-44,3441,0.0345391765201855,2.640122615475841e-05,0.00026841165091676464,9.270717391088543e-06
2013,E07000063,99626,108043,29,37939,0.0007643849337093756,76.15261340573025,male,40-44,3151,0.03162828980386646,2.4176188205069385e-05,0.00026841165091676464,8.489401481929671e-06
2013,E07000064,91232,108043,10,36599,0.00027323150905762453,24.927457034345203,female,40-44,2712,0.029726411785338476,8.122192350976387e-06,9.255574169543608e-05,2.7513500907359548e-06
2013,E07000064,91232,108043,10,36599,0.00027323150905762453,24.927457034345203,male,40-44,2552,0.027972641178533847,7.643006961538252e-06,9.255574169543608e-05,2.589028551459497e-06
2013,E07000065,152777,108043,32,58801,0.0005442084318293906,83.14253158959882,female,40-44,5393,0.03529981607179091,1.9210457548295253e-05,0.00029617837342539545,1.0455042106358665e-05
2013,E07000065,152777,108043,32,58801,0.0005442084318293906,83.14253158959882,male,40-44,4926,0.032243073237463754,1.7546952323920343e-05,0.00029617837342539545,9.549700985707914e-06
2013,E07000071,177993,108043,129,62772,0.002055056394570828,365.78565283884535,female,40-44,6296,0.0353721775575444,7.269181967952633e-05,0.0011939690678711254,4.2233285866953224e-05
2013,E07000071,177993,108043,129,62772,0.002055056394570828,365.78565283884535,male,40-44,6263,0.03518677700808459,7.231081109480202e-05,0.0011939690678711254,4.2011923345731906e-05
2013,E07000084,172050,108043,677,63307,0.010693920103622032,1839.8889538281705,female,40-44,6777,0.0393897122929381,0.00042123043616533863,0.0062660237127810225,0.00024681687126717225
2013,E07000084,172050,108043,677,63307,0.010693920103622032,1839.8889538281705,male,40-44,6671,0.03877361232199942,0.00041464191230027655,0.0062660237127810225,0.0002429563742398268
2013,E07000085,117401,108043,8612,41475,0.20764315852923448,24377.514454490658,female,40-44,4409,0.03755504637950273,0.0077980484489518385,0.07970900474810955,0.0029934753701792573
2013,E07000085,117401,108043,8612,41475,0.20764315852923448,24377.514454490658,male,40-44,4069,0.0346589892760709,0.007196702004714228,0.07970900474810955,0.0027626335407710135
2013,E07000089,92959,108043,2372,33431,0.07095211031677186,6595.637222936795,female,40-44,3761,0.04045869684484558,0.002870629921808313,0.021954221930157437,0.0008882392095367003
2013,E07000089,92959,108043,2372,33431,0.07095211031677186,6595.637222936795,male,40-44,3688,0.03967340440409212,0.002814911765921047,0.021954221930157437,0.0008709987250123239
2013,E07000090,121671,108043,9,43614,0.0002063557573256294,25.107511349566654,female,40-44,4188,0.03442069186576916,7.102907937632926e-06,8.330016752589247e-05,2.8672493987756955e-06
2013,E07000090,121671,108043,9,43614,0.0002063557573256294,25.107511349566654,male,40-44,3772,0.031001635558185598,6.39736598394255e-06,8.330016752589247e-05,2.5824414355735253e-06
2013,E07000092,94897,108043,4240,37380,0.11342964151952915,10764.132691278757,female,40-44,3710,0.03909501880986754,0.004434533968802524,0.0392436344788649,0.0015342306281187898
2013,E07000092,94897,108043,4240,37380,0.11342964151952915,10764.132691278757,male,40-44,3782,0.03985373615604287,0.00452059500539384,0.0392436344788649,0.0015640054543248686
2013,E07000093,118805,108043,39,44103,0.0008842935854703761,105.05849942180804,female,40-44,4619,0.03887883506586423,3.438030445930447e-05,0.0003609673926122007,1.403399172152481e-05
2013,E07000093,118805,108043,39,44103,0.0008842935854703761,105.05849942180804,male,40-44,4257,0.035831825259879636,3.168585323300696e-05,0.0003609673926122007,1.2934120536594742e-05
2013,E07000094,119037,108043,14,43975,0.00031836270608300173,37.89694144400228,female,40-44,4233,0.035560371985181076,1.1321096254520412e-05,0.0001295780383736105,4.607843245675657e-06
2013,E07000094,119037,108043,14,43975,0.00031836270608300173,37.89694144400228,male,40-44,4066,0.034157446844258504,1.0874457210224426e-05,0.0001295780383736105,4.4260549579298895e-06
2013,E07000102,89566,108043,29,34487,0.0008408965697219242,75.31574216371386,female,40-44,3414,0.038117142665743696,3.205257451522508e-05,0.00026841165091676464,1.0231085191142112e-05
2013,E07000102,89566,108043,29,34487,0.0008408965697219242,75.31574216371386,male,40-44,3275,0.03656521447870844,3.0747563426292366e-05,0.00026841165091676464,9.814529584355718e-06
2013,E07000180,123497,108043,57,39314,0.00144986518797375,179.0540011191942,female,40-44,4560,0.03692397386171324,5.3534784303750695e-05,0.0005275677276639857,1.9479896986548458e-05
2013,E07000180,123497,108043,57,39314,0.00144986518797375,179.0540011191942,male,40-44,4361,0.03531259868660777,5.119850753260017e-05,0.0005275677276639857,1.8629787447003905e-05
2013,E07000207,133499,108043,3258,45188,0.0720987872886607,9625.116004248915,female,40-44,5707,0.04274938389051603,0.003082178735843614,0.030154660644373072,0.00128909316397454
2013,E07000207,133499,108043,3258,45188,0.0720987872886607,9625.116004248915,male,40-44,5371,0.040232511104952094,0.0029007152602446204,0.030154660644373072,0.0012131977192408015
2013,E07000208,76906,108043,434,26765,0.016215206426303006,1247.046665421259,female,40-44,3023,0.039307726315241986,0.0006373828963502716,0.0040169191895819256,0.00015789596013452998
2013,E07000208,76906,108043,434,26765,0.016215206426303006,1247.046665421259,male,40-44,2850,0.037058226926377655,0.0006009067994039941,0.0040169191895819256,0.00014885990287244802
2013,E07000209,140657,108043,34716,49362,0.7032940318463595,98923.2286374134,female,40-44,4947,0.03517066338682042,0.024735317656028072,0.3213165128698759,0.011300914914773356
2013,E07000209,140657,108043,34716,49362,0.7032940318463595,98923.2286374134,male,40-44,4918,0.03496448808093447,0.024590315793884383,0.3213165128698759,0.011234667384446203
2013,E07000210,86761,108043,3001,30934,0.09701299540958169,8416.944494730717,female,40-44,3189,0.03675614619471883,0.0035658238420621714,0.027775978082800367,0.0010209379111127163
2013,E07000210,86761,108043,3001,30934,0.09701299540958169,8416.944494730717,male,40-44,3054,0.03520014753172508,0.003414871750911844,0.027775978082800367,0.0009777185263525354
2013,E07000211,140928,108043,842,52491,0.016040845097254768,2260.60421786592,female,40-44,5375,0.03814004314259764,0.0006117985240530228,0.007793193450755718,0.00029723273443043246
2013,E07000211,140928,108043,842,52491,0.016040845097254768,2260.60421786592,male,40-44,5185,0.03679183696639419,0.0005901721576213809,0.007793193450755718,0.00028672590288777533
2013,E07000212,83094,108043,1641,28983,0.05661939757789049,4704.732222337232,female,40-44,3012,0.03624810455628565,0.002052345843317281,0.01518839721222106,0.0005505506101909865
2013,E07000212,83094,108043,1641,28983,0.05661939757789049,4704.732222337232,male,40-44,2874,0.03458733482561918,0.00195831406165135,0.01518839721222106,0.0005253261798435908
2013,E07000213,97371,108043,1434,37349,0.038394602265120883,3738.5208171570857,female,40-44,3683,0.037824403569851395,0.0014522529309798629,0.013272493359125533,0.0005020241451937367
2013,E07000213,97371,108043,1434,37349,0.038394602265120883,3738.5208171570857,male,40-44,3578,0.03674605375317086,0.0014108501186657475,0.013272493359125533,0.0004877117544130301
2013,E07000214,87134,108043,2312,34609,0.06680343263313011,5820.85029905516,female,40-44,3444,0.039525328803911214,0.0026404276400544,0.02139888747998482,0.0008457980636842991
2013,E07000214,87134,108043,2312,34609,0.06680343263313011,5820.85029905516,male,40-44,3563,0.040891041384534164,0.0027316619284302635,0.02139888747998482,0.0008750227935270493
2013,E07000215,84616,108043,465,31043,0.01497922236897207,1267.4818799729408,female,40-44,3205,0.03787699725820176,0.0005673679645995496,0.004303841988837777,0.00016301661121094211
2013,E07000215,84616,108043,465,31043,0.01497922236897207,1267.4818799729408,male,40-44,2903,0.034307932305946864,0.0005139061470304188,0.004303841988837777,0.0001476559196085382
2013,E07000216,122783,108043,28481,46045,0.6185470735150397,75947.06532739711,female,40-44,4685,0.038156748084018144,0.023601744862220022,0.2636080079227715,0.010058424351239052
2013,E07000216,122783,108043,28481,46045,0.6185470735150397,75947.06532739711,male,40-44,4685,0.038156748084018144,0.023601744862220022,0.2636080079227715,0.010058424351239052
2013,E07000217,100387,108043,6868,35860,0.19152258784160625,19226.378025655325,female,40-44,3808,0.03793319852172094,0.007265064345989387,0.06356728339642549,0.0024113103805631034
2013,E07000217,100387,108043,6868,35860,0.19152258784160625,19226.378025655325,male,40-44,3937,0.039218225467441005,0.00751117603207989,0.06356728339642549,0.002492996052593734
2013,E07000223,62605,108043,67,25716,0.002605381863431327,163.1099315601182,female,40-44,2329,0.03720150147751777,9.692411724193851e-05,0.0006201234693594218,2.3069524161617975e-05
2013,E07000223,62605,108043,67,25716,0.002605381863431327,163.1099315601182,male,40-44,2180,0.034821499880201265,9.07233042453525e-05,0.0006201234693594218,2.15936293140091e-05
2013,E07000224,153013,108043,146,64199,0.00227417872552532,347.9789093288058,female,40-44,5031,0.032879559253135356,7.47739941581296e-05,0.0013513138287533668,4.443060310207752e-05
2013,E07000224,153013,108043,146,64199,0.00227417872552532,347.9789093288058,male,40-44,4745,0.031010437021690967,7.052327614397236e-05,0.0013513138287533668,4.190483238309637e-05
2013,E07000225,115800,108043,3182,46206,0.06886551530104315,7974.626671860797,female,40-44,3697,0.03192573402417962,0.0021985821249391755,0.02945123700748776,0.0009402523593841299
2013,E07000225,115800,108043,3182,46206,0.06886551530104315,7974.626671860797,male,40-44,3427,0.02959412780656304,0.0020380148612838935,0.02945123700748776,0.000871583672060972
2013,E07000226,108953,108043,598,40132,0.01490082727000897,1623.4898335492874,female,40-44,3962,0.03636430387414757,0.000541858210822791,0.005534833353387078,0.00020127036195533487
2013,E07000226,108953,108043,598,40132,0.01490082727000897,1623.4898335492874,male,40-44,4214,0.03867722779547144,0.0005763226906631098,0.005534833353387078,0.00021407201041892507
2013,E07000227,133173,108043,2006,47879,0.04189728273355751,5579.586833476054,female,40-44,5027,0.03774789183993753,0.001581534097013611,0.018566681784104477,0.0007008530958129141
2013,E07000227,133173,108043,2006,47879,0.04189728273355751,5579.586833476054,male,40-44,4533,0.034038431213534275,0.0014261177763601944,0.018566681784104477,0.00063198072077182
2013,E07000228,142983,108043,208,48945,0.004249667994687915,607.6302788844621,female,40-44,5558,0.038871753984739445,0.00016519204880632965,0.0019251594272650704,7.48343236380497e-05
2013,E07000228,142983,108043,208,48945,0.004249667994687915,607.6302788844621,male,40-44,5303,0.03708832518551156,0.00015761306851744622,0.0019251594272650704,7.140093887236012e-05
2013,E07000229,106413,108043,139,40585,0.0034249106812861895,364.4550203277073,female,40-44,3955,0.03716651161042354,0.00012729198260068674,0.0012865248095665614,4.7815639271853534e-05
2013,E07000229,106413,108043,139,40585,0.0034249106812861895,364.4550203277073,male,40-44,3786,0.035578359786868144,0.00012185270445668774,0.0012865248095665614,4.577244254949115e-05
2013,E09000008,373628,108043,50,149453,0.0003345533378386516,124.99849450997972,female,40-44,13940,0.037309837592471654,1.2482130700779393e-05,0.00046277870847718036,1.7266198454537384e-05
2013,E09000008,373628,108043,50,149453,0.0003345533378386516,124.99849450997972,male,40-44,12817,0.03430417420535934,1.1476575982201541e-05,0.00046277870847718036,1.58752414341324e-05
2013,E09000011,264097,108043,64,52633,0.00121596716888644,321.13328140140214,female,40-44,9883,0.037421856363381634,4.550374873665618e-05,0.0005923567468507909,2.2167089096530314e-05
2013,E09000011,264097,108043,64,52633,0.00121596716888644,321.13328140140214,male,40-44,9874,0.037387777975516574,4.546231053584369e-05,0.0005923567468507909,2.2146902533556647e-05
2013,E09000017,285996,108043,72,115552,0.0006230960952644697,178.20299086125726,female,40-44,9855,0.034458523895439096,2.1470971687825524e-05,0.0006664013402071398,2.2963206505480363e-05
2013,E09000017,285996,108043,72,115552,0.0006230960952644697,178.20299086125726,male,40-44,10026,0.03505643435572525,2.184352736094761e-05,0.0006664013402071398,2.3361654837538925e-05
2013,E09000018,261275,108043,231,100578,0.002296724929905148,600.0768060609676,female,40-44,9206,0.03523490575064587,8.092488644036664e-05,0.0021380376331645735,7.533355449588771e-05
2013,E09000018,261275,108043,231,100578,0.002296724929905148,600.0768060609676,male,40-44,9723,0.03721366376423309,8.546954930042199e-05,0.0021380376331645735,7.956421359586316e-05
2013,E09000021,165657,108043,116,55314,0.002097118270238999,347.40232129298187,female,40-44,6385,0.03854349650180795,8.08302707128344e-05,0.0010736466036670585,4.138209411261926e-05
2013,E09000021,165657,108043,116,55314,0.002097118270238999,347.40232129298187,male,40-44,6412,0.03870648387934105,8.117207452007741e-05,0.0010736466036670585,4.155708495694827e-05
2013,E09000022,312700,108043,19,112835,0.00016838746842734968,52.65476137723225,female,40-44,11009,0.03520626798848737,5.9282943393562286e-06,0.00017585590922132853,6.191230267405199e-06
2013,E09000022,312700,108043,19,112835,0.00016838746842734968,52.65476137723225,male,40-44,11938,0.038177166613367446,6.4285564377540796e-06,0.00017585590922132853,6.71368034628788e-06
2013,E09000024,203637,108043,8,78151,0.00010236593261762485,20.84549142045527,female,40-44,7894,0.0387650574306241,3.9682212568616235e-06,7.404459335634886e-05,2.870342913886071e-06
2013,E09000024,203637,108043,8,78151,0.00010236593261762485,20.84549142045527,male,40-44,7944,0.039010592377613104,3.993355670700373e-06,7.404459335634886e-05,2.888523449190645e-06
2013,E09000027,191138,108043,51,65861,0.0007743581178542688,148.00926193042923,female,40-44,8401,0.04395253691050445,3.403500375693851e-05,0.000472034282646724,2.0747104231053625e-05
2013,E09000027,191138,108043,51,65861,0.0007743581178542688,148.00926193042923,male,40-44,8337,0.04361770030030659,3.3775720309676984e-05,0.000472034282646724,2.0589049871955018e-05
2013,E09000029,195787,108043,77,79478,0.0009688215606834595,189.68266690153249,female,40-44,7841,0.040048624270252874,3.879997066873187e-05,0.0007126792110548578,2.8541821948756247e-05
2013,E09000029,195787,108043,77,79478,0.0009688215606834595,189.68266690153249,male,40-44,7435,0.03797494215652725,3.679094272695083e-05,0.0007126792110548578,2.70639518159677e-05
2013,E09000032,313091,108043,8,108750,7.35632183908046e-05,23.0319816091954,female,40-44,11479,0.036663462060551086,2.6970822665232985e-06,7.404459335634886e-05,2.7147311393094296e-06
2013,E09000032,313091,108043,8,108750,7.35632183908046e-05,23.0319816091954,male,40-44,11510,0.03676247480764378,2.704365962861152e-06,7.404459335634886e-05,2.722062497905003e-06
2013,E09000033,225306,108043,58,72554,0.0007994045814152217,180.11064862033794,female,40-44,8021,0.035600472246633465,2.845918061450424e-05,0.0005368233018335293,1.91111630582707e-05
2013,E09000033,225306,108043,58,72554,0.0007994045814152217,180.11064862033794,male,40-44,9388,0.04166777626871899,3.330941124659841e-05,0.0005368233018335293,2.23682332366345e-05
2013,E06000036,116543,108043,770,40616,0.018958046090210755,2209.427565491432,female,45-49,4696,0.040294140360210395,0.0007638981701142901,0.007126792110548578,0.0002871679616204845
2013,E06000036,116543,108043,770,40616,0.018958046090210755,2209.427565491432,male,45-49,4767,0.04090335755901255,0.0007754477378481304,0.007126792110548578,0.0002915097259465182
2013,E06000037,156031,108043,13,49239,0.00026401835943053273,41.19504864030545,female,45-49,6227,0.03990873608449603,1.0536639027974744e-05,0.0001203224642040669,4.8019174689563264e-06
2013,E06000037,156031,108043,13,49239,0.00026401835943053273,41.19504864030545,male,45-49,6319,0.04049836250488685,1.0692311228163226e-05,0.0001203224642040669,4.872862772817574e-06
2013,E06000040,146278,108043,191,53690,0.0035574594896628795,520.3780592289066,female,45-49,5770,0.03944543950559893,0.00014032555309311597,0.001767814666382829,6.973222647991444e-05
2013,E06000040,146278,108043,191,53690,0.0035574594896628795,520.3780592289066,male,45-49,5751,0.039315549843448774,0.00013986347588189078,0.001767814666382829,6.950260563015388e-05
2013,E06000041,158065,108043,206,45893,0.004488701980694223,709.5066785784323,female,45-49,6527,0.04129313889855439,0.00018535259436302276,0.0019066482789259832,7.87314922123803e-05
2013,E06000041,158065,108043,206,45893,0.004488701980694223,709.5066785784323,male,45-49,6216,0.03932559390124316,0.00017652087123648684,0.0019066482789259832,7.498007592954742e-05
2013,E06000043,277991,108043,31,90245,0.0003435093356972685,95.49250373981937,female,45-49,10432,0.03752639473939804,1.2890666928044094e-05,0.0002869227992558518,1.0767178224608158e-05
2013,E06000043,277991,108043,31,90245,0.0003435093356972685,95.49250373981937,male,45-49,10814,0.038900539945537806,1.3362698634956749e-05,0.0002869227992558518,1.1161451813737789e-05
2013,E06000054,479911,108043,11,168444,6.530360238417516e-05,31.33991712379188,female,45-49,19102,0.039803213512505445,2.5992932288330834e-06,0.00010181131586497968,4.052417543362919e-06
2013,E06000054,479911,108043,11,168444,6.530360238417516e-05,31.33991712379188,male,45-49,18341,0.038217502828649476,2.4957406088382145e-06,0.00010181131586497968,3.890974252058387e-06
2013,E07000061,100363,108043,20,41544,0.00048141729250914694,48.31648372809551,female,45-49,3569,0.03556091388260614,1.7119638880515186e-05,0.00018511148339087215,6.582733519544281e-06
2013,E07000061,100363,108043,20,41544,0.00048141729250914694,48.31648372809551,male,45-49,3361,0.03348843697378516,1.612191265828286e-05,0.00018511148339087215,6.1990942446591004e-06
2013,E07000063,99626,108043,29,37939,0.0007643849337093756,76.15261340573025,female,45-49,3914,0.039286933129905846,3.003033977614775e-05,0.00026841165091676464,1.0545070580854563e-05
2013,E07000063,99626,108043,29,37939,0.0007643849337093756,76.15261340573025,male,45-49,3760,0.03774115190813643,2.8848767899416335e-05,0.00026841165091676464,1.0130164891163301e-05
2013,E07000064,91232,108043,10,36599,0.00027323150905762453,24.927457034345203,female,45-49,3317,0.036357856892318484,9.934112104789334e-06,9.255574169543608e-05,3.3651284111250598e-06
2013,E07000064,91232,108043,10,36599,0.00027323150905762453,24.927457034345203,male,45-49,3115,0.03414372150122764,9.329140550623689e-06,9.255574169543608e-05,3.1601974677885323e-06
2013,E07000065,152777,108043,32,58801,0.0005442084318293906,83.14253158959882,female,45-49,6221,0.04071948002644377,2.2159884370099158e-05,0.00029617837342539545,1.2060229360959995e-05
2013,E07000065,152777,108043,32,58801,0.0005442084318293906,83.14253158959882,male,45-49,5870,0.03842201378479745,2.0909583869551847e-05,0.00029617837342539545,1.137976954650943e-05
2013,E07000071,177993,108043,129,62772,0.002055056394570828,365.78565283884535,female,45-49,6587,0.037007073311871815,7.60516226539136e-05,0.0011939690678711254,4.418530082681399e-05
2013,E07000071,177993,108043,129,62772,0.002055056394570828,365.78565283884535,male,45-49,6185,0.03474855752754322,7.141024534908996e-05,0.0011939690678711254,4.1488702841026955e-05
2013,E07000084,172050,108043,677,63307,0.010693920103622032,1839.8889538281705,female,45-49,6963,0.04047079337401918,0.00043279143087195706,0.0062660237127810225,0.0002535909509566653
2013,E07000084,172050,108043,677,63307,0.010693920103622032,1839.8889538281705,male,45-49,6961,0.040459168846265624,0.00043266711910091817,0.0062660237127810225,0.0002535181113901116
2013,E07000085,117401,108043,8612,41475,0.20764315852923448,24377.514454490658,female,45-49,5055,0.0430575548760232,0.008940606693003299,0.07970900474810955,0.003432074846054921
2013,E07000085,117401,108043,8612,41475,0.20764315852923448,24377.514454490658,male,45-49,4476,0.038125739985179,0.007916549071786898,0.07970900474810955,0.003038964789503823
2013,E07000089,92959,108043,2372,33431,0.07095211031677186,6595.637222936795,female,45-49,3893,0.04187867769661894,0.00297138055985104,0.021954221930157437,0.0009194137842931066
2013,E07000089,92959,108043,2372,33431,0.07095211031677186,6595.637222936795,male,45-49,3810,0.04098581094891296,0.002908029779869628,0.021954221930157437,0.0008998115895599117
2013,E07000090,121671,108043,9,43614,0.0002063557573256294,25.107511349566654,female,45-49,4656,0.03826713021180068,7.896642635534602e-06,8.330016752589247e-05,3.1876583573781376e-06
2013,E07000090,121671,108043,9,43614,0.0002063557573256294,25.107511349566654,male,45-49,4262,0.03502888938202201,7.22841299670285e-06,8.330016752589247e-05,2.9179123537683896e-06
2013,E07000092,94897,108043,4240,37380,0.11342964151952915,10764.132691278757,female,45-49,3695,0.038936952696081016,0.0044166045861793336,0.0392436344788649,0.0015280275393258565
2013,E07000092,94897,108043,4240,37380,0.11342964151952915,10764.132691278757,male,45-49,3693,0.03891587721424281,0.004414214001829575,0.0392436344788649,0.001527200460820132
2013,E07000093,118805,108043,39,44103,0.0008842935854703761,105.05849942180804,female,45-49,4858,0.04089053491014688,3.615923772749537e-05,0.0003609673926122007,1.4760149769033888e-05
2013,E07000093,118805,108043,39,44103,0.0008842935854703761,105.05849942180804,male,45-49,4780,0.04023399688565296,3.557866536381801e-05,0.0003609673926122007,1.4523160950181552e-05
2013,E07000094,119037,108043,14,43975,0.00031836270608300173,37.89694144400228,female,45-49,4600,0.038643446995471994,1.2302632357853506e-05,0.0001295780383736105,5.007342057667854e-06
2013,E07000094,119037,108043,14,43975,0.00031836270608300173,37.89694144400228,male,45-49,4326,0.03634164167443736,1.1569823386972669e-05,0.0001295780383736105,4.709078639450247e-06
2013,E07000102,89566,108043,29,34487,0.0008408965697219242,75.31574216371386,female,45-49,3639,0.04062925663756336,3.416500253687875e-05,0.00026841165091676464,1.09053658496093e-05
2013,E07000102,89566,108043,29,34487,0.0008408965697219242,75.31574216371386,male,45-49,3574,0.03990353482348213,3.355474555284547e-05,0.00026841165091676464,1.0710573659385446e-05
2013,E07000180,123497,108043,57,39314,0.00144986518797375,179.0540011191942,female,45-49,4704,0.03808999408892524,5.522535643965861e-05,0.0005275677276639857,2.0095051628228934e-05
2013,E07000180,123497,108043,57,39314,0.00144986518797375,179.0540011191942,male,45-49,4694,0.03800902046203552,5.510795559688723e-05,0.0005275677276639857,2.0052332555890012e-05
2013,E07000207,133499,108043,3258,45188,0.0720987872886607,9625.116004248915,female,45-49,5614,0.042052749458797445,0.0030319522381331786,0.030154660644373072,0.0012680863890928804
2013,E07000207,133499,108043,3258,45188,0.0720987872886607,9625.116004248915,male,45-49,5498,0.04118382909235275,0.002969304133462097,0.030154660644373072,0.0012418843903157562
2013,E07000208,76906,108043,434,26765,0.016215206426303006,1247.046665421259,female,45-49,3060,0.039788833120952855,0.0006451841425179726,0.0040169191895819256,0.0001598285272946284
2013,E07000208,76906,108043,434,26765,0.016215206426303006,1247.046665421259,male,45-49,3041,0.039541778274777,0.0006411780971886126,0.0040169191895819256,0.0001588361279421454
2013,E07000209,140657,108043,34716,49362,0.7032940318463595,98923.2286374134,female,45-49,5111,0.036336620289071996,0.025555328186771673,0.3213165128698759,0.011675556120761396
2013,E07000209,140657,108043,34716,49362,0.7032940318463595,98923.2286374134,male,45-49,4984,0.03543371463915767,0.02492032003186657,0.3213165128698759,0.011385437625880415
2013,E07000210,86761,108043,3001,30934,0.09701299540958169,8416.944494730717,female,45-49,3536,0.04075563905441385,0.003953826624500419,0.027775978082800367,0.0011320277371259218
2013,E07000210,86761,108043,3001,30934,0.09701299540958169,8416.944494730717,male,45-49,3557,0.04099768329087954,0.003977308060901581,0.027775978082800367,0.001138750752533061
2013,E07000211,140928,108043,842,52491,0.016040845097254768,2260.60421786592,female,45-49,5560,0.039452770208901,0.0006328557755785686,0.007793193450755718,0.00030746307040617753
2013,E07000211,140928,108043,842,52491,0.016040845097254768,2260.60421786592,male,45-49,5654,0.040119777475022704,0.0006435551358131703,0.007793193450755718,0.0003126611870641237
2013,E07000212,83094,108043,1641,28983,0.05661939757789049,4704.732222337232,female,45-49,3042,0.03660914145425662,0.0020727875349837877,0.01518839721222106,0.0005560341820056377
2013,E07000212,83094,108043,1641,28983,0.05661939757789049,4704.732222337232,male,45-49,3013,0.03626013911955135,0.002053027233039498,0.01518839721222106,0.0005507333959181416
2013,E07000213,97371,108043,1434,37349,0.038394602265120883,3738.5208171570857,female,45-49,3888,0.039929753211941955,0.0015330869931169445,0.013272493359125533,0.000529967384337021
2013,E07000213,97371,108043,1434,37349,0.038394602265120883,3738.5208171570857,male,45-49,3742,0.03843033346684331,0.001475517368375413,0.013272493359125533,0.0005100663457276575
2013,E07000214,87134,108043,2312,34609,0.06680343263313011,5820.85029905516,female,45-49,3670,0.04211903504946404,0.002813696120499317,0.02139888747998482,0.000901300491789018
2013,E07000214,87134,108043,2312,34609,0.06680343263313011,5820.85029905516,male,45-49,3589,0.04118943236853582,0.0027515954704283516,0.02139888747998482,0.0008814080286187427
2013,E07000215,84616,108043,465,31043,0.01497922236897207,1267.4818799729408,female,45-49,3526,0.04167060603195613,0.0006241932740024997,0.004303841988837777,0.00017934370394064955
2013,E07000215,84616,108043,465,31043,0.01497922236897207,1267.4818799729408,male,45-49,3411,0.040311525007090857,0.0006038352971135923,0.004303841988837777,0.0001734944339596017
2013,E07000216,122783,108043,28481,46045,0.6185470735150397,75947.06532739711,female,45-49,4890,0.03982636032675533,0.02463447862886999,0.2636080079227715,0.010498547508550471
2013,E07000216,122783,108043,28481,46045,0.6185470735150397,75947.06532739711,male,45-49,4652,0.03788798123518728,0.02343549991441783,0.2636080079227715,0.009987575257623067
2013,E07000217,100387,108043,6868,35860,0.19152258784160625,19226.378025655325,female,45-49,3781,0.037664239393546975,0.007213552597737887,0.06356728339642549,0.0023942133794404136
2013,E07000217,100387,108043,6868,35860,0.19152258784160625,19226.378025655325,male,45-49,3745,0.03730562722264835,0.007144870266735886,0.06356728339642549,0.0023714173779434936
2013,E07000223,62605,108043,67,25716,0.002605381863431327,163.1099315601182,female,45-49,2331,0.03723344780768309,9.700734963115442e-05,0.0006201234693594218,2.3089334830713393e-05
2013,E07000223,62605,108043,67,25716,0.002605381863431327,163.1099315601182,male,45-49,2392,0.03820781087772542,9.954593750223998e-05,0.0006201234693594218,2.3693560238123743e-05
2013,E07000224,153013,108043,146,64199,0.00227417872552532,347.9789093288058,female,45-49,5509,0.03600347682876618,8.187834104892386e-05,0.0013513138287533668,4.865199612191315e-05
2013,E07000224,153013,108043,146,64199,0.00227417872552532,347.9789093288058,male,45-49,5272,0.034454588825786045,7.835589290432504e-05,0.0013513138287533668,4.655896234429591e-05
2013,E07000225,115800,108043,3182,46206,0.06886551530104315,7974.626671860797,female,45-49,4409,0.03807426597582038,0.002622003946133845,0.02945123700748776,0.0011213342311400133
2013,E07000225,115800,108043,3182,46206,0.06886551530104315,7974.626671860797,male,45-49,3980,0.034369602763385146,0.002366880404992675,0.02945123700748776,0.001012227316837662
2013,E07000226,108953,108043,598,40132,0.01490082727000897,1623.4898335492874,female,45-49,3823,0.035088524409607816,0.0005228480413870596,0.005534833353387078,0.00019420913522343397
2013,E07000226,108953,108043,598,40132,0.01490082727000897,1623.4898335492874,male,45-49,3974,0.036474443108496325,0.0005434993765294728,0.005534833353387078,0.0002018799642631249
2013,E07000227,133173,108043,2006,47879,0.04189728273355751,5579.586833476054,female,45-49,5811,0.04363497105269086,0.0018281867192651863,0.018566681784104477,0.0008101566221939215
2013,E07000227,133173,108043,2006,47879,0.04189728273355751,5579.586833476054,male,45-49,5370,0.04032348899551711,0.0016894446192486751,0.018566681784104477,0.0007486733886046049
2013,E07000228,142983,108043,208,48945,0.004249667994687915,607.6302788844621,female,45-49,5699,0.03985788520313604,0.00016938277908371224,0.0019251594272650704,7.67327834496663e-05
2013,E07000228,142983,108043,208,48945,0.004249667994687915,607.6302788844621,male,45-49,5634,0.03940328570529364,0.0001674508821473302,0.0019251594272650704,7.585760694076504e-05
2013,E07000229,106413,108043,139,40585,0.0034249106812861895,364.4550203277073,female,45-49,4126,0.03877345813011568,0.00013279563090023603,0.0012865248095665614,4.9883015837084116e-05
2013,E07000229,106413,108043,139,40585,0.0034249106812861895,364.4550203277073,male,45-49,4119,0.038707676693637054,0.00013257033535581006,0.0012865248095665614,4.979838638704544e-05
2013,E09000008,373628,108043,50,149453,0.0003345533378386516,124.99849450997972,female,45-49,14604,0.03908700632714893,1.3076688432868168e-05,0.00046277870847718036,1.8088634306317357e-05
2013,E09000008,373628,108043,50,149453,0.0003345533378386516,124.99849450997972,male,45-49,13819,0.036985986061001855,1.2373785089962013e-05,0.00046277870847718036,1.7116326861065432e-05
2013,E09000011,264097,108043,64,52633,0.00121596716888644,321.13328140140214,female,45-49,9077,0.034369947405688064,4.179272764167036e-05,0.0005923567468507909,2.0359270234666163e-05
2013,E09000011,264097,108043,64,52633,0.00121596716888644,321.13328140140214,male,45-49,8952,0.03389663646311772,4.1217197074830124e-05,0.0005923567468507909,2.007890130447631e-05
2013,E09000017,285996,108043,72,115552,0.0006230960952644697,178.20299086125726,female,45-49,10144,0.0354690275388467,2.210061256228332e-05,0.0006664013402071398,2.3636607487731386e-05
2013,E09000017,285996,108043,72,115552,0.0006230960952644697,178.20299086125726,male,45-49,9727,0.03401096518832431,2.1192099605020686e-05,0.0006664013402071398,2.2664952783237698e-05
2013,E09000018,261275,108043,231,100578,0.002296724929905148,600.0768060609676,female,45-49,8606,0.03293847478710171,7.565061619658866e-05,0.0021380376331645735,7.042369867386593e-05
2013,E09000018,261275,108043,231,100578,0.002296724929905148,600.0768060609676,male,45-49,8731,0.03341689790450675,7.674942249737576e-05,0.0021380376331645735,7.144658530345381e-05
2013,E09000021,165657,108043,116,55314,0.002097118270238999,347.40232129298187,female,45-49,5867,0.03541655348098782,7.427270137387618e-05,0.0010736466036670585,3.8024862358455316e-05
2013,E09000021,165657,108043,116,55314,0.002097118270238999,347.40232129298187,male,45-49,5780,0.03489137193115896,7.317133355053763e-05,0.0010736466036670585,3.7461002971172956e-05
2013,E09000022,312700,108043,19,112835,0.00016838746842734968,52.65476137723225,female,45-49,10510,0.033610489286856414,5.659585203618309e-06,0.00017585590922132853,5.9106031529138564e-06
2013,E09000022,312700,108043,19,112835,0.00016838746842734968,52.65476137723225,male,45-49,10809,0.03456667732651103,5.82059528695626e-06,0.00017585590922132853,6.078754470013879e-06
2013,E09000024,203637,108043,8,78151,0.00010236593261762485,20.84549142045527,female,45-49,7396,0.036319529358613614,3.717882495027689e-06,7.404459335634886e-05,2.689264782252519e-06
2013,E09000024,203637,108043,8,78151,0.00010236593261762485,20.84549142045527,male,45-49,7024,0.03449274935301541,3.5308824560673987e-06,7.404459335634886e-05,2.5540015995864915e-06
2013,E09000027,191138,108043,51,65861,0.0007743581178542688,148.00926193042923,female,45-49,7620,0.0398664839016836,3.087093543957522e-05,0.000472034282646724,1.8818347130178387e-05
2013,E09000027,191138,108043,51,65861,0.0007743581178542688,148.00926193042923,male,45-49,7464,0.039050319664326295,3.0238932036875254e-05,0.000472034282646724,1.843308962987552e-05
2013,E09000029,195787,108043,77,79478,0.0009688215606834595,189.68266690153249,female,45-49,8045,0.04109057291852881,3.9809432984306576e-05,0.0007126792110548578,2.9284397089369215e-05
2013,E09000029,195787,108043,77,79478,0.0009688215606834595,189.68266690153249,male,45-49,7730,0.03948168162339685,3.82507044087868e-05,0.0007126792110548578,2.8137773710481546e-05
2013,E09000032,313091,108043,8,108750,7.35632183908046e-05,23.0319816091954,female,45-49,9682,0.03092391668875822,2.274862836874168e-06,7.404459335634886e-05,2.2897488362047126e-06
2013,E09000032,313091,108043,8,108750,7.35632183908046e-05,23.0319816091954,male,45-49,9390,0.029991280490336676,2.2062551165305143e-06,7.404459335634886e-05,2.2206921681431784e-06
2013,E09000033,225306,108043,58,72554,0.0007994045814152217,180.11064862033794,female,45-49,7258,0.03221396678295296,2.575199263185037e-05,0.0005368233018335293,1.7293208013580443e-05
2013,E09000033,225306,108043,58,72554,0.0007994045814152217,180.11064862033794,male,45-49,8074,0.0358357078817253,2.8647229058908775e-05,0.0005368233018335293,1.9237443028609602e-05
2013,E06000036,116543,108043,770,40616,0.018958046090210755,2209.427565491432,female,50-54,4233,0.03632135778210618,0.000688581974892204,0.007126792110548578,0.0002588547660859265
2013,E06000036,116543,108043,770,40616,0.018958046090210755,2209.427565491432,male,50-54,4247,0.03644148511708125,0.0006908593544453556,0.007126792110548578,0.0002597108886290881
2013,E06000037,156031,108043,13,49239,0.00026401835943053273,41.19504864030545,female,50-54,5752,0.036864469240086906,9.732896690045083e-06,0.0001203224642040669,4.435623780542282e-06
2013,E06000037,156031,108043,13,49239,0.00026401835943053273,41.19504864030545,male,50-54,5933,0.03802449513237754,1.0039164823024595e-05,0.0001203224642040669,4.575200954443212e-06
2013,E06000040,146278,108043,191,53690,0.0035574594896628795,520.3780592289066,female,50-54,5085,0.03476257537018554,0.00012366645363578763,0.001767814666382829,6.14537905806525e-05
2013,E06000040,146278,108043,191,53690,0.0035574594896628795,520.3780592289066,male,50-54,5182,0.03542569627695211,0.0001260254793983582,0.001767814666382829,6.262606544521952e-05
2013,E06000041,158065,108043,206,45893,0.004488701980694223,709.5066785784323,female,50-54,5811,0.036763356846866796,0.00016501975269549952,0.0019066482789259832,7.009479105962034e-05
2013,E06000041,158065,108043,206,45893,0.004488701980694223,709.5066785784323,male,50-54,5958,0.037693353999936736,0.00016919423275852454,0.0019066482789259832,7.18679685309272e-05
2013,E06000043,277991,108043,31,90245,0.0003435093356972685,95.49250373981937,female,50-54,8552,0.030763585871485047,1.0567578946379704e-05,0.0002869227992558518,8.826774173394263e-06
2013,E06000043,277991,108043,31,90245,0.0003435093356972685,95.49250373981937,male,50-54,8563,0.03080315549783986,1.0581171482442635e-05,0.0002869227992558518,8.838127601353494e-06
2013,E06000054,479911,108043,11,168444,6.530360238417516e-05,31.33991712379188,female,50-54,17539,0.036546359637516124,2.3866089383574206e-06,0.00010181131586497968,3.7208329647702987e-06
2013,E06000054,479911,108043,11,168444,6.530360238417516e-05,31.33991712379188,male,50-54,17461,0.03638382950172011,2.375995134993952e-06,0.00010181131586497968,3.7042855577771924e-06
2013,E07000061,100363,108043,20,41544,0.00048141729250914694,48.31648372809551,female,50-54,3290,0.03278100495202415,1.5781342649732403e-05,0.00018511148339087215,6.068140453712716e-06
2013,E07000061,100363,108043,20,41544,0.00048141729250914694,48.31648372809551,male,50-54,3181,0.03169494734115162,1.52584957351972e-05,0.00018511148339087215,5.867098718316156e-06
2013,E07000063,99626,108043,29,37939,0.0007643849337093756,76.15261340573025,female,50-54,3633,0.036466384277196714,2.7874354728345626e-05,0.00026841165091676464,9.78800240680752e-06
2013,E07000063,99626,108043,29,37939,0.0007643849337093756,76.15261340573025,male,50-54,3582,0.03595446971674061,2.748305495098652e-05,0.00026841165091676464,9.650598574507166e-06
2013,E07000064,91232,108043,10,36599,0.00027323150905762453,24.927457034345203,female,50-54,3364,0.03687302700806735,1.0074872812936787e-05,9.255574169543608e-05,3.4128103632875196e-06
2013,E07000064,91232,108043,10,36599,0.00027323150905762453,24.927457034345203,male,50-54,3127,0.034275254296737986,9.36507945483155e-06,9.255574169543608e-05,3.1723715832342667e-06
2013,E07000065,152777,108043,32,58801,0.0005442084318293906,83.14253158959882,female,50-54,5843,0.038245285612363115,2.0813406907971285e-05,0.00029617837342539545,1.1327426483859386e-05
2013,E07000065,152777,108043,32,58801,0.0005442084318293906,83.14253158959882,male,50-54,5644,0.03694273352664341,2.0104547080025663e-05,0.00029617837342539545,1.0941638725809067e-05
2013,E07000071,177993,108043,129,62772,0.002055056394570828,365.78565283884535,female,50-54,5635,0.03165854836987971,6.506010227035115e-05,0.0011939690678711254,3.7799327487338214e-05
2013,E07000071,177993,108043,129,62772,0.002055056394570828,365.78565283884535,male,50-54,5617,0.03155742079744709,6.485227940595608e-05,0.0011939690678711254,3.767858429394477e-05
2013,E07000084,172050,108043,677,63307,0.010693920103622032,1839.8889538281705,female,50-54,6203,0.036053472827666376,0.0003855529578771721,0.0062660237127810225,0.00022591191566626379
2013,E07000084,172050,108043,677,63307,0.010693920103622032,1839.8889538281705,male,50-54,6366,0.03700087183958152,0.00039568436721684313,0.0062660237127810225,0.00023184834034038938
2013,E07000085,117401,108043,8612,41475,0.20764315852923448,24377.514454490658,female,50-54,4713,0.04014446214257119,0.008335722916740762,0.07970900474810955,0.003199875123532511
2013,E07000085,117401,108043,8612,41475,0.20764315852923448,24377.514454490658,male,50-54,4612,0.039284162826551734,0.008157087649481943,0.07970900474810955,0.0031313015212671206
2013,E07000089,92959,108043,2372,33431,0.07095211031677186,6595.637222936795,female,50-54,3379,0.03634935831925903,0.0025790636814119355,0.021954221930157437,0.0007980218795598272
2013,E07000089,92959,108043,2372,33431,0.07095211031677186,6595.637222936795,male,50-54,3449,0.037102378467926724,0.0026324920500709575,0.021954221930157437,0.000814553851021558
2013,E07000090,121671,108043,9,43614,0.0002063557573256294,25.107511349566654,female,50-54,4550,0.037395928364195245,7.716865118488495e-06,8.330016752589247e-05,3.115087097523738e-06
2013,E07000090,121671,108043,9,43614,0.0002063557573256294,25.107511349566654,male,50-54,4307,0.03539873922298658,7.304733640731857e-06,8.330016752589247e-05,2.9487209074801626e-06
2013,E07000092,94897,108043,4240,37380,0.11342964151952915,10764.132691278757,female,50-54,3084,0.03249839299450984,0.003686281067328028,0.0392436344788649,0.0012753550558270478
2013,E07000092,94897,108043,4240,37380,0.11342964151952915,10764.132691278757,male,50-54,3258,0.034331959914433545,0.003894261905757042,0.0392436344788649,0.001347310885825072
2013,E07000093,118805,108043,39,44103,0.0008842935854703761,105.05849942180804,female,50-54,4572,0.03848322882033584,3.4030472394011696e-05,0.0003609673926122007,1.3891190766575325e-05
2013,E07000093,118805,108043,39,44103,0.0008842935854703761,105.05849942180804,male,50-54,4515,0.038003451033205675,3.3606207974401315e-05,0.0003609673926122007,1.3718006629721697e-05
2013,E07000094,119037,108043,14,43975,0.00031836270608300173,37.89694144400228,female,50-54,4229,0.03552676898779371,1.131039831333967e-05,0.0001295780383736105,4.603489035190729e-06
2013,E07000094,119037,108043,14,43975,0.00031836270608300173,37.89694144400228,male,50-54,4184,0.035148735267185836,1.1190046475056321e-05,0.0001295780383736105,4.5545041672352835e-06
2013,E07000102,89566,108043,29,34487,0.0008408965697219242,75.31574216371386,female,50-54,3318,0.03704530737110064,3.115127189265284e-05,0.00026841165091676464,9.943392110196113e-06
2013,E07000102,89566,108043,29,34487,0.0008408965697219242,75.31574216371386,male,50-54,3254,0.03633075050800527,3.055040347760469e-05,0.00026841165091676464,9.75159672289878e-06
2013,E07000180,123497,108043,57,39314,0.00144986518797375,179.0540011191942,female,50-54,4622,0.03742601034842952,5.426266952893327e-05,0.0005275677276639857,1.974475523504977e-05
2013,E07000180,123497,108043,57,39314,0.00144986518797375,179.0540011191942,male,50-54,4370,0.03538547495080852,5.1304168291094414e-05,0.0005275677276639857,1.8668234612108937e-05
2013,E07000207,133499,108043,3258,45188,0.0720987872886607,9625.116004248915,female,50-54,5108,0.03826245889482318,0.00275867688499898,0.030154660644373072,0.0011537914633926668
2013,E07000207,133499,108043,3258,45188,0.0720987872886607,9625.116004248915,male,50-54,4796,0.035925362736799527,0.0025901750862284867,0.030154660644373072,0.0010833171218541957
2013,E07000208,76906,108043,434,26765,0.016215206426303006,1247.046665421259,female,50-54,2785,0.03621303929472343,0.0005872019074877626,0.0040169191895819256,0.00014546485245605886
2013,E07000208,76906,108043,434,26765,0.016215206426303006,1247.046665421259,male,50-54,2723,0.0354068603229917,0.0005741295490445879,0.0040169191895819256,0.00014222649667427226
2013,E07000209,140657,108043,34716,49362,0.7032940318463595,98923.2286374134,female,50-54,4687,0.03332219512715329,0.02343530096094675,0.3213165128698759,0.010706971539426464
2013,E07000209,140657,108043,34716,49362,0.7032940318463595,98923.2286374134,male,50-54,4510,0.032063814811918355,0.02255028959544908,0.3213165128698759,0.010302633164671081
2013,E07000210,86761,108043,3001,30934,0.09701299540958169,8416.944494730717,female,50-54,3330,0.03838130035384562,0.003723484915041401,0.027775978082800367,0.001066078157417794
2013,E07000210,86761,108043,3001,30934,0.09701299540958169,8416.944494730717,male,50-54,3334,0.038427404017934326,0.003727957569594004,0.027775978082800367,0.0010673587317810585
2013,E07000211,140928,108043,842,52491,0.016040845097254768,2260.60421786592,female,50-54,4949,0.0351172229791099,0.0005633099340536576,0.007793193450755718,0.0002736753121295275
2013,E07000211,140928,108043,842,52491,0.016040845097254768,2260.60421786592,male,50-54,5033,0.035713272025431425,0.0005728710644760676,0.007793193450755718,0.00027832043765364957
2013,E07000212,83094,108043,1641,28983,0.05661939757789049,4704.732222337232,female,50-54,2828,0.03403374491539702,0.0019269701344293727,0.01518839721222106,0.0005169180363944587
2013,E07000212,83094,108043,1641,28983,0.05661939757789049,4704.732222337232,male,50-54,2852,0.034322574433773796,0.001943323487762578,0.01518839721222106,0.0005213048938461797
2013,E07000213,97371,108043,1434,37349,0.038394602265120883,3738.5208171570857,female,50-54,3512,0.036068233868400246,0.0013848254937825898,0.013272493359125533,0.0004787153944937289
2013,E07000213,97371,108043,1434,37349,0.038394602265120883,3738.5208171570857,male,50-54,3751,0.03852276345113021,0.00147906618085948,0.013272493359125533,0.0005112931220802896
2013,E07000214,87134,108043,2312,34609,0.06680343263313011,5820.85029905516,female,50-54,3285,0.037700553170978035,0.002518526363989171,0.02139888747998482,0.0008067498952389439
2013,E07000214,87134,108043,2312,34609,0.06680343263313011,5820.85029905516,male,50-54,3287,0.037723506323593545,0.002520059713373639,0.02139888747998482,0.0008072410671690741
2013,E07000215,84616,108043,465,31043,0.01497922236897207,1267.4818799729408,female,50-54,3192,0.03772336201191264,0.0005650666280816731,0.004303841988837777,0.00016235538938699757
2013,E07000215,84616,108043,465,31043,0.01497922236897207,1267.4818799729408,male,50-54,3166,0.03741609151933441,0.0005604639550459201,0.004303841988837777,0.0001610329457391085
2013,E07000216,122783,108043,28481,46045,0.6185470735150397,75947.06532739711,female,50-54,4444,0.03619393564255638,0.022387652970694935,0.2636080079227715,0.009541011273619284
2013,E07000216,122783,108043,28481,46045,0.6185470735150397,75947.06532739711,male,50-54,4307,0.03507814599741006,0.021697484551031297,0.2636080079227715,0.009246880188001407
2013,E07000217,100387,108043,6868,35860,0.19152258784160625,19226.378025655325,female,50-54,3405,0.0339187344974947,0.006496203807272548,0.06356728339642549,0.0021561218082503594
2013,E07000217,100387,108043,6868,35860,0.19152258784160625,19226.378025655325,male,50-54,3382,0.033689621166087244,0.006452323429132382,0.06356728339642549,0.0021415576961828827
2013,E07000223,62605,108043,67,25716,0.002605381863431327,163.1099315601182,female,50-54,2163,0.034549956073796025,9.001582893701717e-05,0.0006201234693594218,2.1425238626698017e-05
2013,E07000223,62605,108043,67,25716,0.002605381863431327,163.1099315601182,male,50-54,2051,0.03276096158453798,8.535481514092567e-05,0.0006201234693594218,2.031584115735443e-05
2013,E07000224,153013,108043,146,64199,0.00227417872552532,347.9789093288058,female,50-54,5237,0.03422585009116873,7.783570014035475e-05,0.0013513138287533668,4.6249864529035976e-05
2013,E07000224,153013,108043,146,64199,0.00227417872552532,347.9789093288058,male,50-54,4827,0.03154633919993726,7.174201347670276e-05,0.0013513138287533668,4.262900440741964e-05
2013,E07000225,115800,108043,3182,46206,0.06886551530104315,7974.626671860797,female,50-54,4292,0.037063903281519865,0.0025524247985498896,0.02945123700748776,0.0010915777999666448
2013,E07000225,115800,108043,3182,46206,0.06886551530104315,7974.626671860797,male,50-54,3910,0.03376511226252159,0.00232525185515612,0.02945123700748776,0.0009944243238279545
2013,E07000226,108953,108043,598,40132,0.01490082727000897,1623.4898335492874,female,50-54,3439,0.03156406891044762,0.0004703307387732402,0.005534833353387078,0.0001747018613741536
2013,E07000226,108953,108043,598,40132,0.01490082727000897,1623.4898335492874,male,50-54,3520,0.032307508742301726,0.00048140860729334274,0.005534833353387078,0.0001788166769517362
2013,E07000227,133173,108043,2006,47879,0.04189728273355751,5579.586833476054,female,50-54,5310,0.03987294721903088,0.0016705681430559524,0.018566681784104477,0.00074030832281014
2013,E07000227,133173,108043,2006,47879,0.04189728273355751,5579.586833476054,male,50-54,5190,0.03897186366605843,0.001632815190670507,0.018566681784104477,0.0007235781912212102
2013,E07000228,142983,108043,208,48945,0.004249667994687915,607.6302788844621,female,50-54,5168,0.03614415699768504,0.00015360066718803737,0.0019251594272650704,6.958326458464212e-05
2013,E07000228,142983,108043,208,48945,0.004249667994687915,607.6302788844621,male,50-54,5076,0.03550072386227733,0.0001508662899857735,0.0019251594272650704,6.834455321819724e-05
2013,E07000229,106413,108043,139,40585,0.0034249106812861895,364.4550203277073,female,50-54,3748,0.03522126056026989,0.00012062967150123234,0.0012865248095665614,4.531302553499546e-05
2013,E07000229,106413,108043,139,40585,0.0034249106812861895,364.4550203277073,male,50-54,3636,0.03416875757661188,0.00011702494279041644,0.0012865248095665614,4.3958954334376594e-05
2013,E09000008,373628,108043,50,149453,0.0003345533378386516,124.99849450997972,female,50-54,13143,0.03517669981907138,1.1768482338618622e-05,0.00046277870847718036,1.6279027710759317e-05
2013,E09000008,373628,108043,50,149453,0.0003345533378386516,124.99849450997972,male,50-54,12603,0.03373141199267721,1.1284956472160882e-05,0.00046277870847718036,1.561017927708283e-05
2013,E09000011,264097,108043,64,52633,0.00121596716888644,321.13328140140214,female,50-54,7772,0.029428581165253674,3.5784188523858323e-05,0.0005923567468507909,1.7432218603484122e-05
2013,E09000011,264097,108043,64,52633,0.00121596716888644,321.13328140140214,male,50-54,7698,0.029148381087252033,3.544347442828891e-05,0.0005923567468507909,1.7266240196811734e-05
2013,E09000017,285996,108043,72,115552,0.0006230960952644697,178.20299086125726,female,50-54,9034,0.03158785437558567,1.9682268719210124e-05,0.0006664013402071398,2.1050188490158255e-05
2013,E09000017,285996,108043,72,115552,0.0006230960952644697,178.20299086125726,male,50-54,8967,0.03135358536483028,1.953629661336697e-05,0.0006664013402071398,2.089407130742186e-05
2013,E09000018,261275,108043,231,100578,0.002296724929905148,600.0768060609676,female,50-54,7557,0.028923547985838675,6.642943372038353e-05,0.0021380376331645735,6.183963407836448e-05
2013,E09000018,261275,108043,231,100578,0.002296724929905148,600.0768060609676,male,50-54,7643,0.029252703090613338,6.718541245532502e-05,0.0021380376331645735,6.254338007952094e-05
2013,E09000021,165657,108043,116,55314,0.002097118270238999,347.40232129298187,female,50-54,5151,0.031094369691591663,6.520857078180266e-05,0.0010736466036670585,3.338436441254531e-05
2013,E09000021,165657,108043,116,55314,0.002097118270238999,347.40232129298187,male,50-54,5054,0.03050882244638017,6.398060895578153e-05,0.0010736466036670585,3.275569360143739e-05
2013,E09000022,312700,108043,19,112835,0.00016838746842734968,52.65476137723225,female,50-54,8852,0.028308282699072592,4.766760059222576e-06,0.00017585590922132853,4.978178792539815e-06
2013,E09000022,312700,108043,19,112835,0.00016838746842734968,52.65476137723225,male,50-54,8459,0.027051487048289094,4.5551314212566385e-06,0.00017585590922132853,4.757163850665871e-06
2013,E09000024,203637,108043,8,78151,0.00010236593261762485,20.84549142045527,female,50-54,6312,0.030996331707891983,3.172968403003619e-06,7.404459335634886e-05,2.2951107768493644e-06
2013,E09000024,203637,108043,8,78151,0.00010236593261762485,20.84549142045527,male,50-54,5929,0.029115534013956206,2.9804387929988056e-06,7.404459335634886e-05,2.155847876416331e-06
2013,E09000027,191138,108043,51,65861,0.0007743581178542688,148.00926193042923,female,50-54,6424,0.03360922474861095,2.6025576018875487e-05,0.000472034282646724,1.5864706294523094e-05
2013,E09000027,191138,108043,51,65861,0.0007743581178542688,148.00926193042923,male,50-54,6246,0.032677960426498134,2.5304443931179374e-05,0.000472034282646724,1.542511760828008e-05
2013,E09000029,195787,108043,77,79478,0.0009688215606834595,189.68266690153249,female,50-54,6723,0.03433833707038772,3.3267721311807726e-05,0.0007126792110548578,2.4472218972259696e-05
2013,E09000029,195787,108043,77,79478,0.0009688215606834595,189.68266690153249,male,50-54,6640,0.03391440698309898,3.285700870301997e-05,0.0007126792110548578,2.4170092812108338e-05
2013,E09000032,313091,108043,8,108750,7.35632183908046e-05,23.0319816091954,female,50-54,7550,0.024114394856447487,1.7739324951869415e-06,7.404459335634886e-05,1.7855405611800847e-06
2013,E09000032,313091,108043,8,108750,7.35632183908046e-05,23.0319816091954,male,50-54,7514,0.02399941231143661,1.765474009117176e-06,7.404459335634886e-05,1.7770267253916762e-06
2013,E09000033,225306,108043,58,72554,0.0007994045814152217,180.11064862033794,female,50-54,6273,0.027842134696812335,2.2257130033011486e-05,0.0005368233018335293,1.4946306678036667e-05
2013,E09000033,225306,108043,58,72554,0.0007994045814152217,180.11064862033794,male,50-54,6420,0.02849458070357647,2.27786983599448e-05,0.0005368233018335293,1.529655489765589e-05
2013,E06000036,116543,108043,770,40616,0.018958046090210755,2209.427565491432,female,55-59,3363,0.028856301965798033,0.0005470591026606383,0.007126792110548578,0.00020565286518945685
2013,E06000036,116543,108043,770,40616,0.018958046090210755,2209.427565491432,male,55-59,3479,0.029851642741305785,0.0005659288189581804,0.007126792110548578,0.0002127464519756528
2013,E06000037,156031,108043,13,49239,0.00026401835943053273,41.19504864030545,female,55-59,4953,0.03174369195864924,8.380917473190766e-06,0.0001203224642040669,3.8194792393995e-06
2013,E06000037,156031,108043,13,49239,0.00026401835943053273,41.19504864030545,male,55-59,4961,0.031794963821291926,8.394454186250636e-06,0.0001203224642040669,3.825648396257e-06
2013,E06000040,146278,108043,191,53690,0.0035574594896628795,520.3780592289066,female,55-59,4214,0.028808159805302234,0.00010248386147909717,0.001767814666382829,5.09274874153136e-05
2013,E06000040,146278,108043,191,53690,0.0035574594896628795,520.3780592289066,male,55-59,4192,0.02865776124912837,0.00010194882470820486,0.001767814666382829,5.0661610641906637e-05
2013,E06000041,158065,108043,206,45893,0.004488701980694223,709.5066785784323,female,55-59,4821,0.030500110713946794,0.00013690590737308608,0.0019066482789259832,5.8152983599798596e-05
2013,E06000041,158065,108043,206,45893,0.004488701980694223,709.5066785784323,male,55-59,4976,0.03148071995697972,0.00014130757002457503,0.0019066482789259832,6.002266052532624e-05
2013,E06000043,277991,108043,31,90245,0.0003435093356972685,95.49250373981937,female,55-59,6641,0.023889262602026683,8.206184726719787e-06,0.0002869227992558518,6.854374097931631e-06
2013,E06000043,277991,108043,31,90245,0.0003435093356972685,95.49250373981937,male,55-59,6676,0.024015165958610172,8.249433705101836e-06,0.0002869227992558518,6.890498641438273e-06
2013,E06000054,479911,108043,11,168444,6.530360238417516e-05,31.33991712379188,female,55-59,15196,0.03166420440456668,2.06778661424707e-06,0.00010181131586497968,3.223774316246619e-06
2013,E06000054,479911,108043,11,168444,6.530360238417516e-05,31.33991712379188,male,55-59,14873,0.030991162944796015,2.023834582370142e-06,0.00010181131586497968,3.155251079595681e-06
2013,E07000061,100363,108043,20,41544,0.00048141729250914694,48.31648372809551,female,55-59,3066,0.030549106742524635,1.4706868256559135e-05,0.00018511148339087215,5.6549904653748295e-06
2013,E07000061,100363,108043,20,41544,0.00048141729250914694,48.31648372809551,male,55-59,2739,0.02729093390990704,1.3138327512953513e-05,0.00018511148339087215,5.051865259185146e-06
2013,E07000063,99626,108043,29,37939,0.0007643849337093756,76.15261340573025,female,55-59,3338,0.03350530985887218,2.56109540553861e-05,0.00026841165091676464,8.993215533697632e-06
2013,E07000063,99626,108043,29,37939,0.0007643849337093756,76.15261340573025,male,55-59,3110,0.031216750647421358,2.386161387425128e-05,0.00026841165091676464,8.378939577531348e-06
2013,E07000064,91232,108043,10,36599,0.00027323150905762453,24.927457034345203,female,55-59,3217,0.03526175026306559,9.6346212363905e-06,9.255574169543608e-05,3.263677449077274e-06
2013,E07000064,91232,108043,10,36599,0.00027323150905762453,24.927457034345203,male,55-59,2966,0.032510522623640827,8.882899156709427e-06,9.255574169543608e-05,3.009035534337331e-06
2013,E07000065,152777,108043,32,58801,0.0005442084318293906,83.14253158959882,female,55-59,5294,0.034651812772865026,1.8857808689166524e-05,0.00029617837342539545,1.0263117543308504e-05
2013,E07000065,152777,108043,32,58801,0.0005442084318293906,83.14253158959882,male,55-59,5047,0.03303507726948428,1.7977967596188788e-05,0.00029617837342539545,9.784275451658107e-06
2013,E07000071,177993,108043,129,62772,0.002055056394570828,365.78565283884535,female,55-59,4958,0.027855028006719365,5.724365342615813e-05,0.0011939690678711254,3.325804182470681e-05
2013,E07000071,177993,108043,129,62772,0.002055056394570828,365.78565283884535,male,55-59,4574,0.025697639794823392,5.281009898572959e-05,0.0011939690678711254,3.068218703231322e-05
2013,E07000084,172050,108043,677,63307,0.010693920103622032,1839.8889538281705,female,55-59,4967,0.02886951467596629,0.0003087282833751272,0.0062660237127810225,0.0001808970635360845
2013,E07000084,172050,108043,677,63307,0.010693920103622032,1839.8889538281705,male,55-59,5088,0.02957279860505667,0.0003162491455229811,0.0062660237127810225,0.00018530385731258263
2013,E07000085,117401,108043,8612,41475,0.20764315852923448,24377.514454490658,female,55-59,4009,0.03414792037546529,0.007090582043966415,0.07970900474810955,0.0027218967473460294
2013,E07000085,117401,108043,8612,41475,0.20764315852923448,24377.514454490658,male,55-59,4036,0.03437790138073781,0.007138336026302931,0.07970900474810955,0.002740228304387272
2013,E07000089,92959,108043,2372,33431,0.07095211031677186,6595.637222936795,female,55-59,2829,0.030432771436870017,0.002159269356233905,0.021954221930157437,0.0006681278180748005
2013,E07000089,92959,108043,2372,33431,0.07095211031677186,6595.637222936795,male,55-59,2782,0.02992717219419314,0.0021233960229914187,0.021954221930157437,0.0006570277800933529
2013,E07000090,121671,108043,9,43614,0.0002063557573256294,25.107511349566654,female,55-59,4003,0.03290019807513705,6.78914528995812e-06,8.330016752589247e-05,2.740592011293961e-06
2013,E07000090,121671,108043,9,43614,0.0002063557573256294,25.107511349566654,male,55-59,3856,0.031692021927986126,6.5398311861300305e-06,8.330016752589247e-05,2.639950735835502e-06
2013,E07000092,94897,108043,4240,37380,0.11342964151952915,10764.132691278757,female,55-59,2399,0.02528004046492513,0.0028675059275356488,0.0392436344788649,0.0009920806676164357
2013,E07000092,94897,108043,4240,37380,0.11342964151952915,10764.132691278757,male,55-59,2475,0.026080908774776864,0.002958348132826482,0.0392436344788649,0.0010235096508339635
2013,E07000093,118805,108043,39,44103,0.0008842935854703761,105.05849942180804,female,55-59,3769,0.03172425402971255,2.805355434230754e-05,0.0003609673926122007,1.145142125967244e-05
2013,E07000093,118805,108043,39,44103,0.0008842935854703761,105.05849942180804,male,55-59,3908,0.03289423845797736,2.9088164067322333e-05,0.0003609673926122007,1.1873747488140063e-05
2013,E07000094,119037,108043,14,43975,0.00031836270608300173,37.89694144400228,female,55-59,3726,0.03130119206633232,9.965132209861342e-06,0.0001295780383736105,4.055947066710962e-06
2013,E07000094,119037,108043,14,43975,0.00031836270608300173,37.89694144400228,male,55-59,3703,0.031107974831354957,9.903619048072074e-06,0.0001295780383736105,4.0309103564226225e-06
2013,E07000102,89566,108043,29,34487,0.0008408965697219242,75.31574216371386,female,55-59,2778,0.031016233838733448,2.6081444640684027e-05,0.00026841165091676464,8.325118529874866e-06
2013,E07000102,89566,108043,29,34487,0.0008408965697219242,75.31574216371386,male,55-59,2660,0.029698769622401356,2.4973593500438986e-05,0.00026841165091676464,7.971495784545407e-06
2013,E07000180,123497,108043,57,39314,0.00144986518797375,179.0540011191942,female,55-59,3885,0.031458254046657,4.5610227416682334e-05,0.0005275677276639857,1.6596359603671217e-05
2013,E07000180,123497,108043,57,39314,0.00144986518797375,179.0540011191942,male,55-59,3771,0.030535154700114173,4.427185780908857e-05,0.0005275677276639857,1.6109362179007506e-05
2013,E07000207,133499,108043,3258,45188,0.0720987872886607,9625.116004248915,female,55-59,3829,0.02868186278548903,0.002067927524013527,0.030154660644373072,0.0008648918389448947
2013,E07000207,133499,108043,3258,45188,0.0720987872886607,9625.116004248915,male,55-59,3771,0.028247402602266682,0.0020366034716779863,0.030154660644373072,0.0008517908395563326
2013,E07000208,76906,108043,434,26765,0.016215206426303006,1247.046665421259,female,55-59,2222,0.028892414115933737,0.0004684964590440964,0.0040169191895819256,0.00011605849269564193
2013,E07000208,76906,108043,434,26765,0.016215206426303006,1247.046665421259,male,55-59,2155,0.02802122071099784,0.0004543698781458271,0.0040169191895819256,0.0001125589791895177
2013,E07000209,140657,108043,34716,49362,0.7032940318463595,98923.2286374134,female,55-59,3969,0.028217578933149433,0.019845254856837562,0.3213165128698759,0.009066774064430048
2013,E07000209,140657,108043,34716,49362,0.7032940318463595,98923.2286374134,male,55-59,4046,0.028765009917743164,0.02023025980115011,0.3213165128698759,0.009242672679436629
2013,E07000210,86761,108043,3001,30934,0.09701299540958169,8416.944494730717,female,55-59,2870,0.03307937898364473,0.003209129641492139,0.027775978082800367,0.000918812105642363
2013,E07000210,86761,108043,3001,30934,0.09701299540958169,8416.944494730717,male,55-59,2801,0.03228409077811459,0.003131976350459749,0.027775978082800367,0.0008967221978760482
2013,E07000211,140928,108043,842,52491,0.016040845097254768,2260.60421786592,female,55-59,4057,0.028787749772933698,0.00046177983480616056,0.007793193450755718,0.0002243485029924213
2013,E07000211,140928,108043,842,52491,0.016040845097254768,2260.60421786592,male,55-59,4128,0.029291553133514985,0.0004698612664727214,0.007793193450755718,0.0002282747400425721
2013,E07000212,83094,108043,1641,28983,0.05661939757789049,4704.732222337232,female,55-59,2298,0.027655426384576503,0.0015658335816544195,0.01518839721222106,0.00042004160100228647
2013,E07000212,83094,108043,1641,28983,0.05661939757789049,4704.732222337232,male,55-59,2375,0.028582087756035334,0.0016183005902651205,0.01518839721222106,0.00043411610199322475
2013,E07000213,97371,108043,1434,37349,0.038394602265120883,3738.5208171570857,female,55-59,2818,0.028940855080054638,0.0011111726200112011,0.013272493359125533,0.00038411730685743964
2013,E07000213,97371,108043,1434,37349,0.038394602265120883,3738.5208171570857,male,55-59,2833,0.02909490505386614,0.001117087307484646,0.013272493359125533,0.0003861619341118263
2013,E07000214,87134,108043,2312,34609,0.06680343263313011,5820.85029905516,female,55-59,2727,0.03129662359125026,0.0020907218857225173,0.02139888747998482,0.0006697129267326028
2013,E07000214,87134,108043,2312,34609,0.06680343263313011,5820.85029905516,male,55-59,2749,0.03154910827002089,0.0021075887289516686,0.02139888747998482,0.0006751158179640355
2013,E07000215,84616,108043,465,31043,0.01497922236897207,1267.4818799729408,female,55-59,2724,0.032192493145504396,0.00048221851343811946,0.004303841988837777,0.00013855140372499416
2013,E07000215,84616,108043,465,31043,0.01497922236897207,1267.4818799729408,male,55-59,2746,0.032452491254609056,0.0004861130829299105,0.004303841988837777,0.00013967039450397722
2013,E07000216,122783,108043,28481,46045,0.6185470735150397,75947.06532739711,female,55-59,3842,0.03129097676388425,0.019354942104727713,0.2636080079227715,0.008248552050685259
2013,E07000216,122783,108043,28481,46045,0.6185470735150397,75947.06532739711,male,55-59,3728,0.030362509467923085,0.01878064137595651,0.2636080079227715,0.008003800636375494
2013,E07000217,100387,108043,6868,35860,0.19152258784160625,19226.378025655325,female,55-59,2826,0.028151055415541852,0.005391562983657039,0.06356728339642549,0.0017894861175082274
2013,E07000217,100387,108043,6868,35860,0.19152258784160625,19226.378025655325,male,55-59,2937,0.029256776275812604,0.0056033335042465415,0.06356728339642549,0.0018597737887903977
2013,E07000223,62605,108043,67,25716,0.002605381863431327,163.1099315601182,female,55-59,1973,0.031515054708090406,8.210875196150479e-05,0.0006201234693594218,1.9543225062633002e-05
2013,E07000223,62605,108043,67,25716,0.002605381863431327,163.1099315601182,male,55-59,1848,0.029518409072757767,7.690672763550981e-05,0.0006201234693594218,1.8305058244169177e-05
2013,E07000224,153013,108043,146,64199,0.00227417872552532,347.9789093288058,female,55-59,4884,0.03191885656774261,7.258918454945438e-05,0.0013513138287533668,4.313239227798582e-05
2013,E07000224,153013,108043,146,64199,0.00227417872552532,347.9789093288058,male,55-59,4460,0.029147850182664217,6.628742078021427e-05,0.0013513138287533668,3.93878930302655e-05
2013,E07000225,115800,108043,3182,46206,0.06886551530104315,7974.626671860797,female,55-59,3989,0.03444732297063903,0.0023722326471145175,0.02945123700748776,0.0010145162730817673
2013,E07000225,115800,108043,3182,46206,0.06886551530104315,7974.626671860797,male,55-59,3663,0.031632124352331606,0.0021783625435899917,0.02945123700748776,0.0009316051913508433
2013,E07000226,108953,108043,598,40132,0.01490082727000897,1623.4898335492874,female,55-59,3027,0.027782621864473674,0.0004139840495104968,0.005534833353387078,0.00015377218214002996
2013,E07000226,108953,108043,598,40132,0.01490082727000897,1623.4898335492874,male,55-59,2914,0.026745477407689556,0.00039852973910590935,0.005534833353387078,0.0001480317604083407
2013,E07000227,133173,108043,2006,47879,0.04189728273355751,5579.586833476054,female,55-59,4482,0.033655470703520984,0.0014100727715963802,0.018566681784104477,0.000624870414846525
2013,E07000227,133173,108043,2006,47879,0.04189728273355751,5579.586833476054,male,55-59,4320,0.032439007907008176,0.0013591062858760291,0.018566681784104477,0.0006022847372014698
2013,E07000228,142983,108043,208,48945,0.004249667994687915,607.6302788844621,female,55-59,4465,0.031227488582558766,0.00013270645878378227,0.0019251594272650704,6.011789403452536e-05
2013,E07000228,142983,108043,208,48945,0.004249667994687915,607.6302788844621,male,55-59,4352,0.030437184840155822,0.0001293479302636104,0.0019251594272650704,5.8596433334435466e-05
2013,E07000229,106413,108043,139,40585,0.0034249106812861895,364.4550203277073,female,55-59,3140,0.029507672934697828,0.000101061144213946,0.0012865248095665614,3.7962353303064505e-05
2013,E07000229,106413,108043,139,40585,0.0034249106812861895,364.4550203277073,male,55-59,3029,0.028464567299108193,9.748860058090524e-05,0.0012865248095665614,3.662037202387974e-05
2013,E09000008,373628,108043,50,149453,0.0003345533378386516,124.99849450997972,female,55-59,10496,0.028092113010802187,9.398310174704484e-06,0.00046277870847718036,1.3000431777534031e-05
2013,E09000008,373628,108043,50,149453,0.0003345533378386516,124.99849450997972,male,55-59,9671,0.02588403438714443,8.659590100949607e-06,0.00046277870847718036,1.1978580003861624e-05
2013,E09000011,264097,108043,64,52633,0.00121596716888644,321.13328140140214,female,55-59,5899,0.02233649000177965,2.7160438510324275e-05,0.0005923567468507909,1.323117055351941e-05
2013,E09000011,264097,108043,64,52633,0.00121596716888644,321.13328140140214,male,55-59,5922,0.022423579215212593,2.726633613462288e-05,0.0005923567468507909,1.3282758436674342e-05
2013,E09000017,285996,108043,72,115552,0.0006230960952644697,178.20299086125726,female,55-59,7353,0.025710149792304786,1.6019893944249727e-05,0.0006664013402071398,1.7133278278518227e-05
2013,E09000017,285996,108043,72,115552,0.0006230960952644697,178.20299086125726,male,55-59,7327,0.025619239429922096,1.5963248052429996e-05,0.0006664013402071398,1.7072695491187684e-05
2013,E09000018,261275,108043,231,100578,0.002296724929905148,600.0768060609676,female,55-59,6521,0.02495837718878576,5.732252709946023e-05,0.0021380376331645735,5.336194969234019e-05
2013,E09000018,261275,108043,231,100578,0.002296724929905148,600.0768060609676,male,55-59,6336,0.024250310975026314,5.569629377429535e-05,0.0021380376331645735,5.184807748055014e-05
2013,E09000021,165657,108043,116,55314,0.002097118270238999,347.40232129298187,female,55-59,4167,0.025154385265941073,5.2751720917835706e-05,0.0010736466036670585,2.700692030811033e-05
2013,E09000021,165657,108043,116,55314,0.002097118270238999,347.40232129298187,male,55-59,4139,0.024985361318869713,5.239725771032445e-05,0.0010736466036670585,2.6825448321398765e-05
2013,E09000022,312700,108043,19,112835,0.00016838746842734968,52.65476137723225,female,55-59,6517,0.02084106172049888,3.5093736224529513e-06,0.00017585590922132853,3.665023857996156e-06
2013,E09000022,312700,108043,19,112835,0.00016838746842734968,52.65476137723225,male,55-59,6027,0.01927406459865686,3.2455109440730303e-06,0.00017585590922132853,3.3894581543874226e-06
2013,E09000024,203637,108043,8,78151,0.00010236593261762485,20.84549142045527,female,55-59,5110,0.025093671582276305,2.5687370943201037e-06,7.404459335634886e-05,1.8580507081274164e-06
2013,E09000024,203637,108043,8,78151,0.00010236593261762485,20.84549142045527,male,55-59,4755,0.02335037345865437,2.390282756064989e-06,7.404459335634886e-05,1.728968907464944e-06
2013,E09000027,191138,108043,51,65861,0.0007743581178542688,148.00926193042923,female,55-59,5302,0.027739120426079587,2.1480013084071893e-05,0.000472034282646724,1.3093815811575566e-05
2013,E09000027,191138,108043,51,65861,0.0007743581178542688,148.00926193042923,male,55-59,5246,0.02744613839215645,2.125314006771806e-05,0.000472034282646724,1.295551824736428e-05
2013,E09000029,195787,108043,77,79478,0.0009688215606834595,189.68266690153249,female,55-59,5342,0.027284753328872702,2.643405730294167e-05,0.0007126792110548578,1.94452764762474e-05
2013,E09000029,195787,108043,77,79478,0.0009688215606834595,189.68266690153249,male,55-59,5368,0.027417550705613754,2.6562714264730604e-05,0.0007126792110548578,1.953991840593337e-05
2013,E09000032,313091,108043,8,108750,7.35632183908046e-05,23.0319816091954,female,55-59,6134,0.019591748086019718,1.4412320431094965e-06,7.404459335634886e-05,1.4506630201693562e-06
2013,E09000032,313091,108043,8,108750,7.35632183908046e-05,23.0319816091954,male,55-59,5773,0.01843872867632733,1.3564122244654587e-06,7.404459335634886e-05,1.3652881668467057e-06
2013,E09000033,225306,108043,58,72554,0.0007994045814152217,180.11064862033794,female,55-59,5458,0.024224832006249277,1.936544168980977e-05,0.0005368233018335293,1.3004454303957297e-05
2013,E09000033,225306,108043,58,72554,0.0007994045814152217,180.11064862033794,male,55-59,5023,0.022294124435212555,1.782202521214996e-05,0.0005368233018335293,1.196800549079837e-05
2013,E06000036,116543,108043,770,40616,0.018958046090210755,2209.427565491432,female,60-64,2828,0.02426572166496486,0.0004600306697366295,0.007126792110548578,0.00017293675371863929
2013,E06000036,116543,108043,770,40616,0.018958046090210755,2209.427565491432,male,60-64,2861,0.024548878954548964,0.00046539877868334405,0.007126792110548578,0.00017495475685609159
2013,E06000037,156031,108043,13,49239,0.00026401835943053273,41.19504864030545,female,60-64,4631,0.029679999487281374,7.836064772531081e-06,0.0001203224642040669,3.571170675885137e-06
2013,E06000037,156031,108043,13,49239,0.00026401835943053273,41.19504864030545,male,60-64,4459,0.028577654440463753,7.545025441743919e-06,0.0001203224642040669,3.4385338034488933e-06
2013,E06000040,146278,108043,191,53690,0.0035574594896628795,520.3780592289066,female,60-64,4023,0.027502426885792807,9.783876951362313e-05,0.001767814666382829,4.861919360982596e-05
2013,E06000040,146278,108043,191,53690,0.0035574594896628795,520.3780592289066,male,60-64,3832,0.02619669396628338,9.319367754814911e-05,0.001767814666382829,4.631089980433832e-05
2013,E06000041,158065,108043,206,45893,0.004488701980694223,709.5066785784323,female,60-64,4394,0.027798690412172207,0.0001247800367138229,0.0019066482789259832,5.300232523076437e-05
2013,E06000041,158065,108043,206,45893,0.004488701980694223,709.5066785784323,male,60-64,4103,0.02595767563976845,0.00011651627005844683,0.0019066482789259832,4.949215758348343e-05
2013,E06000043,277991,108043,31,90245,0.0003435093356972685,95.49250373981937,female,60-64,5796,0.020849595850225368,7.162030820067442e-06,0.0002869227992558518,5.982224404699854e-06
2013,E06000043,277991,108043,31,90245,0.0003435093356972685,95.49250373981937,male,60-64,5864,0.021094208085873284,7.2460574066382815e-06,0.0002869227992558518,6.052409232084187e-06
2013,E06000054,479911,108043,11,168444,6.530360238417516e-05,31.33991712379188,female,60-64,14897,0.031041172217348634,2.02710036802044e-06,0.00010181131586497968,3.1603425894397137e-06
2013,E06000054,479911,108043,11,168444,6.530360238417516e-05,31.33991712379188,male,60-64,14150,0.029484633609148363,1.925452789654912e-06,0.00010181131586497968,3.0018693455442e-06
2013,E07000061,100363,108043,20,41544,0.00048141729250914694,48.31648372809551,female,60-64,3137,0.03125653876428564,1.5047438265109591e-05,0.00018511148339087215,5.785944256321213e-06
2013,E07000061,100363,108043,20,41544,0.00048141729250914694,48.31648372809551,male,60-64,2823,0.028127895738469355,1.354125541039349e-05,0.00018511148339087215,5.206796504811854e-06
2013,E07000063,99626,108043,29,37939,0.0007643849337093756,76.15261340573025,female,60-64,3410,0.03422801276775139,2.6163377270481308e-05,0.00026841165091676464,9.187197414592249e-06
2013,E07000063,99626,108043,29,37939,0.0007643849337093756,76.15261340573025,male,60-64,3248,0.03260193122277317,2.492042503651709e-05,0.00026841165091676464,8.750738182579361e-06
2013,E07000064,91232,108043,10,36599,0.00027323150905762453,24.927457034345203,female,60-64,3660,0.04011750263065591,1.0961365783397336e-05,9.255574169543608e-05,3.7131052109489654e-06
2013,E07000064,91232,108043,10,36599,0.00027323150905762453,24.927457034345203,male,60-64,3205,0.03513021746755524,9.59868233218264e-06,9.255574169543608e-05,3.2515033336315395e-06
2013,E07000065,152777,108043,32,58801,0.0005442084318293906,83.14253158959882,female,60-64,5481,0.035875819004169474,1.9523923200854118e-05,0.00029617837342539545,1.0625641717958805e-05
2013,E07000065,152777,108043,32,58801,0.0005442084318293906,83.14253158959882,male,60-64,4923,0.03222343677385994,1.7536265994855837e-05,0.00029617837342539545,9.54388508985791e-06
2013,E07000071,177993,108043,129,62772,0.002055056394570828,365.78565283884535,female,60-64,5046,0.028349429471945527,5.825967631875634e-05,0.0011939690678711254,3.3848341881297014e-05
2013,E07000071,177993,108043,129,62772,0.002055056394570828,365.78565283884535,male,60-64,4586,0.02576505817644514,5.2948647561992976e-05,0.0011939690678711254,3.0762682494575525e-05
2013,E07000084,172050,108043,677,63307,0.010693920103622032,1839.8889538281705,female,60-64,4705,0.027346701540249926,0.0002924434413690303,0.0062660237127810225,0.00017135508031755134
2013,E07000084,172050,108043,677,63307,0.010693920103622032,1839.8889538281705,male,60-64,4638,0.026957279860505667,0.0002882789970392269,0.0062660237127810225,0.00016891495483800282
2013,E07000085,117401,108043,8612,41475,0.20764315852923448,24377.514454490658,female,60-64,3760,0.032026984437951975,0.006650184206862988,0.07970900474810955,0.0025528390546323445
2013,E07000085,117401,108043,8612,41475,0.20764315852923448,24377.514454490658,male,60-64,3643,0.031030400081771024,0.006443250283404751,0.07970900474810955,0.0024734023074536255
2013,E07000089,92959,108043,2372,33431,0.07095211031677186,6595.637222936795,female,60-64,2688,0.02891597370883938,0.0020516493565064463,0.021954221930157437,0.0006348277041304574
2013,E07000089,92959,108043,2372,33431,0.07095211031677186,6595.637222936795,male,60-64,2486,0.026742972708398326,0.0018974703498046972,0.021954221930157437,0.0005871211579123204
2013,E07000090,121671,108043,9,43614,0.0002063557573256294,25.107511349566654,female,60-64,3854,0.03167558415727659,6.536439157506518e-06,8.330016752589247e-05,2.6385814667816453e-06
2013,E07000090,121671,108043,9,43614,0.0002063557573256294,25.107511349566654,male,60-64,3596,0.0295551117357464,6.0988674650735455e-06,8.330016752589247e-05,2.4619457588341456e-06
2013,E07000092,94897,108043,4240,37380,0.11342964151952915,10764.132691278757,female,60-64,2194,0.02311980357650927,0.0026224710316853743,0.0392436344788649,0.0009073051207796831
2013,E07000092,94897,108043,4240,37380,0.11342964151952915,10764.132691278757,male,60-64,2080,0.021918501111731666,0.002486207723749124,0.0392436344788649,0.0008601616459533914
2013,E07000093,118805,108043,39,44103,0.0008842935854703761,105.05849942180804,female,60-64,3866,0.03254071798324986,2.8775548179188367e-05,0.0003609673926122007,1.1746138124142651e-05
2013,E07000093,118805,108043,39,44103,0.0008842935854703761,105.05849942180804,male,60-64,3598,0.03028492066832204,2.6780761083476397e-05,0.0003609673926122007,1.0931868849111553e-05
2013,E07000094,119037,108043,14,43975,0.00031836270608300173,37.89694144400228,female,60-64,3607,0.03030150289405815,9.646868459734262e-06,0.0001295780383736105,3.926409304784337e-06
2013,E07000094,119037,108043,14,43975,0.00031836270608300173,37.89694144400228,male,60-64,3383,0.0284197350403656,9.0477837536127e-06,0.0001295780383736105,3.682573517628337e-06
2013,E07000102,89566,108043,29,34487,0.0008408965697219242,75.31574216371386,female,60-64,2421,0.02703034633677958,2.272972551299353e-05,0.00026841165091676464,7.2552598851069285e-06
2013,E07000102,89566,108043,29,34487,0.0008408965697219242,75.31574216371386,male,60-64,2366,0.026416274032557,2.221335421881152e-05,0.00026841165091676464,7.090435724148284e-06
2013,E07000180,123497,108043,57,39314,0.00144986518797375,179.0540011191942,female,60-64,3669,0.02970922370583901,4.307436921282046e-05,0.0005275677276639857,1.56736276411505e-05
2013,E07000180,123497,108043,57,39314,0.00144986518797375,179.0540011191942,male,60-64,3710,0.03004121557608687,4.355571266818313e-05,0.0005275677276639857,1.5848775837740082e-05
2013,E07000207,133499,108043,3258,45188,0.0720987872886607,9625.116004248915,female,60-64,3756,0.028135042210054008,0.0020285024236601744,0.030154660644373072,0.0008484026500592907
2013,E07000207,133499,108043,3258,45188,0.0720987872886607,9625.116004248915,male,60-64,3400,0.025468355568206504,0.001836237550704098,0.030154660644373072,0.0007679896193294965
2013,E07000208,76906,108043,434,26765,0.016215206426303006,1247.046665421259,female,60-64,2263,0.029425532468207942,0.0004771410831758732,0.0040169191895819256,0.00011819998603521048
2013,E07000208,76906,108043,434,26765,0.016215206426303006,1247.046665421259,male,60-64,2049,0.02664291472706941,0.0004320203620978189,0.0040169191895819256,0.00010702243543356
2013,E07000209,140657,108043,34716,49362,0.7032940318463595,98923.2286374134,female,60-64,3647,0.025928322088484754,0.018235234180621465,0.3213165128698759,0.008331198038038898
2013,E07000209,140657,108043,34716,49362,0.7032940318463595,98923.2286374134,male,60-64,3489,0.02480502214607165,0.01744522403514897,0.3213165128698759,0.007970263217635788
2013,E07000210,86761,108043,3001,30934,0.09701299540958169,8416.944494730717,female,60-64,2665,0.030716566199098672,0.0029799060956712717,0.027775978082800367,0.0008531826695250512
2013,E07000210,86761,108043,3001,30934,0.09701299540958169,8416.944494730717,male,60-64,2605,0.030025011237768122,0.0029128162773822373,0.027775978082800367,0.0008339740540760821
2013,E07000211,140928,108043,842,52491,0.016040845097254768,2260.60421786592,female,60-64,3988,0.028298138056312445,0.00045392604910203803,0.007793193450755718,0.00022053286416903528
2013,E07000211,140928,108043,842,52491,0.016040845097254768,2260.60421786592,male,60-64,3658,0.02595651680290645,0.0004163644652997129,0.007793193450755718,0.0002022841567528413
2013,E07000212,83094,108043,1641,28983,0.05661939757789049,4704.732222337232,female,60-64,2095,0.02521241004163959,0.0014275114680443904,0.01518839721222106,0.00038293609838981296
2013,E07000212,83094,108043,1641,28983,0.05661939757789049,4704.732222337232,male,60-64,2046,0.024622716441620333,0.0013941233716557625,0.01518839721222106,0.0003739795977592159
2013,E07000213,97371,108043,1434,37349,0.038394602265120883,3738.5208171570857,female,60-64,2600,0.026701995460660773,0.0010252124953971336,0.013272493359125533,0.00035440205742702025
2013,E07000213,97371,108043,1434,37349,0.038394602265120883,3738.5208171570857,male,60-64,2616,0.026866315432726377,0.0010315214953688083,0.013272493359125533,0.00035658299316503267
2013,E07000214,87134,108043,2312,34609,0.06680343263313011,5820.85029905516,female,60-64,2434,0.027933986733077787,0.0018660862008979123,0.02139888747998482,0.0005977562389685204
2013,E07000214,87134,108043,2312,34609,0.06680343263313011,5820.85029905516,male,60-64,2390,0.02742901737553653,0.0018323525144396098,0.02139888747998482,0.0005869504565056547
2013,E07000215,84616,108043,465,31043,0.01497922236897207,1267.4818799729408,female,60-64,2614,0.03089250259998109,0.0004627456659791646,0.004303841988837777,0.00013295644983007883
2013,E07000215,84616,108043,465,31043,0.01497922236897207,1267.4818799729408,male,60-64,2485,0.029367968232958307,0.0004399093266863902,0.004303841988837777,0.00012639509480785995
2013,E07000216,122783,108043,28481,46045,0.6185470735150397,75947.06532739711,female,60-64,3721,0.030305498318171083,0.01874537729611968,0.2636080079227715,0.007988772040759982
2013,E07000216,122783,108043,28481,46045,0.6185470735150397,75947.06532739711,male,60-64,3447,0.028073919027878452,0.017365040456792404,0.2636080079227715,0.007400509869524229
2013,E07000217,100387,108043,6868,35860,0.19152258784160625,19226.378025655325,female,60-64,2547,0.02537181109107753,0.004859274918391536,0.06356728339642549,0.0016128171059070968
2013,E07000217,100387,108043,6868,35860,0.19152258784160625,19226.378025655325,male,60-64,2573,0.025630808770059868,0.004908878824115203,0.06356728339642549,0.0016292808847659834
2013,E07000223,62605,108043,67,25716,0.002605381863431327,163.1099315601182,female,60-64,2018,0.032233847136810156,8.398148071886299e-05,0.0006201234693594218,1.9988965117279977e-05
2013,E07000223,62605,108043,67,25716,0.002605381863431327,163.1099315601182,male,60-64,1804,0.028815589809120676,7.507561507275958e-05,0.0006201234693594218,1.786922352406991e-05
2013,E07000224,153013,108043,146,64199,0.00227417872552532,347.9789093288058,female,60-64,5432,0.03550025161260808,8.073391696818922e-05,0.0013513138287533668,4.7971980928341306e-05
2013,E07000224,153013,108043,146,64199,0.00227417872552532,347.9789093288058,male,60-64,4812,0.03144830831367269,7.151907372071549e-05,0.0013513138287533668,4.249653391516538e-05
2013,E07000225,115800,108043,3182,46206,0.06886551530104315,7974.626671860797,female,60-64,4033,0.0348272884283247,0.0023983991641546376,0.02945123700748776,0.0010257067258307266
2013,E07000225,115800,108043,3182,46206,0.06886551530104315,7974.626671860797,male,60-64,3647,0.031493955094991366,0.0021688474464844937,0.02945123700748776,0.0009275359358057674
2013,E07000226,108953,108043,598,40132,0.01490082727000897,1623.4898335492874,female,60-64,2509,0.02302827824841904,0.00034314039650539685,0.005534833353387078,0.00012745768252042785
2013,E07000226,108953,108043,598,40132,0.01490082727000897,1623.4898335492874,male,60-64,2406,0.022082916486925556,0.000329053724189711,0.005534833353387078,0.00012222526271189697
2013,E07000227,133173,108043,2006,47879,0.04189728273355751,5579.586833476054,female,60-64,4221,0.031695613975805906,0.0013279601001580368,0.018566681784104477,0.0005884823786406028
2013,E07000227,133173,108043,2006,47879,0.04189728273355751,5579.586833476054,male,60-64,4160,0.031237563169711578,0.0013087690160287688,0.018566681784104477,0.0005799778950828969
2013,E07000228,142983,108043,208,48945,0.004249667994687915,607.6302788844621,female,60-64,4245,0.02968884412832295,0.00012616773069141227,0.0019251594272650704,5.7155758158244156e-05
2013,E07000228,142983,108043,208,48945,0.004249667994687915,607.6302788844621,male,60-64,4064,0.02842295937279257,0.00012078814076087147,0.0019251594272650704,5.471872818730371e-05
2013,E07000229,106413,108043,139,40585,0.0034249106812861895,364.4550203277073,female,60-64,3145,0.029554659675039705,0.00010122206960282172,0.0012865248095665614,3.8022802910234985e-05
2013,E07000229,106413,108043,139,40585,0.0034249106812861895,364.4550203277073,male,60-64,2805,0.026359561331792167,9.027914315927341e-05,0.0012865248095665614,3.391222962264201e-05
2013,E09000008,373628,108043,50,149453,0.0003345533378386516,124.99849450997972,female,60-64,8692,0.023263781087070563,7.782975613427152e-06,0.00046277870847718036,1.076598256577037e-05
2013,E09000008,373628,108043,50,149453,0.0003345533378386516,124.99849450997972,male,60-64,7921,0.021200231246052224,7.092608126318048e-06,0.00046277870847718036,9.811015635465612e-06
2013,E09000011,264097,108043,64,52633,0.00121596716888644,321.13328140140214,female,60-64,4931,0.01867117006251491,2.2703529800713513e-05,0.0005923567468507909,1.1059993558129211e-05
2013,E09000011,264097,108043,64,52633,0.00121596716888644,321.13328140140214,male,60-64,4764,0.01803882664324093,2.193462096341496e-05,0.0005923567468507909,1.068542066739557e-05
2013,E09000017,285996,108043,72,115552,0.0006230960952644697,178.20299086125726,female,60-64,6047,0.02114365235877425,1.3174527224381628e-05,0.0006664013402071398,1.4090158268761011e-05
2013,E09000017,285996,108043,72,115552,0.0006230960952644697,178.20299086125726,male,60-64,6003,0.02098980405320354,1.3078664945917465e-05,0.0006664013402071398,1.3987633551740092e-05
2013,E09000018,261275,108043,231,100578,0.002296724929905148,600.0768060609676,female,60-64,5587,0.021383599655535355,4.911224641997919e-05,0.0021380376331645735,4.57189407960596e-05
2013,E09000018,261275,108043,231,100578,0.002296724929905148,600.0768060609676,male,60-64,5418,0.02073677160080375,4.7626660301315064e-05,0.0021380376331645735,4.43359980728568e-05
2013,E09000021,165657,108043,116,55314,0.002097118270238999,347.40232129298187,female,60-64,3831,0.02312609790108477,4.849816242770064e-05,0.0010736466036670585,2.4829256467571554e-05
2013,E09000021,165657,108043,116,55314,0.002097118270238999,347.40232129298187,male,60-64,3679,0.022208539331268828,4.657393358692526e-05,0.0010736466036670585,2.3844122825423064e-05
2013,E09000022,312700,108043,19,112835,0.00016838746842734968,52.65476137723225,female,60-64,4841,0.015481291973137192,2.606855563341221e-06,0.00017585590922132853,2.722476675856896e-06
2013,E09000022,312700,108043,19,112835,0.00016838746842734968,52.65476137723225,male,60-64,4512,0.01442916533418612,2.429690622143274e-06,0.00017585590922132853,2.537453989148175e-06
2013,E09000024,203637,108043,8,78151,0.00010236593261762485,20.84549142045527,female,60-64,4517,0.02218162711098671,2.270642946192546e-06,7.404459335634886e-05,1.6424295594151742e-06
2013,E09000024,203637,108043,8,78151,0.00010236593261762485,20.84549142045527,male,60-64,4068,0.019976723287025443,2.0449359099205836e-06,7.404459335634886e-05,1.4791683523801036e-06
2013,E09000027,191138,108043,51,65861,0.0007743581178542688,148.00926193042923,female,60-64,4819,0.025212150383492556,1.952323331802008e-05,0.000472034282646724,1.1900999320253236e-05
2013,E09000027,191138,108043,51,65861,0.0007743581178542688,148.00926193042923,male,60-64,4586,0.023993135849490945,1.857927951783359e-05,0.000472034282646724,1.1325582669159855e-05
2013,E09000029,195787,108043,77,79478,0.0009688215606834595,189.68266690153249,female,60-64,4711,0.02406186314719568,2.331165180721794e-05,0.0007126792110548578,1.714838964425337e-05
2013,E09000029,195787,108043,77,79478,0.0009688215606834595,189.68266690153249,male,60-64,4561,0.02329572443522808,2.256940010458947e-05,0.0007126792110548578,1.660237851144972e-05
2013,E09000032,313091,108043,8,108750,7.35632183908046e-05,23.0319816091954,female,60-64,5479,0.017499704558738515,1.2873345882290403e-06,7.404459335634886e-05,1.2957585079080378e-06
2013,E09000032,313091,108043,8,108750,7.35632183908046e-05,23.0319816091954,male,60-64,4775,0.015251157011859171,1.1219241939758472e-06,7.404459335634886e-05,1.129265719156941e-06
2013,E09000033,225306,108043,58,72554,0.0007994045814152217,180.11064862033794,female,60-64,4979,0.022098834474004243,1.7665909522455632e-05,0.0005368233018335293,1.1863169289007583e-05
2013,E09000033,225306,108043,58,72554,0.0007994045814152217,180.11064862033794,male,60-64,4409,0.019568941794714745,1.5643501724142778e-05,0.0005368233018335293,1.050506394762692e-05
2013,E06000036,116543,108043,770,40616,0.018958046090210755,2209.427565491432,female,65-69,2685,0.023038706743433755,0.0004367688643008664,0.007126792110548578,0.000164192073456346
2013,E06000036,116543,108043,770,40616,0.018958046090210755,2209.427565491432,male,65-69,2488,0.021348343529855932,0.00040472288058866133,0.007126792110548578,0.00015214520624185802
2013,E06000037,156031,108043,13,49239,0.00026401835943053273,41.19504864030545,female,65-69,4471,0.028654562234427774,7.565330511333721e-06,0.0001203224642040669,3.447787538735143e-06
2013,E06000037,156031,108043,13,49239,0.00026401835943053273,41.19504864030545,male,65-69,4425,0.028359749024232363,7.48749441123948e-06,0.0001203224642040669,3.41231488680452e-06
2013,E06000040,146278,108043,191,53690,0.0035574594896628795,520.3780592289066,female,65-69,4131,0.028240747070646305,0.00010046531366163987,0.001767814666382829,4.9924406861096455e-05
2013,E06000040,146278,108043,191,53690,0.0035574594896628795,520.3780592289066,male,65-69,3930,0.02686665117105785,9.557702316394206e-05,0.001767814666382829,4.749525997678748e-05
2013,E06000041,158065,108043,206,45893,0.004488701980694223,709.5066785784323,female,65-69,4489,0.02839970898048271,0.00012747782995183228,0.0019066482789259832,5.414825624963615e-05
2013,E06000041,158065,108043,206,45893,0.004488701980694223,709.5066785784323,male,65-69,4152,0.026267674690791762,0.0001179077634127885,0.0019066482789259832,5.008321674058572e-05
2013,E06000043,277991,108043,31,90245,0.0003435093356972685,95.49250373981937,female,65-69,5454,0.019619340194466726,6.739426517019984e-06,0.0002869227992558518,5.629236008149242e-06
2013,E06000043,277991,108043,31,90245,0.0003435093356972685,95.49250373981937,male,65-69,5720,0.020576205704501225,7.068118752723563e-06,0.0002869227992558518,5.903782538799718e-06
2013,E06000054,479911,108043,11,168444,6.530360238417516e-05,31.33991712379188,female,65-69,15193,0.031657953245497604,2.067378391040783e-06,0.00010181131586497968,3.223137877516115e-06
2013,E06000054,479911,108043,11,168444,6.530360238417516e-05,31.33991712379188,male,65-69,14497,0.030207684341471648,1.9726706071821383e-06,0.00010181131586497968,3.075484092039171e-06
2013,E07000061,100363,108043,20,41544,0.00048141729250914694,48.31648372809551,female,65-69,3461,0.03448482010302602,1.6601588726663786e-05,0.00018511148339087215,6.3835362037385146e-06
2013,E07000061,100363,108043,20,41544,0.00048141729250914694,48.31648372809551,male,65-69,3131,0.031196755776531193,1.5018657701006737e-05,0.00018511148339087215,5.774877738776449e-06
2013,E07000063,99626,108043,29,37939,0.0007643849337093756,76.15261340573025,female,65-69,3708,0.037219199807279224,2.8449795577403132e-05,0.00026841165091676464,9.990066866072745e-06
2013,E07000063,99626,108043,29,37939,0.0007643849337093756,76.15261340573025,male,65-69,3292,0.033043583000421574,2.5258017001297493e-05,0.00026841165091676464,8.869282665348294e-06
2013,E07000064,91232,108043,10,36599,0.00027323150905762453,24.927457034345203,female,65-69,4279,0.04690240266573132,1.281521425878612e-05,9.255574169543608e-05,4.341086666024761e-06
2013,E07000064,91232,108043,10,36599,0.00027323150905762453,24.927457034345203,male,65-69,3907,0.04282488600491056,1.1701108228342457e-05,9.255574169543608e-05,3.963689087206997e-06
2013,E07000065,152777,108043,32,58801,0.0005442084318293906,83.14253158959882,female,65-69,6187,0.040496933438933874,2.2038772640701413e-05,0.00029617837342539545,1.199431587465994e-05
2013,E07000065,152777,108043,32,58801,0.0005442084318293906,83.14253158959882,male,65-69,5663,0.037067097796134235,2.0172227164100874e-05,0.00029617837342539545,1.0978472732859098e-05
2013,E07000071,177993,108043,129,62772,0.002055056394570828,365.78565283884535,female,65-69,5129,0.02881573994482929,5.921797063791147e-05,0.0011939690678711254,3.440510216194458e-05
2013,E07000071,177993,108043,129,62772,0.002055056394570828,365.78565283884535,male,65-69,4718,0.026506660374284383,5.447268190089029e-05,0.0011939690678711254,3.164813257946082e-05
2013,E07000084,172050,108043,677,63307,0.010693920103622032,1839.8889538281705,female,65-69,4808,0.027945364719558267,0.00029884549757753403,0.0062660237127810225,0.0001751063179950663
2013,E07000084,172050,108043,677,63307,0.010693920103622032,1839.8889538281705,male,65-69,4433,0.025765765765765766,0.00027553704050773883,0.0062660237127810225,0.00016144889926624978
2013,E07000085,117401,108043,8612,41475,0.20764315852923448,24377.514454490658,female,65-69,4031,0.03433531230568734,0.007129492696240612,0.07970900474810955,0.0027368335716018567
2013,E07000085,117401,108043,8612,41475,0.20764315852923448,24377.514454490658,male,65-69,3834,0.0326573027486989,0.006781065491785291,0.07970900474810955,0.0026030810998564917
2013,E07000089,92959,108043,2372,33431,0.07095211031677186,6595.637222936795,female,65-69,2943,0.03165911853612883,0.0022462812709071692,0.021954221930157437,0.0006950513144553333
2013,E07000089,92959,108043,2372,33431,0.07095211031677186,6595.637222936795,male,65-69,2637,0.02836734474338149,0.0020127229736263018,0.021954221930157437,0.0006227829820654822
2013,E07000090,121671,108043,9,43614,0.0002063557573256294,25.107511349566654,female,65-69,4225,0.034724790623895586,7.165660467167888e-06,8.330016752589247e-05,2.8925808762720426e-06
2013,E07000090,121671,108043,9,43614,0.0002063557573256294,25.107511349566654,male,65-69,3878,0.03187283740579103,6.577143500988657e-06,8.330016752589247e-05,2.6550126954279244e-06
2013,E07000092,94897,108043,4240,37380,0.11342964151952915,10764.132691278757,female,65-69,2047,0.02157075566140131,0.0024467630819781047,0.0392436344788649,0.0008465148506089387
2013,E07000092,94897,108043,4240,37380,0.11342964151952915,10764.132691278757,male,65-69,2086,0.021981727557246276,0.0024933794767984002,0.0392436344788649,0.0008626428814705647
2013,E07000093,118805,108043,39,44103,0.0008842935854703761,105.05849942180804,female,65-69,4017,0.033811708261436806,2.989947672938429e-05,0.0003609673926122007,1.220492417089525e-05
2013,E07000093,118805,108043,39,44103,0.0008842935854703761,105.05849942180804,male,65-69,3792,0.03191784857539666,2.822474875723805e-05,0.0003609673926122007,1.1521302578051976e-05
2013,E07000094,119037,108043,14,43975,0.00031836270608300173,37.89694144400228,female,65-69,3751,0.03151121080000336,1.0031994342240979e-05,0.0001295780383736105,4.0831608822417656e-06
2013,E07000094,119037,108043,14,43975,0.00031836270608300173,37.89694144400228,male,65-69,3577,0.030049480413652897,9.566633900878694e-06,0.0001295780383736105,3.8937527261473724e-06
2013,E07000102,89566,108043,29,34487,0.0008408965697219242,75.31574216371386,female,65-69,2467,0.02754393408212938,2.316159968630939e-05,0.00026841165091676464,7.393112819726887e-06
2013,E07000102,89566,108043,29,34487,0.0008408965697219242,75.31574216371386,male,65-69,2323,0.025936181140164796,2.180964575245104e-05,0.00026841165091676464,6.961573198307888e-06
2013,E07000180,123497,108043,57,39314,0.00144986518797375,179.0540011191942,female,65-69,3741,0.030292233819445007,4.3919655280774416e-05,0.0005275677276639857,1.598120496199074e-05
2013,E07000180,123497,108043,57,39314,0.00144986518797375,179.0540011191942,male,65-69,3592,0.029085726778788148,4.217038272348081e-05,0.0005275677276639857,1.53446907841408e-05
2013,E07000207,133499,108043,3258,45188,0.0720987872886607,9625.116004248915,female,65-69,3589,0.02688409651008622,0.001938310755728532,0.030154660644373072,0.0008106808069922244
2013,E07000207,133499,108043,3258,45188,0.0720987872886607,9625.116004248915,male,65-69,3272,0.02450954688799167,0.0017671086076187672,0.030154660644373072,0.0007390770689547389
2013,E07000208,76906,108043,434,26765,0.016215206426303006,1247.046665421259,female,65-69,2168,0.028190258237328687,0.0004571108565290734,0.0040169191895819256,0.00011323798927279555
2013,E07000208,76906,108043,434,26765,0.016215206426303006,1247.046665421259,male,65-69,1990,0.025875744415260186,0.0004195805371277011,0.0040169191895819256,0.00010394077428637598
2013,E07000209,140657,108043,34716,49362,0.7032940318463595,98923.2286374134,female,65-69,3570,0.025380891103891027,0.01785022923630892,0.3213165128698759,0.00815529942303232
2013,E07000209,140657,108043,34716,49362,0.7032940318463595,98923.2286374134,male,65-69,3545,0.025203153771230724,0.017725227631012638,0.3213165128698759,0.008098189483095118
2013,E07000210,86761,108043,3001,30934,0.09701299540958169,8416.944494730717,female,65-69,2984,0.034393333410172776,0.003336600296241304,0.027775978082800367,0.0009553084749954046
2013,E07000210,86761,108043,3001,30934,0.09701299540958169,8416.944494730717,male,65-69,2760,0.03181152822120538,0.003086131641295576,0.027775978082800367,0.000883596310652586
2013,E07000211,140928,108043,842,52491,0.016040845097254768,2260.60421786592,female,65-69,3845,0.027283435513169845,0.00043764936278769715,0.007793193450755718,0.0002126250909553512
2013,E07000211,140928,108043,842,52491,0.016040845097254768,2260.60421786592,male,65-69,3687,0.026162295640326974,0.00041966533175506873,0.007793193450755718,0.00020388783104093104
2013,E07000212,83094,108043,1641,28983,0.05661939757789049,4704.732222337232,female,65-69,2131,0.025645654319204757,0.0014520414980441986,0.01518839721222106,0.0003895163845673945
2013,E07000212,83094,108043,1641,28983,0.05661939757789049,4704.732222337232,male,65-69,2077,0.024995787902857006,0.0014152464530444863,0.01518839721222106,0.0003796459553010222
2013,E07000213,97371,108043,1434,37349,0.038394602265120883,3738.5208171570857,female,65-69,2614,0.026845775436218175,0.001030732870372349,0.013272493359125533,0.0003563103761977811
2013,E07000213,97371,108043,1434,37349,0.038394602265120883,3738.5208171570857,male,65-69,2501,0.02568526563350484,0.0009861755580723966,0.013272493359125533,0.00034090751754806825
2013,E07000214,87134,108043,2312,34609,0.06680343263313011,5820.85029905516,female,65-69,2480,0.028461909243234558,0.001901353236740683,0.02139888747998482,0.0006090531933615163
2013,E07000214,87134,108043,2312,34609,0.06680343263313011,5820.85029905516,male,65-69,2361,0.02709619666261161,0.0018101189483648197,0.02139888747998482,0.0005798284635187661
2013,E07000215,84616,108043,465,31043,0.01497922236897207,1267.4818799729408,female,65-69,2748,0.03247612744634584,0.00048646713470189144,0.004303841988837777,0.00013977212093843023
2013,E07000215,84616,108043,465,31043,0.01497922236897207,1267.4818799729408,male,65-69,2557,0.03021887113548265,0.00045265519047770614,0.004303841988837777,0.00013005724644816815
2013,E07000216,122783,108043,28481,46045,0.6185470735150397,75947.06532739711,female,65-69,3908,0.03182851046154598,0.01968743200033209,0.2636080079227715,0.008390250237917228
2013,E07000216,122783,108043,28481,46045,0.6185470735150397,75947.06532739711,male,65-69,3655,0.029767964620509353,0.0184128874005153,0.2636080079227715,0.007847073853528012
2013,E07000217,100387,108043,6868,35860,0.19152258784160625,19226.378025655325,female,65-69,2437,0.024276051679998405,0.0046494122403298675,0.06356728339642549,0.0015431626568887297
2013,E07000217,100387,108043,6868,35860,0.19152258784160625,19226.378025655325,male,65-69,2345,0.023359598354368592,0.004473890727769199,0.06356728339642549,0.0014849062086188228
2013,E07000223,62605,108043,67,25716,0.002605381863431327,163.1099315601182,female,65-69,2258,0.03606740675664883,9.396936742477335e-05,0.0006201234693594218,2.2366245408730523e-05
2013,E07000223,62605,108043,67,25716,0.002605381863431327,163.1099315601182,male,65-69,2006,0.03204216915581823,8.348208638356748e-05,0.0006201234693594218,1.9870101102707455e-05
2013,E07000224,153013,108043,146,64199,0.00227417872552532,347.9789093288058,female,65-69,6401,0.041833046865299026,9.513582520496671e-05,0.0013513138287533668,5.6529574727966255e-05
2013,E07000224,153013,108043,146,64199,0.00227417872552532,347.9789093288058,male,65-69,5634,0.0368204008809709,8.373617234881777e-05,0.0013513138287533668,4.975591689069862e-05
2013,E07000225,115800,108043,3182,46206,0.06886551530104315,7974.626671860797,female,65-69,4559,0.03936960276338514,0.00271120798149789,0.02945123700748776,0.001159483501875101
2013,E07000225,115800,108043,3182,46206,0.06886551530104315,7974.626671860797,male,65-69,4047,0.03494818652849741,0.0024067248741219487,0.02945123700748776,0.0010292673244326682
2013,E07000226,108953,108043,598,40132,0.01490082727000897,1623.4898335492874,female,65-69,2191,0.02010958853817701,0.00029964950527832784,0.005534833353387078,0.00011130322136399261
2013,E07000226,108953,108043,598,40132,0.01490082727000897,1623.4898335492874,male,65-69,2042,0.018742026378346627,0.0002792716977536949,0.005534833353387078,0.00010373399270893333
2013,E07000227,133173,108043,2006,47879,0.04189728273355751,5579.586833476054,female,65-69,4479,0.033632943614696674,0.0014091289477867442,0.018566681784104477,0.0006244521615568017
2013,E07000227,133173,108043,2006,47879,0.04189728273355751,5579.586833476054,male,65-69,4129,0.031004783251860363,0.0012990161699958623,0.018566681784104477,0.0005756559444224234
2013,E07000228,142983,108043,208,48945,0.004249667994687915,607.6302788844621,female,65-69,4603,0.03219263828567032,0.000136808024587178,0.0019251594272650704,6.197596108419266e-05
2013,E07000228,142983,108043,208,48945,0.004249667994687915,607.6302788844621,male,65-69,4211,0.02945105362175923,0.00012515719998622778,0.0019251594272650704,5.6697973522818874e-05
2013,E07000229,106413,108043,139,40585,0.0034249106812861895,364.4550203277073,female,65-69,3342,0.0314059372445096,0.0001075625299245247,0.0012865248095665614,4.0404517432752096e-05
2013,E07000229,106413,108043,139,40585,0.0034249106812861895,364.4550203277073,male,65-69,3157,0.029667427851860204,0.0001016082905361234,0.0012865248095665614,3.816788196744415e-05
2013,E09000008,373628,108043,50,149453,0.0003345533378386516,124.99849450997972,female,65-69,7713,0.020643527786996692,6.906361125904696e-06,0.00046277870847718036,9.553385127679114e-06
2013,E09000008,373628,108043,50,149453,0.0003345533378386516,124.99849450997972,male,65-69,6937,0.018566595651289517,6.211516547439501e-06,0.00046277870847718036,8.592225156321796e-06
2013,E09000011,264097,108043,64,52633,0.00121596716888644,321.13328140140214,female,65-69,4583,0.017353472398399072,2.1101252702630302e-05,0.0005923567468507909,1.0279446456480666e-05
2013,E09000011,264097,108043,64,52633,0.00121596716888644,321.13328140140214,male,65-69,4329,0.016391704563096136,1.993177459081095e-05,0.0005923567468507909,9.70973679033489e-06
2013,E09000017,285996,108043,72,115552,0.0006230960952644697,178.20299086125726,female,65-69,5817,0.02033944530692737,1.2673428950591686e-05,0.0006664013402071398,1.3554233611606218e-05
2013,E09000017,285996,108043,72,115552,0.0006230960952644697,178.20299086125726,male,65-69,5441,0.019024741604777688,1.1854242207352477e-05,0.0006664013402071398,1.2678113302518382e-05
2013,E09000018,261275,108043,231,100578,0.002296724929905148,600.0768060609676,female,65-69,4647,0.01778585781264951,4.084922303806037e-05,0.0021380376331645735,3.8026833341558796e-05
2013,E09000018,261275,108043,231,100578,0.002296724929905148,600.0768060609676,male,65-69,4349,0.016645297100755907,3.8229668816983976e-05,0.0021380376331645735,3.55882716166213e-05
2013,E09000021,165657,108043,116,55314,0.002097118270238999,347.40232129298187,female,65-69,3504,0.021152139662072838,4.4358538539979915e-05,0.0010736466036670585,2.2709922908475787e-05
2013,E09000021,165657,108043,116,55314,0.002097118270238999,347.40232129298187,male,65-69,3271,0.019745618959657606,4.140889827747554e-05,0.0010736466036670585,2.1199816733340265e-05
2013,E09000022,312700,108043,19,112835,0.00016838746842734968,52.65476137723225,female,65-69,3793,0.012129836904381196,2.0425125287653896e-06,0.00017585590922132853,2.1331034975263804e-06
2013,E09000022,312700,108043,19,112835,0.00016838746842734968,52.65476137723225,male,65-69,3485,0.01114486728493764,1.8766559880694393e-06,0.00017585590922132853,1.959890769543748e-06
2013,E09000024,203637,108043,8,78151,0.00010236593261762485,20.84549142045527,female,65-69,3830,0.01880797693935778,1.9252961000481405e-06,7.404459335634886e-05,1.3926290043303337e-06
2013,E09000024,203637,108043,8,78151,0.00010236593261762485,20.84549142045527,male,65-69,3417,0.0167798582772286,1.7176858417400773e-06,7.404459335634886e-05,1.2424577827145563e-06
2013,E09000027,191138,108043,51,65861,0.0007743581178542688,148.00926193042923,female,65-69,4679,0.02447969529868472,1.8956050777135493e-05,0.000472034282646724,1.1555255409725023e-05
2013,E09000027,191138,108043,51,65861,0.0007743581178542688,148.00926193042923,male,65-69,4353,0.022774121315489334,1.7635325717647105e-05,0.000472034282646724,1.0750166018066474e-05
2013,E09000029,195787,108043,77,79478,0.0009688215606834595,189.68266690153249,female,65-69,4822,0.0246288057940517,2.3860918067162997e-05,0.0007126792110548578,1.7552437882528076e-05
2013,E09000029,195787,108043,77,79478,0.0009688215606834595,189.68266690153249,male,65-69,4294,0.021931997527925757,2.124819207391081e-05,0.0007126792110548578,1.563047869505922e-05
2013,E09000032,313091,108043,8,108750,7.35632183908046e-05,23.0319816091954,female,65-69,4629,0.0147848389126484,1.0876203338040201e-06,7.404459335634886e-05,1.0947373851261739e-06
2013,E09000032,313091,108043,8,108750,7.35632183908046e-05,23.0319816091954,male,65-69,4117,0.01314953160582706,9.673218652562434e-07,7.404459335634886e-05,9.736517205799216e-07
2013,E09000033,225306,108043,58,72554,0.0007994045814152217,180.11064862033794,female,65-69,4185,0.018574738355836062,1.484873094024439e-05,0.0005368233018335293,9.971352374873815e-06
2013,E09000033,225306,108043,58,72554,0.0007994045814152217,180.11064862033794,male,65-69,4025,0.01786459304235129,1.4281037523174115e-05,0.0005368233018335293,9.590129822907314e-06
2013,E06000036,116543,108043,770,40616,0.018958046090210755,2209.427565491432,female,70-74,1790,0.015359137828955836,0.0002911792428672443,0.007126792110548578,0.00010946138230423067
2013,E06000036,116543,108043,770,40616,0.018958046090210755,2209.427565491432,male,70-74,1577,0.013531486232549359,0.000256530539665723,0.007126792110548578,9.643608932612947e-05
2013,E06000037,156031,108043,13,49239,0.00026401835943053273,41.19504864030545,female,70-74,3094,0.01982939287705648,5.2353237759039434e-06,0.0001203224642040669,2.3859214146380075e-06
2013,E06000037,156031,108043,13,49239,0.00026401835943053273,41.19504864030545,male,70-74,2871,0.018400189705891776,4.857987899360123e-06,0.0001203224642040669,2.2139561672352035e-06
2013,E06000040,146278,108043,191,53690,0.0035574594896628795,520.3780592289066,female,70-74,3009,0.020570420705779406,7.317843834613273e-05,0.001767814666382829,3.636469141734186e-05
2013,E06000040,146278,108043,191,53690,0.0035574594896628795,520.3780592289066,male,70-74,2684,0.01834862385321101,6.527448604886018e-05,0.001767814666382829,3.243696635564824e-05
2013,E06000041,158065,108043,206,45893,0.004488701980694223,709.5066785784323,female,70-74,3102,0.019624837883149338,8.809004867689546e-05,0.0019066482789259832,3.741766337410812e-05
2013,E06000041,158065,108043,206,45893,0.004488701980694223,709.5066785784323,male,70-74,2855,0.018062189605542026,8.10757862580711e-05,0.0019066482789259832,3.443824272504149e-05
2013,E06000043,277991,108043,31,90245,0.0003435093356972685,95.49250373981937,female,70-74,4151,0.014932138090801501,5.129328836111103e-06,0.0002869227992558518,4.284370859887698e-06
2013,E06000043,277991,108043,31,90245,0.0003435093356972685,95.49250373981937,male,70-74,3743,0.013464464676914001,4.625169316686066e-06,0.0002869227992558518,3.8632618955817036e-06
2013,E06000054,479911,108043,11,168444,6.530360238417516e-05,31.33991712379188,female,70-74,11036,0.02299593049544603,1.5017171015287354e-06,0.00010181131586497968,2.3412459432809744e-06
2013,E06000054,479911,108043,11,168444,6.530360238417516e-05,31.33991712379188,male,70-74,10174,0.021199764122931126,1.384420966922196e-06,0.00010181131586497968,2.158375881382805e-06
2013,E07000061,100363,108043,20,41544,0.00048141729250914694,48.31648372809551,female,70-74,2504,0.024949433556191027,1.2011088752258342e-05,0.00018511148339087215,4.618426655348524e-06
2013,E07000061,100363,108043,20,41544,0.00048141729250914694,48.31648372809551,male,70-74,2185,0.021770971373912696,1.0480922094123192e-05,0.00018511148339087215,4.030056805885193e-06
2013,E07000063,99626,108043,29,37939,0.0007643849337093756,76.15261340573025,female,70-74,2770,0.027803986911047317,2.125294869185725e-05,0.00026841165091676464,7.462914028862325e-06
2013,E07000063,99626,108043,29,37939,0.0007643849337093756,76.15261340573025,male,70-74,2386,0.023949571397024874,1.8306691544682816e-05,0.00026841165091676464,6.428343997424371e-06
2013,E07000064,91232,108043,10,36599,0.00027323150905762453,24.927457034345203,female,70-74,3115,0.03414372150122764,9.329140550623689e-06,9.255574169543608e-05,3.1601974677885323e-06
2013,E07000064,91232,108043,10,36599,0.00027323150905762453,24.927457034345203,male,70-74,2729,0.02991274991231147,8.173105798604188e-06,9.255574169543608e-05,2.7685967542840783e-06
2013,E07000065,152777,108043,32,58801,0.0005442084318293906,83.14253158959882,female,70-74,4395,0.02876741917958855,1.565547207950262e-05,0.00029617837342539545,8.520287420257062e-06
2013,E07000065,152777,108043,32,58801,0.0005442084318293906,83.14253158959882,male,70-74,3956,0.025893950005563663,1.4091705926396441e-05,0.00029617837342539545,7.669227994206355e-06
2013,E07000071,177993,108043,129,62772,0.002055056394570828,365.78565283884535,female,70-74,3526,0.019809767799857297,4.0710189992060016e-05,0.0011939690678711254,2.365224999473905e-05
2013,E07000071,177993,108043,129,62772,0.002055056394570828,365.78565283884535,male,70-74,3163,0.017770361755799387,3.651909556009241e-05,0.0011939690678711254,2.121726226130449e-05
2013,E07000084,172050,108043,677,63307,0.010693920103622032,1839.8889538281705,female,70-74,3233,0.01879104911362976,0.00020094997788439425,0.0062660237127810225,0.00011774515933403688
2013,E07000084,172050,108043,677,63307,0.010693920103622032,1839.8889538281705,male,70-74,3007,0.017477477477477476,0.00018690274775699767,0.0062660237127810225,0.00010951428831347011
2013,E07000085,117401,108043,8612,41475,0.20764315852923448,24377.514454490658,female,70-74,2988,0.02545123125015971,0.00528477404524112,0.07970900474810955,0.0020286923125642144
2013,E07000085,117401,108043,8612,41475,0.20764315852923448,24377.514454490658,male,70-74,2571,0.021899302390950674,0.0045472403180438145,0.07970900474810955,0.001745571598260574
2013,E07000089,92959,108043,2372,33431,0.07095211031677186,6595.637222936795,female,70-74,2079,0.02236469841543046,0.0015868225491729548,0.021954221930157437,0.0004909995524134007
2013,E07000089,92959,108043,2372,33431,0.07095211031677186,6595.637222936795,male,70-74,1879,0.02021321227637991,0.0014341700672900345,0.021954221930157437,0.0004437653482370273
2013,E07000090,121671,108043,9,43614,0.0002063557573256294,25.107511349566654,female,70-74,3225,0.0265059052691274,5.4696461554121755e-06,8.330016752589247e-05,2.2079463493437484e-06
2013,E07000090,121671,108043,9,43614,0.0002063557573256294,25.107511349566654,male,70-74,2824,0.02321013224186536,4.789544416398135e-06,8.330016752589247e-05,1.9334079040455025e-06
2013,E07000092,94897,108043,4240,37380,0.11342964151952915,10764.132691278757,female,70-74,1499,0.015796073637733544,0.0017917429701442007,0.0392436344788649,0.000619895340040449
2013,E07000092,94897,108043,4240,37380,0.11342964151952915,10764.132691278757,male,70-74,1425,0.015016280809720011,0.0017032913492031258,0.0392436344788649,0.0005892934353286456
2013,E07000093,118805,108043,39,44103,0.0008842935854703761,105.05849942180804,female,70-74,2801,0.02357644880265982,2.084850244436281e-05,0.0003609673926122007,8.510329251351157e-06
2013,E07000093,118805,108043,39,44103,0.0008842935854703761,105.05849942180804,male,70-74,2560,0.021547914650056815,1.9054682705308387e-05,0.0003609673926122007,7.778094567461249e-06
2013,E07000094,119037,108043,14,43975,0.00031836270608300173,37.89694144400228,female,70-74,2708,0.022749229231247427,7.242506179362456e-06,0.0001295780383736105,2.947800498296641e-06
2013,E07000094,119037,108043,14,43975,0.00031836270608300173,37.89694144400228,male,70-74,2471,0.020758251636045937,6.608653164403482e-06,0.0001295780383736105,2.6898135270646236e-06
2013,E07000102,89566,108043,29,34487,0.0008408965697219242,75.31574216371386,female,70-74,1795,0.020041087019627982,1.6852481328303753e-05,0.00026841165091676464,5.379261253104889e-06
2013,E07000102,89566,108043,29,34487,0.0008408965697219242,75.31574216371386,male,70-74,1508,0.01683674608668468,1.4157962029572178e-05,0.00026841165091676464,4.5191788131934115e-06
2013,E07000180,123497,108043,57,39314,0.00144986518797375,179.0540011191942,female,70-74,2735,0.02214628695433897,3.2109130497973274e-05,0.0005275677276639857,1.168366628469518e-05
2013,E07000180,123497,108043,57,39314,0.00144986518797375,179.0540011191942,male,70-74,2569,0.020802124747969587,3.016027650796832e-05,0.0005275677276639857,1.0974529683869076e-05
2013,E07000207,133499,108043,3258,45188,0.0720987872886607,9625.116004248915,female,70-74,2640,0.01977542902943093,0.0014257844511349467,0.030154660644373072,0.0005963213514793736
2013,E07000207,133499,108043,3258,45188,0.0720987872886607,9625.116004248915,male,70-74,2163,0.01620236855706784,0.0011681711241685187,0.030154660644373072,0.0004885769254734414
2013,E07000208,76906,108043,434,26765,0.016215206426303006,1247.046665421259,female,70-74,1594,0.020726601305489818,0.0003360861186841988,0.0040169191895819256,8.325708251883585e-05
2013,E07000208,76906,108043,434,26765,0.016215206426303006,1247.046665421259,male,70-74,1427,0.018555119236470498,0.0003008750886840349,0.0040169191895819256,7.453441452595906e-05
2013,E07000209,140657,108043,34716,49362,0.7032940318463595,98923.2286374134,female,70-74,2580,0.018342492730543093,0.012900165666576192,0.3213165128698759,0.005893745801519155
2013,E07000209,140657,108043,34716,49362,0.7032940318463595,98923.2286374134,male,70-74,2291,0.01628784916499001,0.011455147109351185,0.3213165128698759,0.00523355489584511
2013,E07000210,86761,108043,3001,30934,0.09701299540958169,8416.944494730717,female,70-74,2191,0.025253282004587315,0.002449896531187901,0.027775978082800367,0.0007014346074781942
2013,E07000210,86761,108043,3001,30934,0.09701299540958169,8416.944494730717,male,70-74,1932,0.022268069754843765,0.002160292148906903,0.027775978082800367,0.0006185174174568102
2013,E07000211,140928,108043,842,52491,0.016040845097254768,2260.60421786592,female,70-74,2735,0.01940707311534968,0.0003113058536344218,0.007793193450755718,0.0001512430751008805
2013,E07000211,140928,108043,842,52491,0.016040845097254768,2260.60421786592,male,70-74,2413,0.01712221843778383,0.00027465485368184997,0.007793193450755718,0.00013343676059174574
2013,E07000212,83094,108043,1641,28983,0.05661939757789049,4704.732222337232,female,70-74,1613,0.019411750547572628,0.0010990816219358479,0.01518839721222106,0.00029483337790108276
2013,E07000212,83094,108043,1641,28983,0.05661939757789049,4704.732222337232,male,70-74,1487,0.017895395576094545,0.0010132265169365197,0.01518839721222106,0.0002718023762795475
2013,E07000213,97371,108043,1434,37349,0.038394602265120883,3738.5208171570857,female,70-74,2097,0.021536186338848323,0.0008268733087876113,0.013272493359125533,0.00028583889016325437
2013,E07000213,97371,108043,1434,37349,0.038394602265120883,3738.5208171570857,male,70-74,1847,0.01896868677532325,0.0007282951842301946,0.013272493359125533,0.00025176176925681014
2013,E07000214,87134,108043,2312,34609,0.06680343263313011,5820.85029905516,female,70-74,1829,0.020990658066885486,0.0014022480120962537,0.02139888747998482,0.0004491767301041182
2013,E07000214,87134,108043,2312,34609,0.06680343263313011,5820.85029905516,male,70-74,1778,0.020405352675189937,0.0013631476027923123,0.02139888747998482,0.0004366518458857967
2013,E07000215,84616,108043,465,31043,0.01497922236897207,1267.4818799729408,female,70-74,1933,0.02284437931360499,0.0003421910376196347,0.004303841988837777,9.831859889883028e-05
2013,E07000215,84616,108043,465,31043,0.01497922236897207,1267.4818799729408,male,70-74,1711,0.020220762030821595,0.00030289129092974396,0.004303841988837777,8.702696467454663e-05
2013,E07000216,122783,108043,28481,46045,0.6185470735150397,75947.06532739711,female,70-74,2946,0.02399354959562806,0.0148411398856137,0.2636080079227715,0.006324891811899732
2013,E07000216,122783,108043,28481,46045,0.6185470735150397,75947.06532739711,male,70-74,2596,0.021142992108027985,0.01307793589377229,0.2636080079227715,0.005573462031124137
2013,E07000217,100387,108043,6868,35860,0.19152258784160625,19226.378025655325,female,70-74,1758,0.017512227678882723,0.0033539871639310247,0.06356728339642549,0.0011132047397662645
2013,E07000217,100387,108043,6868,35860,0.19152258784160625,19226.378025655325,male,70-74,1618,0.01611762479205475,0.0030868892100343564,0.06356728339642549,0.0010245536228337977
2013,E07000223,62605,108043,67,25716,0.002605381863431327,163.1099315601182,female,70-74,1694,0.027058541650027954,7.049783366588399e-05,0.0006201234693594218,1.6779636723821745e-05
2013,E07000223,62605,108043,67,25716,0.002605381863431327,163.1099315601182,male,70-74,1455,0.02324095519527194,6.0551563154581585e-05,0.0006201234693594218,1.4412261766918914e-05
2013,E07000224,153013,108043,146,64199,0.00227417872552532,347.9789093288058,female,70-74,4923,0.032173736872030484,7.316882791502128e-05,0.0013513138287533668,4.3476815557846884e-05
2013,E07000224,153013,108043,146,64199,0.00227417872552532,347.9789093288058,male,70-74,4343,0.028383209269800605,6.454849068351359e-05,0.0013513138287533668,3.8354623190682305e-05
2013,E07000225,115800,108043,3182,46206,0.06886551530104315,7974.626671860797,female,70-74,3499,0.030215889464594126,0.0020808327982586353,0.02945123700748776,0.000889895322013814
2013,E07000225,115800,108043,3182,46206,0.06886551530104315,7974.626671860797,male,70-74,3071,0.02651986183074266,0.001826303950686559,0.02945123700748776,0.0007810427361830304
2013,E07000226,108953,108043,598,40132,0.01490082727000897,1623.4898335492874,female,70-74,1485,0.01362973025065854,0.00020309425620187898,0.005534833353387078,7.54382855890137e-05
2013,E07000226,108953,108043,598,40132,0.01490082727000897,1623.4898335492874,male,70-74,1350,0.012390663864235037,0.00018463114200170818,0.005534833353387078,6.85802596263761e-05
2013,E07000227,133173,108043,2006,47879,0.04189728273355751,5579.586833476054,female,70-74,3264,0.024509472640850623,0.001026880304884111,0.018566681784104477,0.00045505957921888836
2013,E07000227,133173,108043,2006,47879,0.04189728273355751,5579.586833476054,male,70-74,2993,0.022474525617054507,0.0009416215540803137,0.018566681784104477,0.00041727736538055537
2013,E07000228,142983,108043,208,48945,0.004249667994687915,607.6302788844621,female,70-74,3103,0.02170188064315338,9.22257875937461e-05,0.0019251594272650704,4.177958010954808e-05
2013,E07000228,142983,108043,208,48945,0.004249667994687915,607.6302788844621,male,70-74,2740,0.01916311729366428,8.143688624133559e-05,0.0019251594272650704,3.6892055913684095e-05
2013,E07000229,106413,108043,139,40585,0.0034249106812861895,364.4550203277073,female,70-74,2530,0.023775290612989015,8.142824677110936e-05,0.0012865248095665614,3.0587501228265345e-05
2013,E07000229,106413,108043,139,40585,0.0034249106812861895,364.4550203277073,male,70-74,2184,0.02052380818133123,7.029220986091021e-05,0.0012865248095665614,2.6404388412067795e-05
2013,E09000008,373628,108043,50,149453,0.0003345533378386516,124.99849450997972,female,70-74,5789,0.015494020790733028,5.183576372081198e-06,0.00046277870847718036,7.170302930654012e-06
2013,E09000008,373628,108043,50,149453,0.0003345533378386516,124.99849450997972,male,70-74,4885,0.013074501910991682,4.374118254900096e-06,0.00046277870847718036,6.050601108351157e-06
2013,E09000011,264097,108043,64,52633,0.00121596716888644,321.13328140140214,female,70-74,3299,0.012491622396316505,1.5189402720047429e-05,0.0005923567468507909,7.399496805570526e-06
2013,E09000011,264097,108043,64,52633,0.00121596716888644,321.13328140140214,male,70-74,2816,0.010662748914224697,1.2965552609776768e-05,0.0005923567468507909,6.316151259316945e-06
2013,E09000017,285996,108043,72,115552,0.0006230960952644697,178.20299086125726,female,70-74,4373,0.015290423642288704,9.527403266449622e-06,0.0006664013402071398,1.0189558807556128e-05
2013,E09000017,285996,108043,72,115552,0.0006230960952644697,178.20299086125726,male,70-74,3875,0.013549140547420244,8.442416569287054e-06,0.0006664013402071398,9.02916541945575e-06
2013,E09000018,261275,108043,231,100578,0.002296724929905148,600.0768060609676,female,70-74,3535,0.013529805760214333,3.1074242186258537e-05,0.0021380376331645735,2.8927233884745067e-05
2013,E09000018,261275,108043,231,100578,0.002296724929905148,600.0768060609676,male,70-74,3204,0.012262941345325806,2.8164603101774352e-05,0.0021380376331645735,2.6218630089596376e-05
2013,E09000021,165657,108043,116,55314,0.002097118270238999,347.40232129298187,female,70-74,2494,0.015055204428427412,3.157254426903821e-05,0.0010736466036670585,1.616396910209435e-05
2013,E09000021,165657,108043,116,55314,0.002097118270238999,347.40232129298187,male,70-74,2292,0.013835817381698328,2.9015345414849873e-05,0.0010736466036670585,1.4854778340818064e-05
2013,E09000022,312700,108043,19,112835,0.00016838746842734968,52.65476137723225,female,70-74,3221,0.010300607611128878,1.7344932389014818e-06,0.00017585590922132853,1.8114227169872058e-06
2013,E09000022,312700,108043,19,112835,0.00016838746842734968,52.65476137723225,male,70-74,2631,0.008413815158298688,1.4167810343215766e-06,0.00017585590922132853,1.479619114682812e-06
2013,E09000024,203637,108043,8,78151,0.00010236593261762485,20.84549142045527,female,70-74,2892,0.014201741333844047,1.4537744964332173e-06,7.404459335634886e-05,1.0515621620165339e-06
2013,E09000024,203637,108043,8,78151,0.00010236593261762485,20.84549142045527,male,70-74,2588,0.012708888856150896,1.300957260293626e-06,7.404459335634886e-05,9.410245073647267e-07
2013,E09000027,191138,108043,51,65861,0.0007743581178542688,148.00926193042923,female,70-74,3195,0.016715671399721667,1.2943915843758902e-05,0.000472034282646724,7.890369958125977e-06
2013,E09000027,191138,108043,51,65861,0.0007743581178542688,148.00926193042923,male,70-74,2713,0.014193933179168977,1.0991187381570547e-05,0.000472034282646724,6.700023066164562e-06
2013,E09000029,195787,108043,77,79478,0.0009688215606834595,189.68266690153249,female,70-74,3418,0.017457747450034988,1.6913442130560582e-05,0.0007126792110548578,1.244177367948589e-05
2013,E09000029,195787,108043,77,79478,0.0009688215606834595,189.68266690153249,male,70-74,2902,0.014822230280866452,1.4360096273518669e-05,0.0007126792110548578,1.0563495382641326e-05
2013,E09000032,313091,108043,8,108750,7.35632183908046e-05,23.0319816091954,female,70-74,3721,0.01188472361070743,8.742785184888225e-07,7.404459335634886e-05,8.799995269074299e-07
2013,E09000032,313091,108043,8,108750,7.35632183908046e-05,23.0319816091954,male,70-74,2976,0.009505223720899035,6.99234848433952e-07,7.404459335634886e-05,7.038104251750903e-07
2013,E09000033,225306,108043,58,72554,0.0007994045814152217,180.11064862033794,female,70-74,3136,0.013918848144301528,1.1126790974577399e-05,0.0005368233018335293,7.471962018543438e-06
2013,E09000033,225306,108043,58,72554,0.0007994045814152217,180.11064862033794,male,70-74,2912,0.012924644705422848,1.0332020190679014e-05,0.0005368233018335293,6.938250445790336e-06
2013,E06000036,116543,108043,770,40616,0.018958046090210755,2209.427565491432,female,75-79,1619,0.01389186823747458,0.00026336267832517793,0.007126792110548578,9.900445695561422e-05
2013,E06000036,116543,108043,770,40616,0.018958046090210755,2209.427565491432,male,75-79,1402,0.01202989454536094,0.00022806329525132765,0.007126792110548578,8.573455753660972e-05
2013,E06000037,156031,108043,13,49239,0.00026401835943053273,41.19504864030545,female,75-79,2470,0.015830187590927445,4.179460157234242e-06,0.0001203224642040669,1.9047271797530315e-06
2013,E06000037,156031,108043,13,49239,0.00026401835943053273,41.19504864030545,male,75-79,2205,0.01413180714088867,3.7310565371261142e-06,0.0001203224642040669,1.700373858848354e-06
2013,E06000040,146278,108043,191,53690,0.0035574594896628795,520.3780592289066,female,75-79,2600,0.017774374820547178,6.32316183781805e-05,0.001767814666382829,3.1421800493548966e-05
2013,E06000040,146278,108043,191,53690,0.0035574594896628795,520.3780592289066,male,75-79,2139,0.014622841438904004,5.2020166042664644e-05,0.001767814666382829,2.585047355988509e-05
2013,E06000041,158065,108043,206,45893,0.004488701980694223,709.5066785784323,female,75-79,2662,0.016841172935184893,7.559500631137838e-05,0.0019066482789259832,3.2110193391965124e-05
2013,E06000041,158065,108043,206,45893,0.004488701980694223,709.5066785784323,male,75-79,2330,0.014740771201720812,6.616692889012457e-05,0.0019066482789259832,2.8105466041802683e-05
2013,E06000043,277991,108043,31,90245,0.0003435093356972685,95.49250373981937,female,75-79,3570,0.012842142371515625,4.4113957949690764e-06,0.0002869227992558518,3.6847034376774465e-06
2013,E06000043,277991,108043,31,90245,0.0003435093356972685,95.49250373981937,male,75-79,3033,0.010910425157648989,3.7478328980787703e-06,0.0002869227992558518,3.1304497273041164e-06
2013,E06000054,479911,108043,11,168444,6.530360238417516e-05,31.33991712379188,female,75-79,9003,0.018759728366301253,1.2250778420680689e-06,0.00010181131586497968,1.9099526302427163e-06
2013,E06000054,479911,108043,11,168444,6.530360238417516e-05,31.33991712379188,male,75-79,8056,0.016786445820162487,1.09621538328339e-06,0.00010181131586497968,1.7090501376469309e-06
2013,E07000061,100363,108043,20,41544,0.00048141729250914694,48.31648372809551,female,75-79,2409,0.024002869583412214,1.1555396487296464e-05,0.00018511148339087215,4.4432067942230805e-06
2013,E07000061,100363,108043,20,41544,0.00048141729250914694,48.31648372809551,male,75-79,1923,0.019160447575301654,9.224170794965171e-06,0.00018511148339087215,3.5468188730971287e-06
2013,E07000063,99626,108043,29,37939,0.0007643849337093756,76.15261340573025,female,75-79,2394,0.024029871720233673,1.8368071901915615e-05,0.00026841165091676464,6.449897539745995e-06
2013,E07000063,99626,108043,29,37939,0.0007643849337093756,76.15261340573025,male,75-79,1948,0.01955312870134302,1.4946116986186974e-05,0.00026841165091676464,5.248287555315455e-06
2013,E07000064,91232,108043,10,36599,0.00027323150905762453,24.927457034345203,female,75-79,2714,0.029748333917923534,8.128182168344363e-06,9.255574169543608e-05,2.7533791099769103e-06
2013,E07000064,91232,108043,10,36599,0.00027323150905762453,24.927457034345203,male,75-79,2336,0.025605050859347597,6.996106685796769e-06,9.255574169543608e-05,2.3698944734362797e-06
2013,E07000065,152777,108043,32,58801,0.0005442084318293906,83.14253158959882,female,75-79,3584,0.02345902851869064,1.2766601122397586e-05,0.00029617837342539545,6.9480569088057574e-06
2013,E07000065,152777,108043,32,58801,0.0005442084318293906,83.14253158959882,male,75-79,3128,0.020474286050910805,1.1142279104592536e-05,0.00029617837342539545,6.064040739605025e-06
2013,E07000071,177993,108043,129,62772,0.002055056394570828,365.78565283884535,female,75-79,2852,0.016023102032102388,3.292837829193284e-05,0.0011939690678711254,1.9131088197673222e-05
2013,E07000071,177993,108043,129,62772,0.002055056394570828,365.78565283884535,male,75-79,2581,0.01450057024714455,2.9799489611317896e-05,0.0011939690678711254,1.7313232341582953e-05
2013,E07000084,172050,108043,677,63307,0.010693920103622032,1839.8889538281705,female,75-79,2602,0.015123510607381575,0.00016172961412161887,0.0062660237127810225,9.476427608634827e-05
2013,E07000084,172050,108043,677,63307,0.010693920103622032,1839.8889538281705,male,75-79,2295,0.013339145597210113,0.00014264775726714654,0.0062660237127810225,8.358340262035714e-05
2013,E07000085,117401,108043,8612,41475,0.20764315852923448,24377.514454490658,female,75-79,2356,0.020067972163780548,0.004166977125364149,0.07970900474810955,0.001599598088487714
2013,E07000085,117401,108043,8612,41475,0.20764315852923448,24377.514454490658,male,75-79,2127,0.01811739252646911,0.0037619526085099935,0.07970900474810955,0.0014441193269156907
2013,E07000089,92959,108043,2372,33431,0.07095211031677186,6595.637222936795,female,75-79,1643,0.01767445863230026,0.0012540401386681888,0.021954221930157437,0.00038802898730890684
2013,E07000089,92959,108043,2372,33431,0.07095211031677186,6595.637222936795,male,75-79,1448,0.015576759646725976,0.0011052039688323417,0.021954221930157437,0.0003419756382369428
2013,E07000090,121671,108043,9,43614,0.0002063557573256294,25.107511349566654,female,75-79,2809,0.023086848961543834,4.7641042017217984e-06,8.330016752589247e-05,1.923138386141578e-06
2013,E07000090,121671,108043,9,43614,0.0002063557573256294,25.107511349566654,male,75-79,2307,0.018960968513450208,3.912705017220431e-06,8.330016752589247e-05,1.5794518536235747e-06
2013,E07000092,94897,108043,4240,37380,0.11342964151952915,10764.132691278757,female,75-79,1220,0.01285604392130415,0.0014582564533528516,0.0392436344788649,0.000504517888491893
2013,E07000092,94897,108043,4240,37380,0.11342964151952915,10764.132691278757,male,75-79,1045,0.011011939260461342,0.001249080322748959,0.0392436344788649,0.00043214851924100673
2013,E07000093,118805,108043,39,44103,0.0008842935854703761,105.05849942180804,female,75-79,2267,0.019081688481124532,1.687381472380239e-05,0.0003609673926122007,6.887867337669786e-06
2013,E07000093,118805,108043,39,44103,0.0008842935854703761,105.05849942180804,male,75-79,2127,0.01790328689869955,1.5831761763355836e-05,0.0003609673926122007,6.462502791011749e-06
2013,E07000094,119037,108043,14,43975,0.00031836270608300173,37.89694144400228,female,75-79,2253,0.018926888278434438,6.025615370053034e-06,0.0001295780383736105,2.4525090556360164e-06
2013,E07000094,119037,108043,14,43975,0.00031836270608300173,37.89694144400228,male,75-79,1979,0.0166250829573998,5.292806399172194e-06,0.0001295780383736105,2.1542456374184096e-06
2013,E07000102,89566,108043,29,34487,0.0008408965697219242,75.31574216371386,female,75-79,1647,0.01838867427371994,1.5462973118504894e-05,0.00026841165091676464,4.935734419979807e-06
2013,E07000102,89566,108043,29,34487,0.0008408965697219242,75.31574216371386,male,75-79,1398,0.01560860147823951,1.3125219441208159e-05,0.00026841165091676464,4.18953049127612e-06
2013,E07000180,123497,108043,57,39314,0.00144986518797375,179.0540011191942,female,75-79,2330,0.018866855065305232,2.7354396365732265e-05,0.0005275677276639857,9.95354385496884e-06
2013,E07000180,123497,108043,57,39314,0.00144986518797375,179.0540011191942,male,75-79,2097,0.016980169558774707,2.4618956729159035e-05,0.0005275677276639857,8.958189469471955e-06
2013,E07000207,133499,108043,3258,45188,0.0720987872886607,9625.116004248915,female,75-79,2300,0.01722859347261028,0.001242160696064537,0.030154660644373072,0.000519522389546424
2013,E07000207,133499,108043,3258,45188,0.0720987872886607,9625.116004248915,male,75-79,1923,0.01440460228166503,0.0010385543558835237,0.030154660644373072,0.0004343658935207711
2013,E07000208,76906,108043,434,26765,0.016215206426303006,1247.046665421259,female,75-79,1352,0.017579902738407926,0.000285061751857614,0.0040169191895819256,7.061704866089464e-05
2013,E07000208,76906,108043,434,26765,0.016215206426303006,1247.046665421259,male,75-79,1107,0.014394195511403531,0.00023340485155797243,0.0040169191895819256,5.782032016835086e-05
2013,E07000209,140657,108043,34716,49362,0.7032940318463595,98923.2286374134,female,75-79,2319,0.016486914977569548,0.011595148907283019,0.3213165128698759,0.0052975180285747756
2013,E07000209,140657,108043,34716,49362,0.7032940318463595,98923.2286374134,male,75-79,1940,0.013792417014439382,0.009700124570991401,0.3213165128698759,0.004431731339126807
2013,E07000210,86761,108043,3001,30934,0.09701299540958169,8416.944494730717,female,75-79,1901,0.021910766358156315,0.002125629076124236,0.027775978082800367,0.0006085929661415094
2013,E07000210,86761,108043,3001,30934,0.09701299540958169,8416.944494730717,male,75-79,1631,0.01879876903216883,0.0018237248938235812,0.027775978082800367,0.0005221541966211477
2013,E07000211,140928,108043,842,52491,0.016040845097254768,2260.60421786592,female,75-79,2333,0.01655455267938238,0.00026554901518431666,0.007793193450755718,0.00012901283152115327
2013,E07000211,140928,108043,842,52491,0.016040845097254768,2260.60421786592,male,75-79,2025,0.014369039509536784,0.00023049153696881318,0.007793193450755718,0.00011198070459937222
2013,E07000212,83094,108043,1641,28983,0.05661939757789049,4704.732222337232,female,75-79,1490,0.017931499265891642,0.0010152706861031703,0.01518839721222106,0.0002723507334610126
2013,E07000212,83094,108043,1641,28983,0.05661939757789049,4704.732222337232,male,75-79,1224,0.014730305437215683,0.0008340210199934767,0.01518839721222106,0.0002237297300377714
2013,E07000213,97371,108043,1434,37349,0.038394602265120883,3738.5208171570857,female,75-79,1837,0.018865986792782244,0.0007243520592478978,0.013272493359125533,0.00025039868442055233
2013,E07000213,97371,108043,1434,37349,0.038394602265120883,3738.5208171570857,male,75-79,1589,0.01631902722576537,0.0006265625596869405,0.013272493359125533,0.00021659418048135967
2013,E07000214,87134,108043,2312,34609,0.06680343263313011,5820.85029905516,female,75-79,1648,0.018913397755181673,0.001263479892801873,0.02139888747998482,0.0004047256704273301
2013,E07000214,87134,108043,2312,34609,0.06680343263313011,5820.85029905516,male,75-79,1408,0.016159019441320265,0.0010794779666656782,0.02139888747998482,0.00034578503881169955
2013,E07000215,84616,108043,465,31043,0.01497922236897207,1267.4818799729408,female,75-79,1526,0.018034414295168763,0.00027014150202150163,0.004303841988837777,7.761726948764357e-05
2013,E07000215,84616,108043,465,31043,0.01497922236897207,1267.4818799729408,male,75-79,1356,0.016025337997541834,0.00024004710140311674,0.004303841988837777,6.897052255913805e-05
2013,E07000216,122783,108043,28481,46045,0.6185470735150397,75947.06532739711,female,75-79,2551,0.02077649185962226,0.012851238237678394,0.2636080079227715,0.005476849630738702
2013,E07000216,122783,108043,28481,46045,0.6185470735150397,75947.06532739711,male,75-79,2143,0.01745355627407703,0.010795846155760408,0.2636080079227715,0.004600897200577436
2013,E07000217,100387,108043,6868,35860,0.19152258784160625,19226.378025655325,female,75-79,1580,0.01573908972277287,0.0030143911939766893,0.06356728339642549,0.001000491176809271
2013,E07000217,100387,108043,6868,35860,0.19152258784160625,19226.378025655325,male,75-79,1388,0.013826491477980216,0.0026480854286326863,0.06356728339642549,0.0008789125021590303
2013,E07000223,62605,108043,67,25716,0.002605381863431327,163.1099315601182,female,75-79,1501,0.023975720789074353,6.246590810654774e-05,0.0006201234693594218,1.4867907156113601e-05
2013,E07000223,62605,108043,67,25716,0.002605381863431327,163.1099315601182,male,75-79,1149,0.018353166679977637,4.781700760454587e-05,0.0006201234693594218,1.1381229395319473e-05
2013,E07000224,153013,108043,146,64199,0.00227417872552532,347.9789093288058,female,75-79,4358,0.028481240156065173,6.477143043950086e-05,0.0013513138287533668,3.8487093682936564e-05
2013,E07000224,153013,108043,146,64199,0.00227417872552532,347.9789093288058,male,75-79,3671,0.02399142556514806,5.456078961528399e-05,0.0013513138287533668,3.241994513769163e-05
2013,E07000225,115800,108043,3182,46206,0.06886551530104315,7974.626671860797,female,75-79,3012,0.02601036269430052,0.0017912170301100344,0.02945123700748776,0.0007660373563605625
2013,E07000225,115800,108043,3182,46206,0.06886551530104315,7974.626671860797,male,75-79,2625,0.02266839378238342,0.001561070618870797,0.02945123700748776,0.000667612237864036
2013,E07000226,108953,108043,598,40132,0.01490082727000897,1623.4898335492874,female,75-79,1456,0.013363560434315714,0.00019912810574406451,0.005534833353387078,7.396508001185451e-05
2013,E07000226,108953,108043,598,40132,0.01490082727000897,1623.4898335492874,male,75-79,1093,0.010031848595265848,0.00014948284311693853,0.005534833353387078,5.552461020120672e-05
2013,E07000227,133173,108043,2006,47879,0.04189728273355751,5579.586833476054,female,75-79,2805,0.021062828050731005,0.0008824752620097829,0.018566681784104477,0.00039106682589123217
2013,E07000227,133173,108043,2006,47879,0.04189728273355751,5579.586833476054,male,75-79,2401,0.01802918008905709,0.0007553736556454504,0.018566681784104477,0.00033474204954183544
2013,E07000228,142983,108043,208,48945,0.004249667994687915,607.6302788844621,female,75-79,2657,0.01858262870411168,7.897000246103237e-05,0.0019251594272650704,3.57745228330871e-05
2013,E07000228,142983,108043,208,48945,0.004249667994687915,607.6302788844621,male,75-79,2215,0.015491352118783351,6.583310329363442e-05,0.0019251594272650704,2.982332257255849e-05
2013,E07000229,106413,108043,139,40585,0.0034249106812861895,364.4550203277073,female,75-79,2463,0.023145668292407884,7.927184656017485e-05,0.0012865248095665614,2.9777476492180852e-05
2013,E07000229,106413,108043,139,40585,0.0034249106812861895,364.4550203277073,male,75-79,1765,0.01658631934068206,5.68066622731257e-05,0.0012865248095665614,2.1338711331181164e-05
2013,E09000008,373628,108043,50,149453,0.0003345533378386516,124.99849450997972,female,75-79,5065,0.013556264519789737,4.535293543719342e-06,0.00046277870847718036,6.273550586243318e-06
2013,E09000008,373628,108043,50,149453,0.0003345533378386516,124.99849450997972,male,75-79,4222,0.011300009635252175,3.7804559410825393e-06,0.00046277870847718036,5.229403864781695e-06
2013,E09000011,264097,108043,64,52633,0.00121596716888644,321.13328140140214,female,75-79,2844,0.010768770565360455,1.3094471456748982e-05,0.0005923567468507909,6.378953899679471e-06
2013,E09000011,264097,108043,64,52633,0.00121596716888644,321.13328140140214,male,75-79,2287,0.008659697005267005,1.0529907250908904e-05,0.0005923567468507909,5.129629946753499e-06
2013,E09000017,285996,108043,72,115552,0.0006230960952644697,178.20299086125726,female,75-79,4139,0.014472230380844487,9.017590240072028e-06,0.0006664013402071398,9.644313721581251e-06
2013,E09000017,285996,108043,72,115552,0.0006230960952644697,178.20299086125726,male,75-79,3437,0.01201765059651184,7.4881511609392516e-06,0.0006664013402071398,8.008578463656623e-06
2013,E09000018,261275,108043,231,100578,0.002296724929905148,600.0768060609676,female,75-79,2993,0.011455363123146111,2.630981806604577e-05,0.0021380376331645735,2.449199745885205e-05
2013,E09000018,261275,108043,231,100578,0.002296724929905148,600.0768060609676,male,75-79,2557,0.009786623289637355,2.2477181688900444e-05,0.0021380376331645735,2.0924168894849544e-05
2013,E09000021,165657,108043,116,55314,0.002097118270238999,347.40232129298187,female,75-79,2111,0.012743198295272762,2.6723993966294974e-05,0.0010736466036670585,1.368169156957545e-05
2013,E09000021,165657,108043,116,55314,0.002097118270238999,347.40232129298187,male,75-79,1702,0.01027424135412328,2.1546299256577e-05,0.0010736466036670585,1.1030904335110099e-05
2013,E09000022,312700,108043,19,112835,0.00016838746842734968,52.65476137723225,female,75-79,2483,0.0079405180684362,1.3370837355456002e-06,0.00017585590922132853,1.3963870246132354e-06
2013,E09000022,312700,108043,19,112835,0.00016838746842734968,52.65476137723225,male,75-79,2194,0.0070163095618803965,1.181458604827647e-06,0.00017585590922132853,1.2338594973827783e-06
2013,E09000024,203637,108043,8,78151,0.00010236593261762485,20.84549142045527,female,75-79,2527,0.01240933622082431,1.2702932754103527e-06,7.404459335634886e-05,9.18844254293147e-07
2013,E09000024,203637,108043,8,78151,0.00010236593261762485,20.84549142045527,male,75-79,2014,0.009890147664717118,1.0124141894247923e-06,7.404459335634886e-05,7.323119620682223e-07
2013,E09000027,191138,108043,51,65861,0.0007743581178542688,148.00926193042923,female,75-79,2560,0.013393464407914701,1.0371337890460966e-05,0.000472034282646724,6.322174363944446e-06
2013,E09000027,191138,108043,51,65861,0.0007743581178542688,148.00926193042923,male,75-79,2054,0.01074616245853781,8.32137813554954e-06,0.000472034282646724,5.072557087321051e-06
2013,E09000029,195787,108043,77,79478,0.0009688215606834595,189.68266690153249,female,75-79,3071,0.015685413229683278,1.5196366525146737e-05,0.0007126792110548578,1.1178667925600107e-05
2013,E09000029,195787,108043,77,79478,0.0009688215606834595,189.68266690153249,male,75-79,2450,0.012513598962137424,1.2123444476264898e-05,0.0007126792110548578,8.918181835792986e-06
2013,E09000032,313091,108043,8,108750,7.35632183908046e-05,23.0319816091954,female,75-79,2984,0.009530775397568119,7.011145120050111e-07,7.404459335634886e-05,7.057023886836255e-07
2013,E09000032,313091,108043,8,108750,7.35632183908046e-05,23.0319816091954,male,75-79,2387,0.007623981526137768,5.608446180147324e-07,7.404459335634886e-05,5.64514611859187e-07
2013,E09000033,225306,108043,58,72554,0.0007994045814152217,180.11064862033794,female,75-79,2674,0.01186830355161425,9.487576232786978e-06,0.0005368233018335293,6.371181899740163e-06
2013,E09000033,225306,108043,58,72554,0.0007994045814152217,180.11064862033794,male,75-79,2332,0.01035036794404055,8.274131553799264e-06,0.0005368233018335293,5.556318694911766e-06
2013,E06000036,116543,108043,770,40616,0.018958046090210755,2209.427565491432,female,80-84,1146,0.009833280420102451,0.00018641978342226923,0.007126792110548578,7.007974531879795e-05
2013,E06000036,116543,108043,770,40616,0.018958046090210755,2209.427565491432,male,80-84,894,0.007670988390551127,0.0001454269514655399,0.007126792110548578,5.4669539541889507e-05
2013,E06000037,156031,108043,13,49239,0.00026401835943053273,41.19504864030545,female,80-84,1955,0.01252956143330492,3.308034254005239e-06,0.0001203224642040669,1.5075877070514883e-06
2013,E06000037,156031,108043,13,49239,0.00026401835943053273,41.19504864030545,male,80-84,1480,0.009485294588895797,2.5042919160755776e-06,0.0001203224642040669,1.141294018637444e-06
2013,E06000040,146278,108043,191,53690,0.0035574594896628795,520.3780592289066,female,80-84,2141,0.01463651403491981,5.20688057491094e-05,0.001767814666382829,2.587464417564936e-05
2013,E06000040,146278,108043,191,53690,0.0035574594896628795,520.3780592289066,male,80-84,1599,0.010931240514636514,3.8887445302581005e-05,0.001767814666382829,1.9324407303532613e-05
2013,E06000041,158065,108043,206,45893,0.004488701980694223,709.5066785784323,female,80-84,1959,0.012393635529687154,5.563133635010902e-05,0.0019066482789259832,2.3630303852313928e-05
2013,E06000041,158065,108043,206,45893,0.004488701980694223,709.5066785784323,male,80-84,1598,0.010109764970107234,4.5379722045673415e-05,0.0019066482789259832,1.9275765980601153e-05
2013,E06000043,277991,108043,31,90245,0.0003435093356972685,95.49250373981937,female,80-84,3233,0.011629872909554625,3.994969917404769e-06,0.0002869227992558518,3.336875690199211e-06
2013,E06000043,277991,108043,31,90245,0.0003435093356972685,95.49250373981937,male,80-84,2262,0.008136954074052757,2.7951196885770454e-06,0.0002869227992558518,2.334677640343525e-06
2013,E06000054,479911,108043,11,168444,6.530360238417516e-05,31.33991712379188,female,80-84,7351,0.015317423438929301,1.0002829298058839e-06,0.00010181131586497968,1.5594870359784744e-06
2013,E06000054,479911,108043,11,168444,6.530360238417516e-05,31.33991712379188,male,80-84,5502,0.011464625732687935,7.486813603308357e-07,0.00010181131586497968,1.1672286317444655e-06
2013,E07000061,100363,108043,20,41544,0.00048141729250914694,48.31648372809551,female,80-84,2246,0.022378765082749618,1.0773524495835557e-05,0.00018511148339087215,4.142566400923635e-06
2013,E07000061,100363,108043,20,41544,0.00048141729250914694,48.31648372809551,male,80-84,1479,0.014736506481472256,7.0944090513538685e-06,0.00018511148339087215,2.7278965747845315e-06
2013,E07000063,99626,108043,29,37939,0.0007643849337093756,76.15261340573025,female,80-84,2032,0.020396282095035433,1.559061073713138e-05,0.00026841165091676464,5.474599749692508e-06
2013,E07000063,99626,108043,29,37939,0.0007643849337093756,76.15261340573025,male,80-84,1525,0.015307249111677674,1.1700630597502636e-05,0.00026841165091676464,4.108644005059584e-06
2013,E07000064,91232,108043,10,36599,0.00027323150905762453,24.927457034345203,female,80-84,2349,0.025747544721150473,7.035040498688618e-06,9.255574169543608e-05,2.383083098502492e-06
2013,E07000064,91232,108043,10,36599,0.00027323150905762453,24.927457034345203,male,80-84,1651,0.018096720448965275,4.944594237264755e-06,9.255574169543608e-05,1.674955383408946e-06
2013,E07000065,152777,108043,32,58801,0.0005442084318293906,83.14253158959882,female,80-84,2995,0.01960373616447502,1.0668518516066064e-05,0.00029617837342539545,5.806202690254812e-06
2013,E07000065,152777,108043,32,58801,0.0005442084318293906,83.14253158959882,male,80-84,2235,0.01462916538484196,7.961315153057646e-06,0.00029617837342539545,4.332842408253591e-06
2013,E07000071,177993,108043,129,62772,0.002055056394570828,365.78565283884535,female,80-84,2283,0.01282634710353778,2.6358866634110328e-05,0.0011939690678711254,1.531426169540251e-05
2013,E07000071,177993,108043,129,62772,0.002055056394570828,365.78565283884535,male,80-84,1755,0.009859938312180816,2.0262729278521083e-05,0.0011939690678711254,1.1772461355861328e-05
2013,E07000084,172050,108043,677,63307,0.010693920103622032,1839.8889538281705,female,80-84,1933,0.011235106073815752,0.00012014732670910427,0.0062660237127810225,7.039944107413959e-05
2013,E07000084,172050,108043,677,63307,0.010693920103622032,1839.8889538281705,male,80-84,1544,0.008974135425748328,9.596868724203672e-05,0.0062660237127810225,5.623214537944724e-05
2013,E07000085,117401,108043,8612,41475,0.20764315852923448,24377.514454490658,female,80-84,1932,0.016456418599500856,0.003417062736079599,0.07970900474810955,0.0013117247482844919
2013,E07000085,117401,108043,8612,41475,0.20764315852923448,24377.514454490658,male,80-84,1427,0.012154922019403583,0.002523886399785501,0.07970900474810955,0.0009688567369575415
2013,E07000089,92959,108043,2372,33431,0.07095211031677186,6595.637222936795,female,80-84,1171,0.012596951344140966,0.0008937802814244974,0.021954221930157437,0.0002765562654526658
2013,E07000089,92959,108043,2372,33431,0.07095211031677186,6595.637222936795,male,80-84,927,0.009972138254499295,0.0007075442535273347,0.021954221930157437,0.00021893053635749032
2013,E07000090,121671,108043,9,43614,0.0002063557573256294,25.107511349566654,female,80-84,2362,0.019413007207962456,4.005985804366995e-06,8.330016752589247e-05,1.6171067526046306e-06
2013,E07000090,121671,108043,9,43614,0.0002063557573256294,25.107511349566654,male,80-84,1831,0.01504877908458055,3.105402204824711e-06,8.330016752589247e-05,1.2535658188057065e-06
2013,E07000092,94897,108043,4240,37380,0.11342964151952915,10764.132691278757,female,80-84,927,0.009768485832007335,0.0011080358461131915,0.0392436344788649,0.0003833508874032663
2013,E07000092,94897,108043,4240,37380,0.11342964151952915,10764.132691278757,male,80-84,640,0.006744154188225129,0.0007649869919228075,0.0392436344788649,0.0002646651218318128
2013,E07000093,118805,108043,39,44103,0.0008842935854703761,105.05849942180804,female,80-84,1769,0.014889945709355666,1.3167083478785365e-05,0.0003609673926122007,5.37478487884334e-06
2013,E07000093,118805,108043,39,44103,0.0008842935854703761,105.05849942180804,male,80-84,1320,0.011110643491435545,9.825070769924636e-06,0.0003609673926122007,4.010580011347206e-06
2013,E07000094,119037,108043,14,43975,0.00031836270608300173,37.89694144400228,female,80-84,1991,0.0167258919495619,5.32490022271442e-06,0.0001295780383736105,2.167308268873195e-06
2013,E07000094,119037,108043,14,43975,0.00031836270608300173,37.89694144400228,male,80-84,1444,0.012130682056839471,3.861956766247927e-06,0.0001295780383736105,1.5718699850592133e-06
2013,E07000102,89566,108043,29,34487,0.0008408965697219242,75.31574216371386,female,80-84,1390,0.01551928187035259,1.305011088932714e-05,0.00026841165091676464,4.165556067863954e-06
2013,E07000102,89566,108043,29,34487,0.0008408965697219242,75.31574216371386,male,80-84,942,0.010517383828684992,8.844031983990047e-06,0.00026841165091676464,2.8229883567826216e-06
2013,E07000180,123497,108043,57,39314,0.00144986518797375,179.0540011191942,female,80-84,1870,0.015142068228378018,2.195395759824864e-05,0.0005275677276639857,7.988466527378424e-06
2013,E07000180,123497,108043,57,39314,0.00144986518797375,179.0540011191942,male,80-84,1469,0.011895025790100164,1.7246183803116177e-05,0.0005275677276639857,6.275431726587649e-06
2013,E07000207,133499,108043,3258,45188,0.0720987872886607,9625.116004248915,female,80-84,1897,0.014209844268496393,0.001024512539319316,0.030154660644373072,0.00042849303172589844
2013,E07000207,133499,108043,3258,45188,0.0720987872886607,9625.116004248915,male,80-84,1418,0.010621802410504947,0.0007658190726171797,0.030154660644373072,0.0003202968471203606
2013,E07000208,76906,108043,434,26765,0.016215206426303006,1247.046665421259,female,80-84,1083,0.014082126232023508,0.00022834458377351773,0.0040169191895819256,5.6566763091530245e-05
2013,E07000208,76906,108043,434,26765,0.016215206426303006,1247.046665421259,male,80-84,843,0.010961433438223285,0.00017774190592897087,0.0040169191895819256,4.40311923233241e-05
2013,E07000209,140657,108043,34716,49362,0.7032940318463595,98923.2286374134,female,80-84,1853,0.013173891096781533,0.009265118984560344,0.3213165128698759,0.004232988748145347
2013,E07000209,140657,108043,34716,49362,0.7032940318463595,98923.2286374134,male,80-84,1453,0.010330093774216712,0.007265093299819848,0.3213165128698759,0.0033192297091501287
2013,E07000210,86761,108043,3001,30934,0.09701299540958169,8416.944494730717,female,80-84,1568,0.018072636322771753,0.0017532805846200955,0.027775978082800367,0.00050198515039973
2013,E07000210,86761,108043,3001,30934,0.09701299540958169,8416.944494730717,male,80-84,1252,0.01443044685976418,0.0013999408749645148,0.027775978082800367,0.0004008197757018252
2013,E07000211,140928,108043,842,52491,0.016040845097254768,2260.60421786592,female,80-84,2097,0.014879938692098093,0.0002386867916165932,0.007793193450755718,0.00011596224076290546
2013,E07000211,140928,108043,842,52491,0.016040845097254768,2260.60421786592,male,80-84,1494,0.01060115803814714,0.00017005153394143553,0.007793193450755718,8.261687539331462e-05
2013,E07000212,83094,108043,1641,28983,0.05661939757789049,4704.732222337232,female,80-84,1241,0.014934893012732568,0.0008456046452711639,0.01518839721222106,0.00022683708739940713
2013,E07000212,83094,108043,1641,28983,0.05661939757789049,4704.732222337232,male,80-84,916,0.011023659951380365,0.0006241529855506738,0.01518839721222106,0.00016743172607401849
2013,E07000213,97371,108043,1434,37349,0.038394602265120883,3738.5208171570857,female,80-84,1525,0.015661747337502953,0.0006013265598002419,0.013272493359125533,0.00020787043752930993
2013,E07000213,97371,108043,1434,37349,0.038394602265120883,3738.5208171570857,male,80-84,1128,0.011584558030625134,0.0004447844980030641,0.013272493359125533,0.00015375596952987646
2013,E07000214,87134,108043,2312,34609,0.06680343263313011,5820.85029905516,female,80-84,1260,0.014460486147772397,0.0009660101122150245,0.02139888747998482,0.00030943831598206065
2013,E07000214,87134,108043,2312,34609,0.06680343263313011,5820.85029905516,male,80-84,964,0.01106341956067666,0.0007390744033137172,0.02139888747998482,0.00023674487032278294
2013,E07000215,84616,108043,465,31043,0.01497922236897207,1267.4818799729408,female,80-84,1348,0.015930793230594688,0.0002386308943151928,0.004303841988837777,6.856361682132605e-05
2013,E07000215,84616,108043,465,31043,0.01497922236897207,1267.4818799729408,male,80-84,999,0.01180627777252529,0.00017684886010450857,0.004303841988837777,5.081235400927649e-05
2013,E07000216,122783,108043,28481,46045,0.6185470735150397,75947.06532739711,female,80-84,2083,0.01696488927620273,0.01049358261430188,0.2636080079227715,0.004472080666730191
2013,E07000216,122783,108043,28481,46045,0.6185470735150397,75947.06532739711,male,80-84,1623,0.013218442292499777,0.00817622879645317,0.2636080079227715,0.003484487240567979
2013,E07000217,100387,108043,6868,35860,0.19152258784160625,19226.378025655325,female,80-84,1395,0.013896221622321615,0.0026614403263275194,0.06356728339642549,0.0008833450580056537
2013,E07000217,100387,108043,6868,35860,0.19152258784160625,19226.378025655325,male,80-84,966,0.009622759919113032,0.0018429758818870135,0.06356728339642549,0.0006116927068340226
2013,E07000223,62605,108043,67,25716,0.002605381863431327,163.1099315601182,female,80-84,1242,0.019838671032665123,5.168731370308614e-05,0.0006201234693594218,1.2302425508256558e-05
2013,E07000223,62605,108043,67,25716,0.002605381863431327,163.1099315601182,male,80-84,877,0.01400846577749381,3.6497402671180796e-05,0.0006201234693594218,8.686978398342192e-06
2013,E07000224,153013,108043,146,64199,0.00227417872552532,347.9789093288058,female,80-84,3550,0.023200643082613895,5.27624089169867e-05,0.0013513138287533668,3.1351349833507295e-05
2013,E07000224,153013,108043,146,64199,0.00227417872552532,347.9789093288058,male,80-84,2646,0.0172926483370694,3.9326572956154034e-05,0.0013513138287533668,2.3367794833650793e-05
2013,E07000225,115800,108043,3182,46206,0.06886551530104315,7974.626671860797,female,80-84,2553,0.02204663212435233,0.001518252681896055,0.02945123700748776,0.0006493005879111938
2013,E07000225,115800,108043,3182,46206,0.06886551530104315,7974.626671860797,male,80-84,1853,0.016001727115716752,0.001101967183530509,0.02945123700748776,0.00047127065781411755
2013,E07000226,108953,108043,598,40132,0.01490082727000897,1623.4898335492874,female,80-84,1476,0.013547125824896974,0.0002018633819218676,0.005534833353387078,7.49810838581712e-05
2013,E07000226,108953,108043,598,40132,0.01490082727000897,1623.4898335492874,male,80-84,899,0.008251264306627629,0.00012295066419224863,0.005534833353387078,4.56693728919349e-05
2013,E07000227,133173,108043,2006,47879,0.04189728273355751,5579.586833476054,female,80-84,2277,0.017098060417652227,0.0007163622715138237,0.018566681784104477,0.0003174542468999414
2013,E07000227,133173,108043,2006,47879,0.04189728273355751,5579.586833476054,male,80-84,1754,0.013170837932613968,0.0005518223207005915,0.018566681784104477,0.00024453875672485604
2013,E07000228,142983,108043,208,48945,0.004249667994687915,607.6302788844621,female,80-84,2301,0.01609282222362099,6.838915154792452e-05,0.0019251594272650704,3.098124841510478e-05
2013,E07000228,142983,108043,208,48945,0.004249667994687915,607.6302788844621,male,80-84,1751,0.012246211088031445,5.20423313169995e-05,0.0019251594272650704,2.357590872440177e-05
2013,E07000229,106413,108043,139,40585,0.0034249106812861895,364.4550203277073,female,80-84,2136,0.020072735474049225,6.87473261277034e-05,0.0012865248095665614,2.5824072183231142e-05
2013,E07000229,106413,108043,139,40585,0.0034249106812861895,364.4550203277073,male,80-84,1411,0.013259658124477273,4.5413144740725414e-05,0.0012865248095665614,1.7058879143510833e-05
2013,E09000008,373628,108043,50,149453,0.0003345533378386516,124.99849450997972,female,80-84,3825,0.010237455436958686,3.42497488740898e-06,0.00046277870847718036,4.737676405208429e-06
2013,E09000008,373628,108043,50,149453,0.0003345533378386516,124.99849450997972,male,80-84,2805,0.00750746732043637,2.5116482507665853e-06,0.00046277870847718036,3.474296030486181e-06
2013,E09000011,264097,108043,64,52633,0.00121596716888644,321.13328140140214,female,80-84,2159,0.008175026600074973,9.940563950464504e-06,0.0005923567468507909,4.842532162239092e-06
2013,E09000011,264097,108043,64,52633,0.00121596716888644,321.13328140140214,male,80-84,1503,0.00569109077346581,6.920179535686961e-06,0.0005923567468507909,3.3711560166027585e-06
2013,E09000017,285996,108043,72,115552,0.0006230960952644697,178.20299086125726,female,80-84,3130,0.010944209009916222,6.819293899837025e-06,0.0006664013402071398,7.293235551715224e-06
2013,E09000017,285996,108043,72,115552,0.0006230960952644697,178.20299086125726,male,80-84,2370,0.008286829186422187,5.163490908183307e-06,0.0006664013402071398,5.5223540758993874e-06
2013,E09000018,261275,108043,231,100578,0.002296724929905148,600.0768060609676,female,80-84,2286,0.008749401971103243,2.009496962879406e-05,0.0021380376331645735,1.8706550681903032e-05
2013,E09000018,261275,108043,231,100578,0.002296724929905148,600.0768060609676,male,80-84,1682,0.006437661467802124,1.4785537583390907e-05,0.0021380376331645735,1.3763962487734427e-05
2013,E09000021,165657,108043,116,55314,0.002097118270238999,347.40232129298187,female,80-84,1828,0.01103484911594439,2.3141383690377648e-05,0.0010736466036670585,1.1847528275312138e-05
2013,E09000021,165657,108043,116,55314,0.002097118270238999,347.40232129298187,male,80-84,1258,0.007594004479134597,1.5925525537469958e-05,0.0010736466036670585,8.15327711725529e-06
2013,E09000022,312700,108043,19,112835,0.00016838746842734968,52.65476137723225,female,80-84,1967,0.006290374160537256,1.0592201803536834e-06,0.00017585590922132853,1.1061994673436304e-06
2013,E09000022,312700,108043,19,112835,0.00016838746842734968,52.65476137723225,male,80-84,1489,0.004761752478413815,8.018194451177604e-07,0.00017585590922132853,8.373823115783759e-07
2013,E09000024,203637,108043,8,78151,0.00010236593261762485,20.84549142045527,female,80-84,2047,0.010052200729729862,1.0290029025583664e-06,7.404459335634886e-05,7.443111153692409e-07
2013,E09000024,203637,108043,8,78151,0.00010236593261762485,20.84549142045527,male,80-84,1507,0.007400423302248609,7.575512330998819e-07,7.404459335634886e-05,5.479613340798466e-07
2013,E09000027,191138,108043,51,65861,0.0007743581178542688,148.00926193042923,female,80-84,2156,0.011279808306040662,8.734611129622595e-06,0.000472034282646724,5.3244562221344625e-06
2013,E09000027,191138,108043,51,65861,0.0007743581178542688,148.00926193042923,male,80-84,1523,0.007968064958302379,6.170135784051583e-06,0.000472034282646724,3.761199826674762e-06
2013,E09000029,195787,108043,77,79478,0.0009688215606834595,189.68266690153249,female,80-84,2511,0.01282516203833758,1.2425293502000473e-05,0.0007126792110548578,9.140226363133139e-06
2013,E09000029,195787,108043,77,79478,0.0009688215606834595,189.68266690153249,male,80-84,1761,0.008994468478499594,8.714034988858158e-06,0.0007126792110548578,6.410170699114878e-06
2013,E09000032,313091,108043,8,108750,7.35632183908046e-05,23.0319816091954,female,80-84,2222,0.007096978194837922,5.220765568616403e-07,7.404459335634886e-05,5.254928644956488e-07
2013,E09000032,313091,108043,8,108750,7.35632183908046e-05,23.0319816091954,male,80-84,1546,0.004937861516300373,3.632449851071539e-07,7.404459335634886e-05,3.6562194802442535e-07
2013,E09000033,225306,108043,58,72554,0.0007994045814152217,180.11064862033794,female,80-84,1942,0.008619388742421418,6.890378849690468e-06,0.0005368233018335293,4.627088724493417e-06
2013,E09000033,225306,108043,58,72554,0.0007994045814152217,180.11064862033794,male,80-84,1692,0.007509786690101462,6.003357885518163e-06,0.0005368233018335293,4.031428487045758e-06
2013,E06000036,116543,108043,770,40616,0.018958046090210755,2209.427565491432,female,85-89,759,0.006512617660434346,0.00012346650577443487,0.007126792110548578,4.6414072161402836e-05
2013,E06000036,116543,108043,770,40616,0.018958046090210755,2209.427565491432,male,85-89,464,0.00398136310203101,7.547886519016835e-05,0.007126792110548578,2.837434714478382e-05
2013,E06000037,156031,108043,13,49239,0.00026401835943053273,41.19504864030545,female,85-89,1245,0.007979183623767072,2.1066509699419553e-06,0.0001203224642040669,9.600750359483903e-07
2013,E06000037,156031,108043,13,49239,0.00026401835943053273,41.19504864030545,male,85-89,786,0.005037460504643308,1.3299820581320297e-06,0.0001203224642040669,6.061196612493452e-07
2013,E06000040,146278,108043,191,53690,0.0035574594896628795,520.3780592289066,female,85-89,1407,0.009618671297119184,3.42180334838846e-05,0.001767814666382829,1.7004028190162842e-05
2013,E06000040,146278,108043,191,53690,0.0035574594896628795,520.3780592289066,male,85-89,844,0.00576983551866993,2.0525956119686283e-05,0.001767814666382829,1.019999985252128e-05
2013,E06000041,158065,108043,206,45893,0.004488701980694223,709.5066785784323,female,85-89,1187,0.007509568848258628,3.370821656333814e-05,0.0019066482789259832,1.431810652000849e-05
2013,E06000041,158065,108043,206,45893,0.004488701980694223,709.5066785784323,male,85-89,770,0.004871413658937779,2.1866324139654903e-05,0.0019066482789259832,9.288072468750242e-06
2013,E06000043,277991,108043,31,90245,0.0003435093356972685,95.49250373981937,female,85-89,2354,0.00846790003992935,2.908802717467005e-06,0.0002869227992558518,2.4296335832752687e-06
2013,E06000043,277991,108043,31,90245,0.0003435093356972685,95.49250373981937,male,85-89,1342,0.004827494415286826,1.6582893996774513e-06,0.0002869227992558518,1.3851182110260877e-06
2013,E06000054,479911,108043,11,168444,6.530360238417516e-05,31.33991712379188,female,85-89,5035,0.010491528637601555,6.851346145521188e-07,0.00010181131586497968,1.068156336029332e-06
2013,E06000054,479911,108043,11,168444,6.530360238417516e-05,31.33991712379188,male,85-89,2977,0.006203233516214465,4.050934950390582e-07,0.00010181131586497968,6.315593669035395e-07
2013,E07000061,100363,108043,20,41544,0.00048141729250914694,48.31648372809551,female,85-89,1665,0.01658977910186025,7.986606538542388e-06,0.00018511148339087215,3.0709586186722413e-06
2013,E07000061,100363,108043,20,41544,0.00048141729250914694,48.31648372809551,male,85-89,988,0.009844265316899654,4.739199555603531e-06,0.00018511148339087215,1.822286555704609e-06
2013,E07000063,99626,108043,29,37939,0.0007643849337093756,76.15261340573025,female,85-89,1430,0.014353682773573163,1.0971738855363128e-05,0.00026841165091676464,3.852695689990298e-06
2013,E07000063,99626,108043,29,37939,0.0007643849337093756,76.15261340573025,male,85-89,860,0.008632284744946098,6.598388402526077e-06,0.00026841165091676464,2.3170057995745848e-06
2013,E07000064,91232,108043,10,36599,0.00027323150905762453,24.927457034345203,female,85-89,1665,0.01825017537706068,4.986522958840592e-06,9.255574169543608e-05,1.689158518095636e-06
2013,E07000064,91232,108043,10,36599,0.00027323150905762453,24.927457034345203,male,85-89,1070,0.011728340933005963,3.2045522918675274e-06,9.255574169543608e-05,1.0855252939113096e-06
2013,E07000065,152777,108043,32,58801,0.0005442084318293906,83.14253158959882,female,85-89,1992,0.013038611832932968,7.0957224988325866e-06,0.00029617837342539545,3.8617548444032005e-06
2013,E07000065,152777,108043,32,58801,0.0005442084318293906,83.14253158959882,male,85-89,1275,0.008345497031621251,4.541689852415435e-06,0.00029617837342539545,2.471755736252048e-06
2013,E07000071,177993,108043,129,62772,0.002055056394570828,365.78565283884535,female,85-89,1544,0.008674498435331727,1.7826583479223106e-05,0.0011939690678711254,1.0357082811082557e-05
2013,E07000071,177993,108043,129,62772,0.002055056394570828,365.78565283884535,male,85-89,980,0.005505834499109515,1.131480039484368e-05,0.0011939690678711254,6.573796084754473e-06
2013,E07000084,172050,108043,677,63307,0.010693920103622032,1839.8889538281705,female,85-89,1235,0.007178145887823307,7.676251861652549e-05,0.0062660237127810225,4.497843234690243e-05
2013,E07000084,172050,108043,677,63307,0.010693920103622032,1839.8889538281705,male,85-89,808,0.004696309212438245,5.02219554997187e-05,0.0062660237127810225,2.942718488769001e-05
2013,E07000085,117401,108043,8612,41475,0.20764315852923448,24377.514454490658,female,85-89,1338,0.011396836483505252,0.0023664751246762444,0.07970900474810955,0.0009084304933771483
2013,E07000085,117401,108043,8612,41475,0.20764315852923448,24377.514454490658,male,85-89,798,0.006797216378054701,0.0014113954779459213,0.07970900474810955,0.0005417993525522901
2013,E07000089,92959,108043,2372,33431,0.07095211031677186,6595.637222936795,female,85-89,768,0.008261706773954108,0.0005861855304304132,0.021954221930157437,0.00018137934403727354
2013,E07000089,92959,108043,2372,33431,0.07095211031677186,6595.637222936795,male,85-89,511,0.005497047085274153,0.0003900270912108609,0.021954221930157437,0.00012068339167063383
2013,E07000090,121671,108043,9,43614,0.0002063557573256294,25.107511349566654,female,85-89,1455,0.011958478191187711,2.467700823604563e-06,8.330016752589247e-05,9.961432366806679e-07
2013,E07000090,121671,108043,9,43614,0.0002063557573256294,25.107511349566654,male,85-89,920,0.007561374526386731,1.5603331668152562e-06,8.330016752589247e-05,6.298637647740305e-07
2013,E07000092,94897,108043,4240,37380,0.11342964151952915,10764.132691278757,female,85-89,665,0.007007597711202672,0.0007948692962947921,0.0392436344788649,0.0002750036031533679
2013,E07000092,94897,108043,4240,37380,0.11342964151952915,10764.132691278757,male,85-89,342,0.003603907394332803,0.0004087899238087502,0.0392436344788649,0.00014143042447887493
2013,E07000093,118805,108043,39,44103,0.0008842935854703761,105.05849942180804,female,85-89,1222,0.010285762383738057,9.09563369761205e-06,0.0003609673926122007,3.7128248286865805e-06
2013,E07000093,118805,108043,39,44103,0.0008842935854703761,105.05849942180804,male,85-89,714,0.006009848070367409,5.314470098277417e-06,0.0003609673926122007,2.169359187955989e-06
2013,E07000094,119037,108043,14,43975,0.00031836270608300173,37.89694144400228,female,85-89,1390,0.011677041592110016,3.717534560307908e-06,0.0001295780383736105,1.5130881435126775e-06
2013,E07000094,119037,108043,14,43975,0.00031836270608300173,37.89694144400228,male,85-89,802,0.006737400976167074,2.144937206738807e-06,0.0001295780383736105,8.730192022281781e-07
2013,E07000102,89566,108043,29,34487,0.0008408965697219242,75.31574216371386,female,85-89,913,0.010193600250094902,8.571763483421351e-06,0.00026841165091676464,2.7360810719135174e-06
2013,E07000102,89566,108043,29,34487,0.0008408965697219242,75.31574216371386,male,85-89,520,0.005805774512649889,4.8820558722662684e-06,0.00026841165091676464,1.5583375217908315e-06
2013,E07000180,123497,108043,57,39314,0.00144986518797375,179.0540011191942,female,85-89,1236,0.010008340283569641,1.451074416654295e-05,0.0005275677276639857,5.280077341090765e-06
2013,E07000180,123497,108043,57,39314,0.00144986518797375,179.0540011191942,male,85-89,779,0.006307845534709345,9.145525651890743e-06,0.0005275677276639857,3.3278157352020277e-06
2013,E07000207,133499,108043,3258,45188,0.0720987872886607,9625.116004248915,female,85-89,1393,0.010434535090150488,0.0007523173259208261,0.030154660644373072,0.00031464986462529076
2013,E07000207,133499,108043,3258,45188,0.0720987872886607,9625.116004248915,male,85-89,879,0.006584318983662799,0.0004747214138437948,0.030154660644373072,0.0001985479045266551
2013,E07000208,76906,108043,434,26765,0.016215206426303006,1247.046665421259,female,85-89,749,0.009739162093984864,0.00015792252377319,0.0040169191895819256,3.912142710577669e-05
2013,E07000208,76906,108043,434,26765,0.016215206426303006,1247.046665421259,male,85-89,487,0.006332405794086287,0.00010268126712622636,0.0040169191895819256,2.543676235048498e-05
2013,E07000209,140657,108043,34716,49362,0.7032940318463595,98923.2286374134,female,85-89,1292,0.009185465351884371,0.0064600829617117985,0.3213165128698759,0.0029514416959545535
2013,E07000209,140657,108043,34716,49362,0.7032940318463595,98923.2286374134,male,85-89,814,0.0057871275514194105,0.004070052268446907,0.3213165128698759,0.0018594996443552685
2013,E07000210,86761,108043,3001,30934,0.09701299540958169,8416.944494730717,female,85-89,1098,0.012655455792349097,0.001227743674689327,0.027775978082800367,0.0003515176627161375
2013,E07000210,86761,108043,3001,30934,0.09701299540958169,8416.944494730717,male,85-89,694,0.00799898571939005,0.0007760055648764963,0.027775978082800367,0.00022217965202641114
2013,E07000211,140928,108043,842,52491,0.016040845097254768,2260.60421786592,female,85-89,1529,0.010849511807447774,0.00017403533828410636,0.007793193450755718,8.455234436169882e-05
2013,E07000211,140928,108043,842,52491,0.016040845097254768,2260.60421786592,male,85-89,879,0.0062372275204359675,0.0001000504004916478,0.007793193450755718,4.8607920663134905e-05
2013,E07000212,83094,108043,1641,28983,0.05661939757789049,4704.732222337232,female,85-89,834,0.010036825763593039,0.0005682790283288886,0.01518839721222106,0.000152443296447305
2013,E07000212,83094,108043,1641,28983,0.05661939757789049,4704.732222337232,male,85-89,452,0.0054396225960959875,0.00030798815444203553,0.01518839721222106,8.261914867407898e-05
2013,E07000213,97371,108043,1434,37349,0.038394602265120883,3738.5208171570857,female,85-89,942,0.00967433835536248,0.00037144237333234614,0.013272493359125533,0.00012840259157548194
2013,E07000213,97371,108043,1434,37349,0.038394602265120883,3738.5208171570857,male,85-89,620,0.006367398917542184,0.00024447374890239343,0.013272493359125533,8.451125984798175e-05
2013,E07000214,87134,108043,2312,34609,0.06680343263313011,5820.85029905516,female,85-89,763,0.008756627722817729,0.0005849727901746537,0.02139888747998482,0.0001873820913446923
2013,E07000214,87134,108043,2312,34609,0.06680343263313011,5820.85029905516,male,85-89,470,0.0053939908646452595,0.00036033710535004885,0.02139888747998482,0.00011542540358060994
2013,E07000215,84616,108043,465,31043,0.01497922236897207,1267.4818799729408,female,85-89,935,0.011049919636948095,0.00016551920340111665,0.004303841988837777,4.75571081067803e-05
2013,E07000215,84616,108043,465,31043,0.01497922236897207,1267.4818799729408,male,85-89,605,0.007149948000378179,0.00010710066102425194,0.004303841988837777,3.077224642203431e-05
2013,E07000216,122783,108043,28481,46045,0.6185470735150397,75947.06532739711,female,85-89,1511,0.012306263896467752,0.007612003519063918,0.2636080079227715,0.003244029710719788
2013,E07000216,122783,108043,28481,46045,0.6185470735150397,75947.06532739711,male,85-89,910,0.007411449467760195,0.004584330378787667,0.2636080079227715,0.00195371743001655
2013,E07000217,100387,108043,6868,35860,0.19152258784160625,19226.378025655325,female,85-89,918,0.009144610357914869,0.0017513994405510128,0.06356728339642549,0.0005812980381714625
2013,E07000217,100387,108043,6868,35860,0.19152258784160625,19226.378025655325,male,85-89,547,0.005448912707820734,0.001043589862724841,0.06356728339642549,0.0003463725783004248
2013,E07000223,62605,108043,67,25716,0.002605381863431327,163.1099315601182,female,85-89,828,0.013225780688443415,3.445820913539076e-05,0.0006201234693594218,8.201617005504372e-06
2013,E07000223,62605,108043,67,25716,0.002605381863431327,163.1099315601182,male,85-89,510,0.008146314192157176,2.1224259250059526e-05,0.0006201234693594218,5.051720619332403e-06
2013,E07000224,153013,108043,146,64199,0.00227417872552532,347.9789093288058,female,85-89,2520,0.016469188892447046,3.745387900586098e-05,0.0013513138287533668,2.2255042698715036e-05
2013,E07000224,153013,108043,146,64199,0.00227417872552532,347.9789093288058,male,85-89,1526,0.009973008829315157,2.2680404509104706e-05,0.0013513138287533668,1.3476664745332997e-05
2013,E07000225,115800,108043,3182,46206,0.06886551530104315,7974.626671860797,female,85-89,1760,0.015198618307426597,0.0010466606816048009,0.02945123700748776,0.00044761810995836316
2013,E07000225,115800,108043,3182,46206,0.06886551530104315,7974.626671860797,male,85-89,1074,0.00927461139896373,0.000638700893206566,0.02945123700748776,0.0002731487784632284
2013,E07000226,108953,108043,598,40132,0.01490082727000897,1623.4898335492874,female,85-89,903,0.008287977384743881,0.00012349771942780924,0.005534833353387078,4.587257366119824e-05
2013,E07000226,108953,108043,598,40132,0.01490082727000897,1623.4898335492874,male,85-89,544,0.004992978623810267,7.439951203624388e-05,0.005534833353387078,2.7635304619813774e-05
2013,E07000227,133173,108043,2006,47879,0.04189728273355751,5579.586833476054,female,85-89,1542,0.011578923655695975,0.0004851254381529715,0.018566681784104477,0.00021498219091774687
2013,E07000227,133173,108043,2006,47879,0.04189728273355751,5579.586833476054,male,85-89,928,0.006968379476320275,0.00029195616511410995,0.018566681784104477,0.00012937968428772316
2013,E07000228,142983,108043,208,48945,0.004249667994687915,607.6302788844621,female,85-89,1639,0.011462901184056845,4.8713524288156576e-05,0.0019251594272650704,2.2067912278294974e-05
2013,E07000228,142983,108043,208,48945,0.004249667994687915,607.6302788844621,male,85-89,914,0.00639236832350699,2.7165443074664498e-05,0.0019251594272650704,1.2306328140550096e-05
2013,E07000229,106413,108043,139,40585,0.0034249106812861895,364.4550203277073,female,85-89,1542,0.014490710721434411,4.962938992926902e-05,0.0012865248095665614,1.8642658851377534e-05
2013,E07000229,106413,108043,139,40585,0.0034249106812861895,364.4550203277073,male,85-89,877,0.008241474255964967,2.8226313208799564e-05,0.0012865248095665614,1.0602861097703046e-05
2013,E09000008,373628,108043,50,149453,0.0003345533378386516,124.99849450997972,female,85-89,2471,0.0066135300352221996,2.212578548179762e-06,0.00046277870847718036,3.0606008881751705e-06
2013,E09000008,373628,108043,50,149453,0.0003345533378386516,124.99849450997972,male,85-89,1534,0.0041056880105345426,1.3735716280484641e-06,0.00046277870847718036,1.9000249949254198e-06
2013,E09000011,264097,108043,64,52633,0.00121596716888644,321.13328140140214,female,85-89,1557,0.005895561100656198,7.168808740561942e-06,0.0005923567468507909,3.492275394444774e-06
2013,E09000011,264097,108043,64,52633,0.00121596716888644,321.13328140140214,male,85-89,821,0.003108706270802016,3.7800847630066504e-06,0.0005923567468507909,1.841463133486936e-06
2013,E09000017,285996,108043,72,115552,0.0006230960952644697,178.20299086125726,female,85-89,1889,0.0066049874823424105,4.115541909518256e-06,0.0006664013402071398,4.401572510284364e-06
2013,E09000017,285996,108043,72,115552,0.0006230960952644697,178.20299086125726,male,85-89,1180,0.004125931831214422,2.5708520133570893e-06,0.0006664013402071398,2.7495265019245894e-06
2013,E09000018,261275,108043,231,100578,0.002296724929905148,600.0768060609676,female,85-89,1364,0.00522055305712372,1.1990174354188582e-05,0.0021380376331645735,1.1161738902062876e-05
2013,E09000018,261275,108043,231,100578,0.002296724929905148,600.0768060609676,male,85-89,806,0.003084872261027653,7.085103027475071e-06,0.0021380376331645735,6.595572987582609e-06
2013,E09000021,165657,108043,116,55314,0.002097118270238999,347.40232129298187,female,85-89,1296,0.007823394121588584,1.6406582747663803e-05,0.0010736466036670585,8.399560527792413e-06
2013,E09000021,165657,108043,116,55314,0.002097118270238999,347.40232129298187,male,85-89,743,0.004485171166929257,9.405934399316516e-06,0.0010736466036670585,4.815488790239015e-06
2013,E09000022,312700,108043,19,112835,0.00016838746842734968,52.65476137723225,female,85-89,1217,0.0038919091781259994,6.553487338538042e-07,0.00017585590922132853,6.84415227126181e-07
2013,E09000022,312700,108043,19,112835,0.00016838746842734968,52.65476137723225,male,85-89,709,0.002267348896706108,3.817931407578859e-07,0.00017585590922132853,3.9872670175222875e-07
2013,E09000024,203637,108043,8,78151,0.00010236593261762485,20.84549142045527,female,85-89,1358,0.006668729160221374,6.826506798604112e-07,7.404459335634886e-05,4.937833388722175e-07
2013,E09000024,203637,108043,8,78151,0.00010236593261762485,20.84549142045527,male,85-89,781,0.0038352558719682572,3.925995441612527e-07,7.404459335634886e-05,2.8397996145743876e-07
2013,E09000027,191138,108043,51,65861,0.0007743581178542688,148.00926193042923,female,85-89,1688,0.008831315593968755,6.838600921522699e-06,0.000472034282646724,4.168683721225868e-06
2013,E09000027,191138,108043,51,65861,0.0007743581178542688,148.00926193042923,male,85-89,877,0.004588307924117653,3.552993488255573e-06,0.000472034282646724,2.1658386395231557e-06
2013,E09000029,195787,108043,77,79478,0.0009688215606834595,189.68266690153249,female,85-89,1687,0.008616506713928912,8.347857482228116e-06,0.0007126792110548578,6.1408052069317415e-06
2013,E09000029,195787,108043,77,79478,0.0009688215606834595,189.68266690153249,male,85-89,969,0.0049492560793106795,4.794945998979873e-06,0.0007126792110548578,3.5272319179115937e-06
2013,E09000032,313091,108043,8,108750,7.35632183908046e-05,23.0319816091954,female,85-89,1480,0.004727060183780434,3.4773776064591703e-07,7.404459335634886e-05,3.5001324907901e-07
2013,E09000032,313091,108043,8,108750,7.35632183908046e-05,23.0319816091954,male,85-89,824,0.002631822696915593,1.9360534781907811e-07,7.404459335634886e-05,1.9487224137912448e-07
2013,E09000033,225306,108043,58,72554,0.0007994045814152217,180.11064862033794,female,85-89,1258,0.005583517527274018,4.4634894917150405e-06,0.0005368233018335293,2.9973623148366214e-06
2013,E09000033,225306,108043,58,72554,0.0007994045814152217,180.11064862033794,male,85-89,881,0.003910237632375525,3.125861877743204e-06,0.0005368233018335293,2.0991066767655514e-06
2013,E06000036,116543,108043,770,40616,0.018958046090210755,2209.427565491432,female,90+,539,0.004624902396540333,8.767911279633781e-05,0.007126792110548578,3.296071791172086e-05
2013,E06000036,116543,108043,770,40616,0.018958046090210755,2209.427565491432,male,90+,195,0.0016732021657242392,3.172064377604058e-05,0.007126792110548578,1.1924563994036303e-05
2013,E06000037,156031,108043,13,49239,0.00026401835943053273,41.19504864030545,female,90+,825,0.005287410835026373,1.3959735342988861e-06,0.0001203224642040669,6.361943009296563e-07
2013,E06000037,156031,108043,13,49239,0.00026401835943053273,41.19504864030545,male,90+,336,0.002153418230992559,5.685419485144555e-07,0.0001203224642040669,2.5910458801498725e-07
2013,E06000040,146278,108043,191,53690,0.0035574594896628795,520.3780592289066,female,90+,1030,0.007041386948139844,2.5049448819048428e-05,0.001767814666382829,1.2447867118598244e-05
2013,E06000040,146278,108043,191,53690,0.0035574594896628795,520.3780592289066,male,90+,415,0.0028370636732796455,1.0092739087286502e-05,0.001767814666382829,5.0154027710857e-06
2013,E06000041,158065,108043,206,45893,0.004488701980694223,709.5066785784323,female,90+,852,0.005390187581058426,2.419494567141036e-05,0.0019066482789259832,1.0277191874513255e-05
2013,E06000041,158065,108043,206,45893,0.004488701980694223,709.5066785784323,male,90+,355,0.0022459114921076773,1.0081227363087649e-05,0.0019066482789259832,4.2821632810471894e-06
2013,E06000043,277991,108043,31,90245,0.0003435093356972685,95.49250373981937,female,90+,1689,0.006075736264843107,2.0870721282080592e-06,0.0002869227992558518,1.7432672566490777e-06
2013,E06000043,277991,108043,31,90245,0.0003435093356972685,95.49250373981937,male,90+,646,0.0023238162386552083,7.982525724229758e-07,0.0002869227992558518,6.667558601511569e-07
2013,E06000054,479911,108043,11,168444,6.530360238417516e-05,31.33991712379188,female,90+,3425,0.007136739937196689,4.6605482717795575e-07,0.00010181131586497968,7.266008839921474e-07
2013,E06000054,479911,108043,11,168444,6.530360238417516e-05,31.33991712379188,male,90+,1392,0.0029005378080519096,1.8941556771728886e-07,0.00010181131586497968,2.953075709538888e-07
2013,E07000061,100363,108043,20,41544,0.00048141729250914694,48.31648372809551,female,90+,1230,0.012255512489662525,5.900015641085368e-06,0.00018511148339087215,2.268636096676791e-06
2013,E07000061,100363,108043,20,41544,0.00048141729250914694,48.31648372809551,male,90+,503,0.005011807140081504,2.4127706239560485e-06,0.00018511148339087215,9.277430541694517e-07
2013,E07000063,99626,108043,29,37939,0.0007643849337093756,76.15261340573025,female,90+,1098,0.011021219360407926,8.4244540302019e-06,0.00026841165091676464,2.9582236836429005e-06
2013,E07000063,99626,108043,29,37939,0.0007643849337093756,76.15261340573025,male,90+,412,0.0041354666452532475,3.161088397489237e-06,0.00026841165091676464,1.1100074295636385e-06
2013,E07000064,91232,108043,10,36599,0.00027323150905762453,24.927457034345203,female,90+,1302,0.014271308312872676,3.899371106552823e-06,9.255574169543608e-05,1.320891525862173e-06
2013,E07000064,91232,108043,10,36599,0.00027323150905762453,24.927457034345203,male,90+,517,0.005666871273237461,1.5483677896219736e-06,9.255574169543608e-05,5.245014737870533e-07
2013,E07000065,152777,108043,32,58801,0.0005442084318293906,83.14253158959882,female,90+,1543,0.010099687780228699,5.496335248844719e-06,0.00029617837342539545,2.9913090988524788e-06
2013,E07000065,152777,108043,32,58801,0.0005442084318293906,83.14253158959882,male,90+,567,0.0037112916211209804,2.0197161931918056e-06,0.00029617837342539545,1.099204315650911e-06
2013,E07000071,177993,108043,129,62772,0.002055056394570828,365.78565283884535,female,90+,1071,0.006017090559741114,1.2365460431507738e-05,0.0011939690678711254,7.184220006910246e-06
2013,E07000071,177993,108043,129,62772,0.002055056394570828,365.78565283884535,male,90+,368,0.002067497036400308,4.248823005410688e-06,0.0011939690678711254,2.4685275093771896e-06
2013,E07000084,172050,108043,677,63307,0.010693920103622032,1839.8889538281705,female,90+,779,0.0045277535600116246,4.841943481965454e-05,0.0062660237127810225,2.837101117266153e-05
2013,E07000084,172050,108043,677,63307,0.010693920103622032,1839.8889538281705,male,90+,351,0.002040104620749782,2.1816715817328293e-05,0.0062660237127810225,1.2783343930172268e-05
2013,E07000085,117401,108043,8612,41475,0.20764315852923448,24377.514454490658,female,90+,880,0.007495677208882378,0.0015564260909679333,0.07970900474810955,0.0005974729702331019
2013,E07000085,117401,108043,8612,41475,0.20764315852923448,24377.514454490658,male,90+,368,0.003134555923714449,0.0006508690925865904,0.07970900474810955,0.0002498523330065699
2013,E07000089,92959,108043,2372,33431,0.07095211031677186,6595.637222936795,female,90+,545,0.005862799728912746,0.0004159780131309573,0.021954221930157437,0.0001287132063806173
2013,E07000089,92959,108043,2372,33431,0.07095211031677186,6595.637222936795,male,90+,202,0.0021730010004410547,0.00015417900670174932,0.021954221930157437,4.770654621813705e-05
2013,E07000090,121671,108043,9,43614,0.0002063557573256294,25.107511349566654,female,90+,905,0.007438091246065209,1.5348929521389206e-06,8.330016752589247e-05,6.195942468701062e-07
2013,E07000090,121671,108043,9,43614,0.0002063557573256294,25.107511349566654,male,90+,415,0.0034108374222287974,7.03845939378621e-07,8.330016752589247e-05,2.8412332867524205e-07
2013,E07000092,94897,108043,4240,37380,0.11342964151952915,10764.132691278757,female,90+,458,0.0048262853409486075,0.000547443816094759,0.0392436344788649,0.000189400977810891
2013,E07000092,94897,108043,4240,37380,0.11342964151952915,10764.132691278757,male,90+,174,0.0018335669199237067,0.00020798083842901325,0.0392436344788649,7.195582999802408e-05
2013,E07000093,118805,108043,39,44103,0.0008842935854703761,105.05849942180804,female,90+,843,0.007095660957030428,6.274647468974598e-06,0.0003609673926122007,2.561302234519466e-06
2013,E07000093,118805,108043,39,44103,0.0008842935854703761,105.05849942180804,male,90+,311,0.002617734943815496,2.3148462192776984e-06,0.0003609673926122007,9.449169572189252e-07
2013,E07000094,119037,108043,14,43975,0.00031836270608300173,37.89694144400228,female,90+,997,0.008375547098801213,2.666461839299988e-06,0.0001295780383736105,1.0852869633684456e-06
2013,E07000094,119037,108043,14,43975,0.00031836270608300173,37.89694144400228,male,90+,356,0.002990666767475659,9.521167650860541e-07,0.0001295780383736105,3.8752473315864264e-07
2013,E07000102,89566,108043,29,34487,0.0008408965697219242,75.31574216371386,female,90+,644,0.007190228434897171,6.046238426422071e-06,0.00026841165091676464,1.9299410846794143e-06
2013,E07000102,89566,108043,29,34487,0.0008408965697219242,75.31574216371386,male,90+,245,0.002735412991536967,2.3001994013562225e-06,0.00026841165091676464,7.342167169976033e-07
2013,E07000180,123497,108043,57,39314,0.00144986518797375,179.0540011191942,female,90+,871,0.007052802902094788,1.022561340538747e-05,0.0005275677276639857,3.7208312007201107e-06
2013,E07000180,123497,108043,57,39314,0.00144986518797375,179.0540011191942,male,90+,362,0.002931245293407937,4.249910508324068e-06,0.0005275677276639857,1.5464304186689783e-06
2013,E07000207,133499,108043,3258,45188,0.0720987872886607,9625.116004248915,female,90+,1067,0.007992569232728335,0.0005762545490003742,0.030154660644373072,0.0002410132128895802
2013,E07000207,133499,108043,3258,45188,0.0720987872886607,9625.116004248915,male,90+,446,0.003340848995123559,0.00024087116106294936,0.030154660644373072,0.00010074216771204571
2013,E07000208,76906,108043,434,26765,0.016215206426303006,1247.046665421259,female,90+,476,0.00618937404103711,0.00010036197772501796,0.0040169191895819256,2.4862215356942196e-05
2013,E07000208,76906,108043,434,26765,0.016215206426303006,1247.046665421259,male,90+,247,0.0032117130002860634,5.207858928167948e-05,0.0040169191895819256,1.2901191582278828e-05
2013,E07000209,140657,108043,34716,49362,0.7032940318463595,98923.2286374134,female,90+,939,0.006675814214720917,0.004695060294928312,0.3213165128698759,0.0021450493440412738
2013,E07000209,140657,108043,34716,49362,0.7032940318463595,98923.2286374134,male,90+,363,0.0025807460702275747,0.001815023308901999,0.3213165128698759,0.0008292363278881601
2013,E07000210,86761,108043,3001,30934,0.09701299540958169,8416.944494730717,female,90+,714,0.008229504039833566,0.0007983688376395077,0.027775978082800367,0.0002285825238427342
2013,E07000210,86761,108043,3001,30934,0.09701299540958169,8416.944494730717,male,90+,315,0.0036306635469853968,0.0003522215460174299,0.027775978082800367,0.00010084523110708863
2013,E07000211,140928,108043,842,52491,0.016040845097254768,2260.60421786592,female,90+,1133,0.008039566303360581,0.00012896143772131623,0.007793193450755718,6.265389546226604e-05
2013,E07000211,140928,108043,842,52491,0.016040845097254768,2260.60421786592,male,90+,449,0.0031860240690281564,5.110651856740599e-05,0.007793193450755718,2.4829301908700313e-05
2013,E07000212,83094,108043,1641,28983,0.05661939757789049,4704.732222337232,female,90+,555,0.006679182612462994,0.0003781712958303755,0.01518839721222106,0.00010144607857104831
2013,E07000212,83094,108043,1641,28983,0.05661939757789049,4704.732222337232,male,90+,253,0.0030447445062218694,0.00017239159972087388,0.01518839721222106,4.6244788970225624e-05
2013,E07000213,97371,108043,1434,37349,0.038394602265120883,3738.5208171570857,female,90+,630,0.006470098900083187,0.0002484168738846901,0.013272493359125533,8.587434468423952e-05
2013,E07000213,97371,108043,1434,37349,0.038394602265120883,3738.5208171570857,male,90+,277,0.002844789516385782,0.00010922456200961769,0.013272493359125533,3.775744996434023e-05
2013,E07000214,87134,108043,2312,34609,0.06680343263313011,5820.85029905516,female,90+,515,0.005910436798494273,0.0003948374665005854,0.02139888747998482,0.00012647677200854066
2013,E07000214,87134,108043,2312,34609,0.06680343263313011,5820.85029905516,male,90+,206,0.002364174719397709,0.00015793498660023414,0.02139888747998482,5.0590708803416265e-05
2013,E07000215,84616,108043,465,31043,0.01497922236897207,1267.4818799729408,female,90+,656,0.007752670889666257,0.0001161289812097674,0.004303841988837777,3.3366270500585966e-05
2013,E07000215,84616,108043,465,31043,0.01497922236897207,1267.4818799729408,male,90+,263,0.003108159213387539,4.655780801550126e-05,0.004303841988837777,1.3377026130570288e-05
2013,E07000216,122783,108043,28481,46045,0.6185470735150397,75947.06532739711,female,90+,1168,0.009512717558619679,0.005884063607059335,0.2636080079227715,0.002507628525559704
2013,E07000216,122783,108043,28481,46045,0.6185470735150397,75947.06532739711,male,90+,453,0.0036894358339509543,0.0022820897380118827,0.2636080079227715,0.0009725648305467003
2013,E07000217,100387,108043,6868,35860,0.19152258784160625,19226.378025655325,female,90+,636,0.006335481685875661,0.001213387847702009,0.06356728339642549,0.0004027293597789217
2013,E07000217,100387,108043,6868,35860,0.19152258784160625,19226.378025655325,male,90+,256,0.00255013099305687,0.0004884076871253369,0.06356728339642549,0.00016210489953365402
2013,E07000223,62605,108043,67,25716,0.002605381863431327,163.1099315601182,female,90+,519,0.008290072677901127,2.1598805001531165e-05,0.0006201234693594218,5.1408686302617985e-06
2013,E07000223,62605,108043,67,25716,0.002605381863431327,163.1099315601182,male,90+,251,0.004009264435747943,1.0445664846597923e-05,0.0006201234693594218,2.486238971475359e-06
2013,E07000224,153013,108043,146,64199,0.00227417872552532,347.9789093288058,female,90+,1863,0.012175436074059067,2.7689117693618654e-05,0.0013513138287533668,1.645283513797862e-05
2013,E07000224,153013,108043,146,64199,0.00227417872552532,347.9789093288058,male,90+,732,0.004783907249710809,1.0879460092178666e-05,0.0013513138287533668,6.464560022007702e-06
2013,E07000225,115800,108043,3182,46206,0.06886551530104315,7974.626671860797,female,90+,1236,0.010673575129533678,0.0007350412513997352,0.02945123700748776,0.0003143499908571232
2013,E07000225,115800,108043,3182,46206,0.06886551530104315,7974.626671860797,male,90+,514,0.004438687392055268,0.00030567249451412935,0.02945123700748776,0.00013072483438556742
2013,E07000226,108953,108043,598,40132,0.01490082727000897,1623.4898335492874,female,90+,493,0.004524886877828055,6.742455778284603e-05,0.005534833353387078,2.5044494811706236e-05
2013,E07000226,108953,108043,598,40132,0.01490082727000897,1623.4898335492874,male,90+,240,0.0022027846869751176,3.2823314133637004e-05,0.005534833353387078,1.2192046155800195e-05
2013,E07000227,133173,108043,2006,47879,0.04189728273355751,5579.586833476054,female,90+,1052,0.00789949914772514,0.0003309675492457368,0.018566681784104477,0.00014666748692961722
2013,E07000227,133173,108043,2006,47879,0.04189728273355751,5579.586833476054,male,90+,413,0.0031012292281468465,0.00012993307779324075,0.018566681784104477,5.757953621856644e-05
2013,E07000228,142983,108043,208,48945,0.004249667994687915,607.6302788844621,female,90+,1178,0.008238741668589972,3.501191678550851e-05,0.0019251594272650704,1.586089119208754e-05
2013,E07000228,142983,108043,208,48945,0.004249667994687915,607.6302788844621,male,90+,427,0.0029863690089031564,1.2691076797463612e-05,0.0019251594272650704,5.749236450782157e-06
2013,E07000229,106413,108043,139,40585,0.0034249106812861895,364.4550203277073,female,90+,1264,0.011878247958426132,4.068193830777953e-05,0.0012865248095665614,1.5281660692698574e-05
2013,E07000229,106413,108043,139,40585,0.0034249106812861895,364.4550203277073,male,90+,445,0.004181819890426921,1.4322359609938205e-05,0.0012865248095665614,5.380015038173154e-06
2013,E09000008,373628,108043,50,149453,0.0003345533378386516,124.99849450997972,female,90+,1623,0.004343892855995803,1.4532638541868691e-06,0.00046277870847718036,2.010261125660988e-06
2013,E09000008,373628,108043,50,149453,0.0003345533378386516,124.99849450997972,male,90+,643,0.001720963096984166,5.757539483931958e-07,0.00046277870847718036,7.964250793592208e-07
2013,E09000011,264097,108043,64,52633,0.00121596716888644,321.13328140140214,female,90+,1053,0.0039871713802125735,4.848269495062123e-06,0.0005923567468507909,2.361827867919298e-06
2013,E09000011,264097,108043,64,52633,0.00121596716888644,321.13328140140214,male,90+,365,0.001382067952305403,1.6805492551734803e-06,0.0005923567468507909,8.186772761543626e-07
2013,E09000017,285996,108043,72,115552,0.0006230960952644697,178.20299086125726,female,90+,1303,0.004556007776332536,2.8388306554273626e-06,0.0006664013402071398,3.036129688142153e-06
2013,E09000017,285996,108043,72,115552,0.0006230960952644697,178.20299086125726,male,90+,590,0.002062965915607211,1.2854260066785447e-06,0.0006664013402071398,1.3747632509622947e-06
2013,E09000018,261275,108043,231,100578,0.002296724929905148,600.0768060609676,female,90+,885,0.0033872356712276335,7.779548609572504e-06,0.0021380376331645735,7.242037337482145e-06
2013,E09000018,261275,108043,231,100578,0.002296724929905148,600.0768060609676,male,90+,310,0.001186489331164482,2.725039625951951e-06,0.0021380376331645735,2.5367588413779267e-06
2013,E09000021,165657,108043,116,55314,0.002097118270238999,347.40232129298187,female,90+,938,0.005662302226890503,1.1874517451627044e-05,0.0010736466036670585,6.079311554837411e-06
2013,E09000021,165657,108043,116,55314,0.002097118270238999,347.40232129298187,male,90+,349,0.002106762768853716,4.418130693622428e-06,0.0010736466036670585,2.261918691512e-06
2013,E09000022,312700,108043,19,112835,0.00016838746842734968,52.65476137723225,female,90+,711,0.0022737448033258714,3.8287013128188556e-07,0.00017585590922132853,3.9985145972614194e-07
2013,E09000022,312700,108043,19,112835,0.00016838746842734968,52.65476137723225,male,90+,322,0.0010297409657818997,1.733954743639482e-07,0.00017585590922132853,1.8108603380002492e-07
2013,E09000024,203637,108043,8,78151,0.00010236593261762485,20.84549142045527,female,90+,881,0.004326325765946267,4.4286837183874983e-07,7.404459335634886e-05,3.2034103206658585e-07
2013,E09000024,203637,108043,8,78151,0.00010236593261762485,20.84549142045527,male,90+,352,0.0017285660268025948,1.7694627342478992e-07,7.404459335634886e-05,1.2799096854419777e-07
2013,E09000027,191138,108043,51,65861,0.0007743581178542688,148.00926193042923,female,90+,1198,0.006267722797141333,4.853462028426656e-06,0.000472034282646724,2.958580034377127e-06
2013,E09000027,191138,108043,51,65861,0.0007743581178542688,148.00926193042923,male,90+,464,0.0024275654239345394,1.8798049926460501e-06,0.000472034282646724,1.1458941034649307e-06
2013,E09000029,195787,108043,77,79478,0.0009688215606834595,189.68266690153249,female,90+,1110,0.005669426468560221,5.492662599450628e-06,0.0007126792110548578,4.040482382747027e-06
2013,E09000029,195787,108043,77,79478,0.0009688215606834595,189.68266690153249,male,90+,417,0.002129865619269921,2.0634597333071275e-06,0.0007126792110548578,1.5179109491941532e-06
2013,E09000032,313091,108043,8,108750,7.35632183908046e-05,23.0319816091954,female,90+,1023,0.0032674206540590435,2.40361979149171e-07,7.404459335634886e-05,2.419348336539373e-07
2013,E09000032,313091,108043,8,108750,7.35632183908046e-05,23.0319816091954,male,90+,385,0.00122967443969964,9.04588093572149e-08,7.404459335634886e-05,9.105074384825598e-08
2013,E09000033,225306,108043,58,72554,0.0007994045814152217,180.11064862033794,female,90+,796,0.0035329729345867397,2.8242747499246203e-06,0.0005368233018335293,1.896582196033347e-06
2013,E09000033,225306,108043,58,72554,0.0007994045814152217,180.11064862033794,male,90+,431,0.0019129539381996042,1.5292241422330546e-06,0.0005368233018335293,1.0269182493597646e-06
