year,msoa,ltla,ppln_msoa,total_trust_patients,patients_from_msoa_to_trust,total_patients_of_msoa,tfp_msoa,etc_msoa,sex,ag,ag_ppln_msoa,agf_ppln_msoa,ag_trust_factor,msoa_frac_tp,ag_msoa_frac_tp
2019,E02005593,E07000148,12414,228441,2398,2647,0.9059312429165093,11246.230449565546,female,0-4,167,0.013452553568551635,0.012187088574758906,0.010497239987567906,0.00014121468325469956
2019,E02005593,E07000148,12414,228441,2398,2647,0.9059312429165093,11246.230449565546,male,0-4,156,0.012566457225712905,0.01138434621354724,0.010497239987567906,0.00013191311729181514
2019,E02006287,E07000244,6179,228441,545,2715,0.2007366482504604,1240.3517495395947,female,0-4,115,0.018611425797054538,0.0037359952336628813,0.0023857363608108875,4.440195525056676e-05
2019,E02006287,E07000244,6179,228441,545,2715,0.2007366482504604,1240.3517495395947,male,0-4,119,0.019258779737821655,0.0038659428939641994,0.0023857363608108875,4.5946371085369095e-05
2019,E02006233,E07000200,11790,228441,40,5050,0.007920792079207921,93.38613861386139,female,0-4,309,0.026208651399491092,0.00020759327841181064,0.00017509991638978994,4.589132668740041e-06
2019,E02006233,E07000200,11790,228441,40,5050,0.007920792079207921,93.38613861386139,male,0-4,294,0.024936386768447838,0.00019751593479958683,0.00017509991638978994,4.36635923821868e-06
2019,E02006288,E07000244,9562,228441,114,3453,0.03301476976542137,315.68722849695916,female,0-4,185,0.019347416858397824,0.0006387505131356362,0.0004990347617109013,9.655033561652032e-06
2019,E02006288,E07000244,9562,228441,114,3453,0.03301476976542137,315.68722849695916,male,0-4,154,0.016105417276720352,0.000531716643366962,0.0004990347617109013,8.037163072942773e-06
2019,E02006311,E07000244,8471,228441,917,3751,0.24446814182884563,2070.889629432151,female,0-4,198,0.023373863770511157,0.005714165043337438,0.004014165583235934,9.382655949483118e-05
2019,E02006311,E07000244,8471,228441,917,3751,0.24446814182884563,2070.889629432151,male,0-4,198,0.023373863770511157,0.005714165043337438,0.004014165583235934,9.382655949483118e-05
2019,E02006256,E07000202,9754,228441,48,4135,0.011608222490931077,113.22660217654172,female,0-4,376,0.038548287881894606,0.0004474771023774948,0.00021011989966774792,8.099762382107158e-06
2019,E02006256,E07000202,9754,228441,48,4135,0.011608222490931077,113.22660217654172,male,0-4,393,0.04029116259995899,0.000467708779878605,0.00021011989966774792,8.4659750430003e-06
2019,E02006251,E07000202,10928,228441,70,3797,0.018435607058203844,201.4643139320516,female,0-4,314,0.028733528550512446,0.0005297200417529289,0.0003064248536821324,8.80466728186215e-06
2019,E02006251,E07000202,10928,228441,70,3797,0.018435607058203844,201.4643139320516,male,0-4,345,0.03157027818448024,0.0005820172433272627,0.0003064248536821324,9.673917873383572e-06
2019,E02004577,E07000076,5680,228441,11,2201,0.004997728305315766,28.387096774193548,female,0-4,156,0.027464788732394368,0.00013726155204740485,4.815247700719223e-05,1.322497607944012e-06
2019,E02004577,E07000076,5680,228441,11,2201,0.004997728305315766,28.387096774193548,male,0-4,126,0.022183098591549297,0.00011086509973059622,4.815247700719223e-05,1.068171144877856e-06
2019,E02005542,E07000145,7554,228441,451,3494,0.12907842014882656,975.0583858042359,female,0-4,238,0.03150648662960021,0.004066807518588923,0.0019742515572948815,6.220173029337858e-05
2019,E02005542,E07000145,7554,228441,451,3494,0.12907842014882656,975.0583858042359,male,0-4,306,0.04050833995234313,0.005228752523900044,0.0019742515572948815,7.99736532343439e-05
2019,E02005611,E07000149,11199,228441,3134,4161,0.753184330689738,8434.911319394376,female,0-4,264,0.02357353335119207,0.017755215939109815,0.01371907844914004,0.0003234071533684231
2019,E02005611,E07000149,11199,228441,3134,4161,0.753184330689738,8434.911319394376,male,0-4,293,0.026163050272345747,0.019705599508178698,0.01371907844914004,0.000358932939155106
2019,E02005595,E07000148,8952,228441,3128,3359,0.9312295325989878,8336.366775826138,female,0-4,175,0.01954870420017873,0.01820433067524831,0.013692813461681571,0.0002676767600306384
2019,E02005595,E07000148,8952,228441,3128,3359,0.9312295325989878,8336.366775826138,male,0-4,178,0.019883824843610367,0.018516404915395423,0.013692813461681571,0.0002722655044883065
2019,E02006293,E07000244,11451,228441,88,4406,0.01997276441216523,228.70812528370405,female,0-4,266,0.02322941227840363,0.0004639555788696141,0.00038521981605753786,8.948429925011358e-06
2019,E02006293,E07000244,11451,228441,88,4406,0.01997276441216523,228.70812528370405,male,0-4,270,0.023578726748755566,0.0004709323544917135,0.00038521981605753786,9.082992781026567e-06
2019,E02004521,E07000071,9189,228441,8,3522,0.002271436683702442,20.87223168654174,female,0-4,290,0.03155947328327348,7.168534533395452e-05,3.501998327795798e-05,1.1052122266413989e-06
2019,E02004521,E07000071,9189,228441,8,3522,0.002271436683702442,20.87223168654174,male,0-4,277,0.030144738274023287,6.847186433622553e-05,3.501998327795798e-05,1.0556682302747155e-06
2019,E02004507,E07000071,9933,228441,11,3434,0.00320326150262085,31.817996505532903,female,0-4,281,0.028289539917446895,9.061879414441346e-05,4.815247700719223e-05,1.3622114204189084e-06
2019,E02004507,E07000071,9933,228441,11,3434,0.00320326150262085,31.817996505532903,male,0-4,321,0.03231652068861371,0.00010351826662048653,4.815247700719223e-05,1.5561205194109237e-06
2019,E02004446,E07000067,6867,228441,9,2535,0.0035502958579881655,24.379881656804734,female,0-4,136,0.01980486384156109,7.031312606471393e-05,3.939748118770273e-05,7.80261750622917e-07
2019,E02004446,E07000067,6867,228441,9,2535,0.0035502958579881655,24.379881656804734,male,0-4,143,0.020824231833406145,7.393218402392714e-05,3.939748118770273e-05,8.20422281904979e-07
2019,E02004589,E07000076,7733,228441,9,3538,0.002543810062182024,19.67128321085359,female,0-4,238,0.030777188671925516,7.829132222931873e-05,3.939748118770273e-05,1.212543711712563e-06
2019,E02004589,E07000076,7733,228441,9,3538,0.002543810062182024,19.67128321085359,male,0-4,217,0.02806155437734385,7.138326438555531e-05,3.939748118770273e-05,1.1055545606791014e-06
2019,E02004522,E07000071,12010,228441,9,2824,0.003186968838526912,38.27549575070822,female,0-4,190,0.01582014987510408,5.0418324672782126e-05,3.939748118770273e-05,6.232740570910507e-07
2019,E02004522,E07000071,12010,228441,9,2824,0.003186968838526912,38.27549575070822,male,0-4,186,0.015487094088259783,4.9356886258618285e-05,3.939748118770273e-05,6.101524979943969e-07
2019,E02004526,E07000071,7285,228441,8,3181,0.002514932411191449,18.321282615529707,female,0-4,99,0.013589567604667124,3.417684402305469e-05,3.501998327795798e-05,4.759064302701222e-07
2019,E02004526,E07000071,7285,228441,8,3181,0.002514932411191449,18.321282615529707,male,0-4,144,0.019766643788606725,4.9711773124443194e-05,3.501998327795798e-05,6.922275349383596e-07
2019,E02006235,E07000200,8200,228441,24,2985,0.008040201005025126,65.92964824120604,female,0-4,155,0.018902439024390243,0.0001519794092413286,0.00010505994983387396,1.9858892956403003e-06
2019,E02006235,E07000200,8200,228441,24,2985,0.008040201005025126,65.92964824120604,male,0-4,135,0.016463414634146342,0.0001323691628876088,0.00010505994983387396,1.7296455155576812e-06
2019,E02004513,E07000071,13590,228441,10,3781,0.0026448029621793175,35.942872256016926,female,0-4,334,0.024576894775570273,6.500104410359766e-05,4.3774979097447484e-05,1.075853055080755e-06
2019,E02004513,E07000071,13590,228441,10,3781,0.0026448029621793175,35.942872256016926,male,0-4,338,0.024871228844738778,6.57794997216048e-05,4.3774979097447484e-05,1.0887375228062729e-06
2019,E02004582,E07000076,7003,228441,9,3302,0.0027256208358570565,19.087522713506967,female,0-4,126,0.017992289018991862,4.904015783492634e-05,3.939748118770273e-05,7.088508681494423e-07
2019,E02004582,E07000076,7003,228441,9,3302,0.0027256208358570565,19.087522713506967,male,0-4,133,0.018991860631158076,5.17646110479778e-05,3.939748118770273e-05,7.482314719355224e-07
2019,E02004520,E07000071,9529,228441,11,3753,0.002930988542499334,27.929389821476153,female,0-4,459,0.048168748032322385,0.00014118204858927424,4.815247700719223e-05,2.3194445320916396e-06
2019,E02004520,E07000071,9529,228441,11,3753,0.002930988542499334,27.929389821476153,male,0-4,445,0.04669954874593347,0.00013687584231422014,4.815247700719223e-05,2.2486989472348143e-06
2019,E02004579,E07000076,7266,228441,8,3141,0.0025469595670168737,18.506208213944603,female,0-4,122,0.016790531241398295,4.276480418057509e-05,3.501998327795798e-05,5.880041233017994e-07
2019,E02004579,E07000076,7266,228441,8,3141,0.0025469595670168737,18.506208213944603,male,0-4,157,0.021607486925406,5.5033395543854824e-05,3.501998327795798e-05,7.566938308064139e-07
2019,E02004559,E07000074,7711,228441,8,2504,0.003194888178913738,24.635782747603834,female,0-4,164,0.021268317987290883,6.794989772297407e-05,3.501998327795798e-05,7.448161402652197e-07
2019,E02004559,E07000074,7711,228441,8,2504,0.003194888178913738,24.635782747603834,male,0-4,148,0.01919336013487226,6.132063940853757e-05,3.501998327795798e-05,6.721511509710518e-07
2019,E02004575,E07000076,11687,228441,12,4223,0.0028415818138763913,33.20956665877338,female,0-4,270,0.02310259262428339,6.564790705455854e-05,5.252997491693698e-05,1.2135786110698198e-06
2019,E02004575,E07000076,11687,228441,12,4223,0.0028415818138763913,33.20956665877338,male,0-4,337,0.02883545820142038,8.1938313619949e-05,5.252997491693698e-05,1.5147258960389974e-06
2019,E02004588,E07000076,7179,228441,8,3751,0.0021327645961077045,15.311117035457212,female,0-4,221,0.030784231787156984,6.565551967402183e-05,3.501998327795798e-05,1.07806328241102e-06
2019,E02004588,E07000076,7179,228441,8,3751,0.0021327645961077045,15.311117035457212,male,0-4,217,0.03022705112132609,6.446718447630197e-05,3.501998327795798e-05,1.0585508248108206e-06
2019,E02004512,E07000071,11610,228441,14,4353,0.0032161727544222376,37.33976567884218,female,0-4,369,0.03178294573643411,0.0001022194441327998,6.128497073642647e-05,1.9478168993747945e-06
2019,E02004512,E07000071,11610,228441,14,4353,0.0032161727544222376,37.33976567884218,male,0-4,382,0.03290267011197244,0.00010582067116186864,6.128497073642647e-05,2.016439174962525e-06
2019,E02004509,E07000071,14885,228441,13,4843,0.0026842865992153624,39.95560602932067,female,0-4,523,0.035136042996305,9.43152093644363e-05,5.690747282668173e-05,1.999503412049348e-06
2019,E02004509,E07000071,14885,228441,13,4843,0.0026842865992153624,39.95560602932067,male,0-4,614,0.041249580114208935,0.00011072569512383154,5.690747282668173e-05,2.347409359461376e-06
2019,E02004585,E07000076,8674,228441,8,4088,0.0019569471624266144,16.974559686888455,female,0-4,242,0.02789946967950196,5.459778802250873e-05,3.501998327795798e-05,9.770389616400544e-07
2019,E02004585,E07000076,8674,228441,8,4088,0.0019569471624266144,16.974559686888455,male,0-4,227,0.026170163707632005,5.121362760789042e-05,3.501998327795798e-05,9.164786954226956e-07
2019,E02004580,E07000076,12194,228441,9,5534,0.0016263100831225153,19.831225153595952,female,0-4,179,0.014679350500246022,2.3873175732239646e-05,3.939748118770273e-05,5.783294351811373e-07
2019,E02004580,E07000076,12194,228441,9,5534,0.0016263100831225153,19.831225153595952,male,0-4,184,0.015089388223716582,2.454002421638042e-05,3.939748118770273e-05,5.944838886778171e-07
2019,E02004590,E07000076,8402,228441,9,4502,0.0019991115059973343,16.796534873389604,female,0-4,145,0.017257795762913593,3.450025807779261e-05,3.939748118770273e-05,6.799136839106042e-07
2019,E02004590,E07000076,8402,228441,9,4502,0.0019991115059973343,16.796534873389604,male,0-4,181,0.021542489883361104,4.3065839393658356e-05,3.939748118770273e-05,8.487198399159955e-07
2019,E02004595,E07000077,14491,228441,8,5057,0.0015819655922483687,22.924263397271112,female,0-4,516,0.03560830860534125,5.633111901181135e-05,3.501998327795798e-05,1.2470023719154178e-06
2019,E02004595,E07000077,14491,228441,8,5057,0.0015819655922483687,22.924263397271112,male,0-4,445,0.03070871575460631,4.858013170592258e-05,3.501998327795798e-05,1.0754187122138777e-06
2019,E02006922,E07000071,13943,228441,14,5702,0.002455278849526482,34.23395299894774,female,0-4,365,0.02617801047120419,6.427431543263042e-05,6.128497073642647e-05,1.6043186056656142e-06
2019,E02006922,E07000071,13943,228441,14,5702,0.002455278849526482,34.23395299894774,male,0-4,370,0.02653661335437137,6.515478550705002e-05,6.128497073642647e-05,1.6262955728665133e-06
2019,E02004523,E07000071,10335,228441,10,4139,0.0024160425223483935,24.969799468470647,female,0-4,343,0.03318819545234639,8.018409145287846e-05,4.3774979097447484e-05,1.452812562208465e-06
2019,E02004523,E07000071,10335,228441,10,4139,0.0024160425223483935,24.969799468470647,male,0-4,407,0.0393807450411224,9.514555458111235e-05,4.3774979097447484e-05,1.7238912910170417e-06
2019,E02005579,E07000147,12901,228441,4648,5056,0.9193037974683544,11859.93829113924,female,0-4,305,0.02364157817223471,0.021733792591880328,0.02034661028449359,0.00048102597758084987
2019,E02005579,E07000147,12901,228441,4648,5056,0.9193037974683544,11859.93829113924,male,0-4,285,0.022091310751104567,0.020308625864543912,0.02034661028449359,0.00044948329052636797
2019,E02006292,E07000244,6857,228441,50,2404,0.020798668885191347,142.61647254575706,female,0-4,129,0.01881289193524865,0.0003912831101341233,0.0002188748954872374,4.11766975614024e-06
2019,E02006292,E07000244,6857,228441,50,2404,0.020798668885191347,142.61647254575706,male,0-4,132,0.019250401050021876,0.0004003827173465448,0.0002188748954872374,4.213429517910943e-06
2019,E02006250,E07000202,10945,228441,56,4152,0.01348747591522158,147.62042389210018,female,0-4,414,0.037825491091822754,0.0005101704000823878,0.0002451398829457059,9.27253645861327e-06
2019,E02006250,E07000202,10945,228441,56,4152,0.01348747591522158,147.62042389210018,male,0-4,395,0.036089538602101415,0.0004867567826873023,0.0002451398829457059,8.846985268483675e-06
2019,E02005594,E07000148,11105,228441,3270,3517,0.92976969007677,10325.092408302531,female,0-4,270,0.024313372354795137,0.022605836679038982,0.014314418164865327,0.000348031778884614
2019,E02005594,E07000148,11105,228441,3270,3517,0.92976969007677,10325.092408302531,male,0-4,221,0.01990094552003602,0.018503295948398574,0.014314418164865327,0.0002848704560499989
2019,E02005602,E07000149,12285,228441,3889,4252,0.9146284101599247,11236.210018814674,female,0-4,316,0.025722425722425724,0.023526461343958992,0.017024089370997326,0.00043790087433741596
2019,E02005602,E07000149,12285,228441,3889,4252,0.9146284101599247,11236.210018814674,male,0-4,341,0.027757427757427757,0.025387732019905112,0.017024089370997326,0.000472544930851452
2019,E02005535,E07000144,7243,228441,2248,2438,0.9220672682526662,6678.533223954061,female,0-4,142,0.01960513599337291,0.01807725418913138,0.009840615301106194,0.00019292660123665327
2019,E02005535,E07000144,7243,228441,2248,2438,0.9220672682526662,6678.533223954061,male,0-4,179,0.024713516498688387,0.022787524646862796,0.009840615301106194,0.00024319620860113332
2019,E02006230,E07000200,11148,228441,70,4587,0.01526051885764116,170.12426422498365,female,0-4,277,0.024847506279153213,0.00037918583813837477,0.0003064248536821324,7.613893475955389e-06
2019,E02006230,E07000200,11148,228441,70,4587,0.01526051885764116,170.12426422498365,male,0-4,284,0.025475421600287047,0.0003887681517375394,0.0003064248536821324,7.806302336358593e-06
2019,E02006294,E07000244,8228,228441,52,3741,0.013900026730820636,114.36941994119219,female,0-4,138,0.016771998055420515,0.0002331312212996169,0.0002276298913067269,3.817808094352007e-06
2019,E02006294,E07000244,8228,228441,52,3741,0.013900026730820636,114.36941994119219,male,0-4,182,0.022119591638308216,0.00030746291504732084,0.0002276298913067269,5.035080240377284e-06
2019,E02006296,E07000244,13489,228441,80,5153,0.015524936929943722,209.41587424801088,female,0-4,294,0.021795537104307212,0.0003383743388986177,0.0003501998327795799,7.632793449269514e-06
2019,E02006296,E07000244,13489,228441,80,5153,0.015524936929943722,209.41587424801088,male,0-4,387,0.02869004373934317,0.00044541111957062943,0.0003501998327795799,1.004724851995681e-05
2019,E02006313,E07000244,10033,228441,688,4581,0.1501855490067671,1506.8116131848942,female,0-4,203,0.0202332303398784,0.0030387388067750144,0.0030117185619043868,6.0936795381898786e-05
2019,E02006313,E07000244,10033,228441,688,4581,0.1501855490067671,1506.8116131848942,male,0-4,216,0.021528954450313963,0.003233337843662084,0.0030117185619043868,6.483915173640462e-05
2019,E02006295,E07000244,9796,228441,69,4175,0.01652694610778443,161.89796407185628,female,0-4,235,0.02398938342180482,0.00039647124697114554,0.00030204735577238763,7.245929829166098e-06
2019,E02006295,E07000244,9796,228441,69,4175,0.01652694610778443,161.89796407185628,male,0-4,227,0.023172723560636994,0.00038297435345723414,0.00030204735577238763,6.9992598775349116e-06
2019,E02005597,E07000149,16660,228441,5376,5722,0.9395316322963999,15652.596994058022,female,0-4,535,0.03211284513805522,0.030171033810238532,0.023533428762787766,0.000755725353426858
2019,E02005597,E07000149,16660,228441,5376,5722,0.9395316322963999,15652.596994058022,male,0-4,562,0.03373349339735894,0.03169368411468047,0.023533428762787766,0.000793864763786718
2019,E02006267,E07000203,8615,228441,87,3046,0.02856204858831254,246.06204858831254,female,0-4,152,0.01764364480557168,0.0005039386402116664,0.0003808423181477931,6.7194465883301866e-06
2019,E02006267,E07000203,8615,228441,87,3046,0.02856204858831254,246.06204858831254,male,0-4,144,0.016715031921067904,0.0004774155538847366,0.0003808423181477931,6.36579150473386e-06
2019,E02005538,E07000145,9068,228441,751,4616,0.1626949740034662,1475.3180242634314,female,0-4,134,0.014777238641376268,0.002404182456601728,0.0032875009302183057,4.858018577958237e-05
2019,E02005538,E07000145,9068,228441,751,4616,0.1626949740034662,1475.3180242634314,male,0-4,163,0.017975297750330833,0.0029244906001946393,0.0032875009302183057,5.909380807516363e-05
2019,E02006271,E07000203,9748,228441,54,3734,0.0144617032672737,140.97268344938402,female,0-4,245,0.025133360689372178,0.000363471204399062,0.0002363848871262164,5.941146629659726e-06
2019,E02006271,E07000203,9748,228441,54,3734,0.0144617032672737,140.97268344938402,male,0-4,243,0.024928190398030365,0.00036050409252641664,0.0002363848871262164,5.892647473499239e-06
2019,E02006312,E07000244,8830,228441,965,3470,0.2780979827089337,2455.605187319885,female,0-4,196,0.022197055492638732,0.006172956354581088,0.004224285482903682,9.376669928076124e-05
2019,E02006312,E07000244,8830,228441,965,3470,0.2780979827089337,2455.605187319885,male,0-4,206,0.02332955832389581,0.006487903107365837,0.004224285482903682,9.855071455018781e-05
2019,E02005520,E07000144,8657,228441,3033,3252,0.9326568265682657,8074.010147601476,female,0-4,197,0.022756151091602173,0.021223679662001657,0.013276951160255821,0.00030213230663860425
2019,E02005520,E07000144,8657,228441,3033,3252,0.9326568265682657,8074.010147601476,male,0-4,198,0.022871664548919948,0.02133141407652958,0.013276951160255821,0.0003036659731697646
2019,E02006237,E07000200,7731,228441,59,2944,0.020040760869565216,154.9351222826087,female,0-4,157,0.02030785150692019,0.0004069847958248272,0.00025827237667494014,5.244957073854042e-06
2019,E02006237,E07000200,7731,228441,59,2944,0.020040760869565216,154.9351222826087,male,0-4,160,0.02069589962488682,0.00041476157536288124,0.00025827237667494014,5.345179183545521e-06
2019,E02005604,E07000149,8600,228441,2789,3152,0.8848350253807107,7609.581218274112,female,0-4,187,0.021744186046511627,0.01924001741234801,0.012208841670278102,0.0002654713246909308
2019,E02005604,E07000149,8600,228441,2789,3152,0.8848350253807107,7609.581218274112,male,0-4,199,0.02313953488372093,0.02047467093613505,0.012208841670278102,0.00028250691771922583
2019,E02006258,E07000202,9082,228441,63,4222,0.014921837991473235,135.52013263855991,female,0-4,306,0.0336930191587756,0.0005027617733308534,0.00027578236831391915,9.291940619253388e-06
2019,E02006258,E07000202,9082,228441,63,4222,0.014921837991473235,135.52013263855991,male,0-4,328,0.03611539308522352,0.000538908044616078,0.00027578236831391915,9.959988637631082e-06
2019,E02003619,E06000055,11815,228441,9,5224,0.0017228177641653904,20.355091883614087,female,0-4,340,0.02877697841726619,4.957748961627023e-05,3.939748118770273e-05,1.133740465833172e-06
2019,E02003619,E06000055,11815,228441,9,5224,0.0017228177641653904,20.355091883614087,male,0-4,381,0.032247143461701225,5.555595159940869e-05,3.939748118770273e-05,1.270456227889525e-06
2019,E02006261,E07000203,8070,228441,1036,3144,0.32951653944020354,2659.1984732824426,female,0-4,136,0.01685254027261462,0.0055531907514086345,0.004535087834495559,7.642775037068103e-05
2019,E02006261,E07000203,8070,228441,1036,3144,0.32951653944020354,2659.1984732824426,male,0-4,139,0.017224287484510534,0.00567568760621912,0.004535087834495559,7.811365662885783e-05
2019,E02006306,E07000244,7510,228441,473,3378,0.14002368265245707,1051.5778567199527,female,0-4,182,0.024234354194407455,0.0033933835210049512,0.002070556511309266,5.017859987460538e-05
2019,E02006306,E07000244,7510,228441,473,3378,0.14002368265245707,1051.5778567199527,male,0-4,215,0.02862849533954727,0.004008667346242113,0.002070556511309266,5.9276917434286574e-05
2019,E02006303,E07000244,8152,228441,445,3523,0.12631280158955435,1029.7019585580472,female,0-4,249,0.030544651619234545,0.0038581805196024332,0.001947986569836413,5.950057113460094e-05
2019,E02006303,E07000244,8152,228441,445,3523,0.12631280158955435,1029.7019585580472,male,0-4,202,0.024779195289499508,0.003129929578151371,0.001947986569836413,4.826953963529875e-05
2019,E02006228,E07000200,6121,228441,22,2586,0.008507347254447023,52.07347254447023,female,0-4,135,0.022055219735337365,0.00018763141306164812,9.630495401438446e-05,2.1240269223888097e-06
2019,E02006228,E07000200,6121,228441,22,2586,0.008507347254447023,52.07347254447023,male,0-4,166,0.02711975167456298,0.0002307171449498784,9.630495401438446e-05,2.6117664379003137e-06
2019,E02006266,E07000203,9653,228441,49,4297,0.011403304631138002,110.07609960437514,female,0-4,193,0.019993784315756758,0.0002279952132818434,0.00021449739757749265,4.288614703455514e-06
2019,E02006266,E07000203,9653,228441,49,4297,0.011403304631138002,110.07609960437514,male,0-4,181,0.01875064746710867,0.00021381934509851635,0.00021449739757749265,4.0219650845878135e-06
2019,E02006245,E07000202,7778,228441,49,3627,0.013509787703336091,105.07912875654812,female,0-4,239,0.030727693494471586,0.00041512461572349265,0.00021449739757749265,6.591010288123006e-06
2019,E02006245,E07000202,7778,228441,49,3627,0.013509787703336091,105.07912875654812,male,0-4,267,0.03432759064026742,0.0004637584619170399,0.00021449739757749265,7.363178857442856e-06
2019,E02006289,E07000244,9527,228441,111,3942,0.02815829528158295,268.26407914764076,female,0-4,239,0.025086595990343234,0.0007063957775058597,0.00048590226798166705,1.2189633887647572e-05
2019,E02006289,E07000244,9527,228441,111,3942,0.02815829528158295,268.26407914764076,male,0-4,245,0.025716385011021307,0.0007241295627152118,0.00048590226798166705,1.2495649801145e-05
2019,E02006286,E07000245,11775,228441,11,4724,0.0023285351397121083,27.418501270110074,female,0-4,345,0.02929936305732484,6.822459645016369e-05,4.815247700719223e-05,1.4108369059432119e-06
2019,E02006286,E07000245,11775,228441,11,4724,0.0023285351397121083,27.418501270110074,male,0-4,396,0.033630573248407646,7.830997157757918e-05,4.815247700719223e-05,1.6193954050826434e-06
2019,E02006280,E07000245,9789,228441,32,4150,0.0077108433734939755,75.48144578313253,female,0-4,173,0.0176728981509858,0.0001362729495979628,0.00014007993311183193,2.475618390882309e-06
2019,E02006280,E07000245,9789,228441,32,4150,0.0077108433734939755,75.48144578313253,male,0-4,219,0.022372050260496476,0.00017250737550262343,0.00014007993311183193,3.1338753040648886e-06
2019,E02006290,E07000244,8129,228441,72,3583,0.020094892548144012,163.35138152386267,female,0-4,169,0.020789765038750154,0.0004177680945548454,0.00031517984950162184,6.552515016087353e-06
2019,E02006290,E07000244,8129,228441,72,3583,0.020094892548144012,163.35138152386267,male,0-4,185,0.022758026817566737,0.00045732010350678343,0.00031517984950162184,7.172871467314558e-06
2019,E02006227,E07000200,6270,228441,24,2589,0.009269988412514484,58.12282734646582,female,0-4,76,0.012121212121212121,0.00011236349590926647,0.00010505994983387396,1.2734539373802903e-06
2019,E02006227,E07000200,6270,228441,24,2589,0.009269988412514484,58.12282734646582,male,0-4,112,0.017862838915470493,0.00016558830976102427,0.00010505994983387396,1.8766689603499015e-06
2019,E02006249,E07000202,8185,228441,53,3215,0.016485225505443235,134.93157076205287,female,0-4,210,0.02565668906536347,0.00042295630496555644,0.00023200738921647164,5.952541445993775e-06
2019,E02006249,E07000202,8185,228441,53,3215,0.016485225505443235,134.93157076205287,male,0-4,234,0.02858888210140501,0.00047129416839019147,0.00023200738921647164,6.632831896964492e-06
2019,E02006262,E07000203,9118,228441,277,3705,0.0747638326585695,681.6966261808368,female,0-4,161,0.017657381004606273,0.0013201334786169874,0.0012125669209992953,2.141075611766687e-05
2019,E02006262,E07000203,9118,228441,277,3705,0.0747638326585695,681.6966261808368,male,0-4,141,0.015463917525773196,0.0011561417421428275,0.0012125669209992953,1.8751034860813845e-05
2019,E02006268,E07000203,6407,228441,39,3227,0.012085528354508832,77.43198016733808,female,0-4,164,0.025597003277665054,0.0003093533089026765,0.00017072241848004518,4.369982305404622e-06
2019,E02006268,E07000203,6407,228441,39,3227,0.012085528354508832,77.43198016733808,male,0-4,170,0.026533479007335728,0.0003206711128869208,0.00017072241848004518,4.529859706821864e-06
2019,E02006257,E07000202,6460,228441,45,3015,0.014925373134328358,96.41791044776119,female,0-4,179,0.027708978328173376,0.0004135668407190056,0.00019698740593851365,5.458319762073366e-06
2019,E02006257,E07000202,6460,228441,45,3015,0.014925373134328358,96.41791044776119,male,0-4,195,0.03018575851393189,0.0004505337091631625,0.00019698740593851365,5.946214265945846e-06
2019,E02006265,E07000203,7283,228441,60,2946,0.020366598778004074,148.32993890020367,female,0-4,157,0.021557050665934368,0.00043904380175019083,0.0002626498745846849,5.66195665382336e-06
2019,E02006265,E07000203,7283,228441,60,2946,0.020366598778004074,148.32993890020367,male,0-4,159,0.021831662776328437,0.0004446367164221678,0.0002626498745846849,5.734083490177797e-06
2019,E02006253,E07000202,6895,228441,47,3085,0.015235008103727715,105.0453808752026,female,0-4,161,0.023350253807106598,0.00035574130597536795,0.00020574240175800316,4.804137299933069e-06
2019,E02006253,E07000202,6895,228441,47,3085,0.015235008103727715,105.0453808752026,male,0-4,173,0.025090645395213922,0.0003822561859238426,0.00020574240175800316,5.162209645269695e-06
2019,E02006263,E07000203,7712,228441,950,2788,0.34074605451936874,2627.8335724533717,female,0-4,132,0.01711618257261411,0.005832271680051436,0.00415862301425751,7.117975076270636e-05
2019,E02006263,E07000203,7712,228441,950,2788,0.34074605451936874,2627.8335724533717,male,0-4,134,0.01737551867219917,0.005920639432779488,0.00415862301425751,7.225823183486858e-05
2019,E02006247,E07000202,8915,228441,57,3837,0.014855355746677092,132.43549648162627,female,0-4,333,0.03735277621985418,0.0005548887788719543,0.00024951738085545063,9.320166890057775e-06
2019,E02006247,E07000202,8915,228441,57,3837,0.014855355746677092,132.43549648162627,male,0-4,340,0.03813796971396523,0.0005665531075569502,0.00024951738085545063,9.516086314173103e-06
2019,E02006291,E07000244,7681,228441,68,3090,0.022006472491909384,169.03171521035597,female,0-4,159,0.020700429631558392,0.00045554343525759563,0.0002976698578626429,6.161893946121627e-06
2019,E02006291,E07000244,7681,228441,68,3090,0.022006472491909384,169.03171521035597,male,0-4,186,0.0242155969274834,0.0005328998676598288,0.0002976698578626429,7.208253295463035e-06
2019,E02006301,E07000244,6451,228441,46,3009,0.015287470920571618,98.61947490860751,female,0-4,109,0.01689660517749186,0.00025830636030728664,0.0002013649038482584,3.4023832769276338e-06
2019,E02006301,E07000244,6451,228441,46,3009,0.015287470920571618,98.61947490860751,male,0-4,151,0.023407223686250193,0.000357837251434865,0.0002013649038482584,4.713393346936447e-06
2019,E02006283,E07000245,7626,228441,13,3104,0.004188144329896907,31.938788659793815,female,0-4,165,0.021636506687647522,9.061681280264748e-05,5.690747282668173e-05,1.2312789163916188e-06
2019,E02006283,E07000245,7626,228441,13,3104,0.004188144329896907,31.938788659793815,male,0-4,158,0.02071859428271702,8.677246316859576e-05,5.690747282668173e-05,1.1790428411507623e-06
2019,E02006272,E07000203,7642,228441,56,3187,0.017571383746470035,134.280514590524,female,0-4,139,0.018188955770740645,0.0003196051217952545,0.0002451398829457059,4.458838488543983e-06
2019,E02006272,E07000203,7642,228441,56,3187,0.017571383746470035,134.280514590524,male,0-4,160,0.02093692750588851,0.00036789078767799076,0.0002451398829457059,5.132475958036238e-06
2019,E02006297,E07000244,8226,228441,45,3235,0.013910355486862442,114.42658423493044,female,0-4,128,0.015560418186238755,0.0002164509484948204,0.00019698740593851365,3.065206413825644e-06
2019,E02006297,E07000244,8226,228441,45,3235,0.013910355486862442,114.42658423493044,male,0-4,150,0.01823486506199854,0.00025365345526736765,0.00019698740593851365,3.5920387662019266e-06
2019,E02006270,E07000203,13467,228441,59,4858,0.01214491560312886,163.55557842733637,female,0-4,359,0.026657755996138708,0.0003237561967419069,0.00025827237667494014,6.884961997943381e-06
2019,E02006270,E07000203,13467,228441,59,4858,0.01214491560312886,163.55557842733637,male,0-4,462,0.034306081532635334,0.00041664446488791373,0.00025827237667494014,8.860313211838001e-06
2019,E02006255,E07000202,8208,228441,58,3059,0.01896044458973521,155.6273291925466,female,0-4,280,0.0341130604288499,0.0006467987920474973,0.0002538948787651954,8.661131341892629e-06
2019,E02006255,E07000202,8208,228441,58,3059,0.01896044458973521,155.6273291925466,male,0-4,266,0.032407407407407406,0.0006144588524451224,0.0002538948787651954,8.228074774797998e-06
2019,E02006252,E07000202,9269,228441,37,3710,0.009973045822102426,92.44016172506738,female,0-4,298,0.03215017801273061,0.0003206351985097123,0.00016196742266055567,5.207281470800042e-06
2019,E02006252,E07000202,9269,228441,37,3710,0.009973045822102426,92.44016172506738,male,0-4,332,0.03581831912827705,0.00035721773793699483,0.00016196742266055567,5.801400833240315e-06
2019,E02006300,E07000244,7781,228441,61,3606,0.01691625069328896,131.62534664448143,female,0-4,202,0.025960673435291095,0.0004391572599979913,0.00026702737249442965,6.93221041561172e-06
2019,E02006300,E07000244,7781,228441,61,3606,0.01691625069328896,131.62534664448143,male,0-4,188,0.024161418840765968,0.0004087206182159523,0.00026702737249442965,6.451760188787145e-06
2019,E02006248,E07000202,8109,228441,44,3404,0.012925969447708578,104.81668625146885,female,0-4,239,0.029473424589961772,0.00038097258576918856,0.00019260990802876893,5.676873599565393e-06
2019,E02006248,E07000202,8109,228441,44,3404,0.012925969447708578,104.81668625146885,male,0-4,226,0.027870267603896905,0.00036025022754743353,0.00019260990802876893,5.368089679923761e-06
2019,E02006229,E07000200,5937,228441,16,2606,0.0061396776669224865,36.451266308518804,female,0-4,110,0.018527876031665825,0.00011375518668712709,7.003996655591596e-05,1.2976918176100314e-06
2019,E02006229,E07000200,5937,228441,16,2606,0.0061396776669224865,36.451266308518804,male,0-4,126,0.021222839818089943,0.0001303013956598001,7.003996655591596e-05,1.4864469910805812e-06
2019,E02006231,E07000200,8619,228441,37,3270,0.011314984709480122,97.52385321100917,female,0-4,212,0.024596820976911474,0.00027831265325557324,0.00016196742266055567,3.983883699273443e-06
2019,E02006231,E07000200,8619,228441,37,3270,0.011314984709480122,97.52385321100917,male,0-4,219,0.02540898016011138,0.0002875022219951441,0.00016196742266055567,4.115427028966433e-06
2019,E02006260,E07000202,8746,228441,64,3841,0.016662327518875295,145.72871648008334,female,0-4,330,0.037731534415732904,0.0006286951842246567,0.00028015986622366386,1.0570861634325299e-05
2019,E02006260,E07000202,8746,228441,64,3841,0.016662327518875295,145.72871648008334,male,0-4,350,0.040018294077292474,0.0006667979226625146,0.00028015986622366386,1.1211519915193498e-05
2019,E02006254,E07000202,9499,228441,71,4098,0.017325524646168863,164.57515861395802,female,0-4,334,0.035161595957469205,0.0006091930973597642,0.00031080235159187714,1.092830670930487e-05
2019,E02006254,E07000202,9499,228441,71,4098,0.017325524646168863,164.57515861395802,male,0-4,297,0.03126644909990525,0.0005417076344785927,0.00031080235159187714,9.717685906178282e-06
2019,E02006299,E07000244,8381,228441,52,3938,0.013204672422549517,110.6683595733875,female,0-4,117,0.013960147953704809,0.00018433918069899697,0.0002276298913067269,3.1777469613276515e-06
2019,E02006299,E07000244,8381,228441,52,3938,0.013204672422549517,110.6683595733875,male,0-4,107,0.01276697291492662,0.00016858369516916817,0.0002276298913067269,2.906144656940673e-06
2019,E02006298,E07000244,9290,228441,58,3706,0.015650296815974095,145.39125742039934,female,0-4,250,0.02691065662002153,0.0004211597636160951,0.0002538948787651954,6.832477900032169e-06
2019,E02006298,E07000244,9290,228441,58,3706,0.015650296815974095,145.39125742039934,male,0-4,270,0.02906350914962325,0.0004548525447053827,0.0002538948787651954,7.3790761320347415e-06
2019,E02006234,E07000200,9751,228441,20,3978,0.005027652086475616,49.024635495223734,female,0-4,278,0.02850989642087991,0.00014333784022564058,8.754995819489497e-05,2.4960402397888217e-06
2019,E02006234,E07000200,9751,228441,20,3978,0.005027652086475616,49.024635495223734,male,0-4,277,0.02840734283663214,0.00014282223648382172,8.754995819489497e-05,2.4870616777751928e-06
2019,E02006236,E07000200,10362,228441,53,3957,0.013393985342431134,138.7884761182714,female,0-4,201,0.019397799652576722,0.00025981384422202834,0.00023200738921647164,4.5004328539385055e-06
2019,E02006236,E07000200,10362,228441,53,3957,0.013393985342431134,138.7884761182714,male,0-4,191,0.01843273499324455,0.00024688778232043494,0.00023200738921647164,4.276530721901764e-06
2019,E02006259,E07000202,7100,228441,51,3158,0.016149461684610514,114.66117796073465,female,0-4,287,0.0404225352112676,0.0006528021835891856,0.00022325239339698215,9.024427733089277e-06
2019,E02006259,E07000202,7100,228441,51,3158,0.016149461684610514,114.66117796073465,male,0-4,260,0.036619718309859155,0.0005913887377463006,0.00022325239339698215,8.175439758199347e-06
2019,E02006239,E07000245,7719,228441,32,2380,0.013445378151260505,103.78487394957983,female,0-4,356,0.046119963725871224,0.000620100352616756,0.00014007993311183193,6.460481433840156e-06
2019,E02006239,E07000245,7719,228441,32,2380,0.013445378151260505,103.78487394957983,male,0-4,312,0.04041974349008939,0.0005434587360012019,0.00014007993311183193,5.661994964489125e-06
2019,E02006826,E07000245,9804,228441,18,3898,0.004617752693689072,45.27244740892766,female,0-4,280,0.028559771521827825,0.0001318819618760649,7.879496237540546e-05,2.2503661225126e-06
2019,E02006826,E07000245,9804,228441,18,3898,0.004617752693689072,45.27244740892766,male,0-4,301,0.03070175438596491,0.00014177310901676975,7.879496237540546e-05,2.4191435817010446e-06
2019,E02003744,E07000010,14355,228441,239,6893,0.034672856521108374,497.7288553605107,female,0-4,400,0.027864855451062348,0.0009661541350361093,0.0010462220004289948,2.915282481167523e-05
2019,E02003744,E07000010,14355,228441,239,6893,0.034672856521108374,497.7288553605107,male,0-4,451,0.031417624521072794,0.0010893387872532132,0.0010462220004289948,3.286980997516382e-05
2019,E02005517,E07000143,6533,228441,306,2500,0.1224,799.6392,female,0-4,253,0.038726465636001836,0.004740119393846625,0.001339514360381893,5.187465684626036e-05
2019,E02005517,E07000143,6533,228441,306,2500,0.1224,799.6392,male,0-4,216,0.03306291137302923,0.004046900352058778,0.001339514360381893,4.4288244580206464e-05
2019,E02005519,E07000143,8913,228441,424,3683,0.11512354059190877,1026.096117295683,female,0-4,296,0.03320991809716145,0.003823243354112532,0.001856059113731773,6.163957115052226e-05
2019,E02005519,E07000143,8913,228441,424,3683,0.11512354059190877,1026.096117295683,male,0-4,302,0.03388309211264445,0.0039007415302094073,0.001856059113731773,6.288902191708689e-05
2019,E02006269,E07000203,7508,228441,35,2973,0.011772620248906828,88.38883282879247,female,0-4,187,0.02490676611614278,0.00029321789911368896,0.0001532124268410662,3.816026081417072e-06
2019,E02006269,E07000203,7508,228441,35,2973,0.011772620248906828,88.38883282879247,male,0-4,180,0.02397442727757059,0.00028224182802387177,0.0001532124268410662,3.673180185321246e-06
2019,E02006242,E07000245,9994,228441,28,3639,0.007694421544380325,76.89804891453696,female,0-4,510,0.051030618371022615,0.0003926510894170468,0.00012256994147285294,6.2548199070597354e-06
2019,E02006242,E07000245,9994,228441,28,3639,0.007694421544380325,76.89804891453696,male,0-4,517,0.0517310386231739,0.0003980404180953199,0.00012256994147285294,6.3406703763723195e-06
2019,E02005512,E07000143,9450,228441,2888,3385,0.8531757754800591,8062.511078286559,female,0-4,238,0.025185185185185185,0.021487389900979266,0.012642213963342832,0.0003183964998175232
2019,E02005512,E07000143,9450,228441,2888,3385,0.8531757754800591,8062.511078286559,male,0-4,257,0.027195767195767197,0.023202769767023828,0.012642213963342832,0.000343814707786149
2019,E02006264,E07000203,8672,228441,29,3559,0.00814835627985389,70.66254565889294,female,0-4,189,0.021794280442804428,0.0001775875619110223,0.0001269474393825977,2.7667280954002494e-06
2019,E02006264,E07000203,8672,228441,29,3559,0.00814835627985389,70.66254565889294,male,0-4,183,0.02110239852398524,0.0001719498615328946,0.0001269474393825977,2.678895457451035e-06
2019,E02006282,E07000245,6368,228441,17,2675,0.006355140186915888,40.469532710280376,female,0-4,128,0.020100502512562814,0.00012774151129479172,7.441746446566072e-05,1.4958284314705673e-06
2019,E02006282,E07000245,6368,228441,17,2675,0.006355140186915888,40.469532710280376,male,0-4,113,0.01774497487437186,0.00011277180293993331,7.441746446566072e-05,1.3205360371576102e-06
2019,E02006284,E07000245,7933,228441,10,3332,0.003001200480192077,23.808523409363747,female,0-4,270,0.03403504348922223,0.00010214598886321198,4.3774979097447484e-05,1.4898833173214194e-06
2019,E02006284,E07000245,7933,228441,10,3332,0.003001200480192077,23.808523409363747,male,0-4,265,0.03340476490608849,0.00010025439647685622,4.3774979097447484e-05,1.462292885519171e-06
2019,E02005511,E07000143,8248,228441,2831,3289,0.8607479477044695,7099.449072666464,female,0-4,188,0.02279340446168768,0.01961937611159557,0.012392696582487381,0.00028247174557560956
2019,E02005511,E07000143,8248,228441,2831,3289,0.8607479477044695,7099.449072666464,male,0-4,247,0.029946653734238604,0.025776520742362266,0.012392696582487381,0.0003711197933892317
2019,E02006240,E07000245,10485,228441,46,3221,0.014281279105867743,149.73921142502329,female,0-4,573,0.05464949928469242,0.000780464752280612,0.0002013649038482584,1.1004491168817556e-05
2019,E02006240,E07000245,10485,228441,46,3221,0.014281279105867743,149.73921142502329,male,0-4,585,0.055793991416309016,0.0007968095638466982,0.0002013649038482584,1.123495171685562e-05
2019,E02006243,E07000245,8966,228441,13,3683,0.0035297311973934292,31.647569915829486,female,0-4,312,0.03479812625474013,0.0001228280318521916,5.690747282668173e-05,1.980273424261064e-06
2019,E02006243,E07000245,8966,228441,13,3683,0.0035297311973934292,31.647569915829486,male,0-4,313,0.03490965871068481,0.00012322171144146145,5.690747282668173e-05,1.986620454467029e-06
2019,E02006246,E07000202,7040,228441,60,3135,0.019138755980861243,134.73684210526315,female,0-4,201,0.028551136363636365,0.0005464332318399304,0.0002626498745846849,7.498952385159328e-06
2019,E02006246,E07000202,7040,228441,60,3135,0.019138755980861243,134.73684210526315,male,0-4,207,0.02940340909090909,0.0005627446715963462,0.0002626498745846849,7.722801710089456e-06
2019,E02003752,E07000010,11152,228441,8,4643,0.0017230239069567091,19.21516261038122,female,0-4,347,0.031115494978479197,5.361274172471109e-05,3.501998327795798e-05,1.0896641138317271e-06
2019,E02003752,E07000010,11152,228441,8,4643,0.0017230239069567091,19.21516261038122,male,0-4,357,0.03201219512195122,5.5157777509284895e-05,3.501998327795798e-05,1.1210665378614598e-06
2019,E02005564,E07000146,9930,228441,366,4997,0.0732439463678207,727.3123874324594,female,0-4,363,0.036555891238670694,0.0026774977373130826,0.0016021642349665778,5.856854151992626e-05
2019,E02005564,E07000146,9930,228441,366,4997,0.0732439463678207,727.3123874324594,male,0-4,393,0.03957703927492447,0.0028987785420497014,0.0016021642349665778,6.340891685215157e-05
2019,E02003780,E07000012,12091,228441,8,3877,0.0020634511220015478,24.949187516120713,female,0-4,319,0.026383260276238524,5.444056801906325e-05,3.501998327795798e-05,9.239413336918862e-07
2019,E02003780,E07000012,12091,228441,8,3877,0.0020634511220015478,24.949187516120713,male,0-4,330,0.02729302787197089,5.6317828985237846e-05,3.501998327795798e-05,9.558013796812617e-07
2019,E02003249,E06000031,12090,228441,11,4349,0.0025293170843872156,30.579443550241436,female,0-4,526,0.0435070306038048,0.00011004307579716092,4.815247700719223e-05,2.0949712908009193e-06
2019,E02003249,E06000031,12090,228441,11,4349,0.0025293170843872156,30.579443550241436,male,0-4,526,0.0435070306038048,0.00011004307579716092,4.815247700719223e-05,2.0949712908009193e-06
2019,E02003745,E07000010,10314,228441,155,4975,0.031155778894472363,321.34070351758794,female,0-4,278,0.026953655225906537,0.0008397621226161836,0.000678512176010436,1.8288383258764902e-05
2019,E02003745,E07000010,10314,228441,155,4975,0.031155778894472363,321.34070351758794,male,0-4,264,0.025596276905177427,0.0007974719437793973,0.000678512176010436,1.7367385540697605e-05
2019,E02003737,E07000009,13972,228441,10,4946,0.0020218358269308533,28.24909017387788,female,0-4,426,0.03048955052963069,6.16448656078259e-05,4.3774979097447484e-05,1.3346794371251525e-06
2019,E02003737,E07000009,13972,228441,10,4946,0.0020218358269308533,28.24909017387788,male,0-4,410,0.02934440309189808,5.9329565491100046e-05,4.3774979097447484e-05,1.2845506319749117e-06
2019,E02005589,E07000148,11841,228441,3910,4159,0.9401298389035826,11132.077422457322,female,0-4,358,0.03023393294485263,0.028423822508866024,0.017116016827101965,0.0005174845050335701
2019,E02005589,E07000148,11841,228441,3910,4159,0.9401298389035826,11132.077422457322,male,0-4,438,0.036990119077780596,0.03477551468961821,0.017116016827101965,0.0006331235005717981
2019,E02005540,E07000145,8995,228441,667,4468,0.14928379588182633,1342.807743957028,female,0-4,158,0.017565314063368538,0.002622216759236082,0.002919791105799747,5.1287047772802673e-05
2019,E02005540,E07000145,8995,228441,667,4468,0.14928379588182633,1342.807743957028,male,0-4,171,0.019010561423012783,0.002837968771071962,0.002919791105799747,5.550686815917251e-05
2019,E02005548,E07000145,7498,228441,499,3604,0.13845726970033295,1038.1526082130965,female,0-4,242,0.032275273406241665,0.004468746234659986,0.0021843714569626293,7.050118599425931e-05
2019,E02005548,E07000145,7498,228441,499,3604,0.13845726970033295,1038.1526082130965,male,0-4,230,0.03067484662576687,0.004247155512280152,0.0021843714569626293,6.700525941603157e-05
2019,E02005507,E07000143,11864,228441,4009,4418,0.9074241738343142,10765.680398370303,female,0-4,295,0.024865138233310855,0.02256322751863812,0.017549389120166695,0.00043636798638310644
2019,E02005507,E07000143,11864,228441,4009,4418,0.9074241738343142,10765.680398370303,male,0-4,320,0.026972353337828724,0.024475365443946438,0.017549389120166695,0.00047334832421218326
2019,E02005547,E07000145,8812,228441,520,3960,0.13131313131313133,1157.1313131313132,female,0-4,240,0.02723558783477077,0.003576390321737576,0.002276298913067269,6.199633898503683e-05
2019,E02005547,E07000145,8812,228441,520,3960,0.13131313131313133,1157.1313131313132,male,0-4,243,0.027576032682705403,0.003621095200759296,0.002276298913067269,6.277129322234979e-05
2019,E02005561,E07000146,11213,228441,311,5394,0.05765665554319614,646.5040786058584,female,0-4,393,0.035048604298582,0.002020785305313126,0.0013614018499306167,4.77152347295757e-05
2019,E02005561,E07000146,11213,228441,311,5394,0.05765665554319614,646.5040786058584,male,0-4,399,0.0355836974939802,0.002051636989363708,0.0013614018499306167,4.84437115956761e-05
2019,E02005504,E07000143,9110,228441,1501,4011,0.3742208925454999,3409.152331089504,female,0-4,187,0.020526893523600438,0.007681592415588198,0.006570624362526867,0.000134874506673164
2019,E02005504,E07000143,9110,228441,1501,4011,0.3742208925454999,3409.152331089504,male,0-4,182,0.019978046103183315,0.007476202244048406,0.006570624362526867,0.00013126823644126121
2019,E02005569,E07000146,8228,228441,242,3732,0.06484458735262594,533.5412647374062,female,0-4,240,0.02916869227029655,0.0018914318138831096,0.001059354494158229,3.0899985245257046e-05
2019,E02005569,E07000146,8228,228441,242,3732,0.06484458735262594,533.5412647374062,male,0-4,253,0.03074866310160428,0.0019938843704684446,0.001059354494158229,3.2573734446041806e-05
2019,E02005466,E07000140,6685,228441,69,3343,0.020640143583607537,137.97935985641638,female,0-4,183,0.02737471952131638,0.0005650181414809543,0.00030204735577238763,8.268461646424373e-06
2019,E02005466,E07000140,6685,228441,69,3343,0.020640143583607537,137.97935985641638,male,0-4,142,0.021241585639491398,0.00043842937754259837,0.00030204735577238763,6.415964774821098e-06
2019,E02005578,E07000147,5843,228441,1169,2736,0.427266081871345,2496.515716374269,female,0-4,127,0.021735409892178675,0.009286803422498857,0.005117295056491611,0.00011122650559206479
2019,E02005578,E07000147,5843,228441,1169,2736,0.427266081871345,2496.515716374269,male,0-4,149,0.025500599007359234,0.01089554102324669,0.005117295056491611,0.00013049408923793428
2019,E02005580,E07000147,7937,228441,1847,3887,0.47517365577566245,3771.453305891433,female,0-4,166,0.02091470328839612,0.009938116021010452,0.00808523863929855,0.00016910036715680473
2019,E02005580,E07000147,7937,228441,1847,3887,0.47517365577566245,3771.453305891433,male,0-4,205,0.025828398639284364,0.012272974604259896,0.00808523863929855,0.000208828766669548
2019,E02005474,E07000140,6793,228441,38,3085,0.012317666126418152,83.6739059967585,female,0-4,135,0.019873399087295747,0.00024479389475437225,0.00016634492057030043,3.305838992638092e-06
2019,E02005474,E07000140,6793,228441,38,3085,0.012317666126418152,83.6739059967585,male,0-4,153,0.022523185632268513,0.0002774330807216219,0.00016634492057030043,3.7466175249898375e-06
2019,E02005510,E07000143,7023,228441,1986,3118,0.6369467607440668,4473.277100705581,female,0-4,126,0.01794105083297736,0.01142749421240957,0.00869371084875307,0.00015597430826468558
2019,E02005510,E07000143,7023,228441,1986,3118,0.6369467607440668,4473.277100705581,male,0-4,177,0.025202904741563434,0.01605290853648011,0.00869371084875307,0.0002191067663718202
2019,E02005514,E07000143,6903,228441,367,3099,0.11842529848338174,817.4898354307841,female,0-4,136,0.01970157902361292,0.002333165376465293,0.0016065417328763225,3.1651408904994905e-05
2019,E02005514,E07000143,6903,228441,367,3099,0.11842529848338174,817.4898354307841,male,0-4,182,0.026365348399246705,0.003122324253799142,0.0016065417328763225,4.235703250521378e-05
2019,E02005506,E07000143,6943,228441,1780,2867,0.6208580397628183,4310.617370073247,female,0-4,174,0.025061212732248307,0.015559455411022667,0.007791946279345652,0.00019527562330493207
2019,E02005506,E07000143,6943,228441,1780,2867,0.6208580397628183,4310.617370073247,male,0-4,163,0.023476883191703875,0.014575811678141926,0.007791946279345652,0.0001829306126362295
2019,E02005571,E07000147,5990,228441,1519,2515,0.6039761431411531,3617.8170974155073,female,0-4,93,0.015525876460767947,0.009377258983660642,0.006649419324902273,0.00010323806297427569
2019,E02005571,E07000147,5990,228441,1519,2515,0.6039761431411531,3617.8170974155073,male,0-4,81,0.013522537562604341,0.00816729008254314,0.006649419324902273,8.991702259049818e-05
2019,E02003742,E07000010,6664,228441,124,3558,0.03485103991006183,232.24732996065205,female,0-4,143,0.02145858343337335,0.0007478539476498863,0.0005428097408083488,1.1647928111583717e-05
2019,E02003742,E07000010,6664,228441,124,3558,0.03485103991006183,232.24732996065205,male,0-4,180,0.02701080432172869,0.0009413546194194372,0.0005428097408083488,1.466172769290258e-05
2019,E02005472,E07000140,9869,228441,192,5695,0.033713784021071114,332.7213345039508,female,0-4,259,0.026243793697436416,0.0008847775926089186,0.0008404795986709917,2.205737319442566e-05
2019,E02005472,E07000140,9869,228441,192,5695,0.033713784021071114,332.7213345039508,male,0-4,269,0.027257067585368326,0.0009189388896208461,0.0008404795986709917,2.2909009225098465e-05
2019,E02005552,E07000146,6790,228441,471,3075,0.15317073170731707,1040.029268292683,female,0-4,129,0.018998527245949925,0.0029100183196235493,0.0020618015154897766,3.9171192267773366e-05
2019,E02005552,E07000146,6790,228441,471,3075,0.15317073170731707,1040.029268292683,male,0-4,107,0.015758468335787923,0.0024137361255792233,0.0020618015154897766,3.24908338965252e-05
2019,E02005563,E07000146,7551,228441,209,4033,0.05182246466650137,391.3114306967518,female,0-4,176,0.023308171103165142,0.0012078868734345437,0.0009148970631366524,2.1324577289372377e-05
2019,E02005563,E07000146,7551,228441,209,4033,0.05182246466650137,391.3114306967518,male,0-4,198,0.026221692491060787,0.0013588727326138618,0.0009148970631366524,2.3990149450543926e-05
2019,E02005509,E07000143,8278,228441,645,4465,0.1444568868980963,1195.8141097424411,female,0-4,228,0.027542884754771683,0.003978759387867354,0.0028234861517853625,7.776695368531803e-05
2019,E02005509,E07000143,8278,228441,645,4465,0.1444568868980963,1195.8141097424411,male,0-4,225,0.027180478376419424,0.0039264072906585725,0.0028234861517853625,7.674370429472174e-05
2019,E02005566,E07000146,9847,228441,243,4936,0.04923014586709887,484.76924635332256,female,0-4,244,0.024779120544328223,0.0012198797188557047,0.0010637319920679738,2.6358343258310716e-05
2019,E02005566,E07000146,9847,228441,243,4936,0.04923014586709887,484.76924635332256,male,0-4,268,0.02721641108967198,0.001339867887923479,0.0010637319920679738,2.895096718535767e-05
2019,E02005568,E07000146,7423,228441,251,3603,0.06966416874826534,517.1171246183736,female,0-4,165,0.022228209618752527,0.0015485097458525908,0.0010987519753459319,2.442328922700778e-05
2019,E02005568,E07000146,7423,228441,251,3603,0.06966416874826534,517.1171246183736,male,0-4,208,0.028021015761821366,0.0019520607705293264,0.0010987519753459319,3.078814641950072e-05
2019,E02005560,E07000146,9204,228441,229,4415,0.05186862967157418,477.39886749716874,female,0-4,327,0.03552803129074315,0.001842790297979656,0.0010024470213315473,3.561496914117948e-05
2019,E02005560,E07000146,9204,228441,229,4415,0.05186862967157418,477.39886749716874,male,0-4,334,0.03628857018687527,0.0018822384083339609,0.0010024470213315473,3.6377369092213906e-05
2019,E02005559,E07000146,7266,228441,191,3715,0.05141318977119785,373.56823687752353,female,0-4,173,0.023809523809523808,0.001224123565980901,0.0008361021007612469,1.9907192875267784e-05
2019,E02005559,E07000146,7266,228441,191,3715,0.05141318977119785,373.56823687752353,male,0-4,220,0.030278007156619872,0.001556688927836984,0.0008361021007612469,2.5315505390513944e-05
2019,E02003743,E07000010,11376,228441,180,5507,0.032685672780098055,371.83221354639545,female,0-4,304,0.026722925457102673,0.0008734567972178102,0.0007879496237540546,2.10563190595317e-05
2019,E02003743,E07000010,11376,228441,180,5507,0.032685672780098055,371.83221354639545,male,0-4,334,0.029360056258790436,0.0009596531916800941,0.0007879496237540546,2.31342452825118e-05
2019,E02005567,E07000146,11005,228441,321,5784,0.05549792531120332,610.7546680497925,female,0-4,236,0.021444797819173102,0.0011901417876823246,0.001405176829028064,3.0133732998693604e-05
2019,E02005567,E07000146,11005,228441,321,5784,0.05549792531120332,610.7546680497925,male,0-4,280,0.025442980463425715,0.0014120326294536055,0.001405176829028064,3.5751886608619526e-05
2019,E02005551,E07000146,5246,228441,187,2808,0.06659544159544159,349.3596866096866,female,0-4,55,0.010484178421654593,0.0006981984917554875,0.0008185921091222679,8.582265726596404e-06
2019,E02005551,E07000146,5246,228441,187,2808,0.06659544159544159,349.3596866096866,male,0-4,73,0.01391536408692337,0.0009266998163300108,0.0008185921091222679,1.1391007237118863e-05
2019,E02005556,E07000146,7408,228441,229,3960,0.057828282828282826,428.39191919191916,female,0-4,227,0.03064254859611231,0.0017720059667953837,0.0010024470213315473,3.071753156617997e-05
2019,E02005556,E07000146,7408,228441,229,3960,0.057828282828282826,428.39191919191916,male,0-4,197,0.026592872570194385,0.0015378201562056854,0.0010024470213315473,2.6657945896640768e-05
2019,E02005553,E07000146,8632,228441,372,4706,0.07904802379940501,682.342541436464,female,0-4,125,0.01448100092678406,0.0011446945058996324,0.0016284292224250463,2.358128507913934e-05
2019,E02005553,E07000146,8632,228441,372,4706,0.07904802379940501,682.342541436464,male,0-4,133,0.015407784986098239,0.0012179549542772087,0.0016284292224250463,2.5090487324204257e-05
2019,E02005565,E07000146,6996,228441,217,3487,0.062231144250071695,435.36908517350156,female,0-4,150,0.02144082332761578,0.0013342869693411597,0.0009499170464146103,2.036700356806626e-05
2019,E02005565,E07000146,6996,228441,217,3487,0.062231144250071695,435.36908517350156,male,0-4,229,0.03273299028016009,0.0020370114398608375,0.0009499170464146103,3.109362544724782e-05
2019,E02005558,E07000146,7087,228441,210,3328,0.06310096153846154,447.1965144230769,female,0-4,174,0.02455199661351771,0.0015492545940020187,0.0009192745610463971,2.257002590970412e-05
2019,E02005558,E07000146,7087,228441,210,3328,0.06310096153846154,447.1965144230769,male,0-4,203,0.028643996049103993,0.0018074636930023552,0.0009192745610463971,2.6331696894654806e-05
2019,E02005555,E07000146,6847,228441,224,3227,0.06941431670281996,475.27982646420827,female,0-4,127,0.018548269315028478,0.0012875154405225843,0.0009805595317828235,1.8187682274926037e-05
2019,E02005555,E07000146,6847,228441,224,3227,0.06941431670281996,475.27982646420827,male,0-4,151,0.022053454067474807,0.0015308254450307893,0.0009805595317828235,2.16247245945971e-05
2019,E02005554,E07000146,6905,228441,253,3601,0.07025826159400167,485.13329630658154,female,0-4,129,0.018682114409847937,0.0013125728813361646,0.0011075069711654214,2.0690571945016562e-05
2019,E02005554,E07000146,6905,228441,253,3601,0.07025826159400167,485.13329630658154,male,0-4,131,0.01897175959449674,0.001332922848488663,0.0011075069711654214,2.101135600617961e-05
2019,E02005557,E07000146,6655,228441,163,3372,0.04833926453143535,321.6978054567022,female,0-4,257,0.0386175807663411,0.0018667454522282322,0.0007135321592883939,2.7554885790701314e-05
2019,E02005557,E07000146,6655,228441,163,3372,0.04833926453143535,321.6978054567022,male,0-4,211,0.031705484598046584,0.0015326198070823229,0.0007135321592883939,2.2622882886529095e-05
2019,E02005562,E07000146,7150,228441,311,3610,0.08614958448753463,615.9695290858725,female,0-4,163,0.022797202797202796,0.001963969548457083,0.0013614018499306167,3.103615406135531e-05
2019,E02005562,E07000146,7150,228441,311,3610,0.08614958448753463,615.9695290858725,male,0-4,167,0.023356643356643357,0.002012165120198361,0.0013614018499306167,3.1797777473903915e-05
2019,E02005573,E07000147,5874,228441,2012,2264,0.8886925795053003,5220.180212014134,female,0-4,89,0.015151515151515152,0.013465039083413642,0.008807525794406433,0.0001334473605213096
2019,E02005573,E07000147,5874,228441,2012,2264,0.8886925795053003,5220.180212014134,male,0-4,87,0.01481103166496425,0.013162453935471762,0.008807525794406433,0.0001304485434309431
2019,E02005577,E07000147,6084,228441,1798,2279,0.78894251864853,4799.926283457657,female,0-4,131,0.0215318869165023,0.016987421095160656,0.007870741241721057,0.0001694719103657887
2019,E02005577,E07000147,6084,228441,1798,2279,0.78894251864853,4799.926283457657,male,0-4,121,0.019888231426692965,0.015690671393239996,0.007870741241721057,0.00015653512331496514
2019,E02005467,E07000140,7563,228441,18,3426,0.005253940455341506,39.73555166374781,female,0-4,184,0.024328969985455508,0.00012782295964337394,7.879496237540546e-05,1.9170002746363356e-06
2019,E02005467,E07000140,7563,228441,18,3426,0.005253940455341506,39.73555166374781,male,0-4,225,0.029750099166997224,0.00015630524956390836,7.879496237540546e-05,2.3441579445281274e-06
2019,E02005505,E07000143,7600,228441,2690,2978,0.9032907991940899,6865.010073875083,female,0-4,188,0.024736842105263158,0.02234456187480117,0.011775469377213372,0.0002912879266994887
2019,E02005505,E07000143,7600,228441,2690,2978,0.9032907991940899,6865.010073875083,male,0-4,242,0.031842105263157894,0.02876268071118023,0.011775469377213372,0.0003749557354323205
2019,E02003732,E07000009,9888,228441,29,3720,0.0077956989247311825,77.08387096774193,female,0-4,296,0.029935275080906147,0.0002333663917597522,0.0001269474393825977,3.8002065187347204e-06
2019,E02003732,E07000009,9888,228441,29,3720,0.0077956989247311825,77.08387096774193,male,0-4,333,0.033677184466019416,0.00026253719072972127,0.0001269474393825977,4.2752323335765605e-06
2019,E02005503,E07000143,7420,228441,2545,2884,0.8824549237170597,6547.815533980583,female,0-4,158,0.021293800539083557,0.018790819130363266,0.011140732180300384,0.00023722852890666586
2019,E02005503,E07000143,7420,228441,2545,2884,0.8824549237170597,6547.815533980583,male,0-4,199,0.026819407008086254,0.02366691776545753,0.011140732180300384,0.0002987878307115602
2019,E02005609,E07000149,7526,228441,2582,2965,0.8708263069139967,6553.838785834739,female,0-4,187,0.024847196385862344,0.02163759226586731,0.01130269960296094,0.0002808403967251788
2019,E02005609,E07000149,7526,228441,2582,2965,0.8708263069139967,6553.838785834739,male,0-4,200,0.026574541589157587,0.023141809910018515,0.01130269960296094,0.0003003640606686404
2019,E02005610,E07000149,8162,228441,2505,3035,0.8253706754530478,6736.675453047776,female,0-4,171,0.020950747365841706,0.01729213250459093,0.010965632263910594,0.0002297381912679137
2019,E02005610,E07000149,8162,228441,2505,3035,0.8253706754530478,6736.675453047776,male,0-4,149,0.018255329576084292,0.015067413702830693,0.010965632263910594,0.00020018123098783122
2019,E02005532,E07000144,8282,228441,2878,3062,0.9399085564990203,7784.322664924886,female,0-4,214,0.025839169282781935,0.024286456301713395,0.012598438984245385,0.00032553319761271577
2019,E02005532,E07000144,8282,228441,2878,3062,0.9399085564990203,7784.322664924886,male,0-4,222,0.026805119536343878,0.025194361210188664,0.012598438984245385,0.0003377026629440323
2019,E02005605,E07000149,10777,228441,3610,3878,0.9308922124806601,10032.225373904073,female,0-4,287,0.026630787788809503,0.024790392964827827,0.01580276745417854,0.0004208401465481341
2019,E02005605,E07000149,10777,228441,3610,3878,0.9308922124806601,10032.225373904073,male,0-4,288,0.026723577990164237,0.02487677064066346,0.01580276745417854,0.0004223064885221694
2019,E02005515,E07000143,6424,228441,2077,2285,0.9089715536105033,5839.233260393873,female,0-4,141,0.021948941469489416,0.019950963427627796,0.009092063158539842,0.00019956116210369205
2019,E02005515,E07000143,6424,228441,2077,2285,0.9089715536105033,5839.233260393873,male,0-4,144,0.0224159402241594,0.020375452011194346,0.009092063158539842,0.00020380714427611102
2019,E02005592,E07000148,9394,228441,2364,2555,0.9252446183953034,8691.74794520548,female,0-4,189,0.020119225037257823,0.018615204692006847,0.010348405058636585,0.0002082018901514067
2019,E02005592,E07000148,9394,228441,2364,2555,0.9252446183953034,8691.74794520548,male,0-4,219,0.023312752820949544,0.021569999087563494,0.010348405058636585,0.00024124980922305856
2019,E02006273,E07000245,6726,228441,75,2935,0.02555366269165247,171.8739352640545,female,0-4,164,0.024382991376746953,0.0006230747370548625,0.0003283123432308561,8.00523703387755e-06
2019,E02006273,E07000245,6726,228441,75,2935,0.02555366269165247,171.8739352640545,male,0-4,181,0.026910496580434137,0.0006876617524812812,0.0003283123432308561,8.835048189828271e-06
2019,E02005596,E07000148,9370,228441,3497,3688,0.9482104121475055,8884.731561822126,female,0-4,347,0.03703308431163287,0.03511515613822672,0.015308110190377384,0.000566906535332012
2019,E02005596,E07000148,9370,228441,3497,3688,0.9482104121475055,8884.731561822126,male,0-4,340,0.03628601921024546,0.03440678123053915,0.015308110190377384,0.0005554703804405881
2019,E02005524,E07000144,5487,228441,1872,2021,0.9262741217219198,5082.466105888174,female,0-4,116,0.02114087843994897,0.019582248609393605,0.008194676087042168,0.00017324265101091517
2019,E02005524,E07000144,5487,228441,1872,2021,0.9262741217219198,5082.466105888174,male,0-4,148,0.02697284490614179,0.024984248225778046,0.008194676087042168,0.0002210337271518573
2019,E02005534,E07000144,7281,228441,2498,2697,0.9262143121987393,6743.766407119021,female,0-4,134,0.018404065375635215,0.0170461087535546,0.01093498977854238,0.00020124826676619681
2019,E02005534,E07000144,7281,228441,2498,2697,0.9262143121987393,6743.766407119021,male,0-4,128,0.01758000274687543,0.016282850152649173,0.01093498977854238,0.0001922371503438298
2019,E02005585,E07000148,11017,228441,3685,3934,0.9367056431113371,10319.6860701576,female,0-4,380,0.03449214849777616,0.032308990140901155,0.016131079797409395,0.0005563955998017219
2019,E02005585,E07000148,11017,228441,3685,3934,0.9367056431113371,10319.6860701576,male,0-4,377,0.03421984206226741,0.032053919166104575,0.016131079797409395,0.000552003002961182
2019,E02005527,E07000144,8922,228441,2984,3250,0.9181538461538462,8191.768615384616,female,0-4,216,0.0242098184263618,0.022228337902850344,0.013062453762678328,0.00031623963379718884
2019,E02005527,E07000144,8922,228441,2984,3250,0.9181538461538462,8191.768615384616,male,0-4,244,0.027348128222371666,0.025109789112479092,0.013062453762678328,0.00035723366040052814
2019,E02005584,E07000148,10955,228441,3703,3961,0.9348649330977026,10241.445342085332,female,0-4,356,0.032496576905522594,0.030379910194685725,0.016209874759784804,0.0005267654417602365
2019,E02005584,E07000148,10955,228441,3703,3961,0.9348649330977026,10241.445342085332,male,0-4,374,0.03413966225467823,0.03191597306969793,0.016209874759784804,0.0005533996494896866
2019,E02005590,E07000148,11086,228441,3673,3972,0.92472306143001,10251.479859013092,female,0-4,260,0.02345300378856215,0.021687533463088816,0.01607854982249246,0.000377090289901501
2019,E02005590,E07000148,11086,228441,3673,3972,0.92472306143001,10251.479859013092,male,0-4,280,0.025257081003066933,0.023355805267941804,0.01607854982249246,0.00040609723527853956
2019,E02005607,E07000149,11561,228441,3943,4219,0.9345816544204788,10804.698506755156,female,0-4,267,0.023094887985468385,0.021584058622114682,0.01726047425812354,0.0003986287195674237
2019,E02005607,E07000149,11561,228441,3943,4219,0.9345816544204788,10804.698506755156,male,0-4,299,0.02586281463541216,0.02417091208993367,0.01726047425812354,0.0004464044462571524
2019,E02005601,E07000149,5673,228441,2051,2209,0.9284744228157538,5267.235400633771,female,0-4,76,0.013396791820906046,0.012438578553498551,0.008978248212886479,0.00012027972222446191
2019,E02005601,E07000149,5673,228441,2051,2209,0.9284744228157538,5267.235400633771,male,0-4,104,0.01833245196545038,0.017021212757419073,0.008978248212886479,0.00016459330409663209
2019,E02005516,E07000143,6908,228441,1676,2829,0.592435489572287,4092.5443619653583,female,0-4,167,0.02417486971627099,0.014322050775705258,0.007336686496732198,0.00017736344020762552
2019,E02005516,E07000143,6908,228441,1676,2829,0.592435489572287,4092.5443619653583,male,0-4,179,0.025911986103068906,0.015351180172761924,0.007336686496732198,0.000190108118545898
2019,E02005465,E07000140,8563,228441,11,3284,0.0033495736906211937,28.68239951278928,female,0-4,180,0.02102067032582039,7.041028428258961e-05,4.815247700719223e-05,1.0121973445398343e-06
2019,E02005465,E07000140,8563,228441,11,3284,0.0033495736906211937,28.68239951278928,male,0-4,212,0.024757678383744014,8.292766815504999e-05,4.815247700719223e-05,1.1921435391246937e-06
2019,E02005588,E07000148,12054,228441,3867,4106,0.9417924987822699,11352.366780321481,female,0-4,361,0.029948564791770365,0.028205333670184123,0.016927784416982943,0.0005069628483931344
2019,E02005588,E07000148,12054,228441,3867,4106,0.9417924987822699,11352.366780321481,male,0-4,303,0.025136884021901444,0.023673728814586674,0.016927784416982943,0.0004255117536374508
2019,E02005523,E07000144,8470,228441,2828,3036,0.9314888010540184,7889.710144927536,female,0-4,225,0.026564344746162927,0.024744389638388917,0.012379564088758148,0.00032885500826098973
2019,E02005523,E07000144,8470,228441,2828,3036,0.9314888010540184,7889.710144927536,male,0-4,247,0.029161747343565525,0.027163841069698057,0.012379564088758148,0.00036100972017984206
2019,E02006241,E07000245,9054,228441,39,3755,0.010386151797603195,94.03621837549933,female,0-4,277,0.03059421250276121,0.00031775613518180746,0.00017072241848004518,5.22311794996383e-06
2019,E02006241,E07000245,9054,228441,39,3755,0.010386151797603195,94.03621837549933,male,0-4,249,0.027501656726308814,0.0002856363814450183,0.00017072241848004518,4.695149348523443e-06
2019,E02005598,E07000149,9977,228441,3359,3607,0.9312448017743277,9291.029387302468,female,0-4,309,0.030971233837827003,0.028841800516013556,0.014704015478832608,0.0004554015017499525
2019,E02005598,E07000149,9977,228441,3359,3607,0.9312448017743277,9291.029387302468,male,0-4,320,0.03207376967024156,0.029868531278719544,0.014704015478832608,0.0004716132056957437
2019,E02005576,E07000147,6730,228441,2567,2849,0.901017901017901,6063.8504738504735,female,0-4,118,0.017533432392273403,0.015797936451725458,0.011237037134314768,0.00019702383088397363
2019,E02005576,E07000147,6730,228441,2567,2849,0.901017901017901,6063.8504738504735,male,0-4,119,0.017682020802377414,0.01593181726911296,0.011237037134314768,0.0001986935243660412
2019,E02005525,E07000144,10164,228441,3168,3381,0.9370008873114463,9523.67701863354,female,0-4,216,0.021251475796930343,0.019912651678401457,0.013867913378071361,0.0002947136255080101
2019,E02005525,E07000144,10164,228441,3168,3381,0.9370008873114463,9523.67701863354,male,0-4,227,0.022333726879181424,0.02092672190276449,0.013867913378071361,0.000309722189769992
2019,E02003738,E07000009,6280,228441,13,2354,0.0055225148683092605,34.68139337298216,female,0-4,158,0.02515923566878981,0.00013894225305618842,5.690747282668173e-05,1.4317485201617378e-06
2019,E02003738,E07000009,6280,228441,13,2354,0.0055225148683092605,34.68139337298216,male,0-4,159,0.02531847133757962,0.0001398216344046453,5.690747282668173e-05,1.4408102196564323e-06
2019,E02005603,E07000149,11652,228441,3684,3943,0.9343139741313721,10886.626426578747,female,0-4,369,0.03166838311019567,0.02958821287800174,0.01612670229949965,0.0005107065867246285
2019,E02005603,E07000149,11652,228441,3684,3943,0.9343139741313721,10886.626426578747,male,0-4,450,0.038619979402677654,0.03608318643658749,0.01612670229949965,0.0006228129106397908
2019,E02005600,E07000149,6635,228441,2020,2210,0.9140271493212669,6064.570135746606,female,0-4,125,0.018839487565938208,0.017219803114567955,0.008842545777684391,0.0001665890312299245
2019,E02005600,E07000149,6635,228441,2020,2210,0.9140271493212669,6064.570135746606,male,0-4,127,0.019140919366993216,0.01749531996440104,0.008842545777684391,0.00016925445572960325
2019,E02005513,E07000143,9953,228441,3432,3696,0.9285714285714286,9242.07142857143,female,0-4,274,0.027529388124183662,0.025563003258170545,0.015023572826243975,0.00041358976734560927
2019,E02005513,E07000143,9953,228441,3432,3696,0.9285714285714286,9242.07142857143,male,0-4,304,0.030543554707123482,0.028361872228043233,0.015023572826243975,0.00045887331851483657
2019,E02006238,E07000245,9785,228441,133,4511,0.029483484814896918,288.4958989137663,female,0-4,276,0.028206438426162495,0.0008316240990200868,0.0005822072219960515,1.6421992158498744e-05
2019,E02006238,E07000245,9785,228441,133,4511,0.029483484814896918,288.4958989137663,male,0-4,331,0.03382728666326009,0.000997346292665394,0.0005822072219960515,1.9694490595880738e-05
2019,E02005572,E07000147,7738,228441,3064,3314,0.9245624622812312,7154.264333132167,female,0-4,127,0.016412509692426983,0.015174390373444863,0.013412653595457909,0.00022013530713661854
2019,E02005572,E07000147,7738,228441,3064,3314,0.9245624622812312,7154.264333132167,male,0-4,146,0.018867924528301886,0.01744457476002323,0.013412653595457909,0.0002530689357633568
2019,E02005518,E07000143,11391,228441,609,4444,0.13703870387038705,1561.007875787579,female,0-4,317,0.027828987797383898,0.003813648417778307,0.0026658962270345514,7.41891935712363e-05
2019,E02005518,E07000143,11391,228441,609,4444,0.13703870387038705,1561.007875787579,male,0-4,332,0.02914581687296989,0.003994104967515451,0.0026658962270345514,7.769972323549039e-05
2019,E02005574,E07000147,7117,228441,2517,2774,0.9073540014419611,6457.638428262437,female,0-4,118,0.01658001967120978,0.015043947192658622,0.01101816223882753,0.00018268134666034124
2019,E02005574,E07000147,7117,228441,2517,2774,0.9073540014419611,6457.638428262437,male,0-4,116,0.016299002388646903,0.01478896503685085,0.01101816223882753,0.00017958505264914902
2019,E02005570,E07000147,7365,228441,2562,2824,0.9072237960339944,6681.703257790368,female,0-4,116,0.015750169721656482,0.014288928763060874,0.011215149644766045,0.00017664051035884063
2019,E02005570,E07000147,7365,228441,2562,2824,0.9072237960339944,6681.703257790368,male,0-4,118,0.01602172437202987,0.014535289603803304,0.011215149644766045,0.00017968603639951028
2019,E02005521,E07000144,8781,228441,2751,2985,0.9216080402010051,8092.640201005025,female,0-4,147,0.016740690126409292,0.015428354619012383,0.012042496749707803,0.0002015997064351494
2019,E02005521,E07000144,8781,228441,2751,2985,0.9216080402010051,8092.640201005025,male,0-4,177,0.020157157499145883,0.01857699841881083,0.012042496749707803,0.00024274250366681255
2019,E02003746,E07000010,7756,228441,12,3266,0.003674219228413962,28.49724433557869,female,0-4,205,0.026431150077359463,9.711383984332932e-05,5.252997491693698e-05,1.3884276505894895e-06
2019,E02003746,E07000010,7756,228441,12,3266,0.003674219228413962,28.49724433557869,male,0-4,211,0.027204744713769984,9.995619613142676e-05,5.252997491693698e-05,1.4290645574360111e-06
2019,E02003751,E07000010,7027,228441,8,3191,0.0025070510811657787,17.617047947351928,female,0-4,157,0.022342393624590864,5.6013522092361925e-05,3.501998327795798e-05,7.824302511227271e-07
2019,E02003751,E07000010,7027,228441,8,3191,0.0025070510811657787,17.617047947351928,male,0-4,214,0.03045396328447417,7.63496415781239e-05,3.501998327795798e-05,1.0664972849698317e-06
2019,E02005575,E07000147,7169,228441,2376,2621,0.9065242273941244,6498.872186188478,female,0-4,104,0.014506904728692984,0.013150860601058577,0.010400935033553521,0.0001508853736210861
2019,E02005575,E07000147,7169,228441,2376,2621,0.9065242273941244,6498.872186188478,male,0-4,133,0.018552099316501605,0.01681792749943068,0.010400935033553521,0.00019295917972696587
2019,E02005468,E07000140,7623,228441,12,2918,0.00411240575736806,31.348869088416723,female,0-4,168,0.02203856749311295,9.063153184282227e-05,5.252997491693698e-05,1.1576853976184459e-06
2019,E02005468,E07000140,7623,228441,12,2918,0.00411240575736806,31.348869088416723,male,0-4,177,0.023219205037386857,9.548679247725918e-05,5.252997491693698e-05,1.2197042582051483e-06
2019,E02003750,E07000010,7481,228441,9,3479,0.0025869502730669733,19.352974992814026,female,0-4,208,0.027803769549525466,7.19269692284361e-05,3.939748118770273e-05,1.0953984877746515e-06
2019,E02003750,E07000010,7481,228441,9,3479,0.0025869502730669733,19.352974992814026,male,0-4,184,0.024595642293810987,6.362770354823193e-05,3.939748118770273e-05,9.69006354569884e-07
2019,E02005508,E07000143,7007,228441,2441,2632,0.9274316109422492,6498.51329787234,female,0-4,137,0.01955187669473384,0.018133028499941223,0.01068547239768693,0.0002089210387445568
2019,E02005508,E07000143,7007,228441,2441,2632,0.9274316109422492,6498.51329787234,male,0-4,157,0.02240616526330812,0.020780185945188115,0.01068547239768693,0.00023942046045909062
2019,E02003753,E07000011,11314,228441,11,3948,0.002786220871327254,31.523302938196554,female,0-4,340,0.030051263920806082,8.37294587459136e-05,4.815247700719223e-05,1.4470427949836804e-06
2019,E02003753,E07000011,11314,228441,11,3948,0.002786220871327254,31.523302938196554,male,0-4,385,0.03402863708679512,9.481129887404922e-05,4.815247700719223e-05,1.6385631649079908e-06
2019,E02005599,E07000149,6569,228441,2263,2427,0.9324268644416975,6125.1120725175115,female,0-4,162,0.02466128786725529,0.022994847319158927,0.009906277769752366,0.0002443015677728548
2019,E02005599,E07000149,6569,228441,2263,2427,0.9324268644416975,6125.1120725175115,male,0-4,187,0.02846704216775765,0.02654343486841185,0.009906277769752366,0.0002820024269970608
2019,E02003245,E06000031,7836,228441,8,2848,0.0028089887640449437,22.01123595505618,female,0-4,295,0.037646758550280754,0.00010574932177045156,3.501998327795798e-05,1.3183888549001537e-06
2019,E02003245,E06000031,7836,228441,8,2848,0.0028089887640449437,22.01123595505618,male,0-4,342,0.043644716692189896,0.0001225975187982862,3.501998327795798e-05,1.5284372487317038e-06
2019,E02005526,E07000144,5348,228441,1968,2102,0.9362511893434824,5007.071360608944,female,0-4,106,0.019820493642483172,0.018556960746149802,0.008614915886377665,0.0001707518855564758
2019,E02005526,E07000144,5348,228441,1968,2102,0.9362511893434824,5007.071360608944,male,0-4,137,0.0256170531039641,0.023983996436061535,0.008614915886377665,0.00022068875774752057
2019,E02005528,E07000144,8597,228441,2743,2924,0.9380984952120383,8064.832763337893,female,0-4,186,0.021635454228219147,0.02029618705472131,0.012007476766429845,0.00025978721397649775
2019,E02005528,E07000144,8597,228441,2743,2924,0.9380984952120383,8064.832763337893,male,0-4,221,0.02570664185180877,0.024115362038136613,0.012007476766429845,0.0003086719047785269
2019,E02005530,E07000144,5483,228441,2031,2157,0.9415855354659249,5162.713490959666,female,0-4,119,0.021703447018055808,0.020435651781952408,0.008890698254691583,0.00019295879852422
2019,E02005530,E07000144,5483,228441,2031,2157,0.9415855354659249,5162.713490959666,male,0-4,103,0.018785336494619734,0.017688001122194104,0.008890698254691583,0.00016701475838650976
2019,E02005581,E07000147,8362,228441,2689,2942,0.9140040788579198,7642.9021074099255,female,0-4,143,0.017101171968428606,0.01563054093239447,0.011771091879303627,0.0002012994664841448
2019,E02005581,E07000147,8362,228441,2689,2942,0.9140040788579198,7642.9021074099255,male,0-4,178,0.02128677349916288,0.019456197803959546,0.011771091879303627,0.0002505685666725718
2019,E02006274,E07000245,6820,228441,80,2816,0.028409090909090908,193.75,female,0-4,173,0.025366568914956013,0.0007206411623567048,0.0003501998327795799,8.883368192209285e-06
2019,E02006274,E07000245,6820,228441,80,2816,0.028409090909090908,193.75,male,0-4,221,0.032404692082111435,0.0009205878432418021,0.0003501998327795799,1.13481177484292e-05
2019,E02005586,E07000148,9889,228441,3031,3232,0.937809405940594,9273.997215346535,female,0-4,307,0.03104459500455051,0.02911391319888385,0.013268196164436332,0.0004119057763658564
2019,E02005586,E07000148,9889,228441,3031,3232,0.937809405940594,9273.997215346535,male,0-4,313,0.03165132976033977,0.029682914759774085,0.013268196164436332,0.00041995605212544966
2019,E02006908,E07000148,5715,228441,1741,1868,0.9320128479657388,5326.453426124197,female,0-4,165,0.028871391076115485,0.02690850742158301,0.007621223860865606,0.00022003533456567366
2019,E02006908,E07000148,5715,228441,1741,1868,0.9320128479657388,5326.453426124197,male,0-4,160,0.02799650043744532,0.026093098105777465,0.007621223860865606,0.00021336759715459265
2019,E02006281,E07000245,8800,228441,31,4082,0.007594316511513963,66.82998530132288,female,0-4,168,0.019090909090909092,0.00014498240612890296,0.0001357024352020872,2.5906828538580287e-06
2019,E02006281,E07000245,8800,228441,31,4082,0.007594316511513963,66.82998530132288,male,0-4,188,0.021363636363636362,0.00016224221638234376,0.0001357024352020872,2.8990974793173174e-06
2019,E02006316,E07000244,7206,228441,1008,3252,0.30996309963099633,2233.5940959409595,female,0-4,160,0.022203719122953096,0.006882333602686569,0.0044125178930227065,9.797430792168097e-05
2019,E02006316,E07000244,7206,228441,1008,3252,0.30996309963099633,2233.5940959409595,male,0-4,168,0.02331390507910075,0.007226450282820897,0.0044125178930227065,0.00010287302331776501
2019,E02006307,E07000244,7303,228441,507,3269,0.15509330070357907,1132.646375038238,female,0-4,135,0.018485553881966314,0.002866985566888015,0.0022193914402405873,4.10266800537422e-05
2019,E02006307,E07000244,7303,228441,507,3269,0.15509330070357907,1132.646375038238,male,0-4,136,0.018622483910721622,0.002888222497013112,0.0022193914402405873,4.1330581387473624e-05
2019,E02006302,E07000244,6742,228441,476,3081,0.15449529373580007,1041.607270366764,female,0-4,98,0.014535746069415604,0.002245704358663365,0.0020836890050385,3.028797426487289e-05
2019,E02006302,E07000244,6742,228441,476,3081,0.15449529373580007,1041.607270366764,male,0-4,102,0.015129041827350934,0.002337365761057788,0.0020836890050385,3.1524218112418716e-05
2019,E02006907,E07000148,6796,228441,1842,1988,0.9265593561368209,6296.897384305835,female,0-4,119,0.017510300176574456,0.01622433245736929,0.008063351149749825,0.0001411916990612462
2019,E02006907,E07000148,6796,228441,1842,1988,0.9265593561368209,6296.897384305835,male,0-4,155,0.022807533843437314,0.02113253387304403,0.008063351149749825,0.00018390515423943833
2019,E02006304,E07000244,7774,228441,519,3641,0.14254325734688272,1108.1312826146664,female,0-4,163,0.020967326987393876,0.0029887510866403247,0.0022719214151575243,4.7636119201270446e-05
2019,E02006304,E07000244,7774,228441,519,3641,0.14254325734688272,1108.1312826146664,male,0-4,177,0.022768201697967585,0.003245453633959126,0.0022719214151575243,5.1727565022238464e-05
2019,E02006309,E07000244,6899,228441,465,3371,0.1379412637199644,951.6567784040344,female,0-4,146,0.021162487317002463,0.0029191802439650387,0.002035536528031308,4.307701595775779e-05
2019,E02006309,E07000244,6899,228441,465,3371,0.1379412637199644,951.6567784040344,male,0-4,170,0.02464125235541383,0.003399045489548333,0.002035536528031308,5.015816926588236e-05
2019,E02006825,E07000009,6602,228441,13,2349,0.005534269902085994,36.53724989357173,female,0-4,128,0.01938806422296274,0.00010729878028885296,5.690747282668173e-05,1.1033257379302122e-06
2019,E02006825,E07000009,6602,228441,13,2349,0.005534269902085994,36.53724989357173,male,0-4,171,0.025901242047864283,0.0001433444642921395,5.690747282668173e-05,1.4739742280161429e-06
2019,E02005608,E07000149,7756,228441,2353,3208,0.7334788029925187,5688.861596009975,female,0-4,138,0.01779267663744198,0.013050551162063896,0.010300252581629392,0.00018326906346890874
2019,E02005608,E07000149,7756,228441,2353,3208,0.7334788029925187,5688.861596009975,male,0-4,151,0.019468798349664775,0.014279950909214842,0.010300252581629392,0.00020053354046235664
2019,E02005587,E07000148,9985,228441,3668,3934,0.9323843416370107,9309.857651245551,female,0-4,274,0.02744116174261392,0.025585709525141803,0.016056662332943734,0.0004406134681248456
2019,E02005587,E07000148,9985,228441,3668,3934,0.9323843416370107,9309.857651245551,male,0-4,328,0.0328492739108663,0.030628148628636904,0.016056662332943734,0.0005274496990691582
2019,E02006308,E07000244,7736,228441,477,3755,0.12703062583222371,982.7089214380827,female,0-4,260,0.03360910031023785,0.0042693850460674984,0.0020880665029482447,7.017803655203511e-05
2019,E02006308,E07000244,7736,228441,477,3755,0.12703062583222371,982.7089214380827,male,0-4,186,0.024043433298862462,0.003054252379109826,0.0020880665029482447,5.020428768722512e-05
2019,E02006305,E07000244,10024,228441,525,4350,0.1206896551724138,1209.7931034482758,female,0-4,330,0.03292098962490024,0.003973222885763822,0.002298186402615993,7.565857071660791e-05
2019,E02006305,E07000244,10024,228441,525,4350,0.1206896551724138,1209.7931034482758,male,0-4,391,0.03900638467677574,0.0047076671161625895,0.002298186402615993,8.964394287937482e-05
2019,E02006314,E07000244,7383,228441,1607,3302,0.4866747425802544,3593.119624470018,female,0-4,157,0.02126506840037925,0.010349171689706073,0.00703463914095981,0.0001495920825044955
2019,E02006314,E07000244,7383,228441,1607,3302,0.4866747425802544,3593.119624470018,male,0-4,157,0.02126506840037925,0.010349171689706073,0.00703463914095981,0.0001495920825044955
2019,E02006279,E07000245,8825,228441,36,4024,0.008946322067594433,78.95129224652088,female,0-4,209,0.02368271954674221,0.00021187323650166985,0.00015758992475081092,3.7321579912656636e-06
2019,E02006279,E07000245,8825,228441,36,4024,0.008946322067594433,78.95129224652088,male,0-4,233,0.026402266288951842,0.00023620317753535443,0.00015758992475081092,4.1607311577267925e-06
2019,E02006315,E07000244,5848,228441,517,2641,0.19575918212798182,1144.7996970844376,female,0-4,89,0.015218878248974008,0.002979235158924484,0.002263166419338035,3.444285419307201e-05
2019,E02006315,E07000244,5848,228441,517,2641,0.19575918212798182,1144.7996970844376,male,0-4,107,0.018296853625171,0.0035817771011788743,0.002263166419338035,4.1408824704030395e-05
2019,E02006276,E07000245,6874,228441,26,2902,0.00895933838731909,61.586492074431426,female,0-4,151,0.021966831539132963,0.00019680827705632567,0.00011381494565336345,2.5001537378030084e-06
2019,E02006276,E07000245,6874,228441,26,2902,0.00895933838731909,61.586492074431426,male,0-4,147,0.021384928716904276,0.00019159481276344287,0.00011381494565336345,2.4339244997155117e-06
2019,E02006278,E07000245,8793,228441,28,3456,0.008101851851851851,71.23958333333333,female,0-4,184,0.02092573638121233,0.00016953721605148878,0.00012256994147285294,2.5648662835215444e-06
2019,E02006278,E07000245,8793,228441,28,3456,0.008101851851851851,71.23958333333333,male,0-4,181,0.02058455589673604,0.00016677302231151884,0.00012256994147285294,2.5230478115076062e-06
2019,E02006277,E07000245,7994,228441,17,2787,0.006099748833871547,48.76139217796914,female,0-4,230,0.02877157868401301,0.0001754994035264518,7.441746446566072e-05,2.1411079343384993e-06
2019,E02006277,E07000245,7994,228441,17,2787,0.006099748833871547,48.76139217796914,male,0-4,202,0.025268951713785338,0.00015413425874931855,7.441746446566072e-05,1.880451316245117e-06
2019,E02006275,E07000245,7142,228441,24,3181,0.007544797233574348,53.88494184218799,female,0-4,193,0.027023242789134694,0.00020388488743767138,0.00010505994983387396,2.8390605317750874e-06
2019,E02006275,E07000245,7142,228441,24,3181,0.007544797233574348,53.88494184218799,male,0-4,205,0.0287034444133296,0.00021656166800374424,0.00010505994983387396,3.0155824301237977e-06
2019,E02005550,E07000145,7234,228441,448,3415,0.13118594436310396,948.999121522694,female,0-4,183,0.02529720763063312,0.0033186380727741258,0.001961119063565647,4.9610836139412964e-05
2019,E02005550,E07000145,7234,228441,448,3415,0.13118594436310396,948.999121522694,male,0-4,196,0.027094277025158972,0.0035543883183810306,0.001961119063565647,5.3135103187567986e-05
2019,E02003758,E07000011,9606,228441,8,3798,0.00210637177461822,20.23380726698262,female,0-4,307,0.031959192171559445,6.731794032977239e-05,3.501998327795798e-05,1.1192103754250573e-06
2019,E02003758,E07000011,9606,228441,8,3798,0.00210637177461822,20.23380726698262,male,0-4,310,0.032271496981053506,6.79757703655682e-05,3.501998327795798e-05,1.1301472846311653e-06
2019,E02003775,E07000012,6886,228441,8,2586,0.0030935808197989174,21.302397525135344,female,0-4,186,0.02701132733081615,8.356172414792313e-05,3.501998327795798e-05,9.45936231440631e-07
2019,E02003775,E07000012,6886,228441,8,2586,0.0030935808197989174,21.302397525135344,male,0-4,199,0.028899215800174266,8.940205970664894e-05,3.501998327795798e-05,1.012050054068202e-06
2019,E02005531,E07000144,5447,228441,1858,1969,0.9436262061960387,5139.931945149822,female,0-4,130,0.02386634844868735,0.022520911842387557,0.008133391116305741,0.00019411434645121101
2019,E02005531,E07000144,5447,228441,1858,1969,0.9436262061960387,5139.931945149822,male,0-4,137,0.025151459519001284,0.023733576326208424,0.008133391116305741,0.00020456665741396853
2019,E02005536,E07000144,6216,228441,2430,2679,0.9070548712206047,5638.253079507279,female,0-4,128,0.02059202059202059,0.018678092586267278,0.010637319920679738,0.00021904391085054802
2019,E02005536,E07000144,6216,228441,2430,2679,0.9070548712206047,5638.253079507279,male,0-4,140,0.02252252252252252,0.020429163766229833,0.010637319920679738,0.00023957927749278688
2019,E02005582,E07000147,6991,228441,2342,3094,0.7569489334195216,5291.8299935358755,female,0-4,167,0.023887855814618796,0.018081886980555014,0.0102521001046222,0.00024490068909625336
2019,E02005582,E07000147,6991,228441,2342,3094,0.7569489334195216,5291.8299935358755,male,0-4,175,0.025032184236875983,0.018948085159264237,0.0102521001046222,0.00025663245863379844
2019,E02005522,E07000144,5534,228441,1858,1985,0.9360201511335012,5179.935516372796,female,0-4,124,0.022406938923021324,0.02097334635716555,0.008133391116305741,0.00018224439798010696
2019,E02005522,E07000144,5534,228441,1858,1985,0.9360201511335012,5179.935516372796,male,0-4,137,0.024756053487531623,0.02317216492686839,0.008133391116305741,0.00020135066551027947
2019,E02005549,E07000145,5270,228441,397,2637,0.15054986727341677,793.3978005309064,female,0-4,106,0.020113851992409868,0.003028137747814455,0.001737866670168665,3.495519298631471e-05
2019,E02005549,E07000145,5270,228441,397,2637,0.15054986727341677,793.3978005309064,male,0-4,96,0.018216318785578747,0.002742464375379129,0.001737866670168665,3.165753327062464e-05
2019,E02005606,E07000149,5848,228441,1025,2229,0.4598474652310453,2689.187976671153,female,0-4,111,0.018980848153214776,0.008728294911191183,0.004486935357488367,8.516583869377715e-05
2019,E02005606,E07000149,5848,228441,1025,2229,0.4598474652310453,2689.187976671153,male,0-4,105,0.017954856361149112,0.008256495186261929,0.004486935357488367,8.056227984546487e-05
2019,E02005529,E07000144,5904,228441,2426,2537,0.9562475364603863,5645.685455262121,female,0-4,142,0.024051490514905148,0.022999178553078394,0.010619809929040758,0.0002554222577784193
2019,E02005529,E07000144,5904,228441,2426,2537,0.9562475364603863,5645.685455262121,male,0-4,110,0.018631436314363144,0.017816265076328337,0.010619809929040758,0.00019786231236356428
2019,E02006310,E07000244,8522,228441,490,3371,0.14535746069415603,1238.7362800355977,female,0-4,247,0.02898380661816475,0.004213012531266902,0.0021449739757749267,6.216951091485648e-05
2019,E02006310,E07000244,8522,228441,490,3371,0.14535746069415603,1238.7362800355977,male,0-4,247,0.02898380661816475,0.004213012531266902,0.0021449739757749267,6.216951091485648e-05
2019,E02005541,E07000145,5924,228441,391,2884,0.1355755894590846,803.1497919556172,female,0-4,126,0.021269412559081703,0.0028836131451459588,0.0017116016827101964,3.6404762326381626e-05
2019,E02005541,E07000145,5924,228441,391,2884,0.1355755894590846,803.1497919556172,male,0-4,138,0.023295070898041864,0.003158242968493193,0.0017116016827101964,3.987188254794178e-05
2019,E02005537,E07000144,6050,228441,1455,2548,0.5710361067503925,3454.768445839875,female,0-4,158,0.026115702479338844,0.014913009068853227,0.0063692594586786085,0.00016633768503656533
2019,E02005537,E07000144,6050,228441,1455,2548,0.5710361067503925,3454.768445839875,male,0-4,126,0.020826446280991735,0.011892652801743711,0.0063692594586786085,0.00013264903996586854
2019,E02005546,E07000145,7892,228441,496,3877,0.12793396956409595,1009.6548877998453,female,0-4,308,0.039026862645717184,0.004992861457899335,0.002171238963233395,8.47366447891391e-05
2019,E02005546,E07000145,7892,228441,496,3877,0.12793396956409595,1009.6548877998453,male,0-4,275,0.034845413076533195,0.004457912015981549,0.002171238963233395,7.565771856173133e-05
2019,E02005543,E07000145,9707,228441,592,4599,0.12872363557295063,1249.5203305066318,female,0-4,293,0.030184403008138457,0.0038854460928066897,0.0025914787625688908,7.822223935641136e-05
2019,E02005543,E07000145,9707,228441,592,4599,0.12872363557295063,1249.5203305066318,male,0-4,376,0.038734933553106005,0.004986101470632475,0.0025914787625688908,0.00010038075767239135
2019,E02005484,E07000141,7211,228441,9,2876,0.003129346314325452,22.565716272600834,female,0-4,168,0.023297739564554155,7.29066954384518e-05,3.939748118770273e-05,9.178722562105199e-07
2019,E02005484,E07000141,7211,228441,9,2876,0.003129346314325452,22.565716272600834,male,0-4,164,0.022743031479683817,7.117082173753628e-05,3.939748118770273e-05,8.960181548721741e-07
2019,E02005539,E07000145,7534,228441,806,3487,0.23114425007169487,1741.440780040149,female,0-4,129,0.017122378550570746,0.003957739349515349,0.003528263315254267,6.041226010987529e-05
2019,E02005539,E07000145,7534,228441,806,3487,0.23114425007169487,1741.440780040149,male,0-4,178,0.023626227767454207,0.005461066699331257,0.003528263315254267,8.33595527097504e-05
2019,E02005545,E07000145,6351,228441,437,2936,0.14884196185286103,945.2952997275204,female,0-4,134,0.02109903952133522,0.003140422435566584,0.001912966586558455,4.036175761279057e-05
2019,E02005545,E07000145,6351,228441,437,2936,0.14884196185286103,945.2952997275204,male,0-4,134,0.02109903952133522,0.003140422435566584,0.001912966586558455,4.036175761279057e-05
2019,E02005533,E07000144,8917,228441,2992,3481,0.8595231255386383,7664.367710428038,female,0-4,205,0.02298979477402714,0.01976026025966366,0.013097473745956286,0.0003011082334777435
2019,E02005533,E07000144,8917,228441,2992,3481,0.8595231255386383,7664.367710428038,male,0-4,223,0.025008410900527082,0.021495307501975588,0.013097473745956286,0.0003275470051977405
2019,E02005583,E07000147,8736,228441,3117,4005,0.7782771535580524,6799.029213483145,female,0-4,124,0.014194139194139194,0.01104697424922144,0.01364466098467438,0.0001936742172733085
2019,E02005583,E07000147,8736,228441,3117,4005,0.7782771535580524,6799.029213483145,male,0-4,122,0.013965201465201466,0.010868797245201739,0.01364466098467438,0.00019055043957535192
2019,E02003785,E07000012,9173,228441,8,3105,0.0025764895330112722,23.6341384863124,female,0-4,218,0.02376539845197863,6.123130035936524e-05,3.501998327795798e-05,8.322638563823002e-07
2019,E02003785,E07000012,9173,228441,8,3105,0.0025764895330112722,23.6341384863124,male,0-4,257,0.028017006431919764,7.218552381815076e-05,3.501998327795798e-05,9.811550967442713e-07
2019,E02003254,E06000031,8600,228441,8,3068,0.002607561929595828,22.42503259452412,female,0-4,247,0.028720930232558138,7.489160425699645e-05,3.501998327795798e-05,1.005806496471584e-06
2019,E02003254,E06000031,8600,228441,8,3068,0.002607561929595828,22.42503259452412,male,0-4,280,0.03255813953488372,8.48973651496316e-05,3.501998327795798e-05,1.1401855020730505e-06
2019,E02003726,E07000008,8442,228441,9,2085,0.004316546762589928,36.44028776978417,female,0-4,172,0.020374318881781567,8.794670020912906e-05,3.939748118770273e-05,8.026968448572458e-07
2019,E02003726,E07000008,8442,228441,9,2085,0.004316546762589928,36.44028776978417,male,0-4,164,0.019426676143094054,8.385615601335563e-05,3.939748118770273e-05,7.653621078871414e-07
2019,E02005544,E07000145,7497,228441,439,3315,0.13242835595776772,992.8153846153846,female,0-4,288,0.03841536614645858,0.005087283782291197,0.0019217215823779444,7.38236382186005e-05
2019,E02005544,E07000145,7497,228441,439,3315,0.13242835595776772,992.8153846153846,male,0-4,295,0.03934907296251834,0.005210933040888553,0.0019217215823779444,7.561796275863593e-05
2019,E02005446,E07000138,10958,228441,11,1999,0.005502751375687844,60.29914957478739,female,0-4,90,0.00821317758715094,4.51950742664634e-05,4.815247700719223e-05,3.954848449212722e-07
2019,E02005446,E07000138,10958,228441,11,1999,0.005502751375687844,60.29914957478739,male,0-4,92,0.008395692644643182,4.6199409250162583e-05,4.815247700719223e-05,4.042733970306338e-07
2019,E02005593,E07000148,12414,228441,2398,2647,0.9059312429165093,11246.230449565546,female,5-9,225,0.018124697921701304,0.016419730115693136,0.010497239987567906,0.00019025930378627185
2019,E02005593,E07000148,12414,228441,2398,2647,0.9059312429165093,11246.230449565546,male,5-9,241,0.019413565329466732,0.01758735536836465,0.010497239987567906,0.0002037888542777401
2019,E02006287,E07000244,6179,228441,545,2715,0.2007366482504604,1240.3517495395947,female,5-9,126,0.020391649134164105,0.004093351299491505,0.0023857363608108875,4.864909879627316e-05
2019,E02006287,E07000244,6179,228441,545,2715,0.2007366482504604,1240.3517495395947,male,5-9,121,0.01958245670820521,0.003930916724114858,0.0023857363608108875,4.671857900277025e-05
2019,E02006233,E07000200,11790,228441,40,5050,0.007920792079207921,93.38613861386139,female,5-9,305,0.02586938083121289,0.00020490598678188428,0.00017509991638978994,4.529726420601012e-06
2019,E02006233,E07000200,11790,228441,40,5050,0.007920792079207921,93.38613861386139,male,5-9,300,0.02544529262086514,0.00020154687224447634,0.00017509991638978994,4.455468610427224e-06
2019,E02006288,E07000244,9562,228441,114,3453,0.03301476976542137,315.68722849695916,female,5-9,233,0.02436728717841456,0.0008044803760032609,0.0004990347617109013,1.2160123350621208e-05
2019,E02006288,E07000244,9562,228441,114,3453,0.03301476976542137,315.68722849695916,male,5-9,244,0.025517674126751724,0.000842460136243758,0.0004990347617109013,1.2734206427259977e-05
2019,E02006311,E07000244,8471,228441,917,3751,0.24446814182884563,2070.889629432151,female,5-9,209,0.024672411757761775,0.006031618656856184,0.004014165583235934,9.903914613343291e-05
2019,E02006311,E07000244,8471,228441,917,3751,0.24446814182884563,2070.889629432151,male,5-9,229,0.027033408098217446,0.006608807045072087,0.004014165583235934,0.00010851657638543605
2019,E02006256,E07000202,9754,228441,48,4135,0.011608222490931077,113.22660217654172,female,5-9,381,0.03906089809309001,0.0004534275957601743,0.00021011989966774792,8.2074719882522e-06
2019,E02006256,E07000202,9754,228441,48,4135,0.011608222490931077,113.22660217654172,male,5-9,334,0.03424236210785319,0.00039749295796298747,0.00021011989966774792,7.1950016904888055e-06
2019,E02006251,E07000202,10928,228441,70,3797,0.018435607058203844,201.4643139320516,female,5-9,302,0.027635431918008786,0.0005094759637241545,0.0003064248536821324,8.468183181918374e-06
2019,E02006251,E07000202,10928,228441,70,3797,0.018435607058203844,201.4643139320516,male,5-9,333,0.030472181551976573,0.0005617731652984883,0.0003064248536821324,9.337433773439796e-06
2019,E02004577,E07000076,5680,228441,11,2201,0.004997728305315766,28.387096774193548,female,5-9,150,0.02640845070422535,0.0001319822615840431,4.815247700719223e-05,1.2716323153307808e-06
2019,E02004577,E07000076,5680,228441,11,2201,0.004997728305315766,28.387096774193548,male,5-9,170,0.02992957746478873,0.00014957989646191552,4.815247700719223e-05,1.441183290708218e-06
2019,E02005542,E07000145,7554,228441,451,3494,0.12907842014882656,975.0583858042359,female,5-9,236,0.03124172623775483,0.004032632665491536,0.0019742515572948815,6.167902667746783e-05
2019,E02005542,E07000145,7554,228441,451,3494,0.12907842014882656,975.0583858042359,male,5-9,236,0.03124172623775483,0.004032632665491536,0.0019742515572948815,6.167902667746783e-05
2019,E02005611,E07000149,11199,228441,3134,4161,0.753184330689738,8434.911319394376,female,5-9,326,0.029109741941244754,0.021925001500567424,0.01371907844914004,0.0003993588333261589
2019,E02005611,E07000149,11199,228441,3134,4161,0.753184330689738,8434.911319394376,male,5-9,316,0.02821680507188142,0.02125245544226781,0.01371907844914004,0.00038710856236523375
2019,E02005595,E07000148,8952,228441,3128,3359,0.9312295325989878,8336.366775826138,female,5-9,233,0.02602770330652368,0.024237765984759175,0.013692813461681571,0.0003563924862122214
2019,E02005595,E07000148,8952,228441,3128,3359,0.9312295325989878,8336.366775826138,male,5-9,255,0.02848525469168901,0.02652631041250468,0.013692813461681571,0.0003900432789017874
2019,E02006293,E07000244,11451,228441,88,4406,0.01997276441216523,228.70812528370405,female,5-9,306,0.026722556981922975,0.0005337233350906086,0.00038521981605753786,1.0294058485163442e-05
2019,E02006293,E07000244,11451,228441,88,4406,0.01997276441216523,228.70812528370405,male,5-9,279,0.02436468430704742,0.00048663009964143735,0.00038521981605753786,9.385759207060786e-06
2019,E02004521,E07000071,9189,228441,8,3522,0.002271436683702442,20.87223168654174,female,5-9,303,0.03297420829252367,7.489882633168353e-05,3.501998327795798e-05,1.1547562230080822e-06
2019,E02004521,E07000071,9189,228441,8,3522,0.002271436683702442,20.87223168654174,male,5-9,298,0.03243007944281206,7.366287210178776e-05,3.501998327795798e-05,1.1357008397901271e-06
2019,E02004507,E07000071,9933,228441,11,3434,0.00320326150262085,31.817996505532903,female,5-9,387,0.03896103896103896,0.00012480239620600713,4.815247700719223e-05,1.8760705327477492e-06
2019,E02004507,E07000071,9933,228441,11,3434,0.00320326150262085,31.817996505532903,male,5-9,373,0.037551595691130576,0.00012028758083938157,4.815247700719223e-05,1.808202348100544e-06
2019,E02004446,E07000067,6867,228441,9,2535,0.0035502958579881655,24.379881656804734,female,5-9,181,0.02635794378913645,9.357849865965603e-05,3.939748118770273e-05,1.0384365945790292e-06
2019,E02004446,E07000067,6867,228441,9,2535,0.0035502958579881655,24.379881656804734,male,5-9,187,0.027231687782146498,9.668054833898165e-05,3.939748118770273e-05,1.0728599071065109e-06
2019,E02004589,E07000076,7733,228441,9,3538,0.002543810062182024,19.67128321085359,female,5-9,236,0.03051855683434631,7.763341195848411e-05,3.939748118770273e-05,1.2023542687569953e-06
2019,E02004589,E07000076,7733,228441,9,3538,0.002543810062182024,19.67128321085359,male,5-9,238,0.030777188671925516,7.829132222931873e-05,3.939748118770273e-05,1.212543711712563e-06
2019,E02004522,E07000071,12010,228441,9,2824,0.003186968838526912,38.27549575070822,female,5-9,208,0.017318900915903414,5.519479753651938e-05,3.939748118770273e-05,6.823210730259923e-07
2019,E02004522,E07000071,12010,228441,9,2824,0.003186968838526912,38.27549575070822,male,5-9,205,0.01706910907577019,5.43987187258965e-05,3.939748118770273e-05,6.72479903703502e-07
2019,E02004526,E07000071,7285,228441,8,3181,0.002514932411191449,18.321282615529707,female,5-9,130,0.017844886753603295,4.487868407067788e-05,3.501998327795798e-05,6.249276357082413e-07
2019,E02004526,E07000071,7285,228441,8,3181,0.002514932411191449,18.321282615529707,male,5-9,143,0.019629375428963623,4.936655247774567e-05,3.501998327795798e-05,6.874203992790653e-07
2019,E02006235,E07000200,8200,228441,24,2985,0.008040201005025126,65.92964824120604,female,5-9,216,0.026341463414634145,0.00021179066062017405,0.00010505994983387396,2.7674328248922895e-06
2019,E02006235,E07000200,8200,228441,24,2985,0.008040201005025126,65.92964824120604,male,5-9,224,0.027317073170731707,0.000219634759161662,0.00010505994983387396,2.8699303369253375e-06
2019,E02004513,E07000071,13590,228441,10,3781,0.0026448029621793175,35.942872256016926,female,5-9,387,0.02847682119205298,7.531558104219249e-05,4.3774979097447484e-05,1.2465722524438688e-06
2019,E02004513,E07000071,13590,228441,10,3781,0.0026448029621793175,35.942872256016926,male,5-9,425,0.03127299484915379,8.271090941326048e-05,4.3774979097447484e-05,1.36897469583629e-06
2019,E02004582,E07000076,7003,228441,9,3302,0.0027256208358570565,19.087522713506967,female,5-9,157,0.02241896330144224,6.110559349272567e-05,3.939748118770273e-05,8.832506849163685e-07
2019,E02004582,E07000076,7003,228441,9,3302,0.0027256208358570565,19.087522713506967,male,5-9,130,0.018563472797372554,5.0596988242384316e-05,3.939748118770273e-05,7.313540703129166e-07
2019,E02004520,E07000071,9529,228441,11,3753,0.002930988542499334,27.929389821476153,female,5-9,444,0.04659460593976283,0.00013656825615171626,4.815247700719223e-05,2.243645691173612e-06
2019,E02004520,E07000071,9529,228441,11,3753,0.002930988542499334,27.929389821476153,male,5-9,478,0.050162661349564486,0.00014702618567684767,4.815247700719223e-05,2.4154563972544742e-06
2019,E02004579,E07000076,7266,228441,8,3141,0.0025469595670168737,18.506208213944603,female,5-9,158,0.021745114230663363,5.538392672566282e-05,3.501998327795798e-05,7.615135367351171e-07
2019,E02004579,E07000076,7266,228441,8,3141,0.0025469595670168737,18.506208213944603,male,5-9,217,0.029865125240847785,7.606526645233438e-05,3.501998327795798e-05,1.0458761865286102e-06
2019,E02004559,E07000074,7711,228441,8,2504,0.003194888178913738,24.635782747603834,female,5-9,176,0.02282453637660485,7.292184145880144e-05,3.501998327795798e-05,7.993148822358455e-07
2019,E02004559,E07000074,7711,228441,8,2504,0.003194888178913738,24.635782747603834,male,5-9,189,0.02451043963169498,7.830811383928108e-05,3.501998327795798e-05,8.583551860373568e-07
2019,E02004575,E07000076,11687,228441,12,4223,0.0028415818138763913,33.20956665877338,female,5-9,328,0.028065371780610936,7.97500500514637e-05,5.252997491693698e-05,1.4742732756700034e-06
2019,E02004575,E07000076,11687,228441,12,4223,0.0028415818138763913,33.20956665877338,male,5-9,302,0.025840677676050312,7.342839974250622e-05,5.252997491693698e-05,1.3574101501595762e-06
2019,E02004588,E07000076,7179,228441,8,3751,0.0021327645961077045,15.311117035457212,female,5-9,197,0.027441147792171612,5.8525508487702715e-05,3.501998327795798e-05,9.609885368098235e-07
2019,E02004588,E07000076,7179,228441,8,3751,0.0021327645961077045,15.311117035457212,male,5-9,212,0.02953057528903747,6.298176547915216e-05,3.501998327795798e-05,1.0341602528105714e-06
2019,E02004512,E07000071,11610,228441,14,4353,0.0032161727544222376,37.33976567884218,female,5-9,280,0.024117140396210164,7.756488985686706e-05,6.128497073642647e-05,1.4780182434280285e-06
2019,E02004512,E07000071,11610,228441,14,4353,0.0032161727544222376,37.33976567884218,male,5-9,338,0.029112833763996555,9.363190275578951e-05,6.128497073642647e-05,1.7841791652809773e-06
2019,E02004509,E07000071,14885,228441,13,4843,0.0026842865992153624,39.95560602932067,female,5-9,589,0.039570036949949615,0.00010621731991520648,5.690747282668173e-05,2.2518308024800495e-06
2019,E02004509,E07000071,14885,228441,13,4843,0.0026842865992153624,39.95560602932067,male,5-9,598,0.04017467248908297,0.0001078403349903115,5.690747282668173e-05,2.286239082993327e-06
2019,E02004585,E07000076,8674,228441,8,4088,0.0019569471624266144,16.974559686888455,female,5-9,294,0.03389439704865114,6.632954412651886e-05,3.501998327795798e-05,1.1869812178602312e-06
2019,E02004585,E07000076,8674,228441,8,4088,0.0019569471624266144,16.974559686888455,male,5-9,268,0.03089693336407655,6.0463666074513795e-05,3.501998327795798e-05,1.0820100897501428e-06
2019,E02004580,E07000076,12194,228441,9,5534,0.0016263100831225153,19.831225153595952,female,5-9,265,0.021731999343939642,3.534296965946093e-05,3.939748118770273e-05,8.561860353240301e-07
2019,E02004580,E07000076,12194,228441,9,5534,0.0016263100831225153,19.831225153595952,male,5-9,254,0.020829916352304412,3.387590299435123e-05,3.939748118770273e-05,8.206462376313346e-07
2019,E02004590,E07000076,8402,228441,9,4502,0.0019991115059973343,16.796534873389604,female,5-9,174,0.02070935491549631,4.140030969335113e-05,3.939748118770273e-05,8.15896420692725e-07
2019,E02004590,E07000076,8402,228441,9,4502,0.0019991115059973343,16.796534873389604,male,5-9,166,0.019757200666507973,3.949684717871429e-05,3.939748118770273e-05,7.783839415804157e-07
2019,E02004595,E07000077,14491,228441,8,5057,0.0015819655922483687,22.924263397271112,female,5-9,451,0.031122765854668416,4.9235144717687824e-05,3.501998327795798e-05,1.0899187397942895e-06
2019,E02004595,E07000077,14491,228441,8,5057,0.0015819655922483687,22.924263397271112,male,5-9,545,0.03760955075564143,5.949701523534338e-05,3.501998327795798e-05,1.3170858385540749e-06
2019,E02006922,E07000071,13943,228441,14,5702,0.002455278849526482,34.23395299894774,female,5-9,350,0.025102201821702648,6.163290520937163e-05,6.128497073642647e-05,1.538387704062918e-06
2019,E02006922,E07000071,13943,228441,14,5702,0.002455278849526482,34.23395299894774,male,5-9,408,0.029261995266441944,7.184635807263894e-05,6.128497073642647e-05,1.7933205235933443e-06
2019,E02004523,E07000071,10335,228441,10,4139,0.0024160425223483935,24.969799468470647,female,5-9,369,0.035703918722786644,8.626218584872348e-05,4.3774979097447484e-05,1.5629382957869493e-06
2019,E02004523,E07000071,10335,228441,10,4139,0.0024160425223483935,24.969799468470647,male,5-9,418,0.040445089501693274,9.771705605627754e-05,4.3774979097447484e-05,1.7704829475310157e-06
2019,E02005579,E07000147,12901,228441,4648,5056,0.9193037974683544,11859.93829113924,female,5-9,356,0.02759476009611658,0.025367967746588185,0.02034661028449359,0.0005614598295697789
2019,E02005579,E07000147,12901,228441,4648,5056,0.9193037974683544,11859.93829113924,male,5-9,311,0.024106658398573753,0.02216134261008125,0.02034661028449359,0.0004904887836971945
2019,E02006292,E07000244,6857,228441,50,2404,0.020798668885191347,142.61647254575706,female,5-9,174,0.02537552865684702,0.0005277772183204455,0.0002188748954872374,5.554066182700789e-06
2019,E02006292,E07000244,6857,228441,50,2404,0.020798668885191347,142.61647254575706,male,5-9,166,0.02420883768411842,0.0005035115990873215,0.0002188748954872374,5.298706817978913e-06
2019,E02006250,E07000202,10945,228441,56,4152,0.01348747591522158,147.62042389210018,female,5-9,329,0.03005938784833257,0.0004054252696306898,0.0002451398829457059,7.36875481855982e-06
2019,E02006250,E07000202,10945,228441,56,4152,0.01348747591522158,147.62042389210018,male,5-9,357,0.03261763362265875,0.0004399295478971315,0.0002451398829457059,7.995882888224486e-06
2019,E02005594,E07000148,11105,228441,3270,3517,0.92976969007677,10325.092408302531,female,5-9,261,0.0235029266096353,0.021852308789737686,0.014314418164865327,0.0003364307195884602
2019,E02005594,E07000148,11105,228441,3270,3517,0.92976969007677,10325.092408302531,male,5-9,258,0.023232778027915353,0.02160113282663725,0.014314418164865327,0.0003325636998230756
2019,E02005602,E07000149,12285,228441,3889,4252,0.9146284101599247,11236.210018814674,female,5-9,318,0.025885225885225887,0.02367536299803468,0.017024089370997326,0.0004406723988585389
2019,E02005602,E07000149,12285,228441,3889,4252,0.9146284101599247,11236.210018814674,male,5-9,341,0.027757427757427757,0.025387732019905112,0.017024089370997326,0.000472544930851452
2019,E02005535,E07000144,7243,228441,2248,2438,0.9220672682526662,6678.533223954061,female,5-9,204,0.028165124948225873,0.025970139821005645,0.009840615301106194,0.00027716215952307933
2019,E02005535,E07000144,7243,228441,2248,2438,0.9220672682526662,6678.533223954061,male,5-9,229,0.03161673339776336,0.029152754995148494,0.009840615301106194,0.00031112811044502534
2019,E02006230,E07000200,11148,228441,70,4587,0.01526051885764116,170.12426422498365,female,5-9,351,0.03148546824542519,0.00048048458190097303,0.0003064248536821324,9.64793000021784e-06
2019,E02006230,E07000200,11148,228441,70,4587,0.01526051885764116,170.12426422498365,male,5-9,349,0.03130606386795838,0.00047774677801549743,0.0003064248536821324,9.592956040102638e-06
2019,E02006294,E07000244,8228,228441,52,3741,0.013900026730820636,114.36941994119219,female,5-9,166,0.020175012153621778,0.0002804332082299739,0.0002276298913067269,4.59243582364082e-06
2019,E02006294,E07000244,8228,228441,52,3741,0.013900026730820636,114.36941994119219,male,5-9,198,0.02406417112299465,0.0003344926218646677,0.0002276298913067269,5.477724657113749e-06
2019,E02006296,E07000244,13489,228441,80,5153,0.015524936929943722,209.41587424801088,female,5-9,454,0.03365705389576692,0.0005225236389794981,0.0003501998327795799,1.1786694646150882e-05
2019,E02006296,E07000244,13489,228441,80,5153,0.015524936929943722,209.41587424801088,male,5-9,457,0.033879457335606794,0.0005259764383560146,0.0003501998327795799,1.186458029359241e-05
2019,E02006313,E07000244,10033,228441,688,4581,0.1501855490067671,1506.8116131848942,female,5-9,254,0.02531645569620253,0.003802165797639673,0.0030117185619043868,7.624603954188321e-05
2019,E02006313,E07000244,10033,228441,688,4581,0.1501855490067671,1506.8116131848942,male,5-9,225,0.022425994219077046,0.003368060253814671,0.0030117185619043868,6.754078305875481e-05
2019,E02006295,E07000244,9796,228441,69,4175,0.01652694610778443,161.89796407185628,female,5-9,292,0.029808084932625562,0.0004926366132577638,0.00030204735577238763,9.0034532345383e-06
2019,E02006295,E07000244,9796,228441,69,4175,0.01652694610778443,161.89796407185628,male,5-9,304,0.0310330747243773,0.0005128819535286308,0.00030204735577238763,9.37345816198508e-06
2019,E02005597,E07000149,16660,228441,5376,5722,0.9395316322963999,15652.596994058022,female,5-9,587,0.03523409363745498,0.033103545507682276,0.023533428762787766,0.0008291790326384404
2019,E02005597,E07000149,16660,228441,5376,5722,0.9395316322963999,15652.596994058022,male,5-9,590,0.035414165666266505,0.03327272887484249,0.023533428762787766,0.0008334167449006472
2019,E02006267,E07000203,8615,228441,87,3046,0.02856204858831254,246.06204858831254,female,5-9,206,0.02391178177597214,0.0006829694729184426,0.0003808423181477931,9.106618402605383e-06
2019,E02006267,E07000203,8615,228441,87,3046,0.02856204858831254,246.06204858831254,male,5-9,240,0.027858386535113175,0.0007956925898078943,0.0003808423181477931,1.0609652507889767e-05
2019,E02005538,E07000145,9068,228441,751,4616,0.1626949740034662,1475.3180242634314,female,5-9,175,0.01929863255403617,0.0031397905216813612,0.0032875009302183057,6.344427247333519e-05
2019,E02005538,E07000145,9068,228441,751,4616,0.1626949740034662,1475.3180242634314,male,5-9,201,0.0221658579620644,0.003606273684902592,0.0032875009302183057,7.287027866937356e-05
2019,E02006271,E07000203,9748,228441,54,3734,0.0144617032672737,140.97268344938402,female,5-9,263,0.026979893311448504,0.0003901752112528707,0.0002363848871262164,6.377639035104115e-06
2019,E02006271,E07000203,9748,228441,54,3734,0.0144617032672737,140.97268344938402,male,5-9,255,0.02615921214608125,0.00037830676376228906,0.0002363848871262164,6.183642410462165e-06
2019,E02006312,E07000244,8830,228441,965,3470,0.2780979827089337,2455.605187319885,female,5-9,220,0.02491506228765572,0.006928828561264487,0.004224285482903682,0.00010524833592738505
2019,E02006312,E07000244,8830,228441,965,3470,0.2780979827089337,2455.605187319885,male,5-9,256,0.0289920724801812,0.008062636871289585,0.004224285482903682,0.0001224707908973208
2019,E02005520,E07000144,8657,228441,3033,3252,0.9326568265682657,8074.010147601476,female,5-9,231,0.026683608640406607,0.02488664975595118,0.013276951160255821,0.0003542769686980588
2019,E02005520,E07000144,8657,228441,3033,3252,0.9326568265682657,8074.010147601476,male,5-9,233,0.02691463555504216,0.025102118585007032,0.013276951160255821,0.0003573443017603796
2019,E02006237,E07000200,7731,228441,59,2944,0.020040760869565216,154.9351222826087,female,5-9,203,0.02625792264907515,0.0005262287487416555,0.00025827237667494014,6.781696089123379e-06
2019,E02006237,E07000200,7731,228441,59,2944,0.020040760869565216,154.9351222826087,male,5-9,201,0.025999223903764065,0.0005210442290496195,0.00025827237667494014,6.71488134932906e-06
2019,E02005604,E07000149,8600,228441,2789,3152,0.8848350253807107,7609.581218274112,female,5-9,205,0.023837209302325583,0.02109199769802857,0.012208841670278102,0.00029102471423337337
2019,E02005604,E07000149,8600,228441,2789,3152,0.8848350253807107,7609.581218274112,male,5-9,223,0.025930232558139536,0.022943977983709125,0.012208841670278102,0.00031657810377581593
2019,E02006258,E07000202,9082,228441,63,4222,0.014921837991473235,135.52013263855991,female,5-9,319,0.035124421933494826,0.0005241209336357589,0.00027578236831391915,9.686696266476571e-06
2019,E02006258,E07000202,9082,228441,63,4222,0.014921837991473235,135.52013263855991,male,5-9,319,0.035124421933494826,0.0005241209336357589,0.00027578236831391915,9.686696266476571e-06
2019,E02003619,E06000055,11815,228441,9,5224,0.0017228177641653904,20.355091883614087,female,5-9,440,0.03724079559881507,6.415910420929089e-05,3.939748118770273e-05,1.4671935440193992e-06
2019,E02003619,E06000055,11815,228441,9,5224,0.0017228177641653904,20.355091883614087,male,5-9,437,0.036986881083368596,6.372165577150026e-05,3.939748118770273e-05,1.4571899516738122e-06
2019,E02006261,E07000203,8070,228441,1036,3144,0.32951653944020354,2659.1984732824426,female,5-9,199,0.02465923172242875,0.008125624702428811,0.004535087834495559,0.00011183178179239358
2019,E02006261,E07000203,8070,228441,1036,3144,0.32951653944020354,2659.1984732824426,male,5-9,206,0.02552664188351921,0.008411450696986608,0.004535087834495559,0.00011576556306147276
2019,E02006306,E07000244,7510,228441,473,3378,0.14002368265245707,1051.5778567199527,female,5-9,247,0.03288948069241012,0.004605306207078149,0.002070556511309266,6.809952840125016e-05
2019,E02006306,E07000244,7510,228441,473,3378,0.14002368265245707,1051.5778567199527,male,5-9,252,0.03355525965379494,0.004698531029083779,0.002070556511309266,6.947806136483822e-05
2019,E02006303,E07000244,8152,228441,445,3523,0.12631280158955435,1029.7019585580472,female,5-9,275,0.03373405299313052,0.004261042742532807,0.001947986569836413,6.57134821767681e-05
2019,E02006303,E07000244,8152,228441,445,3523,0.12631280158955435,1029.7019585580472,male,5-9,273,0.03348871442590775,0.004230053340768932,0.001947986569836413,6.523556594275523e-05
2019,E02006228,E07000200,6121,228441,22,2586,0.008507347254447023,52.07347254447023,female,5-9,167,0.027283123672602515,0.00023210700726885357,9.630495401438446e-05,2.6274999706587493e-06
2019,E02006228,E07000200,6121,228441,22,2586,0.008507347254447023,52.07347254447023,male,5-9,171,0.02793661166476066,0.00023766645654475427,9.630495401438446e-05,2.690434101692492e-06
2019,E02006266,E07000203,9653,228441,49,4297,0.011403304631138002,110.07609960437514,female,5-9,233,0.02413757381125039,0.00027524810722626695,0.00021449739757749265,5.177446766347849e-06
2019,E02006266,E07000203,9653,228441,49,4297,0.011403304631138002,110.07609960437514,male,5-9,252,0.02610587382160986,0.0002976932318498681,0.00021449739757749265,5.5996419962217075e-06
2019,E02006245,E07000202,7778,228441,49,3627,0.013509787703336091,105.07912875654812,female,5-9,270,0.034713293905888405,0.00046896923115206284,0.00021449739757749265,7.445911204155698e-06
2019,E02006245,E07000202,7778,228441,49,3627,0.013509787703336091,105.07912875654812,male,5-9,288,0.0370275134996143,0.0005002338465622004,0.00021449739757749265,7.942305284432744e-06
2019,E02006289,E07000244,9527,228441,111,3942,0.02815829528158295,268.26407914764076,female,5-9,251,0.02634617403169938,0.0007418633479245639,0.00048590226798166705,1.2801665714642428e-05
2019,E02006289,E07000244,9527,228441,111,3942,0.02815829528158295,268.26407914764076,male,5-9,273,0.028655400440852314,0.0008068872270255217,0.00048590226798166705,1.3923724064133e-05
2019,E02006286,E07000245,11775,228441,11,4724,0.0023285351397121083,27.418501270110074,female,5-9,417,0.0354140127388535,8.246277310063262e-05,4.815247700719223e-05,1.705272434140056e-06
2019,E02006286,E07000245,11775,228441,11,4724,0.0023285351397121083,27.418501270110074,male,5-9,401,0.0340552016985138,7.929873384497287e-05,4.815247700719223e-05,1.6398423167629797e-06
2019,E02006280,E07000245,9789,228441,32,4150,0.0077108433734939755,75.48144578313253,female,5-9,266,0.027173357850648686,0.00020952950631825492,0.00014007993311183193,3.806442150142741e-06
2019,E02006280,E07000245,9789,228441,32,4150,0.0077108433734939755,75.48144578313253,male,5-9,316,0.03228113188272551,0.0002489147518667991,0.00014007993311183193,4.521938794906414e-06
2019,E02006290,E07000244,8129,228441,72,3583,0.020094892548144012,163.35138152386267,female,5-9,170,0.02091278139992619,0.00042024009511434153,0.00031517984950162184,6.591287294289053e-06
2019,E02006290,E07000244,8129,228441,72,3583,0.020094892548144012,163.35138152386267,male,5-9,182,0.022388977734038626,0.000449904101828295,0.00031517984950162184,7.056554632709456e-06
2019,E02006227,E07000200,6270,228441,24,2589,0.009269988412514484,58.12282734646582,female,5-9,126,0.020095693779904306,0.0001862868484811523,0.00010505994983387396,2.1112525803936394e-06
2019,E02006227,E07000200,6270,228441,24,2589,0.009269988412514484,58.12282734646582,male,5-9,140,0.022328548644338118,0.00020698538720128034,0.00010505994983387396,2.345836200437377e-06
2019,E02006249,E07000202,8185,228441,53,3215,0.016485225505443235,134.93157076205287,female,5-9,255,0.031154551007941355,0.0005135897988867471,0.00023200738921647164,7.228086041563869e-06
2019,E02006249,E07000202,8185,228441,53,3215,0.016485225505443235,134.93157076205287,male,5-9,219,0.026756261453879045,0.0004410830037497945,0.00023200738921647164,6.207650365107793e-06
2019,E02006262,E07000203,9118,228441,277,3705,0.0747638326585695,681.6966261808368,female,5-9,210,0.023031366527747312,0.0017219132329786791,0.0012125669209992953,2.792707319695679e-05
2019,E02006262,E07000203,9118,228441,277,3705,0.0747638326585695,681.6966261808368,male,5-9,244,0.026760254441763543,0.002000699184984751,0.0012125669209992953,3.244859933360693e-05
2019,E02006268,E07000203,6407,228441,39,3227,0.012085528354508832,77.43198016733808,female,5-9,210,0.03277665053847355,0.00039612313944854924,0.00017072241848004518,5.595709049603479e-06
2019,E02006268,E07000203,6407,228441,39,3227,0.012085528354508832,77.43198016733808,male,5-9,212,0.03308880911503043,0.00039989574077663057,0.00017072241848004518,5.6490015167425595e-06
2019,E02006257,E07000202,6460,228441,45,3015,0.014925373134328358,96.41791044776119,female,5-9,228,0.03529411764705882,0.0005267778753292362,0.00019698740593851365,6.952496680182835e-06
2019,E02006257,E07000202,6460,228441,45,3015,0.014925373134328358,96.41791044776119,male,5-9,219,0.03390092879256966,0.0005059840118293979,0.00019698740593851365,6.678056021754565e-06
2019,E02006265,E07000203,7283,228441,60,2946,0.020366598778004074,148.32993890020367,female,5-9,179,0.02457778388026912,0.0005005658631419373,0.0002626498745846849,6.455351853722174e-06
2019,E02006265,E07000203,7283,228441,60,2946,0.020366598778004074,148.32993890020367,male,5-9,200,0.027461211039406838,0.0005592914671976953,0.0002626498745846849,7.21268363544377e-06
2019,E02006253,E07000202,6895,228441,47,3085,0.015235008103727715,105.0453808752026,female,5-9,171,0.024800580130529368,0.0003778370392657635,0.00020574240175800316,5.102530921046924e-06
2019,E02006253,E07000202,6895,228441,47,3085,0.015235008103727715,105.0453808752026,male,5-9,168,0.024365482233502538,0.00037120831927864485,0.00020574240175800316,5.013012834712767e-06
2019,E02006263,E07000203,7712,228441,950,2788,0.34074605451936874,2627.8335724533717,female,5-9,183,0.023729253112033194,0.008085649374616763,0.00415862301425751,9.868101810284289e-05
2019,E02006263,E07000203,7712,228441,950,2788,0.34074605451936874,2627.8335724533717,male,5-9,185,0.02398858921161826,0.008174017127344816,0.00415862301425751,9.975949917500511e-05
2019,E02006247,E07000202,8915,228441,57,3837,0.014855355746677092,132.43549648162627,female,5-9,352,0.03948401570386988,0.0005865490995883721,0.00024951738085545063,9.851948184085095e-06
2019,E02006247,E07000202,8915,228441,57,3837,0.014855355746677092,132.43549648162627,male,5-9,357,0.04004486819966349,0.0005948807629347978,0.00024951738085545063,9.99189062988176e-06
2019,E02006291,E07000244,7681,228441,68,3090,0.022006472491909384,169.03171521035597,female,5-9,181,0.02356464002083062,0.000518574602400156,0.0002976698578626429,7.014483045584996e-06
2019,E02006291,E07000244,7681,228441,68,3090,0.022006472491909384,169.03171521035597,male,5-9,259,0.03371956776461398,0.000742048740451052,0.0002976698578626429,1.0037298943682399e-05
2019,E02006301,E07000244,6451,228441,46,3009,0.015287470920571618,98.61947490860751,female,5-9,156,0.024182297318245234,0.00036968616704529105,0.0002013649038482584,4.869465974318449e-06
2019,E02006301,E07000244,6451,228441,46,3009,0.015287470920571618,98.61947490860751,male,5-9,172,0.02666253294062936,0.0004076026969986542,0.0002013649038482584,5.368898381940853e-06
2019,E02006283,E07000245,7626,228441,13,3104,0.004188144329896907,31.938788659793815,female,5-9,165,0.021636506687647522,9.061681280264748e-05,5.690747282668173e-05,1.2312789163916188e-06
2019,E02006283,E07000245,7626,228441,13,3104,0.004188144329896907,31.938788659793815,male,5-9,182,0.023865722528193023,9.995309048534449e-05,5.690747282668173e-05,1.3581379562622704e-06
2019,E02006272,E07000203,7642,228441,56,3187,0.017571383746470035,134.280514590524,female,5-9,201,0.026302015179272442,0.0004621628020204759,0.0002451398829457059,6.447672922283026e-06
2019,E02006272,E07000203,7642,228441,56,3187,0.017571383746470035,134.280514590524,male,5-9,173,0.022638052865741953,0.00039778191417682755,0.0002451398829457059,5.549489629626684e-06
2019,E02006297,E07000244,8226,228441,45,3235,0.013910355486862442,114.42658423493044,female,5-9,213,0.025893508388037927,0.00036018790647966204,0.00019698740593851365,5.1006950480067356e-06
2019,E02006297,E07000244,8226,228441,45,3235,0.013910355486862442,114.42658423493044,male,5-9,204,0.024799416484318017,0.00034496869916362003,0.00019698740593851365,4.88517272203462e-06
2019,E02006270,E07000203,13467,228441,59,4858,0.01214491560312886,163.55557842733637,female,5-9,451,0.03348927006757259,0.00040672435858105864,0.00025827237667494014,8.649353373460906e-06
2019,E02006270,E07000203,13467,228441,59,4858,0.01214491560312886,163.55557842733637,male,5-9,440,0.03267245860250984,0.00039680425227420354,0.00025827237667494014,8.438393535083811e-06
2019,E02006255,E07000202,8208,228441,58,3059,0.01896044458973521,155.6273291925466,female,5-9,221,0.02692495126705653,0.000510509046580346,0.0002538948787651954,6.8361072377081115e-06
2019,E02006255,E07000202,8208,228441,58,3059,0.01896044458973521,155.6273291925466,male,5-9,252,0.03070175438596491,0.0005821189128427476,0.0002538948787651954,7.795018207703366e-06
2019,E02006252,E07000202,9269,228441,37,3710,0.009973045822102426,92.44016172506738,female,5-9,310,0.033444816053511704,0.00033354668301345904,0.00016196742266055567,5.416970657543668e-06
2019,E02006252,E07000202,9269,228441,37,3710,0.009973045822102426,92.44016172506738,male,5-9,312,0.033660589060308554,0.00033569859709741686,0.00016196742266055567,5.451918855334272e-06
2019,E02006300,E07000244,7781,228441,61,3606,0.01691625069328896,131.62534664448143,female,5-9,234,0.03007325536563424,0.0005087267269283662,0.00026702737249442965,8.030382362639319e-06
2019,E02006300,E07000244,7781,228441,61,3606,0.01691625069328896,131.62534664448143,male,5-9,255,0.032772137257421924,0.0005543816896014246,0.00026702737249442965,8.75105770287618e-06
2019,E02006248,E07000202,8109,228441,44,3404,0.012925969447708578,104.81668625146885,female,5-9,262,0.032309779257614996,0.00041763521954613975,0.00019260990802876893,6.22318361123905e-06
2019,E02006248,E07000202,8109,228441,44,3404,0.012925969447708578,104.81668625146885,male,5-9,314,0.03872240720187446,0.0005005246524331599,0.00019260990802876893,7.458319289805579e-06
2019,E02006229,E07000200,5937,228441,16,2606,0.0061396776669224865,36.451266308518804,female,5-9,129,0.021728145528044467,0.00013340380984217632,7.003996655591596e-05,1.5218385861063094e-06
2019,E02006229,E07000200,5937,228441,16,2606,0.0061396776669224865,36.451266308518804,male,5-9,133,0.022401886474650495,0.00013754036208534455,7.003996655591596e-05,1.569027379473947e-06
2019,E02006231,E07000200,8619,228441,37,3270,0.011314984709480122,97.52385321100917,female,5-9,218,0.025292957419654254,0.0002861894264609197,0.00016196742266055567,4.096635124724578e-06
2019,E02006231,E07000200,8619,228441,37,3270,0.011314984709480122,97.52385321100917,male,5-9,240,0.027845457709711103,0.0003150709282138565,0.00016196742266055567,4.510057018045407e-06
2019,E02006260,E07000202,8746,228441,64,3841,0.016662327518875295,145.72871648008334,female,5-9,336,0.03841756231420078,0.0006401260057560141,0.00028015986622366386,1.0763059118585761e-05
2019,E02006260,E07000202,8746,228441,64,3841,0.016662327518875295,145.72871648008334,male,5-9,336,0.03841756231420078,0.0006401260057560141,0.00028015986622366386,1.0763059118585761e-05
2019,E02006254,E07000202,9499,228441,71,4098,0.017325524646168863,164.57515861395802,female,5-9,292,0.03074007790293715,0.0005325879773324884,0.00031080235159187714,9.554088500350366e-06
2019,E02006254,E07000202,9499,228441,71,4098,0.017325524646168863,164.57515861395802,male,5-9,329,0.034635224760501106,0.00060007344021366,0.00031080235159187714,1.0764709303476953e-05
2019,E02006299,E07000244,8381,228441,52,3938,0.013204672422549517,110.6683595733875,female,5-9,150,0.017897625581672832,0.000236332282947432,0.0002276298913067269,4.0740345658046815e-06
2019,E02006299,E07000244,8381,228441,52,3938,0.013204672422549517,110.6683595733875,male,5-9,184,0.021954420713518673,0.00028990093374884994,0.0002276298913067269,4.99748240072041e-06
2019,E02006298,E07000244,9290,228441,58,3706,0.015650296815974095,145.39125742039934,female,5-9,250,0.02691065662002153,0.0004211597636160951,0.0002538948787651954,6.832477900032169e-06
2019,E02006298,E07000244,9290,228441,58,3706,0.015650296815974095,145.39125742039934,male,5-9,243,0.026157158234660926,0.00040936729023484446,0.0002538948787651954,6.6411685188312675e-06
2019,E02006234,E07000200,9751,228441,20,3978,0.005027652086475616,49.024635495223734,female,5-9,303,0.031073736027074146,0.00015622793377111186,8.754995819489497e-05,2.7205042901295432e-06
2019,E02006234,E07000200,9751,228441,20,3978,0.005027652086475616,49.024635495223734,male,5-9,309,0.031689057532560766,0.00015932155622202498,8.754995819489497e-05,2.7743756622113166e-06
2019,E02006236,E07000200,10362,228441,53,3957,0.013393985342431134,138.7884761182714,female,5-9,285,0.027504342790966994,0.0003683927641954134,0.00023200738921647164,6.381210763047135e-06
2019,E02006236,E07000200,10362,228441,53,3957,0.013393985342431134,138.7884761182714,male,5-9,287,0.02769735572283343,0.00037097797657573205,0.00023200738921647164,6.425991189454483e-06
2019,E02006259,E07000202,7100,228441,51,3158,0.016149461684610514,114.66117796073465,female,5-9,261,0.03676056338028169,0.0005936633098145555,0.00022325239339698215,8.206883757269345e-06
2019,E02006259,E07000202,7100,228441,51,3158,0.016149461684610514,114.66117796073465,male,5-9,278,0.03915492957746479,0.0006323310349748906,0.00022325239339698215,8.741431741459302e-06
2019,E02006239,E07000245,7719,228441,32,2380,0.013445378151260505,103.78487394957983,female,5-9,270,0.03497862417411582,0.00047030082923180935,0.00014007993311183193,4.899803334654051e-06
2019,E02006239,E07000245,7719,228441,32,2380,0.013445378151260505,103.78487394957983,male,5-9,283,0.03666278015286954,0.0004929449432318594,0.00014007993311183193,5.135719791507765e-06
2019,E02006826,E07000245,9804,228441,18,3898,0.004617752693689072,45.27244740892766,female,5-9,294,0.029987760097919217,0.0001384760599698681,7.879496237540546e-05,2.3628844286382297e-06
2019,E02006826,E07000245,9804,228441,18,3898,0.004617752693689072,45.27244740892766,male,5-9,325,0.033149734802121585,0.00015307727717757532,7.879496237540546e-05,2.6120321064878392e-06
2019,E02003744,E07000010,14355,228441,239,6893,0.034672856521108374,497.7288553605107,female,5-9,379,0.026401950539881574,0.0009154310429467135,0.0010462220004289948,2.762230150906228e-05
2019,E02003744,E07000010,14355,228441,239,6893,0.034672856521108374,497.7288553605107,male,5-9,337,0.02347614071752003,0.0008139848587679221,0.0010462220004289948,2.4561254903836382e-05
2019,E02005517,E07000143,6533,228441,306,2500,0.1224,799.6392,female,5-9,270,0.041328639216286545,0.005058625440073473,0.001339514360381893,5.536030572525809e-05
2019,E02005517,E07000143,6533,228441,306,2500,0.1224,799.6392,male,5-9,274,0.041940915352824126,0.005133568039185673,0.001339514360381893,5.6180458402669326e-05
2019,E02005519,E07000143,8913,228441,424,3683,0.11512354059190877,1026.096117295683,female,5-9,338,0.03792213620554247,0.004365730586790661,0.001856059113731773,7.038572651647473e-05
2019,E02005519,E07000143,8913,228441,424,3683,0.11512354059190877,1026.096117295683,male,5-9,386,0.043307528329406486,0.004985715995565666,0.001856059113731773,8.038133264899186e-05
2019,E02006269,E07000203,7508,228441,35,2973,0.011772620248906828,88.38883282879247,female,5-9,179,0.02384123601491742,0.00028067381786818355,0.0001532124268410662,3.6527736287361276e-06
2019,E02006269,E07000203,7508,228441,35,2973,0.011772620248906828,88.38883282879247,male,5-9,200,0.02663825253063399,0.0003136020311376353,0.0001532124268410662,4.0813113170236065e-06
2019,E02006242,E07000245,9994,228441,28,3639,0.007694421544380325,76.89804891453696,female,5-9,424,0.042425455273163895,0.0003264393370839761,0.00012256994147285294,5.200085569790838e-06
2019,E02006242,E07000245,9994,228441,28,3639,0.007694421544380325,76.89804891453696,male,5-9,408,0.04082449469681809,0.00031412087153363745,0.00012256994147285294,5.0038559256477885e-06
2019,E02005512,E07000143,9450,228441,2888,3385,0.8531757754800591,8062.511078286559,female,5-9,277,0.029312169312169314,0.025008432783912845,0.012642213963342832,0.00037057071617417614
2019,E02005512,E07000143,9450,228441,2888,3385,0.8531757754800591,8062.511078286559,male,5-9,256,0.02708994708994709,0.02311248661617938,0.012642213963342832,0.00034247690736674763
2019,E02006264,E07000203,8672,228441,29,3559,0.00814835627985389,70.66254565889294,female,5-9,221,0.02548431734317343,0.00020765529726103664,0.0001269474393825977,3.235168831129392e-06
2019,E02006264,E07000203,8672,228441,29,3559,0.00814835627985389,70.66254565889294,male,5-9,276,0.031826568265682656,0.0002593342173938738,0.0001269474393825977,4.040301345663856e-06
2019,E02006282,E07000245,6368,228441,17,2675,0.006355140186915888,40.469532710280376,female,5-9,163,0.02559673366834171,0.00016267083078946133,7.441746446566072e-05,1.9048440182008003e-06
2019,E02006282,E07000245,6368,228441,17,2675,0.006355140186915888,40.469532710280376,male,5-9,154,0.024183417085427136,0.00015368900577654627,7.441746446566072e-05,1.7996685816130263e-06
2019,E02006284,E07000245,7933,228441,10,3332,0.003001200480192077,23.808523409363747,female,5-9,273,0.034413210639102486,0.00010328094429502547,4.3774979097447484e-05,1.5064375764027686e-06
2019,E02006284,E07000245,7933,228441,10,3332,0.003001200480192077,23.808523409363747,male,5-9,293,0.03693432497163746,0.00011084731384044857,4.3774979097447484e-05,1.6167993036117626e-06
2019,E02005511,E07000143,8248,228441,2831,3289,0.8607479477044695,7099.449072666464,female,5-9,165,0.020004849660523762,0.01721913328943228,0.012392696582487381,0.00024791403202114665
2019,E02005511,E07000143,8248,228441,2831,3289,0.8607479477044695,7099.449072666464,male,5-9,224,0.027158098933074686,0.023376277920198977,0.012392696582487381,0.00033656207983476884
2019,E02006240,E07000245,10485,228441,46,3221,0.014281279105867743,149.73921142502329,female,5-9,451,0.0430138292799237,0.0006142925013587364,0.0002013649038482584,8.661475597097238e-06
2019,E02006240,E07000245,10485,228441,46,3221,0.014281279105867743,149.73921142502329,male,5-9,534,0.050929899856938486,0.0007273441146908321,0.0002013649038482584,1.0255494387693848e-05
2019,E02006243,E07000245,8966,228441,13,3683,0.0035297311973934292,31.647569915829486,female,5-9,309,0.03446352888690609,0.00012164699308438207,5.690747282668173e-05,1.9612323336431693e-06
2019,E02006243,E07000245,8966,228441,13,3683,0.0035297311973934292,31.647569915829486,male,5-9,316,0.035244256078518846,0.00012440275020927097,5.690747282668173e-05,2.0056615450849234e-06
2019,E02006246,E07000202,7040,228441,60,3135,0.019138755980861243,134.73684210526315,female,5-9,198,0.028125,0.0005382775119617225,0.0002626498745846849,7.387027722694263e-06
2019,E02006246,E07000202,7040,228441,60,3135,0.019138755980861243,134.73684210526315,male,5-9,189,0.02684659090909091,0.0005138103523270988,0.0002626498745846849,7.051253735299069e-06
2019,E02003752,E07000010,11152,228441,8,4643,0.0017230239069567091,19.21516261038122,female,5-9,309,0.027708034433285508,4.774160574333062e-05,3.501998327795798e-05,9.703349025187425e-07
2019,E02003752,E07000010,11152,228441,8,4643,0.0017230239069567091,19.21516261038122,male,5-9,362,0.03246054519368723,5.59302954015718e-05,3.501998327795798e-05,1.1367677498763262e-06
2019,E02005564,E07000146,9930,228441,366,4997,0.0732439463678207,727.3123874324594,female,5-9,293,0.029506545820745217,0.0021611758595943067,0.0016021642349665778,4.727433241140053e-05
2019,E02005564,E07000146,9930,228441,366,4997,0.0732439463678207,727.3123874324594,male,5-9,277,0.027895266868076536,0.0020431594304014433,0.0016021642349665778,4.4692798900880364e-05
2019,E02003780,E07000012,12091,228441,8,3877,0.0020634511220015478,24.949187516120713,female,5-9,348,0.0287817384831693,5.938971056625082e-05,3.501998327795798e-05,1.0079360003911487e-06
2019,E02003780,E07000012,12091,228441,8,3877,0.0020634511220015478,24.949187516120713,male,5-9,453,0.037465883715160034,7.730901978882649e-05,3.501998327795798e-05,1.3120546211988227e-06
2019,E02003249,E06000031,12090,228441,11,4349,0.0025293170843872156,30.579443550241436,female,5-9,512,0.042349048800661704,0.00010711417263906157,4.815247700719223e-05,2.0392115986503246e-06
2019,E02003249,E06000031,12090,228441,11,4349,0.0025293170843872156,30.579443550241436,male,5-9,569,0.04706368899917287,0.00011903899263989459,4.815247700719223e-05,2.2662332024063174e-06
2019,E02003745,E07000010,10314,228441,155,4975,0.031155778894472363,321.34070351758794,female,5-9,281,0.027244522008919914,0.0008488243037954948,0.000678512176010436,1.8485739912636464e-05
2019,E02003745,E07000010,10314,228441,155,4975,0.031155778894472363,321.34070351758794,male,5-9,310,0.03005623424471592,0.0009364253885288377,0.000678512176010436,2.039352090006158e-05
2019,E02003737,E07000009,13972,228441,10,4946,0.0020218358269308533,28.24909017387788,female,5-9,457,0.03270827369023762,6.613075958398225e-05,4.3774979097447484e-05,1.4318039971037433e-06
2019,E02003737,E07000009,13972,228441,10,4946,0.0020218358269308533,28.24909017387788,male,5-9,494,0.035356427139994276,7.148489110391079e-05,4.3774979097447484e-05,1.5477268590136744e-06
2019,E02005589,E07000148,11841,228441,3910,4159,0.9401298389035826,11132.077422457322,female,5-9,367,0.030994003884807025,0.02913838787920064,0.017116016827101965,0.0005304938920316207
2019,E02005589,E07000148,11841,228441,3910,4159,0.9401298389035826,11132.077422457322,male,5-9,377,0.03183852715142302,0.029932349401794664,0.017116016827101965,0.0005449487664738992
2019,E02005540,E07000145,8995,228441,667,4468,0.14928379588182633,1342.807743957028,female,5-9,199,0.022123401889938856,0.003302665411949243,0.002919791105799747,6.45957120682768e-05
2019,E02005540,E07000145,8995,228441,667,4468,0.14928379588182633,1342.807743957028,male,5-9,207,0.023012784880489162,0.003435435880771323,0.002919791105799747,6.719252461373515e-05
2019,E02005548,E07000145,7498,228441,499,3604,0.13845726970033295,1038.1526082130965,female,5-9,224,0.029874633235529476,0.004136360151090235,0.0021843714569626293,6.525729612691771e-05
2019,E02005548,E07000145,7498,228441,499,3604,0.13845726970033295,1038.1526082130965,male,5-9,287,0.03827687383302214,0.005299711443584364,0.0021843714569626293,8.36109106626133e-05
2019,E02005507,E07000143,11864,228441,4009,4418,0.9074241738343142,10765.680398370303,female,5-9,358,0.030175320296695885,0.027381815090415075,0.017549389120166695,0.00052955843771238
2019,E02005507,E07000143,11864,228441,4009,4418,0.9074241738343142,10765.680398370303,male,5-9,331,0.027899527983816588,0.025316706131082094,0.017549389120166695,0.000489619672856977
2019,E02005547,E07000145,8812,228441,520,3960,0.13131313131313133,1157.1313131313132,female,5-9,229,0.02598729005901044,0.00341247243199127,0.002276298913067269,5.91548401148893e-05
2019,E02005547,E07000145,8812,228441,520,3960,0.13131313131313133,1157.1313131313132,male,5-9,248,0.02814344076259646,0.003695603332462162,0.002276298913067269,6.406288361787139e-05
2019,E02005561,E07000146,11213,228441,311,5394,0.05765665554319614,646.5040786058584,female,5-9,351,0.03130295193079461,0.0018048235169590514,0.0013614018499306167,4.261589666687295e-05
2019,E02005561,E07000146,11213,228441,311,5394,0.05765665554319614,646.5040786058584,male,5-9,330,0.029430125746900918,0.0016968426227820144,0.0013614018499306167,4.006622763552158e-05
2019,E02005504,E07000143,9110,228441,1501,4011,0.3742208925454999,3409.152331089504,female,5-9,245,0.02689352360043908,0.010064118405449778,0.006570624362526867,0.00017670724136323627
2019,E02005504,E07000143,9110,228441,1501,4011,0.3742208925454999,3409.152331089504,male,5-9,254,0.0278814489571899,0.010433820714221402,0.006570624362526867,0.00018319852778066127
2019,E02005569,E07000146,8228,228441,242,3732,0.06484458735262594,533.5412647374062,female,5-9,248,0.030140982012639768,0.0019544795410125467,0.001059354494158229,3.192998475343228e-05
2019,E02005569,E07000146,8228,228441,242,3732,0.06484458735262594,533.5412647374062,male,5-9,260,0.03159941662615459,0.0020490511317067016,0.001059354494158229,3.347498401569513e-05
2019,E02005466,E07000140,6685,228441,69,3343,0.020640143583607537,137.97935985641638,female,5-9,149,0.022288706058339568,0.00046004209333695185,0.00030204735577238763,6.7322447285094625e-06
2019,E02005466,E07000140,6685,228441,69,3343,0.020640143583607537,137.97935985641638,male,5-9,184,0.027524308152580404,0.0005681056723087191,0.00030204735577238763,8.313644496951282e-06
2019,E02005578,E07000147,5843,228441,1169,2736,0.427266081871345,2496.515716374269,female,5-9,159,0.027212048605168578,0.011626785387222978,0.005117295056491611,0.0001392520818042386
2019,E02005578,E07000147,5843,228441,1169,2736,0.427266081871345,2496.515716374269,male,5-9,160,0.02738319356494951,0.011699909823620605,0.005117295056491611,0.00014012788106086902
2019,E02005580,E07000147,7937,228441,1847,3887,0.47517365577566245,3771.453305891433,female,5-9,212,0.02671034395867456,0.01269205178586877,0.00808523863929855,0.00021595950504363015
2019,E02005580,E07000147,7937,228441,1847,3887,0.47517365577566245,3771.453305891433,male,5-9,231,0.02910419553987653,0.01382954699309286,0.00808523863929855,0.00023531436634471021
2019,E02005474,E07000140,6793,228441,38,3085,0.012317666126418152,83.6739059967585,female,5-9,155,0.022817606359487708,0.00028105965694020515,0.00016634492057030043,3.7955929174733645e-06
2019,E02005474,E07000140,6793,228441,38,3085,0.012317666126418152,83.6739059967585,male,5-9,163,0.023995289268364493,0.0002955659618145383,0.00016634492057030043,3.9914944874074735e-06
2019,E02005510,E07000143,7023,228441,1986,3118,0.6369467607440668,4473.277100705581,female,5-9,174,0.024775736864587783,0.01578082534094655,0.00869371084875307,0.00021539309236551818
2019,E02005510,E07000143,7023,228441,1986,3118,0.6369467607440668,4473.277100705581,male,5-9,156,0.022212729602733874,0.014148326167745182,0.00869371084875307,0.00019311104832770595
2019,E02005514,E07000143,6903,228441,367,3099,0.11842529848338174,817.4898354307841,female,5-9,169,0.02448210922787194,0.0028993010928134886,0.0016065417328763225,3.933153018341279e-05
2019,E02005514,E07000143,6903,228441,367,3099,0.11842529848338174,817.4898354307841,male,5-9,167,0.024192380124583513,0.002864989837277234,0.0016065417328763225,3.88660682877511e-05
2019,E02005506,E07000143,6943,228441,1780,2867,0.6208580397628183,4310.617370073247,female,5-9,191,0.027509722022180612,0.017079632089111087,0.007791946279345652,0.00021435427615656337
2019,E02005506,E07000143,6943,228441,1780,2867,0.6208580397628183,4310.617370073247,male,5-9,195,0.02808584185510586,0.01743732071924954,0.007791946279345652,0.0002188433709451825
2019,E02005571,E07000147,5990,228441,1519,2515,0.6039761431411531,3617.8170974155073,female,5-9,109,0.018196994991652754,0.01099055085181731,0.006649419324902273,0.0001209994501526457
2019,E02005571,E07000147,5990,228441,1519,2515,0.6039761431411531,3617.8170974155073,male,5-9,117,0.019532554257095158,0.011797196785895645,0.006649419324902273,0.0001298801437418307
2019,E02003742,E07000010,6664,228441,124,3558,0.03485103991006183,232.24732996065205,female,5-9,154,0.023109243697478993,0.0008053811743921852,0.0005428097408083488,1.254392258170554e-05
2019,E02003742,E07000010,6664,228441,124,3558,0.03485103991006183,232.24732996065205,male,5-9,167,0.025060024009603842,0.0008733678969058112,0.0005428097408083488,1.3602825137304059e-05
2019,E02005472,E07000140,9869,228441,192,5695,0.033713784021071114,332.7213345039508,female,5-9,288,0.02918228797243895,0.000983845353943508,0.0008404795986709917,2.4527117683376798e-05
2019,E02005472,E07000140,9869,228441,192,5695,0.033713784021071114,332.7213345039508,male,5-9,264,0.02675043064140237,0.0009018582411148824,0.0008404795986709917,2.2483191209762062e-05
2019,E02005552,E07000146,6790,228441,471,3075,0.15317073170731707,1040.029268292683,female,5-9,143,0.02106038291605302,0.0032258342612881213,0.0020618015154897766,4.342232941311312e-05
2019,E02005552,E07000146,6790,228441,471,3075,0.15317073170731707,1040.029268292683,male,5-9,179,0.026362297496318115,0.004037932396997019,0.0020618015154897766,5.435382492970103e-05
2019,E02005563,E07000146,7551,228441,209,4033,0.05182246466650137,391.3114306967518,female,5-9,193,0.025559528539266324,0.0013245577646185623,0.0009148970631366524,2.338433759573221e-05
2019,E02005563,E07000146,7551,228441,209,4033,0.05182246466650137,391.3114306967518,male,5-9,221,0.029267646669315323,0.0015167215853922398,0.0009148970631366524,2.6776883982677814e-05
2019,E02005509,E07000143,8278,228441,645,4465,0.1444568868980963,1195.8141097424411,female,5-9,207,0.02500604010630587,0.003612294707405887,0.0028234861517853625,7.0604207951144e-05
2019,E02005509,E07000143,8278,228441,645,4465,0.1444568868980963,1195.8141097424411,male,5-9,223,0.026938874124184584,0.0038915058925193856,0.0028234861517853625,7.606153803432421e-05
2019,E02005566,E07000146,9847,228441,243,4936,0.04923014586709887,484.76924635332256,female,5-9,308,0.031278561998578244,0.0015398481697031024,0.0010637319920679738,3.3272007063769263e-05
2019,E02005566,E07000146,9847,228441,243,4936,0.04923014586709887,484.76924635332256,male,5-9,267,0.027114857316949324,0.0013348683808789882,0.0010637319920679738,2.884294118839738e-05
2019,E02005568,E07000146,7423,228441,251,3603,0.06966416874826534,517.1171246183736,female,5-9,214,0.028829314293412366,0.002008370215833057,0.0010987519753459319,3.167626602775554e-05
2019,E02005568,E07000146,7423,228441,251,3603,0.06966416874826534,517.1171246183736,male,5-9,204,0.027482150074094033,0.0019145211403268395,0.0010987519753459319,3.0196066680664168e-05
2019,E02005560,E07000146,9204,228441,229,4415,0.05186862967157418,477.39886749716874,female,5-9,343,0.037266405910473706,0.0019329574073609238,0.0010024470213315473,3.735759760068673e-05
2019,E02005560,E07000146,9204,228441,229,4415,0.05186862967157418,477.39886749716874,male,5-9,357,0.03878748370273794,0.002011853628069533,0.0010024470213315473,3.888239750275558e-05
2019,E02005559,E07000146,7266,228441,191,3715,0.05141318977119785,373.56823687752353,female,5-9,250,0.03440682631434076,0.0017689646907238453,0.0008361021007612469,2.8767619761947662e-05
2019,E02005559,E07000146,7266,228441,191,3715,0.05141318977119785,373.56823687752353,male,5-9,238,0.03275529865125241,0.0016840543855691009,0.0008361021007612469,2.7386774013374175e-05
2019,E02003743,E07000010,11376,228441,180,5507,0.032685672780098055,371.83221354639545,female,5-9,416,0.03656821378340366,0.0011952566698770035,0.0007879496237540546,2.8813910291990745e-05
2019,E02003743,E07000010,11376,228441,180,5507,0.032685672780098055,371.83221354639545,male,5-9,388,0.03410689170182841,0.001114806701712205,0.0007879496237540546,2.687451248387598e-05
2019,E02005567,E07000146,11005,228441,321,5784,0.05549792531120332,610.7546680497925,female,5-9,368,0.03343934575193094,0.0018558143129961673,0.001405176829028064,4.6988193828471385e-05
2019,E02005567,E07000146,11005,228441,321,5784,0.05549792531120332,610.7546680497925,male,5-9,378,0.03434802362562472,0.0019062440497623675,0.001405176829028064,4.826504692163637e-05
2019,E02005551,E07000146,5246,228441,187,2808,0.06659544159544159,349.3596866096866,female,5-9,86,0.01639344262295082,0.0010917285507449442,0.0008185921091222679,1.3419542772496195e-05
2019,E02005551,E07000146,5246,228441,187,2808,0.06659544159544159,349.3596866096866,male,5-9,96,0.018299656881433472,0.0012186737310641235,0.0008185921091222679,1.497995472278645e-05
2019,E02005556,E07000146,7408,228441,229,3960,0.057828282828282826,428.39191919191916,female,5-9,264,0.035637149028077755,0.002060835133189345,0.0010024470213315473,3.572435389194499e-05
2019,E02005556,E07000146,7408,228441,229,3960,0.057828282828282826,428.39191919191916,male,5-9,220,0.029697624190064796,0.0017173626109911208,0.0010024470213315473,2.977029490995416e-05
2019,E02005553,E07000146,8632,228441,372,4706,0.07904802379940501,682.342541436464,female,5-9,185,0.02143188137164041,0.001694147868731456,0.0016284292224250463,3.490030191712623e-05
2019,E02005553,E07000146,8632,228441,372,4706,0.07904802379940501,682.342541436464,male,5-9,165,0.01911492122335496,0.0015109967477875148,0.0016284292224250463,3.112729630446393e-05
2019,E02005565,E07000146,6996,228441,217,3487,0.062231144250071695,435.36908517350156,female,5-9,181,0.02587192681532304,0.0016100396096716662,0.0009499170464146103,2.457618430546662e-05
2019,E02005565,E07000146,6996,228441,217,3487,0.062231144250071695,435.36908517350156,male,5-9,203,0.029016580903373355,0.0018057350318417028,0.0009499170464146103,2.7563344828783004e-05
2019,E02005558,E07000146,7087,228441,210,3328,0.06310096153846154,447.1965144230769,female,5-9,196,0.02765627204741075,0.0017451373587608948,0.0009192745610463971,2.542370734656326e-05
2019,E02005558,E07000146,7087,228441,210,3328,0.06310096153846154,447.1965144230769,male,5-9,186,0.02624523775927755,0.0016560997384159513,0.0009192745610463971,2.4126579420718198e-05
2019,E02005555,E07000146,6847,228441,224,3227,0.06941431670281996,475.27982646420827,female,5-9,170,0.024828391996494815,0.0017234458652664515,0.0009805595317828235,2.4345716431003357e-05
2019,E02005555,E07000146,6847,228441,224,3227,0.06941431670281996,475.27982646420827,male,5-9,199,0.02906382357236746,0.0020174454540471992,0.0009805595317828235,2.8498809233939228e-05
2019,E02005554,E07000146,6905,228441,253,3601,0.07025826159400167,485.13329630658154,female,5-9,177,0.02563359884141926,0.0018009720929961326,0.0011075069711654214,2.83893894129297e-05
2019,E02005554,E07000146,6905,228441,253,3601,0.07025826159400167,485.13329630658154,male,5-9,154,0.022302679217958,0.001566947470742398,0.0011075069711654214,2.4700372709554653e-05
2019,E02005557,E07000146,6655,228441,163,3372,0.04833926453143535,321.6978054567022,female,5-9,294,0.04417731029301277,0.0021354986885412457,0.0007135321592883939,3.152193160492679e-05
2019,E02005557,E07000146,6655,228441,163,3372,0.04833926453143535,321.6978054567022,male,5-9,279,0.04192336589030804,0.002026544673819754,0.0007135321592883939,2.9913669788348895e-05
2019,E02005562,E07000146,7150,228441,311,3610,0.08614958448753463,615.9695290858725,female,5-9,208,0.02909090909090909,0.002506169730546462,0.0013614018499306167,3.960441745252703e-05
2019,E02005562,E07000146,7150,228441,311,3610,0.08614958448753463,615.9695290858725,male,5-9,185,0.025874125874125874,0.002229045193034113,0.0013614018499306167,3.52250828303726e-05
2019,E02005573,E07000147,5874,228441,2012,2264,0.8886925795053003,5220.180212014134,female,5-9,109,0.018556350017024173,0.016490890562832435,0.008807525794406433,0.00016343553142497466
2019,E02005573,E07000147,5874,228441,2012,2264,0.8886925795053003,5220.180212014134,male,5-9,93,0.015832482124616958,0.014070209379297403,0.008807525794406433,0.00013944499470204262
2019,E02005577,E07000147,6084,228441,1798,2279,0.78894251864853,4799.926283457657,female,5-9,139,0.02284681130834977,0.018024820856697186,0.007870741241721057,0.00017982134000644757
2019,E02005577,E07000147,6084,228441,1798,2279,0.78894251864853,4799.926283457657,male,5-9,149,0.024490466798159107,0.019321570558617846,0.007870741241721057,0.00019275812705727113
2019,E02005467,E07000140,7563,228441,18,3426,0.005253940455341506,39.73555166374781,female,5-9,235,0.031072325796641546,0.00016325214954452652,7.879496237540546e-05,2.448342742062711e-06
2019,E02005467,E07000140,7563,228441,18,3426,0.005253940455341506,39.73555166374781,male,5-9,214,0.02829564987438847,0.0001486636595852284,7.879496237540546e-05,2.2295546672400858e-06
2019,E02005505,E07000143,7600,228441,2690,2978,0.9032907991940899,6865.010073875083,female,5-9,224,0.029473684210526315,0.026623307765720545,0.011775469377213372,0.0003470664658547099
2019,E02005505,E07000143,7600,228441,2690,2978,0.9032907991940899,6865.010073875083,male,5-9,220,0.02894736842105263,0.026147891555618395,0.011775469377213372,0.0003408688503930187
2019,E02003732,E07000009,9888,228441,29,3720,0.0077956989247311825,77.08387096774193,female,5-9,353,0.03569983818770227,0.00027830519017294777,0.0001269474393825977,4.53200304430188e-06
2019,E02003732,E07000009,9888,228441,29,3720,0.0077956989247311825,77.08387096774193,male,5-9,334,0.03377831715210356,0.0002633255907018826,0.0001269474393825977,4.288070869112827e-06
2019,E02005503,E07000143,7420,228441,2545,2884,0.8824549237170597,6547.815533980583,female,5-9,203,0.027358490566037737,0.02414263470546673,0.011140732180300384,0.0003047936162535011
2019,E02005503,E07000143,7420,228441,2545,2884,0.8824549237170597,6547.815533980583,male,5-9,216,0.029110512129380053,0.025688714760496615,0.011140732180300384,0.000324312419264809
2019,E02005609,E07000149,7526,228441,2582,2965,0.8708263069139967,6553.838785834739,female,5-9,212,0.028169014084507043,0.024530318504619626,0.01130269960296094,0.00031838590430875887
2019,E02005609,E07000149,7526,228441,2582,2965,0.8708263069139967,6553.838785834739,male,5-9,250,0.03321817698644698,0.02892726238752314,0.01130269960296094,0.0003754550758358005
2019,E02005610,E07000149,8162,228441,2505,3035,0.8253706754530478,6736.675453047776,female,5-9,170,0.020828228375398185,0.017191008922692735,0.010965632263910594,0.00022839469307336447
2019,E02005610,E07000149,8162,228441,2505,3035,0.8253706754530478,6736.675453047776,male,5-9,203,0.024871355060034305,0.02052808712533309,0.010965632263910594,0.0002727301334934882
2019,E02005532,E07000144,8282,228441,2878,3062,0.9399085564990203,7784.322664924886,female,5-9,203,0.024510987684134268,0.023038087052559903,0.012598438984245385,0.00030880018278215565
2019,E02005532,E07000144,8282,228441,2878,3062,0.9399085564990203,7784.322664924886,male,5-9,221,0.026684375754648635,0.025080873096629253,0.012598438984245385,0.0003361814797776177
2019,E02005605,E07000149,10777,228441,3610,3878,0.9308922124806601,10032.225373904073,female,5-9,339,0.031455878259255825,0.02928203210828095,0.01580276745417854,0.0004970899291979702
2019,E02005605,E07000149,10777,228441,3610,3878,0.9308922124806601,10032.225373904073,male,5-9,324,0.03006402523893477,0.027986366970746395,0.01580276745417854,0.0004750947995874406
2019,E02005515,E07000143,6424,228441,2077,2285,0.9089715536105033,5839.233260393873,female,5-9,169,0.026307596513075966,0.02391285687424892,0.009092063158539842,0.0002391903290462692
2019,E02005515,E07000143,6424,228441,2077,2285,0.9089715536105033,5839.233260393873,male,5-9,199,0.03097758405977584,0.028157742709914408,0.009092063158539842,0.000281650150770459
2019,E02005592,E07000148,9394,228441,2364,2555,0.9252446183953034,8691.74794520548,female,5-9,201,0.021396636150734512,0.019797122450229507,0.010348405058636585,0.00022142105778006745
2019,E02005592,E07000148,9394,228441,2364,2555,0.9252446183953034,8691.74794520548,male,5-9,252,0.026825633383010434,0.0248202729226758,0.010348405058636585,0.0002776025202018756
2019,E02006273,E07000245,6726,228441,75,2935,0.02555366269165247,171.8739352640545,female,5-9,146,0.021706809396372286,0.0005546884854268898,0.0003283123432308561,7.12661345698855e-06
2019,E02006273,E07000245,6726,228441,75,2935,0.02555366269165247,171.8739352640545,male,5-9,208,0.030924769550996135,0.0007902411299232403,0.0003283123432308561,1.0152983555161771e-05
2019,E02005596,E07000148,9370,228441,3497,3688,0.9482104121475055,8884.731561822126,female,5-9,256,0.027321237993596585,0.025906282338288303,0.015308110190377384,0.00041823652174350165
2019,E02005596,E07000148,9370,228441,3497,3688,0.9482104121475055,8884.731561822126,male,5-9,323,0.03447171824973319,0.032686442169012196,0.015308110190377384,0.0005276968614185587
2019,E02005524,E07000144,5487,228441,1872,2021,0.9262741217219198,5082.466105888174,female,5-9,124,0.022598870056497175,0.020932748513489714,0.008194676087042168,0.0001851904200461507
2019,E02005524,E07000144,5487,228441,1872,2021,0.9262741217219198,5082.466105888174,male,5-9,166,0.030253326043375252,0.028022873009994294,0.008194676087042168,0.00024791620748113724
2019,E02005534,E07000144,7281,228441,2498,2697,0.9262143121987393,6743.766407119021,female,5-9,188,0.025820629034473287,0.023915436161703472,0.01093498977854238,0.0002823483145675
2019,E02005534,E07000144,7281,228441,2498,2697,0.9262143121987393,6743.766407119021,male,5-9,165,0.02266172229089411,0.020989611524899327,0.01093498977854238,0.0002478057016150931
2019,E02005585,E07000148,11017,228441,3685,3934,0.9367056431113371,10319.6860701576,female,5-9,418,0.03794136334755378,0.03553988915499128,0.016131079797409395,0.0006120351597818941
2019,E02005585,E07000148,11017,228441,3685,3934,0.9367056431113371,10319.6860701576,male,5-9,413,0.03748751928837252,0.03511477086366363,0.016131079797409395,0.0006047141650476609
2019,E02005527,E07000144,8922,228441,2984,3250,0.9181538461538462,8191.768615384616,female,5-9,240,0.026899798251513115,0.024698153225389274,0.013062453762678328,0.0003513773708857654
2019,E02005527,E07000144,8922,228441,2984,3250,0.9181538461538462,8191.768615384616,male,5-9,277,0.03104685048195472,0.02850578518097012,0.013062453762678328,0.0004055480488973209
2019,E02005584,E07000148,10955,228441,3703,3961,0.9348649330977026,10241.445342085332,female,5-9,350,0.03194888178913738,0.029867889236348324,0.016209874759784804,0.0005178873725170864
2019,E02005584,E07000148,10955,228441,3703,3961,0.9348649330977026,10241.445342085332,male,5-9,404,0.03687813783660429,0.03447607786138492,0.016209874759784804,0.0005977899957054369
2019,E02005590,E07000148,11086,228441,3673,3972,0.92472306143001,10251.479859013092,female,5-9,220,0.01984484935955259,0.018350989853382845,0.01607854982249246,0.00031907639914742394
2019,E02005590,E07000148,11086,228441,3673,3972,0.92472306143001,10251.479859013092,male,5-9,214,0.019303626195201155,0.017850508311926947,0.01607854982249246,0.00031037431553431236
2019,E02005607,E07000149,11561,228441,3943,4219,0.9345816544204788,10804.698506755156,female,5-9,324,0.028025257330680738,0.026191891361667257,0.01726047425812354,0.00048372923273350295
2019,E02005607,E07000149,11561,228441,3943,4219,0.9345816544204788,10804.698506755156,male,5-9,328,0.02837124816192371,0.02651524804514463,0.01726047425812354,0.000489701198569719
2019,E02005601,E07000149,5673,228441,2051,2209,0.9284744228157538,5267.235400633771,female,5-9,138,0.024325753569539928,0.022585840005036845,0.008978248212886479,0.00021840265351283873
2019,E02005601,E07000149,5673,228441,2051,2209,0.9284744228157538,5267.235400633771,male,5-9,120,0.021152829190904283,0.01963986087394508,0.008978248212886479,0.0001899153508807293
2019,E02005516,E07000143,6908,228441,1676,2829,0.592435489572287,4092.5443619653583,female,5-9,190,0.027504342790966994,0.016294548786730534,0.007336686496732198,0.00020179074035598112
2019,E02005516,E07000143,6908,228441,1676,2829,0.592435489572287,4092.5443619653583,male,5-9,215,0.031123335263462653,0.01843856836393192,0.007336686496732198,0.0002283421535607155
2019,E02005465,E07000140,8563,228441,11,3284,0.0033495736906211937,28.68239951278928,female,5-9,208,0.02429055237650356,8.136299517099244e-05,4.815247700719223e-05,1.1696502648015862e-06
2019,E02005465,E07000140,8563,228441,11,3284,0.0033495736906211937,28.68239951278928,male,5-9,246,0.028728249445287866,9.622738851953914e-05,4.815247700719223e-05,1.383336370871107e-06
2019,E02005588,E07000148,12054,228441,3867,4106,0.9417924987822699,11352.366780321481,female,5-9,366,0.030363364858138377,0.028595989261183903,0.016927784416982943,0.0005139844944927623
2019,E02005588,E07000148,12054,228441,3867,4106,0.9417924987822699,11352.366780321481,male,5-9,414,0.03434544549527128,0.03234628293478179,0.016927784416982943,0.0005813922970491902
2019,E02005523,E07000144,8470,228441,2828,3036,0.9314888010540184,7889.710144927536,female,5-9,274,0.032349468713105074,0.030133167826304725,0.012379564088758148,0.0004004723211711608
2019,E02005523,E07000144,8470,228441,2828,3036,0.9314888010540184,7889.710144927536,male,5-9,259,0.030578512396694214,0.028483541850412134,0.012379564088758148,0.0003785486539537615
2019,E02006241,E07000245,9054,228441,39,3755,0.010386151797603195,94.03621837549933,female,5-9,359,0.03965098299094323,0.00041182112826811877,0.00017072241848004518,6.769311711324964e-06
2019,E02006241,E07000245,9054,228441,39,3755,0.010386151797603195,94.03621837549933,male,5-9,399,0.044068919814446654,0.0004577064907492462,0.00017072241848004518,7.523552570525517e-06
2019,E02005598,E07000149,9977,228441,3359,3607,0.9312448017743277,9291.029387302468,female,5-9,379,0.037987370953192344,0.035375541733233457,0.014704015478832608,0.0005585668904958965
2019,E02005598,E07000149,9977,228441,3359,3607,0.9312448017743277,9291.029387302468,male,5-9,356,0.03568206875814373,0.03322874104757549,0.014704015478832608,0.0005246696913365149
2019,E02005576,E07000147,6730,228441,2567,2849,0.901017901017901,6063.8504738504735,female,5-9,139,0.020653789004457652,0.018609433616863038,0.011237037134314768,0.00023208739400739267
2019,E02005576,E07000147,6730,228441,2567,2849,0.901017901017901,6063.8504738504735,male,5-9,156,0.023179791976225855,0.020885407512450604,0.011237037134314768,0.00026047218320254144
2019,E02005525,E07000144,10164,228441,3168,3381,0.9370008873114463,9523.67701863354,female,5-9,300,0.0295159386068477,0.027656460664446467,0.013867913378071361,0.0004093244798722362
2019,E02005525,E07000144,10164,228441,3168,3381,0.9370008873114463,9523.67701863354,male,5-9,289,0.028433687524596615,0.02664239044008343,0.013867913378071361,0.0003943159156102542
2019,E02003738,E07000009,6280,228441,13,2354,0.0055225148683092605,34.68139337298216,female,5-9,198,0.031528662420382166,0.00017411750699446394,5.690747282668173e-05,1.7942164999495194e-06
2019,E02003738,E07000009,6280,228441,13,2354,0.0055225148683092605,34.68139337298216,male,5-9,228,0.03630573248407643,0.0002004989474481706,5.690747282668173e-05,2.0660674847903556e-06
2019,E02005603,E07000149,11652,228441,3684,3943,0.9343139741313721,10886.626426578747,female,5-9,439,0.037675935461723306,0.035201152990359794,0.01612670229949965,0.0006075885950463737
2019,E02005603,E07000149,11652,228441,3684,3943,0.9343139741313721,10886.626426578747,male,5-9,405,0.03475798146240989,0.03247486779292874,0.01612670229949965,0.0005605316195758117
2019,E02005600,E07000149,6635,228441,2020,2210,0.9140271493212669,6064.570135746606,female,5-9,152,0.02290881688018086,0.020939280587314632,0.008842545777684391,0.00020257226197558818
2019,E02005600,E07000149,6635,228441,2020,2210,0.9140271493212669,6064.570135746606,male,5-9,137,0.020648078372268275,0.018872904213566476,0.008842545777684391,0.00018258157822799724
2019,E02005513,E07000143,9953,228441,3432,3696,0.9285714285714286,9242.07142857143,female,5-9,259,0.026022304832713755,0.024163568773234202,0.015023572826243975,0.00039094799176099564
2019,E02005513,E07000143,9953,228441,3432,3696,0.9285714285714286,9242.07142857143,male,5-9,297,0.02984024917110419,0.027708802801739606,0.015023572826243975,0.0004483071565753502
2019,E02006238,E07000245,9785,228441,133,4511,0.029483484814896918,288.4958989137663,female,5-9,285,0.02912621359223301,0.0008587422761620462,0.0005822072219960515,1.6957491902797616e-05
2019,E02006238,E07000245,9785,228441,133,4511,0.029483484814896918,288.4958989137663,male,5-9,365,0.03730199284619315,0.0010997927396461291,0.0005822072219960515,2.17174896298987e-05
2019,E02005572,E07000147,7738,228441,3064,3314,0.9245624622812312,7154.264333132167,female,5-9,145,0.018738692168519,0.01732509137125595,0.013412653595457909,0.0002513355868882653
2019,E02005572,E07000147,7738,228441,3064,3314,0.9245624622812312,7154.264333132167,male,5-9,172,0.022227965882657016,0.02055114286797257,0.013412653595457909,0.00029813600651573533
2019,E02005518,E07000143,11391,228441,609,4444,0.13703870387038705,1561.007875787579,female,5-9,341,0.02993591431832148,0.004102378897357737,0.0026658962270345514,7.980604103404284e-05
2019,E02005518,E07000143,11391,228441,609,4444,0.13703870387038705,1561.007875787579,male,5-9,308,0.027038890352032306,0.0037053744879360206,0.0026658962270345514,7.208287577268386e-05
2019,E02005574,E07000147,7117,228441,2517,2774,0.9073540014419611,6457.638428262437,female,5-9,140,0.019671209779401434,0.017848750906544128,0.01101816223882753,0.0002167405807834557
2019,E02005574,E07000147,7117,228441,2517,2774,0.9073540014419611,6457.638428262437,male,5-9,130,0.018266123366587044,0.01657384012750526,0.01101816223882753,0.00020125911072749458
2019,E02005570,E07000147,7365,228441,2562,2824,0.9072237960339944,6681.703257790368,female,5-9,149,0.02023082145281738,0.01835388263531095,0.011215149644766045,0.0002268916900298901
2019,E02005570,E07000147,7365,228441,2562,2824,0.9072237960339944,6681.703257790368,male,5-9,163,0.02213170400543109,0.02007840852050795,0.011215149644766045,0.0002482103723145778
2019,E02005521,E07000144,8781,228441,2751,2985,0.9216080402010051,8092.640201005025,female,5-9,194,0.022093155677029953,0.020361229905363282,0.012042496749707803,0.0002660567554314217
2019,E02005521,E07000144,8781,228441,2751,2985,0.9216080402010051,8092.640201005025,male,5-9,248,0.028242796947955815,0.026028788745000486,0.012042496749707803,0.00034011379044841534
2019,E02003746,E07000010,7756,228441,12,3266,0.003674219228413962,28.49724433557869,female,5-9,278,0.03584321815368747,0.0001316958413485149,5.252997491693698e-05,1.882843350555503e-06
2019,E02003746,E07000010,7756,228441,12,3266,0.003674219228413962,28.49724433557869,male,5-9,268,0.03455389375966993,0.00012695858086835248,5.252997491693698e-05,1.815115172477967e-06
2019,E02003751,E07000010,7027,228441,8,3191,0.0025070510811657787,17.617047947351928,female,5-9,198,0.028177031450120963,7.064125716106792e-05,3.501998327795798e-05,9.867591702057324e-07
2019,E02003751,E07000010,7027,228441,8,3191,0.0025070510811657787,17.617047947351928,male,5-9,222,0.03159242920165078,7.92038337866519e-05,3.501998327795798e-05,1.1063663423518816e-06
2019,E02005575,E07000147,7169,228441,2376,2621,0.9065242273941244,6498.872186188478,female,5-9,154,0.021481378155949225,0.019473389736182893,0.010400935033553521,0.0002234264186312236
2019,E02005575,E07000147,7169,228441,2376,2621,0.9065242273941244,6498.872186188478,male,5-9,181,0.025247593806667596,0.022887555469150025,0.010400935033553521,0.0002625985829366979
2019,E02005468,E07000140,7623,228441,12,2918,0.00411240575736806,31.348869088416723,female,5-9,206,0.027023481568936115,0.00011113152118822253,5.252997491693698e-05,1.419542808984523e-06
2019,E02005468,E07000140,7623,228441,12,2918,0.00411240575736806,31.348869088416723,male,5-9,214,0.028072937163846255,0.00011544730841883312,5.252997491693698e-05,1.4746706850615917e-06
2019,E02003750,E07000010,7481,228441,9,3479,0.0025869502730669733,19.352974992814026,female,5-9,189,0.025264002138751504,6.535671723160781e-05,3.939748118770273e-05,9.953380489875438e-07
2019,E02003750,E07000010,7481,228441,9,3479,0.0025869502730669733,19.352974992814026,male,5-9,220,0.029407833177382704,7.607660206853818e-05,3.939748118770273e-05,1.1585945543770353e-06
2019,E02005508,E07000143,7007,228441,2441,2632,0.9274316109422492,6498.51329787234,female,5-9,176,0.02511773940345369,0.023294985518172665,0.01068547239768693,0.00026839491108789776
2019,E02005508,E07000143,7007,228441,2441,2632,0.9274316109422492,6498.51329787234,male,5-9,170,0.024261452832881406,0.022500838284598597,0.01068547239768693,0.00025924508457353764
2019,E02003753,E07000011,11314,228441,11,3948,0.002786220871327254,31.523302938196554,female,5-9,324,0.02863708679512109,7.978924892257648e-05,4.815247700719223e-05,1.3789466634550365e-06
2019,E02003753,E07000011,11314,228441,11,3948,0.002786220871327254,31.523302938196554,male,5-9,378,0.03340993459430794,9.308745707633923e-05,4.815247700719223e-05,1.6087711073642094e-06
2019,E02005599,E07000149,6569,228441,2263,2427,0.9324268644416975,6125.1120725175115,female,5-9,206,0.031359415436139446,0.029240361405844073,0.009906277769752366,0.0003106550800074574
2019,E02005599,E07000149,6569,228441,2263,2427,0.9324268644416975,6125.1120725175115,male,5-9,224,0.03409955853250114,0.031795344441306175,0.009906277769752366,0.00033779969864888566
2019,E02003245,E06000031,7836,228441,8,2848,0.0028089887640449437,22.01123595505618,female,5-9,339,0.04326186830015314,0.0001215221019667223,3.501998327795798e-05,1.5150299044445834e-06
2019,E02003245,E06000031,7836,228441,8,2848,0.0028089887640449437,22.01123595505618,male,5-9,382,0.048749361919346604,0.00013693640988580506,3.501998327795798e-05,1.7072018392266397e-06
2019,E02005526,E07000144,5348,228441,1968,2102,0.9362511893434824,5007.071360608944,female,5-9,144,0.02692595362752431,0.025209456107977087,0.008614915886377665,0.00023196482566162748
2019,E02005526,E07000144,5348,228441,1968,2102,0.9362511893434824,5007.071360608944,male,5-9,164,0.030665669409124907,0.02871076945630724,0.008614915886377665,0.00026418216255907575
2019,E02005528,E07000144,8597,228441,2743,2924,0.9380984952120383,8064.832763337893,female,5-9,216,0.025125043619867397,0.023569765611934426,0.012007476766429845,0.0003016883775210942
2019,E02005528,E07000144,8597,228441,2743,2924,0.9380984952120383,8064.832763337893,male,5-9,214,0.024892404327090844,0.02335152704145355,0.012007476766429845,0.000298894966618121
2019,E02005530,E07000144,5483,228441,2031,2157,0.9415855354659249,5162.713490959666,female,5-9,130,0.02370964800291811,0.022324661610536246,0.008890698254691583,0.0002107953261188958
2019,E02005530,E07000144,5483,228441,2031,2157,0.9415855354659249,5162.713490959666,male,5-9,149,0.02717490424949845,0.025587496768999237,0.008890698254691583,0.00024160387378242674
2019,E02005581,E07000147,8362,228441,2689,2942,0.9140040788579198,7642.9021074099255,female,5-9,189,0.02260224826596508,0.02065854710645143,0.011771091879303627,0.0002660531410175061
2019,E02005581,E07000147,8362,228441,2689,2942,0.9140040788579198,7642.9021074099255,male,5-9,215,0.025711552260224826,0.02350046363961406,0.011771091879303627,0.0003026530440146233
2019,E02006274,E07000245,6820,228441,80,2816,0.028409090909090908,193.75,female,5-9,208,0.030498533724340176,0.0008664356171687549,0.0003501998327795799,1.0680581410286307e-05
2019,E02006274,E07000245,6820,228441,80,2816,0.028409090909090908,193.75,male,5-9,211,0.03093841642228739,0.0008789322847240735,0.0003501998327795799,1.0834628257550052e-05
2019,E02005586,E07000148,9889,228441,3031,3232,0.937809405940594,9273.997215346535,female,5-9,308,0.03114571746384872,0.029208746792365552,0.013268196164436332,0.00041324748899245525
2019,E02005586,E07000148,9889,228441,3031,3232,0.937809405940594,9273.997215346535,male,5-9,301,0.03043786024876125,0.02854491163799361,0.013268196164436332,0.0004038555006062631
2019,E02006908,E07000148,5715,228441,1741,1868,0.9320128479657388,5326.453426124197,female,5-9,159,0.027821522309711286,0.025930016242616354,0.007621223860865606,0.00021203404967237645
2019,E02006908,E07000148,5715,228441,1741,1868,0.9320128479657388,5326.453426124197,male,5-9,147,0.025721784776902887,0.023973033884683043,0.007621223860865606,0.00019603147988578198
2019,E02006281,E07000245,8800,228441,31,4082,0.007594316511513963,66.82998530132288,female,5-9,167,0.018977272727272728,0.0001441194156162309,0.0001357024352020872,2.575262122585064e-06
2019,E02006281,E07000245,8800,228441,31,4082,0.007594316511513963,66.82998530132288,male,5-9,200,0.022727272727272728,0.00017259810253440825,0.0001357024352020872,3.084146254592891e-06
2019,E02006316,E07000244,7206,228441,1008,3252,0.30996309963099633,2233.5940959409595,female,5-9,181,0.02511795725784069,0.007785639888039181,0.0044125178930227065,0.0001108334358364016
2019,E02006316,E07000244,7206,228441,1008,3252,0.30996309963099633,2233.5940959409595,male,5-9,169,0.023452678323619205,0.007269464867837688,0.0044125178930227065,0.00010348536274227551
2019,E02006307,E07000244,7303,228441,507,3269,0.15509330070357907,1132.646375038238,female,5-9,169,0.02314117485964672,0.0035890411911412927,0.0022193914402405873,5.13593254006106e-05
2019,E02006307,E07000244,7303,228441,507,3269,0.15509330070357907,1132.646375038238,male,5-9,141,0.019307134054498153,0.0029944071476385938,0.0022193914402405873,4.2850088056130744e-05
2019,E02006302,E07000244,6742,228441,476,3081,0.15449529373580007,1041.607270366764,female,5-9,173,0.025660041530703056,0.0039643556535587975,0.0020836890050385,5.346754640635724e-05
2019,E02006302,E07000244,6742,228441,476,3081,0.15449529373580007,1041.607270366764,male,5-9,122,0.01809552061702759,0.0027956727730299035,0.0020836890050385,3.7705437350147884e-05
2019,E02006907,E07000148,6796,228441,1842,1988,0.9265593561368209,6296.897384305835,female,5-9,95,0.013978811065332549,0.012952198180252795,0.008063351149749825,0.00011271606227578479
2019,E02006907,E07000148,6796,228441,1842,1988,0.9265593561368209,6296.897384305835,male,5-9,120,0.017657445556209534,0.016360671385582476,0.008063351149749825,0.00014237818392730708
2019,E02006304,E07000244,7774,228441,519,3641,0.14254325734688272,1108.1312826146664,female,5-9,212,0.02727038847440185,0.0038872100022561275,0.0022719214151575243,6.195617957465849e-05
2019,E02006304,E07000244,7774,228441,519,3641,0.14254325734688272,1108.1312826146664,male,5-9,244,0.03138667352714176,0.004473958681841959,0.0022719214151575243,7.130805573687111e-05
2019,E02006309,E07000244,6899,228441,465,3371,0.1379412637199644,951.6567784040344,female,5-9,194,0.028120017393825192,0.0038789107351316267,0.002035536528031308,5.723932257400692e-05
2019,E02006309,E07000244,6899,228441,465,3371,0.1379412637199644,951.6567784040344,male,5-9,206,0.029859399913030875,0.004118843357923274,0.002035536528031308,6.0779899228069206e-05
2019,E02006825,E07000009,6602,228441,13,2349,0.005534269902085994,36.53724989357173,female,5-9,163,0.024689488033929112,0.0001366382905240862,5.690747282668173e-05,1.4050163693955045e-06
2019,E02006825,E07000009,6602,228441,13,2349,0.005534269902085994,36.53724989357173,male,5-9,224,0.03392911239018479,0.00018777286550549266,5.690747282668173e-05,1.9308200413778715e-06
2019,E02005608,E07000149,7756,228441,2353,3208,0.7334788029925187,5688.861596009975,female,5-9,221,0.02849406910778752,0.020899795701566092,0.010300252581629392,0.0002934961088886147
2019,E02005608,E07000149,7756,228441,2353,3208,0.7334788029925187,5688.861596009975,male,5-9,195,0.025141825683341928,0.0184409962072642,0.010300252581629392,0.0002589671549017188
2019,E02005587,E07000148,9985,228441,3668,3934,0.9323843416370107,9309.857651245551,female,5-9,370,0.037055583375062595,0.034550045709133094,0.016056662332943734,0.0005949889898036237
2019,E02005587,E07000148,9985,228441,3668,3934,0.9323843416370107,9309.857651245551,male,5-9,365,0.03655483224837256,0.034083153199550215,0.016056662332943734,0.0005869485980495206
2019,E02006308,E07000244,7736,228441,477,3755,0.12703062583222371,982.7089214380827,female,5-9,227,0.029343329886246123,0.003727501559451239,0.0020880665029482447,6.127082422043065e-05
2019,E02006308,E07000244,7736,228441,477,3755,0.12703062583222371,982.7089214380827,male,5-9,219,0.028309203722854188,0.003596135865726085,0.0020880665029482447,5.9111500018829574e-05
2019,E02006305,E07000244,10024,228441,525,4350,0.1206896551724138,1209.7931034482758,female,5-9,314,0.03132482043096568,0.003780581776151031,0.002298186402615993,7.199027637883298e-05
2019,E02006305,E07000244,10024,228441,525,4350,0.1206896551724138,1209.7931034482758,male,5-9,407,0.040602553870710295,0.004900308225775381,0.002298186402615993,9.331223721714975e-05
2019,E02006314,E07000244,7383,228441,1607,3302,0.4866747425802544,3593.119624470018,female,5-9,185,0.02505756467560612,0.012194883838188685,0.00703463914095981,0.00017627092524415074
2019,E02006314,E07000244,7383,228441,1607,3302,0.4866747425802544,3593.119624470018,male,5-9,234,0.03169443315725315,0.015424880098033255,0.00703463914095981,0.00022295890003854742
2019,E02006279,E07000245,8825,228441,36,4024,0.008946322067594433,78.95129224652088,female,5-9,210,0.02379603399433428,0.00021288698404474006,0.00015758992475081092,3.7500152065348776e-06
2019,E02006279,E07000245,8825,228441,36,4024,0.008946322067594433,78.95129224652088,male,5-9,236,0.026742209631728044,0.000239244420164565,0.00015758992475081092,4.2143028035344335e-06
2019,E02006315,E07000244,5848,228441,517,2641,0.19575918212798182,1144.7996970844376,female,5-9,115,0.01966484268125855,0.0038495735199586033,0.002263166419338035,4.450481159778968e-05
2019,E02006315,E07000244,5848,228441,517,2641,0.19575918212798182,1144.7996970844376,male,5-9,120,0.02051983584131327,0.0040169462816959335,0.002263166419338035,4.643980340638922e-05
2019,E02006276,E07000245,6874,228441,26,2902,0.00895933838731909,61.586492074431426,female,5-9,180,0.02618562700029095,0.00023460589317972596,0.00011381494565336345,2.980315713937361e-06
2019,E02006276,E07000245,6874,228441,26,2902,0.00895933838731909,61.586492074431426,male,5-9,190,0.027640384055862673,0.000247639553911933,0.00011381494565336345,3.1458888091561037e-06
2019,E02006278,E07000245,8793,228441,28,3456,0.008101851851851851,71.23958333333333,female,5-9,165,0.018764926646195838,0.0001520306556983459,0.00012256994147285294,2.3000159607666024e-06
2019,E02006278,E07000245,8793,228441,28,3456,0.008101851851851851,71.23958333333333,male,5-9,170,0.01933356078698965,0.00015663764526496245,0.00012256994147285294,2.369713414123166e-06
2019,E02006277,E07000245,7994,228441,17,2787,0.006099748833871547,48.76139217796914,female,5-9,282,0.03527645734300726,0.0002151775295411279,7.441746446566072e-05,2.625184510797639e-06
2019,E02006277,E07000245,7994,228441,17,2787,0.006099748833871547,48.76139217796914,male,5-9,345,0.043157368026019514,0.0002632491052896777,7.441746446566072e-05,3.211661901507749e-06
2019,E02006275,E07000245,7142,228441,24,3181,0.007544797233574348,53.88494184218799,female,5-9,239,0.03346401568188183,0.00025247921294095063,0.00010505994983387396,3.5157278087784764e-06
2019,E02006275,E07000245,7142,228441,24,3181,0.007544797233574348,53.88494184218799,male,5-9,284,0.039764771772612714,0.0003000171400637237,0.00010505994983387396,4.177684927586139e-06
2019,E02005550,E07000145,7234,228441,448,3415,0.13118594436310396,948.999121522694,female,5-9,202,0.027923693668786286,0.003663196124045756,0.001961119063565647,5.4761687979024146e-05
2019,E02005550,E07000145,7234,228441,448,3415,0.13118594436310396,948.999121522694,male,5-9,211,0.02916781863422726,0.003826407832542844,0.001961119063565647,5.720156516620839e-05
2019,E02003758,E07000011,9606,228441,8,3798,0.00210637177461822,20.23380726698262,female,5-9,282,0.029356652092442224,6.183602336480721e-05,3.501998327795798e-05,1.028069465374157e-06
2019,E02003758,E07000011,9606,228441,8,3798,0.00210637177461822,20.23380726698262,male,5-9,349,0.03633145950447637,7.652756083091388e-05,3.501998327795798e-05,1.2723271043105699e-06
2019,E02003775,E07000012,6886,228441,8,2586,0.0030935808197989174,21.302397525135344,female,5-9,204,0.029625326749927388,9.164834261385116e-05,3.501998327795798e-05,1.0374784473864985e-06
2019,E02003775,E07000012,6886,228441,8,2586,0.0030935808197989174,21.302397525135344,male,5-9,215,0.031222770839384257,9.659016500969609e-05,3.501998327795798e-05,1.0934209126867508e-06
2019,E02005531,E07000144,5447,228441,1858,1969,0.9436262061960387,5139.931945149822,female,5-9,138,0.02533504681476042,0.02390681410961141,0.008133391116305741,0.00020605984469436247
2019,E02005531,E07000144,5447,228441,1858,1969,0.9436262061960387,5139.931945149822,male,5-9,152,0.027905268955388286,0.026332143077253144,0.008133391116305741,0.0002269644666198775
2019,E02005536,E07000144,6216,228441,2430,2679,0.9070548712206047,5638.253079507279,female,5-9,159,0.02557915057915058,0.023201693134503886,0.010637319920679738,0.00027209360800966513
2019,E02005536,E07000144,6216,228441,2430,2679,0.9070548712206047,5638.253079507279,male,5-9,179,0.028796653796653797,0.026120145101108147,0.010637319920679738,0.0003063192190800633
2019,E02005582,E07000147,6991,228441,2342,3094,0.7569489334195216,5291.8299935358755,female,5-9,179,0.025604348448004577,0.019381184248618847,0.0102521001046222,0.000262498343402571
2019,E02005582,E07000147,6991,228441,2342,3094,0.7569489334195216,5291.8299935358755,male,5-9,214,0.030610785295379774,0.023170801280471696,0.0102521001046222,0.0003138248351293307
2019,E02005522,E07000144,5534,228441,1858,1985,0.9360201511335012,5179.935516372796,female,5-9,154,0.027827972533429706,0.026047543056479796,0.008133391116305741,0.00022633578458819734
2019,E02005522,E07000144,5534,228441,1858,1985,0.9360201511335012,5179.935516372796,male,5-9,132,0.023852547885796892,0.022326465476982683,0.008133391116305741,0.00019400210107559774
2019,E02005549,E07000145,5270,228441,397,2637,0.15054986727341677,793.3978005309064,female,5-9,123,0.02333965844402277,0.003513782480954509,0.001737866670168665,4.0561214502987814e-05
2019,E02005549,E07000145,5270,228441,397,2637,0.15054986727341677,793.3978005309064,male,5-9,127,0.024098671726755217,0.003628051829928639,0.001737866670168665,4.188027838926384e-05
2019,E02005606,E07000149,5848,228441,1025,2229,0.4598474652310453,2689.187976671153,female,5-9,158,0.027017783857729138,0.012424059423136997,0.004486935357488367,0.00012122704967222332
2019,E02005606,E07000149,5848,228441,1025,2229,0.4598474652310453,2689.187976671153,male,5-9,135,0.02308481532147743,0.010615493810908195,0.004486935357488367,0.00010358007408702626
2019,E02005529,E07000144,5904,228441,2426,2537,0.9562475364603863,5645.685455262121,female,5-9,126,0.021341463414634148,0.020407721814703367,0.010619809929040758,0.0002266422850709918
2019,E02005529,E07000144,5904,228441,2426,2537,0.9562475364603863,5645.685455262121,male,5-9,165,0.027947154471544715,0.026724397614492502,0.010619809929040758,0.0002967934685453464
2019,E02006310,E07000244,8522,228441,490,3371,0.14535746069415603,1238.7362800355977,female,5-9,291,0.03414691386998357,0.004963508690682869,0.0021449739757749267,7.324424160414265e-05
2019,E02006310,E07000244,8522,228441,490,3371,0.14535746069415603,1238.7362800355977,male,5-9,268,0.031448016897441915,0.004571203880079068,0.0021449739757749267,6.745517783474306e-05
2019,E02005541,E07000145,5924,228441,391,2884,0.1355755894590846,803.1497919556172,female,5-9,176,0.029709655638082377,0.004027904075759434,0.0017116016827101964,5.085109658288227e-05
2019,E02005541,E07000145,5924,228441,391,2884,0.1355755894590846,803.1497919556172,male,5-9,152,0.025658338960162053,0.003478644429064966,0.0017116016827101964,4.391685613976196e-05
2019,E02005537,E07000144,6050,228441,1455,2548,0.5710361067503925,3454.768445839875,female,5-9,132,0.02181818181818182,0.012458969601826747,0.0063692594586786085,0.0001389656609166242
2019,E02005537,E07000144,6050,228441,1455,2548,0.5710361067503925,3454.768445839875,male,5-9,161,0.026611570247933883,0.015196167468894742,0.0063692594586786085,0.00016949599551194312
2019,E02005546,E07000145,7892,228441,496,3877,0.12793396956409595,1009.6548877998453,female,5-9,256,0.03243791180942727,0.004149910822150097,0.002171238963233395,7.043045800655717e-05
2019,E02005546,E07000145,7892,228441,496,3877,0.12793396956409595,1009.6548877998453,male,5-9,249,0.03155093765838824,0.00403643669810693,0.002171238963233395,6.850462517044037e-05
2019,E02005543,E07000145,9707,228441,592,4599,0.12872363557295063,1249.5203305066318,female,5-9,361,0.037189656948593795,0.004787187848133839,0.0025914787625688908,9.63762061695034e-05
2019,E02005543,E07000145,9707,228441,592,4599,0.12872363557295063,1249.5203305066318,male,5-9,418,0.04306170804574019,0.005543059613628656,0.0025914787625688908,0.00011159350188047762
2019,E02005484,E07000141,7211,228441,9,2876,0.003129346314325452,22.565716272600834,female,5-9,197,0.027319373179864097,8.54917797700893e-05,3.939748118770273e-05,1.0763144909135263e-06
2019,E02005484,E07000141,7211,228441,9,2876,0.003129346314325452,22.565716272600834,male,5-9,254,0.0352239633892664,0.00011022798000813546,3.939748118770273e-05,1.3877354349849526e-06
2019,E02005539,E07000145,7534,228441,806,3487,0.23114425007169487,1741.440780040149,female,5-9,189,0.025086275550836208,0.005798548349289929,0.003528263315254267,8.851098574237543e-05
2019,E02005539,E07000145,7534,228441,806,3487,0.23114425007169487,1741.440780040149,male,5-9,204,0.027077249800902575,0.006258750599233575,0.003528263315254267,9.553566715050045e-05
2019,E02005545,E07000145,6351,228441,437,2936,0.14884196185286103,945.2952997275204,female,5-9,170,0.026767438198708866,0.0039841180152710405,0.001912966586558455,5.12052148818985e-05
2019,E02005545,E07000145,6351,228441,437,2936,0.14884196185286103,945.2952997275204,male,5-9,160,0.02519288301054952,0.003749758132019802,0.001912966586558455,4.8193143418257404e-05
2019,E02005533,E07000144,8917,228441,2992,3481,0.8595231255386383,7664.367710428038,female,5-9,213,0.023886957496916,0.02053139236735785,0.013097473745956286,0.000312858798686631
2019,E02005533,E07000144,8917,228441,2992,3481,0.8595231255386383,7664.367710428038,male,5-9,228,0.025569137602332623,0.02197726506928446,0.013097473745956286,0.0003348911084532952
2019,E02005583,E07000147,8736,228441,3117,4005,0.7782771535580524,6799.029213483145,female,5-9,166,0.0190018315018315,0.014788691333635152,0.01364466098467438,0.0002592735489303968
2019,E02005583,E07000147,8736,228441,3117,4005,0.7782771535580524,6799.029213483145,male,5-9,156,0.017857142857142856,0.013897806313536648,0.01364466098467438,0.00024365466044061392
2019,E02003785,E07000012,9173,228441,8,3105,0.0025764895330112722,23.6341384863124,female,5-9,246,0.02681783495039791,6.909587104772408e-05,3.501998327795798e-05,9.391601315139719e-07
2019,E02003785,E07000012,9173,228441,8,3105,0.0025764895330112722,23.6341384863124,male,5-9,362,0.03946364330099204,0.00010167766389949641,3.501998327795798e-05,1.38201612848804e-06
2019,E02003254,E06000031,8600,228441,8,3068,0.002607561929595828,22.42503259452412,female,5-9,255,0.029651162790697676,7.731724326127165e-05,3.501998327795798e-05,1.0383832251022425e-06
2019,E02003254,E06000031,8600,228441,8,3068,0.002607561929595828,22.42503259452412,male,5-9,253,0.02941860465116279,7.671083351020285e-05,3.501998327795798e-05,1.030239042944578e-06
2019,E02003726,E07000008,8442,228441,9,2085,0.004316546762589928,36.44028776978417,female,5-9,176,0.020848140251125327,8.99919723070158e-05,3.939748118770273e-05,8.213642133422982e-07
2019,E02003726,E07000008,8442,228441,9,2085,0.004316546762589928,36.44028776978417,male,5-9,173,0.020492774224117508,8.845801823360074e-05,3.939748118770273e-05,8.07363686978509e-07
2019,E02005544,E07000145,7497,228441,439,3315,0.13242835595776772,992.8153846153846,female,5-9,272,0.036281179138321996,0.0048046569054972415,0.0019217215823779444,6.972232498423381e-05
2019,E02005544,E07000145,7497,228441,439,3315,0.13242835595776772,992.8153846153846,male,5-9,275,0.036681339202347604,0.004857649444896108,0.0019217215823779444,7.049132121567756e-05
2019,E02005446,E07000138,10958,228441,11,1999,0.005502751375687844,60.29914957478739,female,5-9,61,0.005566709253513415,3.0632217002825195e-05,4.815247700719223e-05,2.680508393355289e-07
2019,E02005446,E07000138,10958,228441,11,1999,0.005502751375687844,60.29914957478739,male,5-9,75,0.006844314655959117,3.76625618887195e-05,4.815247700719223e-05,3.2957070410106015e-07
2019,E02005593,E07000148,12414,228441,2398,2647,0.9059312429165093,11246.230449565546,female,10-14,217,0.017480264217818592,0.01583591748935738,0.010497239987567906,0.00018349452854053775
2019,E02005593,E07000148,12414,228441,2398,2647,0.9059312429165093,11246.230449565546,male,10-14,257,0.020702432737232157,0.01875498062103616,0.010497239987567906,0.0002173184047692083
2019,E02006287,E07000244,6179,228441,545,2715,0.2007366482504604,1240.3517495395947,female,10-14,141,0.022819226412040785,0.004580655025621446,0.0023857363608108875,5.444065817678187e-05
2019,E02006287,E07000244,6179,228441,545,2715,0.2007366482504604,1240.3517495395947,male,10-14,163,0.02637967308625991,0.005295367157278693,0.0023857363608108875,6.293494526819464e-05
2019,E02006233,E07000200,11790,228441,40,5050,0.007920792079207921,93.38613861386139,female,10-14,329,0.027905004240882103,0.0002210297365614424,0.00017509991638978994,4.88616390943519e-06
2019,E02006233,E07000200,11790,228441,40,5050,0.007920792079207921,93.38613861386139,male,10-14,301,0.02553011026293469,0.00020221869515195794,0.00017509991638978994,4.470320172461982e-06
2019,E02006288,E07000244,9562,228441,114,3453,0.03301476976542137,315.68722849695916,female,10-14,303,0.031687931395105624,0.0010461697593518798,0.0004990347617109013,1.5813379292867922e-05
2019,E02006288,E07000244,9562,228441,114,3453,0.03301476976542137,315.68722849695916,male,10-14,307,0.032106253921773686,0.0010599805812575153,0.0004990347617109013,1.6022136775282022e-05
2019,E02006311,E07000244,8471,228441,917,3751,0.24446814182884563,2070.889629432151,female,10-14,248,0.029276354621650336,0.007157136013877195,0.004014165583235934,0.00011752013512483904
2019,E02006311,E07000244,8471,228441,917,3751,0.24446814182884563,2070.889629432151,male,10-14,229,0.027033408098217446,0.006608807045072087,0.004014165583235934,0.00010851657638543605
2019,E02006256,E07000202,9754,228441,48,4135,0.011608222490931077,113.22660217654172,female,10-14,262,0.026860775066639326,0.0003118058532524033,0.00021011989966774792,5.6439833620002e-06
2019,E02006256,E07000202,9754,228441,48,4135,0.011608222490931077,113.22660217654172,male,10-14,306,0.03137174492515891,0.0003641701950199825,0.00021011989966774792,6.59182789607657e-06
2019,E02006251,E07000202,10928,228441,70,3797,0.018435607058203844,201.4643139320516,female,10-14,256,0.02342606149341142,0.0004318736646138529,0.0003064248536821324,7.1783274654672305e-06
2019,E02006251,E07000202,10928,228441,70,3797,0.018435607058203844,201.4643139320516,male,10-14,306,0.02800146412884334,0.000516223989733746,0.0003064248536821324,8.5803445485663e-06
2019,E02004577,E07000076,5680,228441,11,2201,0.004997728305315766,28.387096774193548,female,10-14,172,0.03028169014084507,0.00015133965994970278,4.815247700719223e-05,1.458138388245962e-06
2019,E02004577,E07000076,5680,228441,11,2201,0.004997728305315766,28.387096774193548,male,10-14,142,0.025,0.00012494320763289414,4.815247700719223e-05,1.2038119251798058e-06
2019,E02005542,E07000145,7554,228441,451,3494,0.12907842014882656,975.0583858042359,female,10-14,214,0.02832936192745565,0.0036567092814202918,0.0019742515572948815,5.5929286902449646e-05
2019,E02005542,E07000145,7554,228441,451,3494,0.12907842014882656,975.0583858042359,male,10-14,206,0.027270320360074134,0.0035200098690307486,0.0019742515572948815,5.383847243880667e-05
2019,E02005611,E07000149,11199,228441,3134,4161,0.753184330689738,8434.911319394376,female,10-14,255,0.02276989016876507,0.017149924486640163,0.01371907844914004,0.0003123819095035905
2019,E02005611,E07000149,11199,228441,3134,4161,0.753184330689738,8434.911319394376,male,10-14,290,0.025895169211536746,0.019503835690688816,0.01371907844914004,0.00035525785786682845
2019,E02005595,E07000148,8952,228441,3128,3359,0.9312295325989878,8336.366775826138,female,10-14,239,0.026697944593386952,0.024861914465053404,0.013692813461681571,0.0003655699751275576
2019,E02005595,E07000148,8952,228441,3128,3359,0.9312295325989878,8336.366775826138,male,10-14,244,0.027256478999106343,0.025382038198631926,0.013692813461681571,0.0003732178825570044
2019,E02006293,E07000244,11451,228441,88,4406,0.01997276441216523,228.70812528370405,female,10-14,315,0.02750851454021483,0.0005494210802403325,0.00038521981605753786,1.0596824911197662e-05
2019,E02006293,E07000244,11451,228441,88,4406,0.01997276441216523,228.70812528370405,male,10-14,344,0.03004104445026635,0.0006000027035005536,0.00038521981605753786,1.1572405617307922e-05
2019,E02004521,E07000071,9189,228441,8,3522,0.002271436683702442,20.87223168654174,female,10-14,250,0.027206442485580587,6.179771149478838e-05,3.501998327795798e-05,9.527691608977578e-07
2019,E02004521,E07000071,9189,228441,8,3522,0.002271436683702442,20.87223168654174,male,10-14,246,0.026771139405811297,6.080894811087177e-05,3.501998327795798e-05,9.375248543233937e-07
2019,E02004507,E07000071,9933,228441,11,3434,0.00320326150262085,31.817996505532903,female,10-14,373,0.037551595691130576,0.00012028758083938157,4.815247700719223e-05,1.808202348100544e-06
2019,E02004507,E07000071,9933,228441,11,3434,0.00320326150262085,31.817996505532903,male,10-14,408,0.04107520386590154,0.00013157461925594554,4.815247700719223e-05,1.9778728097185576e-06
2019,E02004446,E07000067,6867,228441,9,2535,0.0035502958579881655,24.379881656804734,female,10-14,233,0.033930391728556865,0.00012046292921381135,3.939748118770273e-05,1.3367719698172033e-06
2019,E02004446,E07000067,6867,228441,9,2535,0.0035502958579881655,24.379881656804734,male,10-14,204,0.029707295762341632,0.00010546968909707088,3.939748118770273e-05,1.1703926259343755e-06
2019,E02004589,E07000076,7733,228441,9,3538,0.002543810062182024,19.67128321085359,female,10-14,199,0.025733867839130998,6.546207194804381e-05,3.939748118770273e-05,1.0138495740789917e-06
2019,E02004589,E07000076,7733,228441,9,3538,0.002543810062182024,19.67128321085359,male,10-14,250,0.03232897969740075,8.223878385432639e-05,3.939748118770273e-05,1.2736803694459694e-06
2019,E02004522,E07000071,12010,228441,9,2824,0.003186968838526912,38.27549575070822,female,10-14,173,0.01440466278101582,4.590721141258583e-05,3.939748118770273e-05,5.675074309302725e-07
2019,E02004522,E07000071,12010,228441,9,2824,0.003186968838526912,38.27549575070822,male,10-14,223,0.018567860116569527,5.917519158963376e-05,3.939748118770273e-05,7.315269196384437e-07
2019,E02004526,E07000071,7285,228441,8,3181,0.002514932411191449,18.321282615529707,female,10-14,199,0.02731640356897735,6.869890869280691e-05,3.501998327795798e-05,9.566199961995385e-07
2019,E02004526,E07000071,7285,228441,8,3181,0.002514932411191449,18.321282615529707,male,10-14,163,0.02237474262182567,5.627096541169612e-05,3.501998327795798e-05,7.835631124649487e-07
2019,E02006235,E07000200,8200,228441,24,2985,0.008040201005025126,65.92964824120604,female,10-14,258,0.03146341463414634,0.0002529721779629857,0.00010505994983387396,3.3055447630657905e-06
2019,E02006235,E07000200,8200,228441,24,2985,0.008040201005025126,65.92964824120604,male,10-14,268,0.032682926829268294,0.0002627773011398456,0.00010505994983387396,3.4336666531071004e-06
2019,E02004513,E07000071,13590,228441,10,3781,0.0026448029621793175,35.942872256016926,female,10-14,296,0.021780721118469463,5.7605715732529655e-05,4.3774979097447484e-05,9.534506116883338e-07
2019,E02004513,E07000071,13590,228441,10,3781,0.0026448029621793175,35.942872256016926,male,10-14,282,0.02075055187637969,5.48811210695046e-05,4.3774979097447484e-05,9.083549746490206e-07
2019,E02004582,E07000076,7003,228441,9,3302,0.0027256208358570565,19.087522713506967,female,10-14,156,0.022276167356847065,6.0716385890861176e-05,3.939748118770273e-05,8.776248843754999e-07
2019,E02004582,E07000076,7003,228441,9,3302,0.0027256208358570565,19.087522713506967,male,10-14,164,0.023418534913608454,6.383004670577713e-05,3.939748118770273e-05,9.226312887024486e-07
2019,E02004520,E07000071,9529,228441,11,3753,0.002930988542499334,27.929389821476153,female,10-14,288,0.030223528177143456,8.858481480111325e-05,4.815247700719223e-05,1.4553377456261268e-06
2019,E02004520,E07000071,9529,228441,11,3753,0.002930988542499334,27.929389821476153,male,10-14,358,0.037569524609088044,0.00011011584617638383,4.815247700719223e-05,1.8090656699102547e-06
2019,E02004579,E07000076,7266,228441,8,3141,0.0025469595670168737,18.506208213944603,female,10-14,174,0.023947151114781174,6.0992425634590705e-05,3.501998327795798e-05,8.386288315943696e-07
2019,E02004579,E07000076,7266,228441,8,3141,0.0025469595670168737,18.506208213944603,male,10-14,195,0.026837324525185797,6.835358045255854e-05,3.501998327795798e-05,9.398426560971382e-07
2019,E02004559,E07000074,7711,228441,8,2504,0.003194888178913738,24.635782747603834,female,10-14,188,0.02438075476591882,7.78937851946288e-05,3.501998327795798e-05,8.538136242064714e-07
2019,E02004559,E07000074,7711,228441,8,2504,0.003194888178913738,24.635782747603834,male,10-14,255,0.0330696407729218,0.00010565380438633163,3.501998327795798e-05,1.1580982668757989e-06
2019,E02004575,E07000076,11687,228441,12,4223,0.0028415818138763913,33.20956665877338,female,10-14,348,0.02977667493796526,8.4612857981431e-05,5.252997491693698e-05,1.5641679876011012e-06
2019,E02004575,E07000076,11687,228441,12,4223,0.0028415818138763913,33.20956665877338,male,10-14,291,0.024899460939505434,7.075385538102421e-05,5.252997491693698e-05,1.3079680585974725e-06
2019,E02004588,E07000076,7179,228441,8,3751,0.0021327645961077045,15.311117035457212,female,10-14,220,0.03064493662069926,6.535843587459187e-05,3.501998327795798e-05,1.0731851680109703e-06
2019,E02004588,E07000076,7179,228441,8,3751,0.0021327645961077045,15.311117035457212,male,10-14,200,0.027859033291544783,5.9416759885992605e-05,3.501998327795798e-05,9.75622880009973e-07
2019,E02004512,E07000071,11610,228441,14,4353,0.0032161727544222376,37.33976567884218,female,10-14,269,0.023169681309216192,7.451769775534728e-05,6.128497073642647e-05,1.4199532410076416e-06
2019,E02004512,E07000071,11610,228441,14,4353,0.0032161727544222376,37.33976567884218,male,10-14,296,0.02549526270456503,8.199716927725945e-05,6.128497073642647e-05,1.5624764287667729e-06
2019,E02004509,E07000071,14885,228441,13,4843,0.0026842865992153624,39.95560602932067,female,10-14,446,0.029963050050386294,8.042941372187112e-05,5.690747282668173e-05,1.7051214565468626e-06
2019,E02004509,E07000071,14885,228441,13,4843,0.0026842865992153624,39.95560602932067,male,10-14,518,0.03480013436345314,9.34135343227113e-05,5.690747282668173e-05,1.9803877006530827e-06
2019,E02004585,E07000076,8674,228441,8,4088,0.0019569471624266144,16.974559686888455,female,10-14,227,0.026170163707632005,5.121362760789042e-05,3.501998327795798e-05,9.164786954226956e-07
2019,E02004585,E07000076,8674,228441,8,4088,0.0019569471624266144,16.974559686888455,male,10-14,251,0.028937053262623934,5.6628284271279714e-05,3.501998327795798e-05,1.0133751213704695e-06
2019,E02004580,E07000076,12194,228441,9,5534,0.0016263100831225153,19.831225153595952,female,10-14,308,0.02525832376578645,4.107786662307157e-05,3.939748118770273e-05,9.951143353954765e-07
2019,E02004580,E07000076,12194,228441,9,5534,0.0016263100831225153,19.831225153595952,male,10-14,261,0.021403969165163194,3.4809490872148306e-05,3.939748118770273e-05,8.432624725266862e-07
2019,E02004590,E07000076,8402,228441,9,4502,0.0019991115059973343,16.796534873389604,female,10-14,203,0.024160914068079027,4.8300361308909646e-05,3.939748118770273e-05,9.518791574748456e-07
2019,E02004590,E07000076,8402,228441,9,4502,0.0019991115059973343,16.796534873389604,male,10-14,157,0.018686027136396097,3.7355451849747855e-05,3.939748118770273e-05,7.361824025790679e-07
2019,E02004595,E07000077,14491,228441,8,5057,0.0015819655922483687,22.924263397271112,female,10-14,413,0.028500448554275068,4.508672897650792e-05,3.501998327795798e-05,9.980852317850146e-07
2019,E02004595,E07000077,14491,228441,8,5057,0.0015819655922483687,22.924263397271112,male,10-14,443,0.030570699054585603,4.836179403533416e-05,3.501998327795798e-05,1.0705853696870737e-06
2019,E02006922,E07000071,13943,228441,14,5702,0.002455278849526482,34.23395299894774,female,10-14,336,0.02409811374883454,5.916758900099677e-05,6.128497073642647e-05,1.4768521959004012e-06
2019,E02006922,E07000071,13943,228441,14,5702,0.002455278849526482,34.23395299894774,male,10-14,406,0.02911855411317507,7.14941700428711e-05,6.128497073642647e-05,1.7845297367129848e-06
2019,E02004523,E07000071,10335,228441,10,4139,0.0024160425223483935,24.969799468470647,female,10-14,335,0.0324141267537494,7.831390856184924e-05,4.3774979097447484e-05,1.4189277211073931e-06
2019,E02004523,E07000071,10335,228441,10,4139,0.0024160425223483935,24.969799468470647,male,10-14,337,0.03260764392839865,7.878145428460655e-05,4.3774979097447484e-05,1.4273989313826612e-06
2019,E02005579,E07000147,12901,228441,4648,5056,0.9193037974683544,11859.93829113924,female,10-14,322,0.024959305480195332,0.02294518431011628,0.02034661028449359,0.0005078372615771596
2019,E02005579,E07000147,12901,228441,4648,5056,0.9193037974683544,11859.93829113924,male,10-14,332,0.025734439190760405,0.023657767673784486,0.02034661028449359,0.0005236086051044006
2019,E02006292,E07000244,6857,228441,50,2404,0.020798668885191347,142.61647254575706,female,10-14,261,0.03806329298527052,0.0007916658274806681,0.0002188748954872374,8.331099274051182e-06
2019,E02006292,E07000244,6857,228441,50,2404,0.020798668885191347,142.61647254575706,male,10-14,226,0.03295901997958291,0.000685503743335751,0.0002188748954872374,7.213902053392978e-06
2019,E02006250,E07000202,10945,228441,56,4152,0.01348747591522158,147.62042389210018,female,10-14,273,0.02494289629968022,0.0003364167130978064,0.0002451398829457059,6.114498679230489e-06
2019,E02006250,E07000202,10945,228441,56,4152,0.01348747591522158,147.62042389210018,male,10-14,294,0.02686158063042485,0.00036229492179763766,0.0002451398829457059,6.5848447314789884e-06
2019,E02005594,E07000148,11105,228441,3270,3517,0.92976969007677,10325.092408302531,female,10-14,260,0.02341287708239532,0.021768583468704205,0.014314418164865327,0.0003351417129999987
2019,E02005594,E07000148,11105,228441,3270,3517,0.92976969007677,10325.092408302531,male,10-14,189,0.017019360648356595,0.015824085675327285,0.014314418164865327,0.00024362224521922978
2019,E02005602,E07000149,12285,228441,3889,4252,0.9146284101599247,11236.210018814674,female,10-14,318,0.025885225885225887,0.02367536299803468,0.017024089370997326,0.0004406723988585389
2019,E02005602,E07000149,12285,228441,3889,4252,0.9146284101599247,11236.210018814674,male,10-14,390,0.031746031746031744,0.02903582254475951,0.017024089370997326,0.0005404472816189627
2019,E02005535,E07000144,7243,228441,2248,2438,0.9220672682526662,6678.533223954061,female,10-14,214,0.029545768328040865,0.027243185890662783,0.009840615301106194,0.00029074853989185774
2019,E02005535,E07000144,7243,228441,2248,2438,0.9220672682526662,6678.533223954061,male,10-14,253,0.034930277509319346,0.03220806556232563,0.009840615301106194,0.00034373542333009354
2019,E02006230,E07000200,11148,228441,70,4587,0.01526051885764116,170.12426422498365,female,10-14,328,0.02942231790455687,0.00044899983721800326,0.0003064248536821324,9.015729458893023e-06
2019,E02006230,E07000200,11148,228441,70,4587,0.01526051885764116,170.12426422498365,male,10-14,378,0.03390742734122713,0.0005174449343548941,0.0003064248536821324,1.0390078461773058e-05
2019,E02006294,E07000244,8228,228441,52,3741,0.013900026730820636,114.36941994119219,female,10-14,238,0.028925619834710745,0.00040206688890803493,0.0002276298913067269,6.5843356989549105e-06
2019,E02006294,E07000244,8228,228441,52,3741,0.013900026730820636,114.36941994119219,male,10-14,233,0.028317938745746233,0.000393620105527614,0.0002276298913067269,6.446009318724765e-06
2019,E02006296,E07000244,13489,228441,80,5153,0.015524936929943722,209.41587424801088,female,10-14,489,0.03625176069389873,0.0005628062983721907,0.0003501998327795799,1.2695360532968681e-05
2019,E02006296,E07000244,13489,228441,80,5153,0.015524936929943722,209.41587424801088,male,10-14,439,0.032545036696567574,0.0005052596420969155,0.0003501998327795799,1.1397266408943255e-05
2019,E02006313,E07000244,10033,228441,688,4581,0.1501855490067671,1506.8116131848942,female,10-14,242,0.02412040267118509,0.003622535917436224,0.0030117185619043868,7.264386444541629e-05
2019,E02006313,E07000244,10033,228441,688,4581,0.1501855490067671,1506.8116131848942,male,10-14,260,0.025914482208711252,0.0038919807377413977,0.0030117185619043868,7.804712709011666e-05
2019,E02006295,E07000244,9796,228441,69,4175,0.01652694610778443,161.89796407185628,female,10-14,292,0.029808084932625562,0.0004926366132577638,0.00030204735577238763,9.0034532345383e-06
2019,E02006295,E07000244,9796,228441,69,4175,0.01652694610778443,161.89796407185628,male,10-14,348,0.035524703960800326,0.0005871148678551431,0.00030204735577238763,1.0730142895956604e-05
2019,E02005597,E07000149,16660,228441,5376,5722,0.9395316322963999,15652.596994058022,female,10-14,490,0.029411764705882353,0.02763328330283529,0.023533428762787766,0.0006921596694937578
2019,E02005597,E07000149,16660,228441,5376,5722,0.9395316322963999,15652.596994058022,male,10-14,495,0.02971188475390156,0.02791525558143565,0.023533428762787766,0.0006992225232641023
2019,E02006267,E07000203,8615,228441,87,3046,0.02856204858831254,246.06204858831254,female,10-14,317,0.03679628554846198,0.0010509772957045937,0.0003808423181477931,1.40135826875044e-05
2019,E02006267,E07000203,8615,228441,87,3046,0.02856204858831254,246.06204858831254,male,10-14,271,0.03145676146256529,0.0008984695493247473,0.0003808423181477931,1.1980065956825529e-05
2019,E02005538,E07000145,9068,228441,751,4616,0.1626949740034662,1475.3180242634314,female,10-14,180,0.019850022055580063,0.003229498822300829,0.0032875009302183057,6.525696597257335e-05
2019,E02005538,E07000145,9068,228441,751,4616,0.1626949740034662,1475.3180242634314,male,10-14,191,0.021063078958976623,0.0034268570836636573,0.0032875009302183057,6.924489167089726e-05
2019,E02006271,E07000203,9748,228441,54,3734,0.0144617032672737,140.97268344938402,female,10-14,225,0.023081657775954043,0.000333800085672608,0.0002363848871262164,5.456155068054851e-06
2019,E02006271,E07000203,9748,228441,54,3734,0.0144617032672737,140.97268344938402,male,10-14,249,0.025543701272055807,0.0003694054281443529,0.0002363848871262164,6.038144941980702e-06
2019,E02006312,E07000244,8830,228441,965,3470,0.2780979827089337,2455.605187319885,female,10-14,251,0.028425821064552662,0.00790516349489721,0.004224285482903682,0.0001200787832626075
2019,E02006312,E07000244,8830,228441,965,3470,0.2780979827089337,2455.605187319885,male,10-14,244,0.027633069082672705,0.007684700767947885,0.004224285482903682,0.00011672997257400886
2019,E02005520,E07000144,8657,228441,3033,3252,0.9326568265682657,8074.010147601476,female,10-14,212,0.024488852951368833,0.022839695879920564,0.013276951160255821,0.00032513730460601064
2019,E02005520,E07000144,8657,228441,3033,3252,0.9326568265682657,8074.010147601476,male,10-14,238,0.02749220284163105,0.02564079065764667,0.013276951160255821,0.00036501263441618176
2019,E02006237,E07000200,7731,228441,59,2944,0.020040760869565216,154.9351222826087,female,10-14,227,0.029362307592808175,0.0005884429850460877,0.00025827237667494014,7.583472966655208e-06
2019,E02006237,E07000200,7731,228441,59,2944,0.020040760869565216,154.9351222826087,male,10-14,241,0.031173198809985772,0.0006247346228903398,0.00025827237667494014,8.051176145215441e-06
2019,E02005604,E07000149,8600,228441,2789,3152,0.8848350253807107,7609.581218274112,female,10-14,221,0.02569767441860465,0.022738202396411285,0.012208841670278102,0.0003137388382711001
2019,E02005604,E07000149,8600,228441,2789,3152,0.8848350253807107,7609.581218274112,male,10-14,264,0.030697674418604652,0.02716237752331484,0.012208841670278102,0.0003747830466224906
2019,E02006258,E07000202,9082,228441,63,4222,0.014921837991473235,135.52013263855991,female,10-14,307,0.033803127064523236,0.0005044047856619999,0.00027578236831391915,9.322306438270556e-06
2019,E02006258,E07000202,9082,228441,63,4222,0.014921837991473235,135.52013263855991,male,10-14,316,0.03479409821625193,0.0005191918966423192,0.00027578236831391915,9.595598809425067e-06
2019,E02003619,E06000055,11815,228441,9,5224,0.0017228177641653904,20.355091883614087,female,10-14,390,0.033008887008040624,5.6868296912780554e-05,3.939748118770273e-05,1.3004670049262856e-06
2019,E02003619,E06000055,11815,228441,9,5224,0.0017228177641653904,20.355091883614087,male,10-14,393,0.033262801523487096,5.730574535057118e-05,3.939748118770273e-05,1.3104705972718725e-06
2019,E02006261,E07000203,8070,228441,1036,3144,0.32951653944020354,2659.1984732824426,female,10-14,220,0.027261462205700124,0.008983102686102203,0.004535087834495559,0.0001236331255996311
2019,E02006261,E07000203,8070,228441,1036,3144,0.32951653944020354,2659.1984732824426,male,10-14,236,0.029244114002478314,0.009636419245091454,0.004535087834495559,0.00013262462564324063
2019,E02006306,E07000244,7510,228441,473,3378,0.14002368265245707,1051.5778567199527,female,10-14,211,0.028095872170439413,0.003934087488637609,0.002070556511309266,5.817409106341613e-05
2019,E02006306,E07000244,7510,228441,473,3378,0.14002368265245707,1051.5778567199527,male,10-14,214,0.028495339547270307,0.003990022381840987,0.002070556511309266,5.900121084156897e-05
2019,E02006303,E07000244,8152,228441,445,3523,0.12631280158955435,1029.7019585580472,female,10-14,312,0.038272816486751716,0.004834346675164494,0.001947986569836413,7.455493250600598e-05
2019,E02006303,E07000244,8152,228441,445,3523,0.12631280158955435,1029.7019585580472,male,10-14,290,0.03557409224730128,0.00449346325576187,0.001947986569836413,6.929785393186455e-05
2019,E02006228,E07000200,6121,228441,22,2586,0.008507347254447023,52.07347254447023,female,10-14,170,0.027773239666721124,0.0002362765942257791,9.630495401438446e-05,2.674700568934056e-06
2019,E02006228,E07000200,6121,228441,22,2586,0.008507347254447023,52.07347254447023,male,10-14,168,0.027446495670642054,0.00023349686958782878,9.630495401438446e-05,2.6432335034171854e-06
2019,E02006266,E07000203,9653,228441,49,4297,0.011403304631138002,110.07609960437514,female,10-14,275,0.028488552781518697,0.00032486364586791156,0.00021449739757749265,6.1107204323848e-06
2019,E02006266,E07000203,9653,228441,49,4297,0.011403304631138002,110.07609960437514,male,10-14,294,0.030456852791878174,0.00034730877049151277,0.00021449739757749265,6.532915662258659e-06
2019,E02006245,E07000202,7778,228441,49,3627,0.013509787703336091,105.07912875654812,female,10-14,241,0.030984829004885573,0.0004185984618801746,0.00021449739757749265,6.646165185931566e-06
2019,E02006245,E07000202,7778,228441,49,3627,0.013509787703336091,105.07912875654812,male,10-14,277,0.035613268192337365,0.00048112769270044966,0.00021449739757749265,7.63895334648566e-06
2019,E02006289,E07000244,9527,228441,111,3942,0.02815829528158295,268.26407914764076,female,10-14,290,0.030439802666106856,0.0008571329517853528,0.00048590226798166705,1.4790769152375716e-05
2019,E02006289,E07000244,9527,228441,111,3942,0.02815829528158295,268.26407914764076,male,10-14,258,0.02708092788915713,0.0007625527640021414,0.00048590226798166705,1.315868428038943e-05
2019,E02006286,E07000245,11775,228441,11,4724,0.0023285351397121083,27.418501270110074,female,10-14,440,0.037367303609341825,8.701107953064353e-05,4.815247700719223e-05,1.7993282278696035e-06
2019,E02006286,E07000245,11775,228441,11,4724,0.0023285351397121083,27.418501270110074,male,10-14,393,0.03337579617834395,7.771671421714297e-05,4.815247700719223e-05,1.6071272580744415e-06
2019,E02006280,E07000245,9789,228441,32,4150,0.0077108433734939755,75.48144578313253,female,10-14,336,0.03432424149555623,0.0002646688500862167,0.00014007993311183193,4.808137452811883e-06
2019,E02006280,E07000245,9789,228441,32,4150,0.0077108433734939755,75.48144578313253,male,10-14,314,0.032076820921442435,0.0002473393420448573,0.00014007993311183193,4.4933189291158675e-06
2019,E02006290,E07000244,8129,228441,72,3583,0.020094892548144012,163.35138152386267,female,10-14,202,0.024849304957559354,0.0004993441130182175,0.00031517984950162184,7.832000196743462e-06
2019,E02006290,E07000244,8129,228441,72,3583,0.020094892548144012,163.35138152386267,male,10-14,201,0.02472628859638332,0.0004968721124587215,0.00031517984950162184,7.793227918541763e-06
2019,E02006227,E07000200,6270,228441,24,2589,0.009269988412514484,58.12282734646582,female,10-14,131,0.020893141945773526,0.0001936791837383409,0.00010505994983387396,2.1950324446949746e-06
2019,E02006227,E07000200,6270,228441,24,2589,0.009269988412514484,58.12282734646582,male,10-14,178,0.02838915470494418,0.0002631671351559136,0.00010505994983387396,2.9825631691275222e-06
2019,E02006249,E07000202,8185,228441,53,3215,0.016485225505443235,134.93157076205287,female,10-14,230,0.028100183262064753,0.00046323785781941893,0.00023200738921647164,6.519450155136038e-06
2019,E02006249,E07000202,8185,228441,53,3215,0.016485225505443235,134.93157076205287,male,10-14,248,0.030299328039095907,0.0004994912553878952,0.00023200738921647164,7.029667993364077e-06
2019,E02006262,E07000203,9118,228441,277,3705,0.0747638326585695,681.6966261808368,female,10-14,249,0.027308620311471812,0.002041697119103291,0.0012125669209992953,3.311352964782019e-05
2019,E02006262,E07000203,9118,228441,277,3705,0.0747638326585695,681.6966261808368,male,10-14,267,0.029282737442421585,0.002189289681930035,0.0012125669209992953,3.550727877898792e-05
2019,E02006268,E07000203,6407,228441,39,3227,0.012085528354508832,77.43198016733808,female,10-14,184,0.028718589043233964,0.00034707932218349074,0.00017072241848004518,4.902906976795429e-06
2019,E02006268,E07000203,6407,228441,39,3227,0.012085528354508832,77.43198016733808,male,10-14,188,0.029342906196347746,0.00035462452483965356,0.00017072241848004518,5.00949191107359e-06
2019,E02006257,E07000202,6460,228441,45,3015,0.014925373134328358,96.41791044776119,female,10-14,171,0.026470588235294117,0.0003950834064969271,0.00019698740593851365,5.214372510137126e-06
2019,E02006257,E07000202,6460,228441,45,3015,0.014925373134328358,96.41791044776119,male,10-14,201,0.031114551083591332,0.0004643962848297214,0.00019698740593851365,6.1291747048980254e-06
2019,E02006265,E07000203,7283,228441,60,2946,0.020366598778004074,148.32993890020367,female,10-14,195,0.026774680763421668,0.000545309180517753,0.0002626498745846849,7.032366544557676e-06
2019,E02006265,E07000203,7283,228441,60,2946,0.020366598778004074,148.32993890020367,male,10-14,197,0.027049292873815734,0.0005509020951897298,0.0002626498745846849,7.1044933809121135e-06
2019,E02006253,E07000202,6895,228441,47,3085,0.015235008103727715,105.0453808752026,female,10-14,175,0.025380710659898477,0.0003866753325819217,0.00020574240175800316,5.221888369492466e-06
2019,E02006253,E07000202,6895,228441,47,3085,0.015235008103727715,105.0453808752026,male,10-14,198,0.02871646120377085,0.00043749551914983145,0.00020574240175800316,5.908193698054333e-06
2019,E02006263,E07000203,7712,228441,950,2788,0.34074605451936874,2627.8335724533717,female,10-14,211,0.027359958506224066,0.009322797912809492,0.00415862301425751,0.00011377975311311394
2019,E02006263,E07000203,7712,228441,950,2788,0.34074605451936874,2627.8335724533717,male,10-14,237,0.030731327800829874,0.010471578698274168,0.00415862301425751,0.00012780000705122277
2019,E02006247,E07000202,8915,228441,57,3837,0.014855355746677092,132.43549648162627,female,10-14,267,0.029949523275378576,0.0004449108226991345,0.00024951738085545063,7.47292660554182e-06
2019,E02006247,E07000202,8915,228441,57,3837,0.014855355746677092,132.43549648162627,male,10-14,277,0.03107122826696579,0.00046157414939198595,0.00024951738085545063,7.752811497135146e-06
2019,E02006291,E07000244,7681,228441,68,3090,0.022006472491909384,169.03171521035597,female,10-14,199,0.02590808488478063,0.0005701455573349782,0.0002976698578626429,7.712055945145936e-06
2019,E02006291,E07000244,7681,228441,68,3090,0.022006472491909384,169.03171521035597,male,10-14,193,0.02512693659679729,0.0005529552390233708,0.0002976698578626429,7.4795316452922895e-06
2019,E02006301,E07000244,6451,228441,46,3009,0.015287470920571618,98.61947490860751,female,10-14,176,0.02728259184622539,0.000417081829486995,0.0002013649038482584,5.493756483846455e-06
2019,E02006301,E07000244,6451,228441,46,3009,0.015287470920571618,98.61947490860751,male,10-14,157,0.02433731204464424,0.0003720559501673762,0.0002013649038482584,4.900680499794849e-06
2019,E02006283,E07000245,7626,228441,13,3104,0.004188144329896907,31.938788659793815,female,10-14,174,0.022816679779701022,9.555954804642825e-05,5.690747282668173e-05,1.2984395845584344e-06
2019,E02006283,E07000245,7626,228441,13,3104,0.004188144329896907,31.938788659793815,male,10-14,178,0.023341201153947024,9.775631926588637e-05,5.690747282668173e-05,1.3282887704103525e-06
2019,E02006272,E07000203,7642,228441,56,3187,0.017571383746470035,134.280514590524,female,10-14,205,0.026825438366919654,0.0004713600717124257,0.0002451398829457059,6.575984821233931e-06
2019,E02006272,E07000203,7642,228441,56,3187,0.017571383746470035,134.280514590524,male,10-14,211,0.027610573148390473,0.00048515597625035033,0.0002451398829457059,6.76845266966029e-06
2019,E02006297,E07000244,8226,228441,45,3235,0.013910355486862442,114.42658423493044,female,10-14,233,0.028324823729637735,0.00039400836718197775,0.00019698740593851365,5.579633550166992e-06
2019,E02006297,E07000244,8226,228441,45,3235,0.013910355486862442,114.42658423493044,male,10-14,304,0.036955993192317044,0.0005140710026751984,0.00019698740593851365,7.279865232835904e-06
2019,E02006270,E07000203,13467,228441,59,4858,0.01214491560312886,163.55557842733637,female,10-14,419,0.031113091260117322,0.00037786586750657104,0.00025827237667494014,8.03565202545481e-06
2019,E02006270,E07000203,13467,228441,59,4858,0.01214491560312886,163.55557842733637,male,10-14,455,0.03378629241850449,0.00041033166996536953,0.00025827237667494014,8.726066041961666e-06
2019,E02006255,E07000202,8208,228441,58,3059,0.01896044458973521,155.6273291925466,female,10-14,184,0.022417153996101363,0.0004250392062026411,0.0002538948787651954,5.6916005961008705e-06
2019,E02006255,E07000202,8208,228441,58,3059,0.01896044458973521,155.6273291925466,male,10-14,225,0.027412280701754384,0.0005197490293238818,0.0002538948787651954,6.959837685449434e-06
2019,E02006252,E07000202,9269,228441,37,3710,0.009973045822102426,92.44016172506738,female,10-14,315,0.03398424857050383,0.0003389264682233536,0.00016196742266055567,5.504341152020179e-06
2019,E02006252,E07000202,9269,228441,37,3710,0.009973045822102426,92.44016172506738,male,10-14,300,0.03236595101952746,0.00032278711259367006,0.00016196742266055567,5.242229668590647e-06
2019,E02006300,E07000244,7781,228441,61,3606,0.01691625069328896,131.62534664448143,female,10-14,252,0.032386582701452254,0.000547859552076702,0.00026702737249442965,8.648104082842343e-06
2019,E02006300,E07000244,7781,228441,61,3606,0.01691625069328896,131.62534664448143,male,10-14,262,0.033671764554684486,0.0005696000104924441,0.00026702737249442965,8.991282816288467e-06
2019,E02006248,E07000202,8109,228441,44,3404,0.012925969447708578,104.81668625146885,female,10-14,306,0.03773584905660377,0.0004877724319890029,0.00019260990802876893,7.2682984161799595e-06
2019,E02006248,E07000202,8109,228441,44,3404,0.012925969447708578,104.81668625146885,male,10-14,312,0.03847576766555679,0.0004973365973221206,0.00019260990802876893,7.410814071399175e-06
2019,E02006229,E07000200,5937,228441,16,2606,0.0061396776669224865,36.451266308518804,female,10-14,141,0.023749368367862556,0.0001458134665716811,7.003996655591596e-05,1.6634049662092218e-06
2019,E02006229,E07000200,5937,228441,16,2606,0.0061396776669224865,36.451266308518804,male,10-14,157,0.026444332154286678,0.00016235967554435412,7.003996655591596e-05,1.852160139679772e-06
2019,E02006231,E07000200,8619,228441,37,3270,0.011314984709480122,97.52385321100917,female,10-14,229,0.026569207564682677,0.0003006301773373881,0.00016196742266055567,4.3033460713849925e-06
2019,E02006231,E07000200,8619,228441,37,3270,0.011314984709480122,97.52385321100917,male,10-14,227,0.02633716208376842,0.0002980045862689393,0.00016196742266055567,4.265762262901281e-06
2019,E02006260,E07000202,8746,228441,64,3841,0.016662327518875295,145.72871648008334,female,10-14,266,0.030413903498742283,0.0005067664212235111,0.00028015986622366386,8.52075513554706e-06
2019,E02006260,E07000202,8746,228441,64,3841,0.016662327518875295,145.72871648008334,male,10-14,325,0.037159844500343014,0.0006191694996151921,0.00028015986622366386,1.041069706410825e-05
2019,E02006254,E07000202,9499,228441,71,4098,0.017325524646168863,164.57515861395802,female,10-14,290,0.03052952942414991,0.0005289401144740468,0.00031080235159187714,9.488649538019199e-06
2019,E02006254,E07000202,9499,228441,71,4098,0.017325524646168863,164.57515861395802,male,10-14,328,0.03452995052110749,0.0005982495087844392,0.00031080235159187714,1.073198982231137e-05
2019,E02006299,E07000244,8381,228441,52,3938,0.013204672422549517,110.6683595733875,female,10-14,201,0.023982818279441594,0.0003166852591495589,0.0002276298913067269,5.459206318178274e-06
2019,E02006299,E07000244,8381,228441,52,3938,0.013204672422549517,110.6683595733875,male,10-14,166,0.019806705643717934,0.0002615410597951581,0.0002276298913067269,4.5085982528238475e-06
2019,E02006298,E07000244,9290,228441,58,3706,0.015650296815974095,145.39125742039934,female,10-14,250,0.02691065662002153,0.0004211597636160951,0.0002538948787651954,6.832477900032169e-06
2019,E02006298,E07000244,9290,228441,58,3706,0.015650296815974095,145.39125742039934,male,10-14,261,0.028094725511302477,0.00043969079321520333,0.0002538948787651954,7.133106927633585e-06
2019,E02006234,E07000200,9751,228441,20,3978,0.005027652086475616,49.024635495223734,female,10-14,314,0.03220182545379961,0.00016189957493111922,8.754995819489497e-05,2.8192684722794606e-06
2019,E02006234,E07000200,9751,228441,20,3978,0.005027652086475616,49.024635495223734,male,10-14,316,0.03240693262229515,0.00016293078241475694,8.754995819489497e-05,2.8372255963067185e-06
2019,E02006236,E07000200,10362,228441,53,3957,0.013393985342431134,138.7884761182714,female,10-14,298,0.02875892684809882,0.00038519664466748484,0.00023200738921647164,6.672283534694899e-06
2019,E02006236,E07000200,10362,228441,53,3957,0.013393985342431134,138.7884761182714,male,10-14,343,0.03310171781509361,0.0004433639232246554,0.00023200738921647164,7.679843128860237e-06
2019,E02006259,E07000202,7100,228441,51,3158,0.016149461684610514,114.66117796073465,female,10-14,173,0.02436619718309859,0.00039350096780811536,0.00022325239339698215,5.439811839109565e-06
2019,E02006259,E07000202,7100,228441,51,3158,0.016149461684610514,114.66117796073465,male,10-14,200,0.028169014084507043,0.00045491441365100044,0.00022325239339698215,6.288799813999497e-06
2019,E02006239,E07000245,7719,228441,32,2380,0.013445378151260505,103.78487394957983,female,10-14,209,0.027076046119963726,0.00036404767892388206,0.00014007993311183193,3.792810729417395e-06
2019,E02006239,E07000245,7719,228441,32,2380,0.013445378151260505,103.78487394957983,male,10-14,165,0.02137582588418189,0.0002874060623083279,0.00014007993311183193,2.9943242600663644e-06
2019,E02006826,E07000245,9804,228441,18,3898,0.004617752693689072,45.27244740892766,female,10-14,213,0.021725826193390453,0.00010032449242714936,7.879496237540546e-05,1.711885657482799e-06
2019,E02006826,E07000245,9804,228441,18,3898,0.004617752693689072,45.27244740892766,male,10-14,231,0.023561811505507957,0.00010880261854775352,7.879496237540546e-05,1.856552051072895e-06
2019,E02003744,E07000010,14355,228441,239,6893,0.034672856521108374,497.7288553605107,female,10-14,323,0.022500870776732847,0.0007801694640416583,0.0010462220004289948,2.354090603542775e-05
2019,E02003744,E07000010,14355,228441,239,6893,0.034672856521108374,497.7288553605107,male,10-14,316,0.022013235806339255,0.0007632617666785264,0.0010462220004289948,2.303073160122343e-05
2019,E02005517,E07000143,6533,228441,306,2500,0.1224,799.6392,female,10-14,265,0.040563294045614574,0.004964947191183224,0.001339514360381893,5.4335114878494054e-05
2019,E02005517,E07000143,6533,228441,306,2500,0.1224,799.6392,male,10-14,270,0.041328639216286545,0.005058625440073473,0.001339514360381893,5.536030572525809e-05
2019,E02005519,E07000143,8913,228441,424,3683,0.11512354059190877,1026.096117295683,female,10-14,311,0.034892853135868956,0.004016988794354721,0.001856059113731773,6.476319806693386e-05
2019,E02005519,E07000143,8913,228441,424,3683,0.11512354059190877,1026.096117295683,male,10-14,347,0.03893189722876697,0.004481977850935975,0.001856059113731773,7.22599026663217e-05
2019,E02006269,E07000203,7508,228441,35,2973,0.011772620248906828,88.38883282879247,female,10-14,206,0.02743740010655301,0.0003230100920717643,0.0001532124268410662,4.203750656534315e-06
2019,E02006269,E07000203,7508,228441,35,2973,0.011772620248906828,88.38883282879247,male,10-14,205,0.02730420884389984,0.00032144208191607615,0.0001532124268410662,4.183344099949196e-06
2019,E02006242,E07000245,9994,228441,28,3639,0.007694421544380325,76.89804891453696,female,10-14,276,0.02761656994196518,0.00021249353074334298,0.00012256994147285294,3.3849613614676216e-06
2019,E02006242,E07000245,9994,228441,28,3639,0.007694421544380325,76.89804891453696,male,10-14,287,0.02871723033820292,0.00022096247580920083,0.00012256994147285294,3.5198692418159685e-06
2019,E02005512,E07000143,9450,228441,2888,3385,0.8531757754800591,8062.511078286559,female,10-14,248,0.026243386243386242,0.02239022140942377,0.012642213963342832,0.00033177450401153673
2019,E02005512,E07000143,9450,228441,2888,3385,0.8531757754800591,8062.511078286559,male,10-14,233,0.024656084656084657,0.021035974146757012,0.012642213963342832,0.0003117074977205164
2019,E02006264,E07000203,8672,228441,29,3559,0.00814835627985389,70.66254565889294,female,10-14,279,0.03217250922509225,0.00026215306758293767,0.0001269474393825977,4.084217664638464e-06
2019,E02006264,E07000203,8672,228441,29,3559,0.00814835627985389,70.66254565889294,male,10-14,248,0.02859778597785978,0.0002330249489626113,0.0001269474393825977,3.6304157019008565e-06
2019,E02006282,E07000245,6368,228441,17,2675,0.006355140186915888,40.469532710280376,female,10-14,167,0.026224874371859296,0.00016666275301742355,7.441746446566072e-05,1.9515886566842557e-06
2019,E02006282,E07000245,6368,228441,17,2675,0.006355140186915888,40.469532710280376,male,10-14,189,0.02967964824120603,0.0001886183252712159,7.441746446566072e-05,2.2086841683432596e-06
2019,E02006284,E07000245,7933,228441,10,3332,0.003001200480192077,23.808523409363747,female,10-14,233,0.029370981974032522,8.814820520417925e-05,4.3774979097447484e-05,1.2857141219847805e-06
2019,E02006284,E07000245,7933,228441,10,3332,0.003001200480192077,23.808523409363747,male,10-14,248,0.031261817723433755,9.382298236324657e-05,4.3774979097447484e-05,1.368485417391526e-06
2019,E02005511,E07000143,8248,228441,2831,3289,0.8607479477044695,7099.449072666464,female,10-14,162,0.019641125121241512,0.016906058138715332,0.012392696582487381,0.00024340650416621674
2019,E02005511,E07000143,8248,228441,2831,3289,0.8607479477044695,7099.449072666464,male,10-14,158,0.01915615906886518,0.016488624604426065,0.012392696582487381,0.00023739646702631016
2019,E02006240,E07000245,10485,228441,46,3221,0.014281279105867743,149.73921142502329,female,10-14,327,0.03118741058655222,0.00044539611517584665,0.0002013649038482584,6.280049934037244e-06
2019,E02006240,E07000245,10485,228441,46,3221,0.014281279105867743,149.73921142502329,male,10-14,372,0.03547925608011445,0.0005066891585486696,0.0002013649038482584,7.144276989179984e-06
2019,E02006243,E07000245,8966,228441,13,3683,0.0035297311973934292,31.647569915829486,female,10-14,209,0.0233102832924381,8.227903415739758e-05,5.690747282668173e-05,1.3265293130466741e-06
2019,E02006243,E07000245,8966,228441,13,3683,0.0035297311973934292,31.647569915829486,male,10-14,257,0.028663841177782735,0.00010117565444235013,5.690747282668173e-05,1.6311867629329917e-06
2019,E02006246,E07000202,7040,228441,60,3135,0.019138755980861243,134.73684210526315,female,10-14,167,0.023721590909090907,0.0004540017398869073,0.0002626498745846849,6.230472877221928e-06
2019,E02006246,E07000202,7040,228441,60,3135,0.019138755980861243,134.73684210526315,male,10-14,200,0.028409090909090908,0.0005437146585471944,0.0002626498745846849,7.461644164337639e-06
2019,E02003752,E07000010,11152,228441,8,4643,0.0017230239069567091,19.21516261038122,female,10-14,281,0.025197274031563844,4.3415505546523965e-05,3.501998327795798e-05,8.824081152354907e-07
2019,E02003752,E07000010,11152,228441,8,4643,0.0017230239069567091,19.21516261038122,male,10-14,332,0.02977044476327116,5.129518804785038e-05,3.501998327795798e-05,1.0425604777871279e-06
2019,E02005564,E07000146,9930,228441,366,4997,0.0732439463678207,727.3123874324594,female,10-14,223,0.02245720040281974,0.0016448539818755303,0.0016021642349665778,3.598012330287481e-05
2019,E02005564,E07000146,9930,228441,366,4997,0.0732439463678207,727.3123874324594,male,10-14,275,0.02769385699899295,0.0020284073767523354,0.0016021642349665778,4.437010721206535e-05
2019,E02003780,E07000012,12091,228441,8,3877,0.0020634511220015478,24.949187516120713,female,10-14,347,0.028699032338102722,5.9219050478416765e-05,3.501998327795798e-05,1.0050396325739327e-06
2019,E02003780,E07000012,12091,228441,8,3877,0.0020634511220015478,24.949187516120713,male,10-14,367,0.03035315523943429,6.263225223509785e-05,3.501998327795798e-05,1.0629669889182516e-06
2019,E02003249,E06000031,12090,228441,11,4349,0.0025293170843872156,30.579443550241436,female,10-14,441,0.03647642679900744,9.22604494801292e-05,4.815247700719223e-05,1.7564303027437365e-06
2019,E02003249,E06000031,12090,228441,11,4349,0.0025293170843872156,30.579443550241436,male,10-14,445,0.036807278742762614,9.309727895387188e-05,4.815247700719223e-05,1.772361643358192e-06
2019,E02003745,E07000010,10314,228441,155,4975,0.031155778894472363,321.34070351758794,female,10-14,336,0.03257707969749855,0.0010149642920828693,0.000678512176010436,2.2103945233615136e-05
2019,E02003745,E07000010,10314,228441,155,4975,0.031155778894472363,321.34070351758794,male,10-14,316,0.03063796781074268,0.0009545497508874605,0.000678512176010436,2.078823420780471e-05
2019,E02003737,E07000009,13972,228441,10,4946,0.0020218358269308533,28.24909017387788,female,10-14,380,0.02719725164614944,5.4988377772239065e-05,4.3774979097447484e-05,1.190559122318211e-06
2019,E02003737,E07000009,13972,228441,10,4946,0.0020218358269308533,28.24909017387788,male,10-14,475,0.0339965645576868,6.873547221529883e-05,4.3774979097447484e-05,1.4881989028977637e-06
2019,E02005589,E07000148,11841,228441,3910,4159,0.9401298389035826,11132.077422457322,female,10-14,383,0.03234524111139262,0.030408726315351083,0.017116016827101965,0.0005536216911392664
2019,E02005589,E07000148,11841,228441,3910,4159,0.9401298389035826,11132.077422457322,male,10-14,413,0.03487881091124061,0.03279061088313315,0.017116016827101965,0.0005969863144661018
2019,E02005540,E07000145,8995,228441,667,4468,0.14928379588182633,1342.807743957028,female,10-14,206,0.02290161200667037,0.003418839572168563,0.002919791105799747,6.686792304555284e-05
2019,E02005540,E07000145,8995,228441,667,4468,0.14928379588182633,1342.807743957028,male,10-14,197,0.021901056142301277,0.0032694727947437225,0.002919791105799747,6.394650893191218e-05
2019,E02005548,E07000145,7498,228441,499,3604,0.13845726970033295,1038.1526082130965,female,10-14,218,0.029074419845292077,0.004025564789900318,0.0021843714569626293,6.350933283780383e-05
2019,E02005548,E07000145,7498,228441,499,3604,0.13845726970033295,1038.1526082130965,male,10-14,291,0.038810349426513735,0.005373575017710974,0.0021843714569626293,8.477621952202255e-05
2019,E02005507,E07000143,11864,228441,4009,4418,0.9074241738343142,10765.680398370303,female,10-14,326,0.027478084962913013,0.02493427854602043,0.017549389120166695,0.0004822236052911617
2019,E02005507,E07000143,11864,228441,4009,4418,0.9074241738343142,10765.680398370303,male,10-14,348,0.02933243425488874,0.02661695992029175,0.017549389120166695,0.0005147663025807494
2019,E02005547,E07000145,8812,228441,520,3960,0.13131313131313133,1157.1313131313132,female,10-14,262,0.02973218338629142,0.0039042261012301872,0.002276298913067269,6.767933672533188e-05
2019,E02005547,E07000145,8812,228441,520,3960,0.13131313131313133,1157.1313131313132,male,10-14,255,0.02893781207444394,0.0037999147168461746,0.002276298913067269,6.587111017160163e-05
2019,E02005561,E07000146,11213,228441,311,5394,0.05765665554319614,646.5040786058584,female,10-14,314,0.02800321055917239,0.0016145714653137955,0.0013614018499306167,3.812362265925387e-05
2019,E02005561,E07000146,11213,228441,311,5394,0.05765665554319614,646.5040786058584,male,10-14,299,0.026665477570676895,0.0015374422551873404,0.0013614018499306167,3.630243049400289e-05
2019,E02005504,E07000143,9110,228441,1501,4011,0.3742208925454999,3409.152331089504,female,10-14,212,0.02327113062568606,0.008708543273287154,0.006570624362526867,0.0001529058578326779
2019,E02005504,E07000143,9110,228441,1501,4011,0.3742208925454999,3409.152331089504,male,10-14,293,0.03216245883644347,0.012035864052231775,0.006570624362526867,0.00021132743558950295
2019,E02005569,E07000146,8228,228441,242,3732,0.06484458735262594,533.5412647374062,female,10-14,246,0.02989790957705396,0.001938717609230187,0.001059354494158229,3.167248487638847e-05
2019,E02005569,E07000146,8228,228441,242,3732,0.06484458735262594,533.5412647374062,male,10-14,246,0.02989790957705396,0.001938717609230187,0.001059354494158229,3.167248487638847e-05
2019,E02005466,E07000140,6685,228441,69,3343,0.020640143583607537,137.97935985641638,female,10-14,156,0.023335826477187734,0.0004816548091313053,0.00030204735577238763,7.048524682197827e-06
2019,E02005466,E07000140,6685,228441,69,3343,0.020640143583607537,137.97935985641638,male,10-14,204,0.03051608077786088,0.0006298562888640146,0.00030204735577238763,9.217301507489465e-06
2019,E02005578,E07000147,5843,228441,1169,2736,0.427266081871345,2496.515716374269,female,10-14,167,0.028581208283416055,0.012211780878404008,0.005117295056491611,0.00014625847585728207
2019,E02005578,E07000147,5843,228441,1169,2736,0.427266081871345,2496.515716374269,male,10-14,144,0.02464487420845456,0.010529918841258545,0.005117295056491611,0.00012611509295478213
2019,E02005580,E07000147,7937,228441,1847,3887,0.47517365577566245,3771.453305891433,female,10-14,157,0.019780773592037292,0.009399302501799042,0.00808523863929855,0.0001599322749615563
2019,E02005580,E07000147,7937,228441,1847,3887,0.47517365577566245,3771.453305891433,male,10-14,190,0.023938515812019653,0.011374952072240879,0.00808523863929855,0.0001935486130108006
2019,E02005474,E07000140,6793,228441,38,3085,0.012317666126418152,83.6739059967585,female,10-14,154,0.02267039599587811,0.0002792463688309135,0.00016634492057030043,3.771105221231601e-06
2019,E02005474,E07000140,6793,228441,38,3085,0.012317666126418152,83.6739059967585,male,10-14,163,0.023995289268364493,0.0002955659618145383,0.00016634492057030043,3.9914944874074735e-06
2019,E02005510,E07000143,7023,228441,1986,3118,0.6369467607440668,4473.277100705581,female,10-14,161,0.02292467606435996,0.014601798160301117,0.00869371084875307,0.00019930050500487602
2019,E02005510,E07000143,7023,228441,1986,3118,0.6369467607440668,4473.277100705581,male,10-14,148,0.021073615264132137,0.013422770979655685,0.00869371084875307,0.00018320791764423386
2019,E02005514,E07000143,6903,228441,367,3099,0.11842529848338174,817.4898354307841,female,10-14,162,0.02346805736636245,0.0027792116984365987,0.0016065417328763225,3.7702413548596876e-05
2019,E02005514,E07000143,6903,228441,367,3099,0.11842529848338174,817.4898354307841,male,10-14,181,0.02622048384760249,0.0031051686260310145,0.0016065417328763225,4.212430155738293e-05
2019,E02005506,E07000143,6943,228441,1780,2867,0.6208580397628183,4310.617370073247,female,10-14,151,0.02174852369292813,0.013502745787726568,0.007791946279345652,0.0001694633282703721
2019,E02005506,E07000143,6943,228441,1780,2867,0.6208580397628183,4310.617370073247,male,10-14,162,0.02333285323347256,0.014486389520607311,0.007791946279345652,0.0001818083389390747
2019,E02005571,E07000147,5990,228441,1519,2515,0.6039761431411531,3617.8170974155073,female,10-14,130,0.021702838063439065,0.01310799642877294,0.006649419324902273,0.00014431127082425633
2019,E02005571,E07000147,5990,228441,1519,2515,0.6039761431411531,3617.8170974155073,male,10-14,165,0.027545909849749584,0.016637072390365652,0.006649419324902273,0.00018316430527694075
2019,E02003742,E07000010,6664,228441,124,3558,0.03485103991006183,232.24732996065205,female,10-14,155,0.023259303721488597,0.0008106109222778487,0.0005428097408083488,1.2625376624443887e-05
2019,E02003742,E07000010,6664,228441,124,3558,0.03485103991006183,232.24732996065205,male,10-14,176,0.026410564225690276,0.0009204356278767831,0.0005428097408083488,1.4335911521949188e-05
2019,E02005472,E07000140,9869,228441,192,5695,0.033713784021071114,332.7213345039508,female,10-14,236,0.02391326375519303,0.0008062066094814857,0.0008404795986709917,2.009861032387821e-05
2019,E02005472,E07000140,9869,228441,192,5695,0.033713784021071114,332.7213345039508,male,10-14,290,0.02938494275002533,0.0009906776133458935,0.0008404795986709917,2.4697444889511357e-05
2019,E02005552,E07000146,6790,228441,471,3075,0.15317073170731707,1040.029268292683,female,10-14,171,0.025184094256259205,0.0038574661446172634,0.0020618015154897766,5.1924603703792604e-05
2019,E02005552,E07000146,6790,228441,471,3075,0.15317073170731707,1040.029268292683,male,10-14,164,0.02415316642120766,0.003699558173784978,0.0020618015154897766,4.979903513112274e-05
2019,E02005563,E07000146,7551,228441,209,4033,0.05182246466650137,391.3114306967518,female,10-14,192,0.02542709574890743,0.0013176947710195023,0.0009148970631366524,2.3263175224769865e-05
2019,E02005563,E07000146,7551,228441,209,4033,0.05182246466650137,391.3114306967518,male,10-14,249,0.03297576479936432,0.0017088854061659171,0.0009148970631366524,3.016943036962342e-05
2019,E02005509,E07000143,8278,228441,645,4465,0.1444568868980963,1195.8141097424411,female,10-14,148,0.01787871466537811,0.002582703462299861,0.0028234861517853625,5.048030326941697e-05
2019,E02005509,E07000143,8278,228441,645,4465,0.1444568868980963,1195.8141097424411,male,10-14,203,0.024522831601836194,0.003542491911127513,0.0028234861517853625,6.923987543034896e-05
2019,E02005566,E07000146,9847,228441,243,4936,0.04923014586709887,484.76924635332256,female,10-14,253,0.025693104498832133,0.0012648752822561201,0.0010637319920679738,2.7330577230953324e-05
2019,E02005566,E07000146,9847,228441,243,4936,0.04923014586709887,484.76924635332256,male,10-14,270,0.027419518635117296,0.00134986690201246,0.0010637319920679738,2.9167019179278253e-05
2019,E02005568,E07000146,7423,228441,251,3603,0.06966416874826534,517.1171246183736,female,10-14,189,0.025461403745116528,0.001773747527067513,0.0010987519753459319,2.7975767660027094e-05
2019,E02005568,E07000146,7423,228441,251,3603,0.06966416874826534,517.1171246183736,male,10-14,211,0.028425165027616866,0.0019802154931811916,0.0010987519753459319,3.123220622362813e-05
2019,E02005560,E07000146,9204,228441,229,4415,0.05186862967157418,477.39886749716874,female,10-14,313,0.034006953498478924,0.0017638940772710472,0.0010024470213315473,3.409016923911064e-05
2019,E02005560,E07000146,9204,228441,229,4415,0.05186862967157418,477.39886749716874,male,10-14,353,0.0383528900478053,0.001989311850724216,0.0010024470213315473,3.844674038787877e-05
2019,E02005559,E07000146,7266,228441,191,3715,0.05141318977119785,373.56823687752353,female,10-14,221,0.030415634461877235,0.0015637647865998795,0.0008361021007612469,2.5430575869561735e-05
2019,E02005559,E07000146,7266,228441,191,3715,0.05141318977119785,373.56823687752353,male,10-14,233,0.03206716212496559,0.001648675091754624,0.0008361021007612469,2.6811421618135222e-05
2019,E02003743,E07000010,11376,228441,180,5507,0.032685672780098055,371.83221354639545,female,10-14,295,0.025931786216596343,0.000847597878879125,0.0007879496237540546,2.043294119263767e-05
2019,E02003743,E07000010,11376,228441,180,5507,0.032685672780098055,371.83221354639545,male,10-14,342,0.030063291139240507,0.0009826388968700364,0.0007879496237540546,2.368835894197316e-05
2019,E02005567,E07000146,11005,228441,321,5784,0.05549792531120332,610.7546680497925,female,10-14,297,0.026987732848705134,0.001497763181956146,0.001405176829028064,3.7922536867e-05
2019,E02005567,E07000146,11005,228441,321,5784,0.05549792531120332,610.7546680497925,male,10-14,269,0.024443434802362562,0.0013565599190107852,0.001405176829028064,3.4347348206138045e-05
2019,E02005551,E07000146,5246,228441,187,2808,0.06659544159544159,349.3596866096866,female,10-14,90,0.01715592832634388,0.0011425066228726158,0.0008185921091222679,1.4043707552612296e-05
2019,E02005551,E07000146,5246,228441,187,2808,0.06659544159544159,349.3596866096866,male,10-14,93,0.017727792603888678,0.0011805901769683699,0.0008185921091222679,1.4511831137699375e-05
2019,E02005556,E07000146,7408,228441,229,3960,0.057828282828282826,428.39191919191916,female,10-14,191,0.025782937365010798,0.0014909829940877456,0.0010024470213315473,2.5846028762732928e-05
2019,E02005556,E07000146,7408,228441,229,3960,0.057828282828282826,428.39191919191916,male,10-14,210,0.028347732181425486,0.0016393006741278878,0.0010024470213315473,2.8417099686774422e-05
2019,E02005553,E07000146,8632,228441,372,4706,0.07904802379940501,682.342541436464,female,10-14,187,0.021663577386468954,0.00171246298082585,0.0016284292224250463,3.527760247839245e-05
2019,E02005553,E07000146,8632,228441,372,4706,0.07904802379940501,682.342541436464,male,10-14,185,0.02143188137164041,0.001694147868731456,0.0016284292224250463,3.490030191712623e-05
2019,E02005565,E07000146,6996,228441,217,3487,0.062231144250071695,435.36908517350156,female,10-14,172,0.024585477415666093,0.0015299823915111966,0.0009499170464146103,2.3354164091382643e-05
2019,E02005565,E07000146,6996,228441,217,3487,0.062231144250071695,435.36908517350156,male,10-14,200,0.02858776443682104,0.0017790492924548798,0.0009499170464146103,2.7156004757421676e-05
2019,E02005558,E07000146,7087,228441,210,3328,0.06310096153846154,447.1965144230769,female,10-14,175,0.02469310004233103,0.0015581583560365132,0.0009192745610463971,2.269973870228863e-05
2019,E02005558,E07000146,7087,228441,210,3328,0.06310096153846154,447.1965144230769,male,10-14,190,0.02680965147453083,0.0016917147865539285,0.0009192745610463971,2.4645430591056224e-05
2019,E02005555,E07000146,6847,228441,224,3227,0.06941431670281996,475.27982646420827,female,10-14,179,0.026142836278662186,0.0018146871169570282,0.0009805595317828235,2.5634607300880004e-05
2019,E02005555,E07000146,6847,228441,224,3227,0.06941431670281996,475.27982646420827,male,10-14,236,0.034467650065722215,0.002392548377664015,0.0009805595317828235,3.379758281009878e-05
2019,E02005554,E07000146,6905,228441,253,3601,0.07025826159400167,485.13329630658154,female,10-14,140,0.020275162925416364,0.001424497700674907,0.0011075069711654214,2.245488428141332e-05
2019,E02005554,E07000146,6905,228441,253,3601,0.07025826159400167,485.13329630658154,male,10-14,151,0.021868211440984792,0.0015364225200136497,0.0011075069711654214,2.4219196617810083e-05
2019,E02005557,E07000146,6655,228441,163,3372,0.04833926453143535,321.6978054567022,female,10-14,255,0.03831705484598046,0.0018522182502653662,0.0007135321592883939,2.7340450881824256e-05
2019,E02005557,E07000146,6655,228441,163,3372,0.04833926453143535,321.6978054567022,male,10-14,239,0.035912847483095416,0.0017360006345624414,0.0007135321592883939,2.5624971610807835e-05
2019,E02005562,E07000146,7150,228441,311,3610,0.08614958448753463,615.9695290858725,female,10-14,168,0.023496503496503496,0.0020242140131336806,0.0013614018499306167,3.198818332704106e-05
2019,E02005562,E07000146,7150,228441,311,3610,0.08614958448753463,615.9695290858725,male,10-14,180,0.025174825174825177,0.002168800728357515,0.0013614018499306167,3.4273053564686854e-05
2019,E02005573,E07000147,5874,228441,2012,2264,0.8886925795053003,5220.180212014134,female,10-14,126,0.021450459652706845,0.019062864320338414,0.008807525794406433,0.00018892547669309
2019,E02005573,E07000147,5874,228441,2012,2264,0.8886925795053003,5220.180212014134,male,10-14,169,0.028770854613551243,0.025568445001088826,0.008807525794406433,0.0002534000441359699
2019,E02005577,E07000147,6084,228441,1798,2279,0.78894251864853,4799.926283457657,female,10-14,156,0.02564102564102564,0.020229295349962307,0.007870741241721057,0.0002018138779928476
2019,E02005577,E07000147,6084,228441,1798,2279,0.78894251864853,4799.926283457657,male,10-14,170,0.027942143326758713,0.022044744932651236,0.007870741241721057,0.00021992537986400063
2019,E02005467,E07000140,7563,228441,18,3426,0.005253940455341506,39.73555166374781,female,10-14,171,0.02261007536691789,0.00011879198966857034,7.879496237540546e-05,1.7815600378413769e-06
2019,E02005467,E07000140,7563,228441,18,3426,0.005253940455341506,39.73555166374781,male,10-14,216,0.028560095200317333,0.000150053039581352,7.879496237540546e-05,2.250391626747002e-06
2019,E02005505,E07000143,7600,228441,2690,2978,0.9032907991940899,6865.010073875083,female,10-14,210,0.02763157894736842,0.024959351030363012,0.011775469377213372,0.0003253748117387905
2019,E02005505,E07000143,7600,228441,2690,2978,0.9032907991940899,6865.010073875083,male,10-14,223,0.029342105263157895,0.026504453713195007,0.011775469377213372,0.0003455170619892871
2019,E02003732,E07000009,9888,228441,29,3720,0.0077956989247311825,77.08387096774193,female,10-14,327,0.03307038834951456,0.00025780679089675327,0.0001269474393825977,4.198201120358965e-06
2019,E02003732,E07000009,9888,228441,29,3720,0.0077956989247311825,77.08387096774193,male,10-14,315,0.031856796116504854,0.0002483459912308174,0.0001269474393825977,4.044138693923774e-06
2019,E02005503,E07000143,7420,228441,2545,2884,0.8824549237170597,6547.815533980583,female,10-14,184,0.024797843665768194,0.021882979240423043,0.011140732180300384,0.0002762661349292818
2019,E02005503,E07000143,7420,228441,2545,2884,0.8824549237170597,6547.815533980583,male,10-14,213,0.028706199460916442,0.025331927055489718,0.011140732180300384,0.00031980808010835337
2019,E02005609,E07000149,7526,228441,2582,2965,0.8708263069139967,6553.838785834739,female,10-14,182,0.024182832846133404,0.021059047018116846,0.01130269960296094,0.0002733312952084628
2019,E02005609,E07000149,7526,228441,2582,2965,0.8708263069139967,6553.838785834739,male,10-14,227,0.030162104703693862,0.026265954247871013,0.01130269960296094,0.0003409132088589069
2019,E02005610,E07000149,8162,228441,2505,3035,0.8253706754530478,6736.675453047776,female,10-14,226,0.027689291840235237,0.02285392950899152,0.010965632263910594,0.00030363059196811986
2019,E02005610,E07000149,8162,228441,2505,3035,0.8253706754530478,6736.675453047776,male,10-14,221,0.027076696888017643,0.02234831159950056,0.010965632263910594,0.00029691310099537384
2019,E02005532,E07000144,8282,228441,2878,3062,0.9399085564990203,7784.322664924886,female,10-14,181,0.021854624486838926,0.020541348554252915,0.012598438984245385,0.00027533415312103535
2019,E02005532,E07000144,8282,228441,2878,3062,0.9399085564990203,7784.322664924886,male,10-14,170,0.02052644288819126,0.019292979305099427,0.012598438984245385,0.00025860113829047517
2019,E02005605,E07000149,10777,228441,3610,3878,0.9308922124806601,10032.225373904073,female,10-14,291,0.02700194859422845,0.02513590366817037,0.01580276745417854,0.00042670551444427536
2019,E02005605,E07000149,10777,228441,3610,3878,0.9308922124806601,10032.225373904073,male,10-14,324,0.03006402523893477,0.027986366970746395,0.01580276745417854,0.0004750947995874406
2019,E02005515,E07000143,6424,228441,2077,2285,0.9089715536105033,5839.233260393873,female,10-14,190,0.029576587795765878,0.026884276959214762,0.009092063158539842,0.00026891220425320203
2019,E02005515,E07000143,6424,228441,2077,2285,0.9089715536105033,5839.233260393873,male,10-14,224,0.034869240348692404,0.031695147572968985,0.009092063158539842,0.00031703333554061714
2019,E02005592,E07000148,9394,228441,2364,2555,0.9252446183953034,8691.74794520548,female,10-14,208,0.022141792633595912,0.02048657447585939,0.010348405058636585,0.0002291322388967862
2019,E02005592,E07000148,9394,228441,2364,2555,0.9252446183953034,8691.74794520548,male,10-14,211,0.022461145411965085,0.020782053915415055,0.010348405058636585,0.0002324370308039514
2019,E02006273,E07000245,6726,228441,75,2935,0.02555366269165247,171.8739352640545,female,10-14,185,0.027505203687184062,0.0007028586972874973,0.0003283123432308561,9.030297873581383e-06
2019,E02006273,E07000245,6726,228441,75,2935,0.02555366269165247,171.8739352640545,male,10-14,166,0.024680344930121913,0.0006306732094579705,0.0003283123432308561,8.102861875754105e-06
2019,E02005596,E07000148,9370,228441,3497,3688,0.9482104121475055,8884.731561822126,female,10-14,299,0.03191035218783351,0.030257728199797662,0.015308110190377384,0.0004884871875051054
2019,E02005596,E07000148,9370,228441,3497,3688,0.9482104121475055,8884.731561822126,male,10-14,287,0.03062966915688367,0.029043371215190402,0.015308110190377384,0.0004688823505483788
2019,E02005524,E07000144,5487,228441,1872,2021,0.9262741217219198,5082.466105888174,female,10-14,123,0.02241662110442865,0.0207639360254777,0.008194676087042168,0.00018369694891674627
2019,E02005524,E07000144,5487,228441,1872,2021,0.9262741217219198,5082.466105888174,male,10-14,126,0.022963367960634227,0.02127037348951374,0.008194676087042168,0.0001881773623049596
2019,E02005534,E07000144,7281,228441,2498,2697,0.9262143121987393,6743.766407119021,female,10-14,214,0.029391567092432357,0.027222890098960336,0.01093498977854238,0.00032139648573109044
2019,E02005534,E07000144,7281,228441,2498,2697,0.9262143121987393,6743.766407119021,male,10-14,223,0.030627661035572035,0.02836777800031848,0.01093498977854238,0.00033491316036464094
2019,E02005585,E07000148,11017,228441,3685,3934,0.9367056431113371,10319.6860701576,female,10-14,353,0.03204139057819733,0.03001335136773187,0.016131079797409395,0.0005168622282368628
2019,E02005585,E07000148,11017,228441,3685,3934,0.9367056431113371,10319.6860701576,male,10-14,444,0.04030135245529636,0.03775050426989504,0.016131079797409395,0.0006501043323999066
2019,E02005527,E07000144,8922,228441,2984,3250,0.9181538461538462,8191.768615384616,female,10-14,266,0.0298139430620937,0.02737378649147311,0.013062453762678328,0.0003894432527317233
2019,E02005527,E07000144,8922,228441,2984,3250,0.9181538461538462,8191.768615384616,male,10-14,267,0.02992602555480834,0.027476695463245566,0.013062453762678328,0.00039090732511041403
2019,E02005584,E07000148,10955,228441,3703,3961,0.9348649330977026,10241.445342085332,female,10-14,301,0.027476038338658148,0.02568638474325956,0.016209874759784804,0.0004453831403646943
2019,E02005584,E07000148,10955,228441,3703,3961,0.9348649330977026,10241.445342085332,male,10-14,299,0.027293473299863077,0.02551571109048043,0.016209874759784804,0.000442423783950311
2019,E02005590,E07000148,11086,228441,3673,3972,0.92472306143001,10251.479859013092,female,10-14,128,0.011546094172830597,0.01067693955105911,0.01607854982249246,0.00018564445041304662
2019,E02005590,E07000148,11086,228441,3673,3972,0.92472306143001,10251.479859013092,male,10-14,141,0.012718744362258705,0.01176131622421355,0.01607854982249246,0.00020449896490812167
2019,E02005607,E07000149,11561,228441,3943,4219,0.9345816544204788,10804.698506755156,female,10-14,336,0.029063229824409655,0.027161961412099377,0.01726047425812354,0.0005016451302421513
2019,E02005607,E07000149,11561,228441,3943,4219,0.9345816544204788,10804.698506755156,male,10-14,343,0.029668713779084855,0.02772783560818478,0.01726047425812354,0.0005120960704555294
2019,E02005601,E07000149,5673,228441,2051,2209,0.9284744228157538,5267.235400633771,female,10-14,119,0.020976555614313414,0.019476195366662206,0.008978248212886479,0.00018833272295672323
2019,E02005601,E07000149,5673,228441,2051,2209,0.9284744228157538,5267.235400633771,male,10-14,145,0.02555966860567601,0.023731498556016976,0.008978248212886479,0.00022948104898088128
2019,E02005516,E07000143,6908,228441,1676,2829,0.592435489572287,4092.5443619653583,female,10-14,173,0.025043427909669947,0.01483661547423359,0.007336686496732198,0.00018373577937676175
2019,E02005516,E07000143,6908,228441,1676,2829,0.592435489572287,4092.5443619653583,male,10-14,206,0.029820497973364217,0.01766672131613942,0.007336686496732198,0.00021878364480701113
2019,E02005465,E07000140,8563,228441,11,3284,0.0033495736906211937,28.68239951278928,female,10-14,229,0.02674296391451594,8.957752833729457e-05,4.815247700719223e-05,1.2877399549979004e-06
2019,E02005465,E07000140,8563,228441,11,3284,0.0033495736906211937,28.68239951278928,male,10-14,206,0.024056989372883336,8.058065867896367e-05,4.815247700719223e-05,1.1584036276400326e-06
2019,E02005588,E07000148,12054,228441,3867,4106,0.9417924987822699,11352.366780321481,female,10-14,357,0.029616724738675958,0.0278928091973843,0.016927784416982943,0.0005013455315134321
2019,E02005588,E07000148,12054,228441,3867,4106,0.9417924987822699,11352.366780321481,male,10-14,392,0.032520325203252036,0.030627398334382765,0.016927784416982943,0.0005504970542108275
2019,E02005523,E07000144,8470,228441,2828,3036,0.9314888010540184,7889.710144927536,female,10-14,255,0.03010625737898465,0.02804364159017411,0.012379564088758148,0.00037270234269578834
2019,E02005523,E07000144,8470,228441,2828,3036,0.9314888010540184,7889.710144927536,male,10-14,263,0.03105076741440378,0.02892344211065016,0.012379564088758148,0.0003843949652117347
2019,E02006241,E07000245,9054,228441,39,3755,0.010386151797603195,94.03621837549933,female,10-14,224,0.024740446211619173,0.00025695802989431364,0.00017072241848004518,4.223748811523097e-06
2019,E02006241,E07000245,9054,228441,39,3755,0.010386151797603195,94.03621837549933,male,10-14,249,0.027501656726308814,0.0002856363814450183,0.00017072241848004518,4.695149348523443e-06
2019,E02005598,E07000149,9977,228441,3359,3607,0.9312448017743277,9291.029387302468,female,10-14,300,0.030069159065851458,0.028001748073799567,0.014704015478832608,0.0004421373803397597
2019,E02005598,E07000149,9977,228441,3359,3607,0.9312448017743277,9291.029387302468,male,10-14,271,0.02716247368948582,0.025294912426665612,0.014704015478832608,0.0003993974335735829
2019,E02005576,E07000147,6730,228441,2567,2849,0.901017901017901,6063.8504738504735,female,10-14,143,0.0212481426448737,0.019144956886413055,0.011237037134314768,0.00023876616793566297
2019,E02005576,E07000147,6730,228441,2567,2849,0.901017901017901,6063.8504738504735,male,10-14,147,0.021842496285289746,0.019680480155963066,0.011237037134314768,0.00024544494186393324
2019,E02005525,E07000144,10164,228441,3168,3381,0.9370008873114463,9523.67701863354,female,10-14,289,0.028433687524596615,0.02664239044008343,0.013867913378071361,0.0003943159156102542
2019,E02005525,E07000144,10164,228441,3168,3381,0.9370008873114463,9523.67701863354,male,10-14,327,0.03217237308146399,0.03014554212424665,0.013867913378071361,0.00044616368306073744
2019,E02003738,E07000009,6280,228441,13,2354,0.0055225148683092605,34.68139337298216,female,10-14,181,0.028821656050955415,0.00015916802407069683,5.690747282668173e-05,1.6401676085397122e-06
2019,E02003738,E07000009,6280,228441,13,2354,0.0055225148683092605,34.68139337298216,male,10-14,211,0.03359872611464968,0.0001855494645244035,5.690747282668173e-05,1.9120185933805483e-06
2019,E02005603,E07000149,11652,228441,3684,3943,0.9343139741313721,10886.626426578747,female,10-14,409,0.03510127016821146,0.032795607227920624,0.01612670229949965,0.0005660677343370542
2019,E02005603,E07000149,11652,228441,3684,3943,0.9343139741313721,10886.626426578747,male,10-14,460,0.0394782011671816,0.03688503502406721,0.01612670229949965,0.0006366531975428972
2019,E02005600,E07000149,6635,228441,2020,2210,0.9140271493212669,6064.570135746606,female,10-14,311,0.04687264506405426,0.042842870149045066,0.008842545777684391,0.00041447350970005213
2019,E02005600,E07000149,6635,228441,2020,2210,0.9140271493212669,6064.570135746606,male,10-14,349,0.05259984928409947,0.04807769029587372,0.008842545777684391,0.0004651165751939491
2019,E02005513,E07000143,9953,228441,3432,3696,0.9285714285714286,9242.07142857143,female,10-14,242,0.024314277102381193,0.02257754302363968,0.015023572826243975,0.00036528731276510017
2019,E02005513,E07000143,9953,228441,3432,3696,0.9285714285714286,9242.07142857143,male,10-14,238,0.023912388224655884,0.02220436049432332,0.015023572826243975,0.0003592495059425365
2019,E02006238,E07000245,9785,228441,133,4511,0.029483484814896918,288.4958989137663,female,10-14,220,0.022483392948390392,0.0006628887745812285,0.0005822072219960515,1.3089993749527984e-05
2019,E02006238,E07000245,9785,228441,133,4511,0.029483484814896918,288.4958989137663,male,10-14,229,0.023403168114460908,0.000690006951723188,0.0005822072219960515,1.3625493493826855e-05
2019,E02005572,E07000147,7738,228441,3064,3314,0.9245624622812312,7154.264333132167,female,10-14,144,0.018609459808736108,0.017205607982488665,0.013412653595457909,0.0002496022380131738
2019,E02005572,E07000147,7738,228441,3064,3314,0.9245624622812312,7154.264333132167,male,10-14,154,0.019901783406565003,0.018400441870161488,0.013412653595457909,0.0002669357267640886
2019,E02005518,E07000143,11391,228441,609,4444,0.13703870387038705,1561.007875787579,female,10-14,321,0.028180142217540165,0.0038617701643748788,0.0026658962270345514,7.51253348150374e-05
2019,E02005518,E07000143,11391,228441,609,4444,0.13703870387038705,1561.007875787579,male,10-14,334,0.02932139408304802,0.004018165840813737,0.0026658962270345514,7.816779385739094e-05
2019,E02005574,E07000147,7117,228441,2517,2774,0.9073540014419611,6457.638428262437,female,10-14,144,0.02023324434452719,0.018358715218159675,0.01101816223882753,0.00022293316880584016
2019,E02005574,E07000147,7117,228441,2517,2774,0.9073540014419611,6457.638428262437,male,10-14,137,0.01924968385555712,0.01746627767283247,0.01101816223882753,0.0002120961397666674
2019,E02005570,E07000147,7365,228441,2562,2824,0.9072237960339944,6681.703257790368,female,10-14,157,0.02131704005431093,0.019339325998280667,0.011215149644766045,0.00023907379419256877
2019,E02005570,E07000147,7365,228441,2562,2824,0.9072237960339944,6681.703257790368,male,10-14,170,0.02308214528173795,0.020940671463106457,0.011215149644766045,0.00025886971345692164
2019,E02005521,E07000144,8781,228441,2751,2985,0.9216080402010051,8092.640201005025,female,10-14,256,0.029153854914018906,0.026868427091613405,0.012042496749707803,0.0003510852030435255
2019,E02005521,E07000144,8781,228441,2751,2985,0.9216080402010051,8092.640201005025,male,10-14,249,0.0283566791937137,0.0261337435383271,0.012042496749707803,0.0003414852170228041
2019,E02003746,E07000010,7756,228441,12,3266,0.003674219228413962,28.49724433557869,female,10-14,198,0.02552862300154719,9.379775750721564e-05,5.252997491693698e-05,1.3410179259352142e-06
2019,E02003746,E07000010,7756,228441,12,3266,0.003674219228413962,28.49724433557869,male,10-14,191,0.024626095925734916,9.048167517110196e-05,5.252997491693698e-05,1.293608201280939e-06
2019,E02003751,E07000010,7027,228441,8,3191,0.0025070510811657787,17.617047947351928,female,10-14,169,0.02405009250035577,6.0294810405153916e-05,3.501998327795798e-05,8.422338371958017e-07
2019,E02003751,E07000010,7027,228441,8,3191,0.0025070510811657787,17.617047947351928,male,10-14,184,0.026184716095061903,6.564642079614392e-05,3.501998327795798e-05,9.169883197871451e-07
2019,E02005575,E07000147,7169,228441,2376,2621,0.9065242273941244,6498.872186188478,female,10-14,193,0.026921467429209096,0.02440496246157986,0.010400935033553521,0.0002800084337391309
2019,E02005575,E07000147,7169,228441,2376,2621,0.9065242273941244,6498.872186188478,male,10-14,201,0.028037383177570093,0.02541656712319975,0.010400935033553521,0.0002916150009407529
2019,E02005468,E07000140,7623,228441,12,2918,0.00411240575736806,31.348869088416723,female,10-14,211,0.02767939131575495,0.00011382888820735415,5.252997491693698e-05,1.4539977315326909e-06
2019,E02005468,E07000140,7623,228441,12,2918,0.00411240575736806,31.348869088416723,male,10-14,207,0.02715466351829988,0.00011167099459204885,5.252997491693698e-05,1.4264337934941564e-06
2019,E02003750,E07000010,7481,228441,9,3479,0.0025869502730669733,19.352974992814026,female,10-14,192,0.025665018045715814,6.639412544163332e-05,3.939748118770273e-05,1.0111370656381398e-06
2019,E02003750,E07000010,7481,228441,9,3479,0.0025869502730669733,19.352974992814026,male,10-14,191,0.02553134607672771,6.604832270495815e-05,3.939748118770273e-05,1.005870726754608e-06
2019,E02005508,E07000143,7007,228441,2441,2632,0.9274316109422492,6498.51329787234,female,10-14,164,0.02340516626230912,0.02170669105102453,0.01068547239768693,0.00025009525805917747
2019,E02005508,E07000143,7007,228441,2441,2632,0.9274316109422492,6498.51329787234,male,10-14,216,0.030826316540602253,0.028589300408666453,0.01068547239768693,0.00032939375451696544
2019,E02003753,E07000011,11314,228441,11,3948,0.002786220871327254,31.523302938196554,female,10-14,339,0.029962877850450768,8.348319563195503e-05,4.815247700719223e-05,1.44278678676314e-06
2019,E02003753,E07000011,11314,228441,11,3948,0.002786220871327254,31.523302938196554,male,10-14,348,0.030758352483648575,8.569956365758215e-05,4.815247700719223e-05,1.481090860748002e-06
2019,E02005599,E07000149,6569,228441,2263,2427,0.9324268644416975,6125.1120725175115,female,10-14,197,0.029989343887958594,0.02796286988811302,0.009906277769752366,0.0002970827706867432
2019,E02005599,E07000149,6569,228441,2263,2427,0.9324268644416975,6125.1120725175115,male,10-14,195,0.029684883543918406,0.027678982884172785,0.009906277769752366,0.00029406670194880675
2019,E02003245,E06000031,7836,228441,8,2848,0.0028089887640449437,22.01123595505618,female,10-14,308,0.039305768249106685,0.00011040946137389518,3.501998327795798e-05,1.376487346811008e-06
2019,E02003245,E06000031,7836,228441,8,2848,0.0028089887640449437,22.01123595505618,male,10-14,291,0.03713629402756508,0.00010431543266169967,3.501998327795798e-05,1.30051239585066e-06
2019,E02005526,E07000144,5348,228441,1968,2102,0.9362511893434824,5007.071360608944,female,10-14,136,0.025430067314884067,0.023808930768645025,0.008614915886377665,0.00021907789090264815
2019,E02005526,E07000144,5348,228441,1968,2102,0.9362511893434824,5007.071360608944,male,10-14,168,0.031413612565445025,0.029411032125973267,0.008614915886377665,0.0002706256299385654
2019,E02005528,E07000144,8597,228441,2743,2924,0.9380984952120383,8064.832763337893,female,10-14,231,0.02686983831569152,0.025206554890540984,0.012007476766429845,0.00032263895929339237
2019,E02005528,E07000144,8597,228441,2743,2924,0.9380984952120383,8064.832763337893,male,10-14,227,0.02640455973013842,0.024770077749579233,0.012007476766429845,0.00031705213748744614
2019,E02005530,E07000144,5483,228441,2031,2157,0.9415855354659249,5162.713490959666,female,10-14,118,0.021521065110341055,0.02026392361571752,0.008890698254691583,0.00019133729601561312
2019,E02005530,E07000144,5483,228441,2031,2157,0.9415855354659249,5162.713490959666,male,10-14,150,0.027357286157213206,0.025759224935234134,0.008890698254691583,0.00024322537629103364
2019,E02005581,E07000147,8362,228441,2689,2942,0.9140040788579198,7642.9021074099255,female,10-14,171,0.020449653193016025,0.01869106642964653,0.011771091879303627,0.00024071474663488643
2019,E02005581,E07000147,8362,228441,2689,2942,0.9140040788579198,7642.9021074099255,male,10-14,178,0.02128677349916288,0.019456197803959546,0.011771091879303627,0.0002505685666725718
2019,E02006274,E07000245,6820,228441,80,2816,0.028409090909090908,193.75,female,10-14,177,0.02595307917888563,0.0007373033857637963,0.0003501998327795799,9.088763988560944e-06
2019,E02006274,E07000245,6820,228441,80,2816,0.028409090909090908,193.75,male,10-14,167,0.024486803519061583,0.0006956478272460677,0.0003501998327795799,8.575274497681794e-06
2019,E02005586,E07000148,9889,228441,3031,3232,0.937809405940594,9273.997215346535,female,10-14,206,0.020831226615431287,0.019535720257231506,0.013268196164436332,0.00027639280107936943
2019,E02005586,E07000148,9889,228441,3031,3232,0.937809405940594,9273.997215346535,male,10-14,217,0.0219435736677116,0.020578889785530276,0.013268196164436332,0.0002911516399719571
2019,E02006908,E07000148,5715,228441,1741,1868,0.9320128479657388,5326.453426124197,female,10-14,126,0.02204724409448819,0.020548314758299754,0.007621223860865606,0.0001680269827592417
2019,E02006908,E07000148,5715,228441,1741,1868,0.9320128479657388,5326.453426124197,male,10-14,115,0.020122484689413824,0.018754414263527554,0.007621223860865606,0.00015335796045486347
2019,E02006281,E07000245,8800,228441,31,4082,0.007594316511513963,66.82998530132288,female,10-14,241,0.027386363636363636,0.00020798071355396195,0.0001357024352020872,3.7163962367844334e-06
2019,E02006281,E07000245,8800,228441,31,4082,0.007594316511513963,66.82998530132288,male,10-14,209,0.02375,0.00018036501714845663,0.0001357024352020872,3.222932836049571e-06
2019,E02006316,E07000244,7206,228441,1008,3252,0.30996309963099633,2233.5940959409595,female,10-14,189,0.026228143213988343,0.008129756568173508,0.0044125178930227065,0.00011573215123248564
2019,E02006316,E07000244,7206,228441,1008,3252,0.30996309963099633,2233.5940959409595,male,10-14,149,0.02067721343325007,0.006409173167501867,0.0044125178930227065,9.123857425206541e-05
2019,E02006307,E07000244,7303,228441,507,3269,0.15509330070357907,1132.646375038238,female,10-14,201,0.027522935779816515,0.004268622955144378,0.0022193914402405873,6.108416808001617e-05
2019,E02006307,E07000244,7303,228441,507,3269,0.15509330070357907,1132.646375038238,male,10-14,184,0.02519512529097631,0.003907595143017739,0.0022193914402405873,5.591784540658196e-05
2019,E02006302,E07000244,6742,228441,476,3081,0.15449529373580007,1041.607270366764,female,10-14,137,0.020320379709285078,0.00313940303200899,0.0020836890050385,4.234135177844475e-05
2019,E02006302,E07000244,6742,228441,476,3081,0.15449529373580007,1041.607270366764,male,10-14,150,0.022248590922574904,0.0034373025897908647,0.0020836890050385,4.6359144282968705e-05
2019,E02006907,E07000148,6796,228441,1842,1988,0.9265593561368209,6296.897384305835,female,10-14,52,0.007651559741024131,0.00708962426708574,0.008063351149749825,6.16972130351664e-05
2019,E02006907,E07000148,6796,228441,1842,1988,0.9265593561368209,6296.897384305835,male,10-14,73,0.0107416127133608,0.009952741759562672,0.008063351149749825,8.661339522244515e-05
2019,E02006304,E07000244,7774,228441,519,3641,0.14254325734688272,1108.1312826146664,female,10-14,179,0.023025469513763826,0.0032821254264332397,0.0022719214151575243,5.231205728237675e-05
2019,E02006304,E07000244,7774,228441,519,3641,0.14254325734688272,1108.1312826146664,male,10-14,216,0.02778492410599434,0.003960553587204357,0.0022719214151575243,6.312516409493507e-05
2019,E02006309,E07000244,6899,228441,465,3371,0.1379412637199644,951.6567784040344,female,10-14,197,0.02855486302362661,0.003938893890829538,0.002035536528031308,5.812446673752249e-05
2019,E02006309,E07000244,6899,228441,465,3371,0.1379412637199644,951.6567784040344,male,10-14,218,0.03159878243223656,0.004358775980714921,0.002035536528031308,6.432047588213149e-05
2019,E02006825,E07000009,6602,228441,13,2349,0.005534269902085994,36.53724989357173,female,10-14,183,0.02771887306876704,0.00015340372494421946,5.690747282668173e-05,1.5774110159471001e-06
2019,E02006825,E07000009,6602,228441,13,2349,0.005534269902085994,36.53724989357173,male,10-14,185,0.028021811572250834,0.0001550802683862328,5.690747282668173e-05,1.59465048060226e-06
2019,E02005608,E07000149,7756,228441,2353,3208,0.7334788029925187,5688.861596009975,female,10-14,184,0.02372356884992264,0.01740073488275186,0.010300252581629392,0.0002443587512918783
2019,E02005608,E07000149,7756,228441,2353,3208,0.7334788029925187,5688.861596009975,male,10-14,181,0.02333677153171738,0.01711702724879395,0.010300252581629392,0.00024037464121646725
2019,E02005587,E07000148,9985,228441,3668,3934,0.9323843416370107,9309.857651245551,female,10-14,347,0.034752128192288435,0.03240234016505185,0.016056662332943734,0.0005580031877347498
2019,E02005587,E07000148,9985,228441,3668,3934,0.9323843416370107,9309.857651245551,male,10-14,334,0.033450175262894344,0.031188419640136363,0.016056662332943734,0.0005370981691740819
2019,E02006308,E07000244,7736,228441,477,3755,0.12703062583222371,982.7089214380827,female,10-14,203,0.02624095139607032,0.0033334044782757774,0.0020880665029482447,5.4792851615627416e-05
2019,E02006308,E07000244,7736,228441,477,3755,0.12703062583222371,982.7089214380827,male,10-14,232,0.02998965873836608,0.0038096051180294597,0.0020880665029482447,6.262040184643133e-05
2019,E02006305,E07000244,10024,228441,525,4350,0.1206896551724138,1209.7931034482758,female,10-14,314,0.03132482043096568,0.003780581776151031,0.002298186402615993,7.199027637883298e-05
2019,E02006305,E07000244,10024,228441,525,4350,0.1206896551724138,1209.7931034482758,male,10-14,308,0.030726256983240222,0.0037083413600462337,0.002298186402615993,7.061466600216738e-05
2019,E02006314,E07000244,7383,228441,1607,3302,0.4866747425802544,3593.119624470018,female,10-14,168,0.022754977651361235,0.011074272890895671,0.00703463914095981,0.00016007305643793147
2019,E02006314,E07000244,7383,228441,1607,3302,0.4866747425802544,3593.119624470018,male,10-14,194,0.026276581335500475,0.012788148457343811,0.00703463914095981,0.00018484626755332564
2019,E02006279,E07000245,8825,228441,36,4024,0.008946322067594433,78.95129224652088,female,10-14,228,0.025835694050991502,0.0002311344398200035,0.00015758992475081092,4.071445081380724e-06
2019,E02006279,E07000245,8825,228441,36,4024,0.008946322067594433,78.95129224652088,male,10-14,248,0.02810198300283286,0.0002514093906814073,0.00015758992475081092,4.4285893867649975e-06
2019,E02006315,E07000244,5848,228441,517,2641,0.19575918212798182,1144.7996970844376,female,10-14,124,0.021203830369357045,0.004150844491085798,0.002263166419338035,4.798779685326886e-05
2019,E02006315,E07000244,5848,228441,517,2641,0.19575918212798182,1144.7996970844376,male,10-14,135,0.02308481532147743,0.004519064566907926,0.002263166419338035,5.224477883218788e-05
2019,E02006276,E07000245,6874,228441,26,2902,0.00895933838731909,61.586492074431426,female,10-14,181,0.026331102705848125,0.0002359092592529467,0.00011381494565336345,2.9968730234592356e-06
2019,E02006276,E07000245,6874,228441,26,2902,0.00895933838731909,61.586492074431426,male,10-14,195,0.02836776258364853,0.0002541563842780365,0.00011381494565336345,3.2286753567654748e-06
2019,E02006278,E07000245,8793,228441,28,3456,0.008101851851851851,71.23958333333333,female,10-14,183,0.020812009553053564,0.00016861581813816545,0.00012256994147285294,2.5509267928502316e-06
2019,E02006278,E07000245,8793,228441,28,3456,0.008101851851851851,71.23958333333333,male,10-14,181,0.02058455589673604,0.00016677302231151884,0.00012256994147285294,2.5230478115076062e-06
2019,E02006277,E07000245,7994,228441,17,2787,0.006099748833871547,48.76139217796914,female,10-14,274,0.03427570678008506,0.00020907320246194692,7.441746446566072e-05,2.5507111913423864e-06
2019,E02006277,E07000245,7994,228441,17,2787,0.006099748833871547,48.76139217796914,male,10-14,302,0.03777833375031273,0.0002304383472390802,7.441746446566072e-05,2.8113678094357687e-06
2019,E02006275,E07000245,7142,228441,24,3181,0.007544797233574348,53.88494184218799,female,10-14,226,0.03164379725567068,0.00023874603399437168,0.00010505994983387396,3.3244957522340402e-06
2019,E02006275,E07000245,7142,228441,24,3181,0.007544797233574348,53.88494184218799,male,10-14,277,0.03878465415849902,0.00029262235140018123,0.00010505994983387396,4.0747138202160585e-06
2019,E02005550,E07000145,7234,228441,448,3415,0.13118594436310396,948.999121522694,female,10-14,153,0.021150124412496543,0.0027745990444504984,0.001961119063565647,4.147791218213215e-05
2019,E02005550,E07000145,7234,228441,448,3415,0.13118594436310396,948.999121522694,male,10-14,187,0.025850152059718,0.003391176609883943,0.001961119063565647,5.0695226000383746e-05
2019,E02003758,E07000011,9606,228441,8,3798,0.00210637177461822,20.23380726698262,female,10-14,238,0.02477618155319592,5.21878495064685e-05,3.501998327795798e-05,8.676614636845722e-07
2019,E02003758,E07000011,9606,228441,8,3798,0.00210637177461822,20.23380726698262,male,10-14,249,0.025921299188007497,5.459989297105318e-05,3.501998327795798e-05,9.077634641069683e-07
2019,E02003775,E07000012,6886,228441,8,2586,0.0030935808197989174,21.302397525135344,female,10-14,207,0.030060993319779263,9.299611235817252e-05,3.501998327795798e-05,1.0527354833774764e-06
2019,E02003775,E07000012,6886,228441,8,2586,0.0030935808197989174,21.302397525135344,male,10-14,260,0.03775776938716236,0.0001168067111745162,3.501998327795798e-05,1.3222764525514197e-06
2019,E02005531,E07000144,5447,228441,1858,1969,0.9436262061960387,5139.931945149822,female,10-14,115,0.021112539012300348,0.019922345091342837,0.008133391116305741,0.00017171653724530205
2019,E02005531,E07000144,5447,228441,1858,1969,0.9436262061960387,5139.931945149822,male,10-14,146,0.026803745180833487,0.025292716376835257,0.008133391116305741,0.0002180053429375139
2019,E02005536,E07000144,6216,228441,2430,2679,0.9070548712206047,5638.253079507279,female,10-14,138,0.0222007722007722,0.02013731856956941,0.010637319920679738,0.0002361567163857471
2019,E02005536,E07000144,6216,228441,2430,2679,0.9070548712206047,5638.253079507279,male,10-14,162,0.026061776061776062,0.023639460929494524,0.010637319920679738,0.00027722744967022484
2019,E02005582,E07000147,6991,228441,2342,3094,0.7569489334195216,5291.8299935358755,female,10-14,135,0.019310542125590045,0.014617094265718127,0.0102521001046222,0.0001979736109460731
2019,E02005582,E07000147,6991,228441,2342,3094,0.7569489334195216,5291.8299935358755,male,10-14,153,0.021885281075668717,0.016566040167813878,0.0102521001046222,0.00022437009240554952
2019,E02005522,E07000144,5534,228441,1858,1985,0.9360201511335012,5179.935516372796,female,10-14,157,0.028370075894470544,0.02655496272641122,0.008133391116305741,0.0002307449232490064
2019,E02005522,E07000144,5534,228441,1858,1985,0.9360201511335012,5179.935516372796,male,10-14,149,0.026924466931694976,0.02520184360659409,0.008133391116305741,0.0002189872201535156
2019,E02005549,E07000145,5270,228441,397,2637,0.15054986727341677,793.3978005309064,female,10-14,134,0.025426944971537004,0.003828023190633368,0.001737866670168665,4.418864019024689e-05
2019,E02005549,E07000145,5270,228441,397,2637,0.15054986727341677,793.3978005309064,male,10-14,140,0.026565464895635674,0.003999427214094563,0.001737866670168665,4.616723601966093e-05
2019,E02005606,E07000149,5848,228441,1025,2229,0.4598474652310453,2689.187976671153,female,10-14,157,0.026846785225718196,0.012345426135648789,0.004486935357488367,0.00012045978986417128
2019,E02005606,E07000149,5848,228441,1025,2229,0.4598474652310453,2689.187976671153,male,10-14,192,0.03283173734610123,0.015097591197736097,0.004486935357488367,0.0001473138831459929
2019,E02005529,E07000144,5904,228441,2426,2537,0.9562475364603863,5645.685455262121,female,10-14,132,0.022357723577235773,0.021379518091594003,0.010619809929040758,0.00023743477483627713
2019,E02005529,E07000144,5904,228441,2426,2537,0.9562475364603863,5645.685455262121,male,10-14,130,0.022018970189701895,0.021055585999297122,0.010619809929040758,0.00023383727824784865
2019,E02006310,E07000244,8522,228441,490,3371,0.14535746069415603,1238.7362800355977,female,10-14,273,0.03203473363060314,0.004656487534558155,0.0021449739757749267,6.871366995852558e-05
2019,E02006310,E07000244,8522,228441,490,3371,0.14535746069415603,1238.7362800355977,male,10-14,296,0.0347336306031448,0.005048792345161955,0.0021449739757749267,7.450273372792516e-05
2019,E02005541,E07000145,5924,228441,391,2884,0.1355755894590846,803.1497919556172,female,10-14,194,0.03274814314652262,0.0044398488107802855,0.0017116016827101964,5.6051776915222507e-05
2019,E02005541,E07000145,5924,228441,391,2884,0.1355755894590846,803.1497919556172,male,10-14,202,0.03409858203916273,0.004622935359678442,0.0017116016827101964,5.836319039626261e-05
2019,E02005537,E07000144,6050,228441,1455,2548,0.5710361067503925,3454.768445839875,female,10-14,157,0.025950413223140494,0.014818622935506053,0.0063692594586786085,0.00016528491487810602
2019,E02005537,E07000144,6050,228441,1455,2548,0.5710361067503925,3454.768445839875,male,10-14,162,0.026776859504132233,0.015290553602241916,0.0063692594586786085,0.00017054876567040243
2019,E02005546,E07000145,7892,228441,496,3877,0.12793396956409595,1009.6548877998453,female,10-14,194,0.0245818550430816,0.0031448542949106197,0.002171238963233395,5.33730814580941e-05
2019,E02005546,E07000145,7892,228441,496,3877,0.12793396956409595,1009.6548877998453,male,10-14,220,0.027876330461226558,0.0035663296127852392,0.002171238963233395,6.052617484938507e-05
2019,E02005543,E07000145,9707,228441,592,4599,0.12872363557295063,1249.5203305066318,female,10-14,360,0.03708663850829298,0.004773926939967263,0.0025914787625688908,9.610923606931087e-05
2019,E02005543,E07000145,9707,228441,592,4599,0.12872363557295063,1249.5203305066318,male,10-14,327,0.033687029978366125,0.004336316970470264,0.0025914787625688908,8.729922276295738e-05
2019,E02005484,E07000141,7211,228441,9,2876,0.003129346314325452,22.565716272600834,female,10-14,178,0.024684509776729997,7.72463796907406e-05,3.939748118770273e-05,9.725075095563842e-07
2019,E02005484,E07000141,7211,228441,9,2876,0.003129346314325452,22.565716272600834,male,10-14,218,0.030231590625433364,9.460511669989578e-05,3.939748118770273e-05,1.1910485229398412e-06
2019,E02005539,E07000145,7534,228441,806,3487,0.23114425007169487,1741.440780040149,female,10-14,188,0.02495354393416512,0.005767868199293686,0.003528263315254267,8.804267364850042e-05
2019,E02005539,E07000145,7534,228441,806,3487,0.23114425007169487,1741.440780040149,male,10-14,183,0.024289885850809663,0.0056144674493124715,0.003528263315254267,8.570111317912541e-05
2019,E02005545,E07000145,6351,228441,437,2936,0.14884196185286103,945.2952997275204,female,10-14,170,0.026767438198708866,0.0039841180152710405,0.001912966586558455,5.12052148818985e-05
2019,E02005545,E07000145,6351,228441,437,2936,0.14884196185286103,945.2952997275204,male,10-14,156,0.02456306093528578,0.003656014178719307,0.001912966586558455,4.698831483280097e-05
2019,E02005533,E07000144,8917,228441,2992,3481,0.8595231255386383,7664.367710428038,female,10-14,275,0.0308399685993047,0.026507666201987835,0.013097473745956286,0.00040392567905550954
2019,E02005533,E07000144,8917,228441,2992,3481,0.8595231255386383,7664.367710428038,male,10-14,285,0.03196142200291578,0.02747158133660558,0.013097473745956286,0.00041861388556661903
2019,E02005583,E07000147,8736,228441,3117,4005,0.7782771535580524,6799.029213483145,female,10-14,173,0.019803113553113552,0.015412310847704105,0.01364466098467438,0.0002702067708732449
2019,E02005583,E07000147,8736,228441,3117,4005,0.7782771535580524,6799.029213483145,male,10-14,180,0.020604395604395604,0.016035930361773056,0.01364466098467438,0.000281139992816093
2019,E02003785,E07000012,9173,228441,8,3105,0.0025764895330112722,23.6341384863124,female,10-14,275,0.02997928703804644,7.724131926066717e-05,3.501998327795798e-05,1.049874130757489e-06
2019,E02003785,E07000012,9173,228441,8,3105,0.0025764895330112722,23.6341384863124,male,10-14,293,0.031941567644173115,8.229711470318354e-05,3.501998327795798e-05,1.1185931647707061e-06
2019,E02003254,E06000031,8600,228441,8,3068,0.002607561929595828,22.42503259452412,female,10-14,207,0.024069767441860464,6.27634092356205e-05,3.501998327795798e-05,8.42922853318291e-07
2019,E02003254,E06000031,8600,228441,8,3068,0.002607561929595828,22.42503259452412,male,10-14,216,0.025116279069767444,6.54922531154301e-05,3.501998327795798e-05,8.795716730277819e-07
2019,E02003726,E07000008,8442,228441,9,2085,0.004316546762589928,36.44028776978417,female,10-14,178,0.021085050935797205,9.101460835595915e-05,3.939748118770273e-05,8.306978975848242e-07
2019,E02003726,E07000008,8442,228441,9,2085,0.004316546762589928,36.44028776978417,male,10-14,156,0.01847903340440654,7.976561181758217e-05,3.939748118770273e-05,7.28027370917037e-07
2019,E02005544,E07000145,7497,228441,439,3315,0.13242835595776772,992.8153846153846,female,10-14,256,0.034146992130185405,0.004522030028703286,0.0019217215823779444,6.562101174986711e-05
2019,E02005544,E07000145,7497,228441,439,3315,0.13242835595776772,992.8153846153846,male,10-14,269,0.03588101907429639,0.004751664366098376,0.0019217215823779444,6.895332875279006e-05
2019,E02005446,E07000138,10958,228441,11,1999,0.005502751375687844,60.29914957478739,female,10-14,72,0.006570542069720752,3.6156059413170724e-05,4.815247700719223e-05,3.1638787593701777e-07
2019,E02005446,E07000138,10958,228441,11,1999,0.005502751375687844,60.29914957478739,male,10-14,79,0.007209344770943603,3.9671231856117876e-05,4.815247700719223e-05,3.471478083197834e-07
2019,E02005593,E07000148,12414,228441,2398,2647,0.9059312429165093,11246.230449565546,female,15-19,1593,0.12832286128564524,0.1162516892191074,0.010497239987567906,0.0013470358708068048
2019,E02005593,E07000148,12414,228441,2398,2647,0.9059312429165093,11246.230449565546,male,15-19,1297,0.10447881424198485,0.09465062204468443,0.010497239987567906,0.0010967391867146427
2019,E02006287,E07000244,6179,228441,545,2715,0.2007366482504604,1240.3517495395947,female,15-19,102,0.016507525489561418,0.0033136653376835993,0.0023857363608108875,3.938260378745922e-05
2019,E02006287,E07000244,6179,228441,545,2715,0.2007366482504604,1240.3517495395947,male,15-19,145,0.023466580352807898,0.004710602685922763,0.0023857363608108875,5.598507401158419e-05
2019,E02006233,E07000200,11790,228441,40,5050,0.007920792079207921,93.38613861386139,female,15-19,289,0.024512298558100085,0.0001941568202621789,0.00017509991638978994,4.292101428044893e-06
2019,E02006233,E07000200,11790,228441,40,5050,0.007920792079207921,93.38613861386139,male,15-19,281,0.023833757421543682,0.0001887822370023262,0.00017509991638978994,4.173288931766834e-06
2019,E02006288,E07000244,9562,228441,114,3453,0.03301476976542137,315.68722849695916,female,15-19,344,0.035975737293453255,0.0011877306838846426,0.0004990347617109013,1.795314348761243e-05
2019,E02006288,E07000244,9562,228441,114,3453,0.03301476976542137,315.68722849695916,male,15-19,393,0.041100188245137004,0.001356913252228676,0.0004990347617109013,2.0510422647185128e-05
2019,E02006311,E07000244,8471,228441,917,3751,0.24446814182884563,2070.889629432151,female,15-19,223,0.026325109196080745,0.006435650528607316,0.004014165583235934,0.0001056733473098351
2019,E02006311,E07000244,8471,228441,917,3751,0.24446814182884563,2070.889629432151,male,15-19,193,0.022783614685397236,0.005569867946283461,0.004014165583235934,9.145720193183038e-05
2019,E02006256,E07000202,9754,228441,48,4135,0.011608222490931077,113.22660217654172,female,15-19,251,0.02573303260200943,0.00029871476781050853,0.00021011989966774792,5.407022228481108e-06
2019,E02006256,E07000202,9754,228441,48,4135,0.011608222490931077,113.22660217654172,male,15-19,254,0.026040598728726678,0.0003022850638401162,0.00021011989966774792,5.471647992168133e-06
2019,E02006251,E07000202,10928,228441,70,3797,0.018435607058203844,201.4643139320516,female,15-19,307,0.028092972181551976,0.0005179109962361438,0.0003064248536821324,8.60838489022828e-06
2019,E02006251,E07000202,10928,228441,70,3797,0.018435607058203844,201.4643139320516,male,15-19,312,0.02855051244509517,0.0005263460287481332,0.0003064248536821324,8.748586598538186e-06
2019,E02004577,E07000076,5680,228441,11,2201,0.004997728305315766,28.387096774193548,female,15-19,129,0.022711267605633804,0.00011350474496227708,4.815247700719223e-05,1.0936037911844716e-06
2019,E02004577,E07000076,5680,228441,11,2201,0.004997728305315766,28.387096774193548,male,15-19,154,0.027112676056338027,0.0001355017885596176,4.815247700719223e-05,1.3055425104062682e-06
2019,E02005542,E07000145,7554,228441,451,3494,0.12907842014882656,975.0583858042359,female,15-19,178,0.023563674874238813,0.003041561925667345,0.0019742515572948815,4.652062181605625e-05
2019,E02005542,E07000145,7554,228441,451,3494,0.12907842014882656,975.0583858042359,male,15-19,177,0.023431294678316124,0.0030244744991186527,0.0019742515572948815,4.625927000810088e-05
2019,E02005611,E07000149,11199,228441,3134,4161,0.753184330689738,8434.911319394376,female,15-19,227,0.020269666934547726,0.015266795523401242,0.01371907844914004,0.00027808115081300017
2019,E02005611,E07000149,11199,228441,3134,4161,0.753184330689738,8434.911319394376,male,15-19,252,0.022502009107956068,0.01694816066915028,0.01371907844914004,0.00030870682821531296
2019,E02005595,E07000148,8952,228441,3128,3359,0.9312295325989878,8336.366775826138,female,15-19,221,0.02468722073279714,0.022989469024170723,0.013692813461681571,0.0003380375083815491
2019,E02005595,E07000148,8952,228441,3128,3359,0.9312295325989878,8336.366775826138,male,15-19,260,0.0290437890974084,0.027046434146083202,0.013692813461681571,0.0003976911863312342
2019,E02006293,E07000244,11451,228441,88,4406,0.01997276441216523,228.70812528370405,female,15-19,258,0.022530783337699763,0.00045000202762541516,0.00038521981605753786,8.679304212980942e-06
2019,E02006293,E07000244,11451,228441,88,4406,0.01997276441216523,228.70812528370405,male,15-19,284,0.024801327394987336,0.0004953510691690616,0.00038521981605753786,9.553962777079796e-06
2019,E02004521,E07000071,9189,228441,8,3522,0.002271436683702442,20.87223168654174,female,15-19,209,0.02274458591794537,5.166288680964309e-05,3.501998327795798e-05,7.965150185105255e-07
2019,E02004521,E07000071,9189,228441,8,3522,0.002271436683702442,20.87223168654174,male,15-19,187,0.020350418979214278,4.622468819810171e-05,3.501998327795798e-05,7.126713323515228e-07
2019,E02004507,E07000071,9933,228441,11,3434,0.00320326150262085,31.817996505532903,female,15-19,266,0.026779422128259338,8.578149196588605e-05,4.815247700719223e-05,1.2894955082969025e-06
2019,E02004507,E07000071,9933,228441,11,3434,0.00320326150262085,31.817996505532903,male,15-19,284,0.028591563475284406,9.158625458011894e-05,4.815247700719223e-05,1.3767546028433096e-06
2019,E02004446,E07000067,6867,228441,9,2535,0.0035502958579881655,24.379881656804734,female,15-19,184,0.026794815785641475,9.512952349931884e-05,3.939748118770273e-05,1.05564825084277e-06
2019,E02004446,E07000067,6867,228441,9,2535,0.0035502958579881655,24.379881656804734,male,15-19,210,0.03058103975535168,0.00010857173877639649,3.939748118770273e-05,1.204815938461857e-06
2019,E02004589,E07000076,7733,228441,9,3538,0.002543810062182024,19.67128321085359,female,15-19,174,0.022500969869390923,5.7238193562611174e-05,3.939748118770273e-05,8.864815371343949e-07
2019,E02004589,E07000076,7733,228441,9,3538,0.002543810062182024,19.67128321085359,male,15-19,202,0.026121815595499805,6.644893735429572e-05,3.939748118770273e-05,1.0291337385123433e-06
2019,E02004522,E07000071,12010,228441,9,2824,0.003186968838526912,38.27549575070822,female,15-19,820,0.06827643630308076,0.000217594874903586,3.939748118770273e-05,2.689919614814008e-06
2019,E02004522,E07000071,12010,228441,9,2824,0.003186968838526912,38.27549575070822,male,15-19,910,0.07577019150707744,0.0002414772392222723,3.939748118770273e-05,2.9851546944887164e-06
2019,E02004526,E07000071,7285,228441,8,3181,0.002514932411191449,18.321282615529707,female,15-19,174,0.023884694577899795,6.006839252536886e-05,3.501998327795798e-05,8.364416047171845e-07
2019,E02004526,E07000071,7285,228441,8,3181,0.002514932411191449,18.321282615529707,male,15-19,171,0.023472889498970487,5.903273058527629e-05,3.501998327795798e-05,8.220201977393019e-07
2019,E02006235,E07000200,8200,228441,24,2985,0.008040201005025126,65.92964824120604,female,15-19,196,0.023902439024390244,0.00019218041426645425,0.00010505994983387396,2.51118904480967e-06
2019,E02006235,E07000200,8200,228441,24,2985,0.008040201005025126,65.92964824120604,male,15-19,179,0.021829268292682925,0.00017551170486579238,0.00010505994983387396,2.2933818317394434e-06
2019,E02004513,E07000071,13590,228441,10,3781,0.0026448029621793175,35.942872256016926,female,15-19,421,0.030978660779985283,8.193245379525332e-05,4.3774979097447484e-05,1.356090228110772e-06
2019,E02004513,E07000071,13590,228441,10,3781,0.0026448029621793175,35.942872256016926,male,15-19,465,0.03421633554083885,9.049546559333206e-05,4.3774979097447484e-05,1.4978193730914702e-06
2019,E02004582,E07000076,7003,228441,9,3302,0.0027256208358570565,19.087522713506967,female,15-19,116,0.016564329573040125,4.5148081816281386e-05,3.939748118770273e-05,6.525928627407563e-07
2019,E02004582,E07000076,7003,228441,9,3302,0.0027256208358570565,19.087522713506967,male,15-19,159,0.022704555190632587,6.188400869645467e-05,3.939748118770273e-05,8.945022859981057e-07
2019,E02004520,E07000071,9529,228441,11,3753,0.002930988542499334,27.929389821476153,female,15-19,222,0.023297302969881414,6.828412807585813e-05,4.815247700719223e-05,1.121822845586806e-06
2019,E02004520,E07000071,9529,228441,11,3753,0.002930988542499334,27.929389821476153,male,15-19,265,0.027809843635218805,8.151033306352435e-05,4.815247700719223e-05,1.3391128562184848e-06
2019,E02004579,E07000076,7266,228441,8,3141,0.0025469595670168737,18.506208213944603,female,15-19,135,0.018579686209744012,4.7321709544078985e-05,3.501998327795798e-05,6.506603003749418e-07
2019,E02004579,E07000076,7266,228441,8,3141,0.0025469595670168737,18.506208213944603,male,15-19,155,0.021332232314891276,5.4332333180238845e-05,3.501998327795798e-05,7.470544189490074e-07
2019,E02004559,E07000074,7711,228441,8,2504,0.003194888178913738,24.635782747603834,female,15-19,209,0.02710413694721826,8.65946867323267e-05,3.501998327795798e-05,9.491864226550665e-07
2019,E02004559,E07000074,7711,228441,8,2504,0.003194888178913738,24.635782747603834,male,15-19,227,0.02943846453118921,9.405260233606777e-05,3.501998327795798e-05,1.0309345356110053e-06
2019,E02004575,E07000076,11687,228441,12,4223,0.0028415818138763913,33.20956665877338,female,15-19,276,0.02361598357148969,6.710674943354872e-05,5.252997491693698e-05,1.2405470246491492e-06
2019,E02004575,E07000076,11687,228441,12,4223,0.0028415818138763913,33.20956665877338,male,15-19,227,0.019423290835971593,5.519287000512885e-05,5.252997491693698e-05,1.0203049804179598e-06
2019,E02004588,E07000076,7179,228441,8,3751,0.0021327645961077045,15.311117035457212,female,15-19,162,0.022565816966151276,4.812757550765401e-05,3.501998327795798e-05,7.902545328080782e-07
2019,E02004588,E07000076,7179,228441,8,3751,0.0021327645961077045,15.311117035457212,male,15-19,167,0.023262292798439894,4.9612994504803824e-05,3.501998327795798e-05,8.146451048083275e-07
2019,E02004512,E07000071,11610,228441,14,4353,0.0032161727544222376,37.33976567884218,female,15-19,223,0.019207579672695953,6.177489442171912e-05,6.128497073642647e-05,1.1771359581587515e-06
2019,E02004512,E07000071,11610,228441,14,4353,0.0032161727544222376,37.33976567884218,male,15-19,253,0.021791559000861327,7.008541833495488e-05,6.128497073642647e-05,1.3354950556688972e-06
2019,E02004509,E07000071,14885,228441,13,4843,0.0026842865992153624,39.95560602932067,female,15-19,341,0.022908968760497146,6.149423784564587e-05,5.690747282668173e-05,1.3036915172252919e-06
2019,E02004509,E07000071,14885,228441,13,4843,0.0026842865992153624,39.95560602932067,male,15-19,373,0.025058784010749076,6.726495811268594e-05,5.690747282668173e-05,1.4260320701613895e-06
2019,E02004585,E07000076,8674,228441,8,4088,0.0019569471624266144,16.974559686888455,female,15-19,218,0.02513258012451003,4.918313135911943e-05,3.501998327795798e-05,8.801425356922803e-07
2019,E02004585,E07000076,8674,228441,8,4088,0.0019569471624266144,16.974559686888455,male,15-19,251,0.028937053262623934,5.6628284271279714e-05,3.501998327795798e-05,1.0133751213704695e-06
2019,E02004580,E07000076,12194,228441,9,5534,0.0016263100831225153,19.831225153595952,female,15-19,295,0.024192225684762998,3.934406056430556e-05,3.939748118770273e-05,9.53112756304109e-07
2019,E02004580,E07000076,12194,228441,9,5534,0.0016263100831225153,19.831225153595952,male,15-19,265,0.021731999343939642,3.534296965946093e-05,3.939748118770273e-05,8.561860353240301e-07
2019,E02004590,E07000076,8402,228441,9,4502,0.0019991115059973343,16.796534873389604,female,15-19,137,0.016305641513925256,3.259679556315577e-05,3.939748118770273e-05,6.424012047982949e-07
2019,E02004590,E07000076,8402,228441,9,4502,0.0019991115059973343,16.796534873389604,male,15-19,170,0.020233277791002143,4.044857843603271e-05,3.939748118770273e-05,7.971401811365704e-07
2019,E02004595,E07000077,14491,228441,8,5057,0.0015819655922483687,22.924263397271112,female,15-19,330,0.022772755503415912,3.602571564708865e-05,3.501998327795798e-05,7.975015169226508e-07
2019,E02004595,E07000077,14491,228441,8,5057,0.0015819655922483687,22.924263397271112,male,15-19,360,0.02484300600372645,3.9300780705914893e-05,3.501998327795798e-05,8.7000165482471e-07
2019,E02006922,E07000071,13943,228441,14,5702,0.002455278849526482,34.23395299894774,female,15-19,368,0.026393172201104497,6.480259747728217e-05,6.128497073642647e-05,1.6175047859861537e-06
2019,E02006922,E07000071,13943,228441,14,5702,0.002455278849526482,34.23395299894774,male,15-19,358,0.025675966434770135,6.304165732844299e-05,6.128497073642647e-05,1.573550851584356e-06
2019,E02004523,E07000071,10335,228441,10,4139,0.0024160425223483935,24.969799468470647,female,15-19,274,0.026511852926947268,6.405376401775132e-05,4.3774979097447484e-05,1.1605558077117186e-06
2019,E02004523,E07000071,10335,228441,10,4139,0.0024160425223483935,24.969799468470647,male,15-19,289,0.027963231736816644,6.756035693843113e-05,4.3774979097447484e-05,1.2240898847762286e-06
2019,E02005579,E07000147,12901,228441,4648,5056,0.9193037974683544,11859.93829113924,female,15-19,300,0.023254011316952174,0.021377500910046223,0.02034661028449359,0.00047314030581722944
2019,E02005579,E07000147,12901,228441,4648,5056,0.9193037974683544,11859.93829113924,male,15-19,318,0.024649251995969304,0.022660150964648997,0.02034661028449359,0.0005015287241662632
2019,E02006292,E07000244,6857,228441,50,2404,0.020798668885191347,142.61647254575706,female,15-19,181,0.026396383257984542,0.0005490096351494289,0.0002188748954872374,5.77750562683243e-06
2019,E02006292,E07000244,6857,228441,50,2404,0.020798668885191347,142.61647254575706,male,15-19,182,0.026542219629575616,0.0005520428375535693,0.0002188748954872374,5.809425547422664e-06
2019,E02006250,E07000202,10945,228441,56,4152,0.01348747591522158,147.62042389210018,female,15-19,334,0.030516217450890816,0.00041158674789255434,0.0002451398829457059,7.480741973857081e-06
2019,E02006250,E07000202,10945,228441,56,4152,0.01348747591522158,147.62042389210018,male,15-19,449,0.04102329830973047,0.0005533007479154398,0.0002451398829457059,1.0056446545694102e-05
2019,E02005594,E07000148,11105,228441,3270,3517,0.92976969007677,10325.092408302531,female,15-19,228,0.020531292210715892,0.019089373195632916,0.014314418164865327,0.0002938935021692296
2019,E02005594,E07000148,11105,228441,3270,3517,0.92976969007677,10325.092408302531,male,15-19,193,0.017379558757316525,0.0161589869594612,0.014314418164865327,0.00024877827157307594
2019,E02005602,E07000149,12285,228441,3889,4252,0.9146284101599247,11236.210018814674,female,15-19,287,0.023361823361823363,0.02136738735986149,0.017024089370997326,0.00039771376878113414
2019,E02005602,E07000149,12285,228441,3889,4252,0.9146284101599247,11236.210018814674,male,15-19,295,0.024013024013024013,0.021962993976164247,0.017024089370997326,0.00040879986686562567
2019,E02005535,E07000144,7243,228441,2248,2438,0.9220672682526662,6678.533223954061,female,15-19,202,0.027888996272262875,0.025715530607074218,0.009840615301106194,0.00027444488344932367
2019,E02005535,E07000144,7243,228441,2248,2438,0.9220672682526662,6678.533223954061,male,15-19,228,0.03147866905978186,0.029025450388182782,0.009840615301106194,0.00030976947240814753
2019,E02006230,E07000200,11148,228441,70,4587,0.01526051885764116,170.12426422498365,female,15-19,310,0.02780767850735558,0.0004243596022487226,0.0003064248536821324,8.52096381785621e-06
2019,E02006230,E07000200,11148,228441,70,4587,0.01526051885764116,170.12426422498365,male,15-19,302,0.027090060997488338,0.0004134083867068201,0.0003064248536821324,8.301067977395405e-06
2019,E02006294,E07000244,8228,228441,52,3741,0.013900026730820636,114.36941994119219,female,15-19,235,0.028561011181332037,0.00039699881887978237,0.0002276298913067269,6.5013398708168234e-06
2019,E02006294,E07000244,8228,228441,52,3741,0.013900026730820636,114.36941994119219,male,15-19,230,0.027953330092367525,0.0003885520354993615,0.0002276298913067269,6.363013490586678e-06
2019,E02006296,E07000244,13489,228441,80,5153,0.015524936929943722,209.41587424801088,female,15-19,380,0.028171102379716807,0.00043735458769209094,0.0003501998327795799,9.86551534259325e-06
2019,E02006296,E07000244,13489,228441,80,5153,0.015524936929943722,209.41587424801088,male,15-19,369,0.02735562310030395,0.0004246943233115304,0.0003501998327795799,9.579934635307656e-06
2019,E02006313,E07000244,10033,228441,688,4581,0.1501855490067671,1506.8116131848942,female,15-19,234,0.02332303398784013,0.003502782663967258,0.0030117185619043868,7.024241438110501e-05
2019,E02006313,E07000244,10033,228441,688,4581,0.1501855490067671,1506.8116131848942,male,15-19,238,0.023721718329512607,0.003562659290701741,0.0030117185619043868,7.144313941326064e-05
2019,E02006295,E07000244,9796,228441,69,4175,0.01652694610778443,161.89796407185628,female,15-19,280,0.028583095140873826,0.00047239127298689677,0.00030204735577238763,8.633448307091521e-06
2019,E02006295,E07000244,9796,228441,69,4175,0.01652694610778443,161.89796407185628,male,15-19,291,0.029706002449979584,0.0004909495015685249,0.00030204735577238763,8.972619490584402e-06
2019,E02005597,E07000149,16660,228441,5376,5722,0.9395316322963999,15652.596994058022,female,15-19,361,0.021668667466986796,0.020358398514946002,0.023533428762787766,0.0005099380422188706
2019,E02005597,E07000149,16660,228441,5376,5722,0.9395316322963999,15652.596994058022,male,15-19,328,0.019687875150060024,0.018497381476183624,0.023533428762787766,0.00046332320733459705
2019,E02006267,E07000203,8615,228441,87,3046,0.02856204858831254,246.06204858831254,female,15-19,250,0.02901915264074289,0.0008288464477165566,0.0003808423181477931,1.1051721362385173e-05
2019,E02006267,E07000203,8615,228441,87,3046,0.02856204858831254,246.06204858831254,male,15-19,252,0.029251305861868835,0.0008354772192982891,0.0003808423181477931,1.1140135133284256e-05
2019,E02005538,E07000145,9068,228441,751,4616,0.1626949740034662,1475.3180242634314,female,15-19,217,0.023930304367004853,0.003893340246884888,0.0032875009302183057,7.867089786693563e-05
2019,E02005538,E07000145,9068,228441,751,4616,0.1626949740034662,1475.3180242634314,male,15-19,200,0.022055580061755623,0.0035883320247786983,0.0032875009302183057,7.250773996952592e-05
2019,E02006271,E07000203,9748,228441,54,3734,0.0144617032672737,140.97268344938402,female,15-19,174,0.017849815346737793,0.0002581387329201502,0.0002363848871262164,4.219426585962418e-06
2019,E02006271,E07000203,9748,228441,54,3734,0.0144617032672737,140.97268344938402,male,15-19,227,0.023286828067295855,0.0003367671975452534,0.0002363848871262164,5.504654224215339e-06
2019,E02006312,E07000244,8830,228441,965,3470,0.2780979827089337,2455.605187319885,female,15-19,234,0.026500566251415628,0.0073697540151631356,0.004224285482903682,0.00011194595730458227
2019,E02006312,E07000244,8830,228441,965,3470,0.2780979827089337,2455.605187319885,male,15-19,240,0.027180067950169876,0.007558722066833986,0.004224285482903682,0.00011481636646623823
2019,E02005520,E07000144,8657,228441,3033,3252,0.9326568265682657,8074.010147601476,female,15-19,224,0.025875014439182165,0.02413250885425569,0.013276951160255821,0.0003435413029799358
2019,E02005520,E07000144,8657,228441,3033,3252,0.9326568265682657,8074.010147601476,male,15-19,198,0.022871664548919948,0.02133141407652958,0.013276951160255821,0.0003036659731697646
2019,E02006237,E07000200,7731,228441,59,2944,0.020040760869565216,154.9351222826087,female,15-19,271,0.03505367998965205,0.0007025024182708801,0.00025827237667494014,9.053397242130227e-06
2019,E02006237,E07000200,7731,228441,59,2944,0.020040760869565216,154.9351222826087,male,15-19,272,0.03518302936230759,0.000705094678116898,0.00025827237667494014,9.086804612027385e-06
2019,E02005604,E07000149,8600,228441,2789,3152,0.8848350253807107,7609.581218274112,female,15-19,220,0.02558139534883721,0.022635314602762364,0.012208841670278102,0.00031231920551874214
2019,E02005604,E07000149,8600,228441,2789,3152,0.8848350253807107,7609.581218274112,male,15-19,301,0.035,0.03096922588832488,0.012208841670278102,0.0004273094584597336
2019,E02006258,E07000202,9082,228441,63,4222,0.014921837991473235,135.52013263855991,female,15-19,268,0.02950891874036556,0.0004403273047472833,0.00027578236831391915,8.138039496601006e-06
2019,E02006258,E07000202,9082,228441,63,4222,0.014921837991473235,135.52013263855991,male,15-19,302,0.03325258753578507,0.000496189724006267,0.00027578236831391915,9.170477343184716e-06
2019,E02003619,E06000055,11815,228441,9,5224,0.0017228177641653904,20.355091883614087,female,15-19,297,0.025137537029200168,4.330739534127135e-05,3.939748118770273e-05,9.903556422130943e-07
2019,E02003619,E06000055,11815,228441,9,5224,0.0017228177641653904,20.355091883614087,male,15-19,296,0.02505289885738468,4.316157919534114e-05,3.939748118770273e-05,9.870211114312322e-07
2019,E02006261,E07000203,8070,228441,1036,3144,0.32951653944020354,2659.1984732824426,female,15-19,200,0.024783147459727387,0.00816645698736564,0.004535087834495559,0.00011239375054511918
2019,E02006261,E07000203,8070,228441,1036,3144,0.32951653944020354,2659.1984732824426,male,15-19,217,0.026889714993804215,0.008860605831291718,0.004535087834495559,0.00012194721934145432
2019,E02006306,E07000244,7510,228441,473,3378,0.14002368265245707,1051.5778567199527,female,15-19,173,0.02303595206391478,0.003225578841394817,0.002070556511309266,4.769724054014688e-05
2019,E02006306,E07000244,7510,228441,473,3378,0.14002368265245707,1051.5778567199527,male,15-19,166,0.022103861517976033,0.003095064090586934,0.002070556511309266,4.576729439112359e-05
2019,E02006303,E07000244,8152,228441,445,3523,0.12631280158955435,1029.7019585580472,female,15-19,260,0.03189401373895977,0.004028622229303746,0.001947986569836413,6.212911042167166e-05
2019,E02006303,E07000244,8152,228441,445,3523,0.12631280158955435,1029.7019585580472,male,15-19,273,0.03348871442590775,0.004230053340768932,0.001947986569836413,6.523556594275523e-05
2019,E02006228,E07000200,6121,228441,22,2586,0.008507347254447023,52.07347254447023,female,15-19,153,0.024995915700049012,0.0002126489348032012,9.630495401438446e-05,2.407230512040651e-06
2019,E02006228,E07000200,6121,228441,22,2586,0.008507347254447023,52.07347254447023,male,15-19,133,0.02172847573925829,0.00018485168842369775,9.630495401438446e-05,2.092559856871938e-06
2019,E02006266,E07000203,9653,228441,49,4297,0.011403304631138002,110.07609960437514,female,15-19,219,0.02268724748782762,0.0002587095943457187,0.00021449739757749265,4.866355544335532e-06
2019,E02006266,E07000203,9653,228441,49,4297,0.011403304631138002,110.07609960437514,male,15-19,262,0.02714182119548327,0.000309506455335974,0.00021449739757749265,5.821850011944792e-06
2019,E02006245,E07000202,7778,228441,49,3627,0.013509787703336091,105.07912875654812,female,15-19,208,0.02674209308305477,0.00036128000029492246,0.00021449739757749265,5.736109372090315e-06
2019,E02006245,E07000202,7778,228441,49,3627,0.013509787703336091,105.07912875654812,male,15-19,200,0.025713551041398816,0.00034738461566819465,0.00021449739757749265,5.515489780856072e-06
2019,E02006289,E07000244,9527,228441,111,3942,0.02815829528158295,268.26407914764076,female,15-19,196,0.020573108008817047,0.0005793036501721694,0.00048590226798166705,9.996519840916e-06
2019,E02006289,E07000244,9527,228441,111,3942,0.02815829528158295,268.26407914764076,male,15-19,220,0.023092264091529337,0.000650238791009578,0.00048590226798166705,1.1220583494905716e-05
2019,E02006286,E07000245,11775,228441,11,4724,0.0023285351397121083,27.418501270110074,female,15-19,280,0.0237791932059448,5.5370686974045893e-05,4.815247700719223e-05,1.1450270540988387e-06
2019,E02006286,E07000245,11775,228441,11,4724,0.0023285351397121083,27.418501270110074,male,15-19,320,0.027176220806794056,6.32807851131953e-05,4.815247700719223e-05,1.30860234754153e-06
2019,E02006280,E07000245,9789,228441,32,4150,0.0077108433734939755,75.48144578313253,female,15-19,281,0.028705690060271735,0.00022134507998281818,0.00014007993311183193,4.021091143571843e-06
2019,E02006280,E07000245,9789,228441,32,4150,0.0077108433734939755,75.48144578313253,male,15-19,364,0.03718459495351926,0.0002867245875934015,0.00014007993311183193,5.208815573879541e-06
2019,E02006290,E07000244,8129,228441,72,3583,0.020094892548144012,163.35138152386267,female,15-19,160,0.019682617788165827,0.00039552008951938025,0.00031517984950162184,6.20356451227205e-06
2019,E02006290,E07000244,8129,228441,72,3583,0.020094892548144012,163.35138152386267,male,15-19,173,0.0212818304834543,0.0004276560967928299,0.00031517984950162184,6.707604128894154e-06
2019,E02006227,E07000200,6270,228441,24,2589,0.009269988412514484,58.12282734646582,female,15-19,153,0.024401913875598084,0.00022620545886997066,0.00010505994983387396,2.5636638476208476e-06
2019,E02006227,E07000200,6270,228441,24,2589,0.009269988412514484,58.12282734646582,male,15-19,149,0.023763955342902713,0.00022029159066421983,0.00010505994983387396,2.4966399561797802e-06
2019,E02006249,E07000202,8185,228441,53,3215,0.016485225505443235,134.93157076205287,female,15-19,250,0.030543677458766034,0.0005035194106732814,0.00023200738921647164,7.086358864278302e-06
2019,E02006249,E07000202,8185,228441,53,3215,0.016485225505443235,134.93157076205287,male,15-19,257,0.03139890042761148,0.0005176179541721333,0.00023200738921647164,7.284776912478094e-06
2019,E02006262,E07000203,9118,228441,277,3705,0.0747638326585695,681.6966261808368,female,15-19,227,0.024895810484755428,0.001861306208981715,0.0012125669209992953,3.018783626528186e-05
2019,E02006262,E07000203,9118,228441,277,3705,0.0747638326585695,681.6966261808368,male,15-19,229,0.025115156832638735,0.001877705382629131,0.0012125669209992953,3.0453808390967164e-05
2019,E02006268,E07000203,6407,228441,39,3227,0.012085528354508832,77.43198016733808,female,15-19,172,0.026845637583892617,0.0003244437142150022,0.00017072241848004518,4.583152173960944e-06
2019,E02006268,E07000203,6407,228441,39,3227,0.012085528354508832,77.43198016733808,male,15-19,186,0.029030747619790853,0.0003508519235115721,0.00017072241848004518,4.956199443934509e-06
2019,E02006257,E07000202,6460,228441,45,3015,0.014925373134328358,96.41791044776119,female,15-19,140,0.021671826625386997,0.00032346009888637307,0.00019698740593851365,4.2690769088841965e-06
2019,E02006257,E07000202,6460,228441,45,3015,0.014925373134328358,96.41791044776119,male,15-19,129,0.019969040247678017,0.00029804537683101516,0.00019698740593851365,3.933649437471867e-06
2019,E02006265,E07000203,7283,228441,60,2946,0.020366598778004074,148.32993890020367,female,15-19,147,0.020183990113964025,0.00041107922839030603,0.0002626498745846849,5.301322472051171e-06
2019,E02006265,E07000203,7283,228441,60,2946,0.020366598778004074,148.32993890020367,male,15-19,188,0.02581353837704243,0.0005257339791658336,0.0002626498745846849,6.779922617317145e-06
2019,E02006253,E07000202,6895,228441,47,3085,0.015235008103727715,105.0453808752026,female,15-19,146,0.021174764321972444,0.0003225977060397747,0.00020574240175800316,4.356546868262286e-06
2019,E02006253,E07000202,6895,228441,47,3085,0.015235008103727715,105.0453808752026,male,15-19,198,0.02871646120377085,0.00043749551914983145,0.00020574240175800316,5.908193698054333e-06
2019,E02006263,E07000203,7712,228441,950,2788,0.34074605451936874,2627.8335724533717,female,15-19,156,0.020228215767634856,0.006892684712788061,0.00415862301425751,8.412152362865296e-05
2019,E02006263,E07000203,7712,228441,950,2788,0.34074605451936874,2627.8335724533717,male,15-19,239,0.03099066390041494,0.01055994645100222,0.00415862301425751,0.000128878488123385
2019,E02006247,E07000202,8915,228441,57,3837,0.014855355746677092,132.43549648162627,female,15-19,197,0.022097588334268087,0.0003282675358491741,0.00024951738085545063,5.513732364388533e-06
2019,E02006247,E07000202,8915,228441,57,3837,0.014855355746677092,132.43549648162627,male,15-19,252,0.028266965787997755,0.0004199158326598572,0.00024951738085545063,7.053099268151829e-06
2019,E02006291,E07000244,7681,228441,68,3090,0.022006472491909384,169.03171521035597,female,15-19,192,0.024996745215466736,0.0005500901859714362,0.0002976698578626429,7.440777595316681e-06
2019,E02006291,E07000244,7681,228441,68,3090,0.022006472491909384,169.03171521035597,male,15-19,172,0.02239291758885562,0.000492789124932745,0.0002976698578626429,6.665696595804528e-06
2019,E02006301,E07000244,6451,228441,46,3009,0.015287470920571618,98.61947490860751,female,15-19,129,0.01999689970547202,0.00030570202274899066,0.0002013649038482584,4.0266737864556405e-06
2019,E02006301,E07000244,6451,228441,46,3009,0.015287470920571618,98.61947490860751,male,15-19,150,0.023252208959851185,0.0003554674683127798,0.0002013649038482584,4.6821788214600464e-06
2019,E02006283,E07000245,7626,228441,13,3104,0.004188144329896907,31.938788659793815,female,15-19,141,0.01848937844217152,7.743618548589876e-05,5.690747282668173e-05,1.0521838012801107e-06
2019,E02006283,E07000245,7626,228441,13,3104,0.004188144329896907,31.938788659793815,male,15-19,149,0.01953842119066352,8.1829727924815e-05,5.690747282668173e-05,1.1118821729839467e-06
2019,E02006272,E07000203,7642,228441,56,3187,0.017571383746470035,134.280514590524,female,15-19,206,0.026956294163831458,0.0004736593891354131,0.0002451398829457059,6.608062795971658e-06
2019,E02006272,E07000203,7642,228441,56,3187,0.017571383746470035,134.280514590524,male,15-19,195,0.025516880397801624,0.0004483668974825513,0.0002451398829457059,6.255205073856667e-06
2019,E02006297,E07000244,8226,228441,45,3235,0.013910355486862442,114.42658423493044,female,15-19,228,0.027716994894237783,0.00038555325200639883,0.00019698740593851365,5.459898924626929e-06
2019,E02006297,E07000244,8226,228441,45,3235,0.013910355486862442,114.42658423493044,male,15-19,245,0.02978361293459762,0.0004143006436033672,0.00019698740593851365,5.866996651463147e-06
2019,E02006270,E07000203,13467,228441,59,4858,0.01214491560312886,163.55557842733637,female,15-19,372,0.02762307863666741,0.0003354799587409175,0.00025827237667494014,7.134278170570857e-06
2019,E02006270,E07000203,13467,228441,59,4858,0.01214491560312886,163.55557842733637,male,15-19,343,0.02546966659241108,0.0003093269512046632,0.00025827237667494014,6.578111323940334e-06
2019,E02006255,E07000202,8208,228441,58,3059,0.01896044458973521,155.6273291925466,female,15-19,171,0.020833333333333332,0.00039500926228615014,0.0002538948787651954,5.28947664094157e-06
2019,E02006255,E07000202,8208,228441,58,3059,0.01896044458973521,155.6273291925466,male,15-19,170,0.020711500974658868,0.0003926992666002662,0.0002538948787651954,5.258544029006239e-06
2019,E02006252,E07000202,9269,228441,37,3710,0.009973045822102426,92.44016172506738,female,15-19,221,0.023842917251051893,0.00023778650627733692,0.00016196742266055567,3.861775855861776e-06
2019,E02006252,E07000202,9269,228441,37,3710,0.009973045822102426,92.44016172506738,male,15-19,264,0.028482036897184163,0.00028405265908242966,0.00016196742266055567,4.613162108359769e-06
2019,E02006300,E07000244,7781,228441,61,3606,0.01691625069328896,131.62534664448143,female,15-19,207,0.02660326436190721,0.0004500274892058624,0.00026702737249442965,7.103799782334782e-06
2019,E02006300,E07000244,7781,228441,61,3606,0.01691625069328896,131.62534664448143,male,15-19,217,0.027888446215139442,0.0004717679476216045,0.00026702737249442965,7.446978515780906e-06
2019,E02006248,E07000202,8109,228441,44,3404,0.012925969447708578,104.81668625146885,female,15-19,222,0.02737698853126156,0.00035387411732535506,0.00019260990802876893,5.273079243110951e-06
2019,E02006248,E07000202,8109,228441,44,3404,0.012925969447708578,104.81668625146885,male,15-19,282,0.03477617462079171,0.0004495157706565321,0.00019260990802876893,6.6982357953031e-06
2019,E02006229,E07000200,5937,228441,16,2606,0.0061396776669224865,36.451266308518804,female,15-19,151,0.02543372073437763,0.00015615484717960174,7.003996655591596e-05,1.7813769496283156e-06
2019,E02006229,E07000200,5937,228441,16,2606,0.0061396776669224865,36.451266308518804,male,15-19,117,0.019706922688226377,0.00012099415311267154,7.003996655591596e-05,1.380272206003397e-06
2019,E02006231,E07000200,8619,228441,37,3270,0.011314984709480122,97.52385321100917,female,15-19,205,0.023784661793711567,0.00026912308451600245,0.00016196742266055567,3.852340369580452e-06
2019,E02006231,E07000200,8619,228441,37,3270,0.011314984709480122,97.52385321100917,male,15-19,239,0.027729434969253973,0.0003137581326796321,0.00016196742266055567,4.491265113803551e-06
2019,E02006260,E07000202,8746,228441,64,3841,0.016662327518875295,145.72871648008334,female,15-19,205,0.023439286530985592,0.00039055306898804425,0.00028015986622366386,6.56674737889905e-06
2019,E02006260,E07000202,8746,228441,64,3841,0.016662327518875295,145.72871648008334,male,15-19,252,0.028813171735650584,0.00048009450431701054,0.00028015986622366386,8.07229433893932e-06
2019,E02006254,E07000202,9499,228441,71,4098,0.017325524646168863,164.57515861395802,female,15-19,242,0.025476365933256133,0.00044139140587144595,0.00031080235159187714,7.918114442071194e-06
2019,E02006254,E07000202,9499,228441,71,4098,0.017325524646168863,164.57515861395802,male,15-19,239,0.02516054321507527,0.0004359196115837834,0.00031080235159187714,7.819955998574443e-06
2019,E02006299,E07000244,8381,228441,52,3938,0.013204672422549517,110.6683595733875,female,15-19,184,0.021954420713518673,0.00028990093374884994,0.0002276298913067269,4.99748240072041e-06
2019,E02006299,E07000244,8381,228441,52,3938,0.013204672422549517,110.6683595733875,male,15-19,187,0.02231237322515213,0.00029462757940779854,0.0002276298913067269,5.078963092036503e-06
2019,E02006298,E07000244,9290,228441,58,3706,0.015650296815974095,145.39125742039934,female,15-19,216,0.0232508073196986,0.00036388203576430617,0.0002538948787651954,5.9032609056277935e-06
2019,E02006298,E07000244,9290,228441,58,3706,0.015650296815974095,145.39125742039934,male,15-19,209,0.022497308934337996,0.0003520895623830555,0.0002538948787651954,5.711951524426892e-06
2019,E02006234,E07000200,9751,228441,20,3978,0.005027652086475616,49.024635495223734,female,15-19,277,0.02840734283663214,0.00014282223648382172,8.754995819489497e-05,2.4870616777751928e-06
2019,E02006234,E07000200,9751,228441,20,3978,0.005027652086475616,49.024635495223734,male,15-19,258,0.02645882473592452,0.00013302576538926357,8.754995819489497e-05,2.3164689995162446e-06
2019,E02006236,E07000200,10362,228441,53,3957,0.013393985342431134,138.7884761182714,female,15-19,321,0.030978575564562825,0.00041492658704114977,0.00023200738921647164,7.187258438379405e-06
2019,E02006236,E07000200,10362,228441,53,3957,0.013393985342431134,138.7884761182714,male,15-19,289,0.027890368654699866,0.00037356318895605077,0.00023200738921647164,6.470771615861832e-06
2019,E02006259,E07000202,7100,228441,51,3158,0.016149461684610514,114.66117796073465,female,15-19,165,0.02323943661971831,0.00037530439126207533,0.00022325239339698215,5.188259846549586e-06
2019,E02006259,E07000202,7100,228441,51,3158,0.016149461684610514,114.66117796073465,male,15-19,164,0.023098591549295774,0.00037302981919382035,0.00022325239339698215,5.156815847479587e-06
2019,E02006239,E07000245,7719,228441,32,2380,0.013445378151260505,103.78487394957983,female,15-19,150,0.0194325689856199,0.0002612782384621163,0.00014007993311183193,2.722112963696695e-06
2019,E02006239,E07000245,7719,228441,32,2380,0.013445378151260505,103.78487394957983,male,15-19,185,0.02396683508226454,0.0003222431607699434,0.00014007993311183193,3.3572726552259236e-06
2019,E02006826,E07000245,9804,228441,18,3898,0.004617752693689072,45.27244740892766,female,15-19,193,0.019685842513259895,9.090435229314473e-05,7.879496237540546e-05,1.5511452201604706e-06
2019,E02006826,E07000245,9804,228441,18,3898,0.004617752693689072,45.27244740892766,male,15-19,153,0.015605875152998777,7.206407202513546e-05,7.879496237540546e-05,1.2296643455158136e-06
2019,E02003744,E07000010,14355,228441,239,6893,0.034672856521108374,497.7288553605107,female,15-19,334,0.02326715430163706,0.0008067387027551513,0.0010462220004289948,2.4342608717748816e-05
2019,E02003744,E07000010,14355,228441,239,6893,0.034672856521108374,497.7288553605107,male,15-19,370,0.025774991292232673,0.0008936925749084011,0.0010462220004289948,2.696636295079959e-05
2019,E02005517,E07000143,6533,228441,306,2500,0.1224,799.6392,female,15-19,197,0.030154599724475737,0.00369092300627583,0.001339514360381893,4.039251936250312e-05
2019,E02005517,E07000143,6533,228441,306,2500,0.1224,799.6392,male,15-19,194,0.029695392622072554,0.0036347160569416806,0.001339514360381893,3.97774048544447e-05
2019,E02005519,E07000143,8913,228441,424,3683,0.11512354059190877,1026.096117295683,female,15-19,199,0.022326938180186245,0.002570356173879709,0.001856059113731773,4.144011709106057e-05
2019,E02005519,E07000143,8913,228441,424,3683,0.11512354059190877,1026.096117295683,male,15-19,259,0.02905867833501627,0.0033453379348484654,0.001856059113731773,5.393462475670697e-05
2019,E02006269,E07000203,7508,228441,35,2973,0.011772620248906828,88.38883282879247,female,15-19,195,0.02597229621736814,0.00030576198035919437,0.0001532124268410662,3.9792785340980166e-06
2019,E02006269,E07000203,7508,228441,35,2973,0.011772620248906828,88.38883282879247,male,15-19,186,0.024773574853489612,0.0002916498889580008,0.0001532124268410662,3.7956195248319543e-06
2019,E02006242,E07000245,9994,228441,28,3639,0.007694421544380325,76.89804891453696,female,15-19,203,0.02031218731238743,0.00015629053166992253,0.00012256994147285294,2.4896636100649534e-06
2019,E02006242,E07000245,9994,228441,28,3639,0.007694421544380325,76.89804891453696,male,15-19,207,0.020712427456473885,0.00015937014805750724,0.00012256994147285294,2.5387210211007163e-06
2019,E02005512,E07000143,9450,228441,2888,3385,0.8531757754800591,8062.511078286559,female,15-19,234,0.024761904761904763,0.021126257297601463,0.012642213963342832,0.0003130452981399178
2019,E02005512,E07000143,9450,228441,2888,3385,0.8531757754800591,8062.511078286559,male,15-19,219,0.023174603174603174,0.0197720100349347,0.012642213963342832,0.00029297829184889737
2019,E02006264,E07000203,8672,228441,29,3559,0.00814835627985389,70.66254565889294,female,15-19,238,0.027444649446494464,0.00022362878166573178,0.0001269474393825977,3.4840279719854995e-06
2019,E02006264,E07000203,8672,228441,29,3559,0.00814835627985389,70.66254565889294,male,15-19,239,0.027559963099630998,0.00022456839839541973,0.0001269474393825977,3.4986667449770353e-06
2019,E02006282,E07000245,6368,228441,17,2675,0.006355140186915888,40.469532710280376,female,15-19,139,0.021827889447236182,0.00013871929742168788,7.441746446566072e-05,1.6243761873000692e-06
2019,E02006282,E07000245,6368,228441,17,2675,0.006355140186915888,40.469532710280376,male,15-19,160,0.02512562814070352,0.00015967688911848964,7.441746446566072e-05,1.869785539338209e-06
2019,E02006284,E07000245,7933,228441,10,3332,0.003001200480192077,23.808523409363747,female,15-19,192,0.02420269759233581,7.263714763606187e-05,4.3774979097447484e-05,1.0594725812063427e-06
2019,E02006284,E07000245,7933,228441,10,3332,0.003001200480192077,23.808523409363747,male,15-19,202,0.025463254758603303,7.642033240877342e-05,4.3774979097447484e-05,1.1146534448108399e-06
2019,E02005511,E07000143,8248,228441,2831,3289,0.8607479477044695,7099.449072666464,female,15-19,133,0.016125121241513093,0.013879665015118142,0.012392696582487381,0.000199833734901894
2019,E02005511,E07000143,8248,228441,2831,3289,0.8607479477044695,7099.449072666464,male,15-19,168,0.020368574199806012,0.017532208440149234,0.012392696582487381,0.0002524215598760766
2019,E02006240,E07000245,10485,228441,46,3221,0.014281279105867743,149.73921142502329,female,15-19,261,0.024892703862660945,0.000355499651562373,0.0002013649038482584,5.012516919827892e-06
2019,E02006240,E07000245,10485,228441,46,3221,0.014281279105867743,149.73921142502329,male,15-19,274,0.026132570338578923,0.0003732065307589663,0.0002013649038482584,5.262182513535795e-06
2019,E02006243,E07000245,8966,228441,13,3683,0.0035297311973934292,31.647569915829486,female,15-19,215,0.02397947802810618,8.464111169301666e-05,5.690747282668173e-05,1.364611494282464e-06
2019,E02006243,E07000245,8966,228441,13,3683,0.0035297311973934292,31.647569915829486,male,15-19,157,0.017510595583314744,6.180769551536565e-05,5.690747282668173e-05,9.964837423364968e-07
2019,E02006246,E07000202,7040,228441,60,3135,0.019138755980861243,134.73684210526315,female,15-19,158,0.022443181818181817,0.0004295345802522836,0.0002626498745846849,5.894698889826735e-06
2019,E02006246,E07000202,7040,228441,60,3135,0.019138755980861243,134.73684210526315,male,15-19,190,0.026988636363636364,0.0005165289256198347,0.0002626498745846849,7.088561956120757e-06
2019,E02003752,E07000010,11152,228441,8,4643,0.0017230239069567091,19.21516261038122,female,15-19,270,0.02421090387374462,4.171596618349278e-05,3.501998327795798e-05,8.478654488027848e-07
2019,E02003752,E07000010,11152,228441,8,4643,0.0017230239069567091,19.21516261038122,male,15-19,266,0.02385222381635581,4.109795186966326e-05,3.501998327795798e-05,8.353044791908916e-07
2019,E02005564,E07000146,9930,228441,366,4997,0.0732439463678207,727.3123874324594,female,15-19,173,0.01742195367573011,0.001276052640647833,0.0016021642349665778,2.791283108249929e-05
2019,E02005564,E07000146,9930,228441,366,4997,0.0732439463678207,727.3123874324594,male,15-19,252,0.025377643504531724,0.0018587587597875949,0.0016021642349665778,4.065915279069261e-05
2019,E02003780,E07000012,12091,228441,8,3877,0.0020634511220015478,24.949187516120713,female,15-19,387,0.03200727814076586,6.604545399177893e-05,3.501998327795798e-05,1.1208943452625703e-06
2019,E02003780,E07000012,12091,228441,8,3877,0.0020634511220015478,24.949187516120713,male,15-19,367,0.03035315523943429,6.263225223509785e-05,3.501998327795798e-05,1.0629669889182516e-06
2019,E02003249,E06000031,12090,228441,11,4349,0.0025293170843872156,30.579443550241436,female,15-19,302,0.0249793217535153,6.318062526757147e-05,4.815247700719223e-05,1.2028162163914022e-06
2019,E02003249,E06000031,12090,228441,11,4349,0.0025293170843872156,30.579443550241436,male,15-19,329,0.027212572373862695,6.882922421533448e-05,4.815247700719223e-05,1.310352765538978e-06
2019,E02003745,E07000010,10314,228441,155,4975,0.031155778894472363,321.34070351758794,female,15-19,245,0.023754120612759357,0.0007400781296437589,0.000678512176010436,1.61174600661777e-05
2019,E02003745,E07000010,10314,228441,155,4975,0.031155778894472363,321.34070351758794,male,15-19,232,0.022493697886368045,0.0007008086778667431,0.000678512176010436,1.5262247899400928e-05
2019,E02003737,E07000009,13972,228441,10,4946,0.0020218358269308533,28.24909017387788,female,15-19,279,0.019968508445462354,4.0373045785407103e-05,4.3774979097447484e-05,8.741210398073181e-07
2019,E02003737,E07000009,13972,228441,10,4946,0.0020218358269308533,28.24909017387788,male,15-19,314,0.022473518465502433,4.543776479074491e-05,4.3774979097447484e-05,9.837778010734692e-07
2019,E02005589,E07000148,11841,228441,3910,4159,0.9401298389035826,11132.077422457322,female,15-19,359,0.03031838527151423,0.028503218661125426,0.017116016827101965,0.000518929992477798
2019,E02005589,E07000148,11841,228441,3910,4159,0.9401298389035826,11132.077422457322,male,15-19,328,0.027700363145004646,0.026041937941083955,0.017116016827101965,0.0004741198817067346
2019,E02005540,E07000145,8995,228441,667,4468,0.14928379588182633,1342.807743957028,female,15-19,183,0.020344635908838244,0.0030371244743050826,0.002919791105799747,5.940208697736006e-05
2019,E02005540,E07000145,8995,228441,667,4468,0.14928379588182633,1342.807743957028,male,15-19,235,0.02612562534741523,0.0039001325216486034,0.002919791105799747,7.628136852283943e-05
2019,E02005548,E07000145,7498,228441,499,3604,0.13845726970033295,1038.1526082130965,female,15-19,215,0.02867431315017338,0.003970167109305359,0.0021843714569626293,6.26353511932469e-05
2019,E02005548,E07000145,7498,228441,499,3604,0.13845726970033295,1038.1526082130965,male,15-19,254,0.033875700186716456,0.00469033695703982,0.0021843714569626293,7.399711257248703e-05
2019,E02005507,E07000143,11864,228441,4009,4418,0.9074241738343142,10765.680398370303,female,15-19,296,0.024949426837491573,0.022639713035650457,0.017549389120166695,0.00043784719989626956
2019,E02005507,E07000143,11864,228441,4009,4418,0.9074241738343142,10765.680398370303,male,15-19,303,0.025539447066756576,0.023175111654736784,0.017549389120166695,0.0004482016944884111
2019,E02005547,E07000145,8812,228441,520,3960,0.13131313131313133,1157.1313131313132,female,15-19,262,0.02973218338629142,0.0039042261012301872,0.002276298913067269,6.767933672533188e-05
2019,E02005547,E07000145,8812,228441,520,3960,0.13131313131313133,1157.1313131313132,male,15-19,239,0.027122106218792557,0.003561488695397003,0.002276298913067269,6.173802090593251e-05
2019,E02005561,E07000146,11213,228441,311,5394,0.05765665554319614,646.5040786058584,female,15-19,310,0.027646481762240258,0.0015940036759467407,0.0013614018499306167,3.763797141518694e-05
2019,E02005561,E07000146,11213,228441,311,5394,0.05765665554319614,646.5040786058584,male,15-19,277,0.024703469187550165,0.0014243194136685394,0.0013614018499306167,3.363134865163478e-05
2019,E02005504,E07000143,9110,228441,1501,4011,0.3742208925454999,3409.152331089504,female,15-19,177,0.019429198682766192,0.007270812072508615,0.006570624362526867,0.00012766196620935845
2019,E02005504,E07000143,9110,228441,1501,4011,0.3742208925454999,3409.152331089504,male,15-19,198,0.021734357848518113,0.00813345079297574,0.006570624362526867,0.00014280830118335012
2019,E02005569,E07000146,8228,228441,242,3732,0.06484458735262594,533.5412647374062,female,15-19,217,0.026373359261059794,0.001710169598385978,0.001059354494158229,2.7938736659253243e-05
2019,E02005569,E07000146,8228,228441,242,3732,0.06484458735262594,533.5412647374062,male,15-19,252,0.030627126883811376,0.001986003404577265,0.001059354494158229,3.24449845075199e-05
2019,E02005466,E07000140,6685,228441,69,3343,0.020640143583607537,137.97935985641638,female,15-19,171,0.025579655946148094,0.0005279677715477769,0.00030204735577238763,7.726267440101464e-06
2019,E02005466,E07000140,6685,228441,69,3343,0.020640143583607537,137.97935985641638,male,15-19,145,0.02169035153328347,0.0004476919700258927,0.00030204735577238763,6.551513326401826e-06
2019,E02005578,E07000147,5843,228441,1169,2736,0.427266081871345,2496.515716374269,female,15-19,123,0.02105083005305494,0.008994305676908341,0.005117295056491611,0.00010772330856554307
2019,E02005578,E07000147,5843,228441,1169,2736,0.427266081871345,2496.515716374269,male,15-19,129,0.022077699811740546,0.009433052295294115,0.005117295056491611,0.00011297810410532567
2019,E02005580,E07000147,7937,228441,1847,3887,0.47517365577566245,3771.453305891433,female,15-19,142,0.017890890764772585,0.008501279969780026,0.00808523863929855,0.00014465212130280889
2019,E02005580,E07000147,7937,228441,1847,3887,0.47517365577566245,3771.453305891433,male,15-19,187,0.023560539246566713,0.011195347565837076,0.00808523863929855,0.00019049258227905113
2019,E02005474,E07000140,6793,228441,38,3085,0.012317666126418152,83.6739059967585,female,15-19,153,0.022523185632268513,0.0002774330807216219,0.00016634492057030043,3.7466175249898375e-06
2019,E02005474,E07000140,6793,228441,38,3085,0.012317666126418152,83.6739059967585,male,15-19,141,0.020756661268953334,0.00025567362341012207,0.00016634492057030043,3.4527651700886736e-06
2019,E02005510,E07000143,7023,228441,1986,3118,0.6369467607440668,4473.277100705581,female,15-19,163,0.023209454649010395,0.014783186957323492,0.00869371084875307,0.00020177628767574404
2019,E02005510,E07000143,7023,228441,1986,3118,0.6369467607440668,4473.277100705581,male,15-19,151,0.021500783141107788,0.013694854175189246,0.00869371084875307,0.00018692159165053588
2019,E02005514,E07000143,6903,228441,367,3099,0.11842529848338174,817.4898354307841,female,15-19,162,0.02346805736636245,0.0027792116984365987,0.0016065417328763225,3.7702413548596876e-05
2019,E02005514,E07000143,6903,228441,367,3099,0.11842529848338174,817.4898354307841,male,15-19,144,0.020860495436766623,0.00247041039861031,0.0016065417328763225,3.351325648764167e-05
2019,E02005506,E07000143,6943,228441,1780,2867,0.6208580397628183,4310.617370073247,female,15-19,147,0.02117240386000288,0.013145057157588116,0.007791946279345652,0.00016497423348175297
2019,E02005506,E07000143,6943,228441,1780,2867,0.6208580397628183,4310.617370073247,male,15-19,163,0.023476883191703875,0.014575811678141926,0.007791946279345652,0.0001829306126362295
2019,E02005571,E07000147,5990,228441,1519,2515,0.6039761431411531,3617.8170974155073,female,15-19,121,0.02020033388981636,0.012200519752934812,0.006649419324902273,0.0001343204905364232
2019,E02005571,E07000147,5990,228441,1519,2515,0.6039761431411531,3617.8170974155073,male,15-19,89,0.014858096828046745,0.008973936016621473,0.006649419324902273,9.87977161796832e-05
2019,E02003742,E07000010,6664,228441,124,3558,0.03485103991006183,232.24732996065205,female,15-19,158,0.023709483793517408,0.0008263001659348394,0.0005428097408083488,1.286973875265893e-05
2019,E02003742,E07000010,6664,228441,124,3558,0.03485103991006183,232.24732996065205,male,15-19,151,0.02265906362545018,0.0007896919307351946,0.0005428097408083488,1.2299560453490497e-05
2019,E02005472,E07000140,9869,228441,192,5695,0.033713784021071114,332.7213345039508,female,15-19,208,0.021076096868983686,0.0007105549778480891,0.0008404795986709917,1.7714029437994353e-05
2019,E02005472,E07000140,9869,228441,192,5695,0.033713784021071114,332.7213345039508,male,15-19,236,0.02391326375519303,0.0008062066094814857,0.0008404795986709917,2.009861032387821e-05
2019,E02005552,E07000146,6790,228441,471,3075,0.15317073170731707,1040.029268292683,female,15-19,109,0.01605301914580265,0.002458852688674162,0.0020618015154897766,3.30981392030023e-05
2019,E02005552,E07000146,6790,228441,471,3075,0.15317073170731707,1040.029268292683,male,15-19,120,0.017673048600883652,0.0027069937856963253,0.0020618015154897766,3.643831838862639e-05
2019,E02005563,E07000146,7551,228441,209,4033,0.05182246466650137,391.3114306967518,female,15-19,177,0.023440603893524037,0.0012147498670336038,0.0009148970631366524,2.144573966033472e-05
2019,E02005563,E07000146,7551,228441,209,4033,0.05182246466650137,391.3114306967518,male,15-19,218,0.028870348298238643,0.0014961326045950598,0.0009148970631366524,2.6413396869790784e-05
2019,E02005509,E07000143,8278,228441,645,4465,0.1444568868980963,1195.8141097424411,female,15-19,179,0.02162358057501812,0.0031236751334572646,0.0028234861517853625,6.105388030557862e-05
2019,E02005509,E07000143,8278,228441,645,4465,0.1444568868980963,1195.8141097424411,male,15-19,148,0.01787871466537811,0.002582703462299861,0.0028234861517853625,5.048030326941697e-05
2019,E02005566,E07000146,9847,228441,243,4936,0.04923014586709887,484.76924635332256,female,15-19,221,0.02244338377170712,0.0011048910568324211,0.0010637319920679738,2.387374532822405e-05
2019,E02005566,E07000146,9847,228441,243,4936,0.04923014586709887,484.76924635332256,male,15-19,221,0.02244338377170712,0.0011048910568324211,0.0010637319920679738,2.387374532822405e-05
2019,E02005568,E07000146,7423,228441,251,3603,0.06966416874826534,517.1171246183736,female,15-19,156,0.021015761821366025,0.0014640455778969948,0.0010987519753459319,2.309110981462554e-05
2019,E02005568,E07000146,7423,228441,251,3603,0.06966416874826534,517.1171246183736,male,15-19,171,0.023036508150343527,0.0016048191911563212,0.0010987519753459319,2.531140883526261e-05
2019,E02005560,E07000146,9204,228441,229,4415,0.05186862967157418,477.39886749716874,female,15-19,264,0.028683181225554105,0.001487757304790915,0.0010024470213315473,2.8753369581869673e-05
2019,E02005560,E07000146,9204,228441,229,4415,0.05186862967157418,477.39886749716874,male,15-19,277,0.03009561060408518,0.001561018081163195,0.0010024470213315473,3.0169255205219315e-05
2019,E02005559,E07000146,7266,228441,191,3715,0.05141318977119785,373.56823687752353,female,15-19,198,0.027250206440957887,0.0014010200350532858,0.0008361021007612469,2.278395485146255e-05
2019,E02005559,E07000146,7266,228441,191,3715,0.05141318977119785,373.56823687752353,male,15-19,212,0.02917698871456097,0.001500082057733821,0.0008361021007612469,2.439494155813162e-05
2019,E02003743,E07000010,11376,228441,180,5507,0.032685672780098055,371.83221354639545,female,15-19,314,0.02760196905766526,0.0009021889287052381,0.0007879496237540546,2.1748961133858397e-05
2019,E02003743,E07000010,11376,228441,180,5507,0.032685672780098055,371.83221354639545,male,15-19,351,0.030854430379746837,0.0010084978152087216,0.0007879496237540546,2.4311736808867193e-05
2019,E02005567,E07000146,11005,228441,321,5784,0.05549792531120332,610.7546680497925,female,15-19,236,0.021444797819173102,0.0011901417876823246,0.001405176829028064,3.0133732998693604e-05
2019,E02005567,E07000146,11005,228441,321,5784,0.05549792531120332,610.7546680497925,male,15-19,205,0.0186278964107224,0.001033809603707104,0.001405176829028064,2.6175488409882154e-05
2019,E02005551,E07000146,5246,228441,187,2808,0.06659544159544159,349.3596866096866,female,15-19,76,0.014487228364468167,0.0009647833704257646,0.0008185921091222679,1.185913082220594e-05
2019,E02005551,E07000146,5246,228441,187,2808,0.06659544159544159,349.3596866096866,male,15-19,99,0.01887152115897827,0.0012567572851598775,0.0008185921091222679,1.5448078307873527e-05
2019,E02005556,E07000146,7408,228441,229,3960,0.057828282828282826,428.39191919191916,female,15-19,185,0.024973002159827215,0.001444145831969806,0.0010024470213315473,2.5034111628825088e-05
2019,E02005556,E07000146,7408,228441,229,3960,0.057828282828282826,428.39191919191916,male,15-19,193,0.02605291576673866,0.0015065953814603922,0.0010024470213315473,2.6116667807368874e-05
2019,E02005553,E07000146,8632,228441,372,4706,0.07904802379940501,682.342541436464,female,15-19,126,0.014596848934198332,0.0011538520619468295,0.0016284292224250463,2.3769935359772457e-05
2019,E02005553,E07000146,8632,228441,372,4706,0.07904802379940501,682.342541436464,male,15-19,147,0.017029657089898054,0.0013461607389379676,0.0016284292224250463,2.7731591253067867e-05
2019,E02005565,E07000146,6996,228441,217,3487,0.062231144250071695,435.36908517350156,female,15-19,171,0.02444253859348199,0.0015210871450489223,0.0009499170464146103,2.3218384067595534e-05
2019,E02005565,E07000146,6996,228441,217,3487,0.062231144250071695,435.36908517350156,male,15-19,183,0.026157804459691254,0.0016278301025962152,0.0009499170464146103,2.484774435304084e-05
2019,E02005558,E07000146,7087,228441,210,3328,0.06310096153846154,447.1965144230769,female,15-19,182,0.02568082404402427,0.0016204846902779736,0.0009192745610463971,2.3607728250380172e-05
2019,E02005558,E07000146,7087,228441,210,3328,0.06310096153846154,447.1965144230769,male,15-19,195,0.027515168618597433,0.0017362335967264005,0.0009192745610463971,2.5293994553978757e-05
2019,E02005555,E07000146,6847,228441,224,3227,0.06941431670281996,475.27982646420827,female,15-19,167,0.024390243902439025,0.0016930321147029259,0.0009805595317828235,2.3916086141044475e-05
2019,E02005555,E07000146,6847,228441,224,3227,0.06941431670281996,475.27982646420827,male,15-19,178,0.025996786913976923,0.0018045492001025198,0.0009805595317828235,2.5491397204227043e-05
2019,E02005554,E07000146,6905,228441,253,3601,0.07025826159400167,485.13329630658154,female,15-19,148,0.021433743664011587,0.001505897569284902,0.0011075069711654214,2.3738020526065513e-05
2019,E02005554,E07000146,6905,228441,253,3601,0.07025826159400167,485.13329630658154,male,15-19,144,0.020854453294713974,0.0014651976349799043,0.0011075069711654214,2.3096452403739417e-05
2019,E02005557,E07000146,6655,228441,163,3372,0.04833926453143535,321.6978054567022,female,15-19,190,0.028549962434259956,0.0013800841864722339,0.0007135321592883939,2.0371316343320038e-05
2019,E02005557,E07000146,6655,228441,163,3372,0.04833926453143535,321.6978054567022,male,15-19,187,0.02809917355371901,0.0013582933835279355,0.0007135321592883939,2.004966398000446e-05
2019,E02005562,E07000146,7150,228441,311,3610,0.08614958448753463,615.9695290858725,female,15-19,172,0.024055944055944058,0.002072409584874959,0.0013614018499306167,3.274980673958966e-05
2019,E02005562,E07000146,7150,228441,311,3610,0.08614958448753463,615.9695290858725,male,15-19,131,0.01832167832167832,0.0015784049745268581,0.0013614018499306167,2.494316676096654e-05
2019,E02005573,E07000147,5874,228441,2012,2264,0.8886925795053003,5220.180212014134,female,15-19,187,0.031835205992509365,0.028291711332565743,0.008807525794406433,0.00028038939794926846
2019,E02005573,E07000147,5874,228441,2012,2264,0.8886925795053003,5220.180212014134,male,15-19,258,0.043922369765066395,0.03903348408450247,0.008807525794406433,0.0003868474046572795
2019,E02005577,E07000147,6084,228441,1798,2279,0.78894251864853,4799.926283457657,female,15-19,109,0.017915844838921762,0.014134571750935203,0.007870741241721057,0.00014101097885397686
2019,E02005577,E07000147,6084,228441,1798,2279,0.78894251864853,4799.926283457657,male,15-19,141,0.023175542406311637,0.018284170797081317,0.007870741241721057,0.00018240869741661226
2019,E02005467,E07000140,7563,228441,18,3426,0.005253940455341506,39.73555166374781,female,15-19,146,0.01930450879280709,0.00010142473971702499,7.879496237540546e-05,1.5210980440049183e-06
2019,E02005467,E07000140,7563,228441,18,3426,0.005253940455341506,39.73555166374781,male,15-19,192,0.025386751289170964,0.00013338047962786845,7.879496237540546e-05,2.000348112664002e-06
2019,E02005505,E07000143,7600,228441,2690,2978,0.9032907991940899,6865.010073875083,female,15-19,190,0.025,0.02258226997985225,0.011775469377213372,0.0002943867344303343
2019,E02005505,E07000143,7600,228441,2690,2978,0.9032907991940899,6865.010073875083,male,15-19,223,0.029342105263157895,0.026504453713195007,0.011775469377213372,0.0003455170619892871
2019,E02003732,E07000009,9888,228441,29,3720,0.0077956989247311825,77.08387096774193,female,15-19,211,0.021338996763754045,0.0001663523941260396,0.0001269474393825977,2.708930998152115e-06
2019,E02003732,E07000009,9888,228441,29,3720,0.0077956989247311825,77.08387096774193,male,15-19,268,0.027103559870550162,0.00021129119253923513,0.0001269474393825977,3.440727523719274e-06
2019,E02005503,E07000143,7420,228441,2545,2884,0.8824549237170597,6547.815533980583,female,15-19,143,0.019272237196765497,0.01700688060532878,0.011140732180300384,0.00021470683312438746
2019,E02005503,E07000143,7420,228441,2545,2884,0.8824549237170597,6547.815533980583,male,15-19,175,0.02358490566037736,0.020812616125402354,0.011140732180300384,0.00026275311745991474
2019,E02005609,E07000149,7526,228441,2582,2965,0.8708263069139967,6553.838785834739,female,15-19,143,0.019000797236247674,0.016546394085663236,0.01130269960296094,0.0002147603033780779
2019,E02005609,E07000149,7526,228441,2582,2965,0.8708263069139967,6553.838785834739,male,15-19,167,0.022189742226946585,0.01932341127486546,0.01130269960296094,0.00025080399065831473
2019,E02005610,E07000149,8162,228441,2505,3035,0.8253706754530478,6736.675453047776,female,15-19,203,0.024871355060034305,0.02052808712533309,0.010965632263910594,0.0002727301334934882
2019,E02005610,E07000149,8162,228441,2505,3035,0.8253706754530478,6736.675453047776,male,15-19,195,0.023891203136486155,0.01971909847014755,0.010965632263910594,0.00026198214793709455
2019,E02005532,E07000144,8282,228441,2878,3062,0.9399085564990203,7784.322664924886,female,15-19,163,0.01968123641632456,0.01849856251018357,0.012598438984245385,0.0002479528561255733
2019,E02005532,E07000144,8282,228441,2878,3062,0.9399085564990203,7784.322664924886,male,15-19,154,0.018594542381067374,0.01747716948814889,0.012598438984245385,0.00023426220762784222
2019,E02005605,E07000149,10777,228441,3610,3878,0.9308922124806601,10032.225373904073,female,15-19,241,0.022362438526491602,0.02081701987638852,0.01580276745417854,0.0003533884157425098
2019,E02005605,E07000149,10777,228441,3610,3878,0.9308922124806601,10032.225373904073,male,15-19,285,0.02644520738610003,0.02461763761315655,0.01580276745417854,0.0004179074626000635
2019,E02005515,E07000143,6424,228441,2077,2285,0.9089715536105033,5839.233260393873,female,15-19,150,0.023349937733499377,0.021224429178327443,0.009092063158539842,0.00021229910862094898
2019,E02005515,E07000143,6424,228441,2077,2285,0.9089715536105033,5839.233260393873,male,15-19,205,0.03191158156911582,0.029006719877047508,0.009092063158539842,0.000290142115115297
2019,E02005592,E07000148,9394,228441,2364,2555,0.9252446183953034,8691.74794520548,female,15-19,201,0.021396636150734512,0.019797122450229507,0.010348405058636585,0.00022142105778006745
2019,E02005592,E07000148,9394,228441,2364,2555,0.9252446183953034,8691.74794520548,male,15-19,216,0.02299340004258037,0.021274519648007827,0.010348405058636585,0.00023794501731589336
2019,E02006273,E07000245,6726,228441,75,2935,0.02555366269165247,171.8739352640545,female,15-19,154,0.02289622360987214,0.0005850823750393221,0.0003283123432308561,7.517112824494773e-06
2019,E02006273,E07000245,6726,228441,75,2935,0.02555366269165247,171.8739352640545,male,15-19,166,0.024680344930121913,0.0006306732094579705,0.0003283123432308561,8.102861875754105e-06
2019,E02005596,E07000148,9370,228441,3497,3688,0.9482104121475055,8884.731561822126,female,15-19,256,0.027321237993596585,0.025906282338288303,0.015308110190377384,0.00041823652174350165
2019,E02005596,E07000148,9370,228441,3497,3688,0.9482104121475055,8884.731561822126,male,15-19,274,0.029242262540021345,0.027727817815199198,0.015308110190377384,0.00044764377717859157
2019,E02005524,E07000144,5487,228441,1872,2021,0.9262741217219198,5082.466105888174,female,15-19,125,0.0227811190085657,0.021101561001501727,0.008194676087042168,0.00018668389117555513
2019,E02005524,E07000144,5487,228441,1872,2021,0.9262741217219198,5082.466105888174,male,15-19,109,0.019865135775469292,0.018400561193309507,0.008194676087042168,0.0001627883531050841
2019,E02005534,E07000144,7281,228441,2498,2697,0.9262143121987393,6743.766407119021,female,15-19,153,0.021013597033374538,0.019463094323088466,0.01093498977854238,0.00022978346877035907
2019,E02005534,E07000144,7281,228441,2498,2697,0.9262143121987393,6743.766407119021,male,15-19,178,0.024447191319873645,0.022643338493527756,0.01093498977854238,0.0002673297871968883
2019,E02005585,E07000148,11017,228441,3685,3934,0.9367056431113371,10319.6860701576,female,15-19,281,0.025506036125987112,0.023891647972613755,0.016131079797409395,0.0004114399040639049
2019,E02005585,E07000148,11017,228441,3685,3934,0.9367056431113371,10319.6860701576,male,15-19,325,0.029499863846782246,0.027632688936297046,0.016131079797409395,0.0004758646577251569
2019,E02005527,E07000144,8922,228441,2984,3250,0.9181538461538462,8191.768615384616,female,15-19,203,0.02275274602107151,0.020890521269808428,0.013062453762678328,0.0002972066928742099
2019,E02005527,E07000144,8922,228441,2984,3250,0.9181538461538462,8191.768615384616,male,15-19,229,0.025666890831652096,0.023566154535892263,0.013062453762678328,0.0003352725747201678
2019,E02005584,E07000148,10955,228441,3703,3961,0.9348649330977026,10241.445342085332,female,15-19,261,0.023824737562756732,0.022272911687676894,0.016209874759784804,0.00038619601207702726
2019,E02005584,E07000148,10955,228441,3703,3961,0.9348649330977026,10241.445342085332,male,15-19,315,0.02875399361022364,0.026881100312713492,0.016209874759784804,0.0004660986352653777
2019,E02005590,E07000148,11086,228441,3673,3972,0.92472306143001,10251.479859013092,female,15-19,232,0.020927295688255458,0.019351952936294638,0.01607854982249246,0.00033648056637364704
2019,E02005590,E07000148,11086,228441,3673,3972,0.92472306143001,10251.479859013092,male,15-19,196,0.01767995670214685,0.01634906368755926,0.01607854982249246,0.00028426806469497763
2019,E02005607,E07000149,11561,228441,3943,4219,0.9345816544204788,10804.698506755156,female,15-19,272,0.0235273765245221,0.021988254476461397,0.01726047425812354,0.00040609367686269377
2019,E02005607,E07000149,11561,228441,3943,4219,0.9345816544204788,10804.698506755156,male,15-19,319,0.02759276879162702,0.025787695507320536,0.01726047425812354,0.00047626427543823283
2019,E02005601,E07000149,5673,228441,2051,2209,0.9284744228157538,5267.235400633771,female,15-19,118,0.020800282037722547,0.019312529859379333,0.008978248212886479,0.0001867500950327172
2019,E02005601,E07000149,5673,228441,2051,2209,0.9284744228157538,5267.235400633771,male,15-19,177,0.03120042305658382,0.028968794789068997,0.008978248212886479,0.0002801251425490758
2019,E02005516,E07000143,6908,228441,1676,2829,0.592435489572287,4092.5443619653583,female,15-19,139,0.020121598147075852,0.011920748849239705,0.007336686496732198,0.00014762585741832302
2019,E02005516,E07000143,6908,228441,1676,2829,0.592435489572287,4092.5443619653583,male,15-19,127,0.01838448176027794,0.010891619452183041,0.007336686496732198,0.00013488117908005054
2019,E02005465,E07000140,8563,228441,11,3284,0.0033495736906211937,28.68239951278928,female,15-19,182,0.021254233329440618,7.119262077461839e-05,4.815247700719223e-05,1.0234439817013882e-06
2019,E02005465,E07000140,8563,228441,11,3284,0.0033495736906211937,28.68239951278928,male,15-19,207,0.02417377087469345,8.097182692497806e-05,4.815247700719223e-05,1.1640269462208095e-06
2019,E02005588,E07000148,12054,228441,3867,4106,0.9417924987822699,11352.366780321481,female,15-19,377,0.031275925004148,0.029455431561383416,0.016927784416982943,0.0005294321159119436
2019,E02005588,E07000148,12054,228441,3867,4106,0.9417924987822699,11352.366780321481,male,15-19,361,0.029948564791770365,0.028205333670184123,0.016927784416982943,0.0005069628483931344
2019,E02005523,E07000144,8470,228441,2828,3036,0.9314888010540184,7889.710144927536,female,15-19,233,0.027508854781582055,0.02562419015886497,0.012379564088758148,0.00034054763077693607
2019,E02005523,E07000144,8470,228441,2828,3036,0.9314888010540184,7889.710144927536,male,15-19,233,0.027508854781582055,0.02562419015886497,0.012379564088758148,0.00034054763077693607
2019,E02006241,E07000245,9054,228441,39,3755,0.010386151797603195,94.03621837549933,female,15-19,227,0.02507179147338193,0.0002603994320803982,0.00017072241848004518,4.280316875963138e-06
2019,E02006241,E07000245,9054,228441,39,3755,0.010386151797603195,94.03621837549933,male,15-19,230,0.025403136735144688,0.00026384083426648277,0.00017072241848004518,4.33688494040318e-06
2019,E02005598,E07000149,9977,228441,3359,3607,0.9312448017743277,9291.029387302468,female,15-19,231,0.023153252480705624,0.021561346016825668,0.014704015478832608,0.000340445782861615
2019,E02005598,E07000149,9977,228441,3359,3607,0.9312448017743277,9291.029387302468,male,15-19,288,0.0288663927032174,0.026881678150847584,0.014704015478832608,0.0004244518851261693
2019,E02005576,E07000147,6730,228441,2567,2849,0.901017901017901,6063.8504738504735,female,15-19,113,0.016790490341753343,0.015128532364787936,0.011237037134314768,0.00018867536347363576
2019,E02005576,E07000147,6730,228441,2567,2849,0.901017901017901,6063.8504738504735,male,15-19,124,0.018424962852897474,0.01660122135605048,0.011237037134314768,0.00020704199177637908
2019,E02005525,E07000144,10164,228441,3168,3381,0.9370008873114463,9523.67701863354,female,15-19,249,0.024498229043683588,0.022954862351490565,0.013867913378071361,0.000339739318293956
2019,E02005525,E07000144,10164,228441,3168,3381,0.9370008873114463,9523.67701863354,male,15-19,306,0.03010625737898465,0.028209589877735395,0.013867913378071361,0.00041751096946968086
2019,E02003738,E07000009,6280,228441,13,2354,0.0055225148683092605,34.68139337298216,female,15-19,169,0.026910828025477708,0.0001486154478892142,5.690747282668173e-05,1.5314272146033777e-06
2019,E02003738,E07000009,6280,228441,13,2354,0.0055225148683092605,34.68139337298216,male,15-19,150,0.02388535031847134,0.0001319072022685333,5.690747282668173e-05,1.3592549242041815e-06
2019,E02005603,E07000149,11652,228441,3684,3943,0.9343139741313721,10886.626426578747,female,15-19,336,0.028836251287332648,0.02694211253931866,0.01612670229949965,0.00046503363994437717
2019,E02005603,E07000149,11652,228441,3684,3943,0.9343139741313721,10886.626426578747,male,15-19,330,0.02832131822863028,0.026461003386830828,0.01612670229949965,0.0004567294678025133
2019,E02005600,E07000149,6635,228441,2020,2210,0.9140271493212669,6064.570135746606,female,15-19,341,0.05139412207987943,0.04697562289654138,0.008842545777684391,0.000454454877195234
2019,E02005600,E07000149,6635,228441,2020,2210,0.9140271493212669,6064.570135746606,male,15-19,331,0.04988696307460437,0.04559803864737594,0.008842545777684391,0.00044112775469684
2019,E02005513,E07000143,9953,228441,3432,3696,0.9285714285714286,9242.07142857143,female,15-19,260,0.026122777052145083,0.02425686440556329,0.015023572826243975,0.00039245744346663654
2019,E02005513,E07000143,9953,228441,3432,3696,0.9285714285714286,9242.07142857143,male,15-19,243,0.02441474932181252,0.02267083865596877,0.015023572826243975,0.0003667967644707411
2019,E02006238,E07000245,9785,228441,133,4511,0.029483484814896918,288.4958989137663,female,15-19,182,0.018599897802759325,0.0005483898044262891,0.0005822072219960515,1.0828994829154968e-05
2019,E02006238,E07000245,9785,228441,133,4511,0.029483484814896918,288.4958989137663,male,15-19,200,0.020439448134900357,0.0006026261587102078,0.0005822072219960515,1.1899994317752712e-05
2019,E02005572,E07000147,7738,228441,3064,3314,0.9245624622812312,7154.264333132167,female,15-19,144,0.018609459808736108,0.017205607982488665,0.013412653595457909,0.0002496022380131738
2019,E02005572,E07000147,7738,228441,3064,3314,0.9245624622812312,7154.264333132167,male,15-19,162,0.02093564228482812,0.019356308980299747,0.013412653595457909,0.0002808025177648205
2019,E02005518,E07000143,11391,228441,609,4444,0.13703870387038705,1561.007875787579,female,15-19,244,0.021420419629532086,0.0029354265423908736,0.0026658962270345514,5.710461587186643e-05
2019,E02005518,E07000143,11391,228441,609,4444,0.13703870387038705,1561.007875787579,male,15-19,286,0.025107541041172857,0.0034407048816548764,0.0026658962270345514,6.693409893177787e-05
2019,E02005574,E07000147,7117,228441,2517,2774,0.9073540014419611,6457.638428262437,female,15-19,122,0.017142054236335535,0.015553911504274168,0.01101816223882753,0.0001888739346827257
2019,E02005574,E07000147,7117,228441,2517,2774,0.9073540014419611,6457.638428262437,male,15-19,120,0.016861036953772657,0.015298929348466396,0.01101816223882753,0.00018577764067153346
2019,E02005570,E07000147,7365,228441,2562,2824,0.9072237960339944,6681.703257790368,female,15-19,137,0.018601493550577053,0.01687571759085638,0.011215149644766045,0.00020861853378587213
2019,E02005570,E07000147,7365,228441,2562,2824,0.9072237960339944,6681.703257790368,male,15-19,154,0.02090970807875085,0.018969784737167025,0.011215149644766045,0.0002345055051315643
2019,E02005521,E07000144,8781,228441,2751,2985,0.9216080402010051,8092.640201005025,female,15-19,222,0.02528185855825077,0.023299964118508498,0.012042496749707803,0.0003044566995143073
2019,E02005521,E07000144,8781,228441,2751,2985,0.9216080402010051,8092.640201005025,male,15-19,256,0.029153854914018906,0.026868427091613405,0.012042496749707803,0.0003510852030435255
2019,E02003746,E07000010,7756,228441,12,3266,0.003674219228413962,28.49724433557869,female,15-19,213,0.027462609592573493,0.00010090364822745925,5.252997491693698e-05,1.4426101930515184e-06
2019,E02003746,E07000010,7756,228441,12,3266,0.003674219228413962,28.49724433557869,male,15-19,196,0.02527075812274368,9.285030541118315e-05,5.252997491693698e-05,1.327472290319707e-06
2019,E02003751,E07000010,7027,228441,8,3191,0.0025070510811657787,17.617047947351928,female,15-19,189,0.026896257293297282,6.743029092647391e-05,3.501998327795798e-05,9.419064806509262e-07
2019,E02003751,E07000010,7027,228441,8,3191,0.0025070510811657787,17.617047947351928,male,15-19,192,0.02732318201223851,6.850061300467191e-05,3.501998327795798e-05,9.56857377169195e-07
2019,E02005575,E07000147,7169,228441,2376,2621,0.9065242273941244,6498.872186188478,female,15-19,170,0.02371320965267122,0.021496599059422673,0.010400935033553521,0.0002466395530344676
2019,E02005575,E07000147,7169,228441,2376,2621,0.9065242273941244,6498.872186188478,male,15-19,200,0.027897893709024967,0.025290116540497263,0.010400935033553521,0.00029016418004055016
2019,E02005468,E07000140,7623,228441,12,2918,0.00411240575736806,31.348869088416723,female,15-19,195,0.02558048012593467,0.00010519731374613299,5.252997491693698e-05,1.3437419793785533e-06
2019,E02005468,E07000140,7623,228441,12,2918,0.00411240575736806,31.348869088416723,male,15-19,185,0.024268660632296997,9.980257970786975e-05,5.252997491693698e-05,1.2748321342822171e-06
2019,E02003750,E07000010,7481,228441,9,3479,0.0025869502730669733,19.352974992814026,female,15-19,172,0.02299157866595375,5.947807070812985e-05,3.939748118770273e-05,9.058102879675002e-07
2019,E02003750,E07000010,7481,228441,9,3479,0.0025869502730669733,19.352974992814026,male,15-19,203,0.02713540970458495,7.019795554506022e-05,3.939748118770273e-05,1.0690667933569916e-06
2019,E02005508,E07000143,7007,228441,2441,2632,0.9274316109422492,6498.51329787234,female,15-19,140,0.01998001998001998,0.018530102116728255,0.01068547239768693,0.00021349595200173687
2019,E02005508,E07000143,7007,228441,2441,2632,0.9274316109422492,6498.51329787234,male,15-19,147,0.02097902097902098,0.01945660722256467,0.01068547239768693,0.00022417074960182372
2019,E02003753,E07000011,11314,228441,11,3948,0.002786220871327254,31.523302938196554,female,15-19,305,0.02695775145837016,7.511024975736367e-05,4.815247700719223e-05,1.298082507264772e-06
2019,E02003753,E07000011,11314,228441,11,3948,0.002786220871327254,31.523302938196554,male,15-19,317,0.028018384302633904,7.80654071248665e-05,4.815247700719223e-05,1.3491546059112549e-06
2019,E02005599,E07000149,6569,228441,2263,2427,0.9324268644416975,6125.1120725175115,female,15-19,127,0.019333231846551988,0.01802682475020484,0.009906277769752366,0.00019152036485896643
2019,E02005599,E07000149,6569,228441,2263,2427,0.9324268644416975,6125.1120725175115,male,15-19,179,0.027249200791596893,0.025407886852650913,0.009906277769752366,0.00026993815204531487
2019,E02003245,E06000031,7836,228441,8,2848,0.0028089887640449437,22.01123595505618,female,15-19,227,0.028968861664114345,8.13732069216695e-05,3.501998327795798e-05,1.0144890510587625e-06
2019,E02003245,E06000031,7836,228441,8,2848,0.0028089887640449437,22.01123595505618,male,15-19,290,0.037008677896886166,0.0001039569603845117,3.501998327795798e-05,1.2960432810882868e-06
2019,E02005526,E07000144,5348,228441,1968,2102,0.9362511893434824,5007.071360608944,female,15-19,134,0.02505609573672401,0.023458799433812013,0.008614915886377665,0.00021585615721290334
2019,E02005526,E07000144,5348,228441,1968,2102,0.9362511893434824,5007.071360608944,male,15-19,139,0.025991024682124157,0.02433412777089455,0.008614915886377665,0.00022391049143726538
2019,E02005528,E07000144,8597,228441,2743,2924,0.9380984952120383,8064.832763337893,female,15-19,186,0.021635454228219147,0.02029618705472131,0.012007476766429845,0.00025978721397649775
2019,E02005528,E07000144,8597,228441,2743,2924,0.9380984952120383,8064.832763337893,male,15-19,206,0.023961847155984647,0.022478572759530056,0.012007476766429845,0.0002877213230062287
2019,E02005530,E07000144,5483,228441,2031,2157,0.9415855354659249,5162.713490959666,female,15-19,130,0.02370964800291811,0.022324661610536246,0.008890698254691583,0.0002107953261188958
2019,E02005530,E07000144,5483,228441,2031,2157,0.9415855354659249,5162.713490959666,male,15-19,120,0.021885828925770564,0.020607379948187305,0.008890698254691583,0.00019458030103282692
2019,E02005581,E07000147,8362,228441,2689,2942,0.9140040788579198,7642.9021074099255,female,15-19,133,0.01590528581679024,0.0145374961119473,0.011771091879303627,0.00018722258071602276
2019,E02005581,E07000147,8362,228441,2689,2942,0.9140040788579198,7642.9021074099255,male,15-19,124,0.014828988280315715,0.013553755773544852,0.011771091879303627,0.00017455338352471297
2019,E02006274,E07000245,6820,228441,80,2816,0.028409090909090908,193.75,female,15-19,165,0.024193548387096774,0.0006873167155425219,0.0003501998327795799,8.472576599505964e-06
2019,E02006274,E07000245,6820,228441,80,2816,0.028409090909090908,193.75,male,15-19,215,0.03152492668621701,0.000895594508131165,0.0003501998327795799,1.104002405390171e-05
2019,E02005586,E07000148,9889,228441,3031,3232,0.937809405940594,9273.997215346535,female,15-19,196,0.019820002022449185,0.01858738432241444,0.013268196164436332,0.0002629756748133806
2019,E02005586,E07000148,9889,228441,3031,3232,0.937809405940594,9273.997215346535,male,15-19,218,0.022044696127009808,0.020673723379011983,0.013268196164436332,0.000292493352598556
2019,E02006908,E07000148,5715,228441,1741,1868,0.9320128479657388,5326.453426124197,female,15-19,82,0.014348206474190725,0.01337271277921095,0.007621223860865606,0.00010935089354172873
2019,E02006908,E07000148,5715,228441,1741,1868,0.9320128479657388,5326.453426124197,male,15-19,100,0.017497812773403325,0.016308186316110918,0.007621223860865606,0.0001333547482216204
2019,E02006281,E07000245,8800,228441,31,4082,0.007594316511513963,66.82998530132288,female,15-19,178,0.020227272727272726,0.00015361231125562335,0.0001357024352020872,2.7448901665876726e-06
2019,E02006281,E07000245,8800,228441,31,4082,0.007594316511513963,66.82998530132288,male,15-19,166,0.018863636363636364,0.00014325642510355885,0.0001357024352020872,2.5598413913120994e-06
2019,E02006316,E07000244,7206,228441,1008,3252,0.30996309963099633,2233.5940959409595,female,15-19,153,0.021232306411323898,0.006581231507569032,0.0044125178930227065,9.368793195010743e-05
2019,E02006316,E07000244,7206,228441,1008,3252,0.30996309963099633,2233.5940959409595,male,15-19,142,0.019705800721620873,0.00610807107238433,0.0044125178930227065,8.695219828049187e-05
2019,E02006307,E07000244,7303,228441,507,3269,0.15509330070357907,1132.646375038238,female,15-19,174,0.02382582500342325,0.003695225841766775,0.0022193914402405873,5.287883206926772e-05
2019,E02006307,E07000244,7303,228441,507,3269,0.15509330070357907,1132.646375038238,male,15-19,181,0.024784335204710392,0.00384388435264245,0.0022193914402405873,5.5006141405387686e-05
2019,E02006302,E07000244,6742,228441,476,3081,0.15449529373580007,1041.607270366764,female,15-19,151,0.022396914862058737,0.0034602179403894705,0.0020836890050385,4.6668205244855163e-05
2019,E02006302,E07000244,6742,228441,476,3081,0.15449529373580007,1041.607270366764,male,15-19,140,0.020765351527736578,0.0032081490838048073,0.0020836890050385,4.326853466410413e-05
2019,E02006907,E07000148,6796,228441,1842,1988,0.9265593561368209,6296.897384305835,female,15-19,95,0.013978811065332549,0.012952198180252795,0.008063351149749825,0.00011271606227578479
2019,E02006907,E07000148,6796,228441,1842,1988,0.9265593561368209,6296.897384305835,male,15-19,104,0.015303119482048263,0.01417924853417148,0.008063351149749825,0.0001233944260703328
2019,E02006304,E07000244,7774,228441,519,3641,0.14254325734688272,1108.1312826146664,female,15-19,140,0.018008747105737074,0.0025670254731880093,0.0022719214151575243,4.091445820968014e-05
2019,E02006304,E07000244,7774,228441,519,3641,0.14254325734688272,1108.1312826146664,male,15-19,181,0.02328273732956007,0.003318797218907354,0.0022719214151575243,5.289654954251504e-05
2019,E02006309,E07000244,6899,228441,465,3371,0.1379412637199644,951.6567784040344,female,15-19,164,0.023771561095810988,0.0032790791781525095,0.002035536528031308,4.8387880938851214e-05
2019,E02006309,E07000244,6899,228441,465,3371,0.1379412637199644,951.6567784040344,male,15-19,184,0.02667053196115379,0.0036789668828052543,0.002035536528031308,5.428884202895502e-05
2019,E02006825,E07000009,6602,228441,13,2349,0.005534269902085994,36.53724989357173,female,15-19,144,0.02181157225083308,0.00012071112782495958,5.690747282668173e-05,1.2412414551714888e-06
2019,E02006825,E07000009,6602,228441,13,2349,0.005534269902085994,36.53724989357173,male,15-19,164,0.024840957285671008,0.00013747656224509286,5.690747282668173e-05,1.4136361017230844e-06
2019,E02005608,E07000149,7756,228441,2353,3208,0.7334788029925187,5688.861596009975,female,15-19,174,0.022434244455905104,0.016455042769558823,0.010300252581629392,0.00023107838437384142
2019,E02005608,E07000149,7756,228441,2353,3208,0.7334788029925187,5688.861596009975,male,15-19,206,0.026560082516761216,0.019481257531776538,0.010300252581629392,0.0002735755585115594
2019,E02005587,E07000148,9985,228441,3668,3934,0.9323843416370107,9309.857651245551,female,15-19,265,0.026539809714571858,0.02474530300789262,0.016056662332943734,0.00042614076296746013
2019,E02005587,E07000148,9985,228441,3668,3934,0.9323843416370107,9309.857651245551,male,15-19,281,0.02814221331997997,0.026239359038557834,0.016056662332943734,0.0004518700165805898
2019,E02006308,E07000244,7736,228441,477,3755,0.12703062583222371,982.7089214380827,female,15-19,192,0.02481902792140641,0.003152776649403691,0.0020880665029482447,5.182378083842592e-05
2019,E02006308,E07000244,7736,228441,477,3755,0.12703062583222371,982.7089214380827,male,15-19,208,0.02688728024819028,0.003415508036853999,0.0020880665029482447,5.614242924162809e-05
2019,E02006305,E07000244,10024,228441,525,4350,0.1206896551724138,1209.7931034482758,female,15-19,280,0.027932960893854747,0.0033712194182238487,0.002298186402615993,6.419515091106125e-05
2019,E02006305,E07000244,10024,228441,525,4350,0.1206896551724138,1209.7931034482758,male,15-19,263,0.026237031125299282,0.0031665382392602583,0.002298186402615993,6.029758817717539e-05
2019,E02006314,E07000244,7383,228441,1607,3302,0.4866747425802544,3593.119624470018,female,15-19,179,0.02424488690234322,0.011799374092085268,0.00703463914095981,0.00017055403037136748
2019,E02006314,E07000244,7383,228441,1607,3302,0.4866747425802544,3593.119624470018,male,15-19,177,0.023973994311255586,0.011667537510050795,0.00703463914095981,0.00016864839874710638
2019,E02006279,E07000245,8825,228441,36,4024,0.008946322067594433,78.95129224652088,female,15-19,217,0.024589235127478754,0.00021998321684623138,0.00015758992475081092,3.8750157134193735e-06
2019,E02006279,E07000245,8825,228441,36,4024,0.008946322067594433,78.95129224652088,male,15-19,206,0.023342776203966006,0.0002088319938724593,0.00015758992475081092,3.6785863454580226e-06
2019,E02006315,E07000244,5848,228441,517,2641,0.19575918212798182,1144.7996970844376,female,15-19,145,0.02479480164158687,0.004853810090382587,0.002263166419338035,5.6114762449386984e-05
2019,E02006315,E07000244,5848,228441,517,2641,0.19575918212798182,1144.7996970844376,male,15-19,151,0.025820793433652532,0.005054657404467383,0.002263166419338035,5.8436752619706446e-05
2019,E02006276,E07000245,6874,228441,26,2902,0.00895933838731909,61.586492074431426,female,15-19,148,0.021530404422461447,0.00019289817883666357,0.00011381494565336345,2.4504818092373857e-06
2019,E02006276,E07000245,6874,228441,26,2902,0.00895933838731909,61.586492074431426,male,15-19,159,0.02313063718359034,0.00020723520564209128,0.00011381494565336345,2.6326122139780026e-06
2019,E02006278,E07000245,8793,228441,28,3456,0.008101851851851851,71.23958333333333,female,15-19,221,0.025133629023086548,0.00020362893884445118,0.00012256994147285294,3.080627438360116e-06
2019,E02006278,E07000245,8793,228441,28,3456,0.008101851851851851,71.23958333333333,male,15-19,218,0.02479244853861026,0.00020086474510448124,0.00012256994147285294,3.038808966346178e-06
2019,E02006277,E07000245,7994,228441,17,2787,0.006099748833871547,48.76139217796914,female,15-19,201,0.025143857893420066,0.00015337121786442094,7.441746446566072e-05,1.8711421513132104e-06
2019,E02006277,E07000245,7994,228441,17,2787,0.006099748833871547,48.76139217796914,male,15-19,228,0.02852139104328246,0.00017397332175665657,7.441746446566072e-05,2.1224896044746866e-06
2019,E02006275,E07000245,7142,228441,24,3181,0.007544797233574348,53.88494184218799,female,15-19,218,0.030523662839540746,0.00023029484695032314,0.00010505994983387396,3.2068144866682334e-06
2019,E02006275,E07000245,7142,228441,24,3181,0.007544797233574348,53.88494184218799,male,15-19,253,0.035424250910109215,0.00026726879026803556,0.00010505994983387396,3.721670023518638e-06
2019,E02005550,E07000145,7234,228441,448,3415,0.13118594436310396,948.999121522694,female,15-19,150,0.020735416090682888,0.002720195141618136,0.001961119063565647,4.066461978640407e-05
2019,E02005550,E07000145,7234,228441,448,3415,0.13118594436310396,948.999121522694,male,15-19,191,0.026403096488802874,0.0034637151469937596,0.001961119063565647,5.1779615861354515e-05
2019,E02003758,E07000011,9606,228441,8,3798,0.00210637177461822,20.23380726698262,female,15-19,247,0.02571309598167812,5.416133961385596e-05,3.501998327795798e-05,9.004721913028964e-07
2019,E02003758,E07000011,9606,228441,8,3798,0.00210637177461822,20.23380726698262,male,15-19,251,0.02612950239433687,5.5038446328250384e-05,3.501998327795798e-05,9.150547369110403e-07
2019,E02003775,E07000012,6886,228441,8,2586,0.0030935808197989174,21.302397525135344,female,15-19,201,0.029189660180075516,9.030057286952983e-05,3.501998327795798e-05,1.0222214113955205e-06
2019,E02003775,E07000012,6886,228441,8,2586,0.0030935808197989174,21.302397525135344,male,15-19,173,0.02512343886145803,7.772138858919732e-05,3.501998327795798e-05,8.798224088130599e-07
2019,E02005531,E07000144,5447,228441,1858,1969,0.9436262061960387,5139.931945149822,female,15-19,149,0.027354507068110885,0.0258124297270442,0.008133391116305741,0.00022248490477869568
2019,E02005531,E07000144,5447,228441,1858,1969,0.9436262061960387,5139.931945149822,male,15-19,120,0.022030475491096015,0.020788534008357746,0.008133391116305741,0.0001791824736472717
2019,E02005536,E07000144,6216,228441,2430,2679,0.9070548712206047,5638.253079507279,female,15-19,147,0.02364864864864865,0.021450621954541328,0.010637319920679738,0.00025155824136742624
2019,E02005536,E07000144,6216,228441,2430,2679,0.9070548712206047,5638.253079507279,male,15-19,138,0.0222007722007722,0.02013731856956941,0.010637319920679738,0.0002361567163857471
2019,E02005582,E07000147,6991,228441,2342,3094,0.7569489334195216,5291.8299935358755,female,15-19,150,0.02145615791732227,0.016241215850797918,0.0102521001046222,0.00021997067882897008
2019,E02005582,E07000147,6991,228441,2342,3094,0.7569489334195216,5291.8299935358755,male,15-19,140,0.020025747389500786,0.01515846812741139,0.0102521001046222,0.00020530596690703876
2019,E02005522,E07000144,5534,228441,1858,1985,0.9360201511335012,5179.935516372796,female,15-19,127,0.022949042284062162,0.021480766027096976,0.008133391116305741,0.000186653536640916
2019,E02005522,E07000144,5534,228441,1858,1985,0.9360201511335012,5179.935516372796,male,15-19,128,0.023129743404409108,0.021649905917074115,0.008133391116305741,0.00018812324952785235
2019,E02005549,E07000145,5270,228441,397,2637,0.15054986727341677,793.3978005309064,female,15-19,88,0.01669829222011385,0.002513925677430868,0.001737866670168665,2.901940549807258e-05
2019,E02005549,E07000145,5270,228441,397,2637,0.15054986727341677,793.3978005309064,male,15-19,130,0.024667931688804556,0.0037137538416592373,0.001737866670168665,4.2869576303970866e-05
2019,E02005606,E07000149,5848,228441,1025,2229,0.4598474652310453,2689.187976671153,female,15-19,164,0.0280437756497948,0.01289585914806625,0.004486935357488367,0.0001258306085205356
2019,E02005606,E07000149,5848,228441,1025,2229,0.4598474652310453,2689.187976671153,male,15-19,142,0.024281805745554035,0.011165926823325656,0.004486935357488367,0.00010895089274339058
2019,E02005529,E07000144,5904,228441,2426,2537,0.9562475364603863,5645.685455262121,female,15-19,111,0.018800813008130083,0.017978231122476776,0.010619809929040758,0.0001996610606577785
2019,E02005529,E07000144,5904,228441,2426,2537,0.9562475364603863,5645.685455262121,male,15-19,118,0.019986449864498646,0.01911199344551585,0.010619809929040758,0.00021225229871727803
2019,E02006310,E07000244,8522,228441,490,3371,0.14535746069415603,1238.7362800355977,female,15-19,236,0.027693029805210045,0.004025388491412911,0.0021449739757749267,5.9400828242534934e-05
2019,E02006310,E07000244,8522,228441,490,3371,0.14535746069415603,1238.7362800355977,male,15-19,230,0.02698896972541657,0.003923048106038006,0.0021449739757749267,5.7890637693995905e-05
2019,E02005541,E07000145,5924,228441,391,2884,0.1355755894590846,803.1497919556172,female,15-19,195,0.03291694800810263,0.004462734629392555,0.0017116016827101964,5.6340703600352513e-05
2019,E02005541,E07000145,5924,228441,391,2884,0.1355755894590846,803.1497919556172,male,15-19,151,0.02548953409858204,0.003455758610452697,0.0017116016827101964,4.3627929454631947e-05
2019,E02005537,E07000144,6050,228441,1455,2548,0.5710361067503925,3454.768445839875,female,15-19,129,0.021322314049586778,0.012175811201785229,0.0063692594586786085,0.00013580735044124636
2019,E02005537,E07000144,6050,228441,1455,2548,0.5710361067503925,3454.768445839875,male,15-19,161,0.026611570247933883,0.015196167468894742,0.0063692594586786085,0.00016949599551194312
2019,E02005546,E07000145,7892,228441,496,3877,0.12793396956409595,1009.6548877998453,female,15-19,204,0.025848960973137353,0.003306960186400858,0.002171238963233395,5.612427122397524e-05
2019,E02005546,E07000145,7892,228441,496,3877,0.12793396956409595,1009.6548877998453,male,15-19,217,0.027496198682209833,0.0035176978453381677,0.002171238963233395,5.9700817919620726e-05
2019,E02005543,E07000145,9707,228441,592,4599,0.12872363557295063,1249.5203305066318,female,15-19,268,0.02760894200061811,0.0035539233886422964,0.0025914787625688908,7.154798685159809e-05
2019,E02005543,E07000145,9707,228441,592,4599,0.12872363557295063,1249.5203305066318,male,15-19,306,0.03152364273204904,0.004057837898972174,0.0025914787625688908,8.169285065891424e-05
2019,E02005484,E07000141,7211,228441,9,2876,0.003129346314325452,22.565716272600834,female,15-19,159,0.022049646373595896,6.900097961139188e-05,3.939748118770273e-05,8.68700528199242e-07
2019,E02005484,E07000141,7211,228441,9,2876,0.003129346314325452,22.565716272600834,male,15-19,163,0.022604354458466234,7.07368533123074e-05,3.939748118770273e-05,8.905546295375877e-07
2019,E02005539,E07000145,7534,228441,806,3487,0.23114425007169487,1741.440780040149,female,15-19,178,0.023626227767454207,0.005461066699331257,0.003528263315254267,8.33595527097504e-05
2019,E02005539,E07000145,7534,228441,806,3487,0.23114425007169487,1741.440780040149,male,15-19,166,0.022033448367401114,0.00509290489937634,0.003528263315254267,7.773980758325036e-05
2019,E02005545,E07000145,6351,228441,437,2936,0.14884196185286103,945.2952997275204,female,15-19,146,0.022988505747126436,0.0034216542954680694,0.001912966586558455,4.397624336915988e-05
2019,E02005545,E07000145,6351,228441,437,2936,0.14884196185286103,945.2952997275204,male,15-19,178,0.02802708234923634,0.00417160592187203,0.001912966586558455,5.361487205281136e-05
2019,E02005533,E07000144,8917,228441,2992,3481,0.8595231255386383,7664.367710428038,female,15-19,223,0.025008410900527082,0.021495307501975588,0.013097473745956286,0.0003275470051977405
2019,E02005533,E07000144,8917,228441,2992,3481,0.8595231255386383,7664.367710428038,male,15-19,211,0.02366266681619379,0.020338609340434303,0.013097473745956286,0.00030992115738440916
2019,E02005583,E07000147,8736,228441,3117,4005,0.7782771535580524,6799.029213483145,female,15-19,154,0.017628205128205128,0.013719629309516949,0.01364466098467438,0.00024053088274265732
2019,E02005583,E07000147,8736,228441,3117,4005,0.7782771535580524,6799.029213483145,male,15-19,168,0.019230769230769232,0.014966868337654855,0.01364466098467438,0.0002623973266283535
2019,E02003785,E07000012,9173,228441,8,3105,0.0025764895330112722,23.6341384863124,female,15-19,211,0.023002289327373814,5.926515768727553e-05,3.501998327795798e-05,8.055397875993823e-07
2019,E02003785,E07000012,9173,228441,8,3105,0.0025764895330112722,23.6341384863124,male,15-19,214,0.023329336095061593,6.010779026102826e-05,3.501998327795798e-05,8.169929599349186e-07
2019,E02003254,E06000031,8600,228441,8,3068,0.002607561929595828,22.42503259452412,female,15-19,183,0.02127906976744186,5.5486492222794944e-05,3.501998327795798e-05,7.451926674263152e-07
2019,E02003254,E06000031,8600,228441,8,3068,0.002607561929595828,22.42503259452412,male,15-19,214,0.02488372093023256,6.48858433643613e-05,3.501998327795798e-05,8.714274908701173e-07
2019,E02003726,E07000008,8442,228441,9,2085,0.004316546762589928,36.44028776978417,female,15-19,458,0.054252546789860225,0.00023418365520802974,3.939748118770273e-05,2.1374136915384803e-06
2019,E02003726,E07000008,8442,228441,9,2085,0.004316546762589928,36.44028776978417,male,15-19,375,0.04442075337597726,0.00019174425917688025,3.939748118770273e-05,1.7500657954736465e-06
2019,E02005544,E07000145,7497,228441,439,3315,0.13242835595776772,992.8153846153846,female,15-19,221,0.02947845804988662,0.003903783735716509,0.0019217215823779444,5.664938904968997e-05
2019,E02005544,E07000145,7497,228441,439,3315,0.13242835595776772,992.8153846153846,male,15-19,231,0.03081232492997199,0.0040804255337127315,0.0019217215823779444,5.9212709821169156e-05
2019,E02005446,E07000138,10958,228441,11,1999,0.005502751375687844,60.29914957478739,female,15-19,1298,0.11845227231246577,0.0006518134044207722,4.815247700719223e-05,5.703770318975681e-06
2019,E02005446,E07000138,10958,228441,11,1999,0.005502751375687844,60.29914957478739,male,15-19,1035,0.09445154225223582,0.0005197433540643291,4.815247700719223e-05,4.548075716594631e-06
2019,E02005593,E07000148,12414,228441,2398,2647,0.9059312429165093,11246.230449565546,female,20-24,1926,0.15514741420976316,0.14055288979033323,0.010497239987567906,0.001628619640410487
2019,E02005593,E07000148,12414,228441,2398,2647,0.9059312429165093,11246.230449565546,male,20-24,1621,0.13057837924923474,0.11829503341128256,0.010497239987567906,0.0013707125841668742
2019,E02006287,E07000244,6179,228441,545,2715,0.2007366482504604,1240.3517495395947,female,20-24,68,0.011005016993040946,0.0022091102251223997,0.0023857363608108875,2.6255069191639484e-05
2019,E02006287,E07000244,6179,228441,545,2715,0.2007366482504604,1240.3517495395947,male,20-24,92,0.014889140637643631,0.002988796186930305,0.0023857363608108875,3.5521564200453414e-05
2019,E02006233,E07000200,11790,228441,40,5050,0.007920792079207921,93.38613861386139,female,20-24,305,0.02586938083121289,0.00020490598678188428,0.00017509991638978994,4.529726420601012e-06
2019,E02006233,E07000200,11790,228441,40,5050,0.007920792079207921,93.38613861386139,male,20-24,303,0.025699745547073792,0.00020356234096692113,0.00017509991638978994,4.500023296531497e-06
2019,E02006288,E07000244,9562,228441,114,3453,0.03301476976542137,315.68722849695916,female,20-24,177,0.018510771805061704,0.0006111288693243655,0.0004990347617109013,9.237518596823836e-06
2019,E02006288,E07000244,9562,228441,114,3453,0.03301476976542137,315.68722849695916,male,20-24,184,0.01924283622673081,0.0006352978076592274,0.0004990347617109013,9.602844191048508e-06
2019,E02006311,E07000244,8471,228441,917,3751,0.24446814182884563,2070.889629432151,female,20-24,178,0.021012867430055482,0.005136976655121535,0.004014165583235934,8.434912924282802e-05
2019,E02006311,E07000244,8471,228441,917,3751,0.24446814182884563,2070.889629432151,male,20-24,205,0.02420021248967064,0.005916180979213003,0.004014165583235934,9.714366008303226e-05
2019,E02006256,E07000202,9754,228441,48,4135,0.011608222490931077,113.22660217654172,female,20-24,305,0.03126922288291983,0.0003629800963434466,0.00021011989966774792,6.570285974847561e-06
2019,E02006256,E07000202,9754,228441,48,4135,0.011608222490931077,113.22660217654172,male,20-24,285,0.0292187820381382,0.00033917812281272883,0.00021011989966774792,6.139447550267394e-06
2019,E02006251,E07000202,10928,228441,70,3797,0.018435607058203844,201.4643139320516,female,20-24,503,0.046028550512445095,0.0008485642707061249,0.0003064248536821324,1.4104291855976628e-05
2019,E02006251,E07000202,10928,228441,70,3797,0.018435607058203844,201.4643139320516,male,20-24,533,0.04877379209370425,0.000899174465778061,0.0003064248536821324,1.494550210583607e-05
2019,E02004577,E07000076,5680,228441,11,2201,0.004997728305315766,28.387096774193548,female,20-24,110,0.01936619718309859,9.678699182829827e-05,4.815247700719223e-05,9.325303645759059e-07
2019,E02004577,E07000076,5680,228441,11,2201,0.004997728305315766,28.387096774193548,male,20-24,162,0.02852112676056338,0.00014254084251076656,4.815247700719223e-05,1.3733629005572432e-06
2019,E02005542,E07000145,7554,228441,451,3494,0.12907842014882656,975.0583858042359,female,20-24,272,0.03600741329097167,0.004647780021244483,0.0019742515572948815,7.108769176386123e-05
2019,E02005542,E07000145,7554,228441,451,3494,0.12907842014882656,975.0583858042359,male,20-24,287,0.03799311622981202,0.004904091419474877,0.0019742515572948815,7.500796888319181e-05
2019,E02005611,E07000149,11199,228441,3134,4161,0.753184330689738,8434.911319394376,female,20-24,267,0.02384141441200107,0.0179569797565997,0.01371907844914004,0.00032708223465670067
2019,E02005611,E07000149,11199,228441,3134,4161,0.753184330689738,8434.911319394376,male,20-24,275,0.02455576390749174,0.018495016603239392,0.01371907844914004,0.00033688245142544075
2019,E02005595,E07000148,8952,228441,3128,3359,0.9312295325989878,8336.366775826138,female,20-24,355,0.03965594280607686,0.03692878508407514,0.013692813461681571,0.0005430014274907237
2019,E02005595,E07000148,8952,228441,3128,3359,0.9312295325989878,8336.366775826138,male,20-24,320,0.035746201966041107,0.033287918949025476,0.013692813461681571,0.0004894660754845959
2019,E02006293,E07000244,11451,228441,88,4406,0.01997276441216523,228.70812528370405,female,20-24,216,0.018862981399004455,0.0003767458835933709,0.00038521981605753786,7.266394224821254e-06
2019,E02006293,E07000244,11451,228441,88,4406,0.01997276441216523,228.70812528370405,male,20-24,421,0.036765348004541086,0.0007343056342259682,0.00038521981605753786,1.4162740595600684e-05
2019,E02004521,E07000071,9189,228441,8,3522,0.002271436683702442,20.87223168654174,female,20-24,222,0.02415932092719556,5.4876367807372085e-05,3.501998327795798e-05,8.460590148772089e-07
2019,E02004521,E07000071,9189,228441,8,3522,0.002271436683702442,20.87223168654174,male,20-24,324,0.03525954946131244,8.008983409724575e-05,3.501998327795798e-05,1.234788832523494e-06
2019,E02004507,E07000071,9933,228441,11,3434,0.00320326150262085,31.817996505532903,female,20-24,225,0.02265176683781335,7.255953267791113e-05,4.815247700719223e-05,1.0907386818300868e-06
2019,E02004507,E07000071,9933,228441,11,3434,0.00320326150262085,31.817996505532903,male,20-24,236,0.023759186549884223,7.610688760883122e-05,4.815247700719223e-05,1.144063684052891e-06
2019,E02004446,E07000067,6867,228441,9,2535,0.0035502958579881655,24.379881656804734,female,20-24,120,0.01747487986020096,6.204099358651228e-05,3.939748118770273e-05,6.884662505496327e-07
2019,E02004446,E07000067,6867,228441,9,2535,0.0035502958579881655,24.379881656804734,male,20-24,156,0.022717343818261248,8.065329166246596e-05,3.939748118770273e-05,8.950061257145224e-07
2019,E02004589,E07000076,7733,228441,9,3538,0.002543810062182024,19.67128321085359,female,20-24,227,0.02935471356523988,7.467281573972836e-05,3.939748118770273e-05,1.1565017754569402e-06
2019,E02004589,E07000076,7733,228441,9,3538,0.002543810062182024,19.67128321085359,male,20-24,245,0.03168240010345273,8.059400817723986e-05,3.939748118770273e-05,1.24820676205705e-06
2019,E02004522,E07000071,12010,228441,9,2824,0.003186968838526912,38.27549575070822,female,20-24,1262,0.10507910074937551,0.00033488381966868965,3.939748118770273e-05,4.1398518949942415e-06
2019,E02004522,E07000071,12010,228441,9,2824,0.003186968838526912,38.27549575070822,male,20-24,1389,0.11565362198168193,0.0003685844893183914,3.939748118770273e-05,4.556461396312997e-06
2019,E02004526,E07000071,7285,228441,8,3181,0.002514932411191449,18.321282615529707,female,20-24,99,0.013589567604667124,3.417684402305469e-05,3.501998327795798e-05,4.759064302701222e-07
2019,E02004526,E07000071,7285,228441,8,3181,0.002514932411191449,18.321282615529707,male,20-24,136,0.01866849691146191,4.695000795086302e-05,3.501998327795798e-05,6.537704496640063e-07
2019,E02006235,E07000200,8200,228441,24,2985,0.008040201005025126,65.92964824120604,female,20-24,103,0.012560975609756098,0.00010099276872165709,0.00010505994983387396,1.31965546742549e-06
2019,E02006235,E07000200,8200,228441,24,2985,0.008040201005025126,65.92964824120604,male,20-24,156,0.01902439024390244,0.0001529599215590146,0.00010505994983387396,1.9987014846444315e-06
2019,E02004513,E07000071,13590,228441,10,3781,0.0026448029621793175,35.942872256016926,female,20-24,1554,0.11434878587196468,0.0003024300075957807,4.3774979097447484e-05,5.005615711363752e-06
2019,E02004513,E07000071,13590,228441,10,3781,0.0026448029621793175,35.942872256016926,male,20-24,2159,0.15886681383370124,0.0004201714198193632,4.3774979097447484e-05,6.954391454848353e-06
2019,E02004582,E07000076,7003,228441,9,3302,0.0027256208358570565,19.087522713506967,female,20-24,145,0.020705411966300158,5.643510227035174e-05,3.939748118770273e-05,8.157410784259455e-07
2019,E02004582,E07000076,7003,228441,9,3302,0.0027256208358570565,19.087522713506967,male,20-24,123,0.01756390118520634,4.787253502933285e-05,3.939748118770273e-05,6.919734665268365e-07
2019,E02004520,E07000071,9529,228441,11,3753,0.002930988542499334,27.929389821476153,female,20-24,252,0.026445587155000526,7.751171295097409e-05,4.815247700719223e-05,1.273420527422861e-06
2019,E02004520,E07000071,9529,228441,11,3753,0.002930988542499334,27.929389821476153,male,20-24,284,0.02980375695246091,8.735447015109779e-05,4.815247700719223e-05,1.4351247213813196e-06
2019,E02004579,E07000076,7266,228441,8,3141,0.0025469595670168737,18.506208213944603,female,20-24,118,0.016240022020368842,4.136267945334312e-05,3.501998327795798e-05,5.687252995869862e-07
2019,E02004579,E07000076,7266,228441,8,3141,0.0025469595670168737,18.506208213944603,male,20-24,144,0.01981833195706028,5.047649018035092e-05,3.501998327795798e-05,6.940376537332713e-07
2019,E02004559,E07000074,7711,228441,8,2504,0.003194888178913738,24.635782747603834,female,20-24,179,0.023213590973933343,7.416482739275829e-05,3.501998327795798e-05,8.129395677285021e-07
2019,E02004559,E07000074,7711,228441,8,2504,0.003194888178913738,24.635782747603834,male,20-24,183,0.023732330437038,7.582214197136741e-05,3.501998327795798e-05,8.311058150520439e-07
2019,E02004575,E07000076,11687,228441,12,4223,0.0028415818138763913,33.20956665877338,female,20-24,205,0.017540857362881836,4.984378128216482e-05,5.252997491693698e-05,9.214207972937521e-07
2019,E02004575,E07000076,11687,228441,12,4223,0.0028415818138763913,33.20956665877338,male,20-24,234,0.020022246941045607,5.6894852780617404e-05,5.252997491693698e-05,1.051768129593844e-06
2019,E02004588,E07000076,7179,228441,8,3751,0.0021327645961077045,15.311117035457212,female,20-24,221,0.030784231787156984,6.565551967402183e-05,3.501998327795798e-05,1.07806328241102e-06
2019,E02004588,E07000076,7179,228441,8,3751,0.0021327645961077045,15.311117035457212,male,20-24,248,0.03454520128151553,7.367678225863083e-05,3.501998327795798e-05,1.2097723712123665e-06
2019,E02004512,E07000071,11610,228441,14,4353,0.0032161727544222376,37.33976567884218,female,20-24,297,0.02558139534883721,8.227418674103398e-05,6.128497073642647e-05,1.5677550653504444e-06
2019,E02004512,E07000071,11610,228441,14,4353,0.0032161727544222376,37.33976567884218,male,20-24,361,0.031093884582256676,0.00010000330442260359,6.128497073642647e-05,1.9055878067054224e-06
2019,E02004509,E07000071,14885,228441,13,4843,0.0026842865992153624,39.95560602932067,female,20-24,381,0.02559623782331206,6.870763817944595e-05,5.690747282668173e-05,1.456617208395414e-06
2019,E02004509,E07000071,14885,228441,13,4843,0.0026842865992153624,39.95560602932067,male,20-24,364,0.02445414847161572,6.564194303758092e-05,5.690747282668173e-05,1.391623789648112e-06
2019,E02004585,E07000076,8674,228441,8,4088,0.0019569471624266144,16.974559686888455,female,20-24,229,0.026400737837214666,5.1664848996506194e-05,3.501998327795798e-05,9.245533975850102e-07
2019,E02004585,E07000076,8674,228441,8,4088,0.0019569471624266144,16.974559686888455,male,20-24,246,0.02836061793866728,5.5500230799740275e-05,3.501998327795798e-05,9.931883659646834e-07
2019,E02004580,E07000076,12194,228441,9,5534,0.0016263100831225153,19.831225153595952,female,20-24,197,0.016155486304740035,2.6273830275146426e-05,3.939748118770273e-05,6.364854677691847e-07
2019,E02004580,E07000076,12194,228441,9,5534,0.0016263100831225153,19.831225153595952,male,20-24,209,0.017139576841069377,2.7874266637084276e-05,3.939748118770273e-05,6.752561561612162e-07
2019,E02004590,E07000076,8402,228441,9,4502,0.0019991115059973343,16.796534873389604,female,20-24,135,0.01606760295167817,3.2120929934496565e-05,3.939748118770273e-05,6.330230850202176e-07
2019,E02004590,E07000076,8402,228441,9,4502,0.0019991115059973343,16.796534873389604,male,20-24,201,0.023922875505831945,4.782449568025044e-05,3.939748118770273e-05,9.425010376967685e-07
2019,E02004595,E07000077,14491,228441,8,5057,0.0015819655922483687,22.924263397271112,female,20-24,322,0.022220688703333102,3.5152364964734986e-05,3.501998327795798e-05,7.781681468154351e-07
2019,E02004595,E07000077,14491,228441,8,5057,0.0015819655922483687,22.924263397271112,male,20-24,297,0.02049547995307432,3.242314408237979e-05,3.501998327795798e-05,7.177513652303858e-07
2019,E02006922,E07000071,13943,228441,14,5702,0.002455278849526482,34.23395299894774,female,20-24,390,0.02797102488704009,6.86766658047284e-05,6.128497073642647e-05,1.7142034416701084e-06
2019,E02006922,E07000071,13943,228441,14,5702,0.002455278849526482,34.23395299894774,male,20-24,423,0.030337803915943484,7.448776829589772e-05,6.128497073642647e-05,1.8592514251960407e-06
2019,E02004523,E07000071,10335,228441,10,4139,0.0024160425223483935,24.969799468470647,female,20-24,263,0.02544750846637639,6.14822625425861e-05,4.3774979097447484e-05,1.1139641511977444e-06
2019,E02004523,E07000071,10335,228441,10,4139,0.0024160425223483935,24.969799468470647,male,20-24,340,0.03289791969037252,7.948277286874251e-05,4.3774979097447484e-05,1.440105746795563e-06
2019,E02005579,E07000147,12901,228441,4648,5056,0.9193037974683544,11859.93829113924,female,20-24,317,0.024571738624912798,0.022588892628282176,0.02034661028449359,0.0004999515898135392
2019,E02005579,E07000147,12901,228441,4648,5056,0.9193037974683544,11859.93829113924,male,20-24,338,0.02619951941709945,0.024085317691985412,0.02034661028449359,0.0005330714112207452
2019,E02006292,E07000244,6857,228441,50,2404,0.020798668885191347,142.61647254575706,female,20-24,103,0.015021146273880705,0.00031241984762647056,0.0002188748954872374,3.287751820794145e-06
2019,E02006292,E07000244,6857,228441,50,2404,0.020798668885191347,142.61647254575706,male,20-24,130,0.018958728306839725,0.0003943163125382638,0.0002188748954872374,4.149589676730474e-06
2019,E02006250,E07000202,10945,228441,56,4152,0.01348747591522158,147.62042389210018,female,20-24,385,0.035175879396984924,0.00047443382616357317,0.0002451398829457059,8.623010957889151e-06
2019,E02006250,E07000202,10945,228441,56,4152,0.01348747591522158,147.62042389210018,male,20-24,446,0.04074920054819552,0.0005496038609583211,0.0002451398829457059,9.989254252515745e-06
2019,E02005594,E07000148,11105,228441,3270,3517,0.92976969007677,10325.092408302531,female,20-24,718,0.06465556055830707,0.060114780502036995,0.014314418164865327,0.0009255067305153809
2019,E02005594,E07000148,11105,228441,3270,3517,0.92976969007677,10325.092408302531,male,20-24,653,0.05880234128770824,0.054672634634860946,0.014314418164865327,0.0008417213022653813
2019,E02005602,E07000149,12285,228441,3889,4252,0.9146284101599247,11236.210018814674,female,20-24,200,0.01628001628001628,0.01489016540756898,0.017024089370997326,0.00027715245211228854
2019,E02005602,E07000149,12285,228441,3889,4252,0.9146284101599247,11236.210018814674,male,20-24,241,0.019617419617419616,0.01794264931612062,0.017024089370997326,0.0003339687047953077
2019,E02005535,E07000144,7243,228441,2248,2438,0.9220672682526662,6678.533223954061,female,20-24,160,0.022090294077039902,0.020368737114514233,0.009840615301106194,0.0002173820859004544
2019,E02005535,E07000144,7243,228441,2248,2438,0.9220672682526662,6678.533223954061,male,20-24,193,0.02664641723042938,0.024569789144382792,0.009840615301106194,0.0002622171411174231
2019,E02006230,E07000200,11148,228441,70,4587,0.01526051885764116,170.12426422498365,female,20-24,203,0.018209544312881236,0.00027788709437577644,0.0003064248536821324,5.579856951692939e-06
2019,E02006230,E07000200,11148,228441,70,4587,0.01526051885764116,170.12426422498365,male,20-24,264,0.023681377825618945,0.0003613901128827831,0.0003064248536821324,7.25656273520658e-06
2019,E02006294,E07000244,8228,228441,52,3741,0.013900026730820636,114.36941994119219,female,20-24,139,0.01689353427321342,0.00023482057797570108,0.0002276298913067269,3.8454733703980365e-06
2019,E02006294,E07000244,8228,228441,52,3741,0.013900026730820636,114.36941994119219,male,20-24,159,0.019324258629071462,0.00026860771149738463,0.0002276298913067269,4.3987788913186164e-06
2019,E02006296,E07000244,13489,228441,80,5153,0.015524936929943722,209.41587424801088,female,20-24,282,0.020905923344947737,0.00032456314139255174,0.0003501998327795799,7.321250859503412e-06
2019,E02006296,E07000244,13489,228441,80,5153,0.015524936929943722,209.41587424801088,male,20-24,293,0.021721402624360592,0.00033722340577311226,0.0003501998327795799,7.606831566789007e-06
2019,E02006313,E07000244,10033,228441,688,4581,0.1501855490067671,1506.8116131848942,female,20-24,171,0.017043755606498553,0.0025597257928991497,0.0030117185619043868,5.133099512465365e-05
2019,E02006313,E07000244,10033,228441,688,4581,0.1501855490067671,1506.8116131848942,male,20-24,220,0.021927638791986444,0.0032932144703965672,0.0030117185619043868,6.603987676856026e-05
2019,E02006295,E07000244,9796,228441,69,4175,0.01652694610778443,161.89796407185628,female,20-24,183,0.018681094324213963,0.0003087414391307218,0.00030204735577238763,5.642575143563386e-06
2019,E02006295,E07000244,9796,228441,69,4175,0.01652694610778443,161.89796407185628,male,20-24,205,0.02092690894242548,0.000345857896293978,0.00030204735577238763,6.3209175105491485e-06
2019,E02005597,E07000149,16660,228441,5376,5722,0.9395316322963999,15652.596994058022,female,20-24,486,0.029171668667466986,0.027407705479955004,0.023533428762787766,0.0006865093864774823
2019,E02005597,E07000149,16660,228441,5376,5722,0.9395316322963999,15652.596994058022,male,20-24,460,0.027611044417767107,0.02594144963123313,0.023533428762787766,0.0006497825468716911
2019,E02006267,E07000203,8615,228441,87,3046,0.02856204858831254,246.06204858831254,female,20-24,148,0.01717933836331979,0.0004906770970482015,0.0003808423181477931,6.542619046532023e-06
2019,E02006267,E07000203,8615,228441,87,3046,0.02856204858831254,246.06204858831254,male,20-24,184,0.021358096343586767,0.0006100309855193856,0.0003808423181477931,8.134066922715488e-06
2019,E02005538,E07000145,9068,228441,751,4616,0.1626949740034662,1475.3180242634314,female,20-24,173,0.019078076753418615,0.003103907201433574,0.0032875009302183057,6.271919507363993e-05
2019,E02005538,E07000145,9068,228441,751,4616,0.1626949740034662,1475.3180242634314,male,20-24,189,0.020842523158359064,0.00339097376341587,0.0032875009302183057,6.8519814271202e-05
2019,E02006271,E07000203,9748,228441,54,3734,0.0144617032672737,140.97268344938402,female,20-24,219,0.0224661469019286,0.00032489875005467175,0.0002363848871262164,5.310657599573389e-06
2019,E02006271,E07000203,9748,228441,54,3734,0.0144617032672737,140.97268344938402,male,20-24,505,0.051805498563807964,0.0007491957478429647,0.0002363848871262164,1.224603693052311e-05
2019,E02006312,E07000244,8830,228441,965,3470,0.2780979827089337,2455.605187319885,female,20-24,183,0.02072480181200453,0.005763525575960914,0.004224285482903682,8.754747943050665e-05
2019,E02006312,E07000244,8830,228441,965,3470,0.2780979827089337,2455.605187319885,male,20-24,211,0.02389580973952435,0.006645376483758212,0.004224285482903682,0.00010094272218490111
2019,E02005520,E07000144,8657,228441,3033,3252,0.9326568265682657,8074.010147601476,female,20-24,176,0.020330368487928845,0.018961256956915185,0.013276951160255821,0.00026992530948423524
2019,E02005520,E07000144,8657,228441,3033,3252,0.9326568265682657,8074.010147601476,male,20-24,167,0.019290747372068845,0.01799164722616384,0.013276951160255821,0.0002561223107037914
2019,E02006237,E07000200,7731,228441,59,2944,0.020040760869565216,154.9351222826087,female,20-24,127,0.01642737032725391,0.00032921700044428694,0.00025827237667494014,4.242735976939257e-06
2019,E02006237,E07000200,7731,228441,59,2944,0.020040760869565216,154.9351222826087,male,20-24,139,0.017979562799120424,0.00036032411859650303,0.00025827237667494014,4.643624415705171e-06
2019,E02005604,E07000149,8600,228441,2789,3152,0.8848350253807107,7609.581218274112,female,20-24,162,0.018837209302325582,0.016667822571125014,0.012208841670278102,0.00022998050588198286
2019,E02005604,E07000149,8600,228441,2789,3152,0.8848350253807107,7609.581218274112,male,20-24,167,0.01941860465116279,0.017182261539369612,0.012208841670278102,0.00023707866964377242
2019,E02006258,E07000202,9082,228441,63,4222,0.014921837991473235,135.52013263855991,female,20-24,232,0.025545034133450783,0.0003811788608260065,0.00027578236831391915,7.04487001198296e-06
2019,E02006258,E07000202,9082,228441,63,4222,0.014921837991473235,135.52013263855991,male,20-24,251,0.027637084342655802,0.00041239609511779145,0.00027578236831391915,7.6218205733091505e-06
2019,E02003619,E06000055,11815,228441,9,5224,0.0017228177641653904,20.355091883614087,female,20-24,199,0.016842996191282267,2.9017413040111103e-05,3.939748118770273e-05,6.635716255905918e-07
2019,E02003619,E06000055,11815,228441,9,5224,0.0017228177641653904,20.355091883614087,male,20-24,226,0.019128226830300465,3.295444898022668e-05,3.939748118770273e-05,7.536039567008732e-07
2019,E02006261,E07000203,8070,228441,1036,3144,0.32951653944020354,2659.1984732824426,female,20-24,143,0.01771995043370508,0.005839016745966432,0.004535087834495559,8.036153163976021e-05
2019,E02006261,E07000203,8070,228441,1036,3144,0.32951653944020354,2659.1984732824426,male,20-24,128,0.015861214374225528,0.0052265324719140095,0.004535087834495559,7.193200034887627e-05
2019,E02006306,E07000244,7510,228441,473,3378,0.14002368265245707,1051.5778567199527,female,20-24,160,0.02130492676431425,0.0029831943041801774,0.002070556511309266,4.411305483481792e-05
2019,E02006306,E07000244,7510,228441,473,3378,0.14002368265245707,1051.5778567199527,male,20-24,191,0.025432756324900132,0.0035611882006150865,0.002070556511309266,5.265995920906389e-05
2019,E02006303,E07000244,8152,228441,445,3523,0.12631280158955435,1029.7019585580472,female,20-24,204,0.025024533856722278,0.0031609189799152466,0.001947986569836413,4.874745586931161e-05
2019,E02006303,E07000244,8152,228441,445,3523,0.12631280158955435,1029.7019585580472,male,20-24,221,0.0271099116781158,0.0034243288949081835,0.001947986569836413,5.2809743858420913e-05
2019,E02006228,E07000200,6121,228441,22,2586,0.008507347254447023,52.07347254447023,female,20-24,146,0.02385231171377226,0.000202919898570375,9.630495401438446e-05,2.2970957827316016e-06
2019,E02006228,E07000200,6121,228441,22,2586,0.008507347254447023,52.07347254447023,male,20-24,129,0.021074987747100146,0.00017929223914779706,9.630495401438446e-05,2.0296257258381955e-06
2019,E02006266,E07000203,9653,228441,49,4297,0.011403304631138002,110.07609960437514,female,20-24,185,0.019165026416658033,0.0002185446344929587,0.00021449739757749265,4.110848290877047e-06
2019,E02006266,E07000203,9653,228441,49,4297,0.011403304631138002,110.07609960437514,male,20-24,173,0.017921889568009945,0.00020436876630963165,0.00021449739757749265,3.844198672009347e-06
2019,E02006245,E07000202,7778,228441,49,3627,0.013509787703336091,105.07912875654812,female,20-24,149,0.01915659552584212,0.00025880153867280506,0.00021449739757749265,4.109039886737773e-06
2019,E02006245,E07000202,7778,228441,49,3627,0.013509787703336091,105.07912875654812,male,20-24,215,0.02764206736950373,0.0003734384618433093,0.00021449739757749265,5.929151514420277e-06
2019,E02006289,E07000244,9527,228441,111,3942,0.02815829528158295,268.26407914764076,female,20-24,188,0.019733389314579616,0.0005556586032263666,0.00048590226798166705,9.58849862291943e-06
2019,E02006289,E07000244,9527,228441,111,3942,0.02815829528158295,268.26407914764076,male,20-24,180,0.018893670620342185,0.0005320135562805637,0.00048590226798166705,9.180477404922859e-06
2019,E02006286,E07000245,11775,228441,11,4724,0.0023285351397121083,27.418501270110074,female,20-24,327,0.027770700636942675,6.466505228754645e-05,4.815247700719223e-05,1.3372280238940007e-06
2019,E02006286,E07000245,11775,228441,11,4724,0.0023285351397121083,27.418501270110074,male,20-24,356,0.030233545647558386,7.039987343842977e-05,4.815247700719223e-05,1.455820111639952e-06
2019,E02006280,E07000245,9789,228441,32,4150,0.0077108433734939755,75.48144578313253,female,20-24,147,0.015016855654305853,0.00011579262191271983,0.00014007993311183193,2.103560135605199e-06
2019,E02006280,E07000245,9789,228441,32,4150,0.0077108433734939755,75.48144578313253,male,20-24,197,0.020124629686382674,0.00015517786746126398,0.00014007993311183193,2.819056780368872e-06
2019,E02006290,E07000244,8129,228441,72,3583,0.020094892548144012,163.35138152386267,female,20-24,184,0.0226350104563907,0.0004548481029472873,0.00031517984950162184,7.134099189112857e-06
2019,E02006290,E07000244,8129,228441,72,3583,0.020094892548144012,163.35138152386267,male,20-24,175,0.021527863205806373,0.00043260009791182215,0.00031517984950162184,6.785148685297555e-06
2019,E02006227,E07000200,6270,228441,24,2589,0.009269988412514484,58.12282734646582,female,20-24,103,0.0164274322169059,0.00015228210629808484,0.00010505994983387396,1.7258652046074989e-06
2019,E02006227,E07000200,6270,228441,24,2589,0.009269988412514484,58.12282734646582,male,20-24,106,0.01690590111642743,0.00015671750745239796,0.00010505994983387396,1.7761331231882997e-06
2019,E02006249,E07000202,8185,228441,53,3215,0.016485225505443235,134.93157076205287,female,20-24,201,0.024557116676847894,0.0004048296061813183,0.00023200738921647164,5.697432526879756e-06
2019,E02006249,E07000202,8185,228441,53,3215,0.016485225505443235,134.93157076205287,male,20-24,173,0.021136224801466097,0.0003484354321859108,0.00023200738921647164,4.903760334080586e-06
2019,E02006262,E07000203,9118,228441,277,3705,0.0747638326585695,681.6966261808368,female,20-24,163,0.01787672735248958,0.0013365326522644034,0.0012125669209992953,2.1676728243352175e-05
2019,E02006262,E07000203,9118,228441,277,3705,0.0747638326585695,681.6966261808368,male,20-24,184,0.020179864005264312,0.0015087239755622712,0.0012125669209992953,2.4469435563047854e-05
2019,E02006268,E07000203,6407,228441,39,3227,0.012085528354508832,77.43198016733808,female,20-24,168,0.026221320430778836,0.00031689851155883937,0.00017072241848004518,4.476567239682783e-06
2019,E02006268,E07000203,6407,228441,39,3227,0.012085528354508832,77.43198016733808,male,20-24,135,0.021070703917590135,0.00025465058964549593,0.00017072241848004518,3.5972415318879506e-06
2019,E02006257,E07000202,6460,228441,45,3015,0.014925373134328358,96.41791044776119,female,20-24,123,0.019040247678018575,0.00028418280116445635,0.00019698740593851365,3.750688998519687e-06
2019,E02006257,E07000202,6460,228441,45,3015,0.014925373134328358,96.41791044776119,male,20-24,132,0.02043343653250774,0.0003049766646642946,0.00019698740593851365,4.025129656947957e-06
2019,E02006265,E07000203,7283,228441,60,2946,0.020366598778004074,148.32993890020367,female,20-24,158,0.021694356721131403,0.0004418402590861793,0.0002626498745846849,5.698020072000579e-06
2019,E02006265,E07000203,7283,228441,60,2946,0.020366598778004074,148.32993890020367,male,20-24,128,0.017575175065220376,0.000357946539006525,0.0002626498745846849,4.616117526684013e-06
2019,E02006253,E07000202,6895,228441,47,3085,0.015235008103727715,105.0453808752026,female,20-24,110,0.01595358955765047,0.0002430530661943508,0.00020574240175800316,3.2823298322524075e-06
2019,E02006253,E07000202,6895,228441,47,3085,0.015235008103727715,105.0453808752026,male,20-24,152,0.022044960116026104,0.00033585514601401195,0.00020574240175800316,4.535583040930598e-06
2019,E02006263,E07000203,7712,228441,950,2788,0.34074605451936874,2627.8335724533717,female,20-24,146,0.018931535269709542,0.0064508459491478,0.00415862301425751,7.872911826784186e-05
2019,E02006263,E07000203,7712,228441,950,2788,0.34074605451936874,2627.8335724533717,male,20-24,115,0.01491182572614108,0.005081145781862993,0.00415862301425751,6.20126616493275e-05
2019,E02006247,E07000202,8915,228441,57,3837,0.014855355746677092,132.43549648162627,female,20-24,232,0.02602355580482333,0.00038658917927415423,0.00024951738085545063,6.493329484965175e-06
2019,E02006247,E07000202,8915,228441,57,3837,0.014855355746677092,132.43549648162627,male,20-24,305,0.034212002243409985,0.0005082314641319701,0.00024951738085545063,8.53648919359646e-06
2019,E02006291,E07000244,7681,228441,68,3090,0.022006472491909384,169.03171521035597,female,20-24,147,0.01913813305559172,0.0004211627986343809,0.0002976698578626429,5.696845346414335e-06
2019,E02006291,E07000244,7681,228441,68,3090,0.022006472491909384,169.03171521035597,male,20-24,142,0.01848717614893894,0.000406837533374708,0.0002976698578626429,5.503075096536296e-06
2019,E02006301,E07000244,6451,228441,46,3009,0.015287470920571618,98.61947490860751,female,20-24,129,0.01999689970547202,0.00030570202274899066,0.0002013649038482584,4.0266737864556405e-06
2019,E02006301,E07000244,6451,228441,46,3009,0.015287470920571618,98.61947490860751,male,20-24,127,0.019686870252674005,0.00030096245650482027,0.0002013649038482584,3.96424473550284e-06
2019,E02006283,E07000245,7626,228441,13,3104,0.004188144329896907,31.938788659793815,female,20-24,117,0.015342250196695516,6.425555816915003e-05,5.690747282668173e-05,8.730886861686024e-07
2019,E02006283,E07000245,7626,228441,13,3104,0.004188144329896907,31.938788659793815,male,20-24,244,0.031995803829006034,0.00013400304438694537,5.690747282668173e-05,1.820800336967e-06
2019,E02006272,E07000203,7642,228441,56,3187,0.017571383746470035,134.280514590524,female,20-24,143,0.018712378958387857,0.00032880239148720425,0.0002451398829457059,4.587150387494889e-06
2019,E02006272,E07000203,7642,228441,56,3187,0.017571383746470035,134.280514590524,male,20-24,162,0.02119863909971212,0.0003724894225239657,0.0002451398829457059,5.196631907511693e-06
2019,E02006297,E07000244,8226,228441,45,3235,0.013910355486862442,114.42658423493044,female,20-24,167,0.020301483102358377,0.000282400846864336,0.00019698740593851365,3.999136493038145e-06
2019,E02006297,E07000244,8226,228441,45,3235,0.013910355486862442,114.42658423493044,male,20-24,213,0.025893508388037927,0.00036018790647966204,0.00019698740593851365,5.1006950480067356e-06
2019,E02006270,E07000203,13467,228441,59,4858,0.01214491560312886,163.55557842733637,female,20-24,337,0.025024133066013216,0.0003039159841281968,0.00025827237667494014,6.46304232118919e-06
2019,E02006270,E07000203,13467,228441,59,4858,0.01214491560312886,163.55557842733637,male,20-24,341,0.025321155416945126,0.0003075232955125077,0.00025827237667494014,6.539754989689952e-06
2019,E02006255,E07000202,8208,228441,58,3059,0.01896044458973521,155.6273291925466,female,20-24,320,0.03898635477582846,0.0007391986194828541,0.0002538948787651954,9.898435819305863e-06
2019,E02006255,E07000202,8208,228441,58,3059,0.01896044458973521,155.6273291925466,male,20-24,360,0.043859649122807015,0.0008315984469182109,0.0002538948787651954,1.1135740296719096e-05
2019,E02006252,E07000202,9269,228441,37,3710,0.009973045822102426,92.44016172506738,female,20-24,220,0.023735030747653468,0.00023671054923535804,0.00016196742266055567,3.844301756966474e-06
2019,E02006252,E07000202,9269,228441,37,3710,0.009973045822102426,92.44016172506738,male,20-24,240,0.025892760815621967,0.00025822969007493606,0.00016196742266055567,4.193783734872518e-06
2019,E02006300,E07000244,7781,228441,61,3606,0.01691625069328896,131.62534664448143,female,20-24,197,0.025318082508674976,0.0004282870307901202,0.00026702737249442965,6.760621048888656e-06
2019,E02006300,E07000244,7781,228441,61,3606,0.01691625069328896,131.62534664448143,male,20-24,184,0.023647346099473075,0.00040002443484965543,0.00026702737249442965,6.314488695408695e-06
2019,E02006248,E07000202,8109,228441,44,3404,0.012925969447708578,104.81668625146885,female,20-24,142,0.017511407078554694,0.0002263519128837857,0.00019260990802876893,3.3728705068547527e-06
2019,E02006248,E07000202,8109,228441,44,3404,0.012925969447708578,104.81668625146885,male,20-24,182,0.022444197804908125,0.00029011301510457036,0.00019260990802876893,4.322974874982851e-06
2019,E02006229,E07000200,5937,228441,16,2606,0.0061396776669224865,36.451266308518804,female,20-24,116,0.019538487451574868,0.00011996001505187946,7.003996655591596e-05,1.3684750076614874e-06
2019,E02006229,E07000200,5937,228441,16,2606,0.0061396776669224865,36.451266308518804,male,20-24,124,0.02088596934478693,0.00012823311953821597,7.003996655591596e-05,1.4628525943967625e-06
2019,E02006231,E07000200,8619,228441,37,3270,0.011314984709480122,97.52385321100917,female,20-24,183,0.021232161503654718,0.00024024158276306562,0.00016196742266055567,3.438918476259623e-06
2019,E02006231,E07000200,8619,228441,37,3270,0.011314984709480122,97.52385321100917,male,20-24,243,0.028193525931082493,0.00031900931481652976,0.00016196742266055567,4.566432730770974e-06
2019,E02006260,E07000202,8746,228441,64,3841,0.016662327518875295,145.72871648008334,female,20-24,208,0.02378230048021953,0.000396268479753723,0.00028015986622366386,6.66284612102928e-06
2019,E02006260,E07000202,8746,228441,64,3841,0.016662327518875295,145.72871648008334,male,20-24,209,0.023896638463297506,0.0003981736166756159,0.00028015986622366386,6.694879035072689e-06
2019,E02006254,E07000202,9499,228441,71,4098,0.017325524646168863,164.57515861395802,female,20-24,259,0.027266028002947678,0.0004723982401682004,0.00031080235159187714,8.474345621886112e-06
2019,E02006254,E07000202,9499,228441,71,4098,0.017325524646168863,164.57515861395802,male,20-24,344,0.03621433835140541,0.0006274324116519727,0.00031080235159187714,1.1255501520960704e-05
2019,E02006299,E07000244,8381,228441,52,3938,0.013204672422549517,110.6683595733875,female,20-24,112,0.013363560434315714,0.00017646143793408254,0.0002276298913067269,3.041945809134162e-06
2019,E02006299,E07000244,8381,228441,52,3938,0.013204672422549517,110.6683595733875,male,20-24,154,0.018374895597184106,0.00024263447715936352,0.0002276298913067269,4.182675487559473e-06
2019,E02006298,E07000244,9290,228441,58,3706,0.015650296815974095,145.39125742039934,female,20-24,187,0.020129171151776103,0.0003150275031848392,0.0002538948787651954,5.110693469224062e-06
2019,E02006298,E07000244,9290,228441,58,3706,0.015650296815974095,145.39125742039934,male,20-24,185,0.01991388589881593,0.00031165822507591036,0.0002538948787651954,5.056033646023805e-06
2019,E02006234,E07000200,9751,228441,20,3978,0.005027652086475616,49.024635495223734,female,20-24,302,0.030971182442826376,0.000155712330029293,8.754995819489497e-05,2.7115257281159143e-06
2019,E02006234,E07000200,9751,228441,20,3978,0.005027652086475616,49.024635495223734,male,20-24,280,0.028715003589375447,0.00014436904770927827,8.754995819489497e-05,2.5139973638160792e-06
2019,E02006236,E07000200,10362,228441,53,3957,0.013393985342431134,138.7884761182714,female,20-24,171,0.016502605674580197,0.00022103565851724802,0.00023200738921647164,3.828726457828281e-06
2019,E02006236,E07000200,10362,228441,53,3957,0.013393985342431134,138.7884761182714,male,20-24,215,0.020748890175641767,0.0002779103308842592,0.00023200738921647164,4.813895838789944e-06
2019,E02006259,E07000202,7100,228441,51,3158,0.016149461684610514,114.66117796073465,female,20-24,212,0.029859154929577466,0.0004822092784700605,0.00022325239339698215,6.6661278028394675e-06
2019,E02006259,E07000202,7100,228441,51,3158,0.016149461684610514,114.66117796073465,male,20-24,164,0.023098591549295774,0.00037302981919382035,0.00022325239339698215,5.156815847479587e-06
2019,E02006239,E07000245,7719,228441,32,2380,0.013445378151260505,103.78487394957983,female,20-24,407,0.05272703718098199,0.0007089349536938755,0.00014007993311183193,7.385999841497032e-06
2019,E02006239,E07000245,7719,228441,32,2380,0.013445378151260505,103.78487394957983,male,20-24,866,0.11219069827697889,0.0015084463633879515,0.00014007993311183193,1.5715665510408922e-05
2019,E02006826,E07000245,9804,228441,18,3898,0.004617752693689072,45.27244740892766,female,20-24,319,0.032537739698082414,0.0001502512351373739,7.879496237540546e-05,2.5638099752911403e-06
2019,E02006826,E07000245,9804,228441,18,3898,0.004617752693689072,45.27244740892766,male,20-24,242,0.024683802529579763,0.00011398369562145608,7.879496237540546e-05,1.9449592916001756e-06
2019,E02003744,E07000010,14355,228441,239,6893,0.034672856521108374,497.7288553605107,female,20-24,384,0.026750261233019854,0.0009275079696346649,0.0010462220004289948,2.798671181920822e-05
2019,E02003744,E07000010,14355,228441,239,6893,0.034672856521108374,497.7288553605107,male,20-24,455,0.03169627307558342,0.0010990003286035744,0.0010462220004289948,3.316133822328057e-05
2019,E02005517,E07000143,6533,228441,306,2500,0.1224,799.6392,female,20-24,196,0.030001530690341345,0.0036721873564977804,0.001339514360381893,4.0187481193150315e-05
2019,E02005517,E07000143,6533,228441,306,2500,0.1224,799.6392,male,20-24,199,0.030460737792744528,0.00372839430583193,0.001339514360381893,4.080259570120874e-05
2019,E02005519,E07000143,8913,228441,424,3683,0.11512354059190877,1026.096117295683,female,20-24,228,0.02558061258835409,0.0029449306916812744,0.001856059113731773,4.747912912945633e-05
2019,E02005519,E07000143,8913,228441,424,3683,0.11512354059190877,1026.096117295683,male,20-24,247,0.027712330304050264,0.003190341582654714,0.001856059113731773,5.143572322357769e-05
2019,E02006269,E07000203,7508,228441,35,2973,0.011772620248906828,88.38883282879247,female,20-24,162,0.021576984549813532,0.0002540176452214846,0.0001532124268410662,3.3058621667891215e-06
2019,E02006269,E07000203,7508,228441,35,2973,0.011772620248906828,88.38883282879247,male,20-24,167,0.02224294086307938,0.00026185769599992544,0.0001532124268410662,3.4078949497147114e-06
2019,E02006242,E07000245,9994,228441,28,3639,0.007694421544380325,76.89804891453696,female,20-24,283,0.02831699019411647,0.00021788285942161615,0.00012256994147285294,3.470811830780206e-06
2019,E02006242,E07000245,9994,228441,28,3639,0.007694421544380325,76.89804891453696,male,20-24,216,0.021612967780668402,0.00016629928492957276,0.00012256994147285294,2.6491001959311824e-06
2019,E02005512,E07000143,9450,228441,2888,3385,0.8531757754800591,8062.511078286559,female,20-24,177,0.01873015873015873,0.01598011769946777,0.012642213963342832,0.00023679067423404033
2019,E02005512,E07000143,9450,228441,2888,3385,0.8531757754800591,8062.511078286559,male,20-24,347,0.03671957671957672,0.031328253343024394,0.012642213963342832,0.0004642167455322712
2019,E02006264,E07000203,8672,228441,29,3559,0.00814835627985389,70.66254565889294,female,20-24,192,0.02214022140221402,0.00018040641210008613,0.0001269474393825977,2.8106444143748563e-06
2019,E02006264,E07000203,8672,228441,29,3559,0.00814835627985389,70.66254565889294,male,20-24,170,0.019603321033210334,0.00015973484404695128,0.0001269474393825977,2.488591408561071e-06
2019,E02006282,E07000245,6368,228441,17,2675,0.006355140186915888,40.469532710280376,female,20-24,90,0.014133165829145729,8.981825012915042e-05,7.441746446566072e-05,1.0517543658777425e-06
2019,E02006282,E07000245,6368,228441,17,2675,0.006355140186915888,40.469532710280376,male,20-24,106,0.01664572864321608,0.00010578593904099938,7.441746446566072e-05,1.2387329198115634e-06
2019,E02006284,E07000245,7933,228441,10,3332,0.003001200480192077,23.808523409363747,female,20-24,196,0.024706920458842808,7.415042154514649e-05,4.3774979097447484e-05,1.0815449266481414e-06
2019,E02006284,E07000245,7933,228441,10,3332,0.003001200480192077,23.808523409363747,male,20-24,177,0.02231186184293458,6.696237047699454e-05,4.3774979097447484e-05,9.767012857995972e-07
2019,E02005511,E07000143,8248,228441,2831,3289,0.8607479477044695,7099.449072666464,female,20-24,198,0.024005819592628517,0.02066295994731874,0.012392696582487381,0.000297496838425376
2019,E02005511,E07000143,8248,228441,2831,3289,0.8607479477044695,7099.449072666464,male,20-24,212,0.025703200775945685,0.022123977317331175,0.012392696582487381,0.0003185319684150491
2019,E02006240,E07000245,10485,228441,46,3221,0.014281279105867743,149.73921142502329,female,20-24,280,0.02670481640438722,0.00038137893654200934,0.0002013649038482584,5.377412787554826e-06
2019,E02006240,E07000245,10485,228441,46,3221,0.014281279105867743,149.73921142502329,male,20-24,346,0.032999523128278495,0.00047127540015548297,0.0002013649038482584,6.644945801764179e-06
2019,E02006243,E07000245,8966,228441,13,3683,0.0035297311973934292,31.647569915829486,female,20-24,256,0.028552308721838057,0.0001007819748530803,5.690747282668173e-05,1.6248397327270268e-06
2019,E02006243,E07000245,8966,228441,13,3683,0.0035297311973934292,31.647569915829486,male,20-24,155,0.017287530671425386,6.102033633682596e-05,5.690747282668173e-05,9.837896819245671e-07
2019,E02006246,E07000202,7040,228441,60,3135,0.019138755980861243,134.73684210526315,female,20-24,128,0.01818181818181818,0.0003479773814702044,0.0002626498745846849,4.775452265176089e-06
2019,E02006246,E07000202,7040,228441,60,3135,0.019138755980861243,134.73684210526315,male,20-24,159,0.022585227272727274,0.0004322531535450196,0.0002626498745846849,5.932007110648423e-06
2019,E02003752,E07000010,11152,228441,8,4643,0.0017230239069567091,19.21516261038122,female,20-24,292,0.02618364418938307,4.511504490955515e-05,3.501998327795798e-05,9.169507816681968e-07
2019,E02003752,E07000010,11152,228441,8,4643,0.0017230239069567091,19.21516261038122,male,20-24,259,0.023224533715925394,4.001642682046159e-05,3.501998327795798e-05,8.133227823700786e-07
2019,E02005564,E07000146,9930,228441,366,4997,0.0732439463678207,727.3123874324594,female,20-24,239,0.02406847935548842,0.0017628704110683934,0.0016021642349665778,3.856165681339498e-05
2019,E02005564,E07000146,9930,228441,366,4997,0.0732439463678207,727.3123874324594,male,20-24,375,0.0377643504531722,0.00276601005920773,0.0016021642349665778,6.0504691652816375e-05
2019,E02003780,E07000012,12091,228441,8,3877,0.0020634511220015478,24.949187516120713,female,20-24,348,0.0287817384831693,5.938971056625082e-05,3.501998327795798e-05,1.0079360003911487e-06
2019,E02003780,E07000012,12091,228441,8,3877,0.0020634511220015478,24.949187516120713,male,20-24,330,0.02729302787197089,5.6317828985237846e-05,3.501998327795798e-05,9.558013796812617e-07
2019,E02003249,E06000031,12090,228441,11,4349,0.0025293170843872156,30.579443550241436,female,20-24,269,0.022249793217535153,5.627678210919446e-05,4.815247700719223e-05,1.0713826563221431e-06
2019,E02003249,E06000031,12090,228441,11,4349,0.0025293170843872156,30.579443550241436,male,20-24,288,0.02382133995037221,6.0251722109472135e-05,4.815247700719223e-05,1.1470565242408075e-06
2019,E02003745,E07000010,10314,228441,155,4975,0.031155778894472363,321.34070351758794,female,20-24,201,0.019488074461896453,0.0006071661390138594,0.000678512176010436,1.3222895809394769e-05
2019,E02003745,E07000010,10314,228441,155,4975,0.031155778894472363,321.34070351758794,male,20-24,258,0.02501454333915067,0.0007793475814207747,0.000678512176010436,1.697267223295448e-05
2019,E02003737,E07000009,13972,228441,10,4946,0.0020218358269308533,28.24909017387788,female,20-24,291,0.02082736902376181,4.21095208729515e-05,4.3774979097447484e-05,9.117176436699984e-07
2019,E02003737,E07000009,13972,228441,10,4946,0.0020218358269308533,28.24909017387788,male,20-24,346,0.02476381334096765,5.006836502419662e-05,4.3774979097447484e-05,1.08403541137395e-06
2019,E02005589,E07000148,11841,228441,3910,4159,0.9401298389035826,11132.077422457322,female,20-24,874,0.07381133350223798,0.0693922370747176,0.017116016827101965,0.0012633560262551402
2019,E02005589,E07000148,11841,228441,3910,4159,0.9401298389035826,11132.077422457322,male,20-24,823,0.06950426484249642,0.0653430333094881,0.017116016827101965,0.0011896361665995202
2019,E02005540,E07000145,8995,228441,667,4468,0.14928379588182633,1342.807743957028,female,20-24,169,0.018788215675375208,0.0028047761538664423,0.002919791105799747,5.485766502280792e-05
2019,E02005540,E07000145,8995,228441,667,4468,0.14928379588182633,1342.807743957028,male,20-24,170,0.018899388549193995,0.002821372462469202,0.002919791105799747,5.518226659099022e-05
2019,E02005548,E07000145,7498,228441,499,3604,0.13845726970033295,1038.1526082130965,female,20-24,212,0.02827420645505468,0.003914769428710401,0.0021843714569626293,6.176136954868997e-05
2019,E02005548,E07000145,7498,228441,499,3604,0.13845726970033295,1038.1526082130965,male,20-24,200,0.026673779674579887,0.0036931787063305666,0.0021843714569626293,5.826544297046223e-05
2019,E02005507,E07000143,11864,228441,4009,4418,0.9074241738343142,10765.680398370303,female,20-24,336,0.028320971004720162,0.02569913371614376,0.017549389120166695,0.0004970157404227925
2019,E02005507,E07000143,11864,228441,4009,4418,0.9074241738343142,10765.680398370303,male,20-24,308,0.025960890087660147,0.023557539239798444,0.017549389120166695,0.0004555977620542264
2019,E02005547,E07000145,8812,228441,520,3960,0.13131313131313133,1157.1313131313132,female,20-24,242,0.02746255106672719,0.0036061935744187224,0.002276298913067269,6.251297514324548e-05
2019,E02005547,E07000145,8812,228441,520,3960,0.13131313131313133,1157.1313131313132,male,20-24,287,0.03256922378574671,0.004276766759744519,0.002276298913067269,7.413728870293988e-05
2019,E02005561,E07000146,11213,228441,311,5394,0.05765665554319614,646.5040786058584,female,20-24,314,0.02800321055917239,0.0016145714653137955,0.0013614018499306167,3.812362265925387e-05
2019,E02005561,E07000146,11213,228441,311,5394,0.05765665554319614,646.5040786058584,male,20-24,311,0.02773566396147329,0.0015991456232885045,0.0013614018499306167,3.775938422620367e-05
2019,E02005504,E07000143,9110,228441,1501,4011,0.3742208925454999,3409.152331089504,female,20-24,175,0.019209659714599342,0.0071886560038926985,0.006570624362526867,0.00012621945811659734
2019,E02005504,E07000143,9110,228441,1501,4011,0.3742208925454999,3409.152331089504,male,20-24,222,0.02436882546652031,0.009119323616366738,0.006570624362526867,0.00016011839829648347
2019,E02005569,E07000146,8228,228441,242,3732,0.06484458735262594,533.5412647374062,female,20-24,200,0.024307243558580455,0.0015761931782359245,0.001059354494158229,2.574998770438087e-05
2019,E02005569,E07000146,8228,228441,242,3732,0.06484458735262594,533.5412647374062,male,20-24,215,0.02613028682547399,0.0016944076666036189,0.001059354494158229,2.7681236782209435e-05
2019,E02005466,E07000140,6685,228441,69,3343,0.020640143583607537,137.97935985641638,female,20-24,133,0.019895287958115182,0.0004106416000927154,0.00030204735577238763,6.009319120078916e-06
2019,E02005466,E07000140,6685,228441,69,3343,0.020640143583607537,137.97935985641638,male,20-24,159,0.023784592370979806,0.0004909174016145997,0.00030204735577238763,7.184073233778554e-06
2019,E02005578,E07000147,5843,228441,1169,2736,0.427266081871345,2496.515716374269,female,20-24,121,0.02070854013349307,0.008848056804113083,0.005117295056491611,0.0001059717100522822
2019,E02005578,E07000147,5843,228441,1169,2736,0.427266081871345,2496.515716374269,male,20-24,112,0.019168235495464658,0.008189936876534423,0.005117295056491611,9.808951674260831e-05
2019,E02005580,E07000147,7937,228441,1847,3887,0.47517365577566245,3771.453305891433,female,20-24,163,0.02053672672294318,0.00975851151460665,0.00808523863929855,0.00016604433642505528
2019,E02005580,E07000147,7937,228441,1847,3887,0.47517365577566245,3771.453305891433,male,20-24,177,0.022300617361723573,0.010596665877824398,0.00808523863929855,0.0001803058131732195
2019,E02005474,E07000140,6793,228441,38,3085,0.012317666126418152,83.6739059967585,female,20-24,134,0.019726188723686148,0.00024298060664508059,0.00016634492057030043,3.2813512963963284e-06
2019,E02005474,E07000140,6793,228441,38,3085,0.012317666126418152,83.6739059967585,male,20-24,133,0.01957897836007655,0.00024116731853578892,0.00016634492057030043,3.2568636001545642e-06
2019,E02005510,E07000143,7023,228441,1986,3118,0.6369467607440668,4473.277100705581,female,20-24,136,0.019364943756229533,0.012334438197521442,0.00869371084875307,0.00016835322161902572
2019,E02005510,E07000143,7023,228441,1986,3118,0.6369467607440668,4473.277100705581,male,20-24,132,0.018795386586928663,0.011971660603476693,0.00869371084875307,0.00016340165627728965
2019,E02005514,E07000143,6903,228441,367,3099,0.11842529848338174,817.4898354307841,female,20-24,151,0.021874547298276113,0.0025904997929872002,0.0016065417328763225,3.514237312245758e-05
2019,E02005514,E07000143,6903,228441,367,3099,0.11842529848338174,817.4898354307841,male,20-24,139,0.02013617267854556,0.0023846322597696743,0.0016065417328763225,3.234960174848745e-05
2019,E02005506,E07000143,6943,228441,1780,2867,0.6208580397628183,4310.617370073247,female,20-24,142,0.02045225406884632,0.012697946369915052,0.007791946279345652,0.00015936286499597906
2019,E02005506,E07000143,6943,228441,1780,2867,0.6208580397628183,4310.617370073247,male,20-24,184,0.02650151231456143,0.0164536769863688,0.007791946279345652,0.0002064983602764799
2019,E02005571,E07000147,5990,228441,1519,2515,0.6039761431411531,3617.8170974155073,female,20-24,136,0.02270450751252087,0.01371298087933169,0.006649419324902273,0.0001509717910161451
2019,E02005571,E07000147,5990,228441,1519,2515,0.6039761431411531,3617.8170974155073,male,20-24,86,0.014357262103505844,0.008671443791342099,0.006649419324902273,9.546745608373881e-05
2019,E02003742,E07000010,6664,228441,124,3558,0.03485103991006183,232.24732996065205,female,20-24,116,0.017406962785114045,0.0006066507547369706,0.0005428097408083488,9.448668957648327e-06
2019,E02003742,E07000010,6664,228441,124,3558,0.03485103991006183,232.24732996065205,male,20-24,138,0.02070828331332533,0.0007217052082215685,0.0005428097408083488,1.1240657897891976e-05
2019,E02005472,E07000140,9869,228441,192,5695,0.033713784021071114,332.7213345039508,female,20-24,203,0.02056945992501773,0.0006934743293421254,0.0008404795986709917,1.728821142265795e-05
2019,E02005472,E07000140,9869,228441,192,5695,0.033713784021071114,332.7213345039508,male,20-24,263,0.02664910325260918,0.0008984421114136896,0.0008404795986709917,2.2398027606694784e-05
2019,E02005552,E07000146,6790,228441,471,3075,0.15317073170731707,1040.029268292683,female,20-24,103,0.015169366715758468,0.002323502999389346,0.0020618015154897766,3.1276223283570984e-05
2019,E02005552,E07000146,6790,228441,471,3075,0.15317073170731707,1040.029268292683,male,20-24,105,0.015463917525773196,0.0023686195624842846,0.0020618015154897766,3.1883528590048095e-05
2019,E02005563,E07000146,7551,228441,209,4033,0.05182246466650137,391.3114306967518,female,20-24,150,0.01986491855383393,0.0010294490398589861,0.0009148970631366524,1.8174355644351458e-05
2019,E02005563,E07000146,7551,228441,209,4033,0.05182246466650137,391.3114306967518,male,20-24,180,0.023837902264600714,0.0012353388478307833,0.0009148970631366524,2.180922677322175e-05
2019,E02005509,E07000143,8278,228441,645,4465,0.1444568868980963,1195.8141097424411,female,20-24,203,0.024522831601836194,0.003542491911127513,0.0028234861517853625,6.923987543034896e-05
2019,E02005509,E07000143,8278,228441,645,4465,0.1444568868980963,1195.8141097424411,male,20-24,169,0.020415559313843923,0.002949168142761328,0.0028234861517853625,5.7643049003591e-05
2019,E02005566,E07000146,9847,228441,243,4936,0.04923014586709887,484.76924635332256,female,20-24,213,0.021630953589925866,0.0010648950004764964,0.0010637319920679738,2.300953735254173e-05
2019,E02005566,E07000146,9847,228441,243,4936,0.04923014586709887,484.76924635332256,male,20-24,176,0.01787346399918757,0.0008799132398303442,0.0010637319920679738,1.9012575465011008e-05
2019,E02005568,E07000146,7423,228441,251,3603,0.06966416874826534,517.1171246183736,female,20-24,133,0.017917284116933854,0.0012481927042326943,0.0010987519753459319,1.9686651316315362e-05
2019,E02005568,E07000146,7423,228441,251,3603,0.06966416874826534,517.1171246183736,male,20-24,100,0.013471642193183348,0.0009384907550621761,0.0010987519753459319,1.4801993470913806e-05
2019,E02005560,E07000146,9204,228441,229,4415,0.05186862967157418,477.39886749716874,female,20-24,240,0.02607561929595828,0.0013525066407190137,0.0010024470213315473,2.6139426892608795e-05
2019,E02005560,E07000146,9204,228441,229,4415,0.05186862967157418,477.39886749716874,male,20-24,235,0.025532377227292482,0.0013243294190373677,0.0010024470213315473,2.559485549901278e-05
2019,E02005559,E07000146,7266,228441,191,3715,0.05141318977119785,373.56823687752353,female,20-24,188,0.025873933388384257,0.0013302614474243319,0.0008361021007612469,2.1633250060984646e-05
2019,E02005559,E07000146,7266,228441,191,3715,0.05141318977119785,373.56823687752353,male,20-24,185,0.025461051472612167,0.0013090338711356456,0.0008361021007612469,2.128803862384127e-05
2019,E02003743,E07000010,11376,228441,180,5507,0.032685672780098055,371.83221354639545,female,20-24,344,0.030239099859353025,0.000988385323167522,0.0007879496237540546,2.3826887356838502e-05
2019,E02003743,E07000010,11376,228441,180,5507,0.032685672780098055,371.83221354639545,male,20-24,421,0.03700773558368495,0.0012096227356207174,0.0007879496237540546,2.9160231329154093e-05
2019,E02005567,E07000146,11005,228441,321,5784,0.05549792531120332,610.7546680497925,female,20-24,202,0.018355293048614267,0.001018680682677244,0.001405176829028064,2.579243248193266e-05
2019,E02005567,E07000146,11005,228441,321,5784,0.05549792531120332,610.7546680497925,male,20-24,214,0.019445706497046796,0.001079196366796684,0.001405176829028064,2.732465619373064e-05
2019,E02005551,E07000146,5246,228441,187,2808,0.06659544159544159,349.3596866096866,female,20-24,116,0.02211208539839878,0.0014725640917024826,0.0008185921091222679,1.810077862336696e-05
2019,E02005551,E07000146,5246,228441,187,2808,0.06659544159544159,349.3596866096866,male,20-24,103,0.01963400686237133,0.0013075353572875492,0.0008185921091222679,1.607224308798963e-05
2019,E02005556,E07000146,7408,228441,229,3960,0.057828282828282826,428.39191919191916,female,20-24,159,0.021463282937365012,0.0012411847961254008,0.0010024470213315473,2.151580404855778e-05
2019,E02005556,E07000146,7408,228441,229,3960,0.057828282828282826,428.39191919191916,male,20-24,150,0.020248380129589634,0.0011709290529484913,0.0010024470213315473,2.0297928347696018e-05
2019,E02005553,E07000146,8632,228441,372,4706,0.07904802379940501,682.342541436464,female,20-24,111,0.012859128822984244,0.0010164887212388734,0.0016284292224250463,2.0940181150275735e-05
2019,E02005553,E07000146,8632,228441,372,4706,0.07904802379940501,682.342541436464,male,20-24,116,0.013438368860055607,0.0010622765014748588,0.0016284292224250463,2.1883432553441308e-05
2019,E02005565,E07000146,6996,228441,217,3487,0.062231144250071695,435.36908517350156,female,20-24,168,0.024013722126929673,0.001494401405662099,0.0009499170464146103,2.281104399623421e-05
2019,E02005565,E07000146,6996,228441,217,3487,0.062231144250071695,435.36908517350156,male,20-24,161,0.023013150371640936,0.0014321346804261781,0.0009499170464146103,2.186058382972445e-05
2019,E02005558,E07000146,7087,228441,210,3328,0.06310096153846154,447.1965144230769,female,20-24,156,0.022012134894877945,0.0013889868773811203,0.0009192745610463971,2.0235195643183005e-05
2019,E02005558,E07000146,7087,228441,210,3328,0.06310096153846154,447.1965144230769,male,20-24,134,0.018907859460984902,0.0011931041126222444,0.0009192745610463971,1.7381514206323864e-05
2019,E02005555,E07000146,6847,228441,224,3227,0.06941431670281996,475.27982646420827,female,20-24,112,0.016357528844749527,0.0011354466877049564,0.0009805595317828235,1.6039530825131626e-05
2019,E02005555,E07000146,6847,228441,224,3227,0.06941431670281996,475.27982646420827,male,20-24,135,0.01971666423251059,0.0013686187753586525,0.0009805595317828235,1.9333363048149726e-05
2019,E02005554,E07000146,6905,228441,253,3601,0.07025826159400167,485.13329630658154,female,20-24,86,0.012454742939898624,0.0008750485875574429,0.0011075069711654214,1.379371463001104e-05
2019,E02005554,E07000146,6905,228441,253,3601,0.07025826159400167,485.13329630658154,male,20-24,131,0.01897175959449674,0.001332922848488663,0.0011075069711654214,2.101135600617961e-05
2019,E02005557,E07000146,6655,228441,163,3372,0.04833926453143535,321.6978054567022,female,20-24,196,0.02945154019534185,0.0014236657923608308,0.0007135321592883939,2.1014621069951194e-05
2019,E02005557,E07000146,6655,228441,163,3372,0.04833926453143535,321.6978054567022,male,20-24,219,0.03290758827948911,0.0015907286149337853,0.0007135321592883939,2.3480622522037305e-05
2019,E02005562,E07000146,7150,228441,311,3610,0.08614958448753463,615.9695290858725,female,20-24,137,0.01916083916083916,0.0016506983321387754,0.0013614018499306167,2.608560187978944e-05
2019,E02005562,E07000146,7150,228441,311,3610,0.08614958448753463,615.9695290858725,male,20-24,155,0.021678321678321677,0.0018675784049745267,0.0013614018499306167,2.9512907236258122e-05
2019,E02005573,E07000147,5874,228441,2012,2264,0.8886925795053003,5220.180212014134,female,20-24,113,0.01923731699012598,0.017096060858716195,0.008807525794406433,0.00016943316560570767
2019,E02005573,E07000147,5874,228441,2012,2264,0.8886925795053003,5220.180212014134,male,20-24,131,0.0223016683690841,0.019819327190193112,0.008807525794406433,0.00019642251941900626
2019,E02005577,E07000147,6084,228441,1798,2279,0.78894251864853,4799.926283457657,female,20-24,117,0.019230769230769232,0.015171971512471733,0.007870741241721057,0.00015136040849463573
2019,E02005577,E07000147,6084,228441,1798,2279,0.78894251864853,4799.926283457657,male,20-24,120,0.01972386587771203,0.01556099642304793,0.007870741241721057,0.0001552414446098828
2019,E02005467,E07000140,7563,228441,18,3426,0.005253940455341506,39.73555166374781,female,20-24,167,0.02208118471506016,0.00011601322967632309,7.879496237540546e-05,1.7398861188275435e-06
2019,E02005467,E07000140,7563,228441,18,3426,0.005253940455341506,39.73555166374781,male,20-24,185,0.02446119264841994,0.00012851764964143576,7.879496237540546e-05,1.9274187543897936e-06
2019,E02005505,E07000143,7600,228441,2690,2978,0.9032907991940899,6865.010073875083,female,20-24,205,0.026973684210526316,0.02436508076773532,0.011775469377213372,0.0003176277924116765
2019,E02005505,E07000143,7600,228441,2690,2978,0.9032907991940899,6865.010073875083,male,20-24,173,0.022763157894736843,0.0205617510869181,0.011775469377213372,0.0002680468687181465
2019,E02003732,E07000009,9888,228441,29,3720,0.0077956989247311825,77.08387096774193,female,20-24,260,0.026294498381877023,0.0002049839927619445,0.0001269474393825977,3.3380192394291464e-06
2019,E02003732,E07000009,9888,228441,29,3720,0.0077956989247311825,77.08387096774193,male,20-24,290,0.029328478964401293,0.00022863599192678426,0.0001269474393825977,3.7231753055171245e-06
2019,E02005503,E07000143,7420,228441,2545,2884,0.8824549237170597,6547.815533980583,female,20-24,136,0.018328840970350403,0.016174375960312685,0.011140732180300384,0.00020419670842599085
2019,E02005503,E07000143,7420,228441,2545,2884,0.8824549237170597,6547.815533980583,male,20-24,223,0.030053908355795148,0.02652121940551271,0.011140732180300384,0.0003348225439632056
2019,E02005609,E07000149,7526,228441,2582,2965,0.8708263069139967,6553.838785834739,female,20-24,155,0.02059526973159713,0.017934902680264347,0.01130269960296094,0.00023278214701819632
2019,E02005609,E07000149,7526,228441,2582,2965,0.8708263069139967,6553.838785834739,male,20-24,155,0.02059526973159713,0.017934902680264347,0.01130269960296094,0.00023278214701819632
2019,E02005610,E07000149,8162,228441,2505,3035,0.8253706754530478,6736.675453047776,female,20-24,138,0.016907620681205587,0.013955054301950575,0.010965632263910594,0.00018540275084779
2019,E02005610,E07000149,8162,228441,2505,3035,0.8253706754530478,6736.675453047776,male,20-24,163,0.019970595442293557,0.01648314384940539,0.010965632263910594,0.0002189902057115201
2019,E02005532,E07000144,8282,228441,2878,3062,0.9399085564990203,7784.322664924886,female,20-24,167,0.02016421154310553,0.018952514964421203,0.012598438984245385,0.0002540375887912315
2019,E02005532,E07000144,8282,228441,2878,3062,0.9399085564990203,7784.322664924886,male,20-24,182,0.02197536826853417,0.020654836667812326,0.012598438984245385,0.0002768553362874499
2019,E02005605,E07000149,10777,228441,3610,3878,0.9308922124806601,10032.225373904073,female,20-24,203,0.0188364108750116,0.017534668194634315,0.01580276745417854,0.000297667420729168
2019,E02005605,E07000149,10777,228441,3610,3878,0.9308922124806601,10032.225373904073,male,20-24,216,0.02004268349262318,0.018657577980497598,0.01580276745417854,0.0003167298663916271
2019,E02005515,E07000143,6424,228441,2077,2285,0.9089715536105033,5839.233260393873,female,20-24,140,0.021793275217932753,0.019809467233105615,0.009092063158539842,0.00019814583471288572
2019,E02005515,E07000143,6424,228441,2077,2285,0.9089715536105033,5839.233260393873,male,20-24,150,0.023349937733499377,0.021224429178327443,0.009092063158539842,0.00021229910862094898
2019,E02005592,E07000148,9394,228441,2364,2555,0.9252446183953034,8691.74794520548,female,20-24,1110,0.11816052799659357,0.10932739263559578,0.010348405058636585,0.0012227730056511188
2019,E02005592,E07000148,9394,228441,2364,2555,0.9252446183953034,8691.74794520548,male,20-24,816,0.08686395571641474,0.08037040755914068,0.010348405058636585,0.0008989033987489306
2019,E02006273,E07000245,6726,228441,75,2935,0.02555366269165247,171.8739352640545,female,20-24,129,0.0191793041926851,0.0004901014700004711,0.0003283123432308561,6.296802301037829e-06
2019,E02006273,E07000245,6726,228441,75,2935,0.02555366269165247,171.8739352640545,male,20-24,112,0.016651798988997917,0.0004255144545740524,0.0003283123432308561,5.466991145087107e-06
2019,E02005596,E07000148,9370,228441,3497,3688,0.9482104121475055,8884.731561822126,female,20-24,250,0.026680896478121666,0.02529910384598467,0.015308110190377384,0.00040843410326513836
2019,E02005596,E07000148,9370,228441,3497,3688,0.9482104121475055,8884.731561822126,male,20-24,265,0.028281750266808965,0.026817050076743752,0.015308110190377384,0.0004329401494610466
2019,E02005524,E07000144,5487,228441,1872,2021,0.9262741217219198,5082.466105888174,female,20-24,116,0.02114087843994897,0.019582248609393605,0.008194676087042168,0.00017324265101091517
2019,E02005524,E07000144,5487,228441,1872,2021,0.9262741217219198,5082.466105888174,male,20-24,118,0.021505376344086023,0.019919873585417632,0.008194676087042168,0.00017622959326972406
2019,E02005534,E07000144,7281,228441,2498,2697,0.9262143121987393,6743.766407119021,female,20-24,118,0.016206565032275785,0.015010752484473455,0.01093498977854238,0.00017721862297321808
2019,E02005534,E07000144,7281,228441,2498,2697,0.9262143121987393,6743.766407119021,male,20-24,143,0.019640159318774893,0.018190996654912747,0.01093498977854238,0.00021476494139974735
2019,E02005585,E07000148,11017,228441,3685,3934,0.9367056431113371,10319.6860701576,female,20-24,426,0.0386675138422438,0.03622007842111551,0.016131079797409395,0.0006237487513566671
2019,E02005585,E07000148,11017,228441,3685,3934,0.9367056431113371,10319.6860701576,male,20-24,480,0.04356902968140147,0.0408113559674541,0.016131079797409395,0.0007028154944863856
2019,E02005527,E07000144,8922,228441,2984,3250,0.9181538461538462,8191.768615384616,female,20-24,206,0.02308899349921542,0.02119924818512579,0.013062453762678328,0.00030159891001028195
2019,E02005527,E07000144,8922,228441,2984,3250,0.9181538461538462,8191.768615384616,male,20-24,179,0.020062766195920196,0.018420705947269498,0.013062453762678328,0.0002620689557856333
2019,E02005584,E07000148,10955,228441,3703,3961,0.9348649330977026,10241.445342085332,female,20-24,394,0.035965312642628935,0.03362270959748925,0.016209874759784804,0.0005829932136335201
2019,E02005584,E07000148,10955,228441,3703,3961,0.9348649330977026,10241.445342085332,male,20-24,377,0.034413509812870835,0.03217198354886663,0.016209874759784804,0.0005578386841112616
2019,E02005590,E07000148,11086,228441,3673,3972,0.92472306143001,10251.479859013092,female,20-24,777,0.07008839978351074,0.0648123596185385,0.01607854982249246,0.0011269198278979471
2019,E02005590,E07000148,11086,228441,3673,3972,0.92472306143001,10251.479859013092,male,20-24,582,0.05249864694208912,0.048546709521221885,0.01607854982249246,0.0008441021104718214
2019,E02005607,E07000149,11561,228441,3943,4219,0.9345816544204788,10804.698506755156,female,20-24,262,0.02266239944641467,0.021179862767767964,0.01726047425812354,0.0003911637622721536
2019,E02005607,E07000149,11561,228441,3943,4219,0.9345816544204788,10804.698506755156,male,20-24,267,0.023094887985468385,0.021584058622114682,0.01726047425812354,0.0003986287195674237
2019,E02005601,E07000149,5673,228441,2051,2209,0.9284744228157538,5267.235400633771,female,20-24,112,0.01974264057817733,0.018330536815682075,0.008978248212886479,0.0001772543274886807
2019,E02005601,E07000149,5673,228441,2051,2209,0.9284744228157538,5267.235400633771,male,20-24,119,0.020976555614313414,0.019476195366662206,0.008978248212886479,0.00018833272295672323
2019,E02005516,E07000143,6908,228441,1676,2829,0.592435489572287,4092.5443619653583,female,20-24,137,0.019832078749276203,0.011749227283063596,0.007336686496732198,0.0001455017443619443
2019,E02005516,E07000143,6908,228441,1676,2829,0.592435489572287,4092.5443619653583,male,20-24,130,0.018818760856977416,0.011148901801447206,0.007336686496732198,0.00013806734866461865
2019,E02005465,E07000140,8563,228441,11,3284,0.0033495736906211937,28.68239951278928,female,20-24,190,0.022188485343921524,7.432196674273348e-05,4.815247700719223e-05,1.068430530347603e-06
2019,E02005465,E07000140,8563,228441,11,3284,0.0033495736906211937,28.68239951278928,male,20-24,198,0.02312273735840243,7.745131271084858e-05,4.815247700719223e-05,1.113417078993818e-06
2019,E02005588,E07000148,12054,228441,3867,4106,0.9417924987822699,11352.366780321481,female,20-24,1045,0.08669321387091422,0.08164701851895405,0.016927784416982943,0.0014675240348222313
2019,E02005588,E07000148,12054,228441,3867,4106,0.9417924987822699,11352.366780321481,male,20-24,995,0.08254521320723411,0.07774046260895624,0.016927784416982943,0.0013973075738259522
2019,E02005523,E07000144,8470,228441,2828,3036,0.9314888010540184,7889.710144927536,female,20-24,189,0.02231404958677686,0.02078528729624669,0.012379564088758148,0.00027623820693923137
2019,E02005523,E07000144,8470,228441,2828,3036,0.9314888010540184,7889.710144927536,male,20-24,198,0.023376623376623377,0.02177506288178225,0.012379564088758148,0.000289392407269671
2019,E02006241,E07000245,9054,228441,39,3755,0.010386151797603195,94.03621837549933,female,20-24,247,0.02728075988513364,0.0002833421133209619,0.00017072241848004518,4.657437305563415e-06
2019,E02006241,E07000245,9054,228441,39,3755,0.010386151797603195,94.03621837549933,male,20-24,271,0.0299315219792357,0.0003108733308096384,0.00017072241848004518,5.109981821083747e-06
2019,E02005598,E07000149,9977,228441,3359,3607,0.9312448017743277,9291.029387302468,female,20-24,199,0.019945875513681467,0.018574492888953714,0.014704015478832608,0.0002932844622920406
2019,E02005598,E07000149,9977,228441,3359,3607,0.9312448017743277,9291.029387302468,male,20-24,173,0.017339881727974342,0.016147674722557754,0.014704015478832608,0.00025496588932926145
2019,E02005576,E07000147,6730,228441,2567,2849,0.901017901017901,6063.8504738504735,female,20-24,112,0.01664190193164933,0.014994651547400433,0.011237037134314768,0.0001870056699915682
2019,E02005576,E07000147,6730,228441,2567,2849,0.901017901017901,6063.8504738504735,male,20-24,128,0.01901931649331352,0.017136744625600494,0.011237037134314768,0.00021372076570464935
2019,E02005525,E07000144,10164,228441,3168,3381,0.9370008873114463,9523.67701863354,female,20-24,242,0.023809523809523808,0.022309544935986813,0.013867913378071361,0.0003301884137636038
2019,E02005525,E07000144,10164,228441,3168,3381,0.9370008873114463,9523.67701863354,male,20-24,302,0.02971271153089335,0.02784083706887611,0.013867913378071361,0.0004120533097380511
2019,E02003738,E07000009,6280,228441,13,2354,0.0055225148683092605,34.68139337298216,female,20-24,133,0.021178343949044585,0.00011695771934476618,5.690747282668173e-05,1.2052060327943742e-06
2019,E02003738,E07000009,6280,228441,13,2354,0.0055225148683092605,34.68139337298216,male,20-24,139,0.022133757961783438,0.00012223400743550751,5.690747282668173e-05,1.2595762297625412e-06
2019,E02005603,E07000149,11652,228441,3684,3943,0.9343139741313721,10886.626426578747,female,20-24,235,0.020168211465842772,0.018843441805773464,0.01612670229949965,0.0003252467422230019
2019,E02005603,E07000149,11652,228441,3684,3943,0.9343139741313721,10886.626426578747,male,20-24,242,0.020768966700995536,0.019404735817009272,0.01612670229949965,0.0003349349430551764
2019,E02005600,E07000149,6635,228441,2020,2210,0.9140271493212669,6064.570135746606,female,20-24,114,0.017181612660135643,0.01570446044048597,0.008842545777684391,0.0001519291964816911
2019,E02005600,E07000149,6635,228441,2020,2210,0.9140271493212669,6064.570135746606,male,20-24,179,0.02697814619442351,0.024658758060061306,0.008842545777684391,0.00023855549272125184
2019,E02005513,E07000143,9953,228441,3432,3696,0.9285714285714286,9242.07142857143,female,20-24,223,0.022405304933185974,0.020804926009386975,0.015023572826243975,0.0003366077303579229
2019,E02005513,E07000143,9953,228441,3432,3696,0.9285714285714286,9242.07142857143,male,20-24,284,0.028534110318496935,0.02649595958146144,0.015023572826243975,0.00042868428440201835
2019,E02006238,E07000245,9785,228441,133,4511,0.029483484814896918,288.4958989137663,female,20-24,223,0.022789984670413897,0.0006719281669618817,0.0005822072219960515,1.3268493664294274e-05
2019,E02006238,E07000245,9785,228441,133,4511,0.029483484814896918,288.4958989137663,male,20-24,218,0.02227899846704139,0.0006568625129941265,0.0005822072219960515,1.2970993806350457e-05
2019,E02005572,E07000147,7738,228441,3064,3314,0.9245624622812312,7154.264333132167,female,20-24,147,0.018997156888084777,0.01756405814879051,0.013412653595457909,0.0002548022846384483
2019,E02005572,E07000147,7738,228441,3064,3314,0.9245624622812312,7154.264333132167,male,20-24,132,0.01705867149134143,0.015771807317281276,0.013412653595457909,0.00022880205151207597
2019,E02005518,E07000143,11391,228441,609,4444,0.13703870387038705,1561.007875787579,female,20-24,279,0.024493020805899393,0.003356491825110876,0.0026658962270345514,6.529585175512596e-05
2019,E02005518,E07000143,11391,228441,609,4444,0.13703870387038705,1561.007875787579,male,20-24,302,0.02651215872179791,0.0036331918680411633,0.0026658962270345514,7.067866390698222e-05
2019,E02005574,E07000147,7117,228441,2517,2774,0.9073540014419611,6457.638428262437,female,20-24,92,0.01292679499789237,0.011729179167157568,0.01101816223882753,0.0001424295245148423
2019,E02005574,E07000147,7117,228441,2517,2774,0.9073540014419611,6457.638428262437,male,20-24,189,0.026556133202191936,0.024095813723834573,0.01101816223882753,0.0002925997840576652
2019,E02005570,E07000147,7365,228441,2562,2824,0.9072237960339944,6681.703257790368,female,20-24,123,0.01670061099796334,0.015151191705659378,0.011215149644766045,0.0001872998515011845
2019,E02005570,E07000147,7365,228441,2562,2824,0.9072237960339944,6681.703257790368,male,20-24,134,0.018194161575016972,0.016506176329742734,0.011215149644766045,0.00020405024472486762
2019,E02005521,E07000144,8781,228441,2751,2985,0.9216080402010051,8092.640201005025,female,20-24,176,0.020043275253387997,0.018472043625484217,0.012042496749707803,0.0002413710770924238
2019,E02005521,E07000144,8781,228441,2751,2985,0.9216080402010051,8092.640201005025,male,20-24,203,0.02311809588885093,0.021305823045302815,0.012042496749707803,0.0002783995946009206
2019,E02003746,E07000010,7756,228441,12,3266,0.003674219228413962,28.49724433557869,female,20-24,188,0.024239298607529654,8.906049702705323e-05,5.252997491693698e-05,1.2732897478576782e-06
2019,E02003746,E07000010,7756,228441,12,3266,0.003674219228413962,28.49724433557869,male,20-24,212,0.027333677153171736,0.000100429922179443,5.252997491693698e-05,1.4358373752437647e-06
2019,E02003751,E07000010,7027,228441,8,3191,0.0025070510811657787,17.617047947351928,female,20-24,140,0.01992315355059058,4.9948363649239936e-05,3.501998327795798e-05,6.977085041858713e-07
2019,E02003751,E07000010,7027,228441,8,3191,0.0025070510811657787,17.617047947351928,male,20-24,136,0.019353920592002277,4.852126754497594e-05,3.501998327795798e-05,6.777739754948464e-07
2019,E02005575,E07000147,7169,228441,2376,2621,0.9065242273941244,6498.872186188478,female,20-24,115,0.016041288882689356,0.014541817010785926,0.010400935033553521,0.00016684440352331635
2019,E02005575,E07000147,7169,228441,2376,2621,0.9065242273941244,6498.872186188478,male,20-24,118,0.01645975728832473,0.014921168758893384,0.010400935033553521,0.0001711968662239246
2019,E02005468,E07000140,7623,228441,12,2918,0.00411240575736806,31.348869088416723,female,20-24,135,0.01770956316410862,7.282890951655361e-05,5.252997491693698e-05,9.302829088005369e-07
2019,E02005468,E07000140,7623,228441,12,2918,0.00411240575736806,31.348869088416723,male,20-24,158,0.020726747999475274,8.523679780455904e-05,5.252997491693698e-05,1.08877555252211e-06
2019,E02003750,E07000010,7481,228441,9,3479,0.0025869502730669733,19.352974992814026,female,20-24,193,0.025798690014703918,6.67399281783085e-05,3.939748118770273e-05,1.016403404521672e-06
2019,E02003750,E07000010,7481,228441,9,3479,0.0025869502730669733,19.352974992814026,male,20-24,208,0.027803769549525466,7.19269692284361e-05,3.939748118770273e-05,1.0953984877746515e-06
2019,E02005508,E07000143,7007,228441,2441,2632,0.9274316109422492,6498.51329787234,female,20-24,138,0.01969459112316255,0.018265386372203565,0.01068547239768693,0.00021044600983028346
2019,E02005508,E07000143,7007,228441,2441,2632,0.9274316109422492,6498.51329787234,male,20-24,168,0.023976023976023976,0.022236122540073906,0.01068547239768693,0.00025619514240208423
2019,E02003753,E07000011,11314,228441,11,3948,0.002786220871327254,31.523302938196554,female,20-24,257,0.022715220081315185,6.328962028735234e-05,4.815247700719223e-05,1.0937941126788406e-06
2019,E02003753,E07000011,11314,228441,11,3948,0.002786220871327254,31.523302938196554,male,20-24,282,0.024924871840197985,6.944619813631657e-05,4.815247700719223e-05,1.2001943181923467e-06
2019,E02005599,E07000149,6569,228441,2263,2427,0.9324268644416975,6125.1120725175115,female,20-24,124,0.018876541330491704,0.01760099424429449,0.009906277769752366,0.0001869962617520617
2019,E02005599,E07000149,6569,228441,2263,2427,0.9324268644416975,6125.1120725175115,male,20-24,122,0.018572080986451515,0.017317107240354256,0.009906277769752366,0.00018398019301412523
2019,E02003245,E06000031,7836,228441,8,2848,0.0028089887640449437,22.01123595505618,female,20-24,205,0.026161306789178152,7.348681682353414e-05,3.501998327795798e-05,9.161685262865475e-07
2019,E02003245,E06000031,7836,228441,8,2848,0.0028089887640449437,22.01123595505618,male,20-24,239,0.030500255232261356,8.567487424792516e-05,3.501998327795798e-05,1.068118428207243e-06
2019,E02005526,E07000144,5348,228441,1968,2102,0.9362511893434824,5007.071360608944,female,20-24,139,0.025991024682124157,0.02433412777089455,0.008614915886377665,0.00022391049143726538
2019,E02005526,E07000144,5348,228441,1968,2102,0.9362511893434824,5007.071360608944,male,20-24,120,0.02243829468960359,0.021007880089980908,0.008614915886377665,0.00019330402138468956
2019,E02005528,E07000144,8597,228441,2743,2924,0.9380984952120383,8064.832763337893,female,20-24,199,0.023147609631266722,0.021714737762846995,0.012007476766429845,0.0002779443848458229
2019,E02005528,E07000144,8597,228441,2743,2924,0.9380984952120383,8064.832763337893,male,20-24,186,0.021635454228219147,0.02029618705472131,0.012007476766429845,0.00025978721397649775
2019,E02005530,E07000144,5483,228441,2031,2157,0.9415855354659249,5162.713490959666,female,20-24,100,0.018238190771475468,0.01717281662348942,0.008890698254691583,0.00016215025086068909
2019,E02005530,E07000144,5483,228441,2031,2157,0.9415855354659249,5162.713490959666,male,20-24,130,0.02370964800291811,0.022324661610536246,0.008890698254691583,0.0002107953261188958
2019,E02005581,E07000147,8362,228441,2689,2942,0.9140040788579198,7642.9021074099255,female,20-24,151,0.018057880889739298,0.0165049767887522,0.011771091879303627,0.0002125609750986424
2019,E02005581,E07000147,8362,228441,2689,2942,0.9140040788579198,7642.9021074099255,male,20-24,204,0.024396077493422628,0.022298114337122178,0.011771091879303627,0.00028716846966968907
2019,E02006274,E07000245,6820,228441,80,2816,0.028409090909090908,193.75,female,20-24,172,0.025219941348973606,0.0007164756065049319,0.0003501998327795799,8.83201924312137e-06
2019,E02006274,E07000245,6820,228441,80,2816,0.028409090909090908,193.75,male,20-24,305,0.04472140762463343,0.0012704945347907224,0.0003501998327795799,1.5661429471814057e-05
2019,E02005586,E07000148,9889,228441,3031,3232,0.937809405940594,9273.997215346535,female,20-24,418,0.042269187986651836,0.03964044207535325,0.013268196164436332,0.0005608358779183322
2019,E02005586,E07000148,9889,228441,3031,3232,0.937809405940594,9273.997215346535,male,20-24,342,0.03458388107998787,0.032433088970743575,0.013268196164436332,0.00045886571829681724
2019,E02006908,E07000148,5715,228441,1741,1868,0.9320128479657388,5326.453426124197,female,20-24,202,0.03534558180227471,0.03294253635854404,0.007621223860865606,0.0002693765914076732
2019,E02006908,E07000148,5715,228441,1741,1868,0.9320128479657388,5326.453426124197,male,20-24,198,0.03464566929133858,0.03229020890589961,0.007621223860865606,0.0002640424014788084
2019,E02006281,E07000245,8800,228441,31,4082,0.007594316511513963,66.82998530132288,female,20-24,178,0.020227272727272726,0.00015361231125562335,0.0001357024352020872,2.7448901665876726e-06
2019,E02006281,E07000245,8800,228441,31,4082,0.007594316511513963,66.82998530132288,male,20-24,184,0.02090909090909091,0.0001587902543316556,0.0001357024352020872,2.8374145542254596e-06
2019,E02006316,E07000244,7206,228441,1008,3252,0.30996309963099633,2233.5940959409595,female,20-24,131,0.018179295031917845,0.005634910637199627,0.0044125178930227065,8.021646461087628e-05
2019,E02006316,E07000244,7206,228441,1008,3252,0.30996309963099633,2233.5940959409595,male,20-24,131,0.018179295031917845,0.005634910637199627,0.0044125178930227065,8.021646461087628e-05
2019,E02006307,E07000244,7303,228441,507,3269,0.15509330070357907,1132.646375038238,female,20-24,139,0.01903327399698754,0.002951933287388401,0.0022193914402405873,4.22422853886679e-05
2019,E02006307,E07000244,7303,228441,507,3269,0.15509330070357907,1132.646375038238,male,20-24,144,0.01971792414076407,0.0030581179380138827,0.0022193914402405873,4.376179205732501e-05
2019,E02006302,E07000244,6742,228441,476,3081,0.15449529373580007,1041.607270366764,female,20-24,116,0.017205576980124593,0.0026581806694382687,0.0020836890050385,3.585107157882913e-05
2019,E02006302,E07000244,6742,228441,476,3081,0.15449529373580007,1041.607270366764,male,20-24,126,0.01868881637496292,0.002887334175424326,0.0020836890050385,3.894168119769371e-05
2019,E02006907,E07000148,6796,228441,1842,1988,0.9265593561368209,6296.897384305835,female,20-24,453,0.066656856974691,0.06176153448057385,0.008063351149749825,0.0005374776443255843
2019,E02006907,E07000148,6796,228441,1842,1988,0.9265593561368209,6296.897384305835,male,20-24,321,0.047233666862860506,0.04376479595643312,0.008063351149749825,0.00038086164200554646
2019,E02006304,E07000244,7774,228441,519,3641,0.14254325734688272,1108.1312826146664,female,20-24,150,0.019295086184718292,0.002750384435558581,0.0022719214151575243,4.383691951037158e-05
2019,E02006304,E07000244,7774,228441,519,3641,0.14254325734688272,1108.1312826146664,male,20-24,141,0.018137381013635195,0.002585361369425066,0.0022719214151575243,4.120670433974928e-05
2019,E02006309,E07000244,6899,228441,465,3371,0.1379412637199644,951.6567784040344,female,20-24,170,0.02464125235541383,0.003399045489548333,0.002035536528031308,5.015816926588236e-05
2019,E02006309,E07000244,6899,228441,465,3371,0.1379412637199644,951.6567784040344,male,20-24,168,0.02435135526887955,0.0033590567190830583,0.002035536528031308,4.9568073156871976e-05
2019,E02006825,E07000009,6602,228441,13,2349,0.005534269902085994,36.53724989357173,female,20-24,117,0.01772190245380188,9.807779135777967e-05,5.690747282668173e-05,1.0085086823268348e-06
2019,E02006825,E07000009,6602,228441,13,2349,0.005534269902085994,36.53724989357173,male,20-24,134,0.020296879733414118,0.00011232841061489294,5.690747282668173e-05,1.155044131895691e-06
2019,E02005608,E07000149,7756,228441,2353,3208,0.7334788029925187,5688.861596009975,female,20-24,157,0.020242392986075296,0.014847366177130663,0.010300252581629392,0.00020850176061317877
2019,E02005608,E07000149,7756,228441,2353,3208,0.7334788029925187,5688.861596009975,male,20-24,151,0.019468798349664775,0.014279950909214842,0.010300252581629392,0.00020053354046235664
2019,E02005587,E07000148,9985,228441,3668,3934,0.9323843416370107,9309.857651245551,female,20-24,246,0.024636955433149723,0.02297111147147768,0.016056662332943734,0.00039558727430186863
2019,E02005587,E07000148,9985,228441,3668,3934,0.9323843416370107,9309.857651245551,male,20-24,289,0.028943415122684026,0.026986387053890445,0.016056662332943734,0.00046473464338715466
2019,E02006308,E07000244,7736,228441,477,3755,0.12703062583222371,982.7089214380827,female,20-24,248,0.03205791106514995,0.004072336505479768,0.0020880665029482447,6.693905024963349e-05
2019,E02006308,E07000244,7736,228441,477,3755,0.12703062583222371,982.7089214380827,male,20-24,240,0.031023784901758014,0.003940970811754613,0.0020880665029482447,6.47797260480324e-05
2019,E02006305,E07000244,10024,228441,525,4350,0.1206896551724138,1209.7931034482758,female,20-24,334,0.033320031923383876,0.00402138316316702,0.002298186402615993,7.657564430105163e-05
2019,E02006305,E07000244,10024,228441,525,4350,0.1206896551724138,1209.7931034482758,male,20-24,295,0.029429369513168397,0.003551820458485841,0.002298186402615993,6.763417685272525e-05
2019,E02006314,E07000244,7383,228441,1607,3302,0.4866747425802544,3593.119624470018,female,20-24,145,0.019639712853853446,0.00955815219749924,0.00703463914095981,0.00013815829275892896
2019,E02006314,E07000244,7383,228441,1607,3302,0.4866747425802544,3593.119624470018,male,20-24,213,0.028850060950832996,0.014040595986671298,0.00703463914095981,0.00020294976798380598
2019,E02006279,E07000245,8825,228441,36,4024,0.008946322067594433,78.95129224652088,female,20-24,156,0.017677053824362608,0.00015814461671894976,0.00015758992475081092,2.785725581997338e-06
2019,E02006279,E07000245,8825,228441,36,4024,0.008946322067594433,78.95129224652088,male,20-24,194,0.02198300283286119,0.000196667023355617,0.00015758992475081092,3.464299762227458e-06
2019,E02006315,E07000244,5848,228441,517,2641,0.19575918212798182,1144.7996970844376,female,20-24,128,0.02188782489740082,0.004284742700475662,0.002263166419338035,4.9535790300148504e-05
2019,E02006315,E07000244,5848,228441,517,2641,0.19575918212798182,1144.7996970844376,male,20-24,126,0.021545827633378933,0.00421779359578073,0.002263166419338035,4.876179357670868e-05
2019,E02006276,E07000245,6874,228441,26,2902,0.00895933838731909,61.586492074431426,female,20-24,114,0.016584230433517602,0.0001485837323471598,0.00011381494565336345,1.887533285493662e-06
2019,E02006276,E07000245,6874,228441,26,2902,0.00895933838731909,61.586492074431426,male,20-24,108,0.01571137620017457,0.00014076353590783557,0.00011381494565336345,1.7881894283624167e-06
2019,E02006278,E07000245,8793,228441,28,3456,0.008101851851851851,71.23958333333333,female,20-24,226,0.02570226316388036,0.00020823592841106772,0.00012256994147285294,3.1503248917166796e-06
2019,E02006278,E07000245,8793,228441,28,3456,0.008101851851851851,71.23958333333333,male,20-24,249,0.0283179802115319,0.0002294280804175038,0.00012256994147285294,3.4709331771568727e-06
2019,E02006277,E07000245,7994,228441,17,2787,0.006099748833871547,48.76139217796914,female,20-24,177,0.02214160620465349,0.00013505823662687813,7.441746446566072e-05,1.647722192947454e-06
2019,E02006277,E07000245,7994,228441,17,2787,0.006099748833871547,48.76139217796914,male,20-24,233,0.02914686014510883,0.00017778852618114465,7.441746446566072e-05,2.169035429134219e-06
2019,E02006275,E07000245,7142,228441,24,3181,0.007544797233574348,53.88494184218799,female,20-24,183,0.025623074768972277,0.0001933209036326107,0.00010505994983387396,2.6919589498178292e-06
2019,E02006275,E07000245,7142,228441,24,3181,0.007544797233574348,53.88494184218799,male,20-24,232,0.032483898067768135,0.00024508442427740814,0.00010505994983387396,3.4127567014083954e-06
2019,E02005550,E07000145,7234,228441,448,3415,0.13118594436310396,948.999121522694,female,20-24,164,0.022670721592479955,0.002974080021502495,0.001961119063565647,4.445998429980178e-05
2019,E02005550,E07000145,7234,228441,448,3415,0.13118594436310396,948.999121522694,male,20-24,175,0.024191318772463367,0.003173560998554492,0.001961119063565647,4.7442056417471414e-05
2019,E02003758,E07000011,9606,228441,8,3798,0.00210637177461822,20.23380726698262,female,20-24,174,0.01811367895065584,3.8154142076157636e-05,3.501998327795798e-05,6.34340733954267e-07
2019,E02003758,E07000011,9606,228441,8,3798,0.00210637177461822,20.23380726698262,male,20-24,208,0.021653133458255258,4.5609549148510285e-05,3.501998327795798e-05,7.582923716234916e-07
2019,E02003775,E07000012,6886,228441,8,2586,0.0030935808197989174,21.302397525135344,female,20-24,124,0.018007551553877434,5.570781609861542e-05,3.501998327795798e-05,6.30624154293754e-07
2019,E02003775,E07000012,6886,228441,8,2586,0.0030935808197989174,21.302397525135344,male,20-24,148,0.021492884112692418,6.648997405318614e-05,3.501998327795798e-05,7.526804422215773e-07
2019,E02005531,E07000144,5447,228441,1858,1969,0.9436262061960387,5139.931945149822,female,20-24,137,0.025151459519001284,0.023733576326208424,0.008133391116305741,0.00020456665741396853
2019,E02005531,E07000144,5447,228441,1858,1969,0.9436262061960387,5139.931945149822,male,20-24,123,0.022581237378373416,0.02130824735856669,0.008133391116305741,0.0001836620354884535
2019,E02005536,E07000144,6216,228441,2430,2679,0.9070548712206047,5638.253079507279,female,20-24,105,0.016891891891891893,0.015321872824672378,0.010637319920679738,0.0001796844581195902
2019,E02005536,E07000144,6216,228441,2430,2679,0.9070548712206047,5638.253079507279,male,20-24,119,0.019144144144144143,0.017364789201295357,0.010637319920679738,0.00020364238586886884
2019,E02005582,E07000147,6991,228441,2342,3094,0.7569489334195216,5291.8299935358755,female,20-24,156,0.02231440423401516,0.016890864484829834,0.0102521001046222,0.0002287695059821289
2019,E02005582,E07000147,6991,228441,2342,3094,0.7569489334195216,5291.8299935358755,male,20-24,150,0.02145615791732227,0.016241215850797918,0.0102521001046222,0.00021997067882897008
2019,E02005522,E07000144,5534,228441,1858,1985,0.9360201511335012,5179.935516372796,female,20-24,109,0.01969642211781713,0.018436248007508427,0.008133391116305741,0.00016019870467606177
2019,E02005522,E07000144,5534,228441,1858,1985,0.9360201511335012,5179.935516372796,male,20-24,118,0.021322732200939647,0.0199585070173027,0.008133391116305741,0.00017342612065848889
2019,E02005549,E07000145,5270,228441,397,2637,0.15054986727341677,793.3978005309064,female,20-24,92,0.0174573055028463,0.0026281950264049983,0.001737866670168665,3.033846938434861e-05
2019,E02005549,E07000145,5270,228441,397,2637,0.15054986727341677,793.3978005309064,male,20-24,123,0.02333965844402277,0.003513782480954509,0.001737866670168665,4.0561214502987814e-05
2019,E02005606,E07000149,5848,228441,1025,2229,0.4598474652310453,2689.187976671153,female,20-24,93,0.015902872777017785,0.007312895736403423,0.004486935357488367,7.135516214884032e-05
2019,E02005606,E07000149,5848,228441,1025,2229,0.4598474652310453,2689.187976671153,male,20-24,159,0.027188782489740083,0.012502692710625207,0.004486935357488367,0.00012199430948027538
2019,E02005529,E07000144,5904,228441,2426,2537,0.9562475364603863,5645.685455262121,female,20-24,111,0.018800813008130083,0.017978231122476776,0.010619809929040758,0.0001996610606577785
2019,E02005529,E07000144,5904,228441,2426,2537,0.9562475364603863,5645.685455262121,male,20-24,106,0.017953929539295393,0.01716840089173458,0.010619809929040758,0.0001906673191867074
2019,E02006310,E07000244,8522,228441,490,3371,0.14535746069415603,1238.7362800355977,female,20-24,196,0.022999295939920207,0.003343119255580214,0.0021449739757749267,4.9332891252274776e-05
2019,E02006310,E07000244,8522,228441,490,3371,0.14535746069415603,1238.7362800355977,male,20-24,232,0.02722365641868106,0.003957161567829641,0.0021449739757749267,5.839403454350892e-05
2019,E02005541,E07000145,5924,228441,391,2884,0.1355755894590846,803.1497919556172,female,20-24,151,0.02548953409858204,0.003455758610452697,0.0017116016827101964,4.3627929454631947e-05
2019,E02005541,E07000145,5924,228441,391,2884,0.1355755894590846,803.1497919556172,male,20-24,181,0.030553679945982445,0.004142333168820782,0.0017116016827101964,5.2295730008532336e-05
2019,E02005537,E07000144,6050,228441,1455,2548,0.5710361067503925,3454.768445839875,female,20-24,120,0.019834710743801654,0.011326336001660678,0.0063692594586786085,0.0001263324190151129
2019,E02005537,E07000144,6050,228441,1455,2548,0.5710361067503925,3454.768445839875,male,20-24,180,0.02975206611570248,0.016989504002491017,0.0063692594586786085,0.00018949862852266934
2019,E02005546,E07000145,7892,228441,496,3877,0.12793396956409595,1009.6548877998453,female,20-24,308,0.039026862645717184,0.004992861457899335,0.002171238963233395,8.47366447891391e-05
2019,E02005546,E07000145,7892,228441,496,3877,0.12793396956409595,1009.6548877998453,male,20-24,226,0.02863659401926001,0.0036635931476793823,0.002171238963233395,6.217688870891375e-05
2019,E02005543,E07000145,9707,228441,592,4599,0.12872363557295063,1249.5203305066318,female,20-24,330,0.03399608529926857,0.004376099694969992,0.0025914787625688908,8.810013306353498e-05
2019,E02005543,E07000145,9707,228441,592,4599,0.12872363557295063,1249.5203305066318,male,20-24,351,0.03615947254558566,0.004654578766468082,0.0025914787625688908,9.37065051675781e-05
2019,E02005484,E07000141,7211,228441,9,2876,0.003129346314325452,22.565716272600834,female,20-24,109,0.015115795312716682,4.730255834994789e-05,3.939748118770273e-05,5.955242614699206e-07
2019,E02005484,E07000141,7211,228441,9,2876,0.003129346314325452,22.565716272600834,male,20-24,133,0.018444043821938705,5.7717800555441006e-05,3.939748118770273e-05,7.266488694999949e-07
2019,E02005539,E07000145,7534,228441,806,3487,0.23114425007169487,1741.440780040149,female,20-24,145,0.019246084417308202,0.004448621749455237,0.003528263315254267,6.790525361187532e-05
2019,E02005539,E07000145,7534,228441,806,3487,0.23114425007169487,1741.440780040149,male,20-24,154,0.020440668967348023,0.004724743099421424,0.003528263315254267,7.212006245675035e-05
2019,E02005545,E07000145,6351,228441,437,2936,0.14884196185286103,945.2952997275204,female,20-24,110,0.017320107069752795,0.002577958715763614,0.001912966586558455,3.313278610005197e-05
2019,E02005545,E07000145,6351,228441,437,2936,0.14884196185286103,945.2952997275204,male,20-24,128,0.020154306408439616,0.002999806505615842,0.001912966586558455,3.855451473460592e-05
2019,E02005533,E07000144,8917,228441,2992,3481,0.8595231255386383,7664.367710428038,female,20-24,150,0.0168218010541662,0.014458727019266093,0.013097473745956286,0.0002203230976666416
2019,E02005533,E07000144,8917,228441,2992,3481,0.8595231255386383,7664.367710428038,male,20-24,159,0.017831109117416172,0.015326250640422059,0.013097473745956286,0.00023354248352664008
2019,E02005583,E07000147,8736,228441,3117,4005,0.7782771535580524,6799.029213483145,female,20-24,148,0.01694139194139194,0.013185098297457846,0.01364466098467438,0.00023115954964878754
2019,E02005583,E07000147,8736,228441,3117,4005,0.7782771535580524,6799.029213483145,male,20-24,170,0.01945970695970696,0.015145045341674554,0.01364466098467438,0.00026552110432631
2019,E02003785,E07000012,9173,228441,8,3105,0.0025764895330112722,23.6341384863124,female,20-24,197,0.021476071078164176,5.5332872343096106e-05,3.501998327795798e-05,7.520916500335465e-07
2019,E02003785,E07000012,9173,228441,8,3105,0.0025764895330112722,23.6341384863124,male,20-24,204,0.022239180202768997,5.7299015015185826e-05,3.501998327795798e-05,7.788157188164645e-07
2019,E02003254,E06000031,8600,228441,8,3068,0.002607561929595828,22.42503259452412,female,20-24,125,0.014534883720930232,3.790060944179982e-05,3.501998327795798e-05,5.090113848540405e-07
2019,E02003254,E06000031,8600,228441,8,3068,0.002607561929595828,22.42503259452412,male,20-24,123,0.01430232558139535,3.7294199690731025e-05,3.501998327795798e-05,5.008672026963758e-07
2019,E02003726,E07000008,8442,228441,9,2085,0.004316546762589928,36.44028776978417,female,20-24,819,0.09701492537313433,0.0004187694620423065,3.939748118770273e-05,3.822143697314444e-06
2019,E02003726,E07000008,8442,228441,9,2085,0.004316546762589928,36.44028776978417,male,20-24,734,0.08694622127457949,0.0003753074299622136,3.939748118770273e-05,3.4254621170070843e-06
2019,E02005544,E07000145,7497,228441,439,3315,0.13242835595776772,992.8153846153846,female,20-24,233,0.031079098305989063,0.004115753893311975,0.0019217215823779444,5.9725373975465e-05
2019,E02005544,E07000145,7497,228441,439,3315,0.13242835595776772,992.8153846153846,male,20-24,280,0.03734827264239029,0.00494597034389422,0.0019217215823779444,7.177298160141715e-05
2019,E02005446,E07000138,10958,228441,11,1999,0.005502751375687844,60.29914957478739,female,20-24,2274,0.2075196203686804,0.0011419288764659753,4.815247700719223e-05,9.992583748344144e-06
2019,E02005446,E07000138,10958,228441,11,1999,0.005502751375687844,60.29914957478739,male,20-24,2296,0.2095272860010951,0.0011529765612866665,4.815247700719223e-05,1.0089257821547123e-05
2019,E02005593,E07000148,12414,228441,2398,2647,0.9059312429165093,11246.230449565546,female,25-29,519,0.04180763653939101,0.03787484413353217,0.010497239987567906,0.00043886479406700043
2019,E02005593,E07000148,12414,228441,2398,2647,0.9059312429165093,11246.230449565546,male,25-29,591,0.04760753987433543,0.04312915777055397,0.010497239987567906,0.0004997477712786074
2019,E02006287,E07000244,6179,228441,545,2715,0.2007366482504604,1240.3517495395947,female,25-29,75,0.012137886389383396,0.0024365186306497056,0.0023857363608108875,2.8957796902543544e-05
2019,E02006287,E07000244,6179,228441,545,2715,0.2007366482504604,1240.3517495395947,male,25-29,82,0.013270755785725846,0.0026639270361770114,0.0023857363608108875,3.166052461344761e-05
2019,E02006233,E07000200,11790,228441,40,5050,0.007920792079207921,93.38613861386139,female,25-29,377,0.03197625106022053,0.00025327723612055865,0.00017509991638978994,5.599038887103546e-06
2019,E02006233,E07000200,11790,228441,40,5050,0.007920792079207921,93.38613861386139,male,25-29,366,0.03104325699745547,0.00024588718413826114,0.00017509991638978994,5.435671704721214e-06
2019,E02006288,E07000244,9562,228441,114,3453,0.03301476976542137,315.68722849695916,female,25-29,133,0.013909224011713031,0.00045920982836237633,0.0004990347617109013,6.941186290268758e-06
2019,E02006288,E07000244,9562,228441,114,3453,0.03301476976542137,315.68722849695916,male,25-29,131,0.013700062748379,0.00045230441740955863,0.0004990347617109013,6.836807549061709e-06
2019,E02006311,E07000244,8471,228441,917,3751,0.24446814182884563,2070.889629432151,female,25-29,202,0.02384606303860229,0.005829602720980618,0.004014165583235934,9.57220455452318e-05
2019,E02006311,E07000244,8471,228441,917,3751,0.24446814182884563,2070.889629432151,male,25-29,237,0.027977806634399718,0.006839682400358448,0.004014165583235934,0.00011230754848623731
2019,E02006256,E07000202,9754,228441,48,4135,0.011608222490931077,113.22660217654172,female,25-29,459,0.047057617387738365,0.0005462552925299738,0.00021011989966774792,9.887741844114855e-06
2019,E02006256,E07000202,9754,228441,48,4135,0.011608222490931077,113.22660217654172,male,25-29,438,0.04490465450071766,0.0005212632203227201,0.00021011989966774792,9.43536149830568e-06
2019,E02006251,E07000202,10928,228441,70,3797,0.018435607058203844,201.4643139320516,female,25-29,535,0.04895680819912152,0.0009025484787828565,0.0003064248536821324,1.500158278916003e-05
2019,E02006251,E07000202,10928,228441,70,3797,0.018435607058203844,201.4643139320516,male,25-29,571,0.0522510980966325,0.0009632807128691797,0.0003064248536821324,1.601103508899136e-05
2019,E02004577,E07000076,5680,228441,11,2201,0.004997728305315766,28.387096774193548,female,25-29,119,0.020950704225352113,0.00010470592752334087,4.815247700719223e-05,1.0088283034957528e-06
2019,E02004577,E07000076,5680,228441,11,2201,0.004997728305315766,28.387096774193548,male,25-29,135,0.023767605633802816,0.00011878403542563879,4.815247700719223e-05,1.1444690837977026e-06
2019,E02005542,E07000145,7554,228441,451,3494,0.12907842014882656,975.0583858042359,female,25-29,274,0.03627217368281705,0.004681954874341869,0.0019742515572948815,7.161039537977197e-05
2019,E02005542,E07000145,7554,228441,451,3494,0.12907842014882656,975.0583858042359,male,25-29,343,0.04540640720148266,0.005860987306201683,0.0019742515572948815,8.964367012869266e-05
2019,E02005611,E07000149,11199,228441,3134,4161,0.753184330689738,8434.911319394376,female,25-29,278,0.02482364496830074,0.018696780420729277,0.01371907844914004,0.0003405575327137183
2019,E02005611,E07000149,11199,228441,3134,4161,0.753184330689738,8434.911319394376,male,25-29,344,0.030717028306098758,0.02313558440550673,0.01371907844914004,0.00042140932105582405
2019,E02005595,E07000148,8952,228441,3128,3359,0.9312295325989878,8336.366775826138,female,25-29,207,0.023123324396782843,0.02153312257015086,0.013692813461681571,0.000316623367579098
2019,E02005595,E07000148,8952,228441,3128,3359,0.9312295325989878,8336.366775826138,male,25-29,178,0.019883824843610367,0.018516404915395423,0.013692813461681571,0.0002722655044883065
2019,E02006293,E07000244,11451,228441,88,4406,0.01997276441216523,228.70812528370405,female,25-29,226,0.01973626757488429,0.0003941878226486195,0.00038521981605753786,7.602801364859276e-06
2019,E02006293,E07000244,11451,228441,88,4406,0.01997276441216523,228.70812528370405,male,25-29,509,0.04445026635228364,0.0008877946979121563,0.00038521981605753786,1.712312342793527e-05
2019,E02004521,E07000071,9189,228441,8,3522,0.002271436683702442,20.87223168654174,female,25-29,404,0.043965611056698224,9.986510177557802e-05,3.501998327795798e-05,1.5396749640107765e-06
2019,E02004521,E07000071,9189,228441,8,3522,0.002271436683702442,20.87223168654174,male,25-29,331,0.036021329850908695,8.182017001909982e-05,3.501998327795798e-05,1.2614663690286312e-06
2019,E02004507,E07000071,9933,228441,11,3434,0.00320326150262085,31.817996505532903,female,25-29,445,0.04480016107923085,0.00014350663129631314,4.815247700719223e-05,2.1572387262861717e-06
2019,E02004507,E07000071,9933,228441,11,3434,0.00320326150262085,31.817996505532903,male,25-29,373,0.037551595691130576,0.00012028758083938157,4.815247700719223e-05,1.808202348100544e-06
2019,E02004446,E07000067,6867,228441,9,2535,0.0035502958579881655,24.379881656804734,female,25-29,127,0.018494247852046015,6.56600515457255e-05,3.939748118770273e-05,7.286267818316945e-07
2019,E02004446,E07000067,6867,228441,9,2535,0.0035502958579881655,24.379881656804734,male,25-29,150,0.021843599825251202,7.755124198314036e-05,3.939748118770273e-05,8.605828131870408e-07
2019,E02004589,E07000076,7733,228441,9,3538,0.002543810062182024,19.67128321085359,female,25-29,236,0.03051855683434631,7.763341195848411e-05,3.939748118770273e-05,1.2023542687569953e-06
2019,E02004589,E07000076,7733,228441,9,3538,0.002543810062182024,19.67128321085359,male,25-29,188,0.024311392732445362,6.184356545845344e-05,3.939748118770273e-05,9.57807637823369e-07
2019,E02004522,E07000071,12010,228441,9,2824,0.003186968838526912,38.27549575070822,female,25-29,253,0.02106577851790175,6.713597969586251e-05,3.939748118770273e-05,8.299386128633465e-07
2019,E02004522,E07000071,12010,228441,9,2824,0.003186968838526912,38.27549575070822,male,25-29,613,0.05104079933388843,0.00016266543697060758,3.939748118770273e-05,2.0108789315621796e-06
2019,E02004526,E07000071,7285,228441,8,3181,0.002514932411191449,18.321282615529707,female,25-29,105,0.014413177762525738,3.624816790323983e-05,3.501998327795798e-05,5.047492442258872e-07
2019,E02004526,E07000071,7285,228441,8,3181,0.002514932411191449,18.321282615529707,male,25-29,138,0.01894303363074811,4.764044924425806e-05,3.501998327795798e-05,6.633847209825946e-07
2019,E02006235,E07000200,8200,228441,24,2985,0.008040201005025126,65.92964824120604,female,25-29,120,0.014634146341463415,0.00011766147812231893,0.00010505994983387396,1.5374626804957165e-06
2019,E02006235,E07000200,8200,228441,24,2985,0.008040201005025126,65.92964824120604,male,25-29,131,0.01597560975609756,0.00012844711361686482,0.00010505994983387396,1.6783967595411572e-06
2019,E02004513,E07000071,13590,228441,10,3781,0.0026448029621793175,35.942872256016926,female,25-29,641,0.04716703458425313,0.00012474751278564698,4.3774979097447484e-05,2.0647359530142634e-06
2019,E02004513,E07000071,13590,228441,10,3781,0.0026448029621793175,35.942872256016926,male,25-29,1048,0.07711552612214864,0.00020395537191787526,4.3774979097447484e-05,3.3757305440857223e-06
2019,E02004582,E07000076,7003,228441,9,3302,0.0027256208358570565,19.087522713506967,female,25-29,160,0.022847351135227758,6.227321629831915e-05,3.939748118770273e-05,9.001280865389742e-07
2019,E02004582,E07000076,7003,228441,9,3302,0.0027256208358570565,19.087522713506967,male,25-29,177,0.02527488219334571,6.888974553001557e-05,3.939748118770273e-05,9.957666957337402e-07
2019,E02004520,E07000071,9529,228441,11,3753,0.002930988542499334,27.929389821476153,female,25-29,464,0.04869346206317557,0.00014271997940179358,4.815247700719223e-05,2.344710812397649e-06
2019,E02004520,E07000071,9529,228441,11,3753,0.002930988542499334,27.929389821476153,male,25-29,468,0.04911323328785812,0.00014395032405180904,4.815247700719223e-05,2.3649238366424564e-06
2019,E02004579,E07000076,7266,228441,8,3141,0.0025469595670168737,18.506208213944603,female,25-29,120,0.016515276630883566,4.2063741816959104e-05,3.501998327795798e-05,5.783647114443927e-07
2019,E02004579,E07000076,7266,228441,8,3141,0.0025469595670168737,18.506208213944603,male,25-29,114,0.01568951279933939,3.9960554726111146e-05,3.501998327795798e-05,5.494464758721731e-07
2019,E02004559,E07000074,7711,228441,8,2504,0.003194888178913738,24.635782747603834,female,25-29,165,0.021398002853067047,6.836422636762634e-05,3.501998327795798e-05,7.493577020961052e-07
2019,E02004559,E07000074,7711,228441,8,2504,0.003194888178913738,24.635782747603834,male,25-29,216,0.028011931007651408,8.949498724489267e-05,3.501998327795798e-05,9.80977355471265e-07
2019,E02004575,E07000076,11687,228441,12,4223,0.0028415818138763913,33.20956665877338,female,25-29,298,0.025498417044579447,7.245583815651275e-05,5.252997491693698e-05,1.3394312077733566e-06
2019,E02004575,E07000076,11687,228441,12,4223,0.0028415818138763913,33.20956665877338,male,25-29,339,0.029006588517155815,8.242459441294573e-05,5.252997491693698e-05,1.5237153672321072e-06
2019,E02004588,E07000076,7179,228441,8,3751,0.0021327645961077045,15.311117035457212,female,25-29,265,0.03691321911129684,7.87272068489402e-05,3.501998327795798e-05,1.2927003160132141e-06
2019,E02004588,E07000076,7179,228441,8,3751,0.0021327645961077045,15.311117035457212,male,25-29,316,0.044017272600640756,9.387848061986831e-05,3.501998327795798e-05,1.5414841504157573e-06
2019,E02004512,E07000071,11610,228441,14,4353,0.0032161727544222376,37.33976567884218,female,25-29,692,0.059603789836347974,0.00019169608493197144,6.128497073642647e-05,3.652816515900699e-06
2019,E02004512,E07000071,11610,228441,14,4353,0.0032161727544222376,37.33976567884218,male,25-29,673,0.05796726959517657,0.00018643275312025544,6.128497073642647e-05,3.55252242081094e-06
2019,E02004509,E07000071,14885,228441,13,4843,0.0026842865992153624,39.95560602932067,female,25-29,910,0.0611353711790393,0.00016410485759395227,5.690747282668173e-05,3.47905947412028e-06
2019,E02004509,E07000071,14885,228441,13,4843,0.0026842865992153624,39.95560602932067,male,25-29,626,0.04205576083305341,0.00011288971522397157,5.690747282668173e-05,2.3932870668124125e-06
2019,E02004585,E07000076,8674,228441,8,4088,0.0019569471624266144,16.974559686888455,female,25-29,259,0.029859349780954576,5.8433169825742805e-05,3.501998327795798e-05,1.0456739300197275e-06
2019,E02004585,E07000076,8674,228441,8,4088,0.0019569471624266144,16.974559686888455,male,25-29,262,0.030205210975328568,5.911000190866647e-05,3.501998327795798e-05,1.0577859832631993e-06
2019,E02004580,E07000076,12194,228441,9,5534,0.0016263100831225153,19.831225153595952,female,25-29,175,0.014351320321469576,2.333969694492703e-05,3.939748118770273e-05,5.654058723837935e-07
2019,E02004580,E07000076,12194,228441,9,5534,0.0016263100831225153,19.831225153595952,male,25-29,232,0.01902575036903395,3.094176966413183e-05,3.939748118770273e-05,7.495666422459433e-07
2019,E02004590,E07000076,8402,228441,9,4502,0.0019991115059973343,16.796534873389604,female,25-29,163,0.01940014282313735,3.878304873572548e-05,3.939748118770273e-05,7.643167619132998e-07
2019,E02004590,E07000076,8402,228441,9,4502,0.0019991115059973343,16.796534873389604,male,25-29,168,0.019995239228755058,3.99727128073735e-05,3.939748118770273e-05,7.877620613584931e-07
2019,E02004595,E07000077,14491,228441,8,5057,0.0015819655922483687,22.924263397271112,female,25-29,383,0.02643019805396453,4.181166391768168e-05,3.501998327795798e-05,9.255850938829554e-07
2019,E02004595,E07000077,14491,228441,8,5057,0.0015819655922483687,22.924263397271112,male,25-29,338,0.023324822303498725,3.689906632944232e-05,3.501998327795798e-05,8.168348870298667e-07
2019,E02006922,E07000071,13943,228441,14,5702,0.002455278849526482,34.23395299894774,female,25-29,417,0.029907480456142867,7.34312042065942e-05,6.128497073642647e-05,1.8328790645549621e-06
2019,E02006922,E07000071,13943,228441,14,5702,0.002455278849526482,34.23395299894774,male,25-29,451,0.03234598006167969,7.941840071264745e-05,6.128497073642647e-05,1.982322441521074e-06
2019,E02004523,E07000071,10335,228441,10,4139,0.0024160425223483935,24.969799468470647,female,25-29,478,0.04625060474117078,0.00011174342773899681,4.3774979097447484e-05,2.0246192557890562e-06
2019,E02004523,E07000071,10335,228441,10,4139,0.0024160425223483935,24.969799468470647,male,25-29,430,0.04160619254958878,0.0001005223303928214,4.3774979097447484e-05,1.821310209182624e-06
2019,E02005579,E07000147,12901,228441,4648,5056,0.9193037974683544,11859.93829113924,female,25-29,327,0.02534687233547787,0.023301475991950385,0.02034661028449359,0.0005157229333407801
2019,E02005579,E07000147,12901,228441,4648,5056,0.9193037974683544,11859.93829113924,male,25-29,342,0.026509572901325478,0.024370351037452696,0.02034661028449359,0.0005393799486316415
2019,E02006292,E07000244,6857,228441,50,2404,0.020798668885191347,142.61647254575706,female,25-29,84,0.012250255213650285,0.00025478900194780124,0.0002188748954872374,2.6812733295796913e-06
2019,E02006292,E07000244,6857,228441,50,2404,0.020798668885191347,142.61647254575706,male,25-29,114,0.016625346361382527,0.0003457850740720159,0.0002188748954872374,3.6388709472867234e-06
2019,E02006250,E07000202,10945,228441,56,4152,0.01348747591522158,147.62042389210018,female,25-29,490,0.04476930105070809,0.0006038248696627295,0.0002451398829457059,1.0974741219131647e-05
2019,E02006250,E07000202,10945,228441,56,4152,0.01348747591522158,147.62042389210018,male,25-29,546,0.04988579259936044,0.0006728334261956128,0.0002451398829457059,1.2228997358460978e-05
2019,E02005594,E07000148,11105,228441,3270,3517,0.92976969007677,10325.092408302531,female,25-29,555,0.04997748761819001,0.04646755317358013,0.014314418164865327,0.000715398656596151
2019,E02005594,E07000148,11105,228441,3270,3517,0.92976969007677,10325.092408302531,male,25-29,582,0.05240882485366952,0.04872813684148403,0.014314418164865327,0.0007502018344846123
2019,E02005602,E07000149,12285,228441,3889,4252,0.9146284101599247,11236.210018814674,female,25-29,267,0.021733821733821733,0.01987837081910459,0.017024089370997326,0.0003699985235699052
2019,E02005602,E07000149,12285,228441,3889,4252,0.9146284101599247,11236.210018814674,male,25-29,242,0.0196988196988197,0.01801710014315847,0.017024089370997326,0.0003353544670558692
2019,E02005535,E07000144,7243,228441,2248,2438,0.9220672682526662,6678.533223954061,female,25-29,189,0.026094159878503383,0.024060570716519937,0.009840615301106194,0.00025678258896991174
2019,E02005535,E07000144,7243,228441,2248,2438,0.9220672682526662,6678.533223954061,male,25-29,225,0.03106447604583736,0.02864353656728564,0.009840615301106194,0.00030569355829751396
2019,E02006230,E07000200,11148,228441,70,4587,0.01526051885764116,170.12426422498365,female,25-29,253,0.02269465374955149,0.00034633219151266714,0.0003064248536821324,6.954205954572972e-06
2019,E02006230,E07000200,11148,228441,70,4587,0.01526051885764116,170.12426422498365,male,25-29,204,0.01829924650161464,0.00027925599631851424,0.0003064248536821324,5.607343931750539e-06
2019,E02006294,E07000244,8228,228441,52,3741,0.013900026730820636,114.36941994119219,female,25-29,131,0.0159212445308702,0.00022130572456702764,0.0002276298913067269,3.6241511620298037e-06
2019,E02006294,E07000244,8228,228441,52,3741,0.013900026730820636,114.36941994119219,male,25-29,180,0.021876519202722412,0.0003040842016951525,0.0002276298913067269,4.979749688285227e-06
2019,E02006296,E07000244,13489,228441,80,5153,0.015524936929943722,209.41587424801088,female,25-29,322,0.023871302542812663,0.0003706004664127718,0.0003501998327795799,8.359726158723754e-06
2019,E02006296,E07000244,13489,228441,80,5153,0.015524936929943722,209.41587424801088,male,25-29,329,0.024390243902439025,0.0003786569982913103,0.0003501998327795799,8.541459336087314e-06
2019,E02006313,E07000244,10033,228441,688,4581,0.1501855490067671,1506.8116131848942,female,25-29,219,0.021827967706568325,0.0032782453137129466,0.0030117185619043868,6.573969551052136e-05
2019,E02006313,E07000244,10033,228441,688,4581,0.1501855490067671,1506.8116131848942,male,25-29,253,0.02521678461078441,0.0037871966409560526,0.0030117185619043868,7.59458582838443e-05
2019,E02006295,E07000244,9796,228441,69,4175,0.01652694610778443,161.89796407185628,female,25-29,217,0.022151898734177215,0.000366103236564845,0.00030204735577238763,6.690922437995928e-06
2019,E02006295,E07000244,9796,228441,69,4175,0.01652694610778443,161.89796407185628,male,25-29,250,0.02552062066149449,0.00042177792230972927,0.00030204735577238763,7.708435988474573e-06
2019,E02005597,E07000149,16660,228441,5376,5722,0.9395316322963999,15652.596994058022,female,25-29,625,0.03751500600240096,0.035246534825045014,0.023533428762787766,0.0008828567212930584
2019,E02005597,E07000149,16660,228441,5376,5722,0.9395316322963999,15652.596994058022,male,25-29,565,0.03391356542617047,0.03186286748184069,0.023533428762787766,0.0007981024760489248
2019,E02006267,E07000203,8615,228441,87,3046,0.02856204858831254,246.06204858831254,female,25-29,117,0.013580963435867673,0.0003879001375313485,0.0003808423181477931,5.172205597596261e-06
2019,E02006267,E07000203,8615,228441,87,3046,0.02856204858831254,246.06204858831254,male,25-29,156,0.018107951247823564,0.0005172001833751314,0.0003808423181477931,6.896274130128349e-06
2019,E02005538,E07000145,9068,228441,751,4616,0.1626949740034662,1475.3180242634314,female,25-29,136,0.014997794441993825,0.002440065776849515,0.0032875009302183057,4.9305263179277636e-05
2019,E02005538,E07000145,9068,228441,751,4616,0.1626949740034662,1475.3180242634314,male,25-29,137,0.015108072342302603,0.0024580074369734087,0.0032875009302183057,4.9667801879125266e-05
2019,E02006271,E07000203,9748,228441,54,3734,0.0144617032672737,140.97268344938402,female,25-29,351,0.0360073861304883,0.0005207281336492684,0.0002363848871262164,8.511601906165567e-06
2019,E02006271,E07000203,9748,228441,54,3734,0.0144617032672737,140.97268344938402,male,25-29,473,0.04852277390233894,0.0007017219578806381,0.0002363848871262164,1.1470050431955309e-05
2019,E02006312,E07000244,8830,228441,965,3470,0.2780979827089337,2455.605187319885,female,25-29,209,0.023669309173272934,0.006582387133201262,0.004224285482903682,9.99859191310158e-05
2019,E02006312,E07000244,8830,228441,965,3470,0.2780979827089337,2455.605187319885,male,25-29,218,0.024688561721404302,0.006865839210707536,0.004224285482903682,0.00010429153287349973
2019,E02005520,E07000144,8657,228441,3033,3252,0.9326568265682657,8074.010147601476,female,25-29,171,0.019752801201339956,0.018422584884275547,0.013276951160255821,0.0002622569768284331
2019,E02005520,E07000144,8657,228441,3033,3252,0.9326568265682657,8074.010147601476,male,25-29,197,0.022756151091602173,0.021223679662001657,0.013276951160255821,0.00030213230663860425
2019,E02006237,E07000200,7731,228441,59,2944,0.020040760869565216,154.9351222826087,female,25-29,155,0.020049152761609106,0.0004018002761327912,0.00025827237667494014,5.1781423340597235e-06
2019,E02006237,E07000200,7731,228441,59,2944,0.020040760869565216,154.9351222826087,male,25-29,150,0.019402405898331393,0.0003888389769027011,0.00025827237667494014,5.011105484573926e-06
2019,E02005604,E07000149,8600,228441,2789,3152,0.8848350253807107,7609.581218274112,female,25-29,168,0.01953488372093023,0.017285149333018533,0.012208841670278102,0.00023849830239613035
2019,E02005604,E07000149,8600,228441,2789,3152,0.8848350253807107,7609.581218274112,male,25-29,179,0.020813953488372092,0.018416915063156652,0.012208841670278102,0.0002541142626720675
2019,E02006258,E07000202,9082,228441,63,4222,0.014921837991473235,135.52013263855991,female,25-29,349,0.03842765910592381,0.0005734113035701563,0.00027578236831391915,1.0597670836991609e-05
2019,E02006258,E07000202,9082,228441,63,4222,0.014921837991473235,135.52013263855991,male,25-29,276,0.03038978198634662,0.00045347140339645594,0.00027578236831391915,8.380966048738349e-06
2019,E02003619,E06000055,11815,228441,9,5224,0.0017228177641653904,20.355091883614087,female,25-29,244,0.020651713922979265,3.55791396069704e-05,3.939748118770273e-05,8.136255107743941e-07
2019,E02003619,E06000055,11815,228441,9,5224,0.0017228177641653904,20.355091883614087,male,25-29,274,0.023190859077443927,3.9953623984876595e-05,3.939748118770273e-05,9.136614342302622e-07
2019,E02006261,E07000203,8070,228441,1036,3144,0.32951653944020354,2659.1984732824426,female,25-29,160,0.01982651796778191,0.006533165589892511,0.004535087834495559,8.991500043609534e-05
2019,E02006261,E07000203,8070,228441,1036,3144,0.32951653944020354,2659.1984732824426,male,25-29,158,0.019578686493184633,0.006451501020018855,0.004535087834495559,8.879106293064415e-05
2019,E02006306,E07000244,7510,228441,473,3378,0.14002368265245707,1051.5778567199527,female,25-29,186,0.024766977363515314,0.0034679633786094564,0.002070556511309266,5.128142624547583e-05
2019,E02006306,E07000244,7510,228441,473,3378,0.14002368265245707,1051.5778567199527,male,25-29,205,0.02729693741677763,0.003822217702230852,0.002070556511309266,5.651985150711046e-05
2019,E02006303,E07000244,8152,228441,445,3523,0.12631280158955435,1029.7019585580472,female,25-29,229,0.02809126594700687,0.003548286501963683,0.001947986569836413,5.472140879447235e-05
2019,E02006303,E07000244,8152,228441,445,3523,0.12631280158955435,1029.7019585580472,male,25-29,235,0.028827281648675172,0.003641254707255308,0.001947986569836413,5.615515749651092e-05
2019,E02006228,E07000200,6121,228441,22,2586,0.008507347254447023,52.07347254447023,female,25-29,154,0.025159287698088548,0.00021403879712217637,9.630495401438446e-05,2.422964044799086e-06
2019,E02006228,E07000200,6121,228441,22,2586,0.008507347254447023,52.07347254447023,male,25-29,187,0.030550563633393236,0.000259904253648357,9.630495401438446e-05,2.942170625827462e-06
2019,E02006266,E07000203,9653,228441,49,4297,0.011403304631138002,110.07609960437514,female,25-29,185,0.019165026416658033,0.0002185446344929587,0.00021449739757749265,4.110848290877047e-06
2019,E02006266,E07000203,9653,228441,49,4297,0.011403304631138002,110.07609960437514,male,25-29,187,0.019372215891432714,0.00022090727919017988,0.00021449739757749265,4.155289894021664e-06
2019,E02006245,E07000202,7778,228441,49,3627,0.013509787703336091,105.07912875654812,female,25-29,224,0.028799177166366676,0.0003890707695483781,0.00021449739757749265,6.177348554558801e-06
2019,E02006245,E07000202,7778,228441,49,3627,0.013509787703336091,105.07912875654812,male,25-29,228,0.02931344818719465,0.00039601846186174193,0.00021449739757749265,6.287658350175922e-06
2019,E02006289,E07000244,9527,228441,111,3942,0.02815829528158295,268.26407914764076,female,25-29,252,0.02645113886847906,0.0007448189787927893,0.00048590226798166705,1.2852668366892002e-05
2019,E02006289,E07000244,9527,228441,111,3942,0.02815829528158295,268.26407914764076,male,25-29,190,0.019943318988138975,0.0005615698649628173,0.00048590226798166705,9.690503927418573e-06
2019,E02006286,E07000245,11775,228441,11,4724,0.0023285351397121083,27.418501270110074,female,25-29,405,0.034394904458598725,8.00897436588878e-05,4.815247700719223e-05,1.6561998461072488e-06
2019,E02006286,E07000245,11775,228441,11,4724,0.0023285351397121083,27.418501270110074,male,25-29,384,0.03261146496815286,7.593694213583435e-05,4.815247700719223e-05,1.5703228170498357e-06
2019,E02006280,E07000245,9789,228441,32,4150,0.0077108433734939755,75.48144578313253,female,25-29,145,0.01481254469302278,0.00011421721209077805,0.00014007993311183193,2.0749402698146522e-06
2019,E02006280,E07000245,9789,228441,32,4150,0.0077108433734939755,75.48144578313253,male,25-29,164,0.016753498825211974,0.00012918360539922486,0.00014007993311183193,2.346828994824848e-06
2019,E02006290,E07000244,8129,228441,72,3583,0.020094892548144012,163.35138152386267,female,25-29,195,0.0239881904293271,0.00048204010910174466,0.00031517984950162184,7.560594249331561e-06
2019,E02006290,E07000244,8129,228441,72,3583,0.020094892548144012,163.35138152386267,male,25-29,179,0.022019928650510518,0.00044248810014980663,0.00031517984950162184,6.940237798104356e-06
2019,E02006227,E07000200,6270,228441,24,2589,0.009269988412514484,58.12282734646582,female,25-29,109,0.017384370015948964,0.00016115290860671113,0.00010505994983387396,1.826401041769101e-06
2019,E02006227,E07000200,6270,228441,24,2589,0.009269988412514484,58.12282734646582,male,25-29,90,0.014354066985645933,0.00013306203462939452,0.00010505994983387396,1.508037557424028e-06
2019,E02006249,E07000202,8185,228441,53,3215,0.016485225505443235,134.93157076205287,female,25-29,206,0.025167990226023212,0.0004148999943947839,0.00023200738921647164,5.839159704165322e-06
2019,E02006249,E07000202,8185,228441,53,3215,0.016485225505443235,134.93157076205287,male,25-29,208,0.02541233964569334,0.00041892814968017017,0.00023200738921647164,5.895850575079548e-06
2019,E02006262,E07000203,9118,228441,277,3705,0.0747638326585695,681.6966261808368,female,25-29,175,0.019192805439789427,0.0014349276941488993,0.0012125669209992953,2.327256099746399e-05
2019,E02006262,E07000203,9118,228441,277,3705,0.0747638326585695,681.6966261808368,male,25-29,188,0.020618556701030927,0.0015415223228571033,0.0012125669209992953,2.500137981441846e-05
2019,E02006268,E07000203,6407,228441,39,3227,0.012085528354508832,77.43198016733808,female,25-29,185,0.028874668331512407,0.00034896562284753143,0.00017072241848004518,4.929553210364969e-06
2019,E02006268,E07000203,6407,228441,39,3227,0.012085528354508832,77.43198016733808,male,25-29,171,0.02668955829561417,0.0003225574135509615,0.00017072241848004518,4.556505940391404e-06
2019,E02006257,E07000202,6460,228441,45,3015,0.014925373134328358,96.41791044776119,female,25-29,188,0.02910216718266254,0.0004343607042188439,0.00019698740593851365,5.732760420501636e-06
2019,E02006257,E07000202,6460,228441,45,3015,0.014925373134328358,96.41791044776119,male,25-29,183,0.028328173374613002,0.0004228085578300448,0.00019698740593851365,5.580293388041486e-06
2019,E02006265,E07000203,7283,228441,60,2946,0.020366598778004074,148.32993890020367,female,25-29,146,0.02004668405876699,0.00040828277105431755,0.0002626498745846849,5.2652590538739515e-06
2019,E02006265,E07000203,7283,228441,60,2946,0.020366598778004074,148.32993890020367,male,25-29,139,0.01908554167238775,0.0003887075697023982,0.0002626498745846849,5.01281512663342e-06
2019,E02006253,E07000202,6895,228441,47,3085,0.015235008103727715,105.0453808752026,female,25-29,134,0.01943437273386512,0.00029608282609130005,0.00020574240175800316,3.99847452292566e-06
2019,E02006253,E07000202,6895,228441,47,3085,0.015235008103727715,105.0453808752026,male,25-29,155,0.022480058013052938,0.00034248386600113065,0.00020574240175800316,4.625101127264756e-06
2019,E02006263,E07000203,7712,228441,950,2788,0.34074605451936874,2627.8335724533717,female,25-29,138,0.017894190871369293,0.006097374938235592,0.00415862301425751,7.441519397919299e-05
2019,E02006263,E07000203,7712,228441,950,2788,0.34074605451936874,2627.8335724533717,male,25-29,155,0.020098547717842325,0.006848500836424035,0.00415862301425751,8.358228309257186e-05
2019,E02006247,E07000202,8915,228441,57,3837,0.014855355746677092,132.43549648162627,female,25-29,386,0.0432978126752664,0.000643204410344067,0.00024951738085545063,1.0803556815502404e-05
2019,E02006247,E07000202,8915,228441,57,3837,0.014855355746677092,132.43549648162627,male,25-29,339,0.038025799214806505,0.0005648867748876651,0.00024951738085545063,9.48809782501377e-06
2019,E02006291,E07000244,7681,228441,68,3090,0.022006472491909384,169.03171521035597,female,25-29,139,0.01809660200494727,0.00039824237421890433,0.0002976698578626429,5.386812946609472e-06
2019,E02006291,E07000244,7681,228441,68,3090,0.022006472491909384,169.03171521035597,male,25-29,136,0.017706027860955605,0.00038964721506310065,0.0002976698578626429,5.270550796682649e-06
2019,E02006301,E07000244,6451,228441,46,3009,0.015287470920571618,98.61947490860751,female,25-29,162,0.02511238567663928,0.0003839048657778022,0.0002013649038482584,5.056753127176851e-06
2019,E02006301,E07000244,6451,228441,46,3009,0.015287470920571618,98.61947490860751,male,25-29,166,0.025732444582235312,0.000393383998266143,0.0002013649038482584,5.1816112290824515e-06
2019,E02006283,E07000245,7626,228441,13,3104,0.004188144329896907,31.938788659793815,female,25-29,132,0.01730920535011802,7.249345024211799e-05,5.690747282668173e-05,9.850231331132952e-07
2019,E02006283,E07000245,7626,228441,13,3104,0.004188144329896907,31.938788659793815,male,25-29,369,0.04838709677419355,0.00020265214499501163,5.690747282668173e-05,2.7535873948394384e-06
2019,E02006272,E07000203,7642,228441,56,3187,0.017571383746470035,134.280514590524,female,25-29,156,0.020413504318241297,0.000358693517986041,0.0002451398829457059,5.004164059085333e-06
2019,E02006272,E07000203,7642,228441,56,3187,0.017571383746470035,134.280514590524,male,25-29,146,0.019104946349123266,0.00033570034375616657,0.0002451398829457059,4.683384311708068e-06
2019,E02006297,E07000244,8226,228441,45,3235,0.013910355486862442,114.42658423493044,female,25-29,145,0.01762703622659859,0.00024519834009178873,0.00019698740593851365,3.472304140661862e-06
2019,E02006297,E07000244,8226,228441,45,3235,0.013910355486862442,114.42658423493044,male,25-29,145,0.01762703622659859,0.00024519834009178873,0.00019698740593851365,3.472304140661862e-06
2019,E02006270,E07000203,13467,228441,59,4858,0.01214491560312886,163.55557842733637,female,25-29,569,0.04225142942006386,0.0005131400444182313,0.00025827237667494014,1.091237709423338e-05
2019,E02006270,E07000203,13467,228441,59,4858,0.01214491560312886,163.55557842733637,male,25-29,537,0.0398752506126086,0.0004842815533437438,0.00025827237667494014,1.0298675746227285e-05
2019,E02006255,E07000202,8208,228441,58,3059,0.01896044458973521,155.6273291925466,female,25-29,348,0.04239766081871345,0.0008038784986876039,0.0002538948787651954,1.0764548953495126e-05
2019,E02006255,E07000202,8208,228441,58,3059,0.01896044458973521,155.6273291925466,male,25-29,412,0.05019493177387914,0.0009517182225841747,0.0002538948787651954,1.2744236117356297e-05
2019,E02006252,E07000202,9269,228441,37,3710,0.009973045822102426,92.44016172506738,female,25-29,378,0.0407810982846046,0.0004067117618680243,0.00016196742266055567,6.605209382424215e-06
2019,E02006252,E07000202,9269,228441,37,3710,0.009973045822102426,92.44016172506738,male,25-29,345,0.03722084367245657,0.00037120517948272056,0.00016196742266055567,6.028564118879243e-06
2019,E02006300,E07000244,7781,228441,61,3606,0.01691625069328896,131.62534664448143,female,25-29,265,0.034057319110654155,0.0005761221480171668,0.00026702737249442965,9.094236436322304e-06
2019,E02006300,E07000244,7781,228441,61,3606,0.01691625069328896,131.62534664448143,male,25-29,232,0.029816218994987792,0.0005043786352452177,0.00026702737249442965,7.961746615950094e-06
2019,E02006248,E07000202,8109,228441,44,3404,0.012925969447708578,104.81668625146885,female,25-29,190,0.023430755950178815,0.0003028652355487273,0.00019260990802876893,4.512995748608472e-06
2019,E02006248,E07000202,8109,228441,44,3404,0.012925969447708578,104.81668625146885,male,25-29,151,0.018621284991984215,0.00024069816088346222,0.00019260990802876893,3.586643989683575e-06
2019,E02006229,E07000200,5937,228441,16,2606,0.0061396776669224865,36.451266308518804,female,25-29,104,0.01751726461175678,0.00010755035832237469,7.003996655591596e-05,1.226908627558575e-06
2019,E02006229,E07000200,5937,228441,16,2606,0.0061396776669224865,36.451266308518804,male,25-29,127,0.021391275054741452,0.0001313355337205922,7.003996655591596e-05,1.4982441894224907e-06
2019,E02006231,E07000200,8619,228441,37,3270,0.011314984709480122,97.52385321100917,female,25-29,241,0.027961480450168233,0.00031638372374808094,0.00016196742266055567,4.528848922287263e-06
2019,E02006231,E07000200,8619,228441,37,3270,0.011314984709480122,97.52385321100917,male,25-29,231,0.026801253045596937,0.0003032557684058369,0.00016196742266055567,4.340929879868704e-06
2019,E02006260,E07000202,8746,228441,64,3841,0.016662327518875295,145.72871648008334,female,25-29,283,0.032357649211067915,0.0005391537488956904,0.00028015986622366386,9.065314674285029e-06
2019,E02006260,E07000202,8746,228441,64,3841,0.016662327518875295,145.72871648008334,male,25-29,277,0.03167162131260005,0.000527722927364333,0.00028015986622366386,8.87311719002457e-06
2019,E02006254,E07000202,9499,228441,71,4098,0.017325524646168863,164.57515861395802,female,25-29,380,0.040004210969575744,0.0006930939431039234,0.00031080235159187714,1.243340284292171e-05
2019,E02006254,E07000202,9499,228441,71,4098,0.017325524646168863,164.57515861395802,male,25-29,361,0.03800400042109696,0.0006584392459487272,0.00031080235159187714,1.1811732700775624e-05
2019,E02006299,E07000244,8381,228441,52,3938,0.013204672422549517,110.6683595733875,female,25-29,118,0.014079465457582627,0.00018591472925197984,0.0002276298913067269,3.2049071917663496e-06
2019,E02006299,E07000244,8381,228441,52,3938,0.013204672422549517,110.6683595733875,male,25-29,113,0.013482877938193532,0.00017803698648706542,0.0002276298913067269,3.0691060395728598e-06
2019,E02006298,E07000244,9290,228441,58,3706,0.015650296815974095,145.39125742039934,female,25-29,245,0.0263724434876211,0.0004127365683437732,0.0002538948787651954,6.695828342031526e-06
2019,E02006298,E07000244,9290,228441,58,3706,0.015650296815974095,145.39125742039934,male,25-29,232,0.024973089343379978,0.0003908362606357363,0.0002538948787651954,6.3405394912298525e-06
2019,E02006234,E07000200,9751,228441,20,3978,0.005027652086475616,49.024635495223734,female,25-29,307,0.031483950364065226,0.00015829034873838727,8.754995819489497e-05,2.7564185381840587e-06
2019,E02006234,E07000200,9751,228441,20,3978,0.005027652086475616,49.024635495223734,male,25-29,295,0.03025330735309199,0.00015210310383656104,8.754995819489497e-05,2.6486757940205124e-06
2019,E02006236,E07000200,10362,228441,53,3957,0.013393985342431134,138.7884761182714,female,25-29,130,0.012545840571318278,0.00016803880472071486,0.00023200738921647164,2.9107277164776407e-06
2019,E02006236,E07000200,10362,228441,53,3957,0.013393985342431134,138.7884761182714,male,25-29,160,0.015441034549314805,0.00020681699042549525,0.00023200738921647164,3.5824341125878657e-06
2019,E02006259,E07000202,7100,228441,51,3158,0.016149461684610514,114.66117796073465,female,25-29,283,0.039859154929577464,0.0006437038953161655,0.00022325239339698215,8.89865173680929e-06
2019,E02006259,E07000202,7100,228441,51,3158,0.016149461684610514,114.66117796073465,male,25-29,191,0.026901408450704226,0.0004344432650367054,0.00022325239339698215,6.00580382236952e-06
2019,E02006239,E07000245,7719,228441,32,2380,0.013445378151260505,103.78487394957983,female,25-29,316,0.04093794532970592,0.000550426155693525,0.00014007993311183193,5.7345846435210375e-06
2019,E02006239,E07000245,7719,228441,32,2380,0.013445378151260505,103.78487394957983,male,25-29,468,0.060629615235134084,0.0008151881040018028,0.00014007993311183193,8.492992446733689e-06
2019,E02006826,E07000245,9804,228441,18,3898,0.004617752693689072,45.27244740892766,female,25-29,375,0.03824969400244798,0.0001766276275125869,7.879496237540546e-05,3.0138831997936603e-06
2019,E02006826,E07000245,9804,228441,18,3898,0.004617752693689072,45.27244740892766,male,25-29,434,0.04426764585883313,0.00020441704090790055,7.879496237540546e-05,3.4880674898945297e-06
2019,E02003744,E07000010,14355,228441,239,6893,0.034672856521108374,497.7288553605107,female,25-29,471,0.032810867293625916,0.0011376464940050187,0.0010462220004289948,3.4327451215747585e-05
2019,E02003744,E07000010,14355,228441,239,6893,0.034672856521108374,497.7288553605107,male,25-29,537,0.0374085684430512,0.001297061926285977,0.0010462220004289948,3.9137667309674e-05
2019,E02005517,E07000143,6533,228441,306,2500,0.1224,799.6392,female,25-29,245,0.03750191336292668,0.004590234195622225,0.001339514360381893,5.023435149143789e-05
2019,E02005517,E07000143,6533,228441,306,2500,0.1224,799.6392,male,25-29,238,0.03643043012398592,0.004459084647175877,0.001339514360381893,4.8799084305968244e-05
2019,E02005519,E07000143,8913,228441,424,3683,0.11512354059190877,1026.096117295683,female,25-29,304,0.03410748345113879,0.003926574255575033,0.001856059113731773,6.330550550594177e-05
2019,E02005519,E07000143,8913,228441,424,3683,0.11512354059190877,1026.096117295683,male,25-29,322,0.036127005497587794,0.00415906878386566,0.001856059113731773,6.70538578056357e-05
2019,E02006269,E07000203,7508,228441,35,2973,0.011772620248906828,88.38883282879247,female,25-29,174,0.02317527970165157,0.0002728337670897427,0.0001532124268410662,3.5507408458105377e-06
2019,E02006269,E07000203,7508,228441,35,2973,0.011772620248906828,88.38883282879247,male,25-29,194,0.025839104954714972,0.00030419397020350626,0.0001532124268410662,3.9588719775128986e-06
2019,E02006242,E07000245,9994,228441,28,3639,0.007694421544380325,76.89804891453696,female,25-29,415,0.04152491494896938,0.0003195102002119106,0.00012256994147285294,5.089706394960373e-06
2019,E02006242,E07000245,9994,228441,28,3639,0.007694421544380325,76.89804891453696,male,25-29,434,0.04342605563338003,0.00033413837805293785,0.00012256994147285294,5.322729097380246e-06
2019,E02005512,E07000143,9450,228441,2888,3385,0.8531757754800591,8062.511078286559,female,25-29,192,0.020317460317460317,0.017334364962134533,0.012642213963342832,0.0002568576805250607
2019,E02005512,E07000143,9450,228441,2888,3385,0.8531757754800591,8062.511078286559,male,25-29,384,0.040634920634920635,0.034668729924269066,0.012642213963342832,0.0005137153610501214
2019,E02006264,E07000203,8672,228441,29,3559,0.00814835627985389,70.66254565889294,female,25-29,194,0.022370848708487084,0.00018228564555946203,0.0001269474393825977,2.839921960357928e-06
2019,E02006264,E07000203,8672,228441,29,3559,0.00814835627985389,70.66254565889294,male,25-29,222,0.025599630996309963,0.0002085949139907246,0.0001269474393825977,3.249807604120928e-06
2019,E02006282,E07000245,6368,228441,17,2675,0.006355140186915888,40.469532710280376,female,25-29,117,0.018373115577889447,0.00011676372516789555,7.441746446566072e-05,1.3672806756410654e-06
2019,E02006282,E07000245,6368,228441,17,2675,0.006355140186915888,40.469532710280376,male,25-29,92,0.014447236180904523,9.181421124313155e-05,7.441746446566072e-05,1.0751266851194702e-06
2019,E02006284,E07000245,7933,228441,10,3332,0.003001200480192077,23.808523409363747,female,25-29,215,0.02710197907475104,8.133847261329844e-05,4.3774979097447484e-05,1.1863885674966858e-06
2019,E02006284,E07000245,7933,228441,10,3332,0.003001200480192077,23.808523409363747,male,25-29,240,0.030253371990419765,9.079643454507733e-05,4.3774979097447484e-05,1.3243407265079285e-06
2019,E02005511,E07000143,8248,228441,2831,3289,0.8607479477044695,7099.449072666464,female,25-29,253,0.030674102812803104,0.026402671043796167,0.012392696582487381,0.0003801348490990916
2019,E02005511,E07000143,8248,228441,2831,3289,0.8607479477044695,7099.449072666464,male,25-29,219,0.026551891367604268,0.022854486002337394,0.012392696582487381,0.0003290495334098856
2019,E02006240,E07000245,10485,228441,46,3221,0.014281279105867743,149.73921142502329,female,25-29,505,0.04816404387219838,0.000687844153406124,0.0002013649038482584,9.698548063268526e-06
2019,E02006240,E07000245,10485,228441,46,3221,0.014281279105867743,149.73921142502329,male,25-29,445,0.042441583214115404,0.0006061200955756934,0.0002013649038482584,8.546245323078206e-06
2019,E02006243,E07000245,8966,228441,13,3683,0.0035297311973934292,31.647569915829486,female,25-29,355,0.039594021860361366,0.00013975625419079493,5.690747282668173e-05,2.253195723117557e-06
2019,E02006243,E07000245,8966,228441,13,3683,0.0035297311973934292,31.647569915829486,male,25-29,300,0.03345973678340397,0.00011810387678095347,5.690747282668173e-05,1.9041090617894845e-06
2019,E02006246,E07000202,7040,228441,60,3135,0.019138755980861243,134.73684210526315,female,25-29,175,0.024857954545454544,0.0004757503262287951,0.0002626498745846849,6.528938643795433e-06
2019,E02006246,E07000202,7040,228441,60,3135,0.019138755980861243,134.73684210526315,male,25-29,174,0.02471590909090909,0.00047303175293605915,0.0002626498745846849,6.491630422973746e-06
2019,E02003752,E07000010,11152,228441,8,4643,0.0017230239069567091,19.21516261038122,female,25-29,370,0.03317790530846485,5.716632402923085e-05,3.501998327795798e-05,1.1618896891001125e-06
2019,E02003752,E07000010,11152,228441,8,4643,0.0017230239069567091,19.21516261038122,male,25-29,381,0.034164275466284075,5.886586339226203e-05,3.501998327795798e-05,1.1964323555328185e-06
2019,E02005564,E07000146,9930,228441,366,4997,0.0732439463678207,727.3123874324594,female,25-29,316,0.03182275931520644,0.002330824476559047,0.0016021642349665778,5.0985286832773266e-05
2019,E02005564,E07000146,9930,228441,366,4997,0.0732439463678207,727.3123874324594,male,25-29,384,0.03867069486404834,0.0028323943006287157,0.0016021642349665778,6.195680425248397e-05
2019,E02003780,E07000012,12091,228441,8,3877,0.0020634511220015478,24.949187516120713,female,25-29,351,0.029029856918369033,5.9901690829752976e-05,3.501998327795798e-05,1.0166251038427963e-06
2019,E02003780,E07000012,12091,228441,8,3877,0.0020634511220015478,24.949187516120713,male,25-29,443,0.036638822264494254,7.560241891048596e-05,3.501998327795798e-05,1.2830909430266634e-06
2019,E02003249,E06000031,12090,228441,11,4349,0.0025293170843872156,30.579443550241436,female,25-29,435,0.03598014888337469,9.10052052695152e-05,4.815247700719223e-05,1.732533291822053e-06
2019,E02003249,E06000031,12090,228441,11,4349,0.0025293170843872156,30.579443550241436,male,25-29,444,0.03672456575682382,9.28880715854362e-05,4.815247700719223e-05,1.7683788082045782e-06
2019,E02003745,E07000010,10314,228441,155,4975,0.031155778894472363,321.34070351758794,female,25-29,240,0.02326934264107039,0.0007249744943449067,0.000678512176010436,1.5788532309725096e-05
2019,E02003745,E07000010,10314,228441,155,4975,0.031155778894472363,321.34070351758794,male,25-29,205,0.019875896839247623,0.000619249047252941,0.000678512176010436,1.348603801455685e-05
2019,E02003737,E07000009,13972,228441,10,4946,0.0020218358269308533,28.24909017387788,female,25-29,373,0.026696249642141425,5.39754339711715e-05,4.3774979097447484e-05,1.1686277700649808e-06
2019,E02003737,E07000009,13972,228441,10,4946,0.0020218358269308533,28.24909017387788,male,25-29,417,0.029845405095906097,6.034250929216761e-05,4.3774979097447484e-05,1.306481984228142e-06
2019,E02005589,E07000148,11841,228441,3910,4159,0.9401298389035826,11132.077422457322,female,25-29,489,0.04129718773752217,0.03882471845484772,0.017116016827101965,0.0007068433602274183
2019,E02005589,E07000148,11841,228441,3910,4159,0.9401298389035826,11132.077422457322,male,25-29,611,0.05160037159023731,0.0485110490304948,0.017116016827101965,0.000883192828423216
2019,E02005540,E07000145,8995,228441,667,4468,0.14928379588182633,1342.807743957028,female,25-29,166,0.018454697053918844,0.0027549872280581626,0.002919791105799747,5.388386031826104e-05
2019,E02005540,E07000145,8995,228441,667,4468,0.14928379588182633,1342.807743957028,male,25-29,200,0.022234574763757644,0.003319261720552003,0.002919791105799747,6.492031363645908e-05
2019,E02005548,E07000145,7498,228441,499,3604,0.13845726970033295,1038.1526082130965,female,25-29,221,0.029474526540410776,0.004080962470495276,0.0021843714569626293,6.438331448236078e-05
2019,E02005548,E07000145,7498,228441,499,3604,0.13845726970033295,1038.1526082130965,male,25-29,201,0.02680714857295279,0.00371164459986222,0.0021843714569626293,5.855677018531455e-05
2019,E02005507,E07000143,11864,228441,4009,4418,0.9074241738343142,10765.680398370303,female,25-29,330,0.027815239379635873,0.025240220614069764,0.017549389120166695,0.000488140459343814
2019,E02005507,E07000143,11864,228441,4009,4418,0.9074241738343142,10765.680398370303,male,25-29,403,0.03396830748482805,0.030823663355970043,0.017549389120166695,0.0005961230458047183
2019,E02005547,E07000145,8812,228441,520,3960,0.13131313131313133,1157.1313131313132,female,25-29,211,0.023944620971402632,0.003144243157860952,0.002276298913067269,5.4505114691011544e-05
2019,E02005547,E07000145,8812,228441,520,3960,0.13131313131313133,1157.1313131313132,male,25-29,271,0.030753517930095325,0.004038340738295346,0.002276298913067269,7.000419943727075e-05
2019,E02005561,E07000146,11213,228441,311,5394,0.05765665554319614,646.5040786058584,female,25-29,477,0.04253990903415678,0.002452708882021275,0.0013614018499306167,5.7913910854981195e-05
2019,E02005561,E07000146,11213,228441,311,5394,0.05765665554319614,646.5040786058584,male,25-29,550,0.0490502095781682,0.002828071037970024,0.0013614018499306167,6.677704605920264e-05
2019,E02005504,E07000143,9110,228441,1501,4011,0.3742208925454999,3409.152331089504,female,25-29,180,0.019758507135016465,0.007394046175432489,0.006570624362526867,0.0001298257283485001
2019,E02005504,E07000143,9110,228441,1501,4011,0.3742208925454999,3409.152331089504,male,25-29,157,0.017233809001097694,0.006449251386349449,0.006570624362526867,0.00011323688528174732
2019,E02005569,E07000146,8228,228441,242,3732,0.06484458735262594,533.5412647374062,female,25-29,194,0.023578026251823044,0.0015289073828888469,0.001059354494158229,2.4977488073249447e-05
2019,E02005569,E07000146,8228,228441,242,3732,0.06484458735262594,533.5412647374062,male,25-29,223,0.02710257656781721,0.001757455393733056,0.001059354494158229,2.8711236290384672e-05
2019,E02005466,E07000140,6685,228441,69,3343,0.020640143583607537,137.97935985641638,female,25-29,145,0.02169035153328347,0.0004476919700258927,0.00030204735577238763,6.551513326401826e-06
2019,E02005466,E07000140,6685,228441,69,3343,0.020640143583607537,137.97935985641638,male,25-29,127,0.01899775617053104,0.0003921164151261267,0.00030204735577238763,5.738222016917461e-06
2019,E02005578,E07000147,5843,228441,1169,2736,0.427266081871345,2496.515716374269,female,25-29,138,0.023618004449768953,0.010091172222872773,0.005117295056491611,0.00012086029741499953
2019,E02005578,E07000147,5843,228441,1169,2736,0.427266081871345,2496.515716374269,male,25-29,126,0.021564264932397742,0.009213678986101228,0.005117295056491611,0.00011035070633543437
2019,E02005580,E07000147,7937,228441,1847,3887,0.47517365577566245,3771.453305891433,female,25-29,189,0.02381252362353534,0.011315083903439611,0.00808523863929855,0.00019252993610021746
2019,E02005580,E07000147,7937,228441,1847,3887,0.47517365577566245,3771.453305891433,male,25-29,216,0.027214312712611818,0.012931524461073842,0.00808523863929855,0.00022003421268596278
2019,E02005474,E07000140,6793,228441,38,3085,0.012317666126418152,83.6739059967585,female,25-29,130,0.019137347269247755,0.00023572745420791398,0.00016634492057030043,3.1834005114292735e-06
2019,E02005474,E07000140,6793,228441,38,3085,0.012317666126418152,83.6739059967585,male,25-29,124,0.018254085087590168,0.00022484772555216414,0.00016634492057030043,3.036474333978692e-06
2019,E02005510,E07000143,7023,228441,1986,3118,0.6369467607440668,4473.277100705581,female,25-29,155,0.022070340310408658,0.014057631769233995,0.00869371084875307,0.00019187315699227195
2019,E02005510,E07000143,7023,228441,1986,3118,0.6369467607440668,4473.277100705581,male,25-29,143,0.02036166880250605,0.01296929898709975,0.00869371084875307,0.0001770184609670638
2019,E02005514,E07000143,6903,228441,367,3099,0.11842529848338174,817.4898354307841,female,25-29,143,0.02071563088512241,0.002453254770842183,0.0016065417328763225,3.328052553981083e-05
2019,E02005514,E07000143,6903,228441,367,3099,0.11842529848338174,817.4898354307841,male,25-29,159,0.02303346371142981,0.002727744815132217,0.0016065417328763225,3.700422070510434e-05
2019,E02005506,E07000143,6943,228441,1780,2867,0.6208580397628183,4310.617370073247,female,25-29,174,0.025061212732248307,0.015559455411022667,0.007791946279345652,0.00019527562330493207
2019,E02005506,E07000143,6943,228441,1780,2867,0.6208580397628183,4310.617370073247,male,25-29,170,0.02448509289932306,0.015201766780884217,0.007791946279345652,0.00019078652851631296
2019,E02005571,E07000147,5990,228441,1519,2515,0.6039761431411531,3617.8170974155073,female,25-29,104,0.01736227045075125,0.01048639714301835,0.006649419324902273,0.00011544901665940507
2019,E02005571,E07000147,5990,228441,1519,2515,0.6039761431411531,3617.8170974155073,male,25-29,90,0.015025041736227046,0.009074766758381266,0.006649419324902273,9.990780287833131e-05
2019,E02003742,E07000010,6664,228441,124,3558,0.03485103991006183,232.24732996065205,female,25-29,160,0.024009603841536616,0.0008367596617061665,0.0005428097408083488,1.3032646838135625e-05
2019,E02003742,E07000010,6664,228441,124,3558,0.03485103991006183,232.24732996065205,male,25-29,136,0.02040816326530612,0.0007112457124502414,0.0005428097408083488,1.1077749812415281e-05
2019,E02005472,E07000140,9869,228441,192,5695,0.033713784021071114,332.7213345039508,female,25-29,212,0.02148140642415645,0.0007242194966528601,0.0008404795986709917,1.8054683850263475e-05
2019,E02005472,E07000140,9869,228441,192,5695,0.033713784021071114,332.7213345039508,male,25-29,186,0.018846894315533488,0.0006354001244218488,0.0008404795986709917,1.584043017051418e-05
2019,E02005552,E07000146,6790,228441,471,3075,0.15317073170731707,1040.029268292683,female,25-29,75,0.011045655375552283,0.0016918711160602033,0.0020618015154897766,2.2773948992891496e-05
2019,E02005552,E07000146,6790,228441,471,3075,0.15317073170731707,1040.029268292683,male,25-29,86,0.012665684830633284,0.0019400122130823665,0.0020618015154897766,2.611412817851558e-05
2019,E02005563,E07000146,7551,228441,209,4033,0.05182246466650137,391.3114306967518,female,25-29,183,0.024235200635677395,0.0012559278286279633,0.0009148970631366524,2.217271388610878e-05
2019,E02005563,E07000146,7551,228441,209,4033,0.05182246466650137,391.3114306967518,male,25-29,171,0.02264600715137068,0.0011735719054392442,0.0009148970631366524,2.071876543456066e-05
2019,E02005509,E07000143,8278,228441,645,4465,0.1444568868980963,1195.8141097424411,female,25-29,230,0.027784489007006523,0.004013660786006542,0.0028234861517853625,7.844911994571556e-05
2019,E02005509,E07000143,8278,228441,645,4465,0.1444568868980963,1195.8141097424411,male,25-29,184,0.02222759120560522,0.0032109286288052328,0.0028234861517853625,6.275929595657244e-05
2019,E02005566,E07000146,9847,228441,243,4936,0.04923014586709887,484.76924635332256,female,25-29,191,0.01939677059002742,0.0009549058454977032,0.0010637319920679738,2.0632965419415355e-05
2019,E02005566,E07000146,9847,228441,243,4936,0.04923014586709887,484.76924635332256,male,25-29,218,0.02213872245353915,0.0010898925356989493,0.0010637319920679738,2.3549667337343183e-05
2019,E02005568,E07000146,7423,228441,251,3603,0.06966416874826534,517.1171246183736,female,25-29,123,0.016570119897615518,0.0011543436287264766,0.0010987519753459319,1.820645196922398e-05
2019,E02005568,E07000146,7423,228441,251,3603,0.06966416874826534,517.1171246183736,male,25-29,151,0.02034217971170686,0.0014171210401438862,0.0010987519753459319,2.235101014107985e-05
2019,E02005560,E07000146,9204,228441,229,4415,0.05186862967157418,477.39886749716874,female,25-29,331,0.03596262494567579,0.0018653320753249732,0.0010024470213315473,3.605062625605629e-05
2019,E02005560,E07000146,9204,228441,229,4415,0.05186862967157418,477.39886749716874,male,25-29,357,0.03878748370273794,0.002011853628069533,0.0010024470213315473,3.888239750275558e-05
2019,E02005559,E07000146,7266,228441,191,3715,0.05141318977119785,373.56823687752353,female,25-29,174,0.023947151114781174,0.0012311994247437967,0.0008361021007612469,2.0022263354315574e-05
2019,E02005559,E07000146,7266,228441,191,3715,0.05141318977119785,373.56823687752353,male,25-29,214,0.029452243325075695,0.0015142337752596117,0.0008361021007612469,2.46250825162272e-05
2019,E02003743,E07000010,11376,228441,180,5507,0.032685672780098055,371.83221354639545,female,25-29,379,0.03331575246132208,0.00108894778337352,0.0007879496237540546,2.6251134616981953e-05
2019,E02003743,E07000010,11376,228441,180,5507,0.032685672780098055,371.83221354639545,male,25-29,453,0.03982067510548523,0.0013015655563804868,0.0007879496237540546,3.137668596699954e-05
2019,E02005567,E07000146,11005,228441,321,5784,0.05549792531120332,610.7546680497925,female,25-29,256,0.023262153566560653,0.001291001261214725,0.001405176829028064,3.268743918502357e-05
2019,E02005567,E07000146,11005,228441,321,5784,0.05549792531120332,610.7546680497925,male,25-29,304,0.027623807360290777,0.001533063997692486,0.001405176829028064,3.881633403221549e-05
2019,E02005551,E07000146,5246,228441,187,2808,0.06659544159544159,349.3596866096866,female,25-29,51,0.009721692718261532,0.0006474204196278157,0.0008185921091222679,7.958100946480301e-06
2019,E02005551,E07000146,5246,228441,187,2808,0.06659544159544159,349.3596866096866,male,25-29,60,0.011437285550895921,0.0007616710819150773,0.0008185921091222679,9.362471701741531e-06
2019,E02005556,E07000146,7408,228441,229,3960,0.057828282828282826,428.39191919191916,female,25-29,187,0.025242980561555075,0.0014597582193424524,0.0010024470213315473,2.5304750673461035e-05
2019,E02005556,E07000146,7408,228441,229,3960,0.057828282828282826,428.39191919191916,male,25-29,207,0.027942764578833695,0.0016158820930689181,0.0010024470213315473,2.8011141119820504e-05
2019,E02005553,E07000146,8632,228441,372,4706,0.07904802379940501,682.342541436464,female,25-29,113,0.013090824837812789,0.0010348038333332676,0.0016284292224250463,2.1317481711541962e-05
2019,E02005553,E07000146,8632,228441,372,4706,0.07904802379940501,682.342541436464,male,25-29,125,0.01448100092678406,0.0011446945058996324,0.0016284292224250463,2.358128507913934e-05
2019,E02005565,E07000146,6996,228441,217,3487,0.062231144250071695,435.36908517350156,female,25-29,156,0.022298456260720412,0.0013876584481148063,0.0009499170464146103,2.1181683710788908e-05
2019,E02005565,E07000146,6996,228441,217,3487,0.062231144250071695,435.36908517350156,male,25-29,163,0.02329902801600915,0.0014499251733507271,0.0009499170464146103,2.213214387729867e-05
2019,E02005558,E07000146,7087,228441,210,3328,0.06310096153846154,447.1965144230769,female,25-29,156,0.022012134894877945,0.0013889868773811203,0.0009192745610463971,2.0235195643183005e-05
2019,E02005558,E07000146,7087,228441,210,3328,0.06310096153846154,447.1965144230769,male,25-29,163,0.022999858896571187,0.0014513132116225809,0.0009192745610463971,2.114318519127455e-05
2019,E02005555,E07000146,6847,228441,224,3227,0.06941431670281996,475.27982646420827,female,25-29,100,0.014604936468526362,0.0010137916854508538,0.0009805595317828235,1.4321009665296094e-05
2019,E02005555,E07000146,6847,228441,224,3227,0.06941431670281996,475.27982646420827,male,25-29,93,0.013582590915729517,0.000942826267469294,0.0009805595317828235,1.3318538988725366e-05
2019,E02005554,E07000146,6905,228441,253,3601,0.07025826159400167,485.13329630658154,female,25-29,97,0.014047791455467053,0.0009869734068961857,0.0011075069711654214,1.55580269664078e-05
2019,E02005554,E07000146,6905,228441,253,3601,0.07025826159400167,485.13329630658154,male,25-29,114,0.016509775524981896,0.0011599481276924242,0.0011075069711654214,1.8284691486293704e-05
2019,E02005557,E07000146,6655,228441,163,3372,0.04833926453143535,321.6978054567022,female,25-29,237,0.035612321562734785,0.0017214734325995758,0.0007135321592883939,2.541053670193078e-05
2019,E02005557,E07000146,6655,228441,163,3372,0.04833926453143535,321.6978054567022,male,25-29,267,0.040120210368144255,0.0019393814620425602,0.0007135321592883939,2.862706033508658e-05
2019,E02005562,E07000146,7150,228441,311,3610,0.08614958448753463,615.9695290858725,female,25-29,101,0.014125874125874125,0.0012169381864672723,0.0013614018499306167,1.9230991166852068e-05
2019,E02005562,E07000146,7150,228441,311,3610,0.08614958448753463,615.9695290858725,male,25-29,110,0.015384615384615385,0.0013253782228851482,0.0013614018499306167,2.094464384508641e-05
2019,E02005573,E07000147,5874,228441,2012,2264,0.8886925795053003,5220.180212014134,female,25-29,101,0.017194416070820565,0.015280549971064919,0.008807525794406433,0.00015144026306350864
2019,E02005573,E07000147,5874,228441,2012,2264,0.8886925795053003,5220.180212014134,male,25-29,94,0.016002723867892407,0.01422150195326834,0.008807525794406433,0.00014094440324722586
2019,E02005577,E07000147,6084,228441,1798,2279,0.78894251864853,4799.926283457657,female,25-29,154,0.025312294543063774,0.019969945409578176,0.007870741241721057,0.0001992265205826829
2019,E02005577,E07000147,6084,228441,1798,2279,0.78894251864853,4799.926283457657,male,25-29,138,0.022682445759368838,0.01789514588650512,0.007870741241721057,0.0001785276613013652
2019,E02005467,E07000140,7563,228441,18,3426,0.005253940455341506,39.73555166374781,female,25-29,221,0.029221208515139496,0.0001535264895716611,7.879496237540546e-05,2.302484025514294e-06
2019,E02005467,E07000140,7563,228441,18,3426,0.005253940455341506,39.73555166374781,male,25-29,218,0.0288245405262462,0.00015144241957747566,7.879496237540546e-05,2.271228586253919e-06
2019,E02005505,E07000143,7600,228441,2690,2978,0.9032907991940899,6865.010073875083,female,25-29,223,0.029342105263157895,0.026504453713195007,0.011775469377213372,0.0003455170619892871
2019,E02005505,E07000143,7600,228441,2690,2978,0.9032907991940899,6865.010073875083,male,25-29,151,0.01986842105263158,0.01794696193135626,0.011775469377213372,0.00023395998367884465
2019,E02003732,E07000009,9888,228441,29,3720,0.0077956989247311825,77.08387096774193,female,25-29,350,0.03539644012944984,0.0002759399902564638,0.0001269474393825977,4.493487437693082e-06
2019,E02003732,E07000009,9888,228441,29,3720,0.0077956989247311825,77.08387096774193,male,25-29,288,0.02912621359223301,0.00022705919198246163,0.0001269474393825977,3.697498234444593e-06
2019,E02005503,E07000143,7420,228441,2545,2884,0.8824549237170597,6547.815533980583,female,25-29,159,0.02142857142857143,0.018909748365365565,0.011140732180300384,0.0002387299752921511
2019,E02005503,E07000143,7420,228441,2545,2884,0.8824549237170597,6547.815533980583,male,25-29,227,0.03059299191374663,0.026996936345521905,0.011140732180300384,0.0003408283295051465
2019,E02005609,E07000149,7526,228441,2582,2965,0.8708263069139967,6553.838785834739,female,25-29,193,0.025644432633537072,0.022331846563167865,0.01130269960296094,0.000289851318545238
2019,E02005609,E07000149,7526,228441,2582,2965,0.8708263069139967,6553.838785834739,male,25-29,167,0.022189742226946585,0.01932341127486546,0.01130269960296094,0.00025080399065831473
2019,E02005610,E07000149,8162,228441,2505,3035,0.8253706754530478,6736.675453047776,female,25-29,163,0.019970595442293557,0.01648314384940539,0.010965632263910594,0.0002189902057115201
2019,E02005610,E07000149,8162,228441,2505,3035,0.8253706754530478,6736.675453047776,male,25-29,164,0.020093114432737074,0.016584267431303583,0.010965632263910594,0.00022033370390606928
2019,E02005532,E07000144,8282,228441,2878,3062,0.9399085564990203,7784.322664924886,female,25-29,235,0.028374788698382034,0.026669706686460973,0.012598438984245385,0.0003574780441074216
2019,E02005532,E07000144,8282,228441,2878,3062,0.9399085564990203,7784.322664924886,male,25-29,218,0.026322144409562907,0.02474040875595103,0.012598438984245385,0.00033161793027837406
2019,E02005605,E07000149,10777,228441,3610,3878,0.9308922124806601,10032.225373904073,female,25-29,227,0.021063375707525284,0.0196077324146896,0.01580276745417854,0.00033285962810601546
2019,E02005605,E07000149,10777,228441,3610,3878,0.9308922124806601,10032.225373904073,male,25-29,211,0.019578732485849494,0.01822568960131941,0.01580276745417854,0.0003093981565214505
2019,E02005515,E07000143,6424,228441,2077,2285,0.9089715536105033,5839.233260393873,female,25-29,111,0.01727895392278954,0.015706077591962308,0.009092063158539842,0.00015710134037950224
2019,E02005515,E07000143,6424,228441,2077,2285,0.9089715536105033,5839.233260393873,male,25-29,135,0.02101494396014944,0.0191019862604947,0.009092063158539842,0.0001910691977588541
2019,E02005592,E07000148,9394,228441,2364,2555,0.9252446183953034,8691.74794520548,female,25-29,421,0.04481583989780711,0.04146561468431155,0.010348405058636585,0.0004637724643055144
2019,E02005592,E07000148,9394,228441,2364,2555,0.9252446183953034,8691.74794520548,male,25-29,473,0.05035128805620609,0.046587258303276396,0.010348405058636585,0.000521055524029711
2019,E02006273,E07000245,6726,228441,75,2935,0.02555366269165247,171.8739352640545,female,25-29,115,0.017097829319060363,0.00043691216317871454,0.0003283123432308561,5.613428407901941e-06
2019,E02006273,E07000245,6726,228441,75,2935,0.02555366269165247,171.8739352640545,male,25-29,143,0.021260779066309844,0.0005432907768222276,0.0003283123432308561,6.9801761941737175e-06
2019,E02005596,E07000148,9370,228441,3497,3688,0.9482104121475055,8884.731561822126,female,25-29,399,0.04258271077908218,0.04037736973819153,0.015308110190377384,0.0006518608288111607
2019,E02005596,E07000148,9370,228441,3497,3688,0.9482104121475055,8884.731561822126,male,25-29,368,0.03927427961579509,0.037240280861289436,0.015308110190377384,0.0006012150000062836
2019,E02005524,E07000144,5487,228441,1872,2021,0.9262741217219198,5082.466105888174,female,25-29,127,0.02314561691270275,0.021439185977525754,0.008194676087042168,0.00018967083343436402
2019,E02005524,E07000144,5487,228441,1872,2021,0.9262741217219198,5082.466105888174,male,25-29,119,0.021687625296154547,0.020088686073429646,0.008194676087042168,0.0001777230643991285
2019,E02005534,E07000144,7281,228441,2498,2697,0.9262143121987393,6743.766407119021,female,25-29,160,0.021975003433594285,0.020353562690811466,0.01093498977854238,0.00024029643792978722
2019,E02005534,E07000144,7281,228441,2498,2697,0.9262143121987393,6743.766407119021,male,25-29,194,0.02664469166323307,0.0246786947626089,0.01093498977854238,0.000291359430989867
2019,E02005585,E07000148,11017,228441,3685,3934,0.9367056431113371,10319.6860701576,female,25-29,467,0.04238903512753018,0.03970604841000221,0.016131079797409395,0.0006837809081773793
2019,E02005585,E07000148,11017,228441,3685,3934,0.9367056431113371,10319.6860701576,male,25-29,500,0.04538440591812653,0.04251182913276468,0.016131079797409395,0.0007320994734233183
2019,E02005527,E07000144,8922,228441,2984,3250,0.9181538461538462,8191.768615384616,female,25-29,222,0.02488231338264963,0.02284579173348508,0.013062453762678328,0.000325024068069333
2019,E02005527,E07000144,8922,228441,2984,3250,0.9181538461538462,8191.768615384616,male,25-29,205,0.022976911006500785,0.021096339213353337,0.013062453762678328,0.0003001348376315913
2019,E02005584,E07000148,10955,228441,3703,3961,0.9348649330977026,10241.445342085332,female,25-29,440,0.040164308534915566,0.03754820361140933,0.016209874759784804,0.0006510584111643372
2019,E02005584,E07000148,10955,228441,3703,3961,0.9348649330977026,10241.445342085332,male,25-29,516,0.04710178000912825,0.044033802417016384,0.016209874759784804,0.0007635139549109044
2019,E02005590,E07000148,11086,228441,3673,3972,0.92472306143001,10251.479859013092,female,25-29,660,0.05953454807865777,0.05505296956014853,0.01607854982249246,0.0009572291974422717
2019,E02005590,E07000148,11086,228441,3673,3972,0.92472306143001,10251.479859013092,male,25-29,753,0.067923507126105,0.06281043345271492,0.01607854982249246,0.0010921114934455008
2019,E02005607,E07000149,11561,228441,3943,4219,0.9345816544204788,10804.698506755156,female,25-29,245,0.02119193841363204,0.019805596862989126,0.01726047425812354,0.00036578290746823526
2019,E02005607,E07000149,11561,228441,3943,4219,0.9345816544204788,10804.698506755156,male,25-29,249,0.02153792924487501,0.020128953546466502,0.01726047425812354,0.0003717548733044513
2019,E02005601,E07000149,5673,228441,2051,2209,0.9284744228157538,5267.235400633771,female,25-29,111,0.01956636700158646,0.0181668713083992,0.008978248212886479,0.00017567169956467463
2019,E02005601,E07000149,5673,228441,2051,2209,0.9284744228157538,5267.235400633771,male,25-29,113,0.0199189141547682,0.018494202322964955,0.008978248212886479,0.0001788369554126868
2019,E02005516,E07000143,6908,228441,1676,2829,0.592435489572287,4092.5443619653583,female,25-29,144,0.020845396641574986,0.012349552764679984,0.007336686496732198,0.00015293614005926993
2019,E02005516,E07000143,6908,228441,1676,2829,0.592435489572287,4092.5443619653583,male,25-29,158,0.022872032426172553,0.013550203727912758,0.007336686496732198,0.00016780493145392115
2019,E02005465,E07000140,8563,228441,11,3284,0.0033495736906211937,28.68239951278928,female,25-29,176,0.020553544318579937,6.884561129853207e-05,4.815247700719223e-05,9.89704070216727e-07
2019,E02005465,E07000140,8563,228441,11,3284,0.0033495736906211937,28.68239951278928,male,25-29,186,0.02172135933668107,7.275729375867593e-05,4.815247700719223e-05,1.0459372560244956e-06
2019,E02005588,E07000148,12054,228441,3867,4106,0.9417924987822699,11352.366780321481,female,25-29,545,0.04521320723411316,0.04258145941897603,0.016927784416982943,0.0007653594248594412
2019,E02005588,E07000148,12054,228441,3867,4106,0.9417924987822699,11352.366780321481,male,25-29,532,0.04413472706155633,0.0415657548823766,0.016927784416982943,0.0007471031450004085
2019,E02005523,E07000144,8470,228441,2828,3036,0.9314888010540184,7889.710144927536,female,25-29,209,0.024675324675324677,0.02298478859743682,0.012379564088758148,0.00030546976322909716
2019,E02005523,E07000144,8470,228441,2828,3036,0.9314888010540184,7889.710144927536,male,25-29,179,0.021133412042502953,0.01968553664565163,0.012379564088758148,0.00026162242879429855
2019,E02006241,E07000245,9054,228441,39,3755,0.010386151797603195,94.03621837549933,female,25-29,266,0.029379279876297768,0.00030513766049949746,0.00017072241848004518,5.015701713683677e-06
2019,E02006241,E07000245,9054,228441,39,3755,0.010386151797603195,94.03621837549933,male,25-29,355,0.039209189308592886,0.000407232592020006,0.00017072241848004518,6.693887625404908e-06
2019,E02005598,E07000149,9977,228441,3359,3607,0.9312448017743277,9291.029387302468,female,25-29,222,0.02225117770873008,0.02072129357461168,0.014704015478832608,0.0003271816614514222
2019,E02005598,E07000149,9977,228441,3359,3607,0.9312448017743277,9291.029387302468,male,25-29,216,0.02164979452741305,0.02016125861313569,0.014704015478832608,0.00031833891384462696
2019,E02005576,E07000147,6730,228441,2567,2849,0.901017901017901,6063.8504738504735,female,25-29,113,0.016790490341753343,0.015128532364787936,0.011237037134314768,0.00018867536347363576
2019,E02005576,E07000147,6730,228441,2567,2849,0.901017901017901,6063.8504738504735,male,25-29,127,0.01887072808320951,0.01700286380821299,0.011237037134314768,0.00021205107222258178
2019,E02005525,E07000144,10164,228441,3168,3381,0.9370008873114463,9523.67701863354,female,25-29,260,0.02558048012593467,0.023968932575853603,0.013867913378071361,0.00035474788255593804
2019,E02005525,E07000144,10164,228441,3168,3381,0.9370008873114463,9523.67701863354,male,25-29,265,0.0260724124360488,0.024429873586927713,0.013867913378071361,0.0003615699572204753
2019,E02003738,E07000009,6280,228441,13,2354,0.0055225148683092605,34.68139337298216,female,25-29,148,0.02356687898089172,0.00013014843957161952,5.690747282668173e-05,1.3411315252147924e-06
2019,E02003738,E07000009,6280,228441,13,2354,0.0055225148683092605,34.68139337298216,male,25-29,127,0.02022292993630573,0.00011168143125402484,5.690747282668173e-05,1.1508358358262069e-06
2019,E02005603,E07000149,11652,228441,3684,3943,0.9343139741313721,10886.626426578747,female,25-29,375,0.032183316168898045,0.030069322030489575,0.01612670229949965,0.0005190107588664924
2019,E02005603,E07000149,11652,228441,3684,3943,0.9343139741313721,10886.626426578747,male,25-29,304,0.026089941640920013,0.02437619705938355,0.01612670229949965,0.0004207447218544365
2019,E02005600,E07000149,6635,228441,2020,2210,0.9140271493212669,6064.570135746606,female,25-29,157,0.023662396382818387,0.02162807271189735,0.008842545777684391,0.00020923582322478513
2019,E02005600,E07000149,6635,228441,2020,2210,0.9140271493212669,6064.570135746606,male,25-29,120,0.01808590806330068,0.016531010989985235,0.008842545777684391,0.0001599254699807275
2019,E02005513,E07000143,9953,228441,3432,3696,0.9285714285714286,9242.07142857143,female,25-29,303,0.030443082487692154,0.028268576595714145,0.015023572826243975,0.0004573638668091957
2019,E02005513,E07000143,9953,228441,3432,3696,0.9285714285714286,9242.07142857143,male,25-29,315,0.03164874912086808,0.02938812418366322,0.015023572826243975,0.0004754772872768866
2019,E02006238,E07000245,9785,228441,133,4511,0.029483484814896918,288.4958989137663,female,25-29,296,0.03025038323965253,0.0008918867148911076,0.0005822072219960515,1.7611991590274014e-05
2019,E02006238,E07000245,9785,228441,133,4511,0.029483484814896918,288.4958989137663,male,25-29,327,0.033418497700562086,0.0009852937694911899,0.0005822072219960515,1.9456490709525685e-05
2019,E02005572,E07000147,7738,228441,3064,3314,0.9245624622812312,7154.264333132167,female,25-29,162,0.02093564228482812,0.019356308980299747,0.013412653595457909,0.0002808025177648205
2019,E02005572,E07000147,7738,228441,3064,3314,0.9245624622812312,7154.264333132167,male,25-29,154,0.019901783406565003,0.018400441870161488,0.013412653595457909,0.0002669357267640886
2019,E02005518,E07000143,11391,228441,609,4444,0.13703870387038705,1561.007875787579,female,25-29,422,0.03704679132648582,0.0050768442659383135,0.0026658962270345514,9.876290122101489e-05
2019,E02005518,E07000143,11391,228441,609,4444,0.13703870387038705,1561.007875787579,male,25-29,451,0.039592660872618736,0.005425726928763459,0.0026658962270345514,0.0001055499252385728
2019,E02005574,E07000147,7117,228441,2517,2774,0.9073540014419611,6457.638428262437,female,25-29,121,0.017001545595054096,0.015426420426370283,0.01101816223882753,0.0001873257876771296
2019,E02005574,E07000147,7117,228441,2517,2774,0.9073540014419611,6457.638428262437,male,25-29,126,0.01770408880146129,0.016063875815889715,0.01101816223882753,0.00019506652270511013
2019,E02005570,E07000147,7365,228441,2562,2824,0.9072237960339944,6681.703257790368,female,25-29,126,0.017107942973523423,0.015520732966773022,0.011215149644766045,0.00019186814056218896
2019,E02005570,E07000147,7365,228441,2562,2824,0.9072237960339944,6681.703257790368,male,25-29,119,0.016157501697216563,0.014658470024174518,0.011215149644766045,0.0001812087994198451
2019,E02005521,E07000144,8781,228441,2751,2985,0.9216080402010051,8092.640201005025,female,25-29,203,0.02311809588885093,0.021305823045302815,0.012042496749707803,0.0002783995946009206
2019,E02005521,E07000144,8781,228441,2751,2985,0.9216080402010051,8092.640201005025,male,25-29,179,0.020384921990661657,0.01878690800546406,0.012042496749707803,0.00024548535681559013
2019,E02003746,E07000010,7756,228441,12,3266,0.003674219228413962,28.49724433557869,female,25-29,200,0.025786487880350695,9.474520960324812e-05,5.252997491693698e-05,1.3545635615507215e-06
2019,E02003746,E07000010,7756,228441,12,3266,0.003674219228413962,28.49724433557869,male,25-29,332,0.042805569881382156,0.00015727704794139187,5.252997491693698e-05,2.248575512174198e-06
2019,E02003751,E07000010,7027,228441,8,3191,0.0025070510811657787,17.617047947351928,female,25-29,144,0.02049238650917888,5.137545975350393e-05,3.501998327795798e-05,7.176430328768962e-07
2019,E02003751,E07000010,7027,228441,8,3191,0.0025070510811657787,17.617047947351928,male,25-29,152,0.021630852426355485,5.4229651962031927e-05,3.501998327795798e-05,7.575120902589459e-07
2019,E02005575,E07000147,7169,228441,2376,2621,0.9065242273941244,6498.872186188478,female,25-29,120,0.016738736225414982,0.01517406992429836,0.010400935033553521,0.00017409850802433012
2019,E02005575,E07000147,7169,228441,2376,2621,0.9065242273941244,6498.872186188478,male,25-29,108,0.015064862602873484,0.013656662931868523,0.010400935033553521,0.0001566886572218971
2019,E02005468,E07000140,7623,228441,12,2918,0.00411240575736806,31.348869088416723,female,25-29,133,0.017447199265381085,7.174996270890097e-05,5.252997491693698e-05,9.165009397812697e-07
2019,E02005468,E07000140,7623,228441,12,2918,0.00411240575736806,31.348869088416723,male,25-29,125,0.016397743670470942,6.743417547829036e-05,5.252997491693698e-05,8.613730637042007e-07
2019,E02003750,E07000010,7481,228441,9,3479,0.0025869502730669733,19.352974992814026,female,25-29,167,0.022323218821013232,5.774905702475398e-05,3.939748118770273e-05,8.794785935498403e-07
2019,E02003750,E07000010,7481,228441,9,3479,0.0025869502730669733,19.352974992814026,male,25-29,184,0.024595642293810987,6.362770354823193e-05,3.939748118770273e-05,9.69006354569884e-07
2019,E02005508,E07000143,7007,228441,2441,2632,0.9274316109422492,6498.51329787234,female,25-29,116,0.01655487369773084,0.015353513182431984,0.01068547239768693,0.00017689664594429624
2019,E02005508,E07000143,7007,228441,2441,2632,0.9274316109422492,6498.51329787234,male,25-29,113,0.0161267304124447,0.014956439565644951,0.01068547239768693,0.00017232173268711618
2019,E02003753,E07000011,11314,228441,11,3948,0.002786220871327254,31.523302938196554,female,25-29,359,0.03173059925755701,8.840845791112641e-05,4.815247700719223e-05,1.5279069511739447e-06
2019,E02003753,E07000011,11314,228441,11,3948,0.002786220871327254,31.523302938196554,male,25-29,304,0.02686936538801485,7.48639866434051e-05,4.815247700719223e-05,1.2938264990442317e-06
2019,E02005599,E07000149,6569,228441,2263,2427,0.9324268644416975,6125.1120725175115,female,25-29,210,0.03196833612421982,0.029808135413724537,0.009906277769752366,0.00031668721748333035
2019,E02005599,E07000149,6569,228441,2263,2427,0.9324268644416975,6125.1120725175115,male,25-29,163,0.024813518039275385,0.023136790821129044,0.009906277769752366,0.00024580960214182305
2019,E02003245,E06000031,7836,228441,8,2848,0.0028089887640449437,22.01123595505618,female,25-29,246,0.03139356814701378,8.818418018824095e-05,3.501998327795798e-05,1.099402231543857e-06
2019,E02003245,E06000031,7836,228441,8,2848,0.0028089887640449437,22.01123595505618,male,25-29,262,0.033435426237876466,9.39197366232485e-05,3.501998327795798e-05,1.1709080677418315e-06
2019,E02005526,E07000144,5348,228441,1968,2102,0.9362511893434824,5007.071360608944,female,25-29,139,0.025991024682124157,0.02433412777089455,0.008614915886377665,0.00022391049143726538
2019,E02005526,E07000144,5348,228441,1968,2102,0.9362511893434824,5007.071360608944,male,25-29,134,0.02505609573672401,0.023458799433812013,0.008614915886377665,0.00021585615721290334
2019,E02005528,E07000144,8597,228441,2743,2924,0.9380984952120383,8064.832763337893,female,25-29,218,0.025357682912643946,0.0237880041824153,0.012007476766429845,0.00030448178842406724
2019,E02005528,E07000144,8597,228441,2743,2924,0.9380984952120383,8064.832763337893,male,25-29,216,0.025125043619867397,0.023569765611934426,0.012007476766429845,0.0003016883775210942
2019,E02005530,E07000144,5483,228441,2031,2157,0.9415855354659249,5162.713490959666,female,25-29,130,0.02370964800291811,0.022324661610536246,0.008890698254691583,0.0002107953261188958
2019,E02005530,E07000144,5483,228441,2031,2157,0.9415855354659249,5162.713490959666,male,25-29,152,0.027722049972642715,0.02610268126770392,0.008890698254691583,0.0002464683813082474
2019,E02005581,E07000147,8362,228441,2689,2942,0.9140040788579198,7642.9021074099255,female,25-29,159,0.01901458981104999,0.01737941264510993,0.011771091879303627,0.00022382248371314003
2019,E02005581,E07000147,8362,228441,2689,2942,0.9140040788579198,7642.9021074099255,male,25-29,293,0.03503946424300407,0.03202621323910195,0.011771091879303627,0.000412452753005975
2019,E02006274,E07000245,6820,228441,80,2816,0.028409090909090908,193.75,female,25-29,187,0.027419354838709678,0.0007789589442815249,0.0003501998327795799,9.602253479440094e-06
2019,E02006274,E07000245,6820,228441,80,2816,0.028409090909090908,193.75,male,25-29,337,0.04941348973607038,0.001403792322047454,0.0003501998327795799,1.7304595842627336e-05
2019,E02005586,E07000148,9889,228441,3031,3232,0.937809405940594,9273.997215346535,female,25-29,626,0.06330265952067954,0.05936582951954817,0.013268196164436332,0.0008399121042508993
2019,E02005586,E07000148,9889,228441,3031,3232,0.937809405940594,9273.997215346535,male,25-29,561,0.05672969966629588,0.05320164594323726,0.013268196164436332,0.000752700783521972
2019,E02006908,E07000148,5715,228441,1741,1868,0.9320128479657388,5326.453426124197,female,25-29,364,0.0636920384951881,0.05936179819064374,0.007621223860865606,0.0004854112835266983
2019,E02006908,E07000148,5715,228441,1741,1868,0.9320128479657388,5326.453426124197,male,25-29,327,0.05721784776902887,0.05332776925368269,0.007621223860865606,0.0004360700266846987
2019,E02006281,E07000245,8800,228441,31,4082,0.007594316511513963,66.82998530132288,female,25-29,226,0.02568181818181818,0.00019503585586388132,0.0001357024352020872,3.4850852676899667e-06
2019,E02006281,E07000245,8800,228441,31,4082,0.007594316511513963,66.82998530132288,male,25-29,302,0.03431818181818182,0.0002606231348269565,0.0001357024352020872,4.657060844435265e-06
2019,E02006316,E07000244,7206,228441,1008,3252,0.30996309963099633,2233.5940959409595,female,25-29,169,0.023452678323619205,0.007269464867837688,0.0044125178930227065,0.00010348536274227551
2019,E02006316,E07000244,7206,228441,1008,3252,0.30996309963099633,2233.5940959409595,male,25-29,171,0.02373022481265612,0.00735549403787127,0.0044125178930227065,0.00010471004159129653
2019,E02006307,E07000244,7303,228441,507,3269,0.15509330070357907,1132.646375038238,female,25-29,120,0.016431603450636725,0.0025484316150115693,0.0022193914402405873,3.6468160047770844e-05
2019,E02006307,E07000244,7303,228441,507,3269,0.15509330070357907,1132.646375038238,male,25-29,140,0.019170204025742845,0.002973170217513497,0.0022193914402405873,4.254618672239932e-05
2019,E02006302,E07000244,6742,228441,476,3081,0.15449529373580007,1041.607270366764,female,25-29,157,0.023286858498961734,0.0035977100439811053,0.0020836890050385,4.8522571016173914e-05
2019,E02006302,E07000244,6742,228441,476,3081,0.15449529373580007,1041.607270366764,male,25-29,164,0.02432512607534856,0.0037581174981713454,0.0020836890050385,5.0685997749379116e-05
2019,E02006907,E07000148,6796,228441,1842,1988,0.9265593561368209,6296.897384305835,female,25-29,423,0.06224249558563861,0.05767136663417823,0.008063351149749825,0.0005018830983437575
2019,E02006907,E07000148,6796,228441,1842,1988,0.9265593561368209,6296.897384305835,male,25-29,640,0.09417304296645085,0.08725691405643987,0.008063351149749825,0.0007593503142789711
2019,E02006304,E07000244,7774,228441,519,3641,0.14254325734688272,1108.1312826146664,female,25-29,217,0.02791355801389246,0.003978889483441414,0.0022719214151575243,6.341741022500421e-05
2019,E02006304,E07000244,7774,228441,519,3641,0.14254325734688272,1108.1312826146664,male,25-29,167,0.021481862618986367,0.003062094671588554,0.0022719214151575243,4.880510372154703e-05
2019,E02006309,E07000244,6899,228441,465,3371,0.1379412637199644,951.6567784040344,female,25-29,190,0.02754022322075663,0.003798933194201078,0.002035536528031308,5.605913035598616e-05
2019,E02006309,E07000244,6899,228441,465,3371,0.1379412637199644,951.6567784040344,male,25-29,171,0.024786200898680968,0.00341903987478097,0.002035536528031308,5.045321732038754e-05
2019,E02006825,E07000009,6602,228441,13,2349,0.005534269902085994,36.53724989357173,female,25-29,146,0.022114510754316873,0.0001223876712669729,5.690747282668173e-05,1.2584809198266483e-06
2019,E02006825,E07000009,6602,228441,13,2349,0.005534269902085994,36.53724989357173,male,25-29,197,0.02983944259315359,0.00016513952903831277,5.690747282668173e-05,1.6980872685332173e-06
2019,E02005608,E07000149,7756,228441,2353,3208,0.7334788029925187,5688.861596009975,female,25-29,182,0.023465703971119134,0.017211596460113256,0.010300252581629392,0.0002417026779082709
2019,E02005608,E07000149,7756,228441,2353,3208,0.7334788029925187,5688.861596009975,male,25-29,123,0.01585869004641568,0.011632012992274341,0.010300252581629392,0.00016334851309185344
2019,E02005587,E07000148,9985,228441,3668,3934,0.9323843416370107,9309.857651245551,female,25-29,332,0.033249874812218326,0.031001662636303207,0.016056662332943734,0.0005338820124724406
2019,E02005587,E07000148,9985,228441,3668,3934,0.9323843416370107,9309.857651245551,male,25-29,390,0.03905858788182273,0.03641761574746461,0.016056662332943734,0.0006271505568200356
2019,E02006308,E07000244,7736,228441,477,3755,0.12703062583222371,982.7089214380827,female,25-29,301,0.03890899689762151,0.004942634226408912,0.0020880665029482447,8.124457308524065e-05
2019,E02006308,E07000244,7736,228441,477,3755,0.12703062583222371,982.7089214380827,male,25-29,258,0.03335056876938987,0.00423654362263621,0.0020880665029482447,6.963820550163485e-05
2019,E02006305,E07000244,10024,228441,525,4350,0.1206896551724138,1209.7931034482758,female,25-29,402,0.04010375099760575,0.004840107879021384,0.002298186402615993,9.21658952365951e-05
2019,E02006305,E07000244,10024,228441,525,4350,0.1206896551724138,1209.7931034482758,male,25-29,421,0.04199920191540303,0.0050688691966865726,0.002298186402615993,9.652199476270281e-05
2019,E02006314,E07000244,7383,228441,1607,3302,0.4866747425802544,3593.119624470018,female,25-29,159,0.021535960991466884,0.010481008271740547,0.00703463914095981,0.0001514977141287566
2019,E02006314,E07000244,7383,228441,1607,3302,0.4866747425802544,3593.119624470018,male,25-29,178,0.024109440606799405,0.011733455801068033,0.00703463914095981,0.00016960121455923693
2019,E02006279,E07000245,8825,228441,36,4024,0.008946322067594433,78.95129224652088,female,25-29,204,0.023116147308781868,0.00020680449878631888,0.00015758992475081092,3.6428719149195947e-06
2019,E02006279,E07000245,8825,228441,36,4024,0.008946322067594433,78.95129224652088,male,25-29,232,0.026288951841359775,0.00023518942999228425,0.00015758992475081092,4.142873942457579e-06
2019,E02006315,E07000244,5848,228441,517,2641,0.19575918212798182,1144.7996970844376,female,25-29,87,0.01487688098495212,0.002912286054229552,0.002263166419338035,3.366885746963219e-05
2019,E02006315,E07000244,5848,228441,517,2641,0.19575918212798182,1144.7996970844376,male,25-29,74,0.01265389876880985,0.0024771168737124922,0.002263166419338035,2.8637878767273356e-05
2019,E02006276,E07000245,6874,228441,26,2902,0.00895933838731909,61.586492074431426,female,25-29,125,0.018184463194646495,0.0001629207591525875,0.00011381494565336345,2.069663690234279e-06
2019,E02006276,E07000245,6874,228441,26,2902,0.00895933838731909,61.586492074431426,male,25-29,111,0.016147803316846086,0.00014467363412749767,0.00011381494565336345,1.8378613569280394e-06
2019,E02006278,E07000245,8793,228441,28,3456,0.008101851851851851,71.23958333333333,female,25-29,367,0.041737745934265894,0.0003381530341896542,0.00012256994147285294,5.115793076371776e-06
2019,E02006278,E07000245,8793,228441,28,3456,0.008101851851851851,71.23958333333333,male,25-29,420,0.047765267826680315,0.00038698712359578957,0.00012256994147285294,5.8545860819513514e-06
2019,E02006277,E07000245,7994,228441,17,2787,0.006099748833871547,48.76139217796914,female,25-29,239,0.029897423067300477,0.00018236677149053036,7.441746446566072e-05,2.2248904187256585e-06
2019,E02006277,E07000245,7994,228441,17,2787,0.006099748833871547,48.76139217796914,male,25-29,236,0.029522141606204654,0.00018007764883583752,7.441746446566072e-05,2.1969629239299386e-06
2019,E02006275,E07000245,7142,228441,24,3181,0.007544797233574348,53.88494184218799,female,25-29,203,0.028423410809297115,0.0002144488712427321,0.00010505994983387396,2.986162113732346e-06
2019,E02006275,E07000245,7142,228441,24,3181,0.007544797233574348,53.88494184218799,male,25-29,200,0.02800336040324839,0.0002112796761012139,0.00010505994983387396,2.9420316391451684e-06
2019,E02005550,E07000145,7234,228441,448,3415,0.13118594436310396,948.999121522694,female,25-29,177,0.024467790987005807,0.0032098302671094005,0.001961119063565647,4.7984251347956805e-05
2019,E02005550,E07000145,7234,228441,448,3415,0.13118594436310396,948.999121522694,male,25-29,172,0.02377661045064971,0.003119157095722129,0.001961119063565647,4.6628764021743334e-05
2019,E02003758,E07000011,9606,228441,8,3798,0.00210637177461822,20.23380726698262,female,25-29,267,0.027795128044971893,5.85468731858281e-05,3.501998327795798e-05,9.733849193436166e-07
2019,E02003758,E07000011,9606,228441,8,3798,0.00210637177461822,20.23380726698262,male,25-29,236,0.024567978346866543,5.174929614927128e-05,3.501998327795798e-05,8.603701908805001e-07
2019,E02003775,E07000012,6886,228441,8,2586,0.0030935808197989174,21.302397525135344,female,25-29,144,0.02091199535288992,6.469294772742435e-05,3.501998327795798e-05,7.3233772756694e-07
2019,E02003775,E07000012,6886,228441,8,2586,0.0030935808197989174,21.302397525135344,male,25-29,160,0.023235550392099912,7.18810530304715e-05,3.501998327795798e-05,8.137085861854889e-07
2019,E02005531,E07000144,5447,228441,1858,1969,0.9436262061960387,5139.931945149822,female,25-29,140,0.025702221406278685,0.024253289676417367,0.008133391116305741,0.0002090462192551503
2019,E02005531,E07000144,5447,228441,1858,1969,0.9436262061960387,5139.931945149822,male,25-29,169,0.031026252983293555,0.029277185395103822,0.008133391116305741,0.0002523486503865743
2019,E02005536,E07000144,6216,228441,2430,2679,0.9070548712206047,5638.253079507279,female,25-29,153,0.024613899613899613,0.022326157544522607,0.010637319920679738,0.00026182592468854566
2019,E02005536,E07000144,6216,228441,2430,2679,0.9070548712206047,5638.253079507279,male,25-29,109,0.017535392535392536,0.01590556321799323,0.010637319920679738,0.00018652958033366982
2019,E02005582,E07000147,6991,228441,2342,3094,0.7569489334195216,5291.8299935358755,female,25-29,143,0.020454870547847233,0.015483292444427348,0.0102521001046222,0.00020970538048361816
2019,E02005582,E07000147,6991,228441,2342,3094,0.7569489334195216,5291.8299935358755,male,25-29,133,0.01902446002002575,0.014400544721040822,0.0102521001046222,0.00019504066856168684
2019,E02005522,E07000144,5534,228441,1858,1985,0.9360201511335012,5179.935516372796,female,25-29,111,0.02005782435851102,0.01877452778746271,0.008133391116305741,0.00016313813044993445
2019,E02005522,E07000144,5534,228441,1858,1985,0.9360201511335012,5179.935516372796,male,25-29,110,0.019877123238164075,0.018605387897485566,0.008133391116305741,0.0001616684175629981
2019,E02005549,E07000145,5270,228441,397,2637,0.15054986727341677,793.3978005309064,female,25-29,78,0.014800759013282733,0.0022282523049955423,0.001737866670168665,2.572174578238252e-05
2019,E02005549,E07000145,5270,228441,397,2637,0.15054986727341677,793.3978005309064,male,25-29,106,0.020113851992409868,0.003028137747814455,0.001737866670168665,3.495519298631471e-05
2019,E02005606,E07000149,5848,228441,1025,2229,0.4598474652310453,2689.187976671153,female,25-29,104,0.017783857729138167,0.00817786189877372,0.004486935357488367,7.979502003741281e-05
2019,E02005606,E07000149,5848,228441,1025,2229,0.4598474652310453,2689.187976671153,male,25-29,131,0.022400820793433654,0.01030096066095536,0.004486935357488367,0.00010051103485481807
2019,E02005529,E07000144,5904,228441,2426,2537,0.9562475364603863,5645.685455262121,female,25-29,138,0.023373983739837397,0.02235131436848464,0.010619809929040758,0.00024822726460156246
2019,E02005529,E07000144,5904,228441,2426,2537,0.9562475364603863,5645.685455262121,male,25-29,147,0.024898373983739838,0.023809008783820595,0.010619809929040758,0.00026441599924949044
2019,E02006310,E07000244,8522,228441,490,3371,0.14535746069415603,1238.7362800355977,female,25-29,239,0.028045059845106784,0.004076558684100363,0.0021449739757749267,6.015592351680445e-05
2019,E02006310,E07000244,8522,228441,490,3371,0.14535746069415603,1238.7362800355977,male,25-29,253,0.029687866697958226,0.0043153529166418065,0.0021449739757749267,6.36797014633955e-05
2019,E02005541,E07000145,5924,228441,391,2884,0.1355755894590846,803.1497919556172,female,25-29,125,0.02110060769750169,0.0028607273265336894,0.0017116016827101964,3.611583564125161e-05
2019,E02005541,E07000145,5924,228441,391,2884,0.1355755894590846,803.1497919556172,male,25-29,170,0.028696826468602294,0.0038905891640858173,0.0017116016827101964,4.911753647210219e-05
2019,E02005537,E07000144,6050,228441,1455,2548,0.5710361067503925,3454.768445839875,female,25-29,132,0.02181818181818182,0.012458969601826747,0.0063692594586786085,0.0001389656609166242
2019,E02005537,E07000144,6050,228441,1455,2548,0.5710361067503925,3454.768445839875,male,25-29,127,0.02099173553719008,0.011987038935090883,0.0063692594586786085,0.0001337018101243278
2019,E02005546,E07000145,7892,228441,496,3877,0.12793396956409595,1009.6548877998453,female,25-29,304,0.03852002027369488,0.00492801910130324,0.002171238963233395,8.363616888278664e-05
2019,E02005546,E07000145,7892,228441,496,3877,0.12793396956409595,1009.6548877998453,male,25-29,251,0.03180435884439939,0.004068857876404977,0.002171238963233395,6.905486312361659e-05
2019,E02005543,E07000145,9707,228441,592,4599,0.12872363557295063,1249.5203305066318,female,25-29,317,0.03265684557535799,0.004203707888804507,0.0025914787625688908,8.462952176103208e-05
2019,E02005543,E07000145,9707,228441,592,4599,0.12872363557295063,1249.5203305066318,male,25-29,396,0.040795302359122286,0.005251319633963991,0.0025914787625688908,0.00010572015967624197
2019,E02005484,E07000141,7211,228441,9,2876,0.003129346314325452,22.565716272600834,female,25-29,162,0.022465677437248647,7.030288488707852e-05,3.939748118770273e-05,8.850911042030012e-07
2019,E02005484,E07000141,7211,228441,9,2876,0.003129346314325452,22.565716272600834,male,25-29,119,0.016502565524892526,5.164224260223669e-05,3.939748118770273e-05,6.501595148157849e-07
2019,E02005539,E07000145,7534,228441,806,3487,0.23114425007169487,1741.440780040149,female,25-29,158,0.020971595434032386,0.004847463699406396,0.003528263315254267,7.399331083225035e-05
2019,E02005539,E07000145,7534,228441,806,3487,0.23114425007169487,1741.440780040149,male,25-29,143,0.01898062118396602,0.004387261449462751,0.003528263315254267,6.696862942412531e-05
2019,E02005545,E07000145,6351,228441,437,2936,0.14884196185286103,945.2952997275204,female,25-29,122,0.01920957329554401,0.0028591905756650995,0.001912966586558455,3.674727185642127e-05
2019,E02005545,E07000145,6351,228441,437,2936,0.14884196185286103,945.2952997275204,male,25-29,127,0.01999685088962368,0.002976370517290718,0.001912966586558455,3.825330758824181e-05
2019,E02005533,E07000144,8917,228441,2992,3481,0.8595231255386383,7664.367710428038,female,25-29,183,0.02052259728608276,0.017639646963504632,0.013097473745956286,0.0002687941791533027
2019,E02005533,E07000144,8917,228441,2992,3481,0.8595231255386383,7664.367710428038,male,25-29,148,0.016597510373443983,0.014265943992342545,0.013097473745956286,0.0002173854563644197
2019,E02005583,E07000147,8736,228441,3117,4005,0.7782771535580524,6799.029213483145,female,25-29,139,0.01591117216117216,0.012383301779369194,0.01364466098467438,0.0002171025500079829
2019,E02005583,E07000147,8736,228441,3117,4005,0.7782771535580524,6799.029213483145,male,25-29,142,0.016254578754578756,0.012650567285398746,0.01364466098467438,0.00022178821655491782
2019,E02003785,E07000012,9173,228441,8,3105,0.0025764895330112722,23.6341384863124,female,25-29,261,0.028453068788836803,7.330903391648774e-05,3.501998327795798e-05,9.96425993191653e-07
2019,E02003785,E07000012,9173,228441,8,3105,0.0025764895330112722,23.6341384863124,male,25-29,276,0.0300883026272757,7.75221967852514e-05,3.501998327795798e-05,1.0536918548693343e-06
2019,E02003254,E06000031,8600,228441,8,3068,0.002607561929595828,22.42503259452412,female,25-29,159,0.018488372093023255,4.8209575209969376e-05,3.501998327795798e-05,6.474624815343394e-07
2019,E02003254,E06000031,8600,228441,8,3068,0.002607561929595828,22.42503259452412,male,25-29,197,0.022906976744186045,5.973136048027652e-05,3.501998327795798e-05,8.022019425299676e-07
2019,E02003726,E07000008,8442,228441,9,2085,0.004316546762589928,36.44028776978417,female,25-29,402,0.047619047619047616,0.0002055498458376156,3.939748118770273e-05,1.876070532747749e-06
2019,E02003726,E07000008,8442,228441,9,2085,0.004316546762589928,36.44028776978417,male,25-29,651,0.07711442786069651,0.00033286803393106407,3.939748118770273e-05,3.03811422094225e-06
2019,E02005544,E07000145,7497,228441,439,3315,0.13242835595776772,992.8153846153846,female,25-29,264,0.035214085634253704,0.004663343467100264,0.0019217215823779444,6.767166836705046e-05
2019,E02005544,E07000145,7497,228441,439,3315,0.13242835595776772,992.8153846153846,male,25-29,285,0.03801520608243297,0.00503429124289233,0.0019217215823779444,7.305464198715675e-05
2019,E02005446,E07000138,10958,228441,11,1999,0.005502751375687844,60.29914957478739,female,25-29,314,0.02865486402628217,0.00015768059244077232,4.815247700719223e-05,1.379802681169772e-06
2019,E02005446,E07000138,10958,228441,11,1999,0.005502751375687844,60.29914957478739,male,25-29,522,0.047636430005475454,0.00026213143074548776,4.815247700719223e-05,2.293812100543379e-06
2019,E02005593,E07000148,12414,228441,2398,2647,0.9059312429165093,11246.230449565546,female,30-34,232,0.01868857741259868,0.01693056616373692,0.010497239987567906,0.0001961784821262892
2019,E02005593,E07000148,12414,228441,2398,2647,0.9059312429165093,11246.230449565546,male,30-34,265,0.02134686644111487,0.019338793247371915,0.010497239987567906,0.0002240831800149424
2019,E02006287,E07000244,6179,228441,545,2715,0.2007366482504604,1240.3517495395947,female,30-34,106,0.01715487943032853,0.003443612997984917,0.0023857363608108875,4.092701962226154e-05
2019,E02006287,E07000244,6179,228441,545,2715,0.2007366482504604,1240.3517495395947,male,30-34,91,0.014727302152451853,0.002956309271854976,0.0023857363608108875,3.513546024175283e-05
2019,E02006233,E07000200,11790,228441,40,5050,0.007920792079207921,93.38613861386139,female,30-34,353,0.029940627650551315,0.00023715348634100052,0.00017509991638978994,5.242601398269368e-06
2019,E02006233,E07000200,11790,228441,40,5050,0.007920792079207921,93.38613861386139,male,30-34,377,0.03197625106022053,0.00025327723612055865,0.00017509991638978994,5.599038887103546e-06
2019,E02006288,E07000244,9562,228441,114,3453,0.03301476976542137,315.68722849695916,female,30-34,140,0.014641288433382138,0.00048337876669723827,0.0004990347617109013,7.30651188449343e-06
2019,E02006288,E07000244,9562,228441,114,3453,0.03301476976542137,315.68722849695916,male,30-34,125,0.013072578958376909,0.0004315881845511056,0.0004990347617109013,6.523671325440562e-06
2019,E02006311,E07000244,8471,228441,917,3751,0.24446814182884563,2070.889629432151,female,30-34,236,0.027859756817376933,0.006810822980947653,0.004014165583235934,0.00011183367697363715
2019,E02006311,E07000244,8471,228441,917,3751,0.24446814182884563,2070.889629432151,male,30-34,213,0.02514461102585291,0.006147056334499365,0.004014165583235934,0.00010093463218383354
2019,E02006256,E07000202,9754,228441,48,4135,0.011608222490931077,113.22660217654172,female,30-34,424,0.043469345909370516,0.0005046018388512176,0.00021011989966774792,9.133774601099561e-06
2019,E02006256,E07000202,9754,228441,48,4135,0.011608222490931077,113.22660217654172,male,30-34,493,0.050543366823867134,0.0005867186475321941,0.00021011989966774792,1.062016716590114e-05
2019,E02006251,E07000202,10928,228441,70,3797,0.018435607058203844,201.4643139320516,female,30-34,475,0.04346632503660322,0.0008013280886389848,0.0003064248536821324,1.3319162289441149e-05
2019,E02006251,E07000202,10928,228441,70,3797,0.018435607058203844,201.4643139320516,male,30-34,575,0.05261713030746706,0.000970028738878771,0.0003064248536821324,1.6123196455639288e-05
2019,E02004577,E07000076,5680,228441,11,2201,0.004997728305315766,28.387096774193548,female,30-34,140,0.02464788732394366,0.00012318344414510689,4.815247700719223e-05,1.186856827642062e-06
2019,E02004577,E07000076,5680,228441,11,2201,0.004997728305315766,28.387096774193548,male,30-34,125,0.022007042253521125,0.00010998521798670258,4.815247700719223e-05,1.059693596108984e-06
2019,E02005542,E07000145,7554,228441,451,3494,0.12907842014882656,975.0583858042359,female,30-34,274,0.03627217368281705,0.004681954874341869,0.0019742515572948815,7.161039537977197e-05
2019,E02005542,E07000145,7554,228441,451,3494,0.12907842014882656,975.0583858042359,male,30-34,295,0.03905215779719354,0.005040790831864421,0.0019742515572948815,7.709878334683479e-05
2019,E02005611,E07000149,11199,228441,3134,4161,0.753184330689738,8434.911319394376,female,30-34,328,0.02928832931511742,0.022059510712227347,0.01371907844914004,0.0004018088875183439
2019,E02005611,E07000149,11199,228441,3134,4161,0.753184330689738,8434.911319394376,male,30-34,353,0.03152067148852576,0.023740875857976382,0.01371907844914004,0.0004324345649206567
2019,E02005595,E07000148,8952,228441,3128,3359,0.9312295325989878,8336.366775826138,female,30-34,190,0.02122430741733691,0.01976470187598388,0.013692813461681571,0.00029062048231897887
2019,E02005595,E07000148,8952,228441,3128,3359,0.9312295325989878,8336.366775826138,male,30-34,180,0.020107238605898123,0.01872445440882683,0.013692813461681571,0.0002753246674600852
2019,E02006293,E07000244,11451,228441,88,4406,0.01997276441216523,228.70812528370405,female,30-34,265,0.02314208366081565,0.0004622113849640892,0.00038521981605753786,8.914789211007557e-06
2019,E02006293,E07000244,11451,228441,88,4406,0.01997276441216523,228.70812528370405,male,30-34,409,0.03571740459348528,0.0007133753073596698,0.00038521981605753786,1.3759052027555058e-05
2019,E02004521,E07000071,9189,228441,8,3522,0.002271436683702442,20.87223168654174,female,30-34,343,0.03732723909021656,8.478646017084965e-05,3.501998327795798e-05,1.3071992887517234e-06
2019,E02004521,E07000071,9189,228441,8,3522,0.002271436683702442,20.87223168654174,male,30-34,306,0.03330068560235064,7.564039886962098e-05,3.501998327795798e-05,1.1661894529388556e-06
2019,E02004507,E07000071,9933,228441,11,3434,0.00320326150262085,31.817996505532903,female,30-34,400,0.040269807711668174,0.0001289947247607309,4.815247700719223e-05,1.9390909899201544e-06
2019,E02004507,E07000071,9933,228441,11,3434,0.00320326150262085,31.817996505532903,male,30-34,377,0.03795429376824726,0.00012157752808698888,4.815247700719223e-05,1.8275932579997454e-06
2019,E02004446,E07000067,6867,228441,9,2535,0.0035502958579881655,24.379881656804734,female,30-34,142,0.020678607834571136,7.341517574403953e-05,3.939748118770273e-05,8.146850631503986e-07
2019,E02004446,E07000067,6867,228441,9,2535,0.0035502958579881655,24.379881656804734,male,30-34,123,0.017911751856705984,6.359201842617509e-05,3.939748118770273e-05,7.056779068133734e-07
2019,E02004589,E07000076,7733,228441,9,3538,0.002543810062182024,19.67128321085359,female,30-34,237,0.03064787275313591,7.796236709390142e-05,3.939748118770273e-05,1.207448990234779e-06
2019,E02004589,E07000076,7733,228441,9,3538,0.002543810062182024,19.67128321085359,male,30-34,179,0.023147549463338937,5.8882969239697694e-05,3.939748118770273e-05,9.119551445233141e-07
2019,E02004522,E07000071,12010,228441,9,2824,0.003186968838526912,38.27549575070822,female,30-34,235,0.019567027477102414,6.235950683212525e-05,3.939748118770273e-05,7.708915969284048e-07
2019,E02004522,E07000071,12010,228441,9,2824,0.003186968838526912,38.27549575070822,male,30-34,290,0.02414654454621149,7.695428502687798e-05,3.939748118770273e-05,9.513130345073932e-07
2019,E02004526,E07000071,7285,228441,8,3181,0.002514932411191449,18.321282615529707,female,30-34,130,0.017844886753603295,4.487868407067788e-05,3.501998327795798e-05,6.249276357082413e-07
2019,E02004526,E07000071,7285,228441,8,3181,0.002514932411191449,18.321282615529707,male,30-34,101,0.013864104323953328,3.486728531644974e-05,3.501998327795798e-05,4.855207015887105e-07
2019,E02006235,E07000200,8200,228441,24,2985,0.008040201005025126,65.92964824120604,female,30-34,146,0.017804878048780486,0.00014315479838215468,0.00010505994983387396,1.8705795946031216e-06
2019,E02006235,E07000200,8200,228441,24,2985,0.008040201005025126,65.92964824120604,male,30-34,131,0.01597560975609756,0.00012844711361686482,0.00010505994983387396,1.6783967595411572e-06
2019,E02004513,E07000071,13590,228441,10,3781,0.0026448029621793175,35.942872256016926,female,30-34,452,0.033259749816041205,8.796548483480879e-05,4.3774979097447484e-05,1.4559448529835365e-06
2019,E02004513,E07000071,13590,228441,10,3781,0.0026448029621793175,35.942872256016926,male,30-34,454,0.03340691685062546,8.835471264381237e-05,4.3774979097447484e-05,1.4623870868462957e-06
2019,E02004582,E07000076,7003,228441,9,3302,0.0027256208358570565,19.087522713506967,female,30-34,136,0.019420248464943595,5.293223385357128e-05,3.939748118770273e-05,7.651088735581281e-07
2019,E02004582,E07000076,7003,228441,9,3302,0.0027256208358570565,19.087522713506967,male,30-34,131,0.01870626874196773,5.098619584424881e-05,3.939748118770273e-05,7.369798708537852e-07
2019,E02004520,E07000071,9529,228441,11,3753,0.002930988542499334,27.929389821476153,female,30-34,482,0.050582432574247035,0.00014825653032686314,4.815247700719223e-05,2.4356694214992816e-06
2019,E02004520,E07000071,9529,228441,11,3753,0.002930988542499334,27.929389821476153,male,30-34,468,0.04911323328785812,0.00014395032405180904,4.815247700719223e-05,2.3649238366424564e-06
2019,E02004579,E07000076,7266,228441,8,3141,0.0025469595670168737,18.506208213944603,female,30-34,149,0.020506468483347095,5.222914608939088e-05,3.501998327795798e-05,7.181361833767876e-07
2019,E02004579,E07000076,7266,228441,8,3141,0.0025469595670168737,18.506208213944603,male,30-34,150,0.02064409578860446,5.257967727119888e-05,3.501998327795798e-05,7.22955889305491e-07
2019,E02004559,E07000074,7711,228441,8,2504,0.003194888178913738,24.635782747603834,female,30-34,165,0.021398002853067047,6.836422636762634e-05,3.501998327795798e-05,7.493577020961052e-07
2019,E02004559,E07000074,7711,228441,8,2504,0.003194888178913738,24.635782747603834,male,30-34,176,0.02282453637660485,7.292184145880144e-05,3.501998327795798e-05,7.993148822358455e-07
2019,E02004575,E07000076,11687,228441,12,4223,0.0028415818138763913,33.20956665877338,female,30-34,328,0.028065371780610936,7.97500500514637e-05,5.252997491693698e-05,1.4742732756700034e-06
2019,E02004575,E07000076,11687,228441,12,4223,0.0028415818138763913,33.20956665877338,male,30-34,300,0.02566954736031488,7.294211894950948e-05,5.252997491693698e-05,1.3484206789664664e-06
2019,E02004588,E07000076,7179,228441,8,3751,0.0021327645961077045,15.311117035457212,female,30-34,188,0.026187491294052095,5.5851754292833046e-05,3.501998327795798e-05,9.170855072093746e-07
2019,E02004588,E07000076,7179,228441,8,3751,0.0021327645961077045,15.311117035457212,male,30-34,218,0.030366346287783813,6.476426827573194e-05,3.501998327795798e-05,1.0634289392108707e-06
2019,E02004512,E07000071,11610,228441,14,4353,0.0032161727544222376,37.33976567884218,female,30-34,557,0.04797588285960379,0.00015429872732241053,6.128497073642647e-05,2.9402005771050424e-06
2019,E02004512,E07000071,11610,228441,14,4353,0.0032161727544222376,37.33976567884218,male,30-34,585,0.050387596899224806,0.00016205521630809723,6.128497073642647e-05,3.0880024014478454e-06
2019,E02004509,E07000071,14885,228441,13,4843,0.0026842865992153624,39.95560602932067,female,30-34,786,0.052804837084313064,0.00014174331655917197,5.690747282668173e-05,3.0049898314929013e-06
2019,E02004509,E07000071,14885,228441,13,4843,0.0026842865992153624,39.95560602932067,male,30-34,673,0.04521330198186094,0.0001213654606161867,5.690747282668173e-05,2.5729747539373063e-06
2019,E02004585,E07000076,8674,228441,8,4088,0.0019569471624266144,16.974559686888455,female,30-34,256,0.029513488586580587,5.775633774281915e-05,3.501998327795798e-05,1.0335618767762559e-06
2019,E02004585,E07000076,8674,228441,8,4088,0.0019569471624266144,16.974559686888455,male,30-34,221,0.02547844131888402,4.985996344204309e-05,3.501998327795798e-05,8.922545889357522e-07
2019,E02004580,E07000076,12194,228441,9,5534,0.0016263100831225153,19.831225153595952,female,30-34,208,0.017057569296375266,2.7740896940256126e-05,3.939748118770273e-05,6.720252654618802e-07
2019,E02004580,E07000076,12194,228441,9,5534,0.0016263100831225153,19.831225153595952,male,30-34,185,0.015171395768410693,2.4673393913208573e-05,3.939748118770273e-05,5.977147793771531e-07
2019,E02004590,E07000076,8402,228441,9,4502,0.0019991115059973343,16.796534873389604,female,30-34,154,0.01832896929302547,3.664165340675904e-05,3.939748118770273e-05,7.221152229119519e-07
2019,E02004590,E07000076,8402,228441,9,4502,0.0019991115059973343,16.796534873389604,male,30-34,137,0.016305641513925256,3.259679556315577e-05,3.939748118770273e-05,6.424012047982949e-07
2019,E02004595,E07000077,14491,228441,8,5057,0.0015819655922483687,22.924263397271112,female,30-34,500,0.03450417500517563,5.4584417647104026e-05,3.501998327795798e-05,1.2083356317009864e-06
2019,E02004595,E07000077,14491,228441,8,5057,0.0015819655922483687,22.924263397271112,male,30-34,441,0.0304326823545649,4.814345636474574e-05,3.501998327795798e-05,1.0657520271602698e-06
2019,E02006922,E07000071,13943,228441,14,5702,0.002455278849526482,34.23395299894774,female,30-34,427,0.03062468622247723,7.51921443554334e-05,6.128497073642647e-05,1.8768329989567597e-06
2019,E02006922,E07000071,13943,228441,14,5702,0.002455278849526482,34.23395299894774,male,30-34,399,0.028616510076741018,7.026151193868366e-05,6.128497073642647e-05,1.7537619826317265e-06
2019,E02004523,E07000071,10335,228441,10,4139,0.0024160425223483935,24.969799468470647,female,30-34,439,0.0424770198355104,0.00010262628614522929,4.3774979097447484e-05,1.85943065542133e-06
2019,E02004523,E07000071,10335,228441,10,4139,0.0024160425223483935,24.969799468470647,male,30-34,379,0.0366715045960329,8.859991446251003e-05,4.3774979097447484e-05,1.6052943471632894e-06
2019,E02005579,E07000147,12901,228441,4648,5056,0.9193037974683544,11859.93829113924,female,30-34,366,0.028369893806681652,0.02608055111025639,0.02034661028449359,0.0005772311730970199
2019,E02005579,E07000147,12901,228441,4648,5056,0.9193037974683544,11859.93829113924,male,30-34,311,0.024106658398573753,0.02216134261008125,0.02034661028449359,0.0004904887836971945
2019,E02006292,E07000244,6857,228441,50,2404,0.020798668885191347,142.61647254575706,female,30-34,111,0.016187837246609306,0.00033668546685959453,0.0002188748954872374,3.5431111855160208e-06
2019,E02006292,E07000244,6857,228441,50,2404,0.020798668885191347,142.61647254575706,male,30-34,97,0.014146128044334258,0.0002942206332016276,0.0002188748954872374,3.096232297252739e-06
2019,E02006250,E07000202,10945,228441,56,4152,0.01348747591522158,147.62042389210018,female,30-34,466,0.042576518958428504,0.0005742497740057794,0.0002451398829457059,1.0437202873704791e-05
2019,E02006250,E07000202,10945,228441,56,4152,0.01348747591522158,147.62042389210018,male,30-34,612,0.055915943353129285,0.0007541649392522255,0.0002451398829457059,1.3707227808384833e-05
2019,E02005594,E07000148,11105,228441,3270,3517,0.92976969007677,10325.092408302531,female,30-34,409,0.03683025664115264,0.03424365630269239,0.014314418164865327,0.0005272036946807672
2019,E02005594,E07000148,11105,228441,3270,3517,0.92976969007677,10325.092408302531,male,30-34,450,0.040522287257991896,0.037676394465064975,0.014314418164865327,0.00058005296480769
2019,E02005602,E07000149,12285,228441,3889,4252,0.9146284101599247,11236.210018814674,female,30-34,321,0.02612942612942613,0.023898715479148215,0.017024089370997326,0.0004448296856402232
2019,E02005602,E07000149,12285,228441,3889,4252,0.9146284101599247,11236.210018814674,male,30-34,317,0.025803825803825804,0.023600912170996836,0.017024089370997326,0.0004392866365979774
2019,E02005535,E07000144,7243,228441,2248,2438,0.9220672682526662,6678.533223954061,female,30-34,228,0.03147866905978186,0.029025450388182782,0.009840615301106194,0.00030976947240814753
2019,E02005535,E07000144,7243,228441,2248,2438,0.9220672682526662,6678.533223954061,male,30-34,183,0.025265773850614386,0.023296743074725654,0.009840615301106194,0.0002486307607486447
2019,E02006230,E07000200,11148,228441,70,4587,0.01526051885764116,170.12426422498365,female,30-34,277,0.024847506279153213,0.00037918583813837477,0.0003064248536821324,7.613893475955389e-06
2019,E02006230,E07000200,11148,228441,70,4587,0.01526051885764116,170.12426422498365,male,30-34,256,0.022963760315751706,0.00035043889734088065,0.0003064248536821324,7.036666894745775e-06
2019,E02006294,E07000244,8228,228441,52,3741,0.013900026730820636,114.36941994119219,female,30-34,174,0.021147301895964997,0.00029394806163864735,0.0002276298913067269,4.813758032009052e-06
2019,E02006294,E07000244,8228,228441,52,3741,0.013900026730820636,114.36941994119219,male,30-34,144,0.01750121536217793,0.000243267361356122,0.0002276298913067269,3.983799750628182e-06
2019,E02006296,E07000244,13489,228441,80,5153,0.015524936929943722,209.41587424801088,female,30-34,353,0.02616947142115798,0.00040627939330344234,0.0003501998327795799,9.16454451561952e-06
2019,E02006296,E07000244,13489,228441,80,5153,0.015524936929943722,209.41587424801088,male,30-34,328,0.0243161094224924,0.0003775060651658048,0.0003501998327795799,8.515497453606806e-06
2019,E02006313,E07000244,10033,228441,688,4581,0.1501855490067671,1506.8116131848942,female,30-34,280,0.027907903917073658,0.004191363871413813,0.0030117185619043868,8.405075225089487e-05
2019,E02006313,E07000244,10033,228441,688,4581,0.1501855490067671,1506.8116131848942,male,30-34,217,0.021628625535732086,0.0032483070003457054,0.0030117185619043868,6.513933299444353e-05
2019,E02006295,E07000244,9796,228441,69,4175,0.01652694610778443,161.89796407185628,female,30-34,264,0.02694977541853818,0.0004453974859590741,0.00030204735577238763,8.140108403829148e-06
2019,E02006295,E07000244,9796,228441,69,4175,0.01652694610778443,161.89796407185628,male,30-34,189,0.01929358922008983,0.0003188641092661553,0.00030204735577238763,5.827577607286776e-06
2019,E02005597,E07000149,16660,228441,5376,5722,0.9395316322963999,15652.596994058022,female,30-34,733,0.043997599039615844,0.04133713604281279,0.023533428762787766,0.001035414362732499
2019,E02005597,E07000149,16660,228441,5376,5722,0.9395316322963999,15652.596994058022,male,30-34,603,0.036194477791116446,0.03400585679920343,0.023533428762787766,0.0008517801647035428
2019,E02006267,E07000203,8615,228441,87,3046,0.02856204858831254,246.06204858831254,female,30-34,172,0.01996517701683111,0.000570246356028991,0.0003808423181477931,7.6035842973210005e-06
2019,E02006267,E07000203,8615,228441,87,3046,0.02856204858831254,246.06204858831254,male,30-34,147,0.01706326175275682,0.00048736171125733527,0.0003808423181477931,6.498412161082482e-06
2019,E02005538,E07000145,9068,228441,751,4616,0.1626949740034662,1475.3180242634314,female,30-34,186,0.02051168945743273,0.0033371487830441897,0.0032875009302183057,6.743219817165911e-05
2019,E02005538,E07000145,9068,228441,751,4616,0.1626949740034662,1475.3180242634314,male,30-34,177,0.019519188354653726,0.003175673841929148,0.0032875009302183057,6.416934987303044e-05
2019,E02006271,E07000203,9748,228441,54,3734,0.0144617032672737,140.97268344938402,female,30-34,385,0.03949528108329914,0.0005711690354842404,0.0002363848871262164,9.336087560893857e-06
2019,E02006271,E07000203,9748,228441,54,3734,0.0144617032672737,140.97268344938402,male,30-34,407,0.04175215428805909,0.0006038072660833398,0.0002363848871262164,9.86957827865922e-06
2019,E02006312,E07000244,8830,228441,965,3470,0.2780979827089337,2455.605187319885,female,30-34,199,0.022536806342015856,0.006267440380416513,0.004224285482903682,9.520190386158921e-05
2019,E02006312,E07000244,8830,228441,965,3470,0.2780979827089337,2455.605187319885,male,30-34,168,0.019026047565118914,0.0052911054467837905,0.004224285482903682,8.037145652636677e-05
2019,E02005520,E07000144,8657,228441,3033,3252,0.9326568265682657,8074.010147601476,female,30-34,224,0.025875014439182165,0.02413250885425569,0.013276951160255821,0.0003435413029799358
2019,E02005520,E07000144,8657,228441,3033,3252,0.9326568265682657,8074.010147601476,male,30-34,194,0.02240961071964884,0.020900476418417874,0.013276951160255821,0.00029753130704512296
2019,E02006237,E07000200,7731,228441,59,2944,0.020040760869565216,154.9351222826087,female,30-34,177,0.022894838960031045,0.00045882999274518733,0.00025827237667494014,5.9131044717972325e-06
2019,E02006237,E07000200,7731,228441,59,2944,0.020040760869565216,154.9351222826087,male,30-34,125,0.016168671581942826,0.0003240324807522509,0.00025827237667494014,4.1759212371449375e-06
2019,E02005604,E07000149,8600,228441,2789,3152,0.8848350253807107,7609.581218274112,female,30-34,196,0.022790697674418603,0.020166007555188287,0.012208841670278102,0.0002782480194621521
2019,E02005604,E07000149,8600,228441,2789,3152,0.8848350253807107,7609.581218274112,male,30-34,162,0.018837209302325582,0.016667822571125014,0.012208841670278102,0.00022998050588198286
2019,E02006258,E07000202,9082,228441,63,4222,0.014921837991473235,135.52013263855991,female,30-34,323,0.03556485355648536,0.0005306929829603452,0.00027578236831391915,9.808159542545243e-06
2019,E02006258,E07000202,9082,228441,63,4222,0.014921837991473235,135.52013263855991,male,30-34,297,0.03270204800704691,0.0004879746623505342,0.00027578236831391915,9.018648248098876e-06
2019,E02003619,E06000055,11815,228441,9,5224,0.0017228177641653904,20.355091883614087,female,30-34,361,0.030554380025391452,5.263962868080457e-05,3.939748118770273e-05,1.2037656122522799e-06
2019,E02003619,E06000055,11815,228441,9,5224,0.0017228177641653904,20.355091883614087,male,30-34,256,0.02166737198476513,3.7328933358132873e-05,3.939748118770273e-05,8.536398801567413e-07
2019,E02006261,E07000203,8070,228441,1036,3144,0.32951653944020354,2659.1984732824426,female,30-34,143,0.01771995043370508,0.005839016745966432,0.004535087834495559,8.036153163976021e-05
2019,E02006261,E07000203,8070,228441,1036,3144,0.32951653944020354,2659.1984732824426,male,30-34,151,0.018711276332094177,0.006165675025461058,0.004535087834495559,8.485728166156498e-05
2019,E02006306,E07000244,7510,228441,473,3378,0.14002368265245707,1051.5778567199527,female,30-34,243,0.032356857523302265,0.004530726349473644,0.002070556511309266,6.699670203037972e-05
2019,E02006306,E07000244,7510,228441,473,3378,0.14002368265245707,1051.5778567199527,male,30-34,241,0.032090545938748334,0.004493436420671392,0.002070556511309266,6.644528884494448e-05
2019,E02006303,E07000244,8152,228441,445,3523,0.12631280158955435,1029.7019585580472,female,30-34,278,0.03410206084396467,0.00430752684517862,0.001947986569836413,6.64303565277874e-05
2019,E02006303,E07000244,8152,228441,445,3523,0.12631280158955435,1029.7019585580472,male,30-34,249,0.030544651619234545,0.0038581805196024332,0.001947986569836413,5.950057113460094e-05
2019,E02006228,E07000200,6121,228441,22,2586,0.008507347254447023,52.07347254447023,female,30-34,139,0.022708707727495506,0.0001931908623375488,9.630495401438446e-05,2.1869610534225518e-06
2019,E02006228,E07000200,6121,228441,22,2586,0.008507347254447023,52.07347254447023,male,30-34,150,0.024505799705930403,0.00020847934784627568,9.630495401438446e-05,2.3600299137653437e-06
2019,E02006266,E07000203,9653,228441,49,4297,0.011403304631138002,110.07609960437514,female,30-34,252,0.02610587382160986,0.0002976932318498681,0.00021449739757749265,5.5996419962217075e-06
2019,E02006266,E07000203,9653,228441,49,4297,0.011403304631138002,110.07609960437514,male,30-34,231,0.023930384336475707,0.00027288546252904577,0.00021449739757749265,5.133005163203232e-06
2019,E02006245,E07000202,7778,228441,49,3627,0.013509787703336091,105.07912875654812,female,30-34,266,0.03419902288506043,0.000462021538838699,0.00021449739757749265,7.335601408538576e-06
2019,E02006245,E07000202,7778,228441,49,3627,0.013509787703336091,105.07912875654812,male,30-34,207,0.026613525327847776,0.0003595430772165815,0.00021449739757749265,5.708531923186035e-06
2019,E02006289,E07000244,9527,228441,111,3942,0.02815829528158295,268.26407914764076,female,30-34,246,0.025821349847800986,0.0007270851935834372,0.00048590226798166705,1.2546652453394572e-05
2019,E02006289,E07000244,9527,228441,111,3942,0.02815829528158295,268.26407914764076,male,30-34,173,0.018158916762884433,0.0005113241402029863,0.00048590226798166705,8.823458839175857e-06
2019,E02006286,E07000245,11775,228441,11,4724,0.0023285351397121083,27.418501270110074,female,30-34,442,0.037537154989384286,8.7406584437601e-05,4.815247700719223e-05,1.807506992541738e-06
2019,E02006286,E07000245,11775,228441,11,4724,0.0023285351397121083,27.418501270110074,male,30-34,498,0.04229299363057325,9.848072183241017e-05,4.815247700719223e-05,2.0365124033615057e-06
2019,E02006280,E07000245,9789,228441,32,4150,0.0077108433734939755,75.48144578313253,female,30-34,222,0.022678516702421086,0.00017487049023553607,0.00014007993311183193,3.1768051027507087e-06
2019,E02006280,E07000245,9789,228441,32,4150,0.0077108433734939755,75.48144578313253,male,30-34,203,0.020737562570231894,0.00015990409692708929,0.00014007993311183193,2.904916377740513e-06
2019,E02006290,E07000244,8129,228441,72,3583,0.020094892548144012,163.35138152386267,female,30-34,174,0.021404846844630336,0.000430128097352326,0.00031517984950162184,6.7463764070958545e-06
2019,E02006290,E07000244,8129,228441,72,3583,0.020094892548144012,163.35138152386267,male,30-34,207,0.025464386763439536,0.0005117041158156982,0.00031517984950162184,8.025861587751965e-06
2019,E02006227,E07000200,6270,228441,24,2589,0.009269988412514484,58.12282734646582,female,30-34,110,0.017543859649122806,0.00016263137565814884,0.00010505994983387396,1.8431570146293676e-06
2019,E02006227,E07000200,6270,228441,24,2589,0.009269988412514484,58.12282734646582,male,30-34,115,0.018341307814992026,0.00017002371091533744,0.00010505994983387396,1.9269368789307027e-06
2019,E02006249,E07000202,8185,228441,53,3215,0.016485225505443235,134.93157076205287,female,30-34,228,0.027855833842394623,0.00045920970253403266,0.00023200738921647164,6.462759284221812e-06
2019,E02006249,E07000202,8185,228441,53,3215,0.016485225505443235,134.93157076205287,male,30-34,214,0.026145387904703728,0.000431012615536329,0.00023200738921647164,6.065923187822228e-06
2019,E02006262,E07000203,9118,228441,277,3705,0.0747638326585695,681.6966261808368,female,30-34,163,0.01787672735248958,0.0013365326522644034,0.0012125669209992953,2.1676728243352175e-05
2019,E02006262,E07000203,9118,228441,277,3705,0.0747638326585695,681.6966261808368,male,30-34,184,0.020179864005264312,0.0015087239755622712,0.0012125669209992953,2.4469435563047854e-05
2019,E02006268,E07000203,6407,228441,39,3227,0.012085528354508832,77.43198016733808,female,30-34,192,0.029967223349461527,0.00036216972749581643,0.00017072241848004518,5.116076845351752e-06
2019,E02006268,E07000203,6407,228441,39,3227,0.012085528354508832,77.43198016733808,male,30-34,188,0.029342906196347746,0.00035462452483965356,0.00017072241848004518,5.00949191107359e-06
2019,E02006257,E07000202,6460,228441,45,3015,0.014925373134328358,96.41791044776119,female,30-34,221,0.034210526315789476,0.0005106048703849176,0.00019698740593851365,6.739042834738626e-06
2019,E02006257,E07000202,6460,228441,45,3015,0.014925373134328358,96.41791044776119,male,30-34,182,0.028173374613003097,0.000420498128552285,0.00019698740593851365,5.549799981549456e-06
2019,E02006265,E07000203,7283,228441,60,2946,0.020366598778004074,148.32993890020367,female,30-34,195,0.026774680763421668,0.000545309180517753,0.0002626498745846849,7.032366544557676e-06
2019,E02006265,E07000203,7283,228441,60,2946,0.020366598778004074,148.32993890020367,male,30-34,173,0.023753947549086916,0.00048378711912600643,0.0002626498745846849,6.238971344658861e-06
2019,E02006253,E07000202,6895,228441,47,3085,0.015235008103727715,105.0453808752026,female,30-34,186,0.026976069615663525,0.0004109806392013568,0.00020574240175800316,5.550121352717707e-06
2019,E02006253,E07000202,6895,228441,47,3085,0.015235008103727715,105.0453808752026,male,30-34,150,0.021754894851341553,0.0003314359993559329,0.00020574240175800316,4.475904316707828e-06
2019,E02006263,E07000203,7712,228441,950,2788,0.34074605451936874,2627.8335724533717,female,30-34,149,0.019320539419087138,0.006583397578239878,0.00415862301425751,8.03468398760852e-05
2019,E02006263,E07000203,7712,228441,950,2788,0.34074605451936874,2627.8335724533717,male,30-34,164,0.021265560165975105,0.007246155723700269,0.00415862301425751,8.843544791730183e-05
2019,E02006247,E07000202,8915,228441,57,3837,0.014855355746677092,132.43549648162627,female,30-34,364,0.04083006169377454,0.0006065450916197938,0.00024951738085545063,1.0187810053997087e-05
2019,E02006247,E07000202,8915,228441,57,3837,0.014855355746677092,132.43549648162627,male,30-34,378,0.04240044868199663,0.0006298737489897859,0.00024951738085545063,1.0579648902227744e-05
2019,E02006291,E07000244,7681,228441,68,3090,0.022006472491909384,169.03171521035597,female,30-34,171,0.022262726207525063,0.0004899240718808104,0.0002976698578626429,6.62694254582892e-06
2019,E02006291,E07000244,7681,228441,68,3090,0.022006472491909384,169.03171521035597,male,30-34,158,0.020570238250227836,0.0004526783822056611,0.0002976698578626429,6.12313989614602e-06
2019,E02006301,E07000244,6451,228441,46,3009,0.015287470920571618,98.61947490860751,female,30-34,161,0.02495737095024027,0.000381535082655717,0.0002013649038482584,5.02553860170045e-06
2019,E02006301,E07000244,6451,228441,46,3009,0.015287470920571618,98.61947490860751,male,30-34,183,0.028367694931018445,0.0004336703113415914,0.0002013649038482584,5.7122581621812566e-06
2019,E02006283,E07000245,7626,228441,13,3104,0.004188144329896907,31.938788659793815,female,30-34,165,0.021636506687647522,9.061681280264748e-05,5.690747282668173e-05,1.2312789163916188e-06
2019,E02006283,E07000245,7626,228441,13,3104,0.004188144329896907,31.938788659793815,male,30-34,465,0.06097560975609756,0.00025537465426200655,5.690747282668173e-05,3.469967855285471e-06
2019,E02006272,E07000203,7642,228441,56,3187,0.017571383746470035,134.280514590524,female,30-34,184,0.024077466631771786,0.00042307440582968936,0.0002451398829457059,5.9023473517416745e-06
2019,E02006272,E07000203,7642,228441,56,3187,0.017571383746470035,134.280514590524,male,30-34,178,0.023292331850300968,0.0004092785012917647,0.0002451398829457059,5.709879503315316e-06
2019,E02006297,E07000244,8226,228441,45,3235,0.013910355486862442,114.42658423493044,female,30-34,153,0.018599562363238512,0.000258726524372715,0.00019698740593851365,3.663879541525965e-06
2019,E02006297,E07000244,8226,228441,45,3235,0.013910355486862442,114.42658423493044,male,30-34,150,0.01823486506199854,0.00025365345526736765,0.00019698740593851365,3.5920387662019266e-06
2019,E02006270,E07000203,13467,228441,59,4858,0.01214491560312886,163.55557842733637,female,30-34,537,0.0398752506126086,0.0004842815533437438,0.00025827237667494014,1.0298675746227285e-05
2019,E02006270,E07000203,13467,228441,59,4858,0.01214491560312886,163.55557842733637,male,30-34,506,0.03757332739288632,0.00045632489011533406,0.00025827237667494014,9.704152565346382e-06
2019,E02006255,E07000202,8208,228441,58,3059,0.01896044458973521,155.6273291925466,female,30-34,347,0.04227582846003899,0.0008015685030017199,0.0002538948787651954,1.0733616341559796e-05
2019,E02006255,E07000202,8208,228441,58,3059,0.01896044458973521,155.6273291925466,male,30-34,378,0.046052631578947366,0.0008731783692641214,0.0002538948787651954,1.169252731155505e-05
2019,E02006252,E07000202,9269,228441,37,3710,0.009973045822102426,92.44016172506738,female,30-34,411,0.04434135289675262,0.00044221834425332797,0.00016196742266055567,7.181854645969186e-06
2019,E02006252,E07000202,9269,228441,37,3710,0.009973045822102426,92.44016172506738,male,30-34,394,0.042507282338979394,0.0004239270745396867,0.00016196742266055567,6.884794964749049e-06
2019,E02006300,E07000244,7781,228441,61,3606,0.01691625069328896,131.62534664448143,female,30-34,251,0.03225806451612903,0.0005456855062351278,0.00026702737249442965,8.61378620949773e-06
2019,E02006300,E07000244,7781,228441,61,3606,0.01691625069328896,131.62534664448143,male,30-34,225,0.028916591697725227,0.0004891603143541981,0.00026702737249442965,7.721521502537807e-06
2019,E02006248,E07000202,8109,228441,44,3404,0.012925969447708578,104.81668625146885,female,30-34,262,0.032309779257614996,0.00041763521954613975,0.00019260990802876893,6.22318361123905e-06
2019,E02006248,E07000202,8109,228441,44,3404,0.012925969447708578,104.81668625146885,male,30-34,245,0.030213343198914788,0.0003905367511023063,0.00019260990802876893,5.819389254784608e-06
2019,E02006229,E07000200,5937,228441,16,2606,0.0061396776669224865,36.451266308518804,female,30-34,131,0.02206501600134748,0.00013547208596376042,7.003996655591596e-05,1.545432982790128e-06
2019,E02006229,E07000200,5937,228441,16,2606,0.0061396776669224865,36.451266308518804,male,30-34,122,0.020549098871483915,0.00012616484341663187,7.003996655591596e-05,1.4392581977129438e-06
2019,E02006231,E07000200,8619,228441,37,3270,0.011314984709480122,97.52385321100917,female,30-34,246,0.02854159415245388,0.0003229477014192029,0.00016196742266055567,4.622808443496542e-06
2019,E02006231,E07000200,8619,228441,37,3270,0.011314984709480122,97.52385321100917,male,30-34,238,0.027613412228796843,0.0003124453371454077,0.00016196742266055567,4.472473209561695e-06
2019,E02006260,E07000202,8746,228441,64,3841,0.016662327518875295,145.72871648008334,female,30-34,355,0.04058998399268237,0.0006763236072719792,0.00028015986622366386,1.137168448541055e-05
2019,E02006260,E07000202,8746,228441,64,3841,0.016662327518875295,145.72871648008334,male,30-34,318,0.03635947861879717,0.0006058335411619419,0.00028015986622366386,1.018646666580438e-05
2019,E02006254,E07000202,9499,228441,71,4098,0.017325524646168863,164.57515861395802,female,30-34,433,0.04558374565743763,0.0007897623088526285,0.00031080235159187714,1.4167535344697632e-05
2019,E02006254,E07000202,9499,228441,71,4098,0.017325524646168863,164.57515861395802,male,30-34,424,0.04463627750289504,0.0007733469259896408,0.00031080235159187714,1.387306001420738e-05
2019,E02006299,E07000244,8381,228441,52,3938,0.013204672422549517,110.6683595733875,female,30-34,131,0.015630593007994274,0.0002063968604407573,0.0002276298913067269,3.557990187469422e-06
2019,E02006299,E07000244,8381,228441,52,3938,0.013204672422549517,110.6683595733875,male,30-34,120,0.014318100465338265,0.0001890658263579456,0.0002276298913067269,3.259227652643745e-06
2019,E02006298,E07000244,9290,228441,58,3706,0.015650296815974095,145.39125742039934,female,30-34,262,0.02820236813778256,0.0004413754322696677,0.0002538948787651954,7.160436839233713e-06
2019,E02006298,E07000244,9290,228441,58,3706,0.015650296815974095,145.39125742039934,male,30-34,212,0.022820236813778257,0.0003571434795464487,0.0002538948787651954,5.793941259227279e-06
2019,E02006234,E07000200,9751,228441,20,3978,0.005027652086475616,49.024635495223734,female,30-34,306,0.03138139677981745,0.0001577747449965684,8.754995819489497e-05,2.7474399761704297e-06
2019,E02006234,E07000200,9751,228441,20,3978,0.005027652086475616,49.024635495223734,male,30-34,307,0.031483950364065226,0.00015829034873838727,8.754995819489497e-05,2.7564185381840587e-06
2019,E02006236,E07000200,10362,228441,53,3957,0.013393985342431134,138.7884761182714,female,30-34,177,0.017081644470179503,0.0002287912956582041,0.00023200738921647164,3.963067737050326e-06
2019,E02006236,E07000200,10362,228441,53,3957,0.013393985342431134,138.7884761182714,male,30-34,166,0.01602007334491411,0.0002145726275664513,0.00023200738921647164,3.716775391809911e-06
2019,E02006259,E07000202,7100,228441,51,3158,0.016149461684610514,114.66117796073465,female,30-34,239,0.03366197183098592,0.0005436227243129456,0.00022325239339698215,7.5151157777294e-06
2019,E02006259,E07000202,7100,228441,51,3158,0.016149461684610514,114.66117796073465,male,30-34,257,0.03619718309859155,0.0005845650215415356,0.00022325239339698215,8.081107760989355e-06
2019,E02006239,E07000245,7719,228441,32,2380,0.013445378151260505,103.78487394957983,female,30-34,304,0.03938333981085633,0.0005295238966165557,0.00014007993311183193,5.516815606425302e-06
2019,E02006239,E07000245,7719,228441,32,2380,0.013445378151260505,103.78487394957983,male,30-34,316,0.04093794532970592,0.000550426155693525,0.00014007993311183193,5.7345846435210375e-06
2019,E02006826,E07000245,9804,228441,18,3898,0.004617752693689072,45.27244740892766,female,30-34,402,0.04100367197062423,0.00018934481669349314,7.879496237540546e-05,3.230882790178804e-06
2019,E02006826,E07000245,9804,228441,18,3898,0.004617752693689072,45.27244740892766,male,30-34,504,0.051407588739290085,0.00023738753137691676,7.879496237540546e-05,4.0506590205226795e-06
2019,E02003744,E07000010,14355,228441,239,6893,0.034672856521108374,497.7288553605107,female,30-34,506,0.03524904214559387,0.0012221849808206784,0.0010462220004289948,3.687832338676917e-05
2019,E02003744,E07000010,14355,228441,239,6893,0.034672856521108374,497.7288553605107,male,30-34,577,0.04019505398815744,0.0013936773397895878,0.0010462220004289948,4.205294979084152e-05
2019,E02005517,E07000143,6533,228441,306,2500,0.1224,799.6392,female,30-34,265,0.040563294045614574,0.004964947191183224,0.001339514360381893,5.4335114878494054e-05
2019,E02005517,E07000143,6533,228441,306,2500,0.1224,799.6392,male,30-34,280,0.04285932955763049,0.005245981937853972,0.001339514360381893,5.741068741878617e-05
2019,E02005519,E07000143,8913,228441,424,3683,0.11512354059190877,1026.096117295683,female,30-34,374,0.04196118029844048,0.0048307196433719155,0.001856059113731773,7.788243111586258e-05
2019,E02005519,E07000143,8913,228441,424,3683,0.11512354059190877,1026.096117295683,male,30-34,341,0.03825872321328397,0.004404479674839099,0.001856059113731773,7.101045189975706e-05
2019,E02006269,E07000203,7508,228441,35,2973,0.011772620248906828,88.38883282879247,female,30-34,222,0.02956846030900373,0.0003480982545627752,0.0001532124268410662,4.530255561896204e-06
2019,E02006269,E07000203,7508,228441,35,2973,0.011772620248906828,88.38883282879247,male,30-34,219,0.02916888652104422,0.00034339422409571064,0.0001532124268410662,4.469035892140849e-06
2019,E02006242,E07000245,9994,228441,28,3639,0.007694421544380325,76.89804891453696,female,30-34,455,0.0455273163898339,0.00035030636408775744,0.00012256994147285294,5.5802805053179995e-06
2019,E02006242,E07000245,9994,228441,28,3639,0.007694421544380325,76.89804891453696,male,30-34,494,0.049429657794676805,0.00038033262386670807,0.00012256994147285294,6.058590262916685e-06
2019,E02005512,E07000143,9450,228441,2888,3385,0.8531757754800591,8062.511078286559,female,30-34,248,0.026243386243386242,0.02239022140942377,0.012642213963342832,0.00033177450401153673
2019,E02005512,E07000143,9450,228441,2888,3385,0.8531757754800591,8062.511078286559,male,30-34,313,0.03312169312169312,0.02825862621431307,0.012642213963342832,0.000418731531272625
2019,E02006264,E07000203,8672,228441,29,3559,0.00814835627985389,70.66254565889294,female,30-34,228,0.026291512915129153,0.0002142326143688523,0.0001269474393825977,3.3376402420701425e-06
2019,E02006264,E07000203,8672,228441,29,3559,0.00814835627985389,70.66254565889294,male,30-34,228,0.026291512915129153,0.0002142326143688523,0.0001269474393825977,3.3376402420701425e-06
2019,E02006282,E07000245,6368,228441,17,2675,0.006355140186915888,40.469532710280376,female,30-34,103,0.01617462311557789,0.00010279199737002771,7.441746446566072e-05,1.2036744409489721e-06
2019,E02006282,E07000245,6368,228441,17,2675,0.006355140186915888,40.469532710280376,male,30-34,114,0.017902010050251257,0.00011376978349692388,7.441746446566072e-05,1.332222196778474e-06
2019,E02006284,E07000245,7933,228441,10,3332,0.003001200480192077,23.808523409363747,female,30-34,295,0.037186436404890964,0.0001116039507949909,4.3774979097447484e-05,1.627835476332662e-06
2019,E02006284,E07000245,7933,228441,10,3332,0.003001200480192077,23.808523409363747,male,30-34,281,0.03542165637211647,0.0001063074921131947,4.3774979097447484e-05,1.5505822672863661e-06
2019,E02005511,E07000143,8248,228441,2831,3289,0.8607479477044695,7099.449072666464,female,30-34,265,0.032129000969932105,0.02765497164666397,0.012392696582487381,0.00039816496051881136
2019,E02005511,E07000143,8248,228441,2831,3289,0.8607479477044695,7099.449072666464,male,30-34,260,0.03152279340446169,0.027133179728802383,0.012392696582487381,0.0003906524140939281
2019,E02006240,E07000245,10485,228441,46,3221,0.014281279105867743,149.73921142502329,female,30-34,426,0.040629470672389124,0.0005802408105960571,0.0002013649038482584,8.181349455351272e-06
2019,E02006240,E07000245,10485,228441,46,3221,0.014281279105867743,149.73921142502329,male,30-34,364,0.034716261325703386,0.0004957926175046121,0.0002013649038482584,6.990636623821275e-06
2019,E02006243,E07000245,8966,228441,13,3683,0.0035297311973934292,31.647569915829486,female,30-34,388,0.043274592906535805,0.00015274768063669984,5.690747282668173e-05,2.4626477199144004e-06
2019,E02006243,E07000245,8966,228441,13,3683,0.0035297311973934292,31.647569915829486,male,30-34,403,0.044947579745706,0.00015865287447574747,5.690747282668173e-05,2.5578531730038743e-06
2019,E02006246,E07000202,7040,228441,60,3135,0.019138755980861243,134.73684210526315,female,30-34,219,0.031107954545454546,0.0005953675511091779,0.0002626498745846849,8.170500359949715e-06
2019,E02006246,E07000202,7040,228441,60,3135,0.019138755980861243,134.73684210526315,male,30-34,188,0.026704545454545453,0.0005110917790343627,0.0002626498745846849,7.013945514477381e-06
2019,E02003752,E07000010,11152,228441,8,4643,0.0017230239069567091,19.21516261038122,female,30-34,338,0.030308464849354375,5.222220951859466e-05,3.501998327795798e-05,1.0614019322049675e-06
2019,E02003752,E07000010,11152,228441,8,4643,0.0017230239069567091,19.21516261038122,male,30-34,377,0.033805595408895266,5.824784907843251e-05,3.501998327795798e-05,1.1838713859209254e-06
2019,E02005564,E07000146,9930,228441,366,4997,0.0732439463678207,727.3123874324594,female,30-34,338,0.03403826787512588,0.002493097066699234,0.0016021642349665778,5.453489540973849e-05
2019,E02005564,E07000146,9930,228441,366,4997,0.0732439463678207,727.3123874324594,male,30-34,368,0.03705941591137966,0.0027143778714358523,0.0016021642349665778,5.937527074196381e-05
2019,E02003780,E07000012,12091,228441,8,3877,0.0020634511220015478,24.949187516120713,female,30-34,422,0.0349019932180961,7.201855706597081e-05,3.501998327795798e-05,1.2222672188651283e-06
2019,E02003780,E07000012,12091,228441,8,3877,0.0020634511220015478,24.949187516120713,male,30-34,510,0.04218013398395501,8.703664479536758e-05,3.501998327795798e-05,1.4771475867801316e-06
2019,E02003249,E06000031,12090,228441,11,4349,0.0025293170843872156,30.579443550241436,female,30-34,544,0.04499586435070306,0.00011380880842900292,4.815247700719223e-05,2.16666232356597e-06
2019,E02003249,E06000031,12090,228441,11,4349,0.0025293170843872156,30.579443550241436,male,30-34,497,0.04110835401157982,0.00010397606211252657,4.815247700719223e-05,1.979469071346116e-06
2019,E02003745,E07000010,10314,228441,155,4975,0.031155778894472363,321.34070351758794,female,30-34,315,0.030541012216404886,0.0009515290238276899,0.000678512176010436,2.0722448656514188e-05
2019,E02003745,E07000010,10314,228441,155,4975,0.031155778894472363,321.34070351758794,male,30-34,304,0.02947450067868916,0.0009183010261702151,0.000678512176010436,1.9998807592318456e-05
2019,E02003737,E07000009,13972,228441,10,4946,0.0020218358269308533,28.24909017387788,female,30-34,520,0.03721729172630976,7.52472537935903e-05,4.3774979097447484e-05,1.629186167382815e-06
2019,E02003737,E07000009,13972,228441,10,4946,0.0020218358269308533,28.24909017387788,male,30-34,533,0.038147724019467505,7.712843513843006e-05,4.3774979097447484e-05,1.6699158215673854e-06
2019,E02005589,E07000148,11841,228441,3910,4159,0.9401298389035826,11132.077422457322,female,30-34,420,0.0354699771978718,0.03334638394894897,0.017116016827101965,0.0006071047265756968
2019,E02005589,E07000148,11841,228441,3910,4159,0.9401298389035826,11132.077422457322,male,30-34,400,0.03378093066463981,0.031758460903760916,0.017116016827101965,0.0005781949776911397
2019,E02005540,E07000145,8995,228441,667,4468,0.14928379588182633,1342.807743957028,female,30-34,186,0.020678154530294608,0.0030869134001133627,0.002919791105799747,6.0375891681906945e-05
2019,E02005540,E07000145,8995,228441,667,4468,0.14928379588182633,1342.807743957028,male,30-34,183,0.020344635908838244,0.0030371244743050826,0.002919791105799747,5.940208697736006e-05
2019,E02005548,E07000145,7498,228441,499,3604,0.13845726970033295,1038.1526082130965,female,30-34,251,0.03347559349159776,0.004634939276444861,0.0021843714569626293,7.31231309279301e-05
2019,E02005548,E07000145,7498,228441,499,3604,0.13845726970033295,1038.1526082130965,male,30-34,244,0.03254201120298746,0.0045056780217232915,0.0021843714569626293,7.108384042396393e-05
2019,E02005507,E07000143,11864,228441,4009,4418,0.9074241738343142,10765.680398370303,female,30-34,337,0.028405259608900876,0.02577561923315609,0.017549389120166695,0.0004984949539359554
2019,E02005507,E07000143,11864,228441,4009,4418,0.9074241738343142,10765.680398370303,male,30-34,369,0.03110249494268375,0.028223155777550735,0.017549389120166695,0.0005458297863571738
2019,E02005547,E07000145,8812,228441,520,3960,0.13131313131313133,1157.1313131313132,female,30-34,221,0.025079437131184747,0.003293259421266684,0.002276298913067269,5.7088295482054744e-05
2019,E02005547,E07000145,8812,228441,520,3960,0.13131313131313133,1157.1313131313132,male,30-34,227,0.025760326827054016,0.0033826691793101236,0.002276298913067269,5.863820395668066e-05
2019,E02005561,E07000146,11213,228441,311,5394,0.05765665554319614,646.5040786058584,female,30-34,472,0.04209399803799162,0.002426999145312457,0.0013614018499306167,5.730684679989754e-05
2019,E02005561,E07000146,11213,228441,311,5394,0.05765665554319614,646.5040786058584,male,30-34,553,0.0493177561758673,0.002843496879995315,0.0013614018499306167,6.714128449225283e-05
2019,E02005504,E07000143,9110,228441,1501,4011,0.3742208925454999,3409.152331089504,female,30-34,165,0.018111964873765093,0.006777875660813115,0.006570624362526867,0.00011900691765279176
2019,E02005504,E07000143,9110,228441,1501,4011,0.3742208925454999,3409.152331089504,male,30-34,172,0.018880351262349066,0.0070654219009688235,0.006570624362526867,0.00012405569597745566
2019,E02005569,E07000146,8228,228441,242,3732,0.06484458735262594,533.5412647374062,female,30-34,193,0.02345649003403014,0.001521026416997667,0.001059354494158229,2.484873813472754e-05
2019,E02005569,E07000146,8228,228441,242,3732,0.06484458735262594,533.5412647374062,male,30-34,196,0.023821098687408847,0.001544669314671206,0.001059354494158229,2.5234987950293256e-05
2019,E02005466,E07000140,6685,228441,69,3343,0.020640143583607537,137.97935985641638,female,30-34,118,0.017651458489154823,0.0003643286376762437,0.00030204735577238763,5.3315763621752786e-06
2019,E02005466,E07000140,6685,228441,69,3343,0.020640143583607537,137.97935985641638,male,30-34,118,0.017651458489154823,0.0003643286376762437,0.00030204735577238763,5.3315763621752786e-06
2019,E02005578,E07000147,5843,228441,1169,2736,0.427266081871345,2496.515716374269,female,30-34,168,0.028752353243196988,0.012284905314801637,0.005117295056491611,0.0001471342751139125
2019,E02005578,E07000147,5843,228441,1169,2736,0.427266081871345,2496.515716374269,male,30-34,154,0.026356323806263904,0.011261163205234832,0.005117295056491611,0.00013487308552108642
2019,E02005580,E07000147,7937,228441,1847,3887,0.47517365577566245,3771.453305891433,female,30-34,250,0.031498047121078496,0.014967042200316949,0.00808523863929855,0.0002546692276457903
2019,E02005580,E07000147,7937,228441,1847,3887,0.47517365577566245,3771.453305891433,male,30-34,231,0.02910419553987653,0.01382954699309286,0.00808523863929855,0.00023531436634471021
2019,E02005474,E07000140,6793,228441,38,3085,0.012317666126418152,83.6739059967585,female,30-34,154,0.02267039599587811,0.0002792463688309135,0.00016634492057030043,3.771105221231601e-06
2019,E02005474,E07000140,6793,228441,38,3085,0.012317666126418152,83.6739059967585,male,30-34,127,0.01869571617841896,0.00023028758988003905,0.00016634492057030043,3.1099374227039827e-06
2019,E02005510,E07000143,7023,228441,1986,3118,0.6369467607440668,4473.277100705581,female,30-34,156,0.022212729602733874,0.014148326167745182,0.00869371084875307,0.00019311104832770595
2019,E02005510,E07000143,7023,228441,1986,3118,0.6369467607440668,4473.277100705581,male,30-34,123,0.01751388295600171,0.01115541101687601,0.00869371084875307,0.00015226063425838356
2019,E02005514,E07000143,6903,228441,367,3099,0.11842529848338174,817.4898354307841,female,30-34,189,0.027379400260756193,0.003242413648176032,0.0016065417328763225,4.398614914002969e-05
2019,E02005514,E07000143,6903,228441,367,3099,0.11842529848338174,817.4898354307841,male,30-34,157,0.02274373460814139,0.002693433559595963,0.0016065417328763225,3.653875880944266e-05
2019,E02005506,E07000143,6943,228441,1780,2867,0.6208580397628183,4310.617370073247,female,30-34,183,0.026357482356330116,0.016364254828834184,0.007791946279345652,0.00020537608657932512
2019,E02005506,E07000143,6943,228441,1780,2867,0.6208580397628183,4310.617370073247,male,30-34,163,0.023476883191703875,0.014575811678141926,0.007791946279345652,0.0001829306126362295
2019,E02005571,E07000147,5990,228441,1519,2515,0.6039761431411531,3617.8170974155073,female,30-34,111,0.018530884808013355,0.011192212335336894,0.006649419324902273,0.00012321962354994195
2019,E02005571,E07000147,5990,228441,1519,2515,0.6039761431411531,3617.8170974155073,male,30-34,117,0.019532554257095158,0.011797196785895645,0.006649419324902273,0.0001298801437418307
2019,E02003742,E07000010,6664,228441,124,3558,0.03485103991006183,232.24732996065205,female,30-34,142,0.021308523409363747,0.0007426241997642227,0.0005428097408083488,1.1566474068845368e-05
2019,E02003742,E07000010,6664,228441,124,3558,0.03485103991006183,232.24732996065205,male,30-34,163,0.024459783913565427,0.0008524489053631571,0.0005428097408083488,1.3277008966350669e-05
2019,E02005472,E07000140,9869,228441,192,5695,0.033713784021071114,332.7213345039508,female,30-34,271,0.027459722362954707,0.0009257711490232315,0.0008404795986709917,2.3079336431233028e-05
2019,E02005472,E07000140,9869,228441,192,5695,0.033713784021071114,332.7213345039508,male,30-34,228,0.023102644644847504,0.0007788775718719439,0.0008404795986709917,1.9417301499339963e-05
2019,E02005552,E07000146,6790,228441,471,3075,0.15317073170731707,1040.029268292683,female,30-34,109,0.01605301914580265,0.002458852688674162,0.0020618015154897766,3.30981392030023e-05
2019,E02005552,E07000146,6790,228441,471,3075,0.15317073170731707,1040.029268292683,male,30-34,98,0.01443298969072165,0.0022107115916519993,0.0020618015154897766,2.975796001737822e-05
2019,E02005563,E07000146,7551,228441,209,4033,0.05182246466650137,391.3114306967518,female,30-34,187,0.024764931797112966,0.001283379803024203,0.0009148970631366524,2.2657363369958153e-05
2019,E02005563,E07000146,7551,228441,209,4033,0.05182246466650137,391.3114306967518,male,30-34,163,0.021586544828499536,0.001118667956646765,0.0009148970631366524,1.9749466466861916e-05
2019,E02005509,E07000143,8278,228441,645,4465,0.1444568868980963,1195.8141097424411,female,30-34,226,0.027301280502536846,0.003943857989728167,0.0028234861517853625,7.708478742492051e-05
2019,E02005509,E07000143,8278,228441,645,4465,0.1444568868980963,1195.8141097424411,male,30-34,197,0.023798018845131674,0.0034377877167099504,0.0028234861517853625,6.719337664915637e-05
2019,E02005566,E07000146,9847,228441,243,4936,0.04923014586709887,484.76924635332256,female,30-34,264,0.026810195998781355,0.0013198698597455165,0.0010637319920679738,2.851886319751651e-05
2019,E02005566,E07000146,9847,228441,243,4936,0.04923014586709887,484.76924635332256,male,30-34,224,0.022748045089875088,0.0011198895779658928,0.0010637319920679738,2.4197823319104918e-05
2019,E02005568,E07000146,7423,228441,251,3603,0.06966416874826534,517.1171246183736,female,30-34,165,0.022228209618752527,0.0015485097458525908,0.0010987519753459319,2.442328922700778e-05
2019,E02005568,E07000146,7423,228441,251,3603,0.06966416874826534,517.1171246183736,male,30-34,154,0.020746328977502358,0.0014452757627957512,0.0010987519753459319,2.2795069945207264e-05
2019,E02005560,E07000146,9204,228441,229,4415,0.05186862967157418,477.39886749716874,female,30-34,423,0.04595827900912647,0.002383792954267262,0.0010024470213315473,4.6070739898223e-05
2019,E02005560,E07000146,9204,228441,229,4415,0.05186862967157418,477.39886749716874,male,30-34,412,0.04476314645806171,0.00232180306656764,0.0010024470213315473,4.4872682832311764e-05
2019,E02005559,E07000146,7266,228441,191,3715,0.05141318977119785,373.56823687752353,female,30-34,258,0.03550784475639967,0.0018255715608270085,0.0008361021007612469,2.968818359432999e-05
2019,E02005559,E07000146,7266,228441,191,3715,0.05141318977119785,373.56823687752353,male,30-34,270,0.037159372419488024,0.001910481865981753,0.0008361021007612469,3.106902934290348e-05
2019,E02003743,E07000010,11376,228441,180,5507,0.032685672780098055,371.83221354639545,female,30-34,413,0.036304500703234883,0.001186637030430775,0.0007879496237540546,2.860611766969274e-05
2019,E02003743,E07000010,11376,228441,180,5507,0.032685672780098055,371.83221354639545,male,30-34,439,0.03859001406469761,0.0012613405722980877,0.0007879496237540546,3.0406987062942154e-05
2019,E02005567,E07000146,11005,228441,321,5784,0.05549792531120332,610.7546680497925,female,30-34,356,0.03234893230349841,0.001795298628876727,0.001405176829028064,4.5455970116673406e-05
2019,E02005567,E07000146,11005,228441,321,5784,0.05549792531120332,610.7546680497925,male,30-34,319,0.02898682417083144,0.0016087086028417864,0.001405176829028064,4.0731613671962964e-05
2019,E02005551,E07000146,5246,228441,187,2808,0.06659544159544159,349.3596866096866,female,30-34,72,0.013724742661075104,0.0009140052982980927,0.0008185921091222679,1.1234966042089837e-05
2019,E02005551,E07000146,5246,228441,187,2808,0.06659544159544159,349.3596866096866,male,30-34,82,0.015630956919557758,0.0010409504786172722,0.0008185921091222679,1.2795377992380093e-05
2019,E02005556,E07000146,7408,228441,229,3960,0.057828282828282826,428.39191919191916,female,30-34,228,0.030777537796976243,0.0017798121604817069,0.0010024470213315473,3.0852851088497945e-05
2019,E02005556,E07000146,7408,228441,229,3960,0.057828282828282826,428.39191919191916,male,30-34,235,0.03172246220302376,0.0018344555162859697,0.0010024470213315473,3.180008774472376e-05
2019,E02005553,E07000146,8632,228441,372,4706,0.07904802379940501,682.342541436464,female,30-34,113,0.013090824837812789,0.0010348038333332676,0.0016284292224250463,2.1317481711541962e-05
2019,E02005553,E07000146,8632,228441,372,4706,0.07904802379940501,682.342541436464,male,30-34,120,0.013901760889712697,0.001098906725663647,0.0016284292224250463,2.2638033675973765e-05
2019,E02005565,E07000146,6996,228441,217,3487,0.062231144250071695,435.36908517350156,female,30-34,212,0.030303030303030304,0.0018857922500021727,0.0009499170464146103,2.878536504286698e-05
2019,E02005565,E07000146,6996,228441,217,3487,0.062231144250071695,435.36908517350156,male,30-34,183,0.026157804459691254,0.0016278301025962152,0.0009499170464146103,2.484774435304084e-05
2019,E02005558,E07000146,7087,228441,210,3328,0.06310096153846154,447.1965144230769,female,30-34,181,0.02553972061521095,0.0016115809282434793,0.0009192745610463971,2.3478015457795665e-05
2019,E02005558,E07000146,7087,228441,210,3328,0.06310096153846154,447.1965144230769,male,30-34,129,0.0182023423169183,0.0011485853024497726,0.0009192745610463971,1.673295024340133e-05
2019,E02005555,E07000146,6847,228441,224,3227,0.06941431670281996,475.27982646420827,female,30-34,144,0.02103110851467796,0.0014598600270492293,0.0009805595317828235,2.0622253918026372e-05
2019,E02005555,E07000146,6847,228441,224,3227,0.06941431670281996,475.27982646420827,male,30-34,141,0.02059296042062217,0.0014294462764857037,0.0009805595317828235,2.019262362806749e-05
2019,E02005554,E07000146,6905,228441,253,3601,0.07025826159400167,485.13329630658154,female,30-34,136,0.019695872556118755,0.0013837977663699098,0.0011075069711654214,2.1813316159087228e-05
2019,E02005554,E07000146,6905,228441,253,3601,0.07025826159400167,485.13329630658154,male,30-34,121,0.017523533671252714,0.0012311730127261696,0.0011075069711654214,1.940743570036437e-05
2019,E02005557,E07000146,6655,228441,163,3372,0.04833926453143535,321.6978054567022,female,30-34,285,0.04282494365138993,0.0020701262797083505,0.0007135321592883939,3.0556974514980055e-05
2019,E02005557,E07000146,6655,228441,163,3372,0.04833926453143535,321.6978054567022,male,30-34,294,0.04417731029301277,0.0021354986885412457,0.0007135321592883939,3.152193160492679e-05
2019,E02005562,E07000146,7150,228441,311,3610,0.08614958448753463,615.9695290858725,female,30-34,157,0.02195804195804196,0.001891676190845166,0.0013614018499306167,2.9893718942532423e-05
2019,E02005562,E07000146,7150,228441,311,3610,0.08614958448753463,615.9695290858725,male,30-34,149,0.02083916083916084,0.0017952850473626097,0.0013614018499306167,2.8370472117435232e-05
2019,E02005573,E07000147,5874,228441,2012,2264,0.8886925795053003,5220.180212014134,female,30-34,83,0.014130064691862445,0.012557283639588003,0.008807525794406433,0.00012445090925021008
2019,E02005573,E07000147,5874,228441,2012,2264,0.8886925795053003,5220.180212014134,male,30-34,78,0.013278855975485188,0.011800820769733303,0.008807525794406433,0.0001169538665242938
2019,E02005577,E07000147,6084,228441,1798,2279,0.78894251864853,4799.926283457657,female,30-34,141,0.023175542406311637,0.018284170797081317,0.007870741241721057,0.00018240869741661226
2019,E02005577,E07000147,6084,228441,1798,2279,0.78894251864853,4799.926283457657,male,30-34,128,0.0210387902695595,0.01659839618458446,0.007870741241721057,0.00016559087425054164
2019,E02005467,E07000140,7563,228441,18,3426,0.005253940455341506,39.73555166374781,female,30-34,223,0.029485653841068358,0.0001549158695677847,7.879496237540546e-05,2.3233209850212106e-06
2019,E02005467,E07000140,7563,228441,18,3426,0.005253940455341506,39.73555166374781,male,30-34,232,0.03067565780774825,0.00016116807955034106,7.879496237540546e-05,2.417087302802336e-06
2019,E02005505,E07000143,7600,228441,2690,2978,0.9032907991940899,6865.010073875083,female,30-34,213,0.028026315789473684,0.025315913187939625,0.011775469377213372,0.00033002302333505896
2019,E02005505,E07000143,7600,228441,2690,2978,0.9032907991940899,6865.010073875083,male,30-34,195,0.025657894736842105,0.023176540242479938,0.011775469377213372,0.00030213375375744833
2019,E02003732,E07000009,9888,228441,29,3720,0.0077956989247311825,77.08387096774193,female,30-34,405,0.04095873786407767,0.00031930198872533665,0.0001269474393825977,5.1996068921877094e-06
2019,E02003732,E07000009,9888,228441,29,3720,0.0077956989247311825,77.08387096774193,male,30-34,343,0.03468851132686084,0.0002704211904513345,0.0001269474393825977,4.40361768893922e-06
2019,E02005503,E07000143,7420,228441,2545,2884,0.8824549237170597,6547.815533980583,female,30-34,159,0.02142857142857143,0.018909748365365565,0.011140732180300384,0.0002387299752921511
2019,E02005503,E07000143,7420,228441,2545,2884,0.8824549237170597,6547.815533980583,male,30-34,199,0.026819407008086254,0.02366691776545753,0.011140732180300384,0.0002987878307115602
2019,E02005609,E07000149,7526,228441,2582,2965,0.8708263069139967,6553.838785834739,female,30-34,209,0.02777039596066968,0.024183191355969347,0.01130269960296094,0.00031388044339872924
2019,E02005609,E07000149,7526,228441,2582,2965,0.8708263069139967,6553.838785834739,male,30-34,188,0.024980069093808132,0.021753301315417403,0.01130269960296094,0.000282342217028522
2019,E02005610,E07000149,8162,228441,2505,3035,0.8253706754530478,6736.675453047776,female,30-34,191,0.02340112717471208,0.01931460414255478,0.010965632263910594,0.00025660815515889774
2019,E02005610,E07000149,8162,228441,2505,3035,0.8253706754530478,6736.675453047776,male,30-34,133,0.016295025728987993,0.013449436392459612,0.010965632263910594,0.00017868525987504397
2019,E02005532,E07000144,8282,228441,2878,3062,0.9399085564990203,7784.322664924886,female,30-34,265,0.031997102149239315,0.030074350093243225,0.012598438984245385,0.00040311353909985837
2019,E02005532,E07000144,8282,228441,2878,3062,0.9399085564990203,7784.322664924886,male,30-34,217,0.026201400627867664,0.02462692064239162,0.012598438984245385,0.0003300967471119595
2019,E02005605,E07000149,10777,228441,3610,3878,0.9308922124806601,10032.225373904073,female,30-34,285,0.02644520738610003,0.02461763761315655,0.01580276745417854,0.0004179074626000635
2019,E02005605,E07000149,10777,228441,3610,3878,0.9308922124806601,10032.225373904073,male,30-34,268,0.0248677739630695,0.023149217123950717,0.01580276745417854,0.00039297964904146316
2019,E02005515,E07000143,6424,228441,2077,2285,0.9089715536105033,5839.233260393873,female,30-34,160,0.024906600249066,0.022639391123549273,0.009092063158539842,0.00022645238252901224
2019,E02005515,E07000143,6424,228441,2077,2285,0.9089715536105033,5839.233260393873,male,30-34,177,0.027552926525529264,0.02504482643042638,0.009092063158539842,0.0002505129481727198
2019,E02005592,E07000148,9394,228441,2364,2555,0.9252446183953034,8691.74794520548,female,30-34,357,0.038002980625931444,0.03516205330712405,0.010348405058636585,0.0003932702369526571
2019,E02005592,E07000148,9394,228441,2364,2555,0.9252446183953034,8691.74794520548,male,30-34,376,0.04002554822226954,0.03703342309097659,0.010348405058636585,0.00041420058569803666
2019,E02006273,E07000245,6726,228441,75,2935,0.02555366269165247,171.8739352640545,female,30-34,174,0.025869759143621766,0.0006610670990704029,0.0003283123432308561,8.493361243260328e-06
2019,E02006273,E07000245,6726,228441,75,2935,0.02555366269165247,171.8739352640545,male,30-34,146,0.021706809396372286,0.0005546884854268898,0.0003283123432308561,7.12661345698855e-06
2019,E02005596,E07000148,9370,228441,3497,3688,0.9482104121475055,8884.731561822126,female,30-34,328,0.035005336179295625,0.03319242424593189,0.015308110190377384,0.0005358655434838615
2019,E02005596,E07000148,9370,228441,3497,3688,0.9482104121475055,8884.731561822126,male,30-34,331,0.03532550693703308,0.033496013492083705,0.015308110190377384,0.0005407667527230431
2019,E02005524,E07000144,5487,228441,1872,2021,0.9262741217219198,5082.466105888174,female,30-34,139,0.025332604337525058,0.02346493583366992,0.008194676087042168,0.0002075924869872173
2019,E02005524,E07000144,5487,228441,1872,2021,0.9262741217219198,5082.466105888174,male,30-34,137,0.024968106433388006,0.02312731085764589,0.008194676087042168,0.00020460554472840841
2019,E02005534,E07000144,7281,228441,2498,2697,0.9262143121987393,6743.766407119021,female,30-34,152,0.02087625326191457,0.01933588455627089,0.01093498977854238,0.00022828161603329788
2019,E02005534,E07000144,7281,228441,2498,2697,0.9262143121987393,6743.766407119021,male,30-34,154,0.0211509408048345,0.019590304089906037,0.01093498977854238,0.00023128532150742023
2019,E02005585,E07000148,11017,228441,3685,3934,0.9367056431113371,10319.6860701576,female,30-34,466,0.04229826631569393,0.03962102475173669,0.016131079797409395,0.0006823167092305327
2019,E02005585,E07000148,11017,228441,3685,3934,0.9367056431113371,10319.6860701576,male,30-34,521,0.04729055096668785,0.044297325956340804,0.016131079797409395,0.0007628476513070976
2019,E02005527,E07000144,8922,228441,2984,3250,0.9181538461538462,8191.768615384616,female,30-34,227,0.02544272584622282,0.023360336592347354,0.013062453762678328,0.00033234442996278645
2019,E02005527,E07000144,8922,228441,2984,3250,0.9181538461538462,8191.768615384616,male,30-34,215,0.024097735933647165,0.02212542893107789,0.013062453762678328,0.00031477556141849816
2019,E02005584,E07000148,10955,228441,3703,3961,0.9348649330977026,10241.445342085332,female,30-34,425,0.03879507074395253,0.03626815121556582,0.016209874759784804,0.000628863238056462
2019,E02005584,E07000148,10955,228441,3703,3961,0.9348649330977026,10241.445342085332,male,30-34,484,0.04418073938840712,0.04130302397255026,0.016209874759784804,0.000716164252280771
2019,E02005590,E07000148,11086,228441,3673,3972,0.92472306143001,10251.479859013092,female,30-34,488,0.04401948403391665,0.040705832038412854,0.01607854982249246,0.0007077694671997403
2019,E02005590,E07000148,11086,228441,3673,3972,0.92472306143001,10251.479859013092,male,30-34,599,0.05403211257441819,0.04996474055534693,0.01607854982249246,0.0008687580140423042
2019,E02005607,E07000149,11561,228441,3943,4219,0.9345816544204788,10804.698506755156,female,30-34,312,0.02698728483695182,0.025221821311235133,0.01726047425812354,0.0004658133352248547
2019,E02005607,E07000149,11561,228441,3943,4219,0.9345816544204788,10804.698506755156,male,30-34,247,0.021364933829253526,0.019967275204727814,0.01726047425812354,0.0003687688903863433
2019,E02005601,E07000149,5673,228441,2051,2209,0.9284744228157538,5267.235400633771,female,30-34,150,0.026441036488630356,0.024549826092431355,0.008978248212886479,0.00023739418860091167
2019,E02005601,E07000149,5673,228441,2051,2209,0.9284744228157538,5267.235400633771,male,30-34,128,0.022563017803631236,0.020949184932208088,0.008978248212886479,0.00020257637427277794
2019,E02005516,E07000143,6908,228441,1676,2829,0.592435489572287,4092.5443619653583,female,30-34,167,0.02417486971627099,0.014322050775705258,0.007336686496732198,0.00017736344020762552
2019,E02005516,E07000143,6908,228441,1676,2829,0.592435489572287,4092.5443619653583,male,30-34,176,0.025477707006369428,0.015093897823497758,0.007336686496732198,0.0001869219489613299
2019,E02005465,E07000140,8563,228441,11,3284,0.0033495736906211937,28.68239951278928,female,30-34,224,0.026159056405465373,8.762168710722262e-05,4.815247700719223e-05,1.259623362094016e-06
2019,E02005465,E07000140,8563,228441,11,3284,0.0033495736906211937,28.68239951278928,male,30-34,155,0.018101132780567557,6.0631078132229943e-05,4.815247700719223e-05,8.716143800204129e-07
2019,E02005588,E07000148,12054,228441,3867,4106,0.9417924987822699,11352.366780321481,female,30-34,398,0.03301808528289365,0.0310961850435825,0.016927784416982943,0.000558923029530381
2019,E02005588,E07000148,12054,228441,3867,4106,0.9417924987822699,11352.366780321481,male,30-34,416,0.034511365521818486,0.03250254517118171,0.016927784416982943,0.0005842009554890414
2019,E02005523,E07000144,8470,228441,2828,3036,0.9314888010540184,7889.710144927536,female,30-34,294,0.03471074380165289,0.032332669127494856,0.012379564088758148,0.0004297038774610266
2019,E02005523,E07000144,8470,228441,2828,3036,0.9314888010540184,7889.710144927536,male,30-34,217,0.0256198347107438,0.02386458911791287,0.012379564088758148,0.00031716238574504345
2019,E02006241,E07000245,9054,228441,39,3755,0.010386151797603195,94.03621837549933,female,30-34,286,0.03158824828804948,0.0003280803417400611,0.00017072241848004518,5.392822143283954e-06
2019,E02006241,E07000245,9054,228441,39,3755,0.010386151797603195,94.03621837549933,male,30-34,357,0.039430086149768055,0.0004095268601440623,0.00017072241848004518,6.731599668364936e-06
2019,E02005598,E07000149,9977,228441,3359,3607,0.9312448017743277,9291.029387302468,female,30-34,344,0.03447930239550967,0.032108671124623504,0.014704015478832608,0.0005069841961229244
2019,E02005598,E07000149,9977,228441,3359,3607,0.9312448017743277,9291.029387302468,male,30-34,263,0.026360629447729777,0.02454819914469762,0.014704015478832608,0.00038760710343118933
2019,E02005576,E07000147,6730,228441,2567,2849,0.901017901017901,6063.8504738504735,female,30-34,110,0.01634472511144131,0.014726889912625427,0.011237037134314768,0.00018366628302743306
2019,E02005576,E07000147,6730,228441,2567,2849,0.901017901017901,6063.8504738504735,male,30-34,101,0.015007429420505201,0.013521962556137891,0.011237037134314768,0.0001686390416888249
2019,E02005525,E07000144,10164,228441,3168,3381,0.9370008873114463,9523.67701863354,female,30-34,300,0.0295159386068477,0.027656460664446467,0.013867913378071361,0.0004093244798722362
2019,E02005525,E07000144,10164,228441,3168,3381,0.9370008873114463,9523.67701863354,male,30-34,263,0.025875639512003147,0.024245497182498067,0.013867913378071361,0.00035884112735466033
2019,E02003738,E07000009,6280,228441,13,2354,0.0055225148683092605,34.68139337298216,female,30-34,177,0.02818471337579618,0.0001556504986768693,5.690747282668173e-05,1.6039208105609341e-06
2019,E02003738,E07000009,6280,228441,13,2354,0.0055225148683092605,34.68139337298216,male,30-34,138,0.02197452229299363,0.00012135462608705062,5.690747282668173e-05,1.2505145302678468e-06
2019,E02005603,E07000149,11652,228441,3684,3943,0.9343139741313721,10886.626426578747,female,30-34,384,0.032955715756951595,0.030790985759221325,0.01612670229949965,0.0005314670170792882
2019,E02005603,E07000149,11652,228441,3684,3943,0.9343139741313721,10886.626426578747,male,30-34,299,0.02566083075866804,0.02397527276564369,0.01612670229949965,0.00041382457840288323
2019,E02005600,E07000149,6635,228441,2020,2210,0.9140271493212669,6064.570135746606,female,30-34,109,0.016428033157498117,0.015015668315903256,0.008842545777684391,0.00014526563523249416
2019,E02005600,E07000149,6635,228441,2020,2210,0.9140271493212669,6064.570135746606,male,30-34,97,0.014619442351168048,0.01336256721690473,0.008842545777684391,0.00012927308823442138
2019,E02005513,E07000143,9953,228441,3432,3696,0.9285714285714286,9242.07142857143,female,30-34,360,0.036169998995277806,0.03358642763847225,0.015023572826243975,0.0005434026140307275
2019,E02005513,E07000143,9953,228441,3432,3696,0.9285714285714286,9242.07142857143,male,30-34,310,0.031146388023711443,0.02892164602201777,0.015023572826243975,0.000467930028748682
2019,E02006238,E07000245,9785,228441,133,4511,0.029483484814896918,288.4958989137663,female,30-34,296,0.03025038323965253,0.0008918867148911076,0.0005822072219960515,1.7611991590274014e-05
2019,E02006238,E07000245,9785,228441,133,4511,0.029483484814896918,288.4958989137663,male,30-34,347,0.035462442514052124,0.0010455563853622107,0.0005822072219960515,2.0646490141300958e-05
2019,E02005572,E07000147,7738,228441,3064,3314,0.9245624622812312,7154.264333132167,female,30-34,207,0.026751098475058153,0.024733061474827456,0.013412653595457909,0.0003588032171439373
2019,E02005572,E07000147,7738,228441,3064,3314,0.9245624622812312,7154.264333132167,male,30-34,173,0.022357198242439907,0.020670626256739853,0.013412653595457909,0.00029986935539082687
2019,E02005518,E07000143,11391,228441,609,4444,0.13703870387038705,1561.007875787579,female,30-34,487,0.042753050654025106,0.005858822648132604,0.0026658962270345514,0.00011397519643278259
2019,E02005518,E07000143,11391,228441,609,4444,0.13703870387038705,1561.007875787579,male,30-34,563,0.049424984636994115,0.0067731358334674665,0.0026658962270345514,0.00013176188006500328
2019,E02005574,E07000147,7117,228441,2517,2774,0.9073540014419611,6457.638428262437,female,30-34,148,0.020795278909652944,0.01886867952977522,0.01101816223882753,0.0002291257568282246
2019,E02005574,E07000147,7117,228441,2517,2774,0.9073540014419611,6457.638428262437,male,30-34,129,0.018125614725305605,0.016446349049601374,0.01101816223882753,0.00019971096372189845
2019,E02005570,E07000147,7365,228441,2562,2824,0.9072237960339944,6681.703257790368,female,30-34,128,0.01737949762389681,0.01576709380751545,0.011215149644766045,0.00019491366660285864
2019,E02005570,E07000147,7365,228441,2562,2824,0.9072237960339944,6681.703257790368,male,30-34,114,0.015478615071283095,0.014042567922318446,0.011215149644766045,0.00017359498431817095
2019,E02005521,E07000144,8781,228441,2751,2985,0.9216080402010051,8092.640201005025,female,30-34,206,0.02345974262612459,0.021620687425282663,0.012042496749707803,0.00028251387432408695
2019,E02005521,E07000144,8781,228441,2751,2985,0.9216080402010051,8092.640201005025,male,30-34,239,0.027217856736134836,0.02508419560506095,0.012042496749707803,0.0003277709512789164
2019,E02003746,E07000010,7756,228441,12,3266,0.003674219228413962,28.49724433557869,female,30-34,225,0.029009798865394534,0.00010658836080365414,5.252997491693698e-05,1.5238840067445618e-06
2019,E02003746,E07000010,7756,228441,12,3266,0.003674219228413962,28.49724433557869,male,30-34,292,0.037648272305312015,0.00013832800602074226,5.252997491693698e-05,1.977662799864053e-06
2019,E02003751,E07000010,7027,228441,8,3191,0.0025070510811657787,17.617047947351928,female,30-34,189,0.026896257293297282,6.743029092647391e-05,3.501998327795798e-05,9.419064806509262e-07
2019,E02003751,E07000010,7027,228441,8,3191,0.0025070510811657787,17.617047947351928,male,30-34,172,0.024477017219296997,6.136513248335192e-05,3.501998327795798e-05,8.571847337140704e-07
2019,E02005575,E07000147,7169,228441,2376,2621,0.9065242273941244,6498.872186188478,female,30-34,131,0.018273120379411353,0.016565026334025706,0.010400935033553521,0.00019005753792656035
2019,E02005575,E07000147,7169,228441,2376,2621,0.9065242273941244,6498.872186188478,male,30-34,94,0.013112010043241735,0.011886354774033714,0.010400935033553521,0.0001363771646190586
2019,E02005468,E07000140,7623,228441,12,2918,0.00411240575736806,31.348869088416723,female,30-34,187,0.024531024531024532,0.00010088152651552241,5.252997491693698e-05,1.2886141033014845e-06
2019,E02005468,E07000140,7623,228441,12,2918,0.00411240575736806,31.348869088416723,male,30-34,156,0.02046438410074774,8.41578509969064e-05,5.252997491693698e-05,1.0749935835028426e-06
2019,E02003750,E07000010,7481,228441,9,3479,0.0025869502730669733,19.352974992814026,female,30-34,193,0.025798690014703918,6.67399281783085e-05,3.939748118770273e-05,1.016403404521672e-06
2019,E02003750,E07000010,7481,228441,9,3479,0.0025869502730669733,19.352974992814026,male,30-34,168,0.022456890790001335,5.8094859761429154e-05,3.939748118770273e-05,8.847449324333722e-07
2019,E02005508,E07000143,7007,228441,2441,2632,0.9274316109422492,6498.51329787234,female,30-34,172,0.02454688168973883,0.022765554029123284,0.01068547239768693,0.000262295026744991
2019,E02005508,E07000143,7007,228441,2441,2632,0.9274316109422492,6498.51329787234,male,30-34,173,0.024689596118167546,0.02289791190138563,0.01068547239768693,0.0002638199978307177
2019,E02003753,E07000011,11314,228441,11,3948,0.002786220871327254,31.523302938196554,female,30-34,398,0.035177656001414176,9.801271935551062e-05,4.815247700719223e-05,1.693891271775014e-06
2019,E02003753,E07000011,11314,228441,11,3948,0.002786220871327254,31.523302938196554,male,30-34,356,0.03146544104649107,8.76696685692507e-05,4.815247700719223e-05,1.515138926512324e-06
2019,E02005599,E07000149,6569,228441,2263,2427,0.9324268644416975,6125.1120725175115,female,30-34,168,0.025574668899375857,0.02384650833097963,0.009906277769752366,0.00025334977398666425
2019,E02005599,E07000149,6569,228441,2263,2427,0.9324268644416975,6125.1120725175115,male,30-34,154,0.023443446491094536,0.021859299303397996,0.009906277769752366,0.0002322372928211089
2019,E02003245,E06000031,7836,228441,8,2848,0.0028089887640449437,22.01123595505618,female,30-34,343,0.04377233282286881,0.0001229559910754742,3.501998327795798e-05,1.5329063634940771e-06
2019,E02003245,E06000031,7836,228441,8,2848,0.0028089887640449437,22.01123595505618,male,30-34,350,0.04466564573762124,0.00012546529701578998,3.501998327795798e-05,1.564190166830691e-06
2019,E02005526,E07000144,5348,228441,1968,2102,0.9362511893434824,5007.071360608944,female,30-34,154,0.028795811518324606,0.02696011278214216,0.008614915886377665,0.0002480734941103516
2019,E02005526,E07000144,5348,228441,1968,2102,0.9362511893434824,5007.071360608944,male,30-34,130,0.024308152580403888,0.022758536764145982,0.008614915886377665,0.00020941268983341367
2019,E02005528,E07000144,8597,228441,2743,2924,0.9380984952120383,8064.832763337893,female,30-34,273,0.03175526346399907,0.029789564870639343,0.012007476766429845,0.0003813005882558273
2019,E02005528,E07000144,8597,228441,2743,2924,0.9380984952120383,8064.832763337893,male,30-34,281,0.03268582063510527,0.030662519152562843,0.012007476766429845,0.0003924742318677197
2019,E02005530,E07000144,5483,228441,2031,2157,0.9415855354659249,5162.713490959666,female,30-34,151,0.02753966806492796,0.025930953101469024,0.008890698254691583,0.00024484687879964054
2019,E02005530,E07000144,5483,228441,2031,2157,0.9415855354659249,5162.713490959666,male,30-34,175,0.03191683385008207,0.030052429091106485,0.008890698254691583,0.0002837629390062059
2019,E02005581,E07000147,8362,228441,2689,2942,0.9140040788579198,7642.9021074099255,female,30-34,202,0.024156900263094954,0.022079505373032743,0.011771091879303627,0.0002843530925160647
2019,E02005581,E07000147,8362,228441,2689,2942,0.9140040788579198,7642.9021074099255,male,30-34,316,0.037790002391772305,0.034540216326130434,0.011771091879303627,0.0004448295902726556
2019,E02006274,E07000245,6820,228441,80,2816,0.028409090909090908,193.75,female,30-34,198,0.02903225806451613,0.0008247800586510264,0.0003501998327795799,1.0167091919407157e-05
2019,E02006274,E07000245,6820,228441,80,2816,0.028409090909090908,193.75,male,30-34,292,0.04281524926686217,0.0012163423087176754,0.0003501998327795799,1.4993893133671162e-05
2019,E02005586,E07000148,9889,228441,3031,3232,0.937809405940594,9273.997215346535,female,30-34,553,0.0559207199919102,0.05244297719538361,0.013268196164436332,0.0007419670825091811
2019,E02005586,E07000148,9889,228441,3031,3232,0.937809405940594,9273.997215346535,male,30-34,592,0.0598644959045404,0.05614148734117015,0.013268196164436332,0.0007942938749465374
2019,E02006908,E07000148,5715,228441,1741,1868,0.9320128479657388,5326.453426124197,female,30-34,267,0.046719160104986876,0.04354285746401614,0.007621223860865606,0.0003560571777517265
2019,E02006908,E07000148,5715,228441,1741,1868,0.9320128479657388,5326.453426124197,male,30-34,291,0.050918635170603674,0.047456822179882764,0.007621223860865606,0.00038806231732491537
2019,E02006281,E07000245,8800,228441,31,4082,0.007594316511513963,66.82998530132288,female,30-34,235,0.026704545454545453,0.0002028027704779297,0.0001357024352020872,3.623871849146647e-06
2019,E02006281,E07000245,8800,228441,31,4082,0.007594316511513963,66.82998530132288,male,30-34,234,0.026590909090909092,0.00020193977996525768,0.0001357024352020872,3.6084511178736826e-06
2019,E02006316,E07000244,7206,228441,1008,3252,0.30996309963099633,2233.5940959409595,female,30-34,155,0.02150985290036081,0.006667260677602613,0.0044125178930227065,9.491261079912843e-05
2019,E02006316,E07000244,7206,228441,1008,3252,0.30996309963099633,2233.5940959409595,male,30-34,165,0.02289758534554538,0.007097406527770524,0.0044125178930227065,0.00010103600504423349
2019,E02006307,E07000244,7303,228441,507,3269,0.15509330070357907,1132.646375038238,female,30-34,152,0.02081336437080652,0.0032280133790146544,0.0022193914402405873,4.6193002727176405e-05
2019,E02006307,E07000244,7303,228441,507,3269,0.15509330070357907,1132.646375038238,male,30-34,120,0.016431603450636725,0.0025484316150115693,0.0022193914402405873,3.6468160047770844e-05
2019,E02006302,E07000244,6742,228441,476,3081,0.15449529373580007,1041.607270366764,female,30-34,130,0.01928211213289825,0.0029789955778187494,0.0020836890050385,4.0177925045239544e-05
2019,E02006302,E07000244,6742,228441,476,3081,0.15449529373580007,1041.607270366764,male,30-34,142,0.02106199940670424,0.0032539797850020184,0.0020836890050385,4.388665658787704e-05
2019,E02006907,E07000148,6796,228441,1842,1988,0.9265593561368209,6296.897384305835,female,30-34,383,0.056356680400235434,0.05221780950565074,0.008063351149749825,0.00045442370370132185
2019,E02006907,E07000148,6796,228441,1842,1988,0.9265593561368209,6296.897384305835,male,30-34,404,0.0594467333725721,0.05508092699812767,0.008063351149749825,0.00047933988588860055
2019,E02006304,E07000244,7774,228441,519,3641,0.14254325734688272,1108.1312826146664,female,30-34,172,0.022125032158476974,0.0031537741527738394,0.0022719214151575243,5.026633437189274e-05
2019,E02006304,E07000244,7774,228441,519,3641,0.14254325734688272,1108.1312826146664,male,30-34,158,0.02032415744790327,0.0028970716054550387,0.0022719214151575243,4.6174888550924735e-05
2019,E02006309,E07000244,6899,228441,465,3371,0.1379412637199644,951.6567784040344,female,30-34,169,0.024496303812146687,0.0033790511043156955,0.002035536528031308,4.9863121211377165e-05
2019,E02006309,E07000244,6899,228441,465,3371,0.1379412637199644,951.6567784040344,male,30-34,158,0.022901869836208146,0.003159112866756686,0.002035536528031308,4.6617592611820074e-05
2019,E02006825,E07000009,6602,228441,13,2349,0.005534269902085994,36.53724989357173,female,30-34,163,0.024689488033929112,0.0001366382905240862,5.690747282668173e-05,1.4050163693955045e-06
2019,E02006825,E07000009,6602,228441,13,2349,0.005534269902085994,36.53724989357173,male,30-34,182,0.027567403817025143,0.0001525654532232128,5.690747282668173e-05,1.5687912836195205e-06
2019,E02005608,E07000149,7756,228441,2353,3208,0.7334788029925187,5688.861596009975,female,30-34,152,0.019597730789066528,0.014374520120534145,0.010300252581629392,0.00020186157715416033
2019,E02005608,E07000149,7756,228441,2353,3208,0.7334788029925187,5688.861596009975,male,30-34,146,0.018824136152656008,0.013807104852618324,0.010300252581629392,0.0001938933570033382
2019,E02005587,E07000148,9985,228441,3668,3934,0.9323843416370107,9309.857651245551,female,30-34,323,0.03234852278417626,0.030161256119054024,0.016056662332943734,0.0005194093073150552
2019,E02005587,E07000148,9985,228441,3668,3934,0.9323843416370107,9309.857651245551,male,30-34,360,0.03605408112168253,0.033616260689967335,0.016056662332943734,0.0005789082062954176
2019,E02006308,E07000244,7736,228441,477,3755,0.12703062583222371,982.7089214380827,female,30-34,235,0.030377456049638055,0.0038588672531763924,0.0020880665029482447,6.343014842203173e-05
2019,E02006308,E07000244,7736,228441,477,3755,0.12703062583222371,982.7089214380827,male,30-34,231,0.02986039296794209,0.0037931844063138157,0.0020880665029482447,6.23504863212312e-05
2019,E02006305,E07000244,10024,228441,525,4350,0.1206896551724138,1209.7931034482758,female,30-34,422,0.04209896249002394,0.0050809092660373725,0.002298186402615993,9.675126315881375e-05
2019,E02006305,E07000244,10024,228441,525,4350,0.1206896551724138,1209.7931034482758,male,30-34,402,0.04010375099760575,0.004840107879021384,0.002298186402615993,9.21658952365951e-05
2019,E02006314,E07000244,7383,228441,1607,3302,0.4866747425802544,3593.119624470018,female,30-34,185,0.02505756467560612,0.012194883838188685,0.00703463914095981,0.00017627092524415074
2019,E02006314,E07000244,7383,228441,1607,3302,0.4866747425802544,3593.119624470018,male,30-34,143,0.019368820262765814,0.009426315615464769,0.00703463914095981,0.00013625266113466788
2019,E02006279,E07000245,8825,228441,36,4024,0.008946322067594433,78.95129224652088,female,30-34,251,0.028441926345609065,0.00025445063331061785,0.00015758992475081092,4.482161032572639e-06
2019,E02006279,E07000245,8825,228441,36,4024,0.008946322067594433,78.95129224652088,male,30-34,254,0.02878186968838527,0.0002574918759398285,0.00015758992475081092,4.53573267838028e-06
2019,E02006315,E07000244,5848,228441,517,2641,0.19575918212798182,1144.7996970844376,female,30-34,104,0.017783857729138167,0.0034813534441364754,0.002263166419338035,4.024782961887066e-05
2019,E02006315,E07000244,5848,228441,517,2641,0.19575918212798182,1144.7996970844376,male,30-34,84,0.014363885088919288,0.0028118623971871534,0.002263166419338035,3.250786238447245e-05
2019,E02006276,E07000245,6874,228441,26,2902,0.00895933838731909,61.586492074431426,female,30-34,144,0.02094850160023276,0.00018768471454378078,0.00011381494565336345,2.384252571149889e-06
2019,E02006276,E07000245,6874,228441,26,2902,0.00895933838731909,61.586492074431426,male,30-34,128,0.01862089031131801,0.00016683085737224959,0.00011381494565336345,2.1193356187999015e-06
2019,E02006278,E07000245,8793,228441,28,3456,0.008101851851851851,71.23958333333333,female,30-34,332,0.0377573069487092,0.0003059041072233384,0.00012256994147285294,4.62791090287583e-06
2019,E02006278,E07000245,8793,228441,28,3456,0.008101851851851851,71.23958333333333,male,30-34,416,0.04731036051404526,0.0003833015319424963,0.00012256994147285294,5.7988281192661e-06
2019,E02006277,E07000245,7994,228441,17,2787,0.006099748833871547,48.76139217796914,female,30-34,287,0.03590192644483362,0.00021899273396561593,7.441746446566072e-05,2.671730335457171e-06
2019,E02006277,E07000245,7994,228441,17,2787,0.006099748833871547,48.76139217796914,male,30-34,317,0.039654741055791844,0.00024188396051254445,7.441746446566072e-05,2.951005283414367e-06
2019,E02006275,E07000245,7142,228441,24,3181,0.007544797233574348,53.88494184218799,female,30-34,246,0.03444413329599552,0.0002598740016044931,0.00010505994983387396,3.6186989161485574e-06
2019,E02006275,E07000245,7142,228441,24,3181,0.007544797233574348,53.88494184218799,male,30-34,219,0.030663679641556987,0.00023135124533082922,0.00010505994983387396,3.2215246448639592e-06
2019,E02005550,E07000145,7234,228441,448,3415,0.13118594436310396,948.999121522694,female,30-34,199,0.02750898534697263,0.0036087922212133935,0.001961119063565647,5.394839558329607e-05
2019,E02005550,E07000145,7234,228441,448,3415,0.13118594436310396,948.999121522694,male,30-34,218,0.030135471385125796,0.003953350272485025,0.001961119063565647,5.9099247422907254e-05
2019,E02003758,E07000011,9606,228441,8,3798,0.00210637177461822,20.23380726698262,female,30-34,335,0.034874037060170726,7.345768733053339e-05,3.501998327795798e-05,1.2212881946820657e-06
2019,E02003758,E07000011,9606,228441,8,3798,0.00210637177461822,20.23380726698262,male,30-34,342,0.03560274828232355,7.499262408072364e-05,3.501998327795798e-05,1.246807649496318e-06
2019,E02003775,E07000012,6886,228441,8,2586,0.0030935808197989174,21.302397525135344,female,30-34,194,0.028173104850421144,8.71557767994467e-05,3.501998327795798e-05,9.866216607499054e-07
2019,E02003775,E07000012,6886,228441,8,2586,0.0030935808197989174,21.302397525135344,male,30-34,154,0.022364217252396165,6.918551354182882e-05,3.501998327795798e-05,7.831945142035331e-07
2019,E02005531,E07000144,5447,228441,1858,1969,0.9436262061960387,5139.931945149822,female,30-34,161,0.02955755461722049,0.027891283127879977,0.008133391116305741,0.00024040315214342287
2019,E02005531,E07000144,5447,228441,1858,1969,0.9436262061960387,5139.931945149822,male,30-34,153,0.02808885625114742,0.026505380860656125,0.008133391116305741,0.0002284576539002714
2019,E02005536,E07000144,6216,228441,2430,2679,0.9070548712206047,5638.253079507279,female,30-34,157,0.025257400257400257,0.022909847937843456,0.010637319920679738,0.0002686710469026253
2019,E02005536,E07000144,6216,228441,2430,2679,0.9070548712206047,5638.253079507279,male,30-34,149,0.02397039897039897,0.021742467151201754,0.010637319920679738,0.00025498080247446603
2019,E02005582,E07000147,6991,228441,2342,3094,0.7569489334195216,5291.8299935358755,female,30-34,166,0.02374481476183665,0.017973612208216364,0.0102521001046222,0.00024343421790406027
2019,E02005582,E07000147,6991,228441,2342,3094,0.7569489334195216,5291.8299935358755,male,30-34,176,0.025175225289658133,0.01905635993160289,0.0102521001046222,0.0002580989298259916
2019,E02005522,E07000144,5534,228441,1858,1985,0.9360201511335012,5179.935516372796,female,30-34,122,0.02204553668232743,0.02063506657721127,0.008133391116305741,0.00017930497220623428
2019,E02005522,E07000144,5534,228441,1858,1985,0.9360201511335012,5179.935516372796,male,30-34,121,0.021864835561980486,0.020465926687234126,0.008133391116305741,0.00017783525931929794
2019,E02005549,E07000145,5270,228441,397,2637,0.15054986727341677,793.3978005309064,female,30-34,114,0.021631878557874764,0.003256676445762716,0.001737866670168665,3.759332075886676e-05
2019,E02005549,E07000145,5270,228441,397,2637,0.15054986727341677,793.3978005309064,male,30-34,129,0.024478178368121443,0.0036851865044157045,0.001737866670168665,4.2539810332401854e-05
2019,E02005606,E07000149,5848,228441,1025,2229,0.4598474652310453,2689.187976671153,female,30-34,114,0.019493844049247606,0.008964194773655808,0.004486935357488367,8.746761811793328e-05
2019,E02005606,E07000149,5848,228441,1025,2229,0.4598474652310453,2689.187976671153,male,30-34,106,0.018125854993160054,0.008335128473750137,0.004486935357488367,8.132953965351691e-05
2019,E02005529,E07000144,5904,228441,2426,2537,0.9562475364603863,5645.685455262121,female,30-34,161,0.027269647696476964,0.026076533429898744,0.010619809929040758,0.0002895984753684895
2019,E02005529,E07000144,5904,228441,2426,2537,0.9562475364603863,5645.685455262121,male,30-34,112,0.018970189701897018,0.018140197168625215,0.010619809929040758,0.0002014598089519927
2019,E02006310,E07000244,8522,228441,490,3371,0.14535746069415603,1238.7362800355977,female,30-34,277,0.032504107017132126,0.004724714458141425,0.0021449739757749267,6.972046365755159e-05
2019,E02006310,E07000244,8522,228441,490,3371,0.14535746069415603,1238.7362800355977,male,30-34,266,0.031213330204177422,0.004537090418287433,0.0021449739757749267,6.695178098523005e-05
2019,E02005541,E07000145,5924,228441,391,2884,0.1355755894590846,803.1497919556172,female,30-34,145,0.024476704929101957,0.0033184436987790792,0.0017116016827101964,4.189436934385187e-05
2019,E02005541,E07000145,5924,228441,391,2884,0.1355755894590846,803.1497919556172,male,30-34,149,0.025151924375422012,0.0034099869732281576,0.0017116016827101964,4.305007608437192e-05
2019,E02005537,E07000144,6050,228441,1455,2548,0.5710361067503925,3454.768445839875,female,30-34,159,0.02628099173553719,0.015007395202200399,0.0063692594586786085,0.00016739045519502459
2019,E02005537,E07000144,6050,228441,1455,2548,0.5710361067503925,3454.768445839875,male,30-34,127,0.02099173553719008,0.011987038935090883,0.0063692594586786085,0.0001337018101243278
2019,E02005546,E07000145,7892,228441,496,3877,0.12793396956409595,1009.6548877998453,female,30-34,265,0.03357830714647744,0.004295806124491311,0.002171238963233395,7.290652879585019e-05
2019,E02005546,E07000145,7892,228441,496,3877,0.12793396956409595,1009.6548877998453,male,30-34,234,0.029650278763304613,0.0037932778608715727,0.002171238963233395,6.437784052161867e-05
2019,E02005543,E07000145,9707,228441,592,4599,0.12872363557295063,1249.5203305066318,female,30-34,347,0.035747398784382406,0.004601535133801779,0.0025914787625688908,9.2638624766808e-05
2019,E02005543,E07000145,9707,228441,592,4599,0.12872363557295063,1249.5203305066318,male,30-34,398,0.04100133923972391,0.005277841450297142,0.0025914787625688908,0.00010625409987662703
2019,E02005484,E07000141,7211,228441,9,2876,0.003129346314325452,22.565716272600834,female,30-34,190,0.026348634031341005,8.245400079348715e-05,3.939748118770273e-05,1.0380698135714213e-06
2019,E02005484,E07000141,7211,228441,9,2876,0.003129346314325452,22.565716272600834,male,30-34,165,0.0228817085009014,7.160479016276516e-05,3.939748118770273e-05,9.014816802067605e-07
2019,E02005539,E07000145,7534,228441,806,3487,0.23114425007169487,1741.440780040149,female,30-34,177,0.023493496150783118,0.005430386549335014,0.003528263315254267,8.28912406158754e-05
2019,E02005539,E07000145,7534,228441,806,3487,0.23114425007169487,1741.440780040149,male,30-34,163,0.02163525351738784,0.005000864449387611,0.003528263315254267,7.633487130162536e-05
2019,E02005545,E07000145,6351,228441,437,2936,0.14884196185286103,945.2952997275204,female,30-34,164,0.025822705085813257,0.003843502085320297,0.001912966586558455,4.939797200371384e-05
2019,E02005545,E07000145,6351,228441,437,2936,0.14884196185286103,945.2952997275204,male,30-34,157,0.024720516454101716,0.003679450167044431,0.001912966586558455,4.728952197916508e-05
2019,E02005533,E07000144,8917,228441,2992,3481,0.8595231255386383,7664.367710428038,female,30-34,201,0.02254121341258271,0.019374694205816567,0.013097473745956286,0.00029523295087329973
2019,E02005533,E07000144,8917,228441,2992,3481,0.8595231255386383,7664.367710428038,male,30-34,217,0.024335538858360435,0.020916958421204945,0.013097473745956286,0.0003187340812910748
2019,E02005583,E07000147,8736,228441,3117,4005,0.7782771535580524,6799.029213483145,female,30-34,135,0.015453296703296704,0.012026947771329793,0.01364466098467438,0.00021085499461206974
2019,E02005583,E07000147,8736,228441,3117,4005,0.7782771535580524,6799.029213483145,male,30-34,146,0.016712454212454212,0.013006921293438146,0.01364466098467438,0.00022803577195083097
2019,E02003785,E07000012,9173,228441,8,3105,0.0025764895330112722,23.6341384863124,female,30-34,339,0.036956284748719065,9.521748083405879e-05,3.501998327795798e-05,1.2942084739155954e-06
2019,E02003785,E07000012,9173,228441,8,3105,0.0025764895330112722,23.6341384863124,male,30-34,322,0.03510301973182165,9.044256291612663e-05,3.501998327795798e-05,1.2293071640142233e-06
2019,E02003254,E06000031,8600,228441,8,3068,0.002607561929595828,22.42503259452412,female,30-34,280,0.03255813953488372,8.48973651496316e-05,3.501998327795798e-05,1.1401855020730505e-06
2019,E02003254,E06000031,8600,228441,8,3068,0.002607561929595828,22.42503259452412,male,30-34,218,0.025348837209302325,6.609866286649889e-05,3.501998327795798e-05,8.877158551854464e-07
2019,E02003726,E07000008,8442,228441,9,2085,0.004316546762589928,36.44028776978417,female,30-34,234,0.02771855010660981,0.00011964841772637327,3.939748118770273e-05,1.0920410563755555e-06
2019,E02003726,E07000008,8442,228441,9,2085,0.004316546762589928,36.44028776978417,male,30-34,440,0.05212035062781331,0.00022497993076753947,3.939748118770273e-05,2.053410533355745e-06
2019,E02005544,E07000145,7497,228441,439,3315,0.13242835595776772,992.8153846153846,female,30-34,274,0.036547952514339066,0.004839985265096485,0.0019217215823779444,7.023498913852965e-05
2019,E02005544,E07000145,7497,228441,439,3315,0.13242835595776772,992.8153846153846,male,30-34,311,0.041483259970654926,0.0054935599176825075,0.0019217215823779444,7.971927599300262e-05
2019,E02005446,E07000138,10958,228441,11,1999,0.005502751375687844,60.29914957478739,female,30-34,181,0.016517612703048003,9.08923160247764e-05,4.815247700719223e-05,7.953639658972252e-07
2019,E02005446,E07000138,10958,228441,11,1999,0.005502751375687844,60.29914957478739,male,30-34,234,0.021354261726592445,0.00011750719309280485,4.815247700719223e-05,1.0282605967953078e-06
2019,E02005593,E07000148,12414,228441,2398,2647,0.9059312429165093,11246.230449565546,female,35-39,195,0.01570807153214113,0.01423043276693405,0.010497239987567906,0.00016489139661476893
2019,E02005593,E07000148,12414,228441,2398,2647,0.9059312429165093,11246.230449565546,male,35-39,166,0.013371999355566296,0.012114111996466935,0.010497239987567906,0.00014036908634898278
2019,E02006287,E07000244,6179,228441,545,2715,0.2007366482504604,1240.3517495395947,female,35-39,127,0.02055348761935588,0.0041258382145668345,0.0023857363608108875,4.9035202754973734e-05
2019,E02006287,E07000244,6179,228441,545,2715,0.2007366482504604,1240.3517495395947,male,35-39,106,0.01715487943032853,0.003443612997984917,0.0023857363608108875,4.092701962226154e-05
2019,E02006233,E07000200,11790,228441,40,5050,0.007920792079207921,93.38613861386139,female,35-39,276,0.02340966921119593,0.00018542312246491827,0.00017509991638978994,4.099031121593047e-06
2019,E02006233,E07000200,11790,228441,40,5050,0.007920792079207921,93.38613861386139,male,35-39,306,0.025954198473282442,0.00020557780968936588,0.00017509991638978994,4.544577982635769e-06
2019,E02006288,E07000244,9562,228441,114,3453,0.03301476976542137,315.68722849695916,female,35-39,191,0.019974900648399917,0.0006594667459940894,0.0004990347617109013,9.96816978527318e-06
2019,E02006288,E07000244,9562,228441,114,3453,0.03301476976542137,315.68722849695916,male,35-39,171,0.01788328801505961,0.0005904126364659124,0.0004990347617109013,8.924382373202689e-06
2019,E02006311,E07000244,8471,228441,917,3751,0.24446814182884563,2070.889629432151,female,35-39,230,0.02715145791524023,0.006637666464482882,0.004014165583235934,0.0001089904478980362
2019,E02006311,E07000244,8471,228441,917,3751,0.24446814182884563,2070.889629432151,male,35-39,171,0.020186518710896,0.004934960719245969,0.004014165583235934,8.103202865462692e-05
2019,E02006256,E07000202,9754,228441,48,4135,0.011608222490931077,113.22660217654172,female,35-39,366,0.037523067459503796,0.000435576115612136,0.00021011989966774792,7.884343169817075e-06
2019,E02006256,E07000202,9754,228441,48,4135,0.011608222490931077,113.22660217654172,male,35-39,379,0.03885585400861185,0.0004510473984071025,0.00021011989966774792,8.164388145794182e-06
2019,E02006251,E07000202,10928,228441,70,3797,0.018435607058203844,201.4643139320516,female,35-39,403,0.03687774524158126,0.0006798636204663386,0.0003064248536821324,1.130025768977849e-05
2019,E02006251,E07000202,10928,228441,70,3797,0.018435607058203844,201.4643139320516,male,35-39,592,0.05417276720351391,0.0009987078494195349,0.0003064248536821324,1.659988226389297e-05
2019,E02004577,E07000076,5680,228441,11,2201,0.004997728305315766,28.387096774193548,female,35-39,151,0.02658450704225352,0.00013286214332793673,4.815247700719223e-05,1.2801098640996526e-06
2019,E02004577,E07000076,5680,228441,11,2201,0.004997728305315766,28.387096774193548,male,35-39,141,0.024823943661971833,0.00012406332588900054,4.815247700719223e-05,1.195334376410934e-06
2019,E02005542,E07000145,7554,228441,451,3494,0.12907842014882656,975.0583858042359,female,35-39,225,0.029785544082605243,0.0038446709734559145,0.0019742515572948815,5.8804156789958744e-05
2019,E02005542,E07000145,7554,228441,451,3494,0.12907842014882656,975.0583858042359,male,35-39,257,0.03402171035213132,0.004391468623014089,0.0019742515572948815,6.716741464453065e-05
2019,E02005611,E07000149,11199,228441,3134,4161,0.753184330689738,8434.911319394376,female,35-39,362,0.032324314670952765,0.02434616731044604,0.01371907844914004,0.0004434598087854893
2019,E02005611,E07000149,11199,228441,3134,4161,0.753184330689738,8434.911319394376,male,35-39,350,0.03125279042771676,0.0235391120404865,0.01371907844914004,0.00042875948363237917
2019,E02005595,E07000148,8952,228441,3128,3359,0.9312295325989878,8336.366775826138,female,35-39,194,0.02167113494191242,0.020180800862846696,0.013692813461681571,0.0002967388082625363
2019,E02005595,E07000148,8952,228441,3128,3359,0.9312295325989878,8336.366775826138,male,35-39,187,0.020889186773905274,0.019452627635836765,0.013692813461681571,0.00028603173786131075
2019,E02006293,E07000244,11451,228441,88,4406,0.01997276441216523,228.70812528370405,female,35-39,294,0.025674613570867172,0.0005127930082243103,0.00038521981605753786,9.890369917117817e-06
2019,E02006293,E07000244,11451,228441,88,4406,0.01997276441216523,228.70812528370405,male,35-39,391,0.03414548947690158,0.0006819798170602222,0.00038521981605753786,1.3153519175486621e-05
2019,E02004521,E07000071,9189,228441,8,3522,0.002271436683702442,20.87223168654174,female,35-39,290,0.03155947328327348,7.168534533395452e-05,3.501998327795798e-05,1.1052122266413989e-06
2019,E02004521,E07000071,9189,228441,8,3522,0.002271436683702442,20.87223168654174,male,35-39,338,0.03678311024050495,8.35505059409539e-05,3.501998327795798e-05,1.2881439055337683e-06
2019,E02004507,E07000071,9933,228441,11,3434,0.00320326150262085,31.817996505532903,female,35-39,373,0.037551595691130576,0.00012028758083938157,4.815247700719223e-05,1.808202348100544e-06
2019,E02004507,E07000071,9933,228441,11,3434,0.00320326150262085,31.817996505532903,male,35-39,340,0.03422933655491795,0.00010964551604662127,4.815247700719223e-05,1.6482273414321311e-06
2019,E02004446,E07000067,6867,228441,9,2535,0.0035502958579881655,24.379881656804734,female,35-39,160,0.023299839813601283,8.272132478201638e-05,3.939748118770273e-05,9.179550007328437e-07
2019,E02004446,E07000067,6867,228441,9,2535,0.0035502958579881655,24.379881656804734,male,35-39,171,0.02490170380078637,8.840841586078e-05,3.939748118770273e-05,9.810644070332265e-07
2019,E02004589,E07000076,7733,228441,9,3538,0.002543810062182024,19.67128321085359,female,35-39,155,0.020043967412388466,5.0988045989682366e-05,3.939748118770273e-05,7.896818290565012e-07
2019,E02004589,E07000076,7733,228441,9,3538,0.002543810062182024,19.67128321085359,male,35-39,135,0.017457649036596405,4.440894328133625e-05,3.939748118770273e-05,6.877873995008235e-07
2019,E02004522,E07000071,12010,228441,9,2824,0.003186968838526912,38.27549575070822,female,35-39,267,0.022231473771856785,7.085101414543592e-05,3.939748118770273e-05,8.758640697016343e-07
2019,E02004522,E07000071,12010,228441,9,2824,0.003186968838526912,38.27549575070822,male,35-39,270,0.022481265611990008,7.16470929560588e-05,3.939748118770273e-05,8.857052390241247e-07
2019,E02004526,E07000071,7285,228441,8,3181,0.002514932411191449,18.321282615529707,female,35-39,150,0.02059025394646534,5.1783097004628324e-05,3.501998327795798e-05,7.210703488941246e-07
2019,E02004526,E07000071,7285,228441,8,3181,0.002514932411191449,18.321282615529707,male,35-39,134,0.018393960192175703,4.625956665746797e-05,3.501998327795798e-05,6.441561783454179e-07
2019,E02006235,E07000200,8200,228441,24,2985,0.008040201005025126,65.92964824120604,female,35-39,204,0.024878048780487806,0.00020002451280794217,0.00010505994983387396,2.613686556842718e-06
2019,E02006235,E07000200,8200,228441,24,2985,0.008040201005025126,65.92964824120604,male,35-39,202,0.024634146341463416,0.0001980634881725702,0.00010505994983387396,2.5880621788344563e-06
2019,E02004513,E07000071,13590,228441,10,3781,0.0026448029621793175,35.942872256016926,female,35-39,340,0.025018395879323033,6.616872753060838e-05,4.3774979097447484e-05,1.095179756669032e-06
2019,E02004513,E07000071,13590,228441,10,3781,0.0026448029621793175,35.942872256016926,male,35-39,345,0.025386313465783666,6.714179705311734e-05,4.3774979097447484e-05,1.1112853413259295e-06
2019,E02004582,E07000076,7003,228441,9,3302,0.0027256208358570565,19.087522713506967,female,35-39,132,0.018849064686562902,5.1375403446113304e-05,3.939748118770273e-05,7.426056713946538e-07
2019,E02004582,E07000076,7003,228441,9,3302,0.0027256208358570565,19.087522713506967,male,35-39,106,0.01513637012708839,4.125600579763644e-05,3.939748118770273e-05,5.963348573320704e-07
2019,E02004520,E07000071,9529,228441,11,3753,0.002930988542499334,27.929389821476153,female,35-39,400,0.0419771224682548,0.0001230344650015462,4.815247700719223e-05,2.0213024244807318e-06
2019,E02004520,E07000071,9529,228441,11,3753,0.002930988542499334,27.929389821476153,male,35-39,433,0.04544023507188582,0.00013318480836417373,4.815247700719223e-05,2.188059874500392e-06
2019,E02004579,E07000076,7266,228441,8,3141,0.0025469595670168737,18.506208213944603,female,35-39,153,0.021056977704376548,5.363127081662285e-05,3.501998327795798e-05,7.374150070916007e-07
2019,E02004579,E07000076,7266,228441,8,3141,0.0025469595670168737,18.506208213944603,male,35-39,145,0.019955959262317642,5.082702136215891e-05,3.501998327795798e-05,6.988573596619746e-07
2019,E02004559,E07000074,7711,228441,8,2504,0.003194888178913738,24.635782747603834,female,35-39,214,0.02775256127609908,8.866632995558811e-05,3.501998327795798e-05,9.71894231809494e-07
2019,E02004559,E07000074,7711,228441,8,2504,0.003194888178913738,24.635782747603834,male,35-39,152,0.019712099597976915,6.297795398714669e-05,3.501998327795798e-05,6.903173982945938e-07
2019,E02004575,E07000076,11687,228441,12,4223,0.0028415818138763913,33.20956665877338,female,35-39,295,0.0252417215709763,7.172641696701766e-05,5.252997491693698e-05,1.325947000983692e-06
2019,E02004575,E07000076,11687,228441,12,4223,0.0028415818138763913,33.20956665877338,male,35-39,308,0.02635406862325661,7.488724212149641e-05,5.252997491693698e-05,1.3843785637389057e-06
2019,E02004588,E07000076,7179,228441,8,3751,0.0021327645961077045,15.311117035457212,female,35-39,189,0.02632678646050982,5.614883809226301e-05,3.501998327795798e-05,9.219636216094245e-07
2019,E02004588,E07000076,7179,228441,8,3751,0.0021327645961077045,15.311117035457212,male,35-39,197,0.027441147792171612,5.8525508487702715e-05,3.501998327795798e-05,9.609885368098235e-07
2019,E02004512,E07000071,11610,228441,14,4353,0.0032161727544222376,37.33976567884218,female,35-39,464,0.03996554694229113,0.0001285361031913797,6.128497073642647e-05,2.44928737482359e-06
2019,E02004512,E07000071,11610,228441,14,4353,0.0032161727544222376,37.33976567884218,male,35-39,528,0.04547803617571059,0.0001462652208729493,6.128497073642647e-05,2.7871201161785678e-06
2019,E02004509,E07000071,14885,228441,13,4843,0.0026842865992153624,39.95560602932067,female,35-39,719,0.048303661404098086,0.0001296608710000568,5.690747282668173e-05,2.7488392987829467e-06
2019,E02004509,E07000071,14885,228441,13,4843,0.0026842865992153624,39.95560602932067,male,35-39,657,0.044138394356734965,0.00011848010048266664,5.690747282668173e-05,2.511804477469257e-06
2019,E02004585,E07000076,8674,228441,8,4088,0.0019569471624266144,16.974559686888455,female,35-39,230,0.026516024902005993,5.189045969081407e-05,3.501998327795798e-05,9.285907486661674e-07
2019,E02004585,E07000076,8674,228441,8,4088,0.0019569471624266144,16.974559686888455,male,35-39,212,0.02444085773576205,4.7829467193272105e-05,3.501998327795798e-05,8.55918429205337e-07
2019,E02004580,E07000076,12194,228441,9,5534,0.0016263100831225153,19.831225153595952,female,35-39,206,0.016893554206987044,2.7474157546599818e-05,3.939748118770273e-05,6.655634840632084e-07
2019,E02004580,E07000076,12194,228441,9,5534,0.0016263100831225153,19.831225153595952,male,35-39,190,0.015581433491881253,2.5340242397349346e-05,3.939748118770273e-05,6.138692328738329e-07
2019,E02004590,E07000076,8402,228441,9,4502,0.0019991115059973343,16.796534873389604,female,35-39,163,0.01940014282313735,3.878304873572548e-05,3.939748118770273e-05,7.643167619132998e-07
2019,E02004590,E07000076,8402,228441,9,4502,0.0019991115059973343,16.796534873389604,male,35-39,138,0.0164246607950488,3.283472837748538e-05,3.939748118770273e-05,6.470902646873336e-07
2019,E02004595,E07000077,14491,228441,8,5057,0.0015819655922483687,22.924263397271112,female,35-39,511,0.03526326685528949,5.578527483534031e-05,3.501998327795798e-05,1.234919015598408e-06
2019,E02004595,E07000077,14491,228441,8,5057,0.0015819655922483687,22.924263397271112,male,35-39,467,0.032226899454834035,5.0981846082395157e-05,3.501998327795798e-05,1.1285854800087212e-06
2019,E02006922,E07000071,13943,228441,14,5702,0.002455278849526482,34.23395299894774,female,35-39,420,0.030122642186043175,7.395948625124596e-05,6.128497073642647e-05,1.8460652448755014e-06
2019,E02006922,E07000071,13943,228441,14,5702,0.002455278849526482,34.23395299894774,male,35-39,394,0.028257907193573836,6.938104186426407e-05,6.128497073642647e-05,1.7317850154308275e-06
2019,E02004523,E07000071,10335,228441,10,4139,0.0024160425223483935,24.969799468470647,female,35-39,376,0.036381228834059025,8.789859587837407e-05,4.3774979097447484e-05,1.5925875317503875e-06
2019,E02004523,E07000071,10335,228441,10,4139,0.0024160425223483935,24.969799468470647,male,35-39,376,0.036381228834059025,8.789859587837407e-05,4.3774979097447484e-05,1.5925875317503875e-06
2019,E02005579,E07000147,12901,228441,4648,5056,0.9193037974683544,11859.93829113924,female,35-39,319,0.02472676536702581,0.022731409301015817,0.02034661028449359,0.0005031058585189872
2019,E02005579,E07000147,12901,228441,4648,5056,0.9193037974683544,11859.93829113924,male,35-39,313,0.02426168514068677,0.022303859282814895,0.02034661028449359,0.0004936430524026428
2019,E02006292,E07000244,6857,228441,50,2404,0.020798668885191347,142.61647254575706,female,35-39,129,0.01881289193524865,0.0003912831101341233,0.0002188748954872374,4.11766975614024e-06
2019,E02006292,E07000244,6857,228441,50,2404,0.020798668885191347,142.61647254575706,male,35-39,101,0.014729473530698556,0.0003063534428181896,0.0002188748954872374,3.2239119796136763e-06
2019,E02006250,E07000202,10945,228441,56,4152,0.01348747591522158,147.62042389210018,female,35-39,387,0.03535861123800822,0.000476898417468319,0.0002451398829457059,8.667805820008055e-06
2019,E02006250,E07000202,10945,228441,56,4152,0.01348747591522158,147.62042389210018,male,35-39,550,0.05025125628140704,0.0006777626088051046,0.0002451398829457059,1.2318587082698788e-05
2019,E02005594,E07000148,11105,228441,3270,3517,0.92976969007677,10325.092408302531,female,35-39,407,0.03665015758667267,0.03407620566062543,0.014314418164865327,0.000524625681503844
2019,E02005594,E07000148,11105,228441,3270,3517,0.92976969007677,10325.092408302531,male,35-39,431,0.03881134624043224,0.0360856133654289,0.014314418164865327,0.0005555618396269208
2019,E02005602,E07000149,12285,228441,3889,4252,0.9146284101599247,11236.210018814674,female,35-39,379,0.03085063085063085,0.02821686344734322,0.017024089370997326,0.0005252038967527868
2019,E02005602,E07000149,12285,228441,3889,4252,0.9146284101599247,11236.210018814674,male,35-39,312,0.025396825396825397,0.02322865803580761,0.017024089370997326,0.00043235782529517017
2019,E02005535,E07000144,7243,228441,2248,2438,0.9220672682526662,6678.533223954061,female,35-39,260,0.03589672787518984,0.03309919781108563,0.009840615301106194,0.0003532458895882384
2019,E02005535,E07000144,7243,228441,2248,2438,0.9220672682526662,6678.533223954061,male,35-39,225,0.03106447604583736,0.02864353656728564,0.009840615301106194,0.00030569355829751396
2019,E02006230,E07000200,11148,228441,70,4587,0.01526051885764116,170.12426422498365,female,35-39,322,0.02888410477215644,0.0004407864255615764,0.0003064248536821324,8.850807578547419e-06
2019,E02006230,E07000200,11148,228441,70,4587,0.01526051885764116,170.12426422498365,male,35-39,284,0.025475421600287047,0.0003887681517375394,0.0003064248536821324,7.806302336358593e-06
2019,E02006294,E07000244,8228,228441,52,3741,0.013900026730820636,114.36941994119219,female,35-39,187,0.022727272727272728,0.00031590969842774176,0.0002276298913067269,5.1734066206074295e-06
2019,E02006294,E07000244,8228,228441,52,3741,0.013900026730820636,114.36941994119219,male,35-39,158,0.019202722411278562,0.0002669183548213005,0.0002276298913067269,4.371113615272588e-06
2019,E02006296,E07000244,13489,228441,80,5153,0.015524936929943722,209.41587424801088,female,35-39,444,0.03291570909630069,0.0005110143077244431,0.0003501998327795799,1.1527075821345797e-05
2019,E02006296,E07000244,13489,228441,80,5153,0.015524936929943722,209.41587424801088,male,35-39,343,0.02542812662169175,0.00039477006204838733,0.0003501998327795799,8.904925690814434e-06
2019,E02006313,E07000244,10033,228441,688,4581,0.1501855490067671,1506.8116131848942,female,35-39,217,0.021628625535732086,0.0032483070003457054,0.0030117185619043868,6.513933299444353e-05
2019,E02006313,E07000244,10033,228441,688,4581,0.1501855490067671,1506.8116131848942,male,35-39,198,0.0197348749127878,0.0029638930233569106,0.0030117185619043868,5.943588909170423e-05
2019,E02006295,E07000244,9796,228441,69,4175,0.01652694610778443,161.89796407185628,female,35-39,310,0.03164556962025317,0.0005230046236640643,0.00030204735577238763,9.55846062570847e-06
2019,E02006295,E07000244,9796,228441,69,4175,0.01652694610778443,161.89796407185628,male,35-39,250,0.02552062066149449,0.00042177792230972927,0.00030204735577238763,7.708435988474573e-06
2019,E02005597,E07000149,16660,228441,5376,5722,0.9395316322963999,15652.596994058022,female,35-39,712,0.042737094837935176,0.040152852472691285,0.023533428762787766,0.0010057503768970521
2019,E02005597,E07000149,16660,228441,5376,5722,0.9395316322963999,15652.596994058022,male,35-39,679,0.040756302521008404,0.0382918354339289,0.023533428762787766,0.0009591355420127787
2019,E02006267,E07000203,8615,228441,87,3046,0.02856204858831254,246.06204858831254,female,35-39,215,0.024956471271038887,0.0007128079450362387,0.0003808423181477931,9.504480371651251e-06
2019,E02006267,E07000203,8615,228441,87,3046,0.02856204858831254,246.06204858831254,male,35-39,215,0.024956471271038887,0.0007128079450362387,0.0003808423181477931,9.504480371651251e-06
2019,E02005538,E07000145,9068,228441,751,4616,0.1626949740034662,1475.3180242634314,female,35-39,171,0.01885752095280106,0.0030680238811857875,0.0032875009302183057,6.199411767394467e-05
2019,E02005538,E07000145,9068,228441,751,4616,0.1626949740034662,1475.3180242634314,male,35-39,171,0.01885752095280106,0.0030680238811857875,0.0032875009302183057,6.199411767394467e-05
2019,E02006271,E07000203,9748,228441,54,3734,0.0144617032672737,140.97268344938402,female,35-39,284,0.029134181370537547,0.00042132988591564745,0.0002363848871262164,6.886880174789234e-06
2019,E02006271,E07000203,9748,228441,54,3734,0.0144617032672737,140.97268344938402,male,35-39,371,0.038059089043906445,0.0005503992523757226,0.0002363848871262164,8.996593467770444e-06
2019,E02006312,E07000244,8830,228441,965,3470,0.2780979827089337,2455.605187319885,female,35-39,208,0.023556058890147225,0.006550892457922787,0.004224285482903682,9.950751760407314e-05
2019,E02006312,E07000244,8830,228441,965,3470,0.2780979827089337,2455.605187319885,male,35-39,193,0.021857304643261608,0.006078472328745663,0.004224285482903682,9.233149469993325e-05
2019,E02005520,E07000144,8657,228441,3033,3252,0.9326568265682657,8074.010147601476,female,35-39,209,0.0241423125794155,0.02251649263633678,0.013276951160255821,0.00032053630501252935
2019,E02005520,E07000144,8657,228441,3033,3252,0.9326568265682657,8074.010147601476,male,35-39,210,0.02425782603673328,0.02262422705086471,0.013276951160255821,0.00032206997154368976
2019,E02006237,E07000200,7731,228441,59,2944,0.020040760869565216,154.9351222826087,female,35-39,182,0.023541585823308758,0.0004717912919752774,0.00025827237667494014,6.08014132128303e-06
2019,E02006237,E07000200,7731,228441,59,2944,0.020040760869565216,154.9351222826087,male,35-39,164,0.02121329711550899,0.00042513061474695323,0.00025827237667494014,5.478808663134159e-06
2019,E02005604,E07000149,8600,228441,2789,3152,0.8848350253807107,7609.581218274112,female,35-39,208,0.024186046511627906,0.021400661078975328,0.012208841670278102,0.0002952836124904471
2019,E02005604,E07000149,8600,228441,2789,3152,0.8848350253807107,7609.581218274112,male,35-39,192,0.022325581395348838,0.01975445638059261,0.012208841670278102,0.0002725694884527204
2019,E02006258,E07000202,9082,228441,63,4222,0.014921837991473235,135.52013263855991,female,35-39,353,0.03886809072891433,0.0005799833528947426,0.00027578236831391915,1.0719134113060279e-05
2019,E02006258,E07000202,9082,228441,63,4222,0.014921837991473235,135.52013263855991,male,35-39,379,0.04173089627835279,0.0006227016735045537,0.00027578236831391915,1.1508645407506646e-05
2019,E02003619,E06000055,11815,228441,9,5224,0.0017228177641653904,20.355091883614087,female,35-39,416,0.03520947947524333,6.065951670696592e-05,3.939748118770273e-05,1.3871648052547047e-06
2019,E02003619,E06000055,11815,228441,9,5224,0.0017228177641653904,20.355091883614087,male,35-39,345,0.02920016927634363,5.030657034592126e-05,3.939748118770273e-05,1.1504131197424833e-06
2019,E02006261,E07000203,8070,228441,1036,3144,0.32951653944020354,2659.1984732824426,female,35-39,203,0.025154894671623296,0.008288953842176124,0.004535087834495559,0.00011407965680329596
2019,E02006261,E07000203,8070,228441,1036,3144,0.32951653944020354,2659.1984732824426,male,35-39,172,0.021313506815365552,0.00702315300913445,0.004535087834495559,9.665862546880249e-05
2019,E02006306,E07000244,7510,228441,473,3378,0.14002368265245707,1051.5778567199527,female,35-39,238,0.03169107856191744,0.004437501527468014,0.002070556511309266,6.561816906679165e-05
2019,E02006306,E07000244,7510,228441,473,3378,0.14002368265245707,1051.5778567199527,male,35-39,205,0.02729693741677763,0.003822217702230852,0.002070556511309266,5.651985150711046e-05
2019,E02006303,E07000244,8152,228441,445,3523,0.12631280158955435,1029.7019585580472,female,35-39,256,0.03140333660451423,0.003966643425775995,0.001947986569836413,6.117327795364593e-05
2019,E02006303,E07000244,8152,228441,445,3523,0.12631280158955435,1029.7019585580472,male,35-39,226,0.02772325809617272,0.003501802399317871,0.001947986569836413,5.400453444345306e-05
2019,E02006228,E07000200,6121,228441,22,2586,0.008507347254447023,52.07347254447023,female,35-39,155,0.025322659696128083,0.00021542865944115152,9.630495401438446e-05,2.438697577557522e-06
2019,E02006228,E07000200,6121,228441,22,2586,0.008507347254447023,52.07347254447023,male,35-39,133,0.02172847573925829,0.00018485168842369775,9.630495401438446e-05,2.092559856871938e-06
2019,E02006266,E07000203,9653,228441,49,4297,0.011403304631138002,110.07609960437514,female,35-39,258,0.026727442245933906,0.00030478116594153163,0.00021449739757749265,5.732966805655558e-06
2019,E02006266,E07000203,9653,228441,49,4297,0.011403304631138002,110.07609960437514,male,35-39,237,0.02455195276079975,0.0002799733966207093,0.00021449739757749265,5.266329972637083e-06
2019,E02006245,E07000202,7778,228441,49,3627,0.013509787703336091,105.07912875654812,female,35-39,268,0.03445615839547442,0.0004654953849953809,0.00021449739757749265,7.390756306347137e-06
2019,E02006245,E07000202,7778,228441,49,3627,0.013509787703336091,105.07912875654812,male,35-39,221,0.02841347390074569,0.0003838600003133551,0.00021449739757749265,6.094616207845959e-06
2019,E02006289,E07000244,9527,228441,111,3942,0.02815829528158295,268.26407914764076,female,35-39,196,0.020573108008817047,0.0005793036501721694,0.00048590226798166705,9.996519840916e-06
2019,E02006289,E07000244,9527,228441,111,3942,0.02815829528158295,268.26407914764076,male,35-39,171,0.017948987089325075,0.0005054128784665355,0.00048590226798166705,8.721453534676715e-06
2019,E02006286,E07000245,11775,228441,11,4724,0.0023285351397121083,27.418501270110074,female,35-39,376,0.03193205944798302,7.435492250800449e-05,4.815247700719223e-05,1.5376077583612978e-06
2019,E02006286,E07000245,11775,228441,11,4724,0.0023285351397121083,27.418501270110074,male,35-39,428,0.03634819532908705,8.463805008889871e-05,4.815247700719223e-05,1.7502556398367962e-06
2019,E02006280,E07000245,9789,228441,32,4150,0.0077108433734939755,75.48144578313253,female,35-39,262,0.026764735928082543,0.0002063786866743714,0.00014007993311183193,3.7492024185616473e-06
2019,E02006280,E07000245,9789,228441,32,4150,0.0077108433734939755,75.48144578313253,male,35-39,238,0.024313004392685668,0.0001874737688110702,0.00014007993311183193,3.4057640290750843e-06
2019,E02006290,E07000244,8129,228441,72,3583,0.020094892548144012,163.35138152386267,female,35-39,216,0.026571534014023866,0.0005339521208511634,0.00031517984950162184,8.374812091567268e-06
2019,E02006290,E07000244,8129,228441,72,3583,0.020094892548144012,163.35138152386267,male,35-39,184,0.0226350104563907,0.0004548481029472873,0.00031517984950162184,7.134099189112857e-06
2019,E02006227,E07000200,6270,228441,24,2589,0.009269988412514484,58.12282734646582,female,35-39,125,0.019936204146730464,0.00018480838142971462,0.00010505994983387396,2.0944966075333725e-06
2019,E02006227,E07000200,6270,228441,24,2589,0.009269988412514484,58.12282734646582,male,35-39,117,0.018660287081339714,0.00017298064501821287,0.00010505994983387396,1.9604488246512366e-06
2019,E02006249,E07000202,8185,228441,53,3215,0.016485225505443235,134.93157076205287,female,35-39,237,0.0289554062309102,0.0004773364013182708,0.00023200738921647164,6.71786820333583e-06
2019,E02006249,E07000202,8185,228441,53,3215,0.016485225505443235,134.93157076205287,male,35-39,216,0.026389737324373854,0.0004350407708217152,0.00023200738921647164,6.122614058736453e-06
2019,E02006262,E07000203,9118,228441,277,3705,0.0747638326585695,681.6966261808368,female,35-39,213,0.023360386049572274,0.001746511993449803,0.0012125669209992953,2.8326031385484743e-05
2019,E02006262,E07000203,9118,228441,277,3705,0.0747638326585695,681.6966261808368,male,35-39,202,0.02215398113621408,0.0016563165383890151,0.0012125669209992953,2.6863184694215576e-05
2019,E02006268,E07000203,6407,228441,39,3227,0.012085528354508832,77.43198016733808,female,35-39,178,0.02778211331356329,0.0003357615181992465,0.00017072241848004518,4.743029575378187e-06
2019,E02006268,E07000203,6407,228441,39,3227,0.012085528354508832,77.43198016733808,male,35-39,174,0.02715779616044951,0.0003282163155430836,0.00017072241848004518,4.636444641100025e-06
2019,E02006257,E07000202,6460,228441,45,3015,0.014925373134328358,96.41791044776119,female,35-39,221,0.034210526315789476,0.0005106048703849176,0.00019698740593851365,6.739042834738626e-06
2019,E02006257,E07000202,6460,228441,45,3015,0.014925373134328358,96.41791044776119,male,35-39,214,0.03312693498452012,0.0004944318654405988,0.00019698740593851365,6.525588989294415e-06
2019,E02006265,E07000203,7283,228441,60,2946,0.020366598778004074,148.32993890020367,female,35-39,194,0.026637374708224634,0.0005425127231817645,0.0002626498745846849,6.9963031263804575e-06
2019,E02006265,E07000203,7283,228441,60,2946,0.020366598778004074,148.32993890020367,male,35-39,194,0.026637374708224634,0.0005425127231817645,0.0002626498745846849,6.9963031263804575e-06
2019,E02006253,E07000202,6895,228441,47,3085,0.015235008103727715,105.0453808752026,female,35-39,180,0.02610587382160986,0.00039772319922711945,0.00020574240175800316,5.371085180049393e-06
2019,E02006253,E07000202,6895,228441,47,3085,0.015235008103727715,105.0453808752026,male,35-39,173,0.025090645395213922,0.0003822561859238426,0.00020574240175800316,5.162209645269695e-06
2019,E02006263,E07000203,7712,228441,950,2788,0.34074605451936874,2627.8335724533717,female,35-39,165,0.021395228215767635,0.007290339600064295,0.00415862301425751,8.897468845338293e-05
2019,E02006263,E07000203,7712,228441,950,2788,0.34074605451936874,2627.8335724533717,male,35-39,152,0.01970954356846473,0.006715949207331956,0.00415862301425751,8.196456148432852e-05
2019,E02006247,E07000202,8915,228441,57,3837,0.014855355746677092,132.43549648162627,female,35-39,346,0.03881099270891755,0.0005765511035726611,0.00024951738085545063,9.684017249129099e-06
2019,E02006247,E07000202,8915,228441,57,3837,0.014855355746677092,132.43549648162627,male,35-39,339,0.038025799214806505,0.0005648867748876651,0.00024951738085545063,9.48809782501377e-06
2019,E02006291,E07000244,7681,228441,68,3090,0.022006472491909384,169.03171521035597,female,35-39,185,0.024085405546152846,0.0005300348146078944,0.0002976698578626429,7.169499245487428e-06
2019,E02006291,E07000244,7681,228441,68,3090,0.022006472491909384,169.03171521035597,male,35-39,168,0.021872152063533393,0.0004813289127250067,0.0002976698578626429,6.510680395902096e-06
2019,E02006301,E07000244,6451,228441,46,3009,0.015287470920571618,98.61947490860751,female,35-39,156,0.024182297318245234,0.00036968616704529105,0.0002013649038482584,4.869465974318449e-06
2019,E02006301,E07000244,6451,228441,46,3009,0.015287470920571618,98.61947490860751,male,35-39,155,0.024027282591846225,0.00036731638392320585,0.0002013649038482584,4.838251448842048e-06
2019,E02006283,E07000245,7626,228441,13,3104,0.004188144329896907,31.938788659793815,female,35-39,180,0.023603461841070025,9.885470487561544e-05,5.690747282668173e-05,1.3432133633363115e-06
2019,E02006283,E07000245,7626,228441,13,3104,0.004188144329896907,31.938788659793815,male,35-39,320,0.04196170993968004,0.00017574169755664966,5.690747282668173e-05,2.3879348681534425e-06
2019,E02006272,E07000203,7642,228441,56,3187,0.017571383746470035,134.280514590524,female,35-39,183,0.023946610834859983,0.00042077508840670196,0.0002451398829457059,5.8702693770039486e-06
2019,E02006272,E07000203,7642,228441,56,3187,0.017571383746470035,134.280514590524,male,35-39,180,0.023554043444124574,0.00041387713613773964,0.0002451398829457059,5.774035452790769e-06
2019,E02006297,E07000244,8226,228441,45,3235,0.013910355486862442,114.42658423493044,female,35-39,203,0.024677850717238027,0.0003432776761285042,0.00019698740593851365,4.861225796926608e-06
2019,E02006297,E07000244,8226,228441,45,3235,0.013910355486862442,114.42658423493044,male,35-39,138,0.016776075857038657,0.00023336117884597822,0.00019698740593851365,3.3046756649057723e-06
2019,E02006270,E07000203,13467,228441,59,4858,0.01214491560312886,163.55557842733637,female,35-39,540,0.04009801737580753,0.00048698703688197705,0.00025827237667494014,1.0356210247602857e-05
2019,E02006270,E07000203,13467,228441,59,4858,0.01214491560312886,163.55557842733637,male,35-39,552,0.04098908442860325,0.0004978089710349098,0.00025827237667494014,1.0586348253105142e-05
2019,E02006255,E07000202,8208,228441,58,3059,0.01896044458973521,155.6273291925466,female,35-39,291,0.03545321637426901,0.0006722087445922205,0.0002538948787651954,9.001390073181269e-06
2019,E02006255,E07000202,8208,228441,58,3059,0.01896044458973521,155.6273291925466,male,35-39,384,0.04678362573099415,0.0008870383433794249,0.0002538948787651954,1.1878122983167035e-05
2019,E02006252,E07000202,9269,228441,37,3710,0.009973045822102426,92.44016172506738,female,35-39,334,0.0360340921350739,0.00035936965202095265,0.00016196742266055567,5.836349031030919e-06
2019,E02006252,E07000202,9269,228441,37,3710,0.009973045822102426,92.44016172506738,male,35-39,337,0.03635775164526918,0.0003625975231468894,0.00016196742266055567,5.888771327716826e-06
2019,E02006300,E07000244,7781,228441,61,3606,0.01691625069328896,131.62534664448143,female,35-39,221,0.028402518956432334,0.00048046413098790135,0.00026702737249442965,7.584250009159356e-06
2019,E02006300,E07000244,7781,228441,61,3606,0.01691625069328896,131.62534664448143,male,35-39,184,0.023647346099473075,0.00040002443484965543,0.00026702737249442965,6.314488695408695e-06
2019,E02006248,E07000202,8109,228441,44,3404,0.012925969447708578,104.81668625146885,female,35-39,263,0.032433099025773834,0.0004192292471016594,0.00019260990802876893,6.246936220442254e-06
2019,E02006248,E07000202,8109,228441,44,3404,0.012925969447708578,104.81668625146885,male,35-39,249,0.03070662227155013,0.0003969128613243847,0.00019260990802876893,5.914399691597418e-06
2019,E02006229,E07000200,5937,228441,16,2606,0.0061396776669224865,36.451266308518804,female,35-39,165,0.027791814047498736,0.00017063278003069064,7.003996655591596e-05,1.9465377264150467e-06
2019,E02006229,E07000200,5937,228441,16,2606,0.0061396776669224865,36.451266308518804,male,35-39,126,0.021222839818089943,0.0001303013956598001,7.003996655591596e-05,1.4864469910805812e-06
2019,E02006231,E07000200,8619,228441,37,3270,0.011314984709480122,97.52385321100917,female,35-39,273,0.03167420814479638,0.0003583931808432618,0.00016196742266055567,5.13018985802665e-06
2019,E02006231,E07000200,8619,228441,37,3270,0.011314984709480122,97.52385321100917,male,35-39,251,0.02912170785473953,0.00032951167909032493,0.00016196742266055567,4.716767964705821e-06
2019,E02006260,E07000202,8746,228441,64,3841,0.016662327518875295,145.72871648008334,female,35-39,308,0.03521609878801738,0.0005867821719430129,0.00028015986622366386,9.866137525370281e-06
2019,E02006260,E07000202,8746,228441,64,3841,0.016662327518875295,145.72871648008334,male,35-39,298,0.0340727189572376,0.0005677308027240839,0.00028015986622366386,9.54580838493618e-06
2019,E02006254,E07000202,9499,228441,71,4098,0.017325524646168863,164.57515861395802,female,35-39,380,0.040004210969575744,0.0006930939431039234,0.00031080235159187714,1.243340284292171e-05
2019,E02006254,E07000202,9499,228441,71,4098,0.017325524646168863,164.57515861395802,male,35-39,404,0.042530792715022636,0.0007368682974052238,0.00031080235159187714,1.3218670390895712e-05
2019,E02006299,E07000244,8381,228441,52,3938,0.013204672422549517,110.6683595733875,female,35-39,139,0.016585133039016823,0.0002190012488646203,0.0002276298913067269,3.7752720309790046e-06
2019,E02006299,E07000244,8381,228441,52,3938,0.013204672422549517,110.6683595733875,male,35-39,126,0.015034005488605178,0.00019851911767584287,0.0002276298913067269,3.4221890352759326e-06
2019,E02006298,E07000244,9290,228441,58,3706,0.015650296815974095,145.39125742039934,female,35-39,261,0.028094725511302477,0.00043969079321520333,0.0002538948787651954,7.133106927633585e-06
2019,E02006298,E07000244,9290,228441,58,3706,0.015650296815974095,145.39125742039934,male,35-39,254,0.027341227125941874,0.0004278983198339527,0.0002538948787651954,6.9417975464326834e-06
2019,E02006234,E07000200,9751,228441,20,3978,0.005027652086475616,49.024635495223734,female,35-39,298,0.0305609681058353,0.0001536499150620176,8.754995819489497e-05,2.675611480061399e-06
2019,E02006234,E07000200,9751,228441,20,3978,0.005027652086475616,49.024635495223734,male,35-39,287,0.029432878679109833,0.00014797827390201023,8.754995819489497e-05,2.5768472979114816e-06
2019,E02006236,E07000200,10362,228441,53,3957,0.013393985342431134,138.7884761182714,female,35-39,268,0.025863732870102296,0.0003464184589627045,0.00023200738921647164,6.000577138584674e-06
2019,E02006236,E07000200,10362,228441,53,3957,0.013393985342431134,138.7884761182714,male,35-39,209,0.020169851380042462,0.00027015469374330314,0.00023200738921647164,4.679554559567899e-06
2019,E02006259,E07000202,7100,228441,51,3158,0.016149461684610514,114.66117796073465,female,35-39,234,0.03295774647887324,0.0005322498639716705,0.00022325239339698215,7.357895782379413e-06
2019,E02006259,E07000202,7100,228441,51,3158,0.016149461684610514,114.66117796073465,male,35-39,215,0.03028169014084507,0.0004890329946748255,0.00022325239339698215,6.76045980004946e-06
2019,E02006239,E07000245,7719,228441,32,2380,0.013445378151260505,103.78487394957983,female,35-39,214,0.02772379841948439,0.0003727569535392859,0.00014007993311183193,3.883547828207285e-06
2019,E02006239,E07000245,7719,228441,32,2380,0.013445378151260505,103.78487394957983,male,35-39,181,0.023448633242648013,0.00031527574107762034,0.00014007993311183193,3.284682976194012e-06
2019,E02006826,E07000245,9804,228441,18,3898,0.004617752693689072,45.27244740892766,female,35-39,297,0.0302937576499388,0.00013988908098996883,7.879496237540546e-05,2.386995494236579e-06
2019,E02006826,E07000245,9804,228441,18,3898,0.004617752693689072,45.27244740892766,male,35-39,466,0.04753161974704202,0.00021948926512230796,7.879496237540546e-05,3.7452521896102555e-06
2019,E02003744,E07000010,14355,228441,239,6893,0.034672856521108374,497.7288553605107,female,35-39,453,0.031556948798328106,0.0010941695579283937,0.0010462220004289948,3.30155740992222e-05
2019,E02003744,E07000010,14355,228441,239,6893,0.034672856521108374,497.7288553605107,male,35-39,491,0.03420411006617903,0.001185954200756824,0.0010462220004289948,3.5785092456331345e-05
2019,E02005517,E07000143,6533,228441,306,2500,0.1224,799.6392,female,35-39,223,0.03413439461197,0.004178049900505128,0.001339514360381893,4.572351176567613e-05
2019,E02005517,E07000143,6533,228441,306,2500,0.1224,799.6392,male,35-39,256,0.03918567273840502,0.004796326343180775,0.001339514360381893,5.248977135431878e-05
2019,E02005519,E07000143,8913,228441,424,3683,0.11512354059190877,1026.096117295683,female,35-39,342,0.038370918882531135,0.0044173960375219114,0.001856059113731773,7.12186936941845e-05
2019,E02005519,E07000143,8913,228441,424,3683,0.11512354059190877,1026.096117295683,male,35-39,298,0.033434309435655785,0.003849076079478157,0.001856059113731773,6.205605473937714e-05
2019,E02006269,E07000203,7508,228441,35,2973,0.011772620248906828,88.38883282879247,female,35-39,200,0.02663825253063399,0.0003136020311376353,0.0001532124268410662,4.0813113170236065e-06
2019,E02006269,E07000203,7508,228441,35,2973,0.011772620248906828,88.38883282879247,male,35-39,191,0.02543953116675546,0.0002994899397364417,0.0001532124268410662,3.897652307757545e-06
2019,E02006242,E07000245,9994,228441,28,3639,0.007694421544380325,76.89804891453696,female,35-39,391,0.03912347408445067,0.0003010325018864025,0.00012256994147285294,4.795361928745797e-06
2019,E02006242,E07000245,9994,228441,28,3639,0.007694421544380325,76.89804891453696,male,35-39,350,0.03502101260756454,0.00026946643391365956,0.00012256994147285294,4.29252346562923e-06
2019,E02005512,E07000143,9450,228441,2888,3385,0.8531757754800591,8062.511078286559,female,35-39,275,0.0291005291005291,0.02482786648222394,0.012642213963342832,0.0003678951153353734
2019,E02005512,E07000143,9450,228441,2888,3385,0.8531757754800591,8062.511078286559,male,35-39,367,0.038835978835978835,0.033133916359913404,0.012642213963342832,0.0004909727539202984
2019,E02006264,E07000203,8672,228441,29,3559,0.00814835627985389,70.66254565889294,female,35-39,232,0.026752767527675275,0.00021799108128760407,0.0001269474393825977,3.3961953340362848e-06
2019,E02006264,E07000203,8672,228441,29,3559,0.00814835627985389,70.66254565889294,male,35-39,238,0.027444649446494464,0.00022362878166573178,0.0001269474393825977,3.4840279719854995e-06
2019,E02006282,E07000245,6368,228441,17,2675,0.006355140186915888,40.469532710280376,female,35-39,146,0.02292713567839196,0.00014570516132062178,7.441746446566072e-05,1.7061793046461156e-06
2019,E02006282,E07000245,6368,228441,17,2675,0.006355140186915888,40.469532710280376,male,35-39,119,0.018687185929648242,0.00011875968628187668,7.441746446566072e-05,1.390652994882793e-06
2019,E02006284,E07000245,7933,228441,10,3332,0.003001200480192077,23.808523409363747,female,35-39,257,0.0323963191730745,9.722784865868698e-05,4.3774979097447484e-05,1.4181481946355734e-06
2019,E02006284,E07000245,7933,228441,10,3332,0.003001200480192077,23.808523409363747,male,35-39,315,0.03970755073742594,0.000119170320340414,4.3774979097447484e-05,1.738197203541656e-06
2019,E02005511,E07000143,8248,228441,2831,3289,0.8607479477044695,7099.449072666464,female,35-39,186,0.022550921435499516,0.019410659344450937,0.012392696582487381,0.0002794667270056563
2019,E02005511,E07000143,8248,228441,2831,3289,0.8607479477044695,7099.449072666464,male,35-39,230,0.027885548011639186,0.024002428221632878,0.012392696582487381,0.0003455771355446287
2019,E02006240,E07000245,10485,228441,46,3221,0.014281279105867743,149.73921142502329,female,35-39,354,0.03376251788268956,0.00048217194119954044,0.0002013649038482584,6.798586167122888e-06
2019,E02006240,E07000245,10485,228441,46,3221,0.014281279105867743,149.73921142502329,male,35-39,323,0.030805913209346687,0.0004399478446538179,0.0002013649038482584,6.203229751357889e-06
2019,E02006243,E07000245,8966,228441,13,3683,0.0035297311973934292,31.647569915829486,female,35-39,372,0.04149007361142092,0.0001464488072083823,5.690747282668173e-05,2.3610952366189607e-06
2019,E02006243,E07000245,8966,228441,13,3683,0.0035297311973934292,31.647569915829486,male,35-39,366,0.04082087887575284,0.0001440867296727632,5.690747282668173e-05,2.323013055383171e-06
2019,E02006246,E07000202,7040,228441,60,3135,0.019138755980861243,134.73684210526315,female,35-39,220,0.03125,0.0005980861244019139,0.0002626498745846849,8.207808580771403e-06
2019,E02006246,E07000202,7040,228441,60,3135,0.019138755980861243,134.73684210526315,male,35-39,206,0.029261363636363637,0.0005600260983036103,0.0002626498745846849,7.685493489267769e-06
2019,E02003752,E07000010,11152,228441,8,4643,0.0017230239069567091,19.21516261038122,female,35-39,331,0.02968077474892396,5.1140684469393004e-05,3.501998327795798e-05,1.0394202353841546e-06
2019,E02003752,E07000010,11152,228441,8,4643,0.0017230239069567091,19.21516261038122,male,35-39,302,0.027080344332855093,4.666008069412896e-05,3.501998327795798e-05,9.483532056979296e-07
2019,E02005564,E07000146,9930,228441,366,4997,0.0732439463678207,727.3123874324594,female,35-39,272,0.027391742195367573,0.0020062792962786736,0.0016021642349665778,4.3886069678842814e-05
2019,E02005564,E07000146,9930,228441,366,4997,0.0732439463678207,727.3123874324594,male,35-39,268,0.026988922457200405,0.001976775188980458,0.0016021642349665778,4.324068630121278e-05
2019,E02003780,E07000012,12091,228441,8,3877,0.0020634511220015478,24.949187516120713,female,35-39,450,0.0372177652799603,7.679703952532433e-05,3.501998327795798e-05,1.3033655177471748e-06
2019,E02003780,E07000012,12091,228441,8,3877,0.0020634511220015478,24.949187516120713,male,35-39,519,0.04292448928955422,8.857258558587407e-05,3.501998327795798e-05,1.503214897135075e-06
2019,E02003249,E06000031,12090,228441,11,4349,0.0025293170843872156,30.579443550241436,female,35-39,503,0.041604631927212574,0.00010523130632314057,4.815247700719223e-05,2.0033660822677994e-06
2019,E02003249,E06000031,12090,228441,11,4349,0.0025293170843872156,30.579443550241436,male,35-39,550,0.045492142266335814,0.00011506405263961692,4.815247700719223e-05,2.1905593344876533e-06
2019,E02003745,E07000010,10314,228441,155,4975,0.031155778894472363,321.34070351758794,female,35-39,282,0.027341477603257707,0.0008518450308552652,0.000678512176010436,1.8551525463926988e-05
2019,E02003745,E07000010,10314,228441,155,4975,0.031155778894472363,321.34070351758794,male,35-39,235,0.022784564669381422,0.0007098708590460544,0.000678512176010436,1.545960455327249e-05
2019,E02003737,E07000009,13972,228441,10,4946,0.0020218358269308533,28.24909017387788,female,35-39,511,0.03657314629258517,7.394489747793201e-05,4.3774979097447484e-05,1.6009887144858049e-06
2019,E02003737,E07000009,13972,228441,10,4946,0.0020218358269308533,28.24909017387788,male,35-39,700,0.050100200400801605,0.00010129438010675618,4.3774979097447484e-05,2.1931352253230202e-06
2019,E02005589,E07000148,11841,228441,3910,4159,0.9401298389035826,11132.077422457322,female,35-39,408,0.03445654927793261,0.03239363012183614,0.017116016827101965,0.0005897588772449626
2019,E02005589,E07000148,11841,228441,3910,4159,0.9401298389035826,11132.077422457322,male,35-39,385,0.03251414576471582,0.030567518619869886,0.017116016827101965,0.000556512666027722
2019,E02005540,E07000145,8995,228441,667,4468,0.14928379588182633,1342.807743957028,female,35-39,230,0.02556976097832129,0.0038171509786348035,0.002919791105799747,7.465836068192794e-05
2019,E02005540,E07000145,8995,228441,667,4468,0.14928379588182633,1342.807743957028,male,35-39,194,0.021567537520844914,0.003219683868935443,0.002919791105799747,6.297270422736531e-05
2019,E02005548,E07000145,7498,228441,499,3604,0.13845726970033295,1038.1526082130965,female,35-39,223,0.029741264337156573,0.004117894257558582,0.0021843714569626293,6.496596891206539e-05
2019,E02005548,E07000145,7498,228441,499,3604,0.13845726970033295,1038.1526082130965,male,35-39,186,0.024806615097359295,0.0034346561968874273,0.0021843714569626293,5.4186861962529875e-05
2019,E02005507,E07000143,11864,228441,4009,4418,0.9074241738343142,10765.680398370303,female,35-39,350,0.029501011463250168,0.026769930954316415,0.017549389120166695,0.0005177247296070754
2019,E02005507,E07000143,11864,228441,4009,4418,0.9074241738343142,10765.680398370303,male,35-39,313,0.02638233310856372,0.023939966824860107,0.017549389120166695,0.00046299382962004175
2019,E02005547,E07000145,8812,228441,520,3960,0.13131313131313133,1157.1313131313132,female,35-39,276,0.031320926009986386,0.004112848869998213,0.002276298913067269,7.129578983279236e-05
2019,E02005547,E07000145,8812,228441,520,3960,0.13131313131313133,1157.1313131313132,male,35-39,241,0.02734906945074898,0.0035912919480781493,0.002276298913067269,6.225465706414115e-05
2019,E02005561,E07000146,11213,228441,311,5394,0.05765665554319614,646.5040786058584,female,35-39,351,0.03130295193079461,0.0018048235169590514,0.0013614018499306167,4.261589666687295e-05
2019,E02005561,E07000146,11213,228441,311,5394,0.05765665554319614,646.5040786058584,male,35-39,490,0.04369927762418621,0.002519554197464203,0.0013614018499306167,5.949227739819871e-05
2019,E02005504,E07000143,9110,228441,1501,4011,0.3742208925454999,3409.152331089504,female,35-39,195,0.021405049396267837,0.008010216690051863,0.006570624362526867,0.00014064453904420846
2019,E02005504,E07000143,9110,228441,1501,4011,0.3742208925454999,3409.152331089504,male,35-39,177,0.019429198682766192,0.007270812072508615,0.006570624362526867,0.00012766196620935845
2019,E02005569,E07000146,8228,228441,242,3732,0.06484458735262594,533.5412647374062,female,35-39,228,0.02771025765678172,0.001796860223188954,0.001059354494158229,2.9354985982994195e-05
2019,E02005569,E07000146,8228,228441,242,3732,0.06484458735262594,533.5412647374062,male,35-39,197,0.02394263490520175,0.0015525502805623858,0.001059354494158229,2.536373788881516e-05
2019,E02005466,E07000140,6685,228441,69,3343,0.020640143583607537,137.97935985641638,female,35-39,171,0.025579655946148094,0.0005279677715477769,0.00030204735577238763,7.726267440101464e-06
2019,E02005466,E07000140,6685,228441,69,3343,0.020640143583607537,137.97935985641638,male,35-39,124,0.018548990276738966,0.0003828538226428324,0.00030204735577238763,5.602673465336733e-06
2019,E02005578,E07000147,5843,228441,1169,2736,0.427266081871345,2496.515716374269,female,35-39,154,0.026356323806263904,0.011261163205234832,0.005117295056491611,0.00013487308552108642
2019,E02005578,E07000147,5843,228441,1169,2736,0.427266081871345,2496.515716374269,male,35-39,169,0.02892349820297792,0.012358029751199266,0.005117295056491611,0.00014801007437054291
2019,E02005580,E07000147,7937,228441,1847,3887,0.47517365577566245,3771.453305891433,female,35-39,203,0.025576414262315737,0.012153238266657361,0.00808523863929855,0.0002067914128483817
2019,E02005580,E07000147,7937,228441,1847,3887,0.47517365577566245,3771.453305891433,male,35-39,193,0.024316492377472597,0.011554556578644683,0.00808523863929855,0.0001966046437425501
2019,E02005474,E07000140,6793,228441,38,3085,0.012317666126418152,83.6739059967585,female,35-39,135,0.019873399087295747,0.00024479389475437225,0.00016634492057030043,3.305838992638092e-06
2019,E02005474,E07000140,6793,228441,38,3085,0.012317666126418152,83.6739059967585,male,35-39,154,0.02267039599587811,0.0002792463688309135,0.00016634492057030043,3.771105221231601e-06
2019,E02005510,E07000143,7023,228441,1986,3118,0.6369467607440668,4473.277100705581,female,35-39,147,0.02093122597180692,0.013332076581144499,0.00869371084875307,0.00018197002630879986
2019,E02005510,E07000143,7023,228441,1986,3118,0.6369467607440668,4473.277100705581,male,35-39,138,0.019649722340879965,0.012515826994543814,0.00869371084875307,0.00017082900428989372
2019,E02005514,E07000143,6903,228441,367,3099,0.11842529848338174,817.4898354307841,female,35-39,158,0.0228885991597856,0.00271058918736409,0.0016065417328763225,3.67714897572735e-05
2019,E02005514,E07000143,6903,228441,367,3099,0.11842529848338174,817.4898354307841,male,35-39,168,0.024337244676227728,0.0028821454650453616,0.0016065417328763225,3.909879923558195e-05
2019,E02005506,E07000143,6943,228441,1780,2867,0.6208580397628183,4310.617370073247,female,35-39,151,0.02174852369292813,0.013502745787726568,0.007791946279345652,0.0001694633282703721
2019,E02005506,E07000143,6943,228441,1780,2867,0.6208580397628183,4310.617370073247,male,35-39,158,0.022756733400547315,0.01412870089046886,0.007791946279345652,0.00017731924415045558
2019,E02005571,E07000147,5990,228441,1519,2515,0.6039761431411531,3617.8170974155073,female,35-39,127,0.021202003338898164,0.012805504203493563,0.006649419324902273,0.00014098101072831197
2019,E02005571,E07000147,5990,228441,1519,2515,0.6039761431411531,3617.8170974155073,male,35-39,114,0.019031719532554257,0.01149470456061627,0.006649419324902273,0.00012654988364588633
2019,E02003742,E07000010,6664,228441,124,3558,0.03485103991006183,232.24732996065205,female,35-39,155,0.023259303721488597,0.0008106109222778487,0.0005428097408083488,1.2625376624443887e-05
2019,E02003742,E07000010,6664,228441,124,3558,0.03485103991006183,232.24732996065205,male,35-39,153,0.02295918367346939,0.0008001514265065216,0.0005428097408083488,1.2462468538967192e-05
2019,E02005472,E07000140,9869,228441,192,5695,0.033713784021071114,332.7213345039508,female,35-39,259,0.026243793697436416,0.0008847775926089186,0.0008404795986709917,2.205737319442566e-05
2019,E02005472,E07000140,9869,228441,192,5695,0.033713784021071114,332.7213345039508,male,35-39,225,0.02279866247846793,0.0007686291827683656,0.0008404795986709917,1.9161810690138123e-05
2019,E02005552,E07000146,6790,228441,471,3075,0.15317073170731707,1040.029268292683,female,35-39,143,0.02106038291605302,0.0032258342612881213,0.0020618015154897766,4.342232941311312e-05
2019,E02005552,E07000146,6790,228441,471,3075,0.15317073170731707,1040.029268292683,male,35-39,135,0.019882179675994108,0.003045368008908366,0.0020618015154897766,4.0993108187204684e-05
2019,E02005563,E07000146,7551,228441,209,4033,0.05182246466650137,391.3114306967518,female,35-39,171,0.02264600715137068,0.0011735719054392442,0.0009148970631366524,2.071876543456066e-05
2019,E02005563,E07000146,7551,228441,209,4033,0.05182246466650137,391.3114306967518,male,35-39,147,0.019467620182757252,0.0010088600590618065,0.0009148970631366524,1.781086853146443e-05
2019,E02005509,E07000143,8278,228441,645,4465,0.1444568868980963,1195.8141097424411,female,35-39,200,0.024160425223483932,0.003490139813918731,0.0028234861517853625,6.821662603975266e-05
2019,E02005509,E07000143,8278,228441,645,4465,0.1444568868980963,1195.8141097424411,male,35-39,178,0.0215027784489007,0.003106224434387671,0.0028234861517853625,6.071279717537987e-05
2019,E02005566,E07000146,9847,228441,243,4936,0.04923014586709887,484.76924635332256,female,35-39,288,0.029247486544125113,0.0014398580288132908,0.0010637319920679738,3.1111487124563465e-05
2019,E02005566,E07000146,9847,228441,243,4936,0.04923014586709887,484.76924635332256,male,35-39,197,0.020006093226363358,0.0009849028877646467,0.0010637319920679738,2.1281121401177094e-05
2019,E02005568,E07000146,7423,228441,251,3603,0.06966416874826534,517.1171246183736,female,35-39,178,0.023979523103866363,0.0016705135440106737,0.0010987519753459319,2.6347548378226577e-05
2019,E02005568,E07000146,7423,228441,251,3603,0.06966416874826534,517.1171246183736,male,35-39,163,0.021958776774888857,0.001529739930751347,0.0010987519753459319,2.4127249357589503e-05
2019,E02005560,E07000146,9204,228441,229,4415,0.05186862967157418,477.39886749716874,female,35-39,386,0.04193828770099957,0.0021752815138230807,0.0010024470213315473,4.204091158561248e-05
2019,E02005560,E07000146,9204,228441,229,4415,0.05186862967157418,477.39886749716874,male,35-39,335,0.03639721860060843,0.00188787385267029,0.0010024470213315473,3.648628337093311e-05
2019,E02005559,E07000146,7266,228441,191,3715,0.05141318977119785,373.56823687752353,female,35-39,278,0.03826039086154693,0.001967088736084916,0.0008361021007612469,3.19895931752858e-05
2019,E02005559,E07000146,7266,228441,191,3715,0.05141318977119785,373.56823687752353,male,35-39,234,0.03220478943022296,0.0016557509505175196,0.0008361021007612469,2.6926492097183016e-05
2019,E02003743,E07000010,11376,228441,180,5507,0.032685672780098055,371.83221354639545,female,35-39,426,0.037447257383966245,0.0012239888013644315,0.0007879496237540546,2.950655236631745e-05
2019,E02003743,E07000010,11376,228441,180,5507,0.032685672780098055,371.83221354639545,male,35-39,428,0.03762306610407876,0.001229735227661917,0.0007879496237540546,2.9645080781182787e-05
2019,E02005567,E07000146,11005,228441,321,5784,0.05549792531120332,610.7546680497925,female,35-39,307,0.027896410722398908,0.001548192918722346,0.001405176829028064,3.9199389960164985e-05
2019,E02005567,E07000146,11005,228441,321,5784,0.05549792531120332,610.7546680497925,male,35-39,287,0.026079054975011357,0.0014473334451899455,0.001405176829028064,3.664568377383502e-05
2019,E02005551,E07000146,5246,228441,187,2808,0.06659544159544159,349.3596866096866,female,35-39,84,0.016012199771254287,0.001066339514681108,0.0008185921091222679,1.3107460382438142e-05
2019,E02005551,E07000146,5246,228441,187,2808,0.06659544159544159,349.3596866096866,male,35-39,96,0.018299656881433472,0.0012186737310641235,0.0008185921091222679,1.497995472278645e-05
2019,E02005556,E07000146,7408,228441,229,3960,0.057828282828282826,428.39191919191916,female,35-39,216,0.029157667386609073,0.0016861378362458277,0.0010024470213315473,2.9229016820682265e-05
2019,E02005556,E07000146,7408,228441,229,3960,0.057828282828282826,428.39191919191916,male,35-39,232,0.03131749460043196,0.0018110369352269998,0.0010024470213315473,3.139412917776984e-05
2019,E02005553,E07000146,8632,228441,372,4706,0.07904802379940501,682.342541436464,female,35-39,165,0.01911492122335496,0.0015109967477875148,0.0016284292224250463,3.112729630446393e-05
2019,E02005553,E07000146,8632,228441,372,4706,0.07904802379940501,682.342541436464,male,35-39,136,0.015755329008341055,0.0012454276224187998,0.0016284292224250463,2.56564381661036e-05
2019,E02005565,E07000146,6996,228441,217,3487,0.062231144250071695,435.36908517350156,female,35-39,158,0.022584333905088624,0.001405448941039355,0.0009499170464146103,2.1453243758363127e-05
2019,E02005565,E07000146,6996,228441,217,3487,0.062231144250071695,435.36908517350156,male,35-39,168,0.024013722126929673,0.001494401405662099,0.0009499170464146103,2.281104399623421e-05
2019,E02005558,E07000146,7087,228441,210,3328,0.06310096153846154,447.1965144230769,female,35-39,174,0.02455199661351771,0.0015492545940020187,0.0009192745610463971,2.257002590970412e-05
2019,E02005558,E07000146,7087,228441,210,3328,0.06310096153846154,447.1965144230769,male,35-39,181,0.02553972061521095,0.0016115809282434793,0.0009192745610463971,2.3478015457795665e-05
2019,E02005555,E07000146,6847,228441,224,3227,0.06941431670281996,475.27982646420827,female,35-39,213,0.03110851467796115,0.0021593762900103185,0.0009805595317828235,3.0503750587080678e-05
2019,E02005555,E07000146,6847,228441,224,3227,0.06941431670281996,475.27982646420827,male,35-39,168,0.02453629326712429,0.0017031700315574343,0.0009805595317828235,2.4059296237697436e-05
2019,E02005554,E07000146,6905,228441,253,3601,0.07025826159400167,485.13329630658154,female,35-39,147,0.021288921071687183,0.0014957225857086525,0.0011075069711654214,2.3577628495483987e-05
2019,E02005554,E07000146,6905,228441,253,3601,0.07025826159400167,485.13329630658154,male,35-39,131,0.01897175959449674,0.001332922848488663,0.0011075069711654214,2.101135600617961e-05
2019,E02005557,E07000146,6655,228441,163,3372,0.04833926453143535,321.6978054567022,female,35-39,256,0.038467317806160785,0.0018594818512467995,0.0007135321592883939,2.7447668336262787e-05
2019,E02005557,E07000146,6655,228441,163,3372,0.04833926453143535,321.6978054567022,male,35-39,245,0.03681442524417731,0.0017795822404510382,0.0007135321592883939,2.626827633743899e-05
2019,E02005562,E07000146,7150,228441,311,3610,0.08614958448753463,615.9695290858725,female,35-39,185,0.025874125874125874,0.002229045193034113,0.0013614018499306167,3.52250828303726e-05
2019,E02005562,E07000146,7150,228441,311,3610,0.08614958448753463,615.9695290858725,male,35-39,141,0.01972027972027972,0.0016988939038800536,0.0013614018499306167,2.6847225292338037e-05
2019,E02005573,E07000147,5874,228441,2012,2264,0.8886925795053003,5220.180212014134,female,35-39,92,0.015662240381341504,0.01391891680532646,0.008807525794406433,0.00013794558615685935
2019,E02005573,E07000147,5874,228441,2012,2264,0.8886925795053003,5220.180212014134,male,35-39,80,0.013619339462036091,0.012103405917675183,0.008807525794406433,0.0001199526836146603
2019,E02005577,E07000147,6084,228441,1798,2279,0.78894251864853,4799.926283457657,female,35-39,178,0.02925706771860618,0.02308214469418776,0.007870741241721057,0.00023027480950465944
2019,E02005577,E07000147,6084,228441,1798,2279,0.78894251864853,4799.926283457657,male,35-39,122,0.020052596975673898,0.01582034636343206,0.007870741241721057,0.00015782880202004748
2019,E02005467,E07000140,7563,228441,18,3426,0.005253940455341506,39.73555166374781,female,35-39,188,0.024857860637313236,0.0001306017196356212,7.879496237540546e-05,1.958674193650169e-06
2019,E02005467,E07000140,7563,228441,18,3426,0.005253940455341506,39.73555166374781,male,35-39,181,0.02393230199656221,0.0001257388896491885,7.879496237540546e-05,1.8857448353759604e-06
2019,E02005505,E07000143,7600,228441,2690,2978,0.9032907991940899,6865.010073875083,female,35-39,180,0.02368421052631579,0.021393729454596867,0.011775469377213372,0.0002788926957761062
2019,E02005505,E07000143,7600,228441,2690,2978,0.9032907991940899,6865.010073875083,male,35-39,181,0.02381578947368421,0.021512583507122405,0.011775469377213372,0.00028044209964152896
2019,E02003732,E07000009,9888,228441,29,3720,0.0077956989247311825,77.08387096774193,female,35-39,400,0.040453074433656956,0.00031535998886453,0.0001269474393825977,5.135414214506379e-06
2019,E02003732,E07000009,9888,228441,29,3720,0.0077956989247311825,77.08387096774193,male,35-39,319,0.032261326860841426,0.0002514995911194627,0.0001269474393825977,4.095492836068837e-06
2019,E02005503,E07000143,7420,228441,2545,2884,0.8824549237170597,6547.815533980583,female,35-39,194,0.0261455525606469,0.023072271590446034,0.011140732180300384,0.00029128059878413403
2019,E02005503,E07000143,7420,228441,2545,2884,0.8824549237170597,6547.815533980583,male,35-39,179,0.02412398921832884,0.021288333065411547,0.011140732180300384,0.0002687589030018556
2019,E02005609,E07000149,7526,228441,2582,2965,0.8708263069139967,6553.838785834739,female,35-39,199,0.0264416688812118,0.02302610086046842,0.01130269960296094,0.0002988622403652972
2019,E02005609,E07000149,7526,228441,2582,2965,0.8708263069139967,6553.838785834739,male,35-39,196,0.026043050757374436,0.022678973711818144,0.01130269960296094,0.0002943567794552676
2019,E02005610,E07000149,8162,228441,2505,3035,0.8253706754530478,6736.675453047776,female,35-39,183,0.02242097525116393,0.01850561548736924,0.010965632263910594,0.0002458601696025041
2019,E02005610,E07000149,8162,228441,2505,3035,0.8253706754530478,6736.675453047776,male,35-39,165,0.02021563342318059,0.016685391013201774,0.010965632263910594,0.00022167720210061845
2019,E02005532,E07000144,8282,228441,2878,3062,0.9399085564990203,7784.322664924886,female,35-39,226,0.02728809466312485,0.025648313664426294,0.012598438984245385,0.00034378739560969054
2019,E02005532,E07000144,8282,228441,2878,3062,0.9399085564990203,7784.322664924886,male,35-39,273,0.03296305240280126,0.03098225500171849,0.012598438984245385,0.00041528300443117484
2019,E02005605,E07000149,10777,228441,3610,3878,0.9308922124806601,10032.225373904073,female,35-39,343,0.03182703906467477,0.029627542811623494,0.01580276745417854,0.0005029552970941114
2019,E02005605,E07000149,10777,228441,3610,3878,0.9308922124806601,10032.225373904073,male,35-39,283,0.026259626983390554,0.024444882261485276,0.01580276745417854,0.00041497477865199285
2019,E02005515,E07000143,6424,228441,2077,2285,0.9089715536105033,5839.233260393873,female,35-39,170,0.02646326276463263,0.024054353068771104,0.009092063158539842,0.00024060565643707553
2019,E02005515,E07000143,6424,228441,2077,2285,0.9089715536105033,5839.233260393873,male,35-39,140,0.021793275217932753,0.019809467233105615,0.009092063158539842,0.00019814583471288572
2019,E02005592,E07000148,9394,228441,2364,2555,0.9252446183953034,8691.74794520548,female,35-39,280,0.029806259314456036,0.027578081025195333,0.010348405058636585,0.00030844724466875064
2019,E02005592,E07000148,9394,228441,2364,2555,0.9252446183953034,8691.74794520548,male,35-39,279,0.029699808388332978,0.027479587878676777,0.010348405058636585,0.0003073456473663623
2019,E02006273,E07000245,6726,228441,75,2935,0.02555366269165247,171.8739352640545,female,35-39,159,0.023639607493309546,0.0006040785560470922,0.0003283123432308561,7.761174929186161e-06
2019,E02006273,E07000245,6726,228441,75,2935,0.02555366269165247,171.8739352640545,male,35-39,162,0.02408563782337199,0.0006154762646517544,0.0003283123432308561,7.907612192000995e-06
2019,E02005596,E07000148,9370,228441,3497,3688,0.9482104121475055,8884.731561822126,female,35-39,327,0.03489861259338314,0.03309122783054795,0.015308110190377384,0.0005342318070708008
2019,E02005596,E07000148,9370,228441,3497,3688,0.9482104121475055,8884.731561822126,male,35-39,313,0.03340448239060832,0.031674478015172806,0.015308110190377384,0.0005113594972879532
2019,E02005524,E07000144,5487,228441,1872,2021,0.9262741217219198,5082.466105888174,female,35-39,135,0.024603608529250958,0.022789685881621866,0.008194676087042168,0.00020161860246959955
2019,E02005524,E07000144,5487,228441,1872,2021,0.9262741217219198,5082.466105888174,male,35-39,132,0.02405686167304538,0.022283248417585822,0.008194676087042168,0.0001971381890813862
2019,E02005534,E07000144,7281,228441,2498,2697,0.9262143121987393,6743.766407119021,female,35-39,216,0.029666254635352288,0.02747730963259548,0.01093498977854238,0.00032440019120521277
2019,E02005534,E07000144,7281,228441,2498,2697,0.9262143121987393,6743.766407119021,male,35-39,187,0.025683285263013323,0.0237882263948859,0.01093498977854238,0.00028084646183043887
2019,E02005585,E07000148,11017,228441,3685,3934,0.9367056431113371,10319.6860701576,female,35-39,433,0.039302895525097574,0.036815244028974216,0.016131079797409395,0.0006339981439845935
2019,E02005585,E07000148,11017,228441,3685,3934,0.9367056431113371,10319.6860701576,male,35-39,425,0.038576745030407554,0.036135054762849984,0.016131079797409395,0.0006222845524098205
2019,E02005527,E07000144,8922,228441,2984,3250,0.9181538461538462,8191.768615384616,female,35-39,274,0.030710603003810805,0.028197058265652754,0.013062453762678328,0.00040115583176124884
2019,E02005527,E07000144,8922,228441,2984,3250,0.9181538461538462,8191.768615384616,male,35-39,234,0.026227303295225286,0.024080699394754542,0.013062453762678328,0.00034259293661362126
2019,E02005584,E07000148,10955,228441,3703,3961,0.9348649330977026,10241.445342085332,female,35-39,380,0.03468735737106344,0.03242799402803532,0.016209874759784804,0.0005622777187328366
2019,E02005584,E07000148,10955,228441,3703,3961,0.9348649330977026,10241.445342085332,male,35-39,467,0.04262893655864902,0.039852297923927624,0.016209874759784804,0.0006910097227585125
2019,E02005590,E07000148,11086,228441,3673,3972,0.92472306143001,10251.479859013092,female,35-39,348,0.031390943532383184,0.02902792940444195,0.01607854982249246,0.0005047208495604705
2019,E02005590,E07000148,11086,228441,3673,3972,0.92472306143001,10251.479859013092,male,35-39,444,0.04005051416200613,0.03703563406773629,0.01607854982249246,0.0006439541873702555
2019,E02005607,E07000149,11561,228441,3943,4219,0.9345816544204788,10804.698506755156,female,35-39,353,0.030533690857192285,0.028536227316878212,0.01726047425812354,0.0005270259850460695
2019,E02005607,E07000149,11561,228441,3943,4219,0.9345816544204788,10804.698506755156,male,35-39,300,0.025949312343222904,0.024251751260803013,0.01726047425812354,0.0004478974377162064
2019,E02005601,E07000149,5673,228441,2051,2209,0.9284744228157538,5267.235400633771,female,35-39,148,0.026088489335448616,0.024222495077865603,0.008978248212886479,0.0002342289327528995
2019,E02005601,E07000149,5673,228441,2051,2209,0.9284744228157538,5267.235400633771,male,35-39,131,0.023091838533403842,0.021440181454056715,0.008978248212886479,0.00020732425804479617
2019,E02005516,E07000143,6908,228441,1676,2829,0.592435489572287,4092.5443619653583,female,35-39,181,0.02620150550086856,0.015522701738938034,0.007336686496732198,0.00019223223160227677
2019,E02005516,E07000143,6908,228441,1676,2829,0.592435489572287,4092.5443619653583,male,35-39,165,0.02388535031847134,0.014150529209529148,0.007336686496732198,0.0001752393271512468
2019,E02005465,E07000140,8563,228441,11,3284,0.0033495736906211937,28.68239951278928,female,35-39,200,0.023356300362022655,7.823364920287735e-05,4.815247700719223e-05,1.1246637161553716e-06
2019,E02005465,E07000140,8563,228441,11,3284,0.0033495736906211937,28.68239951278928,male,35-39,180,0.02102067032582039,7.041028428258961e-05,4.815247700719223e-05,1.0121973445398343e-06
2019,E02005588,E07000148,12054,228441,3867,4106,0.9417924987822699,11352.366780321481,female,35-39,388,0.032188485150157625,0.03031487386158294,0.016927784416982943,0.0005448797373311252
2019,E02005588,E07000148,12054,228441,3867,4106,0.9417924987822699,11352.366780321481,male,35-39,346,0.028704164592666333,0.02703336689718478,0.016927784416982943,0.00048589791009425067
2019,E02005523,E07000144,8470,228441,2828,3036,0.9314888010540184,7889.710144927536,female,35-39,295,0.03482880755608028,0.03244264419255436,0.012379564088758148,0.0004311654552755199
2019,E02005523,E07000144,8470,228441,2828,3036,0.9314888010540184,7889.710144927536,male,35-39,235,0.027744982290436836,0.02584414028898398,0.012379564088758148,0.0003434707864059226
2019,E02006241,E07000245,9054,228441,39,3755,0.010386151797603195,94.03621837549933,female,35-39,308,0.034018113540976364,0.00035331729110468123,0.00017072241848004518,5.807654615844259e-06
2019,E02006241,E07000245,9054,228441,39,3755,0.010386151797603195,94.03621837549933,male,35-39,291,0.03214049039098741,0.0003338160120502021,0.00017072241848004518,5.487102250684024e-06
2019,E02005598,E07000149,9977,228441,3359,3607,0.9312448017743277,9291.029387302468,female,35-39,389,0.03898967625538739,0.03630893333569344,0.014704015478832608,0.0005733048031738885
2019,E02005598,E07000149,9977,228441,3359,3607,0.9312448017743277,9291.029387302468,male,35-39,334,0.03347699709331462,0.031175279522163517,0.014704015478832608,0.0004922462834449325
2019,E02005576,E07000147,6730,228441,2567,2849,0.901017901017901,6063.8504738504735,female,35-39,122,0.018127786032689452,0.01633345972127547,0.011237037134314768,0.00020370260481224396
2019,E02005576,E07000147,6730,228441,2567,2849,0.901017901017901,6063.8504738504735,male,35-39,114,0.016939078751857354,0.01526241318217544,0.011237037134314768,0.00019034505695570333
2019,E02005525,E07000144,10164,228441,3168,3381,0.9370008873114463,9523.67701863354,female,35-39,299,0.02941755214482487,0.027564272462231643,0.013867913378071361,0.00040796006493932867
2019,E02005525,E07000144,10164,228441,3168,3381,0.9370008873114463,9523.67701863354,male,35-39,270,0.026564344746162927,0.02489081459800182,0.013867913378071361,0.0003683920318850125
2019,E02003738,E07000009,6280,228441,13,2354,0.0055225148683092605,34.68139337298216,female,35-39,213,0.0339171974522293,0.00018730822722131727,5.690747282668173e-05,1.9301419923699376e-06
2019,E02003738,E07000009,6280,228441,13,2354,0.0055225148683092605,34.68139337298216,male,35-39,169,0.026910828025477708,0.0001486154478892142,5.690747282668173e-05,1.5314272146033777e-06
2019,E02005603,E07000149,11652,228441,3684,3943,0.9343139741313721,10886.626426578747,female,35-39,449,0.03853415722622726,0.03600300157783952,0.01612670229949965,0.0006214288819494802
2019,E02005603,E07000149,11652,228441,3684,3943,0.9343139741313721,10886.626426578747,male,35-39,393,0.03372811534500515,0.03151264948795308,0.01612670229949965,0.000543923275292084
2019,E02005600,E07000149,6635,228441,2020,2210,0.9140271493212669,6064.570135746606,female,35-39,153,0.023059532780708363,0.021077039012231173,0.008842545777684391,0.00020390497422542755
2019,E02005600,E07000149,6635,228441,2020,2210,0.9140271493212669,6064.570135746606,male,35-39,117,0.01763376036171816,0.016117735715235604,0.008842545777684391,0.0001559273332312093
2019,E02005513,E07000143,9953,228441,3432,3696,0.9285714285714286,9242.07142857143,female,35-39,286,0.02873505475735959,0.02668255084611962,0.015023572826243975,0.0004317031878133002
2019,E02005513,E07000143,9953,228441,3432,3696,0.9285714285714286,9242.07142857143,male,35-39,307,0.030844971365417462,0.028641759125030503,0.015023572826243975,0.0004634016736317593
2019,E02006238,E07000245,9785,228441,133,4511,0.029483484814896918,288.4958989137663,female,35-39,277,0.028308635666836994,0.0008346372298136378,0.0005822072219960515,1.6481492130087506e-05
2019,E02006238,E07000245,9785,228441,133,4511,0.029483484814896918,288.4958989137663,male,35-39,320,0.032703117015840576,0.0009642018539363326,0.0005822072219960515,1.9039990908404343e-05
2019,E02005572,E07000147,7738,228441,3064,3314,0.9245624622812312,7154.264333132167,female,35-39,177,0.022874127681571467,0.021148559811808985,0.013412653595457909,0.0003068027508911928
2019,E02005572,E07000147,7738,228441,3064,3314,0.9245624622812312,7154.264333132167,male,35-39,200,0.025846471956577927,0.02389667775345648,0.013412653595457909,0.00034666977501829696
2019,E02005518,E07000143,11391,228441,609,4444,0.13703870387038705,1561.007875787579,female,35-39,436,0.03827583179703275,0.005245270379026315,0.0026658962270345514,0.00010203939557431872
2019,E02005518,E07000143,11391,228441,609,4444,0.13703870387038705,1561.007875787579,male,35-39,467,0.04099727855324379,0.005618213915149745,0.0026658962270345514,0.00010929449021377715
2019,E02005574,E07000147,7117,228441,2517,2774,0.9073540014419611,6457.638428262437,female,35-39,151,0.02121680483349726,0.01925115276348688,0.01101816223882753,0.00023377019784501292
2019,E02005574,E07000147,7117,228441,2517,2774,0.9073540014419611,6457.638428262437,male,35-39,130,0.018266123366587044,0.01657384012750526,0.01101816223882753,0.00020125911072749458
2019,E02005570,E07000147,7365,228441,2562,2824,0.9072237960339944,6681.703257790368,female,35-39,160,0.02172437202987101,0.01970886725939431,0.011215149644766045,0.00024364208325357327
2019,E02005570,E07000147,7365,228441,2562,2824,0.9072237960339944,6681.703257790368,male,35-39,127,0.017243720298710116,0.015643913387144236,0.011215149644766045,0.0001933909035825238
2019,E02005521,E07000144,8781,228441,2751,2985,0.9216080402010051,8092.640201005025,female,35-39,203,0.02311809588885093,0.021305823045302815,0.012042496749707803,0.0002783995946009206
2019,E02005521,E07000144,8781,228441,2751,2985,0.9216080402010051,8092.640201005025,male,35-39,201,0.022890331397335154,0.021095913458649584,0.012042496749707803,0.00027565674145214306
2019,E02003746,E07000010,7756,228441,12,3266,0.003674219228413962,28.49724433557869,female,35-39,240,0.030943785456420837,0.00011369425152389775,5.252997491693698e-05,1.6254762738608658e-06
2019,E02003746,E07000010,7756,228441,12,3266,0.003674219228413962,28.49724433557869,male,35-39,300,0.038679731820526045,0.0001421178144048722,5.252997491693698e-05,2.0318453423260824e-06
2019,E02003751,E07000010,7027,228441,8,3191,0.0025070510811657787,17.617047947351928,female,35-39,186,0.026469332574356054,6.63599688482759e-05,3.501998327795798e-05,9.269555841326575e-07
2019,E02003751,E07000010,7027,228441,8,3191,0.0025070510811657787,17.617047947351928,male,35-39,153,0.021773160666002562,5.458642598809793e-05,3.501998327795798e-05,7.624957224317021e-07
2019,E02005575,E07000147,7169,228441,2376,2621,0.9065242273941244,6498.872186188478,female,35-39,141,0.019668015064862602,0.01782953216105057,0.010400935033553521,0.00020456574692858786
2019,E02005575,E07000147,7169,228441,2376,2621,0.9065242273941244,6498.872186188478,male,35-39,156,0.021760357093039476,0.019726290901587867,0.010400935033553521,0.00022632806043162913
2019,E02005468,E07000140,7623,228441,12,2918,0.00411240575736806,31.348869088416723,female,35-39,179,0.023481568936114392,9.656573928491182e-05,5.252997491693698e-05,1.2334862272244155e-06
2019,E02005468,E07000140,7623,228441,12,2918,0.00411240575736806,31.348869088416723,male,35-39,160,0.02098911189820281,8.631574461221168e-05,5.252997491693698e-05,1.102557521541377e-06
2019,E02003750,E07000010,7481,228441,9,3479,0.0025869502730669733,19.352974992814026,female,35-39,208,0.027803769549525466,7.19269692284361e-05,3.939748118770273e-05,1.0953984877746515e-06
2019,E02003750,E07000010,7481,228441,9,3479,0.0025869502730669733,19.352974992814026,male,35-39,160,0.02138751503809651,5.532843786802777e-05,3.939748118770273e-05,8.426142213651165e-07
2019,E02005508,E07000143,7007,228441,2441,2632,0.9274316109422492,6498.51329787234,female,35-39,171,0.024404167261310117,0.02263319615686094,0.01068547239768693,0.0002607700556592643
2019,E02005508,E07000143,7007,228441,2441,2632,0.9274316109422492,6498.51329787234,male,35-39,161,0.022977022977022976,0.021309617434237493,0.01068547239768693,0.0002455203448019974
2019,E02003753,E07000011,11314,228441,11,3948,0.002786220871327254,31.523302938196554,female,35-39,403,0.035619586353190735,9.924403492530345e-05,4.815247700719223e-05,1.715171312877715e-06
2019,E02003753,E07000011,11314,228441,11,3948,0.002786220871327254,31.523302938196554,male,35-39,372,0.032879618172176064,9.160987839258782e-05,4.815247700719223e-05,1.5832350580409679e-06
2019,E02005599,E07000149,6569,228441,2263,2427,0.9324268644416975,6125.1120725175115,female,35-39,228,0.03470847922058152,0.03236311844918664,0.009906277769752366,0.00034383183612475863
2019,E02005599,E07000149,6569,228441,2263,2427,0.9324268644416975,6125.1120725175115,male,35-39,208,0.03166387578017963,0.029524248409784303,0.009906277769752366,0.00031367114874539384
2019,E02003245,E06000031,7836,228441,8,2848,0.0028089887640449437,22.01123595505618,female,35-39,311,0.03968861664114344,0.0001114848782054591,3.501998327795798e-05,1.389894691098128e-06
2019,E02003245,E06000031,7836,228441,8,2848,0.0028089887640449437,22.01123595505618,male,35-39,315,0.04019908116385911,0.00011291876731421098,3.501998327795798e-05,1.4077711501476218e-06
2019,E02005526,E07000144,5348,228441,1968,2102,0.9362511893434824,5007.071360608944,female,35-39,135,0.02524308152580404,0.02363386510122852,0.008614915886377665,0.00021746702405777576
2019,E02005526,E07000144,5348,228441,1968,2102,0.9362511893434824,5007.071360608944,male,35-39,157,0.029356768885564696,0.027485309784391686,0.008614915886377665,0.00025290609464496884
2019,E02005528,E07000144,8597,228441,2743,2924,0.9380984952120383,8064.832763337893,female,35-39,276,0.03210422240316389,0.030116922726360653,0.012007476766429845,0.00038549070461028694
2019,E02005528,E07000144,8597,228441,2743,2924,0.9380984952120383,8064.832763337893,male,35-39,253,0.02942887053623357,0.027607179165830602,0.012007476766429845,0.0003533664792260964
2019,E02005530,E07000144,5483,228441,2031,2157,0.9415855354659249,5162.713490959666,female,35-39,183,0.03337588911180011,0.03142625442098564,0.008890698254691583,0.000296734959075061
2019,E02005530,E07000144,5483,228441,2031,2157,0.9415855354659249,5162.713490959666,male,35-39,154,0.028086813788072224,0.026446137600173707,0.008890698254691583,0.0002497113863254612
2019,E02005581,E07000147,8362,228441,2689,2942,0.9140040788579198,7642.9021074099255,female,35-39,193,0.023080602726620426,0.021095765034630294,0.011771091879303627,0.00027168389532475487
2019,E02005581,E07000147,8362,228441,2689,2942,0.9140040788579198,7642.9021074099255,male,35-39,246,0.029418799330303756,0.026888902583000272,0.011771091879303627,0.00034629138989580155
2019,E02006274,E07000245,6820,228441,80,2816,0.028409090909090908,193.75,female,35-39,165,0.024193548387096774,0.0006873167155425219,0.0003501998327795799,8.472576599505964e-06
2019,E02006274,E07000245,6820,228441,80,2816,0.028409090909090908,193.75,male,35-39,244,0.03577712609970674,0.0010163956278325778,0.0003501998327795799,1.2529143577451243e-05
2019,E02005586,E07000148,9889,228441,3031,3232,0.937809405940594,9273.997215346535,female,35-39,445,0.04499949438770351,0.04220094909935932,0.013268196164436332,0.0005970621188365019
2019,E02005586,E07000148,9889,228441,3031,3232,0.937809405940594,9273.997215346535,male,35-39,476,0.048134290625948026,0.04514079049729222,0.013268196164436332,0.0006386552102610673
2019,E02006908,E07000148,5715,228441,1741,1868,0.9320128479657388,5326.453426124197,female,35-39,197,0.03447069116360455,0.032127127042738506,0.007621223860865606,0.0002627088539965922
2019,E02006908,E07000148,5715,228441,1741,1868,0.9320128479657388,5326.453426124197,male,35-39,238,0.04164479440069991,0.038813483432343976,0.007621223860865606,0.00031738430076745655
2019,E02006281,E07000245,8800,228441,31,4082,0.007594316511513963,66.82998530132288,female,35-39,207,0.02352272727272727,0.00017863903612311253,0.0001357024352020872,3.192091373503642e-06
2019,E02006281,E07000245,8800,228441,31,4082,0.007594316511513963,66.82998530132288,male,35-39,249,0.028295454545454544,0.00021488463765533827,0.0001357024352020872,3.839762086968149e-06
2019,E02006316,E07000244,7206,228441,1008,3252,0.30996309963099633,2233.5940959409595,female,35-39,138,0.019150707743547043,0.005936012732317165,0.0044125178930227065,8.450284058244982e-05
2019,E02006316,E07000244,7206,228441,1008,3252,0.30996309963099633,2233.5940959409595,male,35-39,144,0.019983347210657785,0.006194100242417911,0.0044125178930227065,8.817687712951287e-05
2019,E02006307,E07000244,7303,228441,507,3269,0.15509330070357907,1132.646375038238,female,35-39,158,0.021634944543338353,0.0033554349597652326,0.0022193914402405873,4.8016410729564945e-05
2019,E02006307,E07000244,7303,228441,507,3269,0.15509330070357907,1132.646375038238,male,35-39,135,0.018485553881966314,0.002866985566888015,0.0022193914402405873,4.10266800537422e-05
2019,E02006302,E07000244,6742,228441,476,3081,0.15449529373580007,1041.607270366764,female,35-39,135,0.02002373183031741,0.003093572330811778,0.0020836890050385,4.172322985467183e-05
2019,E02006302,E07000244,6742,228441,476,3081,0.15449529373580007,1041.607270366764,male,35-39,149,0.02210026698309107,0.003414387239192259,0.0020836890050385,4.605008332108225e-05
2019,E02006907,E07000148,6796,228441,1842,1988,0.9265593561368209,6296.897384305835,female,35-39,246,0.036197763390229544,0.03353937634044408,0.008063351149749825,0.0002918752770509795
2019,E02006907,E07000148,6796,228441,1842,1988,0.9265593561368209,6296.897384305835,male,35-39,449,0.06606827545615068,0.061216178767721105,0.008063351149749825,0.0005327317048613408
2019,E02006304,E07000244,7774,228441,519,3641,0.14254325734688272,1108.1312826146664,female,35-39,180,0.02315410342166195,0.0033004613226702974,0.0022719214151575243,5.26043034124459e-05
2019,E02006304,E07000244,7774,228441,519,3641,0.14254325734688272,1108.1312826146664,male,35-39,187,0.024054540776948803,0.0034288125963296977,0.0022719214151575243,5.46500263229299e-05
2019,E02006309,E07000244,6899,228441,465,3371,0.1379412637199644,951.6567784040344,female,35-39,189,0.027395274677489492,0.0037789388089684408,0.002035536528031308,5.5764082301480975e-05
2019,E02006309,E07000244,6899,228441,465,3371,0.1379412637199644,951.6567784040344,male,35-39,138,0.02000289897086534,0.0027592251621039406,0.002035536528031308,4.071663152171626e-05
2019,E02006825,E07000009,6602,228441,13,2349,0.005534269902085994,36.53724989357173,female,35-39,220,0.03332323538321721,0.00018441977862146603,5.690747282668173e-05,1.8963411120675524e-06
2019,E02006825,E07000009,6602,228441,13,2349,0.005534269902085994,36.53724989357173,male,35-39,203,0.03074825810360497,0.00017016915936435276,5.690747282668173e-05,1.749805662498696e-06
2019,E02005608,E07000149,7756,228441,2353,3208,0.7334788029925187,5688.861596009975,female,35-39,200,0.025786487880350695,0.018913842263860718,0.010300252581629392,0.0002656073383607373
2019,E02005608,E07000149,7756,228441,2353,3208,0.7334788029925187,5688.861596009975,male,35-39,186,0.02398143372872615,0.01758987330539047,0.010300252581629392,0.00024701482467548566
2019,E02005587,E07000148,9985,228441,3668,3934,0.9323843416370107,9309.857651245551,female,35-39,294,0.02944416624937406,0.027453279563473324,0.016056662332943734,0.0004727750351412577
2019,E02005587,E07000148,9985,228441,3668,3934,0.9323843416370107,9309.857651245551,male,35-39,337,0.03375062593890836,0.03146855514588608,0.016056662332943734,0.0005419224042265436
2019,E02006308,E07000244,7736,228441,477,3755,0.12703062583222371,982.7089214380827,female,35-39,228,0.029472595656670115,0.003743922271166883,0.0020880665029482447,6.15407397456308e-05
2019,E02006308,E07000244,7736,228441,477,3755,0.12703062583222371,982.7089214380827,male,35-39,280,0.03619441571871768,0.004597799280380383,0.0020880665029482447,7.557634705603781e-05
2019,E02006305,E07000244,10024,228441,525,4350,0.1206896551724138,1209.7931034482758,female,35-39,270,0.02693535514764565,0.0032508187247158545,0.002298186402615993,6.190246694995192e-05
2019,E02006305,E07000244,10024,228441,525,4350,0.1206896551724138,1209.7931034482758,male,35-39,354,0.035315243415802076,0.004262184550183009,0.002298186402615993,8.11610122232703e-05
2019,E02006314,E07000244,7383,228441,1607,3302,0.4866747425802544,3593.119624470018,female,35-39,181,0.024515779493430853,0.01193121067411974,0.00703463914095981,0.00017245966199562856
2019,E02006314,E07000244,7383,228441,1607,3302,0.4866747425802544,3593.119624470018,male,35-39,185,0.02505756467560612,0.012194883838188685,0.00703463914095981,0.00017627092524415074
2019,E02006279,E07000245,8825,228441,36,4024,0.008946322067594433,78.95129224652088,female,35-39,251,0.028441926345609065,0.00025445063331061785,0.00015758992475081092,4.482161032572639e-06
2019,E02006279,E07000245,8825,228441,36,4024,0.008946322067594433,78.95129224652088,male,35-39,248,0.02810198300283286,0.0002514093906814073,0.00015758992475081092,4.4285893867649975e-06
2019,E02006315,E07000244,5848,228441,517,2641,0.19575918212798182,1144.7996970844376,female,35-39,119,0.020348837209302327,0.003983471729348468,0.002263166419338035,4.6052805044669313e-05
2019,E02006315,E07000244,5848,228441,517,2641,0.19575918212798182,1144.7996970844376,male,35-39,98,0.016757865937072503,0.003280506130051679,0.002263166419338035,3.79258394485512e-05
2019,E02006276,E07000245,6874,228441,26,2902,0.00895933838731909,61.586492074431426,female,35-39,170,0.024730869944719232,0.00022157223244751898,0.00011381494565336345,2.814742618718619e-06
2019,E02006276,E07000245,6874,228441,26,2902,0.00895933838731909,61.586492074431426,male,35-39,144,0.02094850160023276,0.00018768471454378078,0.00011381494565336345,2.384252571149889e-06
2019,E02006278,E07000245,8793,228441,28,3456,0.008101851851851851,71.23958333333333,female,35-39,238,0.027066985101785512,0.00021929270337094742,0.00012256994147285294,3.3175987797724328e-06
2019,E02006278,E07000245,8793,228441,28,3456,0.008101851851851851,71.23958333333333,male,35-39,390,0.04435346298191743,0.0003593451861960903,0.00012256994147285294,5.436401361811969e-06
2019,E02006277,E07000245,7994,228441,17,2787,0.006099748833871547,48.76139217796914,female,35-39,356,0.04453340005003753,0.00027164255502355153,7.441746446566072e-05,3.314062715758721e-06
2019,E02006277,E07000245,7994,228441,17,2787,0.006099748833871547,48.76139217796914,male,35-39,327,0.040905679259444584,0.00024951436936152064,7.441746446566072e-05,3.044096932733432e-06
2019,E02006275,E07000245,7142,228441,24,3181,0.007544797233574348,53.88494184218799,female,35-39,233,0.03262391486978437,0.0002461408226579142,0.00010505994983387396,3.427466859604121e-06
2019,E02006275,E07000245,7142,228441,24,3181,0.007544797233574348,53.88494184218799,male,35-39,250,0.03500420050406049,0.00026409959512651736,0.00010505994983387396,3.6775395489314604e-06
2019,E02005550,E07000145,7234,228441,448,3415,0.13118594436310396,948.999121522694,female,35-39,216,0.029858999170583357,0.003917081003930116,0.001961119063565647,5.855705249242186e-05
2019,E02005550,E07000145,7234,228441,448,3415,0.13118594436310396,948.999121522694,male,35-39,191,0.026403096488802874,0.0034637151469937596,0.001961119063565647,5.1779615861354515e-05
2019,E02003758,E07000011,9606,228441,8,3798,0.00210637177461822,20.23380726698262,female,35-39,328,0.0341453258380179,7.192275058034312e-05,3.501998327795798e-05,1.1957687398678135e-06
2019,E02003758,E07000011,9606,228441,8,3798,0.00210637177461822,20.23380726698262,male,35-39,309,0.03216739537788882,6.77564936869696e-05,3.501998327795798e-05,1.1265016482291294e-06
2019,E02003775,E07000012,6886,228441,8,2586,0.0030935808197989174,21.302397525135344,female,35-39,229,0.033255881498693,0.00010287975714986233,3.501998327795798e-05,1.164620413977981e-06
2019,E02003775,E07000012,6886,228441,8,2586,0.0030935808197989174,21.302397525135344,male,35-39,192,0.027882660470519894,8.62572636365658e-05,3.501998327795798e-05,9.764503034225868e-07
2019,E02005531,E07000144,5447,228441,1858,1969,0.9436262061960387,5139.931945149822,female,35-39,173,0.03176060216633009,0.029970136528715746,0.008133391116305741,0.00025832139950815003
2019,E02005531,E07000144,5447,228441,1858,1969,0.9436262061960387,5139.931945149822,male,35-39,145,0.026620157885074353,0.025119478593432276,0.008133391116305741,0.00021651215565711998
2019,E02005536,E07000144,6216,228441,2430,2679,0.9070548712206047,5638.253079507279,female,35-39,152,0.02445302445302445,0.022180234946192392,0.010637319920679738,0.00026011464413502574
2019,E02005536,E07000144,6216,228441,2430,2679,0.9070548712206047,5638.253079507279,male,35-39,144,0.023166023166023165,0.021012854159550686,0.010637319920679738,0.00024642439970686653
2019,E02005582,E07000147,6991,228441,2342,3094,0.7569489334195216,5291.8299935358755,female,35-39,174,0.024889143184093836,0.018839810386925587,0.0102521001046222,0.00025516598744160533
2019,E02005582,E07000147,6991,228441,2342,3094,0.7569489334195216,5291.8299935358755,male,35-39,153,0.021885281075668717,0.016566040167813878,0.0102521001046222,0.00022437009240554952
2019,E02005522,E07000144,5534,228441,1858,1985,0.9360201511335012,5179.935516372796,female,35-39,155,0.028008673653776652,0.026216682946456935,0.008133391116305741,0.00022780549747513368
2019,E02005522,E07000144,5534,228441,1858,1985,0.9360201511335012,5179.935516372796,male,35-39,142,0.025659559089266353,0.024017864376754097,0.008133391116305741,0.0002086992299449612
2019,E02005549,E07000145,5270,228441,397,2637,0.15054986727341677,793.3978005309064,female,35-39,106,0.020113851992409868,0.003028137747814455,0.001737866670168665,3.495519298631471e-05
2019,E02005549,E07000145,5270,228441,397,2637,0.15054986727341677,793.3978005309064,male,35-39,113,0.02144212523719165,0.003228109108519183,0.001737866670168665,3.726355478729775e-05
2019,E02005606,E07000149,5848,228441,1025,2229,0.4598474652310453,2689.187976671153,female,35-39,125,0.02137482900136799,0.009829160936026106,0.004486935357488367,9.59074760065058e-05
2019,E02005606,E07000149,5848,228441,1025,2229,0.4598474652310453,2689.187976671153,male,35-39,156,0.02667578659370725,0.012266792848160579,0.004486935357488367,0.00011969253005611923
2019,E02005529,E07000144,5904,228441,2426,2537,0.9562475364603863,5645.685455262121,female,35-39,131,0.022188346883468834,0.02121755204544556,0.010619809929040758,0.00023563602654206288
2019,E02005529,E07000144,5904,228441,2426,2537,0.9562475364603863,5645.685455262121,male,35-39,144,0.024390243902439025,0.023323110645375275,0.010619809929040758,0.0002590197543668478
2019,E02006310,E07000244,8522,228441,490,3371,0.14535746069415603,1238.7362800355977,female,35-39,299,0.03508566064304154,0.005099962537849408,0.0021449739757749267,7.525782900219469e-05
2019,E02006310,E07000244,8522,228441,490,3371,0.14535746069415603,1238.7362800355977,male,35-39,235,0.0275756864585778,0.004008331760517093,0.0021449739757749267,5.914912981777843e-05
2019,E02005541,E07000145,5924,228441,391,2884,0.1355755894590846,803.1497919556172,female,35-39,177,0.02987846049966239,0.004050789894371704,0.0017116016827101964,5.114002326801228e-05
2019,E02005541,E07000145,5924,228441,391,2884,0.1355755894590846,803.1497919556172,male,35-39,162,0.027346387575962187,0.0037075026151876613,0.0017116016827101964,4.680612299106209e-05
2019,E02005537,E07000144,6050,228441,1455,2548,0.5710361067503925,3454.768445839875,female,35-39,172,0.028429752066115702,0.016234414935713638,0.0063692594586786085,0.00018107646725499515
2019,E02005537,E07000144,6050,228441,1455,2548,0.5710361067503925,3454.768445839875,male,35-39,153,0.02528925619834711,0.014441078402117365,0.0063692594586786085,0.00016107383424426896
2019,E02005546,E07000145,7892,228441,496,3877,0.12793396956409595,1009.6548877998453,female,35-39,190,0.0240750126710593,0.0030800119383145247,0.002171238963233395,5.227260555174165e-05
2019,E02005546,E07000145,7892,228441,496,3877,0.12793396956409595,1009.6548877998453,male,35-39,223,0.028256462240243283,0.0036149613802323103,0.002171238963233395,6.13515317791494e-05
2019,E02005543,E07000145,9707,228441,592,4599,0.12872363557295063,1249.5203305066318,female,35-39,318,0.0327598640156588,0.004216968796971083,0.0025914787625688908,8.48964918612246e-05
2019,E02005543,E07000145,9707,228441,592,4599,0.12872363557295063,1249.5203305066318,male,35-39,401,0.04131039456062635,0.005317624174796869,0.0025914787625688908,0.00010705501017720462
2019,E02005484,E07000141,7211,228441,9,2876,0.003129346314325452,22.565716272600834,female,35-39,197,0.027319373179864097,8.54917797700893e-05,3.939748118770273e-05,1.0763144909135263e-06
2019,E02005484,E07000141,7211,228441,9,2876,0.003129346314325452,22.565716272600834,male,35-39,200,0.02773540424351685,8.679368504577596e-05,3.939748118770273e-05,1.0927050669172855e-06
2019,E02005539,E07000145,7534,228441,806,3487,0.23114425007169487,1741.440780040149,female,35-39,176,0.023360764534112025,0.00539970639933877,0.003528263315254267,8.24229285220004e-05
2019,E02005539,E07000145,7534,228441,806,3487,0.23114425007169487,1741.440780040149,male,35-39,179,0.023758959384125297,0.005491746849327499,0.003528263315254267,8.38278648036254e-05
2019,E02005545,E07000145,6351,228441,437,2936,0.14884196185286103,945.2952997275204,female,35-39,185,0.02912927098094788,0.004335657840147896,0.001912966586558455,5.5723322077360125e-05
2019,E02005545,E07000145,6351,228441,437,2936,0.14884196185286103,945.2952997275204,male,35-39,172,0.027082349236340734,0.004030989991921288,0.001912966586558455,5.180762917462671e-05
2019,E02005533,E07000144,8917,228441,2992,3481,0.8595231255386383,7664.367710428038,female,35-39,243,0.027251317707749242,0.023423137771211067,0.013097473745956286,0.00035692341821995935
2019,E02005533,E07000144,8917,228441,2992,3481,0.8595231255386383,7664.367710428038,male,35-39,205,0.02298979477402714,0.01976026025966366,0.013097473745956286,0.0003011082334777435
2019,E02005583,E07000147,8736,228441,3117,4005,0.7782771535580524,6799.029213483145,female,35-39,176,0.020146520146520148,0.015679576353733658,0.01364466098467438,0.0002748924374201798
2019,E02005583,E07000147,8736,228441,3117,4005,0.7782771535580524,6799.029213483145,male,35-39,177,0.020260989010989012,0.015768664855743506,0.01364466098467438,0.0002764543262691581
2019,E02003785,E07000012,9173,228441,8,3105,0.0025764895330112722,23.6341384863124,female,35-39,369,0.04022675242559686,0.00010364380657158612,3.501998327795798e-05,1.4087401972709578e-06
2019,E02003785,E07000012,9173,228441,8,3105,0.0025764895330112722,23.6341384863124,male,35-39,340,0.037065300337948325,9.549835835864303e-05,3.501998327795798e-05,1.2980261980274408e-06
2019,E02003254,E06000031,8600,228441,8,3068,0.002607561929595828,22.42503259452412,female,35-39,311,0.03616279069767442,9.429671629119797e-05,3.501998327795798e-05,1.2664203255168525e-06
2019,E02003254,E06000031,8600,228441,8,3068,0.002607561929595828,22.42503259452412,male,35-39,246,0.0286046511627907,7.458839938146205e-05,3.501998327795798e-05,1.0017344053927517e-06
2019,E02003726,E07000008,8442,228441,9,2085,0.004316546762589928,36.44028776978417,female,35-39,217,0.02570480928689884,0.0001109560113103547,3.939748118770273e-05,1.0127047403140835e-06
2019,E02003726,E07000008,8442,228441,9,2085,0.004316546762589928,36.44028776978417,male,35-39,282,0.033404406538734895,0.00014419168290101392,3.939748118770273e-05,1.316049478196182e-06
2019,E02005544,E07000145,7497,228441,439,3315,0.13242835595776772,992.8153846153846,female,35-39,234,0.031212484993997598,0.004133418073111597,0.0019217215823779444,5.998170605261291e-05
2019,E02005544,E07000145,7497,228441,439,3315,0.13242835595776772,992.8153846153846,male,35-39,275,0.036681339202347604,0.004857649444896108,0.0019217215823779444,7.049132121567756e-05
2019,E02005446,E07000138,10958,228441,11,1999,0.005502751375687844,60.29914957478739,female,35-39,127,0.011589706150757438,6.377527146489835e-05,4.815247700719223e-05,5.58073058944462e-07
2019,E02005446,E07000138,10958,228441,11,1999,0.005502751375687844,60.29914957478739,male,35-39,158,0.014418689541887205,7.934246371223575e-05,4.815247700719223e-05,6.942956166395668e-07
2019,E02005593,E07000148,12414,228441,2398,2647,0.9059312429165093,11246.230449565546,female,40-44,164,0.013210890929595619,0.011968158839882998,0.010497239987567906,0.00013867789253754927
2019,E02005593,E07000148,12414,228441,2398,2647,0.9059312429165093,11246.230449565546,male,40-44,139,0.011197035604962139,0.01014374438258376,0.010497239987567906,0.00011753796989463017
2019,E02006287,E07000244,6179,228441,545,2715,0.2007366482504604,1240.3517495395947,female,40-44,119,0.019258779737821655,0.0038659428939641994,0.0023857363608108875,4.5946371085369095e-05
2019,E02006287,E07000244,6179,228441,545,2715,0.2007366482504604,1240.3517495395947,male,40-44,122,0.01974429519339699,0.003963403639190188,0.0023857363608108875,4.710468296147084e-05
2019,E02006233,E07000200,11790,228441,40,5050,0.007920792079207921,93.38613861386139,female,40-44,309,0.026208651399491092,0.00020759327841181064,0.00017509991638978994,4.589132668740041e-06
2019,E02006233,E07000200,11790,228441,40,5050,0.007920792079207921,93.38613861386139,male,40-44,314,0.026632739609838845,0.00021095239294921858,0.00017509991638978994,4.663390478913829e-06
2019,E02006288,E07000244,9562,228441,114,3453,0.03301476976542137,315.68722849695916,female,40-44,268,0.028027609286760093,0.0009253250676775704,0.0004990347617109013,1.3986751321744566e-05
2019,E02006288,E07000244,9562,228441,114,3453,0.03301476976542137,315.68722849695916,male,40-44,220,0.02300773896674336,0.0007595952048099458,0.0004990347617109013,1.148166153277539e-05
2019,E02006311,E07000244,8471,228441,917,3751,0.24446814182884563,2070.889629432151,female,40-44,219,0.025852909927989613,0.0063202128509641355,0.004014165583235934,0.00010377786125943448
2019,E02006311,E07000244,8471,228441,917,3751,0.24446814182884563,2070.889629432151,male,40-44,195,0.023019714319442806,0.0056275867851050525,0.004014165583235934,9.24049449570307e-05
2019,E02006256,E07000202,9754,228441,48,4135,0.011608222490931077,113.22660217654172,female,40-44,288,0.029526348164855443,0.0003427484188423365,0.00021011989966774792,6.204073313954419e-06
2019,E02006256,E07000202,9754,228441,48,4135,0.011608222490931077,113.22660217654172,male,40-44,310,0.03178183309411523,0.00036893058972612607,0.00021011989966774792,6.677995580992603e-06
2019,E02006251,E07000202,10928,228441,70,3797,0.018435607058203844,201.4643139320516,female,40-44,334,0.030563689604685213,0.0005634601718008861,0.0003064248536821324,9.365474115101777e-06
2019,E02006251,E07000202,10928,228441,70,3797,0.018435607058203844,201.4643139320516,male,40-44,483,0.04419838945827233,0.0008148241406581677,0.0003064248536821324,1.3543485022737001e-05
2019,E02004577,E07000076,5680,228441,11,2201,0.004997728305315766,28.387096774193548,female,40-44,162,0.02852112676056338,0.00014254084251076656,4.815247700719223e-05,1.3733629005572432e-06
2019,E02004577,E07000076,5680,228441,11,2201,0.004997728305315766,28.387096774193548,male,40-44,150,0.02640845070422535,0.0001319822615840431,4.815247700719223e-05,1.2716323153307808e-06
2019,E02005542,E07000145,7554,228441,451,3494,0.12907842014882656,975.0583858042359,female,40-44,184,0.024357956049774955,0.0031440864849595035,0.0019742515572948815,4.808873266378848e-05
2019,E02005542,E07000145,7554,228441,451,3494,0.12907842014882656,975.0583858042359,male,40-44,221,0.029256023298914482,0.0037763212672611425,0.0019742515572948815,5.775874955813725e-05
2019,E02005611,E07000149,11199,228441,3134,4161,0.753184330689738,8434.911319394376,female,40-44,308,0.02750245557639075,0.020714418595628118,0.01371907844914004,0.00037730834559649367
2019,E02005611,E07000149,11199,228441,3134,4161,0.753184330689738,8434.911319394376,male,40-44,347,0.03098490936690776,0.023337348222996615,0.01371907844914004,0.0004250844023441016
2019,E02005595,E07000148,8952,228441,3128,3359,0.9312295325989878,8336.366775826138,female,40-44,254,0.02837354781054513,0.026422285665788973,0.013692813461681571,0.00038851369741589803
2019,E02005595,E07000148,8952,228441,3128,3359,0.9312295325989878,8336.366775826138,male,40-44,191,0.021336014298480786,0.019868726622699583,0.013692813461681571,0.0002921500638048682
2019,E02006293,E07000244,11451,228441,88,4406,0.01997276441216523,228.70812528370405,female,40-44,289,0.025237970482927256,0.000504072038696686,0.00038521981605753786,9.722166347098808e-06
2019,E02006293,E07000244,11451,228441,88,4406,0.01997276441216523,228.70812528370405,male,40-44,310,0.02707187145227491,0.0005407001107127082,0.00038521981605753786,1.042862134117865e-05
2019,E02004521,E07000071,9189,228441,8,3522,0.002271436683702442,20.87223168654174,female,40-44,276,0.030035912504080966,6.822467349024638e-05,3.501998327795798e-05,1.0518571536311244e-06
2019,E02004521,E07000071,9189,228441,8,3522,0.002271436683702442,20.87223168654174,male,40-44,247,0.02687996517575362,6.105613895685093e-05,3.501998327795798e-05,9.413359309669847e-07
2019,E02004507,E07000071,9933,228441,11,3434,0.00320326150262085,31.817996505532903,female,40-44,382,0.03845766636464311,0.000123189962146498,4.815247700719223e-05,1.8518318953737473e-06
2019,E02004507,E07000071,9933,228441,11,3434,0.00320326150262085,31.817996505532903,male,40-44,391,0.03936373703815564,0.00012609234345361444,4.815247700719223e-05,1.8954614426469508e-06
2019,E02004446,E07000067,6867,228441,9,2535,0.0035502958579881655,24.379881656804734,female,40-44,205,0.02985291976117664,0.00010598669737695848,3.939748118770273e-05,1.1761298446889557e-06
2019,E02004446,E07000067,6867,228441,9,2535,0.0035502958579881655,24.379881656804734,male,40-44,179,0.026066695791466435,9.254448209988082e-05,3.939748118770273e-05,1.0269621570698687e-06
2019,E02004589,E07000076,7733,228441,9,3538,0.002543810062182024,19.67128321085359,female,40-44,179,0.023147549463338937,5.8882969239697694e-05,3.939748118770273e-05,9.119551445233141e-07
2019,E02004589,E07000076,7733,228441,9,3538,0.002543810062182024,19.67128321085359,male,40-44,175,0.022630285788180524,5.756714869802847e-05,3.939748118770273e-05,8.915762586121787e-07
2019,E02004522,E07000071,12010,228441,9,2824,0.003186968838526912,38.27549575070822,female,40-44,277,0.023064113238967527,7.350461018084551e-05,3.939748118770273e-05,9.086679674432686e-07
2019,E02004522,E07000071,12010,228441,9,2824,0.003186968838526912,38.27549575070822,male,40-44,262,0.021815154038301414,6.952421612773113e-05,3.939748118770273e-05,8.594621208308171e-07
2019,E02004526,E07000071,7285,228441,8,3181,0.002514932411191449,18.321282615529707,female,40-44,159,0.02182566918325326,5.489008282490602e-05,3.501998327795798e-05,7.643345698277719e-07
2019,E02004526,E07000071,7285,228441,8,3181,0.002514932411191449,18.321282615529707,male,40-44,193,0.026492793411118737,6.662758481262177e-05,3.501998327795798e-05,9.277771822437736e-07
2019,E02006235,E07000200,8200,228441,24,2985,0.008040201005025126,65.92964824120604,female,40-44,241,0.029390243902439023,0.00023630346856232383,0.00010505994983387396,3.087737549995564e-06
2019,E02006235,E07000200,8200,228441,24,2985,0.008040201005025126,65.92964824120604,male,40-44,208,0.025365853658536587,0.00020394656207868615,0.00010505994983387396,2.664935312859242e-06
2019,E02004513,E07000071,13590,228441,10,3781,0.0026448029621793175,35.942872256016926,female,40-44,266,0.019573215599705665,5.176729859747597e-05,4.3774979097447484e-05,8.568171037469485e-07
2019,E02004513,E07000071,13590,228441,10,3781,0.0026448029621793175,35.942872256016926,male,40-44,297,0.02185430463576159,5.7800329637031445e-05,4.3774979097447484e-05,9.566717286197133e-07
2019,E02004582,E07000076,7003,228441,9,3302,0.0027256208358570565,19.087522713506967,female,40-44,135,0.01927745252034842,5.254302625170678e-05,3.939748118770273e-05,7.594830730172595e-07
2019,E02004582,E07000076,7003,228441,9,3302,0.0027256208358570565,19.087522713506967,male,40-44,151,0.0215621876338712,5.87703478815387e-05,3.939748118770273e-05,8.49495881671157e-07
2019,E02004520,E07000071,9529,228441,11,3753,0.002930988542499334,27.929389821476153,female,40-44,285,0.029908699758631547,8.766205631360165e-05,4.815247700719223e-05,1.4401779774425214e-06
2019,E02004520,E07000071,9529,228441,11,3753,0.002930988542499334,27.929389821476153,male,40-44,312,0.03274215552523874,9.596688270120602e-05,4.815247700719223e-05,1.5766158910949706e-06
2019,E02004579,E07000076,7266,228441,8,3141,0.0025469595670168737,18.506208213944603,female,40-44,185,0.025461051472612167,6.484826863447862e-05,3.501998327795798e-05,8.916455968101056e-07
2019,E02004579,E07000076,7266,228441,8,3141,0.0025469595670168737,18.506208213944603,male,40-44,160,0.02202036884117809,5.608498908927881e-05,3.501998327795798e-05,7.711529485925237e-07
2019,E02004559,E07000074,7711,228441,8,2504,0.003194888178913738,24.635782747603834,female,40-44,202,0.02619634288678511,8.369438621976074e-05,3.501998327795798e-05,9.173954898388681e-07
2019,E02004559,E07000074,7711,228441,8,2504,0.003194888178913738,24.635782747603834,male,40-44,199,0.02580728828945662,8.24514002858039e-05,3.501998327795798e-05,9.037708043462117e-07
2019,E02004575,E07000076,11687,228441,12,4223,0.0028415818138763913,33.20956665877338,female,40-44,355,0.030375631043039274,8.631484075691956e-05,5.252997491693698e-05,1.5956311367769853e-06
2019,E02004575,E07000076,11687,228441,12,4223,0.0028415818138763913,33.20956665877338,male,40-44,320,0.027380850517669204,7.780492687947679e-05,5.252997491693698e-05,1.4383153908975642e-06
2019,E02004588,E07000076,7179,228441,8,3751,0.0021327645961077045,15.311117035457212,female,40-44,211,0.029391280122579747,6.26846816797222e-05,3.501998327795798e-05,1.0292821384105215e-06
2019,E02004588,E07000076,7179,228441,8,3751,0.0021327645961077045,15.311117035457212,male,40-44,165,0.022983702465524447,4.90188269059439e-05,3.501998327795798e-05,8.048888760082278e-07
2019,E02004512,E07000071,11610,228441,14,4353,0.0032161727544222376,37.33976567884218,female,40-44,403,0.0347114556416882,0.00011163803790113365,6.128497073642647e-05,2.127290543219627e-06
2019,E02004512,E07000071,11610,228441,14,4353,0.0032161727544222376,37.33976567884218,male,40-44,487,0.04194659776055125,0.00013490750485819377,6.128497073642647e-05,2.570696016248035e-06
2019,E02004509,E07000071,14885,228441,13,4843,0.0026842865992153624,39.95560602932067,female,40-44,608,0.0408464897547867,0.00010964368507376152,5.690747282668173e-05,2.3244705057858577e-06
2019,E02004509,E07000071,14885,228441,13,4843,0.0026842865992153624,39.95560602932067,male,40-44,618,0.041518307020490426,0.00011144703515721155,5.690747282668173e-05,2.362701928578388e-06
2019,E02004585,E07000076,8674,228441,8,4088,0.0019569471624266144,16.974559686888455,female,40-44,239,0.02755360848512797,5.3920955939585064e-05,3.501998327795798e-05,9.649269083965826e-07
2019,E02004585,E07000076,8674,228441,8,4088,0.0019569471624266144,16.974559686888455,male,40-44,189,0.021789255245561447,4.26404212241907e-05,3.501998327795798e-05,7.630593543387201e-07
2019,E02004580,E07000076,12194,228441,9,5534,0.0016263100831225153,19.831225153595952,female,40-44,277,0.022716089880268985,3.694340602139878e-05,3.939748118770273e-05,8.949567237160617e-07
2019,E02004580,E07000076,12194,228441,9,5534,0.0016263100831225153,19.831225153595952,male,40-44,201,0.016483516483516484,2.6807309062459045e-05,3.939748118770273e-05,6.494090305665285e-07
2019,E02004590,E07000076,8402,228441,9,4502,0.0019991115059973343,16.796534873389604,female,40-44,154,0.01832896929302547,3.664165340675904e-05,3.939748118770273e-05,7.221152229119519e-07
2019,E02004590,E07000076,8402,228441,9,4502,0.0019991115059973343,16.796534873389604,male,40-44,174,0.02070935491549631,4.140030969335113e-05,3.939748118770273e-05,8.15896420692725e-07
2019,E02004595,E07000077,14491,228441,8,5057,0.0015819655922483687,22.924263397271112,female,40-44,505,0.03484921675522738,5.513026182357506e-05,3.501998327795798e-05,1.2204189880179961e-06
2019,E02004595,E07000077,14491,228441,8,5057,0.0015819655922483687,22.924263397271112,male,40-44,457,0.03153681595473052,4.9890157729453066e-05,3.501998327795798e-05,1.1044187673747013e-06
2019,E02006922,E07000071,13943,228441,14,5702,0.002455278849526482,34.23395299894774,female,40-44,395,0.028329627770207273,6.955713587914799e-05,6.128497073642647e-05,1.7361804088710072e-06
2019,E02006922,E07000071,13943,228441,14,5702,0.002455278849526482,34.23395299894774,male,40-44,388,0.02782758373377322,6.832447777496055e-05,6.128497073642647e-05,1.705412654789749e-06
2019,E02004523,E07000071,10335,228441,10,4139,0.0024160425223483935,24.969799468470647,female,40-44,295,0.028543783260764392,6.896299410670305e-05,4.3774979097447484e-05,1.2495035156020327e-06
2019,E02004523,E07000071,10335,228441,10,4139,0.0024160425223483935,24.969799468470647,male,40-44,281,0.02718916303821964,6.569017404740189e-05,4.3774979097447484e-05,1.1902050436751564e-06
2019,E02005579,E07000147,12901,228441,4648,5056,0.9193037974683544,11859.93829113924,female,40-44,280,0.02170374389582203,0.019952334182709808,0.02034661028449359,0.00044159761876274743
2019,E02005579,E07000147,12901,228441,4648,5056,0.9193037974683544,11859.93829113924,male,40-44,270,0.020928610185256956,0.019239750819041602,0.02034661028449359,0.00042582627523550645
2019,E02006292,E07000244,6857,228441,50,2404,0.020798668885191347,142.61647254575706,female,40-44,227,0.03310485635117398,0.0006885369457398914,0.0002188748954872374,7.245821973983212e-06
2019,E02006292,E07000244,6857,228441,50,2404,0.020798668885191347,142.61647254575706,male,40-44,168,0.02450051042730057,0.0005095780038956025,0.0002188748954872374,5.362546659159383e-06
2019,E02006250,E07000202,10945,228441,56,4152,0.01348747591522158,147.62042389210018,female,40-44,335,0.03060758337140247,0.0004128190435449273,0.0002451398829457059,7.503139404916535e-06
2019,E02006250,E07000202,10945,228441,56,4152,0.01348747591522158,147.62042389210018,male,40-44,414,0.037825491091822754,0.0005101704000823878,0.0002451398829457059,9.27253645861327e-06
2019,E02005594,E07000148,11105,228441,3270,3517,0.92976969007677,10325.092408302531,female,40-44,287,0.02584421431787483,0.024029167136608104,0.014314418164865327,0.00036994489088846004
2019,E02005594,E07000148,11105,228441,3270,3517,0.92976969007677,10325.092408302531,male,40-44,291,0.02620441242683476,0.024364068420742013,0.014314418164865327,0.00037510091724230615
2019,E02005602,E07000149,12285,228441,3889,4252,0.9146284101599247,11236.210018814674,female,40-44,365,0.02971102971102971,0.02717455186881339,0.017024089370997326,0.0005058032251049267
2019,E02005602,E07000149,12285,228441,3889,4252,0.9146284101599247,11236.210018814674,male,40-44,327,0.026617826617826617,0.024345420441375283,0.017024089370997326,0.0004531442592035918
2019,E02005535,E07000144,7243,228441,2248,2438,0.9220672682526662,6678.533223954061,female,40-44,258,0.03562059919922684,0.0328445885971542,0.009840615301106194,0.00035052861351448267
2019,E02005535,E07000144,7243,228441,2248,2438,0.9220672682526662,6678.533223954061,male,40-44,246,0.033963827143448845,0.03131693331356563,0.009840615301106194,0.0003342249570719486
2019,E02006230,E07000200,11148,228441,70,4587,0.01526051885764116,170.12426422498365,female,40-44,290,0.026013634732687477,0.0003969815633939663,0.0003064248536821324,7.971224216704198e-06
2019,E02006230,E07000200,11148,228441,70,4587,0.01526051885764116,170.12426422498365,male,40-44,297,0.026641550053821312,0.000406563876993131,0.0003064248536821324,8.163633077107401e-06
2019,E02006294,E07000244,8228,228441,52,3741,0.013900026730820636,114.36941994119219,female,40-44,191,0.023213417598444336,0.0003226671251320784,0.0002276298913067269,5.284067724791546e-06
2019,E02006294,E07000244,8228,228441,52,3741,0.013900026730820636,114.36941994119219,male,40-44,178,0.02163344676713661,0.0003007054883429841,0.0002276298913067269,4.924419136193169e-06
2019,E02006296,E07000244,13489,228441,80,5153,0.015524936929943722,209.41587424801088,female,40-44,440,0.032619171176514195,0.000506410575222421,0.0003501998327795799,1.1423228291423763e-05
2019,E02006296,E07000244,13489,228441,80,5153,0.015524936929943722,209.41587424801088,male,40-44,463,0.03432426421528653,0.0005328820371090476,0.0003501998327795799,1.2020351588475461e-05
2019,E02006313,E07000244,10033,228441,688,4581,0.1501855490067671,1506.8116131848942,female,40-44,263,0.026213495464965614,0.00393688820779226,0.0030117185619043868,7.89476708642334e-05
2019,E02006313,E07000244,10033,228441,688,4581,0.1501855490067671,1506.8116131848942,male,40-44,216,0.021528954450313963,0.003233337843662084,0.0030117185619043868,6.483915173640462e-05
2019,E02006295,E07000244,9796,228441,69,4175,0.01652694610778443,161.89796407185628,female,40-44,270,0.027562270314414047,0.0004555201560945076,0.00030204735577238763,8.325110867552537e-06
2019,E02006295,E07000244,9796,228441,69,4175,0.01652694610778443,161.89796407185628,male,40-44,287,0.029297672519395673,0.0004842010548115692,0.00030204735577238763,8.849284514768808e-06
2019,E02005597,E07000149,16660,228441,5376,5722,0.9395316322963999,15652.596994058022,female,40-44,523,0.031392557022809124,0.029494300341597668,0.023533428762787766,0.0007387745043780313
2019,E02005597,E07000149,16660,228441,5376,5722,0.9395316322963999,15652.596994058022,male,40-44,586,0.03517406962785114,0.03304715105196221,0.023533428762787766,0.0008277664618843716
2019,E02006267,E07000203,8615,228441,87,3046,0.02856204858831254,246.06204858831254,female,40-44,251,0.02913522925130586,0.0008321618335074228,0.0003808423181477931,1.1095928247834715e-05
2019,E02006267,E07000203,8615,228441,87,3046,0.02856204858831254,246.06204858831254,male,40-44,215,0.024956471271038887,0.0007128079450362387,0.0003808423181477931,9.504480371651251e-06
2019,E02005538,E07000145,9068,228441,751,4616,0.1626949740034662,1475.3180242634314,female,40-44,164,0.01808557565063961,0.002942432260318533,0.0032875009302183057,5.945634677501126e-05
2019,E02005538,E07000145,9068,228441,751,4616,0.1626949740034662,1475.3180242634314,male,40-44,162,0.017865019850022056,0.0029065489400707458,0.0032875009302183057,5.8731269375316e-05
2019,E02006271,E07000203,9748,228441,54,3734,0.0144617032672737,140.97268344938402,female,40-44,243,0.024928190398030365,0.00036050409252641664,0.0002363848871262164,5.892647473499239e-06
2019,E02006271,E07000203,9748,228441,54,3734,0.0144617032672737,140.97268344938402,male,40-44,263,0.026979893311448504,0.0003901752112528707,0.0002363848871262164,6.377639035104115e-06
2019,E02006312,E07000244,8830,228441,965,3470,0.2780979827089337,2455.605187319885,female,40-44,274,0.03103057757644394,0.008629541026302133,0.004224285482903682,0.00013108201838228867
2019,E02006312,E07000244,8830,228441,965,3470,0.2780979827089337,2455.605187319885,male,40-44,203,0.022989807474518686,0.006393419081530413,0.004224285482903682,9.711550996935984e-05
2019,E02005520,E07000144,8657,228441,3033,3252,0.9326568265682657,8074.010147601476,female,40-44,230,0.02656809518308883,0.024778915341423253,0.013276951160255821,0.0003527433021668983
2019,E02005520,E07000144,8657,228441,3033,3252,0.9326568265682657,8074.010147601476,male,40-44,230,0.02656809518308883,0.024778915341423253,0.013276951160255821,0.0003527433021668983
2019,E02006237,E07000200,7731,228441,59,2944,0.020040760869565216,154.9351222826087,female,40-44,195,0.02522312766783081,0.0005054906699735114,0.00025827237667494014,6.514437129946103e-06
2019,E02006237,E07000200,7731,228441,59,2944,0.020040760869565216,154.9351222826087,male,40-44,174,0.022506790842064417,0.00045105321320713335,0.00025827237667494014,5.812882362105754e-06
2019,E02005604,E07000149,8600,228441,2789,3152,0.8848350253807107,7609.581218274112,female,40-44,243,0.028255813953488373,0.025001733856687525,0.012208841670278102,0.0003449707588229743
2019,E02005604,E07000149,8600,228441,2789,3152,0.8848350253807107,7609.581218274112,male,40-44,258,0.03,0.02654505076142132,0.012208841670278102,0.00036626525010834306
2019,E02006258,E07000202,9082,228441,63,4222,0.014921837991473235,135.52013263855991,female,40-44,333,0.036665932613961685,0.0005471231062718111,0.00027578236831391915,1.0111817732716922e-05
2019,E02006258,E07000202,9082,228441,63,4222,0.014921837991473235,135.52013263855991,male,40-44,263,0.028958379211627396,0.00043211224309155043,0.00027578236831391915,7.986210401515166e-06
2019,E02003619,E06000055,11815,228441,9,5224,0.0017228177641653904,20.355091883614087,female,40-44,387,0.03275497249259416,5.6430848474989934e-05,3.939748118770273e-05,1.290463412580699e-06
2019,E02003619,E06000055,11815,228441,9,5224,0.0017228177641653904,20.355091883614087,male,40-44,367,0.031062209056284384,5.35145255563858e-05,3.939748118770273e-05,1.2237727969434533e-06
2019,E02006261,E07000203,8070,228441,1036,3144,0.32951653944020354,2659.1984732824426,female,40-44,190,0.023543990086741014,0.0077581341379973565,0.004535087834495559,0.0001067740630178632
2019,E02006261,E07000203,8070,228441,1036,3144,0.32951653944020354,2659.1984732824426,male,40-44,162,0.020074349442379184,0.0066148301597661685,0.004535087834495559,9.103893794154654e-05
2019,E02006306,E07000244,7510,228441,473,3378,0.14002368265245707,1051.5778567199527,female,40-44,189,0.025166444740346204,0.003523898271812834,0.002070556511309266,5.2108546023628665e-05
2019,E02006306,E07000244,7510,228441,473,3378,0.14002368265245707,1051.5778567199527,male,40-44,173,0.02303595206391478,0.003225578841394817,0.002070556511309266,4.769724054014688e-05
2019,E02006303,E07000244,8152,228441,445,3523,0.12631280158955435,1029.7019585580472,female,40-44,249,0.030544651619234545,0.0038581805196024332,0.001947986569836413,5.950057113460094e-05
2019,E02006303,E07000244,8152,228441,445,3523,0.12631280158955435,1029.7019585580472,male,40-44,231,0.028336604514229636,0.0035792759037275583,0.001947986569836413,5.51993250284852e-05
2019,E02006228,E07000200,6121,228441,22,2586,0.008507347254447023,52.07347254447023,female,40-44,178,0.02908021565103741,0.00024739549277758043,9.630495401438446e-05,2.8005688310015412e-06
2019,E02006228,E07000200,6121,228441,22,2586,0.008507347254447023,52.07347254447023,male,40-44,146,0.02385231171377226,0.000202919898570375,9.630495401438446e-05,2.2970957827316016e-06
2019,E02006266,E07000203,9653,228441,49,4297,0.011403304631138002,110.07609960437514,female,40-44,250,0.02589868434683518,0.00029533058715264693,0.00021449739757749265,5.555200393077091e-06
2019,E02006266,E07000203,9653,228441,49,4297,0.011403304631138002,110.07609960437514,male,40-44,228,0.023619600124313685,0.000269341495483214,0.00021449739757749265,5.0663427584863074e-06
2019,E02006245,E07000202,7778,228441,49,3627,0.013509787703336091,105.07912875654812,female,40-44,221,0.02841347390074569,0.0003838600003133551,0.00021449739757749265,6.094616207845959e-06
2019,E02006245,E07000202,7778,228441,49,3627,0.013509787703336091,105.07912875654812,male,40-44,189,0.02429930573412188,0.000328278461806444,0.00021449739757749265,5.212137842908988e-06
2019,E02006289,E07000244,9527,228441,111,3942,0.02815829528158295,268.26407914764076,female,40-44,224,0.02351212343864805,0.0006620613144824794,0.00048590226798166705,1.1424594103904e-05
2019,E02006289,E07000244,9527,228441,111,3942,0.02815829528158295,268.26407914764076,male,40-44,183,0.019208565130681223,0.0005408804488852399,0.00048590226798166705,9.333485361671573e-06
2019,E02006286,E07000245,11775,228441,11,4724,0.0023285351397121083,27.418501270110074,female,40-44,361,0.030658174097664543,7.138863570582345e-05,4.815247700719223e-05,1.4762670233202884e-06
2019,E02006286,E07000245,11775,228441,11,4724,0.0023285351397121083,27.418501270110074,male,40-44,411,0.03490445859872612,8.127625837976021e-05,4.815247700719223e-05,1.6807361401236525e-06
2019,E02006280,E07000245,9789,228441,32,4150,0.0077108433734939755,75.48144578313253,female,40-44,263,0.02686689140872408,0.00020716639158534228,0.00014007993311183193,3.763512351456921e-06
2019,E02006280,E07000245,9789,228441,32,4150,0.0077108433734939755,75.48144578313253,male,40-44,239,0.024415159873327204,0.0001882614737220411,0.00014007993311183193,3.4200739619703575e-06
2019,E02006290,E07000244,8129,228441,72,3583,0.020094892548144012,163.35138152386267,female,40-44,187,0.023004059539918808,0.00046226410462577564,0.00031517984950162184,7.250416023717958e-06
2019,E02006290,E07000244,8129,228441,72,3583,0.020094892548144012,163.35138152386267,male,40-44,169,0.020789765038750154,0.0004177680945548454,0.00031517984950162184,6.552515016087353e-06
2019,E02006227,E07000200,6270,228441,24,2589,0.009269988412514484,58.12282734646582,female,40-44,116,0.01850079744816587,0.00017150217796677513,0.00010505994983387396,1.9436928517909697e-06
2019,E02006227,E07000200,6270,228441,24,2589,0.009269988412514484,58.12282734646582,male,40-44,129,0.02057416267942584,0.00019072224963546548,0.00010505994983387396,2.1615204989744403e-06
2019,E02006249,E07000202,8185,228441,53,3215,0.016485225505443235,134.93157076205287,female,40-44,260,0.03176542455711668,0.0005236601871002127,0.00023200738921647164,7.369813218849436e-06
2019,E02006249,E07000202,8185,228441,53,3215,0.016485225505443235,134.93157076205287,male,40-44,276,0.033720219914477705,0.0005558854293833028,0.00023200738921647164,7.823340186163247e-06
2019,E02006262,E07000203,9118,228441,277,3705,0.0747638326585695,681.6966261808368,female,40-44,226,0.024786137310813774,0.001853106622158007,0.0012125669209992953,3.005485020243921e-05
2019,E02006262,E07000203,9118,228441,277,3705,0.0747638326585695,681.6966261808368,male,40-44,239,0.026211888572055274,0.001959701250866211,0.0012125669209992953,3.178366901939368e-05
2019,E02006268,E07000203,6407,228441,39,3227,0.012085528354508832,77.43198016733808,female,40-44,204,0.03184017480880287,0.00038480533546430493,0.00017072241848004518,5.4358316481862364e-06
2019,E02006268,E07000203,6407,228441,39,3227,0.012085528354508832,77.43198016733808,male,40-44,133,0.020758545341033247,0.0002508779883174145,0.00017072241848004518,3.54394906474887e-06
2019,E02006257,E07000202,6460,228441,45,3015,0.014925373134328358,96.41791044776119,female,40-44,152,0.023529411764705882,0.00035118525021949075,0.00019698740593851365,4.634997786788556e-06
2019,E02006257,E07000202,6460,228441,45,3015,0.014925373134328358,96.41791044776119,male,40-44,147,0.022755417956656348,0.00033963310383069176,0.00019698740593851365,4.482530754328407e-06
2019,E02006265,E07000203,7283,228441,60,2946,0.020366598778004074,148.32993890020367,female,40-44,189,0.02595084443223946,0.000528530436501822,0.0002626498745846849,6.815986035494362e-06
2019,E02006265,E07000203,7283,228441,60,2946,0.020366598778004074,148.32993890020367,male,40-44,199,0.027323904984209803,0.0005564950098617068,0.0002626498745846849,7.176620217266551e-06
2019,E02006253,E07000202,6895,228441,47,3085,0.015235008103727715,105.0453808752026,female,40-44,161,0.023350253807106598,0.00035574130597536795,0.00020574240175800316,4.804137299933069e-06
2019,E02006253,E07000202,6895,228441,47,3085,0.015235008103727715,105.0453808752026,male,40-44,174,0.0252356780275562,0.00038446575925288215,0.00020574240175800316,5.192049007381081e-06
2019,E02006263,E07000203,7712,228441,950,2788,0.34074605451936874,2627.8335724533717,female,40-44,170,0.022043568464730292,0.007511258981884425,0.00415862301425751,9.167089113378849e-05
2019,E02006263,E07000203,7712,228441,950,2788,0.34074605451936874,2627.8335724533717,male,40-44,148,0.019190871369294607,0.006539213701875853,0.00415862301425751,7.980759934000409e-05
2019,E02006247,E07000202,8915,228441,57,3837,0.014855355746677092,132.43549648162627,female,40-44,311,0.03488502523836231,0.000518229460147681,0.00024951738085545063,8.704420128552456e-06
2019,E02006247,E07000202,8915,228441,57,3837,0.014855355746677092,132.43549648162627,male,40-44,236,0.026472237801458215,0.00039325450995129484,0.00024951738085545063,6.605283441602506e-06
2019,E02006291,E07000244,7681,228441,68,3090,0.022006472491909384,169.03171521035597,female,40-44,189,0.02460617107147507,0.0005414950268156325,0.0002976698578626429,7.324515445389859e-06
2019,E02006291,E07000244,7681,228441,68,3090,0.022006472491909384,169.03171521035597,male,40-44,158,0.020570238250227836,0.0004526783822056611,0.0002976698578626429,6.12313989614602e-06
2019,E02006301,E07000244,6451,228441,46,3009,0.015287470920571618,98.61947490860751,female,40-44,162,0.02511238567663928,0.0003839048657778022,0.0002013649038482584,5.056753127176851e-06
2019,E02006301,E07000244,6451,228441,46,3009,0.015287470920571618,98.61947490860751,male,40-44,188,0.029142768563013486,0.0004455192269520174,0.0002013649038482584,5.868330789563258e-06
2019,E02006283,E07000245,7626,228441,13,3104,0.004188144329896907,31.938788659793815,female,40-44,180,0.023603461841070025,9.885470487561544e-05,5.690747282668173e-05,1.3432133633363115e-06
2019,E02006283,E07000245,7626,228441,13,3104,0.004188144329896907,31.938788659793815,male,40-44,278,0.036454235510097036,0.00015267559975233938,5.690747282668173e-05,2.074518416708303e-06
2019,E02006272,E07000203,7642,228441,56,3187,0.017571383746470035,134.280514590524,female,40-44,255,0.033368228212509815,0.0005863259428617978,0.0002451398829457059,8.179883558120256e-06
2019,E02006272,E07000203,7642,228441,56,3187,0.017571383746470035,134.280514590524,male,40-44,222,0.02904998691442031,0.0005104484679032122,0.0002451398829457059,7.1213103917752825e-06
2019,E02006297,E07000244,8226,228441,45,3235,0.013910355486862442,114.42658423493044,female,40-44,211,0.025650376853877947,0.00035680586040943047,0.00019698740593851365,5.05280119779071e-06
2019,E02006297,E07000244,8226,228441,45,3235,0.013910355486862442,114.42658423493044,male,40-44,215,0.026136639922197908,0.0003635699525498936,0.00019698740593851365,5.1485888982227615e-06
2019,E02006270,E07000203,13467,228441,59,4858,0.01214491560312886,163.55557842733637,female,40-44,448,0.033266503304373654,0.0004040188750428254,0.00025827237667494014,8.591818872085333e-06
2019,E02006270,E07000203,13467,228441,59,4858,0.01214491560312886,163.55557842733637,male,40-44,442,0.03282096977797579,0.000398607907966359,0.00025827237667494014,8.47674986933419e-06
2019,E02006255,E07000202,8208,228441,58,3059,0.01896044458973521,155.6273291925466,female,40-44,222,0.027046783625730993,0.00051281904226623,0.0002538948787651954,6.867039849643442e-06
2019,E02006255,E07000202,8208,228441,58,3059,0.01896044458973521,155.6273291925466,male,40-44,337,0.04105750487329435,0.0007784685461428807,0.0002538948787651954,1.0424290222206487e-05
2019,E02006252,E07000202,9269,228441,37,3710,0.009973045822102426,92.44016172506738,female,40-44,310,0.033444816053511704,0.00033354668301345904,0.00016196742266055567,5.416970657543668e-06
2019,E02006252,E07000202,9269,228441,37,3710,0.009973045822102426,92.44016172506738,male,40-44,297,0.03204229150933218,0.00031955924146773336,0.00016196742266055567,5.18980737190474e-06
2019,E02006300,E07000244,7781,228441,61,3606,0.01691625069328896,131.62534664448143,female,40-44,243,0.031229919033543246,0.0005282931395025341,0.00026702737249442965,8.339243222740831e-06
2019,E02006300,E07000244,7781,228441,61,3606,0.01691625069328896,131.62534664448143,male,40-44,210,0.02698881891787688,0.000456549626730585,0.00026702737249442965,7.206753402368619e-06
2019,E02006248,E07000202,8109,228441,44,3404,0.012925969447708578,104.81668625146885,female,40-44,287,0.03539277346158589,0.00045748590843413015,0.00019260990802876893,6.816998841319112e-06
2019,E02006248,E07000202,8109,228441,44,3404,0.012925969447708578,104.81668625146885,male,40-44,240,0.029596744358120607,0.00038256661332470817,0.00019260990802876893,5.7006262087685955e-06
2019,E02006229,E07000200,5937,228441,16,2606,0.0061396776669224865,36.451266308518804,female,40-44,146,0.024591544551120094,0.00015098415687564141,7.003996655591596e-05,1.7223909579187687e-06
2019,E02006229,E07000200,5937,228441,16,2606,0.0061396776669224865,36.451266308518804,male,40-44,161,0.027118073100892707,0.00016649622778752238,7.003996655591596e-05,1.8993489330474094e-06
2019,E02006231,E07000200,8619,228441,37,3270,0.011314984709480122,97.52385321100917,female,40-44,255,0.029585798816568046,0.0003347628612272225,0.00016196742266055567,4.791935581673245e-06
2019,E02006231,E07000200,8619,228441,37,3270,0.011314984709480122,97.52385321100917,male,40-44,275,0.03190625362571064,0.0003610187719117106,0.00016196742266055567,5.167773666510362e-06
2019,E02006260,E07000202,8746,228441,64,3841,0.016662327518875295,145.72871648008334,female,40-44,276,0.03155728332952207,0.0005258177904424402,0.00028015986622366386,8.84108427598116e-06
2019,E02006260,E07000202,8746,228441,64,3841,0.016662327518875295,145.72871648008334,male,40-44,220,0.02515435627715527,0.00041913012281643777,0.00028015986622366386,7.0472410895502e-06
2019,E02006254,E07000202,9499,228441,71,4098,0.017325524646168863,164.57515861395802,female,40-44,268,0.02821349615749026,0.000488813623031188,0.00031080235159187714,8.768820952376363e-06
2019,E02006254,E07000202,9499,228441,71,4098,0.017325524646168863,164.57515861395802,male,40-44,330,0.034740498999894724,0.0006018973716428807,0.00031080235159187714,1.0797428784642536e-05
2019,E02006299,E07000244,8381,228441,52,3938,0.013204672422549517,110.6683595733875,female,40-44,167,0.019926023147595753,0.00026311660834814094,0.0002276298913067269,4.535758483262546e-06
2019,E02006299,E07000244,8381,228441,52,3938,0.013204672422549517,110.6683595733875,male,40-44,164,0.019568070635962297,0.00025838996268919234,0.0002276298913067269,4.454277791946452e-06
2019,E02006298,E07000244,9290,228441,58,3706,0.015650296815974095,145.39125742039934,female,40-44,238,0.025618945102260496,0.0004009440949625226,0.0002538948787651954,6.5045189608306245e-06
2019,E02006298,E07000244,9290,228441,58,3706,0.015650296815974095,145.39125742039934,male,40-44,273,0.02938643702906351,0.0004599064618687759,0.0002538948787651954,7.461065866835128e-06
2019,E02006234,E07000200,9751,228441,20,3978,0.005027652086475616,49.024635495223734,female,40-44,257,0.02635627115167675,0.00013251016164744471,8.754995819489497e-05,2.3074904375026157e-06
2019,E02006234,E07000200,9751,228441,20,3978,0.005027652086475616,49.024635495223734,male,40-44,274,0.02809968208388883,0.00014127542525836518,8.754995819489497e-05,2.4601259917343063e-06
2019,E02006236,E07000200,10362,228441,53,3957,0.013393985342431134,138.7884761182714,female,40-44,302,0.029144952711831693,0.00039036706942812224,0.00023200738921647164,6.761844387509596e-06
2019,E02006236,E07000200,10362,228441,53,3957,0.013393985342431134,138.7884761182714,male,40-44,239,0.02306504535803899,0.0003089328794480835,0.00023200738921647164,5.351260955678124e-06
2019,E02006259,E07000202,7100,228441,51,3158,0.016149461684610514,114.66117796073465,female,40-44,205,0.028873239436619718,0.0004662872739922754,0.00022325239339698215,6.446019809349485e-06
2019,E02006259,E07000202,7100,228441,51,3158,0.016149461684610514,114.66117796073465,male,40-44,145,0.020422535211267606,0.0003298129498969753,0.00022325239339698215,4.559379865149636e-06
2019,E02006239,E07000245,7719,228441,32,2380,0.013445378151260505,103.78487394957983,female,40-44,139,0.01800751392667444,0.0002421178343082278,0.00014007993311183193,2.5224913463589376e-06
2019,E02006239,E07000245,7719,228441,32,2380,0.013445378151260505,103.78487394957983,male,40-44,141,0.018266614846482704,0.0002456015441543893,0.00014007993311183193,2.5587861858748933e-06
2019,E02006826,E07000245,9804,228441,18,3898,0.004617752693689072,45.27244740892766,female,40-44,247,0.025193798449612403,0.00011633873065495723,7.879496237540546e-05,1.9851444009307575e-06
2019,E02006826,E07000245,9804,228441,18,3898,0.004617752693689072,45.27244740892766,male,40-44,275,0.028049775601795186,0.00012952692684256372,7.879496237540546e-05,2.2101810131820177e-06
2019,E02003744,E07000010,14355,228441,239,6893,0.034672856521108374,497.7288553605107,female,40-44,373,0.025983977708115637,0.0009009387309211719,0.0010462220004289948,2.718500913688715e-05
2019,E02003744,E07000010,14355,228441,239,6893,0.034672856521108374,497.7288553605107,male,40-44,456,0.031765935214211075,0.0011014157139411646,0.0010462220004289948,3.323422028530976e-05
2019,E02005517,E07000143,6533,228441,306,2500,0.1224,799.6392,female,40-44,211,0.03229756620235726,0.003953222103168529,0.001339514360381893,4.3263053733442435e-05
2019,E02005517,E07000143,6533,228441,306,2500,0.1224,799.6392,male,40-44,188,0.02877697841726619,0.0035223021582733815,0.001339514360381893,3.8547175838327855e-05
2019,E02005519,E07000143,8913,228441,424,3683,0.11512354059190877,1026.096117295683,female,40-44,225,0.02524402558061259,0.0029061816036328367,0.001856059113731773,4.685440374617401e-05
2019,E02005519,E07000143,8913,228441,424,3683,0.11512354059190877,1026.096117295683,male,40-44,276,0.03096600471221811,0.0035649161004562796,0.001856059113731773,5.7474735261973456e-05
2019,E02006269,E07000203,7508,228441,35,2973,0.011772620248906828,88.38883282879247,female,40-44,216,0.02876931273308471,0.0003386901936286461,0.0001532124268410662,4.407816222385495e-06
2019,E02006269,E07000203,7508,228441,35,2973,0.011772620248906828,88.38883282879247,male,40-44,212,0.02823654768247203,0.0003324181530058934,0.0001532124268410662,4.326189996045023e-06
2019,E02006242,E07000245,9994,228441,28,3639,0.007694421544380325,76.89804891453696,female,40-44,290,0.02901741044626776,0.00022327218809988934,0.00012256994147285294,3.5566623000927906e-06
2019,E02006242,E07000245,9994,228441,28,3639,0.007694421544380325,76.89804891453696,male,40-44,258,0.025815489293576147,0.0001986352569992119,0.00012256994147285294,3.1642030118066898e-06
2019,E02005512,E07000143,9450,228441,2888,3385,0.8531757754800591,8062.511078286559,female,40-44,233,0.024656084656084657,0.021035974146757012,0.012642213963342832,0.0003117074977205164
2019,E02005512,E07000143,9450,228441,2888,3385,0.8531757754800591,8062.511078286559,male,40-44,308,0.03259259259259259,0.02780721046009081,0.012642213963342832,0.0004120425291756182
2019,E02006264,E07000203,8672,228441,29,3559,0.00814835627985389,70.66254565889294,female,40-44,262,0.030212177121771218,0.00024617958317824253,0.0001269474393825977,3.835358523782356e-06
2019,E02006264,E07000203,8672,228441,29,3559,0.00814835627985389,70.66254565889294,male,40-44,216,0.024907749077490774,0.0002029572136125969,0.0001269474393825977,3.1619749661717135e-06
2019,E02006282,E07000245,6368,228441,17,2675,0.006355140186915888,40.469532710280376,female,40-44,153,0.02402638190954774,0.0001526910252195557,7.441746446566072e-05,1.7879824219921625e-06
2019,E02006282,E07000245,6368,228441,17,2675,0.006355140186915888,40.469532710280376,male,40-44,141,0.022141959798994974,0.000140715258535669,7.441746446566072e-05,1.6477485065417967e-06
2019,E02006284,E07000245,7933,228441,10,3332,0.003001200480192077,23.808523409363747,female,40-44,233,0.029370981974032522,8.814820520417925e-05,4.3774979097447484e-05,1.2857141219847805e-06
2019,E02006284,E07000245,7933,228441,10,3332,0.003001200480192077,23.808523409363747,male,40-44,213,0.026849867641497542,8.058183565875613e-05,4.3774979097447484e-05,1.1753523947757866e-06
2019,E02005511,E07000143,8248,228441,2831,3289,0.8607479477044695,7099.449072666464,female,40-44,198,0.024005819592628517,0.02066295994731874,0.012392696582487381,0.000297496838425376
2019,E02005511,E07000143,8248,228441,2831,3289,0.8607479477044695,7099.449072666464,male,40-44,224,0.027158098933074686,0.023376277920198977,0.012392696582487381,0.00033656207983476884
2019,E02006240,E07000245,10485,228441,46,3221,0.014281279105867743,149.73921142502329,female,40-44,264,0.025178826895565092,0.0003595858544538945,0.0002013649038482584,5.0701320568374075e-06
2019,E02006240,E07000245,10485,228441,46,3221,0.014281279105867743,149.73921142502329,male,40-44,196,0.018693371483071052,0.0002669652555794065,0.0002013649038482584,3.764188951288378e-06
2019,E02006243,E07000245,8966,228441,13,3683,0.0035297311973934292,31.647569915829486,female,40-44,245,0.027325451706446575,9.6451499371112e-05,5.690747282668173e-05,1.5550224004614124e-06
2019,E02006243,E07000245,8966,228441,13,3683,0.0035297311973934292,31.647569915829486,male,40-44,267,0.029779165737229534,0.00010511245033504858,5.690747282668173e-05,1.6946570649926412e-06
2019,E02006246,E07000202,7040,228441,60,3135,0.019138755980861243,134.73684210526315,female,40-44,188,0.026704545454545453,0.0005110917790343627,0.0002626498745846849,7.013945514477381e-06
2019,E02006246,E07000202,7040,228441,60,3135,0.019138755980861243,134.73684210526315,male,40-44,178,0.02528409090909091,0.000483906046107003,0.0002626498745846849,6.640863306260499e-06
2019,E02003752,E07000010,11152,228441,8,4643,0.0017230239069567091,19.21516261038122,female,40-44,297,0.02663199426111908,4.588756280184205e-05,3.501998327795798e-05,9.326519936830632e-07
2019,E02003752,E07000010,11152,228441,8,4643,0.0017230239069567091,19.21516261038122,male,40-44,326,0.029232424677187948,5.0368166577106095e-05,3.501998327795798e-05,1.0237190233692883e-06
2019,E02005564,E07000146,9930,228441,366,4997,0.0732439463678207,727.3123874324594,female,40-44,201,0.0202416918429003,0.0014825813917353433,0.0016021642349665778,3.243051472590958e-05
2019,E02005564,E07000146,9930,228441,366,4997,0.0732439463678207,727.3123874324594,male,40-44,242,0.024370594159113797,0.0017849984915420552,0.0016021642349665778,3.9045694346617505e-05
2019,E02003780,E07000012,12091,228441,8,3877,0.0020634511220015478,24.949187516120713,female,40-44,464,0.0383756513108924,7.918628075500109e-05,3.501998327795798e-05,1.3439146671881981e-06
2019,E02003780,E07000012,12091,228441,8,3877,0.0020634511220015478,24.949187516120713,male,40-44,474,0.039202712761558185,8.089288163334163e-05,3.501998327795798e-05,1.3728783453603576e-06
2019,E02003249,E06000031,12090,228441,11,4349,0.0025293170843872156,30.579443550241436,female,40-44,361,0.02985938792390405,7.552386000527583e-05,4.815247700719223e-05,1.4378034904546233e-06
2019,E02003249,E06000031,12090,228441,11,4349,0.0025293170843872156,30.579443550241436,male,40-44,446,0.03688999172870141,9.330648632230754e-05,4.815247700719223e-05,1.7763444785118061e-06
2019,E02003745,E07000010,10314,228441,155,4975,0.031155778894472363,321.34070351758794,female,40-44,273,0.02646887725421757,0.0008246584873173313,0.000678512176010436,1.7959455502312296e-05
2019,E02003745,E07000010,10314,228441,155,4975,0.031155778894472363,321.34070351758794,male,40-44,260,0.025208454527826257,0.0007853890355403155,0.000678512176010436,1.710424333553552e-05
2019,E02003737,E07000009,13972,228441,10,4946,0.0020218358269308533,28.24909017387788,female,40-44,443,0.03170626968222159,6.410487198184713e-05,4.3774979097447484e-05,1.387941292597283e-06
2019,E02003737,E07000009,13972,228441,10,4946,0.0020218358269308533,28.24909017387788,male,40-44,622,0.04451760664185514,9.000729203771764e-05,4.3774979097447484e-05,1.948757300215598e-06
2019,E02005589,E07000148,11841,228441,3910,4159,0.9401298389035826,11132.077422457322,female,40-44,303,0.025589054978464656,0.024057034134598896,0.017116016827101965,0.00043798269560103837
2019,E02005589,E07000148,11841,228441,3910,4159,0.9401298389035826,11132.077422457322,male,40-44,308,0.026011316611772653,0.024454014895895906,0.017116016827101965,0.0004452101328221776
2019,E02005540,E07000145,8995,228441,667,4468,0.14928379588182633,1342.807743957028,female,40-44,196,0.02178988326848249,0.0032528764861409626,0.002919791105799747,6.36219073637299e-05
2019,E02005540,E07000145,8995,228441,667,4468,0.14928379588182633,1342.807743957028,male,40-44,194,0.021567537520844914,0.003219683868935443,0.002919791105799747,6.297270422736531e-05
2019,E02005548,E07000145,7498,228441,499,3604,0.13845726970033295,1038.1526082130965,female,40-44,183,0.0244065084022406,0.003379258516292469,0.0021843714569626293,5.331288031797295e-05
2019,E02005548,E07000145,7498,228441,499,3604,0.13845726970033295,1038.1526082130965,male,40-44,175,0.023339557215257403,0.003231531368039246,0.0021843714569626293,5.098226259915446e-05
2019,E02005507,E07000143,11864,228441,4009,4418,0.9074241738343142,10765.680398370303,female,40-44,337,0.028405259608900876,0.02577561923315609,0.017549389120166695,0.0004984949539359554
2019,E02005507,E07000143,11864,228441,4009,4418,0.9074241738343142,10765.680398370303,male,40-44,305,0.025708024275118004,0.023328082688761447,0.017549389120166695,0.00045116012151473717
2019,E02005547,E07000145,8812,228441,520,3960,0.13131313131313133,1157.1313131313132,female,40-44,233,0.026441216522923288,0.0034720789373535632,0.002276298913067269,6.018811243130659e-05
2019,E02005547,E07000145,8812,228441,520,3960,0.13131313131313133,1157.1313131313132,male,40-44,278,0.03154788924194281,0.004142652122679359,0.002276298913067269,7.1812425991001e-05
2019,E02005561,E07000146,11213,228441,311,5394,0.05765665554319614,646.5040786058584,female,40-44,289,0.02577365557834656,0.0014860227817697035,0.0013614018499306167,3.508830238383557e-05
2019,E02005561,E07000146,11213,228441,311,5394,0.05765665554319614,646.5040786058584,male,40-44,382,0.03406760010701864,0.0019642238845537256,0.0013614018499306167,4.637969380839165e-05
2019,E02005504,E07000143,9110,228441,1501,4011,0.3742208925454999,3409.152331089504,female,40-44,214,0.02349066959385291,0.008790699341903071,0.006570624362526867,0.00015434836592543902
2019,E02005504,E07000143,9110,228441,1501,4011,0.3742208925454999,3409.152331089504,male,40-44,190,0.020856201975850714,0.007804826518512073,0.006570624362526867,0.00013703826881230566
2019,E02005569,E07000146,8228,228441,242,3732,0.06484458735262594,533.5412647374062,female,40-44,227,0.027588721438988818,0.0017889792572977742,0.001059354494158229,2.922623604447229e-05
2019,E02005569,E07000146,8228,228441,242,3732,0.06484458735262594,533.5412647374062,male,40-44,231,0.02807486631016043,0.001820503120862493,0.001059354494158229,2.974123579855991e-05
2019,E02005466,E07000140,6685,228441,69,3343,0.020640143583607537,137.97935985641638,female,40-44,175,0.02617801047120419,0.000540317894858836,0.00030204735577238763,7.9069988422091e-06
2019,E02005466,E07000140,6685,228441,69,3343,0.020640143583607537,137.97935985641638,male,40-44,152,0.02273747195213164,0.0004693046858202462,0.00030204735577238763,6.86779328009019e-06
2019,E02005578,E07000147,5843,228441,1169,2736,0.427266081871345,2496.515716374269,female,40-44,147,0.025158309087797363,0.010749292150451431,0.005117295056491611,0.0001287424907246734
2019,E02005578,E07000147,5843,228441,1169,2736,0.427266081871345,2496.515716374269,male,40-44,174,0.029779223001882595,0.01272365193318741,0.005117295056491611,0.00015238907065369506
2019,E02005580,E07000147,7937,228441,1847,3887,0.47517365577566245,3771.453305891433,female,40-44,180,0.022678593927176516,0.010776270384228202,0.00808523863929855,0.000183361843904969
2019,E02005580,E07000147,7937,228441,1847,3887,0.47517365577566245,3771.453305891433,male,40-44,174,0.021922640796270633,0.010417061371420596,0.00808523863929855,0.00017724978244147005
2019,E02005474,E07000140,6793,228441,38,3085,0.012317666126418152,83.6739059967585,female,40-44,176,0.025909023995289267,0.0003191387072353297,0.00016634492057030043,4.309834538550401e-06
2019,E02005474,E07000140,6793,228441,38,3085,0.012317666126418152,83.6739059967585,male,40-44,147,0.021639923450610922,0.00026655335206587195,0.00016634492057030043,3.5996913475392556e-06
2019,E02005510,E07000143,7023,228441,1986,3118,0.6369467607440668,4473.277100705581,female,40-44,176,0.025060515449238218,0.015962214137968923,0.00869371084875307,0.0002178688750363862
2019,E02005510,E07000143,7023,228441,1986,3118,0.6369467607440668,4473.277100705581,male,40-44,118,0.016801936494375624,0.010701939024320074,0.00869371084875307,0.0001460711775812135
2019,E02005514,E07000143,6903,228441,367,3099,0.11842529848338174,817.4898354307841,female,40-44,167,0.024192380124583513,0.002864989837277234,0.0016065417328763225,3.88660682877511e-05
2019,E02005514,E07000143,6903,228441,367,3099,0.11842529848338174,817.4898354307841,male,40-44,147,0.021295089091699262,0.0025218772819146917,0.0016065417328763225,3.4211449331134205e-05
2019,E02005506,E07000143,6943,228441,1780,2867,0.6208580397628183,4310.617370073247,female,40-44,170,0.02448509289932306,0.015201766780884217,0.007791946279345652,0.00019078652851631296
2019,E02005506,E07000143,6943,228441,1780,2867,0.6208580397628183,4310.617370073247,male,40-44,152,0.02189255365115944,0.01359216794526118,0.007791946279345652,0.00017058560196752686
2019,E02005571,E07000147,5990,228441,1519,2515,0.6039761431411531,3617.8170974155073,female,40-44,113,0.018864774624373956,0.011393873818856478,0.006649419324902273,0.00012543979694723819
2019,E02005571,E07000147,5990,228441,1519,2515,0.6039761431411531,3617.8170974155073,male,40-44,120,0.02003338898163606,0.012099689011175021,0.006649419324902273,0.00013321040383777508
2019,E02003742,E07000010,6664,228441,124,3558,0.03485103991006183,232.24732996065205,female,40-44,152,0.022809123649459785,0.0007949216786208582,0.0005428097408083488,1.2381014496228845e-05
2019,E02003742,E07000010,6664,228441,124,3558,0.03485103991006183,232.24732996065205,male,40-44,141,0.021158463385354143,0.0007373944518785593,0.0005428097408083488,1.1485020026107022e-05
2019,E02005472,E07000140,9869,228441,192,5695,0.033713784021071114,332.7213345039508,female,40-44,262,0.02654777586381599,0.0008950259817124969,0.0008404795986709917,2.2312864003627503e-05
2019,E02005472,E07000140,9869,228441,192,5695,0.033713784021071114,332.7213345039508,male,40-44,230,0.023305299422433885,0.0007857098312743293,0.0008404795986709917,1.9587628705474526e-05
2019,E02005552,E07000146,6790,228441,471,3075,0.15317073170731707,1040.029268292683,female,40-44,148,0.021796759941089837,0.003338625669025468,0.0020618015154897766,4.494059267930588e-05
2019,E02005552,E07000146,6790,228441,471,3075,0.15317073170731707,1040.029268292683,male,40-44,149,0.0219440353460972,0.003361183950572937,0.0020618015154897766,4.524424533254443e-05
2019,E02005563,E07000146,7551,228441,209,4033,0.05182246466650137,391.3114306967518,female,40-44,181,0.02397033505495961,0.0012422018414298434,0.0009148970631366524,2.1930389144184092e-05
2019,E02005563,E07000146,7551,228441,209,4033,0.05182246466650137,391.3114306967518,male,40-44,176,0.023308171103165142,0.0012078868734345437,0.0009148970631366524,2.1324577289372377e-05
2019,E02005509,E07000143,8278,228441,645,4465,0.1444568868980963,1195.8141097424411,female,40-44,209,0.02524764435854071,0.0036471961055450745,0.0028234861517853625,7.128637421154152e-05
2019,E02005509,E07000143,8278,228441,645,4465,0.1444568868980963,1195.8141097424411,male,40-44,170,0.020536361439961345,0.002966618841830922,0.0028234861517853625,5.798413213378976e-05
2019,E02005566,E07000146,9847,228441,243,4936,0.04923014586709887,484.76924635332256,female,40-44,236,0.023966690362546967,0.00117988366249978,0.0010637319920679738,2.5494135282628395e-05
2019,E02005566,E07000146,9847,228441,243,4936,0.04923014586709887,484.76924635332256,male,40-44,213,0.021630953589925866,0.0010648950004764964,0.0010637319920679738,2.300953735254173e-05
2019,E02005568,E07000146,7423,228441,251,3603,0.06966416874826534,517.1171246183736,female,40-44,169,0.02276707530647986,0.0015860493760550777,0.0010987519753459319,2.5015368965844335e-05
2019,E02005568,E07000146,7423,228441,251,3603,0.06966416874826534,517.1171246183736,male,40-44,171,0.023036508150343527,0.0016048191911563212,0.0010987519753459319,2.531140883526261e-05
2019,E02005560,E07000146,9204,228441,229,4415,0.05186862967157418,477.39886749716874,female,40-44,316,0.0343328987396784,0.001780800410280035,0.0010024470213315473,3.441691207526825e-05
2019,E02005560,E07000146,9204,228441,229,4415,0.05186862967157418,477.39886749716874,male,40-44,281,0.03053020425901782,0.001583559858508512,0.0010024470213315473,3.060491232009613e-05
2019,E02005559,E07000146,7266,228441,191,3715,0.05141318977119785,373.56823687752353,female,40-44,207,0.028488852188274155,0.0014647027639193442,0.0008361021007612469,2.3819589162892667e-05
2019,E02005559,E07000146,7266,228441,191,3715,0.05141318977119785,373.56823687752353,male,40-44,220,0.030278007156619872,0.001556688927836984,0.0008361021007612469,2.5315505390513944e-05
2019,E02003743,E07000010,11376,228441,180,5507,0.032685672780098055,371.83221354639545,female,40-44,339,0.02979957805907173,0.0009740192574238081,0.0007879496237540546,2.348056631967515e-05
2019,E02003743,E07000010,11376,228441,180,5507,0.032685672780098055,371.83221354639545,male,40-44,352,0.030942334739803096,0.0010113710283574644,0.0007879496237540546,2.4381001016299864e-05
2019,E02005567,E07000146,11005,228441,321,5784,0.05549792531120332,610.7546680497925,female,40-44,278,0.02526124488868696,0.0014019466821003654,0.001405176829028064,3.549651598998653e-05
2019,E02005567,E07000146,11005,228441,321,5784,0.05549792531120332,610.7546680497925,male,40-44,262,0.02380736029077692,0.0013212591032744452,0.001405176829028064,3.345355104092256e-05
2019,E02005551,E07000146,5246,228441,187,2808,0.06659544159544159,349.3596866096866,female,40-44,99,0.01887152115897827,0.0012567572851598775,0.0008185921091222679,1.5448078307873527e-05
2019,E02005551,E07000146,5246,228441,187,2808,0.06659544159544159,349.3596866096866,male,40-44,79,0.015059092642012962,0.0010028669245215184,0.0008185921091222679,1.2327254407293017e-05
2019,E02005556,E07000146,7408,228441,229,3960,0.057828282828282826,428.39191919191916,female,40-44,226,0.03050755939524838,0.0017641997731090602,0.0010024470213315473,3.0582212043861995e-05
2019,E02005556,E07000146,7408,228441,229,3960,0.057828282828282826,428.39191919191916,male,40-44,197,0.026592872570194385,0.0015378201562056854,0.0010024470213315473,2.6657945896640768e-05
2019,E02005553,E07000146,8632,228441,372,4706,0.07904802379940501,682.342541436464,female,40-44,163,0.018883225208526415,0.0014926816356931206,0.0016284292224250463,3.07499957431977e-05
2019,E02005553,E07000146,8632,228441,372,4706,0.07904802379940501,682.342541436464,male,40-44,149,0.0172613531047266,0.0013644758510323617,0.0016284292224250463,2.8108891814334094e-05
2019,E02005565,E07000146,6996,228441,217,3487,0.062231144250071695,435.36908517350156,female,40-44,199,0.028444825614636935,0.0017701540459926053,0.0009499170464146103,2.702022473363457e-05
2019,E02005565,E07000146,6996,228441,217,3487,0.062231144250071695,435.36908517350156,male,40-44,175,0.02501429388221841,0.0015566681308980198,0.0009499170464146103,2.3761504162743968e-05
2019,E02005558,E07000146,7087,228441,210,3328,0.06310096153846154,447.1965144230769,female,40-44,181,0.02553972061521095,0.0016115809282434793,0.0009192745610463971,2.3478015457795665e-05
2019,E02005558,E07000146,7087,228441,210,3328,0.06310096153846154,447.1965144230769,male,40-44,155,0.021871031466064627,0.001380083115346626,0.0009192745610463971,2.01054828505985e-05
2019,E02005555,E07000146,6847,228441,224,3227,0.06941431670281996,475.27982646420827,female,40-44,166,0.024244194537753762,0.0016828941978484174,0.0009805595317828235,2.3772876044391514e-05
2019,E02005555,E07000146,6847,228441,224,3227,0.06941431670281996,475.27982646420827,male,40-44,174,0.02541258945523587,0.0017639975326844855,0.0009805595317828235,2.49185568176152e-05
2019,E02005554,E07000146,6905,228441,253,3601,0.07025826159400167,485.13329630658154,female,40-44,133,0.019261404779145546,0.0013532728156411618,0.0011075069711654214,2.1332140067342655e-05
2019,E02005554,E07000146,6905,228441,253,3601,0.07025826159400167,485.13329630658154,male,40-44,152,0.022013034033309196,0.0015465975035898992,0.0011075069711654214,2.437958864839161e-05
2019,E02005557,E07000146,6655,228441,163,3372,0.04833926453143535,321.6978054567022,female,40-44,194,0.029151014274981218,0.001409138590397965,0.0007135321592883939,2.0800186161074143e-05
2019,E02005557,E07000146,6655,228441,163,3372,0.04833926453143535,321.6978054567022,male,40-44,198,0.02975206611570248,0.0014381929943236963,0.0007135321592883939,2.1229055978828248e-05
2019,E02005562,E07000146,7150,228441,311,3610,0.08614958448753463,615.9695290858725,female,40-44,183,0.025594405594405595,0.0022049474071634736,0.0013614018499306167,3.4844271124098304e-05
2019,E02005562,E07000146,7150,228441,311,3610,0.08614958448753463,615.9695290858725,male,40-44,150,0.02097902097902098,0.0018073339402979293,0.0013614018499306167,2.856087797057238e-05
2019,E02005573,E07000147,5874,228441,2012,2264,0.8886925795053003,5220.180212014134,female,40-44,111,0.018896833503575076,0.016793475710774317,0.008807525794406433,0.00016643434851534118
2019,E02005573,E07000147,5874,228441,2012,2264,0.8886925795053003,5220.180212014134,male,40-44,94,0.016002723867892407,0.01422150195326834,0.008807525794406433,0.00014094440324722586
2019,E02005577,E07000147,6084,228441,1798,2279,0.78894251864853,4799.926283457657,female,40-44,131,0.0215318869165023,0.016987421095160656,0.007870741241721057,0.0001694719103657887
2019,E02005577,E07000147,6084,228441,1798,2279,0.78894251864853,4799.926283457657,male,40-44,118,0.019395134779750165,0.015301646482663798,0.007870741241721057,0.00015265408719971807
2019,E02005467,E07000140,7563,228441,18,3426,0.005253940455341506,39.73555166374781,female,40-44,226,0.029882321829961655,0.00015699993956197017,7.879496237540546e-05,2.354576424281586e-06
2019,E02005467,E07000140,7563,228441,18,3426,0.005253940455341506,39.73555166374781,male,40-44,187,0.024725637974348805,0.0001299070296375594,7.879496237540546e-05,1.9482557138967104e-06
2019,E02005505,E07000143,7600,228441,2690,2978,0.9032907991940899,6865.010073875083,female,40-44,226,0.02973684210526316,0.026861015870771623,0.011775469377213372,0.0003501652735855555
2019,E02005505,E07000143,7600,228441,2690,2978,0.9032907991940899,6865.010073875083,male,40-44,178,0.023421052631578947,0.02115602134954579,0.011775469377213372,0.0002757938880452605
2019,E02003732,E07000009,9888,228441,29,3720,0.0077956989247311825,77.08387096774193,female,40-44,272,0.02750809061488673,0.00021444479242788042,0.0001269474393825977,3.4920816658643377e-06
2019,E02003732,E07000009,9888,228441,29,3720,0.0077956989247311825,77.08387096774193,male,40-44,275,0.027811488673139158,0.00021680999234436439,0.0001269474393825977,3.5305972724731356e-06
2019,E02005503,E07000143,7420,228441,2545,2884,0.8824549237170597,6547.815533980583,female,40-44,164,0.022102425876010783,0.01950439454037706,0.011140732180300384,0.0002462372072195772
2019,E02005503,E07000143,7420,228441,2545,2884,0.8824549237170597,6547.815533980583,male,40-44,149,0.020080862533692723,0.017720456015342573,0.011140732180300384,0.00022371551143729882
2019,E02005609,E07000149,7526,228441,2582,2965,0.8708263069139967,6553.838785834739,female,40-44,203,0.02697315971299495,0.02348893705866879,0.01130269960296094,0.00030486952157867005
2019,E02005609,E07000149,7526,228441,2582,2965,0.8708263069139967,6553.838785834739,male,40-44,194,0.02577730534148286,0.022447555612717957,0.01130269960296094,0.00029135313884858123
2019,E02005610,E07000149,8162,228441,2505,3035,0.8253706754530478,6736.675453047776,female,40-44,222,0.02719921587846116,0.02244943518139875,0.010965632263910594,0.00029825659918992305
2019,E02005610,E07000149,8162,228441,2505,3035,0.8253706754530478,6736.675453047776,male,40-44,194,0.023768684146042638,0.01961797488824936,0.010965632263910594,0.0002606386497425454
2019,E02005532,E07000144,8282,228441,2878,3062,0.9399085564990203,7784.322664924886,female,40-44,198,0.023907268775658054,0.022470646484762862,0.012598438984245385,0.0003011942669500829
2019,E02005532,E07000144,8282,228441,2878,3062,0.9399085564990203,7784.322664924886,male,40-44,235,0.028374788698382034,0.026669706686460973,0.012598438984245385,0.0003574780441074216
2019,E02005605,E07000149,10777,228441,3610,3878,0.9308922124806601,10032.225373904073,female,40-44,328,0.030435186044353715,0.02833187767408894,0.01580276745417854,0.0004809601674835818
2019,E02005605,E07000149,10777,228441,3610,3878,0.9308922124806601,10032.225373904073,male,40-44,313,0.029043333024032662,0.027036212536554385,0.01580276745417854,0.00045896503787305217
2019,E02005515,E07000143,6424,228441,2077,2285,0.9089715536105033,5839.233260393873,female,40-44,194,0.030199252801992527,0.027450261737303493,0.009092063158539842,0.00027457351381642735
2019,E02005515,E07000143,6424,228441,2077,2285,0.9089715536105033,5839.233260393873,male,40-44,162,0.025217932752179328,0.02292238351259364,0.009092063158539842,0.0002292830373106249
2019,E02005592,E07000148,9394,228441,2364,2555,0.9252446183953034,8691.74794520548,female,40-44,263,0.02799659357036406,0.0259036975343799,0.010348405058636585,0.00028972009052814795
2019,E02005592,E07000148,9394,228441,2364,2555,0.9252446183953034,8691.74794520548,male,40-44,238,0.02533532041728763,0.02344136887141603,0.010348405058636585,0.00026218015796843807
2019,E02006273,E07000245,6726,228441,75,2935,0.02555366269165247,171.8739352640545,female,40-44,147,0.021855486173059768,0.0005584877216284438,0.0003283123432308561,7.175425877926828e-06
2019,E02006273,E07000245,6726,228441,75,2935,0.02555366269165247,171.8739352640545,male,40-44,140,0.020814748736247397,0.0005318930682175655,0.0003283123432308561,6.833738931358884e-06
2019,E02005596,E07000148,9370,228441,3497,3688,0.9482104121475055,8884.731561822126,female,40-44,269,0.02870864461045891,0.027221835738279507,0.015308110190377384,0.0004394750951132888
2019,E02005596,E07000148,9370,228441,3497,3688,0.9482104121475055,8884.731561822126,male,40-44,242,0.02582710779082177,0.024489532522913162,0.015308110190377384,0.0003953642119606539
2019,E02005524,E07000144,5487,228441,1872,2021,0.9262741217219198,5082.466105888174,female,40-44,145,0.026426098049936213,0.024477810761742005,0.008194676087042168,0.00021655331376364397
2019,E02005524,E07000144,5487,228441,1872,2021,0.9262741217219198,5082.466105888174,male,40-44,141,0.02569710224166211,0.023802560809693948,0.008194676087042168,0.0002105794292460262
2019,E02005534,E07000144,7281,228441,2498,2697,0.9262143121987393,6743.766407119021,female,40-44,214,0.029391567092432357,0.027222890098960336,0.01093498977854238,0.00032139648573109044
2019,E02005534,E07000144,7281,228441,2498,2697,0.9262143121987393,6743.766407119021,male,40-44,180,0.024721878862793572,0.022897758027162898,0.01093498977854238,0.00027033349267101064
2019,E02005585,E07000148,11017,228441,3685,3934,0.9367056431113371,10319.6860701576,female,40-44,310,0.02813833166923845,0.026357334062314105,0.016131079797409395,0.0004539016735224573
2019,E02005585,E07000148,11017,228441,3685,3934,0.9367056431113371,10319.6860701576,male,40-44,286,0.025959880185168375,0.0243167662639414,0.016131079797409395,0.00041876089879813803
2019,E02005527,E07000144,8922,228441,2984,3250,0.9181538461538462,8191.768615384616,female,40-44,267,0.02992602555480834,0.027476695463245566,0.013062453762678328,0.00039090732511041403
2019,E02005527,E07000144,8922,228441,2984,3250,0.9181538461538462,8191.768615384616,male,40-44,259,0.029029365613091235,0.026653423689065925,0.013062453762678328,0.0003791947460808885
2019,E02005584,E07000148,10955,228441,3703,3961,0.9348649330977026,10241.445342085332,female,40-44,352,0.03213144682793245,0.03003856288912746,0.016209874759784804,0.0005208467289314698
2019,E02005584,E07000148,10955,228441,3703,3961,0.9348649330977026,10241.445342085332,male,40-44,282,0.025741670470104974,0.024064985041857792,0.016209874759784804,0.0004172692544280524
2019,E02005590,E07000148,11086,228441,3673,3972,0.92472306143001,10251.479859013092,female,40-44,251,0.022641169042035,0.020936811150904972,0.01607854982249246,0.00036403716448183364
2019,E02005590,E07000148,11086,228441,3673,3972,0.92472306143001,10251.479859013092,male,40-44,321,0.02895543929280173,0.026775762467890422,0.01607854982249246,0.00046556147330146846
2019,E02005607,E07000149,11561,228441,3943,4219,0.9345816544204788,10804.698506755156,female,40-44,358,0.030966179396246,0.02894042317122493,0.01726047425812354,0.0005344909423413397
2019,E02005607,E07000149,11561,228441,3943,4219,0.9345816544204788,10804.698506755156,male,40-44,304,0.02629530317446588,0.02457510794428039,0.01726047425812354,0.0004538694035524225
2019,E02005601,E07000149,5673,228441,2051,2209,0.9284744228157538,5267.235400633771,female,40-44,156,0.02749867794817557,0.025531819136128606,0.008978248212886479,0.00024688995614494813
2019,E02005601,E07000149,5673,228441,2051,2209,0.9284744228157538,5267.235400633771,male,40-44,154,0.027146130794993832,0.025204488121562858,0.008978248212886479,0.00024372470029693599
2019,E02005516,E07000143,6908,228441,1676,2829,0.592435489572287,4092.5443619653583,female,40-44,186,0.02692530399536769,0.01595150565437831,0.007336686496732198,0.00019754251424322362
2019,E02005516,E07000143,6908,228441,1676,2829,0.592435489572287,4092.5443619653583,male,40-44,155,0.022437753329473075,0.013292921378648593,0.007336686496732198,0.00016461876186935303
2019,E02005465,E07000140,8563,228441,11,3284,0.0033495736906211937,28.68239951278928,female,40-44,226,0.0263926194090856,8.840402359925141e-05,4.815247700719223e-05,1.2708699992555698e-06
2019,E02005465,E07000140,8563,228441,11,3284,0.0033495736906211937,28.68239951278928,male,40-44,191,0.022305266845731635,7.471313498874787e-05,4.815247700719223e-05,1.0740538489283798e-06
2019,E02005588,E07000148,12054,228441,3867,4106,0.9417924987822699,11352.366780321481,female,40-44,332,0.027542724406835906,0.0259395312423854,0.016927784416982943,0.0004662373010152926
2019,E02005588,E07000148,12054,228441,3867,4106,0.9417924987822699,11352.366780321481,male,40-44,302,0.02505392400862784,0.02359559769638672,0.016927784416982943,0.00042410742441752517
2019,E02005523,E07000144,8470,228441,2828,3036,0.9314888010540184,7889.710144927536,female,40-44,277,0.03270365997638725,0.03046309302148325,0.012379564088758148,0.0004048570546146408
2019,E02005523,E07000144,8470,228441,2828,3036,0.9314888010540184,7889.710144927536,male,40-44,239,0.0282172373081464,0.02628404054922201,0.012379564088758148,0.00034931709766389577
2019,E02006241,E07000245,9054,228441,39,3755,0.010386151797603195,94.03621837549933,female,40-44,243,0.0268389662027833,0.00027875357707284916,0.00017072241848004518,4.58201321964336e-06
2019,E02006241,E07000245,9054,228441,39,3755,0.010386151797603195,94.03621837549933,male,40-44,223,0.024629997791031588,0.00025581089583228545,0.00017072241848004518,4.204892790043083e-06
2019,E02005598,E07000149,9977,228441,3359,3607,0.9312448017743277,9291.029387302468,female,40-44,364,0.03648391299989977,0.03397545432954348,0.014704015478832608,0.0005364600214789084
2019,E02005598,E07000149,9977,228441,3359,3607,0.9312448017743277,9291.029387302468,male,40-44,380,0.038087601483411844,0.03546888089347945,0.014704015478832608,0.0005600406817636956
2019,E02005576,E07000147,6730,228441,2567,2849,0.901017901017901,6063.8504738504735,female,40-44,142,0.02109955423476969,0.01901107606902555,0.011237037134314768,0.00023709647445359542
2019,E02005576,E07000147,6730,228441,2567,2849,0.901017901017901,6063.8504738504735,male,40-44,133,0.01976225854383358,0.017806148712538012,0.011237037134314768,0.00022206923311498722
2019,E02005525,E07000144,10164,228441,3168,3381,0.9370008873114463,9523.67701863354,female,40-44,333,0.03276269185360094,0.030698671337535576,0.013867913378071361,0.00045435017265818214
2019,E02005525,E07000144,10164,228441,3168,3381,0.9370008873114463,9523.67701863354,male,40-44,305,0.030007870916961825,0.028117401675520574,0.013867913378071361,0.00041614655453677343
2019,E02003738,E07000009,6280,228441,13,2354,0.0055225148683092605,34.68139337298216,female,40-44,211,0.03359872611464968,0.0001855494645244035,5.690747282668173e-05,1.9120185933805483e-06
2019,E02003738,E07000009,6280,228441,13,2354,0.0055225148683092605,34.68139337298216,male,40-44,178,0.028343949044585988,0.0001565298800253262,5.690747282668173e-05,1.6129825100556286e-06
2019,E02005603,E07000149,11652,228441,3684,3943,0.9343139741313721,10886.626426578747,female,40-44,425,0.03647442499141778,0.034078564967888185,0.01612670229949965,0.0005882121933820247
2019,E02005603,E07000149,11652,228441,3684,3943,0.9343139741313721,10886.626426578747,male,40-44,373,0.032011671815997254,0.02990895231299363,0.01612670229949965,0.0005162427014858711
2019,E02005600,E07000149,6635,228441,2020,2210,0.9140271493212669,6064.570135746606,female,40-44,163,0.024566691785983422,0.022454623261396613,0.008842545777684391,0.00021723209672382153
2019,E02005600,E07000149,6635,228441,2020,2210,0.9140271493212669,6064.570135746606,male,40-44,155,0.023360964581763375,0.02135255586206426,0.008842545777684391,0.00020657039872510634
2019,E02005513,E07000143,9953,228441,3432,3696,0.9285714285714286,9242.07142857143,female,40-44,266,0.026725610368733044,0.02481663819953783,0.015023572826243975,0.000401514153700482
2019,E02005513,E07000143,9953,228441,3432,3696,0.9285714285714286,9242.07142857143,male,40-44,251,0.025218527077263138,0.023417203714601487,0.015023572826243975,0.00037887237811586836
2019,E02006238,E07000245,9785,228441,133,4511,0.029483484814896918,288.4958989137663,female,40-44,233,0.023811957077158916,0.0007020594748973921,0.0005822072219960515,1.386349338018191e-05
2019,E02006238,E07000245,9785,228441,133,4511,0.029483484814896918,288.4958989137663,male,40-44,265,0.027082268778742973,0.0007984796602910254,0.0005822072219960515,1.5767492471022343e-05
2019,E02005572,E07000147,7738,228441,3064,3314,0.9245624622812312,7154.264333132167,female,40-44,165,0.02132333936417679,0.019714759146601594,0.013412653595457909,0.000286002564390095
2019,E02005572,E07000147,7738,228441,3064,3314,0.9245624622812312,7154.264333132167,male,40-44,157,0.020289480485913673,0.018758892036463335,0.013412653595457909,0.0002721357733893631
2019,E02005518,E07000143,11391,228441,609,4444,0.13703870387038705,1561.007875787579,female,40-44,292,0.025634272671407252,0.003512887501549734,0.0026658962270345514,6.83383107974795e-05
2019,E02005518,E07000143,11391,228441,609,4444,0.13703870387038705,1561.007875787579,male,40-44,357,0.031340531998946534,0.004294865883744023,0.0026658962270345514,8.355060600924719e-05
2019,E02005574,E07000147,7117,228441,2517,2774,0.9073540014419611,6457.638428262437,female,40-44,138,0.019390192496838557,0.017593768750736354,0.01101816223882753,0.0002136442867722635
2019,E02005574,E07000147,7117,228441,2517,2774,0.9073540014419611,6457.638428262437,male,40-44,144,0.02023324434452719,0.018358715218159675,0.01101816223882753,0.00022293316880584016
2019,E02005570,E07000147,7365,228441,2562,2824,0.9072237960339944,6681.703257790368,female,40-44,142,0.01928038017651052,0.01749161969271245,0.011215149644766045,0.00021623234888754628
2019,E02005570,E07000147,7365,228441,2562,2824,0.9072237960339944,6681.703257790368,male,40-44,168,0.022810590631364563,0.02069431062236403,0.011215149644766045,0.00025582418741625193
2019,E02005521,E07000144,8781,228441,2751,2985,0.9216080402010051,8092.640201005025,female,40-44,248,0.028242796947955815,0.026028788745000486,0.012042496749707803,0.00034011379044841534
2019,E02005521,E07000144,8781,228441,2751,2985,0.9216080402010051,8092.640201005025,male,40-44,209,0.023801389363398245,0.021935551805262504,0.012042496749707803,0.00028662815404725323
2019,E02003746,E07000010,7756,228441,12,3266,0.003674219228413962,28.49724433557869,female,40-44,194,0.025012893243940175,9.190285331515068e-05,5.252997491693698e-05,1.3139266547041998e-06
2019,E02003746,E07000010,7756,228441,12,3266,0.003674219228413962,28.49724433557869,male,40-44,251,0.032362042289840125,0.0001189052380520764,5.252997491693698e-05,1.6999772697461556e-06
2019,E02003751,E07000010,7027,228441,8,3191,0.0025070510811657787,17.617047947351928,female,40-44,190,0.027038565532944356,6.778706495253991e-05,3.501998327795798e-05,9.468901128236824e-07
2019,E02003751,E07000010,7027,228441,8,3191,0.0025070510811657787,17.617047947351928,male,40-44,189,0.026896257293297282,6.743029092647391e-05,3.501998327795798e-05,9.419064806509262e-07
2019,E02005575,E07000147,7169,228441,2376,2621,0.9065242273941244,6498.872186188478,female,40-44,169,0.0235737201841261,0.02137014847672019,0.010400935033553521,0.0002451887321342649
2019,E02005575,E07000147,7169,228441,2376,2621,0.9065242273941244,6498.872186188478,male,40-44,135,0.018831078253591853,0.01707082866483565,0.010400935033553521,0.00019586082152737137
2019,E02005468,E07000140,7623,228441,12,2918,0.00411240575736806,31.348869088416723,female,40-44,212,0.02781057326511872,0.00011436836161118048,5.252997491693698e-05,1.4608887160423245e-06
2019,E02005468,E07000140,7623,228441,12,2918,0.00411240575736806,31.348869088416723,male,40-44,178,0.023350386986750623,9.602626588108549e-05,5.252997491693698e-05,1.2265952427147818e-06
2019,E02003750,E07000010,7481,228441,9,3479,0.0025869502730669733,19.352974992814026,female,40-44,158,0.021120171100120304,5.463683239467742e-05,3.939748118770273e-05,8.320815435980526e-07
2019,E02003750,E07000010,7481,228441,9,3479,0.0025869502730669733,19.352974992814026,male,40-44,186,0.024862986231787194,6.431930902158228e-05,3.939748118770273e-05,9.79539032336948e-07
2019,E02005508,E07000143,7007,228441,2441,2632,0.9274316109422492,6498.51329787234,female,40-44,187,0.026687598116169546,0.024750922113058457,0.01068547239768693,0.00028516959303089137
2019,E02005508,E07000143,7007,228441,2441,2632,0.9274316109422492,6498.51329787234,male,40-44,168,0.023976023976023976,0.022236122540073906,0.01068547239768693,0.00025619514240208423
2019,E02003753,E07000011,11314,228441,11,3948,0.002786220871327254,31.523302938196554,female,40-44,331,0.02925578928760827,8.151309072028647e-05,4.815247700719223e-05,1.408738720998818e-06
2019,E02003753,E07000011,11314,228441,11,3948,0.002786220871327254,31.523302938196554,male,40-44,365,0.03226091567968888,8.988603659487783e-05,4.815247700719223e-05,1.5534430004971863e-06
2019,E02005599,E07000149,6569,228441,2263,2427,0.9324268644416975,6125.1120725175115,female,40-44,194,0.02953265337189831,0.027537039382202668,0.009906277769752366,0.00029255866757983847
2019,E02005599,E07000149,6569,228441,2263,2427,0.9324268644416975,6125.1120725175115,male,40-44,204,0.031054955092099254,0.028956474401903836,0.009906277769752366,0.00030763901126952087
2019,E02003245,E06000031,7836,228441,8,2848,0.0028089887640449437,22.01123595505618,female,40-44,272,0.03471158754466565,9.750445939512823e-05,3.501998327795798e-05,1.2155992153655655e-06
2019,E02003245,E06000031,7836,228441,8,2848,0.0028089887640449437,22.01123595505618,male,40-44,273,0.034839203675344564,9.786293167231619e-05,3.501998327795798e-05,1.220068330127939e-06
2019,E02005526,E07000144,5348,228441,1968,2102,0.9362511893434824,5007.071360608944,female,40-44,155,0.028982797307404638,0.02713517844955867,0.008614915886377665,0.000249684360955224
2019,E02005526,E07000144,5348,228441,1968,2102,0.9362511893434824,5007.071360608944,male,40-44,146,0.027299925205684368,0.025559587442810103,0.008614915886377665,0.0002351865593513723
2019,E02005528,E07000144,8597,228441,2743,2924,0.9380984952120383,8064.832763337893,female,40-44,277,0.03222054204955217,0.030226042011601097,0.012007476766429845,0.0003868874100617736
2019,E02005528,E07000144,8597,228441,2743,2924,0.9380984952120383,8064.832763337893,male,40-44,271,0.03152262417122252,0.029571326300158473,0.012007476766429845,0.00037850717735285423
2019,E02005530,E07000144,5483,228441,2031,2157,0.9415855354659249,5162.713490959666,female,40-44,146,0.026627758526354187,0.025072312270294557,0.008890698254691583,0.0002367393662566061
2019,E02005530,E07000144,5483,228441,2031,2157,0.9415855354659249,5162.713490959666,male,40-44,173,0.03155207003465256,0.029708972758636695,0.008890698254691583,0.0002805199339889921
2019,E02005581,E07000147,8362,228441,2689,2942,0.9140040788579198,7642.9021074099255,female,40-44,210,0.025113609184405646,0.022953941229390477,0.011771091879303627,0.0002956146011305623
2019,E02005581,E07000147,8362,228441,2689,2942,0.9140040788579198,7642.9021074099255,male,40-44,250,0.0298971537909591,0.027326120511179136,0.011771091879303627,0.00035192214420305033
2019,E02006274,E07000245,6820,228441,80,2816,0.028409090909090908,193.75,female,40-44,165,0.024193548387096774,0.0006873167155425219,0.0003501998327795799,8.472576599505964e-06
2019,E02006274,E07000245,6820,228441,80,2816,0.028409090909090908,193.75,male,40-44,166,0.02434017595307918,0.0006914822713942948,0.0003501998327795799,8.52392554859388e-06
2019,E02005586,E07000148,9889,228441,3031,3232,0.937809405940594,9273.997215346535,female,40-44,314,0.03175245221963798,0.029777748353255792,0.013268196164436332,0.0004212977647520486
2019,E02005586,E07000148,9889,228441,3031,3232,0.937809405940594,9273.997215346535,male,40-44,347,0.03508949337647892,0.0329072569381521,0.013268196164436332,0.00046557428142981165
2019,E02006908,E07000148,5715,228441,1741,1868,0.9320128479657388,5326.453426124197,female,40-44,174,0.030446194225721784,0.02837624419003299,0.007621223860865606,0.0002320372619056195
2019,E02006908,E07000148,5715,228441,1741,1868,0.9320128479657388,5326.453426124197,male,40-44,196,0.03429571303587051,0.03196404517957739,0.007621223860865606,0.000261375306514376
2019,E02006281,E07000245,8800,228441,31,4082,0.007594316511513963,66.82998530132288,female,40-44,211,0.023977272727272726,0.0001820909981738007,0.0001357024352020872,3.2537742985954996e-06
2019,E02006281,E07000245,8800,228441,31,4082,0.007594316511513963,66.82998530132288,male,40-44,233,0.026477272727272728,0.00020107678945258562,0.0001357024352020872,3.593030386600718e-06
2019,E02006316,E07000244,7206,228441,1008,3252,0.30996309963099633,2233.5940959409595,female,40-44,136,0.01887316125451013,0.005849983562283584,0.0044125178930227065,8.327816173342883e-05
2019,E02006316,E07000244,7206,228441,1008,3252,0.30996309963099633,2233.5940959409595,male,40-44,157,0.021787399389397725,0.006753289847636196,0.0044125178930227065,9.613728964814945e-05
2019,E02006307,E07000244,7303,228441,507,3269,0.15509330070357907,1132.646375038238,female,40-44,188,0.025742845405997535,0.003992542863518125,0.0022193914402405873,5.713345074150765e-05
2019,E02006307,E07000244,7303,228441,507,3269,0.15509330070357907,1132.646375038238,male,40-44,171,0.023415034917157334,0.003631515051391486,0.0022193914402405873,5.196712806807346e-05
2019,E02006302,E07000244,6742,228441,476,3081,0.15449529373580007,1041.607270366764,female,40-44,149,0.02210026698309107,0.003414387239192259,0.0020836890050385,4.605008332108225e-05
2019,E02006302,E07000244,6742,228441,476,3081,0.15449529373580007,1041.607270366764,male,40-44,132,0.019578760011865915,0.003024826279015961,0.0020836890050385,4.079604696901246e-05
2019,E02006907,E07000148,6796,228441,1842,1988,0.9265593561368209,6296.897384305835,female,40-44,167,0.02457327839905827,0.02276860101160228,0.008063351149749825,0.00019814297263216903
2019,E02006907,E07000148,6796,228441,1842,1988,0.9265593561368209,6296.897384305835,male,40-44,265,0.03899352560329605,0.03612981597649463,0.008063351149749825,0.0003144184895061365
2019,E02006304,E07000244,7774,228441,519,3641,0.14254325734688272,1108.1312826146664,female,40-44,170,0.021867764342680732,0.0031171023602997255,0.0022719214151575243,4.968184211175446e-05
2019,E02006304,E07000244,7774,228441,519,3641,0.14254325734688272,1108.1312826146664,male,40-44,148,0.019037818368922047,0.0027137126430844664,0.0022719214151575243,4.325242725023329e-05
2019,E02006309,E07000244,6899,228441,465,3371,0.1379412637199644,951.6567784040344,female,40-44,171,0.024786200898680968,0.00341903987478097,0.002035536528031308,5.045321732038754e-05
2019,E02006309,E07000244,6899,228441,465,3371,0.1379412637199644,951.6567784040344,male,40-44,161,0.023336715466009565,0.0032190960224545975,0.002035536528031308,4.750273677533564e-05
2019,E02006825,E07000009,6602,228441,13,2349,0.005534269902085994,36.53724989357173,female,40-44,236,0.03574674341108755,0.00019783212615757264,5.690747282668173e-05,2.0342568293088288e-06
2019,E02006825,E07000009,6602,228441,13,2349,0.005534269902085994,36.53724989357173,male,40-44,213,0.03226295062102393,0.00017855187657441938,5.690747282668173e-05,1.8360029857744937e-06
2019,E02005608,E07000149,7756,228441,2353,3208,0.7334788029925187,5688.861596009975,female,40-44,171,0.022047447137699846,0.016171335135600914,0.010300252581629392,0.00022709427429843038
2019,E02005608,E07000149,7756,228441,2353,3208,0.7334788029925187,5688.861596009975,male,40-44,179,0.023078906652913872,0.01692788882615534,0.010300252581629392,0.00023771856783285985
2019,E02005587,E07000148,9985,228441,3668,3934,0.9323843416370107,9309.857651245551,female,40-44,276,0.027641462193289935,0.02577246652897496,0.016056662332943734,0.0004438296248264868
2019,E02005587,E07000148,9985,228441,3668,3934,0.9323843416370107,9309.857651245551,male,40-44,301,0.03014521782674011,0.028106929076889355,0.016056662332943734,0.0004840315835970019
2019,E02006308,E07000244,7736,228441,477,3755,0.12703062583222371,982.7089214380827,female,40-44,179,0.02313857290589452,0.002939307397100316,0.0020880665029482447,4.831487901082417e-05
2019,E02006308,E07000244,7736,228441,477,3755,0.12703062583222371,982.7089214380827,male,40-44,254,0.0328335056876939,0.004170860775773633,0.0020880665029482447,6.85585434008343e-05
2019,E02006305,E07000244,10024,228441,525,4350,0.1206896551724138,1209.7931034482758,female,40-44,261,0.02603750997605746,0.0031424581005586594,0.002298186402615993,5.9839051384953524e-05
2019,E02006305,E07000244,10024,228441,525,4350,0.1206896551724138,1209.7931034482758,male,40-44,315,0.031424581005586594,0.0037926218455018304,0.002298186402615993,7.221954477494391e-05
2019,E02006314,E07000244,7383,228441,1607,3302,0.4866747425802544,3593.119624470018,female,40-44,202,0.02736015169985101,0.0133154947854817,0.00703463914095981,0.00019246879405037
2019,E02006314,E07000244,7383,228441,1607,3302,0.4866747425802544,3593.119624470018,male,40-44,166,0.022484085060273603,0.010942436308861199,0.00703463914095981,0.0001581674248136704
2019,E02006279,E07000245,8825,228441,36,4024,0.008946322067594433,78.95129224652088,female,40-44,239,0.02708215297450425,0.00024228566279377558,0.00015758992475081092,4.2678744493420745e-06
2019,E02006279,E07000245,8825,228441,36,4024,0.008946322067594433,78.95129224652088,male,40-44,230,0.026062322946175637,0.00023316193490614386,0.00015758992475081092,4.1071595119191515e-06
2019,E02006315,E07000244,5848,228441,517,2641,0.19575918212798182,1144.7996970844376,female,40-44,131,0.022400820793433654,0.0043851663575180605,0.002263166419338035,5.069678538530824e-05
2019,E02006315,E07000244,5848,228441,517,2641,0.19575918212798182,1144.7996970844376,male,40-44,111,0.018980848153214776,0.0037156753105687386,0.002263166419338035,4.295681815091004e-05
2019,E02006276,E07000245,6874,228441,26,2902,0.00895933838731909,61.586492074431426,female,40-44,170,0.024730869944719232,0.00022157223244751898,0.00011381494565336345,2.814742618718619e-06
2019,E02006276,E07000245,6874,228441,26,2902,0.00895933838731909,61.586492074431426,male,40-44,163,0.023712540005819027,0.00021244866993497407,0.00011381494565336345,2.6988414520654993e-06
2019,E02006278,E07000245,8793,228441,28,3456,0.008101851851851851,71.23958333333333,female,40-44,209,0.023768907085181395,0.00019257216388457148,0.00012256994147285294,2.9133535503043633e-06
2019,E02006278,E07000245,8793,228441,28,3456,0.008101851851851851,71.23958333333333,male,40-44,256,0.02911406800864324,0.00023587786581076697,0.00012256994147285294,3.568509611856062e-06
2019,E02006277,E07000245,7994,228441,17,2787,0.006099748833871547,48.76139217796914,female,40-44,275,0.03440080060045034,0.00020983624334684455,7.441746446566072e-05,2.5600203562742928e-06
2019,E02006277,E07000245,7994,228441,17,2787,0.006099748833871547,48.76139217796914,male,40-44,302,0.03777833375031273,0.0002304383472390802,7.441746446566072e-05,2.8113678094357687e-06
2019,E02006275,E07000245,7142,228441,24,3181,0.007544797233574348,53.88494184218799,female,40-44,211,0.029543545225427053,0.00022290005828678067,0.00010505994983387396,3.103843379298153e-06
2019,E02006275,E07000245,7142,228441,24,3181,0.007544797233574348,53.88494184218799,male,40-44,198,0.027723326799215905,0.00020916687934020175,0.00010505994983387396,2.9126113227537167e-06
2019,E02005550,E07000145,7234,228441,448,3415,0.13118594436310396,948.999121522694,female,40-44,169,0.023361902128836053,0.0030647531928897666,0.001961119063565647,4.5815471626015254e-05
2019,E02005550,E07000145,7234,228441,448,3415,0.13118594436310396,948.999121522694,male,40-44,165,0.022808957699751175,0.0029922146557799494,0.001961119063565647,4.473108176504448e-05
2019,E02003758,E07000011,9606,228441,8,3798,0.00210637177461822,20.23380726698262,female,40-44,308,0.03206329377472413,6.753721700837099e-05,3.501998327795798e-05,1.1228560118270934e-06
2019,E02003758,E07000011,9606,228441,8,3798,0.00210637177461822,20.23380726698262,male,40-44,272,0.028315636060795336,5.9643256578821135e-05,3.501998327795798e-05,9.916131013537967e-07
2019,E02003775,E07000012,6886,228441,8,2586,0.0030935808197989174,21.302397525135344,female,40-44,232,0.03369154806854487,0.00010422752689418368,3.501998327795798e-05,1.179877449968959e-06
2019,E02003775,E07000012,6886,228441,8,2586,0.0030935808197989174,21.302397525135344,male,40-44,214,0.031077548649433632,9.614090842825563e-05,3.501998327795798e-05,1.0883352340230915e-06
2019,E02005531,E07000144,5447,228441,1858,1969,0.9436262061960387,5139.931945149822,female,40-44,156,0.028639618138424822,0.02702509421086507,0.008133391116305741,0.00023293721574145322
2019,E02005531,E07000144,5447,228441,1858,1969,0.9436262061960387,5139.931945149822,male,40-44,167,0.03065907839177529,0.028930709828297863,0.008133391116305741,0.00024936227582578646
2019,E02005536,E07000144,6216,228441,2430,2679,0.9070548712206047,5638.253079507279,female,40-44,183,0.02944015444015444,0.026703835494429,0.010637319920679738,0.0003131643412941429
2019,E02005536,E07000144,6216,228441,2430,2679,0.9070548712206047,5638.253079507279,male,40-44,173,0.02783140283140283,0.025244609511126868,0.010637319920679738,0.0002960515357589438
2019,E02005582,E07000147,6991,228441,2342,3094,0.7569489334195216,5291.8299935358755,female,40-44,179,0.025604348448004577,0.019381184248618847,0.0102521001046222,0.000262498343402571
2019,E02005582,E07000147,6991,228441,2342,3094,0.7569489334195216,5291.8299935358755,male,40-44,154,0.022028322128450864,0.016674314940152528,0.0102521001046222,0.00022583656359774262
2019,E02005522,E07000144,5534,228441,1858,1985,0.9360201511335012,5179.935516372796,female,40-44,161,0.02909288037585833,0.027231522286319785,0.008133391116305741,0.00023662377479675176
2019,E02005522,E07000144,5534,228441,1858,1985,0.9360201511335012,5179.935516372796,male,40-44,168,0.030357788218286955,0.028415501516159777,0.008133391116305741,0.0002469117650053062
2019,E02005549,E07000145,5270,228441,397,2637,0.15054986727341677,793.3978005309064,female,40-44,135,0.025616698292220113,0.0038565905278768998,0.001737866670168665,4.4518406161815894e-05
2019,E02005549,E07000145,5270,228441,397,2637,0.15054986727341677,793.3978005309064,male,40-44,121,0.022960151802656547,0.003456647806467444,0.001737866670168665,3.99016825598498e-05
2019,E02005606,E07000149,5848,228441,1025,2229,0.4598474652310453,2689.187976671153,female,40-44,193,0.03300273597811217,0.015176224485224305,0.004486935357488367,0.00014808114295404494
2019,E02005606,E07000149,5848,228441,1025,2229,0.4598474652310453,2689.187976671153,male,40-44,135,0.02308481532147743,0.010615493810908195,0.004486935357488367,0.00010358007408702626
2019,E02005529,E07000144,5904,228441,2426,2537,0.9562475364603863,5645.685455262121,female,40-44,153,0.025914634146341462,0.02478080506071123,0.010619809929040758,0.00027520848901477576
2019,E02005529,E07000144,5904,228441,2426,2537,0.9562475364603863,5645.685455262121,male,40-44,121,0.02049457994579946,0.01959789158396117,0.010619809929040758,0.0002176485435999207
2019,E02006310,E07000244,8522,228441,490,3371,0.14535746069415603,1238.7362800355977,female,40-44,250,0.029335836658061488,0.004264182723954354,0.0021449739757749267,6.292460618912599e-05
2019,E02006310,E07000244,8522,228441,490,3371,0.14535746069415603,1238.7362800355977,male,40-44,187,0.021943205820229992,0.003189608677517857,0.0021449739757749267,4.706760542946624e-05
2019,E02005541,E07000145,5924,228441,391,2884,0.1355755894590846,803.1497919556172,female,40-44,154,0.02599594868332208,0.0035244160662895054,0.0017116016827101964,4.449470951002199e-05
2019,E02005541,E07000145,5924,228441,391,2884,0.1355755894590846,803.1497919556172,male,40-44,129,0.021775827143821744,0.0029522706009827674,0.0017116016827101964,3.7271542381771666e-05
2019,E02005537,E07000144,6050,228441,1455,2548,0.5710361067503925,3454.768445839875,female,40-44,165,0.02727272727272727,0.015573712002283432,0.0063692594586786085,0.00017370707614578021
2019,E02005537,E07000144,6050,228441,1455,2548,0.5710361067503925,3454.768445839875,male,40-44,123,0.020330578512396693,0.011609494401702194,0.0063692594586786085,0.0001294907294904907
2019,E02005546,E07000145,7892,228441,496,3877,0.12793396956409595,1009.6548877998453,female,40-44,176,0.022301064368981247,0.0028530636902281913,0.002171238963233395,4.842093987950805e-05
2019,E02005546,E07000145,7892,228441,496,3877,0.12793396956409595,1009.6548877998453,male,40-44,165,0.020907247845919918,0.0026747472095889294,0.002171238963233395,4.5394631137038796e-05
2019,E02005543,E07000145,9707,228441,592,4599,0.12872363557295063,1249.5203305066318,female,40-44,290,0.029875347687236015,0.0038456633683069622,0.0025914787625688908,7.742132905583376e-05
2019,E02005543,E07000145,9707,228441,592,4599,0.12872363557295063,1249.5203305066318,male,40-44,325,0.0334809930977645,0.004309795154137113,0.0025914787625688908,8.676528256257231e-05
2019,E02005484,E07000141,7211,228441,9,2876,0.003129346314325452,22.565716272600834,female,40-44,204,0.028290112328387185,8.852955874669146e-05,3.939748118770273e-05,1.1145591682556312e-06
2019,E02005484,E07000141,7211,228441,9,2876,0.003129346314325452,22.565716272600834,male,40-44,155,0.02149493828872556,6.726510591047637e-05,3.939748118770273e-05,8.468464268608963e-07
2019,E02005539,E07000145,7534,228441,806,3487,0.23114425007169487,1741.440780040149,female,40-44,152,0.02017520573400584,0.004663382799428938,0.003528263315254267,7.118343826900034e-05
2019,E02005539,E07000145,7534,228441,806,3487,0.23114425007169487,1741.440780040149,male,40-44,168,0.022298911600743297,0.005154265199368826,0.003528263315254267,7.867643177100037e-05
2019,E02005545,E07000145,6351,228441,437,2936,0.14884196185286103,945.2952997275204,female,40-44,177,0.027869626830420408,0.004148169933546907,0.001912966586558455,5.331366490644726e-05
2019,E02005545,E07000145,6351,228441,437,2936,0.14884196185286103,945.2952997275204,male,40-44,164,0.025822705085813257,0.003843502085320297,0.001912966586558455,4.939797200371384e-05
2019,E02005533,E07000144,8917,228441,2992,3481,0.8595231255386383,7664.367710428038,female,40-44,254,0.02848491645172143,0.02448344441929058,0.013097473745956286,0.00037308044538217973
2019,E02005533,E07000144,8917,228441,2992,3481,0.8595231255386383,7664.367710428038,male,40-44,225,0.0252327015812493,0.021688090528899136,0.013097473745956286,0.00033048464649996237
2019,E02005583,E07000147,8736,228441,3117,4005,0.7782771535580524,6799.029213483145,female,40-44,144,0.016483516483516484,0.012828744289418445,0.01364466098467438,0.0002249119942528744
2019,E02005583,E07000147,8736,228441,3117,4005,0.7782771535580524,6799.029213483145,male,40-44,174,0.019917582417582416,0.015501399349713955,0.01364466098467438,0.0002717686597222232
2019,E02003785,E07000012,9173,228441,8,3105,0.0025764895330112722,23.6341384863124,female,40-44,335,0.036520222391802026,9.409397073572181e-05,3.501998327795798e-05,1.2789375774682135e-06
2019,E02003785,E07000012,9173,228441,8,3105,0.0025764895330112722,23.6341384863124,male,40-44,373,0.0406628147825139,0.0001047673166699231,3.501998327795798e-05,1.4240110937183394e-06
2019,E02003254,E06000031,8600,228441,8,3068,0.002607561929595828,22.42503259452412,female,40-44,246,0.0286046511627907,7.458839938146205e-05,3.501998327795798e-05,1.0017344053927517e-06
2019,E02003254,E06000031,8600,228441,8,3068,0.002607561929595828,22.42503259452412,male,40-44,261,0.030348837209302326,7.913647251447803e-05,3.501998327795798e-05,1.0628157715752363e-06
2019,E02003726,E07000008,8442,228441,9,2085,0.004316546762589928,36.44028776978417,female,40-44,214,0.02534944325989102,0.00010942205723693966,3.939748118770273e-05,9.987042139502943e-07
2019,E02003726,E07000008,8442,228441,9,2085,0.004316546762589928,36.44028776978417,male,40-44,227,0.026889362710258234,0.00011606919155507152,3.939748118770273e-05,1.059373161526714e-06
2019,E02005544,E07000145,7497,228441,439,3315,0.13242835595776772,992.8153846153846,female,40-44,210,0.028011204481792718,0.0037094777579206647,0.0019217215823779444,5.382973620106287e-05
2019,E02005544,E07000145,7497,228441,439,3315,0.13242835595776772,992.8153846153846,male,40-44,200,0.02667733760170735,0.0035328359599244422,0.0019217215823779444,5.1266415429583685e-05
2019,E02005446,E07000138,10958,228441,11,1999,0.005502751375687844,60.29914957478739,female,40-44,95,0.008669465230881548,4.7705911725711365e-05,4.815247700719223e-05,4.1745622519467623e-07
2019,E02005446,E07000138,10958,228441,11,1999,0.005502751375687844,60.29914957478739,male,40-44,151,0.013779886840664354,7.582729126928859e-05,4.815247700719223e-05,6.635356842568012e-07
2019,E02005593,E07000148,12414,228441,2398,2647,0.9059312429165093,11246.230449565546,female,45-49,165,0.013291445142580956,0.012041135418174967,0.010497239987567906,0.000139523489443266
2019,E02005593,E07000148,12414,228441,2398,2647,0.9059312429165093,11246.230449565546,male,45-49,165,0.013291445142580956,0.012041135418174967,0.010497239987567906,0.000139523489443266
2019,E02006287,E07000244,6179,228441,545,2715,0.2007366482504604,1240.3517495395947,female,45-49,178,0.028807250364136592,0.005782670883408634,0.0023857363608108875,6.872650464870335e-05
2019,E02006287,E07000244,6179,228441,545,2715,0.2007366482504604,1240.3517495395947,male,45-49,150,0.02427577277876679,0.004873037261299411,0.0023857363608108875,5.791559380508709e-05
2019,E02006233,E07000200,11790,228441,40,5050,0.007920792079207921,93.38613861386139,female,45-49,408,0.03460559796437659,0.0002741037462524878,0.00017509991638978994,6.059437310181025e-06
2019,E02006233,E07000200,11790,228441,40,5050,0.007920792079207921,93.38613861386139,male,45-49,390,0.03307888040712468,0.00026201093391781924,0.00017509991638978994,5.792109193555392e-06
2019,E02006288,E07000244,9562,228441,114,3453,0.03301476976542137,315.68722849695916,female,45-49,371,0.038799414348462666,0.0012809537317476814,0.0004990347617109013,1.936225649390759e-05
2019,E02006288,E07000244,9562,228441,114,3453,0.03301476976542137,315.68722849695916,male,45-49,342,0.03576657603011922,0.0011808252729318249,0.0004990347617109013,1.7848764746405378e-05
2019,E02006311,E07000244,8471,228441,917,3751,0.24446814182884563,2070.889629432151,female,45-49,248,0.029276354621650336,0.007157136013877195,0.004014165583235934,0.00011752013512483904
2019,E02006311,E07000244,8471,228441,917,3751,0.24446814182884563,2070.889629432151,male,45-49,238,0.0280958564514225,0.006868541819769243,0.004014165583235934,0.00011278141999883747
2019,E02006256,E07000202,9754,228441,48,4135,0.011608222490931077,113.22660217654172,female,45-49,280,0.02870617182694279,0.00033322762943004933,0.00021011989966774792,6.031737944122351e-06
2019,E02006256,E07000202,9754,228441,48,4135,0.011608222490931077,113.22660217654172,male,45-49,305,0.03126922288291983,0.0003629800963434466,0.00021011989966774792,6.570285974847561e-06
2019,E02006251,E07000202,10928,228441,70,3797,0.018435607058203844,201.4643139320516,female,45-49,319,0.029191068814055636,0.0005381550742649182,0.0003064248536821324,8.944868990172056e-06
2019,E02006251,E07000202,10928,228441,70,3797,0.018435607058203844,201.4643139320516,male,45-49,392,0.03587115666178624,0.0006613065489399622,0.0003064248536821324,1.0991813931496697e-05
2019,E02004577,E07000076,5680,228441,11,2201,0.004997728305315766,28.387096774193548,female,45-49,172,0.03028169014084507,0.00015133965994970278,4.815247700719223e-05,1.458138388245962e-06
2019,E02004577,E07000076,5680,228441,11,2201,0.004997728305315766,28.387096774193548,male,45-49,183,0.03221830985915493,0.00016101835913253257,4.815247700719223e-05,1.5513914247035524e-06
2019,E02005542,E07000145,7554,228441,451,3494,0.12907842014882656,975.0583858042359,female,45-49,203,0.026873179772306063,0.0034687475893846694,0.0019742515572948815,5.3054417014940555e-05
2019,E02005542,E07000145,7554,228441,451,3494,0.12907842014882656,975.0583858042359,male,45-49,251,0.03322742917659518,0.004288944063721931,0.0019742515572948815,6.559930379679841e-05
2019,E02005611,E07000149,11199,228441,3134,4161,0.753184330689738,8434.911319394376,female,45-49,378,0.0337530136619341,0.02542224100372542,0.01371907844914004,0.0004630602423229695
2019,E02005611,E07000149,11199,228441,3134,4161,0.753184330689738,8434.911319394376,male,45-49,368,0.03286007679257077,0.024749694945425806,0.01371907844914004,0.0004508099713620444
2019,E02005595,E07000148,8952,228441,3128,3359,0.9312295325989878,8336.366775826138,female,45-49,240,0.02680965147453083,0.02496593921176911,0.013692813461681571,0.000367099556613447
2019,E02005595,E07000148,8952,228441,3128,3359,0.9312295325989878,8336.366775826138,male,45-49,271,0.030272564789991064,0.028190706359955953,0.013692813461681571,0.00041451658267601716
2019,E02006293,E07000244,11451,228441,88,4406,0.01997276441216523,228.70812528370405,female,45-49,380,0.033184874683433764,0.0006627936840994488,0.00038521981605753786,1.27834713214448e-05
2019,E02006293,E07000244,11451,228441,88,4406,0.01997276441216523,228.70812528370405,male,45-49,403,0.035193432887957385,0.0007029101439265206,0.00038521981605753786,1.3557207743532247e-05
2019,E02004521,E07000071,9189,228441,8,3522,0.002271436683702442,20.87223168654174,female,45-49,337,0.03667428447056263,8.330331509497474e-05,3.501998327795798e-05,1.2843328288901774e-06
2019,E02004521,E07000071,9189,228441,8,3522,0.002271436683702442,20.87223168654174,male,45-49,315,0.034280117531831536,7.786511648343336e-05,3.501998327795798e-05,1.2004891427311747e-06
2019,E02004507,E07000071,9933,228441,11,3434,0.00320326150262085,31.817996505532903,female,45-49,417,0.041981274539414075,0.00013447700056306197,4.815247700719223e-05,2.021502356991761e-06
2019,E02004507,E07000071,9933,228441,11,3434,0.00320326150262085,31.817996505532903,male,45-49,402,0.04047115675022652,0.00012963969838453455,4.815247700719223e-05,1.9487864448697553e-06
2019,E02004446,E07000067,6867,228441,9,2535,0.0035502958579881655,24.379881656804734,female,45-49,264,0.03844473569244211,0.00013649018589032702,3.939748118770273e-05,1.5146257512091917e-06
2019,E02004446,E07000067,6867,228441,9,2535,0.0035502958579881655,24.379881656804734,male,45-49,234,0.03407601572739188,0.00012097993749369897,3.939748118770273e-05,1.3425091885717838e-06
2019,E02004589,E07000076,7733,228441,9,3538,0.002543810062182024,19.67128321085359,female,45-49,211,0.027285658864606235,6.940953357305148e-05,3.939748118770273e-05,1.0749862318123984e-06
2019,E02004589,E07000076,7733,228441,9,3538,0.002543810062182024,19.67128321085359,male,45-49,178,0.023018233544549335,5.8554014104280395e-05,3.939748118770273e-05,9.068604230455303e-07
2019,E02004522,E07000071,12010,228441,9,2824,0.003186968838526912,38.27549575070822,female,45-49,268,0.02231473771856786,7.111637374897689e-05,3.939748118770273e-05,8.791444594757978e-07
2019,E02004522,E07000071,12010,228441,9,2824,0.003186968838526912,38.27549575070822,male,45-49,280,0.02331390507910075,7.430068899146839e-05,3.939748118770273e-05,9.185091367657589e-07
2019,E02004526,E07000071,7285,228441,8,3181,0.002514932411191449,18.321282615529707,female,45-49,216,0.02964996568291009,7.45676596866648e-05,3.501998327795798e-05,1.0383413024075393e-06
2019,E02004526,E07000071,7285,228441,8,3181,0.002514932411191449,18.321282615529707,male,45-49,189,0.02594371997254633,6.524670222583169e-05,3.501998327795798e-05,9.085486396065969e-07
2019,E02006235,E07000200,8200,228441,24,2985,0.008040201005025126,65.92964824120604,female,45-49,300,0.036585365853658534,0.0002941536953057973,0.00010505994983387396,3.843656701239291e-06
2019,E02006235,E07000200,8200,228441,24,2985,0.008040201005025126,65.92964824120604,male,45-49,290,0.03536585365853658,0.00028434857212893735,0.00010505994983387396,3.7155348111979813e-06
2019,E02004513,E07000071,13590,228441,10,3781,0.0026448029621793175,35.942872256016926,female,45-49,282,0.02075055187637969,5.48811210695046e-05,4.3774979097447484e-05,9.083549746490206e-07
2019,E02004513,E07000071,13590,228441,10,3781,0.0026448029621793175,35.942872256016926,male,45-49,250,0.01839587932303164,4.865347612544734e-05,4.3774979097447484e-05,8.052792328448764e-07
2019,E02004582,E07000076,7003,228441,9,3302,0.0027256208358570565,19.087522713506967,female,45-49,177,0.02527488219334571,6.888974553001557e-05,3.939748118770273e-05,9.957666957337402e-07
2019,E02004582,E07000076,7003,228441,9,3302,0.0027256208358570565,19.087522713506967,male,45-49,147,0.020991003855490502,5.721351747408072e-05,3.939748118770273e-05,8.269926795076825e-07
2019,E02004520,E07000071,9529,228441,11,3753,0.002930988542499334,27.929389821476153,female,45-49,278,0.02917410011543709,8.55089531760746e-05,4.815247700719223e-05,1.4048051850141085e-06
2019,E02004520,E07000071,9529,228441,11,3753,0.002930988542499334,27.929389821476153,male,45-49,270,0.028334557666071992,8.304826387604368e-05,4.815247700719223e-05,1.364379136524494e-06
2019,E02004579,E07000076,7266,228441,8,3141,0.0025469595670168737,18.506208213944603,female,45-49,241,0.033168180567024495,8.447801481572619e-05,3.501998327795798e-05,1.1615491288174888e-06
2019,E02004579,E07000076,7266,228441,8,3141,0.0025469595670168737,18.506208213944603,male,45-49,189,0.02601156069364162,6.625039336171059e-05,3.501998327795798e-05,9.109244205249186e-07
2019,E02004559,E07000074,7711,228441,8,2504,0.003194888178913738,24.635782747603834,female,45-49,291,0.037738295940863704,0.00012056963559381375,3.501998327795798e-05,1.3215944927876766e-06
2019,E02004559,E07000074,7711,228441,8,2504,0.003194888178913738,24.635782747603834,male,45-49,228,0.029568149396965376,9.446693098072005e-05,3.501998327795798e-05,1.0354760974418908e-06
2019,E02004575,E07000076,11687,228441,12,4223,0.0028415818138763913,33.20956665877338,female,45-49,447,0.03824762556686917,0.00010868375723476914,5.252997491693698e-05,2.0091468116600352e-06
2019,E02004575,E07000076,11687,228441,12,4223,0.0028415818138763913,33.20956665877338,male,45-49,349,0.029862240095832975,8.485599837792937e-05,5.252997491693698e-05,1.5686627231976559e-06
2019,E02004588,E07000076,7179,228441,8,3751,0.0021327645961077045,15.311117035457212,female,45-49,193,0.026883967126340717,5.7337173289982865e-05,3.501998327795798e-05,9.41476079209624e-07
2019,E02004588,E07000076,7179,228441,8,3751,0.0021327645961077045,15.311117035457212,male,45-49,185,0.025769605794678924,5.4960502894543156e-05,3.501998327795798e-05,9.024511640092251e-07
2019,E02004512,E07000071,11610,228441,14,4353,0.0032161727544222376,37.33976567884218,female,45-49,323,0.027820844099913866,8.947664079917164e-05,6.128497073642647e-05,1.7049996165259042e-06
2019,E02004512,E07000071,11610,228441,14,4353,0.0032161727544222376,37.33976567884218,male,45-49,397,0.034194659776055125,0.00010997593311848651,6.128497073642647e-05,2.0956187237175976e-06
2019,E02004509,E07000071,14885,228441,13,4843,0.0026842865992153624,39.95560602932067,female,45-49,464,0.031172321128653008,8.367544387208117e-05,5.690747282668173e-05,1.7739380175734176e-06
2019,E02004509,E07000071,14885,228441,13,4843,0.0026842865992153624,39.95560602932067,male,45-49,560,0.037621766879408804,0.00010098760467320142,5.690747282668173e-05,2.140959676381711e-06
2019,E02004585,E07000076,8674,228441,8,4088,0.0019569471624266144,16.974559686888455,female,45-49,241,0.02778418261471063,5.437217732820084e-05,3.501998327795798e-05,9.73001610558897e-07
2019,E02004585,E07000076,8674,228441,8,4088,0.0019569471624266144,16.974559686888455,male,45-49,208,0.023979709476596726,4.692702441604056e-05,3.501998327795798e-05,8.397690248807079e-07
2019,E02004580,E07000076,12194,228441,9,5534,0.0016263100831225153,19.831225153595952,female,45-49,351,0.028784648187633263,4.681276358668221e-05,3.939748118770273e-05,1.134042635466923e-06
2019,E02004580,E07000076,12194,228441,9,5534,0.0016263100831225153,19.831225153595952,male,45-49,285,0.023372150237821878,3.801036359602401e-05,3.939748118770273e-05,9.208038493107493e-07
2019,E02004590,E07000076,8402,228441,9,4502,0.0019991115059973343,16.796534873389604,female,45-49,238,0.028326588907403,5.66280098104458e-05,3.939748118770273e-05,1.1159962535911986e-06
2019,E02004590,E07000076,8402,228441,9,4502,0.0019991115059973343,16.796534873389604,male,45-49,262,0.031183051654368008,6.23383973543563e-05,3.939748118770273e-05,1.228533690928126e-06
2019,E02004595,E07000077,14491,228441,8,5057,0.0015819655922483687,22.924263397271112,female,45-49,552,0.03809260920571389,6.026119708240284e-05,3.501998327795798e-05,1.3340025373978887e-06
2019,E02004595,E07000077,14491,228441,8,5057,0.0015819655922483687,22.924263397271112,male,45-49,532,0.036712442205506866,5.807782037651868e-05,3.501998327795798e-05,1.2856691121298493e-06
2019,E02006922,E07000071,13943,228441,14,5702,0.002455278849526482,34.23395299894774,female,45-49,460,0.03299146525138062,8.100324684660273e-05,6.128497073642647e-05,2.0218809824826922e-06
2019,E02006922,E07000071,13943,228441,14,5702,0.002455278849526482,34.23395299894774,male,45-49,434,0.031126730258911283,7.642480245962083e-05,6.128497073642647e-05,1.907600753038018e-06
2019,E02004523,E07000071,10335,228441,10,4139,0.0024160425223483935,24.969799468470647,female,45-49,340,0.03289791969037252,7.948277286874251e-05,4.3774979097447484e-05,1.440105746795563e-06
2019,E02004523,E07000071,10335,228441,10,4139,0.0024160425223483935,24.969799468470647,male,45-49,296,0.028640541848089018,6.91967669680817e-05,4.3774979097447484e-05,1.2537391207396666e-06
2019,E02005579,E07000147,12901,228441,4648,5056,0.9193037974683544,11859.93829113924,female,45-49,400,0.0310053484226029,0.0285033345467283,0.02034661028449359,0.0006308537410896392
2019,E02005579,E07000147,12901,228441,4648,5056,0.9193037974683544,11859.93829113924,male,45-49,380,0.029455081001472753,0.027078167819391884,0.02034661028449359,0.0005993110540351573
2019,E02006292,E07000244,6857,228441,50,2404,0.020798668885191347,142.61647254575706,female,45-49,293,0.04273005687618492,0.0008887283044131638,0.0002188748954872374,9.352536732938684e-06
2019,E02006292,E07000244,6857,228441,50,2404,0.020798668885191347,142.61647254575706,male,45-49,279,0.04068834767390987,0.000846263470755197,0.0002188748954872374,8.905657844675403e-06
2019,E02006250,E07000202,10945,228441,56,4152,0.01348747591522158,147.62042389210018,female,45-49,323,0.029511192325262676,0.0003980314957164523,0.0002451398829457059,7.234370232203106e-06
2019,E02006250,E07000202,10945,228441,56,4152,0.01348747591522158,147.62042389210018,male,45-49,410,0.03746002740977615,0.000505241217472896,0.0002451398829457059,9.182946734375458e-06
2019,E02005594,E07000148,11105,228441,3270,3517,0.92976969007677,10325.092408302531,female,45-49,300,0.0270148581719946,0.025117596310043316,0.014314418164865327,0.00038670197653846
2019,E02005594,E07000148,11105,228441,3270,3517,0.92976969007677,10325.092408302531,male,45-49,328,0.029536244934714094,0.027461905298980693,0.014314418164865327,0.00042279416101538293
2019,E02005602,E07000149,12285,228441,3889,4252,0.9146284101599247,11236.210018814674,female,45-49,461,0.03752543752543753,0.0343218312644465,0.017024089370997326,0.0006388364021188253
2019,E02005602,E07000149,12285,228441,3889,4252,0.9146284101599247,11236.210018814674,male,45-49,410,0.03337403337403337,0.030524839085516408,0.017024089370997326,0.0005681625268301915
2019,E02005535,E07000144,7243,228441,2248,2438,0.9220672682526662,6678.533223954061,female,45-49,315,0.043490266464172304,0.040100951194199895,0.009840615301106194,0.0004279709816165196
2019,E02005535,E07000144,7243,228441,2248,2438,0.9220672682526662,6678.533223954061,male,45-49,291,0.040176722352616316,0.03704564062702276,0.009840615301106194,0.0003953636687314514
2019,E02006230,E07000200,11148,228441,70,4587,0.01526051885764116,170.12426422498365,female,45-49,358,0.032113383566559024,0.0004900668955001377,0.0003064248536821324,9.840338860621043e-06
2019,E02006230,E07000200,11148,228441,70,4587,0.01526051885764116,170.12426422498365,male,45-49,378,0.03390742734122713,0.0005174449343548941,0.0003064248536821324,1.0390078461773058e-05
2019,E02006294,E07000244,8228,228441,52,3741,0.013900026730820636,114.36941994119219,female,45-49,275,0.03342245989304813,0.00046457308592314964,0.0002276298913067269,7.607950912657985e-06
2019,E02006294,E07000244,8228,228441,52,3741,0.013900026730820636,114.36941994119219,male,45-49,214,0.02600875060768109,0.00036152232868201463,0.0002276298913067269,5.920369073850214e-06
2019,E02006296,E07000244,13489,228441,80,5153,0.015524936929943722,209.41587424801088,female,45-49,548,0.0406256950107495,0.0006307113527770153,0.0003501998327795799,1.4227111599318688e-05
2019,E02006296,E07000244,13489,228441,80,5153,0.015524936929943722,209.41587424801088,male,45-49,533,0.03951367781155015,0.0006134473558944328,0.0003501998327795799,1.3837683362111059e-05
2019,E02006313,E07000244,10033,228441,688,4581,0.1501855490067671,1506.8116131848942,female,45-49,333,0.03319047144423403,0.0049847291756457135,0.0030117185619043868,9.996035892695712e-05
2019,E02006313,E07000244,10033,228441,688,4581,0.1501855490067671,1506.8116131848942,male,45-49,279,0.02780823283165554,0.0041763947147301925,0.0030117185619043868,8.375057099285597e-05
2019,E02006295,E07000244,9796,228441,69,4175,0.01652694610778443,161.89796407185628,female,45-49,362,0.03695385871784402,0.000610734431504488,0.00030204735577238763,1.1161815311311181e-05
2019,E02006295,E07000244,9796,228441,69,4175,0.01652694610778443,161.89796407185628,male,45-49,315,0.032155982033483056,0.0005314401821102589,0.00030204735577238763,9.712629345477961e-06
2019,E02005597,E07000149,16660,228441,5376,5722,0.9395316322963999,15652.596994058022,female,45-49,488,0.02929171668667467,0.02752049439139515,0.023533428762787766,0.0006893345279856201
2019,E02005597,E07000149,16660,228441,5376,5722,0.9395316322963999,15652.596994058022,male,45-49,516,0.03097238895558223,0.029099539151557163,0.023533428762787766,0.000728886509099549
2019,E02006267,E07000203,8615,228441,87,3046,0.02856204858831254,246.06204858831254,female,45-49,320,0.0371445153801509,0.0010609234530771924,0.0003808423181477931,1.4146203343853023e-05
2019,E02006267,E07000203,8615,228441,87,3046,0.02856204858831254,246.06204858831254,male,45-49,305,0.035403366221706326,0.001011192666214199,0.0003808423181477931,1.3483100062109912e-05
2019,E02005538,E07000145,9068,228441,751,4616,0.1626949740034662,1475.3180242634314,female,45-49,291,0.032090868989854436,0.005221023096053007,0.0032875009302183057,0.00010549876165566024
2019,E02005538,E07000145,9068,228441,751,4616,0.1626949740034662,1475.3180242634314,male,45-49,247,0.027238641376268195,0.004431590050601692,0.0032875009302183057,8.954705886236451e-05
2019,E02006271,E07000203,9748,228441,54,3734,0.0144617032672737,140.97268344938402,female,45-49,269,0.027595404185473942,0.0003990765468708069,0.0002363848871262164,6.523136503585577e-06
2019,E02006271,E07000203,9748,228441,54,3734,0.0144617032672737,140.97268344938402,male,45-49,266,0.02728764874846122,0.00039462587906183874,0.0002363848871262164,6.450387769344846e-06
2019,E02006312,E07000244,8830,228441,965,3470,0.2780979827089337,2455.605187319885,female,45-49,302,0.03420158550396376,0.00951139193409943,0.004224285482903682,0.0001444772611366831
2019,E02006312,E07000244,8830,228441,965,3470,0.2780979827089337,2455.605187319885,male,45-49,276,0.031257078142695356,0.008692530376859083,0.004224285482903682,0.00013203882143617398
2019,E02005520,E07000144,8657,228441,3033,3252,0.9326568265682657,8074.010147601476,female,45-49,271,0.031304146933117706,0.029196026337068266,0.013276951160255821,0.0004156236299444758
2019,E02005520,E07000144,8657,228441,3033,3252,0.9326568265682657,8074.010147601476,male,45-49,270,0.03118863347579993,0.02908829192254034,0.013276951160255821,0.00041408996341331546
2019,E02006237,E07000200,7731,228441,59,2944,0.020040760869565216,154.9351222826087,female,45-49,255,0.03298409002716337,0.0006610262607345919,0.00025827237667494014,8.518879323775674e-06
2019,E02006237,E07000200,7731,228441,59,2944,0.020040760869565216,154.9351222826087,male,45-49,239,0.030914500064674687,0.0006195501031983038,0.00025827237667494014,7.984361405421122e-06
2019,E02005604,E07000149,8600,228441,2789,3152,0.8848350253807107,7609.581218274112,female,45-49,308,0.035813953488372095,0.03168944044386732,0.012208841670278102,0.000437246887726239
2019,E02005604,E07000149,8600,228441,2789,3152,0.8848350253807107,7609.581218274112,male,45-49,268,0.031162790697674417,0.02757392869791052,0.012208841670278102,0.00038046157763192224
2019,E02006258,E07000202,9082,228441,63,4222,0.014921837991473235,135.52013263855991,female,45-49,303,0.033362695441532704,0.0004978327363374136,0.00027578236831391915,9.200843162201884e-06
2019,E02006258,E07000202,9082,228441,63,4222,0.014921837991473235,135.52013263855991,male,45-49,305,0.03358291125302797,0.0005011187609997068,0.00027578236831391915,9.261574800236218e-06
2019,E02003619,E06000055,11815,228441,9,5224,0.0017228177641653904,20.355091883614087,female,45-49,457,0.038679644519678376,6.66379786901044e-05,3.939748118770273e-05,1.5238805673110579e-06
2019,E02003619,E06000055,11815,228441,9,5224,0.0017228177641653904,20.355091883614087,male,45-49,401,0.033939906898011005,5.847227451801283e-05,3.939748118770273e-05,1.3371468435267707e-06
2019,E02006261,E07000203,8070,228441,1036,3144,0.32951653944020354,2659.1984732824426,female,45-49,275,0.03407682775712516,0.011228878357627755,0.004535087834495559,0.00015454140699953887
2019,E02006261,E07000203,8070,228441,1036,3144,0.32951653944020354,2659.1984732824426,male,45-49,306,0.0379182156133829,0.012494679190669428,0.004535087834495559,0.00017196243833403232
2019,E02006306,E07000244,7510,228441,473,3378,0.14002368265245707,1051.5778567199527,female,45-49,190,0.02529960053262317,0.0035425432362139607,0.002070556511309266,5.238425261634628e-05
2019,E02006306,E07000244,7510,228441,473,3378,0.14002368265245707,1051.5778567199527,male,45-49,194,0.025832223701731025,0.003617123093818465,0.002070556511309266,5.348707898721673e-05
2019,E02006303,E07000244,8152,228441,445,3523,0.12631280158955435,1029.7019585580472,female,45-49,303,0.03716879293424927,0.004694894367227058,0.001947986569836413,7.240430945294814e-05
2019,E02006303,E07000244,8152,228441,445,3523,0.12631280158955435,1029.7019585580472,male,45-49,275,0.03373405299313052,0.004261042742532807,0.001947986569836413,6.57134821767681e-05
2019,E02006228,E07000200,6121,228441,22,2586,0.008507347254447023,52.07347254447023,female,45-49,209,0.03414474759026303,0.0002904812246658108,9.630495401438446e-05,3.2883083465130457e-06
2019,E02006228,E07000200,6121,228441,22,2586,0.008507347254447023,52.07347254447023,male,45-49,227,0.03708544355497468,0.00031549874640736386,9.630495401438446e-05,3.5715119361648874e-06
2019,E02006266,E07000203,9653,228441,49,4297,0.011403304631138002,110.07609960437514,female,45-49,318,0.03294312648917435,0.00037566050685816687,0.00021449739757749265,7.06621489999406e-06
2019,E02006266,E07000203,9653,228441,49,4297,0.011403304631138002,110.07609960437514,male,45-49,299,0.030974826478814877,0.0003532153822345657,0.00021449739757749265,6.644019670120201e-06
2019,E02006245,E07000202,7778,228441,49,3627,0.013509787703336091,105.07912875654812,female,45-49,230,0.02957058369760864,0.00039949230801842385,0.00021449739757749265,6.342813247984483e-06
2019,E02006245,E07000202,7778,228441,49,3627,0.013509787703336091,105.07912875654812,male,45-49,212,0.027256364103882748,0.00036822769260828637,0.00021449739757749265,5.846419167707437e-06
2019,E02006289,E07000244,9527,228441,111,3942,0.02815829528158295,268.26407914764076,female,45-49,306,0.032119240054581714,0.0009044230456769584,0.00048590226798166705,1.560681158836886e-05
2019,E02006289,E07000244,9527,228441,111,3942,0.02815829528158295,268.26407914764076,male,45-49,275,0.028865330114411673,0.0008127984887619725,0.00048590226798166705,1.4025729368632145e-05
2019,E02006286,E07000245,11775,228441,11,4724,0.0023285351397121083,27.418501270110074,female,45-49,391,0.03320594479830149,7.732120931018552e-05,4.815247700719223e-05,1.5989484934023069e-06
2019,E02006286,E07000245,11775,228441,11,4724,0.0023285351397121083,27.418501270110074,male,45-49,420,0.035668789808917196,8.305603046106883e-05,4.815247700719223e-05,1.7175405811482579e-06
2019,E02006280,E07000245,9789,228441,32,4150,0.0077108433734939755,75.48144578313253,female,45-49,323,0.03299622024721626,0.00025442868624359527,0.00014007993311183193,4.622108325173328e-06
2019,E02006280,E07000245,9789,228441,32,4150,0.0077108433734939755,75.48144578313253,male,45-49,317,0.03238328736336704,0.00024970245677776993,0.00014007993311183193,4.536248727801687e-06
2019,E02006290,E07000244,8129,228441,72,3583,0.020094892548144012,163.35138152386267,female,45-49,231,0.028416779431664412,0.0005710321292436053,0.00031517984950162184,8.956396264592773e-06
2019,E02006290,E07000244,8129,228441,72,3583,0.020094892548144012,163.35138152386267,male,45-49,224,0.027555664903432156,0.0005537281253271323,0.00031517984950162184,8.68499031718087e-06
2019,E02006227,E07000200,6270,228441,24,2589,0.009269988412514484,58.12282734646582,female,45-49,215,0.0342902711323764,0.00031787041605910914,0.00010505994983387396,3.602534164957401e-06
2019,E02006227,E07000200,6270,228441,24,2589,0.009269988412514484,58.12282734646582,male,45-49,173,0.02759170653907496,0.000255774799898725,0.00010505994983387396,2.898783304826187e-06
2019,E02006249,E07000202,8185,228441,53,3215,0.016485225505443235,134.93157076205287,female,45-49,330,0.04031765424557117,0.0006646456220887316,0.00023200738921647164,9.353993700847361e-06
2019,E02006249,E07000202,8185,228441,53,3215,0.016485225505443235,134.93157076205287,male,45-49,289,0.03530849114233354,0.0005820684387383134,0.00023200738921647164,8.191830847105718e-06
2019,E02006262,E07000203,9118,228441,277,3705,0.0747638326585695,681.6966261808368,female,45-49,340,0.037288879140162316,0.0027878595200607186,0.0012125669209992953,4.521526136650147e-05
2019,E02006262,E07000203,9118,228441,277,3705,0.0747638326585695,681.6966261808368,male,45-49,289,0.031695547269137966,0.0023696805920516107,0.0012125669209992953,3.843297216152625e-05
2019,E02006268,E07000203,6407,228441,39,3227,0.012085528354508832,77.43198016733808,female,45-49,182,0.028406430466677072,0.0003433067208554093,0.00017072241848004518,4.849614509656348e-06
2019,E02006268,E07000203,6407,228441,39,3227,0.012085528354508832,77.43198016733808,male,45-49,205,0.03199625409708132,0.0003866916361283456,0.00017072241848004518,5.4624778817557765e-06
2019,E02006257,E07000202,6460,228441,45,3015,0.014925373134328358,96.41791044776119,female,45-49,202,0.03126934984520124,0.00046670671410748116,0.00019698740593851365,6.159668111390055e-06
2019,E02006257,E07000202,6460,228441,45,3015,0.014925373134328358,96.41791044776119,male,45-49,155,0.023993808049535603,0.0003581165380527702,0.00019698740593851365,4.726478006264647e-06
2019,E02006265,E07000203,7283,228441,60,2946,0.020366598778004074,148.32993890020367,female,45-49,230,0.031580392695317865,0.0006431851872773496,0.0002626498745846849,8.294586180760336e-06
2019,E02006265,E07000203,7283,228441,60,2946,0.020366598778004074,148.32993890020367,male,45-49,226,0.031031168474529726,0.0006319993579333957,0.0002626498745846849,8.15033250805146e-06
2019,E02006253,E07000202,6895,228441,47,3085,0.015235008103727715,105.0453808752026,female,45-49,259,0.03756345177664975,0.0005722794922212442,0.00020574240175800316,7.72839478684885e-06
2019,E02006253,E07000202,6895,228441,47,3085,0.015235008103727715,105.0453808752026,male,45-49,209,0.030311820159535895,0.0004618008257692665,0.00020574240175800316,6.236426681279573e-06
2019,E02006263,E07000203,7712,228441,950,2788,0.34074605451936874,2627.8335724533717,female,45-49,287,0.03721473029045643,0.01268077251647547,0.00415862301425751,0.0001547620338552782
2019,E02006263,E07000203,7712,228441,950,2788,0.34074605451936874,2627.8335724533717,male,45-49,263,0.03410269709543568,0.011620359483738844,0.00415862301425751,0.00014182026098933157
2019,E02006247,E07000202,8915,228441,57,3837,0.014855355746677092,132.43549648162627,female,45-49,282,0.0316320807627594,0.00046990581273841173,0.00024951738085545063,7.89275394293181e-06
2019,E02006247,E07000202,8915,228441,57,3837,0.014855355746677092,132.43549648162627,male,45-49,267,0.029949523275378576,0.0004449108226991345,0.00024951738085545063,7.47292660554182e-06
2019,E02006291,E07000244,7681,228441,68,3090,0.022006472491909384,169.03171521035597,female,45-49,229,0.029813826324697305,0.0006560971488930151,0.0002976698578626429,8.874677444414168e-06
2019,E02006291,E07000244,7681,228441,68,3090,0.022006472491909384,169.03171521035597,male,45-49,224,0.029162869418044527,0.0006417718836333424,0.0002976698578626429,8.680907194536128e-06
2019,E02006301,E07000244,6451,228441,46,3009,0.015287470920571618,98.61947490860751,female,45-49,238,0.03689350488296388,0.0005640083830562774,0.0002013649038482584,7.429057063383274e-06
2019,E02006301,E07000244,6451,228441,46,3009,0.015287470920571618,98.61947490860751,male,45-49,234,0.03627344597736785,0.0005545292505679365,0.0002013649038482584,7.304198961477673e-06
2019,E02006283,E07000245,7626,228441,13,3104,0.004188144329896907,31.938788659793815,female,45-49,224,0.02937319695777603,0.00012301918828965476,5.690747282668173e-05,1.6715544077074098e-06
2019,E02006283,E07000245,7626,228441,13,3104,0.004188144329896907,31.938788659793815,male,45-49,340,0.044584316810910046,0.00018672555365394027,5.690747282668173e-05,2.537180797413033e-06
2019,E02006272,E07000203,7642,228441,56,3187,0.017571383746470035,134.280514590524,female,45-49,277,0.03624705574456948,0.0006369109261675216,0.0002451398829457059,8.88559900235024e-06
2019,E02006272,E07000203,7642,228441,56,3187,0.017571383746470035,134.280514590524,male,45-49,264,0.034545930384716046,0.0006070197996686849,0.0002451398829457059,8.468585330759796e-06
2019,E02006297,E07000244,8226,228441,45,3235,0.013910355486862442,114.42658423493044,female,45-49,292,0.03549720398735716,0.000493778726253809,0.00019698740593851365,6.99250213153975e-06
2019,E02006297,E07000244,8226,228441,45,3235,0.013910355486862442,114.42658423493044,male,45-49,287,0.03488937515195721,0.00048532361107823013,0.00019698740593851365,6.872767505999687e-06
2019,E02006270,E07000203,13467,228441,59,4858,0.01214491560312886,163.55557842733637,female,45-49,491,0.03645949357689166,0.000442797472424168,0.00025827237667494014,9.416480058468523e-06
2019,E02006270,E07000203,13467,228441,59,4858,0.01214491560312886,163.55557842733637,male,45-49,507,0.03764758298061929,0.00045722671796141176,0.00025827237667494014,9.723330732471571e-06
2019,E02006255,E07000202,8208,228441,58,3059,0.01896044458973521,155.6273291925466,female,45-49,239,0.02911793372319688,0.0005520889689262567,0.0002538948787651954,7.392894252544066e-06
2019,E02006255,E07000202,8208,228441,58,3059,0.01896044458973521,155.6273291925466,male,45-49,278,0.03386939571150097,0.0006421788006757295,0.0002538948787651954,8.599266118021967e-06
2019,E02006252,E07000202,9269,228441,37,3710,0.009973045822102426,92.44016172506738,female,45-49,327,0.03527888661128493,0.00035183795272710036,0.00016196742266055567,5.714030338763805e-06
2019,E02006252,E07000202,9269,228441,37,3710,0.009973045822102426,92.44016172506738,male,45-49,303,0.03268961052972273,0.00032601498371960676,0.00016196742266055567,5.294651965276553e-06
2019,E02006300,E07000244,7781,228441,61,3606,0.01691625069328896,131.62534664448143,female,45-49,245,0.03148695540418969,0.0005326412311856825,0.00026702737249442965,8.407878969430056e-06
2019,E02006300,E07000244,7781,228441,61,3606,0.01691625069328896,131.62534664448143,male,45-49,258,0.03315769181339159,0.0005609038271261473,0.00026702737249442965,8.854011322910017e-06
2019,E02006248,E07000202,8109,228441,44,3404,0.012925969447708578,104.81668625146885,female,45-49,326,0.04020224441978049,0.0005196529830993953,0.00019260990802876893,7.743350600244009e-06
2019,E02006248,E07000202,8109,228441,44,3404,0.012925969447708578,104.81668625146885,male,45-49,318,0.0392156862745098,0.0005069007626552383,0.00019260990802876893,7.553329726618389e-06
2019,E02006229,E07000200,5937,228441,16,2606,0.0061396776669224865,36.451266308518804,female,45-49,181,0.030486777833922857,0.00018717898900336366,7.003996655591596e-05,2.135292899885597e-06
2019,E02006229,E07000200,5937,228441,16,2606,0.0061396776669224865,36.451266308518804,male,45-49,223,0.03756105777328617,0.00023061278755663036,7.003996655591596e-05,2.6307752302457908e-06
2019,E02006231,E07000200,8619,228441,37,3270,0.011314984709480122,97.52385321100917,female,45-49,311,0.036083072282167304,0.0004082794111437891,0.00016196742266055567,5.8442822192171726e-06
2019,E02006231,E07000200,8619,228441,37,3270,0.011314984709480122,97.52385321100917,male,45-49,319,0.037011254205824344,0.0004187817754175843,0.00016196742266055567,5.99461745315202e-06
2019,E02006260,E07000202,8746,228441,64,3841,0.016662327518875295,145.72871648008334,female,45-49,269,0.030756917447976217,0.0005124818319891899,0.00028015986622366386,8.61685387767729e-06
2019,E02006260,E07000202,8746,228441,64,3841,0.016662327518875295,145.72871648008334,male,45-49,288,0.03292933912645781,0.0005486794335051549,0.00028015986622366386,9.22547924450208e-06
2019,E02006254,E07000202,9499,228441,71,4098,0.017325524646168863,164.57515861395802,female,45-49,297,0.03126644909990525,0.0005417076344785927,0.00031080235159187714,9.717685906178282e-06
2019,E02006254,E07000202,9499,228441,71,4098,0.017325524646168863,164.57515861395802,male,45-49,298,0.03137172333929887,0.0005435315659078135,0.00031080235159187714,9.750405387343865e-06
2019,E02006299,E07000244,8381,228441,52,3938,0.013204672422549517,110.6683595733875,female,45-49,241,0.028755518434554348,0.00037970720126887403,0.0002276298913067269,6.545615535726188e-06
2019,E02006299,E07000244,8381,228441,52,3938,0.013204672422549517,110.6683595733875,male,45-49,220,0.026249850853120153,0.0003466206816562336,0.0002276298913067269,5.975250696513533e-06
2019,E02006298,E07000244,9290,228441,58,3706,0.015650296815974095,145.39125742039934,female,45-49,322,0.03466092572658773,0.0005424537755375305,0.0002538948787651954,8.800231535241433e-06
2019,E02006298,E07000244,9290,228441,58,3706,0.015650296815974095,145.39125742039934,male,45-49,288,0.0310010764262648,0.00048517604768574156,0.0002538948787651954,7.871014540837059e-06
2019,E02006234,E07000200,9751,228441,20,3978,0.005027652086475616,49.024635495223734,female,45-49,395,0.040508665777868935,0.00020366347801844615,8.754995819489497e-05,3.5465319953833976e-06
2019,E02006234,E07000200,9751,228441,20,3978,0.005027652086475616,49.024635495223734,male,45-49,349,0.035791200902471544,0.00017994570589477903,8.754995819489497e-05,3.133518142756471e-06
2019,E02006236,E07000200,10362,228441,53,3957,0.013393985342431134,138.7884761182714,female,45-49,393,0.03792704111175449,0.0005079942327326227,0.00023200738921647164,8.799353789043946e-06
2019,E02006236,E07000200,10362,228441,53,3957,0.013393985342431134,138.7884761182714,male,45-49,353,0.03406678247442579,0.0004562899851262488,0.00023200738921647164,7.903745260896978e-06
2019,E02006259,E07000202,7100,228441,51,3158,0.016149461684610514,114.66117796073465,female,45-49,213,0.03,0.0004844838505383154,0.00022325239339698215,6.697571801909464e-06
2019,E02006259,E07000202,7100,228441,51,3158,0.016149461684610514,114.66117796073465,male,45-49,219,0.03084507042253521,0.0004981312829478455,0.00022325239339698215,6.886235796329449e-06
2019,E02006239,E07000245,7719,228441,32,2380,0.013445378151260505,103.78487394957983,female,45-49,127,0.01645290840782485,0.0002212155752312585,0.00014007993311183193,2.304722309263202e-06
2019,E02006239,E07000245,7719,228441,32,2380,0.013445378151260505,103.78487394957983,male,45-49,124,0.01606425702811245,0.00021599001046201612,0.00014007993311183193,2.250280049989268e-06
2019,E02006826,E07000245,9804,228441,18,3898,0.004617752693689072,45.27244740892766,female,45-49,259,0.02641778865769074,0.00012199081473536002,7.879496237540546e-05,2.081588663324155e-06
2019,E02006826,E07000245,9804,228441,18,3898,0.004617752693689072,45.27244740892766,male,45-49,268,0.02733578131374949,0.0001262298777956621,7.879496237540546e-05,2.153921860119203e-06
2019,E02003744,E07000010,14355,228441,239,6893,0.034672856521108374,497.7288553605107,female,45-49,503,0.0350400557297109,0.0012149388248079076,0.0010462220004289948,3.66596772006816e-05
2019,E02003744,E07000010,14355,228441,239,6893,0.034672856521108374,497.7288553605107,male,45-49,498,0.03469174503657262,0.0012028618981199562,0.0010462220004289948,3.629526689053566e-05
2019,E02005517,E07000143,6533,228441,306,2500,0.1224,799.6392,female,45-49,190,0.029083116485534976,0.003559773457829481,0.001339514360381893,3.8957252177033466e-05
2019,E02005517,E07000143,6533,228441,306,2500,0.1224,799.6392,male,45-49,189,0.02893004745140058,0.003541037808051431,0.001339514360381893,3.875221400768066e-05
2019,E02005519,E07000143,8913,228441,424,3683,0.11512354059190877,1026.096117295683,female,45-49,296,0.03320991809716145,0.003823243354112532,0.001856059113731773,6.163957115052226e-05
2019,E02005519,E07000143,8913,228441,424,3683,0.11512354059190877,1026.096117295683,male,45-49,294,0.032985526758667116,0.0037974106287469067,0.001856059113731773,6.122308756166737e-05
2019,E02006269,E07000203,7508,228441,35,2973,0.011772620248906828,88.38883282879247,female,45-49,257,0.03423015450186468,0.00040297861001186135,0.0001532124268410662,5.244485042375335e-06
2019,E02006269,E07000203,7508,228441,35,2973,0.011772620248906828,88.38883282879247,male,45-49,281,0.03742674480554076,0.0004406108537483776,0.0001532124268410662,5.734242400418167e-06
2019,E02006242,E07000245,9994,228441,28,3639,0.007694421544380325,76.89804891453696,female,45-49,244,0.024414648789273564,0.00018785659964266552,0.00012256994147285294,2.9925020731815204e-06
2019,E02006242,E07000245,9994,228441,28,3639,0.007694421544380325,76.89804891453696,male,45-49,273,0.02731638983390034,0.00021018381845265446,0.00012256994147285294,3.3481683031907996e-06
2019,E02005512,E07000143,9450,228441,2888,3385,0.8531757754800591,8062.511078286559,female,45-49,294,0.03111111111111111,0.026543246348268504,0.012642213963342832,0.0003933133233039992
2019,E02005512,E07000143,9450,228441,2888,3385,0.8531757754800591,8062.511078286559,male,45-49,357,0.03777777777777778,0.032231084851468896,0.012642213963342832,0.00047759474972628477
2019,E02006264,E07000203,8672,228441,29,3559,0.00814835627985389,70.66254565889294,female,45-49,292,0.03367158671586716,0.000274368085068881,0.0001269474393825977,4.274521713528428e-06
2019,E02006264,E07000203,8672,228441,29,3559,0.00814835627985389,70.66254565889294,male,45-49,300,0.03459409594095941,0.0002818850189063846,0.0001269474393825977,4.3916318974607135e-06
2019,E02006282,E07000245,6368,228441,17,2675,0.006355140186915888,40.469532710280376,female,45-49,213,0.03344849246231156,0.00021256985863898935,7.441746446566072e-05,2.489151999243991e-06
2019,E02006282,E07000245,6368,228441,17,2675,0.006355140186915888,40.469532710280376,male,45-49,210,0.032977386934673364,0.00020957591696801764,7.441746446566072e-05,2.454093520381399e-06
2019,E02006284,E07000245,7933,228441,10,3332,0.003001200480192077,23.808523409363747,female,45-49,257,0.0323963191730745,9.722784865868698e-05,4.3774979097447484e-05,1.4181481946355734e-06
2019,E02006284,E07000245,7933,228441,10,3332,0.003001200480192077,23.808523409363747,male,45-49,240,0.030253371990419765,9.079643454507733e-05,4.3774979097447484e-05,1.3243407265079285e-06
2019,E02005511,E07000143,8248,228441,2831,3289,0.8607479477044695,7099.449072666464,female,45-49,229,0.027764306498545104,0.023898069838060563,0.012392696582487381,0.0003440746262596521
2019,E02005511,E07000143,8248,228441,2831,3289,0.8607479477044695,7099.449072666464,male,45-49,217,0.0263094083414161,0.022645769235192757,0.012392696582487381,0.0003260445148399323
2019,E02006240,E07000245,10485,228441,46,3221,0.014281279105867743,149.73921142502329,female,45-49,245,0.023366714353838816,0.00033370656947425813,0.0002013649038482584,4.705236189110473e-06
2019,E02006240,E07000245,10485,228441,46,3221,0.014281279105867743,149.73921142502329,male,45-49,228,0.021745350500715306,0.0003105514197556362,0.0002013649038482584,4.378750412723216e-06
2019,E02006243,E07000245,8966,228441,13,3683,0.0035297311973934292,31.647569915829486,female,45-49,247,0.027548516618335937,9.72388585496517e-05,5.690747282668173e-05,1.5677164608733422e-06
2019,E02006243,E07000245,8966,228441,13,3683,0.0035297311973934292,31.647569915829486,male,45-49,263,0.029333035913450815,0.00010353773197796921,5.690747282668173e-05,1.6692689441687815e-06
2019,E02006246,E07000202,7040,228441,60,3135,0.019138755980861243,134.73684210526315,female,45-49,239,0.03394886363636364,0.0006497390169638974,0.0002626498745846849,8.91666477638348e-06
2019,E02006246,E07000202,7040,228441,60,3135,0.019138755980861243,134.73684210526315,male,45-49,223,0.031676136363636365,0.0006062418442801218,0.0002626498745846849,8.319733243236468e-06
2019,E02003752,E07000010,11152,228441,8,4643,0.0017230239069567091,19.21516261038122,female,45-49,402,0.036047345767575324,6.211043853986703e-05,3.501998327795798e-05,1.2623774459952574e-06
2019,E02003752,E07000010,11152,228441,8,4643,0.0017230239069567091,19.21516261038122,male,45-49,363,0.03255021520803443,5.608479898002917e-05,3.501998327795798e-05,1.1399079922792994e-06
2019,E02005564,E07000146,9930,228441,366,4997,0.0732439463678207,727.3123874324594,female,45-49,257,0.025881168177240683,0.0018956388939103644,0.0016021642349665778,4.1465882012730156e-05
2019,E02005564,E07000146,9930,228441,366,4997,0.0732439463678207,727.3123874324594,male,45-49,234,0.023564954682779457,0.0017259902769456237,0.0016021642349665778,3.775492759135742e-05
2019,E02003780,E07000012,12091,228441,8,3877,0.0020634511220015478,24.949187516120713,female,45-49,448,0.03705235298982715,7.645571934965623e-05,3.501998327795798e-05,1.297572782112743e-06
2019,E02003780,E07000012,12091,228441,8,3877,0.0020634511220015478,24.949187516120713,male,45-49,418,0.03457116863782979,7.13359167146346e-05,3.501998327795798e-05,1.2106817475962647e-06
2019,E02003249,E06000031,12090,228441,11,4349,0.0025293170843872156,30.579443550241436,female,45-49,301,0.02489660876757651,6.29714178991358e-05,4.815247700719223e-05,1.1988333812377883e-06
2019,E02003249,E06000031,12090,228441,11,4349,0.0025293170843872156,30.579443550241436,male,45-49,359,0.02969396195202647,7.51054452684045e-05,4.815247700719223e-05,1.4298378201473956e-06
2019,E02003745,E07000010,10314,228441,155,4975,0.031155778894472363,321.34070351758794,female,45-49,327,0.03170447934845841,0.0009877777485449355,0.000678512176010436,2.1511875272000445e-05
2019,E02003745,E07000010,10314,228441,155,4975,0.031155778894472363,321.34070351758794,male,45-49,357,0.03461314717859221,0.0010783995603380486,0.000678512176010436,2.348544181071608e-05
2019,E02003737,E07000009,13972,228441,10,4946,0.0020218358269308533,28.24909017387788,female,45-49,452,0.03235041511594618,6.540722829750542e-05,4.3774979097447484e-05,1.416138745494293e-06
2019,E02003737,E07000009,13972,228441,10,4946,0.0020218358269308533,28.24909017387788,male,45-49,601,0.04301460062983109,8.696846063451495e-05,4.3774979097447484e-05,1.8829632434559074e-06
2019,E02005589,E07000148,11841,228441,3910,4159,0.9401298389035826,11132.077422457322,female,45-49,322,0.027193649185035047,0.02556556102752754,0.017116016827101965,0.0004654469570413675
2019,E02005589,E07000148,11841,228441,3910,4159,0.9401298389035826,11132.077422457322,male,45-49,324,0.027362553838358245,0.025724353332046344,0.017116016827101965,0.00046833793192982317
2019,E02005540,E07000145,8995,228441,667,4468,0.14928379588182633,1342.807743957028,female,45-49,271,0.030127848804891607,0.004497599631347964,0.002919791105799747,8.796702497740206e-05
2019,E02005540,E07000145,8995,228441,667,4468,0.14928379588182633,1342.807743957028,male,45-49,226,0.025125069483046138,0.0037507657442237634,0.002919791105799747,7.335995440919877e-05
2019,E02005548,E07000145,7498,228441,499,3604,0.13845726970033295,1038.1526082130965,female,45-49,219,0.02920778874366498,0.004044030683431971,0.0021843714569626293,6.380066005265615e-05
2019,E02005548,E07000145,7498,228441,499,3604,0.13845726970033295,1038.1526082130965,male,45-49,184,0.024539877300613498,0.0033977244098241217,0.0021843714569626293,5.360420753282526e-05
2019,E02005507,E07000143,11864,228441,4009,4418,0.9074241738343142,10765.680398370303,female,45-49,392,0.033041132838840186,0.029982322668834382,0.017549389120166695,0.0005798516971599245
2019,E02005507,E07000143,11864,228441,4009,4418,0.9074241738343142,10765.680398370303,male,45-49,389,0.03278826702629804,0.029752866117797386,0.017549389120166695,0.0005754140566204352
2019,E02005547,E07000145,8812,228441,520,3960,0.13131313131313133,1157.1313131313132,female,45-49,278,0.03154788924194281,0.004142652122679359,0.002276298913067269,7.1812425991001e-05
2019,E02005547,E07000145,8812,228441,520,3960,0.13131313131313133,1157.1313131313132,male,45-49,252,0.028597367226509306,0.0037552098378244546,0.002276298913067269,6.509615593428868e-05
2019,E02005561,E07000146,11213,228441,311,5394,0.05765665554319614,646.5040786058584,female,45-49,344,0.030678676536163383,0.0017688298855667059,0.0013614018499306167,4.176600698975583e-05
2019,E02005561,E07000146,11213,228441,311,5394,0.05765665554319614,646.5040786058584,male,45-49,338,0.030143583340765185,0.001737978201516124,0.0013614018499306167,4.103753012365544e-05
2019,E02005504,E07000143,9110,228441,1501,4011,0.3742208925454999,3409.152331089504,female,45-49,285,0.03128430296377607,0.01170723977776811,0.006570624362526867,0.00020555740321845852
2019,E02005504,E07000143,9110,228441,1501,4011,0.3742208925454999,3409.152331089504,male,45-49,277,0.03040614709110867,0.011378615503304441,0.006570624362526867,0.00019978737084741405
2019,E02005569,E07000146,8228,228441,242,3732,0.06484458735262594,533.5412647374062,female,45-49,313,0.038040836169178416,0.002466742323939222,0.001059354494158229,4.029873075735607e-05
2019,E02005569,E07000146,8228,228441,242,3732,0.06484458735262594,533.5412647374062,male,45-49,257,0.031234807972775887,0.0020254082340331633,0.001059354494158229,3.308873420012942e-05
2019,E02005466,E07000140,6685,228441,69,3343,0.020640143583607537,137.97935985641638,female,45-49,254,0.03799551234106208,0.0007842328302522534,0.00030204735577238763,1.1476444033834922e-05
2019,E02005466,E07000140,6685,228441,69,3343,0.020640143583607537,137.97935985641638,male,45-49,207,0.030964846671652953,0.0006391188813473089,0.00030204735577238763,9.352850059070192e-06
2019,E02005578,E07000147,5843,228441,1169,2736,0.427266081871345,2496.515716374269,female,45-49,187,0.03200410747903474,0.013674269606356582,0.005117295056491611,0.00016377446098989065
2019,E02005578,E07000147,5843,228441,1169,2736,0.427266081871345,2496.515716374269,male,45-49,159,0.027212048605168578,0.011626785387222978,0.005117295056491611,0.0001392520818042386
2019,E02005580,E07000147,7937,228441,1847,3887,0.47517365577566245,3771.453305891433,female,45-49,252,0.03175003149804712,0.015086778537919484,0.00808523863929855,0.0002567065814669566
2019,E02005580,E07000147,7937,228441,1847,3887,0.47517365577566245,3771.453305891433,male,45-49,231,0.02910419553987653,0.01382954699309286,0.00808523863929855,0.00023531436634471021
2019,E02005474,E07000140,6793,228441,38,3085,0.012317666126418152,83.6739059967585,female,45-49,237,0.034888856175474756,0.00042974928190212013,0.00016634492057030043,5.803584009297983e-06
2019,E02005474,E07000140,6793,228441,38,3085,0.012317666126418152,83.6739059967585,male,45-49,222,0.03268070072133078,0.0004025499602627454,0.00016634492057030043,5.436268565671529e-06
2019,E02005510,E07000143,7023,228441,1986,3118,0.6369467607440668,4473.277100705581,female,45-49,197,0.028050690588067778,0.017866796506703853,0.00869371084875307,0.00024386459308050048
2019,E02005510,E07000143,7023,228441,1986,3118,0.6369467607440668,4473.277100705581,male,45-49,194,0.027623522711092127,0.017594713311170292,0.00869371084875307,0.00024015091907419843
2019,E02005514,E07000143,6903,228441,367,3099,0.11842529848338174,817.4898354307841,female,45-49,224,0.03244965956830364,0.0038428606200604826,0.0016065417328763225,5.213173231410927e-05
2019,E02005514,E07000143,6903,228441,367,3099,0.11842529848338174,817.4898354307841,male,45-49,212,0.030711284948573083,0.0036369930868429563,0.0016065417328763225,4.933896094013912e-05
2019,E02005506,E07000143,6943,228441,1780,2867,0.6208580397628183,4310.617370073247,female,45-49,260,0.03744778914014115,0.023249760958999388,0.007791946279345652,0.00029179116126024334
2019,E02005506,E07000143,6943,228441,1780,2867,0.6208580397628183,4310.617370073247,male,45-49,216,0.031110470977963416,0.019315186027476415,0.007791946279345652,0.00024241111858543292
2019,E02005571,E07000147,5990,228441,1519,2515,0.6039761431411531,3617.8170974155073,female,45-49,184,0.030717863105175294,0.0185528564838017,0.006649419324902273,0.00020425595255125513
2019,E02005571,E07000147,5990,228441,1519,2515,0.6039761431411531,3617.8170974155073,male,45-49,142,0.02370617696160267,0.014317965329890442,0.006649419324902273,0.00015763231120803384
2019,E02003742,E07000010,6664,228441,124,3558,0.03485103991006183,232.24732996065205,female,45-49,209,0.031362545018007205,0.0010930173081036799,0.0005428097408083488,1.7023894932314662e-05
2019,E02003742,E07000010,6664,228441,124,3558,0.03485103991006183,232.24732996065205,male,45-49,196,0.029411764705882353,0.0010250305855900538,0.0005428097408083488,1.596499237671614e-05
2019,E02005472,E07000140,9869,228441,192,5695,0.033713784021071114,332.7213345039508,female,45-49,298,0.030195561860370857,0.0010180066509554353,0.0008404795986709917,2.53787537140496e-05
2019,E02005472,E07000140,9869,228441,192,5695,0.033713784021071114,332.7213345039508,male,45-49,301,0.03049954402675043,0.0010282550400590137,0.0008404795986709917,2.5634244523251445e-05
2019,E02005552,E07000146,6790,228441,471,3075,0.15317073170731707,1040.029268292683,female,45-49,232,0.03416789396170839,0.005233521319012895,0.0020618015154897766,7.044741555134435e-05
2019,E02005552,E07000146,6790,228441,471,3075,0.15317073170731707,1040.029268292683,male,45-49,193,0.028424153166421207,0.004353748338661589,0.0020618015154897766,5.860496207504078e-05
2019,E02005563,E07000146,7551,228441,209,4033,0.05182246466650137,391.3114306967518,female,45-49,278,0.036816315719772216,0.0019079122205386545,0.0009148970631366524,3.368313912753137e-05
2019,E02005563,E07000146,7551,228441,209,4033,0.05182246466650137,391.3114306967518,male,45-49,226,0.029929810621109786,0.0015510365533875391,0.0009148970631366524,2.738269583748953e-05
2019,E02005509,E07000143,8278,228441,645,4465,0.1444568868980963,1195.8141097424411,female,45-49,225,0.027180478376419424,0.0039264072906585725,0.0028234861517853625,7.674370429472174e-05
2019,E02005509,E07000143,8278,228441,645,4465,0.1444568868980963,1195.8141097424411,male,45-49,211,0.02548924861077555,0.003682097503684262,0.0028234861517853625,7.196854047193905e-05
2019,E02005566,E07000146,9847,228441,243,4936,0.04923014586709887,484.76924635332256,female,45-49,322,0.03270031481669544,0.001609841268325971,0.0010637319920679738,3.478437102121332e-05
2019,E02005566,E07000146,9847,228441,243,4936,0.04923014586709887,484.76924635332256,male,45-49,298,0.03026302427135168,0.0014898530992581967,0.0010637319920679738,3.219174709416637e-05
2019,E02005568,E07000146,7423,228441,251,3603,0.06966416874826534,517.1171246183736,female,45-49,270,0.03637343392159504,0.0025339250386678756,0.0010987519753459319,3.9965382371467274e-05
2019,E02005568,E07000146,7423,228441,251,3603,0.06966416874826534,517.1171246183736,male,45-49,218,0.029368179981139702,0.002045909846035544,0.0010987519753459319,3.22683457665921e-05
2019,E02005560,E07000146,9204,228441,229,4415,0.05186862967157418,477.39886749716874,female,45-49,309,0.033572359843546284,0.0017413522999257301,0.0010024470213315473,3.365451212423382e-05
2019,E02005560,E07000146,9204,228441,229,4415,0.05186862967157418,477.39886749716874,male,45-49,326,0.03541938287701,0.0018371548536433272,0.0010024470213315473,3.550605486246028e-05
2019,E02005559,E07000146,7266,228441,191,3715,0.05141318977119785,373.56823687752353,female,45-49,242,0.03330580787228186,0.0017123578206206824,0.0008361021007612469,2.7847055929565337e-05
2019,E02005559,E07000146,7266,228441,191,3715,0.05141318977119785,373.56823687752353,male,45-49,245,0.03371868978805395,0.0017335853969093688,0.0008361021007612469,2.8192267366708712e-05
2019,E02003743,E07000010,11376,228441,180,5507,0.032685672780098055,371.83221354639545,female,45-49,392,0.034458509142053444,0.0011262995543071762,0.0007879496237540546,2.7151569313606662e-05
2019,E02003743,E07000010,11376,228441,180,5507,0.032685672780098055,371.83221354639545,male,45-49,370,0.032524613220815755,0.0010630888650348348,0.0007879496237540546,2.5627756750087924e-05
2019,E02005567,E07000146,11005,228441,321,5784,0.05549792531120332,610.7546680497925,female,45-49,328,0.02980463425715584,0.0016540953659313665,0.001405176829028064,4.188078145581145e-05
2019,E02005567,E07000146,11005,228441,321,5784,0.05549792531120332,610.7546680497925,male,45-49,323,0.02935029532030895,0.0016288804975482663,0.001405176829028064,4.124235490922896e-05
2019,E02005551,E07000146,5246,228441,187,2808,0.06659544159544159,349.3596866096866,female,45-49,113,0.021540221120853985,0.001434480537606729,0.0008185921091222679,1.7632655038279884e-05
2019,E02005551,E07000146,5246,228441,187,2808,0.06659544159544159,349.3596866096866,male,45-49,118,0.02249332825009531,0.0014979531277663186,0.0008185921091222679,1.841286101342501e-05
2019,E02005556,E07000146,7408,228441,229,3960,0.057828282828282826,428.39191919191916,female,45-49,276,0.03725701943844492,0.0021545094574252238,0.0010024470213315473,3.734818815976067e-05
2019,E02005556,E07000146,7408,228441,229,3960,0.057828282828282826,428.39191919191916,male,45-49,208,0.028077753779697623,0.0016236882867552412,0.0010024470213315473,2.8146460642138475e-05
2019,E02005553,E07000146,8632,228441,372,4706,0.07904802379940501,682.342541436464,female,45-49,251,0.029077849860982392,0.002298546567846462,0.0016284292224250463,4.7351220438911795e-05
2019,E02005553,E07000146,8632,228441,372,4706,0.07904802379940501,682.342541436464,male,45-49,208,0.024096385542168676,0.0019047716578169884,0.0016284292224250463,3.923925837168786e-05
2019,E02005565,E07000146,6996,228441,217,3487,0.062231144250071695,435.36908517350156,female,45-49,261,0.037307032590051456,0.002321659326653618,0.0009499170464146103,3.543858620843529e-05
2019,E02005565,E07000146,6996,228441,217,3487,0.062231144250071695,435.36908517350156,male,45-49,256,0.03659233847913093,0.002277183094342246,0.0009499170464146103,3.475968608949975e-05
2019,E02005558,E07000146,7087,228441,210,3328,0.06310096153846154,447.1965144230769,female,45-49,216,0.030478340623677155,0.0019232125994507819,0.0009192745610463971,2.801796319825339e-05
2019,E02005558,E07000146,7087,228441,210,3328,0.06310096153846154,447.1965144230769,male,45-49,228,0.032171581769437,0.0020300577438647142,0.0009192745610463971,2.957451670926747e-05
2019,E02005555,E07000146,6847,228441,224,3227,0.06941431670281996,475.27982646420827,female,45-49,260,0.037972834818168544,0.00263585838217222,0.0009805595317828235,3.7234625129769845e-05
2019,E02005555,E07000146,6847,228441,224,3227,0.06941431670281996,475.27982646420827,male,45-49,216,0.03154666277201694,0.002189790040573844,0.0009805595317828235,3.093338087703956e-05
2019,E02005554,E07000146,6905,228441,253,3601,0.07025826159400167,485.13329630658154,female,45-49,200,0.02896451846488052,0.0020349967152498674,0.0011075069711654214,3.207840611630474e-05
2019,E02005554,E07000146,6905,228441,253,3601,0.07025826159400167,485.13329630658154,male,45-49,166,0.024040550325850833,0.0016890472736573899,0.0011075069711654214,2.662507707653294e-05
2019,E02005557,E07000146,6655,228441,163,3372,0.04833926453143535,321.6978054567022,female,45-49,195,0.029301277235161533,0.0014164021913793978,0.0007135321592883939,2.090740361551267e-05
2019,E02005557,E07000146,6655,228441,163,3372,0.04833926453143535,321.6978054567022,male,45-49,197,0.029601803155522164,0.0014309293933422635,0.0007135321592883939,2.112183852438972e-05
2019,E02005562,E07000146,7150,228441,311,3610,0.08614958448753463,615.9695290858725,female,45-49,244,0.034125874125874124,0.0029399298762179645,0.0013614018499306167,4.6459028165464397e-05
2019,E02005562,E07000146,7150,228441,311,3610,0.08614958448753463,615.9695290858725,male,45-49,217,0.03034965034965035,0.0026146097669643375,0.0013614018499306167,4.131807013076137e-05
2019,E02005573,E07000147,5874,228441,2012,2264,0.8886925795053003,5220.180212014134,female,45-49,146,0.024855294518215866,0.02208871579975721,0.008807525794406433,0.00021891364759675505
2019,E02005573,E07000147,5874,228441,2012,2264,0.8886925795053003,5220.180212014134,male,45-49,115,0.01957780047667688,0.017398646006658077,0.008807525794406433,0.0001724319826960742
2019,E02005577,E07000147,6084,228441,1798,2279,0.78894251864853,4799.926283457657,female,45-49,219,0.03599605522682446,0.028398818472062475,0.007870741241721057,0.0002833156364130361
2019,E02005577,E07000147,6084,228441,1798,2279,0.78894251864853,4799.926283457657,male,45-49,218,0.035831689677843524,0.028269143501870406,0.007870741241721057,0.0002820219577079537
2019,E02005467,E07000140,7563,228441,18,3426,0.005253940455341506,39.73555166374781,female,45-49,265,0.035039005685574505,0.00018409284948638094,7.879496237540546e-05,2.7608971346664613e-06
2019,E02005467,E07000140,7563,228441,18,3426,0.005253940455341506,39.73555166374781,male,45-49,214,0.02829564987438847,0.0001486636595852284,7.879496237540546e-05,2.2295546672400858e-06
2019,E02005505,E07000143,7600,228441,2690,2978,0.9032907991940899,6865.010073875083,female,45-49,257,0.03381578947368421,0.030545491499063302,0.011775469377213372,0.0003981967934136627
2019,E02005505,E07000143,7600,228441,2690,2978,0.9032907991940899,6865.010073875083,male,45-49,201,0.026447368421052633,0.02388966455763317,0.011775469377213372,0.00031143017694998523
2019,E02003732,E07000009,9888,228441,29,3720,0.0077956989247311825,77.08387096774193,female,45-49,339,0.03428398058252427,0.0002672675905626892,0.0001269474393825977,4.352263546794156e-06
2019,E02003732,E07000009,9888,228441,29,3720,0.0077956989247311825,77.08387096774193,male,45-49,350,0.03539644012944984,0.0002759399902564638,0.0001269474393825977,4.493487437693082e-06
2019,E02005503,E07000143,7420,228441,2545,2884,0.8824549237170597,6547.815533980583,female,45-49,258,0.03477088948787062,0.03068374263059318,0.011140732180300384,0.00038737316745518854
2019,E02005503,E07000143,7420,228441,2545,2884,0.8824549237170597,6547.815533980583,male,45-49,235,0.03167115902964959,0.0279483702255403,0.011140732180300384,0.0003528399005890283
2019,E02005609,E07000149,7526,228441,2582,2965,0.8708263069139967,6553.838785834739,female,45-49,235,0.031225086367260166,0.027191626644271754,0.01130269960296094,0.00035292777128565254
2019,E02005609,E07000149,7526,228441,2582,2965,0.8708263069139967,6553.838785834739,male,45-49,241,0.032022322614934894,0.027885880941572308,0.01130269960296094,0.00036193869310571173
2019,E02005610,E07000149,8162,228441,2505,3035,0.8253706754530478,6736.675453047776,female,45-49,304,0.037245773094829696,0.03074156889705054,0.010965632263910594,0.00040842345114295767
2019,E02005610,E07000149,8162,228441,2505,3035,0.8253706754530478,6736.675453047776,male,45-49,286,0.03504043126684636,0.028921344422883074,0.010965632263910594,0.00038424048364107206
2019,E02005532,E07000144,8282,228441,2878,3062,0.9399085564990203,7784.322664924886,female,45-49,263,0.03175561458584883,0.029847373866124408,0.012598438984245385,0.00040007117276702925
2019,E02005532,E07000144,8282,228441,2878,3062,0.9399085564990203,7784.322664924886,male,45-49,237,0.02861627626177252,0.02689668291357979,0.012598438984245385,0.0003605204104402507
2019,E02005605,E07000149,10777,228441,3610,3878,0.9308922124806601,10032.225373904073,female,45-49,428,0.03971420617982741,0.036969645257652645,0.01580276745417854,0.0006275943648871129
2019,E02005605,E07000149,10777,228441,3610,3878,0.9308922124806601,10032.225373904073,male,45-49,395,0.03665212953512109,0.03411918195507662,0.01580276745417854,0.0005792050797439476
2019,E02005515,E07000143,6424,228441,2077,2285,0.9089715536105033,5839.233260393873,female,45-49,244,0.03798256537982565,0.03452507146341264,0.009092063158539842,0.00034533988335674366
2019,E02005515,E07000143,6424,228441,2077,2285,0.9089715536105033,5839.233260393873,male,45-49,212,0.03300124533001245,0.029997193238702785,0.009092063158539842,0.0003000494068509412
2019,E02005592,E07000148,9394,228441,2364,2555,0.9252446183953034,8691.74794520548,female,45-49,268,0.02852884820097935,0.026396163266972677,0.010348405058636585,0.00029522807704008994
2019,E02005592,E07000148,9394,228441,2364,2555,0.9252446183953034,8691.74794520548,male,45-49,236,0.025122418565041518,0.023244382578378922,0.010348405058636585,0.0002599769633636613
2019,E02006273,E07000245,6726,228441,75,2935,0.02555366269165247,171.8739352640545,female,45-49,222,0.03300624442462088,0.0008434304367449969,0.0003283123432308561,1.083635744829766e-05
2019,E02006273,E07000245,6726,228441,75,2935,0.02555366269165247,171.8739352640545,male,45-49,219,0.03256021409455843,0.0008320327281403346,0.0003283123432308561,1.0689920185482825e-05
2019,E02005596,E07000148,9370,228441,3497,3688,0.9482104121475055,8884.731561822126,female,45-49,293,0.03127001067235859,0.029650549707494037,0.015308110190377384,0.00047868476902674213
2019,E02005596,E07000148,9370,228441,3497,3688,0.9482104121475055,8884.731561822126,male,45-49,277,0.029562433297758806,0.028031407061351016,0.015308110190377384,0.0004525449864177733
2019,E02005524,E07000144,5487,228441,1872,2021,0.9262741217219198,5082.466105888174,female,45-49,170,0.030982321851649352,0.028698122962042348,0.008194676087042168,0.00025389009199875497
2019,E02005524,E07000144,5487,228441,1872,2021,0.9262741217219198,5082.466105888174,male,45-49,220,0.04009476945507563,0.03713874736264304,0.008194676087042168,0.000328563648468977
2019,E02005534,E07000144,7281,228441,2498,2697,0.9262143121987393,6743.766407119021,female,45-49,270,0.037082818294190356,0.034346637040744345,0.01093498977854238,0.00040550023900651596
2019,E02005534,E07000144,7281,228441,2498,2697,0.9262143121987393,6743.766407119021,male,45-49,279,0.038318912237330034,0.03549152494210249,0.01093498977854238,0.00041901691364006646
2019,E02005585,E07000148,11017,228441,3685,3934,0.9367056431113371,10319.6860701576,female,45-49,321,0.029136788599437233,0.027292594303234927,0.016131079797409395,0.00047000786193777033
2019,E02005585,E07000148,11017,228441,3685,3934,0.9367056431113371,10319.6860701576,male,45-49,347,0.03149677770717981,0.02950320941813869,0.016131079797409395,0.0005080770345557828
2019,E02005527,E07000144,8922,228441,2984,3250,0.9181538461538462,8191.768615384616,female,45-49,344,0.03855637749383546,0.03540068628972462,0.013062453762678328,0.000503640898269597
2019,E02005527,E07000144,8922,228441,2984,3250,0.9181538461538462,8191.768615384616,male,45-49,292,0.03272808787267429,0.03004941975755695,0.013062453762678328,0.00042750913457768126
2019,E02005584,E07000148,10955,228441,3703,3961,0.9348649330977026,10241.445342085332,female,45-49,329,0.030031948881789138,0.028075815882167426,0.016209874759784804,0.0004868141301660612
2019,E02005584,E07000148,10955,228441,3703,3961,0.9348649330977026,10241.445342085332,male,45-49,390,0.035600182565038795,0.03328136229193099,0.016209874759784804,0.0005770745008047534
2019,E02005590,E07000148,11086,228441,3673,3972,0.92472306143001,10251.479859013092,female,45-49,251,0.022641169042035,0.020936811150904972,0.01607854982249246,0.00036403716448183364
2019,E02005590,E07000148,11086,228441,3673,3972,0.92472306143001,10251.479859013092,male,45-49,344,0.03103012808948223,0.028694275043471357,0.01607854982249246,0.0004989194604850629
2019,E02005607,E07000149,11561,228441,3943,4219,0.9345816544204788,10804.698506755156,female,45-49,413,0.03572355332583686,0.03338657756903881,0.01726047425812354,0.0006166054725893108
2019,E02005607,E07000149,11561,228441,3943,4219,0.9345816544204788,10804.698506755156,male,45-49,413,0.03572355332583686,0.03338657756903881,0.01726047425812354,0.0006166054725893108
2019,E02005601,E07000149,5673,228441,2051,2209,0.9284744228157538,5267.235400633771,female,45-49,215,0.03789881896703684,0.03518808406581827,0.008978248212886479,0.0003402650036613067
2019,E02005601,E07000149,5673,228441,2051,2209,0.9284744228157538,5267.235400633771,male,45-49,181,0.03190551736294729,0.029623456818200496,0.008978248212886479,0.0002864556542451
2019,E02005516,E07000143,6908,228441,1676,2829,0.592435489572287,4092.5443619653583,female,45-49,233,0.03372900984365953,0.019982262459516918,0.007336686496732198,0.00024745917106812424
2019,E02005516,E07000143,6908,228441,1676,2829,0.592435489572287,4092.5443619653583,male,45-49,210,0.03039953676896352,0.01800976444849164,0.007336686496732198,0.0002230318709197686
2019,E02005465,E07000140,8563,228441,11,3284,0.0033495736906211937,28.68239951278928,female,45-49,272,0.03176456849235081,0.0001063977629159132,4.815247700719223e-05,1.5295426539713053e-06
2019,E02005465,E07000140,8563,228441,11,3284,0.0033495736906211937,28.68239951278928,male,45-49,283,0.03304916501226206,0.00011070061362207144,4.815247700719223e-05,1.5913991583598508e-06
2019,E02005588,E07000148,12054,228441,3867,4106,0.9417924987822699,11352.366780321481,female,45-49,345,0.028621204579392732,0.02695523577898483,0.016927784416982943,0.0004844935808743251
2019,E02005588,E07000148,12054,228441,3867,4106,0.9417924987822699,11352.366780321481,male,45-49,315,0.02613240418118467,0.024611302232986146,0.016927784416982943,0.00044236370427655773
2019,E02005523,E07000144,8470,228441,2828,3036,0.9314888010540184,7889.710144927536,female,45-49,295,0.03482880755608028,0.03244264419255436,0.012379564088758148,0.0004311654552755199
2019,E02005523,E07000144,8470,228441,2828,3036,0.9314888010540184,7889.710144927536,male,45-49,293,0.0345926800472255,0.03222269406243535,0.012379564088758148,0.00042824229964653335
2019,E02006241,E07000245,9054,228441,39,3755,0.010386151797603195,94.03621837549933,female,45-49,234,0.02584493041749503,0.0002684293705145955,0.00017072241848004518,4.412309026323235e-06
2019,E02006241,E07000245,9054,228441,39,3755,0.010386151797603195,94.03621837549933,male,45-49,218,0.02407775568809366,0.0002500752255221445,0.00017072241848004518,4.110612682643014e-06
2019,E02005598,E07000149,9977,228441,3359,3607,0.9312448017743277,9291.029387302468,female,45-49,356,0.03568206875814373,0.03322874104757549,0.014704015478832608,0.0005246696913365149
2019,E02005598,E07000149,9977,228441,3359,3607,0.9312448017743277,9291.029387302468,male,45-49,384,0.038488523604289865,0.035842237534463445,0.014704015478832608,0.0005659358468348924
2019,E02005576,E07000147,6730,228441,2567,2849,0.901017901017901,6063.8504738504735,female,45-49,170,0.02526002971768202,0.022759738955875658,0.011237037134314768,0.00028384789195148744
2019,E02005576,E07000147,6730,228441,2567,2849,0.901017901017901,6063.8504738504735,male,45-49,186,0.02763744427934621,0.024901832034075717,0.011237037134314768,0.00031056298766456863
2019,E02005525,E07000144,10164,228441,3168,3381,0.9370008873114463,9523.67701863354,female,45-49,430,0.04230617866981504,0.03964092695237327,0.013867913378071361,0.0005866984211502052
2019,E02005525,E07000144,10164,228441,3168,3381,0.9370008873114463,9523.67701863354,male,45-49,368,0.03620621802439984,0.03392525841505433,0.013867913378071361,0.000502104695309943
2019,E02003738,E07000009,6280,228441,13,2354,0.0055225148683092605,34.68139337298216,female,45-49,211,0.03359872611464968,0.0001855494645244035,5.690747282668173e-05,1.9120185933805483e-06
2019,E02003738,E07000009,6280,228441,13,2354,0.0055225148683092605,34.68139337298216,male,45-49,250,0.03980891719745223,0.00021984533711422215,5.690747282668173e-05,2.2654248736736354e-06
2019,E02005603,E07000149,11652,228441,3684,3943,0.9343139741313721,10886.626426578747,female,45-49,457,0.039220734637830414,0.03664448044782329,0.01612670229949965,0.0006325011114719653
2019,E02005603,E07000149,11652,228441,3684,3943,0.9343139741313721,10886.626426578747,male,45-49,416,0.03570202540336423,0.03335690123915643,0.01612670229949965,0.0005757559351692289
2019,E02005600,E07000149,6635,228441,2020,2210,0.9140271493212669,6064.570135746606,female,45-49,254,0.03828183873398643,0.03499063992880208,0.008842545777684391,0.0003385089114592065
2019,E02005600,E07000149,6635,228441,2020,2210,0.9140271493212669,6064.570135746606,male,45-49,213,0.0321024868123587,0.02934254450722379,0.008842545777684391,0.0002838677092157913
2019,E02005513,E07000143,9953,228441,3432,3696,0.9285714285714286,9242.07142857143,female,45-49,320,0.03215111021802471,0.029854602345308665,0.015023572826243975,0.0004830245458050911
2019,E02005513,E07000143,9953,228441,3432,3696,0.9285714285714286,9242.07142857143,male,45-49,305,0.030644026926554806,0.028455167860372322,0.015023572826243975,0.00046038277022047747
2019,E02006238,E07000245,9785,228441,133,4511,0.029483484814896918,288.4958989137663,female,45-49,230,0.02350536535513541,0.000693020082516739,0.0005822072219960515,1.368499346541562e-05
2019,E02006238,E07000245,9785,228441,133,4511,0.029483484814896918,288.4958989137663,male,45-49,260,0.026571282575370465,0.0007834140063232702,0.0005822072219960515,1.5469992613078528e-05
2019,E02005572,E07000147,7738,228441,3064,3314,0.9245624622812312,7154.264333132167,female,45-49,215,0.02778495735332127,0.025688928584965715,0.013412653595457909,0.0003726700081446692
2019,E02005572,E07000147,7738,228441,3064,3314,0.9245624622812312,7154.264333132167,male,45-49,227,0.029335745670715948,0.027122729250173106,0.013412653595457909,0.00039347019464576705
2019,E02005518,E07000143,11391,228441,609,4444,0.13703870387038705,1561.007875787579,female,45-49,368,0.03230620665437626,0.004427200686884596,0.0026658962270345514,8.612499442970018e-05
2019,E02005518,E07000143,11391,228441,609,4444,0.13703870387038705,1561.007875787579,male,45-49,380,0.033359669914845055,0.004571565926674312,0.0026658962270345514,8.893341816110346e-05
2019,E02005574,E07000147,7117,228441,2517,2774,0.9073540014419611,6457.638428262437,female,45-49,183,0.0257130813545033,0.02333086725641125,0.01101816223882753,0.0002833109020240885
2019,E02005574,E07000147,7117,228441,2517,2774,0.9073540014419611,6457.638428262437,male,45-49,185,0.02599409863706618,0.023585849412219025,0.01101816223882753,0.00028640719603528075
2019,E02005570,E07000147,7365,228441,2562,2824,0.9072237960339944,6681.703257790368,female,45-49,220,0.02987101154107264,0.027099692481667177,0.011215149644766045,0.00033500786447366324
2019,E02005570,E07000147,7365,228441,2562,2824,0.9072237960339944,6681.703257790368,male,45-49,164,0.022267481330617785,0.02020158894087917,0.011215149644766045,0.0002497331353349126
2019,E02005521,E07000144,8781,228441,2751,2985,0.9216080402010051,8092.640201005025,female,45-49,321,0.036556200888281515,0.03369048865784337,0.012042496749707803,0.0004402279303787956
2019,E02005521,E07000144,8781,228441,2751,2985,0.9216080402010051,8092.640201005025,male,45-49,296,0.03370914474433436,0.031066618824678,0.012042496749707803,0.0004059422660190764
2019,E02003746,E07000010,7756,228441,12,3266,0.003674219228413962,28.49724433557869,female,45-49,224,0.02888086642599278,0.0001061146347556379,5.252997491693698e-05,1.517111188936808e-06
2019,E02003746,E07000010,7756,228441,12,3266,0.003674219228413962,28.49724433557869,male,45-49,260,0.033522434244455904,0.00012316877248422255,5.252997491693698e-05,1.760932630015938e-06
2019,E02003751,E07000010,7027,228441,8,3191,0.0025070510811657787,17.617047947351928,female,45-49,249,0.03543475167212182,8.883673249043388e-05,3.501998327795798e-05,1.2409244110162997e-06
2019,E02003751,E07000010,7027,228441,8,3191,0.0025070510811657787,17.617047947351928,male,45-49,228,0.03244627863953323,8.134447794304789e-05,3.501998327795798e-05,1.1362681353884188e-06
2019,E02005575,E07000147,7169,228441,2376,2621,0.9065242273941244,6498.872186188478,female,45-49,210,0.029292788394476216,0.026554622367522127,0.010400935033553521,0.0003046723890425777
2019,E02005575,E07000147,7169,228441,2376,2621,0.9065242273941244,6498.872186188478,male,45-49,201,0.028037383177570093,0.02541656712319975,0.010400935033553521,0.0002916150009407529
2019,E02005468,E07000140,7623,228441,12,2918,0.00411240575736806,31.348869088416723,female,45-49,282,0.03699330972058245,0.0001521314998790231,5.252997491693698e-05,1.943257631716677e-06
2019,E02005468,E07000140,7623,228441,12,2918,0.00411240575736806,31.348869088416723,male,45-49,270,0.03541912632821724,0.00014565781903310722,5.252997491693698e-05,1.8605658176010739e-06
2019,E02003750,E07000010,7481,228441,9,3479,0.0025869502730669733,19.352974992814026,female,45-49,225,0.030076193022323217,7.780561575191405e-05,3.939748118770273e-05,1.184926248794695e-06
2019,E02003750,E07000010,7481,228441,9,3479,0.0025869502730669733,19.352974992814026,male,45-49,187,0.024996658200775297,6.466511175825745e-05,3.939748118770273e-05,9.8480537122048e-07
2019,E02005508,E07000143,7007,228441,2441,2632,0.9274316109422492,6498.51329787234,female,45-49,226,0.0322534608248894,0.029912879131289902,0.01068547239768693,0.00034464346537423237
2019,E02005508,E07000143,7007,228441,2441,2632,0.9274316109422492,6498.51329787234,male,45-49,243,0.03467960610817754,0.03216296295974976,0.01068547239768693,0.00037056797383158615
2019,E02003753,E07000011,11314,228441,11,3948,0.002786220871327254,31.523302938196554,female,45-49,440,0.03888987095633728,0.00010835577014177054,4.815247700719223e-05,1.8726436170377038e-06
2019,E02003753,E07000011,11314,228441,11,3948,0.002786220871327254,31.523302938196554,male,45-49,394,0.03482411171999293,9.702766689967634e-05,4.815247700719223e-05,1.6768672388928531e-06
2019,E02005599,E07000149,6569,228441,2263,2427,0.9324268644416975,6125.1120725175115,female,45-49,228,0.03470847922058152,0.03236311844918664,0.009906277769752366,0.00034383183612475863
2019,E02005599,E07000149,6569,228441,2263,2427,0.9324268644416975,6125.1120725175115,male,45-49,232,0.035317399908661895,0.0329308924570671,0.009906277769752366,0.00034986397360063155
2019,E02003245,E06000031,7836,228441,8,2848,0.0028089887640449437,22.01123595505618,female,45-49,292,0.037263910158244005,0.00010467390493888765,3.501998327795798e-05,1.3049815106130336e-06
2019,E02003245,E06000031,7836,228441,8,2848,0.0028089887640449437,22.01123595505618,male,45-49,227,0.028968861664114345,8.13732069216695e-05,3.501998327795798e-05,1.0144890510587625e-06
2019,E02005526,E07000144,5348,228441,1968,2102,0.9362511893434824,5007.071360608944,female,45-49,230,0.043006731488406884,0.04026510350579674,0.008614915886377665,0.00037049937432065503
2019,E02005526,E07000144,5348,228441,1968,2102,0.9362511893434824,5007.071360608944,male,45-49,188,0.035153328347045626,0.03291234547430342,0.008614915886377665,0.00030284296683601365
2019,E02005528,E07000144,8597,228441,2743,2924,0.9380984952120383,8064.832763337893,female,45-49,271,0.03152262417122252,0.029571326300158473,0.012007476766429845,0.00037850717735285423
2019,E02005528,E07000144,8597,228441,2743,2924,0.9380984952120383,8064.832763337893,male,45-49,313,0.03640804931953007,0.03415433628025683,0.012007476766429845,0.0004371688063152892
2019,E02005530,E07000144,5483,228441,2031,2157,0.9415855354659249,5162.713490959666,female,45-49,149,0.02717490424949845,0.025587496768999237,0.008890698254691583,0.00024160387378242674
2019,E02005530,E07000144,5483,228441,2031,2157,0.9415855354659249,5162.713490959666,male,45-49,186,0.033923034834944375,0.031941438919690326,0.008890698254691583,0.00030159946660088174
2019,E02005581,E07000147,8362,228441,2689,2942,0.9140040788579198,7642.9021074099255,female,45-49,227,0.027146615642190862,0.024812117424150654,0.011771091879303627,0.0003195453069363697
2019,E02005581,E07000147,8362,228441,2689,2942,0.9140040788579198,7642.9021074099255,male,45-49,280,0.03348481224587419,0.030605254972520632,0.011771091879303627,0.00039415280150741636
2019,E02006274,E07000245,6820,228441,80,2816,0.028409090909090908,193.75,female,45-49,187,0.027419354838709678,0.0007789589442815249,0.0003501998327795799,9.602253479440094e-06
2019,E02006274,E07000245,6820,228441,80,2816,0.028409090909090908,193.75,male,45-49,204,0.029912023460410556,0.0008497733937616635,0.0003501998327795799,1.0475185613934647e-05
2019,E02005586,E07000148,9889,228441,3031,3232,0.937809405940594,9273.997215346535,female,45-49,329,0.03326928910911113,0.031200252255481384,0.013268196164436332,0.00044142345415103176
2019,E02005586,E07000148,9889,228441,3031,3232,0.937809405940594,9273.997215346535,male,45-49,359,0.036302962888057434,0.034045260059932574,0.013268196164436332,0.00048167483294899816
2019,E02006908,E07000148,5715,228441,1741,1868,0.9320128479657388,5326.453426124197,female,45-49,149,0.026071741032370952,0.024299197611005262,0.007621223860865606,0.0001986985748502144
2019,E02006908,E07000148,5715,228441,1741,1868,0.9320128479657388,5326.453426124197,male,45-49,208,0.03639545056867891,0.0339210275375107,0.007621223860865606,0.0002773778763009704
2019,E02006281,E07000245,8800,228441,31,4082,0.007594316511513963,66.82998530132288,female,45-49,285,0.03238636363636364,0.0002459522961115318,0.0001357024352020872,4.39490841279487e-06
2019,E02006281,E07000245,8800,228441,31,4082,0.007594316511513963,66.82998530132288,male,45-49,290,0.03295454545454545,0.00025026724867489197,0.0001357024352020872,4.472012069159691e-06
2019,E02006316,E07000244,7206,228441,1008,3252,0.30996309963099633,2233.5940959409595,female,45-49,171,0.02373022481265612,0.00735549403787127,0.0044125178930227065,0.00010471004159129653
2019,E02006316,E07000244,7206,228441,1008,3252,0.30996309963099633,2233.5940959409595,male,45-49,189,0.026228143213988343,0.008129756568173508,0.0044125178930227065,0.00011573215123248564
2019,E02006307,E07000244,7303,228441,507,3269,0.15509330070357907,1132.646375038238,female,45-49,214,0.029303026153635493,0.004544703046770631,0.0022193914402405873,6.503488541852467e-05
2019,E02006307,E07000244,7303,228441,507,3269,0.15509330070357907,1132.646375038238,male,45-49,213,0.029166096124880185,0.004523466116645535,0.0022193914402405873,6.473098408479324e-05
2019,E02006302,E07000244,6742,228441,476,3081,0.15449529373580007,1041.607270366764,female,45-49,235,0.03485612577870068,0.005385107390672355,0.0020836890050385,7.262932604331764e-05
2019,E02006302,E07000244,6742,228441,476,3081,0.15449529373580007,1041.607270366764,male,45-49,215,0.03188964698902403,0.00492680037870024,0.0020836890050385,6.644810680558849e-05
2019,E02006907,E07000148,6796,228441,1842,1988,0.9265593561368209,6296.897384305835,female,45-49,136,0.020011771630370805,0.018542094236993472,0.008063351149749825,0.00016136194178428137
2019,E02006907,E07000148,6796,228441,1842,1988,0.9265593561368209,6296.897384305835,male,45-49,223,0.03281341965862272,0.030403580991540773,0.008063351149749825,0.00026458612513157907
2019,E02006304,E07000244,7774,228441,519,3641,0.14254325734688272,1108.1312826146664,female,45-49,211,0.02714175456650373,0.0038688741060190707,0.0022719214151575243,6.166393344458935e-05
2019,E02006304,E07000244,7774,228441,519,3641,0.14254325734688272,1108.1312826146664,male,45-49,220,0.028299459737586827,0.004033897172152585,0.0022719214151575243,6.429414861521165e-05
2019,E02006309,E07000244,6899,228441,465,3371,0.1379412637199644,951.6567784040344,female,45-49,197,0.02855486302362661,0.003938893890829538,0.002035536528031308,5.812446673752249e-05
2019,E02006309,E07000244,6899,228441,465,3371,0.1379412637199644,951.6567784040344,male,45-49,189,0.027395274677489492,0.0037789388089684408,0.002035536528031308,5.5764082301480975e-05
2019,E02006825,E07000009,6602,228441,13,2349,0.005534269902085994,36.53724989357173,female,45-49,246,0.03726143592850651,0.00020621484336763926,5.690747282668173e-05,2.1204541525846264e-06
2019,E02006825,E07000009,6602,228441,13,2349,0.005534269902085994,36.53724989357173,male,45-49,194,0.0293850348379279,0.00016262471387529278,5.690747282668173e-05,1.672228071550478e-06
2019,E02005608,E07000149,7756,228441,2353,3208,0.7334788029925187,5688.861596009975,female,45-49,288,0.037132542547705004,0.027235932859959434,0.010300252581629392,0.00038247456723946167
2019,E02005608,E07000149,7756,228441,2353,3208,0.7334788029925187,5688.861596009975,male,45-49,276,0.03558535327488396,0.02610110232412779,0.010300252581629392,0.0003665381269378175
2019,E02005587,E07000148,9985,228441,3668,3934,0.9323843416370107,9309.857651245551,female,45-49,298,0.02984476715072609,0.027826793571139628,0.016056662332943734,0.0004792073485445401
2019,E02005587,E07000148,9985,228441,3668,3934,0.9323843416370107,9309.857651245551,male,45-49,324,0.03244867300951427,0.0302546346209706,0.016056662332943734,0.0005210173856658758
2019,E02006308,E07000244,7736,228441,477,3755,0.12703062583222371,982.7089214380827,female,45-49,274,0.03541882109617373,0.004499275010086517,0.0020880665029482447,7.3956853904837e-05
2019,E02006308,E07000244,7736,228441,477,3755,0.12703062583222371,982.7089214380827,male,45-49,255,0.03296277145811789,0.004187281487489277,0.0020880665029482447,6.882845892603443e-05
2019,E02006305,E07000244,10024,228441,525,4350,0.1206896551724138,1209.7931034482758,female,45-49,331,0.03302075019952115,0.003985262955114622,0.002298186402615993,7.588783911271884e-05
2019,E02006305,E07000244,10024,228441,525,4350,0.1206896551724138,1209.7931034482758,male,45-49,332,0.03312051077414206,0.003997303024465422,0.002298186402615993,7.611710750882978e-05
2019,E02006314,E07000244,7383,228441,1607,3302,0.4866747425802544,3593.119624470018,female,45-49,257,0.03480969795476094,0.016941000791429687,0.00703463914095981,0.00024487366371754994
2019,E02006314,E07000244,7383,228441,1607,3302,0.4866747425802544,3593.119624470018,male,45-49,228,0.030881755383990246,0.015029370351929838,0.00703463914095981,0.00021724200516576414
2019,E02006279,E07000245,8825,228441,36,4024,0.008946322067594433,78.95129224652088,female,45-49,309,0.03501416430594901,0.00031324799080868895,0.00015758992475081092,5.517879518187034e-06
2019,E02006279,E07000245,8825,228441,36,4024,0.008946322067594433,78.95129224652088,male,45-49,292,0.033087818696883854,0.0002960142825764957,0.00015758992475081092,5.214306858610401e-06
2019,E02006315,E07000244,5848,228441,517,2641,0.19575918212798182,1144.7996970844376,female,45-49,144,0.024623803009575923,0.00482033553803512,0.002263166419338035,5.572776408766707e-05
2019,E02006315,E07000244,5848,228441,517,2641,0.19575918212798182,1144.7996970844376,male,45-49,126,0.021545827633378933,0.00421779359578073,0.002263166419338035,4.876179357670868e-05
2019,E02006276,E07000245,6874,228441,26,2902,0.00895933838731909,61.586492074431426,female,45-49,220,0.03200465522257783,0.000286740536108554,0.00011381494565336345,3.642608094812331e-06
2019,E02006276,E07000245,6874,228441,26,2902,0.00895933838731909,61.586492074431426,male,45-49,208,0.030258946755891768,0.00027110014322990556,0.00011381494565336345,3.44392038054984e-06
2019,E02006278,E07000245,8793,228441,28,3456,0.008101851851851851,71.23958333333333,female,45-49,279,0.03172978505629478,0.00025707001781720304,0.00012256994147285294,3.889117897296255e-06
2019,E02006278,E07000245,8793,228441,28,3456,0.008101851851851851,71.23958333333333,male,45-49,285,0.032412146025247356,0.0002625984052971429,0.00012256994147285294,3.972754841324131e-06
2019,E02006277,E07000245,7994,228441,17,2787,0.006099748833871547,48.76139217796914,female,45-49,324,0.040530397798348765,0.00024722524670682777,7.441746446566072e-05,3.0161694379377125e-06
2019,E02006277,E07000245,7994,228441,17,2787,0.006099748833871547,48.76139217796914,male,45-49,335,0.041906429822366774,0.00025561869644070154,7.441746446566072e-05,3.118570252188684e-06
2019,E02006275,E07000245,7142,228441,24,3181,0.007544797233574348,53.88494184218799,female,45-49,258,0.036124334920190425,0.00027255078217056593,0.00010505994983387396,3.7952208144972672e-06
2019,E02006275,E07000245,7142,228441,24,3181,0.007544797233574348,53.88494184218799,male,45-49,212,0.029683562027443294,0.00022395645666728673,0.00010505994983387396,3.1185535374938787e-06
2019,E02005550,E07000145,7234,228441,448,3415,0.13118594436310396,948.999121522694,female,45-49,244,0.03372961017417749,0.0044248507636988335,0.001961119063565647,6.614778151921728e-05
2019,E02005550,E07000145,7234,228441,448,3415,0.13118594436310396,948.999121522694,male,45-49,233,0.03220901299419408,0.004225369786646838,0.001961119063565647,6.316570940154766e-05
2019,E02003758,E07000011,9606,228441,8,3798,0.00210637177461822,20.23380726698262,female,45-49,339,0.03529044347282948,7.433479404492782e-05,3.501998327795798e-05,1.2358707402902098e-06
2019,E02003758,E07000011,9606,228441,8,3798,0.00210637177461822,20.23380726698262,male,45-49,340,0.03539454507599417,7.455407072352642e-05,3.501998327795798e-05,1.2395163766922458e-06
2019,E02003775,E07000012,6886,228441,8,2586,0.0030935808197989174,21.302397525135344,female,45-49,303,0.04400232355503921,0.00013612474417645543,3.501998327795798e-05,1.5409606350887699e-06
2019,E02003775,E07000012,6886,228441,8,2586,0.0030935808197989174,21.302397525135344,male,45-49,271,0.03935521347661923,0.00012174853357036113,3.501998327795798e-05,1.378218917851672e-06
2019,E02005531,E07000144,5447,228441,1858,1969,0.9436262061960387,5139.931945149822,female,45-49,180,0.03304571323664402,0.031182801012536614,0.008133391116305741,0.0002687737104709075
2019,E02005531,E07000144,5447,228441,1858,1969,0.9436262061960387,5139.931945149822,male,45-49,152,0.027905268955388286,0.026332143077253144,0.008133391116305741,0.0002269644666198775
2019,E02005536,E07000144,6216,228441,2430,2679,0.9070548712206047,5638.253079507279,female,45-49,197,0.031692406692406694,0.028746751871051985,0.010637319920679738,0.0003371222690434216
2019,E02005536,E07000144,6216,228441,2430,2679,0.9070548712206047,5638.253079507279,male,45-49,203,0.03265765765765766,0.02962228746103326,0.010637319920679738,0.000347389952364541
2019,E02005582,E07000147,6991,228441,2342,3094,0.7569489334195216,5291.8299935358755,female,45-49,187,0.026748676870261764,0.02024738242732807,0.0102521001046222,0.00027423011294011606
2019,E02005582,E07000147,6991,228441,2342,3094,0.7569489334195216,5291.8299935358755,male,45-49,205,0.029323415820340436,0.02219632832942382,0.0102521001046222,0.00030062659439959244
2019,E02005522,E07000144,5534,228441,1858,1985,0.9360201511335012,5179.935516372796,female,45-49,217,0.03921214311528731,0.03670335612503971,0.008133391116305741,0.00031892769646518716
2019,E02005522,E07000144,5534,228441,1858,1985,0.9360201511335012,5179.935516372796,male,45-49,207,0.03740513191181785,0.03501195722526829,0.008133391116305741,0.0003042305675958237
2019,E02005549,E07000145,5270,228441,397,2637,0.15054986727341677,793.3978005309064,female,45-49,175,0.03320683111954459,0.0049992840176182034,0.001737866670168665,5.7709045024576155e-05
2019,E02005549,E07000145,5270,228441,397,2637,0.15054986727341677,793.3978005309064,male,45-49,146,0.027703984819734344,0.004170831237555759,0.001737866670168665,4.814583184907497e-05
2019,E02005606,E07000149,5848,228441,1025,2229,0.4598474652310453,2689.187976671153,female,45-49,230,0.0393296853625171,0.018085656122288036,0.004486935357488367,0.00017646975585197067
2019,E02005606,E07000149,5848,228441,1025,2229,0.4598474652310453,2689.187976671153,male,45-49,202,0.03454172366621067,0.015883924072618186,0.004486935357488367,0.0001549864812265134
2019,E02005529,E07000144,5904,228441,2426,2537,0.9562475364603863,5645.685455262121,female,45-49,157,0.026592140921409213,0.025428669245304986,0.010619809929040758,0.0002824034821916326
2019,E02005529,E07000144,5904,228441,2426,2537,0.9562475364603863,5645.685455262121,male,45-49,175,0.029640921409214094,0.0283440580759769,0.010619809929040758,0.00031478095148748864
2019,E02006310,E07000244,8522,228441,490,3371,0.14535746069415603,1238.7362800355977,female,45-49,289,0.03391222717671908,0.004929395228891234,0.0021449739757749267,7.274084475462964e-05
2019,E02006310,E07000244,8522,228441,490,3371,0.14535746069415603,1238.7362800355977,male,45-49,287,0.03367754048345459,0.004895281767099599,0.0021449739757749267,7.223744790511663e-05
2019,E02005541,E07000145,5924,228441,391,2884,0.1355755894590846,803.1497919556172,female,45-49,206,0.03477380148548278,0.00471447863412752,0.0017116016827101964,5.951889713678265e-05
2019,E02005541,E07000145,5924,228441,391,2884,0.1355755894590846,803.1497919556172,male,45-49,190,0.032072923700202566,0.004348305536331208,0.0017116016827101964,5.489607017470245e-05
2019,E02005537,E07000144,6050,228441,1455,2548,0.5710361067503925,3454.768445839875,female,45-49,203,0.03355371900826446,0.01916038506947598,0.0063692594586786085,0.00021371234216723263
2019,E02005537,E07000144,6050,228441,1455,2548,0.5710361067503925,3454.768445839875,male,45-49,177,0.029256198347107437,0.0167063456024495,0.0063692594586786085,0.00018634031804729153
2019,E02005546,E07000145,7892,228441,496,3877,0.12793396956409595,1009.6548877998453,female,45-49,232,0.02939685757729346,0.003760856682573525,0.002171238963233395,6.382760256844243e-05
2019,E02005546,E07000145,7892,228441,496,3877,0.12793396956409595,1009.6548877998453,male,45-49,227,0.028763304612265585,0.0036798037368284057,0.002171238963233395,6.245200768550187e-05
2019,E02005543,E07000145,9707,228441,592,4599,0.12872363557295063,1249.5203305066318,female,45-49,273,0.02812403420212218,0.003620227929475175,0.0025914787625688908,7.288283735256074e-05
2019,E02005543,E07000145,9707,228441,592,4599,0.12872363557295063,1249.5203305066318,male,45-49,321,0.033068919336561246,0.004256751521470811,0.0025914787625688908,8.569740216180221e-05
2019,E02005484,E07000141,7211,228441,9,2876,0.003129346314325452,22.565716272600834,female,45-49,283,0.03924559700457634,0.00012281306433977295,3.939748118770273e-05,1.546177669687959e-06
2019,E02005484,E07000141,7211,228441,9,2876,0.003129346314325452,22.565716272600834,male,45-49,238,0.03300513104978505,0.00010328448520447338,3.939748118770273e-05,1.3003190296315697e-06
2019,E02005539,E07000145,7534,228441,806,3487,0.23114425007169487,1741.440780040149,female,45-49,248,0.03291744093443058,0.007608677199068267,0.003528263315254267,0.00011614139928100055
2019,E02005539,E07000145,7534,228441,806,3487,0.23114425007169487,1741.440780040149,male,45-49,230,0.03052827183435094,0.007056434499135893,0.003528263315254267,0.00010771178159125051
2019,E02005545,E07000145,6351,228441,437,2936,0.14884196185286103,945.2952997275204,female,45-49,190,0.029916548575027554,0.004452837781773515,0.001912966586558455,5.722935780918067e-05
2019,E02005545,E07000145,6351,228441,437,2936,0.14884196185286103,945.2952997275204,male,45-49,201,0.03164855928200284,0.004710633653349877,0.001912966586558455,6.054263641918587e-05
2019,E02005533,E07000144,8917,228441,2992,3481,0.8595231255386383,7664.367710428038,female,45-49,348,0.03902657844566558,0.03354424668469733,0.013097473745956286,0.0005111495865866084
2019,E02005533,E07000144,8917,228441,2992,3481,0.8595231255386383,7664.367710428038,male,45-49,285,0.03196142200291578,0.02747158133660558,0.013097473745956286,0.00041861388556661903
2019,E02005583,E07000147,8736,228441,3117,4005,0.7782771535580524,6799.029213483145,female,45-49,286,0.03273809523809524,0.02547931157481719,0.01364466098467438,0.0004467002108077922
2019,E02005583,E07000147,8736,228441,3117,4005,0.7782771535580524,6799.029213483145,male,45-49,242,0.0277014652014652,0.021559417486383774,0.01364466098467438,0.00037797710145274723
2019,E02003785,E07000012,9173,228441,8,3105,0.0025764895330112722,23.6341384863124,female,45-49,304,0.03314073912569498,8.538676747361026e-05,3.501998327795798e-05,1.160588130001006e-06
2019,E02003785,E07000012,9173,228441,8,3105,0.0025764895330112722,23.6341384863124,male,45-49,315,0.034339910607216834,8.847642024403693e-05,3.501998327795798e-05,1.2025830952313053e-06
2019,E02003254,E06000031,8600,228441,8,3068,0.002607561929595828,22.42503259452412,female,45-49,256,0.029767441860465118,7.762044813680604e-05,3.501998327795798e-05,1.0424553161810748e-06
2019,E02003254,E06000031,8600,228441,8,3068,0.002607561929595828,22.42503259452412,male,45-49,255,0.029651162790697676,7.731724326127165e-05,3.501998327795798e-05,1.0383832251022425e-06
2019,E02003726,E07000008,8442,228441,9,2085,0.004316546762589928,36.44028776978417,female,45-49,220,0.026060175313906656,0.00011248996538376974,3.939748118770273e-05,1.0267052666778725e-06
2019,E02003726,E07000008,8442,228441,9,2085,0.004316546762589928,36.44028776978417,male,45-49,221,0.026178630656242596,0.00011300128340824143,3.939748118770273e-05,1.0313721087991356e-06
2019,E02005544,E07000145,7497,228441,439,3315,0.13242835595776772,992.8153846153846,female,45-49,225,0.030012004801920768,0.003974440454914997,0.0019217215823779444,5.767471735828165e-05
2019,E02005544,E07000145,7497,228441,439,3315,0.13242835595776772,992.8153846153846,male,45-49,180,0.024009603841536616,0.0031795523639319982,0.0019217215823779444,4.6139773886625315e-05
2019,E02005446,E07000138,10958,228441,11,1999,0.005502751375687844,60.29914957478739,female,45-49,124,0.011315933564519072,6.226876898934957e-05,4.815247700719223e-05,5.448902307804195e-07
2019,E02005446,E07000138,10958,228441,11,1999,0.005502751375687844,60.29914957478739,male,45-49,124,0.011315933564519072,6.226876898934957e-05,4.815247700719223e-05,5.448902307804195e-07
2019,E02005593,E07000148,12414,228441,2398,2647,0.9059312429165093,11246.230449565546,female,50-54,231,0.01860802319961334,0.016857589585444956,0.010497239987567906,0.00019533288522057246
2019,E02005593,E07000148,12414,228441,2398,2647,0.9059312429165093,11246.230449565546,male,50-54,176,0.014177541485419687,0.01284387777938663,0.010497239987567906,0.00014882505540615042
2019,E02006287,E07000244,6179,228441,545,2715,0.2007366482504604,1240.3517495395947,female,50-54,217,0.035118951286615956,0.007049660571346481,0.0023857363608108875,8.378455903802599e-05
2019,E02006287,E07000244,6179,228441,545,2715,0.2007366482504604,1240.3517495395947,male,50-54,200,0.03236769703835572,0.0064973830150658815,0.0023857363608108875,7.722079174011612e-05
2019,E02006233,E07000200,11790,228441,40,5050,0.007920792079207921,93.38613861386139,female,50-54,471,0.03994910941475827,0.0003164285894238279,0.00017509991638978994,6.995085718370743e-06
2019,E02006233,E07000200,11790,228441,40,5050,0.007920792079207921,93.38613861386139,male,50-54,455,0.03859202714164546,0.00030567942290412247,0.00017509991638978994,6.757460725814624e-06
2019,E02006288,E07000244,9562,228441,114,3453,0.03301476976542137,315.68722849695916,female,50-54,379,0.03963605940179879,0.0013085753755589522,0.0004990347617109013,1.9779771458735786e-05
2019,E02006288,E07000244,9562,228441,114,3453,0.03301476976542137,315.68722849695916,male,50-54,377,0.039426898138464755,0.0013016699646061344,0.0004990347617109013,1.9675392717528734e-05
2019,E02006311,E07000244,8471,228441,917,3751,0.24446814182884563,2070.889629432151,female,50-54,276,0.03258174949828828,0.007965199757379459,0.004014165583235934,0.00013078853747764346
2019,E02006311,E07000244,8471,228441,917,3751,0.24446814182884563,2070.889629432151,male,50-54,260,0.03069295242592374,0.007503449046806736,0.004014165583235934,0.00012320659327604092
2019,E02006256,E07000202,9754,228441,48,4135,0.011608222490931077,113.22660217654172,female,50-54,281,0.028808693869181876,0.00033441772810658527,0.00021011989966774792,6.0532798653513605e-06
2019,E02006256,E07000202,9754,228441,48,4135,0.011608222490931077,113.22660217654172,male,50-54,292,0.02993643633381177,0.00034750881354848006,0.00021011989966774792,6.290240998870453e-06
2019,E02006251,E07000202,10928,228441,70,3797,0.018435607058203844,201.4643139320516,female,50-54,316,0.028916544655929723,0.0005330940547577246,0.0003064248536821324,8.860747965186112e-06
2019,E02006251,E07000202,10928,228441,70,3797,0.018435607058203844,201.4643139320516,male,50-54,415,0.03797584187408492,0.000700107698495113,0.0003064248536821324,1.1636741789722266e-05
2019,E02004577,E07000076,5680,228441,11,2201,0.004997728305315766,28.387096774193548,female,50-54,241,0.04242957746478873,0.0002120515002783626,4.815247700719223e-05,2.043089253298121e-06
2019,E02004577,E07000076,5680,228441,11,2201,0.004997728305315766,28.387096774193548,male,50-54,226,0.0397887323943662,0.0001988532741199583,4.815247700719223e-05,1.915926021765043e-06
2019,E02005542,E07000145,7554,228441,451,3494,0.12907842014882656,975.0583858042359,female,50-54,294,0.03891977760127085,0.005023703405315728,0.0019742515572948815,7.683743153887942e-05
2019,E02005542,E07000145,7554,228441,451,3494,0.12907842014882656,975.0583858042359,male,50-54,255,0.03375694996028594,0.004357293769916703,0.0019742515572948815,6.664471102861991e-05
2019,E02005611,E07000149,11199,228441,3134,4161,0.753184330689738,8434.911319394376,female,50-54,351,0.03134208411465309,0.02360636664631646,0.01371907844914004,0.0004299845107284716
2019,E02005611,E07000149,11199,228441,3134,4161,0.753184330689738,8434.911319394376,male,50-54,379,0.033842307348870435,0.02548949560955538,0.01371907844914004,0.000464285269419062
2019,E02005595,E07000148,8952,228441,3128,3359,0.9312295325989878,8336.366775826138,female,50-54,310,0.03462913315460232,0.03224767148186843,0.013692813461681571,0.00047417026062570233
2019,E02005595,E07000148,8952,228441,3128,3359,0.9312295325989878,8336.366775826138,male,50-54,268,0.02993744414655943,0.02787863211980884,0.013692813461681571,0.0004099278382183491
2019,E02006293,E07000244,11451,228441,88,4406,0.01997276441216523,228.70812528370405,female,50-54,444,0.038773906209064714,0.0007744220940530402,0.00038521981605753786,1.4936477017688134e-05
2019,E02006293,E07000244,11451,228441,88,4406,0.01997276441216523,228.70812528370405,male,50-54,498,0.043489651558815824,0.0008686085649513828,0.00038521981605753786,1.6753075573893447e-05
2019,E02004521,E07000071,9189,228441,8,3522,0.002271436683702442,20.87223168654174,female,50-54,361,0.039286102949178364,8.923589539847442e-05,3.501998327795798e-05,1.3757986683363621e-06
2019,E02004521,E07000071,9189,228441,8,3522,0.002271436683702442,20.87223168654174,male,50-54,326,0.035477201001197084,8.058421578920405e-05,3.501998327795798e-05,1.242410985810676e-06
2019,E02004507,E07000071,9933,228441,11,3434,0.00320326150262085,31.817996505532903,female,50-54,382,0.03845766636464311,0.000123189962146498,4.815247700719223e-05,1.8518318953737473e-06
2019,E02004507,E07000071,9933,228441,11,3434,0.00320326150262085,31.817996505532903,male,50-54,396,0.03986710963455149,0.0001277047775131236,4.815247700719223e-05,1.9197000800209525e-06
2019,E02004446,E07000067,6867,228441,9,2535,0.0035502958579881655,24.379881656804734,female,50-54,333,0.04849279161205767,0.00017216375720257158,3.939748118770273e-05,1.910493845275231e-06
2019,E02004446,E07000067,6867,228441,9,2535,0.0035502958579881655,24.379881656804734,male,50-54,314,0.04572593563419251,0.00016234059988470714,3.939748118770273e-05,1.8014866889382055e-06
2019,E02004589,E07000076,7733,228441,9,3538,0.002543810062182024,19.67128321085359,female,50-54,283,0.03659640501745765,9.309430332309749e-05,3.939748118770273e-05,1.4418061782128376e-06
2019,E02004589,E07000076,7733,228441,9,3538,0.002543810062182024,19.67128321085359,male,50-54,263,0.03401008664166559,8.651520061475137e-05,3.939748118770273e-05,1.33991174865716e-06
2019,E02004522,E07000071,12010,228441,9,2824,0.003186968838526912,38.27549575070822,female,50-54,271,0.022564529558701082,7.191245255959977e-05,3.939748118770273e-05,8.88985628798288e-07
2019,E02004522,E07000071,12010,228441,9,2824,0.003186968838526912,38.27549575070822,male,50-54,276,0.022980849292256453,7.323925057730456e-05,3.939748118770273e-05,9.053875776691052e-07
2019,E02004526,E07000071,7285,228441,8,3181,0.002514932411191449,18.321282615529707,female,50-54,278,0.03816060398078243,9.597133978191116e-05,3.501998327795798e-05,1.3363837132837773e-06
2019,E02004526,E07000071,7285,228441,8,3181,0.002514932411191449,18.321282615529707,male,50-54,265,0.0363761153054221,9.148347137484337e-05,3.501998327795798e-05,1.2738909497129532e-06
2019,E02006235,E07000200,8200,228441,24,2985,0.008040201005025126,65.92964824120604,female,50-54,342,0.041707317073170734,0.00033533521264860893,0.00010505994983387396,4.381768639412793e-06
2019,E02006235,E07000200,8200,228441,24,2985,0.008040201005025126,65.92964824120604,male,50-54,350,0.042682926829268296,0.0003431793111900969,0.00010505994983387396,4.48426615144584e-06
2019,E02004513,E07000071,13590,228441,10,3781,0.0026448029621793175,35.942872256016926,female,50-54,268,0.01972038263428992,5.215652640647956e-05,4.3774979097447484e-05,8.632593376097076e-07
2019,E02004513,E07000071,13590,228441,10,3781,0.0026448029621793175,35.942872256016926,male,50-54,235,0.017292126563649743,4.57342675579205e-05,4.3774979097447484e-05,7.569624788741839e-07
2019,E02004582,E07000076,7003,228441,9,3302,0.0027256208358570565,19.087522713506967,female,50-54,241,0.034413822647436816,9.379903204934324e-05,3.939748118770273e-05,1.3558179303493302e-06
2019,E02004582,E07000076,7003,228441,9,3302,0.0027256208358570565,19.087522713506967,male,50-54,217,0.03098671997715265,8.445804960459536e-05,3.939748118770273e-05,1.2207987173684838e-06
2019,E02004520,E07000071,9529,228441,11,3753,0.002930988542499334,27.929389821476153,female,50-54,292,0.030643299401826005,8.981515945112871e-05,4.815247700719223e-05,1.4755507698709342e-06
2019,E02004520,E07000071,9529,228441,11,3753,0.002930988542499334,27.929389821476153,male,50-54,230,0.02413684541924651,7.074481737588904e-05,4.815247700719223e-05,1.1622488940764208e-06
2019,E02004579,E07000076,7266,228441,8,3141,0.0025469595670168737,18.506208213944603,female,50-54,279,0.03839801816680429,9.779819972442991e-05,3.501998327795798e-05,1.3446979541082131e-06
2019,E02004579,E07000076,7266,228441,8,3141,0.0025469595670168737,18.506208213944603,male,50-54,287,0.0394990366088632,0.00010060244917889385,3.501998327795798e-05,1.3832556015378394e-06
2019,E02004559,E07000074,7711,228441,8,2504,0.003194888178913738,24.635782747603834,female,50-54,348,0.045130333290105046,0.00014418636833899375,3.501998327795798e-05,1.580463517148149e-06
2019,E02004559,E07000074,7711,228441,8,2504,0.003194888178913738,24.635782747603834,male,50-54,315,0.040850732719491634,0.00013051352306546848,3.501998327795798e-05,1.430591976728928e-06
2019,E02004575,E07000076,11687,228441,12,4223,0.0028415818138763913,33.20956665877338,female,50-54,485,0.04149910156584239,0.00011792309230170701,5.252997491693698e-05,2.179946764329121e-06
2019,E02004575,E07000076,11687,228441,12,4223,0.0028415818138763913,33.20956665877338,male,50-54,410,0.03508171472576367,9.968756256432964e-05,5.252997491693698e-05,1.8428415945875042e-06
2019,E02004588,E07000076,7179,228441,8,3751,0.0021327645961077045,15.311117035457212,female,50-54,281,0.03914194177462042,8.348054763981961e-05,3.501998327795798e-05,1.3707501464140122e-06
2019,E02004588,E07000076,7179,228441,8,3751,0.0021327645961077045,15.311117035457212,male,50-54,244,0.033988020615684636,7.248844706091098e-05,3.501998327795798e-05,1.190259913612167e-06
2019,E02004512,E07000071,11610,228441,14,4353,0.0032161727544222376,37.33976567884218,female,50-54,297,0.02558139534883721,8.227418674103398e-05,6.128497073642647e-05,1.5677550653504444e-06
2019,E02004512,E07000071,11610,228441,14,4353,0.0032161727544222376,37.33976567884218,male,50-54,346,0.029801894918173987,9.584804246598572e-05,6.128497073642647e-05,1.8264082579503496e-06
2019,E02004509,E07000071,14885,228441,13,4843,0.0026842865992153624,39.95560602932067,female,50-54,504,0.03385959019146792,9.088884420588127e-05,5.690747282668173e-05,1.9268637087435397e-06
2019,E02004509,E07000071,14885,228441,13,4843,0.0026842865992153624,39.95560602932067,male,50-54,460,0.030903594222371517,8.295410383870115e-05,5.690747282668173e-05,1.7586454484564056e-06
2019,E02004585,E07000076,8674,228441,8,4088,0.0019569471624266144,16.974559686888455,female,50-54,285,0.03285681346552917,6.429904787774788e-05,3.501998327795798e-05,1.150645058129816e-06
2019,E02004585,E07000076,8674,228441,8,4088,0.0019569471624266144,16.974559686888455,male,50-54,261,0.030089923910537237,5.8884391214358584e-05,3.501998327795798e-05,1.0537486321820422e-06
2019,E02004580,E07000076,12194,228441,9,5534,0.0016263100831225153,19.831225153595952,female,50-54,425,0.03485320649499754,5.668212115196564e-05,3.939748118770273e-05,1.3731285472177842e-06
2019,E02004580,E07000076,12194,228441,9,5534,0.0016263100831225153,19.831225153595952,male,50-54,375,0.030752829260291947,5.001363631055792e-05,3.939748118770273e-05,1.211584012250986e-06
2019,E02004590,E07000076,8402,228441,9,4502,0.0019991115059973343,16.796534873389604,female,50-54,323,0.03844322780290407,7.685229902846215e-05,3.939748118770273e-05,1.5145663441594838e-06
2019,E02004590,E07000076,8402,228441,9,4502,0.0019991115059973343,16.796534873389604,male,50-54,283,0.03368245655796239,6.733498645527798e-05,3.939748118770273e-05,1.3270039485979378e-06
2019,E02004595,E07000077,14491,228441,8,5057,0.0015819655922483687,22.924263397271112,female,50-54,551,0.03802360085570354,6.015202824710863e-05,3.501998327795798e-05,1.3315858661344869e-06
2019,E02004595,E07000077,14491,228441,8,5057,0.0015819655922483687,22.924263397271112,male,50-54,558,0.038506659305776,6.091621009416809e-05,3.501998327795798e-05,1.3485025649783007e-06
2019,E02006922,E07000071,13943,228441,14,5702,0.002455278849526482,34.23395299894774,female,50-54,496,0.03557340601018432,8.73426313824238e-05,6.128497073642647e-05,2.1801151463291636e-06
2019,E02006922,E07000071,13943,228441,14,5702,0.002455278849526482,34.23395299894774,male,50-54,513,0.03679265581295273,9.033622963545042e-05,6.128497073642647e-05,2.2548368348122195e-06
2019,E02004523,E07000071,10335,228441,10,4139,0.0024160425223483935,24.969799468470647,female,50-54,369,0.035703918722786644,8.626218584872348e-05,4.3774979097447484e-05,1.5629382957869493e-06
2019,E02004523,E07000071,10335,228441,10,4139,0.0024160425223483935,24.969799468470647,male,50-54,350,0.033865505563618774,8.182050148252906e-05,4.3774979097447484e-05,1.4824617981719033e-06
2019,E02005579,E07000147,12901,228441,4648,5056,0.9193037974683544,11859.93829113924,female,50-54,466,0.03612123091233238,0.03320638474693847,0.02034661028449359,0.0007349446083694298
2019,E02005579,E07000147,12901,228441,4648,5056,0.9193037974683544,11859.93829113924,male,50-54,422,0.03271064258584606,0.030071017946798353,0.02034661028449359,0.0006655506968495694
2019,E02006292,E07000244,6857,228441,50,2404,0.020798668885191347,142.61647254575706,female,50-54,307,0.044771766078459965,0.0009311931380711307,0.0002188748954872374,9.799415621201965e-06
2019,E02006292,E07000244,6857,228441,50,2404,0.020798668885191347,142.61647254575706,male,50-54,286,0.041709202275047395,0.0008674958875841803,0.0002188748954872374,9.129097288807043e-06
2019,E02006250,E07000202,10945,228441,56,4152,0.01348747591522158,147.62042389210018,female,50-54,293,0.0267702147099132,0.00036106262614526475,0.0002451398829457059,6.5624473004195355e-06
2019,E02006250,E07000202,10945,228441,56,4152,0.01348747591522158,147.62042389210018,male,50-54,361,0.03298309730470535,0.00044485873050662314,0.0002451398829457059,8.085472612462296e-06
2019,E02005594,E07000148,11105,228441,3270,3517,0.92976969007677,10325.092408302531,female,50-54,338,0.030436740207113913,0.02829915850931547,0.014314418164865327,0.00043568422689999823
2019,E02005594,E07000148,11105,228441,3270,3517,0.92976969007677,10325.092408302531,male,50-54,317,0.028545700135074292,0.02654092676761244,0.014314418164865327,0.00040861508854230606
2019,E02005602,E07000149,12285,228441,3889,4252,0.9146284101599247,11236.210018814674,female,50-54,496,0.04037444037444037,0.036927610210771074,0.017024089370997326,0.0006873380812384756
2019,E02005602,E07000149,12285,228441,3889,4252,0.9146284101599247,11236.210018814674,male,50-54,439,0.035734635734635735,0.032683913069613914,0.017024089370997326,0.0006083496323864735
2019,E02005535,E07000144,7243,228441,2248,2438,0.9220672682526662,6678.533223954061,female,50-54,295,0.04072897970454232,0.03755485905488562,0.009840615301106194,0.0004007982208789628
2019,E02005535,E07000144,7243,228441,2248,2438,0.9220672682526662,6678.533223954061,male,50-54,275,0.037967692944912326,0.03500876691557134,0.009840615301106194,0.0003736254601414059
2019,E02006230,E07000200,11148,228441,70,4587,0.01526051885764116,170.12426422498365,female,50-54,426,0.03821313240043057,0.0005831522276063091,0.0003064248536821324,1.1709453504537889e-05
2019,E02006230,E07000200,11148,228441,70,4587,0.01526051885764116,170.12426422498365,male,50-54,377,0.03381772515249372,0.0005160760324121562,0.0003064248536821324,1.0362591481715455e-05
2019,E02006294,E07000244,8228,228441,52,3741,0.013900026730820636,114.36941994119219,female,50-54,306,0.0371900826446281,0.0005169431428817592,0.0002276298913067269,8.465574470084886e-06
2019,E02006294,E07000244,8228,228441,52,3741,0.013900026730820636,114.36941994119219,male,50-54,266,0.03232863393291201,0.00044936887583839195,0.0002276298913067269,7.358963428243724e-06
2019,E02006296,E07000244,13489,228441,80,5153,0.015524936929943722,209.41587424801088,female,50-54,503,0.037289643413151455,0.0005789193621292677,0.0003501998327795799,1.3058826887695801e-05
2019,E02006296,E07000244,13489,228441,80,5153,0.015524936929943722,209.41587424801088,male,50-54,503,0.037289643413151455,0.0005789193621292677,0.0003501998327795799,1.3058826887695801e-05
2019,E02006313,E07000244,10033,228441,688,4581,0.1501855490067671,1506.8116131848942,female,50-54,375,0.037376657031795074,0.005613433756357785,0.0030117185619043868,0.00011256797176459134
2019,E02006313,E07000244,10033,228441,688,4581,0.1501855490067671,1506.8116131848942,male,50-54,336,0.03348948470048839,0.005029636645696576,0.0030117185619043868,0.00010086090270107385
2019,E02006295,E07000244,9796,228441,69,4175,0.01652694610778443,161.89796407185628,female,50-54,354,0.0361371988566762,0.0005972375379905767,0.00030204735577238763,1.0915145359679994e-05
2019,E02006295,E07000244,9796,228441,69,4175,0.01652694610778443,161.89796407185628,male,50-54,345,0.035218456512862394,0.0005820535327874264,0.00030204735577238763,1.063764166409491e-05
2019,E02005597,E07000149,16660,228441,5376,5722,0.9395316322963999,15652.596994058022,female,50-54,505,0.030312124849939975,0.028479200138636373,0.023533428762787766,0.0007133482308047912
2019,E02005597,E07000149,16660,228441,5376,5722,0.9395316322963999,15652.596994058022,male,50-54,542,0.03253301320528211,0.030565795000279034,0.023533428762787766,0.0007656133487053402
2019,E02006267,E07000203,8615,228441,87,3046,0.02856204858831254,246.06204858831254,female,50-54,389,0.045153801508995936,0.001289685072646962,0.0003808423181477931,1.719647843987133e-05
2019,E02006267,E07000203,8615,228441,87,3046,0.02856204858831254,246.06204858831254,male,50-54,415,0.0481717933836332,0.001375885103209484,0.0003808423181477931,1.834585746155939e-05
2019,E02005538,E07000145,9068,228441,751,4616,0.1626949740034662,1475.3180242634314,female,50-54,385,0.04245699161887958,0.006907539147698995,0.0032875009302183057,0.00013957739944133742
2019,E02005538,E07000145,9068,228441,751,4616,0.1626949740034662,1475.3180242634314,male,50-54,336,0.03705337450374945,0.006028397801628214,0.0032875009302183057,0.00012181300314880357
2019,E02006271,E07000203,9748,228441,54,3734,0.0144617032672737,140.97268344938402,female,50-54,314,0.03221173574066475,0.00046583656400532846,0.0002363848871262164,7.614367517196547e-06
2019,E02006271,E07000203,9748,228441,54,3734,0.0144617032672737,140.97268344938402,male,50-54,293,0.030057447681575707,0.0004346818893425517,0.0002363848871262164,7.105126377511428e-06
2019,E02006312,E07000244,8830,228441,965,3470,0.2780979827089337,2455.605187319885,female,50-54,339,0.03839184597961495,0.010676694919403006,0.004224285482903682,0.00016217811763356152
2019,E02006312,E07000244,8830,228441,965,3470,0.2780979827089337,2455.605187319885,male,50-54,332,0.03759909399773499,0.010456232192453679,0.004224285482903682,0.0001588293069449629
2019,E02005520,E07000144,8657,228441,3033,3252,0.9326568265682657,8074.010147601476,female,50-54,310,0.03580917176851103,0.03339766850365743,0.013276951160255821,0.00047543662465973256
2019,E02005520,E07000144,8657,228441,3033,3252,0.9326568265682657,8074.010147601476,male,50-54,284,0.03280582187824881,0.030596573725931317,0.013276951160255821,0.0004355612948495614
2019,E02006237,E07000200,7731,228441,59,2944,0.020040760869565216,154.9351222826087,female,50-54,351,0.04540162980209546,0.0009098832059523206,0.00025827237667494014,1.1725986833902985e-05
2019,E02006237,E07000200,7731,228441,59,2944,0.020040760869565216,154.9351222826087,male,50-54,280,0.03621782434355193,0.0007258327568850421,0.00025827237667494014,9.354063571204662e-06
2019,E02005604,E07000149,8600,228441,2789,3152,0.8848350253807107,7609.581218274112,female,50-54,349,0.04058139534883721,0.03590783998347303,0.012208841670278102,0.0004954518305729137
2019,E02005604,E07000149,8600,228441,2789,3152,0.8848350253807107,7609.581218274112,male,50-54,356,0.0413953488372093,0.036628054539015464,0.012208841670278102,0.000505389259839419
2019,E02006258,E07000202,9082,228441,63,4222,0.014921837991473235,135.52013263855991,female,50-54,318,0.03501431402774719,0.0005224779213046123,0.00027578236831391915,9.656330447459401e-06
2019,E02006258,E07000202,9082,228441,63,4222,0.014921837991473235,135.52013263855991,male,50-54,289,0.031821184761065845,0.0004748305637013615,0.00027578236831391915,8.775721695961532e-06
2019,E02003619,E06000055,11815,228441,9,5224,0.0017228177641653904,20.355091883614087,female,50-54,442,0.03741007194244604,6.445073650115129e-05,3.939748118770273e-05,1.4738626055831237e-06
2019,E02003619,E06000055,11815,228441,9,5224,0.0017228177641653904,20.355091883614087,male,50-54,446,0.037748624629707996,6.503400108487212e-05,3.939748118770273e-05,1.4872007287105726e-06
2019,E02006261,E07000203,8070,228441,1036,3144,0.32951653944020354,2659.1984732824426,female,50-54,322,0.03990086741016109,0.01314799574965868,0.004535087834495559,0.0001809539383776419
2019,E02006261,E07000203,8070,228441,1036,3144,0.32951653944020354,2659.1984732824426,male,50-54,291,0.036059479553903345,0.011882194916617005,0.004535087834495559,0.0001635329070431484
2019,E02006306,E07000244,7510,228441,473,3378,0.14002368265245707,1051.5778567199527,female,50-54,266,0.03541944074567244,0.004959560530699545,0.002070556511309266,7.333795366288479e-05
2019,E02006306,E07000244,7510,228441,473,3378,0.14002368265245707,1051.5778567199527,male,50-54,235,0.031291611185086554,0.0043815666342646355,0.002070556511309266,6.479104928863883e-05
2019,E02006303,E07000244,8152,228441,445,3523,0.12631280158955435,1029.7019585580472,female,50-54,294,0.03606476938174681,0.00455544205928962,0.001947986569836413,7.025368639989026e-05
2019,E02006303,E07000244,8152,228441,445,3523,0.12631280158955435,1029.7019585580472,male,50-54,303,0.03716879293424927,0.004694894367227058,0.001947986569836413,7.240430945294814e-05
2019,E02006228,E07000200,6121,228441,22,2586,0.008507347254447023,52.07347254447023,female,50-54,230,0.037575559549093286,0.00031966833336428936,9.630495401438446e-05,3.618712534440194e-06
2019,E02006228,E07000200,6121,228441,22,2586,0.008507347254447023,52.07347254447023,male,50-54,212,0.034634863584381635,0.0002946508116227363,9.630495401438446e-05,3.3355089447883525e-06
2019,E02006266,E07000203,9653,228441,49,4297,0.011403304631138002,110.07609960437514,female,50-54,422,0.04371697917745779,0.000498518031113668,0.00021449739757749265,9.37717826351413e-06
2019,E02006266,E07000203,9653,228441,49,4297,0.011403304631138002,110.07609960437514,male,50-54,371,0.03843364757070341,0.00043827059133452805,0.00021449739757749265,8.243917383326404e-06
2019,E02006245,E07000202,7778,228441,49,3627,0.013509787703336091,105.07912875654812,female,50-54,277,0.035613268192337365,0.00048112769270044966,0.00021449739757749265,7.63895334648566e-06
2019,E02006245,E07000202,7778,228441,49,3627,0.013509787703336091,105.07912875654812,male,50-54,264,0.033941887374646436,0.00045854769268201696,0.00021449739757749265,7.280446510730015e-06
2019,E02006289,E07000244,9527,228441,111,3942,0.02815829528158295,268.26407914764076,female,50-54,389,0.04083132150729506,0.0011497404077396628,0.00048590226798166705,1.9840031725083287e-05
2019,E02006289,E07000244,9527,228441,111,3942,0.02815829528158295,268.26407914764076,male,50-54,308,0.03232916972814107,0.0009103343074134091,0.00048590226798166705,1.5708816892868002e-05
2019,E02006286,E07000245,11775,228441,11,4724,0.0023285351397121083,27.418501270110074,female,50-54,387,0.03286624203821656,7.653019949627056e-05,4.815247700719223e-05,1.5825909640580376e-06
2019,E02006286,E07000245,11775,228441,11,4724,0.0023285351397121083,27.418501270110074,male,50-54,386,0.03278131634819533,7.633244704279184e-05,4.815247700719223e-05,1.5785015817219706e-06
2019,E02006280,E07000245,9789,228441,32,4150,0.0077108433734939755,75.48144578313253,female,50-54,437,0.04464194504035141,0.0003442270460942759,0.00014007993311183193,6.253440675234503e-06
2019,E02006280,E07000245,9789,228441,32,4150,0.0077108433734939755,75.48144578313253,male,50-54,366,0.03738890591480233,0.00028829999741534324,0.00014007993311183193,5.237435439670087e-06
2019,E02006290,E07000244,8129,228441,72,3583,0.020094892548144012,163.35138152386267,female,50-54,258,0.031738221183417396,0.0006377761443500006,0.00031517984950162184,1.000324777603868e-05
2019,E02006290,E07000244,8129,228441,72,3583,0.020094892548144012,163.35138152386267,male,50-54,265,0.03259933571164965,0.0006550801482664735,0.00031517984950162184,1.0274653723450583e-05
2019,E02006227,E07000200,6270,228441,24,2589,0.009269988412514484,58.12282734646582,female,50-54,291,0.046411483253588515,0.00043023391196837557,0.00010505994983387396,4.875988102337691e-06
2019,E02006227,E07000200,6270,228441,24,2589,0.009269988412514484,58.12282734646582,male,50-54,270,0.0430622009569378,0.00039918610388818353,0.00010505994983387396,4.524112672272085e-06
2019,E02006249,E07000202,8185,228441,53,3215,0.016485225505443235,134.93157076205287,female,50-54,290,0.0354306658521686,0.0005840825163810065,0.00023200738921647164,8.220176282562831e-06
2019,E02006249,E07000202,8185,228441,53,3215,0.016485225505443235,134.93157076205287,male,50-54,286,0.03494196701282835,0.0005760262058102341,0.00023200738921647164,8.106794540734379e-06
2019,E02006262,E07000203,9118,228441,277,3705,0.0747638326585695,681.6966261808368,female,50-54,423,0.04639175257731959,0.0034684252264284825,0.0012125669209992953,5.6253104582441535e-05
2019,E02006262,E07000203,9118,228441,277,3705,0.0747638326585695,681.6966261808368,male,50-54,390,0.04277253783724501,0.0031978388612461184,0.0012125669209992953,5.1864564508634035e-05
2019,E02006268,E07000203,6407,228441,39,3227,0.012085528354508832,77.43198016733808,female,50-54,247,0.03855158420477603,0.0004659162640180555,0.00017072241848004518,6.581619691676473e-06
2019,E02006268,E07000203,6407,228441,39,3227,0.012085528354508832,77.43198016733808,male,50-54,224,0.03496176057437178,0.0004225313487451191,0.00017072241848004518,5.968756319577044e-06
2019,E02006257,E07000202,6460,228441,45,3015,0.014925373134328358,96.41791044776119,female,50-54,200,0.030959752321981424,0.00046208585555196157,0.00019698740593851365,6.098681298405996e-06
2019,E02006257,E07000202,6460,228441,45,3015,0.014925373134328358,96.41791044776119,male,50-54,226,0.03498452012383901,0.0005221570167737165,0.00019698740593851365,6.891509867198774e-06
2019,E02006265,E07000203,7283,228441,60,2946,0.020366598778004074,148.32993890020367,female,50-54,289,0.03968144995194288,0.0008081761701006696,0.0002626498745846849,1.0422327853216248e-05
2019,E02006265,E07000203,7283,228441,60,2946,0.020366598778004074,148.32993890020367,male,50-54,299,0.041054510503913226,0.0008361407434605545,0.0002626498745846849,1.0782962034988437e-05
2019,E02006253,E07000202,6895,228441,47,3085,0.015235008103727715,105.0453808752026,female,50-54,247,0.03582306018854242,0.0005457646122727695,0.00020574240175800316,7.370322441512224e-06
2019,E02006253,E07000202,6895,228441,47,3085,0.015235008103727715,105.0453808752026,male,50-54,252,0.03654822335025381,0.0005568124789179673,0.00020574240175800316,7.5195192520691515e-06
2019,E02006263,E07000203,7712,228441,950,2788,0.34074605451936874,2627.8335724533717,female,50-54,343,0.044476141078838176,0.015155069592860929,0.00415862301425751,0.0001849595038758203
2019,E02006263,E07000203,7712,228441,950,2788,0.34074605451936874,2627.8335724533717,male,50-54,291,0.037733402489626554,0.012857508021931573,0.00415862301425751,0.00015691899599960262
2019,E02006247,E07000202,8915,228441,57,3837,0.014855355746677092,132.43549648162627,female,50-54,289,0.032417274256870444,0.0004815701414234077,0.00024951738085545063,8.088673367047137e-06
2019,E02006247,E07000202,8915,228441,57,3837,0.014855355746677092,132.43549648162627,male,50-54,292,0.03275378575434661,0.00048656913943126315,0.00024951738085545063,8.172638834525136e-06
2019,E02006291,E07000244,7681,228441,68,3090,0.022006472491909384,169.03171521035597,female,50-54,322,0.041921624788439006,0.0009225470827229295,0.0002976698578626429,1.2478804092145684e-05
2019,E02006291,E07000244,7681,228441,68,3090,0.022006472491909384,169.03171521035597,male,50-54,258,0.03358937638328343,0.0007391836873991175,0.0002976698578626429,9.998544893706792e-06
2019,E02006301,E07000244,6451,228441,46,3009,0.015287470920571618,98.61947490860751,female,50-54,239,0.03704851960936289,0.0005663781661783625,0.0002013649038482584,7.460271588859674e-06
2019,E02006301,E07000244,6451,228441,46,3009,0.015287470920571618,98.61947490860751,male,50-54,233,0.03611843125096884,0.0005521594674458513,0.0002013649038482584,7.272984436001273e-06
2019,E02006283,E07000245,7626,228441,13,3104,0.004188144329896907,31.938788659793815,female,50-54,260,0.034093889325990036,0.00014279012926477784,5.690747282668173e-05,1.940197080374672e-06
2019,E02006283,E07000245,7626,228441,13,3104,0.004188144329896907,31.938788659793815,male,50-54,291,0.03815892997639654,0.0001598151062155783,5.690747282668173e-05,2.171528270727037e-06
2019,E02006272,E07000203,7642,228441,56,3187,0.017571383746470035,134.280514590524,female,50-54,308,0.04030358544883538,0.0007081897662801322,0.0002451398829457059,9.88001621921976e-06
2019,E02006272,E07000203,7642,228441,56,3187,0.017571383746470035,134.280514590524,male,50-54,318,0.04161214341795341,0.0007311829405100066,0.0002451398829457059,1.0200795966597025e-05
2019,E02006297,E07000244,8226,228441,45,3235,0.013910355486862442,114.42658423493044,female,50-54,367,0.04461463651835643,0.0006206054538874929,0.00019698740593851365,8.788521514640715e-06
2019,E02006297,E07000244,8226,228441,45,3235,0.013910355486862442,114.42658423493044,male,50-54,352,0.042791150012156574,0.000595240108360756,0.00019698740593851365,8.42931763802052e-06
2019,E02006270,E07000203,13467,228441,59,4858,0.01214491560312886,163.55557842733637,female,50-54,457,0.03393480359397045,0.00041213532565752503,0.00025827237667494014,8.764422376212047e-06
2019,E02006270,E07000203,13467,228441,59,4858,0.01214491560312886,163.55557842733637,male,50-54,466,0.034603103883567236,0.00042025177627222457,0.00025827237667494014,8.937025880338762e-06
2019,E02006255,E07000202,8208,228441,58,3059,0.01896044458973521,155.6273291925466,female,50-54,245,0.029848927875243663,0.0005659489430415601,0.0002538948787651954,7.578489924156051e-06
2019,E02006255,E07000202,8208,228441,58,3059,0.01896044458973521,155.6273291925466,male,50-54,302,0.03679337231968811,0.0006976186971369436,0.0002538948787651954,9.341648804469908e-06
2019,E02006252,E07000202,9269,228441,37,3710,0.009973045822102426,92.44016172506738,female,50-54,279,0.030100334448160536,0.00030019201471211316,0.00016196742266055567,4.875273591789301e-06
2019,E02006252,E07000202,9269,228441,37,3710,0.009973045822102426,92.44016172506738,male,50-54,318,0.034307908080699105,0.00034215433934929026,0.00016196742266055567,5.556763448706085e-06
2019,E02006300,E07000244,7781,228441,61,3606,0.01691625069328896,131.62534664448143,female,50-54,307,0.03945508289422953,0.0006674320733632838,0.00026702737249442965,1.0535587116796029e-05
2019,E02006300,E07000244,7781,228441,61,3606,0.01691625069328896,131.62534664448143,male,50-54,262,0.033671764554684486,0.0005696000104924441,0.00026702737249442965,8.991282816288467e-06
2019,E02006248,E07000202,8109,228441,44,3404,0.012925969447708578,104.81668625146885,female,50-54,305,0.03761252928844494,0.0004861784044334833,0.00019260990802876893,7.244545806976758e-06
2019,E02006248,E07000202,8109,228441,44,3404,0.012925969447708578,104.81668625146885,male,50-54,282,0.03477617462079171,0.0004495157706565321,0.00019260990802876893,6.6982357953031e-06
2019,E02006229,E07000200,5937,228441,16,2606,0.0061396776669224865,36.451266308518804,female,50-54,221,0.037224187299983155,0.00022854451143504624,7.003996655591596e-05,2.607180833561972e-06
2019,E02006229,E07000200,5937,228441,16,2606,0.0061396776669224865,36.451266308518804,male,50-54,217,0.036550446353377126,0.00022440795919187798,7.003996655591596e-05,2.5599920401943347e-06
2019,E02006231,E07000200,8619,228441,37,3270,0.011314984709480122,97.52385321100917,female,50-54,315,0.036547163243995824,0.0004135305932806867,0.00016196742266055567,5.919449836184597e-06
2019,E02006231,E07000200,8619,228441,37,3270,0.011314984709480122,97.52385321100917,male,50-54,330,0.03828750435085277,0.00043322252629405275,0.00016196742266055567,6.201328399812435e-06
2019,E02006260,E07000202,8746,228441,64,3841,0.016662327518875295,145.72871648008334,female,50-54,295,0.03372970500800366,0.0005620153919584052,0.00028015986622366386,9.44970964280595e-06
2019,E02006260,E07000202,8746,228441,64,3841,0.016662327518875295,145.72871648008334,male,50-54,280,0.032014635261833985,0.0005334383381300117,0.00028015986622366386,8.969215932154801e-06
2019,E02006254,E07000202,9499,228441,71,4098,0.017325524646168863,164.57515861395802,female,50-54,279,0.029371512790820085,0.0005088768687526174,0.00031080235159187714,9.12873524519778e-06
2019,E02006254,E07000202,9499,228441,71,4098,0.017325524646168863,164.57515861395802,male,50-54,307,0.03231919149384146,0.0005599469487708013,0.00031080235159187714,1.0044880717834117e-05
2019,E02006299,E07000244,8381,228441,52,3938,0.013204672422549517,110.6683595733875,female,50-54,308,0.03674979119436821,0.00048526895431872703,0.0002276298913067269,8.365350975118946e-06
2019,E02006299,E07000244,8381,228441,52,3938,0.013204672422549517,110.6683595733875,male,50-54,253,0.030187328481088176,0.00039861378390466864,0.0002276298913067269,6.871538300990563e-06
2019,E02006298,E07000244,9290,228441,58,3706,0.015650296815974095,145.39125742039934,female,50-54,347,0.037351991388589884,0.00058456975189914,0.0002538948787651954,9.48347932524465e-06
2019,E02006298,E07000244,9290,228441,58,3706,0.015650296815974095,145.39125742039934,male,50-54,344,0.037029063509149626,0.000579515834735747,0.0002538948787651954,9.401489590444265e-06
2019,E02006234,E07000200,9751,228441,20,3978,0.005027652086475616,49.024635495223734,female,50-54,353,0.03620141523946262,0.0001820081208620544,8.754995819489497e-05,3.169432390810986e-06
2019,E02006234,E07000200,9751,228441,20,3978,0.005027652086475616,49.024635495223734,male,50-54,385,0.03948312993539124,0.00019850744060025764,8.754995819489497e-05,3.4567463752471092e-06
2019,E02006236,E07000200,10362,228441,53,3957,0.013393985342431134,138.7884761182714,female,50-54,450,0.04342790966994789,0.0005816727855717053,0.00023200738921647164,1.0075595941653372e-05
2019,E02006236,E07000200,10362,228441,53,3957,0.013393985342431134,138.7884761182714,male,50-54,392,0.03783053464582127,0.0005067016265424633,0.00023200738921647164,8.77696357584027e-06
2019,E02006259,E07000202,7100,228441,51,3158,0.016149461684610514,114.66117796073465,female,50-54,186,0.02619718309859155,0.0004230704046954304,0.00022325239339698215,5.848583827019533e-06
2019,E02006259,E07000202,7100,228441,51,3158,0.016149461684610514,114.66117796073465,male,50-54,223,0.03140845070422535,0.0005072295712208654,0.00022325239339698215,7.012011792609439e-06
2019,E02006239,E07000245,7719,228441,32,2380,0.013445378151260505,103.78487394957983,female,50-54,164,0.021246275424277757,0.0002856642073852472,0.00014007993311183193,2.9761768403083867e-06
2019,E02006239,E07000245,7719,228441,32,2380,0.013445378151260505,103.78487394957983,male,50-54,164,0.021246275424277757,0.0002856642073852472,0.00014007993311183193,2.9761768403083867e-06
2019,E02006826,E07000245,9804,228441,18,3898,0.004617752693689072,45.27244740892766,female,50-54,309,0.031517747858017135,0.0001455411650703716,7.879496237540546e-05,2.483439756629976e-06
2019,E02006826,E07000245,9804,228441,18,3898,0.004617752693689072,45.27244740892766,male,50-54,294,0.029987760097919217,0.0001384760599698681,7.879496237540546e-05,2.3628844286382297e-06
2019,E02003744,E07000010,14355,228441,239,6893,0.034672856521108374,497.7288553605107,female,50-54,492,0.034273772204806686,0.0011883695860944144,0.0010462220004289948,3.585797451836053e-05
2019,E02003744,E07000010,14355,228441,239,6893,0.034672856521108374,497.7288553605107,male,50-54,479,0.033368164402647164,0.001156969576705741,0.0010462220004289948,3.491050771198109e-05
2019,E02005517,E07000143,6533,228441,306,2500,0.1224,799.6392,female,50-54,225,0.034440532680238785,0.004215521200061227,0.001339514360381893,4.6133588104381736e-05
2019,E02005517,E07000143,6533,228441,306,2500,0.1224,799.6392,male,50-54,205,0.0313791519975509,0.0038408082045002295,0.001339514360381893,4.203282471732559e-05
2019,E02005519,E07000143,8913,228441,424,3683,0.11512354059190877,1026.096117295683,female,50-54,324,0.03635139683608213,0.004184901509231285,0.001856059113731773,6.747034139449057e-05
2019,E02005519,E07000143,8913,228441,424,3683,0.11512354059190877,1026.096117295683,male,50-54,266,0.02984404801974644,0.0034357524736281534,0.001856059113731773,5.5392317317699055e-05
2019,E02006269,E07000203,7508,228441,35,2973,0.011772620248906828,88.38883282879247,female,50-54,322,0.04288758657432072,0.0005048992701315927,0.0001532124268410662,6.570911220408006e-06
2019,E02006269,E07000203,7508,228441,35,2973,0.011772620248906828,88.38883282879247,male,50-54,305,0.040623335109216833,0.0004782430974848938,0.0001532124268410662,6.223999758461e-06
2019,E02006242,E07000245,9994,228441,28,3639,0.007694421544380325,76.89804891453696,female,50-54,326,0.032619571743045826,0.0002509887355881515,0.00012256994147285294,3.998178999414655e-06
2019,E02006242,E07000245,9994,228441,28,3639,0.007694421544380325,76.89804891453696,male,50-54,297,0.029717830698419052,0.00022866151677816254,0.00012256994147285294,3.6425127694053755e-06
2019,E02005512,E07000143,9450,228441,2888,3385,0.8531757754800591,8062.511078286559,female,50-54,325,0.03439153439153439,0.029342024024446474,0.012642213963342832,0.0004347851363054413
2019,E02005512,E07000143,9450,228441,2888,3385,0.8531757754800591,8062.511078286559,male,50-54,351,0.037142857142857144,0.03168938594640219,0.012642213963342832,0.0004695679472098766
2019,E02006264,E07000203,8672,228441,29,3559,0.00814835627985389,70.66254565889294,female,50-54,379,0.043703874538745385,0.0003561147405517325,0.0001269474393825977,5.548094963792034e-06
2019,E02006264,E07000203,8672,228441,29,3559,0.00814835627985389,70.66254565889294,male,50-54,343,0.03955258302583026,0.0003222885382829664,0.0001269474393825977,5.021099136096749e-06
2019,E02006282,E07000245,6368,228441,17,2675,0.006355140186915888,40.469532710280376,female,50-54,256,0.04020100502512563,0.00025548302258958345,7.441746446566072e-05,2.9916568629411346e-06
2019,E02006282,E07000245,6368,228441,17,2675,0.006355140186915888,40.469532710280376,male,50-54,238,0.037374371859296485,0.00023751937256375337,7.441746446566072e-05,2.781305989765586e-06
2019,E02006284,E07000245,7933,228441,10,3332,0.003001200480192077,23.808523409363747,female,50-54,277,0.03491743350560948,0.0001047942182041101,4.3774979097447484e-05,1.5285099218445676e-06
2019,E02006284,E07000245,7933,228441,10,3332,0.003001200480192077,23.808523409363747,male,50-54,317,0.03995966217067944,0.00011992695729495632,4.3774979097447484e-05,1.7492333762625555e-06
2019,E02005511,E07000143,8248,228441,2831,3289,0.8607479477044695,7099.449072666464,female,50-54,274,0.03322017458777886,0.028594197098814823,0.012392696582487381,0.0004116875440836012
2019,E02005511,E07000143,8248,228441,2831,3289,0.8607479477044695,7099.449072666464,male,50-54,269,0.03261396702230844,0.028072405180953237,0.012392696582487381,0.00040417499765871794
2019,E02006240,E07000245,10485,228441,46,3221,0.014281279105867743,149.73921142502329,female,50-54,277,0.02641869337148307,0.0003772927336504878,0.0002013649038482584,5.3197976505453105e-06
2019,E02006240,E07000245,10485,228441,46,3221,0.014281279105867743,149.73921142502329,male,50-54,253,0.02412970910824988,0.0003446031105183156,0.0002013649038482584,4.858876554469182e-06
2019,E02006243,E07000245,8966,228441,13,3683,0.0035297311973934292,31.647569915829486,female,50-54,320,0.03569038590229757,0.00012597746856635037,5.690747282668173e-05,2.0310496659087835e-06
2019,E02006243,E07000245,8966,228441,13,3683,0.0035297311973934292,31.647569915829486,male,50-54,325,0.036248048182020966,0.0001279458665126996,5.690747282668173e-05,2.062784816938608e-06
2019,E02006246,E07000202,7040,228441,60,3135,0.019138755980861243,134.73684210526315,female,50-54,245,0.03480113636363636,0.0006660504567203131,0.0002626498745846849,9.140514101313607e-06
2019,E02006246,E07000202,7040,228441,60,3135,0.019138755980861243,134.73684210526315,male,50-54,268,0.03806818181818182,0.0007285776424532406,0.0002626498745846849,9.998603180212437e-06
2019,E02003752,E07000010,11152,228441,8,4643,0.0017230239069567091,19.21516261038122,female,50-54,433,0.03882711621233859,6.690004947204583e-05,3.501998327795798e-05,1.3597249604874287e-06
2019,E02003752,E07000010,11152,228441,8,4643,0.0017230239069567091,19.21516261038122,male,50-54,427,0.03828909612625538,6.597302800130154e-05,3.501998327795798e-05,1.3408835060695893e-06
2019,E02005564,E07000146,9930,228441,366,4997,0.0732439463678207,727.3123874324594,female,50-54,323,0.032527693856998996,0.002382456664330925,0.0016021642349665778,5.211470774362585e-05
2019,E02005564,E07000146,9930,228441,366,4997,0.0732439463678207,727.3123874324594,male,50-54,282,0.0283987915407855,0.002080039564524213,0.0016021642349665778,4.549952812291792e-05
2019,E02003780,E07000012,12091,228441,8,3877,0.0020634511220015478,24.949187516120713,female,50-54,396,0.032751633446365065,6.758139478228541e-05,3.501998327795798e-05,1.146961655617514e-06
2019,E02003780,E07000012,12091,228441,8,3877,0.0020634511220015478,24.949187516120713,male,50-54,388,0.032089984285832436,6.621611407961298e-05,3.501998327795798e-05,1.1237907130797863e-06
2019,E02003249,E06000031,12090,228441,11,4349,0.0025293170843872156,30.579443550241436,female,50-54,381,0.0315136476426799,7.970800737398917e-05,4.815247700719223e-05,1.5174601935269017e-06
2019,E02003249,E06000031,12090,228441,11,4349,0.0025293170843872156,30.579443550241436,male,50-54,362,0.029942100909842846,7.573306737371151e-05,4.815247700719223e-05,1.4417863256082372e-06
2019,E02003745,E07000010,10314,228441,155,4975,0.031155778894472363,321.34070351758794,female,50-54,376,0.036455303471010274,0.001135793374473687,0.000678512176010436,2.473536728523598e-05
2019,E02003745,E07000010,10314,228441,155,4975,0.031155778894472363,321.34070351758794,male,50-54,367,0.035582703121970136,0.001108606830935753,0.000678512176010436,2.414329732362129e-05
2019,E02003737,E07000009,13972,228441,10,4946,0.0020218358269308533,28.24909017387788,female,50-54,512,0.036644718007443455,7.408960373522737e-05,4.3774979097447484e-05,1.6041217648076946e-06
2019,E02003737,E07000009,13972,228441,10,4946,0.0020218358269308533,28.24909017387788,male,50-54,500,0.035785857429144,7.235312864768298e-05,4.3774979097447484e-05,1.5665251609450145e-06
2019,E02005589,E07000148,11841,228441,3910,4159,0.9401298389035826,11132.077422457322,female,50-54,341,0.02879824339160544,0.027074087920456184,0.017116016827101965,0.0004929112184816967
2019,E02005589,E07000148,11841,228441,3910,4159,0.9401298389035826,11132.077422457322,male,50-54,346,0.029220505024913437,0.027471068681753193,0.017116016827101965,0.0005001386557028359
2019,E02005540,E07000145,8995,228441,667,4468,0.14928379588182633,1342.807743957028,female,50-54,323,0.03590883824346859,0.005360607678691484,0.002919791105799747,0.00010484630652288141
2019,E02005540,E07000145,8995,228441,667,4468,0.14928379588182633,1342.807743957028,male,50-54,305,0.0339077265147304,0.005061874123841804,0.002919791105799747,9.90034782956001e-05
2019,E02005548,E07000145,7498,228441,499,3604,0.13845726970033295,1038.1526082130965,female,50-54,251,0.03347559349159776,0.004634939276444861,0.0021843714569626293,7.31231309279301e-05
2019,E02005548,E07000145,7498,228441,499,3604,0.13845726970033295,1038.1526082130965,male,50-54,226,0.030141371032275273,0.00417329193815354,0.0021843714569626293,6.583995055662232e-05
2019,E02005507,E07000143,11864,228441,4009,4418,0.9074241738343142,10765.680398370303,female,50-54,437,0.03683412002697235,0.033424170934389354,0.017549389120166695,0.0006464163052522627
2019,E02005507,E07000143,11864,228441,4009,4418,0.9074241738343142,10765.680398370303,male,50-54,434,0.03658125421443021,0.03319471438335236,0.017549389120166695,0.0006419786647127736
2019,E02005547,E07000145,8812,228441,520,3960,0.13131313131313133,1157.1313131313132,female,50-54,312,0.035406264185202,0.004649307418258849,0.002276298913067269,8.059524068054788e-05
2019,E02005547,E07000145,8812,228441,520,3960,0.13131313131313133,1157.1313131313132,male,50-54,252,0.028597367226509306,0.0037552098378244546,0.002276298913067269,6.509615593428868e-05
2019,E02005561,E07000146,11213,228441,311,5394,0.05765665554319614,646.5040786058584,female,50-54,294,0.026219566574511726,0.0015117325184785218,0.0013614018499306167,3.569536643891923e-05
2019,E02005561,E07000146,11213,228441,311,5394,0.05765665554319614,646.5040786058584,male,50-54,352,0.031392134130027644,0.0018099654643008152,0.0013614018499306167,4.2737309477889686e-05
2019,E02005504,E07000143,9110,228441,1501,4011,0.3742208925454999,3409.152331089504,female,50-54,384,0.04215148188803513,0.01577396517425598,0.006570624362526867,0.0002769615538101336
2019,E02005504,E07000143,9110,228441,1501,4011,0.3742208925454999,3409.152331089504,male,50-54,336,0.03688254665203074,0.013802219527473982,0.006570624362526867,0.0002423413595838669
2019,E02005569,E07000146,8228,228441,242,3732,0.06484458735262594,533.5412647374062,female,50-54,327,0.03974234321827905,0.002577075846415737,0.001059354494158229,4.2101229896662724e-05
2019,E02005569,E07000146,8228,228441,242,3732,0.06484458735262594,533.5412647374062,male,50-54,331,0.040228488089450655,0.002608599709980455,0.001059354494158229,4.261622965075034e-05
2019,E02005466,E07000140,6685,228441,69,3343,0.020640143583607537,137.97935985641638,female,50-54,264,0.03949139865370232,0.0008151081385299012,0.00030204735577238763,1.1928272539104013e-05
2019,E02005466,E07000140,6685,228441,69,3343,0.020640143583607537,137.97935985641638,male,50-54,243,0.036350037397157815,0.000750269991146841,0.00030204735577238763,1.0979432678038922e-05
2019,E02005578,E07000147,5843,228441,1169,2736,0.427266081871345,2496.515716374269,female,50-54,222,0.03799418107136745,0.016233624880273592,0.005117295056491611,0.00019442743497195578
2019,E02005578,E07000147,5843,228441,1169,2736,0.427266081871345,2496.515716374269,male,50-54,256,0.04381310970391922,0.018719855717792968,0.005117295056491611,0.00022420460969739043
2019,E02005580,E07000147,7937,228441,1847,3887,0.47517365577566245,3771.453305891433,female,50-54,260,0.032757969005921636,0.015565723888329627,0.00808523863929855,0.0002648559967516219
2019,E02005580,E07000147,7937,228441,1847,3887,0.47517365577566245,3771.453305891433,male,50-54,235,0.029608164293813785,0.014069019668297931,0.00808523863929855,0.00023938907398704287
2019,E02005474,E07000140,6793,228441,38,3085,0.012317666126418152,83.6739059967585,female,50-54,276,0.04063006035624908,0.0005004675181644944,0.00016634492057030043,6.758604162726766e-06
2019,E02005474,E07000140,6793,228441,38,3085,0.012317666126418152,83.6739059967585,male,50-54,277,0.04077727071985868,0.0005022808062737859,0.00016634492057030043,6.783091858968529e-06
2019,E02005510,E07000143,7023,228441,1986,3118,0.6369467607440668,4473.277100705581,female,50-54,278,0.03958422326641037,0.025213042786110005,0.00869371084875307,0.0003441337912506555
2019,E02005510,E07000143,7023,228441,1986,3118,0.6369467607440668,4473.277100705581,male,50-54,240,0.03417343015805212,0.021766655642684898,0.00869371084875307,0.00029709392050416303
2019,E02005514,E07000143,6903,228441,367,3099,0.11842529848338174,817.4898354307841,female,50-54,293,0.04244531363175431,0.005026598936061256,0.0016065417328763225,6.819016771443756e-05
2019,E02005514,E07000143,6903,228441,367,3099,0.11842529848338174,817.4898354307841,male,50-54,248,0.03592640880776474,0.004254595686495534,0.0016065417328763225,5.7717275062049536e-05
2019,E02005506,E07000143,6943,228441,1780,2867,0.6208580397628183,4310.617370073247,female,50-54,269,0.03874405876422296,0.024054560376810908,0.007791946279345652,0.0003018916245346364
2019,E02005506,E07000143,6943,228441,1780,2867,0.6208580397628183,4310.617370073247,male,50-54,224,0.03226271064381391,0.02003056328775332,0.007791946279345652,0.0002513893081626712
2019,E02005571,E07000147,5990,228441,1519,2515,0.6039761431411531,3617.8170974155073,female,50-54,228,0.03806343906510851,0.02298940912123254,0.006649419324902273,0.00025309976729177266
2019,E02005571,E07000147,5990,228441,1519,2515,0.6039761431411531,3617.8170974155073,male,50-54,180,0.03005008347245409,0.01814953351676253,0.006649419324902273,0.00019981560575666263
2019,E02003742,E07000010,6664,228441,124,3558,0.03485103991006183,232.24732996065205,female,50-54,251,0.037665066026410565,0.0013126667193015485,0.0005428097408083488,2.0444964727325264e-05
2019,E02003742,E07000010,6664,228441,124,3558,0.03485103991006183,232.24732996065205,male,50-54,244,0.036614645858343335,0.0012760584841019038,0.0005428097408083488,1.987478642815683e-05
2019,E02005472,E07000140,9869,228441,192,5695,0.033713784021071114,332.7213345039508,female,50-54,325,0.03293140135778701,0.0011102421528876392,0.0008404795986709917,2.7678170996866174e-05
2019,E02005472,E07000140,9869,228441,192,5695,0.033713784021071114,332.7213345039508,male,50-54,341,0.03455263957847806,0.001164900228106723,0.0008404795986709917,2.9040788645942662e-05
2019,E02005552,E07000146,6790,228441,471,3075,0.15317073170731707,1040.029268292683,female,50-54,256,0.03770250368188512,0.00577492007615216,0.0020618015154897766,7.773507922906962e-05
2019,E02005552,E07000146,6790,228441,471,3075,0.15317073170731707,1040.029268292683,male,50-54,263,0.03873343151693667,0.005932828046984446,0.0020618015154897766,7.986064780173951e-05
2019,E02005563,E07000146,7551,228441,209,4033,0.05182246466650137,391.3114306967518,female,50-54,310,0.041054165011256784,0.0021275280157085712,0.0009148970631366524,3.756033499832634e-05
2019,E02005563,E07000146,7551,228441,209,4033,0.05182246466650137,391.3114306967518,male,50-54,304,0.04025956826910343,0.002086350054114212,0.0009148970631366524,3.6833360772552286e-05
2019,E02005509,E07000143,8278,228441,645,4465,0.1444568868980963,1195.8141097424411,female,50-54,226,0.027301280502536846,0.003943857989728167,0.0028234861517853625,7.708478742492051e-05
2019,E02005509,E07000143,8278,228441,645,4465,0.1444568868980963,1195.8141097424411,male,50-54,216,0.02609325924136265,0.00376935099903223,0.0028234861517853625,7.367395612293287e-05
2019,E02005566,E07000146,9847,228441,243,4936,0.04923014586709887,484.76924635332256,female,50-54,409,0.04153549304356657,0.0020447983811966524,0.0010637319920679738,4.4182632756758534e-05
2019,E02005566,E07000146,9847,228441,243,4936,0.04923014586709887,484.76924635332256,male,50-54,413,0.0419417081344572,0.0020647964093746148,0.0010637319920679738,4.46147367445997e-05
2019,E02005568,E07000146,7423,228441,251,3603,0.06966416874826534,517.1171246183736,female,50-54,295,0.03974134446989088,0.0027685477274334196,0.0010987519753459319,4.366588073919573e-05
2019,E02005568,E07000146,7423,228441,251,3603,0.06966416874826534,517.1171246183736,male,50-54,294,0.039606628047959044,0.002759162819882798,0.0010987519753459319,4.351786080448659e-05
2019,E02005560,E07000146,9204,228441,229,4415,0.05186862967157418,477.39886749716874,female,50-54,289,0.03139939156888309,0.0016286434131991456,0.0010024470213315473,3.147622654984976e-05
2019,E02005560,E07000146,9204,228441,229,4415,0.05186862967157418,477.39886749716874,male,50-54,265,0.028791829639287267,0.0014933927491272445,0.0010024470213315473,2.8862283860588876e-05
2019,E02005559,E07000146,7266,228441,191,3715,0.05141318977119785,373.56823687752353,female,50-54,269,0.03702174511423066,0.0019034060072188577,0.0008361021007612469,3.0953958863855686e-05
2019,E02005559,E07000146,7266,228441,191,3715,0.05141318977119785,373.56823687752353,male,50-54,258,0.03550784475639967,0.0018255715608270085,0.0008361021007612469,2.968818359432999e-05
2019,E02003743,E07000010,11376,228441,180,5507,0.032685672780098055,371.83221354639545,female,50-54,350,0.030766526019690578,0.0010056246020599788,0.0007879496237540546,2.424247260143452e-05
2019,E02003743,E07000010,11376,228441,180,5507,0.032685672780098055,371.83221354639545,male,50-54,348,0.03059071729957806,0.0009998781757624934,0.0007879496237540546,2.4103944186569183e-05
2019,E02005567,E07000146,11005,228441,321,5784,0.05549792531120332,610.7546680497925,female,50-54,309,0.028078146297137663,0.001558278866075586,0.001405176829028064,3.945476057879798e-05
2019,E02005567,E07000146,11005,228441,321,5784,0.05549792531120332,610.7546680497925,male,50-54,330,0.029986369831894594,0.0016641813132846064,0.001405176829028064,4.2136152074444445e-05
2019,E02005551,E07000146,5246,228441,187,2808,0.06659544159544159,349.3596866096866,female,50-54,182,0.03469309950438429,0.0023104022818090674,0.0008185921091222679,2.839949749528264e-05
2019,E02005551,E07000146,5246,228441,187,2808,0.06659544159544159,349.3596866096866,male,50-54,172,0.03278688524590164,0.0021834571014898883,0.0008185921091222679,2.683908554499239e-05
2019,E02005556,E07000146,7408,228441,229,3960,0.057828282828282826,428.39191919191916,female,50-54,279,0.03766198704103672,0.0021779280384841937,0.0010024470213315473,3.775414672671459e-05
2019,E02005556,E07000146,7408,228441,229,3960,0.057828282828282826,428.39191919191916,male,50-54,269,0.03631209503239741,0.002099866101620961,0.0010024470213315473,3.6400951503534855e-05
2019,E02005553,E07000146,8632,228441,372,4706,0.07904802379940501,682.342541436464,female,50-54,316,0.0366079703429101,0.0028937877109142703,0.0016284292224250463,5.961348868006425e-05
2019,E02005553,E07000146,8632,228441,372,4706,0.07904802379940501,682.342541436464,male,50-54,284,0.032900834105653386,0.0026007459174039647,0.0016284292224250463,5.357667969980459e-05
2019,E02005565,E07000146,6996,228441,217,3487,0.062231144250071695,435.36908517350156,female,50-54,274,0.03916523727844483,0.0024372975306631854,0.0009499170464146103,3.7203726517667705e-05
2019,E02005565,E07000146,6996,228441,217,3487,0.062231144250071695,435.36908517350156,male,50-54,265,0.03787878787878788,0.0023572403125027156,0.0009499170464146103,3.598170630358373e-05
2019,E02005558,E07000146,7087,228441,210,3328,0.06310096153846154,447.1965144230769,female,50-54,282,0.03979116692535629,0.00251086089372741,0.0009192745610463971,3.657900750883082e-05
2019,E02005558,E07000146,7087,228441,210,3328,0.06310096153846154,447.1965144230769,male,50-54,251,0.03541696063214336,0.0022348442706580846,0.0009192745610463971,3.255791093871112e-05
2019,E02005555,E07000146,6847,228441,224,3227,0.06941431670281996,475.27982646420827,female,50-54,216,0.03154666277201694,0.002189790040573844,0.0009805595317828235,3.093338087703956e-05
2019,E02005555,E07000146,6847,228441,224,3227,0.06941431670281996,475.27982646420827,male,50-54,243,0.03548999561851906,0.0024635137956455747,0.0009805595317828235,3.4800053486669506e-05
2019,E02005554,E07000146,6905,228441,253,3601,0.07025826159400167,485.13329630658154,female,50-54,249,0.036060825488776246,0.0025335709104860847,0.0011075069711654214,3.9937615614799406e-05
2019,E02005554,E07000146,6905,228441,253,3601,0.07025826159400167,485.13329630658154,male,50-54,237,0.03432295438088342,0.0024114711075710928,0.0011075069711654214,3.8012911247821125e-05
2019,E02005557,E07000146,6655,228441,163,3372,0.04833926453143535,321.6978054567022,female,50-54,210,0.03155522163786627,0.00152535620610089,0.0007135321592883939,2.2515665432090568e-05
2019,E02005557,E07000146,6655,228441,163,3372,0.04833926453143535,321.6978054567022,male,50-54,214,0.03215627347858753,0.0015544106100266212,0.0007135321592883939,2.2944535249844673e-05
2019,E02005562,E07000146,7150,228441,311,3610,0.08614958448753463,615.9695290858725,female,50-54,320,0.044755244755244755,0.0038556457393022488,0.0013614018499306167,6.092987300388774e-05
2019,E02005562,E07000146,7150,228441,311,3610,0.08614958448753463,615.9695290858725,male,50-54,291,0.0406993006993007,0.003506227844177983,0.0013614018499306167,5.540810326291042e-05
2019,E02005573,E07000147,5874,228441,2012,2264,0.8886925795053003,5220.180212014134,female,50-54,164,0.027919645897173988,0.024811982131234128,0.008807525794406433,0.0002459030014100536
2019,E02005573,E07000147,5874,228441,2012,2264,0.8886925795053003,5220.180212014134,male,50-54,161,0.027408920667347635,0.024358104409321308,0.008807525794406433,0.00024140477577450388
2019,E02005577,E07000147,6084,228441,1798,2279,0.78894251864853,4799.926283457657,female,50-54,221,0.03632478632478633,0.028658168412446606,0.007870741241721057,0.0002859029938232008
2019,E02005577,E07000147,6084,228441,1798,2279,0.78894251864853,4799.926283457657,male,50-54,208,0.03418803418803419,0.02697239379994975,0.007870741241721057,0.00026908517065713015
2019,E02005467,E07000140,7563,228441,18,3426,0.005253940455341506,39.73555166374781,female,50-54,250,0.03305566574110803,0.00017367249951545373,7.879496237540546e-05,2.6046199383645864e-06
2019,E02005467,E07000140,7563,228441,18,3426,0.005253940455341506,39.73555166374781,male,50-54,247,0.03265899775221473,0.0001715884295212683,7.879496237540546e-05,2.573364499104211e-06
2019,E02005505,E07000143,7600,228441,2690,2978,0.9032907991940899,6865.010073875083,female,50-54,274,0.03605263157894737,0.032566010391997455,0.011775469377213372,0.0004245366591258505
2019,E02005505,E07000143,7600,228441,2690,2978,0.9032907991940899,6865.010073875083,male,50-54,288,0.037894736842105266,0.03422996712735499,0.011775469377213372,0.00044622831324176994
2019,E02003732,E07000009,9888,228441,29,3720,0.0077956989247311825,77.08387096774193,female,50-54,357,0.03610436893203883,0.000281458790061593,0.0001269474393825977,4.583357186446943e-06
2019,E02003732,E07000009,9888,228441,29,3720,0.0077956989247311825,77.08387096774193,male,50-54,329,0.033272653721682845,0.00025938359084107595,0.0001269474393825977,4.223878191431496e-06
2019,E02005503,E07000143,7420,228441,2545,2884,0.8824549237170597,6547.815533980583,female,50-54,242,0.03261455525606469,0.028780874870556392,0.011140732180300384,0.0003633500252874249
2019,E02005503,E07000143,7420,228441,2545,2884,0.8824549237170597,6547.815533980583,male,50-54,240,0.03234501347708895,0.028543016400551798,0.011140732180300384,0.0003603471325164545
2019,E02005609,E07000149,7526,228441,2582,2965,0.8708263069139967,6553.838785834739,female,50-54,236,0.03135795907520595,0.027307335693821842,0.01130269960296094,0.0003544295915889957
2019,E02005609,E07000149,7526,228441,2582,2965,0.8708263069139967,6553.838785834739,male,50-54,232,0.030826468243422802,0.026844499495621475,0.01130269960296094,0.0003484223103756229
2019,E02005610,E07000149,8162,228441,2505,3035,0.8253706754530478,6736.675453047776,female,50-54,322,0.03945111492281304,0.032561793371218006,0.010965632263910594,0.00043260641864484333
2019,E02005610,E07000149,8162,228441,2505,3035,0.8253706754530478,6736.675453047776,male,50-54,340,0.04165645675079637,0.03438201784538547,0.010965632263910594,0.00045678938614672894
2019,E02005532,E07000144,8282,228441,2878,3062,0.9399085564990203,7784.322664924886,female,50-54,257,0.031031151895677372,0.029166445184767957,0.012598438984245385,0.0003909440737685419
2019,E02005532,E07000144,8282,228441,2878,3062,0.9399085564990203,7784.322664924886,male,50-54,286,0.034532721564839414,0.0324576004779908,0.012598438984245385,0.00043505838559456414
2019,E02005605,E07000149,10777,228441,3610,3878,0.9308922124806601,10032.225373904073,female,50-54,410,0.03804398255544215,0.03541484709261118,0.01580276745417854,0.0006012002093544773
2019,E02005605,E07000149,10777,228441,3610,3878,0.9308922124806601,10032.225373904073,male,50-54,370,0.03433237450125267,0.0319597400591857,0.01580276745417854,0.000542546530393065
2019,E02005515,E07000143,6424,228441,2077,2285,0.9089715536105033,5839.233260393873,female,50-54,260,0.040473225404732256,0.03678901057576757,0.009092063158539842,0.0003679851216096449
2019,E02005515,E07000143,6424,228441,2077,2285,0.9089715536105033,5839.233260393873,male,50-54,261,0.04062889165628892,0.03693050677028975,0.009092063158539842,0.0003694004490004513
2019,E02005592,E07000148,9394,228441,2364,2555,0.9252446183953034,8691.74794520548,female,50-54,274,0.029167553757717693,0.026987122146084005,0.010348405058636585,0.0003018376608544203
2019,E02005592,E07000148,9394,228441,2364,2555,0.9252446183953034,8691.74794520548,male,50-54,260,0.027677240791994892,0.025608218094824237,0.010348405058636585,0.0002864152986209828
2019,E02006273,E07000245,6726,228441,75,2935,0.02555366269165247,171.8739352640545,female,50-54,275,0.04088611358905739,0.0010447899554273609,0.0003283123432308561,1.3423415758026378e-05
2019,E02006273,E07000245,6726,228441,75,2935,0.02555366269165247,171.8739352640545,male,50-54,255,0.03791257805530776,0.0009688052313962801,0.0003283123432308561,1.2447167339260824e-05
2019,E02005596,E07000148,9370,228441,3497,3688,0.9482104121475055,8884.731561822126,female,50-54,306,0.03265741728922092,0.030966103107485238,0.015308110190377384,0.0004999233423965293
2019,E02005596,E07000148,9370,228441,3497,3688,0.9482104121475055,8884.731561822126,male,50-54,274,0.029242262540021345,0.027727817815199198,0.015308110190377384,0.00044764377717859157
2019,E02005524,E07000144,5487,228441,1872,2021,0.9262741217219198,5082.466105888174,female,50-54,210,0.03827227993439038,0.0354506224825229,0.008194676087042168,0.00031362893717493264
2019,E02005524,E07000144,5487,228441,1872,2021,0.9262741217219198,5082.466105888174,male,50-54,221,0.040277018407144156,0.03730755985065505,0.008194676087042168,0.00033005711959838147
2019,E02005534,E07000144,7281,228441,2498,2697,0.9262143121987393,6743.766407119021,female,50-54,336,0.046147507210548,0.04274248165070408,0.01093498977854238,0.0005046225196525532
2019,E02005534,E07000144,7281,228441,2498,2697,0.9262143121987393,6743.766407119021,male,50-54,273,0.03749484960857025,0.034728266341197064,0.01093498977854238,0.00041000579721769953
2019,E02005585,E07000148,11017,228441,3685,3934,0.9367056431113371,10319.6860701576,female,50-54,343,0.0311337024598348,0.029163114785076574,0.016131079797409395,0.0005022202387683964
2019,E02005585,E07000148,11017,228441,3685,3934,0.9367056431113371,10319.6860701576,male,50-54,333,0.03022601434147227,0.02831287820242128,0.016131079797409395,0.00048757824929992994
2019,E02005527,E07000144,8922,228441,2984,3250,0.9181538461538462,8191.768615384616,female,50-54,323,0.03620264514682806,0.03323959788250306,0.013062453762678328,0.00047289537831709253
2019,E02005527,E07000144,8922,228441,2984,3250,0.9181538461538462,8191.768615384616,male,50-54,313,0.03508182021968169,0.032210508164778516,0.013062453762678328,0.00045825465453018575
2019,E02005584,E07000148,10955,228441,3703,3961,0.9348649330977026,10241.445342085332,female,50-54,332,0.030305796439981745,0.02833182636133613,0.016209874759784804,0.0004912531647876362
2019,E02005584,E07000148,10955,228441,3703,3961,0.9348649330977026,10241.445342085332,male,50-54,360,0.032861706983112735,0.030721257500243994,0.016209874759784804,0.0005326841545890031
2019,E02005590,E07000148,11086,228441,3673,3972,0.92472306143001,10251.479859013092,female,50-54,276,0.024896265560165973,0.0230221509069712,0.01607854982249246,0.00040029584620313176
2019,E02005590,E07000148,11086,228441,3673,3972,0.92472306143001,10251.479859013092,male,50-54,371,0.03346563232906368,0.030946441980022884,0.01607854982249246,0.0005380788367440648
2019,E02005607,E07000149,11561,228441,3943,4219,0.9345816544204788,10804.698506755156,female,50-54,479,0.041432402041345906,0.03872196284641548,0.01726047425812354,0.0007151429088868762
2019,E02005607,E07000149,11561,228441,3943,4219,0.9345816544204788,10804.698506755156,male,50-54,434,0.03754000518986247,0.03508420015729503,0.01726047425812354,0.0006479582932294453
2019,E02005601,E07000149,5673,228441,2051,2209,0.9284744228157538,5267.235400633771,female,50-54,238,0.04195311122862683,0.03895239073332441,0.008978248212886479,0.00037666544591344645
2019,E02005601,E07000149,5673,228441,2051,2209,0.9284744228157538,5267.235400633771,male,50-54,213,0.0375462718138551,0.03486075305125252,0.008978248212886479,0.0003370997478132945
2019,E02005516,E07000143,6908,228441,1676,2829,0.592435489572287,4092.5443619653583,female,50-54,264,0.03821656050955414,0.022640846735246634,0.007336686496732198,0.00028038292344199483
2019,E02005516,E07000143,6908,228441,1676,2829,0.592435489572287,4092.5443619653583,male,50-54,271,0.03922987840185292,0.02324117221686302,0.007336686496732198,0.00028781731913932044
2019,E02005465,E07000140,8563,228441,11,3284,0.0033495736906211937,28.68239951278928,female,50-54,335,0.03912180310638795,0.00013104136241481957,4.815247700719223e-05,1.8838117245602473e-06
2019,E02005465,E07000140,8563,228441,11,3284,0.0033495736906211937,28.68239951278928,male,50-54,315,0.03678617307018568,0.00012321799749453183,4.815247700719223e-05,1.77134535294471e-06
2019,E02005588,E07000148,12054,228441,3867,4106,0.9417924987822699,11352.366780321481,female,50-54,297,0.02463912394225983,0.023204942105386938,0.016927784416982943,0.0004170857783178973
2019,E02005588,E07000148,12054,228441,3867,4106,0.9417924987822699,11352.366780321481,male,50-54,325,0.02696200431392069,0.025392613414985707,0.016927784416982943,0.0004564069964758135
2019,E02005523,E07000144,8470,228441,2828,3036,0.9314888010540184,7889.710144927536,female,50-54,356,0.04203069657615112,0.03915112316118424,0.012379564088758148,0.0005203217019596105
2019,E02005523,E07000144,8470,228441,2828,3036,0.9314888010540184,7889.710144927536,male,50-54,363,0.04285714285714286,0.03992094861660079,0.012379564088758148,0.0005305527466610635
2019,E02006241,E07000245,9054,228441,39,3755,0.010386151797603195,94.03621837549933,female,50-54,284,0.03136735144687431,0.0003257860736160048,0.00017072241848004518,5.355110100323927e-06
2019,E02006241,E07000245,9054,228441,39,3755,0.010386151797603195,94.03621837549933,male,50-54,299,0.033024077755688094,0.00034299308454642757,0.00017072241848004518,5.637950422524134e-06
2019,E02005598,E07000149,9977,228441,3359,3607,0.9312448017743277,9291.029387302468,female,50-54,318,0.031873308609802545,0.02968185295822754,0.014704015478832608,0.00046866562316014523
2019,E02005598,E07000149,9977,228441,3359,3607,0.9312448017743277,9291.029387302468,male,50-54,344,0.03447930239550967,0.032108671124623504,0.014704015478832608,0.0005069841961229244
2019,E02005576,E07000147,6730,228441,2567,2849,0.901017901017901,6063.8504738504735,female,50-54,282,0.04190193164933135,0.037754390503276086,0.011237037134314768,0.0004708535619430556
2019,E02005576,E07000147,6730,228441,2567,2849,0.901017901017901,6063.8504738504735,male,50-54,198,0.029420505200594353,0.026508401842725765,0.011237037134314768,0.0003305993094493795
2019,E02005525,E07000144,10164,228441,3168,3381,0.9370008873114463,9523.67701863354,female,50-54,416,0.04092876820149548,0.038350292121365766,0.013867913378071361,0.0005675966120895009
2019,E02005525,E07000144,10164,228441,3168,3381,0.9370008873114463,9523.67701863354,male,50-54,453,0.044569067296340026,0.04176125560331417,0.013867913378071361,0.0006180799646070766
2019,E02003738,E07000009,6280,228441,13,2354,0.0055225148683092605,34.68139337298216,female,50-54,285,0.04538216560509554,0.00025062368431021326,5.690747282668173e-05,2.5825843559879447e-06
2019,E02003738,E07000009,6280,228441,13,2354,0.0055225148683092605,34.68139337298216,male,50-54,240,0.03821656050955414,0.00021105152362965325,5.690747282668173e-05,2.1748078787266902e-06
2019,E02005603,E07000149,11652,228441,3684,3943,0.9343139741313721,10886.626426578747,female,50-54,469,0.04025060075523515,0.037606698752798956,0.01612670229949965,0.0006491094557556931
2019,E02005603,E07000149,11652,228441,3684,3943,0.9343139741313721,10886.626426578747,male,50-54,419,0.035959491932715415,0.03359745581540035,0.01612670229949965,0.0005799080212401609
2019,E02005600,E07000149,6635,228441,2020,2210,0.9140271493212669,6064.570135746606,female,50-54,254,0.03828183873398643,0.03499063992880208,0.008842545777684391,0.0003385089114592065
2019,E02005600,E07000149,6635,228441,2020,2210,0.9140271493212669,6064.570135746606,male,50-54,224,0.03376036171816127,0.030857887181305773,0.008842545777684391,0.0002985275439640247
2019,E02005513,E07000143,9953,228441,3432,3696,0.9285714285714286,9242.07142857143,female,50-54,365,0.03667236009243444,0.034052905800117696,0.015023572826243975,0.0005509498725589321
2019,E02005513,E07000143,9953,228441,3432,3696,0.9285714285714286,9242.07142857143,male,50-54,395,0.039686526675374256,0.03685177476999038,0.015023572826243975,0.0005962334237281593
2019,E02006238,E07000245,9785,228441,133,4511,0.029483484814896918,288.4958989137663,female,50-54,323,0.03300970873786408,0.0009732412463169857,0.0005822072219960515,1.9218490823170635e-05
2019,E02006238,E07000245,9785,228441,133,4511,0.029483484814896918,288.4958989137663,male,50-54,288,0.029432805314256516,0.0008677816685426993,0.0005822072219960515,1.7135991817563907e-05
2019,E02005572,E07000147,7738,228441,3064,3314,0.9245624622812312,7154.264333132167,female,50-54,248,0.032049625226156626,0.029631880414286032,0.013412653595457909,0.00042987052102268816
2019,E02005572,E07000147,7738,228441,3064,3314,0.9245624622812312,7154.264333132167,male,50-54,248,0.032049625226156626,0.029631880414286032,0.013412653595457909,0.00042987052102268816
2019,E02005518,E07000143,11391,228441,609,4444,0.13703870387038705,1561.007875787579,female,50-54,361,0.0316916864191028,0.004342987630340595,0.0026658962270345514,8.448674725304827e-05
2019,E02005518,E07000143,11391,228441,609,4444,0.13703870387038705,1561.007875787579,male,50-54,378,0.033184092704766924,0.004547505053376026,0.0026658962270345514,8.846534753920293e-05
2019,E02005574,E07000147,7117,228441,2517,2774,0.9073540014419611,6457.638428262437,female,50-54,314,0.04411971336237178,0.0400321984618204,0.01101816223882753,0.0004861181597571792
2019,E02005574,E07000147,7117,228441,2517,2774,0.9073540014419611,6457.638428262437,male,50-54,275,0.03863987635239567,0.03506004642356882,0.01101816223882753,0.00042574042653893083
2019,E02005570,E07000147,7365,228441,2562,2824,0.9072237960339944,6681.703257790368,female,50-54,225,0.03054989816700611,0.02771559458352325,0.011215149644766045,0.0003426216795753374
2019,E02005570,E07000147,7365,228441,2562,2824,0.9072237960339944,6681.703257790368,male,50-54,192,0.026069246435845215,0.023650640711273173,0.011215149644766045,0.00029237049990428796
2019,E02005521,E07000144,8781,228441,2751,2985,0.9216080402010051,8092.640201005025,female,50-54,369,0.042022548684660065,0.03872831873752088,0.012042496749707803,0.0005060564059494567
2019,E02005521,E07000144,8781,228441,2751,2985,0.9216080402010051,8092.640201005025,male,50-54,345,0.039289374786470786,0.03620940369768212,0.012042496749707803,0.00047314216816412614
2019,E02003746,E07000010,7756,228441,12,3266,0.003674219228413962,28.49724433557869,female,50-54,257,0.03313563692625064,0.00012174759434017382,5.252997491693698e-05,1.7406141765926769e-06
2019,E02003746,E07000010,7756,228441,12,3266,0.003674219228413962,28.49724433557869,male,50-54,292,0.037648272305312015,0.00013832800602074226,5.252997491693698e-05,1.977662799864053e-06
2019,E02003751,E07000010,7027,228441,8,3191,0.0025070510811657787,17.617047947351928,female,50-54,291,0.04141169773729899,0.00010382124158520587,3.501998327795798e-05,1.450236962272061e-06
2019,E02003751,E07000010,7027,228441,8,3191,0.0025070510811657787,17.617047947351928,male,50-54,287,0.04084246477871069,0.00010239414548094186,3.501998327795798e-05,1.4303024335810361e-06
2019,E02005575,E07000147,7169,228441,2376,2621,0.9065242273941244,6498.872186188478,female,50-54,281,0.03919654066118008,0.03553261373939865,0.010400935033553521,0.00040768067295697297
2019,E02005575,E07000147,7169,228441,2376,2621,0.9065242273941244,6498.872186188478,male,50-54,264,0.03682521969591296,0.03338295383345639,0.010400935033553521,0.00038301671765352625
2019,E02005468,E07000140,7623,228441,12,2918,0.00411240575736806,31.348869088416723,female,50-54,314,0.04119113210022301,0.00016939464880146542,5.252997491693698e-05,2.163769136024952e-06
2019,E02005468,E07000140,7623,228441,12,2918,0.00411240575736806,31.348869088416723,male,50-54,320,0.04197822379640562,0.00017263148922442336,5.252997491693698e-05,2.205115043082754e-06
2019,E02003750,E07000010,7481,228441,9,3479,0.0025869502730669733,19.352974992814026,female,50-54,279,0.03729447934768079,9.647896353237342e-05,3.939748118770273e-05,1.469308548505422e-06
2019,E02003750,E07000010,7481,228441,9,3479,0.0025869502730669733,19.352974992814026,male,50-54,261,0.03488838390589493,9.025451427222029e-05,3.939748118770273e-05,1.3745144486018462e-06
2019,E02005508,E07000143,7007,228441,2441,2632,0.9274316109422492,6498.51329787234,female,50-54,292,0.04167261310118453,0.03864849870060465,0.01068547239768693,0.00044529155703219403
2019,E02005508,E07000143,7007,228441,2441,2632,0.9274316109422492,6498.51329787234,male,50-54,246,0.03510774939346368,0.03256003657653679,0.01068547239768693,0.0003751428870887662
2019,E02003753,E07000011,11314,228441,11,3948,0.002786220871327254,31.523302938196554,female,50-54,435,0.03844794060456072,0.00010712445457197769,4.815247700719223e-05,1.8513635759350027e-06
2019,E02003753,E07000011,11314,228441,11,3948,0.002786220871327254,31.523302938196554,male,50-54,406,0.03588474456425667,9.998282426717918e-05,4.815247700719223e-05,1.7279393375393358e-06
2019,E02005599,E07000149,6569,228441,2263,2427,0.9324268644416975,6125.1120725175115,female,50-54,233,0.03546963008068199,0.033072835959037226,0.009906277769752366,0.00035137200796959983
2019,E02005599,E07000149,6569,228441,2263,2427,0.9324268644416975,6125.1120725175115,male,50-54,197,0.029989343887958594,0.02796286988811302,0.009906277769752366,0.0002970827706867432
2019,E02003245,E06000031,7836,228441,8,2848,0.0028089887640449437,22.01123595505618,female,50-54,198,0.02526799387442573,7.097751088321833e-05,3.501998327795798e-05,8.848847229499337e-07
2019,E02003245,E06000031,7836,228441,8,2848,0.0028089887640449437,22.01123595505618,male,50-54,204,0.026033690658499236,7.312834454634616e-05,3.501998327795798e-05,9.116994115241741e-07
2019,E02005526,E07000144,5348,228441,1968,2102,0.9362511893434824,5007.071360608944,female,50-54,217,0.04057591623036649,0.03798924982938214,0.008614915886377665,0.0003495581053373136
2019,E02005526,E07000144,5348,228441,1968,2102,0.9362511893434824,5007.071360608944,male,50-54,190,0.03552729992520568,0.03326247680913643,0.008614915886377665,0.00030606470052575843
2019,E02005528,E07000144,8597,228441,2743,2924,0.9380984952120383,8064.832763337893,female,50-54,307,0.035710131441200416,0.033499620568814205,0.012007476766429845,0.0004287885736063699
2019,E02005528,E07000144,8597,228441,2743,2924,0.9380984952120383,8064.832763337893,male,50-54,284,0.0330347795742701,0.030989877008284157,0.012007476766429845,0.00039666434822217936
2019,E02005530,E07000144,5483,228441,2031,2157,0.9415855354659249,5162.713490959666,female,50-54,224,0.040853547328105054,0.0384671092366163,0.008890698254691583,0.0003632165619279436
2019,E02005530,E07000144,5483,228441,2031,2157,0.9415855354659249,5162.713490959666,male,50-54,204,0.037205909173809955,0.035032545911918414,0.008890698254691583,0.0003307865117558057
2019,E02005581,E07000147,8362,228441,2689,2942,0.9140040788579198,7642.9021074099255,female,50-54,326,0.03898588854341067,0.0356332611465776,0.011771091879303627,0.0004589064760407776
2019,E02005581,E07000147,8362,228441,2689,2942,0.9140040788579198,7642.9021074099255,male,50-54,345,0.04125807223152356,0.03771004630542721,0.011771091879303627,0.00048565255900020945
2019,E02006274,E07000245,6820,228441,80,2816,0.028409090909090908,193.75,female,50-54,265,0.038856304985337244,0.001103872300719808,0.0003501998327795799,1.3607471508297459e-05
2019,E02006274,E07000245,6820,228441,80,2816,0.028409090909090908,193.75,male,50-54,240,0.03519061583577713,0.0009997334044254866,0.0003501998327795799,1.2323747781099586e-05
2019,E02005586,E07000148,9889,228441,3031,3232,0.937809405940594,9273.997215346535,female,50-54,285,0.028819900899989887,0.027027574142286306,0.013268196164436332,0.000382388098580681
2019,E02005586,E07000148,9889,228441,3031,3232,0.937809405940594,9273.997215346535,male,50-54,296,0.0299322479522702,0.028070743670585076,0.013268196164436332,0.0003971469374732687
2019,E02006908,E07000148,5715,228441,1741,1868,0.9320128479657388,5326.453426124197,female,50-54,163,0.02852143482064742,0.02658234369526079,0.007621223860865606,0.00021736823960124126
2019,E02006908,E07000148,5715,228441,1741,1868,0.9320128479657388,5326.453426124197,male,50-54,197,0.03447069116360455,0.032127127042738506,0.007621223860865606,0.0002627088539965922
2019,E02006281,E07000245,8800,228441,31,4082,0.007594316511513963,66.82998530132288,female,50-54,253,0.02875,0.00021833659970602645,0.0001357024352020872,3.901445012060007e-06
2019,E02006281,E07000245,8800,228441,31,4082,0.007594316511513963,66.82998530132288,male,50-54,287,0.032613636363636365,0.0002476782771368759,0.0001357024352020872,4.425749875340799e-06
2019,E02006316,E07000244,7206,228441,1008,3252,0.30996309963099633,2233.5940959409595,female,50-54,242,0.03358312517346656,0.010409529574063436,0.0044125178930227065,0.00014818614073154246
2019,E02006316,E07000244,7206,228441,1008,3252,0.30996309963099633,2233.5940959409595,male,50-54,238,0.03302803219539273,0.01023747123399627,0.0044125178930227065,0.00014573678303350044
2019,E02006307,E07000244,7303,228441,507,3269,0.15509330070357907,1132.646375038238,female,50-54,274,0.03751882787895385,0.005818918854276415,0.0022193914402405873,8.326896544241009e-05
2019,E02006307,E07000244,7303,228441,507,3269,0.15509330070357907,1132.646375038238,male,50-54,227,0.03108311652745447,0.004820783138396885,0.0022193914402405873,6.898560275703317e-05
2019,E02006302,E07000244,6742,228441,476,3081,0.15449529373580007,1041.607270366764,female,50-54,261,0.038712548205280334,0.0059809065062361045,0.0020836890050385,8.066491105236555e-05
2019,E02006302,E07000244,6742,228441,476,3081,0.15449529373580007,1041.607270366764,male,50-54,247,0.036636013052506675,0.005660091597855624,0.0020836890050385,7.633805758595514e-05
2019,E02006907,E07000148,6796,228441,1842,1988,0.9265593561368209,6296.897384305835,female,50-54,137,0.020158917010005887,0.018678433165206662,0.008063351149749825,0.00016254842665034227
2019,E02006907,E07000148,6796,228441,1842,1988,0.9265593561368209,6296.897384305835,male,50-54,227,0.033402001177163035,0.030948936704393516,0.008063351149749825,0.00026933206459582256
2019,E02006304,E07000244,7774,228441,519,3641,0.14254325734688272,1108.1312826146664,female,50-54,294,0.03781836892204785,0.005390753493694819,0.0022719214151575243,8.59203622403283e-05
2019,E02006304,E07000244,7774,228441,519,3641,0.14254325734688272,1108.1312826146664,male,50-54,271,0.03485978904039105,0.004969027880242503,0.0022719214151575243,7.919870124873799e-05
2019,E02006309,E07000244,6899,228441,465,3371,0.1379412637199644,951.6567784040344,female,50-54,249,0.0360921872735179,0.004978601922926676,0.002035536528031308,7.34669655717924e-05
2019,E02006309,E07000244,6899,228441,465,3371,0.1379412637199644,951.6567784040344,male,50-54,195,0.028264965937092334,0.0038989051203642644,0.002035536528031308,5.7534370628512115e-05
2019,E02006825,E07000009,6602,228441,13,2349,0.005534269902085994,36.53724989357173,female,50-54,276,0.041805513480763404,0.00023136299499783918,5.690747282668173e-05,2.37904612241202e-06
2019,E02006825,E07000009,6602,228441,13,2349,0.005534269902085994,36.53724989357173,male,50-54,244,0.03695849742502272,0.00020453829992562593,5.690747282668173e-05,2.103214687929467e-06
2019,E02005608,E07000149,7756,228441,2353,3208,0.7334788029925187,5688.861596009975,female,50-54,341,0.043965961835997935,0.032248101059882524,0.010300252581629392,0.00045286051190505705
2019,E02005608,E07000149,7756,228441,2353,3208,0.7334788029925187,5688.861596009975,male,50-54,290,0.03739040742650851,0.02742507128259804,0.010300252581629392,0.00038513064062306904
2019,E02005587,E07000148,9985,228441,3668,3934,0.9323843416370107,9309.857651245551,female,50-54,277,0.027741612418627944,0.025865845030891534,0.016056662332943734,0.0004454377031773074
2019,E02005587,E07000148,9985,228441,3668,3934,0.9323843416370107,9309.857651245551,male,50-54,339,0.03395092638958438,0.03165531214971924,0.016056662332943734,0.0005451385609281849
2019,E02006308,E07000244,7736,228441,477,3755,0.12703062583222371,982.7089214380827,female,50-54,270,0.034901758014477764,0.0044335921632239405,0.0020880665029482447,7.287719180403645e-05
2019,E02006308,E07000244,7736,228441,477,3755,0.12703062583222371,982.7089214380827,male,50-54,295,0.03813340227507756,0.004844109956115047,0.0020880665029482447,7.962507993403984e-05
2019,E02006305,E07000244,10024,228441,525,4350,0.1206896551724138,1209.7931034482758,female,50-54,372,0.03711093375897845,0.004478905798497399,0.002298186402615993,8.528784335326709e-05
2019,E02006305,E07000244,10024,228441,525,4350,0.1206896551724138,1209.7931034482758,male,50-54,357,0.0356145251396648,0.004298304758235407,0.002298186402615993,8.184881741160309e-05
2019,E02006314,E07000244,7383,228441,1607,3302,0.4866747425802544,3593.119624470018,female,50-54,261,0.0353514831369362,0.01720467395549863,0.00703463914095981,0.0002486849269660721
2019,E02006314,E07000244,7383,228441,1607,3302,0.4866747425802544,3593.119624470018,male,50-54,268,0.03629960720574292,0.017666101992619282,0.00703463914095981,0.0002553546376509859
2019,E02006279,E07000245,8825,228441,36,4024,0.008946322067594433,78.95129224652088,female,50-54,315,0.035694050991501414,0.00031933047606711004,0.00015758992475081092,5.625022809802316e-06
2019,E02006279,E07000245,8825,228441,36,4024,0.008946322067594433,78.95129224652088,male,50-54,308,0.03490084985835694,0.00031223424326561874,0.00015758992475081092,5.50002230291782e-06
2019,E02006315,E07000244,5848,228441,517,2641,0.19575918212798182,1144.7996970844376,female,50-54,227,0.03881668946648427,0.007598723382874807,0.002263166419338035,8.784862811041962e-05
2019,E02006315,E07000244,5848,228441,517,2641,0.19575918212798182,1144.7996970844376,male,50-54,176,0.030095759233926128,0.0058915212131540355,0.002263166419338035,6.811171166270419e-05
2019,E02006276,E07000245,6874,228441,26,2902,0.00895933838731909,61.586492074431426,female,50-54,283,0.041169624672679664,0.00036885259872145807,0.00011381494565336345,4.6857185946904074e-06
2019,E02006276,E07000245,6874,228441,26,2902,0.00895933838731909,61.586492074431426,male,50-54,234,0.034041315100378236,0.00030498766113364376,0.00011381494565336345,3.87441042811857e-06
2019,E02006278,E07000245,8793,228441,28,3456,0.008101851851851851,71.23958333333333,female,50-54,318,0.03616513135448653,0.0002930045364368121,0.00012256994147285294,4.432758033477452e-06
2019,E02006278,E07000245,8793,228441,28,3456,0.008101851851851851,71.23958333333333,male,50-54,297,0.033776867963152504,0.0002736551802570226,0.00012256994147285294,4.140028729379884e-06
2019,E02006277,E07000245,7994,228441,17,2787,0.006099748833871547,48.76139217796914,female,50-54,297,0.03715286464848636,0.00022662314281459212,7.441746446566072e-05,2.764821984776236e-06
2019,E02006277,E07000245,7994,228441,17,2787,0.006099748833871547,48.76139217796914,male,50-54,304,0.038028521391043284,0.00023196442900887544,7.441746446566072e-05,2.8299861392995822e-06
2019,E02006275,E07000245,7142,228441,24,3181,0.007544797233574348,53.88494184218799,female,50-54,295,0.04130495659479137,0.0003116375222492905,0.00010505994983387396,4.339496667739123e-06
2019,E02006275,E07000245,7142,228441,24,3181,0.007544797233574348,53.88494184218799,male,50-54,253,0.035424250910109215,0.00026726879026803556,0.00010505994983387396,3.721670023518638e-06
2019,E02005550,E07000145,7234,228441,448,3415,0.13118594436310396,948.999121522694,female,50-54,296,0.0409178877522809,0.005367851746126455,0.001961119063565647,8.024484971183736e-05
2019,E02005550,E07000145,7234,228441,448,3415,0.13118594436310396,948.999121522694,male,50-54,263,0.03635609621233066,0.0047694088149704645,0.001961119063565647,7.129863335882846e-05
2019,E02003758,E07000011,9606,228441,8,3798,0.00210637177461822,20.23380726698262,female,50-54,347,0.03612325629814699,7.608900747371667e-05,3.501998327795798e-05,1.265035831506498e-06
2019,E02003758,E07000011,9606,228441,8,3798,0.00210637177461822,20.23380726698262,male,50-54,337,0.03508224026650011,7.389624068773061e-05,3.501998327795798e-05,1.228579467486138e-06
2019,E02003775,E07000012,6886,228441,8,2586,0.0030935808197989174,21.302397525135344,female,50-54,277,0.040226546616322974,0.00012444407305900378,3.501998327795798e-05,1.4087329898336277e-06
2019,E02003775,E07000012,6886,228441,8,2586,0.0030935808197989174,21.302397525135344,male,50-54,276,0.04008132442637235,0.00012399481647756334,3.501998327795798e-05,1.4036473111699684e-06
2019,E02005531,E07000144,5447,228441,1858,1969,0.9436262061960387,5139.931945149822,female,50-54,232,0.042592252616118965,0.04019116574949164,0.008133391116305741,0.000346419449051392
2019,E02005531,E07000144,5447,228441,1858,1969,0.9436262061960387,5139.931945149822,male,50-54,203,0.03726822103910409,0.035167270030805185,0.008133391116305741,0.00030311701791996796
2019,E02005536,E07000144,6216,228441,2430,2679,0.9070548712206047,5638.253079507279,female,50-54,257,0.04134491634491635,0.037502107770864775,0.010637319920679738,0.00043979910225461596
2019,E02005536,E07000144,6216,228441,2430,2679,0.9070548712206047,5638.253079507279,male,50-54,256,0.04118404118404118,0.037356185172534556,0.010637319920679738,0.00043808782170109604
2019,E02005582,E07000147,6991,228441,2342,3094,0.7569489334195216,5291.8299935358755,female,50-54,255,0.03647546845944786,0.027610066946356458,0.0102521001046222,0.00037395015400924916
2019,E02005582,E07000147,6991,228441,2342,3094,0.7569489334195216,5291.8299935358755,male,50-54,223,0.03189815477041911,0.02414527423151957,0.0102521001046222,0.0003270230758590689
2019,E02005522,E07000144,5534,228441,1858,1985,0.9360201511335012,5179.935516372796,female,50-54,215,0.03885074087459342,0.03636507634508543,0.008133391116305741,0.0003159882706913145
2019,E02005522,E07000144,5534,228441,1858,1985,0.9360201511335012,5179.935516372796,male,50-54,234,0.0422840621611854,0.039578734254651124,0.008133391116305741,0.0003439128155431051
2019,E02005549,E07000145,5270,228441,397,2637,0.15054986727341677,793.3978005309064,female,50-54,238,0.04516129032258064,0.006799026263960757,0.001737866670168665,7.848430123342357e-05
2019,E02005549,E07000145,5270,228441,397,2637,0.15054986727341677,793.3978005309064,male,50-54,191,0.03624288425047438,0.005456361413514725,0.001737866670168665,6.298530056968026e-05
2019,E02005606,E07000149,5848,228441,1025,2229,0.4598474652310453,2689.187976671153,female,50-54,246,0.042065663474692205,0.019343788722099377,0.004486935357488367,0.00018874591278080343
2019,E02005606,E07000149,5848,228441,1025,2229,0.4598474652310453,2689.187976671153,male,50-54,247,0.04223666210670315,0.019422422009587586,0.004486935357488367,0.00018951317258885547
2019,E02005529,E07000144,5904,228441,2426,2537,0.9562475364603863,5645.685455262121,female,50-54,216,0.036585365853658534,0.03498466596806291,0.010619809929040758,0.00038852963155027164
2019,E02005529,E07000144,5904,228441,2426,2537,0.9562475364603863,5645.685455262121,male,50-54,217,0.03675474254742547,0.03514663201421135,0.010619809929040758,0.00039032837984448584
2019,E02006310,E07000244,8522,228441,490,3371,0.14535746069415603,1238.7362800355977,female,50-54,334,0.039192677775170146,0.0056969481192030175,0.0021449739757749267,8.406727386867231e-05
2019,E02006310,E07000244,8522,228441,490,3371,0.14535746069415603,1238.7362800355977,male,50-54,352,0.041304858014550576,0.006003969275327731,0.0021449739757749267,8.85978455142894e-05
2019,E02005541,E07000145,5924,228441,391,2884,0.1355755894590846,803.1497919556172,female,50-54,230,0.03882511816340311,0.0052637382808219885,0.0017116016827101964,6.645313757990298e-05
2019,E02005541,E07000145,5924,228441,391,2884,0.1355755894590846,803.1497919556172,male,50-54,183,0.030891289669142473,0.004188104806045321,0.0017116016827101964,5.287358337879236e-05
2019,E02005537,E07000144,6050,228441,1455,2548,0.5710361067503925,3454.768445839875,female,50-54,222,0.036694214876033054,0.020953721603072253,0.0063692594586786085,0.00023371497517795883
2019,E02005537,E07000144,6050,228441,1455,2548,0.5710361067503925,3454.768445839875,male,50-54,207,0.03421487603305785,0.01953792960286467,0.0063692594586786085,0.00021792342280106976
2019,E02005546,E07000145,7892,228441,496,3877,0.12793396956409595,1009.6548877998453,female,50-54,260,0.03294475418144957,0.004214753178746192,0.002171238963233395,7.153093391290963e-05
2019,E02005546,E07000145,7892,228441,496,3877,0.12793396956409595,1009.6548877998453,male,50-54,230,0.02914343639128231,0.0037284355042754773,0.002171238963233395,6.32773646152662e-05
2019,E02005543,E07000145,9707,228441,592,4599,0.12872363557295063,1249.5203305066318,female,50-54,283,0.02915421860513032,0.0037528370111409325,0.0025914787625688908,7.555253835448606e-05
2019,E02005543,E07000145,9707,228441,592,4599,0.12872363557295063,1249.5203305066318,male,50-54,387,0.039868136396414955,0.005131971460464808,0.0025914787625688908,0.00010331742877450918
2019,E02005484,E07000141,7211,228441,9,2876,0.003129346314325452,22.565716272600834,female,50-54,315,0.04368326168353904,0.00013670005394709713,3.939748118770273e-05,1.7210104803947248e-06
2019,E02005484,E07000141,7211,228441,9,2876,0.003129346314325452,22.565716272600834,male,50-54,324,0.044931354874497294,0.00014060576977415704,3.939748118770273e-05,1.7701822084060024e-06
2019,E02005539,E07000145,7534,228441,806,3487,0.23114425007169487,1741.440780040149,female,50-54,370,0.04911069816830369,0.011351655498609916,0.003528263315254267,0.00017327547473375084
2019,E02005539,E07000145,7534,228441,806,3487,0.23114425007169487,1741.440780040149,male,50-54,247,0.03278470931775949,0.007577997049072024,0.003528263315254267,0.00011567308718712555
2019,E02005545,E07000145,6351,228441,437,2936,0.14884196185286103,945.2952997275204,female,50-54,232,0.0365296803652968,0.005437149291428713,0.001912966586558455,6.988005795647324e-05
2019,E02005545,E07000145,6351,228441,437,2936,0.14884196185286103,945.2952997275204,male,50-54,182,0.028656904424500078,0.004265349875172525,0.001912966586558455,5.48197006382678e-05
2019,E02005533,E07000144,8917,228441,2992,3481,0.8595231255386383,7664.367710428038,female,50-54,354,0.03969945048783223,0.03412259576546798,0.013097473745956286,0.0005199625104932741
2019,E02005533,E07000144,8917,228441,2992,3481,0.8595231255386383,7664.367710428038,male,50-54,330,0.03700796231916564,0.0318091994423854,0.013097473745956286,0.00048471081486661143
2019,E02005583,E07000147,8736,228441,3117,4005,0.7782771535580524,6799.029213483145,female,50-54,297,0.033997252747252744,0.026459285096925543,0.01364466098467438,0.0004638809881465534
2019,E02005583,E07000147,8736,228441,3117,4005,0.7782771535580524,6799.029213483145,male,50-54,286,0.03273809523809524,0.02547931157481719,0.01364466098467438,0.0004467002108077922
2019,E02003785,E07000012,9173,228441,8,3105,0.0025764895330112722,23.6341384863124,female,50-54,300,0.03270467676877793,8.426325737527326e-05,3.501998327795798e-05,1.1453172335536241e-06
2019,E02003785,E07000012,9173,228441,8,3105,0.0025764895330112722,23.6341384863124,male,50-54,318,0.03466695737490461,8.931905281778967e-05,3.501998327795798e-05,1.2140362675668417e-06
2019,E02003254,E06000031,8600,228441,8,3068,0.002607561929595828,22.42503259452412,female,50-54,342,0.039767441860465116,0.00010369606743276432,3.501998327795798e-05,1.3926551489606545e-06
2019,E02003254,E06000031,8600,228441,8,3068,0.002607561929595828,22.42503259452412,male,50-54,335,0.038953488372093024,0.00010157363330402353,3.501998327795798e-05,1.3641505114088284e-06
2019,E02003726,E07000008,8442,228441,9,2085,0.004316546762589928,36.44028776978417,female,50-54,212,0.025112532575219143,0.0001083994211879963,3.939748118770273e-05,9.893705297077682e-07
2019,E02003726,E07000008,8442,228441,9,2085,0.004316546762589928,36.44028776978417,male,50-54,212,0.025112532575219143,0.0001083994211879963,3.939748118770273e-05,9.893705297077682e-07
2019,E02005544,E07000145,7497,228441,439,3315,0.13242835595776772,992.8153846153846,female,50-54,248,0.03307989862611711,0.004380716590306309,0.0019217215823779444,6.357035513268376e-05
2019,E02005544,E07000145,7497,228441,439,3315,0.13242835595776772,992.8153846153846,male,50-54,234,0.031212484993997598,0.004133418073111597,0.0019217215823779444,5.998170605261291e-05
2019,E02005446,E07000138,10958,228441,11,1999,0.005502751375687844,60.29914957478739,female,50-54,150,0.013688629311918233,7.5325123777439e-05,4.815247700719223e-05,6.591414082021203e-07
2019,E02005446,E07000138,10958,228441,11,1999,0.005502751375687844,60.29914957478739,male,50-54,132,0.012045993794488044,6.628610892414632e-05,4.815247700719223e-05,5.800444392178659e-07
2019,E02005593,E07000148,12414,228441,2398,2647,0.9059312429165093,11246.230449565546,female,55-59,179,0.014419204124375706,0.01306280751426254,0.010497239987567906,0.00015136184612330074
2019,E02005593,E07000148,12414,228441,2398,2647,0.9059312429165093,11246.230449565546,male,55-59,144,0.011599806669888834,0.010508627274043607,0.010497239987567906,0.00012176595442321399
2019,E02006287,E07000244,6179,228441,545,2715,0.2007366482504604,1240.3517495395947,female,55-59,311,0.05033176889464314,0.010103430588427444,0.0023857363608108875,0.00012007833115588056
2019,E02006287,E07000244,6179,228441,545,2715,0.2007366482504604,1240.3517495395947,male,55-59,253,0.04094513675351999,0.00821918951405834,0.0023857363608108875,9.76843015512469e-05
2019,E02006233,E07000200,11790,228441,40,5050,0.007920792079207921,93.38613861386139,female,55-59,381,0.032315521628498725,0.00025596452775048493,0.00017509991638978994,5.658445135242575e-06
2019,E02006233,E07000200,11790,228441,40,5050,0.007920792079207921,93.38613861386139,male,55-59,382,0.032400339270568276,0.00025663635065796656,0.00017509991638978994,5.673296697277333e-06
2019,E02006288,E07000244,9562,228441,114,3453,0.03301476976542137,315.68722849695916,female,55-59,399,0.04172767203513909,0.0013776294850871291,0.0004990347617109013,2.0823558870806275e-05
2019,E02006288,E07000244,9562,228441,114,3453,0.03301476976542137,315.68722849695916,male,55-59,383,0.040054381928466845,0.0013223861974645873,0.0004990347617109013,1.998852894114988e-05
2019,E02006311,E07000244,8471,228441,917,3751,0.24446814182884563,2070.889629432151,female,55-59,293,0.0345885963876756,0.008455809887362976,0.004014165583235934,0.00013884435319184613
2019,E02006311,E07000244,8471,228441,917,3751,0.24446814182884563,2070.889629432151,male,55-59,252,0.029748553889741472,0.007272573691520376,0.004014165583235934,0.00011941562117523967
2019,E02006256,E07000202,9754,228441,48,4135,0.011608222490931077,113.22660217654172,female,55-59,273,0.027988517531269224,0.00032489693869429816,0.00021011989966774792,5.880944495519293e-06
2019,E02006256,E07000202,9754,228441,48,4135,0.011608222490931077,113.22660217654172,male,55-59,270,0.027680951404551978,0.00032132664266469043,0.00021011989966774792,5.8163187318322675e-06
2019,E02006251,E07000202,10928,228441,70,3797,0.018435607058203844,201.4643139320516,female,55-59,248,0.022693997071742314,0.00041837761259467,0.0003064248536821324,6.954004732171379e-06
2019,E02006251,E07000202,10928,228441,70,3797,0.018435607058203844,201.4643139320516,male,55-59,305,0.0279099560761347,0.0005145369832313481,0.0003064248536821324,8.552304206904317e-06
2019,E02004577,E07000076,5680,228441,11,2201,0.004997728305315766,28.387096774193548,female,55-59,285,0.05017605633802817,0.0002507662970096819,4.815247700719223e-05,2.4161013991284836e-06
2019,E02004577,E07000076,5680,228441,11,2201,0.004997728305315766,28.387096774193548,male,55-59,236,0.04154929577464789,0.00020765209155889448,4.815247700719223e-05,2.000701509453762e-06
2019,E02005542,E07000145,7554,228441,451,3494,0.12907842014882656,975.0583858042359,female,55-59,226,0.029917924278527932,0.003861758400004607,0.0019742515572948815,5.9065508597914114e-05
2019,E02005542,E07000145,7554,228441,451,3494,0.12907842014882656,975.0583858042359,male,55-59,250,0.03309504898067249,0.004271856637173238,0.0019742515572948815,6.533795198884304e-05
2019,E02005611,E07000149,11199,228441,3134,4161,0.753184330689738,8434.911319394376,female,55-59,397,0.03544959371372444,0.02670007851449469,0.01371907844914004,0.00048633575714872724
2019,E02005611,E07000149,11199,228441,3134,4161,0.753184330689738,8434.911319394376,male,55-59,399,0.035628181087597105,0.02683458772615461,0.01371907844914004,0.0004887858113409123
2019,E02005595,E07000148,8952,228441,3128,3359,0.9312295325989878,8336.366775826138,female,55-59,305,0.03407059874888293,0.031727547748289904,0.013692813461681571,0.0004665223531962555
2019,E02005595,E07000148,8952,228441,3128,3359,0.9312295325989878,8336.366775826138,male,55-59,312,0.03485254691689008,0.03245572097529984,0.013692813461681571,0.00047722942359748106
2019,E02006293,E07000244,11451,228441,88,4406,0.01997276441216523,228.70812528370405,female,55-59,383,0.03344686053619771,0.0006680262658160233,0.00038521981605753786,1.2884393463456206e-05
2019,E02006293,E07000244,11451,228441,88,4406,0.01997276441216523,228.70812528370405,male,55-59,481,0.0420050650598201,0.00083895726855746,0.00038521981605753786,1.618118343582881e-05
2019,E02004521,E07000071,9189,228441,8,3522,0.002271436683702442,20.87223168654174,female,55-59,363,0.03950375448906301,8.973027709043272e-05,3.501998327795798e-05,1.3834208216235441e-06
2019,E02004521,E07000071,9189,228441,8,3522,0.002271436683702442,20.87223168654174,male,55-59,335,0.03645663293067798,8.280893340301643e-05,3.501998327795798e-05,1.2767106756029952e-06
2019,E02004507,E07000071,9933,228441,11,3434,0.00320326150262085,31.817996505532903,female,55-59,253,0.02547065337763012,8.15891634111623e-05,4.815247700719223e-05,1.2264750511244976e-06
2019,E02004507,E07000071,9933,228441,11,3434,0.00320326150262085,31.817996505532903,male,55-59,298,0.030001006745192793,9.610106994674453e-05,4.815247700719223e-05,1.444622787490515e-06
2019,E02004446,E07000067,6867,228441,9,2535,0.0035502958579881655,24.379881656804734,female,55-59,309,0.04499781564001747,0.00015975555848526913,3.939748118770273e-05,1.7728005951653041e-06
2019,E02004446,E07000067,6867,228441,9,2535,0.0035502958579881655,24.379881656804734,male,55-59,287,0.0417940876656473,0.0001483813763277419,3.939748118770273e-05,1.6465817825645382e-06
2019,E02004589,E07000076,7733,228441,9,3538,0.002543810062182024,19.67128321085359,female,55-59,324,0.04189835768783137,0.000106581463875207,3.939748118770273e-05,1.6506897588019766e-06
2019,E02004589,E07000076,7733,228441,9,3538,0.002543810062182024,19.67128321085359,male,55-59,249,0.032199663778611144,8.190982871890908e-05,3.939748118770273e-05,1.2685856479681855e-06
2019,E02004522,E07000071,12010,228441,9,2824,0.003186968838526912,38.27549575070822,female,55-59,270,0.022481265611990008,7.16470929560588e-05,3.939748118770273e-05,8.857052390241247e-07
2019,E02004522,E07000071,12010,228441,9,2824,0.003186968838526912,38.27549575070822,male,55-59,252,0.020982514571190675,6.687062009232155e-05,3.939748118770273e-05,8.266582230891831e-07
2019,E02004526,E07000071,7285,228441,8,3181,0.002514932411191449,18.321282615529707,female,55-59,276,0.03788606726149622,9.528089848851611e-05,3.501998327795798e-05,1.3267694419651891e-06
2019,E02004526,E07000071,7285,228441,8,3181,0.002514932411191449,18.321282615529707,male,55-59,325,0.04461221688400824,0.00011219671017669471,3.501998327795798e-05,1.5623190892706033e-06
2019,E02006235,E07000200,8200,228441,24,2985,0.008040201005025126,65.92964824120604,female,55-59,365,0.04451219512195122,0.0003578869959553867,0.00010505994983387396,4.676448986507804e-06
2019,E02006235,E07000200,8200,228441,24,2985,0.008040201005025126,65.92964824120604,male,55-59,311,0.03792682926829268,0.00030493933080034323,0.00010505994983387396,3.984590780284732e-06
2019,E02004513,E07000071,13590,228441,10,3781,0.0026448029621793175,35.942872256016926,female,55-59,227,0.01670345842531273,4.4177356321906186e-05,4.3774979097447484e-05,7.311935434231479e-07
2019,E02004513,E07000071,13590,228441,10,3781,0.0026448029621793175,35.942872256016926,male,55-59,218,0.01604120676968359,4.242583118139008e-05,4.3774979097447484e-05,7.022034910407322e-07
2019,E02004582,E07000076,7003,228441,9,3302,0.0027256208358570565,19.087522713506967,female,55-59,270,0.03855490504069684,0.00010508605250341357,3.939748118770273e-05,1.518966146034519e-06
2019,E02004582,E07000076,7003,228441,9,3302,0.0027256208358570565,19.087522713506967,male,55-59,222,0.031700699700128517,8.640408761391782e-05,3.939748118770273e-05,1.2489277200728268e-06
2019,E02004520,E07000071,9529,228441,11,3753,0.002930988542499334,27.929389821476153,female,55-59,251,0.02634064434882989,7.720412678847023e-05,4.815247700719223e-05,1.2683672713616591e-06
2019,E02004520,E07000071,9529,228441,11,3753,0.002930988542499334,27.929389821476153,male,55-59,207,0.02172316087732186,6.367033563830014e-05,4.815247700719223e-05,1.0460240046687787e-06
2019,E02004579,E07000076,7266,228441,8,3141,0.0025469595670168737,18.506208213944603,female,55-59,313,0.04307734654555464,0.00010971625990590166,3.501998327795798e-05,1.5085679556841245e-06
2019,E02004579,E07000076,7266,228441,8,3141,0.0025469595670168737,18.506208213944603,male,55-59,286,0.039361409303605835,0.00010025191799708586,3.501998327795798e-05,1.378435895609136e-06
2019,E02004559,E07000074,7711,228441,8,2504,0.003194888178913738,24.635782747603834,female,55-59,326,0.04227726624302944,0.00013507113815664358,3.501998327795798e-05,1.4805491568686684e-06
2019,E02004559,E07000074,7711,228441,8,2504,0.003194888178913738,24.635782747603834,male,55-59,268,0.03475554402801193,0.00011104007676681129,3.501998327795798e-05,1.2171385706773103e-06
2019,E02004575,E07000076,11687,228441,12,4223,0.0028415818138763913,33.20956665877338,female,55-59,471,0.040301189355694364,0.0001145191267507299,5.252997491693698e-05,2.1170204659773526e-06
2019,E02004575,E07000076,11687,228441,12,4223,0.0028415818138763913,33.20956665877338,male,55-59,494,0.042269187986651836,0.0001201113558701923,5.252997491693698e-05,2.220399384698115e-06
2019,E02004588,E07000076,7179,228441,8,3751,0.0021327645961077045,15.311117035457212,female,55-59,253,0.03524167711380415,7.516220125578065e-05,3.501998327795798e-05,1.234162943212616e-06
2019,E02004588,E07000076,7179,228441,8,3751,0.0021327645961077045,15.311117035457212,male,55-59,268,0.03733110461067001,7.961845824723009e-05,3.501998327795798e-05,1.307334659213364e-06
2019,E02004512,E07000071,11610,228441,14,4353,0.0032161727544222376,37.33976567884218,female,55-59,278,0.023944875107665804,7.7010854929318e-05,6.128497073642647e-05,1.4674609702606854e-06
2019,E02004512,E07000071,11610,228441,14,4353,0.0032161727544222376,37.33976567884218,male,55-59,265,0.022825150732127476,7.340962790024917e-05,6.128497073642647e-05,1.3988386946729554e-06
2019,E02004509,E07000071,14885,228441,13,4843,0.0026842865992153624,39.95560602932067,female,55-59,350,0.0235136042996305,6.311725292075088e-05,5.690747282668173e-05,1.3380997977385695e-06
2019,E02004509,E07000071,14885,228441,13,4843,0.0026842865992153624,39.95560602932067,male,55-59,369,0.024790057104467585,6.654361807930592e-05,5.690747282668173e-05,1.4107395010443775e-06
2019,E02004585,E07000076,8674,228441,8,4088,0.0019569471624266144,16.974559686888455,female,55-59,317,0.036545999538851744,7.151859009560027e-05,3.501998327795798e-05,1.2798402927268481e-06
2019,E02004585,E07000076,8674,228441,8,4088,0.0019569471624266144,16.974559686888455,male,55-59,277,0.031934516947198524,6.249416232328478e-05,3.501998327795798e-05,1.1183462494805581e-06
2019,E02004580,E07000076,12194,228441,9,5534,0.0016263100831225153,19.831225153595952,female,55-59,477,0.039117598819091354,6.361734538702967e-05,3.939748118770273e-05,1.541134863583254e-06
2019,E02004580,E07000076,12194,228441,9,5534,0.0016263100831225153,19.831225153595952,male,55-59,384,0.03149089716253895,5.121396358201131e-05,3.939748118770273e-05,1.2406620285450095e-06
2019,E02004590,E07000076,8402,228441,9,4502,0.0019991115059973343,16.796534873389604,female,55-59,363,0.04320399904784575,8.636961160164631e-05,3.939748118770273e-05,1.7021287397210295e-06
2019,E02004590,E07000076,8402,228441,9,4502,0.0019991115059973343,16.796534873389604,male,55-59,352,0.04189478695548679,8.375235064402068e-05,3.939748118770273e-05,1.6505490809416045e-06
2019,E02004595,E07000077,14491,228441,8,5057,0.0015819655922483687,22.924263397271112,female,55-59,560,0.0386446760057967,6.11345477647565e-05,3.501998327795798e-05,1.3533359075051045e-06
2019,E02004595,E07000077,14491,228441,8,5057,0.0015819655922483687,22.924263397271112,male,55-59,540,0.037264509005589676,5.895117105887234e-05,3.501998327795798e-05,1.3050024822370651e-06
2019,E02006922,E07000071,13943,228441,14,5702,0.002455278849526482,34.23395299894774,female,55-59,486,0.03485620024384996,8.55816912335846e-05,6.128497073642647e-05,2.136161211927366e-06
2019,E02006922,E07000071,13943,228441,14,5702,0.002455278849526482,34.23395299894774,male,55-59,438,0.031413612565445025,7.71291785191565e-05,6.128497073642647e-05,1.925182326798737e-06
2019,E02004523,E07000071,10335,228441,10,4139,0.0024160425223483935,24.969799468470647,female,55-59,322,0.03115626511852927,7.527486136392672e-05,4.3774979097447484e-05,1.3638648543181508e-06
2019,E02004523,E07000071,10335,228441,10,4139,0.0024160425223483935,24.969799468470647,male,55-59,320,0.030962747943880018,7.480731564116941e-05,4.3774979097447484e-05,1.355393644042883e-06
2019,E02005579,E07000147,12901,228441,4648,5056,0.9193037974683544,11859.93829113924,female,55-59,453,0.035113557088597785,0.0322800263741698,0.02034661028449359,0.0007144418617840164
2019,E02005579,E07000147,12901,228441,4648,5056,0.9193037974683544,11859.93829113924,male,55-59,419,0.03247810247267654,0.029857242937697894,0.02034661028449359,0.0006608192937913971
2019,E02006292,E07000244,6857,228441,50,2404,0.020798668885191347,142.61647254575706,female,55-59,271,0.039521656701181275,0.0008219978515220731,0.0002188748954872374,8.650298479953527e-06
2019,E02006292,E07000244,6857,228441,50,2404,0.020798668885191347,142.61647254575706,male,55-59,279,0.04068834767390987,0.000846263470755197,0.0002188748954872374,8.905657844675403e-06
2019,E02006250,E07000202,10945,228441,56,4152,0.01348747591522158,147.62042389210018,female,55-59,299,0.027318410232983096,0.00036845640005950226,0.0002451398829457059,6.69683188677625e-06
2019,E02006250,E07000202,10945,228441,56,4152,0.01348747591522158,147.62042389210018,male,55-59,259,0.02366377341251713,0.0003191645739645856,0.0002451398829457059,5.800934644398156e-06
2019,E02005594,E07000148,11105,228441,3270,3517,0.92976969007677,10325.092408302531,female,55-59,293,0.026384511481314724,0.02453151906280897,0.014314418164865327,0.00037767893041922924
2019,E02005594,E07000148,11105,228441,3270,3517,0.92976969007677,10325.092408302531,male,55-59,303,0.027285006753714543,0.02536877227314375,0.014314418164865327,0.0003905689963038446
2019,E02005602,E07000149,12285,228441,3889,4252,0.9146284101599247,11236.210018814674,female,55-59,514,0.04183964183964184,0.038267725097452285,0.017024089370997326,0.0007122818019285816
2019,E02005602,E07000149,12285,228441,3889,4252,0.9146284101599247,11236.210018814674,male,55-59,430,0.035002035002035005,0.03201385562627331,0.017024089370997326,0.0005958777720414205
2019,E02005535,E07000144,7243,228441,2248,2438,0.9220672682526662,6678.533223954061,female,55-59,240,0.03313544111555985,0.030553105671771347,0.009840615301106194,0.00032607312885068156
2019,E02005535,E07000144,7243,228441,2248,2438,0.9220672682526662,6678.533223954061,male,55-59,247,0.03410189148143035,0.031444237920531345,0.009840615301106194,0.00033558359510882645
2019,E02006230,E07000200,11148,228441,70,4587,0.01526051885764116,170.12426422498365,female,55-59,376,0.03372802296376032,0.0005147071304694185,0.0003064248536821324,1.0335104501657856e-05
2019,E02006230,E07000200,11148,228441,70,4587,0.01526051885764116,170.12426422498365,male,55-59,351,0.03148546824542519,0.00048048458190097303,0.0003064248536821324,9.64793000021784e-06
2019,E02006294,E07000244,8228,228441,52,3741,0.013900026730820636,114.36941994119219,female,55-59,286,0.034759358288770054,0.0004831560093600756,0.0002276298913067269,7.912268949164304e-06
2019,E02006294,E07000244,8228,228441,52,3741,0.013900026730820636,114.36941994119219,male,55-59,290,0.03524550315994166,0.0004899134360644123,0.0002276298913067269,8.02293005334842e-06
2019,E02006296,E07000244,13489,228441,80,5153,0.015524936929943722,209.41587424801088,female,55-59,449,0.03328638149603381,0.0005167689733519707,0.0003501998327795799,1.1656885233748341e-05
2019,E02006296,E07000244,13489,228441,80,5153,0.015524936929943722,209.41587424801088,male,55-59,428,0.03172955741715472,0.0004925993777163551,0.0003501998327795799,1.1111685701657661e-05
2019,E02006313,E07000244,10033,228441,688,4581,0.1501855490067671,1506.8116131848942,female,55-59,365,0.03637994617761387,0.005463742189521577,0.0030117185619043868,0.00010956615918420224
2019,E02006313,E07000244,10033,228441,688,4581,0.1501855490067671,1506.8116131848942,male,55-59,349,0.03478520881092395,0.005224235682583646,0.0030117185619043868,0.00010476325905557968
2019,E02006295,E07000244,9796,228441,69,4175,0.01652694610778443,161.89796407185628,female,55-59,333,0.03399346672111066,0.0005618081925165593,0.00030204735577238763,1.026763673664813e-05
2019,E02006295,E07000244,9796,228441,69,4175,0.01652694610778443,161.89796407185628,male,55-59,324,0.03307472437729685,0.000546624187313409,0.00030204735577238763,9.990133041063044e-06
2019,E02005597,E07000149,16660,228441,5376,5722,0.9395316322963999,15652.596994058022,female,55-59,488,0.02929171668667467,0.02752049439139515,0.023533428762787766,0.0006893345279856201
2019,E02005597,E07000149,16660,228441,5376,5722,0.9395316322963999,15652.596994058022,male,55-59,458,0.027490996398559425,0.02582866071979299,0.023533428762787766,0.0006469574053635533
2019,E02006267,E07000203,8615,228441,87,3046,0.02856204858831254,246.06204858831254,female,55-59,352,0.04085896691816599,0.0011670157983849118,0.0003808423181477931,1.5560823678238327e-05
2019,E02006267,E07000203,8615,228441,87,3046,0.02856204858831254,246.06204858831254,male,55-59,355,0.0412071967498549,0.0011769619557575103,0.0003808423181477931,1.5693444334586947e-05
2019,E02005538,E07000145,9068,228441,751,4616,0.1626949740034662,1475.3180242634314,female,55-59,400,0.044111160123511246,0.0071766640495573965,0.0032875009302183057,0.00014501547993905185
2019,E02005538,E07000145,9068,228441,751,4616,0.1626949740034662,1475.3180242634314,male,55-59,355,0.03914865460961623,0.006369289343982189,0.0032875009302183057,0.00012870123844590853
2019,E02006271,E07000203,9748,228441,54,3734,0.0144617032672737,140.97268344938402,female,55-59,279,0.028621255642183013,0.00041391210623403394,0.0002363848871262164,6.7656322843880155e-06
2019,E02006271,E07000203,9748,228441,54,3734,0.0144617032672737,140.97268344938402,male,55-59,306,0.0313910545752975,0.00045396811651474687,0.0002363848871262164,7.420370892554598e-06
2019,E02006312,E07000244,8830,228441,965,3470,0.2780979827089337,2455.605187319885,female,55-59,360,0.04077010192525481,0.011338083100250978,0.004224285482903682,0.00017222454969935736
2019,E02006312,E07000244,8830,228441,965,3470,0.2780979827089337,2455.605187319885,male,55-59,323,0.03657984144960363,0.010172780114947407,0.004224285482903682,0.00015452369320247898
2019,E02005520,E07000144,8657,228441,3033,3252,0.9326568265682657,8074.010147601476,female,55-59,319,0.036848792884371026,0.03436727823440877,0.013276951160255821,0.0004892396234401764
2019,E02005520,E07000144,8657,228441,3033,3252,0.9326568265682657,8074.010147601476,male,55-59,312,0.03604019868314658,0.03361313733271328,0.013276951160255821,0.0004785039577220533
2019,E02006237,E07000200,7731,228441,59,2944,0.020040760869565216,154.9351222826087,female,55-59,331,0.042814642348984605,0.0008580380090319605,0.00025827237667494014,1.1057839435959795e-05
2019,E02006237,E07000200,7731,228441,59,2944,0.020040760869565216,154.9351222826087,male,55-59,319,0.04126244987711809,0.0008269308908797444,0.00025827237667494014,1.0656950997193882e-05
2019,E02005604,E07000149,8600,228441,2789,3152,0.8848350253807107,7609.581218274112,female,55-59,331,0.038488372093023256,0.03405585969779247,0.012208841670278102,0.00046989844103047116
2019,E02005604,E07000149,8600,228441,2789,3152,0.8848350253807107,7609.581218274112,male,55-59,304,0.035348837209302326,0.031277889269271636,0.012208841670278102,0.0004315683567168073
2019,E02006258,E07000202,9082,228441,63,4222,0.014921837991473235,135.52013263855991,female,55-59,299,0.03292226381854217,0.0004912606870128273,0.00027578236831391915,9.079379886133212e-06
2019,E02006258,E07000202,9082,228441,63,4222,0.014921837991473235,135.52013263855991,male,55-59,250,0.02752697643690817,0.0004107530827866449,0.00027578236831391915,7.591454754291983e-06
2019,E02003619,E06000055,11815,228441,9,5224,0.0017228177641653904,20.355091883614087,female,55-59,461,0.03901819720694033,6.722124327382522e-05,3.939748118770273e-05,1.537218690438507e-06
2019,E02003619,E06000055,11815,228441,9,5224,0.0017228177641653904,20.355091883614087,male,55-59,429,0.03630977570884469,6.25551266040586e-05,3.939748118770273e-05,1.430513705418914e-06
2019,E02006261,E07000203,8070,228441,1036,3144,0.32951653944020354,2659.1984732824426,female,55-59,340,0.042131350681536554,0.013882976878521585,0.004535087834495559,0.0001910693759267026
2019,E02006261,E07000203,8070,228441,1036,3144,0.32951653944020354,2659.1984732824426,male,55-59,341,0.042255266418835195,0.013923809163458416,0.004535087834495559,0.0001916313446794282
2019,E02006306,E07000244,7510,228441,473,3378,0.14002368265245707,1051.5778567199527,female,55-59,259,0.03448735019973369,0.004829045779891662,0.002070556511309266,7.14080075138615e-05
2019,E02006306,E07000244,7510,228441,473,3378,0.14002368265245707,1051.5778567199527,male,55-59,244,0.03249001331557923,0.004549371313874771,0.002070556511309266,6.727240862309733e-05
2019,E02006303,E07000244,8152,228441,445,3523,0.12631280158955435,1029.7019585580472,female,55-59,256,0.03140333660451423,0.003966643425775995,0.001947986569836413,6.117327795364593e-05
2019,E02006303,E07000244,8152,228441,445,3523,0.12631280158955435,1029.7019585580472,male,55-59,222,0.027232580961727183,0.003439823595790121,0.001947986569836413,5.304870197542734e-05
2019,E02006228,E07000200,6121,228441,22,2586,0.008507347254447023,52.07347254447023,female,55-59,236,0.0385557915373305,0.00032800750727814034,9.630495401438446e-05,3.713113730990807e-06
2019,E02006228,E07000200,6121,228441,22,2586,0.008507347254447023,52.07347254447023,male,55-59,233,0.03806567554321189,0.00032383792032121485,9.630495401438446e-05,3.6659131327155007e-06
2019,E02006266,E07000203,9653,228441,49,4297,0.011403304631138002,110.07609960437514,female,55-59,366,0.0379156738837667,0.00043236397959147506,0.00021449739757749265,8.13281337546486e-06
2019,E02006266,E07000203,9653,228441,49,4297,0.011403304631138002,110.07609960437514,male,55-59,369,0.03822645809592873,0.00043590794663730687,0.00021449739757749265,8.199475780181787e-06
2019,E02006245,E07000202,7778,228441,49,3627,0.013509787703336091,105.07912875654812,female,55-59,263,0.033813319619439446,0.000456810769603676,0.00021449739757749265,7.252869061825735e-06
2019,E02006245,E07000202,7778,228441,49,3627,0.013509787703336091,105.07912875654812,male,55-59,222,0.02854204165595269,0.0003855969233916961,0.00021449739757749265,6.12219365675024e-06
2019,E02006289,E07000244,9527,228441,111,3942,0.02815829528158295,268.26407914764076,female,55-59,415,0.043560407263566706,0.001226586810313522,0.00048590226798166705,2.1166100683572147e-05
2019,E02006289,E07000244,9527,228441,111,3942,0.02815829528158295,268.26407914764076,male,55-59,385,0.04041146216017634,0.0011379178842667614,0.00048590226798166705,1.9636021116085002e-05
2019,E02006286,E07000245,11775,228441,11,4724,0.0023285351397121083,27.418501270110074,female,55-59,324,0.027515923566878982,6.407179492711024e-05,4.815247700719223e-05,1.324959876885799e-06
2019,E02006286,E07000245,11775,228441,11,4724,0.0023285351397121083,27.418501270110074,male,55-59,351,0.02980891719745223,6.94111111710361e-05,4.815247700719223e-05,1.4353731999596156e-06
2019,E02006280,E07000245,9789,228441,32,4150,0.0077108433734939755,75.48144578313253,female,55-59,362,0.036980283992236185,0.0002851491777714597,0.00014007993311183193,5.180195708088994e-06
2019,E02006280,E07000245,9789,228441,32,4150,0.0077108433734939755,75.48144578313253,male,55-59,335,0.0342220860149147,0.0002638811451752459,0.00014007993311183193,4.79382751991661e-06
2019,E02006290,E07000244,8129,228441,72,3583,0.020094892548144012,163.35138152386267,female,55-59,350,0.043055726411612746,0.0008652001958236443,0.00031517984950162184,1.357029737059511e-05
2019,E02006290,E07000244,8129,228441,72,3583,0.020094892548144012,163.35138152386267,male,55-59,272,0.0334604502398819,0.0006723841521829464,0.00031517984950162184,1.0546059670862485e-05
2019,E02006227,E07000200,6270,228441,24,2589,0.009269988412514484,58.12282734646582,female,55-59,268,0.04274322169059011,0.0003962291697853081,0.00010505994983387396,4.490600726551551e-06
2019,E02006227,E07000200,6270,228441,24,2589,0.009269988412514484,58.12282734646582,male,55-59,281,0.04481658692185008,0.0004154492414539984,0.00010505994983387396,4.708428373735021e-06
2019,E02006249,E07000202,8185,228441,53,3215,0.016485225505443235,134.93157076205287,female,55-59,287,0.03506414172266341,0.0005780402834529271,0.00023200738921647164,8.135139976191492e-06
2019,E02006249,E07000202,8185,228441,53,3215,0.016485225505443235,134.93157076205287,male,55-59,295,0.03604153940134392,0.0005941529045944721,0.00023200738921647164,8.361903459848397e-06
2019,E02006262,E07000203,9118,228441,277,3705,0.0747638326585695,681.6966261808368,female,55-59,373,0.0409080938802369,0.0030584458852430827,0.0012125669209992953,4.9603801440308967e-05
2019,E02006262,E07000203,9118,228441,277,3705,0.0747638326585695,681.6966261808368,male,55-59,382,0.04189515244571178,0.003132242166656454,0.0012125669209992953,5.0800676005892826e-05
2019,E02006268,E07000203,6407,228441,39,3227,0.012085528354508832,77.43198016733808,female,55-59,189,0.029498985484626192,0.0003565108255036943,0.00017072241848004518,5.036138144643131e-06
2019,E02006268,E07000203,6407,228441,39,3227,0.012085528354508832,77.43198016733808,male,55-59,174,0.02715779616044951,0.0003282163155430836,0.00017072241848004518,4.636444641100025e-06
2019,E02006257,E07000202,6460,228441,45,3015,0.014925373134328358,96.41791044776119,female,55-59,253,0.039164086687306504,0.0005845386072732314,0.00019698740593851365,7.714831842483585e-06
2019,E02006257,E07000202,6460,228441,45,3015,0.014925373134328358,96.41791044776119,male,55-59,224,0.0346749226006192,0.000517536158218197,0.00019698740593851365,6.830523054214715e-06
2019,E02006265,E07000203,7283,228441,60,2946,0.020366598778004074,148.32993890020367,female,55-59,313,0.042976795276671705,0.0008752911461643932,0.0002626498745846849,1.12878498894695e-05
2019,E02006265,E07000203,7283,228441,60,2946,0.020366598778004074,148.32993890020367,male,55-59,286,0.03926953178635178,0.0007997867980927043,0.0002626498745846849,1.0314137598684591e-05
2019,E02006253,E07000202,6895,228441,47,3085,0.015235008103727715,105.0453808752026,female,55-59,268,0.03886874546773024,0.0005921656521826001,0.00020574240175800316,7.99694904585132e-06
2019,E02006253,E07000202,6895,228441,47,3085,0.015235008103727715,105.0453808752026,male,55-59,223,0.03234227701232777,0.0004927348523758202,0.00020574240175800316,6.654177750838971e-06
2019,E02006263,E07000203,7712,228441,950,2788,0.34074605451936874,2627.8335724533717,female,55-59,341,0.044216804979253115,0.015066701840132877,0.00415862301425751,0.00018388102280365807
2019,E02006263,E07000203,7712,228441,950,2788,0.34074605451936874,2627.8335724533717,male,55-59,327,0.04240145228215768,0.014448127571036511,0.00415862301425751,0.00017633165529852256
2019,E02006247,E07000202,8915,228441,57,3837,0.014855355746677092,132.43549648162627,female,55-59,263,0.02950084127874369,0.00043824549202199387,0.00024951738085545063,7.360972648904489e-06
2019,E02006247,E07000202,8915,228441,57,3837,0.014855355746677092,132.43549648162627,male,55-59,253,0.02837913628715648,0.0004215821653291424,0.00024951738085545063,7.081087757311162e-06
2019,E02006291,E07000244,7681,228441,68,3090,0.022006472491909384,169.03171521035597,female,55-59,321,0.04179143340710845,0.0009196820296709949,0.0002976698578626429,1.2440050042170077e-05
2019,E02006291,E07000244,7681,228441,68,3090,0.022006472491909384,169.03171521035597,male,55-59,286,0.037234735060538995,0.0008194051728532853,0.0002976698578626429,1.1083658293023808e-05
2019,E02006301,E07000244,6451,228441,46,3009,0.015287470920571618,98.61947490860751,female,55-59,232,0.03596341652456984,0.0005497896843237662,0.0002013649038482584,7.241769910524873e-06
2019,E02006301,E07000244,6451,228441,46,3009,0.015287470920571618,98.61947490860751,male,55-59,225,0.03487831343977678,0.0005332012024691698,0.0002013649038482584,7.02326823219007e-06
2019,E02006283,E07000245,7626,228441,13,3104,0.004188144329896907,31.938788659793815,female,55-59,290,0.038027799632835035,0.00015926591341071375,5.690747282668173e-05,2.164065974264057e-06
2019,E02006283,E07000245,7626,228441,13,3104,0.004188144329896907,31.938788659793815,male,55-59,309,0.04051927616050354,0.00016970057670313984,5.690747282668173e-05,2.305849607060668e-06
2019,E02006272,E07000203,7642,228441,56,3187,0.017571383746470035,134.280514590524,female,55-59,279,0.03650876733839309,0.0006415095610134964,0.0002451398829457059,8.949754951825691e-06
2019,E02006272,E07000203,7642,228441,56,3187,0.017571383746470035,134.280514590524,male,55-59,278,0.03637791154148129,0.000639210243590509,0.0002451398829457059,8.917676977087965e-06
2019,E02006297,E07000244,8226,228441,45,3235,0.013910355486862442,114.42658423493044,female,55-59,369,0.044857768052516414,0.0006239874999577244,0.00019698740593851365,8.83641536485674e-06
2019,E02006297,E07000244,8226,228441,45,3235,0.013910355486862442,114.42658423493044,male,55-59,364,0.04424993921711646,0.0006155323847821455,0.00019698740593851365,8.716680739316675e-06
2019,E02006270,E07000203,13467,228441,59,4858,0.01214491560312886,163.55557842733637,female,55-59,406,0.030147768619588625,0.0003661421055075605,0.00025827237667494014,7.786335852827333e-06
2019,E02006270,E07000203,13467,228441,59,4858,0.01214491560312886,163.55557842733637,male,55-59,454,0.033712036830771515,0.0004094298421192918,0.00025827237667494014,8.706887874836476e-06
2019,E02006255,E07000202,8208,228441,58,3059,0.01896044458973521,155.6273291925466,female,55-59,248,0.030214424951267055,0.0005728789300992119,0.0002538948787651954,7.671287759962043e-06
2019,E02006255,E07000202,8208,228441,58,3059,0.01896044458973521,155.6273291925466,male,55-59,257,0.031310916179337234,0.0005936688912721673,0.0002538948787651954,7.949681267380022e-06
2019,E02006252,E07000202,9269,228441,37,3710,0.009973045822102426,92.44016172506738,female,55-59,236,0.025461214802028266,0.0002539258619070204,0.00016196742266055567,4.1238873392913085e-06
2019,E02006252,E07000202,9269,228441,37,3710,0.009973045822102426,92.44016172506738,male,55-59,265,0.028589923400582588,0.00028512861612440854,0.00016196742266055567,4.630636207255071e-06
2019,E02006300,E07000244,7781,228441,61,3606,0.01691625069328896,131.62534664448143,female,55-59,283,0.03637064644647218,0.0006152549731655027,0.00026702737249442965,9.71195815652533e-06
2019,E02006300,E07000244,7781,228441,61,3606,0.01691625069328896,131.62534664448143,male,55-59,275,0.03534250096388639,0.000597862606432909,0.00026702737249442965,9.43741516976843e-06
2019,E02006248,E07000202,8109,228441,44,3404,0.012925969447708578,104.81668625146885,female,55-59,270,0.033296337402885685,0.00043038743999029676,0.00019260990802876893,6.41320448486467e-06
2019,E02006248,E07000202,8109,228441,44,3404,0.012925969447708578,104.81668625146885,male,55-59,226,0.027870267603896905,0.00036025022754743353,0.00019260990802876893,5.368089679923761e-06
2019,E02006229,E07000200,5937,228441,16,2606,0.0061396776669224865,36.451266308518804,female,55-59,199,0.033518612093649994,0.00020579347409762082,7.003996655591596e-05,2.347642470039966e-06
2019,E02006229,E07000200,5937,228441,16,2606,0.0061396776669224865,36.451266308518804,male,55-59,225,0.037897928246589184,0.0002326810636782145,7.003996655591596e-05,2.6543696269296094e-06
2019,E02006231,E07000200,8619,228441,37,3270,0.011314984709480122,97.52385321100917,female,55-59,346,0.04014386819816684,0.0004542272548416432,0.00016196742266055567,6.501998867682128e-06
2019,E02006231,E07000200,8619,228441,37,3270,0.011314984709480122,97.52385321100917,male,55-59,335,0.03886761805313842,0.0004397865039651748,0.00016196742266055567,6.295287921021714e-06
2019,E02006260,E07000202,8746,228441,64,3841,0.016662327518875295,145.72871648008334,female,55-59,238,0.027212439972558886,0.00045342258741051,0.00028015986622366386,7.62383354233158e-06
2019,E02006260,E07000202,8746,228441,64,3841,0.016662327518875295,145.72871648008334,male,55-59,245,0.028012805854104733,0.00046675854586376023,0.00028015986622366386,7.84806394063545e-06
2019,E02006254,E07000202,9499,228441,71,4098,0.017325524646168863,164.57515861395802,female,55-59,292,0.03074007790293715,0.0005325879773324884,0.00031080235159187714,9.554088500350366e-06
2019,E02006254,E07000202,9499,228441,71,4098,0.017325524646168863,164.57515861395802,male,55-59,290,0.03052952942414991,0.0005289401144740468,0.00031080235159187714,9.488649538019199e-06
2019,E02006299,E07000244,8381,228441,52,3938,0.013204672422549517,110.6683595733875,female,55-59,356,0.04247703138050352,0.0005608952848619053,0.0002276298913067269,9.669042036176445e-06
2019,E02006299,E07000244,8381,228441,52,3938,0.013204672422549517,110.6683595733875,male,55-59,310,0.03698842620212385,0.0004884200514246928,0.0002276298913067269,8.419671435996341e-06
2019,E02006298,E07000244,9290,228441,58,3706,0.015650296815974095,145.39125742039934,female,55-59,391,0.04208826695371367,0.0006586938702955727,0.0002538948787651954,1.068599543565031e-05
2019,E02006298,E07000244,9290,228441,58,3706,0.015650296815974095,145.39125742039934,male,55-59,370,0.03982777179763186,0.0006233164501518207,0.0002538948787651954,1.011206729204761e-05
2019,E02006234,E07000200,9751,228441,20,3978,0.005027652086475616,49.024635495223734,female,55-59,327,0.03353502204902061,0.00016860242357476428,8.754995819489497e-05,2.9359897784566354e-06
2019,E02006234,E07000200,9751,228441,20,3978,0.005027652086475616,49.024635495223734,male,55-59,329,0.03374012921751615,0.000169633631058402,8.754995819489497e-05,2.9539469024838933e-06
2019,E02006236,E07000200,10362,228441,53,3957,0.013393985342431134,138.7884761182714,female,55-59,388,0.0374445087820884,0.000501531201781826,0.00023200738921647164,8.687402723025573e-06
2019,E02006236,E07000200,10362,228441,53,3957,0.013393985342431134,138.7884761182714,male,55-59,402,0.038795599305153444,0.0005196276884440567,0.00023200738921647164,9.000865707877011e-06
2019,E02006259,E07000202,7100,228441,51,3158,0.016149461684610514,114.66117796073465,female,55-59,211,0.02971830985915493,0.00047993470640180543,0.00022325239339698215,6.634683803769469e-06
2019,E02006259,E07000202,7100,228441,51,3158,0.016149461684610514,114.66117796073465,male,55-59,214,0.030140845070422535,0.00048675842260657046,0.00022325239339698215,6.729015800979462e-06
2019,E02006239,E07000245,7719,228441,32,2380,0.013445378151260505,103.78487394957983,female,55-59,203,0.02629874336053893,0.00035359654938539744,0.00014007993311183193,3.6839262108695276e-06
2019,E02006239,E07000245,7719,228441,32,2380,0.013445378151260505,103.78487394957983,male,55-59,155,0.020080321285140562,0.00026998751307752016,0.00014007993311183193,2.812850062486585e-06
2019,E02006826,E07000245,9804,228441,18,3898,0.004617752693689072,45.27244740892766,female,55-59,307,0.03131374949000408,0.00014459915105697113,7.879496237540546e-05,2.4673657128977435e-06
2019,E02006826,E07000245,9804,228441,18,3898,0.004617752693689072,45.27244740892766,male,55-59,337,0.03437372501019992,0.00015872936125797807,7.879496237540546e-05,2.7084763688812364e-06
2019,E02003744,E07000010,14355,228441,239,6893,0.034672856521108374,497.7288553605107,female,55-59,498,0.03469174503657262,0.0012028618981199562,0.0010462220004289948,3.629526689053566e-05
2019,E02003744,E07000010,14355,228441,239,6893,0.034672856521108374,497.7288553605107,male,55-59,461,0.032114245907349355,0.001113492640629116,0.0010462220004289948,3.35986305954557e-05
2019,E02005517,E07000143,6533,228441,306,2500,0.1224,799.6392,female,55-59,194,0.029695392622072554,0.0036347160569416806,0.001339514360381893,3.97774048544447e-05
2019,E02005517,E07000143,6533,228441,306,2500,0.1224,799.6392,male,55-59,184,0.02816470228072861,0.003447359559161182,0.001339514360381893,3.7727023160916625e-05
2019,E02005519,E07000143,8913,228441,424,3683,0.11512354059190877,1026.096117295683,female,55-59,298,0.033434309435655785,0.003849076079478157,0.001856059113731773,6.205605473937714e-05
2019,E02005519,E07000143,8913,228441,424,3683,0.11512354059190877,1026.096117295683,male,55-59,247,0.027712330304050264,0.003190341582654714,0.001856059113731773,5.143572322357769e-05
2019,E02006269,E07000203,7508,228441,35,2973,0.011772620248906828,88.38883282879247,female,55-59,324,0.043153969099627064,0.0005080352904429692,0.0001532124268410662,6.611724333578243e-06
2019,E02006269,E07000203,7508,228441,35,2973,0.011772620248906828,88.38883282879247,male,55-59,256,0.034096963239211506,0.00040141059985617314,0.0001532124268410662,5.224078485790216e-06
2019,E02006242,E07000245,9994,228441,28,3639,0.007694421544380325,76.89804891453696,female,55-59,250,0.02501500900540324,0.00019247602422404255,0.00012256994147285294,3.0660881897351645e-06
2019,E02006242,E07000245,9994,228441,28,3639,0.007694421544380325,76.89804891453696,male,55-59,280,0.02801681008605163,0.00021557314713092763,0.00012256994147285294,3.434018772503384e-06
2019,E02005512,E07000143,9450,228441,2888,3385,0.8531757754800591,8062.511078286559,female,55-59,333,0.035238095238095235,0.03006428923120208,0.012642213963342832,0.00044548753966065216
2019,E02005512,E07000143,9450,228441,2888,3385,0.8531757754800591,8062.511078286559,male,55-59,366,0.03873015873015873,0.03304363320906896,0.012642213963342832,0.000489634953500897
2019,E02006264,E07000203,8672,228441,29,3559,0.00814835627985389,70.66254565889294,female,55-59,325,0.03747693726937269,0.0003053754371485833,0.0001269474393825977,4.757601222249106e-06
2019,E02006264,E07000203,8672,228441,29,3559,0.00814835627985389,70.66254565889294,male,55-59,355,0.040936346863468635,0.00033356393903922175,0.0001269474393825977,5.196764411995178e-06
2019,E02006282,E07000245,6368,228441,17,2675,0.006355140186915888,40.469532710280376,female,55-59,288,0.04522613065326633,0.00028741840041328137,7.441746446566072e-05,3.3656139708087764e-06
2019,E02006282,E07000245,6368,228441,17,2675,0.006355140186915888,40.469532710280376,male,55-59,250,0.03925879396984925,0.0002494951392476401,7.441746446566072e-05,2.921539905215952e-06
2019,E02006284,E07000245,7933,228441,10,3332,0.003001200480192077,23.808523409363747,female,55-59,227,0.028614647674272027,8.58782943405523e-05,4.3774979097447484e-05,1.2526056038220823e-06
2019,E02006284,E07000245,7933,228441,10,3332,0.003001200480192077,23.808523409363747,male,55-59,232,0.029244926257405775,8.776988672690809e-05,4.3774979097447484e-05,1.2801960356243308e-06
2019,E02005511,E07000143,8248,228441,2831,3289,0.8607479477044695,7099.449072666464,female,55-59,260,0.03152279340446169,0.027133179728802383,0.012392696582487381,0.0003906524140939281
2019,E02005511,E07000143,8248,228441,2831,3289,0.8607479477044695,7099.449072666464,male,55-59,300,0.036372453928225024,0.03130751507169506,0.012392696582487381,0.00045075278549299396
2019,E02006240,E07000245,10485,228441,46,3221,0.014281279105867743,149.73921142502329,female,55-59,296,0.028230805913209346,0.00040317201863012417,0.0002013649038482584,5.684693518272245e-06
2019,E02006240,E07000245,10485,228441,46,3221,0.014281279105867743,149.73921142502329,male,55-59,331,0.03156890796375775,0.0004508443856978753,0.0002013649038482584,6.356870116716598e-06
2019,E02006243,E07000245,8966,228441,13,3683,0.0035297311973934292,31.647569915829486,female,55-59,309,0.03446352888690609,0.00012164699308438207,5.690747282668173e-05,1.9612323336431693e-06
2019,E02006243,E07000245,8966,228441,13,3683,0.0035297311973934292,31.647569915829486,male,55-59,278,0.031006022752621012,0.00010944292581701687,5.690747282668173e-05,1.7644743972582557e-06
2019,E02006246,E07000202,7040,228441,60,3135,0.019138755980861243,134.73684210526315,female,55-59,242,0.034375,0.0006578947368421052,0.0002626498745846849,9.028589438848544e-06
2019,E02006246,E07000202,7040,228441,60,3135,0.019138755980861243,134.73684210526315,male,55-59,248,0.035227272727272725,0.0006742061765985211,0.0002626498745846849,9.252438763778672e-06
2019,E02003752,E07000010,11152,228441,8,4643,0.0017230239069567091,19.21516261038122,female,55-59,359,0.03219153515064562,5.546678466619965e-05,3.501998327795798e-05,1.1273470226674062e-06
2019,E02003752,E07000010,11152,228441,8,4643,0.0017230239069567091,19.21516261038122,male,55-59,390,0.0349713055954089,6.025639559837846e-05,3.501998327795798e-05,1.224694537159578e-06
2019,E02005564,E07000146,9930,228441,366,4997,0.0732439463678207,727.3123874324594,female,55-59,329,0.03313192346424975,0.0024267128252782487,0.0016021642349665778,5.3082782810070906e-05
2019,E02005564,E07000146,9930,228441,366,4997,0.0732439463678207,727.3123874324594,male,55-59,334,0.033635448136958714,0.0024635929594010184,0.0016021642349665778,5.3889512032108463e-05
2019,E02003780,E07000012,12091,228441,8,3877,0.0020634511220015478,24.949187516120713,female,55-59,331,0.027375734017037467,5.64884890730719e-05,3.501998327795798e-05,9.586977474984776e-07
2019,E02003780,E07000012,12091,228441,8,3877,0.0020634511220015478,24.949187516120713,male,55-59,312,0.025804317260772477,5.324594740422487e-05,3.501998327795798e-05,9.036667589713747e-07
2019,E02003249,E06000031,12090,228441,11,4349,0.0025293170843872156,30.579443550241436,female,55-59,310,0.02564102564102564,6.48542842150568e-05,4.815247700719223e-05,1.2346788976203136e-06
2019,E02003249,E06000031,12090,228441,11,4349,0.0025293170843872156,30.579443550241436,male,55-59,336,0.027791563275434243,7.029367579438416e-05,4.815247700719223e-05,1.3382326116142755e-06
2019,E02003745,E07000010,10314,228441,155,4975,0.031155778894472363,321.34070351758794,female,55-59,408,0.03955788248981966,0.0012324566403863412,0.000678512176010436,2.684050492653266e-05
2019,E02003745,E07000010,10314,228441,155,4975,0.031155778894472363,321.34070351758794,male,55-59,427,0.04140003878223773,0.0012898504545219797,0.000678512176010436,2.8090430401052564e-05
2019,E02003737,E07000009,13972,228441,10,4946,0.0020218358269308533,28.24909017387788,female,55-59,428,0.030632693959347267,6.193427812241664e-05,4.3774979097447484e-05,1.3409455377689323e-06
2019,E02003737,E07000009,13972,228441,10,4946,0.0020218358269308533,28.24909017387788,male,55-59,461,0.03299456054967077,6.670958461316372e-05,4.3774979097447484e-05,1.4443361983913035e-06
2019,E02005589,E07000148,11841,228441,3910,4159,0.9401298389035826,11132.077422457322,female,55-59,286,0.024153365425217465,0.022707299546189056,0.017116016827101965,0.00041340940904916493
2019,E02005589,E07000148,11841,228441,3910,4159,0.9401298389035826,11132.077422457322,male,55-59,276,0.02330884215860147,0.021913338023595033,0.017116016827101965,0.0003989545346068864
2019,E02005540,E07000145,8995,228441,667,4468,0.14928379588182633,1342.807743957028,female,55-59,369,0.04102279043913285,0.006124037874418445,0.002919791105799747,0.000119777978659267
2019,E02005540,E07000145,8995,228441,667,4468,0.14928379588182633,1342.807743957028,male,55-59,320,0.03557531962201223,0.005310818752883205,0.002919791105799747,0.00010387250181833452
2019,E02005548,E07000145,7498,228441,499,3604,0.13845726970033295,1038.1526082130965,female,55-59,239,0.03187516671112297,0.0044133485540650275,0.0021843714569626293,6.962720434970238e-05
2019,E02005548,E07000145,7498,228441,499,3604,0.13845726970033295,1038.1526082130965,male,55-59,231,0.03080821552413977,0.004265621405811805,0.0021843714569626293,6.729658663088389e-05
2019,E02005507,E07000143,11864,228441,4009,4418,0.9074241738343142,10765.680398370303,female,55-59,347,0.029248145650708025,0.026540474403279418,0.017549389120166695,0.0005132870890675863
2019,E02005507,E07000143,11864,228441,4009,4418,0.9074241738343142,10765.680398370303,male,55-59,364,0.030681051921780174,0.027840728192489072,0.017549389120166695,0.0005384337187913584
2019,E02005547,E07000145,8812,228441,520,3960,0.13131313131313133,1157.1313131313132,female,55-59,313,0.03551974580118021,0.004664209044599422,0.002276298913067269,8.08535587596522e-05
2019,E02005547,E07000145,8812,228441,520,3960,0.13131313131313133,1157.1313131313132,male,55-59,298,0.03381752156150704,0.004440684649490823,0.002276298913067269,7.69787875730874e-05
2019,E02005561,E07000146,11213,228441,311,5394,0.05765665554319614,646.5040786058584,female,55-59,375,0.03344332471238741,0.00192823025316138,0.0013614018499306167,4.552980413127453e-05
2019,E02005561,E07000146,11213,228441,311,5394,0.05765665554319614,646.5040786058584,male,55-59,339,0.030232765539998218,0.0017431201488578875,0.0013614018499306167,4.115894293467217e-05
2019,E02005504,E07000143,9110,228441,1501,4011,0.3742208925454999,3409.152331089504,female,55-59,388,0.04259055982436882,0.015938277311487812,0.006570624362526867,0.0002798465699956558
2019,E02005504,E07000143,9110,228441,1501,4011,0.3742208925454999,3409.152331089504,male,55-59,367,0.0402854006586169,0.015075638591020686,0.006570624362526867,0.0002647002350216641
2019,E02005569,E07000146,8228,228441,242,3732,0.06484458735262594,533.5412647374062,female,55-59,300,0.036460865337870685,0.002364289767353887,0.001059354494158229,3.862498155657131e-05
2019,E02005569,E07000146,8228,228441,242,3732,0.06484458735262594,533.5412647374062,male,55-59,310,0.03767622751579971,0.002443099426265683,0.001059354494158229,3.9912480941790353e-05
2019,E02005466,E07000140,6685,228441,69,3343,0.020640143583607537,137.97935985641638,female,55-59,262,0.03919222139117427,0.0008089330768743717,0.00030204735577238763,1.1837906838050197e-05
2019,E02005466,E07000140,6685,228441,69,3343,0.020640143583607537,137.97935985641638,male,55-59,263,0.03934181002243829,0.0008120206077021364,0.00030204735577238763,1.1883089688577104e-05
2019,E02005578,E07000147,5843,228441,1169,2736,0.427266081871345,2496.515716374269,female,55-59,271,0.04638028410063324,0.019816722263757403,0.005117295056491611,0.00023734159854684692
2019,E02005578,E07000147,5843,228441,1169,2736,0.427266081871345,2496.515716374269,male,55-59,224,0.038336470990929315,0.016379873753068847,0.005117295056491611,0.00019617903348521663
2019,E02005580,E07000147,7937,228441,1847,3887,0.47517365577566245,3771.453305891433,female,55-59,275,0.03464785183318634,0.016463746420348643,0.00808523863929855,0.0002801361504103693
2019,E02005580,E07000147,7937,228441,1847,3887,0.47517365577566245,3771.453305891433,male,55-59,277,0.03489983621015497,0.016583482757951178,0.00808523863929855,0.00028217350423153563
2019,E02005474,E07000140,6793,228441,38,3085,0.012317666126418152,83.6739059967585,female,55-59,311,0.04578242308258501,0.0005639326019897019,0.00016634492057030043,7.615673531188492e-06
2019,E02005474,E07000140,6793,228441,38,3085,0.012317666126418152,83.6739059967585,male,55-59,341,0.050198733990872955,0.0006183312452684512,0.00016634492057030043,8.350304418441402e-06
2019,E02005510,E07000143,7023,228441,1986,3118,0.6369467607440668,4473.277100705581,female,55-59,274,0.0390146660971095,0.024850265192065256,0.00869371084875307,0.00033918222590891944
2019,E02005510,E07000143,7023,228441,1986,3118,0.6369467607440668,4473.277100705581,male,55-59,261,0.037163605296881674,0.023671238011419824,0.00869371084875307,0.0003230896385482773
2019,E02005514,E07000143,6903,228441,367,3099,0.11842529848338174,817.4898354307841,female,55-59,286,0.04143126177024482,0.004906509541684366,0.0016065417328763225,6.656105107962165e-05
2019,E02005514,E07000143,6903,228441,367,3099,0.11842529848338174,817.4898354307841,male,55-59,311,0.04505287556135014,0.005335400235887544,0.0016065417328763225,7.237932477539277e-05
2019,E02005506,E07000143,6943,228441,1780,2867,0.6208580397628183,4310.617370073247,female,55-59,246,0.03543136972490278,0.021997850753514805,0.007791946279345652,0.0002760793295000764
2019,E02005506,E07000143,6943,228441,1780,2867,0.6208580397628183,4310.617370073247,male,55-59,280,0.04032838830476739,0.02503820410969165,0.007791946279345652,0.00031423663520333895
2019,E02005571,E07000147,5990,228441,1519,2515,0.6039761431411531,3617.8170974155073,female,55-59,258,0.04307178631051753,0.026014331374026294,0.006649419324902273,0.0002864023682512164
2019,E02005571,E07000147,5990,228441,1519,2515,0.6039761431411531,3617.8170974155073,male,55-59,200,0.0333889816360601,0.020166148351958367,0.006649419324902273,0.00022201733972962513
2019,E02003742,E07000010,6664,228441,124,3558,0.03485103991006183,232.24732996065205,female,55-59,265,0.03976590636254502,0.0013858831897008382,0.0005428097408083488,2.158532132566213e-05
2019,E02003742,E07000010,6664,228441,124,3558,0.03485103991006183,232.24732996065205,male,55-59,281,0.04216686674669868,0.0014695591558714547,0.0005428097408083488,2.288858600947569e-05
2019,E02005472,E07000140,9869,228441,192,5695,0.033713784021071114,332.7213345039508,female,55-59,365,0.03698449690951464,0.0012468873409353487,0.0008404795986709917,3.10847151195574e-05
2019,E02005472,E07000140,9869,228441,192,5695,0.033713784021071114,332.7213345039508,male,55-59,338,0.03424865741209849,0.0011546518390031448,0.0008404795986709917,2.878529783674082e-05
2019,E02005552,E07000146,6790,228441,471,3075,0.15317073170731707,1040.029268292683,female,55-59,265,0.0390279823269514,0.005977944610079385,0.0020618015154897766,8.04679531082166e-05
2019,E02005552,E07000146,6790,228441,471,3075,0.15317073170731707,1040.029268292683,male,55-59,280,0.041237113402061855,0.006316318833291426,0.0020618015154897766,8.50227429067949e-05
2019,E02005563,E07000146,7551,228441,209,4033,0.05182246466650137,391.3114306967518,female,55-59,317,0.041981194543769036,0.002175568970901991,0.0009148970631366524,3.840847159506275e-05
2019,E02005563,E07000146,7551,228441,209,4033,0.05182246466650137,391.3114306967518,male,55-59,299,0.03959740431730897,0.0020520350861189126,0.0009148970631366524,3.622754891774057e-05
2019,E02005509,E07000143,8278,228441,645,4465,0.1444568868980963,1195.8141097424411,female,55-59,273,0.032978980430055566,0.004764040845999068,0.0028234861517853625,9.311569454426237e-05
2019,E02005509,E07000143,8278,228441,645,4465,0.1444568868980963,1195.8141097424411,male,55-59,257,0.031046146412176855,0.00448482966088557,0.0028234861517853625,8.765836446108217e-05
2019,E02005566,E07000146,9847,228441,243,4936,0.04923014586709887,484.76924635332256,female,55-59,432,0.04387122981618767,0.002159787043219936,0.0010637319920679738,4.66672306868452e-05
2019,E02005566,E07000146,9847,228441,243,4936,0.04923014586709887,484.76924635332256,male,55-59,445,0.04519142886158221,0.0022247806347983137,0.0010637319920679738,4.8071568647328967e-05
2019,E02005568,E07000146,7423,228441,251,3603,0.06966416874826534,517.1171246183736,female,55-59,322,0.04337868786205038,0.003021940231300207,0.0010987519753459319,4.7662418976342456e-05
2019,E02005568,E07000146,7423,228441,251,3603,0.06966416874826534,517.1171246183736,male,55-59,303,0.04081907584534555,0.0028436269878383937,0.0010987519753459319,4.4850040216868836e-05
2019,E02005560,E07000146,9204,228441,229,4415,0.05186862967157418,477.39886749716874,female,55-59,251,0.027270751847023034,0.0014144965284186353,0.0010024470213315473,2.733748395852003e-05
2019,E02005560,E07000146,9204,228441,229,4415,0.05186862967157418,477.39886749716874,male,55-59,253,0.02748804867448935,0.0014257674170912937,0.0010024470213315473,2.7555312515958437e-05
2019,E02005559,E07000146,7266,228441,191,3715,0.05141318977119785,373.56823687752353,female,55-59,245,0.03371868978805395,0.0017335853969093688,0.0008361021007612469,2.8192267366708712e-05
2019,E02005559,E07000146,7266,228441,191,3715,0.05141318977119785,373.56823687752353,male,55-59,246,0.033856317093311314,0.001740661255672264,0.0008361021007612469,2.8307337845756503e-05
2019,E02003743,E07000010,11376,228441,180,5507,0.032685672780098055,371.83221354639545,female,55-59,355,0.031206047819971872,0.001019990667803693,0.0007879496237540546,2.4588793638597873e-05
2019,E02003743,E07000010,11376,228441,180,5507,0.032685672780098055,371.83221354639545,male,55-59,320,0.02812939521800281,0.0009194282075976949,0.0007879496237540546,2.216454637845442e-05
2019,E02005567,E07000146,11005,228441,321,5784,0.05549792531120332,610.7546680497925,female,55-59,321,0.029168559745570196,0.0016187945501950263,0.001405176829028064,4.098698429059596e-05
2019,E02005567,E07000146,11005,228441,321,5784,0.05549792531120332,610.7546680497925,male,55-59,340,0.030895047705588367,0.0017146110500508066,0.001405176829028064,4.341300516760943e-05
2019,E02005551,E07000146,5246,228441,187,2808,0.06659544159544159,349.3596866096866,female,55-59,209,0.03983987800228746,0.0026531542686708525,0.0008185921091222679,3.261260976106633e-05
2019,E02005551,E07000146,5246,228441,187,2808,0.06659544159544159,349.3596866096866,male,55-59,141,0.026877621044605414,0.0017899270425004315,0.0008185921091222679,2.20018084990926e-05
2019,E02005556,E07000146,7408,228441,229,3960,0.057828282828282826,428.39191919191916,female,55-59,281,0.03793196544276458,0.0021935404258568406,0.0010024470213315473,3.802478577135054e-05
2019,E02005556,E07000146,7408,228441,229,3960,0.057828282828282826,428.39191919191916,male,55-59,239,0.032262419006479484,0.001865680291031263,0.0010024470213315473,3.234136583399565e-05
2019,E02005553,E07000146,8632,228441,372,4706,0.07904802379940501,682.342541436464,female,55-59,356,0.041241890639481,0.0032600899528021526,0.0016284292224250463,6.715949990538884e-05
2019,E02005553,E07000146,8632,228441,372,4706,0.07904802379940501,682.342541436464,male,55-59,324,0.037534754402224285,0.0029670481592918474,0.0016284292224250463,6.112269092512918e-05
2019,E02005565,E07000146,6996,228441,217,3487,0.062231144250071695,435.36908517350156,female,55-59,266,0.03802172670097198,0.00236613555896499,0.0009499170464146103,3.611748632737083e-05
2019,E02005565,E07000146,6996,228441,217,3487,0.062231144250071695,435.36908517350156,male,55-59,277,0.039594053744997144,0.0024639832700500087,0.0009499170464146103,3.7611066589029026e-05
2019,E02005558,E07000146,7087,228441,210,3328,0.06310096153846154,447.1965144230769,female,55-59,282,0.03979116692535629,0.00251086089372741,0.0009192745610463971,3.657900750883082e-05
2019,E02005558,E07000146,7087,228441,210,3328,0.06310096153846154,447.1965144230769,male,55-59,248,0.0349936503457034,0.0022081329845546013,0.0009192745610463971,3.21687725609576e-05
2019,E02005555,E07000146,6847,228441,224,3227,0.06941431670281996,475.27982646420827,female,55-59,248,0.036220242441945376,0.0025142033799181174,0.0009805595317828235,3.551610396993431e-05
2019,E02005555,E07000146,6847,228441,224,3227,0.06941431670281996,475.27982646420827,male,55-59,260,0.037972834818168544,0.00263585838217222,0.0009805595317828235,3.7234625129769845e-05
2019,E02005554,E07000146,6905,228441,253,3601,0.07025826159400167,485.13329630658154,female,55-59,264,0.03823316437364229,0.002686195664129825,0.0011075069711654214,4.234349607352227e-05
2019,E02005554,E07000146,6905,228441,253,3601,0.07025826159400167,485.13329630658154,male,55-59,228,0.03301955104996379,0.0023198962553848484,0.0011075069711654214,3.656938297258741e-05
2019,E02005557,E07000146,6655,228441,163,3372,0.04833926453143535,321.6978054567022,female,55-59,206,0.030954169797145003,0.0014963018021751588,0.0007135321592883939,2.208679561433646e-05
2019,E02005557,E07000146,6655,228441,163,3372,0.04833926453143535,321.6978054567022,male,55-59,189,0.02839969947407964,0.001372820585490801,0.0007135321592883939,2.026409888888151e-05
2019,E02005562,E07000146,7150,228441,311,3610,0.08614958448753463,615.9695290858725,female,55-59,313,0.043776223776223776,0.0037713034887550123,0.0013614018499306167,5.9597032031927694e-05
2019,E02005562,E07000146,7150,228441,311,3610,0.08614958448753463,615.9695290858725,male,55-59,312,0.04363636363636364,0.003759254595819693,0.0013614018499306167,5.9406626178790555e-05
2019,E02005573,E07000147,5874,228441,2012,2264,0.8886925795053003,5220.180212014134,female,55-59,208,0.035410282601293835,0.03146885538595547,0.008807525794406433,0.0003118769773981168
2019,E02005573,E07000147,5874,228441,2012,2264,0.8886925795053003,5220.180212014134,male,55-59,141,0.02400408580183861,0.021332252929902512,0.008807525794406433,0.0002114166048708388
2019,E02005577,E07000147,6084,228441,1798,2279,0.78894251864853,4799.926283457657,female,55-59,288,0.047337278106508875,0.03734639141531503,0.007870741241721057,0.00037257946706371865
2019,E02005577,E07000147,6084,228441,1798,2279,0.78894251864853,4799.926283457657,male,55-59,219,0.03599605522682446,0.028398818472062475,0.007870741241721057,0.0002833156364130361
2019,E02005467,E07000140,7563,228441,18,3426,0.005253940455341506,39.73555166374781,female,55-59,240,0.0317334391114637,0.00016672559953483557,7.879496237540546e-05,2.5004351408300023e-06
2019,E02005467,E07000140,7563,228441,18,3426,0.005253940455341506,39.73555166374781,male,55-59,270,0.03570011900039667,0.00018756629947669004,7.879496237540546e-05,2.8129895334337533e-06
2019,E02005505,E07000143,7600,228441,2690,2978,0.9032907991940899,6865.010073875083,female,55-59,243,0.031973684210526314,0.02888153476370577,0.011775469377213372,0.00037650513929774333
2019,E02005505,E07000143,7600,228441,2690,2978,0.9032907991940899,6865.010073875083,male,55-59,236,0.03105263157894737,0.028049556396027006,0.011775469377213372,0.0003656593122397837
2019,E02003732,E07000009,9888,228441,29,3720,0.0077956989247311825,77.08387096774193,female,55-59,333,0.033677184466019416,0.00026253719072972127,0.0001269474393825977,4.2752323335765605e-06
2019,E02003732,E07000009,9888,228441,29,3720,0.0077956989247311825,77.08387096774193,male,55-59,306,0.030946601941747573,0.00024125039148136548,0.0001269474393825977,3.92859187409738e-06
2019,E02005503,E07000143,7420,228441,2545,2884,0.8824549237170597,6547.815533980583,female,55-59,288,0.03881401617250674,0.034251619680662156,0.011140732180300384,0.00043241655901974534
2019,E02005503,E07000143,7420,228441,2545,2884,0.8824549237170597,6547.815533980583,male,55-59,286,0.038544474393530995,0.03401376121065756,0.011140732180300384,0.0004294136662487749
2019,E02005609,E07000149,7526,228441,2582,2965,0.8708263069139967,6553.838785834739,female,55-59,251,0.03335104969439277,0.029042971437073236,0.01130269960296094,0.00037695689613914375
2019,E02005609,E07000149,7526,228441,2582,2965,0.8708263069139967,6553.838785834739,male,55-59,258,0.034281158650013285,0.029852934783923882,0.01130269960296094,0.00038746963826254615
2019,E02005610,E07000149,8162,228441,2505,3035,0.8253706754530478,6736.675453047776,female,55-59,354,0.043371722617005636,0.03579774799196017,0.010965632263910594,0.00047559836087041784
2019,E02005610,E07000149,8162,228441,2505,3035,0.8253706754530478,6736.675453047776,male,55-59,317,0.03883851997059544,0.032056175461727045,0.010965632263910594,0.0004258889276720973
2019,E02005532,E07000144,8282,228441,2878,3062,0.9399085564990203,7784.322664924886,female,55-59,316,0.03815503501569669,0.03586224388477305,0.012598438984245385,0.0004806938805870009
2019,E02005532,E07000144,8282,228441,2878,3062,0.9399085564990203,7784.322664924886,male,55-59,278,0.03356677131127747,0.031549695569515535,0.012598438984245385,0.00042288892026324767
2019,E02005605,E07000149,10777,228441,3610,3878,0.9308922124806601,10032.225373904073,female,55-59,423,0.03925025517305373,0.03653775687847446,0.01580276745417854,0.0006202626550169364
2019,E02005605,E07000149,10777,228441,3610,3878,0.9308922124806601,10032.225373904073,male,55-59,389,0.03609538832699267,0.0336009159000628,0.01580276745417854,0.0005704070278997358
2019,E02005515,E07000143,6424,228441,2077,2285,0.9089715536105033,5839.233260393873,female,55-59,275,0.04280821917808219,0.03891145349360031,0.009092063158539842,0.0003892150324717398
2019,E02005515,E07000143,6424,228441,2077,2285,0.9089715536105033,5839.233260393873,male,55-59,260,0.040473225404732256,0.03678901057576757,0.009092063158539842,0.0003679851216096449
2019,E02005592,E07000148,9394,228441,2364,2555,0.9252446183953034,8691.74794520548,female,55-59,227,0.024164360229934,0.02235794425971193,0.010348405058636585,0.00025006258764216573
2019,E02005592,E07000148,9394,228441,2364,2555,0.9252446183953034,8691.74794520548,male,55-59,256,0.02725143708750266,0.025214245508750018,0.010348405058636585,0.0002820089094114292
2019,E02006273,E07000245,6726,228441,75,2935,0.02555366269165247,171.8739352640545,female,55-59,256,0.03806125483199524,0.000972604467597834,0.0003283123432308561,1.2495979760199102e-05
2019,E02006273,E07000245,6726,228441,75,2935,0.02555366269165247,171.8739352640545,male,55-59,277,0.04118346714243235,0.001052388427830469,0.0003283123432308561,1.3521040599902936e-05
2019,E02005596,E07000148,9370,228441,3497,3688,0.9482104121475055,8884.731561822126,female,55-59,269,0.02870864461045891,0.027221835738279507,0.015308110190377384,0.0004394750951132888
2019,E02005596,E07000148,9370,228441,3497,3688,0.9482104121475055,8884.731561822126,male,55-59,258,0.027534685165421558,0.02610867516905618,0.015308110190377384,0.0004215039945696227
2019,E02005524,E07000144,5487,228441,1872,2021,0.9262741217219198,5082.466105888174,female,55-59,243,0.04428649535265172,0.041021434586919356,0.008194676087042168,0.00036291348444527917
2019,E02005524,E07000144,5487,228441,1872,2021,0.9262741217219198,5082.466105888174,male,55-59,186,0.03389830508474576,0.03139912277023457,0.008194676087042168,0.000277785630069226
2019,E02005534,E07000144,7281,228441,2498,2697,0.9262143121987393,6743.766407119021,female,55-59,266,0.0365334432083505,0.03383779797347406,0.01093498977854238,0.0003994928280582713
2019,E02005534,E07000144,7281,228441,2498,2697,0.9262143121987393,6743.766407119021,male,55-59,273,0.03749484960857025,0.034728266341197064,0.01093498977854238,0.00041000579721769953
2019,E02005585,E07000148,11017,228441,3685,3934,0.9367056431113371,10319.6860701576,female,55-59,277,0.0251429608786421,0.023551553339551636,0.016131079797409395,0.00040558310827651834
2019,E02005585,E07000148,11017,228441,3685,3934,0.9367056431113371,10319.6860701576,male,55-59,292,0.026504493056185893,0.024826908213534574,0.016131079797409395,0.00042754609247921786
2019,E02005527,E07000144,8922,228441,2984,3250,0.9181538461538462,8191.768615384616,female,55-59,307,0.03440932526339386,0.03159305433414378,0.013062453762678328,0.0004494702202580416
2019,E02005527,E07000144,8922,228441,2984,3250,0.9181538461538462,8191.768615384616,male,55-59,332,0.03721138758125981,0.034165778628455164,0.013062453762678328,0.00048607202972530885
2019,E02005584,E07000148,10955,228441,3703,3961,0.9348649330977026,10241.445342085332,female,55-59,298,0.02720219078046554,0.02543037426409086,0.016209874759784804,0.00044094410574311926
2019,E02005584,E07000148,10955,228441,3703,3961,0.9348649330977026,10241.445342085332,male,55-59,341,0.03112733911455956,0.029099857798842225,0.016209874759784804,0.0005045702686523613
2019,E02005590,E07000148,11086,228441,3673,3972,0.92472306143001,10251.479859013092,female,55-59,208,0.01876240303084972,0.017350026770471053,0.01607854982249246,0.00030167223192120073
2019,E02005590,E07000148,11086,228441,3673,3972,0.92472306143001,10251.479859013092,male,55-59,314,0.02832401226772506,0.026191867336191877,0.01607854982249246,0.000455409042419505
2019,E02005607,E07000149,11561,228441,3943,4219,0.9345816544204788,10804.698506755156,female,55-59,458,0.0396159501773203,0.03702434025815927,0.01726047425812354,0.0006837900882467418
2019,E02005607,E07000149,11561,228441,3943,4219,0.9345816544204788,10804.698506755156,male,55-59,435,0.03762650289767321,0.03516503932816437,0.01726047425812354,0.0006494512846884993
2019,E02005601,E07000149,5673,228441,2051,2209,0.9284744228157538,5267.235400633771,female,55-59,227,0.04001410188612727,0.037152070153212785,0.008978248212886479,0.00035925653874937965
2019,E02005601,E07000149,5673,228441,2051,2209,0.9284744228157538,5267.235400633771,male,55-59,237,0.04177683765203596,0.038788725226041536,0.008978248212886479,0.0003750828179894404
2019,E02005516,E07000143,6908,228441,1676,2829,0.592435489572287,4092.5443619653583,female,55-59,269,0.03894035900405327,0.023069650650686915,0.007336686496732198,0.00028569320608294173
2019,E02005516,E07000143,6908,228441,1676,2829,0.592435489572287,4092.5443619653583,male,55-59,260,0.03763752171395483,0.022297803602894413,0.007336686496732198,0.0002761346973292373
2019,E02005465,E07000140,8563,228441,11,3284,0.0033495736906211937,28.68239951278928,female,55-59,339,0.0395889291136284,0.0001326060353988771,4.815247700719223e-05,1.9063049988833548e-06
2019,E02005465,E07000140,8563,228441,11,3284,0.0033495736906211937,28.68239951278928,male,55-59,369,0.043092374167931796,0.0001443410827793087,4.815247700719223e-05,2.0750045563066603e-06
2019,E02005588,E07000148,12054,228441,3867,4106,0.9417924987822699,11352.366780321481,female,55-59,298,0.024722083955533432,0.023283073223586893,0.016927784416982943,0.00041849010753782287
2019,E02005588,E07000148,12054,228441,3867,4106,0.9417924987822699,11352.366780321481,male,55-59,253,0.020988883358221338,0.019767172904588876,0.016927784416982943,0.00035529529264117176
2019,E02005523,E07000144,8470,228441,2828,3036,0.9314888010540184,7889.710144927536,female,55-59,331,0.03907910271546635,0.036401746534696584,0.012379564088758148,0.00048378225659727824
2019,E02005523,E07000144,8470,228441,2828,3036,0.9314888010540184,7889.710144927536,male,55-59,299,0.03530106257378984,0.03288254445279239,0.012379564088758148,0.000437011766533493
2019,E02006241,E07000245,9054,228441,39,3755,0.010386151797603195,94.03621837549933,female,55-59,276,0.030483764082173626,0.0003166090011197793,0.00017072241848004518,5.204261928483816e-06
2019,E02006241,E07000245,9054,228441,39,3755,0.010386151797603195,94.03621837549933,male,55-59,271,0.0299315219792357,0.0003108733308096384,0.00017072241848004518,5.109981821083747e-06
2019,E02005598,E07000149,9977,228441,3359,3607,0.9312448017743277,9291.029387302468,female,55-59,292,0.02926731482409542,0.02725503479183158,0.014704015478832608,0.0004303470501973661
2019,E02005598,E07000149,9977,228441,3359,3607,0.9312448017743277,9291.029387302468,male,55-59,311,0.031171694898266013,0.029028478836505556,0.014704015478832608,0.0004583490842855509
2019,E02005576,E07000147,6730,228441,2567,2849,0.901017901017901,6063.8504738504735,female,55-59,264,0.03922734026745914,0.03534453579030102,0.011237037134314768,0.0004407990792658393
2019,E02005576,E07000147,6730,228441,2567,2849,0.901017901017901,6063.8504738504735,male,55-59,272,0.040416047548291235,0.03641558232940106,0.011237037134314768,0.00045415662712237995
2019,E02005525,E07000144,10164,228441,3168,3381,0.9370008873114463,9523.67701863354,female,55-59,339,0.0333530106257379,0.03125180055082451,0.013867913378071361,0.0004625366622556269
2019,E02005525,E07000144,10164,228441,3168,3381,0.9370008873114463,9523.67701863354,male,55-59,339,0.0333530106257379,0.03125180055082451,0.013867913378071361,0.0004625366622556269
2019,E02003738,E07000009,6280,228441,13,2354,0.0055225148683092605,34.68139337298216,female,55-59,217,0.034554140127388534,0.00019082575261514484,5.690747282668173e-05,1.9663887903487155e-06
2019,E02003738,E07000009,6280,228441,13,2354,0.0055225148683092605,34.68139337298216,male,55-59,243,0.038694267515923565,0.00021368966767502392,5.690747282668173e-05,2.2019929772107737e-06
2019,E02005603,E07000149,11652,228441,3684,3943,0.9343139741313721,10886.626426578747,female,55-59,360,0.030895983522142123,0.028866549149269994,0.01612670229949965,0.0004982503285118326
2019,E02005603,E07000149,11652,228441,3684,3943,0.9343139741313721,10886.626426578747,male,55-59,341,0.02926536216958462,0.02734303683305852,0.01612670229949965,0.0004719537833959304
2019,E02005600,E07000149,6635,228441,2020,2210,0.9140271493212669,6064.570135746606,female,55-59,231,0.03481537302185381,0.03182219615572158,0.008842545777684391,0.00030785652971290046
2019,E02005600,E07000149,6635,228441,2020,2210,0.9140271493212669,6064.570135746606,male,55-59,247,0.037226827430293895,0.03402633095438627,0.008842545777684391,0.00032917992571033074
2019,E02005513,E07000143,9953,228441,3432,3696,0.9285714285714286,9242.07142857143,female,55-59,330,0.033155832412337986,0.03078755866859956,0.015023572826243975,0.0004981190628615002
2019,E02005513,E07000143,9953,228441,3432,3696,0.9285714285714286,9242.07142857143,male,55-59,303,0.030443082487692154,0.028268576595714145,0.015023572826243975,0.0004573638668091957
2019,E02006238,E07000245,9785,228441,133,4511,0.029483484814896918,288.4958989137663,female,55-59,326,0.033316300459887586,0.000982280638697639,0.0005822072219960515,1.9396990737936923e-05
2019,E02006238,E07000245,9785,228441,133,4511,0.029483484814896918,288.4958989137663,male,55-59,348,0.035564639754726624,0.0010485695161557616,0.0005822072219960515,2.0705990112889723e-05
2019,E02005572,E07000147,7738,228441,3064,3314,0.9245624622812312,7154.264333132167,female,55-59,290,0.037477384337038,0.0346501827425119,0.013412653595457909,0.0005026711737765306
2019,E02005572,E07000147,7738,228441,3064,3314,0.9245624622812312,7154.264333132167,male,55-59,269,0.034763504781597315,0.03214103157839897,0.013412653595457909,0.00046627084739960943
2019,E02005518,E07000143,11391,228441,609,4444,0.13703870387038705,1561.007875787579,female,55-59,386,0.03388640154507945,0.004643748546569169,0.0026658962270345514,9.03376300268051e-05
2019,E02005518,E07000143,11391,228441,609,4444,0.13703870387038705,1561.007875787579,male,55-59,374,0.03283293828461066,0.004499383306779454,0.0026658962270345514,8.752920629540183e-05
2019,E02005574,E07000147,7117,228441,2517,2774,0.9073540014419611,6457.638428262437,female,55-59,375,0.05269074048053955,0.04780915421395748,0.01101816223882753,0.000580555127098542
2019,E02005574,E07000147,7117,228441,2517,2774,0.9073540014419611,6457.638428262437,male,55-59,302,0.04243360966699452,0.03850230552697376,0.01101816223882753,0.00046754039569002584
2019,E02005570,E07000147,7365,228441,2562,2824,0.9072237960339944,6681.703257790368,female,55-59,278,0.03774609640190088,0.034244156863197615,0.011215149644766045,0.00042332811965308355
2019,E02005570,E07000147,7365,228441,2562,2824,0.9072237960339944,6681.703257790368,male,55-59,242,0.0328581126951799,0.029809661729833892,0.011215149644766045,0.00036850865092102956
2019,E02005521,E07000144,8781,228441,2751,2985,0.9216080402010051,8092.640201005025,female,55-59,356,0.040542079489807537,0.03736390642427489,0.012042496749707803,0.0004882278604824026
2019,E02005521,E07000144,8781,228441,2751,2985,0.9216080402010051,8092.640201005025,male,55-59,369,0.042022548684660065,0.03872831873752088,0.012042496749707803,0.0005060564059494567
2019,E02003746,E07000010,7756,228441,12,3266,0.003674219228413962,28.49724433557869,female,55-59,261,0.03365136668385766,0.0001236424985322388,5.252997491693698e-05,1.7677054478236917e-06
2019,E02003746,E07000010,7756,228441,12,3266,0.003674219228413962,28.49724433557869,male,55-59,267,0.03442496132026818,0.00012648485482033624,5.252997491693698e-05,1.8083423546702131e-06
2019,E02003751,E07000010,7027,228441,8,3191,0.0025070510811657787,17.617047947351928,female,55-59,281,0.03998861534082823,0.00010025350132454586,3.501998327795798e-05,1.4004006405444988e-06
2019,E02003751,E07000010,7027,228441,8,3191,0.0025070510811657787,17.617047947351928,male,55-59,286,0.040700156539063614,0.00010203737145487588,3.501998327795798e-05,1.4253188014082799e-06
2019,E02005575,E07000147,7169,228441,2376,2621,0.9065242273941244,6498.872186188478,female,55-59,360,0.05021620867624494,0.04552220977289507,0.010400935033553521,0.0005222955240729903
2019,E02005575,E07000147,7169,228441,2376,2621,0.9065242273941244,6498.872186188478,male,55-59,287,0.04003347747245083,0.036291317235613574,0.010400935033553521,0.0004163855983581895
2019,E02005468,E07000140,7623,228441,12,2918,0.00411240575736806,31.348869088416723,female,55-59,323,0.04237176964449692,0.00017424990943590234,5.252997491693698e-05,2.2257879966116548e-06
2019,E02005468,E07000140,7623,228441,12,2918,0.00411240575736806,31.348869088416723,male,55-59,314,0.04119113210022301,0.00016939464880146542,5.252997491693698e-05,2.163769136024952e-06
2019,E02003750,E07000010,7481,228441,9,3479,0.0025869502730669733,19.352974992814026,female,55-59,245,0.03274963240208528,8.472167048541752e-05,3.939748118770273e-05,1.2902530264653347e-06
2019,E02003750,E07000010,7481,228441,9,3479,0.0025869502730669733,19.352974992814026,male,55-59,255,0.03408635209196632,8.817969785216926e-05,3.939748118770273e-05,1.3429164153006546e-06
2019,E02005508,E07000143,7007,228441,2441,2632,0.9274316109422492,6498.51329787234,female,55-59,312,0.04452690166975881,0.04129565614585154,0.01068547239768693,0.00047579097874672784
2019,E02005508,E07000143,7007,228441,2441,2632,0.9274316109422492,6498.51329787234,male,55-59,307,0.04381332952761524,0.04063386678453982,0.01068547239768693,0.0004681661233180944
2019,E02003753,E07000011,11314,228441,11,3948,0.002786220871327254,31.523302938196554,female,55-59,368,0.03252607389075482,9.062482593675354e-05,4.815247700719223e-05,1.566211025158807e-06
2019,E02003753,E07000011,11314,228441,11,3948,0.002786220871327254,31.523302938196554,male,55-59,363,0.03208414353897826,8.93935103669607e-05,4.815247700719223e-05,1.544930984056106e-06
2019,E02005599,E07000149,6569,228441,2263,2427,0.9324268644416975,6125.1120725175115,female,55-59,196,0.029837113715938498,0.0278209263861429,0.009906277769752366,0.0002955747363177749
2019,E02005599,E07000149,6569,228441,2263,2427,0.9324268644416975,6125.1120725175115,male,55-59,181,0.02755366113563708,0.025691773856591146,0.009906277769752366,0.00027295422078325133
2019,E02003245,E06000031,7836,228441,8,2848,0.0028089887640449437,22.01123595505618,female,55-59,190,0.024247064828994386,6.810973266571456e-05,3.501998327795798e-05,8.491318048509465e-07
2019,E02003245,E06000031,7836,228441,8,2848,0.0028089887640449437,22.01123595505618,male,55-59,193,0.024629913221031138,6.918514949727847e-05,3.501998327795798e-05,8.625391491380666e-07
2019,E02005526,E07000144,5348,228441,1968,2102,0.9362511893434824,5007.071360608944,female,55-59,184,0.0344053851907255,0.03221208280463739,0.008614915886377665,0.00029639949945652397
2019,E02005526,E07000144,5348,228441,1968,2102,0.9362511893434824,5007.071360608944,male,55-59,176,0.032909498878085267,0.03081155746530533,0.008614915886377665,0.00028351256469754467
2019,E02005528,E07000144,8597,228441,2743,2924,0.9380984952120383,8064.832763337893,female,55-59,264,0.030708386646504594,0.02880749130347541,0.012007476766429845,0.0003687302391924484
2019,E02005528,E07000144,8597,228441,2743,2924,0.9380984952120383,8064.832763337893,male,55-59,271,0.03152262417122252,0.029571326300158473,0.012007476766429845,0.00037850717735285423
2019,E02005530,E07000144,5483,228441,2031,2157,0.9415855354659249,5162.713490959666,female,55-59,207,0.03775305489695422,0.0355477304106231,0.008890698254691583,0.0003356510192816264
2019,E02005530,E07000144,5483,228441,2031,2157,0.9415855354659249,5162.713490959666,male,55-59,194,0.03538209009666241,0.03331526424956948,0.008890698254691583,0.0003145714866697368
2019,E02005581,E07000147,8362,228441,2689,2942,0.9140040788579198,7642.9021074099255,female,55-59,349,0.041736426692178905,0.03814726423360608,0.011771091879303627,0.0004912833133074582
2019,E02005581,E07000147,8362,228441,2689,2942,0.9140040788579198,7642.9021074099255,male,55-59,378,0.04520449653193016,0.04131709421290286,0.011771091879303627,0.0005321062820350122
2019,E02006274,E07000245,6820,228441,80,2816,0.028409090909090908,193.75,female,55-59,230,0.03372434017595308,0.0009580778459077578,0.0003501998327795799,1.1810258290220435e-05
2019,E02006274,E07000245,6820,228441,80,2816,0.028409090909090908,193.75,male,55-59,231,0.03387096774193549,0.0009622434017595308,0.0003501998327795799,1.1861607239308352e-05
2019,E02005586,E07000148,9889,228441,3031,3232,0.937809405940594,9273.997215346535,female,55-59,223,0.02255030842350086,0.021147891346420516,0.013268196164436332,0.00029920191573155045
2019,E02005586,E07000148,9889,228441,3031,3232,0.937809405940594,9273.997215346535,male,55-59,269,0.027201941551218526,0.025510236646579008,0.013268196164436332,0.00036092069655509895
2019,E02006908,E07000148,5715,228441,1741,1868,0.9320128479657388,5326.453426124197,female,55-59,151,0.02642169728783902,0.024625361337327484,0.007621223860865606,0.00020136566981464682
2019,E02006908,E07000148,5715,228441,1741,1868,0.9320128479657388,5326.453426124197,male,55-59,174,0.030446194225721784,0.02837624419003299,0.007621223860865606,0.0002320372619056195
2019,E02006281,E07000245,8800,228441,31,4082,0.007594316511513963,66.82998530132288,female,55-59,275,0.03125,0.00023732239098481136,0.0001357024352020872,4.240701100065225e-06
2019,E02006281,E07000245,8800,228441,31,4082,0.007594316511513963,66.82998530132288,male,55-59,255,0.028977272727272727,0.00022006258073137053,0.0001357024352020872,3.9322864746059355e-06
2019,E02006316,E07000244,7206,228441,1008,3252,0.30996309963099633,2233.5940959409595,female,55-59,289,0.040105467665834026,0.012431215069852614,0.0044125178930227065,0.00017696609368353624
2019,E02006316,E07000244,7206,228441,1008,3252,0.30996309963099633,2233.5940959409595,male,55-59,253,0.03510963086316958,0.010882690009248136,0.0044125178930227065,0.00015492187440115804
2019,E02006307,E07000244,7303,228441,507,3269,0.15509330070357907,1132.646375038238,female,55-59,263,0.036012597562645486,0.005585312622900355,0.0022193914402405873,7.992605077136443e-05
2019,E02006307,E07000244,7303,228441,507,3269,0.15509330070357907,1132.646375038238,male,55-59,251,0.034369437217581816,0.005330469461399198,0.0022193914402405873,7.627923476658735e-05
2019,E02006302,E07000244,6742,228441,476,3081,0.15449529373580007,1041.607270366764,female,55-59,233,0.034559477899733015,0.005339276689475143,0.0020836890050385,7.201120411954472e-05
2019,E02006302,E07000244,6742,228441,476,3081,0.15449529373580007,1041.607270366764,male,55-59,268,0.03975081578166716,0.006141313960426345,0.0020836890050385,8.282833778557075e-05
2019,E02006907,E07000148,6796,228441,1842,1988,0.9265593561368209,6296.897384305835,female,55-59,134,0.01971748087110065,0.018269416380567102,0.008063351149749825,0.0001589889720521596
2019,E02006907,E07000148,6796,228441,1842,1988,0.9265593561368209,6296.897384305835,male,55-59,184,0.02707474985285462,0.025086362791226464,0.008063351149749825,0.0002183132153552042
2019,E02006304,E07000244,7774,228441,519,3641,0.14254325734688272,1108.1312826146664,female,55-59,289,0.03717519938255724,0.0052990740125095324,0.0022719214151575243,8.445913158998258e-05
2019,E02006304,E07000244,7774,228441,519,3641,0.14254325734688272,1108.1312826146664,male,55-59,251,0.03228711088242861,0.004602309955501359,0.0022719214151575243,7.335377864735512e-05
2019,E02006309,E07000244,6899,228441,465,3371,0.1379412637199644,951.6567784040344,female,55-59,280,0.04058559211479924,0.00559842786513843,0.002035536528031308,8.261345526145328e-05
2019,E02006309,E07000244,6899,228441,465,3371,0.1379412637199644,951.6567784040344,male,55-59,199,0.02884476011016089,0.003978882661294813,0.002035536528031308,5.871456284653287e-05
2019,E02006825,E07000009,6602,228441,13,2349,0.005534269902085994,36.53724989357173,female,55-59,243,0.036807028173280826,0.0002037000282046193,5.690747282668173e-05,2.0945949556018875e-06
2019,E02006825,E07000009,6602,228441,13,2349,0.005534269902085994,36.53724989357173,male,55-59,228,0.034534989397152376,0.00019112595238951932,5.690747282668173e-05,1.9652989706881905e-06
2019,E02005608,E07000149,7756,228441,2353,3208,0.7334788029925187,5688.861596009975,female,55-59,309,0.039840123775141824,0.02922188629766481,0.010300252581629392,0.00041036333776733907
2019,E02005608,E07000149,7756,228441,2353,3208,0.7334788029925187,5688.861596009975,male,55-59,298,0.03842186694172254,0.02818162497315247,0.010300252581629392,0.00039575493415749854
2019,E02005587,E07000148,9985,228441,3668,3934,0.9323843416370107,9309.857651245551,female,55-59,318,0.03184777165748623,0.029694363609471145,0.016056662332943734,0.0005113689155609521
2019,E02005587,E07000148,9985,228441,3668,3934,0.9323843416370107,9309.857651245551,male,55-59,309,0.030946419629444166,0.028853957092221962,0.016056662332943734,0.0004968962104035668
2019,E02006308,E07000244,7736,228441,477,3755,0.12703062583222371,982.7089214380827,female,55-59,248,0.03205791106514995,0.004072336505479768,0.0020880665029482447,6.693905024963349e-05
2019,E02006308,E07000244,7736,228441,477,3755,0.12703062583222371,982.7089214380827,male,55-59,317,0.04097724922440538,0.005205365613859219,0.0020880665029482447,8.55632214884428e-05
2019,E02006305,E07000244,10024,228441,525,4350,0.1206896551724138,1209.7931034482758,female,55-59,339,0.03381883479648843,0.0040815835099210175,0.002298186402615993,7.772198628160631e-05
2019,E02006305,E07000244,10024,228441,525,4350,0.1206896551724138,1209.7931034482758,male,55-59,332,0.03312051077414206,0.003997303024465422,0.002298186402615993,7.611710750882978e-05
2019,E02006314,E07000244,7383,228441,1607,3302,0.4866747425802544,3593.119624470018,female,55-59,248,0.03359068129486659,0.01634773617227456,0.00703463914095981,0.00023629832140837506
2019,E02006314,E07000244,7383,228441,1607,3302,0.4866747425802544,3593.119624470018,male,55-59,262,0.035486929432480024,0.017270592246515868,0.00703463914095981,0.0002496377427782027
2019,E02006279,E07000245,8825,228441,36,4024,0.008946322067594433,78.95129224652088,female,55-59,320,0.036260623229461754,0.00032439921378246104,0.00015758992475081092,5.714308886148384e-06
2019,E02006279,E07000245,8825,228441,36,4024,0.008946322067594433,78.95129224652088,male,55-59,320,0.036260623229461754,0.00032439921378246104,0.00015758992475081092,5.714308886148384e-06
2019,E02006315,E07000244,5848,228441,517,2641,0.19575918212798182,1144.7996970844376,female,55-59,256,0.04377564979480164,0.008569485400951324,0.002263166419338035,9.907158060029701e-05
2019,E02006315,E07000244,5848,228441,517,2641,0.19575918212798182,1144.7996970844376,male,55-59,206,0.03522571819425445,0.00689575778357802,0.002263166419338035,7.972166251430151e-05
2019,E02006276,E07000245,6874,228441,26,2902,0.00895933838731909,61.586492074431426,female,55-59,244,0.03549607215594996,0.0003180213218658508,0.00011381494565336345,4.039983523337312e-06
2019,E02006276,E07000245,6874,228441,26,2902,0.00895933838731909,61.586492074431426,male,55-59,263,0.03826011056153622,0.00034278527725704406,0.00011381494565336345,4.354572404252922e-06
2019,E02006278,E07000245,8793,228441,28,3456,0.008101851851851851,71.23958333333333,female,55-59,283,0.03218469236892983,0.0002607556094704963,0.00012256994147285294,3.944875859981506e-06
2019,E02006278,E07000245,8793,228441,28,3456,0.008101851851851851,71.23958333333333,male,55-59,272,0.03093369725918344,0.0002506202324239399,0.00012256994147285294,3.7915414625970658e-06
2019,E02006277,E07000245,7994,228441,17,2787,0.006099748833871547,48.76139217796914,female,55-59,261,0.0326494871153365,0.00019915367095827793,7.441746446566072e-05,2.4296920472276014e-06
2019,E02006277,E07000245,7994,228441,17,2787,0.006099748833871547,48.76139217796914,male,55-59,244,0.030522892169126844,0.00018618197591501845,7.441746446566072e-05,2.2714362433851906e-06
2019,E02006275,E07000245,7142,228441,24,3181,0.007544797233574348,53.88494184218799,female,55-59,227,0.031783814057686925,0.0002398024323748778,0.00010505994983387396,3.339205910429766e-06
2019,E02006275,E07000245,7142,228441,24,3181,0.007544797233574348,53.88494184218799,male,55-59,228,0.03192383085970316,0.00024085883075538383,0.00010505994983387396,3.3539160686254915e-06
2019,E02005550,E07000145,7234,228441,448,3415,0.13118594436310396,948.999121522694,female,55-59,273,0.03773845728504285,0.004950755157745007,0.001961119063565647,7.400960801125541e-05
2019,E02005550,E07000145,7234,228441,448,3415,0.13118594436310396,948.999121522694,male,55-59,256,0.03538844346143213,0.004642466375028285,0.001961119063565647,6.940095110212962e-05
2019,E02003758,E07000011,9606,228441,8,3798,0.00210637177461822,20.23380726698262,female,55-59,347,0.03612325629814699,7.608900747371667e-05,3.501998327795798e-05,1.265035831506498e-06
2019,E02003758,E07000011,9606,228441,8,3798,0.00210637177461822,20.23380726698262,male,55-59,344,0.035810951488652924,7.543117743792085e-05,3.501998327795798e-05,1.25409892230039e-06
2019,E02003775,E07000012,6886,228441,8,2586,0.0030935808197989174,21.302397525135344,female,55-59,264,0.038338658146964855,0.00011860373750027797,3.501998327795798e-05,1.3426191672060567e-06
2019,E02003775,E07000012,6886,228441,8,2586,0.0030935808197989174,21.302397525135344,male,55-59,262,0.038048213767063604,0.00011770522433739709,3.501998327795798e-05,1.332447809878738e-06
2019,E02005531,E07000144,5447,228441,1858,1969,0.9436262061960387,5139.931945149822,female,55-59,181,0.03322930053240316,0.0313560387959396,0.008133391116305741,0.0002702668977513015
2019,E02005531,E07000144,5447,228441,1858,1969,0.9436262061960387,5139.931945149822,male,55-59,208,0.03818615751789976,0.03603345894782009,0.008133391116305741,0.0003105829543219376
2019,E02005536,E07000144,6216,228441,2430,2679,0.9070548712206047,5638.253079507279,female,55-59,255,0.041023166023166024,0.037210262574204345,0.010637319920679738,0.00043637654114757617
2019,E02005536,E07000144,6216,228441,2430,2679,0.9070548712206047,5638.253079507279,male,55-59,231,0.037162162162162164,0.03370812021427923,0.010637319920679738,0.0003953058078630984
2019,E02005582,E07000147,6991,228441,2342,3094,0.7569489334195216,5291.8299935358755,female,55-59,259,0.03704763267057645,0.02804316603571107,0.0102521001046222,0.0003798160387780217
2019,E02005582,E07000147,6991,228441,2342,3094,0.7569489334195216,5291.8299935358755,male,55-59,312,0.04462880846803032,0.03378172896965967,0.0102521001046222,0.0004575390119642578
2019,E02005522,E07000144,5534,228441,1858,1985,0.9360201511335012,5179.935516372796,female,55-59,212,0.03830863751355258,0.035857656675154004,0.008133391116305741,0.00031157913203050543
2019,E02005522,E07000144,5534,228441,1858,1985,0.9360201511335012,5179.935516372796,male,55-59,196,0.035417419588001445,0.03315141843551974,0.008133391116305741,0.0002880637258395239
2019,E02005549,E07000145,5270,228441,397,2637,0.15054986727341677,793.3978005309064,female,55-59,220,0.04174573055028463,0.0062848141935771705,0.001737866670168665,7.254851374518146e-05
2019,E02005549,E07000145,5270,228441,397,2637,0.15054986727341677,793.3978005309064,male,55-59,204,0.03870967741935484,0.005827736797680649,0.001737866670168665,6.727225820007736e-05
2019,E02005606,E07000149,5848,228441,1025,2229,0.4598474652310453,2689.187976671153,female,55-59,258,0.04411764705882353,0.020287388171957882,0.004486935357488367,0.00019795303047742796
2019,E02005606,E07000149,5848,228441,1025,2229,0.4598474652310453,2689.187976671153,male,55-59,231,0.039500683994528045,0.018164289409776244,0.004486935357488367,0.00017723701566002271
2019,E02005529,E07000144,5904,228441,2426,2537,0.9562475364603863,5645.685455262121,female,55-59,234,0.039634146341463415,0.037900054798734824,0.010619809929040758,0.0004209071008461276
2019,E02005529,E07000144,5904,228441,2426,2537,0.9562475364603863,5645.685455262121,male,55-59,214,0.036246612466124664,0.034660733875766035,0.010619809929040758,0.00038493213496184324
2019,E02006310,E07000244,8522,228441,490,3371,0.14535746069415603,1238.7362800355977,female,55-59,297,0.03485097394977705,0.005065849076057773,0.0021449739757749267,7.475443215268168e-05
2019,E02006310,E07000244,8522,228441,490,3371,0.14535746069415603,1238.7362800355977,male,55-59,267,0.03133067355080967,0.0045541471491832505,0.0021449739757749267,6.720347940998656e-05
2019,E02005541,E07000145,5924,228441,391,2884,0.1355755894590846,803.1497919556172,female,55-59,196,0.03308575286968265,0.004485620448004825,0.0017116016827101964,5.6629630285482534e-05
2019,E02005541,E07000145,5924,228441,391,2884,0.1355755894590846,803.1497919556172,male,55-59,198,0.033423362592842676,0.004531392085229364,0.0017116016827101964,5.7207483655742554e-05
2019,E02005537,E07000144,6050,228441,1455,2548,0.5710361067503925,3454.768445839875,female,55-59,243,0.04016528925619835,0.02293583040336287,0.0063692594586786085,0.0002558231485056036
2019,E02005537,E07000144,6050,228441,1455,2548,0.5710361067503925,3454.768445839875,male,55-59,226,0.037355371900826446,0.021331266136460945,0.0063692594586786085,0.00023792605581179595
2019,E02005546,E07000145,7892,228441,496,3877,0.12793396956409595,1009.6548877998453,female,55-59,271,0.0343385707045109,0.0043930696593854545,0.002171238963233395,7.455724265537889e-05
2019,E02005546,E07000145,7892,228441,496,3877,0.12793396956409595,1009.6548877998453,male,55-59,267,0.0338317283324886,0.004328227302789358,0.002171238963233395,7.345676674902642e-05
2019,E02005543,E07000145,9707,228441,592,4599,0.12872363557295063,1249.5203305066318,female,55-59,310,0.03193571649325229,0.0041108815316384766,0.0025914787625688908,8.276073105968436e-05
2019,E02005543,E07000145,9707,228441,592,4599,0.12872363557295063,1249.5203305066318,male,55-59,263,0.027093849799114042,0.0034876188478094178,0.0025914787625688908,7.021313635063545e-05
2019,E02005484,E07000141,7211,228441,9,2876,0.003129346314325452,22.565716272600834,female,55-59,305,0.0422964914713632,0.00013236036969480834,3.939748118770273e-05,1.6663752270488605e-06
2019,E02005484,E07000141,7211,228441,9,2876,0.003129346314325452,22.565716272600834,male,55-59,325,0.04507003189571488,0.00014103973819938593,3.939748118770273e-05,1.775645733740589e-06
2019,E02005539,E07000145,7534,228441,806,3487,0.23114425007169487,1741.440780040149,female,55-59,297,0.03942129015131404,0.009112004548884174,0.003528263315254267,0.00013908869188087566
2019,E02005539,E07000145,7534,228441,806,3487,0.23114425007169487,1741.440780040149,male,55-59,311,0.04127953278470932,0.009541526648831577,0.003528263315254267,0.0001456450611951257
2019,E02005545,E07000145,6351,228441,437,2936,0.14884196185286103,945.2952997275204,female,55-59,229,0.036057313808849,0.0053668413264533425,0.001912966586558455,6.897643651738092e-05
2019,E02005545,E07000145,6351,228441,437,2936,0.14884196185286103,945.2952997275204,male,55-59,225,0.03542749173358526,0.005273097373152846,0.001912966586558455,6.777160793192447e-05
2019,E02005533,E07000144,8917,228441,2992,3481,0.8595231255386383,7664.367710428038,female,55-59,345,0.03869014242458226,0.03325507214431202,0.013097473745956286,0.0005067431246332756
2019,E02005533,E07000144,8917,228441,2992,3481,0.8595231255386383,7664.367710428038,male,55-59,325,0.0364472356173601,0.03132724187507654,0.013097473745956286,0.0004773667116110568
2019,E02005583,E07000147,8736,228441,3117,4005,0.7782771535580524,6799.029213483145,female,55-59,359,0.041094322344322344,0.03198277222153626,0.01364466098467438,0.0005607180967832077
2019,E02005583,E07000147,8736,228441,3117,4005,0.7782771535580524,6799.029213483145,male,55-59,319,0.03651556776556777,0.028419232141142253,0.01364466098467438,0.0004982425428240759
2019,E02003785,E07000012,9173,228441,8,3105,0.0025764895330112722,23.6341384863124,female,55-59,311,0.033903848250299795,8.735291014569996e-05,3.501998327795798e-05,1.1873121987839237e-06
2019,E02003785,E07000012,9173,228441,8,3105,0.0025764895330112722,23.6341384863124,male,55-59,269,0.029325193502670883,7.55560541131617e-05,3.501998327795798e-05,1.0269677860864163e-06
2019,E02003254,E06000031,8600,228441,8,3068,0.002607561929595828,22.42503259452412,female,55-59,355,0.04127906976744186,0.0001076377308147115,3.501998327795798e-05,1.4455923329854749e-06
2019,E02003254,E06000031,8600,228441,8,3068,0.002607561929595828,22.42503259452412,male,55-59,319,0.037093023255813956,9.672235529547315e-05,3.501998327795798e-05,1.2989970541475113e-06
2019,E02003726,E07000008,8442,228441,9,2085,0.004316546762589928,36.44028776978417,female,55-59,189,0.022388059701492536,9.663910662514763e-05,3.939748118770273e-05,8.820331609187178e-07
2019,E02003726,E07000008,8442,228441,9,2085,0.004316546762589928,36.44028776978417,male,55-59,173,0.020492774224117508,8.845801823360074e-05,3.939748118770273e-05,8.07363686978509e-07
2019,E02005544,E07000145,7497,228441,439,3315,0.13242835595776772,992.8153846153846,female,55-59,269,0.03588101907429639,0.004751664366098376,0.0019217215823779444,6.895332875279006e-05
2019,E02005544,E07000145,7497,228441,439,3315,0.13242835595776772,992.8153846153846,male,55-59,232,0.030945711617980525,0.0040980897135123534,0.0019217215823779444,5.9469041898317074e-05
2019,E02005446,E07000138,10958,228441,11,1999,0.005502751375687844,60.29914957478739,female,55-59,141,0.012867311553203139,7.080561635079265e-05,4.815247700719223e-05,6.195929237099931e-07
2019,E02005446,E07000138,10958,228441,11,1999,0.005502751375687844,60.29914957478739,male,55-59,147,0.013414856725679868,7.381862130189022e-05,4.815247700719223e-05,6.459585800380779e-07
2019,E02005593,E07000148,12414,228441,2398,2647,0.9059312429165093,11246.230449565546,female,60-64,136,0.010955372966006122,0.009924814647707851,0.010497239987567906,0.00011500117917747988
2019,E02005593,E07000148,12414,228441,2398,2647,0.9059312429165093,11246.230449565546,male,60-64,109,0.008780409215401965,0.007954447033824674,0.010497239987567906,9.217006272312725e-05
2019,E02006287,E07000244,6179,228441,545,2715,0.2007366482504604,1240.3517495395947,female,60-64,325,0.05259750768732804,0.010558247399482057,0.0023857363608108875,0.0001254837865776887
2019,E02006287,E07000244,6179,228441,545,2715,0.2007366482504604,1240.3517495395947,male,60-64,304,0.0491988994983007,0.00987602218290014,0.0023857363608108875,0.0001173756034449765
2019,E02006233,E07000200,11790,228441,40,5050,0.007920792079207921,93.38613861386139,female,60-64,327,0.027735368956743004,0.00021968609074647923,0.00017509991638978994,4.8564607853656755e-06
2019,E02006233,E07000200,11790,228441,40,5050,0.007920792079207921,93.38613861386139,male,60-64,322,0.02731128074639525,0.0002163269762090713,0.00017509991638978994,4.7822029751918886e-06
2019,E02006288,E07000244,9562,228441,114,3453,0.03301476976542137,315.68722849695916,female,60-64,384,0.04015896256013386,0.0013258389029409963,0.0004990347617109013,2.0040718311753406e-05
2019,E02006288,E07000244,9562,228441,114,3453,0.03301476976542137,315.68722849695916,male,60-64,326,0.03409328592344698,0.0011255819853092834,0.0004990347617109013,1.7013734816748988e-05
2019,E02006311,E07000244,8471,228441,917,3751,0.24446814182884563,2070.889629432151,female,60-64,298,0.035178845472789516,0.008600106984416952,0.004014165583235934,0.0001412137107548469
2019,E02006311,E07000244,8471,228441,917,3751,0.24446814182884563,2070.889629432151,male,60-64,230,0.02715145791524023,0.006637666464482882,0.004014165583235934,0.0001089904478980362
2019,E02006256,E07000202,9754,228441,48,4135,0.011608222490931077,113.22660217654172,female,60-64,219,0.02245232725035883,0.00026063161016136007,0.00021011989966774792,4.71768074915284e-06
2019,E02006256,E07000202,9754,228441,48,4135,0.011608222490931077,113.22660217654172,male,60-64,223,0.022862415419315153,0.00026539200486750357,0.00021011989966774792,4.803848434068873e-06
2019,E02006251,E07000202,10928,228441,70,3797,0.018435607058203844,201.4643139320516,female,60-64,209,0.019125183016105416,0.0003525843590011533,0.0003064248536821324,5.8604314073541054e-06
2019,E02006251,E07000202,10928,228441,70,3797,0.018435607058203844,201.4643139320516,male,60-64,256,0.02342606149341142,0.0004318736646138529,0.0003064248536821324,7.1783274654672305e-06
2019,E02004577,E07000076,5680,228441,11,2201,0.004997728305315766,28.387096774193548,female,60-64,203,0.03573943661971831,0.00017861599401040502,4.815247700719223e-05,1.72094240008099e-06
2019,E02004577,E07000076,5680,228441,11,2201,0.004997728305315766,28.387096774193548,male,60-64,246,0.043309859154929575,0.00021645090899783068,4.815247700719223e-05,2.0854769971424803e-06
2019,E02005542,E07000145,7554,228441,451,3494,0.12907842014882656,975.0583858042359,female,60-64,219,0.028991262907069104,0.0037421464141637567,0.0019742515572948815,5.723604594222651e-05
2019,E02005542,E07000145,7554,228441,451,3494,0.12907842014882656,975.0583858042359,male,60-64,234,0.030976965845909452,0.003998457812394151,0.0019742515572948815,6.115632306155709e-05
2019,E02005611,E07000149,11199,228441,3134,4161,0.753184330689738,8434.911319394376,female,60-64,309,0.02759174926332708,0.02078167320145808,0.01371907844914004,0.0003785333726925861
2019,E02005611,E07000149,11199,228441,3134,4161,0.753184330689738,8434.911319394376,male,60-64,281,0.025091526029109742,0.01889854423821916,0.01371907844914004,0.0003442326140019958
2019,E02005595,E07000148,8952,228441,3128,3359,0.9312295325989878,8336.366775826138,female,60-64,283,0.0316130473637176,0.029439003320544405,0.013692813461681571,0.0004328715605066895
2019,E02005595,E07000148,8952,228441,3128,3359,0.9312295325989878,8336.366775826138,male,60-64,280,0.03127792672028597,0.029126929080397292,0.013692813461681571,0.0004282828160490214
2019,E02006293,E07000244,11451,228441,88,4406,0.01997276441216523,228.70812528370405,female,60-64,376,0.03283556021308183,0.0006558169084773493,0.00038521981605753786,1.264890846542959e-05
2019,E02006293,E07000244,11451,228441,88,4406,0.01997276441216523,228.70812528370405,male,60-64,374,0.03266090297790586,0.0006523285206662996,0.00038521981605753786,1.2581627037421986e-05
2019,E02004521,E07000071,9189,228441,8,3522,0.002271436683702442,20.87223168654174,female,60-64,275,0.029927086734138644,6.797748264426722e-05,3.501998327795798e-05,1.0480460769875335e-06
2019,E02004521,E07000071,9189,228441,8,3522,0.002271436683702442,20.87223168654174,male,60-64,231,0.02513875285667646,5.710108542118446e-05,3.501998327795798e-05,8.803587046695281e-07
2019,E02004507,E07000071,9933,228441,11,3434,0.00320326150262085,31.817996505532903,female,60-64,244,0.02456458270411759,7.868678210404586e-05,4.815247700719223e-05,1.182845503851294e-06
2019,E02004507,E07000071,9933,228441,11,3434,0.00320326150262085,31.817996505532903,male,60-64,228,0.02295379039565086,7.352699311361661e-05,4.815247700719223e-05,1.105281864254488e-06
2019,E02004446,E07000067,6867,228441,9,2535,0.0035502958579881655,24.379881656804734,female,60-64,255,0.03713411970292704,0.0001318371113713386,3.939748118770273e-05,1.4629907824179695e-06
2019,E02004446,E07000067,6867,228441,9,2535,0.0035502958579881655,24.379881656804734,male,60-64,301,0.04383282364933741,0.00015561949224616832,3.939748118770273e-05,1.726902845128662e-06
2019,E02004589,E07000076,7733,228441,9,3538,0.002543810062182024,19.67128321085359,female,60-64,264,0.034139402560455195,8.684415575016867e-05,3.939748118770273e-05,1.345006470134944e-06
2019,E02004589,E07000076,7733,228441,9,3538,0.002543810062182024,19.67128321085359,male,60-64,247,0.03194103194103194,8.125191844807448e-05,3.939748118770273e-05,1.2583962050126178e-06
2019,E02004522,E07000071,12010,228441,9,2824,0.003186968838526912,38.27549575070822,female,60-64,267,0.022231473771856785,7.085101414543592e-05,3.939748118770273e-05,8.758640697016343e-07
2019,E02004522,E07000071,12010,228441,9,2824,0.003186968838526912,38.27549575070822,male,60-64,233,0.019400499583680265,6.182878762504334e-05,3.939748118770273e-05,7.643308173800779e-07
2019,E02004526,E07000071,7285,228441,8,3181,0.002514932411191449,18.321282615529707,female,60-64,267,0.036650652024708304,9.217391266823842e-05,3.501998327795798e-05,1.2835052210315417e-06
2019,E02004526,E07000071,7285,228441,8,3181,0.002514932411191449,18.321282615529707,male,60-64,217,0.029787234042553193,7.491288033336231e-05,3.501998327795798e-05,1.0431484380668336e-06
2019,E02006235,E07000200,8200,228441,24,2985,0.008040201005025126,65.92964824120604,female,60-64,323,0.039390243902439025,0.0003167054786125751,0.00010505994983387396,4.138337048334304e-06
2019,E02006235,E07000200,8200,228441,24,2985,0.008040201005025126,65.92964824120604,male,60-64,286,0.03487804878048781,0.00028042652285819344,0.00010505994983387396,3.664286055181458e-06
2019,E02004513,E07000071,13590,228441,10,3781,0.0026448029621793175,35.942872256016926,female,60-64,183,0.013465783664459162,3.561434452382746e-05,4.3774979097447484e-05,5.894643984424496e-07
2019,E02004513,E07000071,13590,228441,10,3781,0.0026448029621793175,35.942872256016926,male,60-64,185,0.013612950699043414,3.600357233283103e-05,4.3774979097447484e-05,5.959066323052085e-07
2019,E02004582,E07000076,7003,228441,9,3302,0.0027256208358570565,19.087522713506967,female,60-64,302,0.0431243752677424,0.0001175406957630774,3.939748118770273e-05,1.698991763342314e-06
2019,E02004582,E07000076,7003,228441,9,3302,0.0027256208358570565,19.087522713506967,male,60-64,241,0.034413822647436816,9.379903204934324e-05,3.939748118770273e-05,1.3558179303493302e-06
2019,E02004520,E07000071,9529,228441,11,3753,0.002930988542499334,27.929389821476153,female,60-64,153,0.016056249344107463,4.706068286309142e-05,4.815247700719223e-05,7.7314817736388e-07
2019,E02004520,E07000071,9529,228441,11,3753,0.002930988542499334,27.929389821476153,male,60-64,149,0.015636478119424913,4.5830338213075954e-05,4.815247700719223e-05,7.529351531190726e-07
2019,E02004579,E07000076,7266,228441,8,3141,0.0025469595670168737,18.506208213944603,female,60-64,335,0.046105147261216624,0.00011742794590567749,3.501998327795798e-05,1.6146014861155963e-06
2019,E02004579,E07000076,7266,228441,8,3141,0.0025469595670168737,18.506208213944603,male,60-64,286,0.039361409303605835,0.00010025191799708586,3.501998327795798e-05,1.378435895609136e-06
2019,E02004559,E07000074,7711,228441,8,2504,0.003194888178913738,24.635782747603834,female,60-64,263,0.03410711969913111,0.00010896843354354987,3.501998327795798e-05,1.1944307615228828e-06
2019,E02004559,E07000074,7711,228441,8,2504,0.003194888178913738,24.635782747603834,male,60-64,264,0.034236804564907276,0.00010938276218820215,3.501998327795798e-05,1.1989723233537683e-06
2019,E02004575,E07000076,11687,228441,12,4223,0.0028415818138763913,33.20956665877338,female,60-64,416,0.035595105672969966,0.00010114640494331983,5.252997491693698e-05,1.8698100081668335e-06
2019,E02004575,E07000076,11687,228441,12,4223,0.0028415818138763913,33.20956665877338,male,60-64,385,0.03294258577907076,9.360905265187051e-05,5.252997491693698e-05,1.730473204673632e-06
2019,E02004588,E07000076,7179,228441,8,3751,0.0021327645961077045,15.311117035457212,female,60-64,216,0.030087755954868366,6.417010067687201e-05,3.501998327795798e-05,1.0536727104107708e-06
2019,E02004588,E07000076,7179,228441,8,3751,0.0021327645961077045,15.311117035457212,male,60-64,205,0.0285555091238334,6.090217888314242e-05,3.501998327795798e-05,1.0000134520102223e-06
2019,E02004512,E07000071,11610,228441,14,4353,0.0032161727544222376,37.33976567884218,female,60-64,237,0.02041343669250646,6.565313891456247e-05,6.128497073642647e-05,1.2510368703301526e-06
2019,E02004512,E07000071,11610,228441,14,4353,0.0032161727544222376,37.33976567884218,male,60-64,215,0.018518518518518517,5.955875471152291e-05,6.128497073642647e-05,1.134906865489379e-06
2019,E02004509,E07000071,14885,228441,13,4843,0.0026842865992153624,39.95560602932067,female,60-64,226,0.015183070204904265,4.075571188597057e-05,5.690747282668173e-05,8.640301551111905e-07
2019,E02004509,E07000071,14885,228441,13,4843,0.0026842865992153624,39.95560602932067,male,60-64,265,0.017803157541148806,4.778877721142566e-05,5.690747282668173e-05,1.0131327040020595e-06
2019,E02004585,E07000076,8674,228441,8,4088,0.0019569471624266144,16.974559686888455,female,60-64,267,0.03078164629928522,6.023805538020591e-05,3.501998327795798e-05,1.0779727386689857e-06
2019,E02004585,E07000076,8674,228441,8,4088,0.0019569471624266144,16.974559686888455,male,60-64,226,0.026054876642840674,5.098801691358253e-05,3.501998327795798e-05,9.124413443415384e-07
2019,E02004580,E07000076,12194,228441,9,5534,0.0016263100831225153,19.831225153595952,female,60-64,497,0.04075774971297359,6.628473932359276e-05,3.939748118770273e-05,1.6057526775699735e-06
2019,E02004580,E07000076,12194,228441,9,5534,0.0016263100831225153,19.831225153595952,male,60-64,432,0.03542725930785632,5.7615709029762714e-05,3.939748118770273e-05,1.3957447821131357e-06
2019,E02004590,E07000076,8402,228441,9,4502,0.0019991115059973343,16.796534873389604,female,60-64,343,0.04082361342537491,8.161095531505424e-05,3.939748118770273e-05,1.6083475419402567e-06
2019,E02004590,E07000076,8402,228441,9,4502,0.0019991115059973343,16.796534873389604,male,60-64,320,0.03808616995953344,7.613850058547334e-05,3.939748118770273e-05,1.5004991644923676e-06
2019,E02004595,E07000077,14491,228441,8,5057,0.0015819655922483687,22.924263397271112,female,60-64,423,0.02919053205437858,4.617841732945e-05,3.501998327795798e-05,1.0222519444190343e-06
2019,E02004595,E07000077,14491,228441,8,5057,0.0015819655922483687,22.924263397271112,male,60-64,416,0.02870747360430612,4.541423548239054e-05,3.501998327795798e-05,1.0053352455752205e-06
2019,E02006922,E07000071,13943,228441,14,5702,0.002455278849526482,34.23395299894774,female,60-64,422,0.030266083339310048,7.43116742810138e-05,6.128497073642647e-05,1.854856031755861e-06
2019,E02006922,E07000071,13943,228441,14,5702,0.002455278849526482,34.23395299894774,male,60-64,379,0.027182098544072296,6.673963164100529e-05,6.128497073642647e-05,1.665854113828131e-06
2019,E02004523,E07000071,10335,228441,10,4139,0.0024160425223483935,24.969799468470647,female,60-64,263,0.02544750846637639,6.14822625425861e-05,4.3774979097447484e-05,1.1139641511977444e-06
2019,E02004523,E07000071,10335,228441,10,4139,0.0024160425223483935,24.969799468470647,male,60-64,239,0.02312530237058539,5.587171386949841e-05,4.3774979097447484e-05,1.0123096278945281e-06
2019,E02005579,E07000147,12901,228441,4648,5056,0.9193037974683544,11859.93829113924,female,60-64,414,0.032090535617394,0.02950095125586379,0.02034661028449359,0.0006529336220277766
2019,E02005579,E07000147,12901,228441,4648,5056,0.9193037974683544,11859.93829113924,male,60-64,372,0.028834974033020697,0.026508101128457317,0.02034661028449359,0.0005866939792133645
2019,E02006292,E07000244,6857,228441,50,2404,0.020798668885191347,142.61647254575706,female,60-64,290,0.0422925477614117,0.0008796286972007424,0.0002188748954872374,9.25677697116798e-06
2019,E02006292,E07000244,6857,228441,50,2404,0.020798668885191347,142.61647254575706,male,60-64,288,0.04200087501822955,0.0008735622923924615,0.0002188748954872374,9.192937129987513e-06
2019,E02006250,E07000202,10945,228441,56,4152,0.01348747591522158,147.62042389210018,female,60-64,214,0.01955230698949292,0.0002637112696078043,0.0002451398829457059,4.793050246722801e-06
2019,E02006250,E07000202,10945,228441,56,4152,0.01348747591522158,147.62042389210018,male,60-64,248,0.02265874828688899,0.0003056093217884835,0.0002451398829457059,5.554562902744181e-06
2019,E02005594,E07000148,11105,228441,3270,3517,0.92976969007677,10325.092408302531,female,60-64,290,0.026114362899594776,0.024280343099708536,0.014314418164865327,0.00037381191065384464
2019,E02005594,E07000148,11105,228441,3270,3517,0.92976969007677,10325.092408302531,male,60-64,263,0.023683025664115263,0.022019759431804637,0.014314418164865327,0.0003390087327653832
2019,E02005602,E07000149,12285,228441,3889,4252,0.9146284101599247,11236.210018814674,female,60-64,412,0.03353683353683354,0.030673740739592104,0.017024089370997326,0.0005709340513513145
2019,E02005602,E07000149,12285,228441,3889,4252,0.9146284101599247,11236.210018814674,male,60-64,407,0.03312983312983313,0.030301486604402874,0.017024089370997326,0.0005640052400485072
2019,E02005535,E07000144,7243,228441,2248,2438,0.9220672682526662,6678.533223954061,female,60-64,199,0.027474803258318376,0.025333616786177078,0.009840615301106194,0.00027036896933869015
2019,E02005535,E07000144,7243,228441,2248,2438,0.9220672682526662,6678.533223954061,male,60-64,209,0.02885544663813337,0.026606662855834216,0.009840615301106194,0.0002839553497074685
2019,E02006230,E07000200,11148,228441,70,4587,0.01526051885764116,170.12426422498365,female,60-64,382,0.034266236096160745,0.0005229205421258453,0.0003064248536821324,1.0500026382003459e-05
2019,E02006230,E07000200,11148,228441,70,4587,0.01526051885764116,170.12426422498365,male,60-64,313,0.028076785073555793,0.00042846630807693605,0.0003064248536821324,8.603424758029012e-06
2019,E02006294,E07000244,8228,228441,52,3741,0.013900026730820636,114.36941994119219,female,60-64,279,0.03390860476421974,0.0004713305126274863,0.0002276298913067269,7.718612016842102e-06
2019,E02006294,E07000244,8228,228441,52,3741,0.013900026730820636,114.36941994119219,male,60-64,234,0.028439474963539133,0.00039530946220369816,0.0002276298913067269,6.473674594770794e-06
2019,E02006296,E07000244,13489,228441,80,5153,0.015524936929943722,209.41587424801088,female,60-64,417,0.030914078137741864,0.0004799391133357945,0.0003501998327795799,1.0826104994372067e-05
2019,E02006296,E07000244,13489,228441,80,5153,0.015524936929943722,209.41587424801088,male,60-64,380,0.028171102379716807,0.00043735458769209094,0.0003501998327795799,9.86551534259325e-06
2019,E02006313,E07000244,10033,228441,688,4581,0.1501855490067671,1506.8116131848942,female,60-64,390,0.03887172331306688,0.005837971106612097,0.0030117185619043868,0.00011707069063517501
2019,E02006313,E07000244,10033,228441,688,4581,0.1501855490067671,1506.8116131848942,male,60-64,355,0.035383235323432675,0.00531405062268537,0.0030117185619043868,0.00010656434660381316
2019,E02006295,E07000244,9796,228441,69,4175,0.01652694610778443,161.89796407185628,female,60-64,288,0.02939975500204165,0.0004858881665008081,0.00030204735577238763,8.880118258722708e-06
2019,E02006295,E07000244,9796,228441,69,4175,0.01652694610778443,161.89796407185628,male,60-64,295,0.030114332380563495,0.0004976979483254805,0.00030204735577238763,9.095954466399995e-06
2019,E02005597,E07000149,16660,228441,5376,5722,0.9395316322963999,15652.596994058022,female,60-64,423,0.02539015606242497,0.023854854769590466,0.023533428762787766,0.0005975174289711419
2019,E02005597,E07000149,16660,228441,5376,5722,0.9395316322963999,15652.596994058022,male,60-64,370,0.02220888355342137,0.02086594861642665,0.023533428762787766,0.0005226511790054906
2019,E02006267,E07000203,8615,228441,87,3046,0.02856204858831254,246.06204858831254,female,60-64,352,0.04085896691816599,0.0011670157983849118,0.0003808423181477931,1.5560823678238327e-05
2019,E02006267,E07000203,8615,228441,87,3046,0.02856204858831254,246.06204858831254,male,60-64,314,0.03644805571677307,0.0010410311383319952,0.0003808423181477931,1.3880962031155778e-05
2019,E02005538,E07000145,9068,228441,751,4616,0.1626949740034662,1475.3180242634314,female,60-64,407,0.0448831054256727,0.007302255670424652,0.0032875009302183057,0.00014755325083798529
2019,E02005538,E07000145,9068,228441,751,4616,0.1626949740034662,1475.3180242634314,male,60-64,403,0.04444199382443758,0.007230489029929077,0.0032875009302183057,0.00014610309603859474
2019,E02006271,E07000203,9748,228441,54,3734,0.0144617032672737,140.97268344938402,female,60-64,280,0.028723840787853918,0.0004153956621703566,0.0002363848871262164,6.789881862468259e-06
2019,E02006271,E07000203,9748,228441,54,3734,0.0144617032672737,140.97268344938402,male,60-64,274,0.028108329913828476,0.0004064943265524204,0.0002363848871262164,6.644384393986796e-06
2019,E02006312,E07000244,8830,228441,965,3470,0.2780979827089337,2455.605187319885,female,60-64,315,0.03567383918459796,0.009920822712719605,0.004224285482903682,0.0001506964809869377
2019,E02006312,E07000244,8830,228441,965,3470,0.2780979827089337,2455.605187319885,male,60-64,290,0.03284258210645526,0.009133455830757732,0.004224285482903682,0.00013873644281337118
2019,E02005520,E07000144,8657,228441,3033,3252,0.9326568265682657,8074.010147601476,female,60-64,287,0.03315236225020215,0.030919776969515103,0.013276951160255821,0.0004401622944430427
2019,E02005520,E07000144,8657,228441,3033,3252,0.9326568265682657,8074.010147601476,male,60-64,271,0.031304146933117706,0.029196026337068266,0.013276951160255821,0.0004156236299444758
2019,E02006237,E07000200,7731,228441,59,2944,0.020040760869565216,154.9351222826087,female,60-64,308,0.03983960677790713,0.0007984160325735463,0.00025827237667494014,1.0289469928325127e-05
2019,E02006237,E07000200,7731,228441,59,2944,0.020040760869565216,154.9351222826087,male,60-64,280,0.03621782434355193,0.0007258327568850421,0.00025827237667494014,9.354063571204662e-06
2019,E02005604,E07000149,8600,228441,2789,3152,0.8848350253807107,7609.581218274112,female,60-64,330,0.03837209302325582,0.03395297190414355,0.012208841670278102,0.00046847880827811326
2019,E02005604,E07000149,8600,228441,2789,3152,0.8848350253807107,7609.581218274112,male,60-64,279,0.03244186046511628,0.02870569442804864,0.012208841670278102,0.00039607753790785936
2019,E02006258,E07000202,9082,228441,63,4222,0.014921837991473235,135.52013263855991,female,60-64,254,0.0279674080598987,0.0004173251321112312,0.00027578236831391915,7.712918030360654e-06
2019,E02006258,E07000202,9082,228441,63,4222,0.014921837991473235,135.52013263855991,male,60-64,224,0.024664170887469722,0.00036803476217683385,0.00027578236831391915,6.801943459845617e-06
2019,E02003619,E06000055,11815,228441,9,5224,0.0017228177641653904,20.355091883614087,female,60-64,380,0.03216250528988574,5.54101354534785e-05,3.939748118770273e-05,1.2671216971076631e-06
2019,E02003619,E06000055,11815,228441,9,5224,0.0017228177641653904,20.355091883614087,male,60-64,366,0.030977570884468897,5.33687094104556e-05,3.939748118770273e-05,1.2204382661615911e-06
2019,E02006261,E07000203,8070,228441,1036,3144,0.32951653944020354,2659.1984732824426,female,60-64,296,0.03667905824039653,0.012086356341301145,0.004535087834495559,0.00016634275080677638
2019,E02006261,E07000203,8070,228441,1036,3144,0.32951653944020354,2659.1984732824426,male,60-64,292,0.03618339529120198,0.011923027201553832,0.004535087834495559,0.000164094875795874
2019,E02006306,E07000244,7510,228441,473,3378,0.14002368265245707,1051.5778567199527,female,60-64,222,0.029560585885486018,0.004139182097049996,0.002070556511309266,6.120686358330987e-05
2019,E02006306,E07000244,7510,228441,473,3378,0.14002368265245707,1051.5778567199527,male,60-64,226,0.030093209054593874,0.0042137619546545,0.002070556511309266,6.230968995418031e-05
2019,E02006303,E07000244,8152,228441,445,3523,0.12631280158955435,1029.7019585580472,female,60-64,233,0.028581943081452406,0.0036102653054914335,0.001947986569836413,5.567724126249807e-05
2019,E02006303,E07000244,8152,228441,445,3523,0.12631280158955435,1029.7019585580472,male,60-64,190,0.023307163886162906,0.0029439931675681215,0.001947986569836413,4.54020422312216e-05
2019,E02006228,E07000200,6121,228441,22,2586,0.008507347254447023,52.07347254447023,female,60-64,234,0.03822904754125143,0.00032522778264019005,9.630495401438446e-05,3.6816466654739363e-06
2019,E02006228,E07000200,6121,228441,22,2586,0.008507347254447023,52.07347254447023,male,60-64,228,0.037248815553014215,0.00031688860872633906,9.630495401438446e-05,3.587245468923323e-06
2019,E02006266,E07000203,9653,228441,49,4297,0.011403304631138002,110.07609960437514,female,60-64,375,0.03884802652025277,0.0004429958807289704,0.00021449739757749265,8.332800589615638e-06
2019,E02006266,E07000203,9653,228441,49,4297,0.011403304631138002,110.07609960437514,male,60-64,356,0.036879726509893296,0.0004205507561053692,0.00021449739757749265,7.910605359741778e-06
2019,E02006245,E07000202,7778,228441,49,3627,0.013509787703336091,105.07912875654812,female,60-64,240,0.03085626124967858,0.0004168615388018336,0.00021449739757749265,6.618587737027287e-06
2019,E02006245,E07000202,7778,228441,49,3627,0.013509787703336091,105.07912875654812,male,60-64,220,0.028284906145538698,0.0003821230772350141,0.00021449739757749265,6.0670387589416794e-06
2019,E02006289,E07000244,9527,228441,111,3942,0.02815829528158295,268.26407914764076,female,60-64,393,0.041251180854413774,0.0011615629312125644,0.00048590226798166705,2.0044042334081576e-05
2019,E02006289,E07000244,9527,228441,111,3942,0.02815829528158295,268.26407914764076,male,60-64,338,0.03547811483153144,0.0009990032334601699,0.00048590226798166705,1.7238896460355147e-05
2019,E02006286,E07000245,11775,228441,11,4724,0.0023285351397121083,27.418501270110074,female,60-64,276,0.023439490445859874,5.457967716013095e-05,4.815247700719223e-05,1.1286695247545696e-06
2019,E02006286,E07000245,11775,228441,11,4724,0.0023285351397121083,27.418501270110074,male,60-64,256,0.021740976645435246,5.0624628090556245e-05,4.815247700719223e-05,1.046881878033224e-06
2019,E02006280,E07000245,9789,228441,32,4150,0.0077108433734939755,75.48144578313253,female,60-64,334,0.03411993053427317,0.000263093440264275,0.00014007993311183193,4.779517587021337e-06
2019,E02006280,E07000245,9789,228441,32,4150,0.0077108433734939755,75.48144578313253,male,60-64,318,0.03248544284400858,0.00025049016168874087,0.00014007993311183193,4.550558660696961e-06
2019,E02006290,E07000244,8129,228441,72,3583,0.020094892548144012,163.35138152386267,female,60-64,329,0.04047238282691598,0.0008132881840742257,0.00031517984950162184,1.2756079528359404e-05
2019,E02006290,E07000244,8129,228441,72,3583,0.020094892548144012,163.35138152386267,male,60-64,293,0.03604379382457867,0.000724296163932365,0.00031517984950162184,1.1360277513098191e-05
2019,E02006227,E07000200,6270,228441,24,2589,0.009269988412514484,58.12282734646582,female,60-64,302,0.0481658692185008,0.0004464970495341905,0.00010505994983387396,5.060303803800628e-06
2019,E02006227,E07000200,6270,228441,24,2589,0.009269988412514484,58.12282734646582,male,60-64,237,0.03779904306220096,0.00035039669119073886,0.00010505994983387396,3.9711655678832744e-06
2019,E02006249,E07000202,8185,228441,53,3215,0.016485225505443235,134.93157076205287,female,60-64,270,0.032987171655467315,0.0005438009635271439,0.00023200738921647164,7.653267573420566e-06
2019,E02006249,E07000202,8185,228441,53,3215,0.016485225505443235,134.93157076205287,male,60-64,279,0.034086744043982896,0.0005619276623113821,0.00023200738921647164,7.908376492534586e-06
2019,E02006262,E07000203,9118,228441,277,3705,0.0747638326585695,681.6966261808368,female,60-64,355,0.03893397674928713,0.002910853322416339,0.0012125669209992953,4.721005230914124e-05
2019,E02006262,E07000203,9118,228441,277,3705,0.0747638326585695,681.6966261808368,male,60-64,373,0.0409080938802369,0.0030584458852430827,0.0012125669209992953,4.9603801440308967e-05
2019,E02006268,E07000203,6407,228441,39,3227,0.012085528354508832,77.43198016733808,female,60-64,190,0.029655064772904634,0.000358397126167735,0.00017072241848004518,5.062784378212671e-06
2019,E02006268,E07000203,6407,228441,39,3227,0.012085528354508832,77.43198016733808,male,60-64,176,0.027469954737006398,0.000331988916871165,0.00017072241848004518,4.689737108239106e-06
2019,E02006257,E07000202,6460,228441,45,3015,0.014925373134328358,96.41791044776119,female,60-64,236,0.03653250773993808,0.0005452613095513146,0.00019698740593851365,7.196443932119075e-06
2019,E02006257,E07000202,6460,228441,45,3015,0.014925373134328358,96.41791044776119,male,60-64,199,0.030804953560371516,0.00045977542627420175,0.00019698740593851365,6.0681878919139655e-06
2019,E02006265,E07000203,7283,228441,60,2946,0.020366598778004074,148.32993890020367,female,60-64,291,0.03995606206233695,0.0008137690847726467,0.0002626498745846849,1.0494454689570686e-05
2019,E02006265,E07000203,7283,228441,60,2946,0.020366598778004074,148.32993890020367,male,60-64,268,0.03679802279280516,0.0007494505660449117,0.0002626498745846849,9.664996071494652e-06
2019,E02006253,E07000202,6895,228441,47,3085,0.015235008103727715,105.0453808752026,female,60-64,226,0.032777374909354604,0.0004993635723629389,0.00020574240175800316,6.743695837173127e-06
2019,E02006253,E07000202,6895,228441,47,3085,0.015235008103727715,105.0453808752026,male,60-64,227,0.03292240754169688,0.0005015731456919785,0.00020574240175800316,6.773535199284513e-06
2019,E02006263,E07000203,7712,228441,950,2788,0.34074605451936874,2627.8335724533717,female,60-64,314,0.04071576763485477,0.013873737178304174,0.00415862301425751,0.00016932152832946815
2019,E02006263,E07000203,7712,228441,950,2788,0.34074605451936874,2627.8335724533717,male,60-64,302,0.0391597510373444,0.013343530661935861,0.00415862301425751,0.00016285064189649483
2019,E02006247,E07000202,8915,228441,57,3837,0.014855355746677092,132.43549648162627,female,60-64,218,0.024453168816601235,0.0003632605219041622,0.00024951738085545063,6.101490636734519e-06
2019,E02006247,E07000202,8915,228441,57,3837,0.014855355746677092,132.43549648162627,male,60-64,213,0.023892316320807627,0.0003549288585577365,0.00024951738085545063,5.961548190937855e-06
2019,E02006291,E07000244,7681,228441,68,3090,0.022006472491909384,169.03171521035597,female,60-64,345,0.04491602655904179,0.0009884433029174245,0.0002976698578626429,1.3370147241584662e-05
2019,E02006291,E07000244,7681,228441,68,3090,0.022006472491909384,169.03171521035597,male,60-64,298,0.03879703163650566,0.0008537858094765,0.0002976698578626429,1.15487068927311e-05
2019,E02006301,E07000244,6451,228441,46,3009,0.015287470920571618,98.61947490860751,female,60-64,186,0.028832739110215472,0.000440779660707847,0.0002013649038482584,5.805901738610458e-06
2019,E02006301,E07000244,6451,228441,46,3009,0.015287470920571618,98.61947490860751,male,60-64,211,0.03270810727019067,0.000500024238759977,0.0002013649038482584,6.586264875520466e-06
2019,E02006283,E07000245,7626,228441,13,3104,0.004188144329896907,31.938788659793815,female,60-64,232,0.03042223970626803,0.000127412730728571,5.690747282668173e-05,1.731252779411246e-06
2019,E02006283,E07000245,7626,228441,13,3104,0.004188144329896907,31.938788659793815,male,60-64,243,0.031864673485444535,0.00013345385158208085,5.690747282668173e-05,1.8133380405040206e-06
2019,E02006272,E07000203,7642,228441,56,3187,0.017571383746470035,134.280514590524,female,60-64,261,0.034153362993980634,0.0006001218473997225,0.0002451398829457059,8.372351406546615e-06
2019,E02006272,E07000203,7642,228441,56,3187,0.017571383746470035,134.280514590524,male,60-64,225,0.02944255430515572,0.0005173464201721745,0.0002451398829457059,7.217544315988462e-06
2019,E02006297,E07000244,8226,228441,45,3235,0.013910355486862442,114.42658423493044,female,60-64,300,0.03646973012399708,0.0005073069105347353,0.00019698740593851365,7.184077532403853e-06
2019,E02006297,E07000244,8226,228441,45,3235,0.013910355486862442,114.42658423493044,male,60-64,280,0.034038414782397275,0.0004734864498324196,0.00019698740593851365,6.7051390302435956e-06
2019,E02006270,E07000203,13467,228441,59,4858,0.01214491560312886,163.55557842733637,female,60-64,355,0.026360733645206802,0.000320148885357596,0.00025827237667494014,6.808249329442619e-06
2019,E02006270,E07000203,13467,228441,59,4858,0.01214491560312886,163.55557842733637,male,60-64,327,0.02428157718868345,0.00029489770566741943,0.00025827237667494014,6.2712606499372854e-06
2019,E02006255,E07000202,8208,228441,58,3059,0.01896044458973521,155.6273291925466,female,60-64,191,0.02326998050682261,0.00044120917600382856,0.0002538948787651954,5.9081288796481865e-06
2019,E02006255,E07000202,8208,228441,58,3059,0.01896044458973521,155.6273291925466,male,60-64,194,0.023635477582846003,0.0004481391630614803,0.0002538948787651954,6.000926715454179e-06
2019,E02006252,E07000202,9269,228441,37,3710,0.009973045822102426,92.44016172506738,female,60-64,237,0.02556910130542669,0.00025500181894899936,0.00016196742266055567,4.141361438186611e-06
2019,E02006252,E07000202,9269,228441,37,3710,0.009973045822102426,92.44016172506738,male,60-64,228,0.02459812277484087,0.00024531820557118926,0.00016196742266055567,3.984094548128891e-06
2019,E02006300,E07000244,7781,228441,61,3606,0.01691625069328896,131.62534664448143,female,60-64,240,0.030844364477573577,0.0005217710019778114,0.00026702737249442965,8.236289602706994e-06
2019,E02006300,E07000244,7781,228441,61,3606,0.01691625069328896,131.62534664448143,male,60-64,256,0.03290065544274515,0.0005565557354429988,0.00026702737249442965,8.785375576220792e-06
2019,E02006248,E07000202,8109,228441,44,3404,0.012925969447708578,104.81668625146885,female,60-64,244,0.03009002343075595,0.00038894272354678664,0.00019260990802876893,5.795636645581405e-06
2019,E02006248,E07000202,8109,228441,44,3404,0.012925969447708578,104.81668625146885,male,60-64,212,0.026143790849673203,0.0003379338417701589,0.00019260990802876893,5.035553151078926e-06
2019,E02006229,E07000200,5937,228441,16,2606,0.0061396776669224865,36.451266308518804,female,60-64,242,0.04076132726966481,0.00025026141071167956,7.003996655591596e-05,2.8549219987420686e-06
2019,E02006229,E07000200,5937,228441,16,2606,0.0061396776669224865,36.451266308518804,male,60-64,190,0.032002694963786424,0.00019648623155049224,7.003996655591596e-05,2.2414676849627814e-06
2019,E02006231,E07000200,8619,228441,37,3270,0.011314984709480122,97.52385321100917,female,60-64,306,0.03550295857988166,0.0004017154334726671,0.00016196742266055567,5.750322698007894e-06
2019,E02006231,E07000200,8619,228441,37,3270,0.011314984709480122,97.52385321100917,male,60-64,272,0.03155818540433925,0.0003570803853090374,0.00016196742266055567,5.111397953784795e-06
2019,E02006260,E07000202,8746,228441,64,3841,0.016662327518875295,145.72871648008334,female,60-64,252,0.028813171735650584,0.00048009450431701054,0.00028015986622366386,8.07229433893932e-06
2019,E02006260,E07000202,8746,228441,64,3841,0.016662327518875295,145.72871648008334,male,60-64,204,0.023324948547907613,0.00038864793206615136,0.00028015986622366386,6.534714464855639e-06
2019,E02006254,E07000202,9499,228441,71,4098,0.017325524646168863,164.57515861395802,female,60-64,224,0.023581429624170966,0.0004085606401454706,0.00031080235159187714,7.329163781090692e-06
2019,E02006254,E07000202,9499,228441,71,4098,0.017325524646168863,164.57515861395802,male,60-64,225,0.023686703863564584,0.00041038457157469146,0.00031080235159187714,7.361883262256274e-06
2019,E02006299,E07000244,8381,228441,52,3938,0.013204672422549517,110.6683595733875,female,60-64,350,0.041761126357236604,0.000551441993544008,0.0002276298913067269,9.506080653544256e-06
2019,E02006299,E07000244,8381,228441,52,3938,0.013204672422549517,110.6683595733875,male,60-64,345,0.041164538837847514,0.0005435642507790936,0.0002276298913067269,9.370279501350768e-06
2019,E02006298,E07000244,9290,228441,58,3706,0.015650296815974095,145.39125742039934,female,60-64,384,0.04133476856835307,0.0006469013969143221,0.0002538948787651954,1.049468605444941e-05
2019,E02006298,E07000244,9290,228441,58,3706,0.015650296815974095,145.39125742039934,male,60-64,360,0.038751345532831,0.000606470059607177,0.0002538948787651954,9.838768176046322e-06
2019,E02006234,E07000200,9751,228441,20,3978,0.005027652086475616,49.024635495223734,female,60-64,233,0.023894985129730283,0.00012013567184379228,8.754995819489497e-05,2.092004949175523e-06
2019,E02006234,E07000200,9751,228441,20,3978,0.005027652086475616,49.024635495223734,male,60-64,206,0.021126038355040507,0.0001062143708146833,8.754995819489497e-05,1.8495837748075441e-06
2019,E02006236,E07000200,10362,228441,53,3957,0.013393985342431134,138.7884761182714,female,60-64,348,0.0335842501447597,0.00044982695417545215,0.00023200738921647164,7.791794194878607e-06
2019,E02006236,E07000200,10362,228441,53,3957,0.013393985342431134,138.7884761182714,male,60-64,380,0.03667245705462266,0.0004911903522605511,0.00023200738921647164,8.50828101739618e-06
2019,E02006259,E07000202,7100,228441,51,3158,0.016149461684610514,114.66117796073465,female,60-64,228,0.03211267605633803,0.0005186024315621405,0.00022325239339698215,7.1692317879594276e-06
2019,E02006259,E07000202,7100,228441,51,3158,0.016149461684610514,114.66117796073465,male,60-64,199,0.028028169014084506,0.0004526398415827454,0.00022325239339698215,6.2573558149295e-06
2019,E02006239,E07000245,7719,228441,32,2380,0.013445378151260505,103.78487394957983,female,60-64,165,0.02137582588418189,0.0002874060623083279,0.00014007993311183193,2.9943242600663644e-06
2019,E02006239,E07000245,7719,228441,32,2380,0.013445378151260505,103.78487394957983,male,60-64,148,0.019173468065811633,0.00025779452861595477,0.00014007993311183193,2.685818124180739e-06
2019,E02006826,E07000245,9804,228441,18,3898,0.004617752693689072,45.27244740892766,female,60-64,278,0.02835577315381477,0.00013093994786266442,7.879496237540546e-05,2.234292078780367e-06
2019,E02006826,E07000245,9804,228441,18,3898,0.004617752693689072,45.27244740892766,male,60-64,272,0.0277437780497756,0.00012811390582246303,7.879496237540546e-05,2.1860699475836684e-06
2019,E02003744,E07000010,14355,228441,239,6893,0.034672856521108374,497.7288553605107,female,60-64,423,0.02946708463949843,0.0010217079978006856,0.0010462220004289948,3.082911223834655e-05
2019,E02003744,E07000010,14355,228441,239,6893,0.034672856521108374,497.7288553605107,male,60-64,432,0.030094043887147336,0.0010434464658389982,0.0010462220004289948,3.148505079660925e-05
2019,E02005517,E07000143,6533,228441,306,2500,0.1224,799.6392,female,60-64,139,0.02127659574468085,0.002604255319148936,0.001339514360381893,2.8500305540040275e-05
2019,E02005517,E07000143,6533,228441,306,2500,0.1224,799.6392,male,60-64,159,0.024337976427368742,0.0029789683147099337,0.001339514360381893,3.260106892709643e-05
2019,E02005519,E07000143,8913,228441,424,3683,0.11512354059190877,1026.096117295683,female,60-64,202,0.022663525187927747,0.0026091052619281467,0.001856059113731773,4.206484247434289e-05
2019,E02005519,E07000143,8913,228441,424,3683,0.11512354059190877,1026.096117295683,male,60-64,216,0.024234264557388085,0.002789934339487523,0.001856059113731773,4.498022759632705e-05
2019,E02006269,E07000203,7508,228441,35,2973,0.011772620248906828,88.38883282879247,female,60-64,235,0.03129994672349494,0.00036848238658672146,0.0001532124268410662,4.7955407975027375e-06
2019,E02006269,E07000203,7508,228441,35,2973,0.011772620248906828,88.38883282879247,male,60-64,238,0.03169952051145445,0.000373186417053786,0.0001532124268410662,4.856760467258092e-06
2019,E02006242,E07000245,9994,228441,28,3639,0.007694421544380325,76.89804891453696,female,60-64,227,0.022713628176906142,0.0001747682299954306,0.00012256994147285294,2.7840080762795294e-06
2019,E02006242,E07000245,9994,228441,28,3639,0.007694421544380325,76.89804891453696,male,60-64,240,0.024014408645187113,0.00018477698325508084,0.00012256994147285294,2.943444662145758e-06
2019,E02005512,E07000143,9450,228441,2888,3385,0.8531757754800591,8062.511078286559,female,60-64,317,0.033544973544973544,0.02861975881769087,0.012642213963342832,0.00042408273295023045
2019,E02005512,E07000143,9450,228441,2888,3385,0.8531757754800591,8062.511078286559,male,60-64,330,0.03492063492063492,0.02979343977866873,0.012642213963342832,0.0004414741384024481
2019,E02006264,E07000203,8672,228441,29,3559,0.00814835627985389,70.66254565889294,female,60-64,316,0.03643911439114391,0.00029691888658139176,0.0001269474393825977,4.625852265325284e-06
2019,E02006264,E07000203,8672,228441,29,3559,0.00814835627985389,70.66254565889294,male,60-64,274,0.031595940959409596,0.00025745498393449796,0.0001269474393825977,4.011023799680786e-06
2019,E02006282,E07000245,6368,228441,17,2675,0.006355140186915888,40.469532710280376,female,60-64,250,0.03925879396984925,0.0002494951392476401,7.441746446566072e-05,2.921539905215952e-06
2019,E02006282,E07000245,6368,228441,17,2675,0.006355140186915888,40.469532710280376,male,60-64,234,0.036746231155778894,0.0002335274503357911,7.441746446566072e-05,2.7345613512821307e-06
2019,E02006284,E07000245,7933,228441,10,3332,0.003001200480192077,23.808523409363747,female,60-64,242,0.030505483423673263,9.155307149961964e-05,4.3774979097447484e-05,1.3353768992288278e-06
2019,E02006284,E07000245,7933,228441,10,3332,0.003001200480192077,23.808523409363747,male,60-64,185,0.02332030757594857,6.998891829516377e-05,4.3774979097447484e-05,1.0208459766831947e-06
2019,E02005511,E07000143,8248,228441,2831,3289,0.8607479477044695,7099.449072666464,female,60-64,277,0.033583899127061105,0.02890727224953177,0.012392696582487381,0.0004161950719385311
2019,E02005511,E07000143,8248,228441,2831,3289,0.8607479477044695,7099.449072666464,male,60-64,265,0.032129000969932105,0.02765497164666397,0.012392696582487381,0.00039816496051881136
2019,E02006240,E07000245,10485,228441,46,3221,0.014281279105867743,149.73921142502329,female,60-64,254,0.024225083452551265,0.0003459651781488228,0.0002013649038482584,4.878081600139021e-06
2019,E02006240,E07000245,10485,228441,46,3221,0.014281279105867743,149.73921142502329,male,60-64,250,0.023843586075345733,0.00034051690762679405,0.0002013649038482584,4.801261417459666e-06
2019,E02006243,E07000245,8966,228441,13,3683,0.0035297311973934292,31.647569915829486,female,60-64,235,0.026210127146999777,9.251470347841354e-05,5.690747282668173e-05,1.4915520984017629e-06
2019,E02006243,E07000245,8966,228441,13,3683,0.0035297311973934292,31.647569915829486,male,60-64,236,0.026321659602944456,9.29083830676834e-05,5.690747282668173e-05,1.4978991286077278e-06
2019,E02006246,E07000202,7040,228441,60,3135,0.019138755980861243,134.73684210526315,female,60-64,259,0.036789772727272727,0.0007041104828186168,0.0002626498745846849,9.662829192817243e-06
2019,E02006246,E07000202,7040,228441,60,3135,0.019138755980861243,134.73684210526315,male,60-64,257,0.03650568181818182,0.0006986733362331449,0.0002626498745846849,9.588212751173866e-06
2019,E02003752,E07000010,11152,228441,8,4643,0.0017230239069567091,19.21516261038122,female,60-64,313,0.02806671449067432,4.8359620057160146e-05,3.501998327795798e-05,9.828958721306358e-07
2019,E02003752,E07000010,11152,228441,8,4643,0.0017230239069567091,19.21516261038122,male,60-64,313,0.02806671449067432,4.8359620057160146e-05,3.501998327795798e-05,9.828958721306358e-07
2019,E02005564,E07000146,9930,228441,366,4997,0.0732439463678207,727.3123874324594,female,60-64,336,0.033836858006042296,0.0024783450130501264,0.0016021642349665778,5.4212203720923474e-05
2019,E02005564,E07000146,9930,228441,366,4997,0.0732439463678207,727.3123874324594,male,60-64,292,0.029405840886203426,0.0021537998327697525,0.0016021642349665778,4.711298656699302e-05
2019,E02003780,E07000012,12091,228441,8,3877,0.0020634511220015478,24.949187516120713,female,60-64,269,0.022247953022909602,4.590756362736054e-05,3.501998327795798e-05,7.79122942831089e-07
2019,E02003780,E07000012,12091,228441,8,3877,0.0020634511220015478,24.949187516120713,male,60-64,269,0.022247953022909602,4.590756362736054e-05,3.501998327795798e-05,7.79122942831089e-07
2019,E02003249,E06000031,12090,228441,11,4349,0.0025293170843872156,30.579443550241436,female,60-64,278,0.022994210090984284,5.815964842511546e-05,4.815247700719223e-05,1.1072281727046684e-06
2019,E02003249,E06000031,12090,228441,11,4349,0.0025293170843872156,30.579443550241436,male,60-64,253,0.020926385442514475,5.2929464214223784e-05,4.815247700719223e-05,1.0076572938643206e-06
2019,E02003745,E07000010,10314,228441,155,4975,0.031155778894472363,321.34070351758794,female,60-64,417,0.040430482838859805,0.0012596431839242753,0.000678512176010436,2.7432574888147355e-05
2019,E02003745,E07000010,10314,228441,155,4975,0.031155778894472363,321.34070351758794,male,60-64,345,0.033449680046538685,0.0010421508356208034,0.000678512176010436,2.2696015195229824e-05
2019,E02003737,E07000009,13972,228441,10,4946,0.0020218358269308533,28.24909017387788,female,60-64,368,0.026338391067849985,5.3251902684694675e-05,4.3774979097447484e-05,1.1529625184555307e-06
2019,E02003737,E07000009,13972,228441,10,4946,0.0020218358269308533,28.24909017387788,male,60-64,361,0.02583738906384197,5.223895888362711e-05,4.3774979097447484e-05,1.1310311662023003e-06
2019,E02005589,E07000148,11841,228441,3910,4159,0.9401298389035826,11132.077422457322,female,60-64,240,0.020268558398783887,0.019055076542256553,0.017116016827101965,0.00034691698661468384
2019,E02005589,E07000148,11841,228441,3910,4159,0.9401298389035826,11132.077422457322,male,60-64,183,0.015454775779072713,0.01452949586347062,0.017116016827101965,0.0002645242022936964
2019,E02005540,E07000145,8995,228441,667,4468,0.14928379588182633,1342.807743957028,female,60-64,351,0.039021678710394664,0.0058253043195687654,0.002919791105799747,0.00011393515043198569
2019,E02005540,E07000145,8995,228441,667,4468,0.14928379588182633,1342.807743957028,male,60-64,324,0.03602001111728738,0.005377203987294244,0.002919791105799747,0.0001051709080910637
2019,E02005548,E07000145,7498,228441,499,3604,0.13845726970033295,1038.1526082130965,female,60-64,212,0.02827420645505468,0.003914769428710401,0.0021843714569626293,6.176136954868997e-05
2019,E02005548,E07000145,7498,228441,499,3604,0.13845726970033295,1038.1526082130965,male,60-64,156,0.020805548146172314,0.002880679390937842,0.0021843714569626293,4.544704551696055e-05
2019,E02005507,E07000143,11864,228441,4009,4418,0.9074241738343142,10765.680398370303,female,60-64,345,0.029079568442346593,0.02638750336925475,0.017549389120166695,0.00051032866204126
2019,E02005507,E07000143,11864,228441,4009,4418,0.9074241738343142,10765.680398370303,male,60-64,324,0.027309507754551585,0.024781307511995768,0.017549389120166695,0.00047926517826483555
2019,E02005547,E07000145,8812,228441,520,3960,0.13131313131313133,1157.1313131313132,female,60-64,276,0.031320926009986386,0.004112848869998213,0.002276298913067269,7.129578983279236e-05
2019,E02005547,E07000145,8812,228441,520,3960,0.13131313131313133,1157.1313131313132,male,60-64,252,0.028597367226509306,0.0037552098378244546,0.002276298913067269,6.509615593428868e-05
2019,E02005561,E07000146,11213,228441,311,5394,0.05765665554319614,646.5040786058584,female,60-64,281,0.025060197984482297,0.001444887203035594,0.0013614018499306167,3.411699989570171e-05
2019,E02005561,E07000146,11213,228441,311,5394,0.05765665554319614,646.5040786058584,male,60-64,265,0.02363328279675377,0.0013626160455673753,0.0013614018499306167,3.2174394919434e-05
2019,E02005504,E07000143,9110,228441,1501,4011,0.3742208925454999,3409.152331089504,female,60-64,351,0.038529088913282106,0.014418390042093355,0.006570624362526867,0.0002531601702795752
2019,E02005504,E07000143,9110,228441,1501,4011,0.3742208925454999,3409.152331089504,male,60-64,379,0.041602634467618,0.015568575002716186,0.006570624362526867,0.00027335528357823075
2019,E02005569,E07000146,8228,228441,242,3732,0.06484458735262594,533.5412647374062,female,60-64,280,0.03403014098201264,0.0022066704495302945,0.001059354494158229,3.6049982786133216e-05
2019,E02005569,E07000146,8228,228441,242,3732,0.06484458735262594,533.5412647374062,male,60-64,277,0.03366553232863393,0.0021830275518567553,0.001059354494158229,3.566373297056751e-05
2019,E02005466,E07000140,6685,228441,69,3343,0.020640143583607537,137.97935985641638,female,60-64,267,0.03994016454749439,0.0008243707310131956,0.00030204735577238763,1.2063821090684742e-05
2019,E02005466,E07000140,6685,228441,69,3343,0.020640143583607537,137.97935985641638,male,60-64,235,0.035153328347045626,0.0007255697445247227,0.00030204735577238763,1.061796987382365e-05
2019,E02005578,E07000147,5843,228441,1169,2736,0.427266081871345,2496.515716374269,female,60-64,210,0.035940441553996234,0.015356131643502045,0.005117295056491611,0.00018391784389239059
2019,E02005578,E07000147,5843,228441,1169,2736,0.427266081871345,2496.515716374269,male,60-64,210,0.035940441553996234,0.015356131643502045,0.005117295056491611,0.00018391784389239059
2019,E02005580,E07000147,7937,228441,1847,3887,0.47517365577566245,3771.453305891433,female,60-64,296,0.03729368779135694,0.017720977965175265,0.00808523863929855,0.0003015283655326157
2019,E02005580,E07000147,7937,228441,1847,3887,0.47517365577566245,3771.453305891433,male,60-64,247,0.031120070555625552,0.014787437693913144,0.00808523863929855,0.0002516131969140408
2019,E02005474,E07000140,6793,228441,38,3085,0.012317666126418152,83.6739059967585,female,60-64,294,0.043279846901221844,0.0005331067041317439,0.00016634492057030043,7.199382695078511e-06
2019,E02005474,E07000140,6793,228441,38,3085,0.012317666126418152,83.6739059967585,male,60-64,264,0.0388635359929339,0.0004787080608529945,0.00016634492057030043,6.464751807825601e-06
2019,E02005510,E07000143,7023,228441,1986,3118,0.6369467607440668,4473.277100705581,female,60-64,292,0.0415776733589634,0.02648276436526662,0.00869371084875307,0.0003614642699467316
2019,E02005510,E07000143,7023,228441,1986,3118,0.6369467607440668,4473.277100705581,male,60-64,292,0.0415776733589634,0.02648276436526662,0.00869371084875307,0.0003614642699467316
2019,E02005514,E07000143,6903,228441,367,3099,0.11842529848338174,817.4898354307841,female,60-64,297,0.04302477183833116,0.005095221447133764,0.0016065417328763225,6.912109150576094e-05
2019,E02005514,E07000143,6903,228441,367,3099,0.11842529848338174,817.4898354307841,male,60-64,239,0.034622627842966824,0.004100195036582389,0.0016065417328763225,5.562269653157193e-05
2019,E02005506,E07000143,6943,228441,1780,2867,0.6208580397628183,4310.617370073247,female,60-64,255,0.03672763934898459,0.022802650171326325,0.007791946279345652,0.00028617979277446946
2019,E02005506,E07000143,6943,228441,1780,2867,0.6208580397628183,4310.617370073247,male,60-64,227,0.03269480051850785,0.02029882976035716,0.007791946279345652,0.0002547561292541355
2019,E02005571,E07000147,5990,228441,1519,2515,0.6039761431411531,3617.8170974155073,female,60-64,253,0.04223706176961603,0.025510177665227337,0.006649419324902273,0.0002808519347579758
2019,E02005571,E07000147,5990,228441,1519,2515,0.6039761431411531,3617.8170974155073,male,60-64,252,0.042070116861435726,0.02540934692346754,0.006649419324902273,0.00027974184805932764
2019,E02003742,E07000010,6664,228441,124,3558,0.03485103991006183,232.24732996065205,female,60-64,265,0.03976590636254502,0.0013858831897008382,0.0005428097408083488,2.158532132566213e-05
2019,E02003742,E07000010,6664,228441,124,3558,0.03485103991006183,232.24732996065205,male,60-64,223,0.03346338535414166,0.0011662337785029696,0.0005428097408083488,1.816425153065153e-05
2019,E02005472,E07000140,9869,228441,192,5695,0.033713784021071114,332.7213345039508,female,60-64,353,0.03576856824399635,0.0012058937845210358,0.0008404795986709917,3.0062751882750032e-05
2019,E02005472,E07000140,9869,228441,192,5695,0.033713784021071114,332.7213345039508,male,60-64,310,0.031411490525889145,0.0010590002073697482,0.0008404795986709917,2.6400716950856967e-05
2019,E02005552,E07000146,6790,228441,471,3075,0.15317073170731707,1040.029268292683,female,60-64,315,0.04639175257731959,0.007105858687452854,0.0020618015154897766,9.565058577014427e-05
2019,E02005552,E07000146,6790,228441,471,3075,0.15317073170731707,1040.029268292683,male,60-64,260,0.03829160530191458,0.005865153202342039,0.0020618015154897766,7.894968984202386e-05
2019,E02005563,E07000146,7551,228441,209,4033,0.05182246466650137,391.3114306967518,female,60-64,291,0.03853794199443782,0.0019971311373264333,0.0009148970631366524,3.525824995004183e-05
2019,E02005563,E07000146,7551,228441,209,4033,0.05182246466650137,391.3114306967518,male,60-64,273,0.03615415176797775,0.001873597252543355,0.0009148970631366524,3.3077327272719655e-05
2019,E02005509,E07000143,8278,228441,645,4465,0.1444568868980963,1195.8141097424411,female,60-64,310,0.0374486590964001,0.005409716711574034,0.0028234861517853625,0.00010573577036161662
2019,E02005509,E07000143,8278,228441,645,4465,0.1444568868980963,1195.8141097424411,male,60-64,244,0.0294757187726504,0.004257970572980853,0.0028234861517853625,8.322428376849824e-05
2019,E02005566,E07000146,9847,228441,243,4936,0.04923014586709887,484.76924635332256,female,60-64,383,0.038895094952777494,0.001914811198039897,0.0010637319920679738,4.1373956835791e-05
2019,E02005566,E07000146,9847,228441,243,4936,0.04923014586709887,484.76924635332256,male,60-64,361,0.03666091195287905,0.0018048220430611041,0.0010637319920679738,3.8997384902664624e-05
2019,E02005568,E07000146,7423,228441,251,3603,0.06966416874826534,517.1171246183736,female,60-64,292,0.03933719520409538,0.0027403930047815543,0.0010987519753459319,4.3221820935068315e-05
2019,E02005568,E07000146,7423,228441,251,3603,0.06966416874826534,517.1171246183736,male,60-64,282,0.037990030984777046,0.0026465439292753367,0.0010987519753459319,4.174162158797694e-05
2019,E02005560,E07000146,9204,228441,229,4415,0.05186862967157418,477.39886749716874,female,60-64,202,0.02194697957409822,0.0011383597559385032,0.0010024470213315473,2.200068430127907e-05
2019,E02005560,E07000146,9204,228441,229,4415,0.05186862967157418,477.39886749716874,male,60-64,185,0.020099956540634508,0.0010425572022209064,0.0010024470213315473,2.0149141563052614e-05
2019,E02005559,E07000146,7266,228441,191,3715,0.05141318977119785,373.56823687752353,female,60-64,225,0.030966143682906688,0.001592068221651461,0.0008361021007612469,2.5890857785752897e-05
2019,E02005559,E07000146,7266,228441,191,3715,0.05141318977119785,373.56823687752353,male,60-64,204,0.028075970272502065,0.001443475187630658,0.0008361021007612469,2.3474377725749295e-05
2019,E02003743,E07000010,11376,228441,180,5507,0.032685672780098055,371.83221354639545,female,60-64,289,0.02540436005625879,0.0008303585999866682,0.0007879496237540546,2.0017355948041646e-05
2019,E02003743,E07000010,11376,228441,180,5507,0.032685672780098055,371.83221354639545,male,60-64,272,0.02390998593530239,0.0007815139764580407,0.0007879496237540546,1.8839864421686256e-05
2019,E02005567,E07000146,11005,228441,321,5784,0.05549792531120332,610.7546680497925,female,60-64,342,0.031076783280327123,0.0017246969974040467,0.001405176829028064,4.3668375786242424e-05
2019,E02005567,E07000146,11005,228441,321,5784,0.05549792531120332,610.7546680497925,male,60-64,298,0.02707860063607451,0.0015028061556327658,0.001405176829028064,3.80502221763165e-05
2019,E02005551,E07000146,5246,228441,187,2808,0.06659544159544159,349.3596866096866,female,60-64,213,0.040602363705680516,0.0027039323407985244,0.0008185921091222679,3.323677454118244e-05
2019,E02005551,E07000146,5246,228441,187,2808,0.06659544159544159,349.3596866096866,male,60-64,192,0.036599313762866945,0.002437347462128247,0.0008185921091222679,2.99599094455729e-05
2019,E02005556,E07000146,7408,228441,229,3960,0.057828282828282826,428.39191919191916,female,60-64,271,0.03658207343412527,0.002115478488993608,0.0010024470213315473,3.6671590548170805e-05
2019,E02005556,E07000146,7408,228441,229,3960,0.057828282828282826,428.39191919191916,male,60-64,218,0.029427645788336933,0.0017017502236184741,0.0010024470213315473,2.9499655865318212e-05
2019,E02005553,E07000146,8632,228441,372,4706,0.07904802379940501,682.342541436464,female,60-64,414,0.04796107506950881,0.0037912282035395825,0.0016284292224250463,7.81012161821095e-05
2019,E02005553,E07000146,8632,228441,372,4706,0.07904802379940501,682.342541436464,male,60-64,304,0.03521779425393883,0.0027838970383479056,0.0016284292224250463,5.734968531246687e-05
2019,E02005565,E07000146,6996,228441,217,3487,0.062231144250071695,435.36908517350156,female,60-64,235,0.033590623213264725,0.002090382918634484,0.0009499170464146103,3.190830558997048e-05
2019,E02005565,E07000146,6996,228441,217,3487,0.062231144250071695,435.36908517350156,male,60-64,223,0.03187535734705546,0.001983639961087191,0.0009499170464146103,3.0278945304525172e-05
2019,E02005558,E07000146,7087,228441,210,3328,0.06310096153846154,447.1965144230769,female,60-64,286,0.04035558064060957,0.002546475941865387,0.0009192745610463971,3.709785867916884e-05
2019,E02005558,E07000146,7087,228441,210,3328,0.06310096153846154,447.1965144230769,male,60-64,240,0.03386482291519684,0.0021369028882786464,0.0009192745610463971,3.1131070220281545e-05
2019,E02005555,E07000146,6847,228441,224,3227,0.06941431670281996,475.27982646420827,female,60-64,263,0.038410982912224334,0.0026662721327357455,0.0009805595317828235,3.766425541972873e-05
2019,E02005555,E07000146,6847,228441,224,3227,0.06941431670281996,475.27982646420827,male,60-64,228,0.03329925514824011,0.002311445042827947,0.0009805595317828235,3.2651902036875095e-05
2019,E02005554,E07000146,6905,228441,253,3601,0.07025826159400167,485.13329630658154,female,60-64,290,0.041998551774076756,0.0029507452371123075,0.0011075069711654214,4.6513688868641885e-05
2019,E02005554,E07000146,6905,228441,253,3601,0.07025826159400167,485.13329630658154,male,60-64,238,0.03446777697320782,0.002421646091147342,0.0011075069711654214,3.8173303278402644e-05
2019,E02005557,E07000146,6655,228441,163,3372,0.04833926453143535,321.6978054567022,female,60-64,151,0.022689706987227647,0.0010968037481963542,0.0007135321592883939,1.61898356202175e-05
2019,E02005557,E07000146,6655,228441,163,3372,0.04833926453143535,321.6978054567022,male,60-64,140,0.021036814425244178,0.0010169041374005934,0.0007135321592883939,1.5010443621393711e-05
2019,E02005562,E07000146,7150,228441,311,3610,0.08614958448753463,615.9695290858725,female,60-64,276,0.0386013986013986,0.0033254944501481896,0.0013614018499306167,5.2552015465853175e-05
2019,E02005562,E07000146,7150,228441,311,3610,0.08614958448753463,615.9695290858725,male,60-64,274,0.03832167832167832,0.0033013966642775508,0.0013614018499306167,5.217120375957888e-05
2019,E02005573,E07000147,5874,228441,2012,2264,0.8886925795053003,5220.180212014134,female,60-64,231,0.03932584269662921,0.03494858458728709,0.008807525794406433,0.00034636337393733165
2019,E02005573,E07000147,5874,228441,2012,2264,0.8886925795053003,5220.180212014134,male,60-64,184,0.03132448076268301,0.02783783361065292,0.008807525794406433,0.0002758911723137187
2019,E02005577,E07000147,6084,228441,1798,2279,0.78894251864853,4799.926283457657,female,60-64,261,0.042899408284023666,0.033845167220129244,0.007870741241721057,0.000337650142026495
2019,E02005577,E07000147,6084,228441,1798,2279,0.78894251864853,4799.926283457657,male,60-64,233,0.03829717291255753,0.030214268054751397,0.007870741241721057,0.00030142713828418906
2019,E02005467,E07000140,7563,228441,18,3426,0.005253940455341506,39.73555166374781,female,60-64,255,0.033716779055930186,0.0001771459495057628,7.879496237540546e-05,2.656712337131878e-06
2019,E02005467,E07000140,7563,228441,18,3426,0.005253940455341506,39.73555166374781,male,60-64,215,0.0284278725373529,0.0001493583495832902,7.879496237540546e-05,2.239973146993544e-06
2019,E02005505,E07000143,7600,228441,2690,2978,0.9032907991940899,6865.010073875083,female,60-64,228,0.03,0.0270987239758227,0.011775469377213372,0.00035326408131640115
2019,E02005505,E07000143,7600,228441,2690,2978,0.9032907991940899,6865.010073875083,male,60-64,194,0.025526315789473685,0.023057686189954404,0.011775469377213372,0.00030058434989202557
2019,E02003732,E07000009,9888,228441,29,3720,0.0077956989247311825,77.08387096774193,female,60-64,246,0.02487864077669903,0.00019394639315168597,0.0001269474393825977,3.158279741921423e-06
2019,E02003732,E07000009,9888,228441,29,3720,0.0077956989247311825,77.08387096774193,male,60-64,261,0.026395631067961164,0.00020577239273410585,0.0001269474393825977,3.350857774965412e-06
2019,E02005503,E07000143,7420,228441,2545,2884,0.8824549237170597,6547.815533980583,female,60-64,271,0.036522911051212935,0.032229822685623064,0.011140732180300384,0.0004068919704664965
2019,E02005503,E07000143,7420,228441,2545,2884,0.8824549237170597,6547.815533980583,male,60-64,245,0.0330188679245283,0.02913766257556329,0.011140732180300384,0.0003678543644438806
2019,E02005609,E07000149,7526,228441,2582,2965,0.8708263069139967,6553.838785834739,female,60-64,261,0.03467977677385065,0.03020006193257416,0.01130269960296094,0.0003919750991725758
2019,E02005609,E07000149,7526,228441,2582,2965,0.8708263069139967,6553.838785834739,male,60-64,209,0.02777039596066968,0.024183191355969347,0.01130269960296094,0.00031388044339872924
2019,E02005610,E07000149,8162,228441,2505,3035,0.8253706754530478,6736.675453047776,female,60-64,360,0.04410683655966675,0.036404489483349324,0.010965632263910594,0.00048365935003771306
2019,E02005610,E07000149,8162,228441,2505,3035,0.8253706754530478,6736.675453047776,male,60-64,309,0.03785836804704729,0.031247186806541503,0.010965632263910594,0.0004151409421157037
2019,E02005532,E07000144,8282,228441,2878,3062,0.9399085564990203,7784.322664924886,female,60-64,275,0.03320453996619174,0.031209231228837307,0.012598438984245385,0.00041832537076400396
2019,E02005532,E07000144,8282,228441,2878,3062,0.9399085564990203,7784.322664924886,male,60-64,236,0.028495532480077277,0.02678319480002038,0.012598438984245385,0.0003589992272738361
2019,E02005605,E07000149,10777,228441,3610,3878,0.9308922124806601,10032.225373904073,female,60-64,406,0.0376728217500232,0.03506933638926863,0.01580276745417854,0.000595334841458336
2019,E02005605,E07000149,10777,228441,3610,3878,0.9308922124806601,10032.225373904073,male,60-64,351,0.032569360675512665,0.030318564218308593,0.01580276745417854,0.000514686032886394
2019,E02005515,E07000143,6424,228441,2077,2285,0.9089715536105033,5839.233260393873,female,60-64,207,0.03222291407222914,0.02928971226609187,0.009092063158539842,0.0002929727698969096
2019,E02005515,E07000143,6424,228441,2077,2285,0.9089715536105033,5839.233260393873,male,60-64,199,0.03097758405977584,0.028157742709914408,0.009092063158539842,0.000281650150770459
2019,E02005592,E07000148,9394,228441,2364,2555,0.9252446183953034,8691.74794520548,female,60-64,217,0.023099850968703428,0.021373012794526382,0.010348405058636585,0.00023904661461828178
2019,E02005592,E07000148,9394,228441,2364,2555,0.9252446183953034,8691.74794520548,male,60-64,177,0.018841813923781137,0.01743328693378419,0.010348405058636585,0.00019498272252274596
2019,E02006273,E07000245,6726,228441,75,2935,0.02555366269165247,171.8739352640545,female,60-64,252,0.03746654772524532,0.000957407522791618,0.0003283123432308561,1.2300730076445992e-05
2019,E02006273,E07000245,6726,228441,75,2935,0.02555366269165247,171.8739352640545,male,60-64,199,0.0295866785608088,0.0007560480041092538,0.0003283123432308561,9.71367176671727e-06
2019,E02005596,E07000148,9370,228441,3497,3688,0.9482104121475055,8884.731561822126,female,60-64,254,0.027107790821771612,0.025703889507520426,0.015308110190377384,0.0004149690489173805
2019,E02005596,E07000148,9370,228441,3497,3688,0.9482104121475055,8884.731561822126,male,60-64,195,0.0208110992529349,0.01973330099986804,0.015308110190377384,0.0003185786005468079
2019,E02005524,E07000144,5487,228441,1872,2021,0.9262741217219198,5082.466105888174,female,60-64,198,0.03608529250956807,0.03342487262637874,0.008194676087042168,0.00029570728362207936
2019,E02005524,E07000144,5487,228441,1872,2021,0.9262741217219198,5082.466105888174,male,60-64,194,0.03535629670129397,0.03274962267433068,0.008194676087042168,0.0002897333991044616
2019,E02005534,E07000144,7281,228441,2498,2697,0.9262143121987393,6743.766407119021,female,60-64,254,0.03488531795083093,0.0323112807716632,0.01093498977854238,0.0003814705952135372
2019,E02005534,E07000144,7281,228441,2498,2697,0.9262143121987393,6743.766407119021,male,60-64,268,0.03680813075127043,0.0340922175071092,0.01093498977854238,0.00040249653353239363
2019,E02005585,E07000148,11017,228441,3685,3934,0.9367056431113371,10319.6860701576,female,60-64,208,0.018879912861940636,0.01768492091923011,0.016131079797409395,0.00030455338094410037
2019,E02005585,E07000148,11017,228441,3685,3934,0.9367056431113371,10319.6860701576,male,60-64,210,0.019061450485613144,0.01785496823576117,0.016131079797409395,0.0003074817788377937
2019,E02005527,E07000144,8922,228441,2984,3250,0.9181538461538462,8191.768615384616,female,60-64,276,0.03093476798924008,0.028402876209197663,0.013062453762678328,0.0004040839765186302
2019,E02005527,E07000144,8922,228441,2984,3250,0.9181538461538462,8191.768615384616,male,60-64,262,0.02936561309123515,0.02696215060438329,0.013062453762678328,0.00038358696321696056
2019,E02005584,E07000148,10955,228441,3703,3961,0.9348649330977026,10241.445342085332,female,60-64,268,0.02446371519853948,0.02287026947240386,0.016209874759784804,0.000396553759527369
2019,E02005584,E07000148,10955,228441,3703,3961,0.9348649330977026,10241.445342085332,male,60-64,245,0.022364217252396165,0.020907522465443827,0.016209874759784804,0.0003625211607619605
2019,E02005590,E07000148,11086,228441,3673,3972,0.92472306143001,10251.479859013092,female,60-64,267,0.024084430813638823,0.02227142859478736,0.01607854982249246,0.0003872427207834644
2019,E02005590,E07000148,11086,228441,3673,3972,0.92472306143001,10251.479859013092,male,60-64,258,0.023272596067111673,0.021520706282603518,0.01607854982249246,0.00037418959536379714
2019,E02005607,E07000149,11561,228441,3943,4219,0.9345816544204788,10804.698506755156,female,60-64,415,0.03589654874145835,0.0335482559107775,0.01726047425812354,0.000619591455507419
2019,E02005607,E07000149,11561,228441,3943,4219,0.9345816544204788,10804.698506755156,male,60-64,395,0.034166594585243494,0.031931472493390636,0.01726047425812354,0.0005897316263263385
2019,E02005601,E07000149,5673,228441,2051,2209,0.9284744228157538,5267.235400633771,female,60-64,182,0.03208179093953816,0.029787122325483372,0.008978248212886479,0.0002880382821691061
2019,E02005601,E07000149,5673,228441,2051,2209,0.9284744228157538,5267.235400633771,male,60-64,197,0.034725894588401196,0.032242104934726505,0.008978248212886479,0.00031177770102919726
2019,E02005516,E07000143,6908,228441,1676,2829,0.592435489572287,4092.5443619653583,female,60-64,277,0.040098436595251884,0.02375573691539136,0.007336686496732198,0.0002941896583084567
2019,E02005516,E07000143,6908,228441,1676,2829,0.592435489572287,4092.5443619653583,male,60-64,241,0.03488708743485813,0.02066834872422136,0.007336686496732198,0.0002559556232936392
2019,E02005465,E07000140,8563,228441,11,3284,0.0033495736906211937,28.68239951278928,female,60-64,341,0.03982249211724863,0.0001333883718909059,4.815247700719223e-05,1.9175516360449084e-06
2019,E02005465,E07000140,8563,228441,11,3284,0.0033495736906211937,28.68239951278928,male,60-64,341,0.03982249211724863,0.0001333883718909059,4.815247700719223e-05,1.9175516360449084e-06
2019,E02005588,E07000148,12054,228441,3867,4106,0.9417924987822699,11352.366780321481,female,60-64,291,0.02414136386261822,0.022736155396187202,0.016927784416982943,0.00040865980299834384
2019,E02005588,E07000148,12054,228441,3867,4106,0.9417924987822699,11352.366780321481,male,60-64,227,0.018831923013107682,0.017735763831390017,0.016927784416982943,0.0003187827329231067
2019,E02005523,E07000144,8470,228441,2828,3036,0.9314888010540184,7889.710144927536,female,60-64,261,0.030814639905548995,0.028703491980531144,0.012379564088758148,0.0003814718095827481
2019,E02005523,E07000144,8470,228441,2828,3036,0.9314888010540184,7889.710144927536,male,60-64,267,0.03152302243211334,0.029363342370888185,0.012379564088758148,0.00039024127646970785
2019,E02006241,E07000245,9054,228441,39,3755,0.010386151797603195,94.03621837549933,female,60-64,246,0.027170311464546057,0.00028219497925893375,0.00017072241848004518,4.638581284083402e-06
2019,E02006241,E07000245,9054,228441,39,3755,0.010386151797603195,94.03621837549933,male,60-64,217,0.023967307267506073,0.0002489280914601163,0.00017072241848004518,4.091756661163e-06
2019,E02005598,E07000149,9977,228441,3359,3607,0.9312448017743277,9291.029387302468,female,60-64,293,0.029367545354314923,0.02734837395207758,0.014704015478832608,0.00043182084146516526
2019,E02005598,E07000149,9977,228441,3359,3607,0.9312448017743277,9291.029387302468,male,60-64,261,0.02616016838729077,0.024361520824205625,0.014704015478832608,0.00038465952089559096
2019,E02005576,E07000147,6730,228441,2567,2849,0.901017901017901,6063.8504738504735,female,60-64,340,0.05052005943536404,0.045519477911751316,0.011237037134314768,0.0005676957839029749
2019,E02005576,E07000147,6730,228441,2567,2849,0.901017901017901,6063.8504738504735,male,60-64,277,0.04115898959881129,0.03708498641633857,0.011237037134314768,0.0004625050945327178
2019,E02005525,E07000144,10164,228441,3168,3381,0.9370008873114463,9523.67701863354,female,60-64,325,0.03197560015741834,0.029961165719817006,0.013867913378071361,0.00044343485319492257
2019,E02005525,E07000144,10164,228441,3168,3381,0.9370008873114463,9523.67701863354,male,60-64,279,0.02744982290436836,0.025720508417935214,0.013867913378071361,0.00038067176628117964
2019,E02003738,E07000009,6280,228441,13,2354,0.0055225148683092605,34.68139337298216,female,60-64,235,0.037420382165605094,0.00020665461688736881,5.690747282668173e-05,2.1294993812532174e-06
2019,E02003738,E07000009,6280,228441,13,2354,0.0055225148683092605,34.68139337298216,male,60-64,192,0.030573248407643312,0.00016884121890372263,5.690747282668173e-05,1.7398463029813521e-06
2019,E02005603,E07000149,11652,228441,3684,3943,0.9343139741313721,10886.626426578747,female,60-64,260,0.022313765877102643,0.02084806327447277,0.01612670229949965,0.00035984745948076805
2019,E02005603,E07000149,11652,228441,3684,3943,0.9343139741313721,10886.626426578747,male,60-64,284,0.02437349811191212,0.022772499884424105,0.01612670229949965,0.00039306414804822357
2019,E02005600,E07000149,6635,228441,2020,2210,0.9140271493212669,6064.570135746606,female,60-64,214,0.03225320271288621,0.029480302932140337,0.008842545777684391,0.0002852004214656307
2019,E02005600,E07000149,6635,228441,2020,2210,0.9140271493212669,6064.570135746606,male,60-64,205,0.03089675960813866,0.028240477107891446,0.008842545777684391,0.00027320601121707616
2019,E02005513,E07000143,9953,228441,3432,3696,0.9285714285714286,9242.07142857143,female,60-64,274,0.027529388124183662,0.025563003258170545,0.015023572826243975,0.00041358976734560927
2019,E02005513,E07000143,9953,228441,3432,3696,0.9285714285714286,9242.07142857143,male,60-64,268,0.0269265548075957,0.02500322946419601,0.015023572826243975,0.00040453305711176383
2019,E02006238,E07000245,9785,228441,133,4511,0.029483484814896918,288.4958989137663,female,60-64,343,0.03505365355135411,0.0010335038621880064,0.0005822072219960515,2.04084902549459e-05
2019,E02006238,E07000245,9785,228441,133,4511,0.029483484814896918,288.4958989137663,male,60-64,330,0.03372508942258559,0.000994333161871843,0.0005822072219960515,1.9634990624291976e-05
2019,E02005572,E07000147,7738,228441,3064,3314,0.9245624622812312,7154.264333132167,female,60-64,306,0.03954510209356423,0.03656191696278842,0.013412653595457909,0.0005304047557779944
2019,E02005572,E07000147,7738,228441,3064,3314,0.9245624622812312,7154.264333132167,male,60-64,283,0.03657275781855777,0.03381379902114092,0.013412653595457909,0.0004905377316508901
2019,E02005518,E07000143,11391,228441,609,4444,0.13703870387038705,1561.007875787579,female,60-64,287,0.025195329646211923,0.0034527353183040196,0.0026658962270345514,6.716813424272814e-05
2019,E02005518,E07000143,11391,228441,609,4444,0.13703870387038705,1561.007875787579,male,60-64,299,0.026248792906680713,0.0035971005580937346,0.0026658962270345514,6.997655797413141e-05
2019,E02005574,E07000147,7117,228441,2517,2774,0.9073540014419611,6457.638428262437,female,60-64,323,0.045384291133904735,0.04117961816295538,0.01101816223882753,0.0005000514828075442
2019,E02005574,E07000147,7117,228441,2517,2774,0.9073540014419611,6457.638428262437,male,60-64,301,0.042293101025713084,0.03837481444906988,0.01101816223882753,0.0004659922486844298
2019,E02005570,E07000147,7365,228441,2562,2824,0.9072237960339944,6681.703257790368,female,60-64,299,0.040597420230821454,0.03683094569099312,0.011215149644766045,0.0004553061430801151
2019,E02005570,E07000147,7365,228441,2562,2824,0.9072237960339944,6681.703257790368,male,60-64,271,0.036795655125594025,0.033381893920599114,0.011215149644766045,0.00041266877851073975
2019,E02005521,E07000144,8781,228441,2751,2985,0.9216080402010051,8092.640201005025,female,60-64,318,0.036214554151007855,0.03337562427786352,0.012042496749707803,0.00043611365065562933
2019,E02005521,E07000144,8781,228441,2751,2985,0.9216080402010051,8092.640201005025,male,60-64,294,0.033481380252818584,0.030856709238024766,0.012042496749707803,0.0004031994128702988
2019,E02003746,E07000010,7756,228441,12,3266,0.003674219228413962,28.49724433557869,female,60-64,196,0.02527075812274368,9.285030541118315e-05,5.252997491693698e-05,1.327472290319707e-06
2019,E02003746,E07000010,7756,228441,12,3266,0.003674219228413962,28.49724433557869,male,60-64,186,0.02398143372872615,8.811304493102075e-05,5.252997491693698e-05,1.259744112242171e-06
2019,E02003751,E07000010,7027,228441,8,3191,0.0025070510811657787,17.617047947351928,female,60-64,245,0.034865518713533515,8.740963638616989e-05,3.501998327795798e-05,1.2209898823252748e-06
2019,E02003751,E07000010,7027,228441,8,3191,0.0025070510811657787,17.617047947351928,male,60-64,234,0.03330012807741568,8.34851220994439e-05,3.501998327795798e-05,1.1661699284249563e-06
2019,E02005575,E07000147,7169,228441,2376,2621,0.9065242273941244,6498.872186188478,female,60-64,321,0.04477611940298507,0.04059063704749811,0.010400935033553521,0.000465713508965083
2019,E02005575,E07000147,7169,228441,2376,2621,0.9065242273941244,6498.872186188478,male,60-64,328,0.045752545682800946,0.04147579112641551,0.010400935033553521,0.0004758692552665023
2019,E02005468,E07000140,7623,228441,12,2918,0.00411240575736806,31.348869088416723,female,60-64,282,0.03699330972058245,0.0001521314998790231,5.252997491693698e-05,1.943257631716677e-06
2019,E02005468,E07000140,7623,228441,12,2918,0.00411240575736806,31.348869088416723,male,60-64,275,0.03607503607503607,0.0001483551860522388,5.252997491693698e-05,1.8950207401492416e-06
2019,E02003750,E07000010,7481,228441,9,3479,0.0025869502730669733,19.352974992814026,female,60-64,255,0.03408635209196632,8.817969785216926e-05,3.939748118770273e-05,1.3429164153006546e-06
2019,E02003750,E07000010,7481,228441,9,3479,0.0025869502730669733,19.352974992814026,male,60-64,223,0.029808849084347014,7.71140102785637e-05,3.939748118770273e-05,1.1743935710276313e-06
2019,E02005508,E07000143,7007,228441,2441,2632,0.9274316109422492,6498.51329787234,female,60-64,280,0.03996003996003996,0.03706020423345651,0.01068547239768693,0.00042699190400347374
2019,E02005508,E07000143,7007,228441,2441,2632,0.9274316109422492,6498.51329787234,male,60-64,253,0.03610675039246468,0.03348654168237321,0.01068547239768693,0.00038581768468885303
2019,E02003753,E07000011,11314,228441,11,3948,0.002786220871327254,31.523302938196554,female,60-64,310,0.02739968181014672,7.634156532715651e-05,4.815247700719223e-05,1.319362548367473e-06
2019,E02003753,E07000011,11314,228441,11,3948,0.002786220871327254,31.523302938196554,male,60-64,303,0.026780979317659537,7.461772352944653e-05,4.815247700719223e-05,1.2895704908236917e-06
2019,E02005599,E07000149,6569,228441,2263,2427,0.9324268644416975,6125.1120725175115,female,60-64,199,0.030293804231998782,0.028246756892053252,0.009906277769752366,0.00030009883942467967
2019,E02005599,E07000149,6569,228441,2263,2427,0.9324268644416975,6125.1120725175115,male,60-64,159,0.02420459735119501,0.02256901681324858,0.009906277769752366,0.0002397774646659501
2019,E02003245,E06000031,7836,228441,8,2848,0.0028089887640449437,22.01123595505618,female,60-64,200,0.025523226135783564,7.169445543759428e-05,3.501998327795798e-05,8.938229524746805e-07
2019,E02003245,E06000031,7836,228441,8,2848,0.0028089887640449437,22.01123595505618,male,60-64,158,0.020163348647269014,5.663861979569947e-05,3.501998327795798e-05,7.061201324549976e-07
2019,E02005526,E07000144,5348,228441,1968,2102,0.9362511893434824,5007.071360608944,female,60-64,159,0.02973074046372476,0.027835441119224702,0.008614915886377665,0.0002561278283347137
2019,E02005526,E07000144,5348,228441,1968,2102,0.9362511893434824,5007.071360608944,male,60-64,127,0.023747195213163798,0.022233339761896457,0.008614915886377665,0.00020458008929879644
2019,E02005528,E07000144,8597,228441,2743,2924,0.9380984952120383,8064.832763337893,female,60-64,302,0.035128533209259044,0.032954024142612025,0.012007476766429845,0.0004218050463489372
2019,E02005528,E07000144,8597,228441,2743,2924,0.9380984952120383,8064.832763337893,male,60-64,250,0.029079911597068745,0.027279821310109288,0.012007476766429845,0.00034917636287163674
2019,E02005530,E07000144,5483,228441,2031,2157,0.9415855354659249,5162.713490959666,female,60-64,195,0.035564472004377165,0.03348699241580437,0.008890698254691583,0.0003161929891783437
2019,E02005530,E07000144,5483,228441,2031,2157,0.9415855354659249,5162.713490959666,male,60-64,199,0.036293999635236183,0.034173905080743944,0.008890698254691583,0.0003226789992127713
2019,E02005581,E07000147,8362,228441,2689,2942,0.9140040788579198,7642.9021074099255,female,60-64,334,0.03994259746472136,0.03650769700293533,0.011771091879303627,0.0004701679846552753
2019,E02005581,E07000147,8362,228441,2689,2942,0.9140040788579198,7642.9021074099255,male,60-64,406,0.04855297775651758,0.04437761971015492,0.011771091879303627,0.0005715215621857538
2019,E02006274,E07000245,6820,228441,80,2816,0.028409090909090908,193.75,female,60-64,172,0.025219941348973606,0.0007164756065049319,0.0003501998327795799,8.83201924312137e-06
2019,E02006274,E07000245,6820,228441,80,2816,0.028409090909090908,193.75,male,60-64,173,0.025366568914956013,0.0007206411623567048,0.0003501998327795799,8.883368192209285e-06
2019,E02005586,E07000148,9889,228441,3031,3232,0.937809405940594,9273.997215346535,female,60-64,202,0.020426736778238447,0.01915638588330468,0.013268196164436332,0.0002710259505729739
2019,E02005586,E07000148,9889,228441,3031,3232,0.937809405940594,9273.997215346535,male,60-64,182,0.018404287592274245,0.017259714013670557,0.013268196164436332,0.0002441916980409963
2019,E02006908,E07000148,5715,228441,1741,1868,0.9320128479657388,5326.453426124197,female,60-64,137,0.023972003499562553,0.02234221525307195,0.007621223860865606,0.00018269600506361995
2019,E02006908,E07000148,5715,228441,1741,1868,0.9320128479657388,5326.453426124197,male,60-64,154,0.02694663167104112,0.02511460692681081,0.007621223860865606,0.00020536631226129542
2019,E02006281,E07000245,8800,228441,31,4082,0.007594316511513963,66.82998530132288,female,60-64,251,0.028522727272727273,0.00021661061868068237,0.0001357024352020872,3.870603549514078e-06
2019,E02006281,E07000245,8800,228441,31,4082,0.007594316511513963,66.82998530132288,male,60-64,242,0.0275,0.000208843704066634,0.0001357024352020872,3.731816968057398e-06
2019,E02006316,E07000244,7206,228441,1008,3252,0.30996309963099633,2233.5940959409595,female,60-64,272,0.03774632250902026,0.011699967124567168,0.0044125178930227065,0.00016655632346685765
2019,E02006316,E07000244,7206,228441,1008,3252,0.30996309963099633,2233.5940959409595,male,60-64,257,0.03566472384124341,0.011054748349315302,0.0044125178930227065,0.00015737123209920006
2019,E02006307,E07000244,7303,228441,507,3269,0.15509330070357907,1132.646375038238,female,60-64,255,0.03491715733260304,0.005415417181899584,0.0022193914402405873,7.749484010151304e-05
2019,E02006307,E07000244,7303,228441,507,3269,0.15509330070357907,1132.646375038238,male,60-64,241,0.033000136930028755,0.0051181001601482345,0.0022193914402405873,7.324022142927311e-05
2019,E02006302,E07000244,6742,228441,476,3081,0.15449529373580007,1041.607270366764,female,60-64,302,0.044793829724117475,0.006920435880778941,0.0020836890050385,9.333641048971033e-05
2019,E02006302,E07000244,6742,228441,476,3081,0.15449529373580007,1041.607270366764,male,60-64,266,0.0394541679026995,0.0060954832592291334,0.0020836890050385,8.221021586179784e-05
2019,E02006907,E07000148,6796,228441,1842,1988,0.9265593561368209,6296.897384305835,female,60-64,129,0.01898175397292525,0.017587721739501162,0.008063351149749825,0.00015305654772185514
2019,E02006907,E07000148,6796,228441,1842,1988,0.9265593561368209,6296.897384305835,male,60-64,147,0.02163037080635668,0.02004182244733853,0.008063351149749825,0.00017441327531095117
2019,E02006304,E07000244,7774,228441,519,3641,0.14254325734688272,1108.1312826146664,female,60-64,263,0.033830717777206074,0.0048223407103460455,0.0022719214151575243,7.686073220818484e-05
2019,E02006304,E07000244,7774,228441,519,3641,0.14254325734688272,1108.1312826146664,male,60-64,241,0.03100077180344739,0.004418950993130786,0.0022719214151575243,7.043131734666367e-05
2019,E02006309,E07000244,6899,228441,465,3371,0.1379412637199644,951.6567784040344,female,60-64,217,0.03145383388896941,0.004338781595482283,0.002035536528031308,6.40254278276263e-05
2019,E02006309,E07000244,6899,228441,465,3371,0.1379412637199644,951.6567784040344,male,60-64,184,0.02667053196115379,0.0036789668828052543,0.002035536528031308,5.428884202895502e-05
2019,E02006825,E07000009,6602,228441,13,2349,0.005534269902085994,36.53724989357173,female,60-64,214,0.03241441987276583,0.00017939014829542607,5.690747282668173e-05,1.8446227181020737e-06
2019,E02006825,E07000009,6602,228441,13,2349,0.005534269902085994,36.53724989357173,male,60-64,178,0.02696152681005756,0.00014921236633918614,5.690747282668173e-05,1.5343123543092013e-06
2019,E02005608,E07000149,7756,228441,2353,3208,0.7334788029925187,5688.861596009975,female,60-64,310,0.03996905621454358,0.029316455508984113,0.010300252581629392,0.0004116913744591428
2019,E02005608,E07000149,7756,228441,2353,3208,0.7334788029925187,5688.861596009975,male,60-64,289,0.03726147498710675,0.027330502071278736,0.010300252581629392,0.00038380260393126533
2019,E02005587,E07000148,9985,228441,3668,3934,0.9323843416370107,9309.857651245551,female,60-64,241,0.02413620430645969,0.0225042189618948,0.016056662332943734,0.0003875468825477656
2019,E02005587,E07000148,9985,228441,3668,3934,0.9323843416370107,9309.857651245551,male,60-64,275,0.02754131196795193,0.025679088027058383,0.016056662332943734,0.0004422215464756662
2019,E02006308,E07000244,7736,228441,477,3755,0.12703062583222371,982.7089214380827,female,60-64,226,0.02921406411582213,0.0037110808477355947,0.0020880665029482447,6.100090869523052e-05
2019,E02006308,E07000244,7736,228441,477,3755,0.12703062583222371,982.7089214380827,male,60-64,241,0.031153050672182006,0.003957391523470258,0.0020880665029482447,6.504964157323255e-05
2019,E02006305,E07000244,10024,228441,525,4350,0.1206896551724138,1209.7931034482758,female,60-64,215,0.02144852354349561,0.002588614910421884,0.002298186402615993,4.9292705163850606e-05
2019,E02006305,E07000244,10024,228441,525,4350,0.1206896551724138,1209.7931034482758,male,60-64,240,0.023942537909018357,0.0028896166441918707,0.002298186402615993,5.5024415066623934e-05
2019,E02006314,E07000244,7383,228441,1607,3302,0.4866747425802544,3593.119624470018,female,60-64,277,0.03751862386563728,0.01825936661177441,0.00703463914095981,0.00026392997996016086
2019,E02006314,E07000244,7383,228441,1607,3302,0.4866747425802544,3593.119624470018,male,60-64,262,0.035486929432480024,0.017270592246515868,0.00703463914095981,0.0002496377427782027
2019,E02006279,E07000245,8825,228441,36,4024,0.008946322067594433,78.95129224652088,female,60-64,283,0.03206798866855524,0.00028689055468886395,0.00015758992475081092,5.053591921187477e-06
2019,E02006279,E07000245,8825,228441,36,4024,0.008946322067594433,78.95129224652088,male,60-64,239,0.02708215297450425,0.00024228566279377558,0.00015758992475081092,4.2678744493420745e-06
2019,E02006315,E07000244,5848,228441,517,2641,0.19575918212798182,1144.7996970844376,female,60-64,272,0.046511627906976744,0.009105078238510783,0.002263166419338035,0.00010526355438781557
2019,E02006315,E07000244,5848,228441,517,2641,0.19575918212798182,1144.7996970844376,male,60-64,226,0.03864569083447333,0.007565248830527342,0.002263166419338035,8.746162974869972e-05
2019,E02006276,E07000245,6874,228441,26,2902,0.00895933838731909,61.586492074431426,female,60-64,261,0.03796915915042188,0.00034017854511060266,0.00011381494565336345,4.321457785209174e-06
2019,E02006276,E07000245,6874,228441,26,2902,0.00895933838731909,61.586492074431426,male,60-64,209,0.03040442246144894,0.00027240350930312626,0.00011381494565336345,3.460477690071714e-06
2019,E02006278,E07000245,8793,228441,28,3456,0.008101851851851851,71.23958333333333,female,60-64,273,0.031047424087342203,0.0002515416303372632,0.00012256994147285294,3.8054809532683782e-06
2019,E02006278,E07000245,8793,228441,28,3456,0.008101851851851851,71.23958333333333,male,60-64,224,0.025474809507562833,0.0002063931325844211,0.00012256994147285294,3.122445910374054e-06
2019,E02006277,E07000245,7994,228441,17,2787,0.006099748833871547,48.76139217796914,female,60-64,214,0.026770077558168626,0.00016329074936808995,7.441746446566072e-05,1.9921612954279952e-06
2019,E02006277,E07000245,7994,228441,17,2787,0.006099748833871547,48.76139217796914,male,60-64,184,0.023017262947210407,0.00014039952282116145,7.441746446566072e-05,1.7128863474707996e-06
2019,E02006275,E07000245,7142,228441,24,3181,0.007544797233574348,53.88494184218799,female,60-64,160,0.022402688322598712,0.00016902374088097113,0.00010505994983387396,2.3536253113161345e-06
2019,E02006275,E07000245,7142,228441,24,3181,0.007544797233574348,53.88494184218799,male,60-64,166,0.023242789134696164,0.00017536213116400753,0.00010505994983387396,2.4418862604904897e-06
2019,E02005550,E07000145,7234,228441,448,3415,0.13118594436310396,948.999121522694,female,60-64,232,0.032070776886922864,0.004207235152369383,0.001961119063565647,6.289461193630496e-05
2019,E02005550,E07000145,7234,228441,448,3415,0.13118594436310396,948.999121522694,male,60-64,210,0.02902958252695604,0.00380827319826539,0.001961119063565647,5.6930467700965696e-05
2019,E02003758,E07000011,9606,228441,8,3798,0.00210637177461822,20.23380726698262,female,60-64,298,0.031022277743077243,6.534445022238492e-05,3.501998327795798e-05,1.0863996478067332e-06
2019,E02003758,E07000011,9606,228441,8,3798,0.00210637177461822,20.23380726698262,male,60-64,298,0.031022277743077243,6.534445022238492e-05,3.501998327795798e-05,1.0863996478067332e-06
2019,E02003775,E07000012,6886,228441,8,2586,0.0030935808197989174,21.302397525135344,female,60-64,206,0.029915771129828638,9.254685577673206e-05,3.501998327795798e-05,1.047649804713817e-06
2019,E02003775,E07000012,6886,228441,8,2586,0.0030935808197989174,21.302397525135344,male,60-64,239,0.03470810339819924,0.0001073723229642668,3.501998327795798e-05,1.215477200614574e-06
2019,E02005531,E07000144,5447,228441,1858,1969,0.9436262061960387,5139.931945149822,female,60-64,199,0.03653387185606756,0.03447431889719326,0.008133391116305741,0.00029714426879839224
2019,E02005531,E07000144,5447,228441,1858,1969,0.9436262061960387,5139.931945149822,male,60-64,158,0.02900679272994309,0.027371569777671034,0.008133391116305741,0.00023592359030224109
2019,E02005536,E07000144,6216,228441,2430,2679,0.9070548712206047,5638.253079507279,female,60-64,222,0.03571428571428571,0.03239481682930731,0.010637319920679738,0.0003799042828814192
2019,E02005536,E07000144,6216,228441,2430,2679,0.9070548712206047,5638.253079507279,male,60-64,220,0.035392535392535396,0.03210297163264689,0.010637319920679738,0.00037648172177437943
2019,E02005582,E07000147,6991,228441,2342,3094,0.7569489334195216,5291.8299935358755,female,60-64,318,0.045487054784723216,0.03443137760369159,0.0102521001046222,0.0004663378391174166
2019,E02005582,E07000147,6991,228441,2342,3094,0.7569489334195216,5291.8299935358755,male,60-64,277,0.03962237162065513,0.02999211193780682,0.0102521001046222,0.00040621252023749813
2019,E02005522,E07000144,5534,228441,1858,1985,0.9360201511335012,5179.935516372796,female,60-64,210,0.03794723527285869,0.03551937689519972,0.008133391116305741,0.00030863970625663275
2019,E02005522,E07000144,5534,228441,1858,1985,0.9360201511335012,5179.935516372796,male,60-64,208,0.0375858330321648,0.03518109711524544,0.008133391116305741,0.00030570028048276007
2019,E02005549,E07000145,5270,228441,397,2637,0.15054986727341677,793.3978005309064,female,60-64,212,0.040227703984819736,0.00605627549562891,0.001737866670168665,6.991038597262941e-05
2019,E02005549,E07000145,5270,228441,397,2637,0.15054986727341677,793.3978005309064,male,60-64,231,0.04383301707779886,0.006599054903256029,0.001737866670168665,7.617593943244053e-05
2019,E02005606,E07000149,5848,228441,1025,2229,0.4598474652310453,2689.187976671153,female,60-64,225,0.03847469220246238,0.017692489684846987,0.004486935357488367,0.00017263345681171042
2019,E02005606,E07000149,5848,228441,1025,2229,0.4598474652310453,2689.187976671153,male,60-64,220,0.03761969904240766,0.017299323247405945,0.004486935357488367,0.0001687971577714502
2019,E02005529,E07000144,5904,228441,2426,2537,0.9562475364603863,5645.685455262121,female,60-64,209,0.03539972899728997,0.033850903645023835,0.010619809929040758,0.00037593839349077206
2019,E02005529,E07000144,5904,228441,2426,2537,0.9562475364603863,5645.685455262121,male,60-64,193,0.03268970189701897,0.0312594469066488,0.010619809929040758,0.00034715842078334455
2019,E02006310,E07000244,8522,228441,490,3371,0.14535746069415603,1238.7362800355977,female,60-64,225,0.026402252992255338,0.0038377644515589187,0.0021449739757749267,5.6632145570213384e-05
2019,E02006310,E07000244,8522,228441,490,3371,0.14535746069415603,1238.7362800355977,male,60-64,208,0.024407416099507157,0.0035478000263300226,0.0021449739757749267,5.235327234935282e-05
2019,E02005541,E07000145,5924,228441,391,2884,0.1355755894590846,803.1497919556172,female,60-64,157,0.02650236326806212,0.0035930735221263136,0.0017116016827101964,4.536148956541202e-05
2019,E02005541,E07000145,5924,228441,391,2884,0.1355755894590846,803.1497919556172,male,60-64,199,0.033592167454422686,0.004554277903841633,0.0017116016827101964,5.749641034087257e-05
2019,E02005537,E07000144,6050,228441,1455,2548,0.5710361067503925,3454.768445839875,female,60-64,193,0.03190082644628099,0.018216523736004256,0.0063692594586786085,0.0002031846405826399
2019,E02005537,E07000144,6050,228441,1455,2548,0.5710361067503925,3454.768445839875,male,60-64,200,0.03305785123966942,0.018877226669434463,0.0063692594586786085,0.00021055403169185482
2019,E02005546,E07000145,7892,228441,496,3877,0.12793396956409595,1009.6548877998453,female,60-64,252,0.031931069437404966,0.0040850684655540015,0.002171238963233395,6.932998210020471e-05
2019,E02005546,E07000145,7892,228441,496,3877,0.12793396956409595,1009.6548877998453,male,60-64,198,0.025088697415103903,0.0032096966515067155,0.002171238963233395,5.447355736444656e-05
2019,E02005543,E07000145,9707,228441,592,4599,0.12872363557295063,1249.5203305066318,female,60-64,224,0.023076130627382303,0.002970443429312964,0.0025914787625688908,5.980130244312677e-05
2019,E02005543,E07000145,9707,228441,592,4599,0.12872363557295063,1249.5203305066318,male,60-64,245,0.025239517873699394,0.0032489225008110545,0.0025914787625688908,6.54076745471699e-05
2019,E02005484,E07000141,7211,228441,9,2876,0.003129346314325452,22.565716272600834,female,60-64,256,0.03550131743170157,0.00011109591685859322,3.939748118770273e-05,1.3986624856541254e-06
2019,E02005484,E07000141,7211,228441,9,2876,0.003129346314325452,22.565716272600834,male,60-64,263,0.036472056580224656,0.00011413369583519537,3.939748118770273e-05,1.4369071629962305e-06
2019,E02005539,E07000145,7534,228441,806,3487,0.23114425007169487,1741.440780040149,female,60-64,316,0.04194319086806477,0.009694927398812793,0.003528263315254267,0.0001479866216645007
2019,E02005539,E07000145,7534,228441,806,3487,0.23114425007169487,1741.440780040149,male,60-64,293,0.03889036368462968,0.008989283948899203,0.003528263315254267,0.00013721544350537565
2019,E02005545,E07000145,6351,228441,437,2936,0.14884196185286103,945.2952997275204,female,60-64,220,0.03464021413950559,0.005155917431527228,0.001912966586558455,6.626557220010394e-05
2019,E02005545,E07000145,6351,228441,437,2936,0.14884196185286103,945.2952997275204,male,60-64,208,0.03275074791371438,0.004874685571625743,0.001912966586558455,6.265108644373464e-05
2019,E02005533,E07000144,8917,228441,2992,3481,0.8595231255386383,7664.367710428038,female,60-64,313,0.0351014915330268,0.030170543713535246,0.013097473745956286,0.0004597408637977254
2019,E02005533,E07000144,8917,228441,2992,3481,0.8595231255386383,7664.367710428038,male,60-64,283,0.031737131322193565,0.02727879830968203,0.013097473745956286,0.00041567624426439714
2019,E02005583,E07000147,8736,228441,3117,4005,0.7782771535580524,6799.029213483145,female,60-64,406,0.046474358974358976,0.03616993181599923,0.01364466098467438,0.0006341268726851875
2019,E02005583,E07000147,8736,228441,3117,4005,0.7782771535580524,6799.029213483145,male,60-64,383,0.04384157509157509,0.03412089626977267,0.01364466098467438,0.0005982034291586867
2019,E02003785,E07000012,9173,228441,8,3105,0.0025764895330112722,23.6341384863124,female,60-64,232,0.02529161670118827,6.516358570354466e-05,3.501998327795798e-05,8.85711993948136e-07
2019,E02003785,E07000012,9173,228441,8,3105,0.0025764895330112722,23.6341384863124,male,60-64,273,0.029761255859587922,7.667956421149868e-05,3.501998327795798e-05,1.0422386825337981e-06
2019,E02003254,E06000031,8600,228441,8,3068,0.002607561929595828,22.42503259452412,female,60-64,329,0.03825581395348837,9.975440405081713e-05,3.501998327795798e-05,1.3397179649358344e-06
2019,E02003254,E06000031,8600,228441,8,3068,0.002607561929595828,22.42503259452412,male,60-64,296,0.03441860465116279,8.974864315818198e-05,3.501998327795798e-05,1.2053389593343676e-06
2019,E02003726,E07000008,8442,228441,9,2085,0.004316546762589928,36.44028776978417,female,60-64,146,0.017294479981047144,7.465243157286537e-05,3.939748118770273e-05,6.813589497044064e-07
2019,E02003726,E07000008,8442,228441,9,2085,0.004316546762589928,36.44028776978417,male,60-64,149,0.017649846008054963,7.618638564628042e-05,3.939748118770273e-05,6.953594760681956e-07
2019,E02005544,E07000145,7497,228441,439,3315,0.13242835595776772,992.8153846153846,female,60-64,182,0.02427637721755369,0.0032148807235312426,0.0019217215823779444,4.6652438040921156e-05
2019,E02005544,E07000145,7497,228441,439,3315,0.13242835595776772,992.8153846153846,male,60-64,203,0.02707749766573296,0.0035858284993233094,0.0019217215823779444,5.203541166102744e-05
2019,E02005446,E07000138,10958,228441,11,1999,0.005502751375687844,60.29914957478739,female,60-64,113,0.010312100748311735,5.6744926579004046e-05,4.815247700719223e-05,4.965531941789306e-07
2019,E02005446,E07000138,10958,228441,11,1999,0.005502751375687844,60.29914957478739,male,60-64,140,0.012776054024457018,7.030344885894308e-05,4.815247700719223e-05,6.151986476553124e-07
2019,E02005593,E07000148,12414,228441,2398,2647,0.9059312429165093,11246.230449565546,female,65-69,158,0.012727565651683584,0.01153029937013118,0.010497239987567906,0.0001336043111032487
2019,E02005593,E07000148,12414,228441,2398,2647,0.9059312429165093,11246.230449565546,male,65-69,148,0.011922023521830192,0.010800533587211485,0.010497239987567906,0.00012514834204608105
2019,E02006287,E07000244,6179,228441,545,2715,0.2007366482504604,1240.3517495395947,female,65-69,302,0.048875222527917137,0.00981104835274948,0.0023857363608108875,0.00011660339552757534
2019,E02006287,E07000244,6179,228441,545,2715,0.2007366482504604,1240.3517495395947,male,65-69,329,0.053244861628095164,0.010688195059783375,0.0023857363608108875,0.00012702820241249102
2019,E02006233,E07000200,11790,228441,40,5050,0.007920792079207921,93.38613861386139,female,65-69,374,0.031721798134011873,0.0002512617673981139,0.00017509991638978994,5.554484200999274e-06
2019,E02006233,E07000200,11790,228441,40,5050,0.007920792079207921,93.38613861386139,male,65-69,293,0.024851569126378287,0.00019684411189210526,0.00017509991638978994,4.351507676183923e-06
2019,E02006288,E07000244,9562,228441,114,3453,0.03301476976542137,315.68722849695916,female,65-69,361,0.037753608031792514,0.001246426676983593,0.0004990347617109013,1.8840362787872344e-05
2019,E02006288,E07000244,9562,228441,114,3453,0.03301476976542137,315.68722849695916,male,65-69,355,0.03712612424179042,0.0012257104441251397,0.0004990347617109013,1.8527226564251197e-05
2019,E02006311,E07000244,8471,228441,917,3751,0.24446814182884563,2070.889629432151,female,65-69,299,0.0352968952898123,0.008628966403827747,0.004014165583235934,0.00014168758226744708
2019,E02006311,E07000244,8471,228441,917,3751,0.24446814182884563,2070.889629432151,male,65-69,294,0.034706646204698384,0.008484669306773772,0.004014165583235934,0.00013931822470444628
2019,E02006256,E07000202,9754,228441,48,4135,0.011608222490931077,113.22660217654172,female,65-69,198,0.020299364363338117,0.00023563953795410634,0.00021011989966774792,4.265300403343663e-06
2019,E02006256,E07000202,9754,228441,48,4135,0.011608222490931077,113.22660217654172,male,65-69,216,0.022144761123641582,0.00025706131413175235,0.00021011989966774792,4.653054985465814e-06
2019,E02006251,E07000202,10928,228441,70,3797,0.018435607058203844,201.4643139320516,female,65-69,153,0.01400073206442167,0.000258111994866873,0.0003064248536821324,4.29017227428315e-06
2019,E02006251,E07000202,10928,228441,70,3797,0.018435607058203844,201.4643139320516,male,65-69,169,0.015464860907759883,0.0002851040989052388,0.0003064248536821324,4.738817740874851e-06
2019,E02004577,E07000076,5680,228441,11,2201,0.004997728305315766,28.387096774193548,female,65-69,211,0.03714788732394366,0.00018565504796155396,4.815247700719223e-05,1.7887627902319649e-06
2019,E02004577,E07000076,5680,228441,11,2201,0.004997728305315766,28.387096774193548,male,65-69,174,0.03063380281690141,0.00015309942343749,4.815247700719223e-05,1.4750934857837056e-06
2019,E02005542,E07000145,7554,228441,451,3494,0.12907842014882656,975.0583858042359,female,65-69,167,0.022107492719089225,0.0028536002336317233,0.0019742515572948815,4.364575192854716e-05
2019,E02005542,E07000145,7554,228441,451,3494,0.12907842014882656,975.0583858042359,male,65-69,190,0.025152237225311094,0.003246611044251661,0.0019742515572948815,4.9656843511520716e-05
2019,E02005611,E07000149,11199,228441,3134,4161,0.753184330689738,8434.911319394376,female,65-69,335,0.029913385123671758,0.022530292953037077,0.01371907844914004,0.00041038407719099147
2019,E02005611,E07000149,11199,228441,3134,4161,0.753184330689738,8434.911319394376,male,65-69,345,0.030806321993035093,0.02320283901133669,0.01371907844914004,0.0004226343481519166
2019,E02005595,E07000148,8952,228441,3128,3359,0.9312295325989878,8336.366775826138,female,65-69,307,0.03429401251117069,0.03193559724172132,0.013692813461681571,0.0004695815161680342
2019,E02005595,E07000148,8952,228441,3128,3359,0.9312295325989878,8336.366775826138,male,65-69,217,0.024240393208221626,0.022573370037307902,0.013692813461681571,0.0003319191824379916
2019,E02006293,E07000244,11451,228441,88,4406,0.01997276441216523,228.70812528370405,female,65-69,377,0.03292288883066981,0.0006575611023828741,0.00038521981605753786,1.2682549179433391e-05
2019,E02006293,E07000244,11451,228441,88,4406,0.01997276441216523,228.70812528370405,male,65-69,365,0.031874945419614005,0.0006366307755165757,0.00038521981605753786,1.2278860611387766e-05
2019,E02004521,E07000071,9189,228441,8,3522,0.002271436683702442,20.87223168654174,female,65-69,234,0.025465230166503428,5.7842657959121925e-05,3.501998327795798e-05,8.917919346003012e-07
2019,E02004521,E07000071,9189,228441,8,3522,0.002271436683702442,20.87223168654174,male,65-69,224,0.024376972467080205,5.537074949933039e-05,3.501998327795798e-05,8.536811681643909e-07
2019,E02004507,E07000071,9933,228441,11,3434,0.00320326150262085,31.817996505532903,female,65-69,179,0.018020738950971508,5.772513933042707e-05,4.815247700719223e-05,8.67743217989269e-07
2019,E02004507,E07000071,9933,228441,11,3434,0.00320326150262085,31.817996505532903,male,65-69,156,0.01570522500755059,5.030794265668505e-05,4.815247700719223e-05,7.562454860688602e-07
2019,E02004446,E07000067,6867,228441,9,2535,0.0035502958579881655,24.379881656804734,female,65-69,240,0.03494975972040192,0.00012408198717302457,3.939748118770273e-05,1.3769325010992654e-06
2019,E02004446,E07000067,6867,228441,9,2535,0.0035502958579881655,24.379881656804734,male,65-69,214,0.031163535750691713,0.00011063977189594691,3.939748118770273e-05,1.2277648134801782e-06
2019,E02004589,E07000076,7733,228441,9,3538,0.002543810062182024,19.67128321085359,female,65-69,263,0.03401008664166559,8.651520061475137e-05,3.939748118770273e-05,1.33991174865716e-06
2019,E02004589,E07000076,7733,228441,9,3538,0.002543810062182024,19.67128321085359,male,65-69,200,0.0258631837579206,6.57910270834611e-05,3.939748118770273e-05,1.0189442955567757e-06
2019,E02004522,E07000071,12010,228441,9,2824,0.003186968838526912,38.27549575070822,female,65-69,259,0.021565362198168195,6.872813731710827e-05,3.939748118770273e-05,8.49620951508327e-07
2019,E02004522,E07000071,12010,228441,9,2824,0.003186968838526912,38.27549575070822,male,65-69,214,0.01781848459616986,5.678695515776513e-05,3.939748118770273e-05,7.020034116709729e-07
2019,E02004526,E07000071,7285,228441,8,3181,0.002514932411191449,18.321282615529707,female,65-69,355,0.048730267673301304,0.00012255332957762037,3.501998327795798e-05,1.7065331590494282e-06
2019,E02004526,E07000071,7285,228441,8,3181,0.002514932411191449,18.321282615529707,male,65-69,299,0.041043239533287576,0.00010322097336255912,3.501998327795798e-05,1.4373335621289548e-06
2019,E02006235,E07000200,8200,228441,24,2985,0.008040201005025126,65.92964824120604,female,65-69,299,0.03646341463414634,0.0002931731829881113,0.00010505994983387396,3.8308445122351596e-06
2019,E02006235,E07000200,8200,228441,24,2985,0.008040201005025126,65.92964824120604,male,65-69,313,0.03817073170731707,0.0003069003554357152,0.00010505994983387396,4.010215158292994e-06
2019,E02004513,E07000071,13590,228441,10,3781,0.0026448029621793175,35.942872256016926,female,65-69,192,0.0141280353200883,3.7365869664343556e-05,4.3774979097447484e-05,6.184544508248651e-07
2019,E02004513,E07000071,13590,228441,10,3781,0.0026448029621793175,35.942872256016926,male,65-69,163,0.01199411331861663,3.172206643379167e-05,4.3774979097447484e-05,5.250420598148595e-07
2019,E02004582,E07000076,7003,228441,9,3302,0.0027256208358570565,19.087522713506967,female,65-69,358,0.051120948165072115,0.00013933632146748913,3.939748118770273e-05,2.014036593630955e-06
2019,E02004582,E07000076,7003,228441,9,3302,0.0027256208358570565,19.087522713506967,male,65-69,254,0.03627016992717407,9.885873087358166e-05,3.939748118770273e-05,1.4289533373806217e-06
2019,E02004520,E07000071,9529,228441,11,3753,0.002930988542499334,27.929389821476153,female,65-69,140,0.01469199286388918,4.306206275054116e-05,4.815247700719223e-05,7.074558485682561e-07
2019,E02004520,E07000071,9529,228441,11,3753,0.002930988542499334,27.929389821476153,male,65-69,113,0.011858537097281982,3.47572363629368e-05,4.815247700719223e-05,5.710179349158067e-07
2019,E02004579,E07000076,7266,228441,8,3141,0.0025469595670168737,18.506208213944603,female,65-69,318,0.04376548307184145,0.00011146891581494162,3.501998327795798e-05,1.5326664853276406e-06
2019,E02004579,E07000076,7266,228441,8,3141,0.0025469595670168737,18.506208213944603,male,65-69,303,0.04170107349298101,0.00010621094808782174,3.501998327795798e-05,1.4603708963970917e-06
2019,E02004559,E07000074,7711,228441,8,2504,0.003194888178913738,24.635782747603834,female,65-69,253,0.03281027104136947,0.00010482514709702706,3.501998327795798e-05,1.149015143214028e-06
2019,E02004559,E07000074,7711,228441,8,2504,0.003194888178913738,24.635782747603834,male,65-69,286,0.037089871611982884,0.00011849799237055234,3.501998327795798e-05,1.298886683633249e-06
2019,E02004575,E07000076,11687,228441,12,4223,0.0028415818138763913,33.20956665877338,female,65-69,389,0.03328484641054163,9.458161423786398e-05,5.252997491693698e-05,1.7484521470598516e-06
2019,E02004575,E07000076,11687,228441,12,4223,0.0028415818138763913,33.20956665877338,male,65-69,373,0.031915803884658166,9.069136789389013e-05,5.252997491693698e-05,1.6765363775149733e-06
2019,E02004588,E07000076,7179,228441,8,3751,0.0021327645961077045,15.311117035457212,female,65-69,182,0.025351720295305753,5.406925149625327e-05,3.501998327795798e-05,8.878168208090755e-07
2019,E02004588,E07000076,7179,228441,8,3751,0.0021327645961077045,15.311117035457212,male,65-69,188,0.026187491294052095,5.5851754292833046e-05,3.501998327795798e-05,9.170855072093746e-07
2019,E02004512,E07000071,11610,228441,14,4353,0.0032161727544222376,37.33976567884218,female,65-69,227,0.01955211024978467,6.288296427681722e-05,6.128497073642647e-05,1.1982505044934374e-06
2019,E02004512,E07000071,11610,228441,14,4353,0.0032161727544222376,37.33976567884218,male,65-69,197,0.016968130921619293,5.457244036358146e-05,6.128497073642647e-05,1.0398914069832915e-06
2019,E02004509,E07000071,14885,228441,13,4843,0.0026842865992153624,39.95560602932067,female,65-69,206,0.01383943567349681,3.714901171907052e-05,5.690747282668173e-05,7.875673095261294e-07
2019,E02004509,E07000071,14885,228441,13,4843,0.0026842865992153624,39.95560602932067,male,65-69,184,0.012361437688948606,3.318164153548046e-05,5.690747282668173e-05,7.034581793825622e-07
2019,E02004585,E07000076,8674,228441,8,4088,0.0019569471624266144,16.974559686888455,female,65-69,323,0.03723772192759972,7.287225426144759e-05,3.501998327795798e-05,1.3040643992137914e-06
2019,E02004585,E07000076,8674,228441,8,4088,0.0019569471624266144,16.974559686888455,male,65-69,280,0.032280378141572516,6.317099440620844e-05,3.501998327795798e-05,1.13045830272403e-06
2019,E02004580,E07000076,12194,228441,9,5534,0.0016263100831225153,19.831225153595952,female,65-69,571,0.046826308020337874,7.61540968888762e-05,3.939748118770273e-05,1.844838589320835e-06
2019,E02004580,E07000076,12194,228441,9,5534,0.0016263100831225153,19.831225153595952,male,65-69,487,0.03993767426603247,6.495104235531122e-05,3.939748118770273e-05,1.5734437705766139e-06
2019,E02004590,E07000076,8402,228441,9,4502,0.0019991115059973343,16.796534873389604,female,65-69,417,0.04963104022851702,9.921798357544495e-05,3.939748118770273e-05,1.955337973729117e-06
2019,E02004590,E07000076,8402,228441,9,4502,0.0019991115059973343,16.796534873389604,male,65-69,353,0.04201380623661033,8.399028345835027e-05,3.939748118770273e-05,1.655238140830643e-06
2019,E02004595,E07000077,14491,228441,8,5057,0.0015819655922483687,22.924263397271112,female,65-69,353,0.02435994755365399,3.8536598858855434e-05,3.501998327795798e-05,8.530849559808962e-07
2019,E02004595,E07000077,14491,228441,8,5057,0.0015819655922483687,22.924263397271112,male,65-69,346,0.023876889103581534,3.777241701179598e-05,3.501998327795798e-05,8.361682571370825e-07
2019,E02006922,E07000071,13943,228441,14,5702,0.002455278849526482,34.23395299894774,female,65-69,410,0.029405436419708813,7.219854610240677e-05,6.128497073642647e-05,1.8021113104737036e-06
2019,E02006922,E07000071,13943,228441,14,5702,0.002455278849526482,34.23395299894774,male,65-69,398,0.02854478950010758,7.008541792379975e-05,6.128497073642647e-05,1.7493665891915467e-06
2019,E02004523,E07000071,10335,228441,10,4139,0.0024160425223483935,24.969799468470647,female,65-69,231,0.02235123367198839,5.4001530978469174e-05,4.3774979097447484e-05,9.784247867934561e-07
2019,E02004523,E07000071,10335,228441,10,4139,0.0024160425223483935,24.969799468470647,male,65-69,194,0.01877116594097726,4.5351935107458954e-05,4.3774979097447484e-05,8.217073967009977e-07
2019,E02005579,E07000147,12901,228441,4648,5056,0.9193037974683544,11859.93829113924,female,65-69,470,0.036431284396558405,0.03349141809240575,0.02034661028449359,0.0007412531457803261
2019,E02005579,E07000147,12901,228441,4648,5056,0.9193037974683544,11859.93829113924,male,65-69,416,0.03224556235950701,0.029643467928597428,0.02034661028449359,0.0006560878907332248
2019,E02006292,E07000244,6857,228441,50,2404,0.020798668885191347,142.61647254575706,female,65-69,260,0.03791745661367945,0.0007886326250765276,0.0002188748954872374,8.299179353460948e-06
2019,E02006292,E07000244,6857,228441,50,2404,0.020798668885191347,142.61647254575706,male,65-69,280,0.040834184045500946,0.0008492966731593374,0.0002188748954872374,8.937577765265636e-06
2019,E02006250,E07000202,10945,228441,56,4152,0.01348747591522158,147.62042389210018,female,65-69,207,0.018912745545911377,0.0002550852000411939,0.0002451398829457059,4.636268229306635e-06
2019,E02006250,E07000202,10945,228441,56,4152,0.01348747591522158,147.62042389210018,male,65-69,165,0.01507537688442211,0.00020332878264153135,0.0002451398829457059,3.695576124809636e-06
2019,E02005594,E07000148,11105,228441,3270,3517,0.92976969007677,10325.092408302531,female,65-69,284,0.025574065736154884,0.02377799117350767,0.014314418164865327,0.00036607787112307545
2019,E02005594,E07000148,11105,228441,3270,3517,0.92976969007677,10325.092408302531,male,65-69,292,0.02629446195407474,0.024447793741775494,0.014314418164865327,0.0003763899238307677
2019,E02005602,E07000149,12285,228441,3889,4252,0.9146284101599247,11236.210018814674,female,65-69,382,0.031094831094831094,0.028440215928456754,0.017024089370997326,0.0005293611835344712
2019,E02005602,E07000149,12285,228441,3889,4252,0.9146284101599247,11236.210018814674,male,65-69,390,0.031746031746031744,0.02903582254475951,0.017024089370997326,0.0005404472816189627
2019,E02005535,E07000144,7243,228441,2248,2438,0.9220672682526662,6678.533223954061,female,65-69,198,0.027336738920336875,0.025206312179211363,0.009840615301106194,0.0002690103313018123
2019,E02005535,E07000144,7243,228441,2248,2438,0.9220672682526662,6678.533223954061,male,65-69,184,0.025403838188595887,0.02342404768169137,0.009840615301106194,0.00024998939878552256
2019,E02006230,E07000200,11148,228441,70,4587,0.01526051885764116,170.12426422498365,female,65-69,372,0.03336921420882669,0.000509231522698467,0.0003064248536821324,1.0225156581427452e-05
2019,E02006230,E07000200,11148,228441,70,4587,0.01526051885764116,170.12426422498365,male,65-69,352,0.03157517043415859,0.0004818534838437108,0.0003064248536821324,9.675416980275439e-06
2019,E02006294,E07000244,8228,228441,52,3741,0.013900026730820636,114.36941994119219,female,65-69,331,0.040228488089450655,0.0005591770597838636,0.0002276298913067269,9.15720637123561e-06
2019,E02006294,E07000244,8228,228441,52,3741,0.013900026730820636,114.36941994119219,male,65-69,240,0.02916869227029655,0.0004054456022602033,0.0002276298913067269,6.639666251046969e-06
2019,E02006296,E07000244,13489,228441,80,5153,0.015524936929943722,209.41587424801088,female,65-69,401,0.029727926458595892,0.00046152418332770647,0.0003501998327795799,1.041071487468393e-05
2019,E02006296,E07000244,13489,228441,80,5153,0.015524936929943722,209.41587424801088,male,65-69,376,0.027874564459930314,0.0004327508551900689,0.0003501998327795799,9.761667812671216e-06
2019,E02006313,E07000244,10033,228441,688,4581,0.1501855490067671,1506.8116131848942,female,65-69,394,0.03927040765473936,0.00589784773334658,0.0030117185619043868,0.00011827141566733065
2019,E02006313,E07000244,10033,228441,688,4581,0.1501855490067671,1506.8116131848942,male,65-69,371,0.036977972690122596,0.005553557129623302,0.0030117185619043868,0.00011136724673243572
2019,E02006295,E07000244,9796,228441,69,4175,0.01652694610778443,161.89796407185628,female,65-69,286,0.029195590036749694,0.0004825139431223303,0.00030204735577238763,8.81845077081491e-06
2019,E02006295,E07000244,9796,228441,69,4175,0.01652694610778443,161.89796407185628,male,65-69,236,0.024091465904450795,0.0003981583586603844,0.00030204735577238763,7.276763573119995e-06
2019,E02005597,E07000149,16660,228441,5376,5722,0.9395316322963999,15652.596994058022,female,65-69,369,0.022148859543817526,0.020809554160706574,0.023533428762787766,0.0005212386082514217
2019,E02005597,E07000149,16660,228441,5376,5722,0.9395316322963999,15652.596994058022,male,65-69,368,0.022088835534213685,0.020753159704986503,0.023533428762787766,0.0005198260374973528
2019,E02006267,E07000203,8615,228441,87,3046,0.02856204858831254,246.06204858831254,female,65-69,353,0.04097504352872896,0.0011703311841757779,0.0003808423181477931,1.5605030563687866e-05
2019,E02006267,E07000203,8615,228441,87,3046,0.02856204858831254,246.06204858831254,male,65-69,340,0.03946604759141033,0.0011272311688945169,0.0003808423181477931,1.5030341052843836e-05
2019,E02005538,E07000145,9068,228441,751,4616,0.1626949740034662,1475.3180242634314,female,65-69,457,0.0503970004411116,0.008199338676619327,0.0032875009302183057,0.00016568018583036675
2019,E02005538,E07000145,9068,228441,751,4616,0.1626949740034662,1475.3180242634314,male,65-69,423,0.04664755183061314,0.007589322232406947,0.0032875009302183057,0.00015335387003554733
2019,E02006271,E07000203,9748,228441,54,3734,0.0144617032672737,140.97268344938402,female,65-69,269,0.027595404185473942,0.0003990765468708069,0.0002363848871262164,6.523136503585577e-06
2019,E02006271,E07000203,9748,228441,54,3734,0.0144617032672737,140.97268344938402,male,65-69,282,0.02892901107919573,0.000418362774043002,0.0002363848871262164,6.838381018628747e-06
2019,E02006312,E07000244,8830,228441,965,3470,0.2780979827089337,2455.605187319885,female,65-69,300,0.03397508493771234,0.009448402583542482,0.004224285482903682,0.00014352045808279778
2019,E02006312,E07000244,8830,228441,965,3470,0.2780979827089337,2455.605187319885,male,65-69,306,0.03465458663646659,0.00963737063521333,0.004224285482903682,0.00014639086724445375
2019,E02005520,E07000144,8657,228441,3033,3252,0.9326568265682657,8074.010147601476,female,65-69,354,0.04089176389049324,0.03813798274288622,0.013276951160255821,0.0005429179520307913
2019,E02005520,E07000144,8657,228441,3033,3252,0.9326568265682657,8074.010147601476,male,65-69,282,0.03257479496361326,0.03038110489687547,0.013276951160255821,0.0004324939617872406
2019,E02006237,E07000200,7731,228441,59,2944,0.020040760869565216,154.9351222826087,female,65-69,238,0.030785150692019144,0.0006169578433522858,0.00025827237667494014,7.950954035523962e-06
2019,E02006237,E07000200,7731,228441,59,2944,0.020040760869565216,154.9351222826087,male,65-69,254,0.03285474065450782,0.0006584340008885739,0.00025827237667494014,8.485471953878514e-06
2019,E02005604,E07000149,8600,228441,2789,3152,0.8848350253807107,7609.581218274112,female,65-69,287,0.03337209302325581,0.029528796777239994,0.012208841670278102,0.0004074345999267227
2019,E02005604,E07000149,8600,228441,2789,3152,0.8848350253807107,7609.581218274112,male,65-69,306,0.03558139534883721,0.03148366485656948,0.012208841670278102,0.00043440762222152316
2019,E02006258,E07000202,9082,228441,63,4222,0.014921837991473235,135.52013263855991,female,65-69,252,0.027747192248403437,0.0004140391074489381,0.00027578236831391915,7.65218639232632e-06
2019,E02006258,E07000202,9082,228441,63,4222,0.014921837991473235,135.52013263855991,male,65-69,185,0.020369962563312045,0.0003039572812621172,0.00027578236831391915,5.617676518176067e-06
2019,E02003619,E06000055,11815,228441,9,5224,0.0017228177641653904,20.355091883614087,female,65-69,340,0.02877697841726619,4.957748961627023e-05,3.939748118770273e-05,1.133740465833172e-06
2019,E02003619,E06000055,11815,228441,9,5224,0.0017228177641653904,20.355091883614087,male,65-69,346,0.02928480744815912,5.0452386491851467e-05,3.939748118770273e-05,1.1537476505243457e-06
2019,E02006261,E07000203,8070,228441,1036,3144,0.32951653944020354,2659.1984732824426,female,65-69,350,0.04337050805452292,0.014291299727889869,0.004535087834495559,0.00019668906345395856
2019,E02006261,E07000203,8070,228441,1036,3144,0.32951653944020354,2659.1984732824426,male,65-69,311,0.03853779429987608,0.012698840615353568,0.004535087834495559,0.00017477228209766032
2019,E02006306,E07000244,7510,228441,473,3378,0.14002368265245707,1051.5778567199527,female,65-69,246,0.03275632490013316,0.004586661242677023,0.002070556511309266,6.782382180853255e-05
2019,E02006306,E07000244,7510,228441,473,3378,0.14002368265245707,1051.5778567199527,male,65-69,210,0.02796271637816245,0.003915442524236483,0.002070556511309266,5.7898384470698524e-05
2019,E02006303,E07000244,8152,228441,445,3523,0.12631280158955435,1029.7019585580472,female,65-69,209,0.025637880274779194,0.0032383924843249336,0.001947986569836413,4.9942246454343753e-05
2019,E02006303,E07000244,8152,228441,445,3523,0.12631280158955435,1029.7019585580472,male,65-69,187,0.022939156035328753,0.002897509064922309,0.001947986569836413,4.4685167880202304e-05
2019,E02006228,E07000200,6121,228441,22,2586,0.008507347254447023,52.07347254447023,female,65-69,226,0.036922071556935145,0.0003141088840883887,9.630495401438446e-05,3.5557784034064517e-06
2019,E02006228,E07000200,6121,228441,22,2586,0.008507347254447023,52.07347254447023,male,65-69,213,0.03479823558242117,0.00029604067394171143,9.630495401438446e-05,3.351242477546788e-06
2019,E02006266,E07000203,9653,228441,49,4297,0.011403304631138002,110.07609960437514,female,65-69,364,0.03770848440899202,0.0004300013348942539,0.00021449739757749265,8.088371772320245e-06
2019,E02006266,E07000203,9653,228441,49,4297,0.011403304631138002,110.07609960437514,male,65-69,353,0.03656894229773128,0.0004170067890595375,0.00021449739757749265,7.843942955024853e-06
2019,E02006245,E07000202,7778,228441,49,3627,0.013509787703336091,105.07912875654812,female,65-69,217,0.027899202879917716,0.0003769123079999912,0.00021449739757749265,5.984306412228838e-06
2019,E02006245,E07000202,7778,228441,49,3627,0.013509787703336091,105.07912875654812,male,65-69,189,0.02429930573412188,0.000328278461806444,0.00021449739757749265,5.212137842908988e-06
2019,E02006289,E07000244,9527,228441,111,3942,0.02815829528158295,268.26407914764076,female,65-69,339,0.03558307966831112,0.0010019588643283952,0.00048590226798166705,1.728989911260472e-05
2019,E02006289,E07000244,9527,228441,111,3942,0.02815829528158295,268.26407914764076,male,65-69,342,0.03589797417865015,0.001010825756933071,0.00048590226798166705,1.744290706935343e-05
2019,E02006286,E07000245,11775,228441,11,4724,0.0023285351397121083,27.418501270110074,female,65-69,285,0.024203821656050957,5.635944924143957e-05,4.815247700719223e-05,1.165473965779175e-06
2019,E02006286,E07000245,11775,228441,11,4724,0.0023285351397121083,27.418501270110074,male,65-69,251,0.02131634819532909,4.9635865823162564e-05,4.815247700719223e-05,1.0264349663528875e-06
2019,E02006280,E07000245,9789,228441,32,4150,0.0077108433734939755,75.48144578313253,female,65-69,323,0.03299622024721626,0.00025442868624359527,0.00014007993311183193,4.622108325173328e-06
2019,E02006280,E07000245,9789,228441,32,4150,0.0077108433734939755,75.48144578313253,male,65-69,311,0.03177035447951783,0.0002449762273119447,0.00014007993311183193,4.450389130430047e-06
2019,E02006290,E07000244,8129,228441,72,3583,0.020094892548144012,163.35138152386267,female,65-69,313,0.038504121048099395,0.0007737361751222876,0.00031517984950162184,1.2135723077132197e-05
2019,E02006290,E07000244,8129,228441,72,3583,0.020094892548144012,163.35138152386267,male,65-69,273,0.03358346660105794,0.0006748561527424425,0.00031517984950162184,1.0584831949064185e-05
2019,E02006227,E07000200,6270,228441,24,2589,0.009269988412514484,58.12282734646582,female,65-69,300,0.04784688995215311,0.00044354011543131503,0.00010505994983387396,5.0267918580800935e-06
2019,E02006227,E07000200,6270,228441,24,2589,0.009269988412514484,58.12282734646582,male,65-69,272,0.043381180223285486,0.00040214303799105896,0.00010505994983387396,4.5576246179926185e-06
2019,E02006249,E07000202,8185,228441,53,3215,0.016485225505443235,134.93157076205287,female,65-69,242,0.02956627978008552,0.00048740678953173645,0.00023200738921647164,6.859595380621397e-06
2019,E02006249,E07000202,8185,228441,53,3215,0.016485225505443235,134.93157076205287,male,65-69,206,0.025167990226023212,0.0004148999943947839,0.00023200738921647164,5.839159704165322e-06
2019,E02006262,E07000203,9118,228441,277,3705,0.0747638326585695,681.6966261808368,female,65-69,360,0.03948234261899539,0.0029518512565348785,0.0012125669209992953,4.787498262335449e-05
2019,E02006262,E07000203,9118,228441,277,3705,0.0747638326585695,681.6966261808368,male,65-69,335,0.036740513270454044,0.002746861585942178,0.0012125669209992953,4.455033105228821e-05
2019,E02006268,E07000203,6407,228441,39,3227,0.012085528354508832,77.43198016733808,female,65-69,228,0.035586077727485566,0.000430076551401282,0.00017072241848004518,6.075341253855206e-06
2019,E02006268,E07000203,6407,228441,39,3227,0.012085528354508832,77.43198016733808,male,65-69,205,0.03199625409708132,0.0003866916361283456,0.00017072241848004518,5.4624778817557765e-06
2019,E02006257,E07000202,6460,228441,45,3015,0.014925373134328358,96.41791044776119,female,65-69,188,0.02910216718266254,0.0004343607042188439,0.00019698740593851365,5.732760420501636e-06
2019,E02006257,E07000202,6460,228441,45,3015,0.014925373134328358,96.41791044776119,male,65-69,173,0.02678018575851393,0.0003997042650524467,0.00019698740593851365,5.275359323121186e-06
2019,E02006265,E07000203,7283,228441,60,2946,0.020366598778004074,148.32993890020367,female,65-69,261,0.03583688040642592,0.0007298753646929923,0.0002626498745846849,9.41255214425412e-06
2019,E02006265,E07000203,7283,228441,60,2946,0.020366598778004074,148.32993890020367,male,65-69,254,0.03487573802004668,0.000710300163341073,0.0002626498745846849,9.160108217013587e-06
2019,E02006253,E07000202,6895,228441,47,3085,0.015235008103727715,105.0453808752026,female,65-69,277,0.04017403915881073,0.000612051812143956,0.00020574240175800316,8.265503304853789e-06
2019,E02006253,E07000202,6895,228441,47,3085,0.015235008103727715,105.0453808752026,male,65-69,228,0.03306744017403916,0.000503782719021018,0.00020574240175800316,6.803374561395899e-06
2019,E02006263,E07000203,7712,228441,950,2788,0.34074605451936874,2627.8335724533717,female,65-69,284,0.03682572614107884,0.012548220887383393,0.00415862301425751,0.00015314431224703486
2019,E02006263,E07000203,7712,228441,950,2788,0.34074605451936874,2627.8335724533717,male,65-69,292,0.037863070539419084,0.0129016918982956,0.00415862301425751,0.00015745823653568372
2019,E02006247,E07000202,8915,228441,57,3837,0.014855355746677092,132.43549648162627,female,65-69,197,0.022097588334268087,0.0003282675358491741,0.00024951738085545063,5.513732364388533e-06
2019,E02006247,E07000202,8915,228441,57,3837,0.014855355746677092,132.43549648162627,male,65-69,165,0.018508132361189006,0.0002749448904320494,0.00024951738085545063,4.618100711289888e-06
2019,E02006291,E07000244,7681,228441,68,3090,0.022006472491909384,169.03171521035597,female,65-69,326,0.04244239031376123,0.0009340072949306677,0.0002976698578626429,1.2633820292048116e-05
2019,E02006291,E07000244,7681,228441,68,3090,0.022006472491909384,169.03171521035597,male,65-69,294,0.03827626611118344,0.0008423255972687618,0.0002976698578626429,1.139369069282867e-05
2019,E02006301,E07000244,6451,228441,46,3009,0.015287470920571618,98.61947490860751,female,65-69,233,0.03611843125096884,0.0005521594674458513,0.0002013649038482584,7.272984436001273e-06
2019,E02006301,E07000244,6451,228441,46,3009,0.015287470920571618,98.61947490860751,male,65-69,241,0.037358549062160906,0.000571117732422533,0.0002013649038482584,7.522700639812475e-06
2019,E02006283,E07000245,7626,228441,13,3104,0.004188144329896907,31.938788659793815,female,65-69,207,0.02714398111723053,0.00011368291060695774,5.690747282668173e-05,1.5446953678367583e-06
2019,E02006283,E07000245,7626,228441,13,3104,0.004188144329896907,31.938788659793815,male,65-69,230,0.03015997901914503,0.00012631434511884194,5.690747282668173e-05,1.7163281864852867e-06
2019,E02006272,E07000203,7642,228441,56,3187,0.017571383746470035,134.280514590524,female,65-69,285,0.03729390211986391,0.000655305465551421,0.0002451398829457059,9.14222280025205e-06
2019,E02006272,E07000203,7642,228441,56,3187,0.017571383746470035,134.280514590524,male,65-69,278,0.03637791154148129,0.000639210243590509,0.0002451398829457059,8.917676977087965e-06
2019,E02006297,E07000244,8226,228441,45,3235,0.013910355486862442,114.42658423493044,female,65-69,275,0.03343058594699733,0.00046503133465684073,0.00019698740593851365,6.585404404703532e-06
2019,E02006297,E07000244,8226,228441,45,3235,0.013910355486862442,114.42658423493044,male,65-69,273,0.033187454412837346,0.00046164928858660916,0.00019698740593851365,6.537510554487507e-06
2019,E02006270,E07000203,13467,228441,59,4858,0.01214491560312886,163.55557842733637,female,65-69,263,0.019529219573772925,0.00023718072351844435,0.00025827237667494014,5.043857953925095e-06
2019,E02006270,E07000203,13467,228441,59,4858,0.01214491560312886,163.55557842733637,male,65-69,254,0.018860919284176134,0.00022906427290374476,0.00025827237667494014,4.871254449798381e-06
2019,E02006255,E07000202,8208,228441,58,3059,0.01896044458973521,155.6273291925466,female,65-69,166,0.020224171539961013,0.00038345928385673055,0.0002538948787651954,5.134813581264916e-06
2019,E02006255,E07000202,8208,228441,58,3059,0.01896044458973521,155.6273291925466,male,65-69,163,0.01985867446393762,0.0003765292967990788,0.0002538948787651954,5.042015745458923e-06
2019,E02006252,E07000202,9269,228441,37,3710,0.009973045822102426,92.44016172506738,female,65-69,202,0.021793073686481822,0.00021734332247973784,0.00016196742266055567,3.5297679768510355e-06
2019,E02006252,E07000202,9269,228441,37,3710,0.009973045822102426,92.44016172506738,male,65-69,176,0.018988024598122776,0.00018936843938828645,0.00016196742266055567,3.0754414055731795e-06
2019,E02006300,E07000244,7781,228441,61,3606,0.01691625069328896,131.62534664448143,female,65-69,223,0.02865955532707878,0.0004848122226710498,0.00026702737249442965,7.652885755848581e-06
2019,E02006300,E07000244,7781,228441,61,3606,0.01691625069328896,131.62534664448143,male,65-69,211,0.027117337103200103,0.0004587236725721592,0.00026702737249442965,7.2410712757132315e-06
2019,E02006248,E07000202,8109,228441,44,3404,0.012925969447708578,104.81668625146885,female,65-69,214,0.026390430385990874,0.0003411218968811981,0.00019260990802876893,5.083058369485331e-06
2019,E02006248,E07000202,8109,228441,44,3404,0.012925969447708578,104.81668625146885,male,65-69,166,0.020471081514366753,0.00026460857421625646,0.00019260990802876893,3.9429331277316116e-06
2019,E02006229,E07000200,5937,228441,16,2606,0.0061396776669224865,36.451266308518804,female,65-69,246,0.04143506821627085,0.00025439796295484787,7.003996655591596e-05,2.9021107921097068e-06
2019,E02006229,E07000200,5937,228441,16,2606,0.0061396776669224865,36.451266308518804,male,65-69,214,0.0360451406434226,0.00022130554500950179,7.003996655591596e-05,2.5246004451686063e-06
2019,E02006231,E07000200,8619,228441,37,3270,0.011314984709480122,97.52385321100917,female,65-69,259,0.030049889778396566,0.00034001404336412016,0.00016196742266055567,4.867103198640668e-06
2019,E02006231,E07000200,8619,228441,37,3270,0.011314984709480122,97.52385321100917,male,65-69,271,0.03144216266388212,0.00035576758977481297,0.00016196742266055567,5.092606049542938e-06
2019,E02006260,E07000202,8746,228441,64,3841,0.016662327518875295,145.72871648008334,female,65-69,235,0.026869426023324948,0.00044770717664483124,0.00028015986622366386,7.52773480020135e-06
2019,E02006260,E07000202,8746,228441,64,3841,0.016662327518875295,145.72871648008334,male,65-69,255,0.02915618568488452,0.0004858099150826892,0.00028015986622366386,8.16839308106955e-06
2019,E02006254,E07000202,9499,228441,71,4098,0.017325524646168863,164.57515861395802,female,65-69,192,0.020212653963575113,0.00035019483441040336,0.00031080235159187714,6.282140383792021e-06
2019,E02006254,E07000202,9499,228441,71,4098,0.017325524646168863,164.57515861395802,male,65-69,207,0.021791767554479417,0.00037755380584871613,0.00031080235159187714,6.772932601275773e-06
2019,E02006299,E07000244,8381,228441,52,3938,0.013204672422549517,110.6683595733875,female,65-69,417,0.04975539911705047,0.0006570037465938609,0.0002276298913067269,1.1325816092937015e-05
2019,E02006299,E07000244,8381,228441,52,3938,0.013204672422549517,110.6683595733875,male,65-69,347,0.04140317384560315,0.0005467153478850593,0.0002276298913067269,9.424599962228164e-06
2019,E02006298,E07000244,9290,228441,58,3706,0.015650296815974095,145.39125742039934,female,65-69,352,0.03789020452099031,0.0005929929471714619,0.0002538948787651954,9.620128883245293e-06
2019,E02006298,E07000244,9290,228441,58,3706,0.015650296815974095,145.39125742039934,male,65-69,314,0.03379978471474704,0.0005289766631018154,0.0002538948787651954,8.581592242440404e-06
2019,E02006234,E07000200,9751,228441,20,3978,0.005027652086475616,49.024635495223734,female,65-69,256,0.02625371756742898,0.00013199455790562586,8.754995819489497e-05,2.298511875488987e-06
2019,E02006234,E07000200,9751,228441,20,3978,0.005027652086475616,49.024635495223734,male,65-69,228,0.023382217208491436,0.00011755765313469803,8.754995819489497e-05,2.047112139107379e-06
2019,E02006236,E07000200,10362,228441,53,3957,0.013393985342431134,138.7884761182714,female,65-69,381,0.03676896352055588,0.0004924829584507105,0.00023200738921647164,8.530671230599855e-06
2019,E02006236,E07000200,10362,228441,53,3957,0.013393985342431134,138.7884761182714,male,65-69,347,0.03348774367882648,0.00044853434798529276,0.00023200738921647164,7.769403981674933e-06
2019,E02006259,E07000202,7100,228441,51,3158,0.016149461684610514,114.66117796073465,female,65-69,226,0.03183098591549296,0.0005140532874256305,0.00022325239339698215,7.106343789819432e-06
2019,E02006259,E07000202,7100,228441,51,3158,0.016149461684610514,114.66117796073465,male,65-69,189,0.026619718309859156,0.0004298941209001954,0.00022325239339698215,5.942915824229525e-06
2019,E02006239,E07000245,7719,228441,32,2380,0.013445378151260505,103.78487394957983,female,65-69,154,0.01995077082523643,0.00026824565815443944,0.00014007993311183193,2.7947026427286073e-06
2019,E02006239,E07000245,7719,228441,32,2380,0.013445378151260505,103.78487394957983,male,65-69,145,0.018784816686099236,0.0002525689638467124,0.00014007993311183193,2.631375864906805e-06
2019,E02006826,E07000245,9804,228441,18,3898,0.004617752693689072,45.27244740892766,female,65-69,235,0.02396980824153407,0.00011068664657455445,7.879496237540546e-05,1.8887001385373608e-06
2019,E02006826,E07000245,9804,228441,18,3898,0.004617752693689072,45.27244740892766,male,65-69,246,0.025091799265605876,0.000115867723648257,7.879496237540546e-05,1.977107379064641e-06
2019,E02003744,E07000010,14355,228441,239,6893,0.034672856521108374,497.7288553605107,female,65-69,397,0.02765586903517938,0.0009589079790233385,0.0010462220004289948,2.8934178625587667e-05
2019,E02003744,E07000010,14355,228441,239,6893,0.034672856521108374,497.7288553605107,male,65-69,396,0.027586206896551724,0.0009564925936857482,0.0010462220004289948,2.8861296563558477e-05
2019,E02005517,E07000143,6533,228441,306,2500,0.1224,799.6392,female,65-69,133,0.020358181539874485,0.0024918414204806367,0.001339514360381893,2.727007652392343e-05
2019,E02005517,E07000143,6533,228441,306,2500,0.1224,799.6392,male,65-69,122,0.018674422164396142,0.002285749272922088,0.001339514360381893,2.5014656661042543e-05
2019,E02005519,E07000143,8913,228441,424,3683,0.11512354059190877,1026.096117295683,female,65-69,207,0.023224503534163582,0.0026736870753422096,0.001856059113731773,4.310605144648009e-05
2019,E02005519,E07000143,8913,228441,424,3683,0.11512354059190877,1026.096117295683,male,65-69,184,0.02064400314147874,0.00237661073363752,0.001856059113731773,3.831649017464897e-05
2019,E02006269,E07000203,7508,228441,35,2973,0.011772620248906828,88.38883282879247,female,65-69,245,0.03263185935002664,0.00038416248814360324,0.0001532124268410662,4.999606363353918e-06
2019,E02006269,E07000203,7508,228441,35,2973,0.011772620248906828,88.38883282879247,male,65-69,243,0.032365476824720296,0.00038102646783222686,0.0001532124268410662,4.958793250183681e-06
2019,E02006242,E07000245,9994,228441,28,3639,0.007694421544380325,76.89804891453696,female,65-69,190,0.019011406844106463,0.00014628177841027233,0.00012256994147285294,2.330227024198725e-06
2019,E02006242,E07000245,9994,228441,28,3639,0.007694421544380325,76.89804891453696,male,65-69,184,0.018411046627976786,0.0001416623538288953,0.00012256994147285294,2.256640907645081e-06
2019,E02005512,E07000143,9450,228441,2888,3385,0.8531757754800591,8062.511078286559,female,65-69,280,0.02962962962962963,0.025279282236446196,0.012642213963342832,0.00037458411743238024
2019,E02005512,E07000143,9450,228441,2888,3385,0.8531757754800591,8062.511078286559,male,65-69,322,0.034074074074074076,0.029071174571913126,0.012642213963342832,0.00043077173504723726
2019,E02006264,E07000203,8672,228441,29,3559,0.00814835627985389,70.66254565889294,female,65-69,277,0.031941881918819186,0.00026027383412356177,0.0001269474393825977,4.054940118655392e-06
2019,E02006264,E07000203,8672,228441,29,3559,0.00814835627985389,70.66254565889294,male,65-69,272,0.03136531365313653,0.000255575750475122,0.0001269474393825977,3.981746253697713e-06
2019,E02006282,E07000245,6368,228441,17,2675,0.006355140186915888,40.469532710280376,female,65-69,261,0.040986180904522614,0.00026047292537453626,7.441746446566072e-05,3.0500876610454533e-06
2019,E02006282,E07000245,6368,228441,17,2675,0.006355140186915888,40.469532710280376,male,65-69,245,0.03847361809045226,0.0002445052364626872,7.441746446566072e-05,2.8631091071116324e-06
2019,E02006284,E07000245,7933,228441,10,3332,0.003001200480192077,23.808523409363747,female,65-69,204,0.0257153661918568,7.717696936331573e-05,4.3774979097447484e-05,1.1256896175317391e-06
2019,E02006284,E07000245,7933,228441,10,3332,0.003001200480192077,23.808523409363747,male,65-69,188,0.023698474725828818,7.112387372697725e-05,4.3774979097447484e-05,1.037400235764544e-06
2019,E02005511,E07000143,8248,228441,2831,3289,0.8607479477044695,7099.449072666464,female,65-69,276,0.03346265761396702,0.028802913865959456,0.012392696582487381,0.0004146925626535545
2019,E02005511,E07000143,8248,228441,2831,3289,0.8607479477044695,7099.449072666464,male,65-69,252,0.030552861299709022,0.026298312660223852,0.012392696582487381,0.00037863233981411495
2019,E02006240,E07000245,10485,228441,46,3221,0.014281279105867743,149.73921142502329,female,65-69,218,0.02079160705770148,0.00029693074345056445,0.0002013649038482584,4.186699956024829e-06
2019,E02006240,E07000245,10485,228441,46,3221,0.014281279105867743,149.73921142502329,male,65-69,236,0.02250834525512637,0.0003214479607996936,0.0002013649038482584,4.532390778081925e-06
2019,E02006243,E07000245,8966,228441,13,3683,0.0035297311973934292,31.647569915829486,female,65-69,210,0.023421815748382778,8.267271374666742e-05,5.690747282668173e-05,1.332876343252639e-06
2019,E02006243,E07000245,8966,228441,13,3683,0.0035297311973934292,31.647569915829486,male,65-69,234,0.026098594691055098,9.212102388914371e-05,5.690747282668173e-05,1.485205068195798e-06
2019,E02006246,E07000202,7040,228441,60,3135,0.019138755980861243,134.73684210526315,female,65-69,243,0.03451704545454545,0.0006606133101348412,0.0002626498745846849,9.065897659670231e-06
2019,E02006246,E07000202,7040,228441,60,3135,0.019138755980861243,134.73684210526315,male,65-69,204,0.028977272727272727,0.0005545889517181383,0.0002626498745846849,7.610877047624392e-06
2019,E02003752,E07000010,11152,228441,8,4643,0.0017230239069567091,19.21516261038122,female,65-69,316,0.028335724533715925,4.882313079253229e-05,3.501998327795798e-05,9.923165993395554e-07
2019,E02003752,E07000010,11152,228441,8,4643,0.0017230239069567091,19.21516261038122,male,65-69,339,0.03039813486370158,5.2376713097052044e-05,3.501998327795798e-05,1.0645421746079408e-06
2019,E02005564,E07000146,9930,228441,366,4997,0.0732439463678207,727.3123874324594,female,65-69,296,0.029808660624370594,0.0021833039400679685,0.0016021642349665778,4.7758369944623064e-05
2019,E02005564,E07000146,9930,228441,366,4997,0.0732439463678207,727.3123874324594,male,65-69,308,0.031017119838872106,0.002271816261962616,0.0016021642349665778,4.969452007751319e-05
2019,E02003780,E07000012,12091,228441,8,3877,0.0020634511220015478,24.949187516120713,female,65-69,271,0.02241336531304276,4.6248883803028654e-05,3.501998327795798e-05,7.84915678465521e-07
2019,E02003780,E07000012,12091,228441,8,3877,0.0020634511220015478,24.949187516120713,male,65-69,231,0.01910511951037962,3.942248028966649e-05,3.501998327795798e-05,6.690609657768831e-07
2019,E02003249,E06000031,12090,228441,11,4349,0.0025293170843872156,30.579443550241436,female,65-69,225,0.018610421836228287,4.7071657898025104e-05,4.815247700719223e-05,8.961379095631308e-07
2019,E02003249,E06000031,12090,228441,11,4349,0.0025293170843872156,30.579443550241436,male,65-69,205,0.01695616211745244,4.288751052931176e-05,4.815247700719223e-05,8.164812064908526e-07
2019,E02003745,E07000010,10314,228441,155,4975,0.031155778894472363,321.34070351758794,female,65-69,335,0.03248012410316075,0.0010119435650230988,0.000678512176010436,2.2038159682324612e-05
2019,E02003745,E07000010,10314,228441,155,4975,0.031155778894472363,321.34070351758794,male,65-69,341,0.03306185766918751,0.0010300679273817215,0.000678512176010436,2.243287299006774e-05
2019,E02003737,E07000009,13972,228441,10,4946,0.0020218358269308533,28.24909017387788,female,65-69,340,0.024334383051817923,4.920012748042443e-05,4.3774979097447484e-05,1.0652371094426099e-06
2019,E02003737,E07000009,13972,228441,10,4946,0.0020218358269308533,28.24909017387788,male,65-69,339,0.024262811336959633,4.905542122312906e-05,4.3774979097447484e-05,1.0621040591207197e-06
2019,E02005589,E07000148,11841,228441,3910,4159,0.9401298389035826,11132.077422457322,female,65-69,208,0.017566083945612702,0.016514399669955677,0.017116016827101965,0.0003006613883993927
2019,E02005589,E07000148,11841,228441,3910,4159,0.9401298389035826,11132.077422457322,male,65-69,197,0.016637108352335107,0.015641041995102252,0.017116016827101965,0.0002847610265128863
2019,E02005540,E07000145,8995,228441,667,4468,0.14928379588182633,1342.807743957028,female,65-69,359,0.039911061700944966,0.005958074788390845,0.002919791105799747,0.00011653196297744404
2019,E02005540,E07000145,8995,228441,667,4468,0.14928379588182633,1342.807743957028,male,65-69,335,0.03724291272929405,0.0055597633819246045,0.002919791105799747,0.00010874152534106895
2019,E02005548,E07000145,7498,228441,499,3604,0.13845726970033295,1038.1526082130965,female,65-69,207,0.027607361963190184,0.0038224399610521367,0.0021843714569626293,6.0304733474428415e-05
2019,E02005548,E07000145,7498,228441,499,3604,0.13845726970033295,1038.1526082130965,male,65-69,214,0.02854094425180048,0.003951701215773706,0.0021843714569626293,6.234402397839459e-05
2019,E02005507,E07000143,11864,228441,4009,4418,0.9074241738343142,10765.680398370303,female,65-69,366,0.030849629130141606,0.02799369922651374,0.017549389120166695,0.0005413921458176847
2019,E02005507,E07000143,11864,228441,4009,4418,0.9074241738343142,10765.680398370303,male,65-69,310,0.02612946729602158,0.02371051027382311,0.017549389120166695,0.00045855618908055253
2019,E02005547,E07000145,8812,228441,520,3960,0.13131313131313133,1157.1313131313132,female,65-69,254,0.02882433045846573,0.003785013090505601,0.002276298913067269,6.561279209249731e-05
2019,E02005547,E07000145,8812,228441,520,3960,0.13131313131313133,1157.1313131313132,male,65-69,269,0.030526554698138902,0.004008537485614199,0.002276298913067269,6.948756327906211e-05
2019,E02005561,E07000146,11213,228441,311,5394,0.05765665554319614,646.5040786058584,female,65-69,241,0.021492910015160974,0.0012392093093650468,0.0013614018499306167,2.9260487455032428e-05
2019,E02005561,E07000146,11213,228441,311,5394,0.05765665554319614,646.5040786058584,male,65-69,232,0.020690270222063677,0.0011929317832891737,0.0013614018499306167,2.816777215588184e-05
2019,E02005504,E07000143,9110,228441,1501,4011,0.3742208925454999,3409.152331089504,female,65-69,372,0.040834248079034026,0.015281028762560477,0.006570624362526867,0.0002683065052535669
2019,E02005504,E07000143,9110,228441,1501,4011,0.3742208925454999,3409.152331089504,male,65-69,349,0.038309549945115255,0.014336233973477438,0.006570624362526867,0.0002517176621868141
2019,E02005569,E07000146,8228,228441,242,3732,0.06484458735262594,533.5412647374062,female,65-69,262,0.0318424890617404,0.002064813063489061,0.001059354494158229,3.373248389273894e-05
2019,E02005569,E07000146,8228,228441,242,3732,0.06484458735262594,533.5412647374062,male,65-69,261,0.0317209528439475,0.0020569320975978816,0.001059354494158229,3.360373395421704e-05
2019,E02005466,E07000140,6685,228441,69,3343,0.020640143583607537,137.97935985641638,female,65-69,230,0.0344053851907255,0.0007101320903858988,0.00030204735577238763,1.0392055621189102e-05
2019,E02005466,E07000140,6685,228441,69,3343,0.020640143583607537,137.97935985641638,male,65-69,254,0.03799551234106208,0.0007842328302522534,0.00030204735577238763,1.1476444033834922e-05
2019,E02005578,E07000147,5843,228441,1169,2736,0.427266081871345,2496.515716374269,female,65-69,204,0.03491357179531063,0.014917385025116272,0.005117295056491611,0.00017866304835260802
2019,E02005578,E07000147,5843,228441,1169,2736,0.427266081871345,2496.515716374269,male,65-69,209,0.0357692965942153,0.015283007207104416,0.005117295056491611,0.00018304204463576016
2019,E02005580,E07000147,7937,228441,1847,3887,0.47517365577566245,3771.453305891433,female,65-69,292,0.03678971903741968,0.017481505289970195,0.00808523863929855,0.00029745365789028304
2019,E02005580,E07000147,7937,228441,1847,3887,0.47517365577566245,3771.453305891433,male,65-69,265,0.0333879299483432,0.015865064732335964,0.00808523863929855,0.00026994938130453765
2019,E02005474,E07000140,6793,228441,38,3085,0.012317666126418152,83.6739059967585,female,65-69,248,0.036508170175180335,0.00044969545110432827,0.00016634492057030043,6.072948667957384e-06
2019,E02005474,E07000140,6793,228441,38,3085,0.012317666126418152,83.6739059967585,male,65-69,255,0.03753864272044752,0.0004623884678693697,0.00016634492057030043,6.244362541649729e-06
2019,E02005510,E07000143,7023,228441,1986,3118,0.6369467607440668,4473.277100705581,female,65-69,276,0.03929944468175993,0.02503165398908763,0.00869371084875307,0.00034165800857978743
2019,E02005510,E07000143,7023,228441,1986,3118,0.6369467607440668,4473.277100705581,male,65-69,276,0.03929944468175993,0.02503165398908763,0.00869371084875307,0.00034165800857978743
2019,E02005514,E07000143,6903,228441,367,3099,0.11842529848338174,817.4898354307841,female,65-69,276,0.03998261625380269,0.004734953264003094,0.0016065417328763225,6.42337416013132e-05
2019,E02005514,E07000143,6903,228441,367,3099,0.11842529848338174,817.4898354307841,male,65-69,251,0.03636100246269738,0.004306062569799915,0.0016065417328763225,5.841546790554207e-05
2019,E02005506,E07000143,6943,228441,1780,2867,0.6208580397628183,4310.617370073247,female,65-69,282,0.04061644822123001,0.025217048424760875,0.007791946279345652,0.0003164811825976485
2019,E02005506,E07000143,6943,228441,1780,2867,0.6208580397628183,4310.617370073247,male,65-69,273,0.03932017859714821,0.024412249006949358,0.007791946279345652,0.0003063807193232555
2019,E02005571,E07000147,5990,228441,1519,2515,0.6039761431411531,3617.8170974155073,female,65-69,305,0.05091819699499165,0.030753376236736508,0.006649419324902273,0.0003385764430876783
2019,E02005571,E07000147,5990,228441,1519,2515,0.6039761431411531,3617.8170974155073,male,65-69,279,0.04657762938230384,0.028131776950981922,0.006649419324902273,0.00030971418892282703
2019,E02003742,E07000010,6664,228441,124,3558,0.03485103991006183,232.24732996065205,female,65-69,286,0.0429171668667467,0.0014957078952997727,0.0005428097408083488,2.3295856223167433e-05
2019,E02003742,E07000010,6664,228441,124,3558,0.03485103991006183,232.24732996065205,male,65-69,268,0.040216086434573826,0.0014015724333578286,0.0005428097408083488,2.1829683453877172e-05
2019,E02005472,E07000140,9869,228441,192,5695,0.033713784021071114,332.7213345039508,female,65-69,333,0.03374202046813254,0.0011375711904971812,0.0008404795986709917,2.835947982140442e-05
2019,E02005472,E07000140,9869,228441,192,5695,0.033713784021071114,332.7213345039508,male,65-69,340,0.03445131218968487,0.0011614840984055302,0.0008404795986709917,2.8955625042875384e-05
2019,E02005552,E07000146,6790,228441,471,3075,0.15317073170731707,1040.029268292683,female,65-69,344,0.05066273932253314,0.007760048852329466,0.0020618015154897766,0.00010445651271406232
2019,E02005552,E07000146,6790,228441,471,3075,0.15317073170731707,1040.029268292683,male,65-69,306,0.04506627393225331,0.006902834153525629,0.0020618015154897766,9.291771189099729e-05
2019,E02005563,E07000146,7551,228441,209,4033,0.05182246466650137,391.3114306967518,female,65-69,252,0.033373063170441,0.001729474386963097,0.0009148970631366524,3.053291748251045e-05
2019,E02005563,E07000146,7551,228441,209,4033,0.05182246466650137,391.3114306967518,male,65-69,270,0.03575685339690107,0.0018530082717461752,0.0009148970631366524,3.2713840159832625e-05
2019,E02005509,E07000143,8278,228441,645,4465,0.1444568868980963,1195.8141097424411,female,65-69,320,0.038656680357574295,0.005584223702269971,0.0028234861517853625,0.00010914660166360426
2019,E02005509,E07000143,8278,228441,645,4465,0.1444568868980963,1195.8141097424411,male,65-69,301,0.03636143996134332,0.005252660419947691,0.0028234861517853625,0.00010266602218982776
2019,E02005566,E07000146,9847,228441,243,4936,0.04923014586709887,484.76924635332256,female,65-69,329,0.03341119122575403,0.001644837817637405,0.0010637319920679738,3.554055299993535e-05
2019,E02005566,E07000146,9847,228441,243,4936,0.04923014586709887,484.76924635332256,male,65-69,355,0.036051589316543106,0.0017748250007941604,0.0010637319920679738,3.834922892090288e-05
2019,E02005568,E07000146,7423,228441,251,3603,0.06966416874826534,517.1171246183736,female,65-69,301,0.04054964300148188,0.00282485717273715,0.0010987519753459319,4.455400034745056e-05
2019,E02005568,E07000146,7423,228441,251,3603,0.06966416874826534,517.1171246183736,male,65-69,275,0.03704701603125421,0.0025808495764209844,0.0010987519753459319,4.0705482045012967e-05
2019,E02005560,E07000146,9204,228441,229,4415,0.05186862967157418,477.39886749716874,female,65-69,178,0.01933941764450239,0.0010031090918666019,0.0010024470213315473,1.938674161201819e-05
2019,E02005560,E07000146,9204,228441,229,4415,0.05186862967157418,477.39886749716874,male,65-69,172,0.018687527162103434,0.0009692964258486266,0.0010024470213315473,1.873325593970297e-05
2019,E02005559,E07000146,7266,228441,191,3715,0.05141318977119785,373.56823687752353,female,65-69,172,0.023671896504266446,0.0012170477072180057,0.0008361021007612469,1.9792122396219993e-05
2019,E02005559,E07000146,7266,228441,191,3715,0.05141318977119785,373.56823687752353,male,65-69,200,0.027525461051472612,0.0014151717525790763,0.0008361021007612469,2.3014095809558133e-05
2019,E02003743,E07000010,11376,228441,180,5507,0.032685672780098055,371.83221354639545,female,65-69,257,0.02259142053445851,0.0007384157792268988,0.0007879496237540546,1.7800901310196205e-05
2019,E02003743,E07000010,11376,228441,180,5507,0.032685672780098055,371.83221354639545,male,65-69,223,0.01960267229254571,0.0006407265321696437,0.0007879496237540546,1.5445918257485426e-05
2019,E02005567,E07000146,11005,228441,321,5784,0.05549792531120332,610.7546680497925,female,65-69,362,0.032894139027714674,0.001825556470936447,0.001405176829028064,4.622208197257239e-05
2019,E02005567,E07000146,11005,228441,321,5784,0.05549792531120332,610.7546680497925,male,65-69,295,0.02680599727396638,0.0014876772346029059,0.001405176829028064,3.7667166248367005e-05
2019,E02005551,E07000146,5246,228441,187,2808,0.06659544159544159,349.3596866096866,female,65-69,335,0.06385817765916889,0.0042526635406925145,0.0008185921091222679,5.227380033472355e-05
2019,E02005551,E07000146,5246,228441,187,2808,0.06659544159544159,349.3596866096866,male,65-69,230,0.04384292794510103,0.0029197391473411295,0.0008185921091222679,3.588947485667587e-05
2019,E02005556,E07000146,7408,228441,229,3960,0.057828282828282826,428.39191919191916,female,65-69,216,0.029157667386609073,0.0016861378362458277,0.0010024470213315473,2.9229016820682265e-05
2019,E02005556,E07000146,7408,228441,229,3960,0.057828282828282826,428.39191919191916,male,65-69,211,0.028482721382289418,0.0016471068678142113,0.0010024470213315473,2.8552419209092397e-05
2019,E02005553,E07000146,8632,228441,372,4706,0.07904802379940501,682.342541436464,female,65-69,443,0.051320667284522704,0.0040567973289082964,0.0016284292224250463,8.357207432046981e-05
2019,E02005553,E07000146,8632,228441,372,4706,0.07904802379940501,682.342541436464,male,65-69,366,0.04240037071362372,0.003351665513274123,0.0016284292224250463,6.904600271171998e-05
2019,E02005565,E07000146,6996,228441,217,3487,0.062231144250071695,435.36908517350156,female,65-69,244,0.03487707261292167,0.002170440136794953,0.0009499170464146103,3.313032580405445e-05
2019,E02005565,E07000146,6996,228441,217,3487,0.062231144250071695,435.36908517350156,male,65-69,213,0.030445969125214408,0.001894687496464447,0.0009499170464146103,2.8921145066654086e-05
2019,E02005558,E07000146,7087,228441,210,3328,0.06310096153846154,447.1965144230769,female,65-69,247,0.03485254691689008,0.0021992292225201074,0.0009192745610463971,3.2039059768373094e-05
2019,E02005558,E07000146,7087,228441,210,3328,0.06310096153846154,447.1965144230769,male,65-69,242,0.03414702977282348,0.0021547104123476354,0.0009192745610463971,3.139049580545056e-05
2019,E02005555,E07000146,6847,228441,224,3227,0.06941431670281996,475.27982646420827,female,65-69,317,0.046297648605228565,0.0032137196428792063,0.0009805595317828235,4.539760063898861e-05
2019,E02005555,E07000146,6847,228441,224,3227,0.06941431670281996,475.27982646420827,male,65-69,239,0.034905798159778005,0.0024229621282275404,0.0009805595317828235,3.422721310005766e-05
2019,E02005554,E07000146,6905,228441,253,3601,0.07025826159400167,485.13329630658154,female,65-69,312,0.04518464880521361,0.003174594875789793,0.0011075069711654214,5.00423135414354e-05
2019,E02005554,E07000146,6905,228441,253,3601,0.07025826159400167,485.13329630658154,male,65-69,285,0.041274438812454746,0.002899870319231061,0.0011075069711654214,4.571172871573427e-05
2019,E02005557,E07000146,6655,228441,163,3372,0.04833926453143535,321.6978054567022,female,65-69,120,0.018031555221637866,0.0008716321177719371,0.0007135321592883939,1.286609453262318e-05
2019,E02005557,E07000146,6655,228441,163,3372,0.04833926453143535,321.6978054567022,male,65-69,128,0.019233658903080392,0.0009297409256233997,0.0007135321592883939,1.3723834168131394e-05
2019,E02005562,E07000146,7150,228441,311,3610,0.08614958448753463,615.9695290858725,female,65-69,296,0.0413986013986014,0.0035664723088545806,0.0013614018499306167,5.6360132528596166e-05
2019,E02005562,E07000146,7150,228441,311,3610,0.08614958448753463,615.9695290858725,male,65-69,247,0.034545454545454546,0.0029760765550239233,0.0013614018499306167,4.7030245724875853e-05
2019,E02005573,E07000147,5874,228441,2012,2264,0.8886925795053003,5220.180212014134,female,65-69,293,0.04988083077970718,0.04432872417348536,0.008807525794406433,0.0004393267037386934
2019,E02005573,E07000147,5874,228441,2012,2264,0.8886925795053003,5220.180212014134,male,65-69,257,0.043752128021790945,0.03888219151053153,0.008807525794406433,0.00038534799611209626
2019,E02005577,E07000147,6084,228441,1798,2279,0.78894251864853,4799.926283457657,female,65-69,261,0.042899408284023666,0.033845167220129244,0.007870741241721057,0.000337650142026495
2019,E02005577,E07000147,6084,228441,1798,2279,0.78894251864853,4799.926283457657,male,65-69,235,0.038625904010519393,0.030473617995135528,0.007870741241721057,0.00030401449569435375
2019,E02005467,E07000140,7563,228441,18,3426,0.005253940455341506,39.73555166374781,female,65-69,247,0.03265899775221473,0.0001715884295212683,7.879496237540546e-05,2.573364499104211e-06
2019,E02005467,E07000140,7563,228441,18,3426,0.005253940455341506,39.73555166374781,male,65-69,211,0.027898981885495173,0.00014657958959104293,7.879496237540546e-05,2.1982992279797105e-06
2019,E02005505,E07000143,7600,228441,2690,2978,0.9032907991940899,6865.010073875083,female,65-69,260,0.034210526315789476,0.030902053656639922,0.011775469377213372,0.00040284500500993115
2019,E02005505,E07000143,7600,228441,2690,2978,0.9032907991940899,6865.010073875083,male,65-69,202,0.026578947368421053,0.024008518610158708,0.011775469377213372,0.00031297958081540804
2019,E02003732,E07000009,9888,228441,29,3720,0.0077956989247311825,77.08387096774193,female,65-69,232,0.023462783171521034,0.0001829087935414274,0.0001269474393825977,2.9785402444136996e-06
2019,E02003732,E07000009,9888,228441,29,3720,0.0077956989247311825,77.08387096774193,male,65-69,239,0.024170711974110033,0.0001884275933465567,0.0001269474393825977,3.0684099931675616e-06
2019,E02005503,E07000143,7420,228441,2545,2884,0.8824549237170597,6547.815533980583,female,65-69,287,0.038679245283018866,0.034132690445659856,0.011140732180300384,0.00043091511263426013
2019,E02005503,E07000143,7420,228441,2545,2884,0.8824549237170597,6547.815533980583,male,65-69,243,0.03274932614555256,0.02889980410555869,0.011140732180300384,0.0003648514716729101
2019,E02005609,E07000149,7526,228441,2582,2965,0.8708263069139967,6553.838785834739,female,65-69,287,0.03813446718044114,0.03320849722087657,0.01130269960296094,0.000431022427059499
2019,E02005609,E07000149,7526,228441,2582,2965,0.8708263069139967,6553.838785834739,male,65-69,219,0.02909912304012756,0.025340281851470272,0.01130269960296094,0.00032889864643216127
2019,E02005610,E07000149,8162,228441,2505,3035,0.8253706754530478,6736.675453047776,female,65-69,321,0.039328595932369516,0.032460669789319815,0.010965632263910594,0.00043126292045029413
2019,E02005610,E07000149,8162,228441,2505,3035,0.8253706754530478,6736.675453047776,male,65-69,314,0.038470962999264884,0.031752804716032465,0.010965632263910594,0.0004218584330884497
2019,E02005532,E07000144,8282,228441,2878,3062,0.9399085564990203,7784.322664924886,female,65-69,290,0.035015696691620385,0.03291155293222844,0.012598438984245385,0.00044114311826022243
2019,E02005532,E07000144,8282,228441,2878,3062,0.9399085564990203,7784.322664924886,male,65-69,245,0.02958222651533446,0.027804587822055055,0.012598438984245385,0.00037268987577156713
2019,E02005605,E07000149,10777,228441,3610,3878,0.9308922124806601,10032.225373904073,female,65-69,347,0.032198199870093716,0.02997305351496604,0.01580276745417854,0.0005088206649902527
2019,E02005605,E07000149,10777,228441,3610,3878,0.9308922124806601,10032.225373904073,male,65-69,333,0.0308991370511274,0.028763766053267126,0.01580276745417854,0.0004882918773537584
2019,E02005515,E07000143,6424,228441,2077,2285,0.9089715536105033,5839.233260393873,female,65-69,216,0.033623910336239106,0.03056317801679152,0.009092063158539842,0.00030571071641416654
2019,E02005515,E07000143,6424,228441,2077,2285,0.9089715536105033,5839.233260393873,male,65-69,208,0.0323785803237858,0.02943120846061405,0.009092063158539842,0.0002943880972877159
2019,E02005592,E07000148,9394,228441,2364,2555,0.9252446183953034,8691.74794520548,female,65-69,228,0.02427081115605706,0.022456437406230486,0.010348405058636585,0.00025116418494455415
2019,E02005592,E07000148,9394,228441,2364,2555,0.9252446183953034,8691.74794520548,male,65-69,175,0.018628912071535022,0.01723630064074708,0.010348405058636585,0.00019277952791796915
2019,E02006273,E07000245,6726,228441,75,2935,0.02555366269165247,171.8739352640545,female,65-69,287,0.042670234909307166,0.0010903807898460093,0.0003283123432308561,1.4009164809285713e-05
2019,E02006273,E07000245,6726,228441,75,2935,0.02555366269165247,171.8739352640545,male,65-69,259,0.03850728516205769,0.0009840021762024963,0.0003283123432308561,1.2642417023013937e-05
2019,E02005596,E07000148,9370,228441,3497,3688,0.9482104121475055,8884.731561822126,female,65-69,205,0.021878335112059766,0.02074526515370743,0.015308110190377384,0.00033491596467741345
2019,E02005596,E07000148,9370,228441,3497,3688,0.9482104121475055,8884.731561822126,male,65-69,199,0.021237993596584844,0.020138086661403796,0.015308110190377384,0.0003251135461990501
2019,E02005524,E07000144,5487,228441,1872,2021,0.9262741217219198,5082.466105888174,female,65-69,221,0.040277018407144156,0.03730755985065505,0.008194676087042168,0.00033005711959838147
2019,E02005524,E07000144,5487,228441,1872,2021,0.9262741217219198,5082.466105888174,male,65-69,203,0.0369965372699107,0.034268935066438806,0.008194676087042168,0.00030317463926910154
2019,E02005534,E07000144,7281,228441,2498,2697,0.9262143121987393,6743.766407119021,female,65-69,247,0.03392391155061118,0.03142081240394021,0.01093498977854238,0.0003709576260541091
2019,E02005534,E07000144,7281,228441,2498,2697,0.9262143121987393,6743.766407119021,male,65-69,220,0.030215629721192145,0.02798614869986577,0.01093498977854238,0.0003304076021534575
2019,E02005585,E07000148,11017,228441,3685,3934,0.9367056431113371,10319.6860701576,female,65-69,185,0.016792230189706818,0.015729376779122936,0.016131079797409395,0.0002708768051666278
2019,E02005585,E07000148,11017,228441,3685,3934,0.9367056431113371,10319.6860701576,male,65-69,205,0.018607606426431878,0.01742984994443352,0.016131079797409395,0.0003001607841035605
2019,E02005527,E07000144,8922,228441,2984,3250,0.9181538461538462,8191.768615384616,female,65-69,272,0.03048643801838153,0.027991240322107844,0.013062453762678328,0.00039822768700386744
2019,E02005527,E07000144,8922,228441,2984,3250,0.9181538461538462,8191.768615384616,male,65-69,262,0.02936561309123515,0.02696215060438329,0.013062453762678328,0.00038358696321696056
2019,E02005584,E07000148,10955,228441,3703,3961,0.9348649330977026,10241.445342085332,female,65-69,238,0.021725239616613417,0.02031016468071686,0.016209874759784804,0.0003521634133116187
2019,E02005584,E07000148,10955,228441,3703,3961,0.9348649330977026,10241.445342085332,male,65-69,209,0.019078046554084894,0.01783539671541943,0.016209874759784804,0.0003092527453030602
2019,E02005590,E07000148,11086,228441,3673,3972,0.92472306143001,10251.479859013092,female,65-69,239,0.021558722713332132,0.019935848067993183,0.01607854982249246,0.00034663299725561054
2019,E02005590,E07000148,11086,228441,3673,3972,0.92472306143001,10251.479859013092,male,65-69,248,0.022370557459859282,0.020686570380177023,0.01607854982249246,0.0003596861226752778
2019,E02005607,E07000149,11561,228441,3943,4219,0.9345816544204788,10804.698506755156,female,65-69,377,0.03260963584465012,0.030476367417742456,0.01726047425812354,0.0005628577800633661
2019,E02005607,E07000149,11561,228441,3943,4219,0.9345816544204788,10804.698506755156,male,65-69,358,0.030966179396246,0.02894042317122493,0.01726047425812354,0.0005344909423413397
2019,E02005601,E07000149,5673,228441,2051,2209,0.9284744228157538,5267.235400633771,female,65-69,177,0.03120042305658382,0.028968794789068997,0.008978248212886479,0.0002801251425490758
2019,E02005601,E07000149,5673,228441,2051,2209,0.9284744228157538,5267.235400633771,male,65-69,159,0.028027498677948175,0.026022815657977233,0.008978248212886479,0.00025163783991696636
2019,E02005516,E07000143,6908,228441,1676,2829,0.592435489572287,4092.5443619653583,female,65-69,285,0.041256514186450495,0.0244418231800958,0.007336686496732198,0.0003026861105339717
2019,E02005516,E07000143,6908,228441,1676,2829,0.592435489572287,4092.5443619653583,male,65-69,249,0.036045165026056744,0.021354434988925804,0.007336686496732198,0.0002644520755191542
2019,E02005465,E07000140,8563,228441,11,3284,0.0033495736906211937,28.68239951278928,female,65-69,352,0.04110708863715987,0.00013769122259706413,4.815247700719223e-05,1.979408140433454e-06
2019,E02005465,E07000140,8563,228441,11,3284,0.0033495736906211937,28.68239951278928,male,65-69,324,0.0378372065864767,0.0001267385117086613,4.815247700719223e-05,1.8219552201717017e-06
2019,E02005588,E07000148,12054,228441,3867,4106,0.9417924987822699,11352.366780321481,female,65-69,259,0.02148664343786295,0.02023595961378861,0.016927784416982943,0.00036372126796072523
2019,E02005588,E07000148,12054,228441,3867,4106,0.9417924987822699,11352.366780321481,male,65-69,192,0.015928322548531607,0.015001174694391555,0.016927784416982943,0.00026963121022571134
2019,E02005523,E07000144,8470,228441,2828,3036,0.9314888010540184,7889.710144927536,female,65-69,268,0.03164108618654073,0.02947331743594769,0.012379564088758148,0.0003917028542842011
2019,E02005523,E07000144,8470,228441,2828,3036,0.9314888010540184,7889.710144927536,male,65-69,239,0.0282172373081464,0.02628404054922201,0.012379564088758148,0.00034931709766389577
2019,E02006241,E07000245,9054,228441,39,3755,0.010386151797603195,94.03621837549933,female,65-69,272,0.030041970399823283,0.0003120204648716666,0.00017072241848004518,5.128837842563761e-06
2019,E02006241,E07000245,9054,228441,39,3755,0.010386151797603195,94.03621837549933,male,65-69,239,0.026397172520432957,0.00027416504082473643,0.00017072241848004518,4.506589133723304e-06
2019,E02005598,E07000149,9977,228441,3359,3607,0.9312448017743277,9291.029387302468,female,65-69,266,0.026661321038388294,0.02482821662543562,0.014704015478832608,0.00039202847723458697
2019,E02005598,E07000149,9977,228441,3359,3607,0.9312448017743277,9291.029387302468,male,65-69,228,0.02285256089004711,0.021281328536087673,0.014704015478832608,0.0003360244090582174
2019,E02005576,E07000147,6730,228441,2567,2849,0.901017901017901,6063.8504738504735,female,65-69,305,0.045319465081723624,0.040833649303188675,0.011237037134314768,0.0005092565120306098
2019,E02005576,E07000147,6730,228441,2567,2849,0.901017901017901,6063.8504738504735,male,65-69,287,0.04264487369985141,0.03842379459021361,0.011237037134314768,0.00047920202935339355
2019,E02005525,E07000144,10164,228441,3168,3381,0.9370008873114463,9523.67701863354,female,65-69,286,0.02813852813852814,0.026365825833438966,0.013867913378071361,0.00039022267081153183
2019,E02005525,E07000144,10164,228441,3168,3381,0.9370008873114463,9523.67701863354,male,65-69,255,0.025088547815820542,0.023507991564779496,0.013867913378071361,0.0003479258078914007
2019,E02003738,E07000009,6280,228441,13,2354,0.0055225148683092605,34.68139337298216,female,65-69,168,0.0267515923566879,0.0001477360665407573,5.690747282668173e-05,1.5223655151086832e-06
2019,E02003738,E07000009,6280,228441,13,2354,0.0055225148683092605,34.68139337298216,male,65-69,161,0.025636942675159237,0.00014158039710155908,5.690747282668173e-05,1.4589336186458214e-06
2019,E02005603,E07000149,11652,228441,3684,3943,0.9343139741313721,10886.626426578747,female,65-69,307,0.0263474081702712,0.024616751635627467,0.01612670229949965,0.00042489680792536844
2019,E02005603,E07000149,11652,228441,3684,3943,0.9343139741313721,10886.626426578747,male,65-69,244,0.020940611053896326,0.019565105534505217,0.01612670229949965,0.0003377030004357977
2019,E02005600,E07000149,6635,228441,2020,2210,0.9140271493212669,6064.570135746606,female,65-69,198,0.02984174830444612,0.027276168133475637,0.008842545777684391,0.0002638770254682004
2019,E02005600,E07000149,6635,228441,2020,2210,0.9140271493212669,6064.570135746606,male,65-69,212,0.0319517709118312,0.029204786082307248,0.008842545777684391,0.00028253499696595193
2019,E02005513,E07000143,9953,228441,3432,3696,0.9285714285714286,9242.07142857143,female,65-69,292,0.029337888073947552,0.027242324640094157,0.015023572826243975,0.00044075989804714564
2019,E02005513,E07000143,9953,228441,3432,3696,0.9285714285714286,9242.07142857143,male,65-69,258,0.025921832613282427,0.02407027314090511,0.015023572826243975,0.0003894385400553547
2019,E02006238,E07000245,9785,228441,133,4511,0.029483484814896918,288.4958989137663,female,65-69,318,0.03249872253449157,0.0009581755923492305,0.0005822072219960515,1.8920990965226813e-05
2019,E02006238,E07000245,9785,228441,133,4511,0.029483484814896918,288.4958989137663,male,65-69,284,0.029024016351558508,0.0008557291453684951,0.0005822072219960515,1.689799193120885e-05
2019,E02005572,E07000147,7738,228441,3064,3314,0.9245624622812312,7154.264333132167,female,65-69,331,0.04277591108813647,0.03954900168197047,0.013412653595457909,0.0005737384776552815
2019,E02005572,E07000147,7738,228441,3064,3314,0.9245624622812312,7154.264333132167,male,65-69,344,0.04445593176531403,0.04110228573594514,0.013412653595457909,0.0005962720130314707
2019,E02005518,E07000143,11391,228441,609,4444,0.13703870387038705,1561.007875787579,female,65-69,261,0.022912825915196208,0.003139943965426303,0.0026658962270345514,6.108321615802106e-05
2019,E02005518,E07000143,11391,228441,609,4444,0.13703870387038705,1561.007875787579,male,65-69,254,0.022298305679922747,0.003055730908882303,0.0026658962270345514,5.944496898136916e-05
2019,E02005574,E07000147,7117,228441,2517,2774,0.9073540014419611,6457.638428262437,female,65-69,311,0.04369818743852747,0.039649725228108744,0.01101816223882753,0.0004814737187403909
2019,E02005574,E07000147,7117,228441,2517,2774,0.9073540014419611,6457.638428262437,male,65-69,347,0.04875649852465927,0.044239404032648665,0.01101816223882753,0.000537207010941851
2019,E02005570,E07000147,7365,228441,2562,2824,0.9072237960339944,6681.703257790368,female,65-69,372,0.0505091649694501,0.04582311637809177,0.011215149644766045,0.0005664678435645578
2019,E02005570,E07000147,7365,228441,2562,2824,0.9072237960339944,6681.703257790368,male,65-69,288,0.039103869653767824,0.03547596106690976,0.011215149644766045,0.0004385557498564319
2019,E02005521,E07000144,8781,228441,2751,2985,0.9216080402010051,8092.640201005025,female,65-69,328,0.03735337660858672,0.03442517221112967,0.012042496749707803,0.00044982791639951706
2019,E02005521,E07000144,8781,228441,2751,2985,0.9216080402010051,8092.640201005025,male,65-69,331,0.03769502334586038,0.03474003659110952,0.012042496749707803,0.0004539421961226834
2019,E02003746,E07000010,7756,228441,12,3266,0.003674219228413962,28.49724433557869,female,65-69,193,0.024883960804538422,9.142912726713443e-05,5.252997491693698e-05,1.3071538368964463e-06
2019,E02003746,E07000010,7756,228441,12,3266,0.003674219228413962,28.49724433557869,male,65-69,227,0.02926766374419804,0.00010753581289968662,5.252997491693698e-05,1.5374296423600689e-06
2019,E02003751,E07000010,7027,228441,8,3191,0.0025070510811657787,17.617047947351928,female,65-69,258,0.036715525828945494,9.204769872502788e-05,3.501998327795798e-05,1.2857771005711056e-06
2019,E02003751,E07000010,7027,228441,8,3191,0.0025070510811657787,17.617047947351928,male,65-69,234,0.03330012807741568,8.34851220994439e-05,3.501998327795798e-05,1.1661699284249563e-06
2019,E02005575,E07000147,7169,228441,2376,2621,0.9065242273941244,6498.872186188478,female,65-69,333,0.046449993025526576,0.04210804403992795,0.010400935033553521,0.0004831233597675161
2019,E02005575,E07000147,7169,228441,2376,2621,0.9065242273941244,6498.872186188478,male,65-69,324,0.04519458780862045,0.040969988795605566,0.010400935033553521,0.0004700659716656913
2019,E02005468,E07000140,7623,228441,12,2918,0.00411240575736806,31.348869088416723,female,65-69,266,0.03489439853076217,0.00014349992541780194,5.252997491693698e-05,1.8330018795625394e-06
2019,E02005468,E07000140,7623,228441,12,2918,0.00411240575736806,31.348869088416723,male,65-69,272,0.03568149022694477,0.00014673676584075985,5.252997491693698e-05,1.8743477866203408e-06
2019,E02003750,E07000010,7481,228441,9,3479,0.0025869502730669733,19.352974992814026,female,65-69,254,0.03395268012297821,8.783389511549408e-05,3.939748118770273e-05,1.3376500764171225e-06
2019,E02003750,E07000010,7481,228441,9,3479,0.0025869502730669733,19.352974992814026,male,65-69,240,0.03208127255714477,8.299265680204166e-05,3.939748118770273e-05,1.2639213320476748e-06
2019,E02005508,E07000143,7007,228441,2441,2632,0.9274316109422492,6498.51329787234,female,65-69,282,0.04024546881689739,0.0373249199779812,0.01068547239768693,0.0004300418461749271
2019,E02005508,E07000143,7007,228441,2441,2632,0.9274316109422492,6498.51329787234,male,65-69,246,0.03510774939346368,0.03256003657653679,0.01068547239768693,0.0003751428870887662
2019,E02003753,E07000011,11314,228441,11,3948,0.002786220871327254,31.523302938196554,female,65-69,341,0.030139649991161394,8.397572185987216e-05,4.815247700719223e-05,1.4512988032042205e-06
2019,E02003753,E07000011,11314,228441,11,3948,0.002786220871327254,31.523302938196554,male,65-69,275,0.0243061693477108,6.772235633860658e-05,4.815247700719223e-05,1.1704022606485649e-06
2019,E02005599,E07000149,6569,228441,2263,2427,0.9324268644416975,6125.1120725175115,female,65-69,221,0.03364286801644086,0.031369513935395825,0.009906277769752366,0.000333275595541981
2019,E02005599,E07000149,6569,228441,2263,2427,0.9324268644416975,6125.1120725175115,male,65-69,196,0.029837113715938498,0.0278209263861429,0.009906277769752366,0.0002955747363177749
2019,E02003245,E06000031,7836,228441,8,2848,0.0028089887640449437,22.01123595505618,female,65-69,162,0.020673813169984685,5.8072508904451365e-05,3.501998327795798e-05,7.239965915044911e-07
2019,E02003245,E06000031,7836,228441,8,2848,0.0028089887640449437,22.01123595505618,male,65-69,135,0.017228177641653904,4.8393757420376136e-05,3.501998327795798e-05,6.033304929204093e-07
2019,E02005526,E07000144,5348,228441,1968,2102,0.9362511893434824,5007.071360608944,female,65-69,159,0.02973074046372476,0.027835441119224702,0.008614915886377665,0.0002561278283347137
2019,E02005526,E07000144,5348,228441,1968,2102,0.9362511893434824,5007.071360608944,male,65-69,160,0.029917726252804786,0.028010506786641208,0.008614915886377665,0.0002577386951795861
2019,E02005528,E07000144,8597,228441,2743,2924,0.9380984952120383,8064.832763337893,female,65-69,265,0.03082470629289287,0.028916610588715846,0.012007476766429845,0.00037012694464393493
2019,E02005528,E07000144,8597,228441,2743,2924,0.9380984952120383,8064.832763337893,male,65-69,247,0.02873095265790392,0.026952463454387978,0.012007476766429845,0.0003449862465171771
2019,E02005530,E07000144,5483,228441,2031,2157,0.9415855354659249,5162.713490959666,female,65-69,157,0.028633959511216486,0.02696132209887839,0.008890698254691583,0.0002545758938512819
2019,E02005530,E07000144,5483,228441,2031,2157,0.9415855354659249,5162.713490959666,male,65-69,131,0.023892029910632866,0.022496389776771143,0.008890698254691583,0.0002124168286275027
2019,E02005581,E07000147,8362,228441,2689,2942,0.9140040788579198,7642.9021074099255,female,65-69,307,0.03671370485529778,0.033556475987727985,0.011771091879303627,0.0004321603930813458
2019,E02005581,E07000147,8362,228441,2689,2942,0.9140040788579198,7642.9021074099255,male,65-69,346,0.0413776608466874,0.03781935078747193,0.011771091879303627,0.0004870602475770217
2019,E02006274,E07000245,6820,228441,80,2816,0.028409090909090908,193.75,female,65-69,175,0.025659824046920823,0.0007289722740602507,0.0003501998327795799,8.986066090385114e-06
2019,E02006274,E07000245,6820,228441,80,2816,0.028409090909090908,193.75,male,65-69,170,0.024926686217008796,0.0007081444948013862,0.0003501998327795799,8.729321344945539e-06
2019,E02005586,E07000148,9889,228441,3031,3232,0.937809405940594,9273.997215346535,female,65-69,161,0.01628071594701183,0.015268208550554722,0.013268196164436332,0.0002160157328824198
2019,E02005586,E07000148,9889,228441,3031,3232,0.937809405940594,9273.997215346535,male,65-69,160,0.016179593487713622,0.015173374957073016,0.013268196164436332,0.00021467402025582093
2019,E02006908,E07000148,5715,228441,1741,1868,0.9320128479657388,5326.453426124197,female,65-69,146,0.025546806649168852,0.023809952021521936,0.007621223860865606,0.00019469793240356578
2019,E02006908,E07000148,5715,228441,1741,1868,0.9320128479657388,5326.453426124197,male,65-69,135,0.023622047244094488,0.022016051526749736,0.007621223860865606,0.00018002891009918755
2019,E02006281,E07000245,8800,228441,31,4082,0.007594316511513963,66.82998530132288,female,65-69,296,0.03363636363636364,0.00025544519175092425,0.0001357024352020872,4.564536456797479e-06
2019,E02006281,E07000245,8800,228441,31,4082,0.007594316511513963,66.82998530132288,male,65-69,275,0.03125,0.00023732239098481136,0.0001357024352020872,4.240701100065225e-06
2019,E02006316,E07000244,7206,228441,1008,3252,0.30996309963099633,2233.5940959409595,female,65-69,275,0.03816264224257563,0.01182901087961754,0.0044125178930227065,0.00016839334174038916
2019,E02006316,E07000244,7206,228441,1008,3252,0.30996309963099633,2233.5940959409595,male,65-69,272,0.03774632250902026,0.011699967124567168,0.0044125178930227065,0.00016655632346685765
2019,E02006307,E07000244,7303,228441,507,3269,0.15509330070357907,1132.646375038238,female,65-69,338,0.04628234971929344,0.0071780823822825855,0.0022193914402405873,0.0001027186508012212
2019,E02006307,E07000244,7303,228441,507,3269,0.15509330070357907,1132.646375038238,male,65-69,279,0.038203478022730386,0.005925103504901898,0.0022193914402405873,8.478847211106722e-05
2019,E02006302,E07000244,6742,228441,476,3081,0.15449529373580007,1041.607270366764,female,65-69,285,0.04227232275289232,0.0065308749206026435,0.0020836890050385,8.808237413764055e-05
2019,E02006302,E07000244,6742,228441,476,3081,0.15449529373580007,1041.607270366764,male,65-69,285,0.04227232275289232,0.0065308749206026435,0.0020836890050385,8.808237413764055e-05
2019,E02006907,E07000148,6796,228441,1842,1988,0.9265593561368209,6296.897384305835,female,65-69,114,0.016774573278399058,0.015542637816303353,0.008063351149749825,0.00013525927473094173
2019,E02006907,E07000148,6796,228441,1842,1988,0.9265593561368209,6296.897384305835,male,65-69,98,0.014420247204237787,0.013361214964892357,0.008063351149749825,0.00011627551687396746
2019,E02006304,E07000244,7774,228441,519,3641,0.14254325734688272,1108.1312826146664,female,65-69,321,0.04129148443529714,0.0058858226920953625,0.0022719214151575243,9.381100775219517e-05
2019,E02006304,E07000244,7774,228441,519,3641,0.14254325734688272,1108.1312826146664,male,65-69,263,0.033830717777206074,0.0048223407103460455,0.0022719214151575243,7.686073220818484e-05
2019,E02006309,E07000244,6899,228441,465,3371,0.1379412637199644,951.6567784040344,female,65-69,252,0.03652703290331932,0.005038585078624588,0.002035536528031308,7.435210973530797e-05
2019,E02006309,E07000244,6899,228441,465,3371,0.1379412637199644,951.6567784040344,male,65-69,233,0.033773010581243657,0.004658691759204479,0.002035536528031308,6.874619669970935e-05
2019,E02006825,E07000009,6602,228441,13,2349,0.005534269902085994,36.53724989357173,female,65-69,221,0.0334747046349591,0.00018525805034247267,5.690747282668173e-05,1.9049608443951318e-06
2019,E02006825,E07000009,6602,228441,13,2349,0.005534269902085994,36.53724989357173,male,65-69,219,0.03317176613147531,0.00018358150690045934,5.690747282668173e-05,1.8877213797399723e-06
2019,E02005608,E07000149,7756,228441,2353,3208,0.7334788029925187,5688.861596009975,female,65-69,293,0.03777720474471377,0.027708778916555953,0.010300252581629392,0.00038911475069848013
2019,E02005608,E07000149,7756,228441,2353,3208,0.7334788029925187,5688.861596009975,male,65-69,284,0.036616812790097986,0.026857656014682218,0.010300252581629392,0.0003771624204722469
2019,E02005587,E07000148,9985,228441,3668,3934,0.9323843416370107,9309.857651245551,female,65-69,199,0.019929894842263395,0.01858232188139861,0.016056662332943734,0.00032000759181330027
2019,E02005587,E07000148,9985,228441,3668,3934,0.9323843416370107,9309.857651245551,male,65-69,180,0.018027040560841263,0.016808130344983668,0.016056662332943734,0.0002894541031477088
2019,E02006308,E07000244,7736,228441,477,3755,0.12703062583222371,982.7089214380827,female,65-69,225,0.02908479834539814,0.0036946601360199503,0.0020880665029482447,6.0730993170030384e-05
2019,E02006308,E07000244,7736,228441,477,3755,0.12703062583222371,982.7089214380827,male,65-69,213,0.027533609100310236,0.0034976115954322195,0.0020880665029482447,5.749200686762876e-05
2019,E02006305,E07000244,10024,228441,525,4350,0.1206896551724138,1209.7931034482758,female,65-69,201,0.020051875498802874,0.002420053939510692,0.002298186402615993,4.608294761829755e-05
2019,E02006305,E07000244,10024,228441,525,4350,0.1206896551724138,1209.7931034482758,male,65-69,187,0.018655227454110135,0.002251492968599499,0.002298186402615993,4.287319007274448e-05
2019,E02006314,E07000244,7383,228441,1607,3302,0.4866747425802544,3593.119624470018,female,65-69,317,0.04293647568738995,0.020896098252463857,0.00703463914095981,0.00030204261244538264
2019,E02006314,E07000244,7383,228441,1607,3302,0.4866747425802544,3593.119624470018,male,65-69,272,0.03684139238791819,0.01792977515668823,0.00703463914095981,0.0002591659008995081
2019,E02006279,E07000245,8825,228441,36,4024,0.008946322067594433,78.95129224652088,female,65-69,283,0.03206798866855524,0.00028689055468886395,0.00015758992475081092,5.053591921187477e-06
2019,E02006279,E07000245,8825,228441,36,4024,0.008946322067594433,78.95129224652088,male,65-69,273,0.03093484419263456,0.00027675307925816207,0.00015758992475081092,4.87501976849534e-06
2019,E02006315,E07000244,5848,228441,517,2641,0.19575918212798182,1144.7996970844376,female,65-69,289,0.04941860465116279,0.009674145628417705,0.002263166419338035,0.00011184252653705405
2019,E02006315,E07000244,5848,228441,517,2641,0.19575918212798182,1144.7996970844376,male,65-69,261,0.04463064295485636,0.008736858162688654,0.002263166419338035,0.00010100657240889656
2019,E02006276,E07000245,6874,228441,26,2902,0.00895933838731909,61.586492074431426,female,65-69,266,0.038696537678207736,0.00034669537547670615,0.00011381494565336345,4.404244332818545e-06
2019,E02006276,E07000245,6874,228441,26,2902,0.00895933838731909,61.586492074431426,male,65-69,265,0.03855106197265057,0.00034539200940348545,0.00011381494565336345,4.387687023296671e-06
2019,E02006278,E07000245,8793,228441,28,3456,0.008101851851851851,71.23958333333333,female,65-69,217,0.024678721710451497,0.00019994334719115794,0.00012256994147285294,3.024869475674865e-06
2019,E02006278,E07000245,8793,228441,28,3456,0.008101851851851851,71.23958333333333,male,65-69,223,0.02536108267940407,0.0002054717346710978,0.00012256994147285294,3.1085064197027414e-06
2019,E02006277,E07000245,7994,228441,17,2787,0.006099748833871547,48.76139217796914,female,65-69,171,0.021391043282461848,0.00013047999131749244,7.441746446566072e-05,1.591867203356015e-06
2019,E02006277,E07000245,7994,228441,17,2787,0.006099748833871547,48.76139217796914,male,65-69,134,0.01676257192894671,0.00010224747857628063,7.441746446566072e-05,1.2474281008754738e-06
2019,E02006275,E07000245,7142,228441,24,3181,0.007544797233574348,53.88494184218799,female,65-69,163,0.022822738728647436,0.0001721929360224893,0.00010505994983387396,2.397755785903312e-06
2019,E02006275,E07000245,7142,228441,24,3181,0.007544797233574348,53.88494184218799,male,65-69,130,0.018202184262111454,0.00013733178946578902,0.00010505994983387396,1.9123205654443593e-06
2019,E02005550,E07000145,7234,228441,448,3415,0.13118594436310396,948.999121522694,female,65-69,267,0.036909040641415536,0.004841947352080282,0.001961119063565647,7.238302321979924e-05
2019,E02005550,E07000145,7234,228441,448,3415,0.13118594436310396,948.999121522694,male,65-69,204,0.028200165883328725,0.0036994653926006645,0.001961119063565647,5.530388290950954e-05
2019,E02003758,E07000011,9606,228441,8,3798,0.00210637177461822,20.23380726698262,female,65-69,316,0.03289610660004164,6.929143043715986e-05,3.501998327795798e-05,1.1520211030433816e-06
2019,E02003758,E07000011,9606,228441,8,3798,0.00210637177461822,20.23380726698262,male,65-69,292,0.03039766812408911,6.402879015079327e-05,3.501998327795798e-05,1.064525829394517e-06
2019,E02003775,E07000012,6886,228441,8,2586,0.0030935808197989174,21.302397525135344,female,65-69,189,0.027446993900668022,8.490949389224447e-05,3.501998327795798e-05,9.611932674316089e-07
2019,E02003775,E07000012,6886,228441,8,2586,0.0030935808197989174,21.302397525135344,male,65-69,183,0.026575660760964275,8.221395440360178e-05,3.501998327795798e-05,9.30679195449653e-07
2019,E02005531,E07000144,5447,228441,1858,1969,0.9436262061960387,5139.931945149822,female,65-69,170,0.03120984027905269,0.029450423178506806,0.008133391116305741,0.00025384183766696827
2019,E02005531,E07000144,5447,228441,1858,1969,0.9436262061960387,5139.931945149822,male,65-69,157,0.028823205434183954,0.02719833199426805,0.008133391116305741,0.00023443040302184714
2019,E02005536,E07000144,6216,228441,2430,2679,0.9070548712206047,5638.253079507279,female,65-69,239,0.03844916344916345,0.03487550100092093,0.010637319920679738,0.00040899605229125765
2019,E02005536,E07000144,6216,228441,2430,2679,0.9070548712206047,5638.253079507279,male,65-69,210,0.033783783783783786,0.030643745649344755,0.010637319920679738,0.0003593689162391804
2019,E02005582,E07000147,6991,228441,2342,3094,0.7569489334195216,5291.8299935358755,female,65-69,286,0.040909741095694466,0.030966584888854697,0.0102521001046222,0.0004194107609672363
2019,E02005582,E07000147,6991,228441,2342,3094,0.7569489334195216,5291.8299935358755,male,65-69,258,0.03690459161779431,0.02793489126337242,0.0102521001046222,0.0003783495675858286
2019,E02005522,E07000144,5534,228441,1858,1985,0.9360201511335012,5179.935516372796,female,65-69,177,0.03198409830140947,0.029937760525954052,0.008133391116305741,0.0002601391809877333
2019,E02005522,E07000144,5534,228441,1858,1985,0.9360201511335012,5179.935516372796,male,65-69,162,0.029273581496205278,0.02740066217629693,0.008133391116305741,0.00023809348768368815
2019,E02005549,E07000145,5270,228441,397,2637,0.15054986727341677,793.3978005309064,female,65-69,216,0.04098671726755218,0.0061705448446030394,0.001737866670168665,7.122944985890544e-05
2019,E02005549,E07000145,5270,228441,397,2637,0.15054986727341677,793.3978005309064,male,65-69,226,0.0428842504743833,0.006456218217038366,0.001737866670168665,7.45271095745955e-05
2019,E02005606,E07000149,5848,228441,1025,2229,0.4598474652310453,2689.187976671153,female,65-69,227,0.03881668946648427,0.017849756259823407,0.004486935357488367,0.00017416797642781453
2019,E02005606,E07000149,5848,228441,1025,2229,0.4598474652310453,2689.187976671153,male,65-69,224,0.038303693570451436,0.017613856397358782,0.004486935357488367,0.00017186619700365838
2019,E02005529,E07000144,5904,228441,2426,2537,0.9562475364603863,5645.685455262121,female,65-69,211,0.03573848238482385,0.03417483573732072,0.010619809929040758,0.0003795358900792006
2019,E02005529,E07000144,5904,228441,2426,2537,0.9562475364603863,5645.685455262121,male,65-69,173,0.029302168021680217,0.02802012598368002,0.010619809929040758,0.0003111834548990602
2019,E02006310,E07000244,8522,228441,490,3371,0.14535746069415603,1238.7362800355977,female,65-69,237,0.02781037315184229,0.004042445222308728,0.0021449739757749267,5.965252666729144e-05
2019,E02006310,E07000244,8522,228441,490,3371,0.14535746069415603,1238.7362800355977,male,65-69,182,0.021356489087068765,0.0031043250230387703,0.0021449739757749267,4.5809113305683725e-05
2019,E02005541,E07000145,5924,228441,391,2884,0.1355755894590846,803.1497919556172,female,65-69,195,0.03291694800810263,0.004462734629392555,0.0017116016827101964,5.6340703600352513e-05
2019,E02005541,E07000145,5924,228441,391,2884,0.1355755894590846,803.1497919556172,male,65-69,161,0.027177582714382174,0.0036846167965753915,0.0017116016827101964,4.6517196305932076e-05
2019,E02005537,E07000144,6050,228441,1455,2548,0.5710361067503925,3454.768445839875,female,65-69,228,0.03768595041322314,0.02152003840315529,0.0063692594586786085,0.00024003159612871449
2019,E02005537,E07000144,6050,228441,1455,2548,0.5710361067503925,3454.768445839875,male,65-69,196,0.03239669421487603,0.018499682136045772,0.0063692594586786085,0.00020634295105801772
2019,E02005546,E07000145,7892,228441,496,3877,0.12793396956409595,1009.6548877998453,female,65-69,233,0.029523568170299035,0.003777067271722549,0.002171238963233395,6.410272154503054e-05
2019,E02005546,E07000145,7892,228441,496,3877,0.12793396956409595,1009.6548877998453,male,65-69,225,0.028509883426254434,0.003647382558530358,0.002171238963233395,6.190176973232564e-05
2019,E02005543,E07000145,9707,228441,592,4599,0.12872363557295063,1249.5203305066318,female,65-69,172,0.01771917173173998,0.002280876204651026,0.0025914787625688908,4.591885723311519e-05
2019,E02005543,E07000145,9707,228441,592,4599,0.12872363557295063,1249.5203305066318,male,65-69,196,0.020191614298959513,0.0025991380006488434,0.0025914787625688908,5.2326139637735924e-05
2019,E02005484,E07000141,7211,228441,9,2876,0.003129346314325452,22.565716272600834,female,65-69,252,0.03494660934683123,0.00010936004315767769,3.939748118770273e-05,1.3768083843157796e-06
2019,E02005484,E07000141,7211,228441,9,2876,0.003129346314325452,22.565716272600834,male,65-69,218,0.030231590625433364,9.460511669989578e-05,3.939748118770273e-05,1.1910485229398412e-06
2019,E02005539,E07000145,7534,228441,806,3487,0.23114425007169487,1741.440780040149,female,65-69,316,0.04194319086806477,0.009694927398812793,0.003528263315254267,0.0001479866216645007
2019,E02005539,E07000145,7534,228441,806,3487,0.23114425007169487,1741.440780040149,male,65-69,322,0.042739580568091316,0.00987900829879025,0.003528263315254267,0.0001507964942277507
2019,E02005545,E07000145,6351,228441,437,2936,0.14884196185286103,945.2952997275204,female,65-69,236,0.03715950244056054,0.0055308932447292085,0.001912966586558455,7.108488654192968e-05
2019,E02005545,E07000145,6351,228441,437,2936,0.14884196185286103,945.2952997275204,male,65-69,222,0.03495512517713746,0.005202789408177476,0.001912966586558455,6.686798649283216e-05
2019,E02005533,E07000144,8917,228441,2992,3481,0.8595231255386383,7664.367710428038,female,65-69,327,0.03667152629808231,0.03152002490200008,0.013097473745956286,0.0004803043529132786
2019,E02005533,E07000144,8917,228441,2992,3481,0.8595231255386383,7664.367710428038,male,65-69,329,0.03689581697880453,0.03171280792892363,0.013097473745956286,0.0004832419942155005
2019,E02005583,E07000147,8736,228441,3117,4005,0.7782771535580524,6799.029213483145,female,65-69,426,0.048763736263736264,0.037951701856196236,0.01364466098467438,0.0006653646496647534
2019,E02005583,E07000147,8736,228441,3117,4005,0.7782771535580524,6799.029213483145,male,65-69,409,0.04681776556776557,0.03643719732202878,0.01364466098467438,0.0006388125392321224
2019,E02003785,E07000012,9173,228441,8,3105,0.0025764895330112722,23.6341384863124,female,65-69,229,0.02496456993350049,6.432095312979192e-05,3.501998327795798e-05,8.742588216125998e-07
2019,E02003785,E07000012,9173,228441,8,3105,0.0025764895330112722,23.6341384863124,male,65-69,187,0.02038591518587158,5.2524097097253666e-05,3.501998327795798e-05,7.139144089150924e-07
2019,E02003254,E06000031,8600,228441,8,3068,0.002607561929595828,22.42503259452412,female,65-69,305,0.035465116279069765,9.247748703799156e-05,3.501998327795798e-05,1.2419877790438587e-06
2019,E02003254,E06000031,8600,228441,8,3068,0.002607561929595828,22.42503259452412,male,65-69,295,0.03430232558139535,8.944543828264758e-05,3.501998327795798e-05,1.2012668682555354e-06
2019,E02003726,E07000008,8442,228441,9,2085,0.004316546762589928,36.44028776978417,female,65-69,163,0.019308220800758114,8.334483798888394e-05,3.939748118770273e-05,7.606952657658784e-07
2019,E02003726,E07000008,8442,228441,9,2085,0.004316546762589928,36.44028776978417,male,65-69,158,0.018715944089078417,8.078824786652554e-05,3.939748118770273e-05,7.37361055159563e-07
2019,E02005544,E07000145,7497,228441,439,3315,0.13242835595776772,992.8153846153846,female,65-69,162,0.021608643457382955,0.0028615971275387985,0.0019217215823779444,4.1525796497962786e-05
2019,E02005544,E07000145,7497,228441,439,3315,0.13242835595776772,992.8153846153846,male,65-69,147,0.0196078431372549,0.002596634430544465,0.0019217215823779444,3.768081534074401e-05
2019,E02005446,E07000138,10958,228441,11,1999,0.005502751375687844,60.29914957478739,female,65-69,115,0.01049461580580398,5.774926156270324e-05,4.815247700719223e-05,5.053417462882923e-07
2019,E02005446,E07000138,10958,228441,11,1999,0.005502751375687844,60.29914957478739,male,65-69,116,0.0105858733345501,5.825142905455283e-05,4.815247700719223e-05,5.09736022342973e-07
2019,E02005593,E07000148,12414,228441,2398,2647,0.9059312429165093,11246.230449565546,female,70-74,138,0.011116481391976801,0.01007076780429179,0.010497239987567906,0.00011669237298891341
2019,E02005593,E07000148,12414,228441,2398,2647,0.9059312429165093,11246.230449565546,male,70-74,106,0.008538746576445948,0.007735517298948766,0.010497239987567906,8.963327200597696e-05
2019,E02006287,E07000244,6179,228441,545,2715,0.2007366482504604,1240.3517495395947,female,70-74,308,0.04984625343906781,0.010005969843201457,0.0023857363608108875,0.00011892001927977883
2019,E02006287,E07000244,6179,228441,545,2715,0.2007366482504604,1240.3517495395947,male,70-74,315,0.050979122835410264,0.010233378248728763,0.0023857363608108875,0.0001216227469906829
2019,E02006233,E07000200,11790,228441,40,5050,0.007920792079207921,93.38613861386139,female,70-74,409,0.03469041560644614,0.0002747755691599694,0.00017509991638978994,6.074288872215783e-06
2019,E02006233,E07000200,11790,228441,40,5050,0.007920792079207921,93.38613861386139,male,70-74,341,0.028922815945716707,0.00022909161145122145,0.00017509991638978994,5.0643826538522784e-06
2019,E02006288,E07000244,9562,228441,114,3453,0.03301476976542137,315.68722849695916,female,70-74,377,0.039426898138464755,0.0013016699646061344,0.0004990347617109013,1.9675392717528734e-05
2019,E02006288,E07000244,9562,228441,114,3453,0.03301476976542137,315.68722849695916,male,70-74,367,0.038381091821794604,0.0012671429098420459,0.0004990347617109013,1.915349901149349e-05
2019,E02006311,E07000244,8471,228441,917,3751,0.24446814182884563,2070.889629432151,female,70-74,367,0.04332428284736159,0.010591406923761816,0.004014165583235934,0.0001739108451242578
2019,E02006311,E07000244,8471,228441,917,3751,0.24446814182884563,2070.889629432151,male,70-74,300,0.035414945106835086,0.008657825823238543,0.004014165583235934,0.00014216145378004723
2019,E02006256,E07000202,9754,228441,48,4135,0.011608222490931077,113.22660217654172,female,70-74,178,0.01824892351855649,0.00021183756442338852,0.00021011989966774792,3.8344619787634946e-06
2019,E02006256,E07000202,9754,228441,48,4135,0.011608222490931077,113.22660217654172,male,70-74,162,0.016608570842731187,0.00019279598559881426,0.00021011989966774792,3.4897912390993605e-06
2019,E02006251,E07000202,10928,228441,70,3797,0.018435607058203844,201.4643139320516,female,70-74,134,0.01226207906295754,0.0002260588713213136,0.0003064248536821324,3.7574057827055033e-06
2019,E02006251,E07000202,10928,228441,70,3797,0.018435607058203844,201.4643139320516,male,70-74,122,0.01116398243045388,0.00020581479329253926,0.0003064248536821324,3.420921682761727e-06
2019,E02004577,E07000076,5680,228441,11,2201,0.004997728305315766,28.387096774193548,female,70-74,170,0.02992957746478873,0.00014957989646191552,4.815247700719223e-05,1.441183290708218e-06
2019,E02004577,E07000076,5680,228441,11,2201,0.004997728305315766,28.387096774193548,male,70-74,179,0.03151408450704225,0.00015749883215695812,4.815247700719223e-05,1.517481229628065e-06
2019,E02005542,E07000145,7554,228441,451,3494,0.12907842014882656,975.0583858042359,female,70-74,166,0.021975112523166536,0.0028365128070830304,0.0019742515572948815,4.338440012059179e-05
2019,E02005542,E07000145,7554,228441,451,3494,0.12907842014882656,975.0583858042359,male,70-74,156,0.020651310563939634,0.0026656385415961006,0.0019742515572948815,4.077088204103806e-05
2019,E02005611,E07000149,11199,228441,3134,4161,0.753184330689738,8434.911319394376,female,70-74,397,0.03544959371372444,0.02670007851449469,0.01371907844914004,0.00048633575714872724
2019,E02005611,E07000149,11199,228441,3134,4161,0.753184330689738,8434.911319394376,male,70-74,300,0.02678810608090008,0.020176381748988427,0.01371907844914004,0.00036750812882775354
2019,E02005595,E07000148,8952,228441,3128,3359,0.9312295325989878,8336.366775826138,female,70-74,351,0.03920911528150134,0.036512686097212324,0.013692813461681571,0.0005368831015471661
2019,E02005595,E07000148,8952,228441,3128,3359,0.9312295325989878,8336.366775826138,male,70-74,284,0.031724754244861486,0.029543028067260117,0.013692813461681571,0.00043440114199257894
2019,E02006293,E07000244,11451,228441,88,4406,0.01997276441216523,228.70812528370405,female,70-74,359,0.03135097371408611,0.0006261656120834266,0.00038521981605753786,1.2077016327364955e-05
2019,E02006293,E07000244,11451,228441,88,4406,0.01997276441216523,228.70812528370405,male,70-74,336,0.029342415509562483,0.0005860491522563546,0.00038521981605753786,1.1303279905277506e-05
2019,E02004521,E07000071,9189,228441,8,3522,0.002271436683702442,20.87223168654174,female,70-74,220,0.023941669387310915,5.438198611541378e-05,3.501998327795798e-05,8.384368615900267e-07
2019,E02004521,E07000071,9189,228441,8,3522,0.002271436683702442,20.87223168654174,male,70-74,186,0.020241593209271956,4.597749735212256e-05,3.501998327795798e-05,7.088602557079317e-07
2019,E02004507,E07000071,9933,228441,11,3434,0.00320326150262085,31.817996505532903,female,70-74,171,0.017215342796738146,5.514524483521246e-05,4.815247700719223e-05,8.289613981908659e-07
2019,E02004507,E07000071,9933,228441,11,3434,0.00320326150262085,31.817996505532903,male,70-74,145,0.014597805295479714,4.676058772576495e-05,4.815247700719223e-05,7.02920483846056e-07
2019,E02004446,E07000067,6867,228441,9,2535,0.0035502958579881655,24.379881656804734,female,70-74,234,0.03407601572739188,0.00012097993749369897,3.939748118770273e-05,1.3425091885717838e-06
2019,E02004446,E07000067,6867,228441,9,2535,0.0035502958579881655,24.379881656804734,male,70-74,229,0.03334789573321684,0.00011839489609426096,3.939748118770273e-05,1.3138230947988825e-06
2019,E02004589,E07000076,7733,228441,9,3538,0.002543810062182024,19.67128321085359,female,70-74,307,0.03969998706840812,0.0001009892265731128,3.939748118770273e-05,1.5640794936796506e-06
2019,E02004589,E07000076,7733,228441,9,3538,0.002543810062182024,19.67128321085359,male,70-74,235,0.030389240915556705,7.73044568230668e-05,3.939748118770273e-05,1.1972595472792113e-06
2019,E02004522,E07000071,12010,228441,9,2824,0.003186968838526912,38.27549575070822,female,70-74,338,0.028143213988343047,8.969154599684399e-05,3.939748118770273e-05,1.1087717436672375e-06
2019,E02004522,E07000071,12010,228441,9,2824,0.003186968838526912,38.27549575070822,male,70-74,235,0.019567027477102414,6.235950683212525e-05,3.939748118770273e-05,7.708915969284048e-07
2019,E02004526,E07000071,7285,228441,8,3181,0.002514932411191449,18.321282615529707,female,70-74,378,0.05188743994509266,0.00013049340445166338,3.501998327795798e-05,1.8170972792131939e-06
2019,E02004526,E07000071,7285,228441,8,3181,0.002514932411191449,18.321282615529707,male,70-74,365,0.050102951269732326,0.0001260055360445956,3.501998327795798e-05,1.7546045156423697e-06
2019,E02006235,E07000200,8200,228441,24,2985,0.008040201005025126,65.92964824120604,female,70-74,355,0.043292682926829265,0.0003480818727785268,0.00010505994983387396,4.548327096466494e-06
2019,E02006235,E07000200,8200,228441,24,2985,0.008040201005025126,65.92964824120604,male,70-74,313,0.03817073170731707,0.0003069003554357152,0.00010505994983387396,4.010215158292994e-06
2019,E02004513,E07000071,13590,228441,10,3781,0.0026448029621793175,35.942872256016926,female,70-74,203,0.014937454010301693,3.950662261386324e-05,4.3774979097447484e-05,6.538867370700397e-07
2019,E02004513,E07000071,13590,228441,10,3781,0.0026448029621793175,35.942872256016926,male,70-74,140,0.010301692420897719,2.7245946630250513e-05,4.3774979097447484e-05,4.5095637039313083e-07
2019,E02004582,E07000076,7003,228441,9,3302,0.0027256208358570565,19.087522713506967,female,70-74,411,0.058689133228616304,0.00015996432436630732,3.939748118770273e-05,2.31220402229699e-06
2019,E02004582,E07000076,7003,228441,9,3302,0.0027256208358570565,19.087522713506967,male,70-74,351,0.0501213765529059,0.00013661186825443764,3.939748118770273e-05,1.974655989844875e-06
2019,E02004520,E07000071,9529,228441,11,3753,0.002930988542499334,27.929389821476153,female,70-74,135,0.014167278833035996,4.152413193802184e-05,4.815247700719223e-05,6.82189568262247e-07
2019,E02004520,E07000071,9529,228441,11,3753,0.002930988542499334,27.929389821476153,male,70-74,122,0.012803022352817715,3.752551182547159e-05,4.815247700719223e-05,6.164972394666232e-07
2019,E02004579,E07000076,7266,228441,8,3141,0.0025469595670168737,18.506208213944603,female,70-74,342,0.04706853839801817,0.00011988166417833344,3.501998327795798e-05,1.6483394276165194e-06
2019,E02004579,E07000076,7266,228441,8,3141,0.0025469595670168737,18.506208213944603,male,70-74,343,0.04720616570327553,0.00012023219536014143,3.501998327795798e-05,1.6531591335452226e-06
2019,E02004559,E07000074,7711,228441,8,2504,0.003194888178913738,24.635782747603834,female,70-74,325,0.042147581377253274,0.00013465680951199127,3.501998327795798e-05,1.4760075950377828e-06
2019,E02004559,E07000074,7711,228441,8,2504,0.003194888178913738,24.635782747603834,male,70-74,235,0.03047594345739852,9.7367231493286e-05,3.501998327795798e-05,1.0672670302580892e-06
2019,E02004575,E07000076,11687,228441,12,4223,0.0028415818138763913,33.20956665877338,female,70-74,422,0.03610849662017626,0.00010260524732231001,5.252997491693698e-05,1.8967784217461627e-06
2019,E02004575,E07000076,11687,228441,12,4223,0.0028415818138763913,33.20956665877338,male,70-74,359,0.03071789167451014,8.728740234291302e-05,5.252997491693698e-05,1.613610079163205e-06
2019,E02004588,E07000076,7179,228441,8,3751,0.0021327645961077045,15.311117035457212,female,70-74,185,0.025769605794678924,5.4960502894543156e-05,3.501998327795798e-05,9.024511640092251e-07
2019,E02004588,E07000076,7179,228441,8,3751,0.0021327645961077045,15.311117035457212,male,70-74,171,0.02381947346427079,5.0801329702523675e-05,3.501998327795798e-05,8.34157562408527e-07
2019,E02004512,E07000071,11610,228441,14,4353,0.0032161727544222376,37.33976567884218,female,70-74,252,0.021705426356589147,6.980840087118035e-05,6.128497073642647e-05,1.3302164190852256e-06
2019,E02004512,E07000071,11610,228441,14,4353,0.0032161727544222376,37.33976567884218,male,70-74,195,0.016795865633074936,5.401840543603242e-05,6.128497073642647e-05,1.0293341338159484e-06
2019,E02004509,E07000071,14885,228441,13,4843,0.0026842865992153624,39.95560602932067,female,70-74,206,0.01383943567349681,3.714901171907052e-05,5.690747282668173e-05,7.875673095261294e-07
2019,E02004509,E07000071,14885,228441,13,4843,0.0026842865992153624,39.95560602932067,male,70-74,164,0.011017803157541148,2.957494136858041e-05,5.690747282668173e-05,6.26995333797501e-07
2019,E02004585,E07000076,8674,228441,8,4088,0.0019569471624266144,16.974559686888455,female,70-74,354,0.040811620936130964,7.98661857849921e-05,3.501998327795798e-05,1.4292222827296663e-06
2019,E02004585,E07000076,8674,228441,8,4088,0.0019569471624266144,16.974559686888455,male,70-74,325,0.03746829605718238,7.332347565006337e-05,3.501998327795798e-05,1.312139101376106e-06
2019,E02004580,E07000076,12194,228441,9,5534,0.0016263100831225153,19.831225153595952,female,70-74,747,0.06125963588650156,9.962716353063138e-05,3.939748118770273e-05,2.413475352403964e-06
2019,E02004580,E07000076,12194,228441,9,5534,0.0016263100831225153,19.831225153595952,male,70-74,633,0.05191077579137281,8.442301809222176e-05,3.939748118770273e-05,2.0451538126796644e-06
2019,E02004590,E07000076,8402,228441,9,4502,0.0019991115059973343,16.796534873389604,female,70-74,461,0.05486788859795287,0.00010968702740594753,3.939748118770273e-05,2.1616566088468175e-06
2019,E02004590,E07000076,8402,228441,9,4502,0.0019991115059973343,16.796534873389604,male,70-74,424,0.050464175196381814,0.00010088351327575217,3.939748118770273e-05,1.9881613929523873e-06
2019,E02004595,E07000077,14491,228441,8,5057,0.0015819655922483687,22.924263397271112,female,70-74,379,0.026154164653923125,4.1374988576504844e-05,3.501998327795798e-05,9.159184088293475e-07
2019,E02004595,E07000077,14491,228441,8,5057,0.0015819655922483687,22.924263397271112,male,70-74,357,0.0246359809536954,3.897327420003227e-05,3.501998327795798e-05,8.627516410345042e-07
2019,E02006922,E07000071,13943,228441,14,5702,0.002455278849526482,34.23395299894774,female,70-74,474,0.03399555332424873,8.34685630549776e-05,6.128497073642647e-05,2.083416490645209e-06
2019,E02006922,E07000071,13943,228441,14,5702,0.002455278849526482,34.23395299894774,male,70-74,427,0.03062468622247723,7.51921443554334e-05,6.128497073642647e-05,1.8768329989567597e-06
2019,E02004523,E07000071,10335,228441,10,4139,0.0024160425223483935,24.969799468470647,female,70-74,212,0.020512820512820513,4.9559846612274735e-05,4.3774979097447484e-05,8.9794828917841e-07
2019,E02004523,E07000071,10335,228441,10,4139,0.0024160425223483935,24.969799468470647,male,70-74,203,0.01964199322689889,4.745589085986685e-05,4.3774979097447484e-05,8.598278429397039e-07
2019,E02005579,E07000147,12901,228441,4648,5056,0.9193037974683544,11859.93829113924,female,70-74,557,0.04317494767847454,0.03969089335631916,0.02034661028449359,0.0008784638344673227
2019,E02005579,E07000147,12901,228441,4648,5056,0.9193037974683544,11859.93829113924,male,70-74,467,0.03619874428338889,0.03327764308330529,0.02034661028449359,0.0007365217427221538
2019,E02006292,E07000244,6857,228441,50,2404,0.020798668885191347,142.61647254575706,female,70-74,251,0.03660492926935978,0.0007613338034392632,0.0002188748954872374,8.011900068148839e-06
2019,E02006292,E07000244,6857,228441,50,2404,0.020798668885191347,142.61647254575706,male,70-74,266,0.0387924748432259,0.0008068318395013706,0.0002188748954872374,8.490698877002355e-06
2019,E02006250,E07000202,10945,228441,56,4152,0.01348747591522158,147.62042389210018,female,70-74,127,0.011603471904979443,0.0001565015478513605,0.0002451398829457059,2.8444737445504474e-06
2019,E02006250,E07000202,10945,228441,56,4152,0.01348747591522158,147.62042389210018,male,70-74,130,0.01187756966651439,0.00016019843480847925,0.0002451398829457059,2.9116660377288045e-06
2019,E02005594,E07000148,11105,228441,3270,3517,0.92976969007677,10325.092408302531,female,70-74,281,0.02530391715443494,0.023526815210407236,0.014314418164865327,0.00036221085135769085
2019,E02005594,E07000148,11105,228441,3270,3517,0.92976969007677,10325.092408302531,male,70-74,242,0.021791985592075642,0.020261527690101606,0.014314418164865327,0.00031193959440769105
2019,E02005602,E07000149,12285,228441,3889,4252,0.9146284101599247,11236.210018814674,female,70-74,435,0.03540903540903541,0.032386109761462535,0.017024089370997326,0.0006028065833442276
2019,E02005602,E07000149,12285,228441,3889,4252,0.9146284101599247,11236.210018814674,male,70-74,377,0.030687830687830688,0.02806796179326753,0.017024089370997326,0.000522432372231664
2019,E02005535,E07000144,7243,228441,2248,2438,0.9220672682526662,6678.533223954061,female,70-74,165,0.0227806157669474,0.021005260149342803,0.009840615301106194,0.00022417527608484359
2019,E02005535,E07000144,7243,228441,2248,2438,0.9220672682526662,6678.533223954061,male,70-74,186,0.025679966864558885,0.023678656895622794,0.009840615301106194,0.0002527066748592782
2019,E02006230,E07000200,11148,228441,70,4587,0.01526051885764116,170.12426422498365,female,70-74,374,0.0335486185862935,0.0005119693265839428,0.0003064248536821324,1.0280130541542653e-05
2019,E02006230,E07000200,11148,228441,70,4587,0.01526051885764116,170.12426422498365,male,70-74,383,0.03435593828489415,0.0005242894440685831,0.0003064248536821324,1.0527513362061061e-05
2019,E02006294,E07000244,8228,228441,52,3741,0.013900026730820636,114.36941994119219,female,70-74,374,0.045454545454545456,0.0006318193968554835,0.0002276298913067269,1.0346813241214859e-05
2019,E02006294,E07000244,8228,228441,52,3741,0.013900026730820636,114.36941994119219,male,70-74,311,0.03779776373359261,0.00052538992626218,0.0002276298913067269,8.60390085031503e-06
2019,E02006296,E07000244,13489,228441,80,5153,0.015524936929943722,209.41587424801088,female,70-74,411,0.030469271258062126,0.00047303351458276153,0.0003501998327795799,1.0670333699489016e-05
2019,E02006296,E07000244,13489,228441,80,5153,0.015524936929943722,209.41587424801088,male,70-74,401,0.029727926458595892,0.00046152418332770647,0.0003501998327795799,1.041071487468393e-05
2019,E02006313,E07000244,10033,228441,688,4581,0.1501855490067671,1506.8116131848942,female,70-74,485,0.0483404764277883,0.007260040991556069,0.0030117185619043868,0.00014558791014887147
2019,E02006313,E07000244,10033,228441,688,4581,0.1501855490067671,1506.8116131848942,male,70-74,458,0.045649357121499055,0.006855873761098309,0.0030117185619043868,0.00013748301618182092
2019,E02006295,E07000244,9796,228441,69,4175,0.01652694610778443,161.89796407185628,female,70-74,349,0.03562678644344631,0.0005888019795443821,0.00030204735577238763,1.0760976639910503e-05
2019,E02006295,E07000244,9796,228441,69,4175,0.01652694610778443,161.89796407185628,male,70-74,308,0.03144140465496121,0.0005196304002855865,0.00030204735577238763,9.496793137800673e-06
2019,E02005597,E07000149,16660,228441,5376,5722,0.9395316322963999,15652.596994058022,female,70-74,403,0.024189675870348138,0.022726965655189023,0.023533428762787766,0.000569266013889764
2019,E02005597,E07000149,16660,228441,5376,5722,0.9395316322963999,15652.596994058022,male,70-74,395,0.023709483793517408,0.02227581000942845,0.023533428762787766,0.0005579654478572129
2019,E02006267,E07000203,8615,228441,87,3046,0.02856204858831254,246.06204858831254,female,70-74,281,0.032617527568195005,0.0009316234072334096,0.0003808423181477931,1.2422134811320934e-05
2019,E02006267,E07000203,8615,228441,87,3046,0.02856204858831254,246.06204858831254,male,70-74,302,0.035055136390017415,0.0010012465088416005,0.0003808423181477931,1.3350479405761292e-05
2019,E02005538,E07000145,9068,228441,751,4616,0.1626949740034662,1475.3180242634314,female,70-74,447,0.04929422143802382,0.008019922075380392,0.0032875009302183057,0.00016205479883189044
2019,E02005538,E07000145,9068,228441,751,4616,0.1626949740034662,1475.3180242634314,male,70-74,478,0.052712836347595944,0.00857611353922109,0.0032875009302183057,0.00017329349852716699
2019,E02006271,E07000203,9748,228441,54,3734,0.0144617032672737,140.97268344938402,female,70-74,323,0.033135002051702916,0.00047918856743223284,0.0002363848871262164,7.832613719918742e-06
2019,E02006271,E07000203,9748,228441,54,3734,0.0144617032672737,140.97268344938402,male,70-74,278,0.028518670496512105,0.0004124285502977112,0.0002363848871262164,6.741382706307771e-06
2019,E02006312,E07000244,8830,228441,965,3470,0.2780979827089337,2455.605187319885,female,70-74,347,0.03929784824462061,0.010928652321630804,0.004224285482903682,0.00016600532984910278
2019,E02006312,E07000244,8830,228441,965,3470,0.2780979827089337,2455.605187319885,male,70-74,353,0.03997734994337486,0.011117620373301653,0.004224285482903682,0.00016887573901075875
2019,E02005520,E07000144,8657,228441,3033,3252,0.9326568265682657,8074.010147601476,female,70-74,401,0.04632089638442879,0.043201500225698804,0.013276951160255821,0.0006150002789953315
2019,E02005520,E07000144,8657,228441,3033,3252,0.9326568265682657,8074.010147601476,male,70-74,377,0.043548573408802124,0.04061587427702855,0.013276951160255821,0.0005781922822474812
2019,E02006237,E07000200,7731,228441,59,2944,0.020040760869565216,154.9351222826087,female,70-74,278,0.03595912559824085,0.0007206482371930061,0.00025827237667494014,9.287248831410342e-06
2019,E02006237,E07000200,7731,228441,59,2944,0.020040760869565216,154.9351222826087,male,70-74,270,0.034924330616996506,0.000699910158424862,0.00025827237667494014,9.019989872233067e-06
2019,E02005604,E07000149,8600,228441,2789,3152,0.8848350253807107,7609.581218274112,female,70-74,316,0.036744186046511626,0.03251254279305867,0.012208841670278102,0.00044860394974510233
2019,E02005604,E07000149,8600,228441,2789,3152,0.8848350253807107,7609.581218274112,male,70-74,279,0.03244186046511628,0.02870569442804864,0.012208841670278102,0.00039607753790785936
2019,E02006258,E07000202,9082,228441,63,4222,0.014921837991473235,135.52013263855991,female,70-74,147,0.016185862144902002,0.00024152281267854716,0.00027578236831391915,4.463775395523686e-06
2019,E02006258,E07000202,9082,228441,63,4222,0.014921837991473235,135.52013263855991,male,70-74,146,0.01607575423915437,0.0002398798003474006,0.00027578236831391915,4.433409576506518e-06
2019,E02003619,E06000055,11815,228441,9,5224,0.0017228177641653904,20.355091883614087,female,70-74,351,0.029707998307236565,5.1181467221502505e-05,3.939748118770273e-05,1.1704203044336572e-06
2019,E02003619,E06000055,11815,228441,9,5224,0.0017228177641653904,20.355091883614087,male,70-74,329,0.02784595852729581,4.797351201103796e-05,3.939748118770273e-05,1.0970606272326872e-06
2019,E02006261,E07000203,8070,228441,1036,3144,0.32951653944020354,2659.1984732824426,female,70-74,354,0.04386617100371747,0.014454628867637181,0.004535087834495559,0.00019893693846486095
2019,E02006261,E07000203,8070,228441,1036,3144,0.32951653944020354,2659.1984732824426,male,70-74,368,0.04560099132589839,0.015026280856752778,0.004535087834495559,0.00020680450100301928
2019,E02006306,E07000244,7510,228441,473,3378,0.14002368265245707,1051.5778567199527,female,70-74,306,0.040745672436751,0.005705359106744589,0.002070556511309266,8.436621737158927e-05
2019,E02006306,E07000244,7510,228441,473,3378,0.14002368265245707,1051.5778567199527,male,70-74,286,0.038082556591211715,0.005332459818722066,0.002070556511309266,7.885208551723702e-05
2019,E02006303,E07000244,8152,228441,445,3523,0.12631280158955435,1029.7019585580472,female,70-74,250,0.030667320902845928,0.0038736752204843704,0.001947986569836413,5.973952925160737e-05
2019,E02006303,E07000244,8152,228441,445,3523,0.12631280158955435,1029.7019585580472,male,70-74,197,0.024165848871442592,0.003052456073741684,0.001947986569836413,4.707474905026661e-05
2019,E02006228,E07000200,6121,228441,22,2586,0.008507347254447023,52.07347254447023,female,70-74,233,0.03806567554321189,0.00032383792032121485,9.630495401438446e-05,3.6659131327155007e-06
2019,E02006228,E07000200,6121,228441,22,2586,0.008507347254447023,52.07347254447023,male,70-74,224,0.03659532756085607,0.0003113291594504383,9.630495401438446e-05,3.52431133788958e-06
2019,E02006266,E07000203,9653,228441,49,4297,0.011403304631138002,110.07609960437514,female,70-74,374,0.03874443178286543,0.00044181455838035975,0.00021449739757749265,8.310579788043329e-06
2019,E02006266,E07000203,9653,228441,49,4297,0.011403304631138002,110.07609960437514,male,70-74,405,0.04195586864187299,0.000478435551187288,0.00021449739757749265,8.999424636784888e-06
2019,E02006245,E07000202,7778,228441,49,3627,0.013509787703336091,105.07912875654812,female,70-74,238,0.030599125739264592,0.00041338769264515166,0.00021449739757749265,6.563432839218726e-06
2019,E02006245,E07000202,7778,228441,49,3627,0.013509787703336091,105.07912875654812,male,70-74,185,0.023785034713293907,0.0003213307694930801,0.00021449739757749265,5.101828047291867e-06
2019,E02006289,E07000244,9527,228441,111,3942,0.02815829528158295,268.26407914764076,female,70-74,409,0.04293061824288863,0.0012088530251041698,0.00048590226798166705,2.0860084770074715e-05
2019,E02006289,E07000244,9527,228441,111,3942,0.02815829528158295,268.26407914764076,male,70-74,357,0.03747244673034533,0.0010551602199564514,0.00048590226798166705,1.8207946853097e-05
2019,E02006286,E07000245,11775,228441,11,4724,0.0023285351397121083,27.418501270110074,female,70-74,304,0.02581740976645435,6.011674585753553e-05,4.815247700719223e-05,1.2431722301644532e-06
2019,E02006286,E07000245,11775,228441,11,4724,0.0023285351397121083,27.418501270110074,male,70-74,261,0.022165605095541403,5.161339035794992e-05,4.815247700719223e-05,1.0673287897135603e-06
2019,E02006280,E07000245,9789,228441,32,4150,0.0077108433734939755,75.48144578313253,female,70-74,376,0.03841046072121769,0.00029617704652505205,0.00014007993311183193,5.380534768622822e-06
2019,E02006280,E07000245,9789,228441,32,4150,0.0077108433734939755,75.48144578313253,male,70-74,365,0.03728675043416079,0.00028751229250437236,0.00014007993311183193,5.223125506774814e-06
2019,E02006290,E07000244,8129,228441,72,3583,0.020094892548144012,163.35138152386267,female,70-74,351,0.043178742772788783,0.0008676721963831404,0.00031517984950162184,1.360906964879681e-05
2019,E02006290,E07000244,8129,228441,72,3583,0.020094892548144012,163.35138152386267,male,70-74,341,0.04194857916102842,0.0008429521907881792,0.00031517984950162184,1.3221346866779807e-05
2019,E02006227,E07000200,6270,228441,24,2589,0.009269988412514484,58.12282734646582,female,70-74,263,0.04194577352472089,0.0003888368345281195,0.00010505994983387396,4.406820862250216e-06
2019,E02006227,E07000200,6270,228441,24,2589,0.009269988412514484,58.12282734646582,male,70-74,283,0.045135566188197765,0.00041840617555687385,0.00010505994983387396,4.741940319455555e-06
2019,E02006249,E07000202,8185,228441,53,3215,0.016485225505443235,134.93157076205287,female,70-74,216,0.026389737324373854,0.0004350407708217152,0.00023200738921647164,6.122614058736453e-06
2019,E02006249,E07000202,8185,228441,53,3215,0.016485225505443235,134.93157076205287,male,70-74,239,0.02919975565058033,0.00048136455660365707,0.00023200738921647164,6.7745590742500576e-06
2019,E02006262,E07000203,9118,228441,277,3705,0.0747638326585695,681.6966261808368,female,70-74,373,0.0409080938802369,0.0030584458852430827,0.0012125669209992953,4.9603801440308967e-05
2019,E02006262,E07000203,9118,228441,277,3705,0.0747638326585695,681.6966261808368,male,70-74,389,0.04266286466330336,0.0031896392744224108,0.0012125669209992953,5.173157844579139e-05
2019,E02006268,E07000203,6407,228441,39,3227,0.012085528354508832,77.43198016733808,female,70-74,228,0.035586077727485566,0.000430076551401282,0.00017072241848004518,6.075341253855206e-06
2019,E02006268,E07000203,6407,228441,39,3227,0.012085528354508832,77.43198016733808,male,70-74,176,0.027469954737006398,0.000331988916871165,0.00017072241848004518,4.689737108239106e-06
2019,E02006257,E07000202,6460,228441,45,3015,0.014925373134328358,96.41791044776119,female,70-74,199,0.030804953560371516,0.00045977542627420175,0.00019698740593851365,6.0681878919139655e-06
2019,E02006257,E07000202,6460,228441,45,3015,0.014925373134328358,96.41791044776119,male,70-74,183,0.028328173374613002,0.0004228085578300448,0.00019698740593851365,5.580293388041486e-06
2019,E02006265,E07000203,7283,228441,60,2946,0.020366598778004074,148.32993890020367,female,70-74,256,0.03515035013044075,0.00071589307801305,0.0002626498745846849,9.232235053368026e-06
2019,E02006265,E07000203,7283,228441,60,2946,0.020366598778004074,148.32993890020367,male,70-74,258,0.03542496224083482,0.000721485992685027,0.0002626498745846849,9.304361889722464e-06
2019,E02006253,E07000202,6895,228441,47,3085,0.015235008103727715,105.0453808752026,female,70-74,239,0.0346627991298042,0.000528088025640453,0.00020574240175800316,7.1316075446211385e-06
2019,E02006253,E07000202,6895,228441,47,3085,0.015235008103727715,105.0453808752026,male,70-74,247,0.03582306018854242,0.0005457646122727695,0.00020574240175800316,7.370322441512224e-06
2019,E02006263,E07000203,7712,228441,950,2788,0.34074605451936874,2627.8335724533717,female,70-74,337,0.043698132780082985,0.014889966334676772,0.00415862301425751,0.00018172406065933362
2019,E02006263,E07000203,7712,228441,950,2788,0.34074605451936874,2627.8335724533717,male,70-74,340,0.044087136929460584,0.01502251796376885,0.00415862301425751,0.00018334178226757697
2019,E02006247,E07000202,8915,228441,57,3837,0.014855355746677092,132.43549648162627,female,70-74,180,0.020190689848569827,0.0002999398804713266,0.00024951738085545063,5.037928048679878e-06
2019,E02006247,E07000202,8915,228441,57,3837,0.014855355746677092,132.43549648162627,male,70-74,176,0.01974200785193494,0.00029327454979418603,0.00024951738085545063,4.925974092042548e-06
2019,E02006291,E07000244,7681,228441,68,3090,0.022006472491909384,169.03171521035597,female,70-74,320,0.041661242025777895,0.0009168169766190605,0.0002976698578626429,1.240129599219447e-05
2019,E02006291,E07000244,7681,228441,68,3090,0.022006472491909384,169.03171521035597,male,70-74,329,0.0428329644577529,0.0009426024540864715,0.0002976698578626429,1.275008244197494e-05
2019,E02006301,E07000244,6451,228441,46,3009,0.015287470920571618,98.61947490860751,female,70-74,242,0.03751356378855991,0.0005734875155446181,0.0002013649038482584,7.553915165288875e-06
2019,E02006301,E07000244,6451,228441,46,3009,0.015287470920571618,98.61947490860751,male,70-74,213,0.033018136722988686,0.0005047638050041474,0.0002013649038482584,6.648693926473267e-06
2019,E02006283,E07000245,7626,228441,13,3104,0.004188144329896907,31.938788659793815,female,70-74,270,0.03540519276160504,0.00014828205731342315,5.690747282668173e-05,2.014820045004467e-06
2019,E02006283,E07000245,7626,228441,13,3104,0.004188144329896907,31.938788659793815,male,70-74,246,0.03225806451612903,0.0001351014299966744,5.690747282668173e-05,1.8357249298929588e-06
2019,E02006272,E07000203,7642,228441,56,3187,0.017571383746470035,134.280514590524,female,70-74,299,0.03912588327662916,0.0006874959094732453,0.0002451398829457059,9.591314446580223e-06
2019,E02006272,E07000203,7642,228441,56,3187,0.017571383746470035,134.280514590524,male,70-74,299,0.03912588327662916,0.0006874959094732453,0.0002451398829457059,9.591314446580223e-06
2019,E02006297,E07000244,8226,228441,45,3235,0.013910355486862442,114.42658423493044,female,70-74,268,0.03257962557743739,0.00045319417341103014,0.00019698740593851365,6.417775928947442e-06
2019,E02006297,E07000244,8226,228441,45,3235,0.013910355486862442,114.42658423493044,male,70-74,287,0.03488937515195721,0.00048532361107823013,0.00019698740593851365,6.872767505999687e-06
2019,E02006270,E07000203,13467,228441,59,4858,0.01214491560312886,163.55557842733637,female,70-74,265,0.01967773074923888,0.00023898437921059983,0.00025827237667494014,5.082214288175476e-06
2019,E02006270,E07000203,13467,228441,59,4858,0.01214491560312886,163.55557842733637,male,70-74,255,0.01893517487190911,0.00022996610074982248,0.00025827237667494014,4.890432616923571e-06
2019,E02006255,E07000202,8208,228441,58,3059,0.01896044458973521,155.6273291925466,female,70-74,148,0.018031189083820662,0.00034187936151082004,0.0002538948787651954,4.578026566428961e-06
2019,E02006255,E07000202,8208,228441,58,3059,0.01896044458973521,155.6273291925466,male,70-74,160,0.01949317738791423,0.00036959930974142703,0.0002538948787651954,4.949217909652932e-06
2019,E02006252,E07000202,9269,228441,37,3710,0.009973045822102426,92.44016172506738,female,70-74,171,0.01844859208113065,0.00018398865417839193,0.00016196742266055567,2.9880709110966683e-06
2019,E02006252,E07000202,9269,228441,37,3710,0.009973045822102426,92.44016172506738,male,70-74,178,0.019203797604919623,0.00019152035347224421,0.00016196742266055567,3.1103896033637833e-06
2019,E02006300,E07000244,7781,228441,61,3606,0.01691625069328896,131.62534664448143,female,70-74,279,0.035856573705179286,0.0006065587897992058,0.00026702737249442965,9.57468666314688e-06
2019,E02006300,E07000244,7781,228441,61,3606,0.01691625069328896,131.62534664448143,male,70-74,183,0.023518827914149852,0.0003978503890080812,0.00026702737249442965,6.280170822064082e-06
2019,E02006248,E07000202,8109,228441,44,3404,0.012925969447708578,104.81668625146885,female,70-74,224,0.027623628067579235,0.0003570621724363943,0.00019260990802876893,5.3205844615173565e-06
2019,E02006248,E07000202,8109,228441,44,3404,0.012925969447708578,104.81668625146885,male,70-74,189,0.023307436182019976,0.00030127120799320765,0.00019260990802876893,4.489243139405269e-06
2019,E02006229,E07000200,5937,228441,16,2606,0.0061396776669224865,36.451266308518804,female,70-74,294,0.049519959575543206,0.00030403658987286696,7.003996655591596e-05,3.4683763125213566e-06
2019,E02006229,E07000200,5937,228441,16,2606,0.0061396776669224865,36.451266308518804,male,70-74,243,0.040929762506316324,0.00025129554877247165,7.003996655591596e-05,2.8667191970839783e-06
2019,E02006231,E07000200,8619,228441,37,3270,0.011314984709480122,97.52385321100917,female,70-74,282,0.032718412808910545,0.0003702083406512814,0.00016196742266055567,5.299316996203353e-06
2019,E02006231,E07000200,8619,228441,37,3270,0.011314984709480122,97.52385321100917,male,70-74,248,0.02877363963336814,0.00032557329248765173,0.00016196742266055567,4.660392251980254e-06
2019,E02006260,E07000202,8746,228441,64,3841,0.016662327518875295,145.72871648008334,female,70-74,186,0.021266864852504,0.0003543554674720792,0.00028015986622366386,5.95812201207426e-06
2019,E02006260,E07000202,8746,228441,64,3841,0.016662327518875295,145.72871648008334,male,70-74,198,0.022638920649439745,0.000377217110534794,0.00028015986622366386,6.3425169805951804e-06
2019,E02006254,E07000202,9499,228441,71,4098,0.017325524646168863,164.57515861395802,female,70-74,154,0.016212232866617538,0.00028088544010001105,0.00031080235159187714,5.038800099499851e-06
2019,E02006254,E07000202,9499,228441,71,4098,0.017325524646168863,164.57515861395802,male,70-74,144,0.015159490472681334,0.00026264612580780255,0.00031080235159187714,4.711605287844016e-06
2019,E02006299,E07000244,8381,228441,52,3938,0.013204672422549517,110.6683595733875,female,70-74,471,0.05619854432645269,0.0007420833684549364,0.0002276298913067269,1.27924685366267e-05
2019,E02006299,E07000244,8381,228441,52,3938,0.013204672422549517,110.6683595733875,male,70-74,425,0.05070993914807302,0.0006696081350177239,0.0002276298913067269,1.1543097936446597e-05
2019,E02006298,E07000244,9290,228441,58,3706,0.015650296815974095,145.39125742039934,female,70-74,319,0.03433799784714747,0.0005373998583741374,0.0002538948787651954,8.718241800441047e-06
2019,E02006298,E07000244,9290,228441,58,3706,0.015650296815974095,145.39125742039934,male,70-74,336,0.036167922497308935,0.0005660387223000319,0.0002538948787651954,9.182850297643235e-06
2019,E02006234,E07000200,9751,228441,20,3978,0.005027652086475616,49.024635495223734,female,70-74,340,0.03486821864424162,0.00017530527221840936,8.754995819489497e-05,3.052711084633811e-06
2019,E02006234,E07000200,9751,228441,20,3978,0.005027652086475616,49.024635495223734,male,70-74,263,0.026971592657163368,0.0001356037840983578,8.754995819489497e-05,2.361361809584389e-06
2019,E02006236,E07000200,10362,228441,53,3957,0.013393985342431134,138.7884761182714,female,70-74,484,0.04670912951167728,0.000625621396037123,0.00023200738921647164,1.0836863190578291e-05
2019,E02006236,E07000200,10362,228441,53,3957,0.013393985342431134,138.7884761182714,male,70-74,415,0.040050183362285274,0.0005364315689161283,0.00023200738921647164,9.291938479524776e-06
2019,E02006259,E07000202,7100,228441,51,3158,0.016149461684610514,114.66117796073465,female,70-74,240,0.03380281690140845,0.0005458972963812004,0.00022325239339698215,7.546559776799396e-06
2019,E02006259,E07000202,7100,228441,51,3158,0.016149461684610514,114.66117796073465,male,70-74,198,0.027887323943661974,0.0004503652695144904,0.00022325239339698215,6.225911815859503e-06
2019,E02006239,E07000245,7719,228441,32,2380,0.013445378151260505,103.78487394957983,female,70-74,165,0.02137582588418189,0.0002874060623083279,0.00014007993311183193,2.9943242600663644e-06
2019,E02006239,E07000245,7719,228441,32,2380,0.013445378151260505,103.78487394957983,male,70-74,174,0.022541780023319084,0.00030308275661605495,0.00014007993311183193,3.1576510378881666e-06
2019,E02006826,E07000245,9804,228441,18,3898,0.004617752693689072,45.27244740892766,female,70-74,244,0.024887800897592818,0.00011492570963485652,7.879496237540546e-05,1.961033335332408e-06
2019,E02006826,E07000245,9804,228441,18,3898,0.004617752693689072,45.27244740892766,male,70-74,229,0.0233578131374949,0.00010786060453435305,7.879496237540546e-05,1.840478007340662e-06
2019,E02003744,E07000010,14355,228441,239,6893,0.034672856521108374,497.7288553605107,female,70-74,378,0.026332288401253918,0.0009130156576091233,0.0010462220004289948,2.7549419447033093e-05
2019,E02003744,E07000010,14355,228441,239,6893,0.034672856521108374,497.7288553605107,male,70-74,363,0.02528735632183908,0.0008767848775452692,0.0010462220004289948,2.645618851659527e-05
2019,E02005517,E07000143,6533,228441,306,2500,0.1224,799.6392,female,70-74,95,0.014541558242767488,0.0017798867289147405,0.001339514360381893,1.9478626088516733e-05
2019,E02005517,E07000143,6533,228441,306,2500,0.1224,799.6392,male,70-74,108,0.016531455686514616,0.002023450176029389,0.001339514360381893,2.2144122290103232e-05
2019,E02005519,E07000143,8913,228441,424,3683,0.11512354059190877,1026.096117295683,female,70-74,174,0.01952204644900707,0.002247447106809394,0.001856059113731773,3.623407223037457e-05
2019,E02005519,E07000143,8913,228441,424,3683,0.11512354059190877,1026.096117295683,male,70-74,166,0.018624481095029732,0.002144116205346893,0.001856059113731773,3.456813787495505e-05
2019,E02006269,E07000203,7508,228441,35,2973,0.011772620248906828,88.38883282879247,female,70-74,231,0.030767181672882258,0.00036221034596396875,0.0001532124268410662,4.713914571162266e-06
2019,E02006269,E07000203,7508,228441,35,2973,0.011772620248906828,88.38883282879247,male,70-74,225,0.02996803409696324,0.0003528022850298397,0.0001532124268410662,4.591475231651558e-06
2019,E02006242,E07000245,9994,228441,28,3639,0.007694421544380325,76.89804891453696,female,70-74,242,0.024214528717230337,0.00018631679144887316,0.00012256994147285294,2.967973367663639e-06
2019,E02006242,E07000245,9994,228441,28,3639,0.007694421544380325,76.89804891453696,male,70-74,192,0.01921152691614969,0.0001478215866040647,0.00012256994147285294,2.3547557297166065e-06
2019,E02005512,E07000143,9450,228441,2888,3385,0.8531757754800591,8062.511078286559,female,70-74,306,0.03238095238095238,0.027626644158401912,0.012642213963342832,0.0004093669283368155
2019,E02005512,E07000143,9450,228441,2888,3385,0.8531757754800591,8062.511078286559,male,70-74,308,0.03259259259259259,0.02780721046009081,0.012642213963342832,0.0004120425291756182
2019,E02006264,E07000203,8672,228441,29,3559,0.00814835627985389,70.66254565889294,female,70-74,292,0.03367158671586716,0.000274368085068881,0.0001269474393825977,4.274521713528428e-06
2019,E02006264,E07000203,8672,228441,29,3559,0.00814835627985389,70.66254565889294,male,70-74,250,0.028828413284132843,0.00023490418242198718,0.0001269474393825977,3.659693247883928e-06
2019,E02006282,E07000245,6368,228441,17,2675,0.006355140186915888,40.469532710280376,female,70-74,286,0.04491206030150754,0.00028542243929930024,7.441746446566072e-05,3.3422416515670487e-06
2019,E02006282,E07000245,6368,228441,17,2675,0.006355140186915888,40.469532710280376,male,70-74,292,0.04585427135678392,0.00029141032264124356,7.441746446566072e-05,3.4123586092922313e-06
2019,E02006284,E07000245,7933,228441,10,3332,0.003001200480192077,23.808523409363747,female,70-74,249,0.031387873440060506,9.420130084051773e-05,4.3774979097447484e-05,1.3740035037519757e-06
2019,E02006284,E07000245,7933,228441,10,3332,0.003001200480192077,23.808523409363747,male,70-74,194,0.02445480902558931,7.339378459060418e-05,4.3774979097447484e-05,1.0705087539272421e-06
2019,E02005511,E07000143,8248,228441,2831,3289,0.8607479477044695,7099.449072666464,female,70-74,355,0.043040737148399615,0.03704722616817249,0.012392696582487381,0.0005333907961667096
2019,E02005511,E07000143,8248,228441,2831,3289,0.8607479477044695,7099.449072666464,male,70-74,291,0.03528128031037828,0.03036828961954421,0.012392696582487381,0.0004372302019282042
2019,E02006240,E07000245,10485,228441,46,3221,0.014281279105867743,149.73921142502329,female,70-74,211,0.020123986647591796,0.00028739627003701416,0.0002013649038482584,4.052264636335958e-06
2019,E02006240,E07000245,10485,228441,46,3221,0.014281279105867743,149.73921142502329,male,70-74,226,0.02155460181211254,0.0003078272844946218,0.0002013649038482584,4.340340321383538e-06
2019,E02006243,E07000245,8966,228441,13,3683,0.0035297311973934292,31.647569915829486,female,70-74,225,0.025094802587552978,8.85779075857151e-05,5.690747282668173e-05,1.4280817963421134e-06
2019,E02006243,E07000245,8966,228441,13,3683,0.0035297311973934292,31.647569915829486,male,70-74,200,0.02230649118893598,7.873591785396897e-05,5.690747282668173e-05,1.2694060411929895e-06
2019,E02006246,E07000202,7040,228441,60,3135,0.019138755980861243,134.73684210526315,female,70-74,232,0.03295454545454545,0.0006307090039147455,0.0002626498745846849,8.65550723063166e-06
2019,E02006246,E07000202,7040,228441,60,3135,0.019138755980861243,134.73684210526315,male,70-74,217,0.030823863636363635,0.0005899304045237059,0.0002626498745846849,8.095883918306338e-06
2019,E02003752,E07000010,11152,228441,8,4643,0.0017230239069567091,19.21516261038122,female,70-74,281,0.025197274031563844,4.3415505546523965e-05,3.501998327795798e-05,8.824081152354907e-07
2019,E02003752,E07000010,11152,228441,8,4643,0.0017230239069567091,19.21516261038122,male,70-74,312,0.027977044476327116,4.8205116478702765e-05,3.501998327795798e-05,9.797556297276623e-07
2019,E02005564,E07000146,9930,228441,366,4997,0.0732439463678207,727.3123874324594,female,70-74,300,0.030211480362537766,0.0022128080473661845,0.0016021642349665778,4.8403753322253106e-05
2019,E02005564,E07000146,9930,228441,366,4997,0.0732439463678207,727.3123874324594,male,70-74,312,0.03141993957703928,0.002301320369260832,0.0016021642349665778,5.033990345514324e-05
2019,E02003780,E07000012,12091,228441,8,3877,0.0020634511220015478,24.949187516120713,female,70-74,251,0.02075924241171119,4.2835682046347574e-05,3.501998327795798e-05,7.26988322121202e-07
2019,E02003780,E07000012,12091,228441,8,3877,0.0020634511220015478,24.949187516120713,male,70-74,251,0.02075924241171119,4.2835682046347574e-05,3.501998327795798e-05,7.26988322121202e-07
2019,E02003249,E06000031,12090,228441,11,4349,0.0025293170843872156,30.579443550241436,female,70-74,192,0.01588089330024814,4.016781473964809e-05,4.815247700719223e-05,7.647043494938716e-07
2019,E02003249,E06000031,12090,228441,11,4349,0.0025293170843872156,30.579443550241436,male,70-74,204,0.01687344913151365,4.26783031608761e-05,4.815247700719223e-05,8.124983713372387e-07
2019,E02003745,E07000010,10314,228441,155,4975,0.031155778894472363,321.34070351758794,female,70-74,376,0.036455303471010274,0.001135793374473687,0.000678512176010436,2.473536728523598e-05
2019,E02003745,E07000010,10314,228441,155,4975,0.031155778894472363,321.34070351758794,male,70-74,387,0.037521815008726006,0.001169021372131162,0.000678512176010436,2.545900834943172e-05
2019,E02003737,E07000009,13972,228441,10,4946,0.0020218358269308533,28.24909017387788,female,70-74,314,0.022473518465502433,4.543776479074491e-05,4.3774979097447484e-05,9.837778010734692e-07
2019,E02003737,E07000009,13972,228441,10,4946,0.0020218358269308533,28.24909017387788,male,70-74,276,0.01975379330088749,3.993892701352101e-05,4.3774979097447484e-05,8.647218888416481e-07
2019,E02005589,E07000148,11841,228441,3910,4159,0.9401298389035826,11132.077422457322,female,70-74,221,0.018663964192213497,0.01754654964932791,0.017116016827101965,0.0003194527251743547
2019,E02005589,E07000148,11841,228441,3910,4159,0.9401298389035826,11132.077422457322,male,70-74,176,0.014863609492441516,0.013973722797654804,0.017116016827101965,0.0002544057901841015
2019,E02005540,E07000145,8995,228441,667,4468,0.14928379588182633,1342.807743957028,female,70-74,442,0.04913841022790439,0.007335568402419926,0.002919791105799747,0.00014347389313657457
2019,E02005540,E07000145,8995,228441,667,4468,0.14928379588182633,1342.807743957028,male,70-74,429,0.04769316286826014,0.007119816390584046,0.002919791105799747,0.0001392540727502047
2019,E02005548,E07000145,7498,228441,499,3604,0.13845726970033295,1038.1526082130965,female,70-74,216,0.02880768204854628,0.003988633002837012,0.0021843714569626293,6.292667840809922e-05
2019,E02005548,E07000145,7498,228441,499,3604,0.13845726970033295,1038.1526082130965,male,70-74,192,0.025606828487596694,0.0035454515580773446,0.0021843714569626293,5.593482525164375e-05
2019,E02005507,E07000143,11864,228441,4009,4418,0.9074241738343142,10765.680398370303,female,70-74,422,0.03556979096426163,0.03227688817920436,0.017549389120166695,0.0006242281025548167
2019,E02005507,E07000143,11864,228441,4009,4418,0.9074241738343142,10765.680398370303,male,70-74,367,0.03093391773432232,0.028070184743526072,0.017549389120166695,0.0005428713593308477
2019,E02005547,E07000145,8812,228441,520,3960,0.13131313131313133,1157.1313131313132,female,70-74,298,0.03381752156150704,0.004440684649490823,0.002276298913067269,7.69787875730874e-05
2019,E02005547,E07000145,8812,228441,520,3960,0.13131313131313133,1157.1313131313132,male,70-74,289,0.032796187017703135,0.004306570012425665,0.002276298913067269,7.465392486114853e-05
2019,E02005561,E07000146,11213,228441,311,5394,0.05765665554319614,646.5040786058584,female,70-74,235,0.020957816819762776,0.0012083576253144649,0.0013614018499306167,2.8532010588932038e-05
2019,E02005561,E07000146,11213,228441,311,5394,0.05765665554319614,646.5040786058584,male,70-74,234,0.020868634620529743,0.001203215677972701,0.0013614018499306167,2.8410597777915307e-05
2019,E02005504,E07000143,9110,228441,1501,4011,0.3742208925454999,3409.152331089504,female,70-74,385,0.04226125137211855,0.015815043208563938,0.006570624362526867,0.0002776828078565141
2019,E02005504,E07000143,9110,228441,1501,4011,0.3742208925454999,3409.152331089504,male,70-74,377,0.041383095499451156,0.015486418934100271,0.006570624362526867,0.0002719127754854697
2019,E02005569,E07000146,8228,228441,242,3732,0.06484458735262594,533.5412647374062,female,70-74,283,0.034394749635391346,0.0022303133472038332,0.001059354494158229,3.643623260169893e-05
2019,E02005569,E07000146,8228,228441,242,3732,0.06484458735262594,533.5412647374062,male,70-74,242,0.029411764705882353,0.0019071937456654688,0.001059354494158229,3.115748512230086e-05
2019,E02005466,E07000140,6685,228441,69,3343,0.020640143583607537,137.97935985641638,female,70-74,300,0.04487658937920718,0.0009262592483294332,0.00030204735577238763,1.3554855158072743e-05
2019,E02005466,E07000140,6685,228441,69,3343,0.020640143583607537,137.97935985641638,male,70-74,293,0.04382946896035901,0.0009046465325350798,0.00030204735577238763,1.3238575204384378e-05
2019,E02005578,E07000147,5843,228441,1169,2736,0.427266081871345,2496.515716374269,female,70-74,240,0.04107479034742427,0.01754986473543091,0.005117295056491611,0.00021019182159130354
2019,E02005578,E07000147,5843,228441,1169,2736,0.427266081871345,2496.515716374269,male,70-74,194,0.03320212219750129,0.014186140661139986,0.005117295056491611,0.00016990505578630372
2019,E02005580,E07000147,7937,228441,1847,3887,0.47517365577566245,3771.453305891433,female,70-74,315,0.0396875393725589,0.018858473172399352,0.00808523863929855,0.00032088322683369576
2019,E02005580,E07000147,7937,228441,1847,3887,0.47517365577566245,3771.453305891433,male,70-74,277,0.03489983621015497,0.016583482757951178,0.00808523863929855,0.00028217350423153563
2019,E02005474,E07000140,6793,228441,38,3085,0.012317666126418152,83.6739059967585,female,70-74,291,0.04283821581039305,0.000527666839803869,0.00016634492057030043,7.1259196063532195e-06
2019,E02005474,E07000140,6793,228441,38,3085,0.012317666126418152,83.6739059967585,male,70-74,280,0.04121890181068747,0.0005077206706016609,0.00016634492057030043,6.85655494769382e-06
2019,E02005510,E07000143,7023,228441,1986,3118,0.6369467607440668,4473.277100705581,female,70-74,368,0.05239925957567991,0.03337553865211684,0.00869371084875307,0.00045554401143971663
2019,E02005510,E07000143,7023,228441,1986,3118,0.6369467607440668,4473.277100705581,male,70-74,364,0.05182970240637904,0.03301276105807209,0.00869371084875307,0.00045059244609798053
2019,E02005514,E07000143,6903,228441,367,3099,0.11842529848338174,817.4898354307841,female,70-74,304,0.04403882369984065,0.0052153108415106545,0.0016065417328763225,7.075020814057686e-05
2019,E02005514,E07000143,6903,228441,367,3099,0.11842529848338174,817.4898354307841,male,70-74,308,0.0446182819064175,0.005283933352583163,0.0016065417328763225,7.168113193190024e-05
2019,E02005506,E07000143,6943,228441,1780,2867,0.6208580397628183,4310.617370073247,female,70-74,261,0.03759181909837246,0.023339183116534,0.007791946279345652,0.0002929134349573981
2019,E02005506,E07000143,6943,228441,1780,2867,0.6208580397628183,4310.617370073247,male,70-74,256,0.0368716693072159,0.022892072328860938,0.007791946279345652,0.00028730206647162423
2019,E02005571,E07000147,5990,228441,1519,2515,0.6039761431411531,3617.8170974155073,female,70-74,292,0.04874791318864775,0.029442576593859217,0.006649419324902273,0.0003241453160052527
2019,E02005571,E07000147,5990,228441,1519,2515,0.6039761431411531,3617.8170974155073,male,70-74,307,0.05125208681135225,0.030955037720256092,0.006649419324902273,0.00034079661648497454
2019,E02003742,E07000010,6664,228441,124,3558,0.03485103991006183,232.24732996065205,female,70-74,288,0.04321728691476591,0.0015061673910710996,0.0005428097408083488,2.3458764308644127e-05
2019,E02003742,E07000010,6664,228441,124,3558,0.03485103991006183,232.24732996065205,male,70-74,274,0.04111644657863145,0.00143295092067181,0.0005428097408083488,2.2318407710307256e-05
2019,E02005472,E07000140,9869,228441,192,5695,0.033713784021071114,332.7213345039508,female,70-74,375,0.037997770797446546,0.0012810486379472759,0.0008404795986709917,3.19363511502302e-05
2019,E02005472,E07000140,9869,228441,192,5695,0.033713784021071114,332.7213345039508,male,70-74,394,0.03992299118451718,0.0013459551022699382,0.0008404795986709917,3.355445960850854e-05
2019,E02005552,E07000146,6790,228441,471,3075,0.15317073170731707,1040.029268292683,female,70-74,342,0.05036818851251841,0.007714932289234527,0.0020618015154897766,0.00010384920740758521
2019,E02005552,E07000146,6790,228441,471,3075,0.15317073170731707,1040.029268292683,male,70-74,348,0.05125184094256259,0.007850281978519343,0.0020618015154897766,0.00010567112332701653
2019,E02005563,E07000146,7551,228441,209,4033,0.05182246466650137,391.3114306967518,female,70-74,287,0.03800821083300225,0.0019696791629301934,0.0009148970631366524,3.4773600466192455e-05
2019,E02005563,E07000146,7551,228441,209,4033,0.05182246466650137,391.3114306967518,male,70-74,257,0.034035227122235466,0.0017637893549583964,0.0009148970631366524,3.1138729337322164e-05
2019,E02005509,E07000143,8278,228441,645,4465,0.1444568868980963,1195.8141097424411,female,70-74,358,0.04324716115003624,0.006247350266914529,0.0028234861517853625,0.00012210776061115724
2019,E02005509,E07000143,8278,228441,645,4465,0.1444568868980963,1195.8141097424411,male,70-74,315,0.0380526697269872,0.005496970206922002,0.0028234861517853625,0.00010744118601261044
2019,E02005566,E07000146,9847,228441,243,4936,0.04923014586709887,484.76924635332256,female,70-74,342,0.03473139027114857,0.0017098314092157826,0.0010637319920679738,3.6944890960419114e-05
2019,E02005566,E07000146,9847,228441,243,4936,0.04923014586709887,484.76924635332256,male,70-74,351,0.03564537422565248,0.0017548269726161982,0.0010637319920679738,3.791712493306173e-05
2019,E02005568,E07000146,7423,228441,251,3603,0.06966416874826534,517.1171246183736,female,70-74,317,0.04270510575239122,0.0029750156935470988,0.0010987519753459319,4.692231930279677e-05
2019,E02005568,E07000146,7423,228441,251,3603,0.06966416874826534,517.1171246183736,male,70-74,264,0.03556513539000404,0.002477615593364145,0.0010987519753459319,3.9077262763212446e-05
2019,E02005560,E07000146,9204,228441,229,4415,0.05186862967157418,477.39886749716874,female,70-74,190,0.020643198609300303,0.0010707344239025524,0.0010024470213315473,2.0693712956648627e-05
2019,E02005560,E07000146,9204,228441,229,4415,0.05186862967157418,477.39886749716874,male,70-74,136,0.01477618426770969,0.0007664204297407744,0.0010024470213315473,1.481234190581165e-05
2019,E02005559,E07000146,7266,228441,191,3715,0.05141318977119785,373.56823687752353,female,70-74,172,0.023671896504266446,0.0012170477072180057,0.0008361021007612469,1.9792122396219993e-05
2019,E02005559,E07000146,7266,228441,191,3715,0.05141318977119785,373.56823687752353,male,70-74,150,0.02064409578860446,0.0010613788144343073,0.0008361021007612469,1.72605718571686e-05
2019,E02003743,E07000010,11376,228441,180,5507,0.032685672780098055,371.83221354639545,female,70-74,258,0.02267932489451477,0.0007412889923756415,0.0007879496237540546,1.7870165517628876e-05
2019,E02003743,E07000010,11376,228441,180,5507,0.032685672780098055,371.83221354639545,male,70-74,273,0.023997890295358648,0.0007843871896067834,0.0007879496237540546,1.8909128629118927e-05
2019,E02005567,E07000146,11005,228441,321,5784,0.05549792531120332,610.7546680497925,female,70-74,450,0.0408905043162199,0.0022693381544790087,0.001405176829028064,5.7458389192424244e-05
2019,E02005567,E07000146,11005,228441,321,5784,0.05549792531120332,610.7546680497925,male,70-74,356,0.03234893230349841,0.001795298628876727,0.001405176829028064,4.5455970116673406e-05
2019,E02005551,E07000146,5246,228441,187,2808,0.06659544159544159,349.3596866096866,female,70-74,330,0.06290507052992757,0.0041891909505329256,0.0008185921091222679,5.149359435957842e-05
2019,E02005551,E07000146,5246,228441,187,2808,0.06659544159544159,349.3596866096866,male,70-74,329,0.06271444910407929,0.004176496432501006,0.0008185921091222679,5.133755316454939e-05
2019,E02005556,E07000146,7408,228441,229,3960,0.057828282828282826,428.39191919191916,female,70-74,247,0.03334233261339093,0.0019281298405218492,0.0010024470213315473,3.342392201253944e-05
2019,E02005556,E07000146,7408,228441,229,3960,0.057828282828282826,428.39191919191916,male,70-74,220,0.029697624190064796,0.0017173626109911208,0.0010024470213315473,2.977029490995416e-05
2019,E02005553,E07000146,8632,228441,372,4706,0.07904802379940501,682.342541436464,female,70-74,586,0.06788693234476367,0.005366327843657477,0.0016284292224250463,0.00011054906445100523
2019,E02005553,E07000146,8632,228441,372,4706,0.07904802379940501,682.342541436464,male,70-74,535,0.06197868396663577,0.004899292485250426,0.0016284292224250463,0.00010092790013871638
2019,E02005565,E07000146,6996,228441,217,3487,0.062231144250071695,435.36908517350156,female,70-74,263,0.03759291023441967,0.002339449819578167,0.0009499170464146103,3.571014625600951e-05
2019,E02005565,E07000146,6996,228441,217,3487,0.062231144250071695,435.36908517350156,male,70-74,239,0.03416237850200114,0.002125963904483581,0.0009499170464146103,3.245142568511891e-05
2019,E02005558,E07000146,7087,228441,210,3328,0.06310096153846154,447.1965144230769,female,70-74,291,0.04106109778467617,0.002590994752037859,0.0009192745610463971,3.7746422642091376e-05
2019,E02005558,E07000146,7087,228441,210,3328,0.06310096153846154,447.1965144230769,male,70-74,274,0.03866233949484973,0.002439630797451455,0.0009192745610463971,3.554130516815477e-05
2019,E02005555,E07000146,6847,228441,224,3227,0.06941431670281996,475.27982646420827,female,70-74,275,0.040163575288447495,0.002787927134989848,0.0009805595317828235,3.9382776579564255e-05
2019,E02005555,E07000146,6847,228441,224,3227,0.06941431670281996,475.27982646420827,male,70-74,238,0.03475974879509274,0.002412824211373032,0.0009805595317828235,3.40840030034047e-05
2019,E02005554,E07000146,6905,228441,253,3601,0.07025826159400167,485.13329630658154,female,70-74,386,0.055901520637219405,0.003927543660432244,0.0011075069711654214,6.191132380446815e-05
2019,E02005554,E07000146,6905,228441,253,3601,0.07025826159400167,485.13329630658154,male,70-74,361,0.05228095582910934,0.0036731690710260106,0.0011075069711654214,5.7901523039930066e-05
2019,E02005557,E07000146,6655,228441,163,3372,0.04833926453143535,321.6978054567022,female,70-74,122,0.018332081141998496,0.0008861593197348027,0.0007135321592883939,1.3080529441500234e-05
2019,E02005557,E07000146,6655,228441,163,3372,0.04833926453143535,321.6978054567022,male,70-74,101,0.01517655897821187,0.0007336236991247137,0.0007135321592883939,1.0828962898291177e-05
2019,E02005562,E07000146,7150,228441,311,3610,0.08614958448753463,615.9695290858725,female,70-74,331,0.04629370629370629,0.003988183561590764,0.0013614018499306167,6.302433738839638e-05
2019,E02005562,E07000146,7150,228441,311,3610,0.08614958448753463,615.9695290858725,male,70-74,296,0.0413986013986014,0.0035664723088545806,0.0013614018499306167,5.6360132528596166e-05
2019,E02005573,E07000147,5874,228441,2012,2264,0.8886925795053003,5220.180212014134,female,70-74,306,0.05209397344228805,0.046295527635107574,0.008807525794406433,0.00045881901482607566
2019,E02005573,E07000147,5874,228441,2012,2264,0.8886925795053003,5220.180212014134,male,70-74,287,0.04885938032005448,0.04342096872965972,0.008807525794406433,0.00043033025246759385
2019,E02005577,E07000147,6084,228441,1798,2279,0.78894251864853,4799.926283457657,female,70-74,240,0.03944773175542406,0.03112199284609586,0.007870741241721057,0.0003104828892197656
2019,E02005577,E07000147,6084,228441,1798,2279,0.78894251864853,4799.926283457657,male,70-74,294,0.048323471400394474,0.038124441236467424,0.007870741241721057,0.00038034153929421277
2019,E02005467,E07000140,7563,228441,18,3426,0.005253940455341506,39.73555166374781,female,70-74,270,0.03570011900039667,0.00018756629947669004,7.879496237540546e-05,2.8129895334337533e-06
2019,E02005467,E07000140,7563,228441,18,3426,0.005253940455341506,39.73555166374781,male,70-74,221,0.029221208515139496,0.0001535264895716611,7.879496237540546e-05,2.302484025514294e-06
2019,E02005505,E07000143,7600,228441,2690,2978,0.9032907991940899,6865.010073875083,female,70-74,271,0.035657894736842104,0.03220944823442084,0.011775469377213372,0.00041988844752958207
2019,E02005505,E07000143,7600,228441,2690,2978,0.9032907991940899,6865.010073875083,male,70-74,254,0.03342105263157895,0.030188929341486693,0.011775469377213372,0.0003935485818173943
2019,E02003732,E07000009,9888,228441,29,3720,0.0077956989247311825,77.08387096774193,female,70-74,216,0.021844660194174758,0.00017029439398684622,0.0001269474393825977,2.7731236758334446e-06
2019,E02003732,E07000009,9888,228441,29,3720,0.0077956989247311825,77.08387096774193,male,70-74,210,0.021237864077669904,0.00016556399415387828,0.0001269474393825977,2.696092462615849e-06
2019,E02005503,E07000143,7420,228441,2545,2884,0.8824549237170597,6547.815533980583,female,70-74,294,0.03962264150943396,0.03496519509067595,0.011140732180300384,0.00044142523733265674
2019,E02005503,E07000143,7420,228441,2545,2884,0.8824549237170597,6547.815533980583,male,70-74,303,0.0408355795148248,0.03603555820569664,0.011140732180300384,0.0004549382548020238
2019,E02005609,E07000149,7526,228441,2582,2965,0.8708263069139967,6553.838785834739,female,70-74,330,0.04384799362211002,0.038183986351530544,0.01130269960296094,0.0004956007001032567
2019,E02005609,E07000149,7526,228441,2582,2965,0.8708263069139967,6553.838785834739,male,70-74,291,0.03866595801222429,0.03367133341907694,0.01130269960296094,0.00043702970827287185
2019,E02005610,E07000149,8162,228441,2505,3035,0.8253706754530478,6736.675453047776,female,70-74,342,0.04190149473168341,0.03458426500918186,0.010965632263910594,0.0004594763825358274
2019,E02005610,E07000149,8162,228441,2505,3035,0.8253706754530478,6736.675453047776,male,70-74,378,0.04631217838765009,0.038224713957516795,0.010965632263910594,0.0005078423175395988
2019,E02005532,E07000144,8282,228441,2878,3062,0.9399085564990203,7784.322664924886,female,70-74,343,0.041415117121468246,0.03892642295087708,0.012598438984245385,0.000521765826080194
2019,E02005532,E07000144,8282,228441,2878,3062,0.9399085564990203,7784.322664924886,male,70-74,310,0.037430572325525234,0.0351813152034166,0.012598438984245385,0.00047156678158851356
2019,E02005605,E07000149,10777,228441,3610,3878,0.9308922124806601,10032.225373904073,female,70-74,350,0.03247657047415793,0.030232186542472957,0.01580276745417854,0.0005132196909123587
2019,E02005605,E07000149,10777,228441,3610,3878,0.9308922124806601,10032.225373904073,male,70-74,360,0.0334044724877053,0.031095963300829324,0.01580276745417854,0.0005278831106527118
2019,E02005515,E07000143,6424,228441,2077,2285,0.9089715536105033,5839.233260393873,female,70-74,206,0.03206724782067248,0.029148216071569692,0.009092063158539842,0.0002915574425061033
2019,E02005515,E07000143,6424,228441,2077,2285,0.9089715536105033,5839.233260393873,male,70-74,209,0.032534246575342464,0.029572704655136235,0.009092063158539842,0.00029580342467852225
2019,E02005592,E07000148,9394,228441,2364,2555,0.9252446183953034,8691.74794520548,female,70-74,194,0.02065147966787311,0.019107670424599623,0.010348405058636585,0.00021370987666334868
2019,E02005592,E07000148,9394,228441,2364,2555,0.9252446183953034,8691.74794520548,male,70-74,149,0.015861187992335532,0.014675478831264657,0.010348405058636585,0.00016413799805587088
2019,E02006273,E07000245,6726,228441,75,2935,0.02555366269165247,171.8739352640545,female,70-74,268,0.03984537615224502,0.0010181953020164825,0.0003283123432308561,1.3081728811458435e-05
2019,E02006273,E07000245,6726,228441,75,2935,0.02555366269165247,171.8739352640545,male,70-74,288,0.042818911685994644,0.0010941800260475633,0.0003283123432308561,1.4057977230223989e-05
2019,E02005596,E07000148,9370,228441,3497,3688,0.9482104121475055,8884.731561822126,female,70-74,249,0.026574172892209178,0.02519790743060073,0.015308110190377384,0.00040680036685207776
2019,E02005596,E07000148,9370,228441,3497,3688,0.9482104121475055,8884.731561822126,male,70-74,209,0.022305229455709712,0.021150050815243186,0.015308110190377384,0.00034145091032965566
2019,E02005524,E07000144,5487,228441,1872,2021,0.9262741217219198,5082.466105888174,female,70-74,210,0.03827227993439038,0.0354506224825229,0.008194676087042168,0.00031362893717493264
2019,E02005524,E07000144,5487,228441,1872,2021,0.9262741217219198,5082.466105888174,male,70-74,183,0.03335155822854018,0.030892685306198524,0.008194676087042168,0.0002733052166810127
2019,E02005534,E07000144,7281,228441,2498,2697,0.9262143121987393,6743.766407119021,female,70-74,261,0.03584672435105068,0.0332017491393862,0.01093498977854238,0.0003919835643729654
2019,E02005534,E07000144,7281,228441,2498,2697,0.9262143121987393,6743.766407119021,male,70-74,246,0.03378656777915121,0.03129360263712263,0.01093498977854238,0.00036945577331704785
2019,E02005585,E07000148,11017,228441,3685,3934,0.9367056431113371,10319.6860701576,female,70-74,189,0.017155305437051828,0.016069471412185052,0.016131079797409395,0.0002767336009540143
2019,E02005585,E07000148,11017,228441,3685,3934,0.9367056431113371,10319.6860701576,male,70-74,180,0.016338386130525552,0.015304258487795288,0.016131079797409395,0.0002635558104323946
2019,E02005527,E07000144,8922,228441,2984,3250,0.9181538461538462,8191.768615384616,female,70-74,325,0.03642681013225734,0.03344541582604797,0.013062453762678328,0.000475823523074474
2019,E02005527,E07000144,8922,228441,2984,3250,0.9181538461538462,8191.768615384616,male,70-74,298,0.03340058282896212,0.030666873588191684,0.013062453762678328,0.0004362935688498254
2019,E02005584,E07000148,10955,228441,3703,3961,0.9348649330977026,10241.445342085332,female,70-74,233,0.021268827019625743,0.01988348054876903,0.016209874759784804,0.0003447650222756604
2019,E02005584,E07000148,10955,228441,3703,3961,0.9348649330977026,10241.445342085332,male,70-74,188,0.01716111364673665,0.016043323361238527,0.016209874759784804,0.000278179502952035
2019,E02005590,E07000148,11086,228441,3673,3972,0.92472306143001,10251.479859013092,female,70-74,274,0.024715857838715497,0.022855323726485906,0.01607854982249246,0.0003973951516654279
2019,E02005590,E07000148,11086,228441,3673,3972,0.92472306143001,10251.479859013092,male,70-74,231,0.02083709182753022,0.019268539346051987,0.01607854982249246,0.0003350302191047951
2019,E02005607,E07000149,11561,228441,3943,4219,0.9345816544204788,10804.698506755156,female,70-74,404,0.034945073955540175,0.03265902503121472,0.01726047425812354,0.0006031685494578246
2019,E02005607,E07000149,11561,228441,3943,4219,0.9345816544204788,10804.698506755156,male,70-74,438,0.03788599602110544,0.0354075568407724,0.01726047425812354,0.0006539302590656614
2019,E02005601,E07000149,5673,228441,2051,2209,0.9284744228157538,5267.235400633771,female,70-74,270,0.047593865679534636,0.044189686966376436,0.008978248212886479,0.00042730953948164096
2019,E02005601,E07000149,5673,228441,2051,2209,0.9284744228157538,5267.235400633771,male,70-74,227,0.04001410188612727,0.037152070153212785,0.008978248212886479,0.00035925653874937965
2019,E02005516,E07000143,6908,228441,1676,2829,0.592435489572287,4092.5443619653583,female,70-74,252,0.03647944412275622,0.021611717338189968,0.007336686496732198,0.0002676382451037223
2019,E02005516,E07000143,6908,228441,1676,2829,0.592435489572287,4092.5443619653583,male,70-74,308,0.044585987261146494,0.026414321191121075,0.007336686496732198,0.0003271134106823273
2019,E02005465,E07000140,8563,228441,11,3284,0.0033495736906211937,28.68239951278928,female,70-74,348,0.040639962629919424,0.00013612654961300659,4.815247700719223e-05,1.9569148661103466e-06
2019,E02005465,E07000140,8563,228441,11,3284,0.0033495736906211937,28.68239951278928,male,70-74,297,0.03468410603760364,0.00011617696906627286,4.815247700719223e-05,1.6701256184907267e-06
2019,E02005588,E07000148,12054,228441,3867,4106,0.9417924987822699,11352.366780321481,female,70-74,209,0.017338642774182844,0.01632940370379081,0.016927784416982943,0.00029350480696444626
2019,E02005588,E07000148,12054,228441,3867,4106,0.9417924987822699,11352.366780321481,male,70-74,190,0.015762402521984402,0.014844912457991643,0.016927784416982943,0.00026682255178586017
2019,E02005523,E07000144,8470,228441,2828,3036,0.9314888010540184,7889.710144927536,female,70-74,256,0.030224321133412044,0.028153616655233617,0.012379564088758148,0.00037416392051028166
2019,E02005523,E07000144,8470,228441,2828,3036,0.9314888010540184,7889.710144927536,male,70-74,224,0.026446280991735537,0.024634414573329412,0.012379564088758148,0.00032739343044649647
2019,E02006241,E07000245,9054,228441,39,3755,0.010386151797603195,94.03621837549933,female,70-74,257,0.0283852440910095,0.0002948134539412438,0.00017072241848004518,4.8459975203635535e-06
2019,E02006241,E07000245,9054,228441,39,3755,0.010386151797603195,94.03621837549933,male,70-74,222,0.024519549370444003,0.00025466376177025725,0.00017072241848004518,4.186036768563069e-06
2019,E02005598,E07000149,9977,228441,3359,3607,0.9312448017743277,9291.029387302468,female,70-74,278,0.02786408740102235,0.0259482865483876,0.014704015478832608,0.0004097139724481773
2019,E02005598,E07000149,9977,228441,3359,3607,0.9312448017743277,9291.029387302468,male,70-74,267,0.026761551568607798,0.024921555785681615,0.014704015478832608,0.0003935022685023861
2019,E02005576,E07000147,6730,228441,2567,2849,0.901017901017901,6063.8504738504735,female,70-74,363,0.05393759286775632,0.048598736711663905,0.011237037134314768,0.0006060987339905291
2019,E02005576,E07000147,6730,228441,2567,2849,0.901017901017901,6063.8504738504735,male,70-74,344,0.05111441307578009,0.046055001181301326,0.011237037134314768,0.0005743745578312452
2019,E02005525,E07000144,10164,228441,3168,3381,0.9370008873114463,9523.67701863354,female,70-74,329,0.03236914600550964,0.03032991852867629,0.013867913378071361,0.00044889251292655236
2019,E02005525,E07000144,10164,228441,3168,3381,0.9370008873114463,9523.67701863354,male,70-74,282,0.027744982290436836,0.025997073024579678,0.013867913378071361,0.000384765011079902
2019,E02003738,E07000009,6280,228441,13,2354,0.0055225148683092605,34.68139337298216,female,70-74,217,0.034554140127388534,0.00019082575261514484,5.690747282668173e-05,1.9663887903487155e-06
2019,E02003738,E07000009,6280,228441,13,2354,0.0055225148683092605,34.68139337298216,male,70-74,197,0.03136942675159236,0.00017323812564600706,5.690747282668173e-05,1.785154800454825e-06
2019,E02005603,E07000149,11652,228441,3684,3943,0.9343139741313721,10886.626426578747,female,70-74,259,0.022227943700652248,0.0207678784157248,0.01612670229949965,0.0003584634307904574
2019,E02005603,E07000149,11652,228441,3684,3943,0.9343139741313721,10886.626426578747,male,70-74,276,0.02368692070030896,0.022131021014440328,0.01612670229949965,0.00038199191852573836
2019,E02005600,E07000149,6635,228441,2020,2210,0.9140271493212669,6064.570135746606,female,70-74,238,0.035870384325546345,0.03278650513013738,0.008842545777684391,0.0003171855154617762
2019,E02005600,E07000149,6635,228441,2020,2210,0.9140271493212669,6064.570135746606,male,70-74,217,0.032705350414468724,0.029893578206889964,0.008842545777684391,0.00028919855821514886
2019,E02005513,E07000143,9953,228441,3432,3696,0.9285714285714286,9242.07142857143,female,70-74,340,0.03416055460665126,0.03172051499189046,0.015023572826243975,0.0005132135799179093
2019,E02005513,E07000143,9953,228441,3432,3696,0.9285714285714286,9242.07142857143,male,70-74,270,0.027127499246458353,0.025189820728854187,0.015023572826243975,0.0004075519605230456
2019,E02006238,E07000245,9785,228441,133,4511,0.029483484814896918,288.4958989137663,female,70-74,392,0.0400613183444047,0.0011811472710720073,0.0005822072219960515,2.3323988862795315e-05
2019,E02006238,E07000245,9785,228441,133,4511,0.029483484814896918,288.4958989137663,male,70-74,334,0.034133878385283596,0.001006385685046047,0.0005822072219960515,1.987299051064703e-05
2019,E02005572,E07000147,7738,228441,3064,3314,0.9245624622812312,7154.264333132167,female,70-74,390,0.05040062031532696,0.046598521619240135,0.013412653595457909,0.000676006061285679
2019,E02005572,E07000147,7738,228441,3064,3314,0.9245624622812312,7154.264333132167,male,70-74,351,0.04536055828379426,0.04193866945731612,0.013412653595457909,0.0006084054551571111
2019,E02005518,E07000143,11391,228441,609,4444,0.13703870387038705,1561.007875787579,female,70-74,275,0.02414186638574313,0.003308370078514304,0.0026658962270345514,6.435971051132488e-05
2019,E02005518,E07000143,11391,228441,609,4444,0.13703870387038705,1561.007875787579,male,70-74,237,0.020805899394258625,0.002851213485846873,0.0026658962270345514,5.546636869521452e-05
2019,E02005574,E07000147,7117,228441,2517,2774,0.9073540014419611,6457.638428262437,female,70-74,367,0.05156667135028804,0.04678922559072639,0.01101816223882753,0.0005681699510537732
2019,E02005574,E07000147,7117,228441,2517,2774,0.9073540014419611,6457.638428262437,male,70-74,340,0.047772938035689196,0.043346966487321455,0.01101816223882753,0.0005263699819026781
2019,E02005570,E07000147,7365,228441,2562,2824,0.9072237960339944,6681.703257790368,female,70-74,377,0.051188051595383574,0.04643901847994785,0.011215149644766045,0.0005740816586662321
2019,E02005570,E07000147,7365,228441,2562,2824,0.9072237960339944,6681.703257790368,male,70-74,350,0.04752206381534284,0.043113147129925054,0.011215149644766045,0.0005329670571171916
2019,E02005521,E07000144,8781,228441,2751,2985,0.9216080402010051,8092.640201005025,female,70-74,367,0.04179478419314429,0.03851840915086765,0.012042496749707803,0.0005033135528006791
2019,E02005521,E07000144,8781,228441,2751,2985,0.9216080402010051,8092.640201005025,male,70-74,334,0.038036670083134036,0.03505490097108936,0.012042496749707803,0.00045805647584584963
2019,E02003746,E07000010,7756,228441,12,3266,0.003674219228413962,28.49724433557869,female,70-74,220,0.028365136668385766,0.00010421973056357293,5.252997491693698e-05,1.4900199177057937e-06
2019,E02003746,E07000010,7756,228441,12,3266,0.003674219228413962,28.49724433557869,male,70-74,202,0.026044352759154205,9.56926616992806e-05,5.252997491693698e-05,1.3681091971662288e-06
2019,E02003751,E07000010,7027,228441,8,3191,0.0025070510811657787,17.617047947351928,female,70-74,229,0.03258858687918031,8.17012519691139e-05,3.501998327795798e-05,1.1412517675611752e-06
2019,E02003751,E07000010,7027,228441,8,3191,0.0025070510811657787,17.617047947351928,male,70-74,253,0.03600398463071012,9.026382859469789e-05,3.501998327795798e-05,1.2608589397073245e-06
2019,E02005575,E07000147,7169,228441,2376,2621,0.9065242273941244,6498.872186188478,female,70-74,305,0.04254428790626308,0.03856742772425833,0.010400935033553521,0.00044250037456183903
2019,E02005575,E07000147,7169,228441,2376,2621,0.9065242273941244,6498.872186188478,male,70-74,367,0.051192634956060815,0.046407363851812475,0.010400935033553521,0.0005324512703744096
2019,E02005468,E07000140,7623,228441,12,2918,0.00411240575736806,31.348869088416723,female,70-74,298,0.03909222091040273,0.00016076307434024427,5.252997491693698e-05,2.0535133838708145e-06
2019,E02005468,E07000140,7623,228441,12,2918,0.00411240575736806,31.348869088416723,male,70-74,319,0.04184704184704185,0.00017209201582059705,5.252997491693698e-05,2.1982240585731205e-06
2019,E02003750,E07000010,7481,228441,9,3479,0.0025869502730669733,19.352974992814026,female,70-74,300,0.04010159069643096,0.00010374082100255207,3.939748118770273e-05,1.5799016650595935e-06
2019,E02003750,E07000010,7481,228441,9,3479,0.0025869502730669733,19.352974992814026,male,70-74,243,0.032482288464109076,8.403006501206717e-05,3.939748118770273e-05,1.2797203486982708e-06
2019,E02005508,E07000143,7007,228441,2441,2632,0.9274316109422492,6498.51329787234,female,70-74,341,0.04866562009419152,0.04513403444145954,0.01068547239768693,0.0005200151402328019
2019,E02005508,E07000143,7007,228441,2441,2632,0.9274316109422492,6498.51329787234,male,70-74,294,0.04195804195804196,0.03891321444512934,0.01068547239768693,0.00044834149920364744
2019,E02003753,E07000011,11314,228441,11,3948,0.002786220871327254,31.523302938196554,female,70-74,318,0.028106770372989216,7.831167023882507e-05,4.815247700719223e-05,1.353410614131795e-06
2019,E02003753,E07000011,11314,228441,11,3948,0.002786220871327254,31.523302938196554,male,70-74,329,0.02907901714689765,8.102056449236933e-05,4.815247700719223e-05,1.4002267045577378e-06
2019,E02005599,E07000149,6569,228441,2263,2427,0.9324268644416975,6125.1120725175115,female,70-74,237,0.03607855076876237,0.03364060996691769,0.009906277769752366,0.00035740414544547275
2019,E02005599,E07000149,6569,228441,2263,2427,0.9324268644416975,6125.1120725175115,male,70-74,208,0.03166387578017963,0.029524248409784303,0.009906277769752366,0.00031367114874539384
2019,E02003245,E06000031,7836,228441,8,2848,0.0028089887640449437,22.01123595505618,female,70-74,123,0.01569678407350689,4.4092090094120475e-05,3.501998327795798e-05,5.497011157719285e-07
2019,E02003245,E06000031,7836,228441,8,2848,0.0028089887640449437,22.01123595505618,male,70-74,120,0.015313935681470138,4.301667326255657e-05,3.501998327795798e-05,5.362937714848083e-07
2019,E02005526,E07000144,5348,228441,1968,2102,0.9362511893434824,5007.071360608944,female,70-74,176,0.032909498878085267,0.03081155746530533,0.008614915886377665,0.00028351256469754467
2019,E02005526,E07000144,5348,228441,1968,2102,0.9362511893434824,5007.071360608944,male,70-74,151,0.028234854151084517,0.02643491577989264,0.008614915886377665,0.00024324089357573436
2019,E02005528,E07000144,8597,228441,2743,2924,0.9380984952120383,8064.832763337893,female,70-74,316,0.03675700825869489,0.03448169413597814,0.012007476766429845,0.00044135892266974886
2019,E02005528,E07000144,8597,228441,2743,2924,0.9380984952120383,8064.832763337893,male,70-74,286,0.03326741886704664,0.031208115578765027,0.012007476766429845,0.0003994577591251524
2019,E02005530,E07000144,5483,228441,2031,2157,0.9415855354659249,5162.713490959666,female,70-74,200,0.036476381542950936,0.03434563324697884,0.008890698254691583,0.00032430050172137817
2019,E02005530,E07000144,5483,228441,2031,2157,0.9415855354659249,5162.713490959666,male,70-74,183,0.03337588911180011,0.03142625442098564,0.008890698254691583,0.000296734959075061
2019,E02005581,E07000147,8362,228441,2689,2942,0.9140040788579198,7642.9021074099255,female,70-74,299,0.03575699593398708,0.032682040131370244,0.011771091879303627,0.0004208988844668482
2019,E02005581,E07000147,8362,228441,2689,2942,0.9140040788579198,7642.9021074099255,male,70-74,338,0.0404209519253767,0.036944914931114195,0.011771091879303627,0.000475798738962524
2019,E02006274,E07000245,6820,228441,80,2816,0.028409090909090908,193.75,female,70-74,193,0.028299120234604104,0.000803952279392162,0.0003501998327795799,9.910347173967582e-06
2019,E02006274,E07000245,6820,228441,80,2816,0.028409090909090908,193.75,male,70-74,182,0.026686217008797655,0.0007581311650226607,0.0003501998327795799,9.34550873400052e-06
2019,E02005586,E07000148,9889,228441,3031,3232,0.937809405940594,9273.997215346535,female,70-74,162,0.01638183840631004,0.015363042144036427,0.013268196164436332,0.00021735744550901867
2019,E02005586,E07000148,9889,228441,3031,3232,0.937809405940594,9273.997215346535,male,70-74,124,0.012539184952978056,0.011759365591731586,0.013268196164436332,0.00016637236569826122
2019,E02006908,E07000148,5715,228441,1741,1868,0.9320128479657388,5326.453426124197,female,70-74,121,0.021172353455818024,0.019732905442494206,0.007621223860865606,0.0001613592453481607
2019,E02006908,E07000148,5715,228441,1741,1868,0.9320128479657388,5326.453426124197,male,70-74,132,0.023097112860892388,0.021526805937266406,0.007621223860865606,0.00017602826765253894
2019,E02006281,E07000245,8800,228441,31,4082,0.007594316511513963,66.82998530132288,female,70-74,381,0.04329545454545455,0.00032879938532804774,0.0001357024352020872,5.875298614999457e-06
2019,E02006281,E07000245,8800,228441,31,4082,0.007594316511513963,66.82998530132288,male,70-74,291,0.033068181818181816,0.000251130239187564,0.0001357024352020872,4.487432800432656e-06
2019,E02006316,E07000244,7206,228441,1008,3252,0.30996309963099633,2233.5940959409595,female,70-74,342,0.04746044962531224,0.01471098807574254,0.0044125178930227065,0.00020942008318259307
2019,E02006316,E07000244,7206,228441,1008,3252,0.30996309963099633,2233.5940959409595,male,70-74,309,0.04288093255620316,0.013291506770188435,0.0044125178930227065,0.00018921288217374637
2019,E02006307,E07000244,7303,228441,507,3269,0.15509330070357907,1132.646375038238,female,70-74,378,0.051759550869505684,0.008027559587286444,0.0022193914402405873,0.00011487470415047816
2019,E02006307,E07000244,7303,228441,507,3269,0.15509330070357907,1132.646375038238,male,70-74,389,0.05326578118581405,0.008261165818662503,0.0022193914402405873,0.00011821761882152382
2019,E02006302,E07000244,6742,228441,476,3081,0.15449529373580007,1041.607270366764,female,70-74,331,0.04909522396914862,0.007584981048138508,0.0020836890050385,0.00010229917838441762
2019,E02006302,E07000244,6742,228441,476,3081,0.15449529373580007,1041.607270366764,male,70-74,334,0.04954019578760012,0.0076537270999343255,0.0020836890050385,0.00010322636127007698
2019,E02006907,E07000148,6796,228441,1842,1988,0.9265593561368209,6296.897384305835,female,70-74,91,0.013390229546792231,0.012406842467400045,0.008063351149749825,0.00010797012281154122
2019,E02006907,E07000148,6796,228441,1842,1988,0.9265593561368209,6296.897384305835,male,70-74,139,0.020453207769276043,0.018951111021633035,0.008063351149749825,0.00016492139638246404
2019,E02006304,E07000244,7774,228441,519,3641,0.14254325734688272,1108.1312826146664,female,70-74,383,0.04926678672498071,0.00702264825879291,0.0022719214151575243,0.0001119302678164821
2019,E02006304,E07000244,7774,228441,519,3641,0.14254325734688272,1108.1312826146664,male,70-74,340,0.043735528685361465,0.006234204720599451,0.0022719214151575243,9.936368422350892e-05
2019,E02006309,E07000244,6899,228441,465,3371,0.1379412637199644,951.6567784040344,female,70-74,260,0.037686621249456445,0.005198540160485686,0.002035536528031308,7.671249417134949e-05
2019,E02006309,E07000244,6899,228441,465,3371,0.1379412637199644,951.6567784040344,male,70-74,257,0.03725177561965502,0.005138557004787774,0.002035536528031308,7.582735000783392e-05
2019,E02006825,E07000009,6602,228441,13,2349,0.005534269902085994,36.53724989357173,female,70-74,227,0.03438352014541048,0.00019028768066851269,5.690747282668173e-05,1.956679238360611e-06
2019,E02006825,E07000009,6602,228441,13,2349,0.005534269902085994,36.53724989357173,male,70-74,221,0.0334747046349591,0.00018525805034247267,5.690747282668173e-05,1.9049608443951318e-06
2019,E02005608,E07000149,7756,228441,2353,3208,0.7334788029925187,5688.861596009975,female,70-74,340,0.043837029396596186,0.032153531848563226,0.010300252581629392,0.0004515324752132534
2019,E02005608,E07000149,7756,228441,2353,3208,0.7334788029925187,5688.861596009975,male,70-74,322,0.04151624548736462,0.030451286044815756,0.010300252581629392,0.000427627814760787
2019,E02005587,E07000148,9985,228441,3668,3934,0.9323843416370107,9309.857651245551,female,70-74,227,0.022734101151727592,0.021196919935062737,0.016056662332943734,0.0003650337856362772
2019,E02005587,E07000148,9985,228441,3668,3934,0.9323843416370107,9309.857651245551,male,70-74,184,0.01842764146219329,0.01718164435264997,0.016056662332943734,0.00029588641655099116
2019,E02006308,E07000244,7736,228441,477,3755,0.12703062583222371,982.7089214380827,female,70-74,205,0.026499482936918305,0.003366245901707066,0.0020880665029482447,5.533268266602768e-05
2019,E02006308,E07000244,7736,228441,477,3755,0.12703062583222371,982.7089214380827,male,70-74,175,0.02262150982419855,0.002873624550237739,0.0020880665029482447,4.723521691002363e-05
2019,E02006305,E07000244,10024,228441,525,4350,0.1206896551724138,1209.7931034482758,female,70-74,201,0.020051875498802874,0.002420053939510692,0.002298186402615993,4.608294761829755e-05
2019,E02006305,E07000244,10024,228441,525,4350,0.1206896551724138,1209.7931034482758,male,70-74,215,0.02144852354349561,0.002588614910421884,0.002298186402615993,4.9292705163850606e-05
2019,E02006314,E07000244,7383,228441,1607,3302,0.4866747425802544,3593.119624470018,female,70-74,252,0.03413246647704185,0.016611409336343506,0.00703463914095981,0.0002401095846568972
2019,E02006314,E07000244,7383,228441,1607,3302,0.4866747425802544,3593.119624470018,male,70-74,275,0.03724773127454964,0.018127530029739936,0.00703463914095981,0.00026202434833589975
2019,E02006279,E07000245,8825,228441,36,4024,0.008946322067594433,78.95129224652088,female,70-74,378,0.0428328611898017,0.00038319657128053214,0.00015758992475081092,6.7500273717627795e-06
2019,E02006279,E07000245,8825,228441,36,4024,0.008946322067594433,78.95129224652088,male,70-74,288,0.03263456090651558,0.0002919592924042149,0.00015758992475081092,5.142877997533545e-06
2019,E02006315,E07000244,5848,228441,517,2641,0.19575918212798182,1144.7996970844376,female,70-74,269,0.04599863201094391,0.009004654581468383,0.002263166419338035,0.00010410255930265584
2019,E02006315,E07000244,5848,228441,517,2641,0.19575918212798182,1144.7996970844376,male,70-74,291,0.04976060191518468,0.009741094733112639,0.002263166419338035,0.00011261652326049387
2019,E02006276,E07000245,6874,228441,26,2902,0.00895933838731909,61.586492074431426,female,70-74,307,0.04466104160605179,0.0004001333844787549,0.00011381494565336345,5.083094023215388e-06
2019,E02006276,E07000245,6874,228441,26,2902,0.00895933838731909,61.586492074431426,male,70-74,266,0.038696537678207736,0.00034669537547670615,0.00011381494565336345,4.404244332818545e-06
2019,E02006278,E07000245,8793,228441,28,3456,0.008101851851851851,71.23958333333333,female,70-74,243,0.027635619242579325,0.00022389969293756397,0.00012256994147285294,3.3872962331289963e-06
2019,E02006278,E07000245,8793,228441,28,3456,0.008101851851851851,71.23958333333333,male,70-74,240,0.027294438758103036,0.00022113549919759403,0.00012256994147285294,3.345477761115058e-06
2019,E02006277,E07000245,7994,228441,17,2787,0.006099748833871547,48.76139217796914,female,70-74,175,0.021891418563922942,0.0001335321548570829,7.441746446566072e-05,1.629103863083641e-06
2019,E02006277,E07000245,7994,228441,17,2787,0.006099748833871547,48.76139217796914,male,70-74,142,0.0177633224918689,0.00010835180565546155,7.441746446566072e-05,1.3219014203307258e-06
2019,E02006275,E07000245,7142,228441,24,3181,0.007544797233574348,53.88494184218799,female,70-74,193,0.027023242789134694,0.00020388488743767138,0.00010505994983387396,2.8390605317750874e-06
2019,E02006275,E07000245,7142,228441,24,3181,0.007544797233574348,53.88494184218799,male,70-74,174,0.024362923550826098,0.00018381331820805608,0.00010505994983387396,2.559567526056296e-06
2019,E02005550,E07000145,7234,228441,448,3415,0.13118594436310396,948.999121522694,female,70-74,259,0.035803151783245786,0.004696870277860648,0.001961119063565647,7.02142434978577e-05
2019,E02005550,E07000145,7234,228441,448,3415,0.13118594436310396,948.999121522694,male,70-74,272,0.037600221177771634,0.004932620523467553,0.001961119063565647,7.373851054601271e-05
2019,E02003758,E07000011,9606,228441,8,3798,0.00210637177461822,20.23380726698262,female,70-74,271,0.02821153445763065,5.942397990022253e-05,3.501998327795798e-05,9.879674649517608e-07
2019,E02003758,E07000011,9606,228441,8,3798,0.00210637177461822,20.23380726698262,male,70-74,260,0.027066416822819073,5.7011936435637854e-05,3.501998327795798e-05,9.478654645293645e-07
2019,E02003775,E07000012,6886,228441,8,2586,0.0030935808197989174,21.302397525135344,female,70-74,204,0.029625326749927388,9.164834261385116e-05,3.501998327795798e-05,1.0374784473864985e-06
2019,E02003775,E07000012,6886,228441,8,2586,0.0030935808197989174,21.302397525135344,male,70-74,206,0.029915771129828638,9.254685577673206e-05,3.501998327795798e-05,1.047649804713817e-06
2019,E02005531,E07000144,5447,228441,1858,1969,0.9436262061960387,5139.931945149822,female,70-74,188,0.03451441160271709,0.03256870327976047,0.008133391116305741,0.000280719208714059
2019,E02005531,E07000144,5447,228441,1858,1969,0.9436262061960387,5139.931945149822,male,70-74,192,0.035248760785753626,0.033261654413372393,0.008133391116305741,0.0002866919578356347
2019,E02005536,E07000144,6216,228441,2430,2679,0.9070548712206047,5638.253079507279,female,70-74,247,0.03973616473616474,0.03604288178756264,0.010637319920679738,0.0004226862967194169
2019,E02005536,E07000144,6216,228441,2430,2679,0.9070548712206047,5638.253079507279,male,70-74,222,0.03571428571428571,0.03239481682930731,0.010637319920679738,0.0003799042828814192
2019,E02005582,E07000147,6991,228441,2342,3094,0.7569489334195216,5291.8299935358755,female,70-74,266,0.0380489200400515,0.028801089442081644,0.0102521001046222,0.00039008133712337367
2019,E02005582,E07000147,6991,228441,2342,3094,0.7569489334195216,5291.8299935358755,male,70-74,304,0.043484480045773134,0.03291553079095044,0.0102521001046222,0.0004458072424267127
2019,E02005522,E07000144,5534,228441,1858,1985,0.9360201511335012,5179.935516372796,female,70-74,199,0.03595952294904228,0.033658838105451165,0.008133391116305741,0.0002924728645003329
2019,E02005522,E07000144,5534,228441,1858,1985,0.9360201511335012,5179.935516372796,male,70-74,213,0.03848933863389953,0.03602679656513114,0.008133391116305741,0.0003130488449174418
2019,E02005549,E07000145,5270,228441,397,2637,0.15054986727341677,793.3978005309064,female,70-74,245,0.046489563567362426,0.006998997624665485,0.001737866670168665,8.079266303440662e-05
2019,E02005549,E07000145,5270,228441,397,2637,0.15054986727341677,793.3978005309064,male,70-74,256,0.04857685009487666,0.0073132383343443436,0.001737866670168665,8.44200887216657e-05
2019,E02005606,E07000149,5848,228441,1025,2229,0.4598474652310453,2689.187976671153,female,70-74,208,0.03556771545827633,0.01635572379754744,0.004486935357488367,0.00015959004007482563
2019,E02005606,E07000149,5848,228441,1025,2229,0.4598474652310453,2689.187976671153,male,70-74,209,0.035738714090287275,0.016434357085035645,0.004486935357488367,0.00016035729988287767
2019,E02005529,E07000144,5904,228441,2426,2537,0.9562475364603863,5645.685455262121,female,70-74,244,0.041327913279132794,0.03951971526021922,0.010619809929040758,0.00043889458378826984
2019,E02005529,E07000144,5904,228441,2426,2537,0.9562475364603863,5645.685455262121,male,70-74,198,0.03353658536585366,0.03206927713739101,0.010619809929040758,0.0003561521622544157
2019,E02006310,E07000244,8522,228441,490,3371,0.14535746069415603,1238.7362800355977,female,70-74,252,0.02957052335132598,0.004298296185745989,0.0021449739757749267,6.342800303863899e-05
2019,E02006310,E07000244,8522,228441,490,3371,0.14535746069415603,1238.7362800355977,male,70-74,261,0.030626613471016192,0.0044518067638083456,0.0021449739757749267,6.569328886144753e-05
2019,E02005541,E07000145,5924,228441,391,2884,0.1355755894590846,803.1497919556172,female,70-74,215,0.036293045239702906,0.004920451001637946,0.0017116016827101964,6.211923730295278e-05
2019,E02005541,E07000145,5924,228441,391,2884,0.1355755894590846,803.1497919556172,male,70-74,187,0.03156650911546253,0.0042796480804944,0.0017116016827101964,5.402929011931242e-05
2019,E02005537,E07000144,6050,228441,1455,2548,0.5710361067503925,3454.768445839875,female,70-74,265,0.043801652892561986,0.025012325337000665,0.0063692594586786085,0.0002789840919917077
2019,E02005537,E07000144,6050,228441,1455,2548,0.5710361067503925,3454.768445839875,male,70-74,217,0.03586776859504132,0.020481790936336394,0.0063692594586786085,0.00022845112438566248
2019,E02005546,E07000145,7892,228441,496,3877,0.12793396956409595,1009.6548877998453,female,70-74,233,0.029523568170299035,0.003777067271722549,0.002171238963233395,6.410272154503054e-05
2019,E02005546,E07000145,7892,228441,496,3877,0.12793396956409595,1009.6548877998453,male,70-74,229,0.029016725798276737,0.0037122249151264534,0.002171238963233395,6.300224563867809e-05
2019,E02005543,E07000145,9707,228441,592,4599,0.12872363557295063,1249.5203305066318,female,70-74,132,0.013598434119707428,0.0017504398779879967,0.0025914787625688908,3.5240053225413986e-05
2019,E02005543,E07000145,9707,228441,592,4599,0.12872363557295063,1249.5203305066318,male,70-74,190,0.019573503657154632,0.0025195725516493892,0.0025914787625688908,5.072431903658074e-05
2019,E02005484,E07000141,7211,228441,9,2876,0.003129346314325452,22.565716272600834,female,70-74,267,0.037026764665095,0.0001158695695361109,3.939748118770273e-05,1.4587612643345763e-06
2019,E02005484,E07000141,7211,228441,9,2876,0.003129346314325452,22.565716272600834,male,70-74,285,0.03952295104701151,0.00012368100119023075,3.939748118770273e-05,1.557104720357132e-06
2019,E02005539,E07000145,7534,228441,806,3487,0.23114425007169487,1741.440780040149,female,70-74,293,0.03889036368462968,0.008989283948899203,0.003528263315254267,0.00013721544350537565
2019,E02005539,E07000145,7534,228441,806,3487,0.23114425007169487,1741.440780040149,male,70-74,315,0.041810459251393685,0.00966424724881655,0.003528263315254267,0.00014751830957062572
2019,E02005545,E07000145,6351,228441,437,2936,0.14884196185286103,945.2952997275204,female,70-74,310,0.0488112108329397,0.007265156380788367,0.001912966586558455,9.337421537287373e-05
2019,E02005545,E07000145,6351,228441,437,2936,0.14884196185286103,945.2952997275204,male,70-74,249,0.03920642418516769,0.005835561092955817,0.001912966586558455,7.500057944466309e-05
2019,E02005533,E07000144,8917,228441,2992,3481,0.8595231255386383,7664.367710428038,female,70-74,361,0.04048446787035999,0.0347973363597004,0.013097473745956286,0.0005302442550510507
2019,E02005533,E07000144,8917,228441,2992,3481,0.8595231255386383,7664.367710428038,male,70-74,325,0.0364472356173601,0.03132724187507654,0.013097473745956286,0.0004773667116110568
2019,E02005583,E07000147,8736,228441,3117,4005,0.7782771535580524,6799.029213483145,female,70-74,468,0.05357142857142857,0.04169341894060995,0.01364466098467438,0.0007309639813218418
2019,E02005583,E07000147,8736,228441,3117,4005,0.7782771535580524,6799.029213483145,male,70-74,466,0.05334249084249084,0.041515241936590244,0.01364466098467438,0.0007278402036238851
2019,E02003785,E07000012,9173,228441,8,3105,0.0025764895330112722,23.6341384863124,female,70-74,236,0.02572767905810531,6.628709580188163e-05,3.501998327795798e-05,9.009828903955177e-07
2019,E02003785,E07000012,9173,228441,8,3105,0.0025764895330112722,23.6341384863124,male,70-74,205,0.022348195791998256,5.7579892539770064e-05,3.501998327795798e-05,7.826334429283099e-07
2019,E02003254,E06000031,8600,228441,8,3068,0.002607561929595828,22.42503259452412,female,70-74,318,0.03697674418604651,9.641915041993875e-05,3.501998327795798e-05,1.2949249630686788e-06
2019,E02003254,E06000031,8600,228441,8,3068,0.002607561929595828,22.42503259452412,male,70-74,284,0.03302325581395349,8.61101846517692e-05,3.501998327795798e-05,1.15647386638838e-06
2019,E02003726,E07000008,8442,228441,9,2085,0.004316546762589928,36.44028776978417,female,70-74,115,0.013622364368633025,5.880157281424327e-05,3.939748118770273e-05,5.366868439452516e-07
2019,E02003726,E07000008,8442,228441,9,2085,0.004316546762589928,36.44028776978417,male,70-74,78,0.00923951670220327,3.9882805908791086e-05,3.939748118770273e-05,3.640136854585185e-07
2019,E02005544,E07000145,7497,228441,439,3315,0.13242835595776772,992.8153846153846,female,70-74,148,0.01974122982526344,0.0026142986103440875,0.0019217215823779444,3.7937147417891926e-05
2019,E02005544,E07000145,7497,228441,439,3315,0.13242835595776772,992.8153846153846,male,70-74,134,0.017873816193143925,0.0023670000931493764,0.0019217215823779444,3.434849833782107e-05
2019,E02005446,E07000138,10958,228441,11,1999,0.005502751375687844,60.29914957478739,female,70-74,89,0.008121920058404819,4.469290677461381e-05,4.815247700719223e-05,3.910905688665914e-07
2019,E02005446,E07000138,10958,228441,11,1999,0.005502751375687844,60.29914957478739,male,70-74,105,0.009582040518342763,5.27275866442073e-05,4.815247700719223e-05,4.6139898574148424e-07
2019,E02005593,E07000148,12414,228441,2398,2647,0.9059312429165093,11246.230449565546,female,75-79,106,0.008538746576445948,0.007735517298948766,0.010497239987567906,8.963327200597696e-05
2019,E02005593,E07000148,12414,228441,2398,2647,0.9059312429165093,11246.230449565546,male,75-79,80,0.00644433703882713,0.005838126263357559,0.010497239987567906,6.76477524573411e-05
2019,E02006287,E07000244,6179,228441,545,2715,0.2007366482504604,1240.3517495395947,female,75-79,224,0.03625182068295841,0.007277068976873787,0.0023857363608108875,8.648728674893006e-05
2019,E02006287,E07000244,6179,228441,545,2715,0.2007366482504604,1240.3517495395947,male,75-79,197,0.03188218158278038,0.006399922269839892,0.0023857363608108875,7.606247986401437e-05
2019,E02006233,E07000200,11790,228441,40,5050,0.007920792079207921,93.38613861386139,female,75-79,331,0.028074639525021206,0.0002223733823764056,0.00017509991638978994,4.9158670335047046e-06
2019,E02006233,E07000200,11790,228441,40,5050,0.007920792079207921,93.38613861386139,male,75-79,253,0.02145886344359627,0.00016997119559284174,0.00017509991638978994,3.7574451947936263e-06
2019,E02006288,E07000244,9562,228441,114,3453,0.03301476976542137,315.68722849695916,female,75-79,245,0.02562225475841874,0.000845912841720167,0.0004990347617109013,1.2786395797863503e-05
2019,E02006288,E07000244,9562,228441,114,3453,0.03301476976542137,315.68722849695916,male,75-79,240,0.025099351600083666,0.0008286493143381227,0.0004990347617109013,1.2525448944845881e-05
2019,E02006311,E07000244,8471,228441,917,3751,0.24446814182884563,2070.889629432151,female,75-79,262,0.030929052059969306,0.0075611678856283265,0.004014165583235934,0.00012415433630124124
2019,E02006311,E07000244,8471,228441,917,3751,0.24446814182884563,2070.889629432151,male,75-79,238,0.0280958564514225,0.006868541819769243,0.004014165583235934,0.00011278141999883747
2019,E02006256,E07000202,9754,228441,48,4135,0.011608222490931077,113.22660217654172,female,75-79,117,0.011995078941972524,0.00013924154515469918,0.00021011989966774792,2.5204047837939826e-06
2019,E02006256,E07000202,9754,228441,48,4135,0.011608222490931077,113.22660217654172,male,75-79,91,0.009329505843756407,0.00010829897956476604,0.00021011989966774792,1.960314831839764e-06
2019,E02006251,E07000202,10928,228441,70,3797,0.018435607058203844,201.4643139320516,female,75-79,81,0.007412152269399707,0.00013664752669422688,0.0003064248536821324,2.2712676746204906e-06
2019,E02006251,E07000202,10928,228441,70,3797,0.018435607058203844,201.4643139320516,male,75-79,76,0.006954612005856516,0.00012821249418223758,0.0003064248536821324,2.131065966310584e-06
2019,E02004577,E07000076,5680,228441,11,2201,0.004997728305315766,28.387096774193548,female,75-79,132,0.02323943661971831,0.00011614439019395793,4.815247700719223e-05,1.1190364374910872e-06
2019,E02004577,E07000076,5680,228441,11,2201,0.004997728305315766,28.387096774193548,male,75-79,118,0.020774647887323944,0.00010382604577944724,4.815247700719223e-05,1.000350754726881e-06
2019,E02005542,E07000145,7554,228441,451,3494,0.12907842014882656,975.0583858042359,female,75-79,136,0.018003706645485836,0.0023238900106222417,0.0019742515572948815,3.5543845881930616e-05
2019,E02005542,E07000145,7554,228441,451,3494,0.12907842014882656,975.0583858042359,male,75-79,117,0.015488482922954726,0.0019992289061970753,0.0019742515572948815,3.0578161530778544e-05
2019,E02005611,E07000149,11199,228441,3134,4161,0.753184330689738,8434.911319394376,female,75-79,289,0.02580587552460041,0.01943658108485885,0.01371907844914004,0.00035403283077073595
2019,E02005611,E07000149,11199,228441,3134,4161,0.753184330689738,8434.911319394376,male,75-79,284,0.025359407089918743,0.019100308055709045,0.01371907844914004,0.0003479076952902734
2019,E02005595,E07000148,8952,228441,3128,3359,0.9312295325989878,8336.366775826138,female,75-79,289,0.032283288650580874,0.030063151800838635,0.013692813461681571,0.0004420490494220257
2019,E02005595,E07000148,8952,228441,3128,3359,0.9312295325989878,8336.366775826138,male,75-79,245,0.027368185880250223,0.025486062945347634,0.013692813461681571,0.0003747474640428938
2019,E02006293,E07000244,11451,228441,88,4406,0.01997276441216523,228.70812528370405,female,75-79,228,0.01991092481006026,0.00039767621045966924,0.00038521981605753786,7.67008279286688e-06
2019,E02006293,E07000244,11451,228441,88,4406,0.01997276441216523,228.70812528370405,male,75-79,244,0.021308182691467992,0.00042558331294806703,0.00038521981605753786,8.208334216927711e-06
2019,E02004521,E07000071,9189,228441,8,3522,0.002271436683702442,20.87223168654174,female,75-79,130,0.014147350092501905,3.213480997728996e-05,3.501998327795798e-05,4.954399636668341e-07
2019,E02004521,E07000071,9189,228441,8,3522,0.002271436683702442,20.87223168654174,male,75-79,122,0.013276743932963325,3.015728320945673e-05,3.501998327795798e-05,4.649513505181057e-07
2019,E02004507,E07000071,9933,228441,11,3434,0.00320326150262085,31.817996505532903,female,75-79,95,0.009564079331521192,3.063624713067359e-05,4.815247700719223e-05,4.6053411010603665e-07
2019,E02004507,E07000071,9933,228441,11,3434,0.00320326150262085,31.817996505532903,male,75-79,80,0.008053961542333635,2.5798944952146177e-05,4.815247700719223e-05,3.8781819798403085e-07
2019,E02004446,E07000067,6867,228441,9,2535,0.0035502958579881655,24.379881656804734,female,75-79,136,0.01980486384156109,7.031312606471393e-05,3.939748118770273e-05,7.80261750622917e-07
2019,E02004446,E07000067,6867,228441,9,2535,0.0035502958579881655,24.379881656804734,male,75-79,148,0.021552351827581185,7.651722542336515e-05,3.939748118770273e-05,8.491083756778803e-07
2019,E02004589,E07000076,7733,228441,9,3538,0.002543810062182024,19.67128321085359,female,75-79,212,0.027414974783395836,6.973848870846878e-05,3.939748118770273e-05,1.0800809532901821e-06
2019,E02004589,E07000076,7733,228441,9,3538,0.002543810062182024,19.67128321085359,male,75-79,174,0.022500969869390923,5.7238193562611174e-05,3.939748118770273e-05,8.864815371343949e-07
2019,E02004522,E07000071,12010,228441,9,2824,0.003186968838526912,38.27549575070822,female,75-79,212,0.01765195670274771,5.625623595068321e-05,3.939748118770273e-05,6.95442632122646e-07
2019,E02004522,E07000071,12010,228441,9,2824,0.003186968838526912,38.27549575070822,male,75-79,195,0.01623646960865945,5.1745122690486914e-05,3.939748118770273e-05,6.396760059618677e-07
2019,E02004526,E07000071,7285,228441,8,3181,0.002514932411191449,18.321282615529707,female,75-79,278,0.03816060398078243,9.597133978191116e-05,3.501998327795798e-05,1.3363837132837773e-06
2019,E02004526,E07000071,7285,228441,8,3181,0.002514932411191449,18.321282615529707,male,75-79,241,0.03308167467398765,8.319817585410286e-05,3.501998327795798e-05,1.1585196938898936e-06
2019,E02006235,E07000200,8200,228441,24,2985,0.008040201005025126,65.92964824120604,female,75-79,217,0.02646341463414634,0.00021277117293786005,0.00010505994983387396,2.7802450138964207e-06
2019,E02006235,E07000200,8200,228441,24,2985,0.008040201005025126,65.92964824120604,male,75-79,212,0.025853658536585365,0.0002078686113494301,0.00010505994983387396,2.7161840688757657e-06
2019,E02004513,E07000071,13590,228441,10,3781,0.0026448029621793175,35.942872256016926,female,75-79,161,0.011846946284032376,3.133283862478809e-05,4.3774979097447484e-05,5.185998259521004e-07
2019,E02004513,E07000071,13590,228441,10,3781,0.0026448029621793175,35.942872256016926,male,75-79,110,0.008094186902133923,2.1407529495196834e-05,4.3774979097447484e-05,3.5432286245174566e-07
2019,E02004582,E07000076,7003,228441,9,3302,0.0027256208358570565,19.087522713506967,female,75-79,298,0.0425531914893617,0.00011598386535561943,3.939748118770273e-05,1.6764885611788394e-06
2019,E02004582,E07000076,7003,228441,9,3302,0.0027256208358570565,19.087522713506967,male,75-79,266,0.03798372126231615,0.0001035292220959556,3.939748118770273e-05,1.4964629438710448e-06
2019,E02004520,E07000071,9529,228441,11,3753,0.002930988542499334,27.929389821476153,female,75-79,89,0.009339909749186694,2.7375168462844028e-05,4.815247700719223e-05,4.4973978944696285e-07
2019,E02004520,E07000071,9529,228441,11,3753,0.002930988542499334,27.929389821476153,male,75-79,80,0.00839542449365096,2.460689300030924e-05,4.815247700719223e-05,4.0426048489614636e-07
2019,E02004579,E07000076,7266,228441,8,3141,0.0025469595670168737,18.506208213944603,female,75-79,237,0.032617671345995046,8.307589008849423e-05,3.501998327795798e-05,1.1422703051026757e-06
2019,E02004579,E07000076,7266,228441,8,3141,0.0025469595670168737,18.506208213944603,male,75-79,238,0.03275529865125241,8.342642127030222e-05,3.501998327795798e-05,1.147090011031379e-06
2019,E02004559,E07000074,7711,228441,8,2504,0.003194888178913738,24.635782747603834,female,75-79,193,0.025029179094799636,7.99654284178902e-05,3.501998327795798e-05,8.765214333608987e-07
2019,E02004559,E07000074,7711,228441,8,2504,0.003194888178913738,24.635782747603834,male,75-79,190,0.024640124497471143,7.872244248393336e-05,3.501998327795798e-05,8.628967478682423e-07
2019,E02004575,E07000076,11687,228441,12,4223,0.0028415818138763913,33.20956665877338,female,75-79,272,0.023273722940018823,6.613418784755527e-05,5.252997491693698e-05,1.2225680822629296e-06
2019,E02004575,E07000076,11687,228441,12,4223,0.0028415818138763913,33.20956665877338,male,75-79,270,0.02310259262428339,6.564790705455854e-05,5.252997491693698e-05,1.2135786110698198e-06
2019,E02004588,E07000076,7179,228441,8,3751,0.0021327645961077045,15.311117035457212,female,75-79,141,0.01964061847053907,4.1888815719624784e-05,3.501998327795798e-05,6.87814130407031e-07
2019,E02004588,E07000076,7179,228441,8,3751,0.0021327645961077045,15.311117035457212,male,75-79,125,0.01741189580721549,3.7135474928745375e-05,3.501998327795798e-05,6.097643000062332e-07
2019,E02004512,E07000071,11610,228441,14,4353,0.0032161727544222376,37.33976567884218,female,75-79,195,0.016795865633074936,5.401840543603242e-05,6.128497073642647e-05,1.0293341338159484e-06
2019,E02004512,E07000071,11610,228441,14,4353,0.0032161727544222376,37.33976567884218,male,75-79,135,0.011627906976744186,3.73973576095609e-05,6.128497073642647e-05,7.126159387956566e-07
2019,E02004509,E07000071,14885,228441,13,4843,0.0026842865992153624,39.95560602932067,female,75-79,146,0.009808532079274438,2.6328911218370367e-05,5.690747282668173e-05,5.581787727709461e-07
2019,E02004509,E07000071,14885,228441,13,4843,0.0026842865992153624,39.95560602932067,male,75-79,109,0.0073228081961706415,1.9656515909605272e-05,5.690747282668173e-05,4.16722508438583e-07
2019,E02004585,E07000076,8674,228441,8,4088,0.0019569471624266144,16.974559686888455,female,75-79,236,0.027207747290753977,5.32441238566614e-05,3.501998327795798e-05,9.528148551531108e-07
2019,E02004585,E07000076,8674,228441,8,4088,0.0019569471624266144,16.974559686888455,male,75-79,233,0.026861886096379985,5.256729177373774e-05,3.501998327795798e-05,9.407028019096391e-07
2019,E02004580,E07000076,12194,228441,9,5534,0.0016263100831225153,19.831225153595952,female,75-79,516,0.04231589306216172,6.88187635633277e-05,3.939748118770273e-05,1.6671396008573568e-06
2019,E02004580,E07000076,12194,228441,9,5534,0.0016263100831225153,19.831225153595952,male,75-79,449,0.036821387567656225,5.988299387584135e-05,3.939748118770273e-05,1.4506699240018473e-06
2019,E02004590,E07000076,8402,228441,9,4502,0.0019991115059973343,16.796534873389604,female,75-79,350,0.041656748393239705,8.327648501536146e-05,3.939748118770273e-05,1.6411709611635272e-06
2019,E02004590,E07000076,8402,228441,9,4502,0.0019991115059973343,16.796534873389604,male,75-79,294,0.03499166865032135,6.995224741290362e-05,3.939748118770273e-05,1.3785836073773627e-06
2019,E02004595,E07000077,14491,228441,8,5057,0.0015819655922483687,22.924263397271112,female,75-79,258,0.017804154302670624,2.8165559505905676e-05,3.501998327795798e-05,6.235011859577089e-07
2019,E02004595,E07000077,14491,228441,8,5057,0.0015819655922483687,22.924263397271112,male,75-79,241,0.016631012352494652,2.6309689305904136e-05,3.501998327795798e-05,5.824177744798753e-07
2019,E02006922,E07000071,13943,228441,14,5702,0.002455278849526482,34.23395299894774,female,75-79,339,0.02431327547873485,5.969587104564853e-05,6.128497073642647e-05,1.4900383762209405e-06
2019,E02006922,E07000071,13943,228441,14,5702,0.002455278849526482,34.23395299894774,male,75-79,291,0.020870687800329916,5.124335833122042e-05,6.128497073642647e-05,1.2790594910923118e-06
2019,E02004523,E07000071,10335,228441,10,4139,0.0024160425223483935,24.969799468470647,female,75-79,105,0.010159651669085631,2.4546150444758714e-05,4.3774979097447484e-05,4.4473853945157094e-07
2019,E02004523,E07000071,10335,228441,10,4139,0.0024160425223483935,24.969799468470647,male,75-79,102,0.009869375907111757,2.3844831860622755e-05,4.3774979097447484e-05,4.3203172403866895e-07
2019,E02005579,E07000147,12901,228441,4648,5056,0.9193037974683544,11859.93829113924,female,75-79,376,0.029145027517246725,0.0267931344739246,0.02034661028449359,0.0005930025166242609
2019,E02005579,E07000147,12901,228441,4648,5056,0.9193037974683544,11859.93829113924,male,75-79,293,0.022711417719556624,0.02087869255547848,0.02034661028449359,0.00046210036534816075
2019,E02006292,E07000244,6857,228441,50,2404,0.020798668885191347,142.61647254575706,female,75-79,170,0.024792183170482717,0.0005156444087038835,0.0002188748954872374,5.426386500339851e-06
2019,E02006292,E07000244,6857,228441,50,2404,0.020798668885191347,142.61647254575706,male,75-79,164,0.02391716494093627,0.0004974451942790406,0.0002188748954872374,5.234866976798445e-06
2019,E02006250,E07000202,10945,228441,56,4152,0.01348747591522158,147.62042389210018,female,75-79,106,0.009684787574234811,0.00013062333915152925,0.0002451398829457059,2.374127692301948e-06
2019,E02006250,E07000202,10945,228441,56,4152,0.01348747591522158,147.62042389210018,male,75-79,80,0.007309273640931932,9.858365218983338e-05,0.0002451398829457059,1.7917944847561872e-06
2019,E02005594,E07000148,11105,228441,3270,3517,0.92976969007677,10325.092408302531,female,75-79,198,0.017829806393516435,0.01657761356462859,0.014314418164865327,0.0002552233045153836
2019,E02005594,E07000148,11105,228441,3270,3517,0.92976969007677,10325.092408302531,male,75-79,163,0.014678072940117064,0.013647227328456867,0.014314418164865327,0.00021010807391922992
2019,E02005602,E07000149,12285,228441,3889,4252,0.9146284101599247,11236.210018814674,female,75-79,318,0.025885225885225887,0.02367536299803468,0.017024089370997326,0.0004406723988585389
2019,E02005602,E07000149,12285,228441,3889,4252,0.9146284101599247,11236.210018814674,male,75-79,297,0.024175824175824177,0.02211189563023994,0.017024089370997326,0.00041157139138674854
2019,E02005535,E07000144,7243,228441,2248,2438,0.9220672682526662,6678.533223954061,female,75-79,137,0.018914814303465415,0.01744073115430281,0.009840615301106194,0.00018613341105226406
2019,E02005535,E07000144,7243,228441,2248,2438,0.9220672682526662,6678.533223954061,male,75-79,79,0.01090708270053845,0.010057063950291403,0.009840615301106194,0.00010733240491334935
2019,E02006230,E07000200,11148,228441,70,4587,0.01526051885764116,170.12426422498365,female,75-79,295,0.026462145676354503,0.0004038260731076554,0.0003064248536821324,8.108659116992201e-06
2019,E02006230,E07000200,11148,228441,70,4587,0.01526051885764116,170.12426422498365,male,75-79,254,0.022784355938284893,0.000347701093455405,0.0003064248536821324,6.981692934630572e-06
2019,E02006294,E07000244,8228,228441,52,3741,0.013900026730820636,114.36941994119219,female,75-79,290,0.03524550315994166,0.0004899134360644123,0.0002276298913067269,8.02293005334842e-06
2019,E02006294,E07000244,8228,228441,52,3741,0.013900026730820636,114.36941994119219,male,75-79,229,0.02783179387457462,0.0003868626788232773,0.0002276298913067269,6.335348214540649e-06
2019,E02006296,E07000244,13489,228441,80,5153,0.015524936929943722,209.41587424801088,female,75-79,262,0.019423233746015272,0.0003015444788824416,0.0003501998327795799,6.802013209893241e-06
2019,E02006296,E07000244,13489,228441,80,5153,0.015524936929943722,209.41587424801088,male,75-79,242,0.017940544147082807,0.00027852581637233156,0.0003501998327795799,6.28277556028307e-06
2019,E02006313,E07000244,10033,228441,688,4581,0.1501855490067671,1506.8116131848942,female,75-79,334,0.03329014252965215,0.0049996983323293345,0.0030117185619043868,0.00010026054018499604
2019,E02006313,E07000244,10033,228441,688,4581,0.1501855490067671,1506.8116131848942,male,75-79,278,0.027708561746237415,0.0041614255580465715,0.0030117185619043868,8.345038973481705e-05
2019,E02006295,E07000244,9796,228441,69,4175,0.01652694610778443,161.89796407185628,female,75-79,251,0.025622703144140467,0.00042346503399896823,0.00030204735577238763,7.73926973242847e-06
2019,E02006295,E07000244,9796,228441,69,4175,0.01652694610778443,161.89796407185628,male,75-79,239,0.02439771335238873,0.0004032196937281012,0.00030204735577238763,7.369264804981691e-06
2019,E02005597,E07000149,16660,228441,5376,5722,0.9395316322963999,15652.596994058022,female,75-79,313,0.0187875150060024,0.017651464640382544,0.023533428762787766,0.00044213464602356364
2019,E02005597,E07000149,16660,228441,5376,5722,0.9395316322963999,15652.596994058022,male,75-79,263,0.015786314525810325,0.014831741854378943,0.023533428762787766,0.000371506108320119
2019,E02006267,E07000203,8615,228441,87,3046,0.02856204858831254,246.06204858831254,female,75-79,172,0.01996517701683111,0.000570246356028991,0.0003808423181477931,7.6035842973210005e-06
2019,E02006267,E07000203,8615,228441,87,3046,0.02856204858831254,246.06204858831254,male,75-79,190,0.022054556006964595,0.000629923300264583,0.0003808423181477931,8.399308235412731e-06
2019,E02005538,E07000145,9068,228441,751,4616,0.1626949740034662,1475.3180242634314,female,75-79,288,0.031760035288928096,0.005167198115681325,0.0032875009302183057,0.00010441114555611733
2019,E02005538,E07000145,9068,228441,751,4616,0.1626949740034662,1475.3180242634314,male,75-79,295,0.03253198059108955,0.005292789736548581,0.0032875009302183057,0.00010694891645505076
2019,E02006271,E07000203,9748,228441,54,3734,0.0144617032672737,140.97268344938402,female,75-79,206,0.021132540008206812,0.00030561252288247666,0.0002363848871262164,4.995413084530219e-06
2019,E02006271,E07000203,9748,228441,54,3734,0.0144617032672737,140.97268344938402,male,75-79,201,0.020619614279852278,0.00029819474320086315,0.0002363848871262164,4.874165194129e-06
2019,E02006312,E07000244,8830,228441,965,3470,0.2780979827089337,2455.605187319885,female,75-79,262,0.02967157417893545,0.008251604922960435,0.004224285482903682,0.00012534120005897674
2019,E02006312,E07000244,8830,228441,965,3470,0.2780979827089337,2455.605187319885,male,75-79,217,0.024575311438278596,0.006834344535429062,0.004224285482903682,0.00010381313134655707
2019,E02005520,E07000144,8657,228441,3033,3252,0.9326568265682657,8074.010147601476,female,75-79,246,0.02841631050017327,0.026502665973870087,0.013276951160255821,0.00037728196666546516
2019,E02005520,E07000144,8657,228441,3033,3252,0.9326568265682657,8074.010147601476,male,75-79,226,0.026106041353817718,0.024347977683311543,0.013276951160255821,0.0003466086360422566
2019,E02006237,E07000200,7731,228441,59,2944,0.020040760869565216,154.9351222826087,female,75-79,198,0.025611175785797437,0.0005132674495115654,0.00025827237667494014,6.614659239637582e-06
2019,E02006237,E07000200,7731,228441,59,2944,0.020040760869565216,154.9351222826087,male,75-79,185,0.023929633941275386,0.00047956807151333143,0.00025827237667494014,6.180363430974509e-06
2019,E02005604,E07000149,8600,228441,2789,3152,0.8848350253807107,7609.581218274112,female,75-79,248,0.02883720930232558,0.025516172824932123,0.012208841670278102,0.0003520689225847639
2019,E02005604,E07000149,8600,228441,2789,3152,0.8848350253807107,7609.581218274112,male,75-79,210,0.02441860465116279,0.02160643666627317,0.012208841670278102,0.00029812287799516296
2019,E02006258,E07000202,9082,228441,63,4222,0.014921837991473235,135.52013263855991,female,75-79,131,0.01442413565293988,0.00021523461538020192,0.00027578236831391915,3.977922291248999e-06
2019,E02006258,E07000202,9082,228441,63,4222,0.014921837991473235,135.52013263855991,male,75-79,121,0.013323056595463555,0.00019880449206873614,0.00027578236831391915,3.67426410107732e-06
2019,E02003619,E06000055,11815,228441,9,5224,0.0017228177641653904,20.355091883614087,female,75-79,215,0.01819720694033009,3.1350471374994406e-05,3.939748118770273e-05,7.169241181003882e-07
2019,E02003619,E06000055,11815,228441,9,5224,0.0017228177641653904,20.355091883614087,male,75-79,241,0.020397799407532797,3.514169116917978e-05,3.939748118770273e-05,8.036219184288073e-07
2019,E02006261,E07000203,8070,228441,1036,3144,0.32951653944020354,2659.1984732824426,female,75-79,252,0.031226765799256505,0.010289735804080704,0.004535087834495559,0.00014161612568685015
2019,E02006261,E07000203,8070,228441,1036,3144,0.32951653944020354,2659.1984732824426,male,75-79,236,0.029244114002478314,0.009636419245091454,0.004535087834495559,0.00013262462564324063
2019,E02006306,E07000244,7510,228441,473,3378,0.14002368265245707,1051.5778567199527,female,75-79,198,0.02636484687083888,0.0036917029514229693,0.002070556511309266,5.4589905358087174e-05
2019,E02006306,E07000244,7510,228441,473,3378,0.14002368265245707,1051.5778567199527,male,75-79,189,0.025166444740346204,0.003523898271812834,0.002070556511309266,5.2108546023628665e-05
2019,E02006303,E07000244,8152,228441,445,3523,0.12631280158955435,1029.7019585580472,female,75-79,157,0.01925907752698724,0.0024326680384641843,0.001947986569836413,3.751642437000942e-05
2019,E02006303,E07000244,8152,228441,445,3523,0.12631280158955435,1029.7019585580472,male,75-79,139,0.017051030421982336,0.00215376342258931,0.001947986569836413,3.32151782638937e-05
2019,E02006228,E07000200,6121,228441,22,2586,0.008507347254447023,52.07347254447023,female,75-79,135,0.022055219735337365,0.00018763141306164812,9.630495401438446e-05,2.1240269223888097e-06
2019,E02006228,E07000200,6121,228441,22,2586,0.008507347254447023,52.07347254447023,male,75-79,151,0.024669171703969938,0.00020986921016525082,9.630495401438446e-05,2.3757634465237793e-06
2019,E02006266,E07000203,9653,228441,49,4297,0.011403304631138002,110.07609960437514,female,75-79,285,0.029524500155392108,0.0003366768693540175,0.00021449739757749265,6.332928448107885e-06
2019,E02006266,E07000203,9653,228441,49,4297,0.011403304631138002,110.07609960437514,male,75-79,239,0.024759142235574433,0.00028233604131793047,0.00021449739757749265,5.3107715757816996e-06
2019,E02006245,E07000202,7778,228441,49,3627,0.013509787703336091,105.07912875654812,female,75-79,183,0.02352789920287992,0.00031785692333639816,0.00021449739757749265,5.046673149483306e-06
2019,E02006245,E07000202,7778,228441,49,3627,0.013509787703336091,105.07912875654812,male,75-79,143,0.018385188994600156,0.0002483800002027592,0.00021449739757749265,3.943575193312092e-06
2019,E02006289,E07000244,9527,228441,111,3942,0.02815829528158295,268.26407914764076,female,75-79,290,0.030439802666106856,0.0008571329517853528,0.00048590226798166705,1.4790769152375716e-05
2019,E02006289,E07000244,9527,228441,111,3942,0.02815829528158295,268.26407914764076,male,75-79,271,0.028445470767292955,0.000800975965289071,0.00048590226798166705,1.3821718759633858e-05
2019,E02006286,E07000245,11775,228441,11,4724,0.0023285351397121083,27.418501270110074,female,75-79,173,0.014692144373673036,3.421117445182121e-05,4.815247700719223e-05,7.074631441396396e-07
2019,E02006286,E07000245,11775,228441,11,4724,0.0023285351397121083,27.418501270110074,male,75-79,181,0.015371549893842887,3.579319407965109e-05,4.815247700719223e-05,7.401782028281778e-07
2019,E02006280,E07000245,9789,228441,32,4150,0.0077108433734939755,75.48144578313253,female,75-79,303,0.030953110634385536,0.0002386745880241776,0.00014007993311183193,4.33590966726786e-06
2019,E02006280,E07000245,9789,228441,32,4150,0.0077108433734939755,75.48144578313253,male,75-79,210,0.021452650934722647,0.00016541803130388545,0.00014007993311183193,3.005085908007427e-06
2019,E02006290,E07000244,8129,228441,72,3583,0.020094892548144012,163.35138152386267,female,75-79,285,0.03505966293517038,0.000704520159456396,0.00031517984950162184,1.1050099287484588e-05
2019,E02006290,E07000244,8129,228441,72,3583,0.020094892548144012,163.35138152386267,male,75-79,234,0.02878582851519252,0.0005784481309220935,0.00031517984950162184,9.072713099197873e-06
2019,E02006227,E07000200,6270,228441,24,2589,0.009269988412514484,58.12282734646582,female,75-79,217,0.03460925039872408,0.0003208273501619845,0.00010505994983387396,3.6360461106779344e-06
2019,E02006227,E07000200,6270,228441,24,2589,0.009269988412514484,58.12282734646582,male,75-79,179,0.02854864433811802,0.0002646456022073513,0.00010505994983387396,2.999319141987789e-06
2019,E02006249,E07000202,8185,228441,53,3215,0.016485225505443235,134.93157076205287,female,75-79,145,0.0177153329260843,0.00029204125819050326,0.00023200738921647164,4.110088141281416e-06
2019,E02006249,E07000202,8185,228441,53,3215,0.016485225505443235,134.93157076205287,male,75-79,115,0.014050091631032376,0.00023161892890970946,0.00023200738921647164,3.259725077568019e-06
2019,E02006262,E07000203,9118,228441,277,3705,0.0747638326585695,681.6966261808368,female,75-79,231,0.025334503180522043,0.001894104556276547,0.0012125669209992953,3.0719780516652465e-05
2019,E02006262,E07000203,9118,228441,277,3705,0.0747638326585695,681.6966261808368,male,75-79,245,0.026869927615705197,0.002008898771808459,0.0012125669209992953,3.258158539644959e-05
2019,E02006268,E07000203,6407,228441,39,3227,0.012085528354508832,77.43198016733808,female,75-79,170,0.026533479007335728,0.0003206711128869208,0.00017072241848004518,4.529859706821864e-06
2019,E02006268,E07000203,6407,228441,39,3227,0.012085528354508832,77.43198016733808,male,75-79,136,0.02122678320586858,0.0002565368903095366,0.00017072241848004518,3.623887765457491e-06
2019,E02006257,E07000202,6460,228441,45,3015,0.014925373134328358,96.41791044776119,female,75-79,141,0.021826625386996906,0.0003257705281641329,0.00019698740593851365,4.299570315376227e-06
2019,E02006257,E07000202,6460,228441,45,3015,0.014925373134328358,96.41791044776119,male,75-79,123,0.019040247678018575,0.00028418280116445635,0.00019698740593851365,3.750688998519687e-06
2019,E02006265,E07000203,7283,228441,60,2946,0.020366598778004074,148.32993890020367,female,75-79,201,0.027598517094603873,0.0005620879245336838,0.0002626498745846849,7.2487470536209896e-06
2019,E02006265,E07000203,7283,228441,60,2946,0.020366598778004074,148.32993890020367,male,75-79,219,0.030070026088150487,0.0006124241565814763,0.0002626498745846849,7.897888580810929e-06
2019,E02006253,E07000202,6895,228441,47,3085,0.015235008103727715,105.0453808752026,female,75-79,169,0.024510514865844817,0.0003734178926076844,0.00020574240175800316,5.042852196824153e-06
2019,E02006253,E07000202,6895,228441,47,3085,0.015235008103727715,105.0453808752026,male,75-79,180,0.02610587382160986,0.00039772319922711945,0.00020574240175800316,5.371085180049393e-06
2019,E02006263,E07000203,7712,228441,950,2788,0.34074605451936874,2627.8335724533717,female,75-79,207,0.02684128630705394,0.009146062407353387,0.00415862301425751,0.0001116227909687895
2019,E02006263,E07000203,7712,228441,950,2788,0.34074605451936874,2627.8335724533717,male,75-79,268,0.03475103734439834,0.011841278865558975,0.00415862301425751,0.00014451646366973715
2019,E02006247,E07000202,8915,228441,57,3837,0.014855355746677092,132.43549648162627,female,75-79,125,0.014021312394840156,0.00020829158366064346,0.00024951738085545063,3.498561144916582e-06
2019,E02006247,E07000202,8915,228441,57,3837,0.014855355746677092,132.43549648162627,male,75-79,101,0.011329220415030847,0.00016829959959779994,0.00024951738085545063,2.8268374050925983e-06
2019,E02006291,E07000244,7681,228441,68,3090,0.022006472491909384,169.03171521035597,female,75-79,185,0.024085405546152846,0.0005300348146078944,0.0002976698578626429,7.169499245487428e-06
2019,E02006291,E07000244,7681,228441,68,3090,0.022006472491909384,169.03171521035597,male,75-79,212,0.027600572842077856,0.0006073912470101275,0.0002976698578626429,8.215858594828837e-06
2019,E02006301,E07000244,6451,228441,46,3009,0.015287470920571618,98.61947490860751,female,75-79,178,0.027592621299023408,0.0004218213957311654,0.0002013649038482584,5.556185534799256e-06
2019,E02006301,E07000244,6451,228441,46,3009,0.015287470920571618,98.61947490860751,male,75-79,128,0.01984188497907301,0.00030333223962690547,0.0002013649038482584,3.99545926097924e-06
2019,E02006283,E07000245,7626,228441,13,3104,0.004188144329896907,31.938788659793815,female,75-79,195,0.025570416994492525,0.00010709259694858338,5.690747282668173e-05,1.455147810281004e-06
2019,E02006283,E07000245,7626,228441,13,3104,0.004188144329896907,31.938788659793815,male,75-79,156,0.020456333595594022,8.567407755886671e-05,5.690747282668173e-05,1.1641182482248033e-06
2019,E02006272,E07000203,7642,228441,56,3187,0.017571383746470035,134.280514590524,female,75-79,202,0.026432870976184245,0.0004644621194434634,0.0002451398829457059,6.479750897020752e-06
2019,E02006272,E07000203,7642,228441,56,3187,0.017571383746470035,134.280514590524,male,75-79,191,0.02499345721015441,0.0004391696277906015,0.0002451398829457059,6.126893174905761e-06
2019,E02006297,E07000244,8226,228441,45,3235,0.013910355486862442,114.42658423493044,female,75-79,220,0.02674446875759786,0.00037202506772547253,0.00019698740593851365,5.268323523762826e-06
2019,E02006297,E07000244,8226,228441,45,3235,0.013910355486862442,114.42658423493044,male,75-79,170,0.020666180403598345,0.0002874739159696833,0.00019698740593851365,4.0709772683621834e-06
2019,E02006270,E07000203,13467,228441,59,4858,0.01214491560312886,163.55557842733637,female,75-79,167,0.012400683151407143,0.0001506052502949818,0.00025827237667494014,3.2027539099068094e-06
2019,E02006270,E07000203,13467,228441,59,4858,0.01214491560312886,163.55557842733637,male,75-79,163,0.012103660800475235,0.00014699793891067084,0.00025827237667494014,3.1260412414060475e-06
2019,E02006255,E07000202,8208,228441,58,3059,0.01896044458973521,155.6273291925466,female,75-79,89,0.01084307992202729,0.0002055896160436688,0.0002538948787651954,2.753002462244443e-06
2019,E02006255,E07000202,8208,228441,58,3059,0.01896044458973521,155.6273291925466,male,75-79,70,0.008528265107212475,0.00016169969801187433,0.0002538948787651954,2.165282835473157e-06
2019,E02006252,E07000202,9269,228441,37,3710,0.009973045822102426,92.44016172506738,female,75-79,126,0.013593699428201532,0.00013557058728934143,0.00016196742266055567,2.2017364608080717e-06
2019,E02006252,E07000202,9269,228441,37,3710,0.009973045822102426,92.44016172506738,male,75-79,110,0.011867515373826734,0.00011835527461767902,0.00016196742266055567,1.922150878483237e-06
2019,E02006300,E07000244,7781,228441,61,3606,0.01691625069328896,131.62534664448143,female,75-79,175,0.022490682431564067,0.0003804580222754875,0.00026702737249442965,6.0056278353071824e-06
2019,E02006300,E07000244,7781,228441,61,3606,0.01691625069328896,131.62534664448143,male,75-79,154,0.019791800539776378,0.000334803059602429,0.00026702737249442965,5.284952495070321e-06
2019,E02006248,E07000202,8109,228441,44,3404,0.012925969447708578,104.81668625146885,female,75-79,148,0.018251325687507706,0.00023591607821690335,0.00019260990802876893,3.515386162073967e-06
2019,E02006248,E07000202,8109,228441,44,3404,0.012925969447708578,104.81668625146885,male,75-79,147,0.01812800591934887,0.00023432205066138375,0.00019260990802876893,3.4916335528707646e-06
2019,E02006229,E07000200,5937,228441,16,2606,0.0061396776669224865,36.451266308518804,female,75-79,187,0.0314973892538319,0.00019338381736811605,7.003996655591596e-05,2.206076089937053e-06
2019,E02006229,E07000200,5937,228441,16,2606,0.0061396776669224865,36.451266308518804,male,75-79,183,0.030823648307225872,0.0001892472651249478,7.003996655591596e-05,2.1588872965694156e-06
2019,E02006231,E07000200,8619,228441,37,3270,0.011314984709480122,97.52385321100917,female,75-79,179,0.020768070541826198,0.00023499040062616798,0.00016196742266055567,3.3637508592921993e-06
2019,E02006231,E07000200,8619,228441,37,3270,0.011314984709480122,97.52385321100917,male,75-79,145,0.016823297366283792,0.00019035535246253834,0.00016196742266055567,2.7248261150691002e-06
2019,E02006260,E07000202,8746,228441,64,3841,0.016662327518875295,145.72871648008334,female,75-79,116,0.013263206037045507,0.00022099588293957628,0.00028015986622366386,3.71581802903556e-06
2019,E02006260,E07000202,8746,228441,64,3841,0.016662327518875295,145.72871648008334,male,75-79,122,0.013949233935513377,0.00023242670447093367,0.00028015986622366386,3.90801551329602e-06
2019,E02006254,E07000202,9499,228441,71,4098,0.017325524646168863,164.57515861395802,female,75-79,125,0.013159279924202547,0.00022799142865260636,0.00031080235159187714,4.08993514569793e-06
2019,E02006254,E07000202,9499,228441,71,4098,0.017325524646168863,164.57515861395802,male,75-79,111,0.011685440572691863,0.00020245638864351445,0.00031080235159187714,3.6318624093797624e-06
2019,E02006299,E07000244,8381,228441,52,3938,0.013204672422549517,110.6683595733875,female,75-79,357,0.04259634888438134,0.0005624708334148881,0.0002276298913067269,9.696202266615142e-06
2019,E02006299,E07000244,8381,228441,52,3938,0.013204672422549517,110.6683595733875,male,75-79,304,0.03627252117885694,0.0004789667601067955,0.0002276298913067269,8.256710053364154e-06
2019,E02006298,E07000244,9290,228441,58,3706,0.015650296815974095,145.39125742039934,female,75-79,201,0.02163616792249731,0.00033861244994734047,0.0002538948787651954,5.493312231625864e-06
2019,E02006298,E07000244,9290,228441,58,3706,0.015650296815974095,145.39125742039934,male,75-79,194,0.020882669537136706,0.0003268199765660898,0.0002538948787651954,5.3020028504249625e-06
2019,E02006234,E07000200,9751,228441,20,3978,0.005027652086475616,49.024635495223734,female,75-79,221,0.02266434211875705,0.00011394842694196608,8.754995819489497e-05,1.984262205011977e-06
2019,E02006234,E07000200,9751,228441,20,3978,0.005027652086475616,49.024635495223734,male,75-79,179,0.018357091580350732,9.229306978557432e-05,8.754995819489497e-05,1.607162600439565e-06
2019,E02006236,E07000200,10362,228441,53,3957,0.013393985342431134,138.7884761182714,female,75-79,273,0.026346265199768383,0.0003528814899135012,0.00023200738921647164,6.112528204603045e-06
2019,E02006236,E07000200,10362,228441,53,3957,0.013393985342431134,138.7884761182714,male,75-79,315,0.03039953676896352,0.0004071709499001937,0.00023200738921647164,7.05291715915736e-06
2019,E02006259,E07000202,7100,228441,51,3158,0.016149461684610514,114.66117796073465,female,75-79,124,0.017464788732394366,0.00028204693646362023,0.00022325239339698215,3.899055884679688e-06
2019,E02006259,E07000202,7100,228441,51,3158,0.016149461684610514,114.66117796073465,male,75-79,132,0.018591549295774647,0.00030024351300966026,0.00022325239339698215,4.150607877239668e-06
2019,E02006239,E07000245,7719,228441,32,2380,0.013445378151260505,103.78487394957983,female,75-79,113,0.01463920196916699,0.00019682960630812763,0.00014007993311183193,2.0506584326515103e-06
2019,E02006239,E07000245,7719,228441,32,2380,0.013445378151260505,103.78487394957983,male,75-79,118,0.015286954268687654,0.0002055388809235315,0.00014007993311183193,2.1413955314414002e-06
2019,E02006826,E07000245,9804,228441,18,3898,0.004617752693689072,45.27244740892766,female,75-79,200,0.02039983680130559,9.420140134004634e-05,7.879496237540546e-05,1.6074043732232854e-06
2019,E02006826,E07000245,9804,228441,18,3898,0.004617752693689072,45.27244740892766,male,75-79,146,0.014891880864953081,6.876702297823383e-05,7.879496237540546e-05,1.1734051924529986e-06
2019,E02003744,E07000010,14355,228441,239,6893,0.034672856521108374,497.7288553605107,female,75-79,281,0.0195750609543713,0.0006787232798628668,0.0010462220004289948,2.047985943020185e-05
2019,E02003744,E07000010,14355,228441,239,6893,0.034672856521108374,497.7288553605107,male,75-79,244,0.01699756182514803,0.0005893540223720267,0.0010462220004289948,1.778322313512189e-05
2019,E02005517,E07000143,6533,228441,306,2500,0.1224,799.6392,female,75-79,78,0.01193938466248278,0.001461380682687892,0.001339514360381893,1.5992977209519e-05
2019,E02005517,E07000143,6533,228441,306,2500,0.1224,799.6392,male,75-79,71,0.010867901423542017,0.0013302311342415429,0.001339514360381893,1.4557710024049348e-05
2019,E02005519,E07000143,8913,228441,424,3683,0.11512354059190877,1026.096117295683,female,75-79,138,0.015483002356109055,0.0017824580502281398,0.001856059113731773,2.8737367630986728e-05
2019,E02005519,E07000143,8913,228441,424,3683,0.11512354059190877,1026.096117295683,male,75-79,93,0.010434197239986537,0.0012012217295015726,0.001856059113731773,1.9366486881751923e-05
2019,E02006269,E07000203,7508,228441,35,2973,0.011772620248906828,88.38883282879247,female,75-79,161,0.02144379328716036,0.00025244963506579636,0.0001532124268410662,3.285455610204003e-06
2019,E02006269,E07000203,7508,228441,35,2973,0.011772620248906828,88.38883282879247,male,75-79,156,0.02077783697389451,0.0002446095842873555,0.0001532124268410662,3.1834228272784127e-06
2019,E02006242,E07000245,9994,228441,28,3639,0.007694421544380325,76.89804891453696,female,75-79,104,0.010406243746247748,8.007002607720169e-05,0.00012256994147285294,1.2754926869298284e-06
2019,E02006242,E07000245,9994,228441,28,3639,0.007694421544380325,76.89804891453696,male,75-79,106,0.010606363818290974,8.160983427099403e-05,0.00012256994147285294,1.3000213924477096e-06
2019,E02005512,E07000143,9450,228441,2888,3385,0.8531757754800591,8062.511078286559,female,75-79,174,0.018412698412698412,0.01570926824693442,0.012642213963342832,0.00023277727297583626
2019,E02005512,E07000143,9450,228441,2888,3385,0.8531757754800591,8062.511078286559,male,75-79,190,0.020105820105820106,0.017153798660445634,0.012642213963342832,0.000254182079686258
2019,E02006264,E07000203,8672,228441,29,3559,0.00814835627985389,70.66254565889294,female,75-79,221,0.02548431734317343,0.00020765529726103664,0.0001269474393825977,3.235168831129392e-06
2019,E02006264,E07000203,8672,228441,29,3559,0.00814835627985389,70.66254565889294,male,75-79,184,0.021217712177121772,0.00017288947826258255,0.0001269474393825977,2.693534230442571e-06
2019,E02006282,E07000245,6368,228441,17,2675,0.006355140186915888,40.469532710280376,female,75-79,215,0.03376256281407035,0.00021456581975297042,7.441746446566072e-05,2.5125243184857183e-06
2019,E02006282,E07000245,6368,228441,17,2675,0.006355140186915888,40.469532710280376,male,75-79,186,0.02920854271356784,0.00018562438360024422,7.441746446566072e-05,2.173625689480668e-06
2019,E02006284,E07000245,7933,228441,10,3332,0.003001200480192077,23.808523409363747,female,75-79,151,0.019034413210639103,5.712609006794449e-05,4.3774979097447484e-05,8.33231040427905e-07
2019,E02006284,E07000245,7933,228441,10,3332,0.003001200480192077,23.808523409363747,male,75-79,143,0.01802596747762511,5.4099542249775245e-05,4.3774979097447484e-05,7.890863495443073e-07
2019,E02005511,E07000143,8248,228441,2831,3289,0.8607479477044695,7099.449072666464,female,75-79,264,0.03200775945683802,0.027550613263091654,0.012392696582487381,0.00039666245123383474
2019,E02005511,E07000143,8248,228441,2831,3289,0.8607479477044695,7099.449072666464,male,75-79,223,0.0270368574199806,0.02327191953662666,0.012392696582487381,0.00033505957054979216
2019,E02006240,E07000245,10485,228441,46,3221,0.014281279105867743,149.73921142502329,female,75-79,131,0.012494039103481163,0.00017843085959644007,0.0002013649038482584,2.5158609827488653e-06
2019,E02006240,E07000245,10485,228441,46,3221,0.014281279105867743,149.73921142502329,male,75-79,116,0.01106342393896042,0.00015799984513883243,0.0002013649038482584,2.2277852977012853e-06
2019,E02006243,E07000245,8966,228441,13,3683,0.0035297311973934292,31.647569915829486,female,75-79,147,0.016395271023867945,5.78708996226672e-05,5.690747282668173e-05,9.330134402768474e-07
2019,E02006243,E07000245,8966,228441,13,3683,0.0035297311973934292,31.647569915829486,male,75-79,131,0.014610751728753067,5.1572026194349675e-05,5.690747282668173e-05,8.314609569814082e-07
2019,E02006246,E07000202,7040,228441,60,3135,0.019138755980861243,134.73684210526315,female,75-79,146,0.020738636363636365,0.00039691170073945193,0.0002626498745846849,5.447000239966477e-06
2019,E02006246,E07000202,7040,228441,60,3135,0.019138755980861243,134.73684210526315,male,75-79,146,0.020738636363636365,0.00039691170073945193,0.0002626498745846849,5.447000239966477e-06
2019,E02003752,E07000010,11152,228441,8,4643,0.0017230239069567091,19.21516261038122,female,75-79,231,0.02071377331420373,3.5690326623654933e-05,3.501998327795798e-05,7.25395995086827e-07
2019,E02003752,E07000010,11152,228441,8,4643,0.0017230239069567091,19.21516261038122,male,75-79,209,0.01874103299856528,3.2291247897592556e-05,3.501998327795798e-05,6.563106622214148e-07
2019,E02005564,E07000146,9930,228441,366,4997,0.0732439463678207,727.3123874324594,female,75-79,234,0.023564954682779457,0.0017259902769456237,0.0016021642349665778,3.775492759135742e-05
2019,E02005564,E07000146,9930,228441,366,4997,0.0732439463678207,727.3123874324594,male,75-79,251,0.02527693856998993,0.0018513827329630407,0.0016021642349665778,4.04978069462851e-05
2019,E02003780,E07000012,12091,228441,8,3877,0.0020634511220015478,24.949187516120713,female,75-79,164,0.013563807790918866,2.7988254404784867e-05,3.501998327795798e-05,4.7500432202341486e-07
2019,E02003780,E07000012,12091,228441,8,3877,0.0020634511220015478,24.949187516120713,male,75-79,152,0.012571334050119924,2.5940333350776218e-05,3.501998327795798e-05,4.402479082168235e-07
2019,E02003249,E06000031,12090,228441,11,4349,0.0025293170843872156,30.579443550241436,female,75-79,152,0.012572373862696443,3.17995200022214e-05,4.815247700719223e-05,6.05390943349315e-07
2019,E02003249,E06000031,12090,228441,11,4349,0.0025293170843872156,30.579443550241436,male,75-79,139,0.011497105045492142,2.907982421255773e-05,4.815247700719223e-05,5.536140863523342e-07
2019,E02003745,E07000010,10314,228441,155,4975,0.031155778894472363,321.34070351758794,female,75-79,224,0.021718053131665697,0.0006766428613885795,0.000678512176010436,1.4735963489076756e-05
2019,E02003745,E07000010,10314,228441,155,4975,0.031155778894472363,321.34070351758794,male,75-79,240,0.02326934264107039,0.0007249744943449067,0.000678512176010436,1.5788532309725096e-05
2019,E02003737,E07000009,13972,228441,10,4946,0.0020218358269308533,28.24909017387788,female,75-79,215,0.01538791869453192,3.111184531850368e-05,4.3774979097447484e-05,6.736058192063562e-07
2019,E02003737,E07000009,13972,228441,10,4946,0.0020218358269308533,28.24909017387788,male,75-79,208,0.014886916690523905,3.009890151743612e-05,4.3774979097447484e-05,6.51674466953126e-07
2019,E02005589,E07000148,11841,228441,3910,4159,0.9401298389035826,11132.077422457322,female,75-79,138,0.011654421079300734,0.010956669011797517,0.017116016827101965,0.0001994772673034432
2019,E02005589,E07000148,11841,228441,3910,4159,0.9401298389035826,11132.077422457322,male,75-79,114,0.009627565239422346,0.009051161357571861,0.017116016827101965,0.00016478556864197482
2019,E02005540,E07000145,8995,228441,667,4468,0.14928379588182633,1342.807743957028,female,75-79,329,0.036575875486381325,0.005460185530308045,0.002919791105799747,0.0001067939159319752
2019,E02005540,E07000145,8995,228441,667,4468,0.14928379588182633,1342.807743957028,male,75-79,302,0.03357420789327404,0.005012085198033524,0.002919791105799747,9.802967359105321e-05
2019,E02005548,E07000145,7498,228441,499,3604,0.13845726970033295,1038.1526082130965,female,75-79,162,0.02160576153640971,0.002991474752127759,0.0021843714569626293,4.719500880607441e-05
2019,E02005548,E07000145,7498,228441,499,3604,0.13845726970033295,1038.1526082130965,male,75-79,150,0.020005334755934915,0.002769884029747925,0.0021843714569626293,4.369908222784667e-05
2019,E02005507,E07000143,11864,228441,4009,4418,0.9074241738343142,10765.680398370303,female,75-79,313,0.02638233310856372,0.023939966824860107,0.017549389120166695,0.00046299382962004175
2019,E02005507,E07000143,11864,228441,4009,4418,0.9074241738343142,10765.680398370303,male,75-79,270,0.022757923128792986,0.020651089593329806,0.017549389120166695,0.0003993876485540296
2019,E02005547,E07000145,8812,228441,520,3960,0.13131313131313133,1157.1313131313132,female,75-79,203,0.02303676804357694,0.003025030147136366,0.002276298913067269,5.243857005817698e-05
2019,E02005547,E07000145,8812,228441,520,3960,0.13131313131313133,1157.1313131313132,male,75-79,191,0.021674988651838402,0.0028462106310494875,0.002276298913067269,4.9338753108925145e-05
2019,E02005561,E07000146,11213,228441,311,5394,0.05765665554319614,646.5040786058584,female,75-79,190,0.016944617854276287,0.0009769699949350992,0.0013614018499306167,2.3068434093179093e-05
2019,E02005561,E07000146,11213,228441,311,5394,0.05765665554319614,646.5040786058584,male,75-79,158,0.014090787478819228,0.0008124276799986614,0.0013614018499306167,1.9183224140643667e-05
2019,E02005504,E07000143,9110,228441,1501,4011,0.3742208925454999,3409.152331089504,female,75-79,266,0.029198682766191,0.010926757125916902,0.006570624362526867,0.00019185357633722794
2019,E02005504,E07000143,9110,228441,1501,4011,0.3742208925454999,3409.152331089504,male,75-79,266,0.029198682766191,0.010926757125916902,0.006570624362526867,0.00019185357633722794
2019,E02005569,E07000146,8228,228441,242,3732,0.06484458735262594,533.5412647374062,female,75-79,150,0.018230432668935342,0.0011821448836769435,0.001059354494158229,1.9312490778285654e-05
2019,E02005569,E07000146,8228,228441,242,3732,0.06484458735262594,533.5412647374062,male,75-79,176,0.0213903743315508,0.0013870499968476136,0.001059354494158229,2.2659989179855168e-05
2019,E02005466,E07000140,6685,228441,69,3343,0.020640143583607537,137.97935985641638,female,75-79,203,0.030366492146596858,0.0006267687580362498,0.00030204735577238763,9.172118656962556e-06
2019,E02005466,E07000140,6685,228441,69,3343,0.020640143583607537,137.97935985641638,male,75-79,181,0.027075542258788332,0.0005588430798254248,0.00030204735577238763,8.178095945370555e-06
2019,E02005578,E07000147,5843,228441,1169,2736,0.427266081871345,2496.515716374269,female,75-79,139,0.02378914940954989,0.010164296659270402,0.005117295056491611,0.00012173609667162997
2019,E02005578,E07000147,5843,228441,1169,2736,0.427266081871345,2496.515716374269,male,75-79,145,0.024816019168235497,0.010603043277656175,0.005117295056491611,0.00012699089221141255
2019,E02005580,E07000147,7937,228441,1847,3887,0.47517365577566245,3771.453305891433,female,75-79,263,0.03313594557137457,0.01574532839473343,0.00808523863929855,0.00026791202748337135
2019,E02005580,E07000147,7937,228441,1847,3887,0.47517365577566245,3771.453305891433,male,75-79,222,0.0279702658435177,0.013290733473881449,0.00808523863929855,0.00022614627414946177
2019,E02005474,E07000140,6793,228441,38,3085,0.012317666126418152,83.6739059967585,female,75-79,188,0.027675548358604446,0.00034089816454682946,0.00016634492057030043,4.6036868934515646e-06
2019,E02005474,E07000140,6793,228441,38,3085,0.012317666126418152,83.6739059967585,male,75-79,209,0.030766965994406006,0.00037897721484195403,0.00016634492057030043,5.1179285145286015e-06
2019,E02005510,E07000143,7023,228441,1986,3118,0.6369467607440668,4473.277100705581,female,75-79,209,0.029759362095970382,0.018955129288838097,0.00869371084875307,0.0002587192891057086
2019,E02005510,E07000143,7023,228441,1986,3118,0.6369467607440668,4473.277100705581,male,75-79,203,0.02890502634201908,0.018410962897770975,0.00869371084875307,0.00025129194109310454
2019,E02005514,E07000143,6903,228441,367,3099,0.11842529848338174,817.4898354307841,female,75-79,146,0.021150224540055048,0.0025047216541465643,0.0016065417328763225,3.397871838330336e-05
2019,E02005514,E07000143,6903,228441,367,3099,0.11842529848338174,817.4898354307841,male,75-79,186,0.026944806605823556,0.0031909467648716505,0.0016065417328763225,4.328795629653716e-05
2019,E02005506,E07000143,6943,228441,1780,2867,0.6208580397628183,4310.617370073247,female,75-79,182,0.026213452398098806,0.01627483267129957,0.007791946279345652,0.00020425381288217035
2019,E02005506,E07000143,6943,228441,1780,2867,0.6208580397628183,4310.617370073247,male,75-79,209,0.03010226127034423,0.018689230924734124,0.007791946279345652,0.00023455520270534945
2019,E02005571,E07000147,5990,228441,1519,2515,0.6039761431411531,3617.8170974155073,female,75-79,200,0.0333889816360601,0.020166148351958367,0.006649419324902273,0.00022201733972962513
2019,E02005571,E07000147,5990,228441,1519,2515,0.6039761431411531,3617.8170974155073,male,75-79,207,0.034557595993322206,0.020871963544276912,0.006649419324902273,0.00022978794662016202
2019,E02003742,E07000010,6664,228441,124,3558,0.03485103991006183,232.24732996065205,female,75-79,204,0.030612244897959183,0.0010668685686753621,0.0005428097408083488,1.6616624718622924e-05
2019,E02003742,E07000010,6664,228441,124,3558,0.03485103991006183,232.24732996065205,male,75-79,198,0.02971188475390156,0.001035490081361381,0.0005428097408083488,1.6127900462192837e-05
2019,E02005472,E07000140,9869,228441,192,5695,0.033713784021071114,332.7213345039508,female,75-79,320,0.032424764413821056,0.0010931615043816756,0.0008404795986709917,2.7252352981529774e-05
2019,E02005472,E07000140,9869,228441,192,5695,0.033713784021071114,332.7213345039508,male,75-79,269,0.027257067585368326,0.0009189388896208461,0.0008404795986709917,2.2909009225098465e-05
2019,E02005552,E07000146,6790,228441,471,3075,0.15317073170731707,1040.029268292683,female,75-79,261,0.038438880706921946,0.005887711483889508,0.0020618015154897766,7.92533424952624e-05
2019,E02005552,E07000146,6790,228441,471,3075,0.15317073170731707,1040.029268292683,male,75-79,227,0.033431516936671575,0.005120729911275548,0.0020618015154897766,6.892915228515159e-05
2019,E02005563,E07000146,7551,228441,209,4033,0.05182246466650137,391.3114306967518,female,75-79,206,0.02728115481393193,0.0014137766814063411,0.0009148970631366524,2.495944841824267e-05
2019,E02005563,E07000146,7551,228441,209,4033,0.05182246466650137,391.3114306967518,male,75-79,177,0.023440603893524037,0.0012147498670336038,0.0009148970631366524,2.144573966033472e-05
2019,E02005509,E07000143,8278,228441,645,4465,0.1444568868980963,1195.8141097424411,female,75-79,292,0.03527422082628654,0.005095604128321348,0.0028234861517853625,9.959627401803888e-05
2019,E02005509,E07000143,8278,228441,645,4465,0.1444568868980963,1195.8141097424411,male,75-79,273,0.032978980430055566,0.004764040845999068,0.0028234861517853625,9.311569454426237e-05
2019,E02005566,E07000146,9847,228441,243,4936,0.04923014586709887,484.76924635332256,female,75-79,256,0.025997765817000102,0.0012798738033895918,0.0010637319920679738,2.7654655221834193e-05
2019,E02005566,E07000146,9847,228441,243,4936,0.04923014586709887,484.76924635332256,male,75-79,227,0.02305270640804306,0.0011348880990993647,0.0010637319920679738,2.452190130998579e-05
2019,E02005568,E07000146,7423,228441,251,3603,0.06966416874826534,517.1171246183736,female,75-79,208,0.028021015761821366,0.0019520607705293264,0.0010987519753459319,3.078814641950072e-05
2019,E02005568,E07000146,7423,228441,251,3603,0.06966416874826534,517.1171246183736,male,75-79,219,0.029502896403071535,0.0020552947535861657,0.0010987519753459319,3.2416365701301235e-05
2019,E02005560,E07000146,9204,228441,229,4415,0.05186862967157418,477.39886749716874,female,75-79,148,0.016079965232507605,0.0008340457617767251,0.0010024470213315473,1.6119313250442088e-05
2019,E02005560,E07000146,9204,228441,229,4415,0.05186862967157418,477.39886749716874,male,75-79,114,0.012385919165580182,0.0006424406543415315,0.0010024470213315473,1.2416227773989177e-05
2019,E02005559,E07000146,7266,228441,191,3715,0.05141318977119785,373.56823687752353,female,75-79,135,0.018579686209744012,0.0009552409329908765,0.0008361021007612469,1.553451467145174e-05
2019,E02005559,E07000146,7266,228441,191,3715,0.05141318977119785,373.56823687752353,male,75-79,116,0.015964767409854114,0.0008207996164958642,0.0008361021007612469,1.3348175569543716e-05
2019,E02003743,E07000010,11376,228441,180,5507,0.032685672780098055,371.83221354639545,female,75-79,185,0.016262306610407878,0.0005315444325174174,0.0007879496237540546,1.2813878375043962e-05
2019,E02003743,E07000010,11376,228441,180,5507,0.032685672780098055,371.83221354639545,male,75-79,151,0.013273558368495078,0.0004338551854601623,0.0007879496237540546,1.045889532233318e-05
2019,E02005567,E07000146,11005,228441,321,5784,0.05549792531120332,610.7546680497925,female,75-79,373,0.03389368468877783,0.0018810291813792673,0.001405176829028064,4.7626620375053874e-05
2019,E02005567,E07000146,11005,228441,321,5784,0.05549792531120332,610.7546680497925,male,75-79,325,0.029532030895047707,0.0016389664449015064,0.001405176829028064,4.149772552786196e-05
2019,E02005551,E07000146,5246,228441,187,2808,0.06659544159544159,349.3596866096866,female,75-79,222,0.0423179565383149,0.0028181830030857857,0.0008185921091222679,3.464114529644366e-05
2019,E02005551,E07000146,5246,228441,187,2808,0.06659544159544159,349.3596866096866,male,75-79,193,0.03678993518871521,0.0024500419801601653,0.0008185921091222679,3.011595064060193e-05
2019,E02005556,E07000146,7408,228441,229,3960,0.057828282828282826,428.39191919191916,female,75-79,157,0.02119330453563715,0.0012255724087527542,0.0010024470213315473,2.124516500392183e-05
2019,E02005556,E07000146,7408,228441,229,3960,0.057828282828282826,428.39191919191916,male,75-79,127,0.017143628509719223,0.0009913865981630561,0.0010024470213315473,1.7185579334382627e-05
2019,E02005553,E07000146,8632,228441,372,4706,0.07904802379940501,682.342541436464,female,75-79,387,0.04483317886932345,0.0035439741902652615,0.0016284292224250463,7.30076586050154e-05
2019,E02005553,E07000146,8632,228441,372,4706,0.07904802379940501,682.342541436464,male,75-79,326,0.03776645041705283,0.002985363271386241,0.0016284292224250463,6.14999914863954e-05
2019,E02005565,E07000146,6996,228441,217,3487,0.062231144250071695,435.36908517350156,female,75-79,170,0.024299599771297885,0.0015121918985866478,0.0009499170464146103,2.3082604043808428e-05
2019,E02005565,E07000146,6996,228441,217,3487,0.062231144250071695,435.36908517350156,male,75-79,171,0.02444253859348199,0.0015210871450489223,0.0009499170464146103,2.3218384067595534e-05
2019,E02005558,E07000146,7087,228441,210,3328,0.06310096153846154,447.1965144230769,female,75-79,208,0.029349513193170595,0.0018519825031748272,0.0009192745610463971,2.698026085757734e-05
2019,E02005558,E07000146,7087,228441,210,3328,0.06310096153846154,447.1965144230769,male,75-79,168,0.02370537604063779,0.0014958320217950526,0.0009192745610463971,2.1791749154197084e-05
2019,E02005555,E07000146,6847,228441,224,3227,0.06941431670281996,475.27982646420827,female,75-79,210,0.03067036658390536,0.002128962539446793,0.0009805595317828235,3.0074120297121796e-05
2019,E02005555,E07000146,6847,228441,224,3227,0.06941431670281996,475.27982646420827,male,75-79,192,0.028041478019570614,0.0019464800360656392,0.0009805595317828235,2.74963385573685e-05
2019,E02005554,E07000146,6905,228441,253,3601,0.07025826159400167,485.13329630658154,female,75-79,303,0.04388124547429399,0.0030830200236035494,0.0011075069711654214,4.859878526620169e-05
2019,E02005554,E07000146,6905,228441,253,3601,0.07025826159400167,485.13329630658154,male,75-79,237,0.03432295438088342,0.0024114711075710928,0.0011075069711654214,3.8012911247821125e-05
2019,E02005557,E07000146,6655,228441,163,3372,0.04833926453143535,321.6978054567022,female,75-79,87,0.013072877535687453,0.0006319332853846544,0.0007135321592883939,9.327918536151807e-06
2019,E02005557,E07000146,6655,228441,163,3372,0.04833926453143535,321.6978054567022,male,75-79,84,0.012622088655146507,0.000610142482440356,0.0007135321592883939,9.006266172836227e-06
2019,E02005562,E07000146,7150,228441,311,3610,0.08614958448753463,615.9695290858725,female,75-79,200,0.027972027972027972,0.0024097785870639057,0.0013614018499306167,3.808117062742984e-05
2019,E02005562,E07000146,7150,228441,311,3610,0.08614958448753463,615.9695290858725,male,75-79,211,0.02951048951048951,0.00254231640935242,0.0013614018499306167,4.017563501193848e-05
2019,E02005573,E07000147,5874,228441,2012,2264,0.8886925795053003,5220.180212014134,female,75-79,289,0.049199863806605376,0.043723553877601594,0.008807525794406433,0.00043332906955796034
2019,E02005573,E07000147,5874,228441,2012,2264,0.8886925795053003,5220.180212014134,male,75-79,214,0.03643173306094655,0.03237661082978112,0.008807525794406433,0.00032087342866921634
2019,E02005577,E07000147,6084,228441,1798,2279,0.78894251864853,4799.926283457657,female,75-79,160,0.026298487836949377,0.020747995230730575,0.007870741241721057,0.00020698859281317704
2019,E02005577,E07000147,6084,228441,1798,2279,0.78894251864853,4799.926283457657,male,75-79,147,0.024161735700197237,0.019062220618233712,0.007870741241721057,0.00019017076964710639
2019,E02005467,E07000140,7563,228441,18,3426,0.005253940455341506,39.73555166374781,female,75-79,200,0.02644453259288642,0.000138937999612363,7.879496237540546e-05,2.083695950691669e-06
2019,E02005467,E07000140,7563,228441,18,3426,0.005253940455341506,39.73555166374781,male,75-79,167,0.02208118471506016,0.00011601322967632309,7.879496237540546e-05,1.7398861188275435e-06
2019,E02005505,E07000143,7600,228441,2690,2978,0.9032907991940899,6865.010073875083,female,75-79,173,0.022763157894736843,0.0205617510869181,0.011775469377213372,0.0002680468687181465
2019,E02005505,E07000143,7600,228441,2690,2978,0.9032907991940899,6865.010073875083,male,75-79,193,0.02539473684210526,0.022938832137428863,0.011775469377213372,0.0002990349460266027
2019,E02003732,E07000009,9888,228441,29,3720,0.0077956989247311825,77.08387096774193,female,75-79,170,0.017192556634304208,0.00013402799526742527,0.0001269474393825977,2.182551041165211e-06
2019,E02003732,E07000009,9888,228441,29,3720,0.0077956989247311825,77.08387096774193,male,75-79,147,0.014866504854368932,0.00011589479590771479,0.0001269474393825977,1.8872647238310943e-06
2019,E02005503,E07000143,7420,228441,2545,2884,0.8824549237170597,6547.815533980583,female,75-79,192,0.02587601078167116,0.022834413120441436,0.011140732180300384,0.0002882777060131636
2019,E02005503,E07000143,7420,228441,2545,2884,0.8824549237170597,6547.815533980583,male,75-79,173,0.023315363881401617,0.020574757655397753,0.011140732180300384,0.00025975022468894426
2019,E02005609,E07000149,7526,228441,2582,2965,0.8708263069139967,6553.838785834739,female,75-79,195,0.025910178049428648,0.02256326466226805,0.01130269960296094,0.00029285495915192444
2019,E02005609,E07000149,7526,228441,2582,2965,0.8708263069139967,6553.838785834739,male,75-79,219,0.02909912304012756,0.025340281851470272,0.01130269960296094,0.00032889864643216127
2019,E02005610,E07000149,8162,228441,2505,3035,0.8253706754530478,6736.675453047776,female,75-79,182,0.022298456260720412,0.018404491905471047,0.010965632263910594,0.0002445166714079549
2019,E02005610,E07000149,8162,228441,2505,3035,0.8253706754530478,6736.675453047776,male,75-79,217,0.026586620926243566,0.021943817271907785,0.010965632263910594,0.00029153910821717703
2019,E02005532,E07000144,8282,228441,2878,3062,0.9399085564990203,7784.322664924886,female,75-79,229,0.027650326008210577,0.02598877800510452,0.012598438984245385,0.00034835094510893424
2019,E02005532,E07000144,8282,228441,2878,3062,0.9399085564990203,7784.322664924886,male,75-79,204,0.02463173146582951,0.023151575166119313,0.012598438984245385,0.00031032136594857023
2019,E02005605,E07000149,10777,228441,3610,3878,0.9308922124806601,10032.225373904073,female,75-79,262,0.024311032754941078,0.022630951068936898,0.01580276745417854,0.0003841815971972513
2019,E02005605,E07000149,10777,228441,3610,3878,0.9308922124806601,10032.225373904073,male,75-79,264,0.024496613157650553,0.022803706420608173,0.01580276745417854,0.00038711428114532196
2019,E02005515,E07000143,6424,228441,2077,2285,0.9089715536105033,5839.233260393873,female,75-79,148,0.02303860523038605,0.020941436789283077,0.009092063158539842,0.00020946845383933632
2019,E02005515,E07000143,6424,228441,2077,2285,0.9089715536105033,5839.233260393873,male,75-79,135,0.02101494396014944,0.0191019862604947,0.009092063158539842,0.0001910691977588541
2019,E02005592,E07000148,9394,228441,2364,2555,0.9252446183953034,8691.74794520548,female,75-79,98,0.010432190760059613,0.009652328358818367,0.010348405058636585,0.00010795653563406275
2019,E02005592,E07000148,9394,228441,2364,2555,0.9252446183953034,8691.74794520548,male,75-79,84,0.00894187779433681,0.0082734243075586,0.010348405058636585,9.25341734006252e-05
2019,E02006273,E07000245,6726,228441,75,2935,0.02555366269165247,171.8739352640545,female,75-79,205,0.03047873922093369,0.0007788434213185781,0.0003283123432308561,1.0006546292346938e-05
2019,E02006273,E07000245,6726,228441,75,2935,0.02555366269165247,171.8739352640545,male,75-79,172,0.025572405590246802,0.0006534686266672947,0.0003283123432308561,8.395736401383772e-06
2019,E02005596,E07000148,9370,228441,3497,3688,0.9482104121475055,8884.731561822126,female,75-79,166,0.017716115261472785,0.016798604953733823,0.015308110190377384,0.0002712002445680518
2019,E02005596,E07000148,9370,228441,3497,3688,0.9482104121475055,8884.731561822126,male,75-79,146,0.015581643543223053,0.014774676646055048,0.015308110190377384,0.00023852551630684077
2019,E02005524,E07000144,5487,228441,1872,2021,0.9262741217219198,5082.466105888174,female,75-79,163,0.029706579187169672,0.02751643554595825,0.008194676087042168,0.0002434357940929239
2019,E02005524,E07000144,5487,228441,1872,2021,0.9262741217219198,5082.466105888174,male,75-79,152,0.027701840714415893,0.0256594981778261,0.008194676087042168,0.00022700761166947504
2019,E02005534,E07000144,7281,228441,2498,2697,0.9262143121987393,6743.766407119021,female,75-79,195,0.026782035434693038,0.024805904529426475,0.01093498977854238,0.00029286128372692824
2019,E02005534,E07000144,7281,228441,2498,2697,0.9262143121987393,6743.766407119021,male,75-79,163,0.02238703474797418,0.020735191991264182,0.01093498977854238,0.00024480199614097077
2019,E02005585,E07000148,11017,228441,3685,3934,0.9367056431113371,10319.6860701576,female,75-79,155,0.014069165834619224,0.013178667031157052,0.016131079797409395,0.00022695083676122865
2019,E02005585,E07000148,11017,228441,3685,3934,0.9367056431113371,10319.6860701576,male,75-79,127,0.011527639103204139,0.01079800459972223,0.016131079797409395,0.00018595326624952285
2019,E02005527,E07000144,8922,228441,2984,3250,0.9181538461538462,8191.768615384616,female,75-79,199,0.022304416050212956,0.020478885382718606,0.013062453762678328,0.00029135040335944714
2019,E02005527,E07000144,8922,228441,2984,3250,0.9181538461538462,8191.768615384616,male,75-79,208,0.0233131584846447,0.021405066128670703,0.013062453762678328,0.00030452705476766335
2019,E02005584,E07000148,10955,228441,3703,3961,0.9348649330977026,10241.445342085332,female,75-79,155,0.014148790506617983,0.01322720809038283,0.016209874759784804,0.0002293501221147097
2019,E02005584,E07000148,10955,228441,3703,3961,0.9348649330977026,10241.445342085332,male,75-79,148,0.013509812870835235,0.012629850305655863,0.016209874759784804,0.00021899237466436796
2019,E02005590,E07000148,11086,228441,3673,3972,0.92472306143001,10251.479859013092,female,75-79,176,0.01587587948764207,0.014680791882706276,0.01607854982249246,0.0002552611193179391
2019,E02005590,E07000148,11086,228441,3673,3972,0.92472306143001,10251.479859013092,male,75-79,156,0.01407180227313729,0.01301252007785329,0.01607854982249246,0.0002262541739409006
2019,E02005607,E07000149,11561,228441,3943,4219,0.9345816544204788,10804.698506755156,female,75-79,249,0.02153792924487501,0.020128953546466502,0.01726047425812354,0.0003717548733044513
2019,E02005607,E07000149,11561,228441,3943,4219,0.9345816544204788,10804.698506755156,male,75-79,234,0.020240463627713867,0.01891636598342635,0.01726047425812354,0.00034936000141864103
2019,E02005601,E07000149,5673,228441,2051,2209,0.9284744228157538,5267.235400633771,female,75-79,181,0.03190551736294729,0.029623456818200496,0.008978248212886479,0.0002864556542451
2019,E02005601,E07000149,5673,228441,2051,2209,0.9284744228157538,5267.235400633771,male,75-79,148,0.026088489335448616,0.024222495077865603,0.008978248212886479,0.0002342289327528995
2019,E02005516,E07000143,6908,228441,1676,2829,0.592435489572287,4092.5443619653583,female,75-79,175,0.0253329473074696,0.015008137040409701,0.007336686496732198,0.0001858598924331405
2019,E02005516,E07000143,6908,228441,1676,2829,0.592435489572287,4092.5443619653583,male,75-79,177,0.025622466705269253,0.015179658606585813,0.007336686496732198,0.00018798400548951927
2019,E02005465,E07000140,8563,228441,11,3284,0.0033495736906211937,28.68239951278928,female,75-79,238,0.02779399743080696,9.309804255142405e-05,4.815247700719223e-05,1.3383498222248922e-06
2019,E02005465,E07000140,8563,228441,11,3284,0.0033495736906211937,28.68239951278928,male,75-79,212,0.024757678383744014,8.292766815504999e-05,4.815247700719223e-05,1.1921435391246937e-06
2019,E02005588,E07000148,12054,228441,3867,4106,0.9417924987822699,11352.366780321481,female,75-79,150,0.012444001991040319,0.011719667729993404,0.016927784416982943,0.00021064938298883702
2019,E02005588,E07000148,12054,228441,3867,4106,0.9417924987822699,11352.366780321481,male,75-79,120,0.009955201592832254,0.009375734183994722,0.016927784416982943,0.0001685195063910696
2019,E02005523,E07000144,8470,228441,2828,3036,0.9314888010540184,7889.710144927536,female,75-79,178,0.02101534828807556,0.01957556158059212,0.012379564088758148,0.00026016085097980523
2019,E02005523,E07000144,8470,228441,2828,3036,0.9314888010540184,7889.710144927536,male,75-79,165,0.01948051948051948,0.01814588573481854,0.012379564088758148,0.0002411603393913925
2019,E02006241,E07000245,9054,228441,39,3755,0.010386151797603195,94.03621837549933,female,75-79,200,0.02208968411751712,0.00022942681240563717,0.00017072241848004518,3.771204296002765e-06
2019,E02006241,E07000245,9054,228441,39,3755,0.010386151797603195,94.03621837549933,male,75-79,175,0.01932847360282748,0.00020074846085493255,0.00017072241848004518,3.29980375900242e-06
2019,E02005598,E07000149,9977,228441,3359,3607,0.9312448017743277,9291.029387302468,female,75-79,204,0.02044702816477899,0.019041188690183706,0.014704015478832608,0.0003006534186310366
2019,E02005598,E07000149,9977,228441,3359,3607,0.9312448017743277,9291.029387302468,male,75-79,214,0.02144933346697404,0.019974580292643693,0.014704015478832608,0.0003153913313090286
2019,E02005576,E07000147,6730,228441,2567,2849,0.901017901017901,6063.8504738504735,female,75-79,248,0.03684992570579495,0.03320244271210096,0.011237037134314768,0.00041408398355275816
2019,E02005576,E07000147,6730,228441,2567,2849,0.901017901017901,6063.8504738504735,male,75-79,245,0.036404160475482915,0.03280080025993845,0.011237037134314768,0.00040907490310655546
2019,E02005525,E07000144,10164,228441,3168,3381,0.9370008873114463,9523.67701863354,female,75-79,217,0.02134986225895317,0.020004839880616278,0.013867913378071361,0.0002960780404409175
2019,E02005525,E07000144,10164,228441,3168,3381,0.9370008873114463,9523.67701863354,male,75-79,212,0.02085792994883904,0.019543898869542168,0.013867913378071361,0.00028925596577638024
2019,E02003738,E07000009,6280,228441,13,2354,0.0055225148683092605,34.68139337298216,female,75-79,116,0.018471337579617834,0.00010200823642099907,5.690747282668173e-05,1.051157141384567e-06
2019,E02003738,E07000009,6280,228441,13,2354,0.0055225148683092605,34.68139337298216,male,75-79,133,0.021178343949044585,0.00011695771934476618,5.690747282668173e-05,1.2052060327943742e-06
2019,E02005603,E07000149,11652,228441,3684,3943,0.9343139741313721,10886.626426578747,female,75-79,234,0.02008238928939238,0.018763256947025495,0.01612670229949965,0.0003238627135326913
2019,E02005603,E07000149,11652,228441,3684,3943,0.9343139741313721,10886.626426578747,male,75-79,162,0.013903192584963954,0.012989947117171496,0.01612670229949965,0.00022421264783032468
2019,E02005600,E07000149,6635,228441,2020,2210,0.9140271493212669,6064.570135746606,female,75-79,164,0.024717407686510928,0.022592381686313154,0.008842545777684391,0.00021856480897366093
2019,E02005600,E07000149,6635,228441,2020,2210,0.9140271493212669,6064.570135746606,male,75-79,139,0.020949510173323287,0.019148421063399566,0.008842545777684391,0.00018524700272767603
2019,E02005513,E07000143,9953,228441,3432,3696,0.9285714285714286,9242.07142857143,female,75-79,245,0.024615693760675173,0.022857429920626948,0.015023572826243975,0.0003698156678820229
2019,E02005513,E07000143,9953,228441,3432,3696,0.9285714285714286,9242.07142857143,male,75-79,218,0.021902943836029337,0.02033844784774153,0.015023572826243975,0.0003290604718297183
2019,E02006238,E07000245,9785,228441,133,4511,0.029483484814896918,288.4958989137663,female,75-79,249,0.025447112927950946,0.0007502695675942087,0.0005822072219960515,1.4815492925602128e-05
2019,E02006238,E07000245,9785,228441,133,4511,0.029483484814896918,288.4958989137663,male,75-79,224,0.0228921819110884,0.0006749412977554328,0.0005822072219960515,1.3327993635883039e-05
2019,E02005572,E07000147,7738,228441,3064,3314,0.9245624622812312,7154.264333132167,female,75-79,263,0.03398811062289998,0.031424131245795274,0.013412653595457909,0.0004558707541490605
2019,E02005572,E07000147,7738,228441,3064,3314,0.9245624622812312,7154.264333132167,male,75-79,229,0.029594210390281726,0.027361696027707667,0.013412653595457909,0.00039693689239595
2019,E02005518,E07000143,11391,228441,609,4444,0.13703870387038705,1561.007875787579,female,75-79,195,0.017118777982617857,0.0023459351465828704,0.0026658962270345514,4.563688563530309e-05
2019,E02005518,E07000143,11391,228441,609,4444,0.13703870387038705,1561.007875787579,male,75-79,202,0.017733298217891318,0.002430148203126871,0.0026658962270345514,4.7275132811955e-05
2019,E02005574,E07000147,7117,228441,2517,2774,0.9073540014419611,6457.638428262437,female,75-79,251,0.035267668961641144,0.032000260553875545,0.01101816223882753,0.00038858489840462416
2019,E02005574,E07000147,7117,228441,2517,2774,0.9073540014419611,6457.638428262437,male,75-79,225,0.03161444428832373,0.02868549252837449,0.01101816223882753,0.00034833307625912525
2019,E02005570,E07000147,7365,228441,2562,2824,0.9072237960339944,6681.703257790368,female,75-79,313,0.042498302783435166,0.03855547157619012,0.011215149644766045,0.00047662482536480274
2019,E02005570,E07000147,7365,228441,2562,2824,0.9072237960339944,6681.703257790368,male,75-79,274,0.037202987101154106,0.03375143518171276,0.011215149644766045,0.00041723706757174425
2019,E02005521,E07000144,8781,228441,2751,2985,0.9216080402010051,8092.640201005025,female,75-79,199,0.022662566905819383,0.020886003871996357,0.012042496749707803,0.00027291388830336555
2019,E02005521,E07000144,8781,228441,2751,2985,0.9216080402010051,8092.640201005025,male,75-79,222,0.02528185855825077,0.023299964118508498,0.012042496749707803,0.0003044566995143073
2019,E02003746,E07000010,7756,228441,12,3266,0.003674219228413962,28.49724433557869,female,75-79,173,0.02230531201650335,8.195460630680962e-05,5.252997491693698e-05,1.171697480741374e-06
2019,E02003746,E07000010,7756,228441,12,3266,0.003674219228413962,28.49724433557869,male,75-79,149,0.01921093347086127,7.058518115441985e-05,5.252997491693698e-05,1.0091498533552877e-06
2019,E02003751,E07000010,7027,228441,8,3191,0.0025070510811657787,17.617047947351928,female,75-79,165,0.023480859541767467,5.886771430088992e-05,3.501998327795798e-05,8.222993085047769e-07
2019,E02003751,E07000010,7027,228441,8,3191,0.0025070510811657787,17.617047947351928,male,75-79,165,0.023480859541767467,5.886771430088992e-05,3.501998327795798e-05,8.222993085047769e-07
2019,E02005575,E07000147,7169,228441,2376,2621,0.9065242273941244,6498.872186188478,female,75-79,204,0.028455851583205467,0.025795918871307208,0.010400935033553521,0.00029596746364136115
2019,E02005575,E07000147,7169,228441,2376,2621,0.9065242273941244,6498.872186188478,male,75-79,200,0.027897893709024967,0.025290116540497263,0.010400935033553521,0.00029016418004055016
2019,E02005468,E07000140,7623,228441,12,2918,0.00411240575736806,31.348869088416723,female,75-79,212,0.02781057326511872,0.00011436836161118048,5.252997491693698e-05,1.4608887160423245e-06
2019,E02005468,E07000140,7623,228441,12,2918,0.00411240575736806,31.348869088416723,male,75-79,179,0.023481568936114392,9.656573928491182e-05,5.252997491693698e-05,1.2334862272244155e-06
2019,E02003750,E07000010,7481,228441,9,3479,0.0025869502730669733,19.352974992814026,female,75-79,217,0.029006817270418393,7.503919385851265e-05,3.939748118770273e-05,1.1427955377264393e-06
2019,E02003750,E07000010,7481,228441,9,3479,0.0025869502730669733,19.352974992814026,male,75-79,202,0.027001737735596845,6.985215280838505e-05,3.939748118770273e-05,1.0638004544734597e-06
2019,E02005508,E07000143,7007,228441,2441,2632,0.9274316109422492,6498.51329787234,female,75-79,173,0.024689596118167546,0.02289791190138563,0.01068547239768693,0.0002638199978307177
2019,E02005508,E07000143,7007,228441,2441,2632,0.9274316109422492,6498.51329787234,male,75-79,191,0.0272584558298844,0.025280353602107838,0.01068547239768693,0.00029126947737379813
2019,E02003753,E07000011,11314,228441,11,3948,0.002786220871327254,31.523302938196554,female,75-79,191,0.01688173943786459,4.703625476608675e-05,4.815247700719223e-05,8.12897570123185e-07
2019,E02003753,E07000011,11314,228441,11,3948,0.002786220871327254,31.523302938196554,male,75-79,197,0.017412055859996466,4.851383344983817e-05,4.815247700719223e-05,8.384336194464266e-07
2019,E02005599,E07000149,6569,228441,2263,2427,0.9324268644416975,6125.1120725175115,female,75-79,195,0.029684883543918406,0.027678982884172785,0.009906277769752366,0.00029406670194880675
2019,E02005599,E07000149,6569,228441,2263,2427,0.9324268644416975,6125.1120725175115,male,75-79,141,0.021464454254833308,0.020014033777786475,0.009906277769752366,0.0002126328460245218
2019,E02003245,E06000031,7836,228441,8,2848,0.0028089887640449437,22.01123595505618,female,75-79,79,0.010081674323634507,2.8319309897849737e-05,3.501998327795798e-05,3.530600662274988e-07
2019,E02003245,E06000031,7836,228441,8,2848,0.0028089887640449437,22.01123595505618,male,75-79,72,0.009188361408882083,2.581000395753394e-05,3.501998327795798e-05,3.21776262890885e-07
2019,E02005526,E07000144,5348,228441,1968,2102,0.9362511893434824,5007.071360608944,female,75-79,129,0.02412116679132386,0.022583471096729476,0.008614915886377665,0.00020780182298854127
2019,E02005526,E07000144,5348,228441,1968,2102,0.9362511893434824,5007.071360608944,male,75-79,90,0.016828721017202692,0.015755910067485678,0.008614915886377665,0.00014497801603851717
2019,E02005528,E07000144,8597,228441,2743,2924,0.9380984952120383,8064.832763337893,female,75-79,234,0.027218797254856344,0.025533912746262294,0.012007476766429845,0.00032682907564785197
2019,E02005528,E07000144,8597,228441,2743,2924,0.9380984952120383,8064.832763337893,male,75-79,195,0.02268233104571362,0.021278260621885245,0.012007476766429845,0.00027235756303987664
2019,E02005530,E07000144,5483,228441,2031,2157,0.9415855354659249,5162.713490959666,female,75-79,159,0.028998723326645996,0.027304778431348178,0.008890698254691583,0.00025781889886849563
2019,E02005530,E07000144,5483,228441,2031,2157,0.9415855354659249,5162.713490959666,male,75-79,128,0.0233448841874886,0.02198120527806646,0.008890698254691583,0.00020755232110168204
2019,E02005581,E07000147,8362,228441,2689,2942,0.9140040788579198,7642.9021074099255,female,75-79,182,0.021765127959818224,0.01989341573213841,0.011771091879303627,0.0002561993209798206
2019,E02005581,E07000147,8362,228441,2689,2942,0.9140040788579198,7642.9021074099255,male,75-79,239,0.0285816790241569,0.026123771208687255,0.011771091879303627,0.00033643756985811613
2019,E02006274,E07000245,6820,228441,80,2816,0.028409090909090908,193.75,female,75-79,128,0.0187683284457478,0.0005331911490269261,0.0003501998327795799,6.572665483253112e-06
2019,E02006274,E07000245,6820,228441,80,2816,0.028409090909090908,193.75,male,75-79,133,0.019501466275659823,0.0005540189282857904,0.0003501998327795799,6.829410228692686e-06
2019,E02005586,E07000148,9889,228441,3031,3232,0.937809405940594,9273.997215346535,female,75-79,96,0.009707756092628172,0.009104024974243808,0.013268196164436332,0.00012880441215349254
2019,E02005586,E07000148,9889,228441,3031,3232,0.937809405940594,9273.997215346535,male,75-79,98,0.009910001011224592,0.00929369216120722,0.013268196164436332,0.0001314878374066903
2019,E02006908,E07000148,5715,228441,1741,1868,0.9320128479657388,5326.453426124197,female,75-79,58,0.010148731408573928,0.00945874806334433,0.007621223860865606,7.734575396853984e-05
2019,E02006908,E07000148,5715,228441,1741,1868,0.9320128479657388,5326.453426124197,male,75-79,64,0.011198600174978127,0.010437239242310985,0.007621223860865606,8.534703886183706e-05
2019,E02006281,E07000245,8800,228441,31,4082,0.007594316511513963,66.82998530132288,female,75-79,319,0.03625,0.0002752939735423812,0.0001357024352020872,4.919213276075661e-06
2019,E02006281,E07000245,8800,228441,31,4082,0.007594316511513963,66.82998530132288,male,75-79,227,0.025795454545454545,0.00019589884637655338,0.0001357024352020872,3.5005059989629313e-06
2019,E02006316,E07000244,7206,228441,1008,3252,0.30996309963099633,2233.5940959409595,female,75-79,272,0.03774632250902026,0.011699967124567168,0.0044125178930227065,0.00016655632346685765
2019,E02006316,E07000244,7206,228441,1008,3252,0.30996309963099633,2233.5940959409595,male,75-79,218,0.03025256730502359,0.00937717953366045,0.0044125178930227065,0.00013348999454329031
2019,E02006307,E07000244,7303,228441,507,3269,0.15509330070357907,1132.646375038238,female,75-79,230,0.03149390661372039,0.004884493928772174,0.0022193914402405873,6.989730675822745e-05
2019,E02006307,E07000244,7303,228441,507,3269,0.15509330070357907,1132.646375038238,male,75-79,200,0.027386005751061208,0.0042473860250192815,0.0022193914402405873,6.078026674628474e-05
2019,E02006302,E07000244,6742,228441,476,3081,0.15449529373580007,1041.607270366764,female,75-79,224,0.03322456244437852,0.005133038534087691,0.0020836890050385,6.92296554625666e-05
2019,E02006302,E07000244,6742,228441,476,3081,0.15449529373580007,1041.607270366764,male,75-79,215,0.03188964698902403,0.00492680037870024,0.0020836890050385,6.644810680558849e-05
2019,E02006907,E07000148,6796,228441,1842,1988,0.9265593561368209,6296.897384305835,female,75-79,104,0.015303119482048263,0.01417924853417148,0.008063351149749825,0.0001233944260703328
2019,E02006907,E07000148,6796,228441,1842,1988,0.9265593561368209,6296.897384305835,male,75-79,80,0.011771630370806356,0.010907114257054984,0.008063351149749825,9.491878928487139e-05
2019,E02006304,E07000244,7774,228441,519,3641,0.14254325734688272,1108.1312826146664,female,75-79,285,0.03666066375096475,0.005225730427561304,0.0022719214151575243,8.329014706970599e-05
2019,E02006304,E07000244,7774,228441,519,3641,0.14254325734688272,1108.1312826146664,male,75-79,248,0.03190120915873424,0.004547302266790187,0.0022719214151575243,7.247704025714768e-05
2019,E02006309,E07000244,6899,228441,465,3371,0.1379412637199644,951.6567784040344,female,75-79,192,0.02783012030729091,0.0038389219646663524,0.002035536528031308,5.664922646499654e-05
2019,E02006309,E07000244,6899,228441,465,3371,0.1379412637199644,951.6567784040344,male,75-79,143,0.020727641687201044,0.002859197088267127,0.002035536528031308,4.2191871794242214e-05
2019,E02006825,E07000009,6602,228441,13,2349,0.005534269902085994,36.53724989357173,female,75-79,155,0.02347773401999394,0.00012993211675603288,5.690747282668173e-05,1.3360585107748662e-06
2019,E02006825,E07000009,6602,228441,13,2349,0.005534269902085994,36.53724989357173,male,75-79,165,0.024992426537412904,0.00013831483396609952,5.690747282668173e-05,1.4222558340506642e-06
2019,E02005608,E07000149,7756,228441,2353,3208,0.7334788029925187,5688.861596009975,female,75-79,206,0.026560082516761216,0.019481257531776538,0.010300252581629392,0.0002735755585115594
2019,E02005608,E07000149,7756,228441,2353,3208,0.7334788029925187,5688.861596009975,male,75-79,204,0.02630221763795771,0.01929211910913793,0.010300252581629392,0.000270919485127952
2019,E02005587,E07000148,9985,228441,3668,3934,0.9323843416370107,9309.857651245551,female,75-79,222,0.022233350025037558,0.020730027425479858,0.016056662332943734,0.00035699339388217417
2019,E02005587,E07000148,9985,228441,3668,3934,0.9323843416370107,9309.857651245551,male,75-79,167,0.016725087631447172,0.015594209820068181,0.016056662332943734,0.00026854908458704096
2019,E02006308,E07000244,7736,228441,477,3755,0.12703062583222371,982.7089214380827,female,75-79,105,0.013572905894519132,0.0017241747301426436,0.0020880665029482447,2.834113014601418e-05
2019,E02006308,E07000244,7736,228441,477,3755,0.12703062583222371,982.7089214380827,male,75-79,119,0.015382626680455015,0.0019540646941616628,0.0020880665029482447,3.211994749881607e-05
2019,E02006305,E07000244,10024,228441,525,4350,0.1206896551724138,1209.7931034482758,female,75-79,172,0.017158818834796488,0.002070891928337507,0.002298186402615993,3.943416413108048e-05
2019,E02006305,E07000244,10024,228441,525,4350,0.1206896551724138,1209.7931034482758,male,75-79,142,0.014166001596169193,0.0017096898478135233,0.002298186402615993,3.255611224775249e-05
2019,E02006314,E07000244,7383,228441,1607,3302,0.4866747425802544,3593.119624470018,female,75-79,201,0.027224705404307194,0.013249576494464465,0.00703463914095981,0.00019151597823823948
2019,E02006314,E07000244,7383,228441,1607,3302,0.4866747425802544,3593.119624470018,male,75-79,200,0.027089259108763374,0.013183658203447227,0.00703463914095981,0.0001905631624261089
2019,E02006279,E07000245,8825,228441,36,4024,0.008946322067594433,78.95129224652088,female,75-79,265,0.03002832861189802,0.00026864309891360056,0.00015758992475081092,4.732162046341631e-06
2019,E02006279,E07000245,8825,228441,36,4024,0.008946322067594433,78.95129224652088,male,75-79,200,0.0226628895184136,0.00020274950861403815,0.00015758992475081092,3.5714430538427406e-06
2019,E02006315,E07000244,5848,228441,517,2641,0.19575918212798182,1144.7996970844376,female,75-79,186,0.03180574555403557,0.0062262667366286975,0.002263166419338035,7.19816952799033e-05
2019,E02006315,E07000244,5848,228441,517,2641,0.19575918212798182,1144.7996970844376,male,75-79,210,0.035909712722298225,0.007029655992967884,0.002263166419338035,8.126965596118115e-05
2019,E02006276,E07000245,6874,228441,26,2902,0.00895933838731909,61.586492074431426,female,75-79,206,0.029967995344777423,0.00026849341108346416,0.00011381494565336345,3.4108057615060912e-06
2019,E02006276,E07000245,6874,228441,26,2902,0.00895933838731909,61.586492074431426,male,75-79,233,0.03389583939482106,0.000303684295060423,0.00011381494565336345,3.857853118596695e-06
2019,E02006278,E07000245,8793,228441,28,3456,0.008101851851851851,71.23958333333333,female,75-79,201,0.022859092459911294,0.00018520098057798502,0.00012256994147285294,2.801837624933861e-06
2019,E02006278,E07000245,8793,228441,28,3456,0.008101851851851851,71.23958333333333,male,75-79,168,0.019106107130672127,0.00015479484943831584,0.00012256994147285294,2.3418344327805406e-06
2019,E02006277,E07000245,7994,228441,17,2787,0.006099748833871547,48.76139217796914,female,75-79,91,0.01138353765323993,6.943672052568311e-05,7.441746446566072e-05,8.471340088034933e-07
2019,E02006277,E07000245,7994,228441,17,2787,0.006099748833871547,48.76139217796914,male,75-79,93,0.011633725293970477,7.096280229547833e-05,7.441746446566072e-05,8.657523386673063e-07
2019,E02006275,E07000245,7142,228441,24,3181,0.007544797233574348,53.88494184218799,female,75-79,151,0.021142537104452533,0.00015951615545641647,0.00010505994983387396,2.221233887554602e-06
2019,E02006275,E07000245,7142,228441,24,3181,0.007544797233574348,53.88494184218799,male,75-79,105,0.014701764211705404,0.0001109218299531373,0.00010505994983387396,1.5445666105512133e-06
2019,E02005550,E07000145,7234,228441,448,3415,0.13118594436310396,948.999121522694,female,75-79,206,0.028476638097871165,0.003735734661155573,0.001961119063565647,5.584607783999493e-05
2019,E02005550,E07000145,7234,228441,448,3415,0.13118594436310396,948.999121522694,male,75-79,170,0.023500138236107273,0.003082887827167221,0.001961119063565647,4.608656909125795e-05
2019,E02003758,E07000011,9606,228441,8,3798,0.00210637177461822,20.23380726698262,female,75-79,208,0.021653133458255258,4.5609549148510285e-05,3.501998327795798e-05,7.582923716234916e-07
2019,E02003758,E07000011,9606,228441,8,3798,0.00210637177461822,20.23380726698262,male,75-79,154,0.016031646887362066,3.3768608504185495e-05,3.501998327795798e-05,5.614280059135467e-07
2019,E02003775,E07000012,6886,228441,8,2586,0.0030935808197989174,21.302397525135344,female,75-79,132,0.019169329073482427,5.9301868750138986e-05,3.501998327795798e-05,6.713095836030283e-07
2019,E02003775,E07000012,6886,228441,8,2586,0.0030935808197989174,21.302397525135344,male,75-79,125,0.018152773743828055,5.615707268005586e-05,3.501998327795798e-05,6.357098329574132e-07
2019,E02005531,E07000144,5447,228441,1858,1969,0.9436262061960387,5139.931945149822,female,75-79,130,0.02386634844868735,0.022520911842387557,0.008133391116305741,0.00019411434645121101
2019,E02005531,E07000144,5447,228441,1858,1969,0.9436262061960387,5139.931945149822,male,75-79,110,0.02019460253350468,0.019056156174327932,0.008133391116305741,0.00016425060084333237
2019,E02005536,E07000144,6216,228441,2430,2679,0.9070548712206047,5638.253079507279,female,75-79,189,0.030405405405405407,0.02757937108441028,0.010637319920679738,0.0003234320246152623
2019,E02005536,E07000144,6216,228441,2430,2679,0.9070548712206047,5638.253079507279,male,75-79,170,0.02734877734877735,0.02480684171613623,0.010637319920679738,0.0002909176940983841
2019,E02005582,E07000147,6991,228441,2342,3094,0.7569489334195216,5291.8299935358755,female,75-79,200,0.028608210556429696,0.021654954467730556,0.0102521001046222,0.0002932942384386268
2019,E02005582,E07000147,6991,228441,2342,3094,0.7569489334195216,5291.8299935358755,male,75-79,175,0.025032184236875983,0.018948085159264237,0.0102521001046222,0.00025663245863379844
2019,E02005522,E07000144,5534,228441,1858,1985,0.9360201511335012,5179.935516372796,female,75-79,133,0.02403324900614384,0.022495605366959825,0.008133391116305741,0.00019547181396253408
2019,E02005522,E07000144,5534,228441,1858,1985,0.9360201511335012,5179.935516372796,male,75-79,146,0.026382363570654137,0.024694423936662664,0.008133391116305741,0.0002145780814927066
2019,E02005549,E07000145,5270,228441,397,2637,0.15054986727341677,793.3978005309064,female,75-79,151,0.028652751423149905,0.004313667923773422,0.001737866670168665,4.979466170692e-05
2019,E02005549,E07000145,5270,228441,397,2637,0.15054986727341677,793.3978005309064,male,75-79,137,0.02599620493358634,0.003913725202363966,0.001737866670168665,4.517793810495391e-05
2019,E02005606,E07000149,5848,228441,1025,2229,0.4598474652310453,2689.187976671153,female,75-79,132,0.022571819425444596,0.010379593948443566,0.004486935357488367,0.00010127829466287011
2019,E02005606,E07000149,5848,228441,1025,2229,0.4598474652310453,2689.187976671153,male,75-79,151,0.025820793433652532,0.011873626410719536,0.004486935357488367,0.000115856231015859
2019,E02005529,E07000144,5904,228441,2426,2537,0.9562475364603863,5645.685455262121,female,75-79,210,0.03556910569105691,0.03401286969117227,0.010619809929040758,0.0003777371417849863
2019,E02005529,E07000144,5904,228441,2426,2537,0.9562475364603863,5645.685455262121,male,75-79,181,0.03065718157181572,0.029315854352867533,0.010619809929040758,0.0003255734412527739
2019,E02006310,E07000244,8522,228441,490,3371,0.14535746069415603,1238.7362800355977,female,75-79,175,0.020535085660643042,0.0029849279067680483,0.0021449739757749267,4.404722433238819e-05
2019,E02006310,E07000244,8522,228441,490,3371,0.14535746069415603,1238.7362800355977,male,75-79,174,0.020417742314010796,0.002967871175872231,0.0021449739757749267,4.379552590763169e-05
2019,E02005541,E07000145,5924,228441,391,2884,0.1355755894590846,803.1497919556172,female,75-79,161,0.027177582714382174,0.0036846167965753915,0.0017116016827101964,4.6517196305932076e-05
2019,E02005541,E07000145,5924,228441,391,2884,0.1355755894590846,803.1497919556172,male,75-79,128,0.02160702228224173,0.002929384782370498,0.0017116016827101964,3.698261569664165e-05
2019,E02005537,E07000144,6050,228441,1455,2548,0.5710361067503925,3454.768445839875,female,75-79,153,0.02528925619834711,0.014441078402117365,0.0063692594586786085,0.00016107383424426896
2019,E02005537,E07000144,6050,228441,1455,2548,0.5710361067503925,3454.768445839875,male,75-79,159,0.02628099173553719,0.015007395202200399,0.0063692594586786085,0.00016739045519502459
2019,E02005546,E07000145,7892,228441,496,3877,0.12793396956409595,1009.6548877998453,female,75-79,179,0.022681196147997972,0.002901695457675263,0.002171238963233395,4.9246296809272393e-05
2019,E02005546,E07000145,7892,228441,496,3877,0.12793396956409595,1009.6548877998453,male,75-79,153,0.019386720729853014,0.0024802201398006433,0.002171238963233395,4.209320341798143e-05
2019,E02005543,E07000145,9707,228441,592,4599,0.12872363557295063,1249.5203305066318,female,75-79,126,0.012980323477902544,0.0016708744289885423,0.0025914787625688908,3.36382326242588e-05
2019,E02005543,E07000145,9707,228441,592,4599,0.12872363557295063,1249.5203305066318,male,75-79,115,0.011847120634593592,0.0015250044391562092,0.0025914787625688908,3.0701561522140976e-05
2019,E02005484,E07000141,7211,228441,9,2876,0.003129346314325452,22.565716272600834,female,75-79,165,0.0228817085009014,7.160479016276516e-05,3.939748118770273e-05,9.014816802067605e-07
2019,E02005484,E07000141,7211,228441,9,2876,0.003129346314325452,22.565716272600834,male,75-79,175,0.024268478713077243,7.594447441505396e-05,3.939748118770273e-05,9.561169335526248e-07
2019,E02005539,E07000145,7534,228441,806,3487,0.23114425007169487,1741.440780040149,female,75-79,210,0.02787363950092912,0.006442831499211032,0.003528263315254267,9.834553971375047e-05
2019,E02005539,E07000145,7534,228441,806,3487,0.23114425007169487,1741.440780040149,male,75-79,234,0.031059198301035307,0.007179155099120866,0.003528263315254267,0.00010958502996675053
2019,E02005545,E07000145,6351,228441,437,2936,0.14884196185286103,945.2952997275204,female,75-79,229,0.036057313808849,0.0053668413264533425,0.001912966586558455,6.897643651738092e-05
2019,E02005545,E07000145,6351,228441,437,2936,0.14884196185286103,945.2952997275204,male,75-79,199,0.03133364824437097,0.004663761676699629,0.001912966586558455,5.9940222126457654e-05
2019,E02005533,E07000144,8917,228441,2992,3481,0.8595231255386383,7664.367710428038,female,75-79,248,0.027812044409554783,0.02390509533851994,0.013097473745956286,0.00036426752147551407
2019,E02005533,E07000144,8917,228441,2992,3481,0.8595231255386383,7664.367710428038,male,75-79,278,0.031176404620388024,0.02679684074237316,0.013097473745956286,0.0004083321410088424
2019,E02005583,E07000147,8736,228441,3117,4005,0.7782771535580524,6799.029213483145,female,75-79,329,0.03766025641025641,0.029310117161240754,0.01364466098467438,0.0005138614313138589
2019,E02005583,E07000147,8736,228441,3117,4005,0.7782771535580524,6799.029213483145,male,75-79,305,0.034913003663003664,0.027171993113004347,0.01364466098467438,0.0004763760989383798
2019,E02003785,E07000012,9173,228441,8,3105,0.0025764895330112722,23.6341384863124,female,75-79,190,0.02071296195355936,5.33667296710064e-05,3.501998327795798e-05,7.253675812506286e-07
2019,E02003785,E07000012,9173,228441,8,3105,0.0025764895330112722,23.6341384863124,male,75-79,151,0.016461353973618226,4.241250621222087e-05,3.501998327795798e-05,5.764763408886575e-07
2019,E02003254,E06000031,8600,228441,8,3068,0.002607561929595828,22.42503259452412,female,75-79,181,0.021046511627906977,5.488008247172614e-05,3.501998327795798e-05,7.370484852686506e-07
2019,E02003254,E06000031,8600,228441,8,3068,0.002607561929595828,22.42503259452412,male,75-79,158,0.018372093023255813,4.790637033443497e-05,3.501998327795798e-05,6.43390390455507e-07
2019,E02003726,E07000008,8442,228441,9,2085,0.004316546762589928,36.44028776978417,female,75-79,85,0.010068704098554844,4.346203208009285e-05,3.939748118770273e-05,3.9668158030735987e-07
2019,E02003726,E07000008,8442,228441,9,2085,0.004316546762589928,36.44028776978417,male,75-79,72,0.008528784648187633,3.681489776196101e-05,3.939748118770273e-05,3.360126327309401e-07
2019,E02005544,E07000145,7497,228441,439,3315,0.13242835595776772,992.8153846153846,female,75-79,98,0.013071895424836602,0.0017310896203629768,0.0019217215823779444,2.5120543560496005e-05
2019,E02005544,E07000145,7497,228441,439,3315,0.13242835595776772,992.8153846153846,male,75-79,100,0.013338668800853675,0.0017664179799622211,0.0019217215823779444,2.5633207714791842e-05
2019,E02005446,E07000138,10958,228441,11,1999,0.005502751375687844,60.29914957478739,female,75-79,64,0.005840481839751779,3.213871947837397e-05,4.815247700719223e-05,2.8123366749957135e-07
2019,E02005446,E07000138,10958,228441,11,1999,0.005502751375687844,60.29914957478739,male,75-79,55,0.005019164081036686,2.7619212051727636e-05,4.815247700719223e-05,2.4168518300744413e-07
2019,E02005593,E07000148,12414,228441,2398,2647,0.9059312429165093,11246.230449565546,female,80-84,113,0.009102626067343323,0.008246353346992552,0.010497239987567906,9.555245034599432e-05
2019,E02005593,E07000148,12414,228441,2398,2647,0.9059312429165093,11246.230449565546,male,80-84,79,0.006363782825841792,0.00576514968506559,0.010497239987567906,6.680215555162434e-05
2019,E02006287,E07000244,6179,228441,545,2715,0.2007366482504604,1240.3517495395947,female,80-84,126,0.020391649134164105,0.004093351299491505,0.0023857363608108875,4.864909879627316e-05
2019,E02006287,E07000244,6179,228441,545,2715,0.2007366482504604,1240.3517495395947,male,80-84,139,0.022495549441657225,0.004515681195470787,0.0023857363608108875,5.36684502593807e-05
2019,E02006233,E07000200,11790,228441,40,5050,0.007920792079207921,93.38613861386139,female,80-84,250,0.021204410517387615,0.00016795572687039695,0.00017509991638978994,3.712890508689354e-06
2019,E02006233,E07000200,11790,228441,40,5050,0.007920792079207921,93.38613861386139,male,80-84,193,0.01636980491942324,0.00012966182114394645,0.00017509991638978994,2.8663514727081813e-06
2019,E02006288,E07000244,9562,228441,114,3453,0.03301476976542137,315.68722849695916,female,80-84,220,0.02300773896674336,0.0007595952048099458,0.0004990347617109013,1.148166153277539e-05
2019,E02006288,E07000244,9562,228441,114,3453,0.03301476976542137,315.68722849695916,male,80-84,146,0.01526877222338423,0.0005040949995556913,0.0004990347617109013,7.619648108114577e-06
2019,E02006311,E07000244,8471,228441,917,3751,0.24446814182884563,2070.889629432151,female,80-84,220,0.025970959745012394,0.006349072270374931,0.004014165583235934,0.00010425173277203464
2019,E02006311,E07000244,8471,228441,917,3751,0.24446814182884563,2070.889629432151,male,80-84,158,0.01865187108959981,0.004559788266905632,0.004014165583235934,7.487169899082488e-05
2019,E02006256,E07000202,9754,228441,48,4135,0.011608222490931077,113.22660217654172,female,80-84,90,0.009226983801517326,0.00010710888088823015,0.00021011989966774792,1.938772910610756e-06
2019,E02006256,E07000202,9754,228441,48,4135,0.011608222490931077,113.22660217654172,male,80-84,74,0.0075866311256920236,8.80673020636559e-05,0.00021011989966774792,1.5941021709466215e-06
2019,E02006251,E07000202,10928,228441,70,3797,0.018435607058203844,201.4643139320516,female,80-84,66,0.006039531478770132,0.00011134242915825894,0.0003064248536821324,1.8506625496907703e-06
2019,E02006251,E07000202,10928,228441,70,3797,0.018435607058203844,201.4643139320516,male,80-84,72,0.006588579795021962,0.00012146446817264612,0.0003064248536821324,2.0189045996626586e-06
2019,E02004577,E07000076,5680,228441,11,2201,0.004997728305315766,28.387096774193548,female,80-84,80,0.014084507042253521,7.039053951148966e-05,4.815247700719223e-05,6.782039015097497e-07
2019,E02004577,E07000076,5680,228441,11,2201,0.004997728305315766,28.387096774193548,male,80-84,74,0.013028169014084507,6.511124904812793e-05,4.815247700719223e-05,6.273386088965185e-07
2019,E02005542,E07000145,7554,228441,451,3494,0.12907842014882656,975.0583858042359,female,80-84,58,0.007678051363516018,0.0009910707398241912,0.0019742515572948815,1.5158404861411585e-05
2019,E02005542,E07000145,7554,228441,451,3494,0.12907842014882656,975.0583858042359,male,80-84,59,0.007810431559438708,0.001008158166372884,0.0019742515572948815,1.5419756669366957e-05
2019,E02005611,E07000149,11199,228441,3134,4161,0.753184330689738,8434.911319394376,female,80-84,254,0.022680596481828734,0.0170826698808102,0.01371907844914004,0.000311156882407498
2019,E02005611,E07000149,11199,228441,3134,4161,0.753184330689738,8434.911319394376,male,80-84,195,0.01741226895258505,0.013114648136842476,0.01371907844914004,0.00023888028373803978
2019,E02005595,E07000148,8952,228441,3128,3359,0.9312295325989878,8336.366775826138,female,80-84,227,0.02535746201966041,0.02361361750446495,0.013692813461681571,0.0003472149972968852
2019,E02005595,E07000148,8952,228441,3128,3359,0.9312295325989878,8336.366775826138,male,80-84,177,0.019772117962466487,0.01841238016867972,0.013692813461681571,0.0002707359230024171
2019,E02006293,E07000244,11451,228441,88,4406,0.01997276441216523,228.70812528370405,female,80-84,133,0.011614706139201816,0.00023197778943480704,0.00038521981605753786,4.474214962505679e-06
2019,E02006293,E07000244,11451,228441,88,4406,0.01997276441216523,228.70812528370405,male,80-84,134,0.0117020347567898,0.0002337219833403319,0.00038521981605753786,4.507855676509481e-06
2019,E02004521,E07000071,9189,228441,8,3522,0.002271436683702442,20.87223168654174,female,80-84,120,0.01305909239307868,2.966290151749842e-05,3.501998327795798e-05,4.5732919723092366e-07
2019,E02004521,E07000071,9189,228441,8,3522,0.002271436683702442,20.87223168654174,male,80-84,88,0.009576667754924367,2.175279444616551e-05,3.501998327795798e-05,3.3537474463601075e-07
2019,E02004507,E07000071,9933,228441,11,3434,0.00320326150262085,31.817996505532903,female,80-84,77,0.007751937984496124,2.4831484516440698e-05,4.815247700719223e-05,3.732750155596297e-07
2019,E02004507,E07000071,9933,228441,11,3434,0.00320326150262085,31.817996505532903,male,80-84,56,0.005637773079633545,1.8059261466502327e-05,4.815247700719223e-05,2.7147273858882164e-07
2019,E02004446,E07000067,6867,228441,9,2535,0.0035502958579881655,24.379881656804734,female,80-84,119,0.017329255861365953,6.152398530662467e-05,3.939748118770273e-05,6.827290317950523e-07
2019,E02004446,E07000067,6867,228441,9,2535,0.0035502958579881655,24.379881656804734,male,80-84,99,0.014416775884665793,5.118381970887264e-05,3.939748118770273e-05,5.67984656703447e-07
2019,E02004589,E07000076,7733,228441,9,3538,0.002543810062182024,19.67128321085359,female,80-84,171,0.022113022113022112,5.625132815635925e-05,3.939748118770273e-05,8.711973727010431e-07
2019,E02004589,E07000076,7733,228441,9,3538,0.002543810062182024,19.67128321085359,male,80-84,115,0.014871330660804346,3.782984057299014e-05,3.939748118770273e-05,5.85892969945146e-07
2019,E02004522,E07000071,12010,228441,9,2824,0.003186968838526912,38.27549575070822,female,80-84,119,0.009908409658617818,3.157779282137407e-05,3.939748118770273e-05,3.903663831254475e-07
2019,E02004522,E07000071,12010,228441,9,2824,0.003186968838526912,38.27549575070822,male,80-84,95,0.00791007493755204,2.5209162336391063e-05,3.939748118770273e-05,3.1163702854552534e-07
2019,E02004526,E07000071,7285,228441,8,3181,0.002514932411191449,18.321282615529707,female,80-84,185,0.02539464653397392,6.38658196390416e-05,3.501998327795798e-05,8.893200969694204e-07
2019,E02004526,E07000071,7285,228441,8,3181,0.002514932411191449,18.321282615529707,male,80-84,179,0.024571036376115307,6.179449575885648e-05,3.501998327795798e-05,8.604772830136554e-07
2019,E02006235,E07000200,8200,228441,24,2985,0.008040201005025126,65.92964824120604,female,80-84,176,0.021463414634146343,0.00017257016791273443,0.00010505994983387396,2.254945264727051e-06
2019,E02006235,E07000200,8200,228441,24,2985,0.008040201005025126,65.92964824120604,male,80-84,149,0.018170731707317072,0.00014609633533521266,0.00010505994983387396,1.9090161616155146e-06
2019,E02004513,E07000071,13590,228441,10,3781,0.0026448029621793175,35.942872256016926,female,80-84,89,0.006548933038999265,1.7320637500659253e-05,4.3774979097447484e-05,2.8667940689277605e-07
2019,E02004513,E07000071,13590,228441,10,3781,0.0026448029621793175,35.942872256016926,male,80-84,64,0.0047093451066961,1.2455289888114519e-05,4.3774979097447484e-05,2.0615148360828838e-07
2019,E02004582,E07000076,7003,228441,9,3302,0.0027256208358570565,19.087522713506967,female,80-84,205,0.02927316864201057,7.978755838222142e-05,3.939748118770273e-05,1.1532891108780607e-06
2019,E02004582,E07000076,7003,228441,9,3302,0.0027256208358570565,19.087522713506967,male,80-84,175,0.02498929030415536,6.811133032628657e-05,3.939748118770273e-05,9.845150946520032e-07
2019,E02004520,E07000071,9529,228441,11,3753,0.002930988542499334,27.929389821476153,female,80-84,64,0.006716339594920768,1.968551440024739e-05,4.815247700719223e-05,3.2340838791691706e-07
2019,E02004520,E07000071,9529,228441,11,3753,0.002930988542499334,27.929389821476153,male,80-84,64,0.006716339594920768,1.968551440024739e-05,4.815247700719223e-05,3.2340838791691706e-07
2019,E02004579,E07000076,7266,228441,8,3141,0.0025469595670168737,18.506208213944603,female,80-84,170,0.02339664189375172,5.959030090735873e-05,3.501998327795798e-05,8.193500078795564e-07
2019,E02004579,E07000076,7266,228441,8,3141,0.0025469595670168737,18.506208213944603,male,80-84,153,0.021056977704376548,5.363127081662285e-05,3.501998327795798e-05,7.374150070916007e-07
2019,E02004559,E07000074,7711,228441,8,2504,0.003194888178913738,24.635782747603834,female,80-84,151,0.01958241473220075,6.256362534249441e-05,3.501998327795798e-05,6.857758364637084e-07
2019,E02004559,E07000074,7711,228441,8,2504,0.003194888178913738,24.635782747603834,male,80-84,132,0.017118402282453638,5.4691381094101075e-05,3.501998327795798e-05,5.994861616768842e-07
2019,E02004575,E07000076,11687,228441,12,4223,0.0028415818138763913,33.20956665877338,female,80-84,217,0.01856763925729443,5.2761466040145194e-05,5.252997491693698e-05,9.753576244524107e-07
2019,E02004575,E07000076,11687,228441,12,4223,0.0028415818138763913,33.20956665877338,male,80-84,185,0.01582955420552751,4.498097335219752e-05,5.252997491693698e-05,8.315260853626544e-07
2019,E02004588,E07000076,7179,228441,8,3751,0.0021327645961077045,15.311117035457212,female,80-84,133,0.018526257138877282,3.951214532418508e-05,3.501998327795798e-05,6.487892152066321e-07
2019,E02004588,E07000076,7179,228441,8,3751,0.0021327645961077045,15.311117035457212,male,80-84,98,0.013650926312856944,2.9114212344136377e-05,3.501998327795798e-05,4.780552112048868e-07
2019,E02004512,E07000071,11610,228441,14,4353,0.0032161727544222376,37.33976567884218,female,80-84,165,0.014211886304909561,4.570788152279666e-05,6.128497073642647e-05,8.709750363058026e-07
2019,E02004512,E07000071,11610,228441,14,4353,0.0032161727544222376,37.33976567884218,male,80-84,102,0.008785529715762274,2.825578130500157e-05,6.128497073642647e-05,5.384209315344961e-07
2019,E02004509,E07000071,14885,228441,13,4843,0.0026842865992153624,39.95560602932067,female,80-84,71,0.004769902586496473,1.280378559249518e-05,5.690747282668173e-05,2.714431018269669e-07
2019,E02004509,E07000071,14885,228441,13,4843,0.0026842865992153624,39.95560602932067,male,80-84,74,0.004971447766207592,1.3344790617530186e-05,5.690747282668173e-05,2.829125286647261e-07
2019,E02004585,E07000076,8674,228441,8,4088,0.0019569471624266144,16.974559686888455,female,80-84,153,0.017638920913073553,3.4518436229106756e-05,3.501998327795798e-05,6.177147154170592e-07
2019,E02004585,E07000076,8674,228441,8,4088,0.0019569471624266144,16.974559686888455,male,80-84,127,0.014641457228498963,2.8652558177101686e-05,3.501998327795798e-05,5.127435873069707e-07
2019,E02004580,E07000076,12194,228441,9,5534,0.0016263100831225153,19.831225153595952,female,80-84,362,0.029686731179268493,4.8279830251791914e-05,3.939748118770273e-05,1.1695824331596186e-06
2019,E02004580,E07000076,12194,228441,9,5534,0.0016263100831225153,19.831225153595952,male,80-84,334,0.02739051992783336,4.4545478740603585e-05,3.939748118770273e-05,1.0791174935782116e-06
2019,E02004590,E07000076,8402,228441,9,4502,0.0019991115059973343,16.796534873389604,female,80-84,211,0.025113068317067364,5.0203823823546484e-05,3.939748118770273e-05,9.89391636587155e-07
2019,E02004590,E07000076,8402,228441,9,4502,0.0019991115059973343,16.796534873389604,male,80-84,191,0.022732682694596523,4.54451675369544e-05,3.939748118770273e-05,8.956104388063819e-07
2019,E02004595,E07000077,14491,228441,8,5057,0.0015819655922483687,22.924263397271112,female,80-84,154,0.010627285901594093,1.6812000635308037e-05,3.501998327795798e-05,3.7216737456390375e-07
2019,E02004595,E07000077,14491,228441,8,5057,0.0015819655922483687,22.924263397271112,male,80-84,183,0.012628528051894279,1.997789685884007e-05,3.501998327795798e-05,4.4225084120256095e-07
2019,E02006922,E07000071,13943,228441,14,5702,0.002455278849526482,34.23395299894774,female,80-84,271,0.01943627626766119,4.772147803354204e-05,6.128497073642647e-05,1.1911516222887162e-06
2019,E02006922,E07000071,13943,228441,14,5702,0.002455278849526482,34.23395299894774,male,80-84,218,0.015635085706089076,3.8388495244694333e-05,6.128497073642647e-05,9.581957699591888e-07
2019,E02004523,E07000071,10335,228441,10,4139,0.0024160425223483935,24.969799468470647,female,80-84,96,0.009288824383164005,2.2442194692350823e-05,4.3774979097447484e-05,4.066180932128648e-07
2019,E02004523,E07000071,10335,228441,10,4139,0.0024160425223483935,24.969799468470647,male,80-84,93,0.008998548621190131,2.174087610821486e-05,4.3774979097447484e-05,3.9391127779996283e-07
2019,E02005579,E07000147,12901,228441,4648,5056,0.9193037974683544,11859.93829113924,female,80-84,325,0.025191845593364855,0.023158959319216743,0.02034661028449359,0.0005125686646353318
2019,E02005579,E07000147,12901,228441,4648,5056,0.9193037974683544,11859.93829113924,male,80-84,291,0.022556390977443608,0.020736175882744835,0.02034661028449359,0.0004589460966427125
2019,E02006292,E07000244,6857,228441,50,2404,0.020798668885191347,142.61647254575706,female,80-84,125,0.018229546448884353,0.0003791503005175614,0.0002188748954872374,3.989990073779302e-06
2019,E02006292,E07000244,6857,228441,50,2404,0.020798668885191347,142.61647254575706,male,80-84,110,0.01604200087501823,0.000333652264455454,0.0002188748954872374,3.511191264925786e-06
2019,E02006250,E07000202,10945,228441,56,4152,0.01348747591522158,147.62042389210018,female,80-84,56,0.005116491548652353,6.900855653288336e-05,0.0002451398829457059,1.254256139329331e-06
2019,E02006250,E07000202,10945,228441,56,4152,0.01348747591522158,147.62042389210018,male,80-84,45,0.004111466423024212,5.545330435678128e-05,0.0002451398829457059,1.0078843976753554e-06
2019,E02005594,E07000148,11105,228441,3270,3517,0.92976969007677,10325.092408302531,female,80-84,134,0.012066636650157586,0.011219193018486014,0.014314418164865327,0.00017272688285384545
2019,E02005594,E07000148,11105,228441,3270,3517,0.92976969007677,10325.092408302531,male,80-84,100,0.009004952723998198,0.008372532103347772,0.014314418164865327,0.00012890065884615332
2019,E02005602,E07000149,12285,228441,3889,4252,0.9146284101599247,11236.210018814674,female,80-84,253,0.020594220594220593,0.01883605924057476,0.017024089370997326,0.000350597851922045
2019,E02005602,E07000149,12285,228441,3889,4252,0.9146284101599247,11236.210018814674,male,80-84,233,0.018966218966218966,0.017347042699817863,0.017024089370997326,0.00032288260671081617
2019,E02005535,E07000144,7243,228441,2248,2438,0.9220672682526662,6678.533223954061,female,80-84,122,0.016843849233742925,0.015531162049817103,0.009840615301106194,0.00016575384049909647
2019,E02005535,E07000144,7243,228441,2248,2438,0.9220672682526662,6678.533223954061,male,80-84,69,0.009526439320723458,0.008784017880634263,0.009840615301106194,9.374602454457096e-05
2019,E02006230,E07000200,11148,228441,70,4587,0.01526051885764116,170.12426422498365,female,80-84,241,0.02161822748475063,0.0003299053681998134,0.0003064248536821324,6.624362193881764e-06
2019,E02006230,E07000200,11148,228441,70,4587,0.01526051885764116,170.12426422498365,male,80-84,225,0.020182992465016147,0.00030800293711600836,0.0003064248536821324,6.184570512960153e-06
2019,E02006294,E07000244,8228,228441,52,3741,0.013900026730820636,114.36941994119219,female,80-84,273,0.03317938745746232,0.00046119437257098123,0.0002276298913067269,7.552620360565927e-06
2019,E02006294,E07000244,8228,228441,52,3741,0.013900026730820636,114.36941994119219,male,80-84,167,0.02029654837141468,0.0002821225649060581,0.0002276298913067269,4.620101099686849e-06
2019,E02006296,E07000244,13489,228441,80,5153,0.015524936929943722,209.41587424801088,female,80-84,204,0.015123433909111127,0.00023479035760312248,0.0003501998327795799,5.296224026023745e-06
2019,E02006296,E07000244,13489,228441,80,5153,0.015524936929943722,209.41587424801088,male,80-84,217,0.01608718214841723,0.000249752488234694,0.0003501998327795799,5.633728498270356e-06
2019,E02006313,E07000244,10033,228441,688,4581,0.1501855490067671,1506.8116131848942,female,80-84,251,0.025017442439948172,0.003757258327588811,0.0030117185619043868,7.534549576776648e-05
2019,E02006313,E07000244,10033,228441,688,4581,0.1501855490067671,1506.8116131848942,male,80-84,183,0.018239808631516,0.0027393556731025994,0.0030117185619043868,5.493317022112058e-05
2019,E02006295,E07000244,9796,228441,69,4175,0.01652694610778443,161.89796407185628,female,80-84,215,0.021947733768885258,0.00036272901318636715,0.00030204735577238763,6.629254950088132e-06
2019,E02006295,E07000244,9796,228441,69,4175,0.01652694610778443,161.89796407185628,male,80-84,186,0.0189873417721519,0.00031380277419843855,0.00030204735577238763,5.735076375425082e-06
2019,E02005597,E07000149,16660,228441,5376,5722,0.9395316322963999,15652.596994058022,female,80-84,220,0.013205282112845138,0.012406780258415845,0.023533428762787766,0.0003107655658951566
2019,E02005597,E07000149,16660,228441,5376,5722,0.9395316322963999,15652.596994058022,male,80-84,202,0.012124849939975991,0.01139168005545455,0.023533428762787766,0.0002853392923219165
2019,E02006267,E07000203,8615,228441,87,3046,0.02856204858831254,246.06204858831254,female,80-84,151,0.017527568195008707,0.0005006232544208002,0.0003808423181477931,6.675239702880646e-06
2019,E02006267,E07000203,8615,228441,87,3046,0.02856204858831254,246.06204858831254,male,80-84,130,0.015089959373186303,0.0004310001528126094,0.0003808423181477931,5.746895108440291e-06
2019,E02005538,E07000145,9068,228441,751,4616,0.1626949740034662,1475.3180242634314,female,80-84,192,0.0211733568592854,0.003444798743787551,0.0032875009302183057,6.96074303707449e-05
2019,E02005538,E07000145,9068,228441,751,4616,0.1626949740034662,1475.3180242634314,male,80-84,161,0.017754741949713278,0.0028886072799468522,0.0032875009302183057,5.836873067546837e-05
2019,E02006271,E07000203,9748,228441,54,3734,0.0144617032672737,140.97268344938402,female,80-84,156,0.01600328272466147,0.00023143472606634155,0.0002363848871262164,3.7829341805180302e-06
2019,E02006271,E07000203,9748,228441,54,3734,0.0144617032672737,140.97268344938402,male,80-84,122,0.012515387771850637,0.00018099382423136969,0.0002363848871262164,2.9584485257897414e-06
2019,E02006312,E07000244,8830,228441,965,3470,0.2780979827089337,2455.605187319885,female,80-84,168,0.019026047565118914,0.0052911054467837905,0.004224285482903682,8.037145652636677e-05
2019,E02006312,E07000244,8830,228441,965,3470,0.2780979827089337,2455.605187319885,male,80-84,164,0.01857304643261608,0.0051651267456698895,0.004224285482903682,7.845785041859612e-05
2019,E02005520,E07000144,8657,228441,3033,3252,0.9326568265682657,8074.010147601476,female,80-84,190,0.02194755689037773,0.020469538760306168,0.013276951160255821,0.00029139664092048127
2019,E02005520,E07000144,8657,228441,3033,3252,0.9326568265682657,8074.010147601476,male,80-84,157,0.01813561279889107,0.01691430308088457,0.013276951160255821,0.00024078564539218713
2019,E02006237,E07000200,7731,228441,59,2944,0.020040760869565216,154.9351222826087,female,80-84,145,0.01875565903505368,0.0003758776776726111,0.00025827237667494014,4.8440686350881284e-06
2019,E02006237,E07000200,7731,228441,59,2944,0.020040760869565216,154.9351222826087,male,80-84,133,0.017203466563187168,0.00034477055952039496,0.00025827237667494014,4.443180196322214e-06
2019,E02005604,E07000149,8600,228441,2789,3152,0.8848350253807107,7609.581218274112,female,80-84,174,0.020232558139534885,0.017902476094912054,0.012208841670278102,0.0002470160989102779
2019,E02005604,E07000149,8600,228441,2789,3152,0.8848350253807107,7609.581218274112,male,80-84,141,0.016395348837209302,0.014507178904497698,0.012208841670278102,0.00020016821808246655
2019,E02006258,E07000202,9082,228441,63,4222,0.014921837991473235,135.52013263855991,female,80-84,98,0.010790574763268003,0.0001610152084523648,0.00027578236831391915,2.9758502636824577e-06
2019,E02006258,E07000202,9082,228441,63,4222,0.014921837991473235,135.52013263855991,male,80-84,71,0.007817661308081921,0.00011665387551140716,0.00027578236831391915,2.1559731502189233e-06
2019,E02003619,E06000055,11815,228441,9,5224,0.0017228177641653904,20.355091883614087,female,80-84,158,0.013372831146847229,2.3038951056972636e-05,3.939748118770273e-05,5.268558635342388e-07
2019,E02003619,E06000055,11815,228441,9,5224,0.0017228177641653904,20.355091883614087,male,80-84,136,0.011510791366906475,1.9830995846508092e-05,3.939748118770273e-05,4.5349618633326883e-07
2019,E02006261,E07000203,8070,228441,1036,3144,0.32951653944020354,2659.1984732824426,female,80-84,151,0.018711276332094177,0.006165675025461058,0.004535087834495559,8.485728166156498e-05
2019,E02006261,E07000203,8070,228441,1036,3144,0.32951653944020354,2659.1984732824426,male,80-84,124,0.015365551425030979,0.0050632033321666966,0.004535087834495559,6.968412533797389e-05
2019,E02006306,E07000244,7510,228441,473,3378,0.14002368265245707,1051.5778567199527,female,80-84,147,0.019573901464713717,0.0027408097669655383,0.002070556511309266,4.052886912948897e-05
2019,E02006306,E07000244,7510,228441,473,3378,0.14002368265245707,1051.5778567199527,male,80-84,118,0.015712383488681758,0.0022001057993328806,0.002070556511309266,3.253337794067822e-05
2019,E02006303,E07000244,8152,228441,445,3523,0.12631280158955435,1029.7019585580472,female,80-84,104,0.012757605495583905,0.001611448891721498,0.001947986569836413,2.4851644168668663e-05
2019,E02006303,E07000244,8152,228441,445,3523,0.12631280158955435,1029.7019585580472,male,80-84,113,0.01386162904808636,0.0017509011996589355,0.001947986569836413,2.700226722172653e-05
2019,E02006228,E07000200,6121,228441,22,2586,0.008507347254447023,52.07347254447023,female,80-84,94,0.015356967815716386,0.00013064705798366608,9.630495401438446e-05,1.4789520792929487e-06
2019,E02006228,E07000200,6121,228441,22,2586,0.008507347254447023,52.07347254447023,male,80-84,93,0.01519359581767685,0.0001292571956646909,9.630495401438446e-05,1.4632185465345131e-06
2019,E02006266,E07000203,9653,228441,49,4297,0.011403304631138002,110.07609960437514,female,80-84,192,0.019890189578369417,0.0002268138909332328,0.00021449739757749265,4.266393901883206e-06
2019,E02006266,E07000203,9653,228441,49,4297,0.011403304631138002,110.07609960437514,male,80-84,161,0.016678752719361856,0.0001901928981263046,0.00021449739757749265,3.5775490531416468e-06
2019,E02006245,E07000202,7778,228441,49,3627,0.013509787703336091,105.07912875654812,female,80-84,152,0.0195422987914631,0.0002640123079078279,0.00021449739757749265,4.1917722334506145e-06
2019,E02006245,E07000202,7778,228441,49,3627,0.013509787703336091,105.07912875654812,male,80-84,134,0.01722807919773721,0.00023274769249769046,0.00021449739757749265,3.6953781531735686e-06
2019,E02006289,E07000244,9527,228441,111,3942,0.02815829528158295,268.26407914764076,female,80-84,222,0.023302193765088696,0.0006561500527460287,0.00048590226798166705,1.1322588799404858e-05
2019,E02006289,E07000244,9527,228441,111,3942,0.02815829528158295,268.26407914764076,male,80-84,180,0.018893670620342185,0.0005320135562805637,0.00048590226798166705,9.180477404922859e-06
2019,E02006286,E07000245,11775,228441,11,4724,0.0023285351397121083,27.418501270110074,female,80-84,180,0.015286624203821656,3.559544162617236e-05,4.815247700719223e-05,7.360888204921105e-07
2019,E02006286,E07000245,11775,228441,11,4724,0.0023285351397121083,27.418501270110074,male,80-84,116,0.009851380042462846,2.2939284603533298e-05,4.815247700719223e-05,4.743683509838046e-07
2019,E02006280,E07000245,9789,228441,32,4150,0.0077108433734939755,75.48144578313253,female,80-84,202,0.020635407089590357,0.0001591163920161184,0.00014007993311183193,2.8906064448452398e-06
2019,E02006280,E07000245,9789,228441,32,4150,0.0077108433734939755,75.48144578313253,male,80-84,188,0.019205230360608845,0.00014808852326252602,0.00014007993311183193,2.690267384311411e-06
2019,E02006290,E07000244,8129,228441,72,3583,0.020094892548144012,163.35138152386267,female,80-84,202,0.024849304957559354,0.0004993441130182175,0.00031517984950162184,7.832000196743462e-06
2019,E02006290,E07000244,8129,228441,72,3583,0.020094892548144012,163.35138152386267,male,80-84,174,0.021404846844630336,0.000430128097352326,0.00031517984950162184,6.7463764070958545e-06
2019,E02006227,E07000200,6270,228441,24,2589,0.009269988412514484,58.12282734646582,female,80-84,145,0.023125996810207338,0.00021437772245846894,0.00010505994983387396,2.429616064738712e-06
2019,E02006227,E07000200,6270,228441,24,2589,0.009269988412514484,58.12282734646582,male,80-84,115,0.018341307814992026,0.00017002371091533744,0.00010505994983387396,1.9269368789307027e-06
2019,E02006249,E07000202,8185,228441,53,3215,0.016485225505443235,134.93157076205287,female,80-84,147,0.01795968234575443,0.00029606941347588953,0.00023200738921647164,4.166779012195642e-06
2019,E02006249,E07000202,8185,228441,53,3215,0.016485225505443235,134.93157076205287,male,80-84,115,0.014050091631032376,0.00023161892890970946,0.00023200738921647164,3.259725077568019e-06
2019,E02006262,E07000203,9118,228441,277,3705,0.0747638326585695,681.6966261808368,female,80-84,180,0.019741171309497697,0.0014759256282674393,0.0012125669209992953,2.3937491311677246e-05
2019,E02006262,E07000203,9118,228441,277,3705,0.0747638326585695,681.6966261808368,male,80-84,141,0.015463917525773196,0.0011561417421428275,0.0012125669209992953,1.8751034860813845e-05
2019,E02006268,E07000203,6407,228441,39,3227,0.012085528354508832,77.43198016733808,female,80-84,121,0.0188855938816919,0.00022824238034892597,0.00017072241848004518,3.2241942619143854e-06
2019,E02006268,E07000203,6407,228441,39,3227,0.012085528354508832,77.43198016733808,male,80-84,116,0.01810519744029967,0.0002188108770287224,0.00017072241848004518,3.0909630940666834e-06
2019,E02006257,E07000202,6460,228441,45,3015,0.014925373134328358,96.41791044776119,female,80-84,156,0.02414860681114551,0.00036042696733053003,0.00019698740593851365,4.756971412756677e-06
2019,E02006257,E07000202,6460,228441,45,3015,0.014925373134328358,96.41791044776119,male,80-84,94,0.01455108359133127,0.00021718035210942195,0.00019698740593851365,2.866380210250818e-06
2019,E02006265,E07000203,7283,228441,60,2946,0.020366598778004074,148.32993890020367,female,80-84,138,0.01894823561719072,0.00038591111236640975,0.0002626498745846849,4.976751708456202e-06
2019,E02006265,E07000203,7283,228441,60,2946,0.020366598778004074,148.32993890020367,male,80-84,129,0.01771248112041741,0.0003607429963425135,0.0002626498745846849,4.652180944861232e-06
2019,E02006253,E07000202,6895,228441,47,3085,0.015235008103727715,105.0453808752026,female,80-84,175,0.025380710659898477,0.0003866753325819217,0.00020574240175800316,5.221888369492466e-06
2019,E02006253,E07000202,6895,228441,47,3085,0.015235008103727715,105.0453808752026,male,80-84,141,0.02044960116026106,0.0003115498393945769,0.00020574240175800316,4.207350057705358e-06
2019,E02006263,E07000203,7712,228441,950,2788,0.34074605451936874,2627.8335724533717,female,80-84,157,0.020357883817427386,0.006936868589152087,0.00415862301425751,8.466076416473407e-05
2019,E02006263,E07000203,7712,228441,950,2788,0.34074605451936874,2627.8335724533717,male,80-84,160,0.02074688796680498,0.007069420218244164,0.00415862301425751,8.627848577297739e-05
2019,E02006247,E07000202,8915,228441,57,3837,0.014855355746677092,132.43549648162627,female,80-84,100,0.011217049915872126,0.0001666332669285148,0.00024951738085545063,2.798848915933266e-06
2019,E02006247,E07000202,8915,228441,57,3837,0.014855355746677092,132.43549648162627,male,80-84,64,0.00717891194615816,0.00010664529083424946,0.00024951738085545063,1.7912633061972898e-06
2019,E02006291,E07000244,7681,228441,68,3090,0.022006472491909384,169.03171521035597,female,80-84,185,0.024085405546152846,0.0005300348146078944,0.0002976698578626429,7.169499245487428e-06
2019,E02006291,E07000244,7681,228441,68,3090,0.022006472491909384,169.03171521035597,male,80-84,127,0.0165343054289806,0.00036386173759568954,0.0002976698578626429,4.92176434690218e-06
2019,E02006301,E07000244,6451,228441,46,3009,0.015287470920571618,98.61947490860751,female,80-84,160,0.024802356223841266,0.00037916529953363183,0.0002013649038482584,4.99432407622405e-06
2019,E02006301,E07000244,6451,228441,46,3009,0.015287470920571618,98.61947490860751,male,80-84,90,0.013951325375910711,0.0002132804809876679,0.0002013649038482584,2.809307292876028e-06
2019,E02006283,E07000245,7626,228441,13,3104,0.004188144329896907,31.938788659793815,female,80-84,92,0.012063991607658012,5.052573804753678e-05,5.690747282668173e-05,6.865312745941147e-07
2019,E02006283,E07000245,7626,228441,13,3104,0.004188144329896907,31.938788659793815,male,80-84,119,0.015604510883818515,6.535394377887909e-05,5.690747282668173e-05,8.880132790945614e-07
2019,E02006272,E07000203,7642,228441,56,3187,0.017571383746470035,134.280514590524,female,80-84,138,0.01805809997382884,0.0003173058043722671,0.0002451398829457059,4.426760513806257e-06
2019,E02006272,E07000203,7642,228441,56,3187,0.017571383746470035,134.280514590524,male,80-84,143,0.018712378958387857,0.00032880239148720425,0.0002451398829457059,4.587150387494889e-06
2019,E02006297,E07000244,8226,228441,45,3235,0.013910355486862442,114.42658423493044,female,80-84,180,0.02188183807439825,0.0003043841463208412,0.00019698740593851365,4.3104465194423114e-06
2019,E02006297,E07000244,8226,228441,45,3235,0.013910355486862442,114.42658423493044,male,80-84,159,0.019328956965718454,0.0002688726625834097,0.00019698740593851365,3.8075610921740425e-06
2019,E02006270,E07000203,13467,228441,59,4858,0.01214491560312886,163.55557842733637,female,80-84,141,0.010470037870349743,0.00012715772629696067,0.00025827237667494014,2.704121564651857e-06
2019,E02006270,E07000203,13467,228441,59,4858,0.01214491560312886,163.55557842733637,male,80-84,99,0.007351303185564714,8.928095676169579e-05,0.00025827237667494014,1.898638545393857e-06
2019,E02006255,E07000202,8208,228441,58,3059,0.01896044458973521,155.6273291925466,female,80-84,76,0.009259259259259259,0.00017555967212717785,0.0002538948787651954,2.3508785070851424e-06
2019,E02006255,E07000202,8208,228441,58,3059,0.01896044458973521,155.6273291925466,male,80-84,72,0.008771929824561403,0.00016631968938364216,0.0002538948787651954,2.227148059343819e-06
2019,E02006252,E07000202,9269,228441,37,3710,0.009973045822102426,92.44016172506738,female,80-84,120,0.012946380407810983,0.00012911484503746803,0.00016196742266055567,2.096891867436259e-06
2019,E02006252,E07000202,9269,228441,37,3710,0.009973045822102426,92.44016172506738,male,80-84,108,0.011651742367029885,0.00011620336053372123,0.00016196742266055567,1.887202680692633e-06
2019,E02006300,E07000244,7781,228441,61,3606,0.01691625069328896,131.62534664448143,female,80-84,90,0.011566636679090091,0.0001956641257416793,0.00026702737249442965,3.0886086010151226e-06
2019,E02006300,E07000244,7781,228441,61,3606,0.01691625069328896,131.62534664448143,male,80-84,92,0.011823673049736538,0.00020001221742482772,0.00026702737249442965,3.1572443477043473e-06
2019,E02006248,E07000202,8109,228441,44,3404,0.012925969447708578,104.81668625146885,female,80-84,142,0.017511407078554694,0.0002263519128837857,0.00019260990802876893,3.3728705068547527e-06
2019,E02006248,E07000202,8109,228441,44,3404,0.012925969447708578,104.81668625146885,male,80-84,99,0.01220865704772475,0.00015780872799644213,0.00019260990802876893,2.351508311117046e-06
2019,E02006229,E07000200,5937,228441,16,2606,0.0061396776669224865,36.451266308518804,female,80-84,133,0.022401886474650495,0.00013754036208534455,7.003996655591596e-05,1.569027379473947e-06
2019,E02006229,E07000200,5937,228441,16,2606,0.0061396776669224865,36.451266308518804,male,80-84,100,0.01684352366515075,0.00010341380607920644,7.003996655591596e-05,1.1797198341909376e-06
2019,E02006231,E07000200,8619,228441,37,3270,0.011314984709480122,97.52385321100917,female,80-84,108,0.012530455969369997,0.00014178191769623544,0.00016196742266055567,2.029525658120433e-06
2019,E02006231,E07000200,8619,228441,37,3270,0.011314984709480122,97.52385321100917,male,80-84,114,0.013226592412112773,0.00014965869090158185,0.00016196742266055567,2.1422770835715683e-06
2019,E02006260,E07000202,8746,228441,64,3841,0.016662327518875295,145.72871648008334,female,80-84,125,0.014292247884747313,0.00023814211523661238,0.00028015986622366386,4.00411425542625e-06
2019,E02006260,E07000202,8746,228441,64,3841,0.016662327518875295,145.72871648008334,male,80-84,95,0.010862108392407957,0.0001809880075798254,0.00028015986622366386,3.0431268341239496e-06
2019,E02006254,E07000202,9499,228441,71,4098,0.017325524646168863,164.57515861395802,female,80-84,89,0.009369407306032213,0.0001623298972006557,0.00031080235159187714,2.9120338237369265e-06
2019,E02006254,E07000202,9499,228441,71,4098,0.017325524646168863,164.57515861395802,male,80-84,70,0.007369196757553427,0.00012767520004545958,0.00031080235159187714,2.290363681590841e-06
2019,E02006299,E07000244,8381,228441,52,3938,0.013204672422549517,110.6683595733875,female,80-84,268,0.03197709103925546,0.00042224701219941183,0.0002276298913067269,7.278941757571031e-06
2019,E02006299,E07000244,8381,228441,52,3938,0.013204672422549517,110.6683595733875,male,80-84,246,0.029352105953943445,0.0003875849440337885,0.0002276298913067269,6.681416687919678e-06
2019,E02006298,E07000244,9290,228441,58,3706,0.015650296815974095,145.39125742039934,female,80-84,138,0.014854682454251884,0.00023248018951608452,0.0002538948787651954,3.771527800817757e-06
2019,E02006298,E07000244,9290,228441,58,3706,0.015650296815974095,145.39125742039934,male,80-84,120,0.012917115177610334,0.00020215668653572567,0.0002538948787651954,3.279589392015441e-06
2019,E02006234,E07000200,9751,228441,20,3978,0.005027652086475616,49.024635495223734,female,80-84,114,0.011691108604245718,5.8778826567349016e-05,8.754995819489497e-05,1.0235560695536896e-06
2019,E02006234,E07000200,9751,228441,20,3978,0.005027652086475616,49.024635495223734,male,80-84,119,0.012203876525484566,6.135684527644327e-05,8.754995819489497e-05,1.0684488796218338e-06
2019,E02006236,E07000200,10362,228441,53,3957,0.013393985342431134,138.7884761182714,female,80-84,230,0.02219648716464003,0.0002972994237366494,0.00023200738921647164,5.149749036845056e-06
2019,E02006236,E07000200,10362,228441,53,3957,0.013393985342431134,138.7884761182714,male,80-84,206,0.01988033198224281,0.0002662768751728251,0.00023200738921647164,4.612383919956877e-06
2019,E02006259,E07000202,7100,228441,51,3158,0.016149461684610514,114.66117796073465,female,80-84,108,0.015211267605633802,0.0002456537833715402,0.00022325239339698215,3.3959518995597286e-06
2019,E02006259,E07000202,7100,228441,51,3158,0.016149461684610514,114.66117796073465,male,80-84,80,0.011267605633802818,0.00018196576546040017,0.00022325239339698215,2.515519925599799e-06
2019,E02006239,E07000245,7719,228441,32,2380,0.013445378151260505,103.78487394957983,female,80-84,66,0.008550330353672756,0.00011496242492333118,0.00014007993311183193,1.197729704026546e-06
2019,E02006239,E07000245,7719,228441,32,2380,0.013445378151260505,103.78487394957983,male,80-84,97,0.012566394610700868,0.0001689599275388352,0.00014007993311183193,1.760299716523863e-06
2019,E02006826,E07000245,9804,228441,18,3898,0.004617752693689072,45.27244740892766,female,80-84,152,0.015503875968992248,7.159306501843522e-05,7.879496237540546e-05,1.2216273236496971e-06
2019,E02006826,E07000245,9804,228441,18,3898,0.004617752693689072,45.27244740892766,male,80-84,134,0.013667890656874746,6.311493889783106e-05,7.879496237540546e-05,1.0769609300596014e-06
2019,E02003744,E07000010,14355,228441,239,6893,0.034672856521108374,497.7288553605107,female,80-84,242,0.01685823754789272,0.0005845232516968461,0.0010462220004289948,1.7637459011063514e-05
2019,E02003744,E07000010,14355,228441,239,6893,0.034672856521108374,497.7288553605107,male,80-84,167,0.01163357715081853,0.00040336935137757563,0.0010462220004289948,1.2171304358874408e-05
2019,E02005517,E07000143,6533,228441,306,2500,0.1224,799.6392,female,80-84,68,0.010408694321138834,0.0012740241849073931,0.001339514360381893,1.3942595515990927e-05
2019,E02005517,E07000143,6533,228441,306,2500,0.1224,799.6392,male,80-84,44,0.006735037501913363,0.0008243685902341955,0.001339514360381893,9.02167945152354e-06
2019,E02005519,E07000143,8913,228441,424,3683,0.11512354059190877,1026.096117295683,female,80-84,116,0.01301469763267138,0.0014982980712062626,0.001856059113731773,2.4156048153583047e-05
2019,E02005519,E07000143,8913,228441,424,3683,0.11512354059190877,1026.096117295683,male,80-84,111,0.012453719286435544,0.0014337162577921995,0.001856059113731773,2.3114839181445846e-05
2019,E02006269,E07000203,7508,228441,35,2973,0.011772620248906828,88.38883282879247,female,80-84,122,0.016249334043686735,0.00019129723899395754,0.0001532124268410662,2.4895999033844e-06
2019,E02006269,E07000203,7508,228441,35,2973,0.011772620248906828,88.38883282879247,male,80-84,93,0.012386787426744806,0.0001458249444790004,0.0001532124268410662,1.8978097624159771e-06
2019,E02006242,E07000245,9994,228441,28,3639,0.007694421544380325,76.89804891453696,female,80-84,111,0.01110666399839904,8.545935475547488e-05,0.00012256994147285294,1.361343156242413e-06
2019,E02006242,E07000245,9994,228441,28,3639,0.007694421544380325,76.89804891453696,male,80-84,79,0.007904742845707425,6.082242365479745e-05,0.00012256994147285294,9.68883867956312e-07
2019,E02005512,E07000143,9450,228441,2888,3385,0.8531757754800591,8062.511078286559,female,80-84,110,0.01164021164021164,0.009931146592889576,0.012642213963342832,0.00014715804613414936
2019,E02005512,E07000143,9450,228441,2888,3385,0.8531757754800591,8062.511078286559,male,80-84,82,0.008677248677248678,0.007403218369244957,0.012642213963342832,0.00010969963439091135
2019,E02006264,E07000203,8672,228441,29,3559,0.00814835627985389,70.66254565889294,female,80-84,163,0.01879612546125461,0.00015315752693913562,0.0001269474393825977,2.3861199976203207e-06
2019,E02006264,E07000203,8672,228441,29,3559,0.00814835627985389,70.66254565889294,male,80-84,123,0.014183579335793358,0.00011557285775161768,0.0001269474393825977,1.8005690779588927e-06
2019,E02006282,E07000245,6368,228441,17,2675,0.006355140186915888,40.469532710280376,female,80-84,123,0.01931532663316583,0.00012275160850983892,7.441746446566072e-05,1.4373976333662481e-06
2019,E02006282,E07000245,6368,228441,17,2675,0.006355140186915888,40.469532710280376,male,80-84,133,0.0208856783919598,0.0001327314140797445,7.441746446566072e-05,1.5542592295748862e-06
2019,E02006284,E07000245,7933,228441,10,3332,0.003001200480192077,23.808523409363747,female,80-84,100,0.012605571662674902,3.783184772711555e-05,4.3774979097447484e-05,5.518086360449702e-07
2019,E02006284,E07000245,7933,228441,10,3332,0.003001200480192077,23.808523409363747,male,80-84,114,0.014370351695449389,4.3128306408911737e-05,4.3774979097447484e-05,6.29061845091266e-07
2019,E02005511,E07000143,8248,228441,2831,3289,0.8607479477044695,7099.449072666464,female,80-84,217,0.0263094083414161,0.022645769235192757,0.012392696582487381,0.0003260445148399323
2019,E02005511,E07000143,8248,228441,2831,3289,0.8607479477044695,7099.449072666464,male,80-84,141,0.01709505334626576,0.014714532083696679,0.012392696582487381,0.00021185380918170717
2019,E02006240,E07000245,10485,228441,46,3221,0.014281279105867743,149.73921142502329,female,80-84,80,0.007629947544110634,0.00010896541044057409,0.0002013649038482584,1.5364036535870932e-06
2019,E02006240,E07000245,10485,228441,46,3221,0.014281279105867743,149.73921142502329,male,80-84,76,0.007248450166905103,0.0001035171399185454,0.0002013649038482584,1.4595834709077387e-06
2019,E02006243,E07000245,8966,228441,13,3683,0.0035297311973934292,31.647569915829486,female,80-84,129,0.014387686816863707,5.078466701580999e-05,5.690747282668173e-05,8.187668965694783e-07
2019,E02006243,E07000245,8966,228441,13,3683,0.0035297311973934292,31.647569915829486,male,80-84,89,0.009926388579076512,3.5037483445016194e-05,5.690747282668173e-05,5.648856883308805e-07
2019,E02006246,E07000202,7040,228441,60,3135,0.019138755980861243,134.73684210526315,female,80-84,159,0.022585227272727274,0.0004322531535450196,0.0002626498745846849,5.932007110648423e-06
2019,E02006246,E07000202,7040,228441,60,3135,0.019138755980861243,134.73684210526315,male,80-84,103,0.014630681818181819,0.00028001304915180515,0.0002626498745846849,3.8427467446338845e-06
2019,E02003752,E07000010,11152,228441,8,4643,0.0017230239069567091,19.21516261038122,female,80-84,170,0.01524390243902439,2.6265608337754713e-05,3.501998327795798e-05,5.33841208505457e-07
2019,E02003752,E07000010,11152,228441,8,4643,0.0017230239069567091,19.21516261038122,male,80-84,135,0.01210545193687231,2.085798309174639e-05,3.501998327795798e-05,4.239327244013924e-07
2019,E02005564,E07000146,9930,228441,366,4997,0.0732439463678207,727.3123874324594,female,80-84,173,0.01742195367573011,0.001276052640647833,0.0016021642349665778,2.791283108249929e-05
2019,E02005564,E07000146,9930,228441,366,4997,0.0732439463678207,727.3123874324594,male,80-84,125,0.012588116817724069,0.0009220033530692435,0.0016021642349665778,2.0168230550938794e-05
2019,E02003780,E07000012,12091,228441,8,3877,0.0020634511220015478,24.949187516120713,female,80-84,173,0.014308163096518072,2.9524195195291355e-05,3.501998327795798e-05,5.010716323783584e-07
2019,E02003780,E07000012,12091,228441,8,3877,0.0020634511220015478,24.949187516120713,male,80-84,127,0.010503680423455463,2.1673831154924868e-05,3.501998327795798e-05,3.678387127864249e-07
2019,E02003249,E06000031,12090,228441,11,4349,0.0025293170843872156,30.579443550241436,female,80-84,119,0.009842845326716294,2.4895676843844387e-05,4.815247700719223e-05,4.7395738328005585e-07
2019,E02003249,E06000031,12090,228441,11,4349,0.0025293170843872156,30.579443550241436,male,80-84,97,0.008023159636062862,2.0293114738259713e-05,4.815247700719223e-05,3.8633500990054976e-07
2019,E02003745,E07000010,10314,228441,155,4975,0.031155778894472363,321.34070351758794,female,80-84,161,0.01560985068838472,0.0004863370566230416,0.000678512176010436,1.059147375777392e-05
2019,E02003745,E07000010,10314,228441,155,4975,0.031155778894472363,321.34070351758794,male,80-84,137,0.013282916424277681,0.0004138396071885509,0.000678512176010436,9.012620526801408e-06
2019,E02003737,E07000009,13972,228441,10,4946,0.0020218358269308533,28.24909017387788,female,80-84,176,0.01259662181505869,2.5468301283984412e-05,4.3774979097447484e-05,5.514168566526451e-07
2019,E02003737,E07000009,13972,228441,10,4946,0.0020218358269308533,28.24909017387788,male,80-84,147,0.010521042084168337,2.1271819822418797e-05,4.3774979097447484e-05,4.6055839731783424e-07
2019,E02005589,E07000148,11841,228441,3910,4159,0.9401298389035826,11132.077422457322,female,80-84,122,0.010303183852715142,0.00968633057564708,0.017116016827101965,0.00017634946819579763
2019,E02005589,E07000148,11841,228441,3910,4159,0.9401298389035826,11132.077422457322,male,80-84,107,0.009036398952791149,0.008495388291756046,0.017116016827101965,0.00015466715653237987
2019,E02005540,E07000145,8995,228441,667,4468,0.14928379588182633,1342.807743957028,female,80-84,250,0.027793218454697052,0.004149077150690003,0.002919791105799747,8.115039204557384e-05
2019,E02005540,E07000145,8995,228441,667,4468,0.14928379588182633,1342.807743957028,male,80-84,176,0.019566425792106726,0.0029209503140857625,0.002919791105799747,5.712987600008399e-05
2019,E02005548,E07000145,7498,228441,499,3604,0.13845726970033295,1038.1526082130965,female,80-84,135,0.018004801280341425,0.0024928956267731327,0.0021843714569626293,3.932917400506201e-05
2019,E02005548,E07000145,7498,228441,499,3604,0.13845726970033295,1038.1526082130965,male,80-84,114,0.015204054414510537,0.0021051118626084233,0.0021843714569626293,3.321130249316348e-05
2019,E02005507,E07000143,11864,228441,4009,4418,0.9074241738343142,10765.680398370303,female,80-84,236,0.019892110586648686,0.0180505820149105,0.017549389120166695,0.0003490943891064852
2019,E02005507,E07000143,11864,228441,4009,4418,0.9074241738343142,10765.680398370303,male,80-84,218,0.01837491571139582,0.016673842708688512,0.017549389120166695,0.00032246854586954983
2019,E02005547,E07000145,8812,228441,520,3960,0.13131313131313133,1157.1313131313132,female,80-84,166,0.018837948252383115,0.0024736699725351565,0.002276298913067269,4.288080113131714e-05
2019,E02005547,E07000145,8812,228441,520,3960,0.13131313131313133,1157.1313131313132,male,80-84,143,0.01622787108488425,0.0021309325667019726,0.002276298913067269,3.693948531191778e-05
2019,E02005561,E07000146,11213,228441,311,5394,0.05765665554319614,646.5040786058584,female,80-84,130,0.011593685900294302,0.0006684531544292785,0.0013614018499306167,1.578366543217517e-05
2019,E02005561,E07000146,11213,228441,311,5394,0.05765665554319614,646.5040786058584,male,80-84,90,0.008026397930972979,0.00046277526075873124,0.0013614018499306167,1.0927152991505887e-05
2019,E02005504,E07000143,9110,228441,1501,4011,0.3742208925454999,3409.152331089504,female,80-84,205,0.022502744237102086,0.008420997033131447,0.006570624362526867,0.00014785707950801401
2019,E02005504,E07000143,9110,228441,1501,4011,0.3742208925454999,3409.152331089504,male,80-84,194,0.02129527991218441,0.007969138655743906,0.006570624362526867,0.0001399232849978279
2019,E02005569,E07000146,8228,228441,242,3732,0.06484458735262594,533.5412647374062,female,80-84,99,0.012032085561497326,0.0007802156232267827,0.001059354494158229,1.274624391366853e-05
2019,E02005569,E07000146,8228,228441,242,3732,0.06484458735262594,533.5412647374062,male,80-84,105,0.01276130286825474,0.0008275014185738604,0.001059354494158229,1.3518743544799958e-05
2019,E02005466,E07000140,6685,228441,69,3343,0.020640143583607537,137.97935985641638,female,80-84,131,0.019596110695587136,0.00040446653843718587,0.00030204735577238763,5.9189534190250985e-06
2019,E02005466,E07000140,6685,228441,69,3343,0.020640143583607537,137.97935985641638,male,80-84,124,0.018548990276738966,0.0003828538226428324,0.00030204735577238763,5.602673465336733e-06
2019,E02005578,E07000147,5843,228441,1169,2736,0.427266081871345,2496.515716374269,female,80-84,112,0.019168235495464658,0.008189936876534423,0.005117295056491611,9.808951674260831e-05
2019,E02005578,E07000147,5843,228441,1169,2736,0.427266081871345,2496.515716374269,male,80-84,75,0.012835871983570083,0.005484332729822159,0.005117295056491611,6.568494424728235e-05
2019,E02005580,E07000147,7937,228441,1847,3887,0.47517365577566245,3771.453305891433,female,80-84,183,0.023056570492629457,0.010955874890632005,0.00808523863929855,0.00018641787463671847
2019,E02005580,E07000147,7937,228441,1847,3887,0.47517365577566245,3771.453305891433,male,80-84,173,0.021796648607786316,0.010357193202619326,0.00808523863929855,0.00017623110553088687
2019,E02005474,E07000140,6793,228441,38,3085,0.012317666126418152,83.6739059967585,female,80-84,139,0.02046224054173414,0.0002520470471915388,0.00016634492057030043,3.4037897776051466e-06
2019,E02005474,E07000140,6793,228441,38,3085,0.012317666126418152,83.6739059967585,male,80-84,108,0.015898719269836596,0.00019583511580349776,0.00016634492057030043,2.6446711941104736e-06
2019,E02005510,E07000143,7023,228441,1986,3118,0.6369467607440668,4473.277100705581,female,80-84,176,0.025060515449238218,0.015962214137968923,0.00869371084875307,0.0002178688750363862
2019,E02005510,E07000143,7023,228441,1986,3118,0.6369467607440668,4473.277100705581,male,80-84,123,0.01751388295600171,0.01115541101687601,0.00869371084875307,0.00015226063425838356
2019,E02005514,E07000143,6903,228441,367,3099,0.11842529848338174,817.4898354307841,female,80-84,120,0.017383746197305518,0.002058675332175258,0.0016065417328763225,2.7927713739701387e-05
2019,E02005514,E07000143,6903,228441,367,3099,0.11842529848338174,817.4898354307841,male,80-84,131,0.01897725626539186,0.002247387237624657,0.0016065417328763225,3.0487754165840686e-05
2019,E02005506,E07000143,6943,228441,1780,2867,0.6208580397628183,4310.617370073247,female,80-84,136,0.019588074319458446,0.012161413424707371,0.007791946279345652,0.00015262922281305034
2019,E02005506,E07000143,6943,228441,1780,2867,0.6208580397628183,4310.617370073247,male,80-84,156,0.02246867348408469,0.013949856575399634,0.007791946279345652,0.000175074696756146
2019,E02005571,E07000147,5990,228441,1519,2515,0.6039761431411531,3617.8170974155073,female,80-84,176,0.02938230383973289,0.017746210549723366,0.006649419324902273,0.00019537525896207012
2019,E02005571,E07000147,5990,228441,1519,2515,0.6039761431411531,3617.8170974155073,male,80-84,175,0.02921535893155259,0.017645379807963574,0.006649419324902273,0.000194265172263422
2019,E02003742,E07000010,6664,228441,124,3558,0.03485103991006183,232.24732996065205,female,80-84,127,0.019057623049219687,0.0006641779814792696,0.0005428097408083488,1.0344663427770153e-05
2019,E02003742,E07000010,6664,228441,124,3558,0.03485103991006183,232.24732996065205,male,80-84,136,0.02040816326530612,0.0007112457124502414,0.0005428097408083488,1.1077749812415281e-05
2019,E02005472,E07000140,9869,228441,192,5695,0.033713784021071114,332.7213345039508,female,80-84,233,0.023609281588813456,0.0007959582203779075,0.0008404795986709917,1.9843119514676367e-05
2019,E02005472,E07000140,9869,228441,192,5695,0.033713784021071114,332.7213345039508,male,80-84,194,0.019657513425879014,0.0006627291620313908,0.0008404795986709917,1.6521738995052424e-05
2019,E02005552,E07000146,6790,228441,471,3075,0.15317073170731707,1040.029268292683,female,80-84,161,0.023711340206185566,0.0036318833291425693,0.0020618015154897766,4.888807717140707e-05
2019,E02005552,E07000146,6790,228441,471,3075,0.15317073170731707,1040.029268292683,male,80-84,172,0.02533136966126657,0.003880024426164733,0.0020618015154897766,5.222825635703116e-05
2019,E02005563,E07000146,7551,228441,209,4033,0.05182246466650137,391.3114306967518,female,80-84,115,0.015229770891272679,0.0007892442638918894,0.0009148970631366524,1.3933672660669451e-05
2019,E02005563,E07000146,7551,228441,209,4033,0.05182246466650137,391.3114306967518,male,80-84,114,0.015097338100913786,0.0007823812702928295,0.0009148970631366524,1.3812510289707107e-05
2019,E02005509,E07000143,8278,228441,645,4465,0.1444568868980963,1195.8141097424411,female,80-84,226,0.027301280502536846,0.003943857989728167,0.0028234861517853625,7.708478742492051e-05
2019,E02005509,E07000143,8278,228441,645,4465,0.1444568868980963,1195.8141097424411,male,80-84,190,0.022952403962309735,0.003315632823222795,0.0028234861517853625,6.480579473776502e-05
2019,E02005566,E07000146,9847,228441,243,4936,0.04923014586709887,484.76924635332256,female,80-84,193,0.01959987813547273,0.0009649048595866843,0.0010637319920679738,2.0849017413335933e-05
2019,E02005566,E07000146,9847,228441,243,4936,0.04923014586709887,484.76924635332256,male,80-84,153,0.015537727226566466,0.0007649245778070607,0.0010637319920679738,1.652797753492434e-05
2019,E02005568,E07000146,7423,228441,251,3603,0.06966416874826534,517.1171246183736,female,80-84,146,0.01966859760204769,0.0013701965023907772,0.0010987519753459319,2.1610910467534158e-05
2019,E02005568,E07000146,7423,228441,251,3603,0.06966416874826534,517.1171246183736,male,80-84,164,0.022093493196820694,0.001539124838301969,0.0010987519753459319,2.4275269292298646e-05
2019,E02005560,E07000146,9204,228441,229,4415,0.05186862967157418,477.39886749716874,female,80-84,96,0.010430247718383311,0.0005410026562876055,0.0010024470213315473,1.0455770757043517e-05
2019,E02005560,E07000146,9204,228441,229,4415,0.05186862967157418,477.39886749716874,male,80-84,75,0.008148631029986962,0.0004226583252246918,0.0010024470213315473,8.168570903940249e-06
2019,E02005559,E07000146,7266,228441,191,3715,0.05141318977119785,373.56823687752353,female,80-84,124,0.01706578585191302,0.0008774064865990274,0.0008361021007612469,1.4268739401926042e-05
2019,E02005559,E07000146,7266,228441,191,3715,0.05141318977119785,373.56823687752353,male,80-84,89,0.012248830167905312,0.000629751429897689,0.0008361021007612469,1.0241272635253368e-05
2019,E02003743,E07000010,11376,228441,180,5507,0.032685672780098055,371.83221354639545,female,80-84,157,0.01380098452883263,0.00045109446435261905,0.0007879496237540546,1.0874480566929198e-05
2019,E02003743,E07000010,11376,228441,180,5507,0.032685672780098055,371.83221354639545,male,80-84,132,0.011603375527426161,0.00037926413563404916,0.0007879496237540546,9.14287538111245e-06
2019,E02005567,E07000146,11005,228441,321,5784,0.05549792531120332,610.7546680497925,female,80-84,338,0.030713312130849615,0.0017045251026975667,0.001405176829028064,4.3157634548976434e-05
2019,E02005567,E07000146,11005,228441,321,5784,0.05549792531120332,610.7546680497925,male,80-84,243,0.022080872330758745,0.0012254426034186646,0.001405176829028064,3.102753016390909e-05
2019,E02005551,E07000146,5246,228441,187,2808,0.06659544159544159,349.3596866096866,female,80-84,208,0.03964925657643919,0.002640459750638934,0.0008185921091222679,3.2456568566037305e-05
2019,E02005551,E07000146,5246,228441,187,2808,0.06659544159544159,349.3596866096866,male,80-84,142,0.02706824247045368,0.0018026215605323496,0.0008185921091222679,2.2157849694121624e-05
2019,E02005556,E07000146,7408,228441,229,3960,0.057828282828282826,428.39191919191916,female,80-84,159,0.021463282937365012,0.0012411847961254008,0.0010024470213315473,2.151580404855778e-05
2019,E02005556,E07000146,7408,228441,229,3960,0.057828282828282826,428.39191919191916,male,80-84,103,0.013903887688984881,0.0008040379496912975,0.0010024470213315473,1.3937910798751264e-05
2019,E02005553,E07000146,8632,228441,372,4706,0.07904802379940501,682.342541436464,female,80-84,250,0.02896200185356812,0.002289389011799265,0.0016284292224250463,4.716257015827868e-05
2019,E02005553,E07000146,8632,228441,372,4706,0.07904802379940501,682.342541436464,male,80-84,238,0.02757182576459685,0.0021794983392328998,0.0016284292224250463,4.489876679068131e-05
2019,E02005565,E07000146,6996,228441,217,3487,0.062231144250071695,435.36908517350156,female,80-84,121,0.01729559748427673,0.0010763248219352022,0.0009499170464146103,1.6429382878240114e-05
2019,E02005565,E07000146,6996,228441,217,3487,0.062231144250071695,435.36908517350156,male,80-84,89,0.012721555174385363,0.0007916769351424215,0.0009499170464146103,1.2084422117052646e-05
2019,E02005558,E07000146,7087,228441,210,3328,0.06310096153846154,447.1965144230769,female,80-84,152,0.021447721179624665,0.0013533718292431428,0.0009192745610463971,1.971634447284498e-05
2019,E02005558,E07000146,7087,228441,210,3328,0.06310096153846154,447.1965144230769,male,80-84,153,0.021588824608437984,0.0013622755912776371,0.0009192745610463971,1.9846057265429485e-05
2019,E02005555,E07000146,6847,228441,224,3227,0.06941431670281996,475.27982646420827,female,80-84,154,0.022491602161530597,0.001561239195594315,0.0009805595317828235,2.2054354884555983e-05
2019,E02005555,E07000146,6847,228441,224,3227,0.06941431670281996,475.27982646420827,male,80-84,154,0.022491602161530597,0.001561239195594315,0.0009805595317828235,2.2054354884555983e-05
2019,E02005554,E07000146,6905,228441,253,3601,0.07025826159400167,485.13329630658154,female,80-84,212,0.030702389572773353,0.0021570965181648594,0.0011075069711654214,3.400311048328303e-05
2019,E02005554,E07000146,6905,228441,253,3601,0.07025826159400167,485.13329630658154,male,80-84,188,0.02722664735698769,0.0019128969123348753,0.0011075069711654214,3.0153701749326462e-05
2019,E02005557,E07000146,6655,228441,163,3372,0.04833926453143535,321.6978054567022,female,80-84,61,0.009166040570999248,0.00044307965986740137,0.0007135321592883939,6.540264720750117e-06
2019,E02005557,E07000146,6655,228441,163,3372,0.04833926453143535,321.6978054567022,male,80-84,58,0.008715251690458302,0.0004212888569231029,0.0007135321592883939,6.218612357434537e-06
2019,E02005562,E07000146,7150,228441,311,3610,0.08614958448753463,615.9695290858725,female,80-84,135,0.01888111888111888,0.0016266005462681364,0.0013614018499306167,2.570479017351514e-05
2019,E02005562,E07000146,7150,228441,311,3610,0.08614958448753463,615.9695290858725,male,80-84,142,0.01986013986013986,0.001710942796815373,0.0013614018499306167,2.7037631145475186e-05
2019,E02005573,E07000147,5874,228441,2012,2264,0.8886925795053003,5220.180212014134,female,80-84,229,0.03898535921007831,0.03464599943934522,0.008807525794406433,0.00034336455684696516
2019,E02005573,E07000147,5874,228441,2012,2264,0.8886925795053003,5220.180212014134,male,80-84,153,0.026046986721144024,0.023147763817553787,0.008807525794406433,0.00022940950741303783
2019,E02005577,E07000147,6084,228441,1798,2279,0.78894251864853,4799.926283457657,female,80-84,123,0.02021696252465483,0.015950021333624127,0.007870741241721057,0.00015912248072512985
2019,E02005577,E07000147,6084,228441,1798,2279,0.78894251864853,4799.926283457657,male,80-84,109,0.017915844838921762,0.014134571750935203,0.007870741241721057,0.00014101097885397686
2019,E02005467,E07000140,7563,228441,18,3426,0.005253940455341506,39.73555166374781,female,80-84,200,0.02644453259288642,0.000138937999612363,7.879496237540546e-05,2.083695950691669e-06
2019,E02005467,E07000140,7563,228441,18,3426,0.005253940455341506,39.73555166374781,male,80-84,168,0.022213407378024592,0.0001167079196743849,7.879496237540546e-05,1.7503045985810017e-06
2019,E02005505,E07000143,7600,228441,2690,2978,0.9032907991940899,6865.010073875083,female,80-84,181,0.02381578947368421,0.021512583507122405,0.011775469377213372,0.00028044209964152896
2019,E02005505,E07000143,7600,228441,2690,2978,0.9032907991940899,6865.010073875083,male,80-84,126,0.016578947368421054,0.014975610618217809,0.011775469377213372,0.00019522488704327434
2019,E02003732,E07000009,9888,228441,29,3720,0.0077956989247311825,77.08387096774193,female,80-84,122,0.012338187702265371,9.618479660368166e-05,0.0001269474393825977,1.5663013354244455e-06
2019,E02003732,E07000009,9888,228441,29,3720,0.0077956989247311825,77.08387096774193,male,80-84,98,0.009911003236245955,7.726319727180986e-05,0.0001269474393825977,1.258176482554063e-06
2019,E02005503,E07000143,7420,228441,2545,2884,0.8824549237170597,6547.815533980583,female,80-84,163,0.02196765498652291,0.01938546530537476,0.011140732180300384,0.000244735760834092
2019,E02005503,E07000143,7420,228441,2545,2884,0.8824549237170597,6547.815533980583,male,80-84,114,0.015363881401617251,0.013557932790262104,0.011140732180300384,0.00017116488794531587
2019,E02005609,E07000149,7526,228441,2582,2965,0.8708263069139967,6553.838785834739,female,80-84,187,0.024847196385862344,0.02163759226586731,0.01130269960296094,0.0002808403967251788
2019,E02005609,E07000149,7526,228441,2582,2965,0.8708263069139967,6553.838785834739,male,80-84,149,0.019798033483922402,0.017240648382963793,0.01130269960296094,0.0002237712251981371
2019,E02005610,E07000149,8162,228441,2505,3035,0.8253706754530478,6736.675453047776,female,80-84,150,0.018377848566527813,0.015168537284728887,0.010965632263910594,0.00020152472918238046
2019,E02005610,E07000149,8162,228441,2505,3035,0.8253706754530478,6736.675453047776,male,80-84,142,0.017397696642979663,0.014359548629543346,0.010965632263910594,0.00019077674362598683
2019,E02005532,E07000144,8282,228441,2878,3062,0.9399085564990203,7784.322664924886,female,80-84,253,0.0305481767688964,0.028712492730530323,0.012598438984245385,0.00038485934110288366
2019,E02005532,E07000144,8282,228441,2878,3062,0.9399085564990203,7784.322664924886,male,80-84,171,0.020647186669886502,0.019406467418658837,0.012598438984245385,0.00026012232145688975
2019,E02005605,E07000149,10777,228441,3610,3878,0.9308922124806601,10032.225373904073,female,80-84,160,0.01484643221675791,0.013820428133701922,0.01580276745417854,0.00023461471584564967
2019,E02005605,E07000149,10777,228441,3610,3878,0.9308922124806601,10032.225373904073,male,80-84,145,0.013454579196436856,0.012524762996167367,0.01580276745417854,0.00021261958623512
2019,E02005515,E07000143,6424,228441,2077,2285,0.9089715536105033,5839.233260393873,female,80-84,105,0.016344956413449564,0.01485710042482921,0.009092063158539842,0.00014860937603466428
2019,E02005515,E07000143,6424,228441,2077,2285,0.9089715536105033,5839.233260393873,male,80-84,103,0.01603362391033624,0.014574108035784846,0.009092063158539842,0.00014577872125305164
2019,E02005592,E07000148,9394,228441,2364,2555,0.9252446183953034,8691.74794520548,female,80-84,46,0.0048967426016606344,0.004530684739853519,0.010348405058636585,5.0673475909866184e-05
2019,E02005592,E07000148,9394,228441,2364,2555,0.9252446183953034,8691.74794520548,male,80-84,70,0.007451564828614009,0.006894520256298833,0.010348405058636585,7.711181116718766e-05
2019,E02006273,E07000245,6726,228441,75,2935,0.02555366269165247,171.8739352640545,female,80-84,123,0.018287243532560213,0.0004673060527911468,0.0003283123432308561,6.003927775408162e-06
2019,E02006273,E07000245,6726,228441,75,2935,0.02555366269165247,171.8739352640545,male,80-84,167,0.024829021706809395,0.0006344724456595245,0.0003283123432308561,8.151674296692383e-06
2019,E02005596,E07000148,9370,228441,3497,3688,0.9482104121475055,8884.731561822126,female,80-84,145,0.015474919957310566,0.01467348023067111,0.015308110190377384,0.00023689177989378023
2019,E02005596,E07000148,9370,228441,3497,3688,0.9482104121475055,8884.731561822126,male,80-84,103,0.010992529348986126,0.010423230784545684,0.015308110190377384,0.00016827485054523697
2019,E02005524,E07000144,5487,228441,1872,2021,0.9262741217219198,5082.466105888174,female,80-84,121,0.0220521232002916,0.020426311049453673,0.008194676087042168,0.00018071000665793738
2019,E02005524,E07000144,5487,228441,1872,2021,0.9262741217219198,5082.466105888174,male,80-84,106,0.019318388919263713,0.017894123729273462,0.008194676087042168,0.00015830793971687075
2019,E02005534,E07000144,7281,228441,2498,2697,0.9262143121987393,6743.766407119021,female,80-84,181,0.024859222634253535,0.02302496779398047,0.01093498977854238,0.00027183534540807183
2019,E02005534,E07000144,7281,228441,2498,2697,0.9262143121987393,6743.766407119021,male,80-84,128,0.01758000274687543,0.016282850152649173,0.01093498977854238,0.0001922371503438298
2019,E02005585,E07000148,11017,228441,3685,3934,0.9367056431113371,10319.6860701576,female,80-84,100,0.009076881183625306,0.008502365826552937,0.016131079797409395,0.00014641989468466366
2019,E02005585,E07000148,11017,228441,3685,3934,0.9367056431113371,10319.6860701576,male,80-84,79,0.007170736135063992,0.00671686900297682,0.016131079797409395,0.00011567171680088428
2019,E02005527,E07000144,8922,228441,2984,3250,0.9181538461538462,8191.768615384616,female,80-84,187,0.0209594261376373,0.019243977721449142,0.013062453762678328,0.00027378153481515886
2019,E02005527,E07000144,8922,228441,2984,3250,0.9181538461538462,8191.768615384616,male,80-84,142,0.01591571396547859,0.014613073991688652,0.013062453762678328,0.00020789827777407784
2019,E02005584,E07000148,10955,228441,3703,3961,0.9348649330977026,10241.445342085332,female,80-84,109,0.009949794614331356,0.009301714076462764,0.016209874759784804,0.00016128492458389264
2019,E02005584,E07000148,10955,228441,3703,3961,0.9348649330977026,10241.445342085332,male,80-84,101,0.009219534459151073,0.00861901946534623,0.016209874759784804,0.00014944749892635922
2019,E02005590,E07000148,11086,228441,3673,3972,0.92472306143001,10251.479859013092,female,80-84,162,0.014613025437488724,0.013513001619309184,0.01607854982249246,0.00023495625755401214
2019,E02005590,E07000148,11086,228441,3673,3972,0.92472306143001,10251.479859013092,male,80-84,100,0.009020386072523904,0.008341359024264928,0.01607854982249246,0.00014503472688519268
2019,E02005607,E07000149,11561,228441,3943,4219,0.9345816544204788,10804.698506755156,female,80-84,189,0.01634806677623043,0.015278603294305897,0.01726047425812354,0.00028217538576121005
2019,E02005607,E07000149,11561,228441,3943,4219,0.9345816544204788,10804.698506755156,male,80-84,192,0.016607559899662658,0.015521120806913927,0.01726047425812354,0.0002866543601383721
2019,E02005601,E07000149,5673,228441,2051,2209,0.9284744228157538,5267.235400633771,female,80-84,152,0.026793583641812092,0.024877157106997103,0.008978248212886479,0.00024055944444892382
2019,E02005601,E07000149,5673,228441,2051,2209,0.9284744228157538,5267.235400633771,male,80-84,85,0.014983254010223868,0.013911568119044435,0.008978248212886479,0.0001345233735405166
2019,E02005516,E07000143,6908,228441,1676,2829,0.592435489572287,4092.5443619653583,female,80-84,106,0.015344528083381586,0.009090643007333876,0.007336686496732198,0.00011257799198807368
2019,E02005516,E07000143,6908,228441,1676,2829,0.592435489572287,4092.5443619653583,male,80-84,116,0.01679212507237985,0.00994825083821443,0.007336686496732198,0.00012319855726996743
2019,E02005465,E07000140,8563,228441,11,3284,0.0033495736906211937,28.68239951278928,female,80-84,148,0.017283662267896766,5.789290041012924e-05,4.815247700719223e-05,8.322511499549749e-07
2019,E02005465,E07000140,8563,228441,11,3284,0.0033495736906211937,28.68239951278928,male,80-84,153,0.017867569776947333,5.984874164020118e-05,4.815247700719223e-05,8.603677428588593e-07
2019,E02005588,E07000148,12054,228441,3867,4106,0.9417924987822699,11352.366780321481,female,80-84,87,0.007217521154803385,0.006797407283396174,0.016927784416982943,0.00012217664213352546
2019,E02005588,E07000148,12054,228441,3867,4106,0.9417924987822699,11352.366780321481,male,80-84,75,0.0062220009955201595,0.005859833864996702,0.016927784416982943,0.00010532469149441851
2019,E02005523,E07000144,8470,228441,2828,3036,0.9314888010540184,7889.710144927536,female,80-84,101,0.01192443919716647,0.011107481571010136,0.012379564088758148,0.00014761935926382204
2019,E02005523,E07000144,8470,228441,2828,3036,0.9314888010540184,7889.710144927536,male,80-84,84,0.009917355371900827,0.00923790546499853,0.012379564088758148,0.00012277253641743618
2019,E02006241,E07000245,9054,228441,39,3755,0.010386151797603195,94.03621837549933,female,80-84,148,0.01634636624696267,0.00016977584118017152,0.00017072241848004518,2.7906911790420464e-06
2019,E02006241,E07000245,9054,228441,39,3755,0.010386151797603195,94.03621837549933,male,80-84,137,0.015131433620499226,0.00015715736649786146,0.00017072241848004518,2.583274942761894e-06
2019,E02005598,E07000149,9977,228441,3359,3607,0.9312448017743277,9291.029387302468,female,80-84,168,0.016838729076876818,0.01568097892132776,0.014704015478832608,0.00024759693299026544
2019,E02005598,E07000149,9977,228441,3359,3607,0.9312448017743277,9291.029387302468,male,80-84,154,0.015435501653803748,0.014374230677883779,0.014704015478832608,0.00022696385524107664
2019,E02005576,E07000147,6730,228441,2567,2849,0.901017901017901,6063.8504738504735,female,80-84,183,0.027191679049034176,0.024500189581913207,0.011237037134314768,0.0003055539072183659
2019,E02005576,E07000147,6730,228441,2567,2849,0.901017901017901,6063.8504738504735,male,80-84,173,0.025705794947994055,0.023161381408038167,0.011237037134314768,0.00028885697239769013
2019,E02005525,E07000144,10164,228441,3168,3381,0.9370008873114463,9523.67701863354,female,80-84,157,0.01544667453758363,0.014473547747726984,0.013867913378071361,0.00021421314446647027
2019,E02005525,E07000144,10164,228441,3168,3381,0.9370008873114463,9523.67701863354,male,80-84,155,0.015249901613537977,0.01428917134329734,0.013867913378071361,0.00021148431460065535
2019,E02003738,E07000009,6280,228441,13,2354,0.0055225148683092605,34.68139337298216,female,80-84,106,0.016878980891719745,9.321442293643019e-05,5.690747282668173e-05,9.605401464376216e-07
2019,E02003738,E07000009,6280,228441,13,2354,0.0055225148683092605,34.68139337298216,male,80-84,73,0.01162420382165605,6.419483843735286e-05,5.690747282668173e-05,6.615040631127016e-07
2019,E02005603,E07000149,11652,228441,3684,3943,0.9343139741313721,10886.626426578747,female,80-84,143,0.012272571232406455,0.011466434800960025,0.01612670229949965,0.00019791610271442244
2019,E02005603,E07000149,11652,228441,3684,3943,0.9343139741313721,10886.626426578747,male,80-84,107,0.009182972880192241,0.008579779886033026,0.01612670229949965,0.00014809106986323915
2019,E02005600,E07000149,6635,228441,2020,2210,0.9140271493212669,6064.570135746606,female,80-84,108,0.01627731725697061,0.014877909890986711,0.008842545777684391,0.00014393292298265476
2019,E02005600,E07000149,6635,228441,2020,2210,0.9140271493212669,6064.570135746606,male,80-84,96,0.014468726450640543,0.013224808791988188,0.008842545777684391,0.000127940375984582
2019,E02005513,E07000143,9953,228441,3432,3696,0.9285714285714286,9242.07142857143,female,80-84,200,0.020094443886265446,0.018659126465817914,0.015023572826243975,0.00030189034112818193
2019,E02005513,E07000143,9953,228441,3432,3696,0.9285714285714286,9242.07142857143,male,80-84,156,0.015673666231287048,0.014554118643337973,0.015023572826243975,0.0002354744660799819
2019,E02006238,E07000245,9785,228441,133,4511,0.029483484814896918,288.4958989137663,female,80-84,182,0.018599897802759325,0.0005483898044262891,0.0005822072219960515,1.0828994829154968e-05
2019,E02006238,E07000245,9785,228441,133,4511,0.029483484814896918,288.4958989137663,male,80-84,159,0.016249361267245785,0.0004790877961746152,0.0005822072219960515,9.460495482613407e-06
2019,E02005572,E07000147,7738,228441,3064,3314,0.9245624622812312,7154.264333132167,female,80-84,216,0.02791418971310416,0.025808411973732997,0.013412653595457909,0.0003744033570197607
2019,E02005572,E07000147,7738,228441,3064,3314,0.9245624622812312,7154.264333132167,male,80-84,155,0.020031015766347894,0.01851992525892877,0.013412653595457909,0.0002686690756391801
2019,E02005518,E07000143,11391,228441,609,4444,0.13703870387038705,1561.007875787579,female,80-84,162,0.014221754016328681,0.001948930737161154,0.0026658962270345514,3.791372037394411e-05
2019,E02005518,E07000143,11391,228441,609,4444,0.13703870387038705,1561.007875787579,male,80-84,150,0.01316829075585989,0.0018045654973714387,0.0026658962270345514,3.510529664254084e-05
2019,E02005574,E07000147,7117,228441,2517,2774,0.9073540014419611,6457.638428262437,female,80-84,164,0.023043417170155966,0.020908536776237406,0.01101816223882753,0.00025389610891776243
2019,E02005574,E07000147,7117,228441,2517,2774,0.9073540014419611,6457.638428262437,male,80-84,167,0.023464943094000282,0.02129101000994907,0.01101816223882753,0.0002585405499345507
2019,E02005570,E07000147,7365,228441,2562,2824,0.9072237960339944,6681.703257790368,female,80-84,267,0.03625254582484725,0.03288917223911426,0.011215149644766045,0.0004065777264294004
2019,E02005570,E07000147,7365,228441,2562,2824,0.9072237960339944,6681.703257790368,male,80-84,192,0.026069246435845215,0.023650640711273173,0.011215149644766045,0.00029237049990428796
2019,E02005521,E07000144,8781,228441,2751,2985,0.9216080402010051,8092.640201005025,female,80-84,136,0.015487985423072543,0.014273851892419621,0.012042496749707803,0.00018651401411687294
2019,E02005521,E07000144,8781,228441,2751,2985,0.9216080402010051,8092.640201005025,male,80-84,148,0.01685457237216718,0.015533309412339,0.012042496749707803,0.0002029711330095382
2019,E02003746,E07000010,7756,228441,12,3266,0.003674219228413962,28.49724433557869,female,80-84,129,0.0166322846828262,6.111066019409503e-05,5.252997491693698e-05,8.736934972002153e-07
2019,E02003746,E07000010,7756,228441,12,3266,0.003674219228413962,28.49724433557869,male,80-84,115,0.01482723053120165,5.447849552186767e-05,5.252997491693698e-05,7.788740478916649e-07
2019,E02003751,E07000010,7027,228441,8,3191,0.0025070510811657787,17.617047947351928,female,80-84,142,0.02020777002988473,5.066191170137193e-05,3.501998327795798e-05,7.076757685313837e-07
2019,E02003751,E07000010,7027,228441,8,3191,0.0025070510811657787,17.617047947351928,male,80-84,95,0.013519282766472178,3.3893532476269954e-05,3.501998327795798e-05,4.734450564118412e-07
2019,E02005575,E07000147,7169,228441,2376,2621,0.9065242273941244,6498.872186188478,female,80-84,165,0.0230157623099456,0.02086434614591024,0.010400935033553521,0.0002393854485334539
2019,E02005575,E07000147,7169,228441,2376,2621,0.9065242273941244,6498.872186188478,male,80-84,142,0.019807504533407728,0.017955982743753058,0.010400935033553521,0.00020601656782879063
2019,E02005468,E07000140,7623,228441,12,2918,0.00411240575736806,31.348869088416723,female,80-84,147,0.01928374655647383,7.930259036246948e-05,5.252997491693698e-05,1.0129747229161401e-06
2019,E02005468,E07000140,7623,228441,12,2918,0.00411240575736806,31.348869088416723,male,80-84,141,0.018496654860291225,7.606574993951154e-05,5.252997491693698e-05,9.716288158583385e-07
2019,E02003750,E07000010,7481,228441,9,3479,0.0025869502730669733,19.352974992814026,female,80-84,178,0.02379361047988237,6.155288712818089e-05,3.939748118770273e-05,9.374083212686922e-07
2019,E02003750,E07000010,7481,228441,9,3479,0.0025869502730669733,19.352974992814026,male,80-84,152,0.020318139286191684,5.2562015974626376e-05,3.939748118770273e-05,8.004835102968606e-07
2019,E02005508,E07000143,7007,228441,2441,2632,0.9274316109422492,6498.51329787234,female,80-84,121,0.01726844583987441,0.016015302543743705,0.01068547239768693,0.0001845215013729297
2019,E02005508,E07000143,7007,228441,2441,2632,0.9274316109422492,6498.51329787234,male,80-84,110,0.015698587127158554,0.014559365948857915,0.01068547239768693,0.0001677468194299361
2019,E02003753,E07000011,11314,228441,11,3948,0.002786220871327254,31.523302938196554,female,80-84,134,0.01184373342761181,3.29992572704483e-05,4.815247700719223e-05,5.703051015523917e-07
2019,E02003753,E07000011,11314,228441,11,3948,0.002786220871327254,31.523302938196554,male,80-84,116,0.010252784161216192,2.856652121919405e-05,4.815247700719223e-05,4.936969535826674e-07
2019,E02005599,E07000149,6569,228441,2263,2427,0.9324268644416975,6125.1120725175115,female,80-84,123,0.018724311158471608,0.01745905074232437,0.009906277769752366,0.00018548822738309346
2019,E02005599,E07000149,6569,228441,2263,2427,0.9324268644416975,6125.1120725175115,male,80-84,117,0.017810930126351043,0.01660738973050367,0.009906277769752366,0.00017644002116928403
2019,E02003245,E06000031,7836,228441,8,2848,0.0028089887640449437,22.01123595505618,female,80-84,68,0.008677896886166412,2.4376114848782057e-05,3.501998327795798e-05,3.038998038413914e-07
2019,E02003245,E06000031,7836,228441,8,2848,0.0028089887640449437,22.01123595505618,male,80-84,32,0.00408371618172537,1.1471112870015084e-05,3.501998327795798e-05,1.430116723959489e-07
2019,E02005526,E07000144,5348,228441,1968,2102,0.9362511893434824,5007.071360608944,female,80-84,140,0.02617801047120419,0.024509193438311056,0.008614915886377665,0.00022552135828213783
2019,E02005526,E07000144,5348,228441,1968,2102,0.9362511893434824,5007.071360608944,male,80-84,122,0.02281226626776365,0.02135801142481392,0.008614915886377665,0.00019652575507443437
2019,E02005528,E07000144,8597,228441,2743,2924,0.9380984952120383,8064.832763337893,female,80-84,180,0.020937536349889495,0.019641471343278687,0.012007476766429845,0.00025140698126757845
2019,E02005528,E07000144,8597,228441,2743,2924,0.9380984952120383,8064.832763337893,male,80-84,130,0.015121554030475748,0.014185507081256831,0.012007476766429845,0.0001815717086932511
2019,E02005530,E07000144,5483,228441,2031,2157,0.9415855354659249,5162.713490959666,female,80-84,104,0.01896771840233449,0.017859729288429,0.008890698254691583,0.00016863626089511666
2019,E02005530,E07000144,5483,228441,2031,2157,0.9415855354659249,5162.713490959666,male,80-84,131,0.023892029910632866,0.022496389776771143,0.008890698254691583,0.0002124168286275027
2019,E02005581,E07000147,8362,228441,2689,2942,0.9140040788579198,7642.9021074099255,female,80-84,118,0.014111456589332695,0.012897928881276553,0.011771091879303627,0.00016610725206383974
2019,E02005581,E07000147,8362,228441,2689,2942,0.9140040788579198,7642.9021074099255,male,80-84,117,0.013991867974168858,0.012788624399231835,0.011771091879303627,0.00016469956348702755
2019,E02006274,E07000245,6820,228441,80,2816,0.028409090909090908,193.75,female,80-84,107,0.015689149560117303,0.0004457144761396961,0.0003501998327795799,5.4943375524068984e-06
2019,E02006274,E07000245,6820,228441,80,2816,0.028409090909090908,193.75,male,80-84,74,0.010850439882697948,0.0003082511330311917,0.0003501998327795799,3.7998222325057056e-06
2019,E02005586,E07000148,9889,228441,3031,3232,0.937809405940594,9273.997215346535,female,80-84,65,0.006572959854383658,0.006164183576310912,0.013268196164436332,8.721132072892725e-05
2019,E02005586,E07000148,9889,228441,3031,3232,0.937809405940594,9273.997215346535,male,80-84,47,0.004752755587015876,0.004457178893640198,0.013268196164436332,6.30604934501474e-05
2019,E02006908,E07000148,5715,228441,1741,1868,0.9320128479657388,5326.453426124197,female,80-84,64,0.011198600174978127,0.010437239242310985,0.007621223860865606,8.534703886183706e-05
2019,E02006908,E07000148,5715,228441,1741,1868,0.9320128479657388,5326.453426124197,male,80-84,53,0.009273840769903762,0.008643338747538785,0.007621223860865606,7.067801655745882e-05
2019,E02006281,E07000245,8800,228441,31,4082,0.007594316511513963,66.82998530132288,female,80-84,272,0.03090909090909091,0.00023473341944679524,0.0001357024352020872,4.194438906246332e-06
2019,E02006281,E07000245,8800,228441,31,4082,0.007594316511513963,66.82998530132288,male,80-84,203,0.023068181818181818,0.00017518707407242437,0.0001357024352020872,3.130408448411784e-06
2019,E02006316,E07000244,7206,228441,1008,3252,0.30996309963099633,2233.5940959409595,female,80-84,223,0.030946433527615877,0.009592252458744406,0.0044125178930227065,0.00013655169166584285
2019,E02006316,E07000244,7206,228441,1008,3252,0.30996309963099633,2233.5940959409595,male,80-84,181,0.02511795725784069,0.007785639888039181,0.0044125178930227065,0.0001108334358364016
2019,E02006307,E07000244,7303,228441,507,3269,0.15509330070357907,1132.646375038238,female,80-84,191,0.026153635492263454,0.004056253653893414,0.0022193914402405873,5.8045154742701926e-05
2019,E02006307,E07000244,7303,228441,507,3269,0.15509330070357907,1132.646375038238,male,80-84,178,0.024373545118444476,0.003780173562267161,0.0022193914402405873,5.409443740419342e-05
2019,E02006302,E07000244,6742,228441,476,3081,0.15449529373580007,1041.607270366764,female,80-84,144,0.021358647285671908,0.00329981048619923,0.0020836890050385,4.450477851164996e-05
2019,E02006302,E07000244,6742,228441,476,3081,0.15449529373580007,1041.607270366764,male,80-84,127,0.018837140314446752,0.002910249526022932,0.0020836890050385,3.925074215958017e-05
2019,E02006907,E07000148,6796,228441,1842,1988,0.9265593561368209,6296.897384305835,female,80-84,61,0.008975868157739847,0.008316674621004426,0.008063351149749825,7.237557682971444e-05
2019,E02006907,E07000148,6796,228441,1842,1988,0.9265593561368209,6296.897384305835,male,80-84,54,0.007945850500294291,0.007362302123512115,0.008063351149749825,6.40701827672882e-05
2019,E02006304,E07000244,7774,228441,519,3641,0.14254325734688272,1108.1312826146664,female,80-84,196,0.0252122459480319,0.0035938356624632124,0.0022719214151575243,5.728024149355219e-05
2019,E02006304,E07000244,7774,228441,519,3641,0.14254325734688272,1108.1312826146664,male,80-84,159,0.02045279135580139,0.002915407501692096,0.0022719214151575243,4.646713468099388e-05
2019,E02006309,E07000244,6899,228441,465,3371,0.1379412637199644,951.6567784040344,female,80-84,177,0.02565589215828381,0.0035390061861767935,0.002035536528031308,5.222350564741869e-05
2019,E02006309,E07000244,6899,228441,465,3371,0.1379412637199644,951.6567784040344,male,80-84,154,0.022322075663139585,0.0030791353258261367,0.002035536528031308,4.543740039379931e-05
2019,E02006825,E07000009,6602,228441,13,2349,0.005534269902085994,36.53724989357173,female,80-84,105,0.01590427143289912,8.801853070569969e-05,5.690747282668173e-05,9.050718943958772e-07
2019,E02006825,E07000009,6602,228441,13,2349,0.005534269902085994,36.53724989357173,male,80-84,113,0.017116025446834292,9.4724704473753e-05,5.690747282668173e-05,9.740297530165154e-07
2019,E02005608,E07000149,7756,228441,2353,3208,0.7334788029925187,5688.861596009975,female,80-84,134,0.017276946879834967,0.012672274316786681,0.010300252581629392,0.00017795691670169397
2019,E02005608,E07000149,7756,228441,2353,3208,0.7334788029925187,5688.861596009975,male,80-84,161,0.02075812274368231,0.015225643022407878,0.010300252581629392,0.0002138139073803935
2019,E02005587,E07000148,9985,228441,3668,3934,0.9323843416370107,9309.857651245551,female,80-84,220,0.022033049574361543,0.020543270421646706,0.016056662332943734,0.00035377723718053297
2019,E02005587,E07000148,9985,228441,3668,3934,0.9323843416370107,9309.857651245551,male,80-84,145,0.014521782674011016,0.013539882777903509,0.016056662332943734,0.0002331713608689876
2019,E02006308,E07000244,7736,228441,477,3755,0.12703062583222371,982.7089214380827,female,80-84,82,0.010599793174767322,0.0013464983606828263,0.0020880665029482447,2.2133073066411072e-05
2019,E02006308,E07000244,7736,228441,477,3755,0.12703062583222371,982.7089214380827,male,80-84,92,0.011892450879007239,0.0015107054778392686,0.0020880665029482447,2.4832228318412423e-05
2019,E02006305,E07000244,10024,228441,525,4350,0.1206896551724138,1209.7931034482758,female,80-84,80,0.007980845969672785,0.0009632055480639568,0.002298186402615993,1.8341471688874645e-05
2019,E02006305,E07000244,10024,228441,525,4350,0.1206896551724138,1209.7931034482758,male,80-84,63,0.006284916201117319,0.000758524369100366,0.002298186402615993,1.4443908954988783e-05
2019,E02006314,E07000244,7383,228441,1607,3302,0.4866747425802544,3593.119624470018,female,80-84,159,0.021535960991466884,0.010481008271740547,0.00703463914095981,0.0001514977141287566
2019,E02006314,E07000244,7383,228441,1607,3302,0.4866747425802544,3593.119624470018,male,80-84,111,0.015034538805363673,0.007316930302913211,0.00703463914095981,0.00010576255514649044
2019,E02006279,E07000245,8825,228441,36,4024,0.008946322067594433,78.95129224652088,female,80-84,179,0.02028328611898017,0.00018146081020956414,0.00015758992475081092,3.1964415331892528e-06
2019,E02006279,E07000245,8825,228441,36,4024,0.008946322067594433,78.95129224652088,male,80-84,162,0.018356940509915015,0.0001642271019773709,0.00015758992475081092,2.89286887361262e-06
2019,E02006315,E07000244,5848,228441,517,2641,0.19575918212798182,1144.7996970844376,female,80-84,172,0.029411764705882353,0.005757623003764171,0.002263166419338035,6.656371821582455e-05
2019,E02006315,E07000244,5848,228441,517,2641,0.19575918212798182,1144.7996970844376,male,80-84,142,0.024281805745554035,0.004753386433340188,0.002263166419338035,5.495376736422725e-05
2019,E02006276,E07000245,6874,228441,26,2902,0.00895933838731909,61.586492074431426,female,80-84,171,0.024876345650276403,0.00022287559852073968,0.00011381494565336345,2.831299928240493e-06
2019,E02006276,E07000245,6874,228441,26,2902,0.00895933838731909,61.586492074431426,male,80-84,160,0.02327611288914751,0.00020853857171531195,0.00011381494565336345,2.6491695234998766e-06
2019,E02006278,E07000245,8793,228441,28,3456,0.008101851851851851,71.23958333333333,female,80-84,192,0.02183555100648243,0.00017690839935807524,0.00012256994147285294,2.6763822088920466e-06
2019,E02006278,E07000245,8793,228441,28,3456,0.008101851851851851,71.23958333333333,male,80-84,105,0.011941316956670079,9.674678089894739e-05,0.00012256994147285294,1.4636465204878379e-06
2019,E02006277,E07000245,7994,228441,17,2787,0.006099748833871547,48.76139217796914,female,80-84,66,0.00825619214410808,5.036069840324269e-05,7.441746446566072e-05,6.144048855058302e-07
2019,E02006277,E07000245,7994,228441,17,2787,0.006099748833871547,48.76139217796914,male,80-84,65,0.008131098323742807,4.9597657518345075e-05,7.441746446566072e-05,6.050957205739238e-07
2019,E02006275,E07000245,7142,228441,24,3181,0.007544797233574348,53.88494184218799,female,80-84,103,0.014421730607672921,0.00010880903319212516,0.00010505994983387396,1.5151462941597618e-06
2019,E02006275,E07000245,7142,228441,24,3181,0.007544797233574348,53.88494184218799,male,80-84,82,0.01148137776533184,8.66246672014977e-05,0.00010505994983387396,1.206232972049519e-06
2019,E02005550,E07000145,7234,228441,448,3415,0.13118594436310396,948.999121522694,female,80-84,148,0.02045894387614045,0.0026839258730632274,0.001961119063565647,4.012242485591868e-05
2019,E02005550,E07000145,7234,228441,448,3415,0.13118594436310396,948.999121522694,male,80-84,122,0.016864805087088746,0.0022124253818494167,0.001961119063565647,3.307389075960864e-05
2019,E02003758,E07000011,9606,228441,8,3798,0.00210637177461822,20.23380726698262,female,80-84,100,0.010410160316468874,2.1927667859860712e-05,3.501998327795798e-05,3.6456364020360173e-07
2019,E02003758,E07000011,9606,228441,8,3798,0.00210637177461822,20.23380726698262,male,80-84,108,0.011242973141786383,2.3681881288649566e-05,3.501998327795798e-05,3.937287314198898e-07
2019,E02003775,E07000012,6886,228441,8,2586,0.0030935808197989174,21.302397525135344,female,80-84,75,0.010891664246296834,3.369424360803352e-05,3.501998327795798e-05,3.8142589977444794e-07
2019,E02003775,E07000012,6886,228441,8,2586,0.0030935808197989174,21.302397525135344,male,80-84,85,0.012343886145803078,3.818680942243799e-05,3.501998327795798e-05,4.32282686411041e-07
2019,E02005531,E07000144,5447,228441,1858,1969,0.9436262061960387,5139.931945149822,female,80-84,98,0.01799155498439508,0.01697730277349216,0.008133391116305741,0.0001463323534786052
2019,E02005531,E07000144,5447,228441,1858,1969,0.9436262061960387,5139.931945149822,male,80-84,83,0.015237745548008079,0.014378736022447441,0.008133391116305741,0.00012393454427269627
2019,E02005536,E07000144,6216,228441,2430,2679,0.9070548712206047,5638.253079507279,female,80-84,114,0.01833976833976834,0.016635176209644296,0.010637319920679738,0.00019508598310126934
2019,E02005536,E07000144,6216,228441,2430,2679,0.9070548712206047,5638.253079507279,male,80-84,114,0.01833976833976834,0.016635176209644296,0.010637319920679738,0.00019508598310126934
2019,E02005582,E07000147,6991,228441,2342,3094,0.7569489334195216,5291.8299935358755,female,80-84,175,0.025032184236875983,0.018948085159264237,0.0102521001046222,0.00025663245863379844
2019,E02005582,E07000147,6991,228441,2342,3094,0.7569489334195216,5291.8299935358755,male,80-84,138,0.01973966528393649,0.014941918582734083,0.0102521001046222,0.00020237302452265249
2019,E02005522,E07000144,5534,228441,1858,1985,0.9360201511335012,5179.935516372796,female,80-84,91,0.0164438019515721,0.01539172998791988,0.008133391116305741,0.00013374387271120752
2019,E02005522,E07000144,5534,228441,1858,1985,0.9360201511335012,5179.935516372796,male,80-84,93,0.016805204192265992,0.015730009767874163,0.008133391116305741,0.00013668329848508023
2019,E02005549,E07000145,5270,228441,397,2637,0.15054986727341677,793.3978005309064,female,80-84,91,0.01726755218216319,0.0025996276891614664,0.001737866670168665,3.0008703412779607e-05
2019,E02005549,E07000145,5270,228441,397,2637,0.15054986727341677,793.3978005309064,male,80-84,95,0.018026565464895637,0.0027138970381355965,0.001737866670168665,3.132776729905563e-05
2019,E02005606,E07000149,5848,228441,1025,2229,0.4598474652310453,2689.187976671153,female,80-84,117,0.02000683994528044,0.009200094636120435,0.004486935357488367,8.976939754208943e-05
2019,E02005606,E07000149,5848,228441,1025,2229,0.4598474652310453,2689.187976671153,male,80-84,118,0.02017783857729138,0.009278727923608643,0.004486935357488367,9.053665735014147e-05
2019,E02005529,E07000144,5904,228441,2426,2537,0.9562475364603863,5645.685455262121,female,80-84,179,0.03031842818428184,0.02899192226057065,0.010619809929040758,0.00032197594466434545
2019,E02005529,E07000144,5904,228441,2426,2537,0.9562475364603863,5645.685455262121,male,80-84,147,0.024898373983739838,0.023809008783820595,0.010619809929040758,0.00026441599924949044
2019,E02006310,E07000244,8522,228441,490,3371,0.14535746069415603,1238.7362800355977,female,80-84,136,0.01595869514198545,0.002319715401831169,0.0021449739757749267,3.423098576688454e-05
2019,E02006310,E07000244,8522,228441,490,3371,0.14535746069415603,1238.7362800355977,male,80-84,111,0.0130251114761793,0.0018932971294357331,0.0021449739757749267,2.7938525147971938e-05
2019,E02005541,E07000145,5924,228441,391,2884,0.1355755894590846,803.1497919556172,female,80-84,121,0.020425388251181634,0.002769184052084611,0.0017116016827101964,3.496012890073156e-05
2019,E02005541,E07000145,5924,228441,391,2884,0.1355755894590846,803.1497919556172,male,80-84,102,0.017218095881161376,0.00233435349845149,0.0017116016827101964,2.947052188326131e-05
2019,E02005537,E07000144,6050,228441,1455,2548,0.5710361067503925,3454.768445839875,female,80-84,148,0.02446280991735537,0.013969147735381502,0.0063692594586786085,0.00015580998345197255
2019,E02005537,E07000144,6050,228441,1455,2548,0.5710361067503925,3454.768445839875,male,80-84,111,0.018347107438016527,0.010476860801536127,0.0063692594586786085,0.00011685748758897941
2019,E02005546,E07000145,7892,228441,496,3877,0.12793396956409595,1009.6548877998453,female,80-84,123,0.015585402939685758,0.001993902465329929,0.002171238963233395,3.383963412033802e-05
2019,E02005546,E07000145,7892,228441,496,3877,0.12793396956409595,1009.6548877998453,male,80-84,94,0.011910795742524075,0.0015237953800082385,0.002171238963233395,2.586118379928271e-05
2019,E02005543,E07000145,9707,228441,592,4599,0.12872363557295063,1249.5203305066318,female,80-84,72,0.007417327701658597,0.0009547853879934528,0.0025914787625688908,1.9221847213862177e-05
2019,E02005543,E07000145,9707,228441,592,4599,0.12872363557295063,1249.5203305066318,male,80-84,60,0.00618110641804883,0.0007956544899945439,0.0025914787625688908,1.6018206011551813e-05
2019,E02005484,E07000141,7211,228441,9,2876,0.003129346314325452,22.565716272600834,female,80-84,121,0.016779919567327693,5.251017945269445e-05,3.939748118770273e-05,6.610865654849577e-07
2019,E02005484,E07000141,7211,228441,9,2876,0.003129346314325452,22.565716272600834,male,80-84,110,0.015254472333934267,4.7736526775176775e-05,3.939748118770273e-05,6.00987786804507e-07
2019,E02005539,E07000145,7534,228441,806,3487,0.23114425007169487,1741.440780040149,female,80-84,137,0.018184231483939474,0.004203180549485293,0.003528263315254267,6.41587568608753e-05
2019,E02005539,E07000145,7534,228441,806,3487,0.23114425007169487,1741.440780040149,male,80-84,108,0.014335014600477834,0.0033134561995942454,0.003528263315254267,5.0577706138500246e-05
2019,E02005545,E07000145,6351,228441,437,2936,0.14884196185286103,945.2952997275204,female,80-84,126,0.01983939537080775,0.0029529345289655944,0.001912966586558455,3.795210044187771e-05
2019,E02005545,E07000145,6351,228441,437,2936,0.14884196185286103,945.2952997275204,male,80-84,119,0.018737206739096204,0.002788882610689728,0.001912966586558455,3.5843650417328946e-05
2019,E02005533,E07000144,8917,228441,2992,3481,0.8595231255386383,7664.367710428038,female,80-84,154,0.01727038241561063,0.014844293073113187,0.013097473745956286,0.00022619838027108534
2019,E02005533,E07000144,8917,228441,2992,3481,0.8595231255386383,7664.367710428038,male,80-84,160,0.01794325445777728,0.015422642153883833,0.013097473745956286,0.00023501130417775102
2019,E02005583,E07000147,8736,228441,3117,4005,0.7782771535580524,6799.029213483145,female,80-84,252,0.028846153846153848,0.02245030250648228,0.01364466098467438,0.0003935959899425302
2019,E02005583,E07000147,8736,228441,3117,4005,0.7782771535580524,6799.029213483145,male,80-84,229,0.026213369963369964,0.020401266960255723,0.01364466098467438,0.0003576725464160294
2019,E02003785,E07000012,9173,228441,8,3105,0.0025764895330112722,23.6341384863124,female,80-84,133,0.01449907336749155,3.735671076970448e-05,3.501998327795798e-05,5.077573068754401e-07
2019,E02003785,E07000012,9173,228441,8,3105,0.0025764895330112722,23.6341384863124,male,80-84,112,0.012209745993677096,3.145828275343535e-05,3.501998327795798e-05,4.275851005266864e-07
2019,E02003254,E06000031,8600,228441,8,3068,0.002607561929595828,22.42503259452412,female,80-84,181,0.021046511627906977,5.488008247172614e-05,3.501998327795798e-05,7.370484852686506e-07
2019,E02003254,E06000031,8600,228441,8,3068,0.002607561929595828,22.42503259452412,male,80-84,114,0.013255813953488372,3.4565355810921435e-05,3.501998327795798e-05,4.642183829868849e-07
2019,E02003726,E07000008,8442,228441,9,2085,0.004316546762589928,36.44028776978417,female,80-84,41,0.004856669035773514,2.0964039003338907e-05,3.939748118770273e-05,1.9134052697178536e-07
2019,E02003726,E07000008,8442,228441,9,2085,0.004316546762589928,36.44028776978417,male,80-84,45,0.005330490405117271,2.3009311101225628e-05,3.939748118770273e-05,2.1000789545683758e-07
2019,E02005544,E07000145,7497,228441,439,3315,0.13242835595776772,992.8153846153846,female,80-84,75,0.010004001600640256,0.001324813484971666,0.0019217215823779444,1.9224905786093883e-05
2019,E02005544,E07000145,7497,228441,439,3315,0.13242835595776772,992.8153846153846,male,80-84,73,0.009737228224623183,0.0012894851253724216,0.0019217215823779444,1.8712241631798046e-05
2019,E02005446,E07000138,10958,228441,11,1999,0.005502751375687844,60.29914957478739,female,80-84,50,0.004562876437306078,2.510837459247967e-05,4.815247700719223e-05,2.1971380273404013e-07
2019,E02005446,E07000138,10958,228441,11,1999,0.005502751375687844,60.29914957478739,male,80-84,44,0.004015331264829348,2.2095369641382106e-05,4.815247700719223e-05,1.9334814640595528e-07
2019,E02005593,E07000148,12414,228441,2398,2647,0.9059312429165093,11246.230449565546,female,85-89,83,0.006685999677783148,0.006057055998233468,0.010497239987567906,7.018454317449139e-05
2019,E02005593,E07000148,12414,228441,2398,2647,0.9059312429165093,11246.230449565546,male,85-89,39,0.003141614306428226,0.00284608655338681,0.010497239987567906,3.2978279322953786e-05
2019,E02006287,E07000244,6179,228441,545,2715,0.2007366482504604,1240.3517495395947,female,85-89,95,0.015374656093218968,0.0030862569321562935,0.0023857363608108875,3.667987607655516e-05
2019,E02006287,E07000244,6179,228441,545,2715,0.2007366482504604,1240.3517495395947,male,85-89,73,0.011814209418999837,0.0023715448004990466,0.0023857363608108875,2.818558898514238e-05
2019,E02006233,E07000200,11790,228441,40,5050,0.007920792079207921,93.38613861386139,female,85-89,198,0.016793893129770993,0.00013302093568135442,0.00017509991638978994,2.9406092828819687e-06
2019,E02006233,E07000200,11790,228441,40,5050,0.007920792079207921,93.38613861386139,male,85-89,102,0.008651399491094147,6.852593656312195e-05,0.00017509991638978994,1.5148593275452563e-06
2019,E02006288,E07000244,9562,228441,114,3453,0.03301476976542137,315.68722849695916,female,85-89,158,0.016523739803388414,0.0005455274652725974,0.0004990347617109013,8.245920555356872e-06
2019,E02006288,E07000244,9562,228441,114,3453,0.03301476976542137,315.68722849695916,male,85-89,98,0.010248901903367497,0.00033836513668806677,0.0004990347617109013,5.114558319145401e-06
2019,E02006311,E07000244,8471,228441,917,3751,0.24446814182884563,2070.889629432151,female,85-89,142,0.01676307401723527,0.004098037556332909,0.004014165583235934,6.728975478922235e-05
2019,E02006311,E07000244,8471,228441,917,3751,0.24446814182884563,2070.889629432151,male,85-89,109,0.012867430055483414,0.00314567671577667,0.004014165583235934,5.165199487341716e-05
2019,E02006256,E07000202,9754,228441,48,4135,0.011608222490931077,113.22660217654172,female,85-89,67,0.006868976830018454,7.973661132790466e-05,0.00021011989966774792,1.4433087223435626e-06
2019,E02006256,E07000202,9754,228441,48,4135,0.011608222490931077,113.22660217654172,male,85-89,26,0.0026655730982161163,3.0942565589933154e-05,0.00021011989966774792,5.600899519542183e-07
2019,E02006251,E07000202,10928,228441,70,3797,0.018435607058203844,201.4643139320516,female,85-89,35,0.0032027818448023427,5.90452275839252e-05,0.0003064248536821324,9.81411958169348e-07
2019,E02006251,E07000202,10928,228441,70,3797,0.018435607058203844,201.4643139320516,male,85-89,27,0.002470717423133236,4.5549175564742296e-05,0.0003064248536821324,7.570892248734969e-07
2019,E02004577,E07000076,5680,228441,11,2201,0.004997728305315766,28.387096774193548,female,85-89,47,0.008274647887323943,4.135444196300017e-05,4.815247700719223e-05,3.9844479213697796e-07
2019,E02004577,E07000076,5680,228441,11,2201,0.004997728305315766,28.387096774193548,male,85-89,60,0.01056338028169014,5.279290463361724e-05,4.815247700719223e-05,5.086529261323123e-07
2019,E02005542,E07000145,7554,228441,451,3494,0.12907842014882656,975.0583858042359,female,85-89,73,0.009663754302356367,0.0012473821380545856,0.0019742515572948815,1.907868198074217e-05
2019,E02005542,E07000145,7554,228441,451,3494,0.12907842014882656,975.0583858042359,male,85-89,30,0.003971405877680699,0.0005126227964607885,0.0019742515572948815,7.840554238661165e-06
2019,E02005611,E07000149,11199,228441,3134,4161,0.753184330689738,8434.911319394376,female,85-89,186,0.01660862577015805,0.012509356684372825,0.01371907844914004,0.0002278550398732072
2019,E02005611,E07000149,11199,228441,3134,4161,0.753184330689738,8434.911319394376,male,85-89,109,0.009733011876060363,0.0073307520354657955,0.01371907844914004,0.0001335279534740838
2019,E02005595,E07000148,8952,228441,3128,3359,0.9312295325989878,8336.366775826138,female,85-89,177,0.019772117962466487,0.01841238016867972,0.013692813461681571,0.0002707359230024171
2019,E02005595,E07000148,8952,228441,3128,3359,0.9312295325989878,8336.366775826138,male,85-89,130,0.0145218945487042,0.013523217073041601,0.013692813461681571,0.0001988455931656171
2019,E02006293,E07000244,11451,228441,88,4406,0.01997276441216523,228.70812528370405,female,85-89,88,0.007684918347742555,0.0001534890636861881,0.00038521981605753786,2.960382832334585e-06
2019,E02006293,E07000244,11451,228441,88,4406,0.01997276441216523,228.70812528370405,male,85-89,83,0.007248275259802637,0.0001447680941585638,0.00038521981605753786,2.792179262315574e-06
2019,E02004521,E07000071,9189,228441,8,3522,0.002271436683702442,20.87223168654174,female,85-89,87,0.009467841984982043,2.1505603600186355e-05,3.501998327795798e-05,3.3156366799241964e-07
2019,E02004521,E07000071,9189,228441,8,3522,0.002271436683702442,20.87223168654174,male,85-89,33,0.0035912504080966375,8.157297917312068e-06,3.501998327795798e-05,1.2576552923850402e-07
2019,E02004507,E07000071,9933,228441,11,3434,0.00320326150262085,31.817996505532903,female,85-89,45,0.0045303533675626695,1.4511906535582225e-05,4.815247700719223e-05,2.1814773636601733e-07
2019,E02004507,E07000071,9933,228441,11,3434,0.00320326150262085,31.817996505532903,male,85-89,38,0.003825631732608477,1.2254498852269436e-05,4.815247700719223e-05,1.8421364404241466e-07
2019,E02004446,E07000067,6867,228441,9,2535,0.0035502958579881655,24.379881656804734,female,85-89,50,0.0072811999417504,2.5850413994380117e-05,3.939748118770273e-05,2.868609377290136e-07
2019,E02004446,E07000067,6867,228441,9,2535,0.0035502958579881655,24.379881656804734,male,85-89,33,0.004805591961555264,1.7061273236290877e-05,3.939748118770273e-05,1.8932821890114897e-07
2019,E02004589,E07000076,7733,228441,9,3538,0.002543810062182024,19.67128321085359,female,85-89,116,0.015000646579593949,3.8158795708407445e-05,3.939748118770273e-05,5.909876914229299e-07
2019,E02004589,E07000076,7733,228441,9,3538,0.002543810062182024,19.67128321085359,male,85-89,67,0.0086641665589034,2.203999407295947e-05,3.939748118770273e-05,3.413463390115198e-07
2019,E02004522,E07000071,12010,228441,9,2824,0.003186968838526912,38.27549575070822,female,85-89,71,0.005911740216486262,1.8840531851408057e-05,3.939748118770273e-05,2.3290767396560315e-07
2019,E02004522,E07000071,12010,228441,9,2824,0.003186968838526912,38.27549575070822,male,85-89,42,0.0034970857618651123,1.1145103348720258e-05,3.939748118770273e-05,1.3777637051486384e-07
2019,E02004526,E07000071,7285,228441,8,3181,0.002514932411191449,18.321282615529707,female,85-89,145,0.01990391214824983,5.005699377114071e-05,3.501998327795798e-05,6.970346705976537e-07
2019,E02004526,E07000071,7285,228441,8,3181,0.002514932411191449,18.321282615529707,male,85-89,122,0.016746739876458475,4.21169188970977e-05,3.501998327795798e-05,5.864705504338879e-07
2019,E02006235,E07000200,8200,228441,24,2985,0.008040201005025126,65.92964824120604,female,85-89,109,0.013292682926829268,0.00010687584262777301,0.00010505994983387396,1.3965286014502757e-06
2019,E02006235,E07000200,8200,228441,24,2985,0.008040201005025126,65.92964824120604,male,85-89,88,0.010731707317073172,8.628508395636721e-05,0.00010505994983387396,1.1274726323635254e-06
2019,E02004513,E07000071,13590,228441,10,3781,0.0026448029621793175,35.942872256016926,female,85-89,51,0.0037527593818984547,9.925309129591258e-06,4.3774979097447484e-05,1.642769635003548e-07
2019,E02004513,E07000071,13590,228441,10,3781,0.0026448029621793175,35.942872256016926,male,85-89,31,0.0022810890360559235,6.03303103955547e-06,4.3774979097447484e-05,9.985462487276469e-08
2019,E02004582,E07000076,7003,228441,9,3302,0.0027256208358570565,19.087522713506967,female,85-89,140,0.01999143224332429,5.4489064261029264e-05,3.939748118770273e-05,7.876120757216026e-07
2019,E02004582,E07000076,7003,228441,9,3302,0.0027256208358570565,19.087522713506967,male,85-89,77,0.010995287733828359,2.996898534356609e-05,3.939748118770273e-05,4.3318664164688136e-07
2019,E02004520,E07000071,9529,228441,11,3753,0.002930988542499334,27.929389821476153,female,85-89,38,0.003987826634484206,1.1688274175146888e-05,4.815247700719223e-05,1.9202373032566953e-07
2019,E02004520,E07000071,9529,228441,11,3753,0.002930988542499334,27.929389821476153,male,85-89,11,0.001154370867877007,3.3834477875425203e-06,4.815247700719223e-05,5.5585816673220125e-08
2019,E02004579,E07000076,7266,228441,8,3141,0.0025469595670168737,18.506208213944603,female,85-89,71,0.009771538673272778,2.4887713908367468e-05,3.501998327795798e-05,3.421991209379324e-07
2019,E02004579,E07000076,7266,228441,8,3141,0.0025469595670168737,18.506208213944603,male,85-89,61,0.008395265620699147,2.1382402090287545e-05,3.501998327795798e-05,2.940020616508997e-07
2019,E02004559,E07000074,7711,228441,8,2504,0.003194888178913738,24.635782747603834,female,85-89,83,0.010763843859421605,3.438927750613931e-05,3.501998327795798e-05,3.7694963196349535e-07
2019,E02004559,E07000074,7711,228441,8,2504,0.003194888178913738,24.635782747603834,male,85-89,89,0.01154195305407859,3.6875249374053e-05,3.501998327795798e-05,4.0419900294880826e-07
2019,E02004575,E07000076,11687,228441,12,4223,0.0028415818138763913,33.20956665877338,female,85-89,134,0.011465731154273979,3.2580813130780905e-05,5.252997491693698e-05,6.02294569938355e-07
2019,E02004575,E07000076,11687,228441,12,4223,0.0028415818138763913,33.20956665877338,male,85-89,112,0.009583297681184221,2.7231724407816875e-05,5.252997491693698e-05,5.034103868141474e-07
2019,E02004588,E07000076,7179,228441,8,3751,0.0021327645961077045,15.311117035457212,female,85-89,108,0.015043877977434183,3.2085050338436004e-05,3.501998327795798e-05,5.268363552053854e-07
2019,E02004588,E07000076,7179,228441,8,3751,0.0021327645961077045,15.311117035457212,male,85-89,51,0.0071040534893439195,1.5151273770928114e-05,3.501998327795798e-05,2.487838344025431e-07
2019,E02004512,E07000071,11610,228441,14,4353,0.0032161727544222376,37.33976567884218,female,85-89,138,0.011886304909560724,3.822841000088448e-05,6.128497073642647e-05,7.284518485466713e-07
2019,E02004512,E07000071,11610,228441,14,4353,0.0032161727544222376,37.33976567884218,male,85-89,50,0.004306632213608958,1.3850873188726262e-05,6.128497073642647e-05,2.639318291835765e-07
2019,E02004509,E07000071,14885,228441,13,4843,0.0026842865992153624,39.95560602932067,female,85-89,58,0.003896540141081626,1.0459430484010146e-05,5.690747282668173e-05,2.217422521966772e-07
2019,E02004509,E07000071,14885,228441,13,4843,0.0026842865992153624,39.95560602932067,male,85-89,63,0.00423244877393349,1.1361105525735159e-05,5.690747282668173e-05,2.4085796359294246e-07
2019,E02004585,E07000076,8674,228441,8,4088,0.0019569471624266144,16.974559686888455,female,85-89,92,0.010606409960802398,2.0756183876325633e-05,3.501998327795798e-05,3.71436299466467e-07
2019,E02004585,E07000076,8674,228441,8,4088,0.0019569471624266144,16.974559686888455,male,85-89,64,0.007378372146645147,1.4439084435704788e-05,3.501998327795798e-05,2.5839046919406396e-07
2019,E02004580,E07000076,12194,228441,9,5534,0.0016263100831225153,19.831225153595952,female,85-89,293,0.024028210595374775,3.907732117064925e-05,3.939748118770273e-05,9.466509749054371e-07
2019,E02004580,E07000076,12194,228441,9,5534,0.0016263100831225153,19.831225153595952,male,85-89,208,0.017057569296375266,2.7740896940256126e-05,3.939748118770273e-05,6.720252654618802e-07
2019,E02004590,E07000076,8402,228441,9,4502,0.0019991115059973343,16.796534873389604,female,85-89,130,0.015472506546060461,3.093126586284854e-05,3.939748118770273e-05,6.095777855750244e-07
2019,E02004590,E07000076,8402,228441,9,4502,0.0019991115059973343,16.796534873389604,male,85-89,76,0.009045465365389194,1.808289388904992e-05,3.939748118770273e-05,3.5636855156693736e-07
2019,E02004595,E07000077,14491,228441,8,5057,0.0015819655922483687,22.924263397271112,female,85-89,129,0.008902077151335312,1.4082779752952838e-05,3.501998327795798e-05,3.1175059297885446e-07
2019,E02004595,E07000077,14491,228441,8,5057,0.0015819655922483687,22.924263397271112,male,85-89,92,0.006348768200952315,1.0043532847067139e-05,3.501998327795798e-05,2.2233375623298144e-07
2019,E02006922,E07000071,13943,228441,14,5702,0.002455278849526482,34.23395299894774,female,85-89,161,0.011547012837983218,2.8351136396310957e-05,6.128497073642647e-05,7.076583438689423e-07
2019,E02006922,E07000071,13943,228441,14,5702,0.002455278849526482,34.23395299894774,male,85-89,117,0.008391307466112028,2.060299974141852e-05,6.128497073642647e-05,5.142610325010326e-07
2019,E02004523,E07000071,10335,228441,10,4139,0.0024160425223483935,24.969799468470647,female,85-89,72,0.006966618287373005,1.683164601926312e-05,4.3774979097447484e-05,3.0496356990964867e-07
2019,E02004523,E07000071,10335,228441,10,4139,0.0024160425223483935,24.969799468470647,male,85-89,34,0.003289791969037252,7.94827728687425e-06,4.3774979097447484e-05,1.4401057467955632e-07
2019,E02005579,E07000147,12901,228441,4648,5056,0.9193037974683544,11859.93829113924,female,85-89,237,0.01837066894039222,0.016888225718936518,0.02034661028449359,0.0003737808415956113
2019,E02005579,E07000147,12901,228441,4648,5056,0.9193037974683544,11859.93829113924,male,85-89,179,0.013874893419114798,0.012755242209660914,0.02034661028449359,0.00028230704913761355
2019,E02006292,E07000244,6857,228441,50,2404,0.020798668885191347,142.61647254575706,female,85-89,84,0.012250255213650285,0.00025478900194780124,0.0002188748954872374,2.6812733295796913e-06
2019,E02006292,E07000244,6857,228441,50,2404,0.020798668885191347,142.61647254575706,male,85-89,66,0.009625200525010938,0.0002001913586732724,0.0002188748954872374,2.1067147589554714e-06
2019,E02006250,E07000202,10945,228441,56,4152,0.01348747591522158,147.62042389210018,female,85-89,46,0.004202832343535861,5.6685600009154195e-05,0.0002451398829457059,1.0302818287348077e-06
2019,E02006250,E07000202,10945,228441,56,4152,0.01348747591522158,147.62042389210018,male,85-89,40,0.003654636820465966,4.929182609491669e-05,0.0002451398829457059,8.958972423780936e-07
2019,E02005594,E07000148,11105,228441,3270,3517,0.92976969007677,10325.092408302531,female,85-89,119,0.010715893741557857,0.009963313202983848,0.014314418164865327,0.00015339178402692247
2019,E02005594,E07000148,11105,228441,3270,3517,0.92976969007677,10325.092408302531,male,85-89,68,0.006123367852318776,0.005693321830276485,0.014314418164865327,8.765244801538427e-05
2019,E02005602,E07000149,12285,228441,3889,4252,0.9146284101599247,11236.210018814674,female,85-89,170,0.013838013838013839,0.012656640596433635,0.017024089370997326,0.0002355795842954453
2019,E02005602,E07000149,12285,228441,3889,4252,0.9146284101599247,11236.210018814674,male,85-89,134,0.010907610907610908,0.009976410823071219,0.017024089370997326,0.00018569214291523336
2019,E02005535,E07000144,7243,228441,2248,2438,0.9220672682526662,6678.533223954061,female,85-89,76,0.010492889686593954,0.009675150129394261,0.009840615301106194,0.00010325649080271584
2019,E02005535,E07000144,7243,228441,2248,2438,0.9220672682526662,6678.533223954061,male,85-89,56,0.007731602926963965,0.007129057990079982,0.009840615301106194,7.608373006515904e-05
2019,E02006230,E07000200,11148,228441,70,4587,0.01526051885764116,170.12426422498365,female,85-89,177,0.015877287405812703,0.00024229564386459324,0.0003064248536821324,4.865195470195321e-06
2019,E02006230,E07000200,11148,228441,70,4587,0.01526051885764116,170.12426422498365,male,85-89,103,0.009239325439540725,0.00014099690010199492,0.0003064248536821324,2.83115894593287e-06
2019,E02006294,E07000244,8228,228441,52,3741,0.013900026730820636,114.36941994119219,female,85-89,218,0.026494895478852698,0.0003682797553863513,0.0002276298913067269,6.03103017803433e-06
2019,E02006294,E07000244,8228,228441,52,3741,0.013900026730820636,114.36941994119219,male,85-89,132,0.016042780748663103,0.00022299508124311182,0.0002276298913067269,3.651816438075833e-06
2019,E02006296,E07000244,13489,228441,80,5153,0.015524936929943722,209.41587424801088,female,85-89,126,0.00934094447327452,0.0001450175738136933,0.0003501998327795799,3.2711971925440777e-06
2019,E02006296,E07000244,13489,228441,80,5153,0.015524936929943722,209.41587424801088,male,85-89,101,0.00748758247460894,0.00011624424567605575,0.0003501998327795799,2.622150130531364e-06
2019,E02006313,E07000244,10033,228441,688,4581,0.1501855490067671,1506.8116131848942,female,85-89,135,0.013455596531446228,0.0020208361522888025,0.0030117185619043868,4.0524469835252884e-05
2019,E02006313,E07000244,10033,228441,688,4581,0.1501855490067671,1506.8116131848942,male,85-89,116,0.011561845908501943,0.001736422175300008,0.0030117185619043868,3.4821025932513594e-05
2019,E02006295,E07000244,9796,228441,69,4175,0.01652694610778443,161.89796407185628,female,85-89,151,0.01541445487954267,0.0002547538650750765,0.00030204735577238763,4.655895337038642e-06
2019,E02006295,E07000244,9796,228441,69,4175,0.01652694610778443,161.89796407185628,male,85-89,110,0.011229073091057574,0.00018558228581628085,0.00030204735577238763,3.3917118349288114e-06
2019,E02005597,E07000149,16660,228441,5376,5722,0.9395316322963999,15652.596994058022,female,85-89,157,0.009423769507803121,0.008853929548051307,0.023533428762787766,0.00022177360838881627
2019,E02005597,E07000149,16660,228441,5376,5722,0.9395316322963999,15652.596994058022,male,85-89,116,0.006962785114045618,0.006541756863528355,0.023533428762787766,0.00016385820747199164
2019,E02006267,E07000203,8615,228441,87,3046,0.02856204858831254,246.06204858831254,female,85-89,95,0.011027278003482298,0.0003149616501322915,0.0003808423181477931,4.1996541177063654e-06
2019,E02006267,E07000203,8615,228441,87,3046,0.02856204858831254,246.06204858831254,male,85-89,81,0.009402205455600696,0.00026854624906016435,0.0003808423181477931,3.5807577214127964e-06
2019,E02005538,E07000145,9068,228441,751,4616,0.1626949740034662,1475.3180242634314,female,85-89,142,0.015659461843846492,0.002547715737592876,0.0032875009302183057,5.1480495378363406e-05
2019,E02005538,E07000145,9068,228441,751,4616,0.1626949740034662,1475.3180242634314,male,85-89,74,0.008160564622849581,0.0013276828491681186,0.0032875009302183057,2.6827863788724595e-05
2019,E02006271,E07000203,9748,228441,54,3734,0.0144617032672737,140.97268344938402,female,85-89,92,0.00943783340172343,0.0001364871461416886,0.0002363848871262164,2.230961183382428e-06
2019,E02006271,E07000203,9748,228441,54,3734,0.0144617032672737,140.97268344938402,male,85-89,56,0.005744768157570784,8.307913243407131e-05,0.0002363848871262164,1.3579763724936519e-06
2019,E02006312,E07000244,8830,228441,965,3470,0.2780979827089337,2455.605187319885,female,85-89,119,0.01347678369195923,0.003747866358138518,0.004224285482903682,5.6929781706176464e-05
2019,E02006312,E07000244,8830,228441,965,3470,0.2780979827089337,2455.605187319885,male,85-89,80,0.009060022650056626,0.002519574022277995,0.004224285482903682,3.827212215541275e-05
2019,E02005520,E07000144,8657,228441,3033,3252,0.9326568265682657,8074.010147601476,female,85-89,152,0.017558045512302185,0.016375631008244934,0.013276951160255821,0.000233117312736385
2019,E02005520,E07000144,8657,228441,3033,3252,0.9326568265682657,8074.010147601476,male,85-89,87,0.010049670786646644,0.009372894063929665,0.013276951160255821,0.00013342898821095718
2019,E02006237,E07000200,7731,228441,59,2944,0.020040760869565216,154.9351222826087,female,85-89,114,0.014745828482731859,0.00029551762244605284,0.00025827237667494014,3.8084401682761834e-06
2019,E02006237,E07000200,7731,228441,59,2944,0.020040760869565216,154.9351222826087,male,85-89,88,0.011382744793687751,0.00022811886644958466,0.00025827237667494014,2.9398485509500367e-06
2019,E02005604,E07000149,8600,228441,2789,3152,0.8848350253807107,7609.581218274112,female,85-89,157,0.01825581395348837,0.016153383602880416,0.012208841670278102,0.00022288234212019324
2019,E02005604,E07000149,8600,228441,2789,3152,0.8848350253807107,7609.581218274112,male,85-89,80,0.009302325581395349,0.008231023491913588,0.012208841670278102,0.0001135706201886335
2019,E02006258,E07000202,9082,228441,63,4222,0.014921837991473235,135.52013263855991,female,85-89,62,0.006826690156353226,0.00010186676453108794,0.00027578236831391915,1.8826807790644118e-06
2019,E02006258,E07000202,9082,228441,63,4222,0.014921837991473235,135.52013263855991,male,85-89,39,0.0042942083241576745,6.407748091471661e-05,0.00027578236831391915,1.1842669416695493e-06
2019,E02003619,E06000055,11815,228441,9,5224,0.0017228177641653904,20.355091883614087,female,85-89,106,0.00897164621244181,1.5456511468601893e-05,3.939748118770273e-05,3.5346026287740065e-07
2019,E02003619,E06000055,11815,228441,9,5224,0.0017228177641653904,20.355091883614087,male,85-89,57,0.004824375793482861,8.311520318021774e-06,3.939748118770273e-05,1.9006825456614944e-07
2019,E02006261,E07000203,8070,228441,1036,3144,0.32951653944020354,2659.1984732824426,female,85-89,123,0.015241635687732341,0.005022371047229868,0.004535087834495559,6.912215658524829e-05
2019,E02006261,E07000203,8070,228441,1036,3144,0.32951653944020354,2659.1984732824426,male,85-89,75,0.00929368029739777,0.003062421370262115,0.004535087834495559,4.2147656454419694e-05
2019,E02006306,E07000244,7510,228441,473,3378,0.14002368265245707,1051.5778567199527,female,85-89,104,0.013848202396804262,0.0019390762977171154,0.002070556511309266,2.867348564263165e-05
2019,E02006306,E07000244,7510,228441,473,3378,0.14002368265245707,1051.5778567199527,male,85-89,73,0.009720372836218375,0.0013610824012822058,0.002070556511309266,2.0126581268385675e-05
2019,E02006303,E07000244,8152,228441,445,3523,0.12631280158955435,1029.7019585580472,female,85-89,76,0.009322865554465163,0.0011775972670272487,0.001947986569836413,1.816081689248864e-05
2019,E02006303,E07000244,8152,228441,445,3523,0.12631280158955435,1029.7019585580472,male,85-89,64,0.007850834151128557,0.0009916608564439987,0.001947986569836413,1.5293319488411483e-05
2019,E02006228,E07000200,6121,228441,22,2586,0.008507347254447023,52.07347254447023,female,85-89,59,0.009638947884332625,8.200187681953509e-05,9.630495401438446e-05,9.282784327477018e-07
2019,E02006228,E07000200,6121,228441,22,2586,0.008507347254447023,52.07347254447023,male,85-89,38,0.006208135925502369,5.2814768121056506e-05,9.630495401438446e-05,5.978742448205538e-07
2019,E02006266,E07000203,9653,228441,49,4297,0.011403304631138002,110.07609960437514,female,85-89,126,0.01305293691080493,0.00014884661592493405,0.00021449739757749265,2.7998209981108538e-06
2019,E02006266,E07000203,9653,228441,49,4297,0.011403304631138002,110.07609960437514,male,85-89,80,0.008287578990987258,9.450578788884701e-05,0.00021449739757749265,1.7776641257846692e-06
2019,E02006245,E07000202,7778,228441,49,3627,0.013509787703336091,105.07912875654812,female,85-89,73,0.009385446130110569,0.00012679538471889107,0.00021449739757749265,2.0131537700124665e-06
2019,E02006245,E07000202,7778,228441,49,3627,0.013509787703336091,105.07912875654812,male,85-89,70,0.008999742864489586,0.00012158461548386813,0.00021449739757749265,1.9304214232996253e-06
2019,E02006289,E07000244,9527,228441,111,3942,0.02815829528158295,268.26407914764076,female,85-89,128,0.013435499107798888,0.0003783207511328454,0.00048590226798166705,6.5283394879451435e-06
2019,E02006289,E07000244,9527,228441,111,3942,0.02815829528158295,268.26407914764076,male,85-89,97,0.010181589167628844,0.00028669619421785937,0.00048590226798166705,4.947257268208429e-06
2019,E02006286,E07000245,11775,228441,11,4724,0.0023285351397121083,27.418501270110074,female,85-89,90,0.007643312101910828,1.779772081308618e-05,4.815247700719223e-05,3.6804441024605525e-07
2019,E02006286,E07000245,11775,228441,11,4724,0.0023285351397121083,27.418501270110074,male,85-89,45,0.003821656050955414,8.89886040654309e-06,4.815247700719223e-05,1.8402220512302763e-07
2019,E02006280,E07000245,9789,228441,32,4150,0.0077108433734939755,75.48144578313253,female,85-89,134,0.01368883440596588,0.00010555245807009834,0.00014007993311183193,1.917531007966644e-06
2019,E02006280,E07000245,9789,228441,32,4150,0.0077108433734939755,75.48144578313253,male,85-89,96,0.009806926141587496,7.561967145320479e-05,0.00014007993311183193,1.3737535579462523e-06
2019,E02006290,E07000244,8129,228441,72,3583,0.020094892548144012,163.35138152386267,female,85-89,157,0.019313568704637716,0.00038810408784089185,0.00031517984950162184,6.087247677666949e-06
2019,E02006290,E07000244,8129,228441,72,3583,0.020094892548144012,163.35138152386267,male,85-89,77,0.009472259810554804,0.00019034404308120175,0.00031517984950162184,2.985465421530924e-06
2019,E02006227,E07000200,6270,228441,24,2589,0.009269988412514484,58.12282734646582,female,85-89,95,0.015151515151515152,0.0001404543698865831,0.00010505994983387396,1.5918174217253632e-06
2019,E02006227,E07000200,6270,228441,24,2589,0.009269988412514484,58.12282734646582,male,85-89,74,0.011802232854864434,0.00010940656180639104,0.00010505994983387396,1.2399419916597564e-06
2019,E02006249,E07000202,8185,228441,53,3215,0.016485225505443235,134.93157076205287,female,85-89,119,0.014538790470372633,0.00023967523948048198,0.00023200738921647164,3.373106819396472e-06
2019,E02006249,E07000202,8185,228441,53,3215,0.016485225505443235,134.93157076205287,male,85-89,75,0.00916310323762981,0.00015105582320198443,0.00023200738921647164,2.1259076592834907e-06
2019,E02006262,E07000203,9118,228441,277,3705,0.0747638326585695,681.6966261808368,female,85-89,110,0.012064049133581925,0.0009019545506078796,0.0012125669209992953,1.462846691269165e-05
2019,E02006262,E07000203,9118,228441,277,3705,0.0747638326585695,681.6966261808368,male,85-89,61,0.006690063610440886,0.0005001747962461877,0.0012125669209992953,8.112149833401733e-06
2019,E02006268,E07000203,6407,228441,39,3227,0.012085528354508832,77.43198016733808,female,85-89,77,0.0120181051974403,0.00014524515113113472,0.00017072241848004518,2.051759984854609e-06
2019,E02006268,E07000203,6407,228441,39,3227,0.012085528354508832,77.43198016733808,male,85-89,51,0.007960043702200718,9.620133386607623e-05,0.00017072241848004518,1.3589579120465591e-06
2019,E02006257,E07000202,6460,228441,45,3015,0.014925373134328358,96.41791044776119,female,85-89,114,0.01764705882352941,0.0002633889376646181,0.00019698740593851365,3.4762483400914176e-06
2019,E02006257,E07000202,6460,228441,45,3015,0.014925373134328358,96.41791044776119,male,85-89,84,0.013003095975232198,0.00019407605933182385,0.00019698740593851365,2.561446145330518e-06
2019,E02006265,E07000203,7283,228441,60,2946,0.020366598778004074,148.32993890020367,female,85-89,85,0.011671014691747906,0.0002376988735590205,0.0002626498745846849,3.0653905450636022e-06
2019,E02006265,E07000203,7283,228441,60,2946,0.020366598778004074,148.32993890020367,male,85-89,56,0.007689139091033915,0.00015660161081535468,0.0002626498745846849,2.0195514179242556e-06
2019,E02006253,E07000202,6895,228441,47,3085,0.015235008103727715,105.0453808752026,female,85-89,116,0.016823785351704132,0.0002563105061685881,0.00020574240175800316,3.46136600492072e-06
2019,E02006253,E07000202,6895,228441,47,3085,0.015235008103727715,105.0453808752026,male,85-89,87,0.0126178390137781,0.00019223287962644107,0.00020574240175800316,2.5960245036905405e-06
2019,E02006263,E07000203,7712,228441,950,2788,0.34074605451936874,2627.8335724533717,female,85-89,96,0.012448132780082987,0.004241652130946499,0.00415862301425751,5.176709146378643e-05
2019,E02006263,E07000203,7712,228441,950,2788,0.34074605451936874,2627.8335724533717,male,85-89,58,0.007520746887966805,0.0025626648291135097,0.00415862301425751,3.12759510927043e-05
2019,E02006247,E07000202,8915,228441,57,3837,0.014855355746677092,132.43549648162627,female,85-89,37,0.0041503084688726865,6.165430876355047e-05,0.00024951738085545063,1.0355740988953083e-06
2019,E02006247,E07000202,8915,228441,57,3837,0.014855355746677092,132.43549648162627,male,85-89,33,0.0037016264722378013,5.4988978086409874e-05,0.00024951738085545063,9.236201422579776e-07
2019,E02006291,E07000244,7681,228441,68,3090,0.022006472491909384,169.03171521035597,female,85-89,105,0.013670095039708372,0.0003008305704531292,0.0002976698578626429,4.06917524743881e-06
2019,E02006291,E07000244,7681,228441,68,3090,0.022006472491909384,169.03171521035597,male,85-89,73,0.009503970837130582,0.00020914887279122315,0.0002976698578626429,2.8290456482193632e-06
2019,E02006301,E07000244,6451,228441,46,3009,0.015287470920571618,98.61947490860751,female,85-89,113,0.017516664083087892,0.0002677854927956275,0.0002013649038482584,3.527241378833235e-06
2019,E02006301,E07000244,6451,228441,46,3009,0.015287470920571618,98.61947490860751,male,85-89,67,0.01038598666873353,0.00015877546917970835,0.0002013649038482584,2.091373206918821e-06
2019,E02006283,E07000245,7626,228441,13,3104,0.004188144329896907,31.938788659793815,female,85-89,54,0.007081038552321007,2.965641146268463e-05,5.690747282668173e-05,4.0296400900089345e-07
2019,E02006283,E07000245,7626,228441,13,3104,0.004188144329896907,31.938788659793815,male,85-89,51,0.006687647521636507,2.800883304809104e-05,5.690747282668173e-05,3.805771196119549e-07
2019,E02006272,E07000203,7642,228441,56,3187,0.017571383746470035,134.280514590524,female,85-89,113,0.014786705051033761,0.000259822868797581,0.0002451398829457059,3.624811145363094e-06
2019,E02006272,E07000203,7642,228441,56,3187,0.017571383746470035,134.280514590524,male,85-89,83,0.010861031143679666,0.00019084334610795773,0.0002451398829457059,2.662471903231299e-06
2019,E02006297,E07000244,8226,228441,45,3235,0.013910355486862442,114.42658423493044,female,85-89,127,0.015438852419158764,0.0002147599254597046,0.00019698740593851365,3.0412594887176313e-06
2019,E02006297,E07000244,8226,228441,45,3235,0.013910355486862442,114.42658423493044,male,85-89,114,0.013858497447118891,0.00019277662600319942,0.00019698740593851365,2.7299494623134644e-06
2019,E02006270,E07000203,13467,228441,59,4858,0.01214491560312886,163.55557842733637,female,85-89,113,0.008390881413826391,0.00010190654660678408,0.00025827237667494014,2.1671328851465237e-06
2019,E02006270,E07000203,13467,228441,59,4858,0.01214491560312886,163.55557842733637,male,85-89,49,0.0036385237989158686,4.4189564457809025e-05,0.00025827237667494014,9.397301891343334e-07
2019,E02006255,E07000202,8208,228441,58,3059,0.01896044458973521,155.6273291925466,female,85-89,42,0.005116959064327485,9.70198188071246e-05,0.0002538948787651954,1.2991697012838944e-06
2019,E02006255,E07000202,8208,228441,58,3059,0.01896044458973521,155.6273291925466,male,85-89,47,0.005726120857699805,0.00010856979723654419,0.0002538948787651954,1.4538327609605485e-06
2019,E02006252,E07000202,9269,228441,37,3710,0.009973045822102426,92.44016172506738,female,85-89,88,0.009494012299061388,9.468421969414323e-05,0.00016196742266055567,1.5377207027865898e-06
2019,E02006252,E07000202,9269,228441,37,3710,0.009973045822102426,92.44016172506738,male,85-89,60,0.006473190203905492,6.455742251873402e-05,0.00016196742266055567,1.0484459337181294e-06
2019,E02006300,E07000244,7781,228441,61,3606,0.01691625069328896,131.62534664448143,female,85-89,89,0.011438118493766868,0.00019349007990010508,0.00026702737249442965,3.05429072767051e-06
2019,E02006300,E07000244,7781,228441,61,3606,0.01691625069328896,131.62534664448143,male,85-89,48,0.006168872895514715,0.00010435420039556228,0.00026702737249442965,1.6472579205413986e-06
2019,E02006248,E07000202,8109,228441,44,3404,0.012925969447708578,104.81668625146885,female,85-89,84,0.010358860525342212,0.00013389831466364786,0.00019260990802876893,1.9952191730690086e-06
2019,E02006248,E07000202,8109,228441,44,3404,0.012925969447708578,104.81668625146885,male,85-89,59,0.007275866321371316,9.404762577565742e-05,0.00019260990802876893,1.4014039429889465e-06
2019,E02006229,E07000200,5937,228441,16,2606,0.0061396776669224865,36.451266308518804,female,85-89,82,0.013811689405423615,8.479932098494929e-05,7.003996655591596e-05,9.67370264036569e-07
2019,E02006229,E07000200,5937,228441,16,2606,0.0061396776669224865,36.451266308518804,male,85-89,76,0.01280107798551457,7.85944926201969e-05,7.003996655591596e-05,8.965870739851126e-07
2019,E02006231,E07000200,8619,228441,37,3270,0.011314984709480122,97.52385321100917,female,85-89,70,0.008121591831999071,9.189568739570814e-05,0.00016196742266055567,1.3154332969299103e-06
2019,E02006231,E07000200,8619,228441,37,3270,0.011314984709480122,97.52385321100917,male,85-89,83,0.009629887457941756,0.00010896202934062538,0.00016196742266055567,1.5597280520740364e-06
2019,E02006260,E07000202,8746,228441,64,3841,0.016662327518875295,145.72871648008334,female,85-89,80,0.00914703864623828,0.0001524109537514319,0.00028015986622366386,2.5626331234727996e-06
2019,E02006260,E07000202,8746,228441,64,3841,0.016662327518875295,145.72871648008334,male,85-89,52,0.0059455751200548825,9.906711993843075e-05,0.00028015986622366386,1.66571153025732e-06
2019,E02006254,E07000202,9499,228441,71,4098,0.017325524646168863,164.57515861395802,female,85-89,86,0.009053584587851353,0.00015685810291299319,0.00031080235159187714,2.813875380240176e-06
2019,E02006254,E07000202,9499,228441,71,4098,0.017325524646168863,164.57515861395802,male,85-89,49,0.005158437730287398,8.937264003182169e-05,0.00031080235159187714,1.6032545771135886e-06
2019,E02006299,E07000244,8381,228441,52,3938,0.013204672422549517,110.6683595733875,female,85-89,185,0.022073738217396492,0.0002914764823018328,0.0002276298913067269,5.024642631159107e-06
2019,E02006299,E07000244,8381,228441,52,3938,0.013204672422549517,110.6683595733875,male,85-89,150,0.017897625581672832,0.000236332282947432,0.0002276298913067269,4.0740345658046815e-06
2019,E02006298,E07000244,9290,228441,58,3706,0.015650296815974095,145.39125742039934,female,85-89,70,0.007534983853606028,0.00011792473381250664,0.0002538948787651954,1.9130938120090073e-06
2019,E02006298,E07000244,9290,228441,58,3706,0.015650296815974095,145.39125742039934,male,85-89,74,0.007965554359526372,0.00012466329003036415,0.0002538948787651954,2.0224134584095216e-06
2019,E02006234,E07000200,9751,228441,20,3978,0.005027652086475616,49.024635495223734,female,85-89,75,0.007691518818582709,3.867028063641382e-05,8.754995819489497e-05,6.733921510221641e-07
2019,E02006234,E07000200,9751,228441,20,3978,0.005027652086475616,49.024635495223734,male,85-89,56,0.00574300071787509,2.887380954185566e-05,8.754995819489497e-05,5.027994727632159e-07
2019,E02006236,E07000200,10362,228441,53,3957,0.013393985342431134,138.7884761182714,female,85-89,147,0.014186450492182976,0.00019001310995342375,0.00023200738921647164,3.2913613409401014e-06
2019,E02006236,E07000200,10362,228441,53,3957,0.013393985342431134,138.7884761182714,male,85-89,103,0.009940165991121405,0.00013313843758641254,0.00023200738921647164,2.3061919599784385e-06
2019,E02006259,E07000202,7100,228441,51,3158,0.016149461684610514,114.66117796073465,female,85-89,58,0.008169014084507042,0.00013192517995879013,0.00022325239339698215,1.8237519460598543e-06
2019,E02006259,E07000202,7100,228441,51,3158,0.016149461684610514,114.66117796073465,male,85-89,43,0.0060563380281690145,9.780659893496509e-05,0.00022325239339698215,1.352091960009892e-06
2019,E02006239,E07000245,7719,228441,32,2380,0.013445378151260505,103.78487394957983,female,85-89,48,0.006218422075398368,8.360903630787722e-05,0.00014007993311183193,8.710761483829424e-07
2019,E02006239,E07000245,7719,228441,32,2380,0.013445378151260505,103.78487394957983,male,85-89,49,0.006347972535302501,8.5350891230958e-05,0.00014007993311183193,8.892235681409204e-07
2019,E02006826,E07000245,9804,228441,18,3898,0.004617752693689072,45.27244740892766,female,85-89,131,0.01336189310485516,6.170191787773035e-05,7.879496237540546e-05,1.052849864461252e-06
2019,E02006826,E07000245,9804,228441,18,3898,0.004617752693689072,45.27244740892766,male,85-89,98,0.009995920032639738,4.61586866566227e-05,7.879496237540546e-05,7.876281428794099e-07
2019,E02003744,E07000010,14355,228441,239,6893,0.034672856521108374,497.7288553605107,female,85-89,197,0.013723441309648206,0.00047583091150528385,0.0010462220004289948,1.435776621975005e-05
2019,E02003744,E07000010,14355,228441,239,6893,0.034672856521108374,497.7288553605107,male,85-89,110,0.007662835249042145,0.00026569238713493006,0.0010462220004289948,8.017026823210688e-06
2019,E02005517,E07000143,6533,228441,306,2500,0.1224,799.6392,female,85-89,31,0.004745140058166233,0.0005808051431195469,0.001339514360381893,6.35618324993704e-06
2019,E02005517,E07000143,6533,228441,306,2500,0.1224,799.6392,male,85-89,23,0.0035205877850910763,0.00043091994489514773,0.001339514360381893,4.715877895114578e-06
2019,E02005519,E07000143,8913,228441,424,3683,0.11512354059190877,1026.096117295683,female,85-89,74,0.008302479524290363,0.000955810838528133,0.001856059113731773,1.5409892787630565e-05
2019,E02005519,E07000143,8913,228441,424,3683,0.11512354059190877,1026.096117295683,male,85-89,53,0.005946370470099854,0.0006845672221890682,0.001856059113731773,1.1036815104654322e-05
2019,E02006269,E07000203,7508,228441,35,2973,0.011772620248906828,88.38883282879247,female,85-89,110,0.014651038891848695,0.0001724811171256994,0.0001532124268410662,2.244721224362984e-06
2019,E02006269,E07000203,7508,228441,35,2973,0.011772620248906828,88.38883282879247,male,85-89,53,0.007059136920618008,8.310453825147335e-05,0.0001532124268410662,1.0815474990112558e-06
2019,E02006242,E07000245,9994,228441,28,3639,0.007694421544380325,76.89804891453696,female,85-89,70,0.007004202521512908,5.389328678273191e-05,0.00012256994147285294,8.58504693125846e-07
2019,E02006242,E07000245,9994,228441,28,3639,0.007694421544380325,76.89804891453696,male,85-89,56,0.005603362017210326,4.3114629426185523e-05,0.00012256994147285294,6.868037545006768e-07
2019,E02005512,E07000143,9450,228441,2888,3385,0.8531757754800591,8062.511078286559,female,85-89,68,0.0071957671957671955,0.006139254257422647,0.012642213963342832,9.097042851929233e-05
2019,E02005512,E07000143,9450,228441,2888,3385,0.8531757754800591,8062.511078286559,male,85-89,69,0.007301587301587302,0.006229537408267098,0.012642213963342832,9.23082289386937e-05
2019,E02006264,E07000203,8672,228441,29,3559,0.00814835627985389,70.66254565889294,female,85-89,89,0.010262915129151291,8.362588894222743e-05,0.0001269474393825977,1.3028507962466783e-06
2019,E02006264,E07000203,8672,228441,29,3559,0.00814835627985389,70.66254565889294,male,85-89,81,0.00934040590405904,7.610895510472384e-05,0.0001269474393825977,1.1857406123143927e-06
2019,E02006282,E07000245,6368,228441,17,2675,0.006355140186915888,40.469532710280376,female,85-89,105,0.016488693467336682,0.00010478795848400882,7.441746446566072e-05,1.2270467601906996e-06
2019,E02006282,E07000245,6368,228441,17,2675,0.006355140186915888,40.469532710280376,male,85-89,69,0.010835427135678392,6.886065843234866e-05,7.441746446566072e-05,8.063450138396026e-07
2019,E02006284,E07000245,7933,228441,10,3332,0.003001200480192077,23.808523409363747,female,85-89,98,0.012353460229421404,3.707521077257324e-05,4.3774979097447484e-05,5.407724633240707e-07
2019,E02006284,E07000245,7933,228441,10,3332,0.003001200480192077,23.808523409363747,male,85-89,58,0.007311231564351444,2.1942471681727023e-05,4.3774979097447484e-05,3.200490089060827e-07
2019,E02005511,E07000143,8248,228441,2831,3289,0.8607479477044695,7099.449072666464,female,85-89,167,0.02024733268671193,0.017427850056576915,0.012392696582487381,0.0002509190505911
2019,E02005511,E07000143,8248,228441,2831,3289,0.8607479477044695,7099.449072666464,male,85-89,124,0.015033947623666343,0.01294043956296729,0.012392696582487381,0.00018631115133710418
2019,E02006240,E07000245,10485,228441,46,3221,0.014281279105867743,149.73921142502329,female,85-89,73,0.0069623271340009535,9.943093702702386e-05,0.0002013649038482584,1.4019683338982226e-06
2019,E02006240,E07000245,10485,228441,46,3221,0.014281279105867743,149.73921142502329,male,85-89,51,0.004864091559370529,6.946544915586598e-05,0.0002013649038482584,9.794573291617719e-07
2019,E02006243,E07000245,8966,228441,13,3683,0.0035297311973934292,31.647569915829486,female,85-89,52,0.005799687709123355,2.0471338642031935e-05,5.690747282668173e-05,3.3004557071017735e-07
2019,E02006243,E07000245,8966,228441,13,3683,0.0035297311973934292,31.647569915829486,male,85-89,46,0.005130492973455275,1.8109261106412864e-05,5.690747282668173e-05,2.919633894743876e-07
2019,E02006246,E07000202,7040,228441,60,3135,0.019138755980861243,134.73684210526315,female,85-89,116,0.016477272727272726,0.00031535450195737275,0.0002626498745846849,4.32775361531583e-06
2019,E02006246,E07000202,7040,228441,60,3135,0.019138755980861243,134.73684210526315,male,85-89,50,0.007102272727272727,0.0001359286646367986,0.0002626498745846849,1.8654110410844097e-06
2019,E02003752,E07000010,11152,228441,8,4643,0.0017230239069567091,19.21516261038122,female,85-89,133,0.011926111908177906,2.054897593483163e-05,3.501998327795798e-05,4.176522395954458e-07
2019,E02003752,E07000010,11152,228441,8,4643,0.0017230239069567091,19.21516261038122,male,85-89,101,0.009056671449067431,1.5604861424195445e-05,3.501998327795798e-05,3.171644827003009e-07
2019,E02005564,E07000146,9930,228441,366,4997,0.0732439463678207,727.3123874324594,female,85-89,85,0.008559919436052367,0.0006269622800870856,0.0016021642349665778,1.371439677463838e-05
2019,E02005564,E07000146,9930,228441,366,4997,0.0732439463678207,727.3123874324594,male,85-89,105,0.010574018126888218,0.0007744828165781645,0.0016021642349665778,1.6941313662788586e-05
2019,E02003780,E07000012,12091,228441,8,3877,0.0020634511220015478,24.949187516120713,female,85-89,167,0.0138119262261186,2.850023466828703e-05,3.501998327795798e-05,4.836934254750627e-07
2019,E02003780,E07000012,12091,228441,8,3877,0.0020634511220015478,24.949187516120713,male,85-89,66,0.005458605574394177,1.1263565797047569e-05,3.501998327795798e-05,1.9116027593625232e-07
2019,E02003249,E06000031,12090,228441,11,4349,0.0025293170843872156,30.579443550241436,female,85-89,82,0.006782464846980976,1.7155004211724706e-05,4.815247700719223e-05,3.26592482596341e-07
2019,E02003249,E06000031,12090,228441,11,4349,0.0025293170843872156,30.579443550241436,male,85-89,55,0.004549214226633582,1.1506405263961693e-05,4.815247700719223e-05,2.1905593344876536e-07
2019,E02003745,E07000010,10314,228441,155,4975,0.031155778894472363,321.34070351758794,female,85-89,93,0.009016870273414777,0.00028092761655865135,0.000678512176010436,6.1180562700184745e-06
2019,E02003745,E07000010,10314,228441,155,4975,0.031155778894472363,321.34070351758794,male,85-89,68,0.006592980414969944,0.0002054094400643902,0.000678512176010436,4.473417487755444e-06
2019,E02003737,E07000009,13972,228441,10,4946,0.0020218358269308533,28.24909017387788,female,85-89,110,0.007872888634411681,1.5917688302490257e-05,4.3774979097447484e-05,3.446355354079032e-07
2019,E02003737,E07000009,13972,228441,10,4946,0.0020218358269308533,28.24909017387788,male,85-89,53,0.0037933008874892643,7.669431636654396e-06,4.3774979097447484e-05,1.6605166706017155e-07
2019,E02005589,E07000148,11841,228441,3910,4159,0.9401298389035826,11132.077422457322,female,85-89,75,0.006333924499619965,0.0059547114194551725,0.017116016827101965,0.0001084115583170887
2019,E02005589,E07000148,11841,228441,3910,4159,0.9401298389035826,11132.077422457322,male,85-89,51,0.004307068659741576,0.004049203765229517,0.017116016827101965,7.371985965562032e-05
2019,E02005540,E07000145,8995,228441,667,4468,0.14928379588182633,1342.807743957028,female,85-89,153,0.017009449694274596,0.002539235216222282,0.002919791105799747,4.966403993189119e-05
2019,E02005540,E07000145,8995,228441,667,4468,0.14928379588182633,1342.807743957028,male,85-89,151,0.01678710394663702,0.002506042599016762,0.002919791105799747,4.9014836795526604e-05
2019,E02005548,E07000145,7498,228441,499,3604,0.13845726970033295,1038.1526082130965,female,85-89,105,0.014003734329154442,0.0019389188208235478,0.0021843714569626293,3.0589357559492676e-05
2019,E02005548,E07000145,7498,228441,499,3604,0.13845726970033295,1038.1526082130965,male,85-89,82,0.010936249666577753,0.0015142032695955323,0.0021843714569626293,2.3888831617889514e-05
2019,E02005507,E07000143,11864,228441,4009,4418,0.9074241738343142,10765.680398370303,female,85-89,136,0.011463250168577209,0.010402030313677237,0.017549389120166695,0.0002011730377901779
2019,E02005507,E07000143,11864,228441,4009,4418,0.9074241738343142,10765.680398370303,male,85-89,102,0.008597437626432907,0.007801522735257927,0.017549389120166695,0.00015087977834263343
2019,E02005547,E07000145,8812,228441,520,3960,0.13131313131313133,1157.1313131313132,female,85-89,121,0.013731275533363596,0.0018030967872093612,0.002276298913067269,3.125648757162274e-05
2019,E02005547,E07000145,8812,228441,520,3960,0.13131313131313133,1157.1313131313132,male,85-89,63,0.007149341806627327,0.0009388024594561136,0.002276298913067269,1.627403898357217e-05
2019,E02005561,E07000146,11213,228441,311,5394,0.05765665554319614,646.5040786058584,female,85-89,112,0.009988406314099706,0.0005758981022775322,0.0013614018499306167,1.3598234833873993e-05
2019,E02005561,E07000146,11213,228441,311,5394,0.05765665554319614,646.5040786058584,male,85-89,56,0.004994203157049853,0.0002879490511387661,0.0013614018499306167,6.799117416936997e-06
2019,E02005504,E07000143,9110,228441,1501,4011,0.3742208925454999,3409.152331089504,female,85-89,112,0.012294182217343578,0.004600739842491327,0.006570624362526867,8.078045319462229e-05
2019,E02005504,E07000143,9110,228441,1501,4011,0.3742208925454999,3409.152331089504,male,85-89,106,0.01163556531284303,0.004354271636643577,0.006570624362526867,7.645292891633896e-05
2019,E02005569,E07000146,8228,228441,242,3732,0.06484458735262594,533.5412647374062,female,85-89,79,0.009601361205639281,0.0006225963054031903,0.001059354494158229,1.0171245143230446e-05
2019,E02005569,E07000146,8228,228441,242,3732,0.06484458735262594,533.5412647374062,male,85-89,56,0.006806028196402528,0.00044133408990605893,0.001059354494158229,7.2099965572266445e-06
2019,E02005466,E07000140,6685,228441,69,3343,0.020640143583607537,137.97935985641638,female,85-89,82,0.012266267763649962,0.00025317752787671174,0.00030204735577238763,3.7049937432065494e-06
2019,E02005466,E07000140,6685,228441,69,3343,0.020640143583607537,137.97935985641638,male,85-89,69,0.010321615557217651,0.00021303962711576965,0.00030204735577238763,3.117616686356731e-06
2019,E02005578,E07000147,5843,228441,1169,2736,0.427266081871345,2496.515716374269,female,85-89,69,0.011809002224884476,0.0050455861114363865,0.005117295056491611,6.043014870749977e-05
2019,E02005578,E07000147,5843,228441,1169,2736,0.427266081871345,2496.515716374269,male,85-89,58,0.009926407667294199,0.00424121731106247,0.005117295056491611,5.0796356884565025e-05
2019,E02005580,E07000147,7937,228441,1847,3887,0.47517365577566245,3771.453305891433,female,85-89,147,0.018520851707194155,0.008800620813786365,0.00808523863929855,0.0001497455058557247
2019,E02005580,E07000147,7937,228441,1847,3887,0.47517365577566245,3771.453305891433,male,85-89,109,0.013733148544790222,0.0065256303993381885,0.00808523863929855,0.00011103578325356456
2019,E02005474,E07000140,6793,228441,38,3085,0.012317666126418152,83.6739059967585,female,85-89,84,0.012365670543206241,0.00015231620118049826,0.00016634492057030043,2.056966484308146e-06
2019,E02005474,E07000140,6793,228441,38,3085,0.012317666126418152,83.6739059967585,male,85-89,66,0.009715883998233475,0.00011967701521324863,0.00016634492057030043,1.6161879519564003e-06
2019,E02005510,E07000143,7023,228441,1986,3118,0.6369467607440668,4473.277100705581,female,85-89,112,0.015947600740424322,0.010157772633252952,0.00869371084875307,0.00013864382956860942
2019,E02005510,E07000143,7023,228441,1986,3118,0.6369467607440668,4473.277100705581,male,85-89,73,0.01039441833974085,0.006620691091316655,0.00869371084875307,9.03660674866829e-05
2019,E02005514,E07000143,6903,228441,367,3099,0.11842529848338174,817.4898354307841,female,85-89,74,0.010719976821671737,0.0012695164548414094,0.0016065417328763225,1.7222090139482523e-05
2019,E02005514,E07000143,6903,228441,367,3099,0.11842529848338174,817.4898354307841,male,85-89,56,0.00811241489207591,0.0009607151550151206,0.0016065417328763225,1.3032933078527317e-05
2019,E02005506,E07000143,6943,228441,1780,2867,0.6208580397628183,4310.617370073247,female,85-89,71,0.01022612703442316,0.006348973184957526,0.007791946279345652,7.968143249798953e-05
2019,E02005506,E07000143,6943,228441,1780,2867,0.6208580397628183,4310.617370073247,male,85-89,67,0.00965000720149791,0.005991284554819073,0.007791946279345652,7.519233770937039e-05
2019,E02005571,E07000147,5990,228441,1519,2515,0.6039761431411531,3617.8170974155073,female,85-89,137,0.02287145242070117,0.013813811621091483,0.006649419324902273,0.00015208187771479322
2019,E02005571,E07000147,5990,228441,1519,2515,0.6039761431411531,3617.8170974155073,male,85-89,86,0.014357262103505844,0.008671443791342099,0.006649419324902273,9.546745608373881e-05
2019,E02003742,E07000010,6664,228441,124,3558,0.03485103991006183,232.24732996065205,female,85-89,69,0.010354141656662664,0.00036085260411078423,0.0005428097408083488,5.620328948945988e-06
2019,E02003742,E07000010,6664,228441,124,3558,0.03485103991006183,232.24732996065205,male,85-89,62,0.009303721488595438,0.0003242443689111395,0.0005428097408083488,5.050150649777555e-06
2019,E02005472,E07000140,9869,228441,192,5695,0.033713784021071114,332.7213345039508,female,85-89,132,0.013375215320701185,0.0004509291205574412,0.0008404795986709917,1.1241595604881031e-05
2019,E02005472,E07000140,9869,228441,192,5695,0.033713784021071114,332.7213345039508,male,85-89,114,0.011551322322423752,0.00038943878593597194,0.0008404795986709917,9.708650749669982e-06
2019,E02005552,E07000146,6790,228441,471,3075,0.15317073170731707,1040.029268292683,female,85-89,98,0.01443298969072165,0.0022107115916519993,0.0020618015154897766,2.975796001737822e-05
2019,E02005552,E07000146,6790,228441,471,3075,0.15317073170731707,1040.029268292683,male,85-89,85,0.012518409425625921,0.0019174539315348971,0.0020618015154897766,2.5810475525277028e-05
2019,E02005563,E07000146,7551,228441,209,4033,0.05182246466650137,391.3114306967518,female,85-89,107,0.014170308568401535,0.0007343403150994101,0.0009148970631366524,1.2964373692970705e-05
2019,E02005563,E07000146,7551,228441,209,4033,0.05182246466650137,391.3114306967518,male,85-89,53,0.007018937889021322,0.0003637386607501752,0.0009148970631366524,6.421605661004182e-06
2019,E02005509,E07000143,8278,228441,645,4465,0.1444568868980963,1195.8141097424411,female,85-89,195,0.023556414592896834,0.003402886318570763,0.0028234861517853625,6.651121038875884e-05
2019,E02005509,E07000143,8278,228441,645,4465,0.1444568868980963,1195.8141097424411,male,85-89,105,0.012684223242329064,0.001832323402307334,0.0028234861517853625,3.581372867087015e-05
2019,E02005566,E07000146,9847,228441,243,4936,0.04923014586709887,484.76924635332256,female,85-89,134,0.01360820554483599,0.0006699339439617394,0.0010637319920679738,1.4475483592678835e-05
2019,E02005566,E07000146,9847,228441,243,4936,0.04923014586709887,484.76924635332256,male,85-89,90,0.009139839545039097,0.0004499556340041533,0.0010637319920679738,9.722339726426083e-06
2019,E02005568,E07000146,7423,228441,251,3603,0.06966416874826534,517.1171246183736,female,85-89,97,0.013067492927387849,0.0009103360324103109,0.0010987519753459319,1.4357933666786393e-05
2019,E02005568,E07000146,7423,228441,251,3603,0.06966416874826534,517.1171246183736,male,85-89,74,0.009969015222955678,0.0006944831587460103,0.0010987519753459319,1.0953475168476216e-05
2019,E02005560,E07000146,9204,228441,229,4415,0.05186862967157418,477.39886749716874,female,85-89,58,0.006301607996523251,0.000326855771507095,0.0010024470213315473,6.317028165713792e-06
2019,E02005560,E07000146,9204,228441,229,4415,0.05186862967157418,477.39886749716874,male,85-89,39,0.00423728813559322,0.00021978232911683973,0.0010024470213315473,4.247656870048929e-06
2019,E02005559,E07000146,7266,228441,191,3715,0.05141318977119785,373.56823687752353,female,85-89,74,0.010184420589044866,0.0005236135484542583,0.0008361021007612469,8.515215449536508e-06
2019,E02005559,E07000146,7266,228441,191,3715,0.05141318977119785,373.56823687752353,male,85-89,43,0.0059179741260666115,0.0003042619268045014,0.0008361021007612469,4.948030599054998e-06
2019,E02003743,E07000010,11376,228441,180,5507,0.032685672780098055,371.83221354639545,female,85-89,102,0.008966244725738396,0.00029306774117176523,0.0007879496237540546,7.064949158132346e-06
2019,E02003743,E07000010,11376,228441,180,5507,0.032685672780098055,371.83221354639545,male,85-89,70,0.006153305203938115,0.00020112492041199576,0.0007879496237540546,4.848494520286904e-06
2019,E02005567,E07000146,11005,228441,321,5784,0.05549792531120332,610.7546680497925,female,85-89,240,0.021808268968650613,0.0012103136823888047,0.001405176829028064,3.06444742359596e-05
2019,E02005567,E07000146,11005,228441,321,5784,0.05549792531120332,610.7546680497925,male,85-89,149,0.013539300318037255,0.0007514030778163829,0.001405176829028064,1.902511108815825e-05
2019,E02005551,E07000146,5246,228441,187,2808,0.06659544159544159,349.3596866096866,female,85-89,146,0.02783072817384674,0.0018533996326600215,0.0008185921091222679,2.2782014474237726e-05
2019,E02005551,E07000146,5246,228441,187,2808,0.06659544159544159,349.3596866096866,male,85-89,93,0.017727792603888678,0.0011805901769683699,0.0008185921091222679,1.4511831137699375e-05
2019,E02005556,E07000146,7408,228441,229,3960,0.057828282828282826,428.39191919191916,female,85-89,68,0.0091792656587473,0.0005308211706699827,0.0010024470213315473,9.201727517622194e-06
2019,E02005556,E07000146,7408,228441,229,3960,0.057828282828282826,428.39191919191916,male,85-89,58,0.00782937365010799,0.00045275923380674995,0.0010024470213315473,7.84853229444246e-06
2019,E02005553,E07000146,8632,228441,372,4706,0.07904802379940501,682.342541436464,female,85-89,168,0.019462465245597776,0.0015384694159291058,0.0016284292224250463,3.1693247146363274e-05
2019,E02005553,E07000146,8632,228441,372,4706,0.07904802379940501,682.342541436464,male,85-89,131,0.015176088971269694,0.0011996398421828145,0.0016284292224250463,2.471318676293803e-05
2019,E02005565,E07000146,6996,228441,217,3487,0.062231144250071695,435.36908517350156,female,85-89,84,0.012006861063464836,0.0007472007028310495,0.0009499170464146103,1.1405521998117105e-05
2019,E02005565,E07000146,6996,228441,217,3487,0.062231144250071695,435.36908517350156,male,85-89,55,0.007861635220125786,0.0004892385554250919,0.0009499170464146103,7.467901308290962e-06
2019,E02005558,E07000146,7087,228441,210,3328,0.06310096153846154,447.1965144230769,female,85-89,82,0.011570481162692254,0.0007301084868285377,0.0009192745610463971,1.0636448991929529e-05
2019,E02005558,E07000146,7087,228441,210,3328,0.06310096153846154,447.1965144230769,male,85-89,73,0.010300550303372373,0.0006499746285180884,0.0009192745610463971,9.469033858668971e-06
2019,E02005555,E07000146,6847,228441,224,3227,0.06941431670281996,475.27982646420827,female,85-89,98,0.014312837739155834,0.0009935158517418367,0.0009805595317828235,1.4034589471990171e-05
2019,E02005555,E07000146,6847,228441,224,3227,0.06941431670281996,475.27982646420827,male,85-89,67,0.009785307433912663,0.000679240429252072,0.0009805595317828235,9.595076475748383e-06
2019,E02005554,E07000146,6905,228441,253,3601,0.07025826159400167,485.13329630658154,female,85-89,122,0.017668356263577118,0.001241347996302419,0.0011075069711654214,1.9567827730945896e-05
2019,E02005554,E07000146,6905,228441,253,3601,0.07025826159400167,485.13329630658154,male,85-89,81,0.011730629978276612,0.0008241736696761963,0.0011075069711654214,1.2991754477103423e-05
2019,E02005557,E07000146,6655,228441,163,3372,0.04833926453143535,321.6978054567022,female,85-89,26,0.003906836964688205,0.00018885362551725307,0.0007135321592883939,2.7876538154016896e-06
2019,E02005557,E07000146,6655,228441,163,3372,0.04833926453143535,321.6978054567022,male,85-89,20,0.003005259203606311,0.0001452720196286562,0.0007135321592883939,2.1443490887705303e-06
2019,E02005562,E07000146,7150,228441,311,3610,0.08614958448753463,615.9695290858725,female,85-89,91,0.012727272727272728,0.001096449257114077,0.0013614018499306167,1.7326932635480576e-05
2019,E02005562,E07000146,7150,228441,311,3610,0.08614958448753463,615.9695290858725,male,85-89,44,0.006153846153846154,0.0005301512891540593,0.0013614018499306167,8.377857538034565e-06
2019,E02005573,E07000147,5874,228441,2012,2264,0.8886925795053003,5220.180212014134,female,85-89,143,0.024344569288389514,0.02163483807784439,0.008807525794406433,0.00021441542196120532
2019,E02005573,E07000147,5874,228441,2012,2264,0.8886925795053003,5220.180212014134,male,85-89,111,0.018896833503575076,0.016793475710774317,0.008807525794406433,0.00016643434851534118
2019,E02005577,E07000147,6084,228441,1798,2279,0.78894251864853,4799.926283457657,female,85-89,69,0.011341222879684419,0.00894757294325256,0.007870741241721057,8.92638306506826e-05
2019,E02005577,E07000147,6084,228441,1798,2279,0.78894251864853,4799.926283457657,male,85-89,47,0.007725180802103879,0.0060947235990271055,0.007870741241721057,6.080289913887075e-05
2019,E02005467,E07000140,7563,228441,18,3426,0.005253940455341506,39.73555166374781,female,85-89,127,0.016792278196482876,8.822562975385048e-05,7.879496237540546e-05,1.3231469286892096e-06
2019,E02005467,E07000140,7563,228441,18,3426,0.005253940455341506,39.73555166374781,male,85-89,79,0.010445590374190137,5.488050984688338e-05,7.879496237540546e-05,8.230599005232092e-07
2019,E02005505,E07000143,7600,228441,2690,2978,0.9032907991940899,6865.010073875083,female,85-89,113,0.01486842105263158,0.013430507935385812,0.011775469377213372,0.00017508263679277776
2019,E02005505,E07000143,7600,228441,2690,2978,0.9032907991940899,6865.010073875083,male,85-89,85,0.01118421052631579,0.010102594464670742,0.011775469377213372,0.00013169932856093902
2019,E02003732,E07000009,9888,228441,29,3720,0.0077956989247311825,77.08387096774193,female,85-89,102,0.010315533980582525,8.041679716045517e-05,0.0001269474393825977,1.3095306246991268e-06
2019,E02003732,E07000009,9888,228441,29,3720,0.0077956989247311825,77.08387096774193,male,85-89,74,0.007483818770226537,5.834159793993805e-05,0.0001269474393825977,9.500516296836801e-07
2019,E02005503,E07000143,7420,228441,2545,2884,0.8824549237170597,6547.815533980583,female,85-89,100,0.013477088948787063,0.011892923500229916,0.011140732180300384,0.0001501446385485227
2019,E02005503,E07000143,7420,228441,2545,2884,0.8824549237170597,6547.815533980583,male,85-89,78,0.010512129380053909,0.009276480330179334,0.011140732180300384,0.00011711281806784772
2019,E02005609,E07000149,7526,228441,2582,2965,0.8708263069139967,6553.838785834739,female,85-89,122,0.016210470369386127,0.014116504045111292,0.01130269960296094,0.00018322207700787065
2019,E02005609,E07000149,7526,228441,2582,2965,0.8708263069139967,6553.838785834739,male,85-89,80,0.010629816635663035,0.009256723964007405,0.01130269960296094,0.00012014562426745616
2019,E02005610,E07000149,8162,228441,2505,3035,0.8253706754530478,6736.675453047776,female,85-89,91,0.011149228130360206,0.009202245952735524,0.010965632263910594,0.00012225833570397745
2019,E02005610,E07000149,8162,228441,2505,3035,0.8253706754530478,6736.675453047776,male,85-89,77,0.009433962264150943,0.007786515806160827,0.010965632263910594,0.00010344936098028862
2019,E02005532,E07000144,8282,228441,2878,3062,0.9399085564990203,7784.322664924886,female,85-89,152,0.01835305481767689,0.017250193261030073,0.012598438984245385,0.00023121984129501308
2019,E02005532,E07000144,8282,228441,2878,3062,0.9399085564990203,7784.322664924886,male,85-89,99,0.011953634387829027,0.011235323242381431,0.012598438984245385,0.00015059713347504144
2019,E02005605,E07000149,10777,228441,3610,3878,0.9308922124806601,10032.225373904073,female,85-89,112,0.010392502551730538,0.009674299693591347,0.01580276745417854,0.00016423030109195477
2019,E02005605,E07000149,10777,228441,3610,3878,0.9308922124806601,10032.225373904073,male,85-89,82,0.007608796511088429,0.007082969418522235,0.01580276745417854,0.00012024004187089545
2019,E02005515,E07000143,6424,228441,2077,2285,0.9089715536105033,5839.233260393873,female,85-89,77,0.011986301369863013,0.010895206978208087,0.009092063158539842,0.00010898020909208714
2019,E02005515,E07000143,6424,228441,2077,2285,0.9089715536105033,5839.233260393873,male,85-89,61,0.009495641344956413,0.00863126786585316,0.009092063158539842,8.633497083918592e-05
2019,E02005592,E07000148,9394,228441,2364,2555,0.9252446183953034,8691.74794520548,female,85-89,35,0.0037257824143070045,0.0034472601281494166,0.010348405058636585,3.855590558359383e-05
2019,E02005592,E07000148,9394,228441,2364,2555,0.9252446183953034,8691.74794520548,male,85-89,29,0.003087076857568661,0.002856301249038088,0.010348405058636585,3.1946321769263464e-05
2019,E02006273,E07000245,6726,228441,75,2935,0.02555366269165247,171.8739352640545,female,85-89,57,0.00847457627118644,0.00021655646348858024,0.0003283123432308561,2.7823079934818314e-06
2019,E02006273,E07000245,6726,228441,75,2935,0.02555366269165247,171.8739352640545,male,85-89,70,0.010407374368123699,0.00026594653410878273,0.0003283123432308561,3.416869465679442e-06
2019,E02005596,E07000148,9370,228441,3497,3688,0.9482104121475055,8884.731561822126,female,85-89,138,0.014727854855923159,0.013965105322983538,0.015308110190377384,0.00022545562500235635
2019,E02005596,E07000148,9370,228441,3497,3688,0.9482104121475055,8884.731561822126,male,85-89,69,0.0073639274279615795,0.006982552661491769,0.015308110190377384,0.00011272781250117817
2019,E02005524,E07000144,5487,228441,1872,2021,0.9262741217219198,5082.466105888174,female,85-89,45,0.008201202843083653,0.007596561960540622,0.008194676087042168,6.720620082319986e-05
2019,E02005524,E07000144,5487,228441,1872,2021,0.9262741217219198,5082.466105888174,male,85-89,51,0.009294696555494806,0.008609436888612704,0.008194676087042168,7.61670275996265e-05
2019,E02005534,E07000144,7281,228441,2498,2697,0.9262143121987393,6743.766407119021,female,85-89,114,0.015657189946435928,0.01450191341720317,0.01093498977854238,0.0001712112120249734
2019,E02005534,E07000144,7281,228441,2498,2697,0.9262143121987393,6743.766407119021,male,85-89,69,0.009476720230737536,0.008777473910412444,0.01093498977854238,0.00010362783885722075
2019,E02005585,E07000148,11017,228441,3685,3934,0.9367056431113371,10319.6860701576,female,85-89,57,0.005173822274666425,0.004846348521135174,0.016131079797409395,8.345933997025829e-05
2019,E02005585,E07000148,11017,228441,3685,3934,0.9367056431113371,10319.6860701576,male,85-89,49,0.0044476717799764,0.004166159255010939,0.016131079797409395,7.174574839548519e-05
2019,E02005527,E07000144,8922,228441,2984,3250,0.9181538461538462,8191.768615384616,female,85-89,110,0.012329074198610178,0.011319986894970083,0.013062453762678328,0.00016104796165597582
2019,E02005527,E07000144,8922,228441,2984,3250,0.9181538461538462,8191.768615384616,male,85-89,118,0.01322573414032728,0.012143258669149726,0.013062453762678328,0.0001727605406855013
2019,E02005584,E07000148,10955,228441,3703,3961,0.9348649330977026,10241.445342085332,female,85-89,72,0.006572341396622547,0.006144251500048798,0.016209874759784804,0.00010653683091780063
2019,E02005584,E07000148,10955,228441,3703,3961,0.9348649330977026,10241.445342085332,male,85-89,69,0.0062984938384299406,0.005888241020880099,0.016209874759784804,0.0001020977962962256
2019,E02005590,E07000148,11086,228441,3673,3972,0.92472306143001,10251.479859013092,female,85-89,125,0.01127548259065488,0.010426698780331162,0.01607854982249246,0.00018129340860649086
2019,E02005590,E07000148,11086,228441,3673,3972,0.92472306143001,10251.479859013092,male,85-89,45,0.004059173732635757,0.003753611560919218,0.01607854982249246,6.526562709833671e-05
2019,E02005607,E07000149,11561,228441,3943,4219,0.9345816544204788,10804.698506755156,female,85-89,132,0.011417697431018078,0.010670770554753326,0.01726047425812354,0.00019707487259513083
2019,E02005607,E07000149,11561,228441,3943,4219,0.9345816544204788,10804.698506755156,male,85-89,53,0.00458437851396938,0.0042844760560752,0.01726047425812354,7.912854732986315e-05
2019,E02005601,E07000149,5673,228441,2051,2209,0.9284744228157538,5267.235400633771,female,85-89,104,0.01833245196545038,0.017021212757419073,0.008978248212886479,0.00016459330409663209
2019,E02005601,E07000149,5673,228441,2051,2209,0.9284744228157538,5267.235400633771,male,85-89,75,0.013220518244315178,0.012274913046215677,0.008978248212886479,0.00011869709430045584
2019,E02005516,E07000143,6908,228441,1676,2829,0.592435489572287,4092.5443619653583,female,85-89,73,0.01056745801968732,0.006260537165428047,0.007336686496732198,7.753012655782433e-05
2019,E02005516,E07000143,6908,228441,1676,2829,0.592435489572287,4092.5443619653583,male,85-89,61,0.008830341632889404,0.0052314077683713826,0.007336686496732198,6.478544821955184e-05
2019,E02005465,E07000140,8563,228441,11,3284,0.0033495736906211937,28.68239951278928,female,85-89,119,0.01389699871540348,4.6549021275712025e-05,4.815247700719223e-05,6.691749111124461e-07
2019,E02005465,E07000140,8563,228441,11,3284,0.0033495736906211937,28.68239951278928,male,85-89,80,0.009342520144809062,3.129345968115094e-05,4.815247700719223e-05,4.498654864621486e-07
2019,E02005588,E07000148,12054,228441,3867,4106,0.9417924987822699,11352.366780321481,female,85-89,75,0.0062220009955201595,0.005859833864996702,0.016927784416982943,0.00010532469149441851
2019,E02005588,E07000148,12054,228441,3867,4106,0.9417924987822699,11352.366780321481,male,85-89,39,0.003235440517670483,0.003047113609798285,0.016927784416982943,5.4768839577097625e-05
2019,E02005523,E07000144,8470,228441,2828,3036,0.9314888010540184,7889.710144927536,female,85-89,52,0.006139315230224321,0.005718703383094327,0.012379564088758148,7.600204635365096e-05
2019,E02005523,E07000144,8470,228441,2828,3036,0.9314888010540184,7889.710144927536,male,85-89,62,0.007319952774498229,0.0068184540336893905,0.012379564088758148,9.061782449858384e-05
2019,E02006241,E07000245,9054,228441,39,3755,0.010386151797603195,94.03621837549933,female,85-89,99,0.010934393638170975,0.00011356627214079042,0.00017072241848004518,1.866746126521369e-06
2019,E02006241,E07000245,9054,228441,39,3755,0.010386151797603195,94.03621837549933,male,85-89,79,0.008725425226419262,9.062359090022669e-05,0.00017072241848004518,1.4896256969210921e-06
2019,E02005598,E07000149,9977,228441,3359,3607,0.9312448017743277,9291.029387302468,female,85-89,101,0.01012328355216999,0.009427255184845855,0.014704015478832608,0.00014885291804771908
2019,E02005598,E07000149,9977,228441,3359,3607,0.9312448017743277,9291.029387302468,male,85-89,76,0.00761752029668237,0.007093776178695891,0.014704015478832608,0.00011200813635273912
2019,E02005576,E07000147,6730,228441,2567,2849,0.901017901017901,6063.8504738504735,female,85-89,111,0.01649331352154532,0.01486077073001293,0.011237037134314768,0.00018533597650950063
2019,E02005576,E07000147,6730,228441,2567,2849,0.901017901017901,6063.8504738504735,male,85-89,78,0.011589895988112928,0.010442703756225302,0.011237037134314768,0.00013023609160127072
2019,E02005525,E07000144,10164,228441,3168,3381,0.9370008873114463,9523.67701863354,female,85-89,89,0.008756395120031483,0.008204749997119117,0.013867913378071361,0.0001214329290287634
2019,E02005525,E07000144,10164,228441,3168,3381,0.9370008873114463,9523.67701863354,male,85-89,73,0.007182211727666273,0.006729738761681973,0.013867913378071361,9.960229010224413e-05
2019,E02003738,E07000009,6280,228441,13,2354,0.0055225148683092605,34.68139337298216,female,85-89,61,0.009713375796178344,5.3642262255870204e-05,5.690747282668173e-05,5.52763669176367e-07
2019,E02003738,E07000009,6280,228441,13,2354,0.0055225148683092605,34.68139337298216,male,85-89,33,0.005254777070063694,2.9019584499077324e-05,5.690747282668173e-05,2.9903608332491987e-07
2019,E02005603,E07000149,11652,228441,3684,3943,0.9343139741313721,10886.626426578747,female,85-89,95,0.008153106762787504,0.007617561581057359,0.01612670229949965,0.0001314827255795114
2019,E02005603,E07000149,11652,228441,3684,3943,0.9343139741313721,10886.626426578747,male,85-89,63,0.005406797116374871,0.0050516461011222485,0.01612670229949965,8.719380748957071e-05
2019,E02005600,E07000149,6635,228441,2020,2210,0.9140271493212669,6064.570135746606,female,85-89,73,0.011002260738507913,0.010056365018907684,0.008842545777684391,9.728799423827589e-05
2019,E02005600,E07000149,6635,228441,2020,2210,0.9140271493212669,6064.570135746606,male,85-89,39,0.00587792012057272,0.005372578571745201,0.008842545777684391,5.1975777743736434e-05
2019,E02005513,E07000143,9953,228441,3432,3696,0.9285714285714286,9242.07142857143,female,85-89,141,0.014166582939817141,0.013154684158401632,0.015023572826243975,0.00021283269049536828
2019,E02005513,E07000143,9953,228441,3432,3696,0.9285714285714286,9242.07142857143,male,85-89,85,0.008540138651662815,0.007930128747972614,0.015023572826243975,0.00012830339497947732
2019,E02006238,E07000245,9785,228441,133,4511,0.029483484814896918,288.4958989137663,female,85-89,108,0.011037301992846194,0.0003254181257035122,0.0005822072219960515,6.425996931586465e-06
2019,E02006238,E07000245,9785,228441,133,4511,0.029483484814896918,288.4958989137663,male,85-89,81,0.008277976494634645,0.00024406359427763417,0.0005822072219960515,4.819497698689849e-06
2019,E02005572,E07000147,7738,228441,3064,3314,0.9245624622812312,7154.264333132167,female,85-89,162,0.02093564228482812,0.019356308980299747,0.013412653595457909,0.0002808025177648205
2019,E02005572,E07000147,7738,228441,3064,3314,0.9245624622812312,7154.264333132167,male,85-89,101,0.013052468338071853,0.012067822265495522,0.013412653595457909,0.00017506823638423994
2019,E02005518,E07000143,11391,228441,609,4444,0.13703870387038705,1561.007875787579,female,85-89,114,0.010007900974453516,0.0013714697780022934,0.0026658962270345514,2.668002544833104e-05
2019,E02005518,E07000143,11391,228441,609,4444,0.13703870387038705,1561.007875787579,male,85-89,66,0.0057940479325783514,0.0007940088188434331,0.0026658962270345514,1.544633052271797e-05
2019,E02005574,E07000147,7117,228441,2517,2774,0.9073540014419611,6457.638428262437,female,85-89,113,0.015877476464802587,0.01440649180313919,0.01101816223882753,0.0001749406116323607
2019,E02005574,E07000147,7117,228441,2517,2774,0.9073540014419611,6457.638428262437,male,85-89,66,0.00927357032457496,0.008414411141656516,0.01101816223882753,0.0001021777023693434
2019,E02005570,E07000147,7365,228441,2562,2824,0.9072237960339944,6681.703257790368,female,85-89,184,0.024983027834351662,0.022665197348303457,0.011215149644766045,0.00028018839574160925
2019,E02005570,E07000147,7365,228441,2562,2824,0.9072237960339944,6681.703257790368,male,85-89,140,0.019008825526137134,0.01724525885197002,0.011215149644766045,0.0002131868228468766
2019,E02005521,E07000144,8781,228441,2751,2985,0.9216080402010051,8092.640201005025,female,85-89,83,0.009452226397904566,0.008711247846109034,0.012042496749707803,0.00011382840567426803
2019,E02005521,E07000144,8781,228441,2751,2985,0.9216080402010051,8092.640201005025,male,85-89,52,0.00592187677941009,0.0054576492529839725,0.012042496749707803,7.131418186821611e-05
2019,E02003746,E07000010,7756,228441,12,3266,0.003674219228413962,28.49724433557869,female,85-89,70,0.009025270758122744,3.316082336113684e-05,5.252997491693698e-05,4.740972465427525e-07
2019,E02003746,E07000010,7756,228441,12,3266,0.003674219228413962,28.49724433557869,male,85-89,55,0.0070912841670964415,2.6054932640893234e-05,5.252997491693698e-05,3.725049794264484e-07
2019,E02003751,E07000010,7027,228441,8,3191,0.0025070510811657787,17.617047947351928,female,85-89,77,0.010957734452824818,2.747160000708196e-05,3.501998327795798e-05,3.8373967730222915e-07
2019,E02003751,E07000010,7027,228441,8,3191,0.0025070510811657787,17.617047947351928,male,85-89,50,0.0071154119823537785,1.7838701303299976e-05,3.501998327795798e-05,2.4918160863781117e-07
2019,E02005575,E07000147,7169,228441,2376,2621,0.9065242273941244,6498.872186188478,female,85-89,78,0.010880178546519738,0.009863145450793934,0.010400935033553521,0.00011316403021581457
2019,E02005575,E07000147,7169,228441,2376,2621,0.9065242273941244,6498.872186188478,male,85-89,84,0.011717115357790487,0.010621848947008851,0.010400935033553521,0.00012186895561703107
2019,E02005468,E07000140,7623,228441,12,2918,0.00411240575736806,31.348869088416723,female,85-89,57,0.00747737111373475,3.074998401810041e-05,5.252997491693698e-05,3.9278611704911553e-07
2019,E02005468,E07000140,7623,228441,12,2918,0.00411240575736806,31.348869088416723,male,85-89,81,0.010625737898465172,4.369734570993216e-05,5.252997491693698e-05,5.581697452803221e-07
2019,E02003750,E07000010,7481,228441,9,3479,0.0025869502730669733,19.352974992814026,female,85-89,128,0.01711001203047721,4.426275029442221e-05,3.939748118770273e-05,6.740913770920932e-07
2019,E02003750,E07000010,7481,228441,9,3479,0.0025869502730669733,19.352974992814026,male,85-89,87,0.011629461301964978,3.00848380907401e-05,3.939748118770273e-05,4.581714828672821e-07
2019,E02005508,E07000143,7007,228441,2441,2632,0.9274316109422492,6498.51329787234,female,85-89,81,0.011559868702725845,0.010720987653249919,0.01068547239768693,0.00012352265794386203
2019,E02005508,E07000143,7007,228441,2441,2632,0.9274316109422492,6498.51329787234,male,85-89,60,0.00856286570572285,0.007941472335740682,0.01068547239768693,9.149826514360152e-05
2019,E02003753,E07000011,11314,228441,11,3948,0.002786220871327254,31.523302938196554,female,85-89,92,0.008131518472688705,2.2656206484188385e-05,4.815247700719223e-05,3.9155275628970176e-07
2019,E02003753,E07000011,11314,228441,11,3948,0.002786220871327254,31.523302938196554,male,85-89,49,0.004330917447410288,1.2066892583969899e-05,4.815247700719223e-05,2.0854440280647155e-07
2019,E02005599,E07000149,6569,228441,2263,2427,0.9324268644416975,6125.1120725175115,female,85-89,99,0.015070787029989343,0.014052406695041566,0.009906277769752366,0.00014929540252785572
2019,E02005599,E07000149,6569,228441,2263,2427,0.9324268644416975,6125.1120725175115,male,85-89,61,0.009286040493225758,0.008658553620177128,0.009906277769752366,9.199009650706261e-05
2019,E02003245,E06000031,7836,228441,8,2848,0.0028089887640449437,22.01123595505618,female,85-89,38,0.004849412965798877,1.3621946533142912e-05,3.501998327795798e-05,1.6982636097018927e-07
2019,E02003245,E06000031,7836,228441,8,2848,0.0028089887640449437,22.01123595505618,male,85-89,17,0.002169474221541603,6.094028712195514e-06,3.501998327795798e-05,7.597495096034784e-08
2019,E02005526,E07000144,5348,228441,1968,2102,0.9362511893434824,5007.071360608944,female,85-89,84,0.015706806282722512,0.014705516062986633,0.008614915886377665,0.0001353128149692827
2019,E02005526,E07000144,5348,228441,1968,2102,0.9362511893434824,5007.071360608944,male,85-89,55,0.010284218399401645,0.009628611707907915,0.008614915886377665,8.859767646798271e-05
2019,E02005528,E07000144,8597,228441,2743,2924,0.9380984952120383,8064.832763337893,female,85-89,128,0.014888914737699198,0.013967268510775958,0.012007476766429845,0.00017877829779027802
2019,E02005528,E07000144,8597,228441,2743,2924,0.9380984952120383,8064.832763337893,male,85-89,104,0.012097243224380598,0.011348405665005465,0.012007476766429845,0.00014525736695460088
2019,E02005530,E07000144,5483,228441,2031,2157,0.9415855354659249,5162.713490959666,female,85-89,93,0.016961517417472188,0.015970719459845163,0.008890698254691583,0.00015079973330044087
2019,E02005530,E07000144,5483,228441,2031,2157,0.9415855354659249,5162.713490959666,male,85-89,60,0.010942914462885282,0.010303689974093653,0.008890698254691583,9.729015051641346e-05
2019,E02005581,E07000147,8362,228441,2689,2942,0.9140040788579198,7642.9021074099255,female,85-89,77,0.009208323367615403,0.008416445117443173,0.011771091879303627,0.0001083920204145395
2019,E02005581,E07000147,8362,228441,2689,2942,0.9140040788579198,7642.9021074099255,male,85-89,67,0.008012437215977039,0.007323400296996009,0.011771091879303627,9.431513464641749e-05
2019,E02006274,E07000245,6820,228441,80,2816,0.028409090909090908,193.75,female,85-89,67,0.009824046920821115,0.0002790922420687817,0.0003501998327795799,3.440379588890301e-06
2019,E02006274,E07000245,6820,228441,80,2816,0.028409090909090908,193.75,male,85-89,47,0.00689149560117302,0.00019578112503332442,0.0003501998327795799,2.413400607132002e-06
2019,E02005586,E07000148,9889,228441,3031,3232,0.937809405940594,9273.997215346535,female,85-89,31,0.003134796238244514,0.0029398413979328966,0.013268196164436332,4.1593091424565306e-05
2019,E02005586,E07000148,9889,228441,3031,3232,0.937809405940594,9273.997215346535,male,85-89,24,0.002426939023157043,0.002276006243560952,0.013268196164436332,3.2201103038373134e-05
2019,E02006908,E07000148,5715,228441,1741,1868,0.9320128479657388,5326.453426124197,female,85-89,41,0.007174103237095363,0.006686356389605475,0.007621223860865606,5.4675446770864364e-05
2019,E02006908,E07000148,5715,228441,1741,1868,0.9320128479657388,5326.453426124197,male,85-89,24,0.004199475065616798,0.003913964715866619,0.007621223860865606,3.20051395731889e-05
2019,E02006281,E07000245,8800,228441,31,4082,0.007594316511513963,66.82998530132288,female,85-89,209,0.02375,0.00018036501714845663,0.0001357024352020872,3.222932836049571e-06
2019,E02006281,E07000245,8800,228441,31,4082,0.007594316511513963,66.82998530132288,male,85-89,118,0.013409090909090909,0.00010183288049530087,0.0001357024352020872,1.8196462902098055e-06
2019,E02006316,E07000244,7206,228441,1008,3252,0.30996309963099633,2233.5940959409595,female,85-89,154,0.021371079655842354,0.006624246092585822,0.0044125178930227065,9.430027137461793e-05
2019,E02006316,E07000244,7206,228441,1008,3252,0.30996309963099633,2233.5940959409595,male,85-89,97,0.013461004718290313,0.004172414746628732,0.0044125178930227065,5.9396924177519084e-05
2019,E02006307,E07000244,7303,228441,507,3269,0.15509330070357907,1132.646375038238,female,85-89,142,0.019444064083253457,0.00301564407776369,0.0022193914402405873,4.3153989389862164e-05
2019,E02006307,E07000244,7303,228441,507,3269,0.15509330070357907,1132.646375038238,male,85-89,97,0.013282212789264686,0.002059982222134352,0.0022193914402405873,2.94784293719481e-05
2019,E02006302,E07000244,6742,228441,476,3081,0.15449529373580007,1041.607270366764,female,85-89,95,0.014090774250964106,0.0021769583068675475,0.0020836890050385,2.9360791379213514e-05
2019,E02006302,E07000244,6742,228441,476,3081,0.15449529373580007,1041.607270366764,male,85-89,77,0.011420943340255117,0.0017644819960926437,0.0020836890050385,2.379769406525727e-05
2019,E02006907,E07000148,6796,228441,1842,1988,0.9265593561368209,6296.897384305835,female,85-89,58,0.008534432018834609,0.007907657836364865,0.008063351149749825,6.881612223153177e-05
2019,E02006907,E07000148,6796,228441,1842,1988,0.9265593561368209,6296.897384305835,male,85-89,35,0.005150088287227781,0.004771862487461556,0.008063351149749825,4.1526970312131236e-05
2019,E02006304,E07000244,7774,228441,519,3641,0.14254325734688272,1108.1312826146664,female,85-89,124,0.01595060457936712,0.0022736511333950934,0.0022719214151575243,3.623852012857384e-05
2019,E02006304,E07000244,7774,228441,519,3641,0.14254325734688272,1108.1312826146664,male,85-89,91,0.011705685618729096,0.0016685665575722057,0.0022719214151575243,2.6594397836292088e-05
2019,E02006309,E07000244,6899,228441,465,3371,0.1379412637199644,951.6567784040344,female,85-89,145,0.021017538773735325,0.0028991858587324015,0.002035536528031308,4.27819679032526e-05
2019,E02006309,E07000244,6899,228441,465,3371,0.1379412637199644,951.6567784040344,male,85-89,87,0.012610523264241195,0.001739511515239441,0.002035536528031308,2.566918074195156e-05
2019,E02006825,E07000009,6602,228441,13,2349,0.005534269902085994,36.53724989357173,female,85-89,61,0.00923962435625568,5.113457498140648e-05,5.690747282668173e-05,5.258036719823668e-07
2019,E02006825,E07000009,6602,228441,13,2349,0.005534269902085994,36.53724989357173,male,85-89,61,0.00923962435625568,5.113457498140648e-05,5.690747282668173e-05,5.258036719823668e-07
2019,E02005608,E07000149,7756,228441,2353,3208,0.7334788029925187,5688.861596009975,female,85-89,106,0.013666838576585868,0.01002433639984618,0.010300252581629392,0.00014077188933119076
2019,E02005608,E07000149,7756,228441,2353,3208,0.7334788029925187,5688.861596009975,male,85-89,98,0.01263537906137184,0.00926778270929175,0.010300252581629392,0.00013014759579676126
2019,E02005587,E07000148,9985,228441,3668,3934,0.9323843416370107,9309.857651245551,female,85-89,154,0.01542313470205308,0.014380289295152695,0.016056662332943734,0.0002476440660263731
2019,E02005587,E07000148,9985,228441,3668,3934,0.9323843416370107,9309.857651245551,male,85-89,66,0.006609914872308463,0.006162981126494012,0.016056662332943734,0.00010613317115415989
2019,E02006308,E07000244,7736,228441,477,3755,0.12703062583222371,982.7089214380827,female,85-89,83,0.010729058945191314,0.0013629190723984707,0.0020880665029482447,2.2402988591611208e-05
2019,E02006308,E07000244,7736,228441,477,3755,0.12703062583222371,982.7089214380827,male,85-89,33,0.004265770423991727,0.0005418834866162593,0.0020880665029482447,8.907212331604455e-06
2019,E02006305,E07000244,10024,228441,525,4350,0.1206896551724138,1209.7931034482758,female,85-89,81,0.008080606544293696,0.0009752456174147564,0.002298186402615993,1.8570740084985578e-05
2019,E02006305,E07000244,10024,228441,525,4350,0.1206896551724138,1209.7931034482758,male,85-89,31,0.0030925778132482045,0.0003732421498747833,0.002298186402615993,7.107320279438925e-06
2019,E02006314,E07000244,7383,228441,1607,3302,0.4866747425802544,3593.119624470018,female,85-89,115,0.01557632398753894,0.007580603466982156,0.00703463914095981,0.00010957381839501262
2019,E02006314,E07000244,7383,228441,1607,3302,0.4866747425802544,3593.119624470018,male,85-89,86,0.011648381416768251,0.005668973027482308,0.00703463914095981,8.194215984322683e-05
2019,E02006279,E07000245,8825,228441,36,4024,0.008946322067594433,78.95129224652088,female,85-89,136,0.015410764872521247,0.00013786966585754593,0.00015758992475081092,2.4285812766130636e-06
2019,E02006279,E07000245,8825,228441,36,4024,0.008946322067594433,78.95129224652088,male,85-89,95,0.01076487252124646,9.630601659166813e-05,0.00015758992475081092,1.6964354505753016e-06
2019,E02006315,E07000244,5848,228441,517,2641,0.19575918212798182,1144.7996970844376,female,85-89,121,0.020690834473324215,0.0040504208340434,0.002263166419338035,4.6826801768109134e-05
2019,E02006315,E07000244,5848,228441,517,2641,0.19575918212798182,1144.7996970844376,male,85-89,80,0.013679890560875513,0.002677964187797289,0.002263166419338035,3.095986893759282e-05
2019,E02006276,E07000245,6874,228441,26,2902,0.00895933838731909,61.586492074431426,female,85-89,104,0.015129473377945884,0.00013555007161495278,0.00011381494565336345,1.72196019027492e-06
2019,E02006276,E07000245,6874,228441,26,2902,0.00895933838731909,61.586492074431426,male,85-89,88,0.012801862089031132,0.00011469621444342158,0.00011381494565336345,1.4570432379249323e-06
2019,E02006278,E07000245,8793,228441,28,3456,0.008101851851851851,71.23958333333333,female,85-89,145,0.016490390083020584,0.00013360269743187972,0.00012256994147285294,2.0212261473403475e-06
2019,E02006278,E07000245,8793,228441,28,3456,0.008101851851851851,71.23958333333333,male,85-89,83,0.0094393267371773,7.64760268058346e-05,0.00012256994147285294,1.1569777257189574e-06
2019,E02006277,E07000245,7994,228441,17,2787,0.006099748833871547,48.76139217796914,female,85-89,37,0.004628471353515137,2.8232512741211814e-05,7.441746446566072e-05,3.444391024805413e-07
2019,E02006277,E07000245,7994,228441,17,2787,0.006099748833871547,48.76139217796914,male,85-89,18,0.002251688766574931,1.3734735928157097e-05,7.441746446566072e-05,1.6756496877431733e-07
2019,E02006275,E07000245,7142,228441,24,3181,0.007544797233574348,53.88494184218799,female,85-89,63,0.008821058527023242,6.655309797188237e-05,0.00010505994983387396,9.26739966330728e-07
2019,E02006275,E07000245,7142,228441,24,3181,0.007544797233574348,53.88494184218799,male,85-89,28,0.003920470456454775,2.9579154654169946e-05,0.00010505994983387396,4.1188442948032356e-07
2019,E02005550,E07000145,7234,228441,448,3415,0.13118594436310396,948.999121522694,female,85-89,105,0.01451479126347802,0.001904136599132695,0.001961119063565647,2.8465233850482848e-05
2019,E02005550,E07000145,7234,228441,448,3415,0.13118594436310396,948.999121522694,male,85-89,63,0.008708874758086812,0.001142481959479617,0.001961119063565647,1.707914031028971e-05
2019,E02003758,E07000011,9606,228441,8,3798,0.00210637177461822,20.23380726698262,female,85-89,85,0.008848636268998542,1.8638517680881605e-05,3.501998327795798e-05,3.0987909417306145e-07
2019,E02003758,E07000011,9606,228441,8,3798,0.00210637177461822,20.23380726698262,male,85-89,60,0.006246096189881324,1.3156600715916427e-05,3.501998327795798e-05,2.18738184122161e-07
2019,E02003775,E07000012,6886,228441,8,2586,0.0030935808197989174,21.302397525135344,female,85-89,59,0.008568109207086843,2.650613830498637e-05,3.501998327795798e-05,3.0005504115589907e-07
2019,E02003775,E07000012,6886,228441,8,2586,0.0030935808197989174,21.302397525135344,male,85-89,36,0.00522799883822248,1.617323693185609e-05,3.501998327795798e-05,1.83084431891735e-07
2019,E02005531,E07000144,5447,228441,1858,1969,0.9436262061960387,5139.931945149822,female,85-89,62,0.011382412337066276,0.010740742570984835,0.008133391116305741,9.257761138442372e-05
2019,E02005531,E07000144,5447,228441,1858,1969,0.9436262061960387,5139.931945149822,male,85-89,49,0.00899577749219754,0.00848865138674608,0.008133391116305741,7.31661767393026e-05
2019,E02005536,E07000144,6216,228441,2430,2679,0.9070548712206047,5638.253079507279,female,85-89,93,0.014961389961389961,0.013570801644709819,0.010637319920679738,0.0001591490914773513
2019,E02005536,E07000144,6216,228441,2430,2679,0.9070548712206047,5638.253079507279,male,85-89,59,0.009491634491634492,0.008609433301482575,0.010637319920679738,0.00010096555265767449
2019,E02005582,E07000147,6991,228441,2342,3094,0.7569489334195216,5291.8299935358755,female,85-89,92,0.01315977685595766,0.009961279055156057,0.0102521001046222,0.00013491534968176834
2019,E02005582,E07000147,6991,228441,2342,3094,0.7569489334195216,5291.8299935358755,male,85-89,67,0.009583750536403948,0.007254409746689737,0.0102521001046222,9.825356987693997e-05
2019,E02005522,E07000144,5534,228441,1858,1985,0.9360201511335012,5179.935516372796,female,85-89,71,0.012829779544633177,0.012008932188377048,0.008133391116305741,0.0001043496149724806
2019,E02005522,E07000144,5534,228441,1858,1985,0.9360201511335012,5179.935516372796,male,85-89,58,0.010480664980122878,0.00981011361867421,0.008133391116305741,8.52433474423081e-05
2019,E02005549,E07000145,5270,228441,397,2637,0.15054986727341677,793.3978005309064,female,85-89,52,0.009867172675521821,0.0014855015366636948,0.001737866670168665,1.7147830521588344e-05
2019,E02005549,E07000145,5270,228441,397,2637,0.15054986727341677,793.3978005309064,male,85-89,56,0.01062618595825427,0.0015997708856378252,0.001737866670168665,1.846689440786437e-05
2019,E02005606,E07000149,5848,228441,1025,2229,0.4598474652310453,2689.187976671153,female,85-89,46,0.00786593707250342,0.0036171312244576066,0.004486935357488367,3.529395117039413e-05
2019,E02005606,E07000149,5848,228441,1025,2229,0.4598474652310453,2689.187976671153,male,85-89,45,0.007694938440492476,0.0035384979369693977,0.004486935357488367,3.4526691362342085e-05
2019,E02005529,E07000144,5904,228441,2426,2537,0.9562475364603863,5645.685455262121,female,85-89,155,0.02625338753387534,0.025104737153008108,0.010619809929040758,0.0002788059856032042
2019,E02005529,E07000144,5904,228441,2426,2537,0.9562475364603863,5645.685455262121,male,85-89,80,0.013550135501355014,0.012957283691875154,0.010619809929040758,0.00014389986353713767
2019,E02006310,E07000244,8522,228441,490,3371,0.14535746069415603,1238.7362800355977,female,85-89,73,0.008566064304153954,0.0012451413553946713,0.0021449739757749267,1.8373985007224787e-05
2019,E02006310,E07000244,8522,228441,490,3371,0.14535746069415603,1238.7362800355977,male,85-89,56,0.006571227411405773,0.0009551769301657753,0.0021449739757749267,1.4095111786364221e-05
2019,E02005541,E07000145,5924,228441,391,2884,0.1355755894590846,803.1497919556172,female,85-89,76,0.012829169480081027,0.001739322214532483,0.0017116016827101964,2.195842806988098e-05
2019,E02005541,E07000145,5924,228441,391,2884,0.1355755894590846,803.1497919556172,male,85-89,56,0.009453072248480757,0.0012816058422870928,0.0017116016827101964,1.6179894367280724e-05
2019,E02005537,E07000144,6050,228441,1455,2548,0.5710361067503925,3454.768445839875,female,85-89,99,0.016363636363636365,0.00934422720137006,0.0063692594586786085,0.00010422424568746814
2019,E02005537,E07000144,6050,228441,1455,2548,0.5710361067503925,3454.768445839875,male,85-89,63,0.010413223140495868,0.005946326400871856,0.0063692594586786085,6.632451998293427e-05
2019,E02005546,E07000145,7892,228441,496,3877,0.12793396956409595,1009.6548877998453,female,85-89,86,0.010897110998479472,0.001394110666816048,0.002171238963233395,2.36602319865778e-05
2019,E02005546,E07000145,7892,228441,496,3877,0.12793396956409595,1009.6548877998453,male,85-89,46,0.005828687278256462,0.0007456871008550954,0.002171238963233395,1.265547292305324e-05
2019,E02005543,E07000145,9707,228441,592,4599,0.12872363557295063,1249.5203305066318,female,85-89,48,0.0049448851344390645,0.0006365235919956352,0.0025914787625688908,1.281456480924145e-05
2019,E02005543,E07000145,9707,228441,592,4599,0.12872363557295063,1249.5203305066318,male,85-89,30,0.003090553209024415,0.00039782724499727194,0.0025914787625688908,8.009103005775907e-06
2019,E02005484,E07000141,7211,228441,9,2876,0.003129346314325452,22.565716272600834,female,85-89,65,0.009014006379142975,2.8207947639877183e-05,3.939748118770273e-05,3.5512914674811777e-07
2019,E02005484,E07000141,7211,228441,9,2876,0.003129346314325452,22.565716272600834,male,85-89,67,0.009291360421578144,2.9075884490334942e-05,3.939748118770273e-05,3.6605619741729063e-07
2019,E02005539,E07000145,7534,228441,806,3487,0.23114425007169487,1741.440780040149,female,85-89,108,0.014335014600477834,0.0033134561995942454,0.003528263315254267,5.0577706138500246e-05
2019,E02005539,E07000145,7534,228441,806,3487,0.23114425007169487,1741.440780040149,male,85-89,72,0.009556676400318556,0.0022089707997294972,0.003528263315254267,3.371847075900016e-05
2019,E02005545,E07000145,6351,228441,437,2936,0.14884196185286103,945.2952997275204,female,85-89,93,0.014643363249881908,0.00217954691423651,0.001912966586558455,2.8012264611862118e-05
2019,E02005545,E07000145,6351,228441,437,2936,0.14884196185286103,945.2952997275204,male,85-89,49,0.00771532042198079,0.0011483634279310644,0.001912966586558455,1.475915017184133e-05
2019,E02005533,E07000144,8917,228441,2992,3481,0.8595231255386383,7664.367710428038,female,85-89,134,0.015027475608388472,0.01291646280387771,0.013097473745956286,0.00019682196724886647
2019,E02005533,E07000144,8917,228441,2992,3481,0.8595231255386383,7664.367710428038,male,85-89,72,0.008074464505999775,0.006940188969247724,0.013097473745956286,0.00010575508687998795
2019,E02005583,E07000147,8736,228441,3117,4005,0.7782771535580524,6799.029213483145,female,85-89,181,0.020718864468864468,0.016125018863782908,0.01364466098467438,0.00028270188166507125
2019,E02005583,E07000147,8736,228441,3117,4005,0.7782771535580524,6799.029213483145,male,85-89,127,0.014537545787545788,0.01131423975525099,0.01364466098467438,0.0001983598838202434
2019,E02003785,E07000012,9173,228441,8,3105,0.0025764895330112722,23.6341384863124,female,85-89,112,0.012209745993677096,3.145828275343535e-05,3.501998327795798e-05,4.275851005266864e-07
2019,E02003785,E07000012,9173,228441,8,3105,0.0025764895330112722,23.6341384863124,male,85-89,106,0.011555652458301537,2.9773017605929885e-05,3.501998327795798e-05,4.0467875585561385e-07
2019,E02003254,E06000031,8600,228441,8,3068,0.002607561929595828,22.42503259452412,female,85-89,91,0.01058139534883721,2.7591643673630273e-05,3.501998327795798e-05,3.7056028817374143e-07
2019,E02003254,E06000031,8600,228441,8,3068,0.002607561929595828,22.42503259452412,male,85-89,75,0.00872093023255814,2.2740365665079893e-05,3.501998327795798e-05,3.054068309124243e-07
2019,E02003726,E07000008,8442,228441,9,2085,0.004316546762589928,36.44028776978417,female,85-89,35,0.0041459369817578775,1.7896130856508822e-05,3.939748118770273e-05,1.6333947424420701e-07
2019,E02003726,E07000008,8442,228441,9,2085,0.004316546762589928,36.44028776978417,male,85-89,20,0.002369106846718787,1.0226360489433612e-05,3.939748118770273e-05,9.333684242526114e-08
2019,E02005544,E07000145,7497,228441,439,3315,0.13242835595776772,992.8153846153846,female,85-89,37,0.00493530745631586,0.0006535746525860219,0.0019217215823779444,9.484286854472981e-06
2019,E02005544,E07000145,7497,228441,439,3315,0.13242835595776772,992.8153846153846,male,85-89,40,0.0053354675203414696,0.0007065671919848884,0.0019217215823779444,1.0253283085916736e-05
2019,E02005446,E07000138,10958,228441,11,1999,0.005502751375687844,60.29914957478739,female,85-89,36,0.003285271034860376,1.8078029706585362e-05,4.815247700719223e-05,1.5819393796850888e-07
2019,E02005446,E07000138,10958,228441,11,1999,0.005502751375687844,60.29914957478739,male,85-89,18,0.001642635517430188,9.039014853292681e-06,4.815247700719223e-05,7.909696898425444e-08
2019,E02005593,E07000148,12414,228441,2398,2647,0.9059312429165093,11246.230449565546,female,90+,54,0.0043499275012083135,0.0039407352277663526,0.010497239987567906,4.566223290870525e-05
2019,E02005593,E07000148,12414,228441,2398,2647,0.9059312429165093,11246.230449565546,male,90+,34,0.0027388432415015305,0.002481203661926963,0.010497239987567906,2.875029479436997e-05
2019,E02006287,E07000244,6179,228441,545,2715,0.2007366482504604,1240.3517495395947,female,90+,77,0.012461563359766952,0.002501492460800364,0.0023857363608108875,2.9730004819944707e-05
2019,E02006287,E07000244,6179,228441,545,2715,0.2007366482504604,1240.3517495395947,male,90+,36,0.0058261854669040295,0.0011695289427118584,0.0023857363608108875,1.3899742513220902e-05
2019,E02006233,E07000200,11790,228441,40,5050,0.007920792079207921,93.38613861386139,female,90+,164,0.013910093299406276,0.0001101789568269804,0.00017509991638978994,2.4356561737002163e-06
2019,E02006233,E07000200,11790,228441,40,5050,0.007920792079207921,93.38613861386139,male,90+,52,0.004410517387616625,3.493479118904257e-05,0.00017509991638978994,7.722812258073857e-07
2019,E02006288,E07000244,9562,228441,114,3453,0.03301476976542137,315.68722849695916,female,90+,92,0.009621418113365405,0.0003176489038296137,0.0004990347617109013,4.801422095524254e-06
2019,E02006288,E07000244,9562,228441,114,3453,0.03301476976542137,315.68722849695916,male,90+,39,0.004078644635013596,0.00013465551357994495,0.0004990347617109013,2.0353854535374556e-06
2019,E02006311,E07000244,8471,228441,917,3751,0.24446814182884563,2070.889629432151,female,90+,118,0.013929878408688466,0.0034054114904738266,0.004014165583235934,5.591683848681858e-05
2019,E02006311,E07000244,8471,228441,917,3751,0.24446814182884563,2070.889629432151,male,90+,56,0.006610789753275882,0.0016161274870045278,0.004014165583235934,2.6536804705608817e-05
2019,E02006256,E07000202,9754,228441,48,4135,0.011608222490931077,113.22660217654172,female,90+,63,0.006458888661062128,7.49762166217611e-05,0.00021011989966774792,1.357141037427529e-06
2019,E02006256,E07000202,9754,228441,48,4135,0.011608222490931077,113.22660217654172,male,90+,25,0.002563051055977035,2.975246691339726e-05,0.00021011989966774792,5.385480307252099e-07
2019,E02006251,E07000202,10928,228441,70,3797,0.018435607058203844,201.4643139320516,female,90+,43,0.00393484626647145,7.25412796031081e-05,0.0003064248536821324,1.2057346914651989e-06
2019,E02006251,E07000202,10928,228441,70,3797,0.018435607058203844,201.4643139320516,male,90+,11,0.001006588579795022,1.8557071526376492e-05,0.0003064248536821324,3.0844375828179505e-07
2019,E02004577,E07000076,5680,228441,11,2201,0.004997728305315766,28.387096774193548,female,90+,27,0.004753521126760563,2.3756807085127758e-05,4.815247700719223e-05,2.2889381675954054e-07
2019,E02004577,E07000076,5680,228441,11,2201,0.004997728305315766,28.387096774193548,male,90+,22,0.0038732394366197184,1.9357398365659654e-05,4.815247700719223e-05,1.8650607291518118e-07
2019,E02005542,E07000145,7554,228441,451,3494,0.12907842014882656,975.0583858042359,female,90+,30,0.003971405877680699,0.0005126227964607885,0.0019742515572948815,7.840554238661165e-06
2019,E02005542,E07000145,7554,228441,451,3494,0.12907842014882656,975.0583858042359,male,90+,17,0.0022504633306857295,0.0002904862513277802,0.0019742515572948815,4.442980735241327e-06
2019,E02005611,E07000149,11199,228441,3134,4161,0.753184330689738,8434.911319394376,female,90+,151,0.013483346727386374,0.010155445480324175,0.01371907844914004,0.0001849790915099693
2019,E02005611,E07000149,11199,228441,3134,4161,0.753184330689738,8434.911319394376,male,90+,57,0.005089740155371015,0.0038335125323078014,0.01371907844914004,6.982654447727317e-05
2019,E02005595,E07000148,8952,228441,3128,3359,0.9312295325989878,8336.366775826138,female,90+,135,0.015080428954423592,0.014043340806620123,0.013692813461681571,0.0002064935005950639
2019,E02005595,E07000148,8952,228441,3128,3359,0.9312295325989878,8336.366775826138,male,90+,83,0.009271671134941912,0.008634053977403484,0.013692813461681571,0.00012695526332881708
2019,E02006293,E07000244,11451,228441,88,4406,0.01997276441216523,228.70812528370405,female,90+,72,0.006287660466334818,0.00012558196119779027,0.00038521981605753786,2.422131408273751e-06
2019,E02006293,E07000244,11451,228441,88,4406,0.01997276441216523,228.70812528370405,male,90+,41,0.0035804733211073267,7.151195012651947e-05,0.00038521981605753786,1.379269274155886e-06
2019,E02004521,E07000071,9189,228441,8,3522,0.002271436683702442,20.87223168654174,female,90+,45,0.004897159647404506,1.112358806906191e-05,3.501998327795798e-05,1.714984489615964e-07
2019,E02004521,E07000071,9189,228441,8,3522,0.002271436683702442,20.87223168654174,male,90+,16,0.0017412123190771575,3.955053535666457e-06,3.501998327795798e-05,6.09772262974565e-08
2019,E02004507,E07000071,9933,228441,11,3434,0.00320326150262085,31.817996505532903,female,90+,20,0.0020134903855834087,6.449736238036544e-06,4.815247700719223e-05,9.695454949600771e-08
2019,E02004507,E07000071,9933,228441,11,3434,0.00320326150262085,31.817996505532903,male,90+,16,0.001610792308466727,5.159788990429236e-06,4.815247700719223e-05,7.756363959680617e-08
2019,E02004446,E07000067,6867,228441,9,2535,0.0035502958579881655,24.379881656804734,female,90+,27,0.003931847968545216,1.3959223556965262e-05,3.939748118770273e-05,1.5490490637366734e-07
2019,E02004446,E07000067,6867,228441,9,2535,0.0035502958579881655,24.379881656804734,male,90+,30,0.00436871996505024,1.551024839662807e-05,3.939748118770273e-05,1.7211656263740818e-07
2019,E02004589,E07000076,7733,228441,9,3538,0.002543810062182024,19.67128321085359,female,90+,102,0.013190223716539506,3.355342381256517e-05,3.939748118770273e-05,5.196615907339555e-07
2019,E02004589,E07000076,7733,228441,9,3538,0.002543810062182024,19.67128321085359,male,90+,42,0.005431268589163326,1.3816115687526834e-05,3.939748118770273e-05,2.1397830206692288e-07
2019,E02004522,E07000071,12010,228441,9,2824,0.003186968838526912,38.27549575070822,female,90+,52,0.0043297252289758534,1.3798699384129844e-05,3.939748118770273e-05,1.7058026825649807e-07
2019,E02004522,E07000071,12010,228441,9,2824,0.003186968838526912,38.27549575070822,male,90+,28,0.002331390507910075,7.43006889914684e-06,3.939748118770273e-05,9.18509136765759e-08
2019,E02004526,E07000071,7285,228441,8,3181,0.002514932411191449,18.321282615529707,female,90+,95,0.013040494166094716,3.2795961436264607e-05,3.501998327795798e-05,4.566778876329456e-07
2019,E02004526,E07000071,7285,228441,8,3181,0.002514932411191449,18.321282615529707,male,90+,42,0.005765271105010295,1.4499267161295932e-05,3.501998327795798e-05,2.0189969769035487e-07
2019,E02006235,E07000200,8200,228441,24,2985,0.008040201005025126,65.92964824120604,female,90+,73,0.008902439024390243,7.157739919107734e-05,0.00010505994983387396,9.352897973015608e-07
2019,E02006235,E07000200,8200,228441,24,2985,0.008040201005025126,65.92964824120604,male,90+,56,0.006829268292682927,5.49086897904155e-05,0.00010505994983387396,7.174825842313344e-07
2019,E02004513,E07000071,13590,228441,10,3781,0.0026448029621793175,35.942872256016926,female,90+,27,0.001986754966887417,5.2545754215483125e-06,4.3774979097447484e-05,8.697015714724666e-08
2019,E02004513,E07000071,13590,228441,10,3781,0.0026448029621793175,35.942872256016926,male,90+,7,0.0005150846210448859,1.3622973315125255e-06,4.3774979097447484e-05,2.2547818519656542e-08
2019,E02004582,E07000076,7003,228441,9,3302,0.0027256208358570565,19.087522713506967,female,90+,63,0.008996144509495931,2.452007891746317e-05,3.939748118770273e-05,3.5442543407472116e-07
2019,E02004582,E07000076,7003,228441,9,3302,0.0027256208358570565,19.087522713506967,male,90+,51,0.007282593174353849,1.984958769508923e-05,3.939748118770273e-05,2.869158275842981e-07
2019,E02004520,E07000071,9529,228441,11,3753,0.002930988542499334,27.929389821476153,female,90+,19,0.001993913317242103,5.844137087573444e-06,4.815247700719223e-05,9.601186516283476e-08
2019,E02004520,E07000071,9529,228441,11,3753,0.002930988542499334,27.929389821476153,male,90+,17,0.001784027704900829,5.228964762565712e-06,4.815247700719223e-05,8.590535304043109e-08
2019,E02004579,E07000076,7266,228441,8,3141,0.0025469595670168737,18.506208213944603,female,90+,37,0.005092210294522433,1.2969653726895724e-05,3.501998327795798e-05,1.783291193620211e-07
2019,E02004579,E07000076,7266,228441,8,3141,0.0025469595670168737,18.506208213944603,male,90+,26,0.0035783099366914397,9.113810727007806e-06,3.501998327795798e-05,1.253123541462851e-07
2019,E02004559,E07000074,7711,228441,8,2504,0.003194888178913738,24.635782747603834,female,90+,46,0.005965503825703541,1.905911765400492e-05,3.501998327795798e-05,2.0891184422073237e-07
2019,E02004559,E07000074,7711,228441,8,2504,0.003194888178913738,24.635782747603834,male,90+,18,0.0023343275839709508,7.457915603741057e-06,3.501998327795798e-05,8.174811295593875e-08
2019,E02004575,E07000076,11687,228441,12,4223,0.0028415818138763913,33.20956665877338,female,90+,92,0.007871994523829896,2.2368916477849577e-05,5.252997491693698e-05,4.1351567488304973e-07
2019,E02004575,E07000076,11687,228441,12,4223,0.0028415818138763913,33.20956665877338,male,90+,44,0.0037648669461795158,1.0698177445928058e-05,5.252997491693698e-05,1.977683662484151e-07
2019,E02004588,E07000076,7179,228441,8,3751,0.0021327645961077045,15.311117035457212,female,90+,100,0.013929516645772392,2.9708379942996302e-05,3.501998327795798e-05,4.878114400049865e-07
2019,E02004588,E07000076,7179,228441,8,3751,0.0021327645961077045,15.311117035457212,male,90+,38,0.005293216325393509,1.1289184378338596e-05,3.501998327795798e-05,1.8536834720189487e-07
2019,E02004512,E07000071,11610,228441,14,4353,0.0032161727544222376,37.33976567884218,female,90+,103,0.008871662360034453,2.8532798768776095e-05,6.128497073642647e-05,5.436995681181676e-07
2019,E02004512,E07000071,11610,228441,14,4353,0.0032161727544222376,37.33976567884218,male,90+,36,0.0031007751937984496,9.972628695882908e-06,6.128497073642647e-05,1.900309170121751e-07
2019,E02004509,E07000071,14885,228441,13,4843,0.0026842865992153624,39.95560602932067,female,90+,45,0.0030231776956667787,8.115075375525113e-06,5.690747282668173e-05,1.7204140256638748e-07
2019,E02004509,E07000071,14885,228441,13,4843,0.0026842865992153624,39.95560602932067,male,90+,17,0.0011420893516963385,3.0656951418650423e-06,5.690747282668173e-05,6.499341874730194e-08
2019,E02004585,E07000076,8674,228441,8,4088,0.0019569471624266144,16.974559686888455,female,90+,46,0.005303204980401199,1.0378091938162817e-05,3.501998327795798e-05,1.857181497332335e-07
2019,E02004585,E07000076,8674,228441,8,4088,0.0019569471624266144,16.974559686888455,male,90+,38,0.004380908462070556,8.573206383699717e-06,3.501998327795798e-05,1.5341934108397548e-07
2019,E02004580,E07000076,12194,228441,9,5534,0.0016263100831225153,19.831225153595952,female,90+,185,0.015171395768410693,2.4673393913208573e-05,3.939748118770273e-05,5.977147793771531e-07
2019,E02004580,E07000076,12194,228441,9,5534,0.0016263100831225153,19.831225153595952,male,90+,92,0.007544694111858291,1.227001210819021e-05,3.939748118770273e-05,2.9724194433890857e-07
2019,E02004590,E07000076,8402,228441,9,4502,0.0019991115059973343,16.796534873389604,female,90+,57,0.006784099024041894,1.3562170416787437e-05,3.939748118770273e-05,2.67276413675203e-07
2019,E02004590,E07000076,8402,228441,9,4502,0.0019991115059973343,16.796534873389604,male,90+,34,0.004046655558200428,8.089715687206542e-06,3.939748118770273e-05,1.5942803622731406e-07
2019,E02004595,E07000077,14491,228441,8,5057,0.0015819655922483687,22.924263397271112,female,90+,119,0.008211993651231798,1.2991091400010756e-05,3.501998327795798e-05,2.875838803448347e-07
2019,E02004595,E07000077,14491,228441,8,5057,0.0015819655922483687,22.924263397271112,male,90+,24,0.0016562004002484301,2.620052047060993e-06,3.501998327795798e-05,5.800011032164734e-08
2019,E02006922,E07000071,13943,228441,14,5702,0.002455278849526482,34.23395299894774,female,90+,88,0.00631141074374238,1.549627330978487e-05,6.128497073642647e-05,3.867946227358194e-07
2019,E02006922,E07000071,13943,228441,14,5702,0.002455278849526482,34.23395299894774,male,90+,56,0.004016352291472423,9.861264833499461e-06,6.128497073642647e-05,2.4614203265006684e-07
2019,E02004523,E07000071,10335,228441,10,4139,0.0024160425223483935,24.969799468470647,female,90+,39,0.0037735849056603774,9.117141593767523e-06,4.3774979097447484e-05,1.6518860036772635e-07
2019,E02004523,E07000071,10335,228441,10,4139,0.0024160425223483935,24.969799468470647,male,90+,26,0.0025157232704402514,6.078094395845015e-06,4.3774979097447484e-05,1.1012573357848424e-07
2019,E02005579,E07000147,12901,228441,4648,5056,0.9193037974683544,11859.93829113924,female,90+,187,0.014495000387566855,0.01332530890059548,0.02034661028449359,0.00029492412395940634
2019,E02005579,E07000147,12901,228441,4648,5056,0.9193037974683544,11859.93829113924,male,90+,65,0.005038369118672971,0.004631791863843348,0.02034661028449359,0.00010251373292706637
2019,E02006292,E07000244,6857,228441,50,2404,0.020798668885191347,142.61647254575706,female,90+,44,0.006416800350007292,0.0001334609057821816,0.0002188748954872374,1.4044765059703144e-06
2019,E02006292,E07000244,6857,228441,50,2404,0.020798668885191347,142.61647254575706,male,90+,29,0.0042292547761411696,8.796286972007423e-05,0.0002188748954872374,9.256776971167981e-07
2019,E02006250,E07000202,10945,228441,56,4152,0.01348747591522158,147.62042389210018,female,90+,32,0.002923709456372773,3.943346087593335e-05,0.0002451398829457059,7.167177939024749e-07
2019,E02006250,E07000202,10945,228441,56,4152,0.01348747591522158,147.62042389210018,male,90+,28,0.0025582457743261763,3.450427826644168e-05,0.0002451398829457059,6.271280696646656e-07
2019,E02005594,E07000148,11105,228441,3270,3517,0.92976969007677,10325.092408302531,female,90+,90,0.00810445745159838,0.007535278893012995,0.014314418164865327,0.000116010592961538
2019,E02005594,E07000148,11105,228441,3270,3517,0.92976969007677,10325.092408302531,male,90+,39,0.0035119315623592974,0.0032652875203056306,0.014314418164865327,5.02712569499998e-05
2019,E02005602,E07000149,12285,228441,3889,4252,0.9146284101599247,11236.210018814674,female,90+,107,0.00870980870980871,0.007966238493049406,0.017024089370997326,0.00014827656188007437
2019,E02005602,E07000149,12285,228441,3889,4252,0.9146284101599247,11236.210018814674,male,90+,43,0.0035002035002035,0.0032013855626273307,0.017024089370997326,5.9587777204142045e-05
2019,E02005535,E07000144,7243,228441,2248,2438,0.9220672682526662,6678.533223954061,female,90+,60,0.008283860278889962,0.007638276417942837,0.009840615301106194,8.151828221267039e-05
2019,E02005535,E07000144,7243,228441,2248,2438,0.9220672682526662,6678.533223954061,male,90+,22,0.0030374154355929865,0.002800701353245707,0.009840615301106194,2.989003681131248e-05
2019,E02006230,E07000200,11148,228441,70,4587,0.01526051885764116,170.12426422498365,female,90+,128,0.011481880157875853,0.00017521944867044032,0.0003064248536821324,3.5183334473728873e-06
2019,E02006230,E07000200,11148,228441,70,4587,0.01526051885764116,170.12426422498365,male,90+,54,0.004843918191603875,7.3920704907842e-05,0.0003064248536821324,1.4842969231104367e-06
2019,E02006294,E07000244,8228,228441,52,3741,0.013900026730820636,114.36941994119219,female,90+,173,0.021025765678172097,0.0002922587049625632,0.0002276298913067269,4.786092755963024e-06
2019,E02006294,E07000244,8228,228441,52,3741,0.013900026730820636,114.36941994119219,male,90+,79,0.009601361205639281,0.00013345917741065024,0.0002276298913067269,2.185556807636294e-06
2019,E02006296,E07000244,13489,228441,80,5153,0.015524936929943722,209.41587424801088,female,90+,80,0.005930758395729854,9.207465004044019e-05,0.0003501998327795799,2.076950598440684e-06
2019,E02006296,E07000244,13489,228441,80,5153,0.015524936929943722,209.41587424801088,male,90+,41,0.00303951367781155,4.71882581457256e-05,0.0003501998327795799,1.0644371817008507e-06
2019,E02006313,E07000244,10033,228441,688,4581,0.1501855490067671,1506.8116131848942,female,90+,75,0.007475331406359015,0.001122686751271557,0.0030117185619043868,2.251359435291827e-05
2019,E02006313,E07000244,10033,228441,688,4581,0.1501855490067671,1506.8116131848942,male,90+,45,0.004485198843815409,0.0006736120507629342,0.0030117185619043868,1.3508156611750962e-05
2019,E02006295,E07000244,9796,228441,69,4175,0.01652694610778443,161.89796407185628,female,90+,95,0.009697835851367905,0.00016027561047769713,0.00030204735577238763,2.9292056756203375e-06
2019,E02006295,E07000244,9796,228441,69,4175,0.01652694610778443,161.89796407185628,male,90+,60,0.006124948958758677,0.00010122670135433502,0.00030204735577238763,1.8500246372338973e-06
2019,E02005597,E07000149,16660,228441,5376,5722,0.9395316322963999,15652.596994058022,female,90+,86,0.005162064825930372,0.004849923191926194,0.023533428762787766,0.00012148108484992484
2019,E02005597,E07000149,16660,228441,5376,5722,0.9395316322963999,15652.596994058022,male,90+,58,0.003481392557022809,0.0032708784317641774,0.023533428762787766,8.192910373599582e-05
2019,E02006267,E07000203,8615,228441,87,3046,0.02856204858831254,246.06204858831254,female,90+,38,0.00441091120139292,0.0001259846600529166,0.0003808423181477931,1.6798616470825466e-06
2019,E02006267,E07000203,8615,228441,87,3046,0.02856204858831254,246.06204858831254,male,90+,28,0.0032501450957632036,9.283080214425434e-05,0.0003808423181477931,1.2377927925871395e-06
2019,E02005538,E07000145,9068,228441,751,4616,0.1626949740034662,1475.3180242634314,female,90+,110,0.012130569033965593,0.0019735826136282842,0.0032875009302183057,3.987925698323926e-05
2019,E02005538,E07000145,9068,228441,751,4616,0.1626949740034662,1475.3180242634314,male,90+,50,0.005513895015438906,0.0008970830061946746,0.0032875009302183057,1.812693499238148e-05
2019,E02006271,E07000203,9748,228441,54,3734,0.0144617032672737,140.97268344938402,female,90+,68,0.006975789905621666,0.00010088180366994374,0.0002363848871262164,1.6489713094565772e-06
2019,E02006271,E07000203,9748,228441,54,3734,0.0144617032672737,140.97268344938402,male,90+,32,0.003282724661469019,4.747378996232647e-05,0.0002363848871262164,7.75986498567801e-07
2019,E02006312,E07000244,8830,228441,965,3470,0.2780979827089337,2455.605187319885,female,90+,37,0.004190260475651189,0.0011653029853035727,0.004224285482903682,1.7700856496878395e-05
2019,E02006312,E07000244,8830,228441,965,3470,0.2780979827089337,2455.605187319885,male,90+,27,0.003057757644394111,0.0008503562325188233,0.004224285482903682,1.2916841227451801e-05
2019,E02005520,E07000144,8657,228441,3033,3252,0.9326568265682657,8074.010147601476,female,90+,83,0.009587616957375535,0.008941956405817957,0.013276951160255821,0.00012729432208631548
2019,E02005520,E07000144,8657,228441,3033,3252,0.9326568265682657,8074.010147601476,male,90+,39,0.004505024835393323,0.00420164216658916,0.013276951160255821,5.9812994715256666e-05
2019,E02006237,E07000200,7731,228441,59,2944,0.020040760869565216,154.9351222826087,female,90+,98,0.012676238520243176,0.0002540414649097647,0.00025827237667494014,3.2739222499216314e-06
2019,E02006237,E07000200,7731,228441,59,2944,0.020040760869565216,154.9351222826087,male,90+,47,0.0060794205148105036,0.00012183621276284637,0.00025827237667494014,1.5701463851664968e-06
2019,E02005604,E07000149,8600,228441,2789,3152,0.8848350253807107,7609.581218274112,female,90+,79,0.009186046511627907,0.008128135698264668,0.012208841670278102,0.00011215098743627558
2019,E02005604,E07000149,8600,228441,2789,3152,0.8848350253807107,7609.581218274112,male,90+,43,0.005,0.0044241751269035534,0.012208841670278102,6.104420835139051e-05
2019,E02006258,E07000202,9082,228441,63,4222,0.014921837991473235,135.52013263855991,female,90+,44,0.004844747852895838,7.22925425704495e-05,0.00027578236831391915,1.336096036755389e-06
2019,E02006258,E07000202,9082,228441,63,4222,0.014921837991473235,135.52013263855991,male,90+,23,0.0025324818321955517,3.778928361637133e-05,0.00027578236831391915,6.984138373948625e-07
2019,E02003619,E06000055,11815,228441,9,5224,0.0017228177641653904,20.355091883614087,female,90+,76,0.006432501057977148,1.1082027090695698e-05,3.939748118770273e-05,2.534243394215326e-07
2019,E02003619,E06000055,11815,228441,9,5224,0.0017228177641653904,20.355091883614087,male,90+,29,0.0024545069826491747,4.22866823197599e-06,3.939748118770273e-05,9.670139267400585e-08
2019,E02006261,E07000203,8070,228441,1036,3144,0.32951653944020354,2659.1984732824426,female,90+,69,0.008550185873605948,0.0028174276606411455,0.004535087834495559,3.877584393806612e-05
2019,E02006261,E07000203,8070,228441,1036,3144,0.32951653944020354,2659.1984732824426,male,90+,31,0.0038413878562577448,0.0012658008330416741,0.004535087834495559,1.7421031334493473e-05
2019,E02006306,E07000244,7510,228441,473,3378,0.14002368265245707,1051.5778567199527,female,90+,58,0.007723035952063915,0.0010814079352653144,0.002070556511309266,1.5990982377621495e-05
2019,E02006306,E07000244,7510,228441,473,3378,0.14002368265245707,1051.5778567199527,male,90+,48,0.006391478029294274,0.0008949582912540532,0.002070556511309266,1.3233916450445376e-05
2019,E02006303,E07000244,8152,228441,445,3523,0.12631280158955435,1029.7019585580472,female,90+,50,0.006133464180569185,0.0007747350440968741,0.001947986569836413,1.1947905850321473e-05
2019,E02006303,E07000244,8152,228441,445,3523,0.12631280158955435,1029.7019585580472,male,90+,18,0.002208047105004907,0.0002789046158748747,0.001947986569836413,4.301246106115731e-06
2019,E02006228,E07000200,6121,228441,22,2586,0.008507347254447023,52.07347254447023,female,90+,46,0.007515111909818657,6.393366667285787e-05,9.630495401438446e-05,7.237425068880387e-07
2019,E02006228,E07000200,6121,228441,22,2586,0.008507347254447023,52.07347254447023,male,90+,20,0.0032674399607907204,2.7797246379503423e-05,9.630495401438446e-05,3.146706551687125e-07
2019,E02006266,E07000203,9653,228441,49,4297,0.011403304631138002,110.07609960437514,female,90+,63,0.006526468455402465,7.442330796246703e-05,0.00021449739757749265,1.3999104990554269e-06
2019,E02006266,E07000203,9653,228441,49,4297,0.011403304631138002,110.07609960437514,male,90+,40,0.004143789495493629,4.7252893944423505e-05,0.00021449739757749265,8.888320628923346e-07
2019,E02006245,E07000202,7778,228441,49,3627,0.013509787703336091,105.07912875654812,female,90+,49,0.00629982000514271,8.51092308387077e-05,0.00021449739757749265,1.3512949963097377e-06
2019,E02006245,E07000202,7778,228441,49,3627,0.013509787703336091,105.07912875654812,male,90+,39,0.0050141424530727695,6.774000005529797e-05,0.00021449739757749265,1.075520507266934e-06
2019,E02006289,E07000244,9527,228441,111,3942,0.02815829528158295,268.26407914764076,female,90+,69,0.007242573737797838,0.00020393852990754945,0.00048590226798166705,3.519183005220429e-06
2019,E02006289,E07000244,9527,228441,111,3942,0.02815829528158295,268.26407914764076,male,90+,39,0.004093628634407474,0.00011526960386078883,0.00048590226798166705,1.989103437733286e-06
2019,E02006286,E07000245,11775,228441,11,4724,0.0023285351397121083,27.418501270110074,female,90+,70,0.0059447983014862,1.3842671743511473e-05,4.815247700719223e-05,2.862567635247097e-07
2019,E02006286,E07000245,11775,228441,11,4724,0.0023285351397121083,27.418501270110074,male,90+,48,0.004076433121019108,9.492117766979294e-06,4.815247700719223e-05,1.9629035213122946e-07
2019,E02006280,E07000245,9789,228441,32,4150,0.0077108433734939755,75.48144578313253,female,90+,96,0.009806926141587496,7.561967145320479e-05,0.00014007993311183193,1.3737535579462523e-06
2019,E02006280,E07000245,9789,228441,32,4150,0.0077108433734939755,75.48144578313253,male,90+,44,0.004494841148227602,3.465901608271886e-05,0.00014007993311183193,6.296370473920324e-07
2019,E02006290,E07000244,8129,228441,72,3583,0.020094892548144012,163.35138152386267,female,90+,142,0.01746832328699717,0.00035102407944844995,0.00031517984950162184,5.505663504641444e-06
2019,E02006290,E07000244,8129,228441,72,3583,0.020094892548144012,163.35138152386267,male,90+,46,0.005658752614097675,0.00011371202573682182,0.00031517984950162184,1.7835247972782143e-06
2019,E02006227,E07000200,6270,228441,24,2589,0.009269988412514484,58.12282734646582,female,90+,64,0.010207336523125997,9.462189129201387e-05,0.00010505994983387396,1.0723822630570867e-06
2019,E02006227,E07000200,6270,228441,24,2589,0.009269988412514484,58.12282734646582,male,90+,41,0.006539074960127592,6.061714910894639e-05,0.00010505994983387396,6.869948872709462e-07
2019,E02006249,E07000202,8185,228441,53,3215,0.016485225505443235,134.93157076205287,female,90+,85,0.010384850335980453,0.0001711965996289157,0.00023200738921647164,2.409362013854623e-06
2019,E02006249,E07000202,8185,228441,53,3215,0.016485225505443235,134.93157076205287,male,90+,33,0.0040317654245571165,6.646456220887314e-05,0.00023200738921647164,9.353993700847359e-07
2019,E02006262,E07000203,9118,228441,277,3705,0.0747638326585695,681.6966261808368,female,90+,71,0.007786795349857425,0.0005821706644832677,0.0012125669209992953,9.442010461828248e-06
2019,E02006262,E07000203,9118,228441,277,3705,0.0747638326585695,681.6966261808368,male,90+,32,0.003509541566132924,0.0002623867783586559,0.0012125669209992953,4.2555540109648444e-06
2019,E02006268,E07000203,6407,228441,39,3227,0.012085528354508832,77.43198016733808,female,90+,70,0.010925550179491181,0.00013204104648284972,0.00017072241848004518,1.8652363498678263e-06
2019,E02006268,E07000203,6407,228441,39,3227,0.012085528354508832,77.43198016733808,male,90+,28,0.004370220071796473,5.281641859313989e-05,0.00017072241848004518,7.460945399471305e-07
2019,E02006257,E07000202,6460,228441,45,3015,0.014925373134328358,96.41791044776119,female,90+,40,0.006191950464396285,9.241717111039231e-05,0.00019698740593851365,1.2197362596811992e-06
2019,E02006257,E07000202,6460,228441,45,3015,0.014925373134328358,96.41791044776119,male,90+,45,0.00696594427244582,0.00010396931749919135,0.00019698740593851365,1.3722032921413489e-06
2019,E02006265,E07000203,7283,228441,60,2946,0.020366598778004074,148.32993890020367,female,90+,54,0.0074145269806398465,0.00015100869614337773,0.0002626498745846849,1.947424581569818e-06
2019,E02006265,E07000203,7283,228441,60,2946,0.020366598778004074,148.32993890020367,male,90+,33,0.004531099821502128,9.228309208761971e-05,0.0002626498745846849,1.190092799848222e-06
2019,E02006253,E07000202,6895,228441,47,3085,0.015235008103727715,105.0453808752026,female,90+,100,0.014503263234227702,0.00022095733290395528,0.00020574240175800316,2.9839362111385522e-06
2019,E02006253,E07000202,6895,228441,47,3085,0.015235008103727715,105.0453808752026,male,90+,60,0.00870195794053662,0.00013257439974237315,0.00020574240175800316,1.7903617266831311e-06
2019,E02006263,E07000203,7712,228441,950,2788,0.34074605451936874,2627.8335724533717,female,90+,41,0.005316390041493776,0.0018115389309250672,0.00415862301425751,2.2108861979325458e-05
2019,E02006263,E07000203,7712,228441,950,2788,0.34074605451936874,2627.8335724533717,male,90+,25,0.003241701244813278,0.0011045969091006509,0.00415862301425751,1.3481013402027718e-05
2019,E02006247,E07000202,8915,228441,57,3837,0.014855355746677092,132.43549648162627,female,90+,26,0.002916432978126753,4.332464940141384e-05,0.00024951738085545063,7.277007181426491e-07
2019,E02006247,E07000202,8915,228441,57,3837,0.014855355746677092,132.43549648162627,male,90+,23,0.002579921480650589,3.83256513935584e-05,0.00024951738085545063,6.437352506646511e-07
2019,E02006291,E07000244,7681,228441,68,3090,0.022006472491909384,169.03171521035597,female,90+,66,0.008592631167816691,0.0001890935014276812,0.0002976698578626429,2.5577672983901096e-06
2019,E02006291,E07000244,7681,228441,68,3090,0.022006472491909384,169.03171521035597,male,90+,42,0.005468038015883348,0.00012033222818125167,0.0002976698578626429,1.627670098975524e-06
2019,E02006301,E07000244,6451,228441,46,3009,0.015287470920571618,98.61947490860751,female,90+,140,0.021702061695861107,0.00033176963709192787,0.0002013649038482584,4.370033566696044e-06
2019,E02006301,E07000244,6451,228441,46,3009,0.015287470920571618,98.61947490860751,male,90+,59,0.009145868857541466,0.00013981720420302673,0.0002013649038482584,1.8416570031076184e-06
2019,E02006283,E07000245,7626,228441,13,3104,0.004188144329896907,31.938788659793815,female,90+,44,0.005769735116706006,2.4164483414039326e-05,5.690747282668173e-05,3.2834104437109833e-07
2019,E02006283,E07000245,7626,228441,13,3104,0.004188144329896907,31.938788659793815,male,90+,11,0.0014424337791765014,6.0411208535098315e-06,5.690747282668173e-05,8.208526109277458e-08
2019,E02006272,E07000203,7642,228441,56,3187,0.017571383746470035,134.280514590524,female,90+,62,0.008113059408531798,0.00014255768022522142,0.0002451398829457059,1.9888344337390424e-06
2019,E02006272,E07000203,7642,228441,56,3187,0.017571383746470035,134.280514590524,male,90+,40,0.005234231876472127,9.197269691949769e-05,0.0002451398829457059,1.2831189895090596e-06
2019,E02006297,E07000244,8226,228441,45,3235,0.013910355486862442,114.42658423493044,female,90+,58,0.007050814490639436,9.80793360367155e-05,0.00019698740593851365,1.388921656264745e-06
2019,E02006297,E07000244,8226,228441,45,3235,0.013910355486862442,114.42658423493044,male,90+,39,0.004741064916119621,6.59498983695156e-05,0.00019698740593851365,9.339300792125009e-07
2019,E02006270,E07000203,13467,228441,59,4858,0.01214491560312886,163.55557842733637,female,90+,95,0.007054280834632806,8.567364537738484e-05,0.00025827237667494014,1.8219258768930952e-06
2019,E02006270,E07000203,13467,228441,59,4858,0.01214491560312886,163.55557842733637,male,90+,30,0.0022276676319893073,2.7054835382332058e-05,0.00025827237667494014,5.753450137557143e-07
2019,E02006255,E07000202,8208,228441,58,3059,0.01896044458973521,155.6273291925466,female,90+,31,0.003776803118908382,7.160986626240149e-05,0.0002538948787651954,9.589109699952554e-07
2019,E02006255,E07000202,8208,228441,58,3059,0.01896044458973521,155.6273291925466,male,90+,22,0.0026803118908382065,5.0819905089446217e-05,0.0002538948787651954,6.805174625772781e-07
2019,E02006252,E07000202,9269,228441,37,3710,0.009973045822102426,92.44016172506738,female,90+,90,0.009709785305858237,9.683613377810102e-05,0.00016196742266055567,1.572668900577194e-06
2019,E02006252,E07000202,9269,228441,37,3710,0.009973045822102426,92.44016172506738,male,90+,29,0.0031287085985543207,3.1202754217388105e-05,0.00016196742266055567,5.067488679637624e-07
2019,E02006300,E07000244,7781,228441,61,3606,0.01691625069328896,131.62534664448143,female,90+,59,0.007582572934070171,0.00012826870465287865,0.00026702737249442965,2.024754527332136e-06
2019,E02006300,E07000244,7781,228441,61,3606,0.01691625069328896,131.62534664448143,male,90+,23,0.0029559182624341344,5.000305435620693e-05,0.00026702737249442965,7.893110869260868e-07
2019,E02006248,E07000202,8109,228441,44,3404,0.012925969447708578,104.81668625146885,female,90+,59,0.007275866321371316,9.404762577565742e-05,0.00019260990802876893,1.4014039429889465e-06
2019,E02006248,E07000202,8109,228441,44,3404,0.012925969447708578,104.81668625146885,male,90+,21,0.002589715131335553,3.3474578665911966e-05,0.00019260990802876893,4.988047932672521e-07
2019,E02006229,E07000200,5937,228441,16,2606,0.0061396776669224865,36.451266308518804,female,90+,66,0.011116725618999495,6.825311201227626e-05,7.003996655591596e-05,7.786150905660188e-07
2019,E02006229,E07000200,5937,228441,16,2606,0.0061396776669224865,36.451266308518804,male,90+,29,0.004884621862893717,2.9990003762969864e-05,7.003996655591596e-05,3.4211875191537185e-07
2019,E02006231,E07000200,8619,228441,37,3270,0.011314984709480122,97.52385321100917,female,90+,71,0.008237614572456201,9.320848292993255e-05,0.00016196742266055567,1.3342252011717661e-06
2019,E02006231,E07000200,8619,228441,37,3270,0.011314984709480122,97.52385321100917,male,90+,30,0.003480682213713888,3.938386602673206e-05,0.00016196742266055567,5.637571272556759e-07
2019,E02006260,E07000202,8746,228441,64,3841,0.016662327518875295,145.72871648008334,female,90+,36,0.004116167390807226,6.858492918814436e-05,0.00028015986622366386,1.15318490556276e-06
2019,E02006260,E07000202,8746,228441,64,3841,0.016662327518875295,145.72871648008334,male,90+,23,0.002629773610793506,4.381814920353668e-05,0.00028015986622366386,7.367570229984301e-07
2019,E02006254,E07000202,9499,228441,71,4098,0.017325524646168863,164.57515861395802,female,90+,92,0.009685230024213076,0.0001678016914883183,0.00031080235159187714,3.010192267233677e-06
2019,E02006254,E07000202,9499,228441,71,4098,0.017325524646168863,164.57515861395802,male,90+,34,0.003579324139383093,6.201366859350893e-05,0.00031080235159187714,1.112462359629837e-06
2019,E02006299,E07000244,8381,228441,52,3938,0.013204672422549517,110.6683595733875,female,90+,117,0.013960147953704809,0.00018433918069899697,0.0002276298913067269,3.1777469613276515e-06
2019,E02006299,E07000244,8381,228441,52,3938,0.013204672422549517,110.6683595733875,male,90+,71,0.00847154277532514,0.00011186394726178447,0.0002276298913067269,1.928376361147549e-06
2019,E02006298,E07000244,9290,228441,58,3706,0.015650296815974095,145.39125742039934,female,90+,48,0.005166846071044133,8.086267461429027e-05,0.0002538948787651954,1.3118357568061763e-06
2019,E02006298,E07000244,9290,228441,58,3706,0.015650296815974095,145.39125742039934,male,90+,20,0.002152852529601722,3.3692781089287605e-05,0.0002538948787651954,5.465982320025734e-07
2019,E02006234,E07000200,9751,228441,20,3978,0.005027652086475616,49.024635495223734,female,90+,50,0.005127679212388473,2.5780187090942548e-05,8.754995819489497e-05,4.4892810068144274e-07
2019,E02006234,E07000200,9751,228441,20,3978,0.005027652086475616,49.024635495223734,male,90+,28,0.002871500358937545,1.443690477092783e-05,8.754995819489497e-05,2.5139973638160797e-07
2019,E02006236,E07000200,10362,228441,53,3957,0.013393985342431134,138.7884761182714,female,90+,66,0.006369426751592357,8.531200855051678e-05,0.00023200738921647164,1.4777540714424947e-06
2019,E02006236,E07000200,10362,228441,53,3957,0.013393985342431134,138.7884761182714,male,90+,37,0.0035707392395290484,4.782642903589577e-05,0.00023200738921647164,8.284378885359439e-07
2019,E02006259,E07000202,7100,228441,51,3158,0.016149461684610514,114.66117796073465,female,90+,49,0.006901408450704225,0.0001114540313444951,0.00022325239339698215,1.5407559544298769e-06
2019,E02006259,E07000202,7100,228441,51,3158,0.016149461684610514,114.66117796073465,male,90+,27,0.0038028169014084506,6.141344584288505e-05,0.00022325239339698215,8.489879748899321e-07
2019,E02006239,E07000245,7719,228441,32,2380,0.013445378151260505,103.78487394957983,female,90+,27,0.003497862417411582,4.703008292318094e-05,0.00014007993311183193,4.899803334654051e-07
2019,E02006239,E07000245,7719,228441,32,2380,0.013445378151260505,103.78487394957983,male,90+,31,0.004016064257028112,5.399750261550403e-05,0.00014007993311183193,5.62570012497317e-07
2019,E02006826,E07000245,9804,228441,18,3898,0.004617752693689072,45.27244740892766,female,90+,83,0.00846593227254182,3.9093581556119233e-05,7.879496237540546e-05,6.670728148876635e-07
2019,E02006826,E07000245,9804,228441,18,3898,0.004617752693689072,45.27244740892766,male,90+,31,0.0031619747042023662,1.4601217207707181e-05,7.879496237540546e-05,2.4914767784960927e-07
2019,E02003744,E07000010,14355,228441,239,6893,0.034672856521108374,497.7288553605107,female,90+,147,0.010240334378265412,0.0003550616446257702,0.0010462220004289948,1.0713663118290646e-05
2019,E02003744,E07000010,14355,228441,239,6893,0.034672856521108374,497.7288553605107,male,90+,34,0.0023685127133402997,8.21231014780693e-05,0.0010462220004289948,2.4779901089923948e-06
2019,E02005517,E07000143,6533,228441,306,2500,0.1224,799.6392,female,90+,28,0.0042859329557630495,0.0005245981937853973,0.001339514360381893,5.741068741878617e-06
2019,E02005517,E07000143,6533,228441,306,2500,0.1224,799.6392,male,90+,7,0.0010714832389407624,0.00013114954844634932,0.001339514360381893,1.4352671854696543e-06
2019,E02005519,E07000143,8913,228441,424,3683,0.11512354059190877,1026.096117295683,female,90+,44,0.004936609446875351,0.0005683199580437548,0.001856059113731773,9.162638954807363e-06
2019,E02005519,E07000143,8913,228441,424,3683,0.11512354059190877,1026.096117295683,male,90+,15,0.001682935038707506,0.0001937454402421891,0.001856059113731773,3.1236269164116007e-06
2019,E02006269,E07000203,7508,228441,35,2973,0.011772620248906828,88.38883282879247,female,90+,100,0.013319126265316995,0.00015680101556881764,0.0001532124268410662,2.0406556585118032e-06
2019,E02006269,E07000203,7508,228441,35,2973,0.011772620248906828,88.38883282879247,male,90+,56,0.007458710708577517,8.780856871853788e-05,0.0001532124268410662,1.14276716876661e-06
2019,E02006242,E07000245,9994,228441,28,3639,0.007694421544380325,76.89804891453696,female,90+,70,0.007004202521512908,5.389328678273191e-05,0.00012256994147285294,8.58504693125846e-07
2019,E02006242,E07000245,9994,228441,28,3639,0.007694421544380325,76.89804891453696,male,90+,35,0.003502101260756454,2.6946643391365954e-05,0.00012256994147285294,4.29252346562923e-07
2019,E02005512,E07000143,9450,228441,2888,3385,0.8531757754800591,8062.511078286559,female,90+,42,0.0044444444444444444,0.0037918923354669292,0.012642213963342832,5.618761761485703e-05
2019,E02005512,E07000143,9450,228441,2888,3385,0.8531757754800591,8062.511078286559,male,90+,20,0.0021164021164021165,0.001805663016889014,0.012642213963342832,2.675600838802716e-05
2019,E02006264,E07000203,8672,228441,29,3559,0.00814835627985389,70.66254565889294,female,90+,51,0.0058809963099631,4.792045321408538e-05,0.0001269474393825977,7.465774225683213e-07
2019,E02006264,E07000203,8672,228441,29,3559,0.00814835627985389,70.66254565889294,male,90+,30,0.003459409594095941,2.818850189063846e-05,0.0001269474393825977,4.3916318974607133e-07
2019,E02006282,E07000245,6368,228441,17,2675,0.006355140186915888,40.469532710280376,female,90+,80,0.01256281407035176,7.983844455924482e-05,7.441746446566072e-05,9.348927696691045e-07
2019,E02006282,E07000245,6368,228441,17,2675,0.006355140186915888,40.469532710280376,male,90+,40,0.00628140703517588,3.991922227962241e-05,7.441746446566072e-05,4.6744638483455227e-07
2019,E02006284,E07000245,7933,228441,10,3332,0.003001200480192077,23.808523409363747,female,90+,28,0.0035295600655489727,1.0592917363592355e-05,4.3774979097447484e-05,1.5450641809259166e-07
2019,E02006284,E07000245,7933,228441,10,3332,0.003001200480192077,23.808523409363747,male,90+,31,0.003907727215429219,1.1727872795405822e-05,4.3774979097447484e-05,1.7106067717394075e-07
2019,E02005511,E07000143,8248,228441,2831,3289,0.8607479477044695,7099.449072666464,female,90+,100,0.01212415130940834,0.010435838357231686,0.012392696582487381,0.00015025092849766465
2019,E02005511,E07000143,8248,228441,2831,3289,0.8607479477044695,7099.449072666464,male,90+,57,0.0069107662463627545,0.005948427863622061,0.012392696582487381,8.564302924366885e-05
2019,E02006240,E07000245,10485,228441,46,3221,0.014281279105867743,149.73921142502329,female,90+,31,0.002956604673342871,4.222409654572246e-05,0.0002013649038482584,5.953564157649987e-07
2019,E02006240,E07000245,10485,228441,46,3221,0.014281279105867743,149.73921142502329,male,90+,22,0.0020982355746304244,2.9965487871157876e-05,0.0002013649038482584,4.2251100473645066e-07
2019,E02006243,E07000245,8966,228441,13,3683,0.0035297311973934292,31.647569915829486,female,90+,62,0.006915012268570154,2.4408134534730382e-05,5.690747282668173e-05,3.935158727698268e-07
2019,E02006243,E07000245,8966,228441,13,3683,0.0035297311973934292,31.647569915829486,male,90+,33,0.0036805710461744368,1.2991426445904881e-05,5.690747282668173e-05,2.094519967968433e-07
2019,E02006246,E07000202,7040,228441,60,3135,0.019138755980861243,134.73684210526315,female,90+,58,0.008238636363636363,0.00015767725097868638,0.0002626498745846849,2.163876807657915e-06
2019,E02006246,E07000202,7040,228441,60,3135,0.019138755980861243,134.73684210526315,male,90+,40,0.005681818181818182,0.00010874293170943889,0.0002626498745846849,1.4923288328675278e-06
2019,E02003752,E07000010,11152,228441,8,4643,0.0017230239069567091,19.21516261038122,female,90+,92,0.00824964131994261,1.421432921807902e-05,3.501998327795798e-05,2.8890230107354145e-07
2019,E02003752,E07000010,11152,228441,8,4643,0.0017230239069567091,19.21516261038122,male,90+,36,0.0032281205164992827,5.562128824465704e-06,3.501998327795798e-05,1.1304872650703797e-07
2019,E02005564,E07000146,9930,228441,366,4997,0.0732439463678207,727.3123874324594,female,90+,75,0.0075528700906344415,0.0005532020118415461,0.0016021642349665778,1.2100938330563276e-05
2019,E02005564,E07000146,9930,228441,366,4997,0.0732439463678207,727.3123874324594,male,90+,27,0.002719033232628399,0.00019915272426295657,0.0016021642349665778,4.35633779900278e-06
2019,E02003780,E07000012,12091,228441,8,3877,0.0020634511220015478,24.949187516120713,female,90+,124,0.010255561988255727,2.1161850891422703e-05,3.501998327795798e-05,3.5914960933477706e-07
2019,E02003780,E07000012,12091,228441,8,3877,0.0020634511220015478,24.949187516120713,male,90+,54,0.004466131833595236,9.21564474303892e-06,3.501998327795798e-05,1.56403862129661e-07
2019,E02003249,E06000031,12090,228441,11,4349,0.0025293170843872156,30.579443550241436,female,90+,37,0.0030603804797353184,7.740672632119684e-06,4.815247700719223e-05,1.4736490068371486e-07
2019,E02003249,E06000031,12090,228441,11,4349,0.0025293170843872156,30.579443550241436,male,90+,16,0.0013234077750206782,3.347317894970674e-06,4.815247700719223e-05,6.372536245782264e-08
2019,E02003745,E07000010,10314,228441,155,4975,0.031155778894472363,321.34070351758794,female,90+,64,0.006205158037618771,0.00019332653182530844,0.000678512176010436,4.2102752825933585e-06
2019,E02003745,E07000010,10314,228441,155,4975,0.031155778894472363,321.34070351758794,male,90+,29,0.0028117122357960056,8.760108473334289e-05,0.000678512176010436,1.907780987425116e-06
2019,E02003737,E07000009,13972,228441,10,4946,0.0020218358269308533,28.24909017387788,female,90+,83,0.005940452333237904,1.2010619355515374e-05,4.3774979097447484e-05,2.600431767168724e-07
2019,E02003737,E07000009,13972,228441,10,4946,0.0020218358269308533,28.24909017387788,male,90+,37,0.0026481534497566563,5.354131519928541e-06,4.3774979097447484e-05,1.1592286190993107e-07
2019,E02005589,E07000148,11841,228441,3910,4159,0.9401298389035826,11132.077422457322,female,90+,49,0.004138164006418377,0.0038904114607107125,0.017116016827101965,7.082888476716462e-05
2019,E02005589,E07000148,11841,228441,3910,4159,0.9401298389035826,11132.077422457322,male,90+,21,0.00177349885989359,0.0016673191974474482,0.017116016827101965,3.0355236328784836e-05
2019,E02005540,E07000145,8995,228441,667,4468,0.14928379588182633,1342.807743957028,female,90+,89,0.00989438576987215,0.0014770714656456411,0.002919791105799747,2.888953956822429e-05
2019,E02005540,E07000145,8995,228441,667,4468,0.14928379588182633,1342.807743957028,male,90+,47,0.005225125069483046,0.0007800265043297206,0.002919791105799747,1.5256273704567883e-05
2019,E02005548,E07000145,7498,228441,499,3604,0.13845726970033295,1038.1526082130965,female,90+,107,0.01427047212590024,0.001975850607886853,0.0021843714569626293,3.117201198919729e-05
2019,E02005548,E07000145,7498,228441,499,3604,0.13845726970033295,1038.1526082130965,male,90+,39,0.0052013870365430785,0.0007201698477344605,0.0021843714569626293,1.1361761379240137e-05
2019,E02005507,E07000143,11864,228441,4009,4418,0.9074241738343142,10765.680398370303,female,90+,81,0.006827376938637896,0.006195326877998942,0.017549389120166695,0.00011981629456620889
2019,E02005507,E07000143,11864,228441,4009,4418,0.9074241738343142,10765.680398370303,male,90+,46,0.0038772757923128793,0.0035183337825673002,0.017549389120166695,6.804382160550134e-05
2019,E02005547,E07000145,8812,228441,520,3960,0.13131313131313133,1157.1313131313132,female,90+,84,0.009532455742169769,0.0012517366126081515,0.002276298913067269,2.169871864476289e-05
2019,E02005547,E07000145,8812,228441,520,3960,0.13131313131313133,1157.1313131313132,male,90+,33,0.0037448933272809805,0.0004917536692389167,0.002276298913067269,8.524496610442564e-06
2019,E02005561,E07000146,11213,228441,311,5394,0.05765665554319614,646.5040786058584,female,90+,67,0.005975207348613217,0.00034451047189816656,0.0013614018499306167,8.134658338121048e-06
2019,E02005561,E07000146,11213,228441,311,5394,0.05765665554319614,646.5040786058584,male,90+,18,0.0016052795861945955,9.255505215174623e-05,0.0013614018499306167,2.185430598301177e-06
2019,E02005504,E07000143,9110,228441,1501,4011,0.3742208925454999,3409.152331089504,female,90+,72,0.007903402854006586,0.002957618470172996,0.006570624362526867,5.1930291339400046e-05
2019,E02005504,E07000143,9110,228441,1501,4011,0.3742208925454999,3409.152331089504,male,90+,44,0.004829857299670692,0.0018074335095501642,0.006570624362526867,3.1735178040744474e-05
2019,E02005569,E07000146,8228,228441,242,3732,0.06484458735262594,533.5412647374062,female,90+,38,0.004618376276130287,0.00029947670386482565,0.001059354494158229,4.8924976638323656e-06
2019,E02005569,E07000146,8228,228441,242,3732,0.06484458735262594,533.5412647374062,male,90+,16,0.0019445794846864365,0.00012609545425887396,0.001059354494158229,2.0599990163504696e-06
2019,E02005466,E07000140,6685,228441,69,3343,0.020640143583607537,137.97935985641638,female,90+,42,0.0062827225130890054,0.00012967629476612065,0.00030204735577238763,1.897679722130184e-06
2019,E02005466,E07000140,6685,228441,69,3343,0.020640143583607537,137.97935985641638,male,90+,25,0.0037397157816005983,7.718827069411943e-05,0.00030204735577238763,1.1295712631727287e-06
2019,E02005578,E07000147,5843,228441,1169,2736,0.427266081871345,2496.515716374269,female,90+,26,0.004449768954304296,0.0019012353463383487,0.005117295056491611,2.2770780672391217e-05
2019,E02005578,E07000147,5843,228441,1169,2736,0.427266081871345,2496.515716374269,male,90+,12,0.0020537395173712133,0.0008774932367715454,0.005117295056491611,1.0509591079565176e-05
2019,E02005580,E07000147,7937,228441,1847,3887,0.47517365577566245,3771.453305891433,female,90+,117,0.014741086052664734,0.007004575749748331,0.00808523863929855,0.00011918519853822985
2019,E02005580,E07000147,7937,228441,1847,3887,0.47517365577566245,3771.453305891433,male,90+,35,0.004409726596950989,0.0020953859080443727,0.00808523863929855,3.565369187041064e-05
2019,E02005474,E07000140,6793,228441,38,3085,0.012317666126418152,83.6739059967585,female,90+,46,0.006771676726041513,8.341125302741572e-05,0.00016634492057030043,1.1264340271211276e-06
2019,E02005474,E07000140,6793,228441,38,3085,0.012317666126418152,83.6739059967585,male,90+,26,0.003827469453849551,4.7145490841582796e-05,0.00016634492057030043,6.366801022858547e-07
2019,E02005510,E07000143,7023,228441,1986,3118,0.6369467607440668,4473.277100705581,female,90+,92,0.013099814893919978,0.00834388466302921,0.00869371084875307,0.00011388600285992916
2019,E02005510,E07000143,7023,228441,1986,3118,0.6369467607440668,4473.277100705581,male,90+,43,0.006122739569984337,0.0038998591359810436,0.00869371084875307,5.322932742366254e-05
2019,E02005514,E07000143,6903,228441,367,3099,0.11842529848338174,817.4898354307841,female,90+,39,0.005649717514124294,0.0006690694829569589,0.0016065417328763225,9.076506965402952e-06
2019,E02005514,E07000143,6903,228441,367,3099,0.11842529848338174,817.4898354307841,male,90+,21,0.003042155584528466,0.0003602681831306702,0.0016065417328763225,4.887349904447744e-06
2019,E02005506,E07000143,6943,228441,1780,2867,0.6208580397628183,4310.617370073247,female,90+,54,0.007777617744490854,0.004828796506869104,0.007791946279345652,6.060277964635823e-05
2019,E02005506,E07000143,6943,228441,1780,2867,0.6208580397628183,4310.617370073247,male,90+,26,0.003744778914014115,0.002324976095899939,0.007791946279345652,2.9179116126024334e-05
2019,E02005571,E07000147,5990,228441,1519,2515,0.6039761431411531,3617.8170974155073,female,90+,70,0.011686143572621035,0.007058151923185429,0.006649419324902273,7.77060689053688e-05
2019,E02005571,E07000147,5990,228441,1519,2515,0.6039761431411531,3617.8170974155073,male,90+,36,0.006010016694490818,0.003629906703352506,0.006649419324902273,3.996312115133253e-05
2019,E02003742,E07000010,6664,228441,124,3558,0.03485103991006183,232.24732996065205,female,90+,66,0.009903961584633853,0.0003451633604537936,0.0005428097408083488,5.375966820730945e-06
2019,E02003742,E07000010,6664,228441,124,3558,0.03485103991006183,232.24732996065205,male,90+,12,0.001800720288115246,6.275697462796248e-05,0.0005428097408083488,9.774485128601719e-07
2019,E02005472,E07000140,9869,228441,192,5695,0.033713784021071114,332.7213345039508,female,90+,98,0.0099300841017327,0.0003347807107168882,0.0008404795986709917,8.346033100593494e-06
2019,E02005472,E07000140,9869,228441,192,5695,0.033713784021071114,332.7213345039508,male,90+,47,0.004762387273279968,0.00016055809595605863,0.0008404795986709917,4.002689344162186e-06
2019,E02005552,E07000146,6790,228441,471,3075,0.15317073170731707,1040.029268292683,female,90+,69,0.0101620029455081,0.0015565214267753871,0.0020618015154897766,2.0952033073460175e-05
2019,E02005552,E07000146,6790,228441,471,3075,0.15317073170731707,1040.029268292683,male,90+,40,0.005891016200294551,0.000902331261898775,0.0020618015154897766,1.214610612954213e-05
2019,E02005563,E07000146,7551,228441,209,4033,0.05182246466650137,391.3114306967518,female,90+,51,0.006754072308303536,0.00035001267355205535,0.0009148970631366524,6.179280919079496e-06
2019,E02005563,E07000146,7551,228441,209,4033,0.05182246466650137,391.3114306967518,male,90+,31,0.004105416501125679,0.00021275280157085716,0.0009148970631366524,3.756033499832635e-06
2019,E02005509,E07000143,8278,228441,645,4465,0.1444568868980963,1195.8141097424411,female,90+,165,0.019932350809374246,0.0028793653464829535,0.0028234861517853625,5.627871648279595e-05
2019,E02005509,E07000143,8278,228441,645,4465,0.1444568868980963,1195.8141097424411,male,90+,49,0.005919304179753564,0.0008550842544100892,0.0028234861517853625,1.6713073379739402e-05
2019,E02005566,E07000146,9847,228441,243,4936,0.04923014586709887,484.76924635332256,female,90+,51,0.005179242408855489,0.00025497485926902024,0.0010637319920679738,5.509325844974781e-06
2019,E02005566,E07000146,9847,228441,243,4936,0.04923014586709887,484.76924635332256,male,90+,31,0.003148166954402356,0.00015498471837920838,0.0010637319920679738,3.3488059057689845e-06
2019,E02005568,E07000146,7423,228441,251,3603,0.06966416874826534,517.1171246183736,female,90+,36,0.004849791189546006,0.0003378566718223834,0.0010987519753459319,5.328717649528971e-06
2019,E02005568,E07000146,7423,228441,251,3603,0.06966416874826534,517.1171246183736,male,90+,21,0.0028290448605685034,0.000197083058563057,0.0010987519753459319,3.1084186288918994e-06
2019,E02005560,E07000146,9204,228441,229,4415,0.05186862967157418,477.39886749716874,female,90+,21,0.0022816166883963492,0.0001183443310629137,0.0010024470213315473,2.2871998531032695e-06
2019,E02005560,E07000146,9204,228441,229,4415,0.05186862967157418,477.39886749716874,male,90+,13,0.0014124293785310734,7.326077637227991e-05,0.0010024470213315473,1.415885623349643e-06
2019,E02005559,E07000146,7266,228441,191,3715,0.05141318977119785,373.56823687752353,female,90+,65,0.008945774841728598,0.0004599308195881998,0.0008361021007612469,7.479581138106392e-06
2019,E02005559,E07000146,7266,228441,191,3715,0.05141318977119785,373.56823687752353,male,90+,19,0.002614918799889898,0.00013444131649501225,0.0008361021007612469,2.1863391019080227e-06
2019,E02003743,E07000010,11376,228441,180,5507,0.032685672780098055,371.83221354639545,female,90+,87,0.007647679324894515,0.00024996954394062334,0.0007879496237540546,6.025986046642296e-06
2019,E02003743,E07000010,11376,228441,180,5507,0.032685672780098055,371.83221354639545,male,90+,47,0.004131504922644164,0.00013504101799091146,0.0007879496237540546,3.2554177493354933e-06
2019,E02005567,E07000146,11005,228441,321,5784,0.05549792531120332,610.7546680497925,female,90+,161,0.014629713766469786,0.0008119187619358232,0.001405176829028064,2.055733479995623e-05
2019,E02005567,E07000146,11005,228441,321,5784,0.05549792531120332,610.7546680497925,male,90+,68,0.006179009541117674,0.00034292221001016134,0.001405176829028064,8.682601033521886e-06
2019,E02005551,E07000146,5246,228441,187,2808,0.06659544159544159,349.3596866096866,female,90+,104,0.019824628288219594,0.001320229875319467,0.0008185921091222679,1.6228284283018652e-05
2019,E02005551,E07000146,5246,228441,187,2808,0.06659544159544159,349.3596866096866,male,90+,64,0.012199771254288982,0.0008124491540427491,0.0008185921091222679,9.986636481857633e-06
2019,E02005556,E07000146,7408,228441,229,3960,0.057828282828282826,428.39191919191916,female,90+,47,0.006344492440604752,0.00036689110325719397,0.0010024470213315473,6.3600175489447515e-06
2019,E02005556,E07000146,7408,228441,229,3960,0.057828282828282826,428.39191919191916,male,90+,30,0.004049676025917927,0.0002341858105896983,0.0010024470213315473,4.059585669539204e-06
2019,E02005553,E07000146,8632,228441,372,4706,0.07904802379940501,682.342541436464,female,90+,108,0.012511584800741427,0.0009890160530972823,0.0016284292224250463,2.037423030837639e-05
2019,E02005553,E07000146,8632,228441,372,4706,0.07904802379940501,682.342541436464,male,90+,73,0.008456904541241891,0.0006685015914453853,0.0016284292224250463,1.3771470486217376e-05
2019,E02005565,E07000146,6996,228441,217,3487,0.062231144250071695,435.36908517350156,female,90+,28,0.004002287021154946,0.0002490669009436832,0.0009499170464146103,3.801840666039035e-06
2019,E02005565,E07000146,6996,228441,217,3487,0.062231144250071695,435.36908517350156,male,90+,30,0.004288164665523156,0.000266857393868232,0.0009499170464146103,4.073400713613252e-06
2019,E02005558,E07000146,7087,228441,210,3328,0.06310096153846154,447.1965144230769,female,90+,35,0.0049386200084662055,0.0003116316712073026,0.0009192745610463971,4.539947740457725e-06
2019,E02005558,E07000146,7087,228441,210,3328,0.06310096153846154,447.1965144230769,male,90+,18,0.0025398617186397627,0.0001602677166208985,0.0009192745610463971,2.334830266521116e-06
2019,E02005555,E07000146,6847,228441,224,3227,0.06941431670281996,475.27982646420827,female,90+,81,0.011829998539506352,0.0008211712652151915,0.0009805595317828235,1.1600017828889834e-05
2019,E02005555,E07000146,6847,228441,224,3227,0.06941431670281996,475.27982646420827,male,90+,35,0.0051117277639842265,0.0003548270899077988,0.0009805595317828235,5.012353382853632e-06
2019,E02005554,E07000146,6905,228441,253,3601,0.07025826159400167,485.13329630658154,female,90+,84,0.012165097755249819,0.0008546986204049443,0.0011075069711654214,1.3472930568847993e-05
2019,E02005554,E07000146,6905,228441,253,3601,0.07025826159400167,485.13329630658154,male,90+,40,0.005792903692976104,0.0004069993430499734,0.0011075069711654214,6.415681223260949e-06
2019,E02005557,E07000146,6655,228441,163,3372,0.04833926453143535,321.6978054567022,female,90+,29,0.004357625845229151,0.00021064442846155146,0.0007135321592883939,3.1093061787172686e-06
2019,E02005557,E07000146,6655,228441,163,3372,0.04833926453143535,321.6978054567022,male,90+,14,0.0021036814425244178,0.00010169041374005933,0.0007135321592883939,1.5010443621393711e-06
2019,E02005562,E07000146,7150,228441,311,3610,0.08614958448753463,615.9695290858725,female,90+,33,0.004615384615384616,0.00039761346686554444,0.0013614018499306167,6.2833931535259235e-06
2019,E02005562,E07000146,7150,228441,311,3610,0.08614958448753463,615.9695290858725,male,90+,35,0.0048951048951048955,0.0004217112527361835,0.0013614018499306167,6.664204859800222e-06
2019,E02005573,E07000147,5874,228441,2012,2264,0.8886925795053003,5220.180212014134,female,90+,102,0.017364657814096015,0.015431842545035858,0.008807525794406433,0.00015293967160869189
2019,E02005573,E07000147,5874,228441,2012,2264,0.8886925795053003,5220.180212014134,male,90+,45,0.007660878447395302,0.006808165828692291,0.008807525794406433,6.747338453324643e-05
2019,E02005577,E07000147,6084,228441,1798,2279,0.78894251864853,4799.926283457657,female,90+,47,0.007725180802103879,0.0060947235990271055,0.007870741241721057,6.080289913887075e-05
2019,E02005577,E07000147,6084,228441,1798,2279,0.78894251864853,4799.926283457657,male,90+,22,0.003616042077580539,0.002852849344225454,0.007870741241721057,2.8460931511811844e-05
2019,E02005467,E07000140,7563,228441,18,3426,0.005253940455341506,39.73555166374781,female,90+,69,0.009123363744545815,4.7933609866265226e-05,7.879496237540546e-05,7.188751029886257e-07
2019,E02005467,E07000140,7563,228441,18,3426,0.005253940455341506,39.73555166374781,male,90+,37,0.004892238529683988,2.5703529928287152e-05,7.879496237540546e-05,3.8548375087795873e-07
2019,E02005505,E07000143,7600,228441,2690,2978,0.9032907991940899,6865.010073875083,female,90+,117,0.015394736842105263,0.013905924145487964,0.011775469377213372,0.00018128025225446902
2019,E02005505,E07000143,7600,228441,2690,2978,0.9032907991940899,6865.010073875083,male,90+,59,0.0077631578947368425,0.0070123890990067515,0.011775469377213372,9.141482805994592e-05
2019,E02003732,E07000009,9888,228441,29,3720,0.0077956989247311825,77.08387096774193,female,90+,95,0.009607605177993528,7.489799735532589e-05,0.0001269474393825977,1.219660875945265e-06
2019,E02003732,E07000009,9888,228441,29,3720,0.0077956989247311825,77.08387096774193,male,90+,23,0.002326051779935275,1.813319935971048e-05,0.0001269474393825977,2.9528631733411683e-07
2019,E02005503,E07000143,7420,228441,2545,2884,0.8824549237170597,6547.815533980583,female,90+,89,0.011994609164420486,0.010584701915204624,0.011140732180300384,0.00013362872830818522
2019,E02005503,E07000143,7420,228441,2545,2884,0.8824549237170597,6547.815533980583,male,90+,39,0.005256064690026954,0.004638240165089667,0.011140732180300384,5.855640903392386e-05
2019,E02005609,E07000149,7526,228441,2582,2965,0.8708263069139967,6553.838785834739,female,90+,62,0.008238107892638851,0.0071739610721057384,0.01130269960296094,9.311285880727853e-05
2019,E02005609,E07000149,7526,228441,2582,2965,0.8708263069139967,6553.838785834739,male,90+,35,0.0046505447781025775,0.004049816734253239,0.01130269960296094,5.256371061701207e-05
2019,E02005610,E07000149,8162,228441,2505,3035,0.8253706754530478,6736.675453047776,female,90+,66,0.008086253369272238,0.00667415640528071,0.010965632263910594,8.86708808402474e-05
2019,E02005610,E07000149,8162,228441,2505,3035,0.8253706754530478,6736.675453047776,male,90+,36,0.0044106836559666745,0.0036404489483349324,0.010965632263910594,4.83659350037713e-05
2019,E02005532,E07000144,8282,228441,2878,3062,0.9399085564990203,7784.322664924886,female,90+,62,0.007486114465105047,0.00703626304068332,0.012598438984245385,9.431335631770271e-05
2019,E02005532,E07000144,8282,228441,2878,3062,0.9399085564990203,7784.322664924886,male,90+,32,0.003863801014247766,0.0036316196339010683,0.012598438984245385,4.8677861325265914e-05
2019,E02005605,E07000149,10777,228441,3610,3878,0.9308922124806601,10032.225373904073,female,90+,96,0.008907859330054746,0.008292256880221154,0.01580276745417854,0.0001407688295073898
2019,E02005605,E07000149,10777,228441,3610,3878,0.9308922124806601,10032.225373904073,male,90+,38,0.0035260276514800038,0.0032823516817542067,0.01580276745417854,5.5720995013341796e-05
2019,E02005515,E07000143,6424,228441,2077,2285,0.9089715536105033,5839.233260393873,female,90+,54,0.008405977584059776,0.00764079450419788,0.009092063158539842,7.642767910354164e-05
2019,E02005515,E07000143,6424,228441,2077,2285,0.9089715536105033,5839.233260393873,male,90+,23,0.003580323785803238,0.0032544124740102078,0.009092063158539842,3.255252998854551e-05
2019,E02005592,E07000148,9394,228441,2364,2555,0.9252446183953034,8691.74794520548,female,90+,31,0.0032999787098147754,0.0030532875420751972,0.010348405058636585,3.4149516374040255e-05
2019,E02005592,E07000148,9394,228441,2364,2555,0.9252446183953034,8691.74794520548,male,90+,30,0.003193527783691718,0.0029547943955566427,0.010348405058636585,3.3047919071651856e-05
2019,E02006273,E07000245,6726,228441,75,2935,0.02555366269165247,171.8739352640545,female,90+,55,0.008177222717811478,0.00020895799108547217,0.0003283123432308561,2.684683151605276e-06
2019,E02006273,E07000245,6726,228441,75,2935,0.02555366269165247,171.8739352640545,male,90+,23,0.0034195658638120725,8.73824326357429e-05,0.0003283123432308561,1.1226856815803881e-06
2019,E02005596,E07000148,9370,228441,3497,3688,0.9482104121475055,8884.731561822126,female,90+,87,0.009284951974386339,0.008804088138402664,0.015308110190377384,0.00014213506793626812
2019,E02005596,E07000148,9370,228441,3497,3688,0.9482104121475055,8884.731561822126,male,90+,54,0.00576307363927428,0.005464606430732689,0.015308110190377384,8.822176630526988e-05
2019,E02005524,E07000144,5487,228441,1872,2021,0.9262741217219198,5082.466105888174,female,90+,28,0.005102970657918717,0.004726749664336387,0.008194676087042168,4.181719162332435e-05
2019,E02005524,E07000144,5487,228441,1872,2021,0.9262741217219198,5082.466105888174,male,90+,16,0.00291598323309641,0.002700999808192221,0.008194676087042168,2.389553807047106e-05
2019,E02005534,E07000144,7281,228441,2498,2697,0.9262143121987393,6743.766407119021,female,90+,87,0.011948908117016894,0.011067249713128736,0.01093498977854238,0.00013066118812432183
2019,E02005534,E07000144,7281,228441,2498,2697,0.9262143121987393,6743.766407119021,male,90+,50,0.006867188572998215,0.006360488340878583,0.01093498977854238,7.509263685305851e-05
2019,E02005585,E07000148,11017,228441,3685,3934,0.9367056431113371,10319.6860701576,female,90+,31,0.002813833166923845,0.0026357334062314104,0.016131079797409395,4.539016735224573e-05
2019,E02005585,E07000148,11017,228441,3685,3934,0.9367056431113371,10319.6860701576,male,90+,24,0.0021784514840700736,0.002040567798372705,0.016131079797409395,3.5140774724319276e-05
2019,E02005527,E07000144,8922,228441,2984,3250,0.9181538461538462,8191.768615384616,female,90+,78,0.008742434431741762,0.008026899798251514,0.013062453762678328,0.00011419764553787376
2019,E02005527,E07000144,8922,228441,2984,3250,0.9181538461538462,8191.768615384616,male,90+,44,0.004931629679444071,0.004527994757988034,0.013062453762678328,6.441918466239033e-05
2019,E02005584,E07000148,10955,228441,3703,3961,0.9348649330977026,10241.445342085332,female,90+,54,0.00492925604746691,0.004608188625036598,0.016209874759784804,7.990262318835046e-05
2019,E02005584,E07000148,10955,228441,3703,3961,0.9348649330977026,10241.445342085332,male,90+,39,0.0035600182565038796,0.003328136229193099,0.016209874759784804,5.770745008047534e-05
2019,E02005590,E07000148,11086,228441,3673,3972,0.92472306143001,10251.479859013092,female,90+,100,0.009020386072523904,0.008341359024264928,0.01607854982249246,0.00014503472688519268
2019,E02005590,E07000148,11086,228441,3673,3972,0.92472306143001,10251.479859013092,male,90+,47,0.004239581454086235,0.003920438741404517,0.01607854982249246,6.816632163604055e-05
2019,E02005607,E07000149,11561,228441,3943,4219,0.9345816544204788,10804.698506755156,female,90+,74,0.006400830377994983,0.00598209864433141,0.01726047425812354,0.00011048136796999759
2019,E02005607,E07000149,11561,228441,3943,4219,0.9345816544204788,10804.698506755156,male,90+,34,0.0029409220655652623,0.0027485318095576746,0.01726047425812354,5.076170960783672e-05
2019,E02005601,E07000149,5673,228441,2051,2209,0.9284744228157538,5267.235400633771,female,90+,61,0.010752688172043012,0.009983595944255418,0.008978248212886479,9.654030336437074e-05
2019,E02005601,E07000149,5673,228441,2051,2209,0.9284744228157538,5267.235400633771,male,90+,25,0.004406839414771726,0.004091637682071892,0.008978248212886479,3.956569810015194e-05
2019,E02005516,E07000143,6908,228441,1676,2829,0.592435489572287,4092.5443619653583,female,90+,56,0.008106543138390272,0.004802603852931105,0.007336686496732198,5.947516557860497e-05
2019,E02005516,E07000143,6908,228441,1676,2829,0.592435489572287,4092.5443619653583,male,90+,30,0.004342790966994789,0.0025728234926416633,0.007336686496732198,3.186169584568123e-05
2019,E02005465,E07000140,8563,228441,11,3284,0.0033495736906211937,28.68239951278928,female,90+,58,0.00677332710498657,2.268775826883443e-05,4.815247700719223e-05,3.261524776850577e-07
2019,E02005465,E07000140,8563,228441,11,3284,0.0033495736906211937,28.68239951278928,male,90+,43,0.005021604577834871,1.682023457861863e-05,4.815247700719223e-05,2.4180269897340486e-07
2019,E02005588,E07000148,12054,228441,3867,4106,0.9417924987822699,11352.366780321481,female,90+,55,0.004562800730048117,0.0042972115009975815,0.016927784416982943,7.723810709590691e-05
2019,E02005588,E07000148,12054,228441,3867,4106,0.9417924987822699,11352.366780321481,male,90+,22,0.0018251202920192466,0.0017188846003990323,0.016927784416982943,3.089524283836276e-05
2019,E02005523,E07000144,8470,228441,2828,3036,0.9314888010540184,7889.710144927536,female,90+,35,0.004132231404958678,0.003849127277082721,0.012379564088758148,5.115522350726507e-05
2019,E02005523,E07000144,8470,228441,2828,3036,0.9314888010540184,7889.710144927536,male,90+,20,0.0023612750885478157,0.002199501301190126,0.012379564088758148,2.9231556289865753e-05
2019,E02006241,E07000245,9054,228441,39,3755,0.010386151797603195,94.03621837549933,female,90+,80,0.008835873647006848,9.177072496225488e-05,0.00017072241848004518,1.508481718401106e-06
2019,E02006241,E07000245,9054,228441,39,3755,0.010386151797603195,94.03621837549933,male,90+,40,0.004417936823503424,4.588536248112744e-05,0.00017072241848004518,7.54240859200553e-07
2019,E02005598,E07000149,9977,228441,3359,3607,0.9312448017743277,9291.029387302468,female,90+,78,0.00781798135712138,0.007280454499187888,0.014704015478832608,0.00011495571888833752
2019,E02005598,E07000149,9977,228441,3359,3607,0.9312448017743277,9291.029387302468,male,90+,46,0.0046106043900972235,0.004293601371315934,0.014704015478832608,6.779439831876315e-05
2019,E02005576,E07000147,6730,228441,2567,2849,0.901017901017901,6063.8504738504735,female,90+,94,0.013967310549777118,0.012584796834425364,0.011237037134314768,0.0001569511873143519
2019,E02005576,E07000147,6730,228441,2567,2849,0.901017901017901,6063.8504738504735,male,90+,49,0.007280832095096583,0.00656016005198769,0.011237037134314768,8.18149806213111e-05
2019,E02005525,E07000144,10164,228441,3168,3381,0.9370008873114463,9523.67701863354,female,90+,82,0.008067689885871704,0.007559432581615367,0.013867913378071361,0.00011188202449841122
2019,E02005525,E07000144,10164,228441,3168,3381,0.9370008873114463,9523.67701863354,male,90+,36,0.0035419126328217238,0.003318775279733576,0.013867913378071361,4.9118937584668344e-05
2019,E02003738,E07000009,6280,228441,13,2354,0.0055225148683092605,34.68139337298216,female,90+,36,0.005732484076433121,3.165772854444799e-05,5.690747282668173e-05,3.262211818090035e-07
2019,E02003738,E07000009,6280,228441,13,2354,0.0055225148683092605,34.68139337298216,male,90+,19,0.0030254777070063696,1.6708245620680885e-05,5.690747282668173e-05,1.721722903991963e-07
2019,E02005603,E07000149,11652,228441,3684,3943,0.9343139741313721,10886.626426578747,female,90+,51,0.004376930998970134,0.004089427796146582,0.01612670229949965,7.058546320584296e-05
2019,E02005603,E07000149,11652,228441,3684,3943,0.9343139741313721,10886.626426578747,male,90+,28,0.002403020940611054,0.0022451760449432217,0.01612670229949965,3.8752803328698095e-05
2019,E02005600,E07000149,6635,228441,2020,2210,0.9140271493212669,6064.570135746606,female,90+,49,0.007385079125847777,0.006750162820910638,0.008842545777684391,6.530290024213039e-05
2019,E02005600,E07000149,6635,228441,2020,2210,0.9140271493212669,6064.570135746606,male,90+,23,0.00346646571213263,0.003168443773080503,0.008842545777684391,3.0652381746306106e-05
2019,E02005513,E07000143,9953,228441,3432,3696,0.9285714285714286,9242.07142857143,female,90+,125,0.012559027428915905,0.011661954041136197,0.015023572826243975,0.00018868146320511373
2019,E02005513,E07000143,9953,228441,3432,3696,0.9285714285714286,9242.07142857143,male,90+,41,0.004119360996684417,0.0038251209254926734,0.015023572826243975,6.188751993127731e-05
2019,E02006238,E07000245,9785,228441,133,4511,0.029483484814896918,288.4958989137663,female,90+,80,0.008175779253960144,0.00024105046348408315,0.0005822072219960515,4.759997727101086e-06
2019,E02006238,E07000245,9785,228441,133,4511,0.029483484814896918,288.4958989137663,male,90+,36,0.0036791006642820645,0.00010847270856783741,0.0005822072219960515,2.1419989771954884e-06
2019,E02005572,E07000147,7738,228441,3064,3314,0.9245624622812312,7154.264333132167,female,90+,172,0.022227965882657016,0.02055114286797257,0.013412653595457909,0.00029813600651573533
2019,E02005572,E07000147,7738,228441,3064,3314,0.9245624622812312,7154.264333132167,male,90+,70,0.009046265184802274,0.008363837213709768,0.013412653595457909,0.00012133442125640392
2019,E02005518,E07000143,11391,228441,609,4444,0.13703870387038705,1561.007875787579,female,90+,75,0.006584145377929945,0.0009022827486857193,0.0026658962270345514,1.755264832127042e-05
2019,E02005518,E07000143,11391,228441,609,4444,0.13703870387038705,1561.007875787579,male,90+,28,0.002458080941093846,0.0003368522261760019,0.0026658962270345514,6.552988706607623e-06
2019,E02005574,E07000147,7117,228441,2517,2774,0.9073540014419611,6457.638428262437,female,90+,62,0.008711535759449206,0.00790444683004097,0.01101816223882753,9.598511434695895e-05
2019,E02005574,E07000147,7117,228441,2517,2774,0.9073540014419611,6457.638428262437,male,90+,51,0.007165940705353379,0.006502044973098218,0.01101816223882753,7.895549728540172e-05
2019,E02005570,E07000147,7365,228441,2562,2824,0.9072237960339944,6681.703257790368,female,90+,162,0.021995926680244398,0.019955228100136738,0.011215149644766045,0.0002466876092942429
2019,E02005570,E07000147,7365,228441,2562,2824,0.9072237960339944,6681.703257790368,male,90+,50,0.006788866259334691,0.006159021018560722,0.011215149644766045,7.613815101674166e-05
2019,E02005521,E07000144,8781,228441,2751,2985,0.9216080402010051,8092.640201005025,female,90+,71,0.00808563944880993,0.007451790326189655,0.012042496749707803,9.737128678160278e-05
2019,E02005521,E07000144,8781,228441,2751,2985,0.9216080402010051,8092.640201005025,male,90+,26,0.002960938389705045,0.0027288246264919862,0.012042496749707803,3.565709093410806e-05
2019,E02003746,E07000010,7756,228441,12,3266,0.003674219228413962,28.49724433557869,female,90+,58,0.007478081485301702,2.7476110784941953e-05,5.252997491693698e-05,3.928234328497092e-07
2019,E02003746,E07000010,7756,228441,12,3266,0.003674219228413962,28.49724433557869,male,90+,28,0.0036101083032490976,1.3264329344454737e-05,5.252997491693698e-05,1.89638898617101e-07
2019,E02003751,E07000010,7027,228441,8,3191,0.0025070510811657787,17.617047947351928,female,90+,57,0.008111569659883307,2.0336119485761972e-05,3.501998327795798e-05,2.840670338471047e-07
2019,E02003751,E07000010,7027,228441,8,3191,0.0025070510811657787,17.617047947351928,male,90+,25,0.0035577059911768892,8.919350651649988e-06,3.501998327795798e-05,1.2459080431890559e-07
2019,E02005575,E07000147,7169,228441,2376,2621,0.9065242273941244,6498.872186188478,female,90+,63,0.008787836518342865,0.007966386710256639,0.010400935033553521,9.14017167127733e-05
2019,E02005575,E07000147,7169,228441,2376,2621,0.9065242273941244,6498.872186188478,male,90+,29,0.004045194587808621,0.0036670668983721033,0.010400935033553521,4.2073806105879776e-05
2019,E02005468,E07000140,7623,228441,12,2918,0.00411240575736806,31.348869088416723,female,90+,46,0.006034369670733307,2.4815776576010856e-05,5.252997491693698e-05,3.1698528744314586e-07
2019,E02005468,E07000140,7623,228441,12,2918,0.00411240575736806,31.348869088416723,male,90+,39,0.005116096025186935,2.10394627492266e-05,5.252997491693698e-05,2.6874839587571065e-07
2019,E02003750,E07000010,7481,228441,9,3479,0.0025869502730669733,19.352974992814026,female,90+,108,0.014436572650715145,3.734669556091874e-05,3.939748118770273e-05,5.687645994214536e-07
2019,E02003750,E07000010,7481,228441,9,3479,0.0025869502730669733,19.352974992814026,male,90+,58,0.007752974201309985,2.0056558727160064e-05,3.939748118770273e-05,3.0544765524485477e-07
2019,E02005508,E07000143,7007,228441,2441,2632,0.9274316109422492,6498.51329787234,female,90+,48,0.006850292564578279,0.006353177868592546,0.01068547239768693,7.319861211488122e-05
2019,E02005508,E07000143,7007,228441,2441,2632,0.9274316109422492,6498.51329787234,male,90+,27,0.0038532895675752817,0.0035736625510833066,0.01068547239768693,4.117421931462068e-05
2019,E02003753,E07000011,11314,228441,11,3948,0.002786220871327254,31.523302938196554,female,90+,58,0.005126392080608096,1.4283260609597025e-05,4.815247700719223e-05,2.468484767913337e-07
2019,E02003753,E07000011,11314,228441,11,3948,0.002786220871327254,31.523302938196554,male,90+,32,0.0028283542513699842,7.88041964667422e-06,4.815247700719223e-05,1.3619226305728757e-07
2019,E02005599,E07000149,6569,228441,2263,2427,0.9324268644416975,6125.1120725175115,female,90+,65,0.009894961181306134,0.009226327628057593,0.009906277769752366,9.802223398293557e-05
2019,E02005599,E07000149,6569,228441,2263,2427,0.9324268644416975,6125.1120725175115,male,90+,29,0.004414674988582737,0.004116361557133388,0.009906277769752366,4.373299670007894e-05
2019,E02003245,E06000031,7836,228441,8,2848,0.0028089887640449437,22.01123595505618,female,90+,14,0.0017866258295048494,5.018611880631599e-06,3.501998327795798e-05,6.256760667322763e-08
2019,E02003245,E06000031,7836,228441,8,2848,0.0028089887640449437,22.01123595505618,male,90+,24,0.0030627871362940277,8.603334652511313e-06,3.501998327795798e-05,1.0725875429696167e-07
2019,E02005526,E07000144,5348,228441,1968,2102,0.9362511893434824,5007.071360608944,female,90+,56,0.010471204188481676,0.009803677375324423,0.008614915886377665,9.020854331285513e-05
2019,E02005526,E07000144,5348,228441,1968,2102,0.9362511893434824,5007.071360608944,male,90+,18,0.0033657442034405387,0.003151182013497136,0.008614915886377665,2.8995603207703435e-05
2019,E02005528,E07000144,8597,228441,2743,2924,0.9380984952120383,8064.832763337893,female,90+,70,0.008142375247179248,0.007638349966830601,0.012007476766429845,9.776938160405828e-05
2019,E02005528,E07000144,8597,228441,2743,2924,0.9380984952120383,8064.832763337893,male,90+,43,0.005001744794695824,0.0046921292653387976,0.012007476766429845,6.0058334413921515e-05
2019,E02005530,E07000144,5483,228441,2031,2157,0.9415855354659249,5162.713490959666,female,90+,50,0.009119095385737734,0.00858640831174471,0.008890698254691583,8.107512543034454e-05
2019,E02005530,E07000144,5483,228441,2031,2157,0.9415855354659249,5162.713490959666,male,90+,16,0.002918110523436075,0.0027476506597583074,0.008890698254691583,2.5944040137710254e-05
2019,E02005581,E07000147,8362,228441,2689,2942,0.9140040788579198,7642.9021074099255,female,90+,44,0.0052618990672088015,0.004809397209967528,0.011771091879303627,6.193829737973686e-05
2019,E02005581,E07000147,8362,228441,2689,2942,0.9140040788579198,7642.9021074099255,male,90+,28,0.0033484812245874193,0.0030605254972520634,0.011771091879303627,3.9415280150741636e-05
2019,E02006274,E07000245,6820,228441,80,2816,0.028409090909090908,193.75,female,90+,50,0.007331378299120235,0.00020827779258864303,0.0003501998327795799,2.567447454395747e-06
2019,E02006274,E07000245,6820,228441,80,2816,0.028409090909090908,193.75,male,90+,24,0.0035190615835777126,9.997334044254865e-05,0.0003501998327795799,1.2323747781099585e-06
2019,E02005586,E07000148,9889,228441,3031,3232,0.937809405940594,9273.997215346535,female,90+,20,0.0020224491859642028,0.001896671869634127,0.013268196164436332,2.6834252531977616e-05
2019,E02005586,E07000148,9889,228441,3031,3232,0.937809405940594,9273.997215346535,male,90+,16,0.001617959348771362,0.0015173374957073015,0.013268196164436332,2.1467402025582092e-05
2019,E02006908,E07000148,5715,228441,1741,1868,0.9320128479657388,5326.453426124197,female,90+,21,0.003674540682414698,0.003424719126383292,0.007621223860865606,2.8004497126540286e-05
2019,E02006908,E07000148,5715,228441,1741,1868,0.9320128479657388,5326.453426124197,male,90+,15,0.0026246719160104987,0.0024462279474166374,0.007621223860865606,2.000321223324306e-05
2019,E02006281,E07000245,8800,228441,31,4082,0.007594316511513963,66.82998530132288,female,90+,214,0.02431818181818182,0.00018467996971181685,0.0001357024352020872,3.3000364924143935e-06
2019,E02006281,E07000245,8800,228441,31,4082,0.007594316511513963,66.82998530132288,male,90+,81,0.009204545454545455,6.990223152643535e-05,0.0001357024352020872,1.2490792331101208e-06
2019,E02006316,E07000244,7206,228441,1008,3252,0.30996309963099633,2233.5940959409595,female,90+,91,0.012628365251179573,0.003914327236527986,0.0044125178930227065,5.572288763045605e-05
2019,E02006316,E07000244,7206,228441,1008,3252,0.30996309963099633,2233.5940959409595,male,90+,53,0.007354981959478212,0.002279773005889926,0.0044125178930227065,3.245398949905682e-05
2019,E02006307,E07000244,7303,228441,507,3269,0.15509330070357907,1132.646375038238,female,90+,116,0.015883883335615502,0.0024634838945111837,0.0022193914402405873,3.525255471284515e-05
2019,E02006307,E07000244,7303,228441,507,3269,0.15509330070357907,1132.646375038238,male,90+,39,0.005340271121456935,0.0008282402748787599,0.0022193914402405873,1.1852152015525525e-05
2019,E02006302,E07000244,6742,228441,476,3081,0.15449529373580007,1041.607270366764,female,90+,74,0.010975971521803619,0.0016957359442968266,0.0020836890050385,2.2870511179597894e-05
2019,E02006302,E07000244,6742,228441,476,3081,0.15449529373580007,1041.607270366764,male,90+,51,0.007564520913675467,0.001168682880528894,0.0020836890050385,1.5762109056209358e-05
2019,E02006907,E07000148,6796,228441,1842,1988,0.9265593561368209,6296.897384305835,female,90+,66,0.009711595055915245,0.008998369262070363,0.008063351149749825,7.830800116001891e-05
2019,E02006907,E07000148,6796,228441,1842,1988,0.9265593561368209,6296.897384305835,male,90+,15,0.0022071806945261918,0.0020450839231978095,0.008063351149749825,1.7797272990913386e-05
2019,E02006304,E07000244,7774,228441,519,3641,0.14254325734688272,1108.1312826146664,female,90+,83,0.010676614355544121,0.0015218793876757481,0.0022719214151575243,2.425642879573894e-05
2019,E02006304,E07000244,7774,228441,519,3641,0.14254325734688272,1108.1312826146664,male,90+,39,0.005016722408026756,0.0007150999532452311,0.0022719214151575243,1.1397599072696611e-05
2019,E02006309,E07000244,6899,228441,465,3371,0.1379412637199644,951.6567784040344,female,90+,79,0.011450934918104073,0.001579556433378343,0.002035536528031308,2.3308796305910037e-05
2019,E02006309,E07000244,6899,228441,465,3371,0.1379412637199644,951.6567784040344,male,90+,46,0.006667632990288447,0.0009197417207013136,0.002035536528031308,1.3572210507238754e-05
2019,E02006825,E07000009,6602,228441,13,2349,0.005534269902085994,36.53724989357173,female,90+,41,0.006210239321417752,3.4369140561273215e-05,5.690747282668173e-05,3.534090254307711e-07
2019,E02006825,E07000009,6602,228441,13,2349,0.005534269902085994,36.53724989357173,male,90+,17,0.0025749772796122387,1.4250619257113284e-05,5.690747282668173e-05,1.465354495688563e-07
2019,E02005608,E07000149,7756,228441,2353,3208,0.7334788029925187,5688.861596009975,female,90+,67,0.008638473439917483,0.0063361371583933405,0.010300252581629392,8.897845835084698e-05
2019,E02005608,E07000149,7756,228441,2353,3208,0.7334788029925187,5688.861596009975,male,90+,43,0.0055440948942754,0.004066476086730055,0.010300252581629392,5.710557774755852e-05
2019,E02005587,E07000148,9985,228441,3668,3934,0.9323843416370107,9309.857651245551,female,90+,78,0.0078117175763645465,0.0072835231494929225,0.016056662332943734,0.00012543011136400712
2019,E02005587,E07000148,9985,228441,3668,3934,0.9323843416370107,9309.857651245551,male,90+,50,0.005007511266900351,0.004668925095828797,0.016056662332943734,8.040391754103022e-05
2019,E02006308,E07000244,7736,228441,477,3755,0.12703062583222371,982.7089214380827,female,90+,73,0.009436401240951396,0.0011987119552420284,0.0020880665029482447,1.9703833339609857e-05
2019,E02006308,E07000244,7736,228441,477,3755,0.12703062583222371,982.7089214380827,male,90+,24,0.0031023784901758012,0.00039409708117546136,0.0020880665029482447,6.47797260480324e-06
2019,E02006305,E07000244,10024,228441,525,4350,0.1206896551724138,1209.7931034482758,female,90+,31,0.0030925778132482045,0.0003732421498747833,0.002298186402615993,7.107320279438925e-06
2019,E02006305,E07000244,10024,228441,525,4350,0.1206896551724138,1209.7931034482758,male,90+,19,0.0018954509177972864,0.00022876131766518974,0.002298186402615993,4.356099526107728e-06
2019,E02006314,E07000244,7383,228441,1607,3302,0.4866747425802544,3593.119624470018,female,90+,82,0.011106596234592984,0.005405299863413363,0.00703463914095981,7.813089659470465e-05
2019,E02006314,E07000244,7383,228441,1607,3302,0.4866747425802544,3593.119624470018,male,90+,42,0.005688744412840309,0.0027685682227239178,0.00703463914095981,4.001826410948287e-05
2019,E02006279,E07000245,8825,228441,36,4024,0.008946322067594433,78.95129224652088,female,90+,93,0.010538243626062323,9.427852150552773e-05,0.00015758992475081092,1.6607210200368742e-06
2019,E02006279,E07000245,8825,228441,36,4024,0.008946322067594433,78.95129224652088,male,90+,41,0.0046458923512747875,4.156364926587782e-05,0.00015758992475081092,7.321458260377617e-07
2019,E02006315,E07000244,5848,228441,517,2641,0.19575918212798182,1144.7996970844376,female,90+,111,0.018980848153214776,0.0037156753105687386,0.002263166419338035,4.295681815091004e-05
2019,E02006315,E07000244,5848,228441,517,2641,0.19575918212798182,1144.7996970844376,male,90+,35,0.005984952120383037,0.001171609332161314,0.002263166419338035,1.3544942660196857e-05
2019,E02006276,E07000245,6874,228441,26,2902,0.00895933838731909,61.586492074431426,female,90+,109,0.01585685190573174,0.00014206690198105627,0.00011381494565336345,1.8047467378842908e-06
2019,E02006276,E07000245,6874,228441,26,2902,0.00895933838731909,61.586492074431426,male,90+,49,0.007128309572301426,6.38649375878143e-05,0.00011381494565336345,8.113081665718373e-07
2019,E02006278,E07000245,8793,228441,28,3456,0.008101851851851851,71.23958333333333,female,90+,88,0.010007960877971114,8.108301637245115e-05,0.00012256994147285294,1.2266751790755214e-06
2019,E02006278,E07000245,8793,228441,28,3456,0.008101851851851851,71.23958333333333,male,90+,51,0.005800068236096895,4.699129357948873e-05,0.00012256994147285294,7.109140242369497e-07
2019,E02006277,E07000245,7994,228441,17,2787,0.006099748833871547,48.76139217796914,female,90+,12,0.0015011258443832875,9.156490618771399e-06,7.441746446566072e-05,1.1170997918287824e-07
2019,E02006277,E07000245,7994,228441,17,2787,0.006099748833871547,48.76139217796914,male,90+,14,0.0017513134851138354,1.0682572388566632e-05,7.441746446566072e-05,1.3032830904669127e-07
2019,E02006275,E07000245,7142,228441,24,3181,0.007544797233574348,53.88494184218799,female,90+,56,0.00784094091290955,5.915830930833989e-05,0.00010505994983387396,8.237688589606471e-07
2019,E02006275,E07000245,7142,228441,24,3181,0.007544797233574348,53.88494184218799,male,90+,25,0.003500420050406049,2.6409959512651737e-05,0.00010505994983387396,3.6775395489314605e-07
2019,E02005550,E07000145,7234,228441,448,3415,0.13118594436310396,948.999121522694,female,90+,66,0.00912358307990047,0.0011968858623119796,0.001961119063565647,1.789243270601779e-05
2019,E02005550,E07000145,7234,228441,448,3415,0.13118594436310396,948.999121522694,male,90+,26,0.0035941387890517005,0.0004715004912138102,0.001961119063565647,7.048534096310039e-06
2019,E02003758,E07000011,9606,228441,8,3798,0.00210637177461822,20.23380726698262,female,90+,57,0.005933791380387258,1.2498770680120607e-05,3.501998327795798e-05,2.07801274916053e-07
2019,E02003758,E07000011,9606,228441,8,3798,0.00210637177461822,20.23380726698262,male,90+,33,0.003435352904434728,7.236130393754034e-06,3.501998327795798e-05,1.2030600126718857e-07
2019,E02003775,E07000012,6886,228441,8,2586,0.0030935808197989174,21.302397525135344,female,90+,27,0.003920999128666861,1.2129927698892068e-05,3.501998327795798e-05,1.3731332391880127e-07
2019,E02003775,E07000012,6886,228441,8,2586,0.0030935808197989174,21.302397525135344,male,90+,31,0.004501887888469358,1.3926954024653854e-05,3.501998327795798e-05,1.576560385734385e-07
2019,E02005531,E07000144,5447,228441,1858,1969,0.9436262061960387,5139.931945149822,female,90+,62,0.011382412337066276,0.010740742570984835,0.008133391116305741,9.257761138442372e-05
2019,E02005531,E07000144,5447,228441,1858,1969,0.9436262061960387,5139.931945149822,male,90+,22,0.004038920506700936,0.0038112312348655866,0.008133391116305741,3.285012016866648e-05
2019,E02005536,E07000144,6216,228441,2430,2679,0.9070548712206047,5638.253079507279,female,90+,71,0.011422136422136422,0.010360504481445132,0.010637319920679738,0.00012150091929991336
2019,E02005536,E07000144,6216,228441,2430,2679,0.9070548712206047,5638.253079507279,male,90+,12,0.0019305019305019305,0.0017510711799625573,0.010637319920679738,2.0535366642238877e-05
2019,E02005582,E07000147,6991,228441,2342,3094,0.7569489334195216,5291.8299935358755,female,90+,75,0.010728078958661135,0.008120607925398959,0.0102521001046222,0.00010998533941448504
2019,E02005582,E07000147,6991,228441,2342,3094,0.7569489334195216,5291.8299935358755,male,90+,22,0.0031469031612072667,0.0023820449914503613,0.0102521001046222,3.226236622824895e-05
2019,E02005522,E07000144,5534,228441,1858,1985,0.9360201511335012,5179.935516372796,female,90+,49,0.008854354897000361,0.008287854608879935,0.008133391116305741,7.201593145988098e-05
2019,E02005522,E07000144,5534,228441,1858,1985,0.9360201511335012,5179.935516372796,male,90+,18,0.0032526201662450307,0.0030445180195885473,0.008133391116305741,2.6454831964854235e-05
2019,E02005549,E07000145,5270,228441,397,2637,0.15054986727341677,793.3978005309064,female,90+,49,0.009297912713472486,0.0013997995249330972,0.001737866670168665,1.6158532606881325e-05
2019,E02005549,E07000145,5270,228441,397,2637,0.15054986727341677,793.3978005309064,male,90+,18,0.003415559772296015,0.0005142120703835867,0.001737866670168665,5.93578748824212e-06
2019,E02005606,E07000149,5848,228441,1025,2229,0.4598474652310453,2689.187976671153,female,90+,22,0.003761969904240766,0.0017299323247405944,0.004486935357488367,1.687971577714502e-05
2019,E02005606,E07000149,5848,228441,1025,2229,0.4598474652310453,2689.187976671153,male,90+,10,0.001709986320109439,0.0007863328748820884,0.004486935357488367,7.672598080520463e-06
2019,E02005529,E07000144,5904,228441,2426,2537,0.9562475364603863,5645.685455262121,female,90+,106,0.017953929539295393,0.01716840089173458,0.010619809929040758,0.0001906673191867074
2019,E02005529,E07000144,5904,228441,2426,2537,0.9562475364603863,5645.685455262121,male,90+,47,0.00796070460704607,0.007612404168976653,0.010619809929040758,8.454116982806837e-05
2019,E02006310,E07000244,8522,228441,490,3371,0.14535746069415603,1238.7362800355977,female,90+,59,0.006923257451302511,0.0010063471228532277,0.0021449739757749267,1.4850207060633733e-05
2019,E02006310,E07000244,8522,228441,490,3371,0.14535746069415603,1238.7362800355977,male,90+,25,0.002933583665806149,0.00042641827239543544,0.0021449739757749267,6.292460618912599e-06
2019,E02005541,E07000145,5924,228441,391,2884,0.1355755894590846,803.1497919556172,female,90+,64,0.010803511141120865,0.001464692391185249,0.0017116016827101964,1.8491307848320826e-05
2019,E02005541,E07000145,5924,228441,391,2884,0.1355755894590846,803.1497919556172,male,90+,22,0.003713706954760297,0.0005034880094699293,0.0017116016827101964,6.3563870728602834e-06
2019,E02005537,E07000144,6050,228441,1455,2548,0.5710361067503925,3454.768445839875,female,90+,71,0.011735537190082645,0.006701415467649235,0.0063692594586786085,7.474668125060846e-05
2019,E02005537,E07000144,6050,228441,1455,2548,0.5710361067503925,3454.768445839875,male,90+,25,0.004132231404958678,0.002359653333679308,0.0063692594586786085,2.6319253961481852e-05
2019,E02005546,E07000145,7892,228441,496,3877,0.12793396956409595,1009.6548877998453,female,90+,55,0.0069690826153066395,0.0008915824031963098,0.002171238963233395,1.5131543712346267e-05
2019,E02005546,E07000145,7892,228441,496,3877,0.12793396956409595,1009.6548877998453,male,90+,34,0.004308160162189559,0.0005511600310668097,0.002171238963233395,9.354045203995873e-06
2019,E02005543,E07000145,9707,228441,592,4599,0.12872363557295063,1249.5203305066318,female,90+,68,0.0070052539404553416,0.0009017417553271499,0.0025914787625688908,1.8153966813092055e-05
2019,E02005543,E07000145,9707,228441,592,4599,0.12872363557295063,1249.5203305066318,male,90+,10,0.0010301844030081385,0.00013260908166575733,0.0025914787625688908,2.6697010019253024e-06
2019,E02005484,E07000141,7211,228441,9,2876,0.003129346314325452,22.565716272600834,female,90+,20,0.002773540424351685,8.679368504577596e-06,3.939748118770273e-05,1.0927050669172855e-07
2019,E02005484,E07000141,7211,228441,9,2876,0.003129346314325452,22.565716272600834,male,90+,22,0.0030508944667868533,9.547305355035354e-06,3.939748118770273e-05,1.201975573609014e-07
2019,E02005539,E07000145,7534,228441,806,3487,0.23114425007169487,1741.440780040149,female,90+,45,0.005972922750199098,0.0013806067498309358,0.003528263315254267,2.1074044224375103e-05
2019,E02005539,E07000145,7534,228441,806,3487,0.23114425007169487,1741.440780040149,male,90+,32,0.004247411733474914,0.0009817647998797766,0.003528263315254267,1.4985987004000074e-05
2019,E02005545,E07000145,6351,228441,437,2936,0.14884196185286103,945.2952997275204,female,90+,50,0.007872775940796726,0.0011717994162561882,0.001912966586558455,1.506035731820544e-05
2019,E02005545,E07000145,6351,228441,437,2936,0.14884196185286103,945.2952997275204,male,90+,28,0.004408754526846166,0.0006562076731034653,0.001912966586558455,8.433800098195046e-06
2019,E02005533,E07000144,8917,228441,2992,3481,0.8595231255386383,7664.367710428038,female,90+,65,0.00728944712347202,0.006265448375015307,0.013097473745956286,9.547334232221136e-05
2019,E02005533,E07000144,8917,228441,2992,3481,0.8595231255386383,7664.367710428038,male,90+,33,0.0037007962319165638,0.00318091994423854,0.013097473745956286,4.8471081486661146e-05
2019,E02005583,E07000147,8736,228441,3117,4005,0.7782771535580524,6799.029213483145,female,90+,125,0.014308608058608058,0.01113606275123129,0.01364466098467438,0.0001952361061222868
2019,E02005583,E07000147,8736,228441,3117,4005,0.7782771535580524,6799.029213483145,male,90+,47,0.00538003663003663,0.004187159594462965,0.01364466098467438,7.340877590197983e-05
2019,E02003785,E07000012,9173,228441,8,3105,0.0025764895330112722,23.6341384863124,female,90+,57,0.006213888586067808,1.601001890130192e-05,3.501998327795798e-05,2.176102743751886e-07
2019,E02003785,E07000012,9173,228441,8,3105,0.0025764895330112722,23.6341384863124,male,90+,41,0.004469639158399651,1.1515978507954013e-05,3.501998327795798e-05,1.5652668858566197e-07
2019,E02003254,E06000031,8600,228441,8,3068,0.002607561929595828,22.42503259452412,female,90+,53,0.006162790697674419,1.6069858403323125e-05,3.501998327795798e-05,2.1582082717811315e-07
2019,E02003254,E06000031,8600,228441,8,3068,0.002607561929595828,22.42503259452412,male,90+,37,0.004302325581395349,1.1218580394772748e-05,3.501998327795798e-05,1.5066736991679595e-07
2019,E02003726,E07000008,8442,228441,9,2085,0.004316546762589928,36.44028776978417,female,90+,23,0.002724472873726605,1.1760314562848653e-05,3.939748118770273e-05,1.0733736878905031e-07
2019,E02003726,E07000008,8442,228441,9,2085,0.004316546762589928,36.44028776978417,male,90+,13,0.0015399194503672115,6.647134318131848e-06,3.939748118770273e-05,6.066894757641974e-08
2019,E02005544,E07000145,7497,228441,439,3315,0.13242835595776772,992.8153846153846,female,90+,21,0.0028011204481792717,0.00037094777579206644,0.0019217215823779444,5.382973620106287e-06
2019,E02005544,E07000145,7497,228441,439,3315,0.13242835595776772,992.8153846153846,male,90+,16,0.002134187008136588,0.0002826268767939554,0.0019217215823779444,4.1013132343666945e-06
2019,E02005446,E07000138,10958,228441,11,1999,0.005502751375687844,60.29914957478739,female,90+,37,0.0033765285636064976,1.8580197198434955e-05,4.815247700719223e-05,1.6258821402318968e-07
2019,E02005446,E07000138,10958,228441,11,1999,0.005502751375687844,60.29914957478739,male,90+,4,0.0003650301149844862,2.008669967398373e-06,4.815247700719223e-05,1.757710421872321e-08
