date,12-15,16-17,18-24,25-29,30-34,35-39,40-44,45-49,50-54,55-59,60-64,65-69,70-74,75-79,80-84,85-89,90+
2020-12-08,0.0,0.0,0.0,0.0,0.0,0.0,0.0,0.0,0.0,0.0,0.0,0.0,0.0,0.0,0.0,0.0,0.0
2020-12-09,0.0,0.0,0.0,0.0,0.0,0.0,0.0,0.0,0.0,0.0,0.0,0.0,0.0,0.0,0.0,0.0,0.0
2020-12-10,0.0,0.0,0.0,0.0,0.0,0.0,0.0,0.0,0.0,0.0,0.0,0.0,0.0,0.0,0.0,0.0,0.0
2020-12-11,0.0,0.0,0.0,0.0,0.0,0.0,0.0,0.0,0.0,0.0,0.0,0.0,0.0,0.0,0.0,0.0,0.0
2020-12-12,0.0,0.0,0.0,0.0,0.0,0.0,0.0,0.0,0.0,0.0,0.0,0.0,0.0,0.0,0.0,0.0,0.0
2020-12-13,0.0,0.0,0.0,0.0,0.0,0.0,0.0,0.0,0.0,0.0,0.0,0.0,0.0,0.0,0.0,0.0,0.0
2020-12-14,0.0,0.0,0.0,0.0,0.0,0.0,0.0,0.0,0.0,0.0,0.0,0.0,0.0,0.0,0.0,0.0,0.0
2020-12-15,0.0,0.0,0.0,0.0,0.0,0.0,0.0,0.0,0.0,0.0,0.0,0.0,0.0,0.0,0.0,0.0,0.0
2020-12-16,0.0,0.0,0.0,0.0,0.0,0.0,0.0,0.0,0.0,0.0,0.0,0.0,0.0,0.0,0.0,0.0,0.0
2020-12-17,0.0,0.0,0.0,0.0,0.0,0.0,0.0,0.0,0.0,0.0,0.0,0.0,0.0,0.0,0.0,0.0,0.0
2020-12-18,0.0,0.0,0.0,0.0,0.0,0.0,0.0,0.0,0.0,0.0,0.0,0.0,0.0,0.0,0.0,0.0,0.0
2020-12-19,0.0,0.0,0.0,0.0,0.0,0.0,0.0,0.0,0.0,0.0,0.0,0.0,0.0,0.0,0.0,0.0,0.0
2020-12-20,0.0,0.0,0.0,0.0,0.0,0.0,0.0,0.0,0.0,0.0,0.0,0.0,0.0,0.0,0.0,0.0,0.0
2020-12-21,0.0,0.0,0.0,0.0,0.0,0.0,0.0,0.0,0.0,0.0,0.0,0.0,0.0,0.0,0.0,0.0,0.0
2020-12-22,0.0,0.0,0.0,0.0,0.0,0.0,0.0,0.0,0.0,0.0,0.0,0.0,0.0,0.0,0.0,0.0,0.0
2020-12-23,0.0,0.0,0.0,0.0,0.0,0.0,0.0,0.0,0.0,0.0,0.0,0.0,0.0,0.0,0.0,0.0,0.0
2020-12-24,0.0,0.0,0.0,0.0,0.0,0.0,0.0,0.0,0.0,0.0,0.0,0.0,0.0,0.0,0.0,0.0,0.0
2020-12-25,0.0,0.0,0.0,0.0,0.0,0.0,0.0,0.0,0.0,0.0,0.0,0.0,0.0,0.0,0.0,0.0,0.0
2020-12-26,0.0,0.0,0.0,0.0,0.0,0.0,0.0,0.0,0.0,0.0,0.0,0.0,0.0,0.0,0.0,0.0,0.0
2020-12-27,0.0,0.0,0.0,0.0,0.0,0.0,0.0,0.0,0.0,0.0,0.0,0.0,0.0,0.0,0.0,0.0,0.0
2020-12-28,0.0,0.0,0.0,0.0,0.0,0.0,0.0,0.0,0.0,0.0,0.0,0.0,0.0,0.0,0.0,0.0,0.0
2020-12-29,0.0,0.0,0.0,0.0,0.0,0.0,0.0,0.0,0.0,0.0,0.0,0.0,0.0,0.0,0.0,0.0,0.0
2020-12-30,0.0,0.0,0.0,0.0,0.0,0.0,0.0,0.0,1.0,0.0,0.0,0.0,0.0,0.0,0.0,0.0,0.0
2020-12-31,0.0,0.0,0.0,0.0,0.0,0.0,0.0,0.0,0.0,0.0,0.0,0.0,0.0,0.0,0.0,0.0,0.0
2021-01-01,0.0,0.0,0.0,0.0,0.0,0.0,0.0,0.0,0.0,0.0,0.0,0.0,0.0,0.0,0.0,0.0,0.0
2021-01-02,0.0,0.0,0.0,0.0,0.0,0.0,0.0,0.0,0.0,0.0,0.0,0.0,0.0,0.0,0.0,0.0,0.0
2021-01-03,0.0,0.0,0.0,0.0,0.0,0.0,0.0,0.0,0.0,0.0,1.0,0.0,0.0,0.0,0.0,0.0,0.0
2021-01-04,0.0,0.0,0.0,0.0,2.0,1.0,0.0,0.0,5.0,4.0,0.0,1.0,0.0,0.0,0.0,0.0,0.0
2021-01-05,0.0,0.0,0.0,1.0,3.0,4.0,0.0,5.0,5.0,9.0,7.0,0.0,0.0,1.0,38.0,28.0,34.0
2021-01-06,0.0,0.0,2.0,2.0,1.0,5.0,1.0,6.0,6.0,7.0,9.0,0.0,0.0,1.0,41.0,80.0,84.0
2021-01-07,0.0,0.0,2.0,1.0,4.0,2.0,4.0,9.0,4.0,10.0,6.0,3.0,1.0,0.0,53.0,99.0,58.0
2021-01-08,0.0,0.0,1.0,0.0,0.0,3.0,6.0,4.0,9.0,8.0,6.0,3.0,0.0,0.0,143.0,84.0,17.0
2021-01-09,0.0,0.0,0.0,0.0,0.0,0.0,0.0,1.0,1.0,0.0,0.0,0.0,0.0,0.0,1.0,1.0,0.0
2021-01-10,0.0,0.0,1.0,0.0,0.0,0.0,0.0,2.0,4.0,3.0,5.0,0.0,0.0,0.0,3.0,2.0,2.0
2021-01-11,0.0,0.0,0.0,0.0,0.0,2.0,1.0,0.0,0.0,1.0,0.0,0.0,0.0,2.0,0.0,0.0,0.0
2021-01-12,0.0,0.0,0.0,0.0,0.0,0.0,0.0,0.0,0.0,0.0,0.0,0.0,0.0,0.0,1.0,0.0,0.0
2021-01-13,0.0,0.0,0.0,0.0,0.0,0.0,0.0,1.0,0.0,2.0,0.0,0.0,0.0,0.0,0.0,0.0,0.0
2021-01-14,0.0,0.0,0.0,0.0,0.0,0.0,0.0,0.0,0.0,0.0,0.0,0.0,0.0,0.0,0.0,0.0,0.0
2021-01-15,0.0,0.0,0.0,0.0,0.0,0.0,0.0,0.0,0.0,0.0,0.0,0.0,0.0,0.0,0.0,0.0,0.0
2021-01-16,0.0,0.0,0.0,0.0,0.0,1.0,0.0,0.0,0.0,0.0,1.0,0.0,0.0,0.0,0.0,0.0,0.0
2021-01-17,0.0,0.0,0.0,0.0,0.0,0.0,1.0,0.0,0.0,1.0,1.0,0.0,0.0,0.0,0.0,0.0,0.0
2021-01-18,0.0,0.0,0.0,0.0,0.0,0.0,0.0,0.0,0.0,0.0,0.0,0.0,0.0,0.0,0.0,0.0,0.0
2021-01-19,0.0,0.0,0.0,0.0,0.0,0.0,0.0,0.0,0.0,0.0,0.0,0.0,0.0,0.0,0.0,0.0,0.0
2021-01-20,0.0,0.0,0.0,0.0,0.0,0.0,0.0,0.0,0.0,0.0,1.0,0.0,0.0,0.0,0.0,0.0,0.0
2021-01-21,0.0,0.0,0.0,0.0,0.0,0.0,0.0,0.0,0.0,0.0,0.0,0.0,0.0,0.0,0.0,0.0,0.0
2021-01-22,0.0,0.0,0.0,0.0,0.0,0.0,0.0,0.0,0.0,0.0,0.0,0.0,0.0,0.0,0.0,0.0,0.0
2021-01-23,0.0,0.0,0.0,0.0,0.0,0.0,0.0,0.0,1.0,0.0,0.0,0.0,0.0,0.0,0.0,0.0,0.0
2021-01-24,0.0,0.0,0.0,0.0,0.0,0.0,0.0,0.0,0.0,0.0,0.0,0.0,0.0,0.0,0.0,0.0,0.0
2021-01-25,0.0,0.0,0.0,0.0,0.0,0.0,0.0,0.0,0.0,0.0,0.0,0.0,0.0,0.0,0.0,0.0,0.0
2021-01-26,0.0,0.0,0.0,0.0,0.0,0.0,0.0,0.0,0.0,0.0,0.0,0.0,0.0,0.0,0.0,0.0,0.0
2021-01-27,0.0,0.0,0.0,0.0,0.0,0.0,0.0,0.0,0.0,0.0,0.0,0.0,0.0,0.0,0.0,0.0,0.0
2021-01-28,0.0,0.0,0.0,0.0,0.0,0.0,0.0,0.0,0.0,0.0,0.0,0.0,0.0,0.0,0.0,0.0,0.0
2021-01-29,0.0,0.0,0.0,0.0,0.0,0.0,0.0,0.0,0.0,0.0,1.0,1.0,0.0,0.0,0.0,0.0,0.0
2021-01-30,0.0,0.0,0.0,0.0,1.0,0.0,0.0,1.0,0.0,3.0,0.0,1.0,0.0,0.0,0.0,0.0,0.0
2021-01-31,0.0,0.0,0.0,0.0,0.0,0.0,0.0,0.0,0.0,0.0,0.0,0.0,0.0,0.0,0.0,0.0,0.0
2021-02-01,0.0,0.0,0.0,0.0,0.0,0.0,0.0,0.0,0.0,0.0,0.0,0.0,0.0,0.0,0.0,0.0,0.0
2021-02-02,0.0,0.0,0.0,0.0,0.0,0.0,0.0,0.0,1.0,1.0,0.0,0.0,0.0,0.0,0.0,0.0,0.0
2021-02-03,0.0,0.0,0.0,0.0,0.0,0.0,0.0,0.0,0.0,0.0,1.0,0.0,0.0,0.0,1.0,0.0,0.0
2021-02-04,0.0,0.0,0.0,0.0,0.0,0.0,0.0,0.0,0.0,2.0,1.0,1.0,0.0,0.0,0.0,0.0,0.0
2021-02-05,0.0,0.0,0.0,0.0,0.0,0.0,0.0,0.0,0.0,0.0,0.0,0.0,0.0,0.0,0.0,0.0,0.0
2021-02-06,0.0,0.0,0.0,0.0,0.0,0.0,0.0,0.0,0.0,0.0,0.0,0.0,0.0,0.0,0.0,0.0,0.0
2021-02-07,0.0,0.0,0.0,0.0,0.0,1.0,0.0,0.0,0.0,0.0,0.0,0.0,0.0,0.0,0.0,0.0,0.0
2021-02-08,0.0,0.0,0.0,0.0,0.0,0.0,0.0,0.0,0.0,0.0,0.0,0.0,0.0,0.0,0.0,0.0,0.0
2021-02-09,0.0,0.0,0.0,0.0,0.0,0.0,0.0,0.0,0.0,0.0,0.0,0.0,0.0,0.0,0.0,0.0,0.0
2021-02-10,0.0,0.0,0.0,0.0,1.0,0.0,0.0,0.0,0.0,0.0,0.0,0.0,0.0,0.0,0.0,0.0,0.0
2021-02-11,0.0,0.0,0.0,0.0,0.0,0.0,0.0,0.0,0.0,2.0,2.0,0.0,0.0,0.0,0.0,0.0,0.0
2021-02-12,0.0,0.0,0.0,0.0,0.0,0.0,0.0,0.0,0.0,1.0,0.0,0.0,0.0,0.0,0.0,0.0,0.0
2021-02-13,0.0,0.0,0.0,0.0,0.0,1.0,0.0,0.0,0.0,0.0,0.0,0.0,0.0,0.0,0.0,0.0,0.0
2021-02-14,0.0,0.0,0.0,0.0,0.0,0.0,0.0,0.0,0.0,0.0,0.0,0.0,0.0,0.0,0.0,0.0,0.0
2021-02-15,0.0,0.0,0.0,0.0,0.0,0.0,0.0,0.0,0.0,0.0,0.0,0.0,0.0,0.0,0.0,0.0,0.0
2021-02-16,0.0,0.0,0.0,0.0,0.0,0.0,0.0,0.0,0.0,1.0,0.0,0.0,0.0,0.0,0.0,0.0,0.0
2021-02-17,0.0,0.0,0.0,0.0,0.0,0.0,0.0,0.0,0.0,0.0,0.0,0.0,0.0,0.0,0.0,0.0,0.0
2021-02-18,0.0,0.0,0.0,0.0,0.0,1.0,0.0,0.0,1.0,0.0,0.0,0.0,0.0,0.0,0.0,0.0,0.0
2021-02-19,0.0,0.0,0.0,0.0,0.0,0.0,1.0,0.0,0.0,1.0,0.0,0.0,0.0,0.0,0.0,0.0,0.0
2021-02-20,0.0,0.0,0.0,0.0,0.0,0.0,1.0,1.0,0.0,0.0,0.0,0.0,0.0,0.0,0.0,0.0,0.0
2021-02-21,0.0,0.0,0.0,0.0,0.0,0.0,0.0,0.0,0.0,0.0,0.0,0.0,0.0,0.0,0.0,0.0,0.0
2021-02-22,0.0,0.0,0.0,0.0,1.0,0.0,0.0,0.0,2.0,0.0,1.0,0.0,0.0,0.0,0.0,0.0,0.0
2021-02-23,0.0,0.0,0.0,0.0,0.0,1.0,1.0,0.0,1.0,3.0,0.0,1.0,0.0,0.0,0.0,0.0,0.0
2021-02-24,0.0,0.0,1.0,0.0,1.0,1.0,0.0,1.0,1.0,1.0,3.0,1.0,1.0,1.0,0.0,0.0,0.0
2021-02-25,0.0,0.0,0.0,1.0,0.0,0.0,0.0,2.0,1.0,2.0,2.0,0.0,1.0,0.0,0.0,0.0,0.0
2021-02-26,0.0,0.0,0.0,0.0,0.0,0.0,1.0,1.0,2.0,0.0,1.0,0.0,1.0,0.0,0.0,0.0,0.0
2021-02-27,0.0,0.0,1.0,0.0,0.0,0.0,1.0,1.0,1.0,2.0,1.0,0.0,0.0,0.0,0.0,0.0,0.0
2021-02-28,0.0,0.0,0.0,0.0,2.0,0.0,0.0,3.0,1.0,0.0,2.0,0.0,0.0,0.0,0.0,0.0,0.0
2021-03-01,0.0,0.0,0.0,1.0,0.0,0.0,0.0,0.0,0.0,1.0,0.0,0.0,0.0,1.0,0.0,0.0,0.0
2021-03-02,0.0,0.0,0.0,0.0,0.0,1.0,0.0,0.0,2.0,2.0,1.0,0.0,0.0,0.0,0.0,0.0,0.0
2021-03-03,0.0,1.0,2.0,5.0,5.0,4.0,6.0,5.0,13.0,14.0,12.0,1.0,1.0,0.0,5.0,5.0,7.0
2021-03-04,0.0,0.0,2.0,1.0,0.0,1.0,4.0,4.0,4.0,1.0,3.0,2.0,1.0,0.0,1.0,1.0,1.0
2021-03-05,0.0,0.0,2.0,5.0,3.0,2.0,3.0,4.0,9.0,5.0,2.0,1.0,2.0,0.0,2.0,0.0,0.0
2021-03-06,0.0,0.0,0.0,1.0,5.0,3.0,3.0,1.0,0.0,2.0,1.0,0.0,0.0,0.0,0.0,1.0,0.0
2021-03-07,0.0,0.0,0.0,0.0,0.0,1.0,0.0,0.0,0.0,0.0,0.0,0.0,0.0,0.0,0.0,0.0,0.0
2021-03-08,0.0,0.0,0.0,2.0,0.0,4.0,0.0,1.0,0.0,2.0,1.0,1.0,0.0,0.0,0.0,0.0,0.0
2021-03-09,0.0,0.0,0.0,2.0,0.0,2.0,1.0,0.0,3.0,1.0,2.0,1.0,0.0,0.0,0.0,0.0,0.0
2021-03-10,0.0,0.0,1.0,1.0,0.0,1.0,2.0,0.0,0.0,3.0,3.0,1.0,0.0,0.0,0.0,1.0,0.0
2021-03-11,0.0,0.0,0.0,0.0,0.0,1.0,0.0,0.0,2.0,0.0,0.0,0.0,0.0,0.0,0.0,1.0,1.0
2021-03-12,0.0,0.0,1.0,0.0,3.0,0.0,1.0,4.0,2.0,2.0,1.0,2.0,0.0,0.0,0.0,0.0,2.0
2021-03-13,0.0,0.0,0.0,1.0,0.0,1.0,3.0,2.0,1.0,0.0,2.0,1.0,0.0,0.0,1.0,0.0,0.0
2021-03-14,0.0,0.0,2.0,1.0,2.0,1.0,0.0,3.0,3.0,0.0,5.0,1.0,0.0,0.0,1.0,0.0,0.0
2021-03-15,0.0,0.0,2.0,0.0,2.0,1.0,3.0,1.0,4.0,10.0,7.0,0.0,1.0,0.0,0.0,0.0,0.0
2021-03-16,0.0,0.0,0.0,4.0,4.0,4.0,13.0,6.0,7.0,10.0,6.0,0.0,1.0,1.0,0.0,0.0,0.0
2021-03-17,0.0,0.0,1.0,4.0,1.0,6.0,4.0,3.0,5.0,7.0,3.0,1.0,3.0,1.0,0.0,1.0,0.0
2021-03-18,0.0,0.0,21.0,20.0,17.0,18.0,20.0,26.0,35.0,42.0,31.0,22.0,6.0,3.0,224.0,136.0,71.0
2021-03-19,0.0,0.0,17.0,28.0,24.0,22.0,26.0,27.0,45.0,33.0,33.0,19.0,8.0,6.0,185.0,94.0,73.0
2021-03-20,0.0,0.0,1.0,1.0,3.0,0.0,2.0,3.0,2.0,7.0,6.0,1.0,4.0,0.0,0.0,1.0,0.0
2021-03-21,0.0,0.0,1.0,1.0,0.0,1.0,2.0,0.0,3.0,4.0,3.0,4.0,0.0,0.0,0.0,1.0,0.0
2021-03-22,0.0,0.0,0.0,7.0,4.0,10.0,5.0,13.0,8.0,6.0,10.0,4.0,5.0,0.0,4.0,3.0,11.0
2021-03-23,0.0,0.0,4.0,10.0,7.0,7.0,8.0,14.0,8.0,15.0,17.0,9.0,11.0,5.0,10.0,7.0,15.0
2021-03-24,0.0,0.0,10.0,11.0,13.0,17.0,9.0,9.0,15.0,23.0,25.0,12.0,7.0,17.0,30.0,22.0,31.0
2021-03-25,0.0,0.0,12.0,8.0,9.0,10.0,9.0,9.0,18.0,18.0,6.0,5.0,8.0,3.0,2.0,1.0,0.0
2021-03-26,0.0,5.0,51.0,49.0,70.0,66.0,71.0,93.0,115.0,119.0,101.0,53.0,28.0,56.0,86.0,68.0,98.0
2021-03-27,0.0,1.0,28.0,26.0,48.0,35.0,29.0,45.0,52.0,69.0,54.0,30.0,20.0,50.0,134.0,117.0,64.0
2021-03-28,0.0,0.0,5.0,4.0,1.0,3.0,8.0,7.0,9.0,8.0,4.0,1.0,0.0,0.0,2.0,0.0,0.0
2021-03-29,0.0,0.0,13.0,6.0,9.0,7.0,10.0,11.0,12.0,13.0,12.0,4.0,11.0,58.0,249.0,80.0,30.0
2021-03-30,0.0,0.0,30.0,12.0,26.0,29.0,37.0,21.0,43.0,42.0,33.0,27.0,189.0,260.0,222.0,157.0,41.0
2021-03-31,0.0,0.0,14.0,24.0,25.0,26.0,32.0,35.0,54.0,56.0,69.0,37.0,47.0,68.0,33.0,35.0,59.0
2021-04-01,0.0,0.0,14.0,18.0,25.0,29.0,21.0,25.0,32.0,42.0,40.0,20.0,26.0,69.0,249.0,210.0,104.0
2021-04-02,0.0,0.0,15.0,17.0,17.0,17.0,17.0,27.0,24.0,21.0,30.0,17.0,33.0,90.0,226.0,165.0,62.0
2021-04-03,0.0,0.0,7.0,4.0,8.0,12.0,16.0,14.0,11.0,20.0,9.0,5.0,5.0,5.0,9.0,7.0,2.0
2021-04-04,0.0,0.0,4.0,9.0,6.0,4.0,2.0,6.0,5.0,11.0,2.0,5.0,0.0,0.0,0.0,1.0,0.0
2021-04-05,0.0,0.0,13.0,9.0,8.0,10.0,13.0,11.0,26.0,22.0,13.0,2.0,1.0,1.0,15.0,9.0,4.0
2021-04-06,0.0,0.0,27.0,24.0,26.0,30.0,35.0,35.0,68.0,82.0,67.0,85.0,137.0,39.0,84.0,22.0,8.0
2021-04-07,0.0,0.0,14.0,22.0,31.0,21.0,26.0,31.0,34.0,42.0,30.0,21.0,87.0,342.0,449.0,149.0,54.0
2021-04-08,0.0,0.0,5.0,20.0,29.0,22.0,18.0,27.0,34.0,35.0,23.0,17.0,101.0,368.0,375.0,179.0,64.0
2021-04-09,0.0,0.0,18.0,36.0,31.0,29.0,25.0,41.0,60.0,92.0,141.0,96.0,194.0,320.0,223.0,121.0,64.0
2021-04-10,0.0,0.0,12.0,16.0,13.0,20.0,18.0,16.0,42.0,29.0,28.0,14.0,23.0,132.0,40.0,8.0,7.0
2021-04-11,0.0,0.0,10.0,14.0,18.0,25.0,22.0,11.0,25.0,19.0,18.0,7.0,11.0,35.0,29.0,15.0,3.0
2021-04-12,0.0,0.0,10.0,8.0,16.0,7.0,12.0,22.0,18.0,18.0,31.0,94.0,273.0,109.0,59.0,14.0,8.0
2021-04-13,0.0,1.0,17.0,22.0,21.0,22.0,20.0,38.0,50.0,45.0,46.0,26.0,44.0,113.0,58.0,39.0,29.0
2021-04-14,0.0,0.0,18.0,21.0,28.0,22.0,23.0,27.0,51.0,32.0,25.0,35.0,297.0,134.0,56.0,25.0,7.0
2021-04-15,0.0,0.0,9.0,12.0,27.0,22.0,15.0,26.0,23.0,35.0,43.0,43.0,365.0,184.0,64.0,23.0,10.0
2021-04-16,0.0,0.0,5.0,9.0,11.0,11.0,19.0,13.0,26.0,28.0,19.0,33.0,369.0,908.0,103.0,19.0,19.0
2021-04-17,0.0,0.0,18.0,19.0,16.0,19.0,27.0,20.0,37.0,40.0,51.0,84.0,568.0,838.0,62.0,26.0,8.0
2021-04-18,0.0,0.0,11.0,14.0,12.0,10.0,13.0,22.0,28.0,20.0,22.0,17.0,204.0,342.0,19.0,13.0,4.0
2021-04-19,0.0,1.0,2.0,5.0,2.0,4.0,1.0,4.0,8.0,29.0,29.0,278.0,159.0,196.0,30.0,17.0,14.0
2021-04-20,0.0,0.0,7.0,5.0,8.0,9.0,4.0,15.0,15.0,20.0,22.0,131.0,402.0,206.0,37.0,15.0,21.0
2021-04-21,0.0,1.0,7.0,9.0,18.0,14.0,22.0,22.0,44.0,52.0,78.0,303.0,340.0,103.0,31.0,16.0,20.0
2021-04-22,0.0,1.0,17.0,27.0,20.0,19.0,31.0,34.0,51.0,90.0,118.0,257.0,511.0,212.0,35.0,19.0,13.0
2021-04-23,0.0,2.0,21.0,19.0,22.0,40.0,35.0,44.0,73.0,108.0,152.0,83.0,570.0,210.0,23.0,9.0,0.0
2021-04-24,0.0,2.0,9.0,12.0,22.0,13.0,15.0,18.0,31.0,34.0,44.0,68.0,696.0,115.0,15.0,12.0,3.0
2021-04-25,0.0,1.0,11.0,7.0,12.0,10.0,7.0,14.0,29.0,51.0,84.0,38.0,172.0,47.0,8.0,2.0,1.0
2021-04-26,0.0,0.0,2.0,5.0,3.0,4.0,6.0,3.0,6.0,6.0,6.0,18.0,83.0,16.0,3.0,2.0,1.0
2021-04-27,0.0,1.0,15.0,17.0,27.0,31.0,32.0,54.0,90.0,154.0,241.0,442.0,544.0,50.0,16.0,9.0,6.0
2021-04-28,0.0,5.0,20.0,12.0,9.0,10.0,21.0,35.0,67.0,86.0,161.0,291.0,157.0,38.0,10.0,9.0,7.0
2021-04-29,0.0,0.0,28.0,23.0,29.0,25.0,39.0,56.0,97.0,115.0,185.0,141.0,137.0,33.0,2.0,4.0,2.0
2021-04-30,0.0,0.0,24.0,22.0,32.0,38.0,35.0,51.0,90.0,122.0,135.0,86.0,87.0,23.0,6.0,2.0,1.0
2021-05-01,0.0,0.0,9.0,7.0,4.0,8.0,10.0,11.0,26.0,24.0,20.0,81.0,85.0,8.0,3.0,1.0,0.0
2021-05-02,0.0,0.0,2.0,2.0,2.0,3.0,3.0,10.0,5.0,8.0,3.0,54.0,20.0,5.0,0.0,0.0,0.0
2021-05-03,0.0,0.0,1.0,4.0,3.0,6.0,5.0,5.0,3.0,5.0,10.0,96.0,35.0,1.0,1.0,0.0,0.0
2021-05-04,0.0,0.0,7.0,5.0,8.0,5.0,8.0,10.0,11.0,27.0,56.0,182.0,54.0,16.0,9.0,12.0,8.0
2021-05-05,0.0,5.0,15.0,11.0,5.0,12.0,15.0,35.0,58.0,89.0,171.0,194.0,22.0,9.0,5.0,5.0,0.0
2021-05-06,0.0,7.0,27.0,19.0,22.0,32.0,38.0,92.0,169.0,260.0,107.0,273.0,166.0,14.0,1.0,1.0,3.0
2021-05-07,0.0,0.0,31.0,35.0,39.0,41.0,61.0,96.0,138.0,176.0,127.0,220.0,102.0,27.0,13.0,1.0,5.0
2021-05-08,0.0,0.0,11.0,7.0,8.0,11.0,9.0,14.0,28.0,31.0,44.0,193.0,59.0,0.0,3.0,2.0,1.0
2021-05-09,0.0,0.0,3.0,6.0,11.0,2.0,8.0,5.0,9.0,9.0,13.0,136.0,14.0,1.0,1.0,0.0,0.0
2021-05-10,0.0,0.0,29.0,32.0,45.0,58.0,71.0,85.0,126.0,76.0,74.0,152.0,17.0,2.0,3.0,4.0,3.0
2021-05-11,0.0,4.0,19.0,23.0,24.0,31.0,45.0,85.0,143.0,211.0,262.0,230.0,51.0,12.0,5.0,2.0,0.0
2021-05-12,0.0,31.0,26.0,15.0,23.0,24.0,37.0,43.0,113.0,165.0,244.0,155.0,32.0,20.0,7.0,6.0,3.0
2021-05-13,0.0,6.0,11.0,5.0,10.0,16.0,10.0,20.0,32.0,62.0,94.0,281.0,41.0,9.0,3.0,2.0,1.0
2021-05-14,0.0,5.0,14.0,8.0,14.0,12.0,24.0,26.0,50.0,73.0,100.0,271.0,30.0,3.0,5.0,1.0,3.0
2021-05-15,0.0,3.0,21.0,17.0,23.0,21.0,29.0,27.0,69.0,84.0,90.0,190.0,12.0,4.0,1.0,1.0,1.0
2021-05-16,0.0,0.0,8.0,3.0,9.0,8.0,5.0,5.0,7.0,13.0,53.0,59.0,5.0,0.0,0.0,0.0,0.0
2021-05-17,0.0,0.0,6.0,10.0,10.0,5.0,9.0,9.0,13.0,28.0,60.0,80.0,5.0,1.0,0.0,0.0,0.0
2021-05-18,0.0,0.0,12.0,11.0,23.0,28.0,41.0,34.0,89.0,109.0,166.0,186.0,27.0,7.0,3.0,7.0,0.0
2021-05-19,0.0,1.0,16.0,28.0,51.0,54.0,74.0,72.0,460.0,394.0,273.0,128.0,20.0,4.0,0.0,2.0,1.0
2021-05-20,0.0,0.0,27.0,24.0,25.0,44.0,28.0,43.0,166.0,201.0,255.0,243.0,36.0,5.0,3.0,2.0,0.0
2021-05-21,0.0,0.0,18.0,15.0,25.0,35.0,31.0,34.0,69.0,69.0,181.0,98.0,11.0,2.0,0.0,2.0,0.0
2021-05-22,0.0,0.0,13.0,22.0,25.0,30.0,24.0,34.0,67.0,74.0,131.0,36.0,3.0,1.0,0.0,0.0,0.0
2021-05-23,0.0,0.0,13.0,11.0,30.0,26.0,21.0,24.0,40.0,57.0,72.0,15.0,1.0,1.0,0.0,0.0,0.0
2021-05-24,0.0,0.0,15.0,11.0,13.0,19.0,20.0,21.0,196.0,295.0,154.0,64.0,5.0,2.0,0.0,0.0,2.0
2021-05-25,0.0,0.0,9.0,16.0,25.0,25.0,26.0,18.0,224.0,220.0,155.0,35.0,4.0,4.0,1.0,3.0,1.0
2021-05-26,0.0,1.0,27.0,27.0,32.0,35.0,43.0,52.0,669.0,416.0,239.0,79.0,11.0,3.0,4.0,0.0,1.0
2021-05-27,0.0,0.0,26.0,38.0,56.0,65.0,71.0,97.0,618.0,379.0,290.0,122.0,18.0,13.0,2.0,1.0,1.0
2021-05-28,0.0,1.0,19.0,27.0,24.0,26.0,34.0,32.0,157.0,139.0,207.0,44.0,8.0,1.0,5.0,1.0,1.0
2021-05-29,0.0,0.0,13.0,13.0,21.0,21.0,18.0,24.0,60.0,155.0,215.0,50.0,2.0,0.0,0.0,3.0,0.0
2021-05-30,0.0,0.0,9.0,7.0,4.0,11.0,6.0,9.0,32.0,98.0,97.0,8.0,0.0,0.0,0.0,0.0,0.0
2021-05-31,0.0,0.0,2.0,1.0,7.0,3.0,9.0,11.0,28.0,69.0,129.0,10.0,0.0,0.0,0.0,0.0,0.0
2021-06-01,0.0,0.0,1.0,5.0,8.0,4.0,9.0,18.0,40.0,88.0,169.0,12.0,1.0,2.0,0.0,0.0,0.0
2021-06-02,0.0,1.0,16.0,17.0,24.0,27.0,34.0,60.0,358.0,272.0,197.0,39.0,7.0,5.0,1.0,2.0,1.0
2021-06-03,0.0,1.0,25.0,19.0,13.0,19.0,31.0,43.0,208.0,201.0,166.0,31.0,7.0,2.0,2.0,2.0,2.0
2021-06-04,0.0,0.0,7.0,9.0,19.0,13.0,17.0,16.0,64.0,162.0,170.0,28.0,4.0,0.0,0.0,1.0,0.0
2021-06-05,0.0,1.0,19.0,16.0,18.0,24.0,26.0,56.0,259.0,258.0,152.0,22.0,4.0,2.0,1.0,1.0,0.0
2021-06-06,0.0,1.0,8.0,17.0,9.0,15.0,21.0,46.0,180.0,238.0,53.0,11.0,2.0,0.0,2.0,0.0,0.0
2021-06-07,0.0,1.0,8.0,4.0,6.0,14.0,7.0,12.0,64.0,183.0,45.0,5.0,1.0,3.0,1.0,3.0,0.0
2021-06-08,0.0,0.0,10.0,5.0,10.0,9.0,24.0,18.0,90.0,150.0,37.0,12.0,5.0,1.0,2.0,6.0,2.0
2021-06-09,0.0,1.0,6.0,5.0,11.0,8.0,9.0,13.0,68.0,125.0,51.0,6.0,1.0,0.0,3.0,4.0,3.0
2021-06-10,0.0,1.0,15.0,9.0,14.0,19.0,43.0,62.0,103.0,163.0,104.0,17.0,5.0,3.0,0.0,1.0,0.0
2021-06-11,0.0,1.0,10.0,32.0,31.0,35.0,46.0,67.0,230.0,252.0,87.0,35.0,5.0,3.0,1.0,4.0,1.0
2021-06-12,0.0,1.0,29.0,24.0,34.0,22.0,23.0,61.0,162.0,244.0,50.0,15.0,4.0,0.0,0.0,2.0,1.0
2021-06-13,0.0,0.0,8.0,15.0,14.0,11.0,23.0,29.0,79.0,78.0,15.0,4.0,0.0,0.0,0.0,0.0,0.0
2021-06-14,0.0,0.0,27.0,25.0,24.0,17.0,32.0,60.0,109.0,66.0,18.0,9.0,4.0,2.0,1.0,1.0,0.0
2021-06-15,0.0,1.0,14.0,16.0,20.0,18.0,22.0,45.0,47.0,45.0,17.0,4.0,1.0,2.0,0.0,0.0,0.0
2021-06-16,0.0,2.0,16.0,12.0,16.0,25.0,14.0,30.0,36.0,28.0,13.0,4.0,1.0,0.0,0.0,0.0,0.0
2021-06-17,0.0,4.0,11.0,9.0,11.0,11.0,13.0,33.0,42.0,73.0,26.0,8.0,4.0,1.0,1.0,1.0,0.0
2021-06-18,0.0,3.0,12.0,5.0,13.0,6.0,27.0,58.0,39.0,39.0,8.0,8.0,2.0,0.0,0.0,0.0,0.0
2021-06-19,0.0,0.0,15.0,14.0,6.0,8.0,24.0,97.0,68.0,30.0,13.0,4.0,0.0,1.0,0.0,1.0,0.0
2021-06-20,0.0,0.0,1.0,3.0,4.0,4.0,1.0,22.0,12.0,13.0,2.0,1.0,0.0,0.0,0.0,0.0,0.0
2021-06-21,0.0,0.0,4.0,2.0,5.0,1.0,1.0,27.0,9.0,6.0,0.0,3.0,0.0,1.0,0.0,0.0,0.0
2021-06-22,0.0,1.0,5.0,6.0,19.0,23.0,34.0,19.0,64.0,32.0,10.0,7.0,2.0,4.0,0.0,1.0,0.0
2021-06-23,0.0,0.0,4.0,2.0,3.0,28.0,15.0,22.0,5.0,2.0,1.0,0.0,0.0,0.0,1.0,1.0,0.0
2021-06-24,0.0,0.0,2.0,5.0,4.0,3.0,13.0,71.0,19.0,3.0,4.0,1.0,0.0,0.0,0.0,1.0,0.0
2021-06-25,0.0,0.0,7.0,7.0,5.0,15.0,24.0,83.0,57.0,18.0,12.0,10.0,4.0,1.0,1.0,0.0,0.0
2021-06-26,0.0,0.0,1.0,5.0,13.0,16.0,25.0,79.0,11.0,3.0,0.0,0.0,0.0,0.0,0.0,0.0,0.0
2021-06-27,0.0,0.0,2.0,4.0,1.0,8.0,34.0,106.0,9.0,2.0,2.0,0.0,2.0,0.0,0.0,1.0,0.0
2021-06-28,0.0,0.0,2.0,2.0,1.0,4.0,22.0,77.0,14.0,6.0,1.0,0.0,1.0,0.0,0.0,0.0,0.0
2021-06-29,0.0,1.0,2.0,0.0,8.0,12.0,17.0,9.0,2.0,0.0,0.0,0.0,0.0,0.0,0.0,0.0,0.0
2021-06-30,0.0,2.0,3.0,1.0,7.0,10.0,12.0,11.0,3.0,1.0,2.0,0.0,4.0,0.0,0.0,0.0,0.0
2021-07-01,0.0,2.0,2.0,4.0,7.0,2.0,96.0,148.0,13.0,7.0,4.0,3.0,1.0,0.0,1.0,0.0,0.0
2021-07-02,0.0,0.0,8.0,7.0,4.0,11.0,203.0,377.0,57.0,28.0,7.0,9.0,5.0,0.0,0.0,0.0,1.0
2021-07-03,0.0,1.0,4.0,3.0,9.0,10.0,127.0,191.0,25.0,11.0,3.0,1.0,1.0,1.0,0.0,0.0,0.0
2021-07-04,0.0,3.0,1.0,1.0,0.0,2.0,22.0,20.0,3.0,0.0,0.0,1.0,0.0,0.0,0.0,0.0,0.0
2021-07-05,0.0,0.0,2.0,0.0,2.0,2.0,64.0,41.0,3.0,1.0,1.0,0.0,0.0,0.0,0.0,0.0,0.0
2021-07-06,0.0,1.0,3.0,2.0,4.0,3.0,41.0,41.0,9.0,2.0,1.0,0.0,0.0,0.0,0.0,0.0,0.0
2021-07-07,0.0,3.0,12.0,3.0,12.0,10.0,56.0,23.0,6.0,0.0,0.0,1.0,1.0,0.0,0.0,0.0,0.0
2021-07-08,0.0,3.0,10.0,6.0,18.0,24.0,69.0,90.0,11.0,4.0,0.0,2.0,0.0,0.0,0.0,0.0,0.0
2021-07-09,0.0,2.0,11.0,12.0,15.0,28.0,199.0,268.0,51.0,18.0,17.0,7.0,4.0,1.0,1.0,2.0,0.0
2021-07-10,0.0,0.0,6.0,1.0,3.0,8.0,52.0,88.0,10.0,1.0,1.0,0.0,0.0,0.0,0.0,0.0,0.0
2021-07-11,0.0,0.0,7.0,10.0,13.0,51.0,112.0,53.0,6.0,2.0,1.0,2.0,0.0,0.0,0.0,0.0,0.0
2021-07-12,0.0,0.0,2.0,1.0,3.0,1.0,13.0,32.0,5.0,0.0,0.0,0.0,0.0,0.0,0.0,0.0,0.0
2021-07-13,0.0,0.0,4.0,4.0,4.0,13.0,18.0,33.0,5.0,1.0,0.0,0.0,0.0,0.0,0.0,0.0,0.0
2021-07-14,0.0,0.0,1.0,3.0,5.0,40.0,46.0,50.0,4.0,1.0,1.0,2.0,1.0,0.0,0.0,0.0,0.0
2021-07-15,0.0,0.0,5.0,5.0,7.0,35.0,54.0,104.0,15.0,0.0,1.0,1.0,0.0,0.0,0.0,0.0,0.0
2021-07-16,0.0,1.0,7.0,10.0,22.0,93.0,159.0,125.0,23.0,9.0,7.0,2.0,0.0,1.0,0.0,0.0,0.0
2021-07-17,0.0,2.0,15.0,11.0,20.0,36.0,148.0,183.0,20.0,18.0,9.0,1.0,0.0,0.0,0.0,0.0,0.0
2021-07-18,0.0,1.0,7.0,2.0,11.0,77.0,98.0,90.0,12.0,8.0,2.0,0.0,0.0,0.0,0.0,0.0,0.0
2021-07-19,0.0,0.0,7.0,3.0,9.0,22.0,80.0,83.0,21.0,3.0,3.0,2.0,0.0,0.0,0.0,0.0,1.0
2021-07-20,0.0,1.0,5.0,3.0,14.0,33.0,96.0,66.0,23.0,10.0,4.0,2.0,0.0,0.0,0.0,0.0,0.0
2021-07-21,0.0,0.0,11.0,5.0,16.0,107.0,68.0,35.0,4.0,0.0,1.0,0.0,0.0,0.0,0.0,1.0,0.0
2021-07-22,0.0,1.0,1.0,5.0,23.0,111.0,90.0,67.0,5.0,4.0,5.0,0.0,1.0,0.0,0.0,1.0,0.0
2021-07-23,0.0,1.0,10.0,7.0,31.0,178.0,90.0,69.0,11.0,3.0,1.0,1.0,2.0,0.0,1.0,0.0,0.0
2021-07-24,0.0,0.0,3.0,5.0,13.0,65.0,70.0,61.0,12.0,1.0,3.0,0.0,1.0,0.0,0.0,0.0,0.0
2021-07-25,0.0,0.0,5.0,3.0,33.0,118.0,97.0,40.0,15.0,9.0,5.0,1.0,2.0,0.0,1.0,0.0,0.0
2021-07-26,0.0,1.0,11.0,9.0,20.0,45.0,83.0,30.0,1.0,4.0,1.0,0.0,0.0,0.0,0.0,0.0,0.0
2021-07-27,0.0,0.0,2.0,2.0,18.0,40.0,36.0,18.0,1.0,2.0,0.0,1.0,0.0,0.0,0.0,0.0,0.0
2021-07-28,0.0,2.0,7.0,8.0,41.0,63.0,70.0,30.0,4.0,2.0,0.0,0.0,2.0,0.0,0.0,0.0,0.0
2021-07-29,0.0,0.0,3.0,3.0,43.0,63.0,106.0,46.0,8.0,5.0,2.0,1.0,1.0,0.0,0.0,0.0,0.0
2021-07-30,0.0,2.0,11.0,9.0,83.0,124.0,97.0,43.0,5.0,1.0,2.0,0.0,0.0,1.0,0.0,0.0,0.0
2021-07-31,0.0,2.0,11.0,16.0,63.0,76.0,110.0,45.0,6.0,6.0,3.0,0.0,0.0,0.0,0.0,0.0,0.0
2021-08-01,0.0,1.0,4.0,5.0,107.0,84.0,35.0,21.0,1.0,1.0,1.0,0.0,0.0,0.0,0.0,0.0,0.0
2021-08-02,0.0,2.0,5.0,5.0,56.0,30.0,18.0,11.0,1.0,2.0,1.0,1.0,0.0,0.0,0.0,0.0,0.0
2021-08-03,0.0,0.0,4.0,6.0,54.0,51.0,29.0,8.0,0.0,2.0,1.0,0.0,0.0,0.0,0.0,0.0,0.0
2021-08-04,0.0,0.0,3.0,18.0,83.0,54.0,26.0,9.0,2.0,1.0,2.0,0.0,0.0,0.0,0.0,0.0,0.0
2021-08-05,0.0,0.0,3.0,27.0,71.0,37.0,19.0,2.0,1.0,0.0,0.0,2.0,0.0,0.0,0.0,0.0,0.0
2021-08-06,0.0,0.0,6.0,34.0,101.0,76.0,34.0,12.0,4.0,3.0,0.0,0.0,0.0,0.0,0.0,0.0,0.0
2021-08-07,0.0,2.0,19.0,67.0,156.0,134.0,66.0,68.0,17.0,11.0,3.0,4.0,2.0,3.0,2.0,1.0,0.0
2021-08-08,0.0,2.0,6.0,46.0,67.0,79.0,38.0,18.0,7.0,1.0,1.0,0.0,1.0,0.0,0.0,0.0,0.0
2021-08-09,0.0,0.0,8.0,75.0,64.0,52.0,20.0,10.0,1.0,1.0,0.0,0.0,0.0,0.0,0.0,0.0,0.0
2021-08-10,0.0,0.0,32.0,69.0,39.0,34.0,9.0,3.0,0.0,2.0,0.0,0.0,0.0,0.0,0.0,0.0,0.0
2021-08-11,0.0,2.0,126.0,134.0,66.0,43.0,35.0,32.0,9.0,6.0,4.0,0.0,2.0,1.0,0.0,0.0,0.0
2021-08-12,0.0,0.0,70.0,100.0,59.0,56.0,10.0,3.0,1.0,0.0,0.0,1.0,1.0,0.0,0.0,0.0,0.0
2021-08-13,0.0,0.0,52.0,69.0,52.0,51.0,17.0,7.0,11.0,2.0,2.0,3.0,1.0,0.0,0.0,1.0,0.0
2021-08-14,0.0,1.0,51.0,57.0,39.0,25.0,21.0,10.0,4.0,4.0,4.0,1.0,0.0,0.0,2.0,0.0,0.0
2021-08-15,0.0,1.0,149.0,90.0,68.0,61.0,14.0,8.0,0.0,2.0,0.0,0.0,0.0,1.0,0.0,0.0,0.0
2021-08-16,0.0,0.0,46.0,47.0,32.0,12.0,2.0,1.0,1.0,0.0,0.0,0.0,0.0,0.0,0.0,0.0,0.0
2021-08-17,0.0,1.0,73.0,64.0,55.0,49.0,15.0,12.0,4.0,4.0,0.0,1.0,0.0,0.0,0.0,0.0,0.0
2021-08-18,0.0,1.0,175.0,120.0,82.0,58.0,20.0,9.0,2.0,2.0,1.0,1.0,2.0,0.0,0.0,0.0,0.0
2021-08-19,0.0,1.0,116.0,68.0,67.0,63.0,10.0,9.0,0.0,2.0,0.0,1.0,0.0,0.0,0.0,0.0,0.0
2021-08-20,0.0,1.0,87.0,62.0,71.0,48.0,12.0,8.0,0.0,1.0,0.0,0.0,0.0,1.0,0.0,0.0,1.0
2021-08-21,0.0,0.0,48.0,39.0,36.0,17.0,5.0,1.0,4.0,0.0,0.0,0.0,0.0,0.0,0.0,0.0,0.0
2021-08-22,0.0,2.0,199.0,82.0,142.0,78.0,15.0,8.0,3.0,5.0,0.0,0.0,1.0,0.0,0.0,0.0,0.0
2021-08-23,0.0,0.0,43.0,26.0,18.0,17.0,1.0,0.0,2.0,0.0,0.0,0.0,0.0,0.0,0.0,0.0,0.0
2021-08-24,0.0,2.0,75.0,28.0,45.0,29.0,4.0,2.0,2.0,0.0,2.0,1.0,0.0,0.0,0.0,0.0,0.0
2021-08-25,0.0,1.0,130.0,51.0,66.0,34.0,6.0,4.0,0.0,1.0,0.0,0.0,0.0,1.0,0.0,0.0,0.0
2021-08-26,0.0,2.0,105.0,57.0,94.0,60.0,11.0,7.0,0.0,1.0,3.0,2.0,2.0,4.0,2.0,1.0,3.0
2021-08-27,0.0,0.0,240.0,145.0,167.0,99.0,17.0,12.0,3.0,0.0,2.0,1.0,0.0,0.0,1.0,0.0,0.0
2021-08-28,0.0,0.0,97.0,66.0,104.0,41.0,9.0,11.0,3.0,1.0,2.0,2.0,2.0,0.0,0.0,1.0,0.0
2021-08-29,0.0,0.0,50.0,131.0,62.0,39.0,11.0,4.0,2.0,0.0,0.0,0.0,0.0,0.0,0.0,0.0,0.0
2021-08-30,0.0,0.0,28.0,11.0,16.0,16.0,12.0,5.0,5.0,6.0,2.0,0.0,2.0,0.0,0.0,0.0,0.0
2021-08-31,0.0,1.0,38.0,44.0,31.0,14.0,3.0,1.0,1.0,0.0,0.0,0.0,0.0,0.0,0.0,0.0,0.0
2021-09-01,0.0,1.0,125.0,69.0,73.0,36.0,14.0,5.0,3.0,3.0,0.0,2.0,0.0,0.0,0.0,0.0,0.0
2021-09-02,0.0,0.0,96.0,72.0,66.0,49.0,7.0,3.0,2.0,1.0,1.0,2.0,0.0,0.0,0.0,0.0,0.0
2021-09-03,0.0,0.0,153.0,105.0,59.0,38.0,11.0,7.0,1.0,0.0,2.0,0.0,2.0,0.0,0.0,0.0,0.0
2021-09-04,0.0,0.0,68.0,43.0,44.0,28.0,10.0,7.0,1.0,0.0,0.0,0.0,1.0,0.0,0.0,0.0,0.0
2021-09-05,0.0,0.0,106.0,79.0,46.0,23.0,14.0,4.0,1.0,2.0,0.0,1.0,0.0,0.0,0.0,0.0,0.0
2021-09-06,0.0,0.0,44.0,65.0,28.0,18.0,3.0,3.0,3.0,0.0,0.0,0.0,0.0,0.0,0.0,0.0,0.0
2021-09-07,0.0,2.0,144.0,101.0,52.0,34.0,9.0,9.0,1.0,1.0,3.0,1.0,0.0,0.0,0.0,0.0,0.0
2021-09-08,0.0,0.0,85.0,68.0,43.0,24.0,4.0,6.0,1.0,4.0,0.0,3.0,0.0,0.0,0.0,0.0,0.0
2021-09-09,0.0,0.0,105.0,85.0,40.0,24.0,6.0,7.0,2.0,1.0,0.0,0.0,0.0,0.0,0.0,0.0,0.0
2021-09-10,0.0,0.0,117.0,65.0,51.0,30.0,16.0,8.0,6.0,4.0,2.0,2.0,0.0,0.0,0.0,0.0,0.0
2021-09-11,0.0,0.0,77.0,41.0,22.0,11.0,5.0,6.0,5.0,2.0,1.0,0.0,0.0,0.0,0.0,0.0,0.0
2021-09-12,0.0,2.0,210.0,71.0,40.0,29.0,17.0,4.0,2.0,1.0,0.0,0.0,0.0,0.0,0.0,0.0,0.0
2021-09-13,0.0,2.0,101.0,37.0,31.0,10.0,8.0,3.0,4.0,1.0,1.0,0.0,0.0,0.0,0.0,0.0,0.0
2021-09-14,0.0,0.0,65.0,26.0,22.0,4.0,3.0,3.0,0.0,0.0,0.0,0.0,1.0,0.0,0.0,0.0,0.0
2021-09-15,0.0,2.0,58.0,22.0,18.0,14.0,2.0,4.0,1.0,1.0,1.0,0.0,0.0,0.0,0.0,0.0,0.0
2021-09-16,0.0,0.0,51.0,32.0,23.0,9.0,5.0,3.0,4.0,0.0,1.0,0.0,0.0,0.0,0.0,0.0,0.0
2021-09-17,0.0,0.0,6.0,4.0,0.0,3.0,0.0,0.0,0.0,0.0,0.0,0.0,0.0,0.0,0.0,0.0,0.0
2021-09-18,0.0,1.0,94.0,44.0,43.0,20.0,7.0,7.0,4.0,0.0,2.0,3.0,0.0,0.0,0.0,0.0,1.0
2021-09-19,0.0,1.0,39.0,21.0,14.0,12.0,2.0,6.0,2.0,2.0,0.0,0.0,0.0,0.0,0.0,0.0,0.0
2021-09-20,0.0,2.0,60.0,29.0,22.0,18.0,5.0,6.0,2.0,3.0,0.0,1.0,0.0,0.0,0.0,1.0,0.0
2021-09-21,0.0,1.0,26.0,14.0,9.0,9.0,2.0,2.0,0.0,1.0,0.0,0.0,1.0,0.0,0.0,0.0,0.0
2021-09-22,1.0,1.0,18.0,7.0,9.0,3.0,3.0,3.0,1.0,1.0,0.0,1.0,0.0,0.0,0.0,0.0,0.0
2021-09-23,0.0,0.0,42.0,17.0,22.0,9.0,1.0,3.0,3.0,3.0,0.0,0.0,0.0,0.0,1.0,0.0,0.0
2021-09-24,0.0,1.0,20.0,10.0,17.0,8.0,1.0,3.0,1.0,2.0,0.0,0.0,0.0,0.0,0.0,0.0,0.0
2021-09-25,0.0,0.0,5.0,0.0,1.0,2.0,0.0,0.0,1.0,0.0,0.0,0.0,0.0,0.0,0.0,0.0,0.0
2021-09-26,0.0,1.0,63.0,35.0,32.0,21.0,8.0,6.0,2.0,4.0,3.0,0.0,0.0,0.0,0.0,0.0,0.0
2021-09-27,0.0,5.0,21.0,13.0,13.0,6.0,4.0,2.0,0.0,1.0,0.0,1.0,0.0,0.0,0.0,0.0,0.0
2021-09-28,0.0,2.0,15.0,8.0,8.0,3.0,3.0,4.0,2.0,1.0,2.0,1.0,0.0,1.0,0.0,0.0,0.0
2021-09-29,0.0,1.0,17.0,13.0,10.0,5.0,1.0,1.0,0.0,0.0,0.0,0.0,0.0,0.0,1.0,0.0,0.0
2021-09-30,0.0,1.0,8.0,7.0,2.0,2.0,2.0,1.0,0.0,0.0,0.0,0.0,0.0,0.0,0.0,0.0,0.0
2021-10-01,0.0,1.0,38.0,22.0,14.0,7.0,7.0,1.0,1.0,1.0,1.0,1.0,0.0,1.0,0.0,0.0,0.0
2021-10-02,0.0,0.0,8.0,3.0,3.0,2.0,1.0,0.0,0.0,0.0,0.0,0.0,0.0,0.0,0.0,0.0,0.0
2021-10-03,0.0,0.0,8.0,4.0,6.0,2.0,1.0,2.0,1.0,0.0,0.0,0.0,0.0,0.0,0.0,0.0,0.0
2021-10-04,0.0,1.0,15.0,13.0,9.0,6.0,5.0,3.0,2.0,1.0,0.0,0.0,0.0,0.0,1.0,0.0,0.0
2021-10-05,0.0,2.0,14.0,7.0,4.0,2.0,3.0,0.0,1.0,0.0,0.0,2.0,0.0,0.0,0.0,0.0,1.0
2021-10-06,0.0,4.0,16.0,7.0,4.0,4.0,2.0,0.0,1.0,1.0,0.0,0.0,0.0,0.0,0.0,0.0,0.0
2021-10-07,0.0,2.0,14.0,1.0,7.0,2.0,2.0,0.0,1.0,0.0,1.0,0.0,0.0,0.0,0.0,0.0,0.0
2021-10-08,0.0,3.0,27.0,24.0,18.0,10.0,6.0,2.0,2.0,1.0,4.0,0.0,0.0,0.0,1.0,0.0,0.0
2021-10-09,0.0,2.0,6.0,3.0,2.0,1.0,0.0,1.0,0.0,0.0,1.0,0.0,0.0,0.0,0.0,0.0,0.0
2021-10-10,0.0,4.0,16.0,14.0,10.0,8.0,15.0,14.0,4.0,2.0,3.0,1.0,0.0,0.0,0.0,0.0,0.0
2021-10-11,1.0,3.0,6.0,3.0,4.0,3.0,1.0,1.0,0.0,0.0,0.0,0.0,0.0,0.0,0.0,0.0,0.0
2021-10-12,0.0,1.0,6.0,6.0,1.0,5.0,1.0,5.0,1.0,0.0,2.0,1.0,0.0,0.0,4.0,0.0,0.0
2021-10-13,0.0,6.0,12.0,6.0,5.0,1.0,4.0,1.0,0.0,0.0,0.0,1.0,0.0,0.0,1.0,0.0,1.0
2021-10-14,0.0,1.0,3.0,3.0,1.0,0.0,3.0,0.0,0.0,0.0,0.0,0.0,1.0,0.0,0.0,0.0,0.0
2021-10-15,0.0,7.0,16.0,6.0,6.0,1.0,1.0,2.0,2.0,0.0,0.0,1.0,0.0,0.0,0.0,1.0,0.0
2021-10-16,0.0,2.0,4.0,3.0,1.0,3.0,0.0,0.0,0.0,2.0,0.0,2.0,1.0,2.0,0.0,0.0,0.0
2021-10-17,0.0,4.0,14.0,10.0,11.0,5.0,2.0,0.0,2.0,0.0,1.0,2.0,0.0,0.0,0.0,0.0,0.0
2021-10-18,0.0,4.0,9.0,7.0,3.0,1.0,0.0,1.0,0.0,0.0,0.0,0.0,0.0,0.0,0.0,0.0,0.0
2021-10-19,9.0,17.0,10.0,2.0,4.0,4.0,2.0,2.0,0.0,0.0,0.0,2.0,0.0,0.0,0.0,0.0,0.0
2021-10-20,1.0,5.0,8.0,6.0,8.0,5.0,0.0,0.0,3.0,0.0,0.0,0.0,1.0,0.0,1.0,0.0,0.0
2021-10-21,13.0,2.0,4.0,3.0,2.0,0.0,0.0,0.0,0.0,1.0,0.0,0.0,0.0,0.0,0.0,0.0,1.0
2021-10-22,0.0,10.0,22.0,18.0,12.0,9.0,2.0,3.0,0.0,1.0,2.0,0.0,0.0,1.0,1.0,0.0,0.0
2021-10-23,0.0,0.0,8.0,1.0,4.0,4.0,1.0,1.0,0.0,0.0,0.0,0.0,0.0,0.0,0.0,0.0,0.0
2021-10-24,0.0,6.0,17.0,6.0,4.0,2.0,0.0,2.0,1.0,2.0,3.0,0.0,0.0,1.0,0.0,0.0,0.0
2021-10-25,7.0,2.0,5.0,7.0,8.0,3.0,0.0,2.0,1.0,1.0,0.0,0.0,0.0,0.0,0.0,0.0,0.0
2021-10-26,0.0,6.0,13.0,11.0,4.0,3.0,4.0,1.0,2.0,0.0,0.0,1.0,0.0,0.0,0.0,0.0,0.0
2021-10-27,10.0,6.0,3.0,1.0,4.0,3.0,2.0,1.0,1.0,0.0,1.0,0.0,0.0,1.0,0.0,0.0,0.0
2021-10-28,0.0,1.0,2.0,2.0,0.0,0.0,1.0,1.0,0.0,0.0,0.0,0.0,0.0,0.0,0.0,0.0,0.0
2021-10-29,11.0,7.0,9.0,6.0,5.0,2.0,1.0,1.0,0.0,0.0,1.0,0.0,0.0,1.0,0.0,0.0,0.0
2021-10-30,0.0,1.0,1.0,3.0,3.0,2.0,1.0,0.0,0.0,0.0,0.0,1.0,6.0,1.0,1.0,0.0,0.0
2021-10-31,0.0,6.0,12.0,14.0,7.0,10.0,1.0,2.0,7.0,0.0,1.0,0.0,0.0,0.0,0.0,0.0,0.0
2021-11-01,0.0,3.0,5.0,7.0,2.0,4.0,1.0,0.0,3.0,1.0,1.0,0.0,1.0,0.0,0.0,0.0,0.0
2021-11-02,5.0,6.0,14.0,2.0,1.0,1.0,3.0,1.0,2.0,0.0,2.0,0.0,0.0,0.0,0.0,0.0,0.0
2021-11-03,0.0,3.0,6.0,3.0,2.0,6.0,2.0,0.0,0.0,1.0,2.0,1.0,1.0,0.0,0.0,0.0,0.0
2021-11-04,0.0,0.0,6.0,4.0,2.0,0.0,0.0,0.0,2.0,0.0,0.0,1.0,0.0,0.0,0.0,0.0,0.0
2021-11-05,1.0,4.0,5.0,4.0,4.0,4.0,3.0,0.0,1.0,1.0,0.0,0.0,1.0,0.0,0.0,0.0,0.0
2021-11-06,0.0,1.0,4.0,4.0,4.0,2.0,0.0,2.0,2.0,0.0,0.0,0.0,2.0,0.0,1.0,0.0,0.0
2021-11-07,0.0,5.0,9.0,15.0,12.0,3.0,4.0,2.0,1.0,2.0,0.0,0.0,1.0,0.0,0.0,0.0,0.0
2021-11-08,0.0,5.0,8.0,5.0,4.0,3.0,1.0,0.0,0.0,0.0,0.0,0.0,2.0,0.0,0.0,0.0,0.0
2021-11-09,0.0,6.0,11.0,7.0,9.0,3.0,1.0,1.0,0.0,1.0,0.0,0.0,0.0,1.0,0.0,0.0,0.0
2021-11-10,0.0,6.0,6.0,2.0,1.0,2.0,0.0,0.0,1.0,0.0,1.0,1.0,1.0,0.0,0.0,0.0,0.0
2021-11-11,1.0,4.0,5.0,2.0,1.0,3.0,1.0,0.0,0.0,1.0,0.0,0.0,0.0,0.0,0.0,0.0,0.0
2021-11-12,1.0,10.0,7.0,3.0,9.0,5.0,3.0,4.0,2.0,2.0,1.0,0.0,2.0,0.0,0.0,0.0,0.0
2021-11-13,0.0,8.0,7.0,1.0,1.0,0.0,2.0,2.0,0.0,0.0,2.0,1.0,1.0,0.0,2.0,0.0,0.0
2021-11-14,0.0,8.0,6.0,5.0,0.0,6.0,5.0,3.0,3.0,0.0,1.0,1.0,0.0,0.0,1.0,0.0,0.0
2021-11-15,0.0,3.0,5.0,5.0,1.0,2.0,1.0,1.0,0.0,1.0,1.0,0.0,1.0,0.0,0.0,0.0,0.0
2021-11-16,0.0,2.0,7.0,4.0,6.0,3.0,0.0,2.0,0.0,5.0,1.0,2.0,0.0,0.0,0.0,0.0,0.0
2021-11-17,0.0,14.0,9.0,9.0,7.0,2.0,5.0,1.0,0.0,0.0,0.0,0.0,2.0,0.0,0.0,1.0,0.0
2021-11-18,1.0,2.0,7.0,7.0,3.0,2.0,1.0,1.0,0.0,0.0,5.0,1.0,0.0,0.0,0.0,0.0,0.0
2021-11-19,0.0,9.0,10.0,5.0,4.0,3.0,1.0,2.0,2.0,2.0,0.0,1.0,1.0,0.0,0.0,0.0,0.0
2021-11-20,1.0,6.0,3.0,5.0,3.0,3.0,0.0,0.0,0.0,2.0,2.0,0.0,1.0,1.0,0.0,0.0,0.0
2021-11-21,0.0,8.0,10.0,6.0,7.0,5.0,4.0,2.0,2.0,2.0,1.0,1.0,0.0,0.0,0.0,1.0,0.0
2021-11-22,0.0,6.0,11.0,4.0,3.0,0.0,2.0,1.0,1.0,1.0,1.0,0.0,1.0,1.0,1.0,0.0,0.0
2021-11-23,0.0,11.0,15.0,8.0,4.0,2.0,3.0,1.0,3.0,4.0,5.0,2.0,2.0,0.0,0.0,0.0,0.0
2021-11-24,1.0,16.0,7.0,2.0,1.0,3.0,2.0,0.0,4.0,2.0,6.0,2.0,2.0,0.0,0.0,0.0,0.0
2021-11-25,1.0,10.0,0.0,0.0,3.0,2.0,0.0,0.0,2.0,4.0,1.0,0.0,0.0,0.0,0.0,0.0,0.0
2021-11-26,2.0,21.0,7.0,3.0,4.0,6.0,2.0,0.0,2.0,1.0,3.0,3.0,0.0,1.0,0.0,1.0,0.0
2021-11-27,8.0,36.0,8.0,2.0,2.0,3.0,1.0,3.0,1.0,3.0,5.0,0.0,2.0,0.0,0.0,0.0,0.0
2021-11-28,5.0,49.0,21.0,13.0,4.0,5.0,2.0,2.0,5.0,6.0,8.0,2.0,4.0,1.0,0.0,1.0,0.0
2021-11-29,0.0,14.0,7.0,2.0,7.0,7.0,0.0,1.0,0.0,1.0,3.0,3.0,0.0,0.0,0.0,0.0,0.0
2021-11-30,1.0,30.0,11.0,9.0,2.0,2.0,3.0,4.0,1.0,5.0,7.0,2.0,1.0,0.0,0.0,0.0,0.0
2021-12-01,0.0,46.0,5.0,3.0,3.0,5.0,3.0,1.0,0.0,1.0,9.0,3.0,1.0,0.0,0.0,0.0,0.0
2021-12-02,0.0,12.0,8.0,3.0,3.0,1.0,1.0,1.0,0.0,3.0,2.0,1.0,0.0,0.0,1.0,1.0,1.0
2021-12-03,0.0,14.0,5.0,1.0,1.0,1.0,1.0,1.0,0.0,1.0,3.0,1.0,0.0,0.0,0.0,1.0,0.0
2021-12-04,3.0,18.0,5.0,2.0,0.0,2.0,0.0,2.0,3.0,1.0,4.0,1.0,0.0,1.0,1.0,0.0,0.0
2021-12-05,2.0,27.0,6.0,2.0,4.0,0.0,1.0,2.0,3.0,4.0,5.0,0.0,0.0,0.0,0.0,0.0,0.0
2021-12-06,1.0,18.0,4.0,5.0,7.0,1.0,1.0,2.0,2.0,1.0,4.0,0.0,0.0,0.0,0.0,0.0,0.0
2021-12-07,0.0,22.0,6.0,5.0,4.0,1.0,2.0,2.0,4.0,1.0,4.0,1.0,1.0,1.0,0.0,0.0,0.0
2021-12-08,5.0,28.0,3.0,4.0,1.0,1.0,0.0,0.0,1.0,5.0,1.0,2.0,0.0,0.0,0.0,1.0,1.0
2021-12-09,0.0,17.0,5.0,4.0,1.0,0.0,0.0,1.0,1.0,4.0,4.0,3.0,3.0,0.0,0.0,0.0,0.0
2021-12-10,3.0,14.0,3.0,4.0,6.0,0.0,3.0,0.0,0.0,2.0,8.0,1.0,0.0,0.0,0.0,1.0,0.0
2021-12-11,3.0,30.0,6.0,3.0,2.0,3.0,2.0,0.0,2.0,5.0,5.0,2.0,1.0,0.0,0.0,0.0,0.0
2021-12-12,1.0,42.0,8.0,5.0,1.0,5.0,1.0,3.0,0.0,2.0,5.0,3.0,0.0,1.0,0.0,0.0,0.0
2021-12-13,0.0,21.0,13.0,1.0,9.0,7.0,3.0,2.0,6.0,5.0,8.0,2.0,2.0,0.0,2.0,0.0,0.0
2021-12-14,2.0,29.0,21.0,6.0,10.0,5.0,3.0,4.0,3.0,3.0,4.0,4.0,0.0,0.0,0.0,0.0,0.0
2021-12-15,1.0,45.0,10.0,4.0,4.0,8.0,5.0,2.0,4.0,2.0,6.0,4.0,1.0,1.0,0.0,0.0,0.0
2021-12-16,2.0,33.0,7.0,7.0,6.0,5.0,1.0,2.0,2.0,1.0,3.0,1.0,0.0,1.0,0.0,0.0,1.0
2021-12-17,2.0,22.0,6.0,5.0,6.0,3.0,0.0,1.0,2.0,2.0,4.0,1.0,0.0,1.0,0.0,0.0,1.0
2021-12-18,2.0,16.0,7.0,7.0,4.0,4.0,2.0,4.0,2.0,2.0,3.0,1.0,0.0,0.0,0.0,0.0,0.0
2021-12-19,3.0,28.0,12.0,6.0,6.0,4.0,1.0,4.0,2.0,3.0,5.0,3.0,0.0,0.0,0.0,0.0,0.0
2021-12-20,7.0,32.0,12.0,13.0,7.0,9.0,5.0,2.0,5.0,3.0,3.0,0.0,1.0,0.0,0.0,0.0,0.0
2021-12-21,13.0,50.0,23.0,10.0,5.0,11.0,0.0,6.0,3.0,2.0,5.0,4.0,2.0,0.0,0.0,0.0,1.0
2021-12-22,26.0,30.0,17.0,3.0,6.0,4.0,1.0,0.0,2.0,1.0,1.0,1.0,1.0,0.0,0.0,0.0,0.0
2021-12-23,16.0,24.0,14.0,9.0,8.0,4.0,2.0,5.0,0.0,3.0,7.0,1.0,1.0,0.0,0.0,0.0,0.0
2021-12-24,10.0,7.0,4.0,3.0,2.0,0.0,1.0,0.0,0.0,0.0,1.0,1.0,1.0,0.0,0.0,0.0,0.0
2021-12-25,0.0,0.0,0.0,0.0,0.0,0.0,0.0,0.0,0.0,0.0,0.0,0.0,0.0,0.0,0.0,0.0,0.0
2021-12-26,0.0,0.0,0.0,0.0,0.0,0.0,0.0,0.0,0.0,0.0,0.0,0.0,0.0,0.0,0.0,0.0,0.0
2021-12-27,32.0,16.0,9.0,5.0,1.0,2.0,2.0,3.0,1.0,1.0,0.0,2.0,0.0,0.0,0.0,0.0,0.0
2021-12-28,41.0,29.0,10.0,9.0,5.0,3.0,3.0,3.0,1.0,1.0,4.0,2.0,0.0,0.0,0.0,0.0,0.0
2021-12-29,73.0,15.0,11.0,1.0,5.0,4.0,0.0,3.0,0.0,0.0,0.0,0.0,0.0,0.0,1.0,0.0,0.0
2021-12-30,60.0,31.0,10.0,8.0,8.0,5.0,5.0,6.0,1.0,4.0,1.0,0.0,0.0,0.0,0.0,0.0,0.0
2021-12-31,26.0,3.0,2.0,1.0,1.0,1.0,1.0,0.0,0.0,1.0,2.0,0.0,0.0,0.0,0.0,0.0,0.0
2022-01-01,0.0,0.0,0.0,0.0,0.0,0.0,0.0,0.0,0.0,0.0,0.0,0.0,0.0,0.0,0.0,0.0,0.0
2022-01-02,39.0,13.0,7.0,7.0,6.0,2.0,1.0,2.0,1.0,1.0,2.0,0.0,0.0,0.0,0.0,0.0,0.0
2022-01-03,27.0,14.0,9.0,1.0,2.0,2.0,3.0,0.0,2.0,1.0,0.0,1.0,0.0,0.0,0.0,0.0,0.0
2022-01-04,82.0,19.0,13.0,9.0,3.0,5.0,4.0,1.0,3.0,1.0,0.0,0.0,0.0,0.0,0.0,0.0,0.0
2022-01-05,16.0,10.0,4.0,2.0,3.0,1.0,2.0,0.0,1.0,1.0,1.0,0.0,1.0,0.0,0.0,0.0,0.0
2022-01-06,21.0,14.0,8.0,4.0,2.0,7.0,1.0,1.0,0.0,0.0,3.0,0.0,0.0,0.0,0.0,0.0,0.0
2022-01-07,24.0,19.0,6.0,4.0,5.0,5.0,2.0,2.0,4.0,3.0,2.0,1.0,0.0,0.0,0.0,0.0,0.0
2022-01-08,53.0,3.0,2.0,2.0,4.0,0.0,0.0,0.0,0.0,0.0,0.0,0.0,0.0,0.0,0.0,0.0,0.0
2022-01-09,48.0,10.0,8.0,4.0,4.0,2.0,0.0,2.0,0.0,0.0,0.0,0.0,0.0,0.0,0.0,0.0,0.0
2022-01-10,13.0,5.0,9.0,6.0,4.0,1.0,2.0,0.0,1.0,1.0,2.0,1.0,0.0,0.0,0.0,0.0,0.0
2022-01-11,17.0,27.0,9.0,5.0,1.0,0.0,3.0,2.0,4.0,2.0,1.0,4.0,3.0,0.0,0.0,0.0,0.0
2022-01-12,5.0,8.0,3.0,3.0,2.0,1.0,0.0,0.0,0.0,1.0,0.0,0.0,0.0,0.0,0.0,0.0,0.0
2022-01-13,19.0,8.0,6.0,2.0,4.0,1.0,0.0,1.0,3.0,1.0,0.0,0.0,0.0,0.0,0.0,0.0,0.0
2022-01-14,12.0,5.0,2.0,2.0,4.0,3.0,1.0,2.0,0.0,1.0,1.0,0.0,0.0,0.0,0.0,0.0,0.0
2022-01-15,27.0,1.0,4.0,3.0,1.0,0.0,1.0,0.0,0.0,1.0,0.0,0.0,1.0,0.0,0.0,0.0,0.0
2022-01-16,41.0,19.0,8.0,7.0,10.0,2.0,2.0,1.0,0.0,0.0,0.0,0.0,1.0,0.0,0.0,0.0,0.0
2022-01-17,24.0,9.0,7.0,2.0,3.0,5.0,3.0,2.0,0.0,0.0,0.0,1.0,0.0,0.0,0.0,0.0,0.0
2022-01-18,25.0,13.0,5.0,2.0,2.0,4.0,0.0,1.0,0.0,0.0,0.0,0.0,0.0,0.0,0.0,0.0,0.0
2022-01-19,19.0,10.0,2.0,1.0,1.0,0.0,1.0,1.0,0.0,0.0,0.0,0.0,0.0,0.0,0.0,0.0,0.0
2022-01-20,13.0,11.0,7.0,1.0,2.0,2.0,2.0,2.0,0.0,0.0,1.0,1.0,0.0,0.0,0.0,0.0,0.0
2022-01-21,37.0,10.0,8.0,3.0,1.0,5.0,1.0,1.0,0.0,0.0,0.0,0.0,2.0,0.0,0.0,0.0,0.0
2022-01-22,75.0,0.0,2.0,4.0,1.0,2.0,0.0,0.0,0.0,0.0,0.0,0.0,0.0,0.0,0.0,0.0,0.0
2022-01-23,71.0,6.0,3.0,4.0,10.0,1.0,4.0,1.0,1.0,2.0,0.0,0.0,0.0,0.0,0.0,0.0,0.0
2022-01-24,12.0,1.0,1.0,1.0,2.0,0.0,1.0,0.0,0.0,0.0,0.0,0.0,0.0,0.0,0.0,0.0,0.0
