year,ltla,ppln_ltla,total_trust_patients,patients_from_ltla_to_trust,total_patients_of_ltla,tfp_ltla,etc_ltla,sex,ag,ags_ppln_ltla,agsf_ppln_ltla,tfp_ltla_ags,ltla_frac_tp,ags_ltla_frac_tp
2012,E06000015,211172,97155,136,88927,0.0015293442936341044,322.95469317530114,female,12-15,5807,0.02749891084045233,4.2055302374998795e-05,0.001399825021872266,3.8493663468699684e-05
2012,E06000015,211172,97155,136,88927,0.0015293442936341044,322.95469317530114,male,12-15,6122,0.02899058587312712,4.433658707417644e-05,0.001399825021872266,4.0581747503939975e-05
2012,E07000032,107364,97155,1696,43253,0.03921115298360808,4209.866228932097,female,12-15,2959,0.02756044856749004,0.001080676965076714,0.01745664144923061,0.0004811128688226349
2012,E07000032,107364,97155,1696,43253,0.03921115298360808,4209.866228932097,male,12-15,2920,0.02719719831600909,0.0010664335038945603,0.01745664144923061,0.00047477173942618914
2012,E07000033,66393,97155,14003,30676,0.4564806363280741,30307.118887729823,female,12-15,1818,0.02738240477158737,0.012499537554327093,0.1441305130976275,0.003946640049575811
2012,E07000033,66393,97155,14003,30676,0.4564806363280741,30307.118887729823,male,12-15,1809,0.027246848312322082,0.012437658655543294,0.1441305130976275,0.003927102227548208
2012,E07000034,90706,97155,36670,42672,0.8593457067866517,77947.81167979003,female,12-15,2363,0.02605119837717461,0.022386985482072387,0.3774381143533529,0.009832715192125913
2012,E07000034,90706,97155,36670,42672,0.8593457067866517,77947.81167979003,male,12-15,2531,0.027903336052741826,0.02397861204194888,0.3774381143533529,0.010531782543914806
2012,E07000035,63176,97155,11476,25776,0.4452203600248293,28127.241464928615,female,12-15,1663,0.02632328732430037,0.011719663459562036,0.1181205290515156,0.0031093206251214143
2012,E07000035,63176,97155,11476,25776,0.4452203600248293,28127.241464928615,male,12-15,1808,0.028618462707357226,0.012741522269926735,0.1181205290515156,0.003380427955634105
2012,E07000036,97729,97155,31,37290,0.0008313220702601234,81.24427460445159,female,12-15,2477,0.025345598542909475,2.107035545267347e-05,0.0003190777623385312,8.087216868202293e-06
2012,E07000036,97729,97155,31,37290,0.0008313220702601234,81.24427460445159,male,12-15,2592,0.026522321931054242,2.2048591575829487e-05,0.0003190777623385312,8.462683133782941e-06
2012,E07000037,79262,97155,753,37389,0.020139613255235497,1596.3060258364762,female,12-15,2223,0.02804622643889884,0.0005648401537481834,0.007750501775513355,0.00021737232781113503
2012,E07000037,79262,97155,753,37389,0.020139613255235497,1596.3060258364762,male,12-15,2259,0.02850041634074336,0.0005739873627157653,0.007750501775513355,0.00022089252745180121
2012,E07000038,87420,97155,29306,39038,0.7507044418259132,65626.58230442133,female,12-15,2124,0.0242964996568291,0.018239490213203386,0.3016417065513869,0.007328837619711117
2012,E07000038,87420,97155,29306,39038,0.7507044418259132,65626.58230442133,male,12-15,2209,0.025268817204301075,0.018969413314955868,0.3016417065513869,0.007622129144040424
2012,E07000039,82215,97155,10,34614,0.00028890044490668514,23.75195007800312,female,12-15,2376,0.028899835796387517,8.349175419306503e-06,0.00010292831043178427,2.9746112702781663e-06
2012,E07000039,82215,97155,10,34614,0.00028890044490668514,23.75195007800312,male,12-15,2662,0.03237851973484157,9.354168756815616e-06,0.00010292831043178427,3.3326663305894264e-06
2012,E07000170,103121,97155,252,46100,0.005466377440347072,563.6983080260303,female,12-15,2806,0.02721075241706345,0.00014874424314750517,0.002593793422880964,7.057907065102145e-05
2012,E07000170,103121,97155,252,46100,0.005466377440347072,563.6983080260303,male,12-15,3005,0.02914052423851592,0.00015929310429731045,0.002593793422880964,7.55845001091659e-05
2012,E07000171,98683,97155,246,45394,0.0054192183989073455,534.7847292593734,female,12-15,2720,0.027563004772858547,0.00014936994259424598,0.002532036436621893,6.979053238766097e-05
2012,E07000171,98683,97155,246,45394,0.0054192183989073455,534.7847292593734,male,12-15,2832,0.028697952028211543,0.00015552046964224437,0.002532036436621893,7.266426019185879e-05
2012,E07000174,90432,97155,357,43644,0.008179818531756942,739.7173494638437,female,12-15,2340,0.02587579617834395,0.0002116593171035833,0.0036745406824146977,9.508166574719562e-05
2012,E07000174,90432,97155,357,43644,0.008179818531756942,739.7173494638437,male,12-15,2372,0.02622965322009908,0.00021455380349132459,0.0036745406824146977,9.638192784288377e-05
2012,E07000175,100376,97155,18,47688,0.000377453447408153,37.887267237040774,female,12-15,2657,0.026470471028931214,9.991370544387726e-06,0.00018527095877721167,4.904209546814492e-06
2012,E07000175,100376,97155,18,47688,0.000377453447408153,37.887267237040774,male,12-15,2916,0.029050769108153345,1.0965312949730753e-05,0.00018527095877721167,5.3822638458829736e-06
2012,E07000198,85699,97155,35,33697,0.0010386681306941274,89.012820132356,female,12-15,2153,0.0251228135684197,2.6094265806887546e-05,0.00036024908651124493,9.050470638615507e-06
2012,E07000198,85699,97155,35,33697,0.0010386681306941274,89.012820132356,male,12-15,2218,0.025881282161985555,2.6882062963156798e-05,0.00036024908651124493,9.323708256595074e-06
2012,E08000018,221539,97155,123,118391,0.0010389303240955817,230.163585069811,female,12-15,6258,0.028247848008702763,2.9347545886684277e-05,0.0012660182183109464,3.5762290207096283e-05
2012,E08000018,221539,97155,123,118391,0.0010389303240955817,230.163585069811,male,12-15,6389,0.02883916601591593,2.996188409556182e-05,0.0012660182183109464,3.651090957704349e-05
2012,E08000019,479989,97155,2043,201177,0.010155236433588332,4874.401780521631,female,12-15,11867,0.02472348324649106,0.00025107281782997683,0.021028253821213524,0.0005198916810517343
2012,E08000019,479989,97155,2043,201177,0.010155236433588332,4874.401780521631,male,12-15,12516,0.02607559756577755,0.0002648038584275714,0.021028253821213524,0.0005483242841529878
2012,E06000015,211172,97155,136,88927,0.0015293442936341044,322.95469317530114,female,16-17,2749,0.013017824332771391,1.990873535885512e-05,0.001399825021872266,1.8222676231351026e-05
2012,E06000015,211172,97155,136,88927,0.0015293442936341044,322.95469317530114,male,16-17,3324,0.01574072320193965,2.407298520656035e-05,0.001399825021872266,2.2034258200440456e-05
2012,E07000032,107364,97155,1696,43253,0.03921115298360808,4209.866228932097,female,16-17,1528,0.014231958570843112,0.0005580515047777015,0.01745664144923061,0.00024844219789151267
2012,E07000032,107364,97155,1696,43253,0.03921115298360808,4209.866228932097,male,16-17,1505,0.01401773406355948,0.0005496515148497649,0.01745664144923061,0.00024470255747822424
2012,E07000033,66393,97155,14003,30676,0.4564806363280741,30307.118887729823,female,16-17,964,0.014519602970192641,0.006627917603064531,0.1441305130976275,0.0020927178260677017
2012,E07000033,66393,97155,14003,30676,0.4564806363280741,30307.118887729823,male,16-17,987,0.014866025032759475,0.006786052566623124,0.1441305130976275,0.0021426478156937982
2012,E07000034,90706,97155,36670,42672,0.8593457067866517,77947.81167979003,female,16-17,1245,0.013725663131435629,0.011795089684799035,0.3774381143533529,0.0051805884105784
2012,E07000034,90706,97155,36670,42672,0.8593457067866517,77947.81167979003,male,16-17,1398,0.01541243137168434,0.013244606730400843,0.3774381143533529,0.0058172390345289995
2012,E07000035,63176,97155,11476,25776,0.4452203600248293,28127.241464928615,female,16-17,904,0.014309231353678613,0.006370761134963368,0.1181205290515156,0.0016902139778170527
2012,E07000035,63176,97155,11476,25776,0.4452203600248293,28127.241464928615,male,16-17,886,0.014024313030264655,0.006243909696435335,0.1181205290515156,0.0016565592747189255
2012,E07000036,97729,97155,31,37290,0.0008313220702601234,81.24427460445159,female,16-17,1446,0.014796017558759426,1.2300255948553022e-05,0.0003190777623385312,4.721080174170575e-06
2012,E07000036,97729,97155,31,37290,0.0008313220702601234,81.24427460445159,male,16-17,1477,0.015113221254694104,1.2563954381751601e-05,0.0003190777623385312,4.822292819674923e-06
2012,E07000037,79262,97155,753,37389,0.020139613255235497,1596.3060258364762,female,16-17,1136,0.014332214680426938,0.0002886452607548072,0.007750501775513355,0.00011108185532768754
2012,E07000037,79262,97155,753,37389,0.020139613255235497,1596.3060258364762,male,16-17,1181,0.014899952057732584,0.00030007927196428456,0.007750501775513355,0.00011548210487852026
2012,E07000038,87420,97155,29306,39038,0.7507044418259132,65626.58230442133,female,16-17,1156,0.013223518645618852,0.009926954183833856,0.3016417065513869,0.003988764730878554
2012,E07000038,87420,97155,29306,39038,0.7507044418259132,65626.58230442133,male,16-17,1291,0.014767787691603753,0.011086243816028988,0.3016417065513869,0.004454580681283923
2012,E07000039,82215,97155,10,34614,0.00028890044490668514,23.75195007800312,female,16-17,1176,0.01430395913154534,4.1324201570304896e-06,0.00010292831043178427,1.4722823458952538e-06
2012,E07000039,82215,97155,10,34614,0.00028890044490668514,23.75195007800312,male,16-17,1305,0.015873015873015872,4.585721347725161e-06,0.00010292831043178427,1.6337827052664166e-06
2012,E07000170,103121,97155,252,46100,0.005466377440347072,563.6983080260303,female,16-17,1460,0.014158124921209063,7.739365466691291e-05,0.002593793422880964,3.672325130095913e-05
2012,E07000170,103121,97155,252,46100,0.005466377440347072,563.6983080260303,male,16-17,1541,0.014943609933961075,8.168741222035122e-05,0.002593793422880964,3.876063716080687e-05
2012,E07000171,98683,97155,246,45394,0.0054192183989073455,534.7847292593734,female,16-17,1422,0.014409776759928257,7.808972734155067e-05,0.002532036436621893,3.64860797997257e-05
2012,E07000171,98683,97155,246,45394,0.0054192183989073455,534.7847292593734,male,16-17,1509,0.015291387574354243,8.286736888776367e-05,0.002532036436621893,3.871835050477221e-05
2012,E07000174,90432,97155,357,43644,0.008179818531756942,739.7173494638437,female,16-17,1229,0.013590322009907995,0.00011116636782918967,0.0036745406824146977,4.993819111252282e-05
2012,E07000174,90432,97155,357,43644,0.008179818531756942,739.7173494638437,male,16-17,1289,0.014253803963198869,0.00011659352980620464,0.0036745406824146977,5.237618254193809e-05
2012,E07000175,100376,97155,18,47688,0.000377453447408153,37.887267237040774,female,16-17,1359,0.013539093010281342,5.110377331510321e-06,0.00018527095877721167,2.508400742988669e-06
2012,E07000175,100376,97155,18,47688,0.000377453447408153,37.887267237040774,male,16-17,1465,0.014595122340001591,5.5089792425773495e-06,0.00018527095877721167,2.7040523094027957e-06
2012,E07000198,85699,97155,35,33697,0.0010386681306941274,89.012820132356,female,16-17,1160,0.01353574720825214,1.40591492503435e-05,0.00036024908651124493,4.876240567019967e-06
2012,E07000198,85699,97155,35,33697,0.0010386681306941274,89.012820132356,male,16-17,1247,0.014550928248871046,1.511358544411926e-05,0.00036024908651124493,5.241958609546463e-06
2012,E08000018,221539,97155,123,118391,0.0010389303240955817,230.163585069811,female,16-17,3224,0.014552742406528875,1.5119285384894556e-05,0.0012660182183109464,1.842403701305184e-05
2012,E08000018,221539,97155,123,118391,0.0010389303240955817,230.163585069811,male,16-17,3352,0.015130518779989076,1.5719554779828332e-05,0.0012660182183109464,1.9155512427962085e-05
2012,E08000019,479989,97155,2043,201177,0.010155236433588332,4874.401780521631,female,16-17,6052,0.012608622280927273,0.00012804354036462625,0.021028253821213524,0.00026513730965914694
2012,E08000019,479989,97155,2043,201177,0.010155236433588332,4874.401780521631,male,16-17,6306,0.01313780107460796,0.0001334174761300947,0.021028253821213524,0.00027626501564946803
2012,E06000015,211172,97155,136,88927,0.0015293442936341044,322.95469317530114,female,18-24,13613,0.0644640387930218,9.858770987271544e-05,0.001399825021872266,9.023837451341634e-05
2012,E06000015,211172,97155,136,88927,0.0015293442936341044,322.95469317530114,male,18-24,14022,0.06640084859735193,0.00010154975889482228,0.001399825021872266,9.294956934012516e-05
2012,E07000032,107364,97155,1696,43253,0.03921115298360808,4209.866228932097,female,18-24,4408,0.04105659252635893,0.0016098763305367198,0.01745664144923061,0.0007167102148598088
2012,E07000032,107364,97155,1696,43253,0.03921115298360808,4209.866228932097,male,18-24,4657,0.04337580567042957,0.0017008153519304685,0.01745664144923061,0.000757195887160193
2012,E07000033,66393,97155,14003,30676,0.4564806363280741,30307.118887729823,female,18-24,3007,0.045290919223412114,0.02067442762698656,0.1441305130976275,0.006527803426333589
2012,E07000033,66393,97155,14003,30676,0.4564806363280741,30307.118887729823,male,18-24,3144,0.04735438977000588,0.021616361975139924,0.1441305130976275,0.00682521249497599
2012,E07000034,90706,97155,36670,42672,0.8593457067866517,77947.81167979003,female,18-24,4270,0.04707516592066677,0.040453841730194284,0.3774381143533529,0.017767961857967685
2012,E07000034,90706,97155,36670,42672,0.8593457067866517,77947.81167979003,male,18-24,4185,0.04613807245386193,0.039648554482637724,0.3774381143533529,0.01741426706688402
2012,E07000035,63176,97155,11476,25776,0.4452203600248293,28127.241464928615,female,18-24,2058,0.03257566164366215,0.014503347805038284,0.1181205290515156,0.0038478543875525373
2012,E07000035,63176,97155,11476,25776,0.4452203600248293,28127.241464928615,male,18-24,2410,0.038147397745979486,0.016983998158475348,0.1181205290515156,0.00450599080369369
2012,E07000036,97729,97155,31,37290,0.0008313220702601234,81.24427460445159,female,18-24,4645,0.0475293925037604,3.951223297443208e-05,0.0003190777623385312,1.5165572205409626e-05
2012,E07000036,97729,97155,31,37290,0.0008313220702601234,81.24427460445159,male,18-24,4636,0.04743730110816646,3.943567536479379e-05,0.0003190777623385312,1.513618788897288e-05
2012,E07000037,79262,97155,753,37389,0.020139613255235497,1596.3060258364762,female,18-24,3530,0.04453584315308723,0.0008969346570990047,0.007750501775513355,0.0003451751314319868
2012,E07000037,79262,97155,753,37389,0.020139613255235497,1596.3060258364762,male,18-24,3839,0.048434306477252664,0.000975448200737416,0.007750501775513355,0.0003753901783477047
2012,E07000038,87420,97155,29306,39038,0.7507044418259132,65626.58230442133,female,18-24,3489,0.03991077556623198,0.029961196494287475,0.3016417065513869,0.012038754451587613
2012,E07000038,87420,97155,29306,39038,0.7507044418259132,65626.58230442133,male,18-24,3804,0.04351407000686342,0.03266620563607611,0.3016417065513869,0.013125658335866802
2012,E07000039,82215,97155,10,34614,0.00028890044490668514,23.75195007800312,female,18-24,3433,0.04175637049200268,1.2063434012827953e-05,0.00010292831043178427,4.2979126645054484e-06
2012,E07000039,82215,97155,10,34614,0.00028890044490668514,23.75195007800312,male,18-24,3608,0.043884935838958826,1.2678377488576535e-05,0.00010292831043178427,4.517002299311288e-06
2012,E07000170,103121,97155,252,46100,0.005466377440347072,563.6983080260303,female,18-24,4987,0.04836066368634905,0.00026435764097527026,0.002593793422880964,0.0001254375713958104
2012,E07000170,103121,97155,252,46100,0.005466377440347072,563.6983080260303,male,18-24,4978,0.04827338757382105,0.00026388055680266607,0.002593793422880964,0.00012521119518916067
2012,E07000171,98683,97155,246,45394,0.0054192183989073455,534.7847292593734,female,18-24,4066,0.041202638752368695,0.0002232860980103692,0.002532036436621893,0.00010432658260596673
2012,E07000171,98683,97155,246,45394,0.0054192183989073455,534.7847292593734,male,18-24,4629,0.04690777540204493,0.00025420347951057517,0.002532036436621893,0.00011877219647885393
2012,E07000174,90432,97155,357,43644,0.008179818531756942,739.7173494638437,female,18-24,4425,0.0489317940552017,0.000400253195804853,0.0036745406824146977,0.0001798018679193763
2012,E07000174,90432,97155,357,43644,0.008179818531756942,739.7173494638437,male,18-24,4556,0.05038039631988677,0.000412102499454669,0.0036745406824146977,0.0001851248158735997
2012,E07000175,100376,97155,18,47688,0.000377453447408153,37.887267237040774,female,18-24,4373,0.0435661911213836,1.6444209029208703e-05,0.00018527095877721167,8.071549999329986e-06
2012,E07000175,100376,97155,18,47688,0.000377453447408153,37.887267237040774,male,18-24,4569,0.04551884912728142,1.7181246525143968e-05,0.00018527095877721167,8.433320820246673e-06
2012,E07000198,85699,97155,35,33697,0.0010386681306941274,89.012820132356,female,18-24,3289,0.03837851083443214,3.986253610722394e-05,0.00036024908651124493,1.3825823469766096e-05
2012,E07000198,85699,97155,35,33697,0.0010386681306941274,89.012820132356,male,18-24,3523,0.04110899777126921,4.269860586979323e-05,0.00036024908651124493,1.4809478894492536e-05
2012,E08000018,221539,97155,123,118391,0.0010389303240955817,230.163585069811,female,18-24,10705,0.04832106310852717,5.020221775598517e-05,0.0012660182183109464,6.117534622354836e-05
2012,E08000018,221539,97155,123,118391,0.0010389303240955817,230.163585069811,male,18-24,10833,0.048898839481987366,5.0802487150918955e-05,0.0012660182183109464,6.190682163845862e-05
2012,E08000019,479989,97155,2043,201177,0.010155236433588332,4874.401780521631,female,18-24,40143,0.0836331665934011,0.0008493145804456695,0.021028253821213524,0.001758659454997874
2012,E08000019,479989,97155,2043,201177,0.010155236433588332,4874.401780521631,male,18-24,41162,0.0857561319113563,0.0008708737951898125,0.021028253821213524,0.0018033017085574692
2012,E06000015,211172,97155,136,88927,0.0015293442936341044,322.95469317530114,female,25-29,9294,0.04401151667834751,6.730876188621297e-05,0.001399825021872266,6.16084222968994e-05
2012,E06000015,211172,97155,136,88927,0.0015293442936341044,322.95469317530114,male,25-29,9050,0.042856060462561324,6.554167151605632e-05,0.001399825021872266,5.999098577436405e-05
2012,E07000032,107364,97155,1696,43253,0.03921115298360808,4209.866228932097,female,25-29,3354,0.031239521627361124,0.0012249376616651902,0.01745664144923061,0.0005453371280943283
2012,E07000032,107364,97155,1696,43253,0.03921115298360808,4209.866228932097,male,25-29,3112,0.028985507246376805,0.0011365551589451615,0.01745664144923061,0.0005059896072240757
2012,E07000033,66393,97155,14003,30676,0.4564806363280741,30307.118887729823,female,25-29,2342,0.035274803066588346,0.016102264550183747,0.1441305130976275,0.005084175465405142
2012,E07000033,66393,97155,14003,30676,0.4564806363280741,30307.118887729823,male,25-29,2278,0.034310846022924106,0.015662236825498964,0.1441305130976275,0.004945239842097744
2012,E07000034,90706,97155,36670,42672,0.8593457067866517,77947.81167979003,female,25-29,2969,0.03273212356404207,0.02812820985876975,0.3774381143533529,0.012354350996792987
2012,E07000034,90706,97155,36670,42672,0.8593457067866517,77947.81167979003,male,25-29,2981,0.03286441911229687,0.0282418974701895,0.3774381143533529,0.012404284379063624
2012,E07000035,63176,97155,11476,25776,0.4452203600248293,28127.241464928615,female,25-29,1336,0.021147271115613524,0.009415195659636126,0.1181205290515156,0.0024979268521721047
2012,E07000035,63176,97155,11476,25776,0.4452203600248293,28127.241464928615,male,25-29,1494,0.023648220843358242,0.010528669397826628,0.1181205290515156,0.002793340357144554
2012,E07000036,97729,97155,31,37290,0.0008313220702601234,81.24427460445159,female,25-29,3429,0.03508682172129051,2.9168449272191087e-05,0.0003190777623385312,1.1195424562400348e-05
2012,E07000036,97729,97155,31,37290,0.0008313220702601234,81.24427460445159,male,25-29,3090,0.0316180458205855,2.628477930914858e-05,0.0003190777623385312,1.008861530994957e-05
2012,E07000037,79262,97155,753,37389,0.020139613255235497,1596.3060258364762,female,25-29,2309,0.029131235648860738,0.0005866918196151847,0.007750501775513355,0.0002257816936193931
2012,E07000037,79262,97155,753,37389,0.020139613255235497,1596.3060258364762,male,25-29,2404,0.03032979233428377,0.0006108302877240814,0.007750501775513355,0.0002350711093378177
2012,E07000038,87420,97155,29306,39038,0.7507044418259132,65626.58230442133,female,25-29,2457,0.02810569663692519,0.02109907130595137,0.3016417065513869,0.00847785029737769
2012,E07000038,87420,97155,29306,39038,0.7507044418259132,65626.58230442133,male,25-29,2377,0.027190574239304502,0.020412084857243145,0.3016417065513869,0.008201811215655991
2012,E07000039,82215,97155,10,34614,0.00028890044490668514,23.75195007800312,female,25-29,2807,0.03414218816517667,9.863693351007302e-06,0.00010292831043178427,3.5141977422856947e-06
2012,E07000039,82215,97155,10,34614,0.00028890044490668514,23.75195007800312,male,25-29,2611,0.03175819497658578,9.174956658168883e-06,0.00010292831043178427,3.2688173513031526e-06
2012,E07000170,103121,97155,252,46100,0.005466377440347072,563.6983080260303,female,25-29,3710,0.03597715305320934,0.00019666469781797732,0.002593793422880964,9.331730296339615e-05
2012,E07000170,103121,97155,252,46100,0.005466377440347072,563.6983080260303,male,25-29,3458,0.033533421902425316,0.00018330634098505808,0.002593793422880964,8.697876917720319e-05
2012,E07000171,98683,97155,246,45394,0.0054192183989073455,534.7847292593734,female,25-29,2986,0.03025850450432192,0.00016397744433324212,0.002532036436621893,7.661563592263077e-05
2012,E07000171,98683,97155,246,45394,0.0054192183989073455,534.7847292593734,male,25-29,3078,0.03119078260693332,0.00016902966297981217,0.002532036436621893,7.897619804750755e-05
2012,E07000174,90432,97155,357,43644,0.008179818531756942,739.7173494638437,female,25-29,3503,0.03873628803963199,0.0003168558067580565,0.0036745406824146977,0.00014233806628736166
2012,E07000174,90432,97155,357,43644,0.008179818531756942,739.7173494638437,male,25-29,3362,0.03717710544939845,0.00030410197611207136,0.0036745406824146977,0.00013660878642823574
2012,E07000175,100376,97155,18,47688,0.000377453447408153,37.887267237040774,female,25-29,2964,0.02952897106878138,1.1145811928327144e-05,0.00018527095877721167,5.470860781617671e-06
2012,E07000175,100376,97155,18,47688,0.000377453447408153,37.887267237040774,male,25-29,3084,0.03072447597035148,1.159705937481812e-05,0.00018527095877721167,5.692353120954419e-06
2012,E07000198,85699,97155,35,33697,0.0010386681306941274,89.012820132356,female,25-29,2183,0.025472875996219325,2.645786449439643e-05,0.00036024908651124493,9.17658030845223e-06
2012,E07000198,85699,97155,35,33697,0.0010386681306941274,89.012820132356,male,25-29,2213,0.02582293842401895,2.682146318190531e-05,0.00036024908651124493,9.302689978288952e-06
2012,E08000018,221539,97155,123,118391,0.0010389303240955817,230.163585069811,female,25-29,8010,0.03615616212043929,3.7563733229840375e-05,0.0012660182183109464,4.577435994868028e-05
2012,E08000018,221539,97155,123,118391,0.0010389303240955817,230.163585069811,male,25-29,7512,0.03390825091744569,3.522831011517615e-05,0.0012660182183109464,4.292846341254511e-05
2012,E08000019,479989,97155,2043,201177,0.010155236433588332,4874.401780521631,female,25-29,19611,0.04085718631051962,0.00041491438699449527,0.021028253821213524,0.0008591552841582169
2012,E08000019,479989,97155,2043,201177,0.010155236433588332,4874.401780521631,male,25-29,19576,0.040784267972807715,0.00041417388403468665,0.021028253821213524,0.0008576219388445901
2012,E06000015,211172,97155,136,88927,0.0015293442936341044,322.95469317530114,female,30-34,8621,0.04082454113234709,6.243477902098579e-05,0.001399825021872266,5.714721418351299e-05
2012,E06000015,211172,97155,136,88927,0.0015293442936341044,322.95469317530114,male,30-34,8302,0.03931392419449548,6.012452562721542e-05,0.001399825021872266,5.503261479544424e-05
2012,E07000032,107364,97155,1696,43253,0.03921115298360808,4209.866228932097,female,30-34,3465,0.03227338772772997,0.0012654767434913193,0.01745664144923061,0.0005633849579149814
2012,E07000032,107364,97155,1696,43253,0.03921115298360808,4209.866228932097,male,30-34,3193,0.029739950076375695,0.001166137732169634,0.01745664144923061,0.000519159645201309
2012,E07000033,66393,97155,14003,30676,0.4564806363280741,30307.118887729823,female,30-34,2180,0.032834786799813234,0.014988444372075391,0.1441305130976275,0.004732494668908288
2012,E07000033,66393,97155,14003,30676,0.4564806363280741,30307.118887729823,male,30-34,2094,0.03153946952238941,0.014397157117030216,0.1441305130976275,0.00454579992508897
2012,E07000034,90706,97155,36670,42672,0.8593457067866517,77947.81167979003,female,30-34,3090,0.03406610367561132,0.029274559940585563,0.3774381143533529,0.012857845934688559
2012,E07000034,90706,97155,36670,42672,0.8593457067866517,77947.81167979003,male,30-34,3049,0.033614093885740735,0.028886127268234744,0.3774381143533529,0.012687240211930557
2012,E07000035,63176,97155,11476,25776,0.4452203600248293,28127.241464928615,female,30-34,1352,0.02140053184753704,0.009527952493883269,0.1181205290515156,0.002527842143814884
2012,E07000035,63176,97155,11476,25776,0.4452203600248293,28127.241464928615,male,30-34,1435,0.02271432189439028,0.010112878571540302,0.1181205290515156,0.002683027719211804
2012,E07000036,97729,97155,31,37290,0.0008313220702601234,81.24427460445159,female,30-34,3446,0.03526077213519017,2.931305809039676e-05,0.0003190777623385312,1.1250928271225309e-05
2012,E07000036,97729,97155,31,37290,0.0008313220702601234,81.24427460445159,male,30-34,3170,0.032436636003642716,2.6965291394822324e-05,0.0003190777623385312,1.0349809233831756e-05
2012,E07000037,79262,97155,753,37389,0.020139613255235497,1596.3060258364762,female,30-34,2495,0.0314778834750574,0.0006339523992810244,0.007750501775513355,0.00024396939176283487
2012,E07000037,79262,97155,753,37389,0.020139613255235497,1596.3060258364762,male,30-34,2251,0.028399485251444576,0.0005719546496118582,0.007750501775513355,0.00022011026086498646
2012,E07000038,87420,97155,29306,39038,0.7507044418259132,65626.58230442133,female,30-34,2462,0.02816289178677648,0.021142007958995637,0.3016417065513869,0.008495102739985296
2012,E07000038,87420,97155,29306,39038,0.7507044418259132,65626.58230442133,male,30-34,2354,0.02692747654998856,0.02021457625323953,0.3016417065513869,0.008122449979661002
2012,E07000039,82215,97155,10,34614,0.00028890044490668514,23.75195007800312,female,30-34,3137,0.03815605424800827,1.1023301048133204e-05,0.00010292831043178427,3.927338196490995e-06
2012,E07000039,82215,97155,10,34614,0.00028890044490668514,23.75195007800312,male,30-34,2908,0.03537067445113422,1.0218603585582197e-05,0.00010292831043178427,3.6406437600879236e-06
2012,E07000170,103121,97155,252,46100,0.005466377440347072,563.6983080260303,female,30-34,3665,0.03554077249056933,0.000194279276954956,0.002593793422880964,9.21854219301474e-05
2012,E07000170,103121,97155,252,46100,0.005466377440347072,563.6983080260303,male,30-34,3526,0.03419284141930354,0.00018691097695584585,0.002593793422880964,8.868916718300129e-05
2012,E07000171,98683,97155,246,45394,0.0054192183989073455,534.7847292593734,female,30-34,2960,0.02999503460575783,0.00016254964341138535,0.002532036436621893,7.594852053951342e-05
2012,E07000171,98683,97155,246,45394,0.0054192183989073455,534.7847292593734,male,30-34,3005,0.03045104019942645,0.00016502083731459894,0.002532036436621893,7.710314331798574e-05
2012,E07000174,90432,97155,357,43644,0.008179818531756942,739.7173494638437,female,30-34,3290,0.0363809271054494,0.0002975893817396534,0.0036745406824146977,0.00013368319671293742
2012,E07000174,90432,97155,357,43644,0.008179818531756942,739.7173494638437,male,30-34,3276,0.036226114649681534,0.0002963230439450166,0.0036745406824146977,0.00013311433204607386
2012,E07000175,100376,97155,18,47688,0.000377453447408153,37.887267237040774,female,30-34,3035,0.030236311468877026,1.1412800000834304e-05,0.00018527095877721167,5.601910415725247e-06
2012,E07000175,100376,97155,18,47688,0.000377453447408153,37.887267237040774,male,30-34,2983,0.02971825934486332,1.1217259440688216e-05,0.00018527095877721167,5.505930402012656e-06
2012,E07000198,85699,97155,35,33697,0.0010386681306941274,89.012820132356,female,30-34,2333,0.027223188135217447,2.8275857931940852e-05,0.00036024908651124493,9.807128657635846e-06
2012,E07000198,85699,97155,35,33697,0.0010386681306941274,89.012820132356,male,30-34,2241,0.02614966335663193,2.7160821956913605e-05,0.00036024908651124493,9.420392336803231e-06
2012,E08000018,221539,97155,123,118391,0.0010389303240955817,230.163585069811,female,30-34,7784,0.03513602571104862,3.6503882579410426e-05,0.0012660182183109464,4.448284866922937e-05
2012,E08000018,221539,97155,123,118391,0.0010389303240955817,230.163585069811,male,30-34,7208,0.0325360320304777,3.3802670302208425e-05,0.0012660182183109464,4.119120930213327e-05
2012,E08000019,479989,97155,2043,201177,0.010155236433588332,4874.401780521631,female,30-34,17966,0.03743002443806004,0.000380110747883489,0.021028253821213524,0.0007870880544177517
2012,E08000019,479989,97155,2043,201177,0.010155236433588332,4874.401780521631,male,30-34,18413,0.03836129577969495,0.0003895680285416165,0.021028253821213524,0.0008066710645660727
2012,E06000015,211172,97155,136,88927,0.0015293442936341044,322.95469317530114,female,35-39,7855,0.037197166290985545,5.6887274006477616e-05,0.001399825021872266,5.206952411686515e-05
2012,E06000015,211172,97155,136,88927,0.0015293442936341044,322.95469317530114,male,35-39,8073,0.03822950012312239,5.846606786178152e-05,0.001399825021872266,5.3514610846015584e-05
2012,E07000032,107364,97155,1696,43253,0.03921115298360808,4209.866228932097,female,35-39,3703,0.03449014567266495,0.0013523983783977934,0.01745664144923061,0.0006020821065394447
2012,E07000032,107364,97155,1696,43253,0.03921115298360808,4209.866228932097,male,35-39,3673,0.034210722402294995,0.0013414418697961369,0.01745664144923061,0.0005972043146960249
2012,E07000033,66393,97155,14003,30676,0.4564806363280741,30307.118887729823,female,35-39,2273,0.034235536878887834,0.015627859659507966,0.1441305130976275,0.004934385496526852
2012,E07000033,66393,97155,14003,30676,0.4564806363280741,30307.118887729823,male,35-39,2261,0.03405479493320079,0.01554535446112957,0.1441305130976275,0.004908335067156715
2012,E07000034,90706,97155,36670,42672,0.8593457067866517,77947.81167979003,female,35-39,3181,0.035069344916543566,0.030136690993851994,0.3774381143533529,0.013236507416907543
2012,E07000034,90706,97155,36670,42672,0.8593457067866517,77947.81167979003,male,35-39,2993,0.032996714660551665,0.02835558508160925,0.3774381143533529,0.012454217761334258
2012,E07000035,63176,97155,11476,25776,0.4452203600248293,28127.241464928615,female,35-39,1832,0.0289983538052425,0.012910657521297443,0.1181205290515156,0.003425300893098275
2012,E07000035,63176,97155,11476,25776,0.4452203600248293,28127.241464928615,male,35-39,1730,0.027383816639230087,0.01219183270297193,0.1181205290515156,0.003234590908875554
2012,E07000036,97729,97155,31,37290,0.0008313220702601234,81.24427460445159,female,35-39,3497,0.03578262337688915,2.9746884545013776e-05,0.0003190777623385312,1.1417439397700207e-05
2012,E07000036,97729,97155,31,37290,0.0008313220702601234,81.24427460445159,male,35-39,3351,0.034288696292809714,2.8504949988659187e-05,0.0003190777623385312,1.0940760486615213e-05
2012,E07000037,79262,97155,753,37389,0.020139613255235497,1596.3060258364762,female,35-39,2652,0.03345865610254599,0.0006738443939452013,0.007750501775513355,0.0002593213735290734
2012,E07000037,79262,97155,753,37389,0.020139613255235497,1596.3060258364762,male,35-39,2488,0.03138956877192097,0.0006321737753151057,0.007750501775513355,0.00024328490849937208
2012,E07000038,87420,97155,29306,39038,0.7507044418259132,65626.58230442133,female,35-39,2817,0.03222374742621826,0.024190510325138387,0.3016417065513869,0.009720026165125337
2012,E07000038,87420,97155,29306,39038,0.7507044418259132,65626.58230442133,male,35-39,2636,0.03015328300160146,0.022636203484936026,0.3016417065513869,0.009095487742729991
2012,E07000039,82215,97155,10,34614,0.00028890044490668514,23.75195007800312,female,35-39,3190,0.03880070546737213,1.1209541072217059e-05,0.00010292831043178427,3.993691057317907e-06
2012,E07000039,82215,97155,10,34614,0.00028890044490668514,23.75195007800312,male,35-39,3110,0.037827647023049325,1.0928424054731994e-05,0.00010292831043178427,3.8935357956923796e-06
2012,E07000170,103121,97155,252,46100,0.005466377440347072,563.6983080260303,female,35-39,3730,0.03617109996993823,0.00019772488486820896,0.002593793422880964,9.382036120039558e-05
2012,E07000170,103121,97155,252,46100,0.005466377440347072,563.6983080260303,male,35-39,3532,0.034251025494322206,0.00018722903307091533,0.002593793422880964,8.884008465410114e-05
2012,E07000171,98683,97155,246,45394,0.0054192183989073455,534.7847292593734,female,35-39,3319,0.033632945897469665,0.00018226427921702292,0.002532036436621893,8.515984448332603e-05
2012,E07000171,98683,97155,246,45394,0.0054192183989073455,534.7847292593734,male,35-39,3234,0.03277160199831785,0.0001775964685109528,0.002532036436621893,8.297889034621162e-05
2012,E07000174,90432,97155,357,43644,0.008179818531756942,739.7173494638437,female,35-39,3156,0.03489915074309979,0.0002854687199909867,0.0036745406824146977,0.00012823834918724328
2012,E07000174,90432,97155,357,43644,0.008179818531756942,739.7173494638437,male,35-39,3010,0.033284677990092,0.00027226262584691694,0.0036745406824146977,0.00012230590337566614
2012,E07000175,100376,97155,18,47688,0.000377453447408153,37.887267237040774,female,35-39,3430,0.034171515103211925,1.2898156178867108e-05,0.00018527095877721167,6.330989366042042e-06
2012,E07000175,100376,97155,18,47688,0.000377453447408153,37.887267237040774,male,35-39,3200,0.0318801307085359,1.2033265239759401e-05,0.00018527095877721167,5.906462382313275e-06
2012,E07000198,85699,97155,35,33697,0.0010386681306941274,89.012820132356,female,35-39,2749,0.032077387134038904,3.331775973206403e-05,0.00036024908651124493,1.1555849412705075e-05
2012,E07000198,85699,97155,35,33697,0.0010386681306941274,89.012820132356,male,35-39,2619,0.0305604499469072,3.174216541952554e-05,0.00036024908651124493,1.1009374176745942e-05
2012,E08000018,221539,97155,123,118391,0.0010389303240955817,230.163585069811,female,35-39,7658,0.034567277093423734,3.591299239377249e-05,0.0012660182183109464,4.3762802557677113e-05
2012,E08000018,221539,97155,123,118391,0.0010389303240955817,230.163585069811,male,35-39,7225,0.032612767955077886,3.3882393581223065e-05,0.0012660182183109464,4.1288358380676035e-05
2012,E08000019,479989,97155,2043,201177,0.010155236433588332,4874.401780521631,female,35-39,16474,0.034321619870455365,0.0003485441645682176,0.021028253821213524,0.0007217237341911411
2012,E08000019,479989,97155,2043,201177,0.010155236433588332,4874.401780521631,male,35-39,16975,0.03536539379027436,0.00035914393550719284,0.021028253821213524,0.0007436724771090579
2012,E06000015,211172,97155,136,88927,0.0015293442936341044,322.95469317530114,female,40-44,8828,0.04180478472524767,6.393390896615969e-05,0.001399825021872266,5.851938369238518e-05
2012,E06000015,211172,97155,136,88927,0.0015293442936341044,322.95469317530114,male,40-44,8879,0.042046294016252164,6.430325982221703e-05,0.001399825021872266,5.88574544409479e-05
2012,E07000032,107364,97155,1696,43253,0.03921115298360808,4209.866228932097,female,40-44,4789,0.044605268060057365,0.0017490239897777569,0.01745664144923061,0.0007786581712712397
2012,E07000032,107364,97155,1696,43253,0.03921115298360808,4209.866228932097,male,40-44,4715,0.04391602399314482,0.0017219979352270042,0.01745664144923061,0.0007666262847241378
2012,E07000033,66393,97155,14003,30676,0.4564806363280741,30307.118887729823,female,40-44,3077,0.04634524723991987,0.02115570795086054,0.1441305130976275,0.0066797642643260545
2012,E07000033,66393,97155,14003,30676,0.4564806363280741,30307.118887729823,male,40-44,2966,0.0446733842423147,0.02039253486586037,0.1441305130976275,0.006438797792652285
2012,E07000034,90706,97155,36670,42672,0.8593457067866517,77947.81167979003,female,40-44,3875,0.04272043745727956,0.036711624520960856,0.3774381143533529,0.01612432135822594
2012,E07000034,90706,97155,36670,42672,0.8593457067866517,77947.81167979003,male,40-44,3851,0.04245584636076996,0.036484249298121364,0.3774381143533529,0.016024454593684675
2012,E07000035,63176,97155,11476,25776,0.4452203600248293,28127.241464928615,female,40-44,2614,0.041376472078004316,0.01842164779512637,0.1181205290515156,0.004887410772139132
2012,E07000035,63176,97155,11476,25776,0.4452203600248293,28127.241464928615,male,40-44,2507,0.0396827909332658,0.01766758646609863,0.1181205290515156,0.004687352259278043
2012,E07000036,97729,97155,31,37290,0.0008313220702601234,81.24427460445159,female,40-44,4442,0.04545221991425268,3.7785433557034944e-05,0.0003190777623385312,1.4502792623558569e-05
2012,E07000036,97729,97155,31,37290,0.0008313220702601234,81.24427460445159,male,40-44,4317,0.04417317275322576,3.672213342316971e-05,0.0003190777623385312,1.4094677117492651e-05
2012,E07000037,79262,97155,753,37389,0.020139613255235497,1596.3060258364762,female,40-44,3534,0.044586308697736624,0.0008979510136509582,0.007750501775513355,0.00034556626472539417
2012,E07000037,79262,97155,753,37389,0.020139613255235497,1596.3060258364762,male,40-44,3539,0.04464939062854836,0.0008992214593409,0.007750501775513355,0.0003460551813421534
2012,E07000038,87420,97155,29306,39038,0.7507044418259132,65626.58230442133,female,40-44,3677,0.04206131320064058,0.031575614648751804,0.3016417065513869,0.012687446293633605
2012,E07000038,87420,97155,29306,39038,0.7507044418259132,65626.58230442133,male,40-44,3498,0.04001372683596431,0.030038482469767157,0.3016417065513869,0.012069808848281304
2012,E07000039,82215,97155,10,34614,0.00028890044490668514,23.75195007800312,female,40-44,3998,0.04862859575503253,1.4048822948816241e-05,0.00010292831043178427,5.0052591997357354e-06
2012,E07000039,82215,97155,10,34614,0.00028890044490668514,23.75195007800312,male,40-44,3879,0.047181171319102364,1.3630661385307205e-05,0.00010292831043178427,4.856278248067763e-06
2012,E07000170,103121,97155,252,46100,0.005466377440347072,563.6983080260303,female,40-44,4735,0.045916932535565017,0.0002509992841423511,0.002593793422880964,0.00011909903760961743
2012,E07000170,103121,97155,252,46100,0.005466377440347072,563.6983080260303,male,40-44,4588,0.04449142269760766,0.00024320690932314815,0.002593793422880964,0.00011540155956767155
2012,E07000171,98683,97155,246,45394,0.0054192183989073455,534.7847292593734,female,40-44,4252,0.043087461872865634,0.0002335003661436522,0.002532036436621893,0.0001090990234236524
2012,E07000171,98683,97155,246,45394,0.0054192183989073455,534.7847292593734,male,40-44,4117,0.041719445091859785,0.00022608678443401134,0.002532036436621893,0.0001056351550882354
2012,E07000174,90432,97155,357,43644,0.008179818531756942,739.7173494638437,female,40-44,3682,0.04071567586694976,0.0003330468399894845,0.0036745406824146977,0.00014961140738511722
2012,E07000174,90432,97155,357,43644,0.008179818531756942,739.7173494638437,male,40-44,3691,0.04081519815994338,0.00033386091428603675,0.0036745406824146977,0.0001499771060995295
2012,E07000175,100376,97155,18,47688,0.000377453447408153,37.887267237040774,female,40-44,4330,0.04313780186498765,1.628251202754944e-05,0.00018527095877721167,7.992181911067651e-06
2012,E07000175,100376,97155,18,47688,0.000377453447408153,37.887267237040774,male,40-44,4327,0.043107914242448385,1.6271230841387164e-05,0.00018527095877721167,7.986644602584234e-06
2012,E07000198,85699,97155,35,33697,0.0010386681306941274,89.012820132356,female,40-44,3786,0.04417787838831258,4.588615436362111e-05,0.00036024908651124493,1.5915040333394477e-05
2012,E07000198,85699,97155,35,33697,0.0010386681306941274,89.012820132356,male,40-44,3721,0.04341940979474673,4.509835720735187e-05,0.00036024908651124493,1.5641802715414915e-05
2012,E08000018,221539,97155,123,118391,0.0010389303240955817,230.163585069811,female,40-44,9535,0.04303982594486749,4.471538031791861e-05,0.0012660182183109464,5.448920375913439e-05
2012,E08000018,221539,97155,123,118391,0.0010389303240955817,230.163585069811,male,40-44,9549,0.043103020235714704,4.478103478298949e-05,0.0012660182183109464,5.45692088826402e-05
2012,E08000019,479989,97155,2043,201177,0.010155236433588332,4874.401780521631,female,40-44,19646,0.04093010464823152,0.000415654889954304,0.021028253821213524,0.0008606886294718439
2012,E08000019,479989,97155,2043,201177,0.010155236433588332,4874.401780521631,male,40-44,19259,0.04012383617124559,0.00040746704294156253,0.021028253821213524,0.0008437342112897405
2012,E06000015,211172,97155,136,88927,0.0015293442936341044,322.95469317530114,female,45-49,8913,0.04220730021025515,6.454949372625525e-05,0.001399825021872266,5.90828349399897e-05
2012,E06000015,211172,97155,136,88927,0.0015293442936341044,322.95469317530114,male,45-49,8881,0.042055764968840566,6.431774416951339e-05,0.001399825021872266,5.887071211736212e-05
2012,E07000032,107364,97155,1696,43253,0.03921115298360808,4209.866228932097,female,45-49,4998,0.04655191684363474,0.0018253543330359638,0.01745664144923061,0.0008126401211137308
2012,E07000032,107364,97155,1696,43253,0.03921115298360808,4209.866228932097,male,45-49,4877,0.04542490965314258,0.0017811630816759489,0.01745664144923061,0.0007929663606786044
2012,E07000033,66393,97155,14003,30676,0.4564806363280741,30307.118887729823,female,45-49,3042,0.04581808323166599,0.02091506778892355,0.1441305130976275,0.006603783845329822
2012,E07000033,66393,97155,14003,30676,0.4564806363280741,30307.118887729823,male,45-49,3048,0.04590845420450952,0.02095632038811275,0.1441305130976275,0.006616809060014891
2012,E07000034,90706,97155,36670,42672,0.8593457067866517,77947.81167979003,female,45-49,4144,0.04568606266399136,0.039260121810286916,0.3774381143533529,0.017243661344126016
2012,E07000034,90706,97155,36670,42672,0.8593457067866517,77947.81167979003,male,45-49,4068,0.04484819085837762,0.03854010027129516,0.3774381143533529,0.016927416589745326
2012,E07000035,63176,97155,11476,25776,0.4452203600248293,28127.241464928615,female,45-49,2974,0.0470748385462834,0.02095867656568701,0.1181205290515156,0.005560504834101676
2012,E07000035,63176,97155,11476,25776,0.4452203600248293,28127.241464928615,male,45-49,2970,0.04701152336330252,0.020930487357125226,0.1181205290515156,0.0055530260111909795
2012,E07000036,97729,97155,31,37290,0.0008313220702601234,81.24427460445159,female,45-49,4671,0.047795434313254004,3.973339940227605e-05,0.0003190777623385312,1.5250460230671335e-05
2012,E07000036,97729,97155,31,37290,0.0008313220702601234,81.24427460445159,male,45-49,4575,0.046813126093585324,3.891678489946756e-05,0.0003190777623385312,1.493702752201271e-05
2012,E07000037,79262,97155,753,37389,0.020139613255235497,1596.3060258364762,female,45-49,3901,0.04921652241931821,0.000991201727292696,0.007750501775513355,0.00038145274439551865
2012,E07000037,79262,97155,753,37389,0.020139613255235497,1596.3060258364762,male,45-49,3805,0.04800534934773284,0.000966809170045811,0.007750501775513355,0.00037206554535374224
2012,E07000038,87420,97155,29306,39038,0.7507044418259132,65626.58230442133,female,45-49,3970,0.04541294898192634,0.03409170251714568,0.3016417065513869,0.01369843943043933
2012,E07000038,87420,97155,29306,39038,0.7507044418259132,65626.58230442133,male,45-49,3871,0.04428048501487074,0.033241556786869256,0.3016417065513869,0.013356841066808726
2012,E07000039,82215,97155,10,34614,0.00028890044490668514,23.75195007800312,female,45-49,3847,0.04679194794137323,1.3518214578313175e-05,0.00010292831043178427,4.816216143417552e-06
2012,E07000039,82215,97155,10,34614,0.00028890044490668514,23.75195007800312,male,45-49,3933,0.04783798576902025,1.3820415372109622e-05,0.00010292831043178427,4.923883049664994e-06
2012,E07000170,103121,97155,252,46100,0.005466377440347072,563.6983080260303,female,45-49,4754,0.046101182106457465,0.0002520064618400712,0.002593793422880964,0.00011957694293476692
2012,E07000170,103121,97155,252,46100,0.005466377440347072,563.6983080260303,male,45-49,4698,0.04555813073961657,0.00024903793809942244,0.002593793422880964,0.00011816837987116848
2012,E07000171,98683,97155,246,45394,0.0054192183989073455,534.7847292593734,female,45-49,4563,0.04623896719799763,0.0002505790617858619,0.002532036436621893,0.0001170787497370945
2012,E07000171,98683,97155,246,45394,0.0054192183989073455,534.7847292593734,male,45-49,4574,0.04635043523200552,0.00025118313140664754,0.002532036436621893,0.00011736099086072107
2012,E07000174,90432,97155,357,43644,0.008179818531756942,739.7173494638437,female,45-49,4138,0.04575813871196037,0.00037429327101479816,0.0036745406824146977,0.00016814014224867326
2012,E07000174,90432,97155,357,43644,0.008179818531756942,739.7173494638437,male,45-49,4053,0.0448182059447983,0.0003666047915473603,0.0036745406824146977,0.00016468632105700164
2012,E07000175,100376,97155,18,47688,0.000377453447408153,37.887267237040774,female,45-49,4624,0.046066788873834384,1.7388068271452334e-05,0.00018527095877721167,8.534838142442684e-06
2012,E07000175,100376,97155,18,47688,0.000377453447408153,37.887267237040774,male,45-49,4533,0.04516019765681039,1.7045872291196675e-05,0.00018527095877721167,8.366873118445649e-06
2012,E07000198,85699,97155,35,33697,0.0010386681306941274,89.012820132356,female,45-49,3871,0.04516972193374485,4.691635064489627e-05,0.00036024908651124493,1.6272351064598527e-05
2012,E07000198,85699,97155,35,33697,0.0010386681306941274,89.012820132356,male,45-49,3847,0.04488967199150516,4.662547169488918e-05,0.00036024908651124493,1.6171463328729148e-05
2012,E08000018,221539,97155,123,118391,0.0010389303240955817,230.163585069811,female,45-49,9606,0.0433603112770212,4.504834224792094e-05,0.0012660182183109464,5.489494402834242e-05
2012,E08000018,221539,97155,123,118391,0.0010389303240955817,230.163585069811,male,45-49,9969,0.044998848961131,4.675066873511594e-05,0.0012660182183109464,5.696936258781445e-05
2012,E08000019,479989,97155,2043,201177,0.010155236433588332,4874.401780521631,female,45-49,18389,0.03831129463383536,0.0003890602550834621,0.021028253821213524,0.0008056196277795856
2012,E08000019,479989,97155,2043,201177,0.010155236433588332,4874.401780521631,male,45-49,18554,0.03865505251162006,0.00039255119760827424,0.021028253821213524,0.000812848255686684
2012,E06000015,211172,97155,136,88927,0.0015293442936341044,322.95469317530114,female,50-54,7561,0.035804936260489084,5.47580749539118e-05,0.001399825021872266,5.012064568397421e-05
2012,E06000015,211172,97155,136,88927,0.0015293442936341044,322.95469317530114,male,50-54,7684,0.03638739984467638,5.564886231263832e-05,0.001399825021872266,5.0935992783448996e-05
2012,E07000032,107364,97155,1696,43253,0.03921115298360808,4209.866228932097,female,50-54,4333,0.04035803435043404,0.0015824850590325787,0.01745664144923061,0.0007045157352512597
2012,E07000032,107364,97155,1696,43253,0.03921115298360808,4209.866228932097,male,50-54,4388,0.040870310346112285,0.001602571991468949,0.01745664144923061,0.0007134583536308625
2012,E07000033,66393,97155,14003,30676,0.4564806363280741,30307.118887729823,female,50-54,2538,0.03822692151281008,0.017449849457030892,0.1441305130976275,0.005509665811784053
2012,E07000033,66393,97155,14003,30676,0.4564806363280741,30307.118887729823,male,50-54,2701,0.04068199960839245,0.018570545068337444,0.1441305130976275,0.005863517477395085
2012,E07000034,90706,97155,36670,42672,0.8593457067866517,77947.81167979003,female,50-54,3611,0.039809935395673936,0.03421049706972636,0.3774381143533529,0.015025786948271969
2012,E07000034,90706,97155,36670,42672,0.8593457067866517,77947.81167979003,male,50-54,3680,0.040570634798139035,0.03486420083538992,0.3774381143533529,0.015312903896328122
2012,E07000035,63176,97155,11476,25776,0.4452203600248293,28127.241464928615,female,50-54,2759,0.04367164746106116,0.019443506605491077,0.1181205290515156,0.005158518102651823
2012,E07000035,63176,97155,11476,25776,0.4452203600248293,28127.241464928615,male,50-54,2777,0.04395656578447512,0.019570358044019104,0.1181205290515156,0.00519217280574995
2012,E07000036,97729,97155,31,37290,0.0008313220702601234,81.24427460445159,female,50-54,3852,0.03941511731420561,3.276665692519104e-05,0.0003190777623385312,1.2576487434927425e-05
2012,E07000036,97729,97155,31,37290,0.0008313220702601234,81.24427460445159,male,50-54,4033,0.04126717760337259,3.43063155190279e-05,0.0003190777623385312,1.3167438687710876e-05
2012,E07000037,79262,97155,753,37389,0.020139613255235497,1596.3060258364762,female,50-54,3526,0.044485377608437834,0.0008959183005470512,0.007750501775513355,0.00034478399813857953
2012,E07000037,79262,97155,753,37389,0.020139613255235497,1596.3060258364762,male,50-54,3497,0.04411950240972976,0.0008885497155453877,0.007750501775513355,0.0003419482817613762
2012,E07000038,87420,97155,29306,39038,0.7507044418259132,65626.58230442133,female,50-54,3646,0.04170670327156257,0.031309407399877365,0.3016417065513869,0.012580481149466444
2012,E07000038,87420,97155,29306,39038,0.7507044418259132,65626.58230442133,male,50-54,3726,0.04262182566918325,0.0319963938485856,0.3016417065513869,0.012856520231188148
2012,E07000039,82215,97155,10,34614,0.00028890044490668514,23.75195007800312,female,50-54,3385,0.04117253542540899,1.1894763802336913e-05,0.00010292831043178427,4.237819507530132e-06
2012,E07000039,82215,97155,10,34614,0.00028890044490668514,23.75195007800312,male,50-54,3324,0.04043057836161285,1.1680412076504546e-05,0.00010292831043178427,4.161451120540667e-06
2012,E07000170,103121,97155,252,46100,0.005466377440347072,563.6983080260303,female,50-54,4134,0.04008882768786183,0.00021914066328288897,0.002593793422880964,0.00010398213758778427
2012,E07000170,103121,97155,252,46100,0.005466377440347072,563.6983080260303,male,50-54,4197,0.04069976047555784,0.0002224802524911188,0.002593793422880964,0.00010556677103433249
2012,E07000171,98683,97155,246,45394,0.0054192183989073455,534.7847292593734,female,50-54,4179,0.04234771946535878,0.00022949154047843896,0.002532036436621893,0.0001072259686941306
2012,E07000171,98683,97155,246,45394,0.0054192183989073455,534.7847292593734,male,50-54,4087,0.04141544136274738,0.0002244393218318689,0.002532036436621893,0.00010486540656925384
2012,E07000174,90432,97155,357,43644,0.008179818531756942,739.7173494638437,female,50-54,3872,0.042816702052370835,0.00035023285291669855,0.0036745406824146977,0.00015733171357826554
2012,E07000174,90432,97155,357,43644,0.008179818531756942,739.7173494638437,male,50-54,3804,0.04206475583864119,0.00034408206934274824,0.0036745406824146977,0.00015456865662492826
2012,E07000175,100376,97155,18,47688,0.000377453447408153,37.887267237040774,female,50-54,4280,0.04263967482266677,1.6094492258178198e-05,0.00018527095877721167,7.899893436344006e-06
2012,E07000175,100376,97155,18,47688,0.000377453447408153,37.887267237040774,male,50-54,4102,0.04086634255200446,1.5425141879216582e-05,0.00018527095877721167,7.57134646632783e-06
2012,E07000198,85699,97155,35,33697,0.0010386681306941274,89.012820132356,female,50-54,3562,0.04156407892740872,4.317128416355478e-05,0.00036024908651124493,1.4973421465280277e-05
2012,E07000198,85699,97155,35,33697,0.0010386681306941274,89.012820132356,male,50-54,3533,0.041225685247202416,4.2819805432296194e-05,0.00036024908651124493,1.4851515451104777e-05
2012,E08000018,221539,97155,123,118391,0.0010389303240955817,230.163585069811,female,50-54,9137,0.041243302533639684,4.284891766804639e-05,0.0012660182183109464,5.221477239089785e-05
2012,E08000018,221539,97155,123,118391,0.0010389303240955817,230.163585069811,male,50-54,9119,0.041162052731121834,4.276450478438382e-05,0.0012660182183109464,5.211190866067609e-05
2012,E08000019,479989,97155,2043,201177,0.010155236433588332,4874.401780521631,female,50-54,16624,0.03463412703207782,0.00035171774868168325,0.021028253821213524,0.0007282952141066852
2012,E08000019,479989,97155,2043,201177,0.010155236433588332,4874.401780521631,male,50-54,16773,0.03494455081262278,0.00035487017556772574,0.021028253821213524,0.0007348228841561253
2012,E06000015,211172,97155,136,88927,0.0015293442936341044,322.95469317530114,female,55-59,6356,0.030098687325971242,4.6031255707851256e-05,0.001399825021872266,4.2132895644404185e-05
2012,E06000015,211172,97155,136,88927,0.0015293442936341044,322.95469317530114,male,55-59,6256,0.02962513969655068,4.530703834303296e-05,0.001399825021872266,4.1470011823692986e-05
2012,E07000032,107364,97155,1696,43253,0.03921115298360808,4209.866228932097,female,55-59,4049,0.03771282739093178,0.0014787634442702312,0.01745664144923061,0.0006583393058002192
2012,E07000032,107364,97155,1696,43253,0.03921115298360808,4209.866228932097,male,55-59,3994,0.03720055139525353,0.001458676511833861,0.01745664144923061,0.0006493966874206162
2012,E07000033,66393,97155,14003,30676,0.4564806363280741,30307.118887729823,female,55-59,2384,0.035907399876492996,0.01639103274450814,0.1441305130976275,0.005175351968200623
2012,E07000033,66393,97155,14003,30676,0.4564806363280741,30307.118887729823,male,55-59,2389,0.035982709020529274,0.016425409910499133,0.1441305130976275,0.0051862063137715145
2012,E07000034,90706,97155,36670,42672,0.8593457067866517,77947.81167979003,female,55-59,3264,0.03598438912530593,0.030923030306171932,0.3774381143533529,0.013581879977612768
2012,E07000034,90706,97155,36670,42672,0.8593457067866517,77947.81167979003,male,55-59,3356,0.036998654995259415,0.031794635327056675,0.3774381143533529,0.013964702575020973
2012,E07000035,63176,97155,11476,25776,0.4452203600248293,28127.241464928615,female,55-59,2627,0.04158224642269216,0.018513262722952173,0.1181205290515156,0.0049117169465988895
2012,E07000035,63176,97155,11476,25776,0.4452203600248293,28127.241464928615,male,55-59,2546,0.04030011396732937,0.01794243124957603,0.1181205290515156,0.004760270782657319
2012,E07000036,97729,97155,31,37290,0.0008313220702601234,81.24427460445159,female,55-59,3348,0.03425799916094506,2.8479430785446417e-05,0.0003190777623385312,1.0930965714469628e-05
2012,E07000036,97729,97155,31,37290,0.0008313220702601234,81.24427460445159,male,55-59,3370,0.0344831114612858,2.8666571609006696e-05,0.0003190777623385312,1.100279404353723e-05
2012,E07000037,79262,97155,753,37389,0.020139613255235497,1596.3060258364762,female,55-59,2924,0.03689031313870455,0.0007429566394780424,0.007750501775513355,0.0002859184374807733
2012,E07000037,79262,97155,753,37389,0.020139613255235497,1596.3060258364762,male,55-59,3097,0.03907294794479069,0.0007869140603500332,0.007750501775513355,0.00030283495242064114
2012,E07000038,87420,97155,29306,39038,0.7507044418259132,65626.58230442133,female,55-59,3359,0.038423701670098384,0.028844843515136605,0.3016417065513869,0.011590190943789852
2012,E07000038,87420,97155,29306,39038,0.7507044418259132,65626.58230442133,male,55-59,3406,0.038961336078700524,0.029248448053752693,0.3016417065513869,0.011752363904301349
2012,E07000039,82215,97155,10,34614,0.00028890044490668514,23.75195007800312,female,55-59,2947,0.035845040442741595,1.0355648131606171e-05,0.00010292831043178427,3.689469450130369e-06
2012,E07000039,82215,97155,10,34614,0.00028890044490668514,23.75195007800312,male,55-59,2972,0.03614912120659247,1.0443497199570254e-05,0.00010292831043178427,3.7207679693883453e-06
2012,E07000170,103121,97155,252,46100,0.005466377440347072,563.6983080260303,female,55-59,3574,0.034658314019452865,0.00018945542587640182,0.002593793422880964,8.989650695179995e-05
2012,E07000170,103121,97155,252,46100,0.005466377440347072,563.6983080260303,male,55-59,3607,0.03497832643205555,0.00019120473450928412,0.002593793422880964,9.072655304284904e-05
2012,E07000171,98683,97155,246,45394,0.0054192183989073455,534.7847292593734,female,55-59,3658,0.037068188036439916,0.00020088060662123232,0.002532036436621893,9.385800274781761e-05
2012,E07000171,98683,97155,246,45394,0.0054192183989073455,534.7847292593734,male,55-59,3817,0.038679407800735685,0.00020961215841258716,0.002532036436621893,9.793766989841984e-05
2012,E07000174,90432,97155,357,43644,0.008179818531756942,739.7173494638437,female,55-59,3228,0.03569532908704883,0.00029198131436340463,0.0036745406824146977,0.00013116393890254166
2012,E07000174,90432,97155,357,43644,0.008179818531756942,739.7173494638437,male,55-59,3270,0.03615976645435244,0.0002957803277473151,0.0036745406824146977,0.00013287053290313231
2012,E07000175,100376,97155,18,47688,0.000377453447408153,37.887267237040774,female,55-59,3778,0.037638479317765206,1.4206773773690945e-05,0.00018527095877721167,6.973317150118611e-06
2012,E07000175,100376,97155,18,47688,0.000377453447408153,37.887267237040774,male,55-59,3631,0.03617398581334184,1.3653995651739494e-05,0.00018527095877721167,6.701989034431095e-06
2012,E07000198,85699,97155,35,33697,0.0010386681306941274,89.012820132356,female,55-59,3358,0.039183654418371267,4.069881308849437e-05,0.00036024908651124493,1.4115875710390558e-05
2012,E07000198,85699,97155,35,33697,0.0010386681306941274,89.012820132356,male,55-59,3218,0.03755002975530637,3.9002019213452915e-05,0.00036024908651124493,1.3527363917819185e-05
2012,E08000018,221539,97155,123,118391,0.0010389303240955817,230.163585069811,female,55-59,8017,0.036187759265862894,3.759656046237582e-05,0.0012660182183109464,4.5814362510433176e-05
2012,E08000018,221539,97155,123,118391,0.0010389303240955817,230.163585069811,male,55-59,8010,0.03615616212043929,3.7563733229840375e-05,0.0012660182183109464,4.577435994868028e-05
2012,E08000019,479989,97155,2043,201177,0.010155236433588332,4874.401780521631,female,55-59,14175,0.02953192677332189,0.00029990369872250115,0.021028253821213524,0.000621004852018904
2012,E08000019,479989,97155,2043,201177,0.010155236433588332,4874.401780521631,male,55-59,14009,0.029186085514459708,0.00029639159897026587,0.021028253821213524,0.0006137324142457022
2012,E06000015,211172,97155,136,88927,0.0015293442936341044,322.95469317530114,female,60-64,6137,0.029061618017540206,4.444521967889918e-05,0.001399825021872266,4.068118007704665e-05
2012,E06000015,211172,97155,136,88927,0.0015293442936341044,322.95469317530114,male,60-64,5979,0.028313412763055712,4.3300956242486265e-05,0.001399825021872266,3.963382364032295e-05
2012,E07000032,107364,97155,1696,43253,0.03921115298360808,4209.866228932097,female,60-64,4296,0.04001341231697776,0.0015689720317572026,0.01745664144923061,0.0006984997919777085
2012,E07000032,107364,97155,1696,43253,0.03921115298360808,4209.866228932097,male,60-64,4335,0.040376662568458704,0.001583215492939356,0.01745664144923061,0.0007048409213741543
2012,E07000033,66393,97155,14003,30676,0.4564806363280741,30307.118887729823,female,60-64,2383,0.03589233804768575,0.016384157311309933,0.1441305130976275,0.005173181099086445
2012,E07000033,66393,97155,14003,30676,0.4564806363280741,30307.118887729823,male,60-64,2354,0.03545554501227539,0.01618476974856214,0.1441305130976275,0.0051102258947752785
2012,E07000034,90706,97155,36670,42672,0.8593457067866517,77947.81167979003,female,60-64,3284,0.0362048817057306,0.031112509658538182,0.3774381143533529,0.01366510228139716
2012,E07000034,90706,97155,36670,42672,0.8593457067866517,77947.81167979003,male,60-64,3263,0.0359733644962847,0.030913556338553617,0.3774381143533529,0.01357771886242355
2012,E07000035,63176,97155,11476,25776,0.4452203600248293,28127.241464928615,female,60-64,2909,0.04604596682284412,0.020500601926558004,0.1181205290515156,0.005438973961802883
2012,E07000035,63176,97155,11476,25776,0.4452203600248293,28127.241464928615,male,60-64,2840,0.044953779916423964,0.02001433807886721,0.1181205290515156,0.005309964266593395
2012,E07000036,97729,97155,31,37290,0.0008313220702601234,81.24427460445159,female,60-64,3447,0.03527100451247838,2.932156449146768e-05,0.0003190777623385312,1.1254193195273838e-05
2012,E07000036,97729,97155,31,37290,0.0008313220702601234,81.24427460445159,male,60-64,3364,0.03442171719755651,2.861553320258117e-05,0.0003190777623385312,1.0983204499246069e-05
2012,E07000037,79262,97155,753,37389,0.020139613255235497,1596.3060258364762,female,60-64,3076,0.0388080038353814,0.0007815781884522771,0.007750501775513355,0.00030078150263025265
2012,E07000037,79262,97155,753,37389,0.020139613255235497,1596.3060258364762,male,60-64,3098,0.03908556433095304,0.0007871681494880216,0.007750501775513355,0.00030293273574399297
2012,E07000038,87420,97155,29306,39038,0.7507044418259132,65626.58230442133,female,60-64,3718,0.04253031342942119,0.031927695203714766,0.3016417065513869,0.012828916323015976
2012,E07000038,87420,97155,29306,39038,0.7507044418259132,65626.58230442133,male,60-64,3456,0.03953328757721345,0.02967781458419533,0.3016417065513869,0.011924888330377413
2012,E07000039,82215,97155,10,34614,0.00028890044490668514,23.75195007800312,female,60-64,3023,0.03676944596484826,1.0622709298216982e-05,0.00010292831043178427,3.784616948674618e-06
2012,E07000039,82215,97155,10,34614,0.00028890044490668514,23.75195007800312,male,60-64,2921,0.03552879644833668,1.0264285100923523e-05,0.00010292831043178427,3.6569189901020723e-06
2012,E07000170,103121,97155,252,46100,0.005466377440347072,563.6983080260303,female,60-64,3685,0.03573471940729822,0.00019533946400518767,0.002593793422880964,9.268848016714684e-05
2012,E07000170,103121,97155,252,46100,0.005466377440347072,563.6983080260303,male,60-64,3594,0.03485226093618177,0.00019051561292663356,0.002593793422880964,9.039956518879941e-05
2012,E07000171,98683,97155,246,45394,0.0054192183989073455,534.7847292593734,female,60-64,3898,0.0395002178693392,0.00021406030743837163,0.002532036436621893,0.00010001599089967004
2012,E07000171,98683,97155,246,45394,0.0054192183989073455,534.7847292593734,male,60-64,3777,0.03827406949525247,0.00020741554160973053,0.002532036436621893,9.691133853977776e-05
2012,E07000174,90432,97155,357,43644,0.008179818531756942,739.7173494638437,female,60-64,3124,0.03454529370134465,0.00028257423360324537,0.0036745406824146977,0.00012693808709155516
2012,E07000174,90432,97155,357,43644,0.008179818531756942,739.7173494638437,male,60-64,3237,0.035794851380042465,0.0002927953886599569,0.0036745406824146977,0.00013152963761695394
2012,E07000175,100376,97155,18,47688,0.000377453447408153,37.887267237040774,female,60-64,3898,0.0388339842193353,1.4658021220181922e-05,0.00018527095877721167,7.194809489455359e-06
2012,E07000175,100376,97155,18,47688,0.000377453447408153,37.887267237040774,male,60-64,3820,0.038056906033314734,1.4364710379962784e-05,0.00018527095877721167,7.050839468886473e-06
2012,E07000198,85699,97155,35,33697,0.0010386681306941274,89.012820132356,female,60-64,3748,0.043734465979766386,4.5425596026109855e-05,0.00036024908651124493,1.575530141826796e-05
2012,E07000198,85699,97155,35,33697,0.0010386681306941274,89.012820132356,male,60-64,3603,0.042042497578734885,4.366820236981693e-05,0.00036024908651124493,1.5145771347390465e-05
2012,E08000018,221539,97155,123,118391,0.0010389303240955817,230.163585069811,female,60-64,7836,0.035370747362766825,3.674774202110227e-05,0.0012660182183109464,4.478001055653666e-05
2012,E08000018,221539,97155,123,118391,0.0010389303240955817,230.163585069811,male,60-64,7947,0.035871787811626844,3.7268288137021414e-05,0.0012660182183109464,4.541433689290414e-05
2012,E08000019,479989,97155,2043,201177,0.010155236433588332,4874.401780521631,female,60-64,13730,0.028604822193841938,0.0002904887325192198,0.021028253821213524,0.0006015094616027902
2012,E08000019,479989,97155,2043,201177,0.010155236433588332,4874.401780521631,male,60-64,13366,0.02784647148163812,0.00028278750173720994,0.021028253821213524,0.0005855626703410702
2012,E06000015,211172,97155,136,88927,0.0015293442936341044,322.95469317530114,female,65-69,5756,0.027257401549447842,4.168595151894145e-05,0.001399825021872266,3.8155592720136965e-05
2012,E06000015,211172,97155,136,88927,0.0015293442936341044,322.95469317530114,male,65-69,5392,0.02553368817835698,3.904980031100284e-05,0.001399825021872266,3.574269561274818e-05
2012,E07000032,107364,97155,1696,43253,0.03921115298360808,4209.866228932097,female,65-69,4059,0.0378059684810551,0.0014824156138041164,0.01745664144923061,0.0006599652364146925
2012,E07000032,107364,97155,1696,43253,0.03921115298360808,4209.866228932097,male,65-69,4018,0.0374240900115495,0.0014674417187151864,0.01745664144923061,0.0006532989208953522
2012,E07000033,66393,97155,14003,30676,0.4564806363280741,30307.118887729823,female,65-69,2383,0.03589233804768575,0.016384157311309933,0.1441305130976275,0.005173181099086445
2012,E07000033,66393,97155,14003,30676,0.4564806363280741,30307.118887729823,male,65-69,2365,0.03562122512915518,0.016260399513742342,0.1441305130976275,0.005134105455031238
2012,E07000034,90706,97155,36670,42672,0.8593457067866517,77947.81167979003,female,65-69,3253,0.03586311820607237,0.030818816662370494,0.3774381143533529,0.013536107710531356
2012,E07000034,90706,97155,36670,42672,0.8593457067866517,77947.81167979003,male,65-69,3025,0.033349502789231135,0.02865875204539525,0.3774381143533529,0.012587373447389284
2012,E07000035,63176,97155,11476,25776,0.4452203600248293,28127.241464928615,female,65-69,2748,0.04349753070786375,0.01936598628194617,0.1181205290515156,0.005137951339647412
2012,E07000035,63176,97155,11476,25776,0.4452203600248293,28127.241464928615,male,65-69,2706,0.04283272128656452,0.019069999592047426,0.1181205290515156,0.005059423699085116
2012,E07000036,97729,97155,31,37290,0.0008313220702601234,81.24427460445159,female,65-69,3412,0.03491287130739085,2.902384045398542e-05,0.0003190777623385312,1.1139920853575384e-05
2012,E07000036,97729,97155,31,37290,0.0008313220702601234,81.24427460445159,male,65-69,3256,0.03331662045042925,2.7696841886921614e-05,0.0003190777623385312,1.0630592702005114e-05
2012,E07000037,79262,97155,753,37389,0.020139613255235497,1596.3060258364762,female,65-69,2831,0.03571698922560622,0.0007193263496451224,0.007750501775513355,0.0002768245884090524
2012,E07000037,79262,97155,753,37389,0.020139613255235497,1596.3060258364762,male,65-69,2729,0.034430117837046754,0.0006934092575703071,0.007750501775513355,0.0002668506894271649
2012,E07000038,87420,97155,29306,39038,0.7507044418259132,65626.58230442133,female,65-69,3692,0.04223289865019447,0.0317044246078846,0.3016417065513869,0.012739203621456427
2012,E07000038,87420,97155,29306,39038,0.7507044418259132,65626.58230442133,male,65-69,3501,0.04004804392587508,0.030064244461593705,0.3016417065513869,0.012080160313845864
2012,E07000039,82215,97155,10,34614,0.00028890044490668514,23.75195007800312,female,65-69,2646,0.03218390804597701,9.297945353318602e-06,0.00010292831043178427,3.312635278264321e-06
2012,E07000039,82215,97155,10,34614,0.00028890044490668514,23.75195007800312,male,65-69,2744,0.033375904640272465,9.64231369973781e-06,0.00010292831043178427,3.4353254737555923e-06
2012,E07000170,103121,97155,252,46100,0.005466377440347072,563.6983080260303,female,65-69,3619,0.035094694582092884,0.00019184084673942319,0.002593793422880964,9.102838798504871e-05
2012,E07000170,103121,97155,252,46100,0.005466377440347072,563.6983080260303,male,65-69,3469,0.0336400927066262,0.00018388944386268558,0.002593793422880964,8.72554512075529e-05
2012,E07000171,98683,97155,246,45394,0.0054192183989073455,534.7847292593734,female,65-69,3627,0.036754050849690426,0.00019917822859901848,0.002532036436621893,9.306259594487e-05
2012,E07000171,98683,97155,246,45394,0.0054192183989073455,534.7847292593734,male,65-69,3545,0.03592310732344983,0.0001946751641531625,0.002532036436621893,9.095861665965374e-05
2012,E07000174,90432,97155,357,43644,0.008179818531756942,739.7173494638437,female,65-69,3030,0.03350583864118896,0.00027407167983925534,0.0036745406824146977,0.00012311856718547125
2012,E07000174,90432,97155,357,43644,0.008179818531756942,739.7173494638437,male,65-69,2862,0.03164808917197452,0.00025887562630361345,0.0036745406824146977,0.00011629219118310847
2012,E07000175,100376,97155,18,47688,0.000377453447408153,37.887267237040774,female,65-69,3837,0.038226269227703835,1.4428637101549009e-05,0.00018527095877721167,7.082217550292513e-06
2012,E07000175,100376,97155,18,47688,0.000377453447408153,37.887267237040774,male,65-69,3721,0.037070614489519406,1.3992431236607727e-05,0.00018527095877721167,6.868108288933656e-06
2012,E07000198,85699,97155,35,33697,0.0010386681306941274,89.012820132356,female,65-69,3528,0.041167341509235816,4.275920565104471e-05,0.00036024908651124493,1.4830497172798656e-05
2012,E07000198,85699,97155,35,33697,0.0010386681306941274,89.012820132356,male,65-69,3511,0.04096897280014936,4.255316639478968e-05,0.00036024908651124493,1.4759035026557847e-05
2012,E08000018,221539,97155,123,118391,0.0010389303240955817,230.163585069811,female,65-69,7684,0.034684637919282835,3.6034922114618414e-05,0.0012660182183109464,4.391138350133075e-05
2012,E08000018,221539,97155,123,118391,0.0010389303240955817,230.163585069811,male,65-69,7256,0.03275269817052528,3.402777132530859e-05,0.0012660182183109464,4.146551258272461e-05
2012,E08000019,479989,97155,2043,201177,0.010155236433588332,4874.401780521631,female,65-69,13581,0.028294398413296968,0.0002873363056331773,0.021028253821213524,0.00059498179155335
2012,E08000019,479989,97155,2043,201177,0.010155236433588332,4874.401780521631,male,65-69,12564,0.02617559985749673,0.0002658194053438804,0.021028253821213524,0.0005504271577259619
2012,E06000015,211172,97155,136,88927,0.0015293442936341044,322.95469317530114,female,70-74,4599,0.021778455477051883,3.33067566079937e-05,0.001399825021872266,3.048602691450832e-05
2012,E06000015,211172,97155,136,88927,0.0015293442936341044,322.95469317530114,male,70-74,4008,0.01897978898717633,2.9026631981917542e-05,0.001399825021872266,2.6568383534105103e-05
2012,E07000032,107364,97155,1696,43253,0.03921115298360808,4209.866228932097,female,70-74,2734,0.02546477403971536,0.0009985031505642904,0.01745664144923061,0.00044452942999698684
2012,E07000032,107364,97155,1696,43253,0.03921115298360808,4209.866228932097,male,70-74,2720,0.025334376513542714,0.0009933901132168509,0.01745664144923061,0.0004422531271367242
2012,E07000033,66393,97155,14003,30676,0.4564806363280741,30307.118887729823,female,70-74,1653,0.02489720301839049,0.011365091076624138,0.1441305130976275,0.0035884466457364217
2012,E07000033,66393,97155,14003,30676,0.4564806363280741,30307.118887729823,male,70-74,1626,0.02449053364059464,0.011179454380272746,0.1441305130976275,0.003529833179653613
2012,E07000034,90706,97155,36670,42672,0.8593457067866517,77947.81167979003,female,70-74,2385,0.026293740215641744,0.02259541276967526,0.3774381143533529,0.009924259726288742
2012,E07000034,90706,97155,36670,42672,0.8593457067866517,77947.81167979003,male,70-74,2154,0.02374705091173682,0.02040692624984508,0.3774381143533529,0.008963042117579015
2012,E07000035,63176,97155,11476,25776,0.4452203600248293,28127.241464928615,female,70-74,1945,0.030787007724452326,0.013707002663167864,0.1181205290515156,0.003636577640325406
2012,E07000035,63176,97155,11476,25776,0.4452203600248293,28127.241464928615,male,70-74,1793,0.028381030771178924,0.012635812737820041,0.1181205290515156,0.003352382369718999
2012,E07000036,97729,97155,31,37290,0.0008313220702601234,81.24427460445159,female,70-74,2464,0.025212577638162675,2.0959772238751485e-05,0.0003190777623385312,8.044772855571435e-06
2012,E07000036,97729,97155,31,37290,0.0008313220702601234,81.24427460445159,male,70-74,2274,0.023268425953401752,1.934355603527633e-05,0.0003190777623385312,7.4244372863512345e-06
2012,E07000037,79262,97155,753,37389,0.020139613255235497,1596.3060258364762,female,70-74,2019,0.02547248366177992,0.0005130059695985526,0.007750501775513355,0.00019742452984736016
2012,E07000037,79262,97155,753,37389,0.020139613255235497,1596.3060258364762,male,70-74,1813,0.0228735081123363,0.00046066360717294483,0.007750501775513355,0.00017728116523688163
2012,E07000038,87420,97155,29306,39038,0.7507044418259132,65626.58230442133,female,70-74,2703,0.03091969800960878,0.023211554635729163,0.3016417065513869,0.009326670473671916
2012,E07000038,87420,97155,29306,39038,0.7507044418259132,65626.58230442133,male,70-74,2485,0.028425989476092425,0.02133951656299925,0.3016417065513869,0.008574463975980284
2012,E07000039,82215,97155,10,34614,0.00028890044490668514,23.75195007800312,female,70-74,1832,0.0222830383749924,6.4375797004080425e-06,0.00010292831043178427,2.2935554912245793e-06
2012,E07000039,82215,97155,10,34614,0.00028890044490668514,23.75195007800312,male,70-74,1776,0.02160189746396643,6.240797788168495e-06,0.00010292831043178427,2.2234468080867096e-06
2012,E07000170,103121,97155,252,46100,0.005466377440347072,563.6983080260303,female,70-74,2637,0.025571900970704317,0.0001397856625730475,0.002593793422880964,6.632822854837618e-05
2012,E07000170,103121,97155,252,46100,0.005466377440347072,563.6983080260303,male,70-74,2481,0.02405911502021896,0.00013151620358124033,0.002593793422880964,6.240437429978055e-05
2012,E07000171,98683,97155,246,45394,0.0054192183989073455,534.7847292593734,female,70-74,2687,0.027228600670834897,0.00014755773373188933,0.002532036436621893,6.894380901678127e-05
2012,E07000171,98683,97155,246,45394,0.0054192183989073455,534.7847292593734,male,70-74,2464,0.024968839617765973,0.00013531159505596402,0.002532036436621893,6.32220116923517e-05
2012,E07000174,90432,97155,357,43644,0.008179818531756942,739.7173494638437,female,70-74,2229,0.02464835456475584,0.00020161906744610563,0.0036745406824146977,9.057138160277736e-05
2012,E07000174,90432,97155,357,43644,0.008179818531756942,739.7173494638437,male,70-74,1978,0.02187278839348903,0.0001789154398422597,0.0036745406824146977,8.037245078972347e-05
2012,E07000175,100376,97155,18,47688,0.000377453447408153,37.887267237040774,female,70-74,2782,0.027715788634733403,1.0461419967815829e-05,0.00018527095877721167,5.134930733623604e-06
2012,E07000175,100376,97155,18,47688,0.000377453447408153,37.887267237040774,male,70-74,2548,0.025384554076671714,9.581487447158424e-06,0.00018527095877721167,4.703020671916946e-06
2012,E07000198,85699,97155,35,33697,0.0010386681306941274,89.012820132356,female,70-74,2606,0.030408756228194025,3.158460598827169e-05,0.00036024908651124493,1.0954726653150031e-05
2012,E07000198,85699,97155,35,33697,0.0010386681306941274,89.012820132356,male,70-74,2517,0.02937023769238848,3.050592988199533e-05,0.00036024908651124493,1.0580601299301083e-05
2012,E08000018,221539,97155,123,118391,0.0010389303240955817,230.163585069811,female,70-74,5901,0.02663639359209891,2.767335702737679e-05,0.0012660182183109464,3.372215955769817e-05
2012,E08000018,221539,97155,123,118391,0.0010389303240955817,230.163585069811,male,70-74,5333,0.024072510934869257,2.500966158735815e-05,0.0012660182183109464,3.0476237404033953e-05
2012,E08000019,479989,97155,2043,201177,0.010155236433588332,4874.401780521631,female,70-74,10777,0.022452597872034567,0.00022801143993879326,0.021028253821213524,0.00047213892699878165
2012,E08000019,479989,97155,2043,201177,0.010155236433588332,4874.401780521631,male,70-74,9563,0.01992337324397017,0.0002023265658471449,0.021028253821213524,0.0004189537495489791
2012,E06000015,211172,97155,136,88927,0.0015293442936341044,322.95469317530114,female,75-79,4162,0.019709052336484,3.0141926723737725e-05,0.001399825021872266,2.758922461800036e-05
2012,E06000015,211172,97155,136,88927,0.0015293442936341044,322.95469317530114,male,75-79,3381,0.016010645350709375,2.448578910450679e-05,0.001399825021872266,2.2412101978245843e-05
2012,E07000032,107364,97155,1696,43253,0.03921115298360808,4209.866228932097,female,75-79,2344,0.021832271524905928,0.0008560685387427568,0.01745664144923061,0.00038111813603252997
2012,E07000032,107364,97155,1696,43253,0.03921115298360808,4209.866228932097,male,75-79,1915,0.01783651875861555,0.0006993904657390696,0.01745664144923061,0.00031136571267162747
2012,E07000033,66393,97155,14003,30676,0.4564806363280741,30307.118887729823,female,75-79,1447,0.021794466284096214,0.009948751837794995,0.1441305130976275,0.0031412476082157306
2012,E07000033,66393,97155,14003,30676,0.4564806363280741,30307.118887729823,male,75-79,1200,0.01807419456870453,0.008250519837839665,0.1441305130976275,0.002605042937013737
2012,E07000034,90706,97155,36670,42672,0.8593457067866517,77947.81167979003,female,75-79,1976,0.02178466694595727,0.018720560013785456,0.3774381143533529,0.008222363613897927
2012,E07000034,90706,97155,36670,42672,0.8593457067866517,77947.81167979003,male,75-79,1601,0.017650431062994732,0.015167822156918274,0.3774381143533529,0.006661945417940576
2012,E07000035,63176,97155,11476,25776,0.4452203600248293,28127.241464928615,female,75-79,1639,0.025943396226415096,0.011550528208191326,0.1181205290515156,0.003064447687657245
2012,E07000035,63176,97155,11476,25776,0.4452203600248293,28127.241464928615,male,75-79,1452,0.022983411422059008,0.010232682707927886,0.1181205290515156,0.002714812716582257
2012,E07000036,97729,97155,31,37290,0.0008313220702601234,81.24427460445159,female,75-79,2157,0.022071237810680558,1.834830710997847e-05,0.0003190777623385312,7.042441172673532e-06
2012,E07000036,97729,97155,31,37290,0.0008313220702601234,81.24427460445159,male,75-79,1780,0.01821363157302336,1.5141393906240924e-05,0.0003190777623385312,5.811564806378714e-06
2012,E07000037,79262,97155,753,37389,0.020139613255235497,1596.3060258364762,female,75-79,1608,0.020287148949055037,0.0004085753338853256,0.007750501775513355,0.00015723558394975493
2012,E07000037,79262,97155,753,37389,0.020139613255235497,1596.3060258364762,male,75-79,1304,0.016451767555701345,0.0003313322359368561,0.007750501775513355,0.00012750945365079628
2012,E07000038,87420,97155,29306,39038,0.7507044418259132,65626.58230442133,female,75-79,2137,0.02444520704644246,0.01835112551111847,0.3016417065513869,0.007373693970490894
2012,E07000038,87420,97155,29306,39038,0.7507044418259132,65626.58230442133,male,75-79,1878,0.0214824982841455,0.01612700688342559,0.3016417065513869,0.006480017443416892
2012,E07000039,82215,97155,10,34614,0.00028890044490668514,23.75195007800312,female,75-79,1496,0.018196192908836586,5.256888226970759e-06,0.00010292831043178427,1.8729033923973636e-06
2012,E07000039,82215,97155,10,34614,0.00028890044490668514,23.75195007800312,male,75-79,1235,0.015021589734233412,4.3397439574257275e-06,0.00010292831043178427,1.5461468513440804e-06
2012,E07000170,103121,97155,252,46100,0.005466377440347072,563.6983080260303,female,75-79,2073,0.020102597918949583,0.000109888387756514,0.002593793422880964,5.2141986264991965e-05
2012,E07000170,103121,97155,252,46100,0.005466377440347072,563.6983080260303,male,75-79,1781,0.017270972934707772,9.440965682313144e-05,0.002593793422880964,4.479733600480015e-05
2012,E07000171,98683,97155,246,45394,0.0054192183989073455,534.7847292593734,female,75-79,2173,0.0220200034453756,0.00011933120781518257,0.002532036436621893,5.5755451058230626e-05
2012,E07000171,98683,97155,246,45394,0.0054192183989073455,534.7847292593734,male,75-79,1884,0.019091434188259374,0.00010346065141454392,0.002532036436621893,4.834020699204165e-05
2012,E07000174,90432,97155,357,43644,0.008179818531756942,739.7173494638437,female,75-79,1913,0.02115401627742392,0.00017303601436716021,0.0036745406824146977,7.773129340785693e-05
2012,E07000174,90432,97155,357,43644,0.008179818531756942,739.7173494638437,male,75-79,1562,0.017272646850672327,0.00014128711680162269,0.0036745406824146977,6.346904354577758e-05
2012,E07000175,100376,97155,18,47688,0.000377453447408153,37.887267237040774,female,75-79,2266,0.02257511755798199,8.521055947904626e-06,0.00018527095877721167,4.182513674475588e-06
2012,E07000175,100376,97155,18,47688,0.000377453447408153,37.887267237040774,male,75-79,1937,0.01929744161951064,7.283885865441861e-06,0.00018527095877721167,3.575255510794004e-06
2012,E07000198,85699,97155,35,33697,0.0010386681306941274,89.012820132356,female,75-79,2103,0.02453937618875366,2.5488267994372737e-05,0.00036024908651124493,8.840287855554302e-06
2012,E07000198,85699,97155,35,33697,0.0010386681306941274,89.012820132356,male,75-79,1889,0.02204226420378301,2.2894597356809367e-05,0.00036024908651124493,7.940705544052342e-06
2012,E08000018,221539,97155,123,118391,0.0010389303240955817,230.163585069811,female,75-79,4766,0.02151314215555726,2.235065575198742e-05,0.0012660182183109464,2.723602990204872e-05
2012,E08000018,221539,97155,123,118391,0.0010389303240955817,230.163585069811,male,75-79,4002,0.018064539426466672,1.876779780097643e-05,0.0012660182183109464,2.287003601930318e-05
2012,E08000019,479989,97155,2043,201177,0.010155236433588332,4874.401780521631,female,75-79,9517,0.019827537714405957,0.0002013533333856821,0.021028253821213524,0.00041693849570821227
2012,E08000019,479989,97155,2043,201177,0.010155236433588332,4874.401780521631,male,75-79,7675,0.015989949769682217,0.00016238172047232426,0.021028253821213524,0.0003362407223453325
2012,E06000015,211172,97155,136,88927,0.0015293442936341044,322.95469317530114,female,80-84,3548,0.016801469891841718,2.5695232103753352e-05,0.001399825021872266,2.3519117958833554e-05
2012,E06000015,211172,97155,136,88927,0.0015293442936341044,322.95469317530114,male,80-84,2499,0.011833955259219972,1.8098191946809367e-05,0.001399825021872266,1.6565466679573012e-05
2012,E07000032,107364,97155,1696,43253,0.03921115298360808,4209.866228932097,female,80-84,1814,0.016895793748370032,0.0006625035534468263,0.01745664144923061,0.0002949438134654477
2012,E07000032,107364,97155,1696,43253,0.03921115298360808,4209.866228932097,male,80-84,1330,0.0123877649864014,0.00048573854800676886,0.01745664144923061,0.00021624877172494235
2012,E07000033,66393,97155,14003,30676,0.4564806363280741,30307.118887729823,female,80-84,1164,0.017531968731643397,0.008003004242704477,0.1441305130976275,0.002526891648903325
2012,E07000033,66393,97155,14003,30676,0.4564806363280741,30307.118887729823,male,80-84,777,0.011703040983236185,0.005342211595001183,0.1441305130976275,0.0016867653017163945
2012,E07000034,90706,97155,36670,42672,0.8593457067866517,77947.81167979003,female,80-84,1646,0.018146539368950238,0.01559415069974234,0.3774381143533529,0.006849195601455459
2012,E07000034,90706,97155,36670,42672,0.8593457067866517,77947.81167979003,male,80-84,1163,0.012821643551694486,0.011018224340097412,0.3774381143533529,0.004839376965062393
2012,E07000035,63176,97155,11476,25776,0.4452203600248293,28127.241464928615,female,80-84,1281,0.02027668734962644,0.009027594041911585,0.1181205290515156,0.0023950930371500487
2012,E07000035,63176,97155,11476,25776,0.4452203600248293,28127.241464928615,male,80-84,917,0.014515005698366468,0.006462376062789168,0.1181205290515156,0.0017145201522768114
2012,E07000036,97729,97155,31,37290,0.0008313220702601234,81.24427460445159,female,80-84,1720,0.01759968893573044,1.4631009841985614e-05,0.0003190777623385312,5.6156693634670745e-06
2012,E07000036,97729,97155,31,37290,0.0008313220702601234,81.24427460445159,male,80-84,1238,0.012667683082810629,1.0530924525801274e-05,0.0003190777623385312,4.041975972076882e-06
2012,E07000037,79262,97155,753,37389,0.020139613255235497,1596.3060258364762,female,80-84,1290,0.016275138149428478,0.0003277749880050187,0.007750501775513355,0.00012614048712387055
2012,E07000037,79262,97155,753,37389,0.020139613255235497,1596.3060258364762,male,80-84,895,0.011291665615301151,0.000227409778499606,0.007750501775513355,8.751607439989469e-05
2012,E07000038,87420,97155,29306,39038,0.7507044418259132,65626.58230442133,female,80-84,1711,0.01957218027911233,0.014692922671747169,0.3016417065513869,0.005903785860322845
2012,E07000038,87420,97155,29306,39038,0.7507044418259132,65626.58230442133,male,80-84,1217,0.013921299473804622,0.010450781350973878,0.3016417065513869,0.004199244530691352
2012,E07000039,82215,97155,10,34614,0.00028890044490668514,23.75195007800312,female,80-84,1228,0.014936447120355169,4.315146218395784e-06,0.00010292831043178427,1.5373832659518466e-06
2012,E07000039,82215,97155,10,34614,0.00028890044490668514,23.75195007800312,male,80-84,891,0.01083743842364532,3.1309407822399368e-06,0.00010292831043178427,1.1154792263543122e-06
2012,E07000170,103121,97155,252,46100,0.005466377440347072,563.6983080260303,female,80-84,1522,0.014759360363068628,8.068023452263111e-05,0.002593793422880964,3.828273183565739e-05
2012,E07000170,103121,97155,252,46100,0.005466377440347072,563.6983080260303,male,80-84,1121,0.010870724682654357,5.9423484165485864e-05,0.002593793422880964,2.8196414183818623e-05
2012,E07000171,98683,97155,246,45394,0.0054192183989073455,534.7847292593734,female,80-84,1619,0.016406067914433085,8.890806509561923e-05,0.002532036436621893,4.154076174103792e-05
2012,E07000171,98683,97155,246,45394,0.0054192183989073455,534.7847292593734,male,80-84,1310,0.013274829504575257,7.19392002935523e-05,0.002532036436621893,3.36123519955279e-05
2012,E07000174,90432,97155,357,43644,0.008179818531756942,739.7173494638437,female,80-84,1627,0.017991418966737442,0.00014716654227672223,0.0036745406824146977,6.611020092764413e-05
2012,E07000174,90432,97155,357,43644,0.008179818531756942,739.7173494638437,male,80-84,1010,0.01116861288039632,9.13572266130851e-05,0.0036745406824146977,4.103952239515708e-05
2012,E07000175,100376,97155,18,47688,0.000377453447408153,37.887267237040774,female,80-84,1782,0.01775324778831593,6.701024580391016e-06,0.00018527095877721167,3.2891612391507057e-06
2012,E07000175,100376,97155,18,47688,0.000377453447408153,37.887267237040774,male,80-84,1300,0.012951303100342709,4.888514003652256e-06,0.00018527095877721167,2.399500342814768e-06
2012,E07000198,85699,97155,35,33697,0.0010386681306941274,89.012820132356,female,80-84,1617,0.01886836485839975,1.9597969256728825e-05,0.00036024908651124493,6.797311204199385e-06
2012,E07000198,85699,97155,35,33697,0.0010386681306941274,89.012820132356,male,80-84,1167,0.013617428441405384,1.4143988944095572e-05,0.00036024908651124493,4.905666156648535e-06
2012,E08000018,221539,97155,123,118391,0.0010389303240955817,230.163585069811,female,80-84,3629,0.0163808629631803,1.7018575267302214e-05,0.0012660182183109464,2.073847094304129e-05
2012,E08000018,221539,97155,123,118391,0.0010389303240955817,230.163585069811,male,80-84,2498,0.01127566703830928,1.1714632410504527e-05,0.0012660182183109464,1.4275199894107785e-05
2012,E08000019,479989,97155,2043,201177,0.010155236433588332,4874.401780521631,female,80-84,7380,0.015375352351824731,0.00015614033838250857,0.021028253821213524,0.00032331681184476273
2012,E08000019,479989,97155,2043,201177,0.010155236433588332,4874.401780521631,male,80-84,5221,0.010877332605538878,0.00011046188437602671,0.021028253821213524,0.00022873131092703334
2012,E06000015,211172,97155,136,88927,0.0015293442936341044,322.95469317530114,female,85-89,2325,0.011009982384028186,1.683805373202552e-05,0.001399825021872266,1.5412048831535516e-05
2012,E06000015,211172,97155,136,88927,0.0015293442936341044,322.95469317530114,male,85-89,1280,0.006061409656583259,9.269982269674264e-06,0.001399825021872266,8.484912905103424e-06
2012,E07000032,107364,97155,1696,43253,0.03921115298360808,4209.866228932097,female,85-89,1262,0.011754405573562832,0.00046090379517634765,0.01745664144923061,0.00020519244354652425
2012,E07000032,107364,97155,1696,43253,0.03921115298360808,4209.866228932097,male,85-89,725,0.006752729033940613,0.0002647822912066973,0.01745664144923061,0.00011787996954931067
2012,E07000033,66393,97155,14003,30676,0.4564806363280741,30307.118887729823,female,85-89,743,0.011190938803789557,0.0051084468662623925,0.1441305130976275,0.0016129557518343384
2012,E07000033,66393,97155,14003,30676,0.4564806363280741,30307.118887729823,male,85-89,381,0.005738556775563689,0.0026195400485140943,0.1441305130976275,0.0008271011325018614
2012,E07000034,90706,97155,36670,42672,0.8593457067866517,77947.81167979003,female,85-89,1234,0.01360439221220206,0.0116908760409976,0.3774381143533529,0.0051348161434969855
2012,E07000034,90706,97155,36670,42672,0.8593457067866517,77947.81167979003,male,85-89,659,0.007265230524992834,0.006243344660467923,0.3774381143533529,0.0027421749096957155
2012,E07000035,63176,97155,11476,25776,0.4452203600248293,28127.241464928615,female,85-89,922,0.014594149677092568,0.006497612573491397,0.1181205290515156,0.0017238686809151794
2012,E07000035,63176,97155,11476,25776,0.4452203600248293,28127.241464928615,male,85-89,532,0.00842091933645688,0.0037491647387173795,0.1181205290515156,0.0009946834471224247
2012,E07000036,97729,97155,31,37290,0.0008313220702601234,81.24427460445159,female,85-89,1152,0.011787698636024108,9.799374033701993e-06,0.0003190777623385312,3.7611925039035285e-06
2012,E07000036,97729,97155,31,37290,0.0008313220702601234,81.24427460445159,male,85-89,597,0.006108729241064577,5.078321439340356e-06,0.0003190777623385312,1.9491596569708388e-06
2012,E07000037,79262,97155,753,37389,0.020139613255235497,1596.3060258364762,female,85-89,791,0.009979561454416995,0.00020098450814881377,0.007750501775513355,7.734660877130356e-05
2012,E07000037,79262,97155,753,37389,0.020139613255235497,1596.3060258364762,male,85-89,460,0.005803537634679922,0.00011688100347465784,0.007750501775513355,4.4980328741845316e-05
2012,E07000038,87420,97155,29306,39038,0.7507044418259132,65626.58230442133,female,85-89,1003,0.011473347060169298,0.008613092600679375,0.3016417065513869,0.0034608399870858053
2012,E07000038,87420,97155,29306,39038,0.7507044418259132,65626.58230442133,male,85-89,650,0.007435369480668039,0.0055817648957543296,0.3016417065513869,0.002242817538988807
2012,E07000039,82215,97155,10,34614,0.00028890044490668514,23.75195007800312,female,85-89,772,0.009390013987715138,2.7127792187309e-06,0.00010292831043178427,9.664982746863399e-07
2012,E07000039,82215,97155,10,34614,0.00028890044490668514,23.75195007800312,male,85-89,432,0.005254515599343186,1.5180318944193639e-06,0.00010292831043178427,5.408384127778482e-07
2012,E07000170,103121,97155,252,46100,0.005466377440347072,563.6983080260303,female,85-89,1045,0.01013372639908457,5.539477337460546e-05,0.002593793422880964,2.628479288322075e-05
2012,E07000170,103121,97155,252,46100,0.005466377440347072,563.6983080260303,male,85-89,560,0.005430513668408956,2.9685237406487133e-05,0.002593793422880964,1.4085630635984326e-05
2012,E07000171,98683,97155,246,45394,0.0054192183989073455,534.7847292593734,female,85-89,1128,0.011430540214626632,6.194459384055495e-05,0.002532036436621893,2.8942544313706458e-05
2012,E07000171,98683,97155,246,45394,0.0054192183989073455,534.7847292593734,male,85-89,651,0.006596880921739307,3.574993846649049e-05,0.002532036436621893,1.6703542861899743e-05
2012,E07000174,90432,97155,357,43644,0.008179818531756942,739.7173494638437,female,85-89,973,0.01075946567586695,8.801047672725921e-05,0.0036745406824146977,3.9536094347017655e-05
2012,E07000174,90432,97155,357,43644,0.008179818531756942,739.7173494638437,male,85-89,587,0.006491065109695683,5.309573467512966e-05,0.0036745406824146977,2.385168281777941e-05
2012,E07000175,100376,97155,18,47688,0.000377453447408153,37.887267237040774,female,85-89,1164,0.011596397545229935,4.377100230962482e-06,0.00018527095877721167,2.148475691566454e-06
2012,E07000175,100376,97155,18,47688,0.000377453447408153,37.887267237040774,male,85-89,694,0.006914003347413725,2.6097143988728197e-06,0.00018527095877721167,1.2809640291641916e-06
2012,E07000198,85699,97155,35,33697,0.0010386681306941274,89.012820132356,female,85-89,1061,0.01238054119651338,1.2859273581564185e-05,0.00036024908651124493,4.4600786565587795e-06
2012,E07000198,85699,97155,35,33697,0.0010386681306941274,89.012820132356,male,85-89,618,0.007211286012672259,7.490132962683003e-06,0.00036024908651124493,2.5978591986364997e-06
2012,E08000018,221539,97155,123,118391,0.0010389303240955817,230.163585069811,female,85-89,2336,0.010544418815648713,1.0954916457541465e-05,0.0012660182183109464,1.3349426322112002e-05
2012,E08000018,221539,97155,123,118391,0.0010389303240955817,230.163585069811,male,85-89,1296,0.005849985781284559,6.077727623704511e-06,0.0012660182183109464,7.406188575966248e-06
2012,E08000019,479989,97155,2043,201177,0.010155236433588332,4874.401780521631,female,85-89,4801,0.010002312552996006,0.00010157584885832299,0.021028253821213524,0.00021033116716351024
2012,E08000019,479989,97155,2043,201177,0.010155236433588332,4874.401780521631,male,85-89,2809,0.0058522174466498185,5.9430651831499535e-05,0.021028253821213524,0.00012306191388508652
2012,E06000015,211172,97155,136,88927,0.0015293442936341044,322.95469317530114,female,90+,1379,0.0065302218097096215,9.986957460844384e-06,0.001399825021872266,9.141167887607516e-06
2012,E06000015,211172,97155,136,88927,0.0015293442936341044,322.95469317530114,male,90+,537,0.002542950769988445,3.8890472490742815e-06,0.001399825021872266,3.559686117219171e-06
2012,E07000032,107364,97155,1696,43253,0.03921115298360808,4209.866228932097,female,90+,898,0.008364069893074028,0.00032796482414291616,0.01745664144923061,0.0001460085691796979
2012,E07000032,107364,97155,1696,43253,0.03921115298360808,4209.866228932097,male,90+,294,0.002738348049625573,0.00010737378429623316,0.01745664144923061,4.7802360065513566e-05
2012,E07000033,66393,97155,14003,30676,0.4564806363280741,30307.118887729823,female,90+,455,0.0068531321073004685,0.003128322105180873,0.1441305130976275,0.0009877454469510417
2012,E07000033,66393,97155,14003,30676,0.4564806363280741,30307.118887729823,male,90+,160,0.0024098926091606038,0.0011000693117119553,0.1441305130976275,0.0003473390582684982
2012,E07000034,90706,97155,36670,42672,0.8593457067866517,77947.81167979003,female,90+,688,0.0075849447666086044,0.006518089721398985,0.3774381143533529,0.002862847250183084
2012,E07000034,90706,97155,36670,42672,0.8593457067866517,77947.81167979003,male,90+,271,0.0029876744647542607,0.0025674452245626816,0.3774381143533529,0.0011276622162785114
2012,E07000035,63176,97155,11476,25776,0.4452203600248293,28127.241464928615,female,90+,606,0.00959225022160314,0.0042706650971103995,0.1181205290515156,0.0011330416709702806
2012,E07000035,63176,97155,11476,25776,0.4452203600248293,28127.241464928615,male,90+,204,0.0032290743320248197,0.0014376496366510251,0.1181205290515156,0.0003814199684454411
2012,E07000036,97729,97155,31,37290,0.0008313220702601234,81.24427460445159,female,90+,710,0.007264987874632914,6.0395447603545274e-06,0.0003190777623385312,2.3180960744544317e-06
2012,E07000036,97729,97155,31,37290,0.0008313220702601234,81.24427460445159,male,90+,294,0.003008318922735319,2.5008819148510296e-06,0.0003190777623385312,9.598876702670463e-07
2012,E07000037,79262,97155,753,37389,0.020139613255235497,1596.3060258364762,female,90+,559,0.007052559864752341,0.00014203582813550808,0.007750501775513355,5.466087775367724e-05
2012,E07000037,79262,97155,753,37389,0.020139613255235497,1596.3060258364762,male,90+,199,0.002510660846307184,5.056373845968892e-05,0.007750501775513355,1.945888134701569e-05
2012,E07000038,87420,97155,29306,39038,0.7507044418259132,65626.58230442133,female,90+,652,0.0074582475406085565,0.005598939556972037,0.3016417065513869,0.0022497185160318496
2012,E07000038,87420,97155,29306,39038,0.7507044418259132,65626.58230442133,male,90+,288,0.0032944406314344547,0.002473151215349611,0.3016417065513869,0.0009937406941981175
2012,E07000039,82215,97155,10,34614,0.00028890044490668514,23.75195007800312,female,90+,441,0.005363984674329502,1.5496575588864337e-06,0.00010292831043178427,5.521058797107201e-07
2012,E07000039,82215,97155,10,34614,0.00028890044490668514,23.75195007800312,male,90+,170,0.002067749194185976,5.97373662155768e-07,0.00010292831043178427,2.1282993095424584e-07
2012,E07000170,103121,97155,252,46100,0.005466377440347072,563.6983080260303,female,90+,621,0.0060220517644320746,3.291880790969377e-05,0.002593793422880964,1.5619958258832613e-05
2012,E07000170,103121,97155,252,46100,0.005466377440347072,563.6983080260303,male,90+,228,0.002210994850709361,1.2086132372641193e-05,0.002593793422880964,5.7348639017936175e-06
2012,E07000171,98683,97155,246,45394,0.0054192183989073455,534.7847292593734,female,90+,657,0.006657681667561788,3.6079430986918976e-05,0.002532036436621893,1.685749256569605e-05
2012,E07000171,98683,97155,246,45394,0.0054192183989073455,534.7847292593734,male,90+,256,0.0025941651550925693,1.4058347538281976e-05,0.002532036436621893,6.568520695309269e-06
2012,E07000174,90432,97155,357,43644,0.008179818531756942,739.7173494638437,female,90+,526,0.0058165251238499645,4.7578119998497776e-05,0.0036745406824146977,2.1373058197873885e-05
2012,E07000174,90432,97155,357,43644,0.008179818531756942,739.7173494638437,male,90+,228,0.0025212314225053077,2.0623215512656832e-05,0.0036745406824146977,9.264367431778034e-06
2012,E07000175,100376,97155,18,47688,0.000377453447408153,37.887267237040774,female,90+,735,0.00732246752211684,2.763890609757237e-06,0.00018527095877721167,1.3566405784375805e-06
2012,E07000175,100376,97155,18,47688,0.000377453447408153,37.887267237040774,male,90+,252,0.002510560293297203,9.476196376310528e-07,0.00018527095877721167,4.6513391260717046e-07
2012,E07000198,85699,97155,35,33697,0.0010386681306941274,89.012820132356,female,90+,686,0.008004760849018074,8.314289987703137e-06,0.00036024908651124493,2.8837077835997387e-06
2012,E07000198,85699,97155,35,33697,0.0010386681306941274,89.012820132356,male,90+,221,0.002578793218123899,2.678510331315443e-06,0.00036024908651124493,9.290079011305281e-07
2012,E08000018,221539,97155,123,118391,0.0010389303240955817,230.163585069811,female,90+,1501,0.006775330754404415,7.0390965765281415e-06,0.0012660182183109464,8.577692170158439e-06
2012,E08000018,221539,97155,123,118391,0.0010389303240955817,230.163585069811,male,90+,454,0.002049300574616659,2.129080510155747e-06,0.0012660182183109464,2.5944518622597807e-06
2012,E08000019,479989,97155,2043,201177,0.010155236433588332,4874.401780521631,female,90+,3246,0.006762654977509901,6.867636021539605e-05,0.021028253821213524,0.00014220682537237125
2012,E08000019,479989,97155,2043,201177,0.010155236433588332,4874.401780521631,male,90+,1269,0.0026438105873259595,2.6848521599919155e-05,0.021028253821213524,5.559472008550188e-05
2013,E06000015,211314,99671,159,87238,0.0018226002430133657,385.1409477521264,female,12-15,5601,0.0265055793747693,4.8309075409664584e-05,0.0015952483671278505,4.228298221737836e-05
2013,E06000015,211314,99671,159,87238,0.0018226002430133657,385.1409477521264,male,12-15,6038,0.02857359190588413,5.207823555142916e-05,0.0015952483671278505,4.5581975830839226e-05
2013,E07000032,108000,99671,1744,42572,0.04096589307526073,4424.316452128159,female,12-15,2797,0.02589814814814815,0.001060940767884299,0.017497566995414916,0.000453154582279403
2013,E07000032,108000,99671,1744,42572,0.04096589307526073,4424.316452128159,male,12-15,2834,0.02624074074074074,0.0010749753794008234,0.017497566995414916,0.0004591491191204248
2013,E07000033,66507,99671,14620,31990,0.4570178180681463,30394.8840262582,female,12-15,1697,0.02551611108605109,0.011661317414131508,0.14668258570697595,0.003742769151288408
2013,E07000033,66507,99671,14620,31990,0.4570178180681463,30394.8840262582,male,12-15,1780,0.02676410001954681,0.012231670593490916,0.14668258570697595,0.003925827394987253
2013,E07000034,90867,99671,37564,43567,0.862212224849083,78346.63823536162,female,12-15,2223,0.024464326983393316,0.021093441797787004,0.3768799349861043,0.009220113962980071
2013,E07000034,90867,99671,37564,43567,0.862212224849083,78346.63823536162,male,12-15,2404,0.02645624924339969,0.022810901521313518,0.3768799349861043,0.009970829494828649
2013,E07000035,63256,99671,11498,25604,0.449070457740978,28406.400874863306,female,12-15,1631,0.025784115340837237,0.01157888447855595,0.11535953286311965,0.002974443501007781
2013,E07000035,63256,99671,11498,25604,0.449070457740978,28406.400874863306,male,12-15,1739,0.027491463260402176,0.012345603990318085,0.11535953286311965,0.0031714023594436114
2013,E07000036,97934,99671,81,37323,0.0021702435495538947,212.5406317820111,female,12-15,2395,0.024455245369330362,5.307383851554697e-05,0.000812673696461358,1.987413465216321e-05
2013,E07000036,97934,99671,81,37323,0.0021702435495538947,212.5406317820111,male,12-15,2541,0.02594604529581147,5.6309237439668004e-05,0.000812673696461358,2.1085668539100932e-05
2013,E07000037,79352,99671,799,37942,0.021058457645880557,1671.0307311159133,female,12-15,2191,0.027611150317572337,0.0005814482395166383,0.008016373870032406,0.00022134130392732393
2013,E07000037,79352,99671,799,37942,0.021058457645880557,1671.0307311159133,male,12-15,2164,0.027270894243371303,0.0005742829713893225,0.008016373870032406,0.00021861368402497893
2013,E07000038,87439,99671,29979,39954,0.7503378885718577,65608.79463883466,female,12-15,2069,0.023662210226557942,0.017754652860338904,0.300779564768087,0.007117109293395075
2013,E07000038,87439,99671,29979,39954,0.7503378885718577,65608.79463883466,male,12-15,2204,0.0252061437116161,0.018913124651612837,0.300779564768087,0.007581492935061744
2013,E07000039,83208,99671,20,35034,0.0005708740081064108,47.50128446651824,female,12-15,2374,0.028530910489376025,1.6287555225995333e-05,0.00020066017196576736,5.7250174051381085e-06
2013,E07000039,83208,99671,20,35034,0.0005708740081064108,47.50128446651824,male,12-15,2584,0.031054706278242483,1.7728324643627607e-05,0.00020066017196576736,6.231442702138532e-06
2013,E07000170,104161,99671,236,47949,0.004921896181359361,512.6696281465723,female,12-15,2747,0.02637263467132612,0.0001298033698811855,0.002367790029196055,6.244486141839617e-05
2013,E07000170,104161,99671,236,47949,0.004921896181359361,512.6696281465723,male,12-15,2892,0.02776471040024577,0.00013665502209551822,0.002367790029196055,6.574100444921795e-05
2013,E07000171,98991,99671,245,46725,0.005243445692883896,519.0539325842697,female,12-15,2587,0.026133688921215058,0.0001370305786131127,0.0024580871065806504,6.423888378462833e-05
2013,E07000171,98991,99671,245,46725,0.005243445692883896,519.0539325842697,male,12-15,2714,0.027416633835399176,0.0001437576305975987,0.0024580871065806504,6.739247413663753e-05
2013,E07000174,90642,99671,356,45042,0.007903734292438168,716.4102837351803,female,12-15,2158,0.023807947750490943,0.00018817169306813145,0.0035717510609906593,8.50360626378262e-05
2013,E07000174,90642,99671,356,45042,0.007903734292438168,716.4102837351803,male,12-15,2312,0.025506939387921715,0.0002016000715354587,0.0035717510609906593,9.110443782143384e-05
2013,E07000175,101231,99671,46,49072,0.0009373981089012064,94.89374796217804,female,12-15,2599,0.025673953630804797,2.4066715581533677e-05,0.00046151839552126495,1.1849001886376385e-05
2013,E07000175,101231,99671,46,49072,0.0009373981089012064,94.89374796217804,male,12-15,2796,0.027619997826752674,2.5890933730653392e-05,0.00046151839552126495,1.274713708130372e-05
2013,E07000198,85900,99671,38,34767,0.0010929904794776655,93.88788218713148,female,12-15,2062,0.0240046565774156,2.6236861102246177e-05,0.000381254326734958,9.151879181926469e-06
2013,E07000198,85900,99671,38,34767,0.0010929904794776655,93.88788218713148,male,12-15,2233,0.0259953434225844,2.8412662871637102e-05,0.000381254326734958,9.910837154821436e-06
2013,E08000018,221537,99671,143,118335,0.0012084336840326193,267.7127730595344,female,12-15,6112,0.02758907090012052,3.333956258686977e-05,0.0014347202295552368,3.958259813503662e-05
2013,E08000018,221537,99671,143,118335,0.0012084336840326193,267.7127730595344,male,12-15,6176,0.027877961694886183,3.368866795427155e-05,0.0014347202295552368,3.9997075602419206e-05
2013,E08000019,481891,99671,2143,210028,0.010203401451235073,4916.927328737121,female,12-15,11649,0.024173516417613117,0.0002466520924969285,0.021500737426131976,0.00051974842916139
2013,E08000019,481891,99671,2143,210028,0.010203401451235073,4916.927328737121,male,12-15,12313,0.025551421379523584,0.0002607114099849498,0.021500737426131976,0.0005493744019455914
2013,E06000015,211314,99671,159,87238,0.0018226002430133657,385.1409477521264,female,16-17,2920,0.013818298834909188,2.5185234814536796e-05,0.0015952483671278505,2.204361865287356e-05
2013,E06000015,211314,99671,159,87238,0.0018226002430133657,385.1409477521264,male,16-17,3201,0.015148073483063119,2.760888241141516e-05,0.0015952483671278505,2.416493948898913e-05
2013,E07000032,108000,99671,1744,42572,0.04096589307526073,4424.316452128159,female,16-17,1516,0.014037037037037035,0.000575039758352734,0.017497566995414916,0.00024561399597267607
2013,E07000032,108000,99671,1744,42572,0.04096589307526073,4424.316452128159,male,16-17,1479,0.013694444444444443,0.0005610051468362095,0.017497566995414916,0.0002396194591316543
2013,E07000033,66507,99671,14620,31990,0.4570178180681463,30394.8840262582,female,16-17,989,0.014870615123220113,0.006796136076945234,0.14668258570697595,0.0021812602773271872
2013,E07000033,66507,99671,14620,31990,0.4570178180681463,30394.8840262582,male,16-17,979,0.014720255010750747,0.006727418826420003,0.14668258570697595,0.002159205067242989
2013,E07000034,90867,99671,37564,43567,0.862212224849083,78346.63823536162,female,16-17,1278,0.014064511868995344,0.012126594069982809,0.3768799349861043,0.005300632318798257
2013,E07000034,90867,99671,37564,43567,0.862212224849083,78346.63823536162,male,16-17,1332,0.014658787018389515,0.01263898536871448,0.3768799349861043,0.0055246026984657895
2013,E07000035,63256,99671,11498,25604,0.449070457740978,28406.400874863306,female,16-17,849,0.013421651701024408,0.006027267273019007,0.11535953286311965,0.0015483154704816714
2013,E07000035,63256,99671,11498,25604,0.449070457740978,28406.400874863306,male,16-17,881,0.013927532566080687,0.006254443424652233,0.11535953286311965,0.0016066736507589544
2013,E07000036,97934,99671,81,37323,0.0021702435495538947,212.5406317820111,female,16-17,1339,0.013672473298343785,2.967259698217845e-05,0.000812673696461358,1.1111259415134255e-05
2013,E07000036,97934,99671,81,37323,0.0021702435495538947,212.5406317820111,male,16-17,1433,0.014632303387995997,3.175566204291391e-05,0.000812673696461358,1.1891288082066755e-05
2013,E07000037,79352,99671,799,37942,0.021058457645880557,1671.0307311159133,female,16-17,1099,0.01384968242766408,0.00029165295081186017,0.008016373870032406,0.00011102423232137332
2013,E07000037,79352,99671,799,37942,0.021058457645880557,1671.0307311159133,male,16-17,1146,0.014441980038310313,0.0003041258249594101,0.008016373870032406,0.00011577231141064043
2013,E07000038,87439,99671,29979,39954,0.7503378885718577,65608.79463883466,female,16-17,1160,0.013266391427166369,0.009954276132427806,0.300779564768087,0.00399025943950618
2013,E07000038,87439,99671,29979,39954,0.7503378885718577,65608.79463883466,male,16-17,1201,0.013735289744850694,0.01030610830607396,0.300779564768087,0.004131294471419761
2013,E07000039,83208,99671,20,35034,0.0005708740081064108,47.50128446651824,female,16-17,1180,0.014181328718392462,8.095751965743257e-06,0.00020066017196576736,2.8456278593357065e-06
2013,E07000039,83208,99671,20,35034,0.0005708740081064108,47.50128446651824,male,16-17,1310,0.01574367849245265,8.98765684332514e-06,0.00020066017196576736,3.159129233669302e-06
2013,E07000170,104161,99671,236,47949,0.004921896181359361,512.6696281465723,female,16-17,1480,0.014208772957248875,6.993410536008539e-05,0.002367790029196055,3.364339093528443e-05
2013,E07000170,104161,99671,236,47949,0.004921896181359361,512.6696281465723,male,16-17,1575,0.015120822572747956,7.44231188798206e-05,0.002367790029196055,3.580293292099526e-05
2013,E07000171,98991,99671,245,46725,0.005243445692883896,519.0539325842697,female,16-17,1447,0.014617490478932429,7.664601749252959e-05,0.0024580871065806504,3.5931064876829215e-05
2013,E07000171,98991,99671,245,46725,0.005243445692883896,519.0539325842697,male,16-17,1454,0.014688203978139427,7.701679988537528e-05,0.0024580871065806504,3.6104884817491145e-05
2013,E07000174,90642,99671,356,45042,0.007903734292438168,716.4102837351803,female,16-17,1296,0.01429800754617065,0.00011300765255620869,0.0035717510609906593,5.106892362308748e-05
2013,E07000174,90642,99671,356,45042,0.007903734292438168,716.4102837351803,male,16-17,1231,0.013580900686216105,0.00010733983047584327,0.0035717510609906593,4.850759643520114e-05
2013,E07000175,101231,99671,46,49072,0.0009373981089012064,94.89374796217804,female,16-17,1345,0.01328644387588782,1.245468736327926e-05,0.00046151839552126495,6.1319382597830825e-06
2013,E07000175,101231,99671,46,49072,0.0009373981089012064,94.89374796217804,male,16-17,1484,0.014659541049678456,1.3741826057328192e-05,0.00046151839552126495,6.765647864325721e-06
2013,E07000198,85900,99671,38,34767,0.0010929904794776655,93.88788218713148,female,16-17,1168,0.01359720605355064,1.4861616764026931e-05,0.000381254326734958,5.183993639422945e-06
2013,E07000198,85900,99671,38,34767,0.0010929904794776655,93.88788218713148,male,16-17,1206,0.014039580908032595,1.5345128268336026e-05,0.000381254326734958,5.352650966732938e-06
2013,E08000018,221537,99671,143,118335,0.0012084336840326193,267.7127730595344,female,16-17,3198,0.014435511900946569,1.7444358827357585e-05,0.0014347202295552368,2.071092094827341e-05
2013,E08000018,221537,99671,143,118335,0.0012084336840326193,267.7127730595344,male,16-17,3355,0.015144197131856078,1.8300757931765067e-05,0.0014347202295552368,2.172768598544631e-05
2013,E08000019,481891,99671,2143,210028,0.010203401451235073,4916.927328737121,female,16-17,6089,0.012635637519688063,0.0001289264822056655,0.021500737426131976,0.0002716755245225945
2013,E08000019,481891,99671,2143,210028,0.010203401451235073,4916.927328737121,male,16-17,6373,0.013224982413035312,0.00013493980474572282,0.021500737426131976,0.00028434687432788553
2013,E06000015,211314,99671,159,87238,0.0018226002430133657,385.1409477521264,female,18-24,13183,0.06238583340431775,0.00011370443512330088,0.0015952483671278505,9.9520898870148e-05
2013,E06000015,211314,99671,159,87238,0.0018226002430133657,385.1409477521264,male,18-24,13921,0.0658782664660174,0.00012006974447026256,0.0015952483671278505,0.00010509219700912768
2013,E07000032,108000,99671,1744,42572,0.04096589307526073,4424.316452128159,female,18-24,4585,0.0424537037037037,0.0017391538865747266,0.017497566995414916,0.0007428365247590499
2013,E07000032,108000,99671,1744,42572,0.04096589307526073,4424.316452128159,male,18-24,4701,0.043527777777777776,0.0017831542902481546,0.017497566995414916,0.0007616302078281992
2013,E07000033,66507,99671,14620,31990,0.4570178180681463,30394.8840262582,female,18-24,3035,0.04563429413445201,0.020855685534407264,0.14668258570697595,0.006693756260554107
2013,E07000033,66507,99671,14620,31990,0.4570178180681463,30394.8840262582,male,18-24,3225,0.04849113627136993,0.02216131329438663,0.14668258570697595,0.0071128052521538705
2013,E07000034,90867,99671,37564,43567,0.862212224849083,78346.63823536162,female,18-24,4222,0.046463512606336736,0.04006140857861301,0.3768799349861043,0.017511165610302228
2013,E07000034,90867,99671,37564,43567,0.862212224849083,78346.63823536162,male,18-24,4322,0.04756402214225186,0.04101028135404202,0.3768799349861043,0.017925925572649506
2013,E07000035,63256,99671,11498,25604,0.449070457740978,28406.400874863306,female,18-24,2153,0.03403629695206778,0.015284695452072934,0.11535953286311965,0.003926411316780963
2013,E07000035,63256,99671,11498,25604,0.449070457740978,28406.400874863306,male,18-24,2438,0.038541798406475265,0.017307983052556347,0.11535953286311965,0.0044461638598755175
2013,E07000036,97934,99671,81,37323,0.0021702435495538947,212.5406317820111,female,18-24,4612,0.047092940143361864,0.00010220314957565871,0.000812673696461358,3.8271193743539346e-05
2013,E07000036,97934,99671,81,37323,0.0021702435495538947,212.5406317820111,male,18-24,4643,0.047409479853779066,0.00010289011784036934,0.000812673696461358,3.852843724008091e-05
2013,E07000037,79352,99671,799,37942,0.021058457645880557,1671.0307311159133,female,18-24,3560,0.044863393487246696,0.000944753871601658,0.008016373870032406,0.0003596417352721465
2013,E07000037,79352,99671,799,37942,0.021058457645880557,1671.0307311159133,male,18-24,3906,0.04922371206774877,0.0010365754557517069,0.008016373870032406,0.00039459567920590015
2013,E07000038,87439,99671,29979,39954,0.7503378885718577,65608.79463883466,female,18-24,3461,0.03958187993915759,0.029699784219252276,0.300779564768087,0.011905420620802493
2013,E07000038,87439,99671,29979,39954,0.7503378885718577,65608.79463883466,male,18-24,3815,0.04363041663331008,0.032737554694148345,0.300779564768087,0.013123137725617308
2013,E07000039,83208,99671,20,35034,0.0005708740081064108,47.50128446651824,female,18-24,3522,0.042327660801845975,2.416376137571843e-05,0.00020066017196576736,8.493475695407085e-06
2013,E07000039,83208,99671,20,35034,0.0005708740081064108,47.50128446651824,male,18-24,3677,0.044190462455533125,2.5227186422066065e-05,0.00020066017196576736,8.867265795574063e-06
2013,E07000170,104161,99671,236,47949,0.004921896181359361,512.6696281465723,female,18-24,5036,0.04834823014371982,0.00023796496931985806,0.002367790029196055,0.00011447845726357595
2013,E07000170,104161,99671,236,47949,0.004921896181359361,512.6696281465723,male,18-24,4944,0.04746498209502597,0.0002336177141217988,0.002367790029196055,0.00011238711134057178
2013,E07000171,98991,99671,245,46725,0.005243445692883896,519.0539325842697,female,18-24,4178,0.04220585709812003,0.0002213041196156107,0.0024580871065806504,0.00010374567315507427
2013,E07000171,98991,99671,245,46725,0.005243445692883896,519.0539325842697,male,18-24,4678,0.04725682132719136,0.00024778857624744536,0.0024580871065806504,0.00011616138320235459
2013,E07000174,90642,99671,356,45042,0.007903734292438168,716.4102837351803,female,18-24,4322,0.0476820899803623,0.0003768665697129119,0.0035717510609906593,0.0001703085554776111
2013,E07000174,90642,99671,356,45042,0.007903734292438168,716.4102837351803,male,18-24,4458,0.04918249817965182,0.0003887253974502919,0.0035717510609906593,0.00017566764005534256
2013,E07000175,101231,99671,46,49072,0.0009373981089012064,94.89374796217804,female,18-24,4472,0.04417619108771029,4.141067798407795e-05,0.00046151839552126495,2.0388124831040855e-05
2013,E07000175,101231,99671,46,49072,0.0009373981089012064,94.89374796217804,male,18-24,4686,0.04629016803153185,4.339231597347703e-05,0.00046151839552126495,2.136376407832233e-05
2013,E07000198,85900,99671,38,34767,0.0010929904794776655,93.88788218713148,female,18-24,3300,0.03841676367869616,4.198915695315828e-05,0.000381254326734958,1.4646557371657293e-05
2013,E07000198,85900,99671,38,34767,0.0010929904794776655,93.88788218713148,male,18-24,3541,0.04122235157159488,4.5055637809434385e-05,0.000381254326734958,1.5716199894860145e-05
2013,E08000018,221537,99671,143,118335,0.0012084336840326193,267.7127730595344,female,18-24,10402,0.04695378198675616,5.674053174552018e-05,0.0014347202295552368,6.736554087052536e-05
2013,E08000018,221537,99671,143,118335,0.0012084336840326193,267.7127730595344,male,18-24,10758,0.04856073703264015,5.868243035169258e-05,0.0014347202295552368,6.967107178284096e-05
2013,E08000019,481891,99671,2143,210028,0.010203401451235073,4916.927328737121,female,18-24,39807,0.08260581749814792,0.0008428603181410621,0.021500737426131976,0.0017760859918986567
2013,E08000019,481891,99671,2143,210028,0.010203401451235073,4916.927328737121,male,18-24,41286,0.085674976291319,0.0008741761774253747,0.021500737426131976,0.001842075169229732
2013,E06000015,211314,99671,159,87238,0.0018226002430133657,385.1409477521264,female,25-29,9264,0.04383997274198586,7.990274497324276e-05,0.0015952483671278505,6.993564493158242e-05
2013,E06000015,211314,99671,159,87238,0.0018226002430133657,385.1409477521264,male,25-29,9103,0.04307807338841724,7.851410702627685e-05,0.0015952483671278505,6.872022623188631e-05
2013,E07000032,108000,99671,1744,42572,0.04096589307526073,4424.316452128159,female,25-29,3396,0.031444444444444435,0.0012881497489220873,0.017497566995414916,0.0005502012733002691
2013,E07000032,108000,99671,1744,42572,0.04096589307526073,4424.316452128159,male,25-29,3157,0.02923148148148148,0.0011974937448018346,0.017497566995414916,0.0005114798055974527
2013,E07000033,66507,99671,14620,31990,0.4570178180681463,30394.8840262582,female,25-29,2330,0.035033906205361835,0.01601111937237856,0.14668258570697595,0.005138863949618145
2013,E07000033,66507,99671,14620,31990,0.4570178180681463,30394.8840262582,male,25-29,2195,0.033004044687025426,0.015083436490287956,0.14668258570697595,0.0048411186134814715
2013,E07000034,90867,99671,37564,43567,0.862212224849083,78346.63823536162,female,25-29,3093,0.03403875994585493,0.02934863494401943,0.3768799349861043,0.01282852563540142
2013,E07000034,90867,99671,37564,43567,0.862212224849083,78346.63823536162,male,25-29,3027,0.033312423652150945,0.028722378912236283,0.3768799349861043,0.012554784060252209
2013,E07000035,63256,99671,11498,25604,0.449070457740978,28406.400874863306,female,25-29,1348,0.021310231440495764,0.009569795387549613,0.11535953286311965,0.002458338344180557
2013,E07000035,63256,99671,11498,25604,0.449070457740978,28406.400874863306,male,25-29,1544,0.024408751738965475,0.010961249316303118,0.11535953286311965,0.002815782198378917
2013,E07000036,97934,99671,81,37323,0.0021702435495538947,212.5406317820111,female,25-29,3539,0.03613658177956583,7.842518351002953e-05,0.000812673696461358,2.9367249492277917e-05
2013,E07000036,97934,99671,81,37323,0.0021702435495538947,212.5406317820111,male,25-29,3181,0.03248105867216697,7.049180806595193e-05,0.000812673696461358,2.639650201608817e-05
2013,E07000037,79352,99671,799,37942,0.021058457645880557,1671.0307311159133,female,25-29,2346,0.029564472225022682,0.0006225821861734522,0.008016373870032406,0.0002369998626259707
2013,E07000037,79352,99671,799,37942,0.021058457645880557,1671.0307311159133,male,25-29,2395,0.030181973989313438,0.0006355858209230256,0.008016373870032406,0.00024194998763393003
2013,E07000038,87439,99671,29979,39954,0.7503378885718577,65608.79463883466,female,25-29,2488,0.028454122302405106,0.021350206049552053,0.300779564768087,0.008558418521975326
2013,E07000038,87439,99671,29979,39954,0.7503378885718577,65608.79463883466,male,25-29,2530,0.0289344571644232,0.02171061949572616,0.300779564768087,0.008702893432716066
2013,E07000039,83208,99671,20,35034,0.0005708740081064108,47.50128446651824,female,25-29,2892,0.034756273435246614,1.9841453122821608e-05,0.00020066017196576736,6.974199804405818e-06
2013,E07000039,83208,99671,20,35034,0.0005708740081064108,47.50128446651824,male,25-29,2671,0.0321002788193443,1.8325214830932406e-05,0.00020066017196576736,6.441247468038708e-06
2013,E07000170,104161,99671,236,47949,0.004921896181359361,512.6696281465723,female,25-29,3873,0.03718282274555736,0.00018300999328352076,0.002367790029196055,8.8041116954295e-05
2013,E07000170,104161,99671,236,47949,0.004921896181359361,512.6696281465723,male,25-29,3535,0.033937846218834306,0.00016703855570804183,0.002367790029196055,8.035769388934491e-05
2013,E07000171,98991,99671,245,46725,0.005243445692883896,519.0539325842697,female,25-29,2971,0.030012829449141836,0.00015737064130636169,0.0024580871065806504,7.37741491009396e-05
2013,E07000171,98991,99671,245,46725,0.005243445692883896,519.0539325842697,male,25-29,3169,0.03201301128385409,0.00016785848613256826,0.0024580871065806504,7.869077027966261e-05
2013,E07000174,90642,99671,356,45042,0.007903734292438168,716.4102837351803,female,25-29,3583,0.03952913660334061,0.000312427792522296,0.0035717510609906593,0.00014118823560302655
2013,E07000174,90642,99671,356,45042,0.007903734292438168,716.4102837351803,male,25-29,3437,0.0379184042717504,0.00029969699215716763,0.0035717510609906593,0.00013543510068869723
2013,E07000175,101231,99671,46,49072,0.0009373981089012064,94.89374796217804,female,25-29,3011,0.029743853167507973,2.788183171065713e-05,0.00046151839552126495,1.3727335390488374e-05
2013,E07000175,101231,99671,46,49072,0.0009373981089012064,94.89374796217804,male,25-29,3210,0.03170965415732335,2.9724569840986188e-05,0.00046151839552126495,1.4634588709222082e-05
2013,E07000198,85900,99671,38,34767,0.0010929904794776655,93.88788218713148,female,25-29,2202,0.02563445867287544,2.8018219276016522e-05,0.000381254326734958,9.77324828254223e-06
2013,E07000198,85900,99671,38,34767,0.0010929904794776655,93.88788218713148,male,25-29,2314,0.026938300349243303,2.9443305815032805e-05,0.000381254326734958,1.027034356303484e-05
2013,E08000018,221537,99671,143,118335,0.0012084336840326193,267.7127730595344,female,25-29,8149,0.03678392322727129,4.445093185870448e-05,0.0014347202295552368,5.277463877657287e-05
2013,E08000018,221537,99671,143,118335,0.0012084336840326193,267.7127730595344,male,25-29,7564,0.03414328080636643,4.1259890609797606e-05,0.0014347202295552368,4.8986055676278964e-05
2013,E08000019,481891,99671,2143,210028,0.010203401451235073,4916.927328737121,female,25-29,20194,0.04190574216990979,0.0004275811104715404,0.021500737426131976,0.0009010043590424164
2013,E08000019,481891,99671,2143,210028,0.010203401451235073,4916.927328737121,male,25-29,20131,0.04177500721117431,0.0004262471692038516,0.021500737426131976,0.0008981934610222287
2013,E06000015,211314,99671,159,87238,0.0018226002430133657,385.1409477521264,female,30-34,8826,0.04176722791674948,7.612495975106223e-05,0.0015952483671278505,6.662910213365138e-05
2013,E06000015,211314,99671,159,87238,0.0018226002430133657,385.1409477521264,male,30-34,8558,0.04049897309217562,7.381343819959104e-05,0.0015952483671278505,6.460592069564793e-05
2013,E07000032,108000,99671,1744,42572,0.04096589307526073,4424.316452128159,female,30-34,3528,0.03266666666666666,0.0013382191737918506,0.017497566995414916,0.0005715871885168872
2013,E07000032,108000,99671,1744,42572,0.04096589307526073,4424.316452128159,male,30-34,3328,0.03081481481481482,0.001262356408837664,0.017497566995414916,0.0005391842866735262
2013,E07000033,66507,99671,14620,31990,0.4570178180681463,30394.8840262582,female,30-34,2297,0.03453771783421294,0.0157843524456453,0.14668258570697595,0.005066081756340291
2013,E07000033,66507,99671,14620,31990,0.4570178180681463,30394.8840262582,male,30-34,2209,0.033214548844482536,0.015179640641023276,0.14668258570697595,0.0048719959075993495
2013,E07000034,90867,99671,37564,43567,0.862212224849083,78346.63823536162,female,30-34,3091,0.034016749755136626,0.02932965748851085,0.3768799349861043,0.01282023043615447
2013,E07000034,90867,99671,37564,43567,0.862212224849083,78346.63823536162,male,30-34,3134,0.03448996885558013,0.029737672781945324,0.3768799349861043,0.0129985772199638
2013,E07000035,63256,99671,11498,25604,0.449070457740978,28406.400874863306,female,30-34,1400,0.022132287846212212,0.009938956633953605,0.11535953286311965,0.0025531703871311423
2013,E07000035,63256,99671,11498,25604,0.449070457740978,28406.400874863306,male,30-34,1476,0.02333375490072088,0.010478499994082516,0.11535953286311965,0.00269177106528969
2013,E07000036,97934,99671,81,37323,0.0021702435495538947,212.5406317820111,female,30-34,3501,0.035748565360344715,7.758309337909392e-05,0.000812673696461358,2.90519187545818e-05
2013,E07000036,97934,99671,81,37323,0.0021702435495538947,212.5406317820111,male,30-34,3240,0.033083505217799736,7.17992637955625e-05,0.000812673696461358,2.6886094477247934e-05
2013,E07000037,79352,99671,799,37942,0.021058457645880557,1671.0307311159133,female,30-34,2482,0.03127835467285008,0.0006586739071110434,0.008016373870032406,0.00025073898509704145
2013,E07000037,79352,99671,799,37942,0.021058457645880557,1671.0307311159133,male,30-34,2317,0.029199011997177136,0.0006148861574441129,0.008016373870032406,0.00023407019680493358
2013,E07000038,87439,99671,29979,39954,0.7503378885718577,65608.79463883466,female,30-34,2457,0.028099589428058416,0.021084186601185446,0.300779564768087,0.008451782278333349
2013,E07000038,87439,99671,29979,39954,0.7503378885718577,65608.79463883466,male,30-34,2357,0.026955934994682008,0.020226059348389943,0.300779564768087,0.008107794395617299
2013,E07000039,83208,99671,20,35034,0.0005708740081064108,47.50128446651824,female,30-34,3180,0.03821747908854918,2.1817365467003013e-05,0.00020066017196576736,7.668725926006398e-06
2013,E07000039,83208,99671,20,35034,0.0005708740081064108,47.50128446651824,male,30-34,2880,0.03461205653302567,1.9759123441814047e-05,0.00020066017196576736,6.945261216005792e-06
2013,E07000170,104161,99671,236,47949,0.004921896181359361,512.6696281465723,female,30-34,3744,0.035944355372932286,0.00017691438545145924,0.002367790029196055,8.510868625790872e-05
2013,E07000170,104161,99671,236,47949,0.004921896181359361,512.6696281465723,male,30-34,3600,0.03456188016628105,0.00017010998601101854,0.002367790029196055,8.183527524798916e-05
2013,E07000171,98991,99671,245,46725,0.005243445692883896,519.0539325842697,female,30-34,3022,0.030528027800507118,0.00016007205588280886,0.0024580871065806504,7.504055152576221e-05
2013,E07000171,98991,99671,245,46725,0.005243445692883896,519.0539325842697,male,30-34,3004,0.03034619308826055,0.00015911861544406282,0.0024580871065806504,7.459358596406009e-05
2013,E07000174,90642,99671,356,45042,0.007903734292438168,716.4102837351803,female,30-34,3485,0.038447960106793765,0.00030388246077036045,0.0035717510609906593,0.00013732654230436714
2013,E07000174,90642,99671,356,45042,0.007903734292438168,716.4102837351803,male,30-34,3385,0.03734471878378677,0.00029516273449287523,0.0035717510609906593,0.00013338603893838817
2013,E07000175,101231,99671,46,49072,0.0009373981089012064,94.89374796217804,female,30-34,3085,0.03047485454060515,2.8567071015402613e-05,0.00046151839552126495,1.4064705971324027e-05
2013,E07000175,101231,99671,46,49072,0.0009373981089012064,94.89374796217804,male,30-34,3049,0.030119232250990308,2.8233711353634538e-05,0.00046151839552126495,1.3900579742809385e-05
2013,E07000198,85900,99671,38,34767,0.0010929904794776655,93.88788218713148,female,30-34,2344,0.02728754365541327,2.9825025423697883e-05,0.000381254326734958,1.0403494084595362e-05
2013,E07000198,85900,99671,38,34767,0.0010929904794776655,93.88788218713148,male,30-34,2229,0.025948777648428404,2.836176692381509e-05,0.000381254326734958,9.8930837519467e-06
2013,E08000018,221537,99671,143,118335,0.0012084336840326193,267.7127730595344,female,30-34,8027,0.03623322514974925,4.378544975209484e-05,0.0014347202295552368,5.1984541104374824e-05
2013,E08000018,221537,99671,143,118335,0.0012084336840326193,267.7127730595344,male,30-34,7417,0.033479734762139064,4.045803921904665e-05,0.0014347202295552368,4.803405274338459e-05
2013,E08000019,481891,99671,2143,210028,0.010203401451235073,4916.927328737121,female,30-34,18287,0.03794841572056752,0.00038720292003531037,0.021500737426131976,0.000815918922145621
2013,E08000019,481891,99671,2143,210028,0.010203401451235073,4916.927328737121,male,30-34,18490,0.03836967280982629,0.00039150117523119646,0.021500737426131976,0.0008249762602106706
2013,E06000015,211314,99671,159,87238,0.0018226002430133657,385.1409477521264,female,35-39,7691,0.03639607408879677,6.633549347897346e-05,0.0015952483671278505,5.806077776001732e-05
2013,E06000015,211314,99671,159,87238,0.0018226002430133657,385.1409477521264,male,35-39,7834,0.0370727921481776,6.756887997845248e-05,0.0015952483671278505,5.91403111392505e-05
2013,E07000032,108000,99671,1744,42572,0.04096589307526073,4424.316452128159,female,35-39,3570,0.03305555555555555,0.0013541503544322296,0.017497566995414916,0.0005783917979039929
2013,E07000032,108000,99671,1744,42572,0.04096589307526073,4424.316452128159,male,35-39,3437,0.031824074074074074,0.0013037016157376954,0.017497566995414916,0.0005568438681781581
2013,E07000033,66507,99671,14620,31990,0.4570178180681463,30394.8840262582,female,35-39,2082,0.031304975416121615,0.01430693155935286,0.14668258570697595,0.004591894739530033
2013,E07000033,66507,99671,14620,31990,0.4570178180681463,30394.8840262582,male,35-39,2137,0.03213195603470311,0.014684876437241624,0.14668258570697595,0.004713198394993122
2013,E07000034,90867,99671,37564,43567,0.862212224849083,78346.63823536162,female,35-39,3096,0.03407177523193238,0.0293771011272823,0.3768799349861043,0.012840968434271832
2013,E07000034,90867,99671,37564,43567,0.862212224849083,78346.63823536162,male,35-39,2808,0.03090230776849681,0.02664434753404674,0.3768799349861043,0.011646459742711664
2013,E07000035,63256,99671,11498,25604,0.449070457740978,28406.400874863306,female,35-39,1727,0.027301757936006067,0.012260412933455624,0.11535953286311965,0.0031495180418396303
2013,E07000035,63256,99671,11498,25604,0.449070457740978,28406.400874863306,male,35-39,1596,0.025230808144681927,0.011330410562707107,0.11535953286311965,0.0029106142413295017
2013,E07000036,97934,99671,81,37323,0.0021702435495538947,212.5406317820111,female,35-39,3432,0.035044009230706386,7.605403498344767e-05,0.000812673696461358,2.847934452034411e-05
2013,E07000036,97934,99671,81,37323,0.0021702435495538947,212.5406317820111,male,35-39,3168,0.03234831621295975,7.020372460010555e-05,0.000812673696461358,2.6288625711086872e-05
2013,E07000037,79352,99671,799,37942,0.021058457645880557,1671.0307311159133,female,35-39,2528,0.031858050206674066,0.0006708814009575817,0.008016373870032406,0.0002553860412269625
2013,E07000037,79352,99671,799,37942,0.021058457645880557,1671.0307311159133,male,35-39,2346,0.029564472225022682,0.0006225821861734522,0.008016373870032406,0.0002369998626259707
2013,E07000038,87439,99671,29979,39954,0.7503378885718577,65608.79463883466,female,35-39,2686,0.0307185580804904,0.023049298010087142,0.300779564768087,0.009239514529753105
2013,E07000038,87439,99671,29979,39954,0.7503378885718577,65608.79463883466,male,35-39,2499,0.02857992429007651,0.02144460004735956,0.300779564768087,0.008596257189074091
2013,E07000039,83208,99671,20,35034,0.0005708740081064108,47.50128446651824,female,35-39,3071,0.036907508893375636,2.106953753118436e-05,0.00020066017196576736,7.405867081372845e-06
2013,E07000039,83208,99671,20,35034,0.0005708740081064108,47.50128446651824,male,35-39,3052,0.03667916546485915,2.093918220292239e-05,0.00020066017196576736,7.360047649739474e-06
2013,E07000170,104161,99671,236,47949,0.004921896181359361,512.6696281465723,female,35-39,3608,0.034638684344428336,0.0001704880082021541,0.002367790029196055,8.201713141520691e-05
2013,E07000170,104161,99671,236,47949,0.004921896181359361,512.6696281465723,male,35-39,3410,0.03273778093528288,0.0001611319589715481,0.002367790029196055,7.751619127656751e-05
2013,E07000171,98991,99671,245,46725,0.005243445692883896,519.0539325842697,female,35-39,3124,0.03155842450323767,0.00016547488503570315,0.0024580871065806504,7.757335637540739e-05
2013,E07000171,98991,99671,245,46725,0.005243445692883896,519.0539325842697,male,35-39,3135,0.03166954571627724,0.0001660575430816035,0.0024580871065806504,7.784650199644756e-05
2013,E07000174,90642,99671,356,45042,0.007903734292438168,716.4102837351803,female,35-39,3018,0.033295823128351096,0.00026316133905450445,0.0035717510609906593,0.00011892439158524536
2013,E07000174,90642,99671,356,45042,0.007903734292438168,716.4102837351803,male,35-39,2904,0.032038128020123124,0.0002532208510981713,0.0035717510609906593,0.00011443221774802934
2013,E07000175,101231,99671,46,49072,0.0009373981089012064,94.89374796217804,female,35-39,3282,0.03242089873655303,3.039128916452232e-05,0.00046151839552126495,1.4962841166251362e-05
2013,E07000175,101231,99671,46,49072,0.0009373981089012064,94.89374796217804,male,35-39,3059,0.03021801622032777,2.832631125968123e-05,0.00046151839552126495,1.394617036184123e-05
2013,E07000198,85900,99671,38,34767,0.0010929904794776655,93.88788218713148,female,35-39,2647,0.03081490104772992,3.368039347121514e-05,0.000381254326734958,1.1748314352356625e-05
2013,E07000198,85900,99671,38,34767,0.0010929904794776655,93.88788218713148,male,35-39,2487,0.028952270081490105,3.164455555833474e-05,0.000381254326734958,1.103817823736718e-05
2013,E08000018,221537,99671,143,118335,0.0012084336840326193,267.7127730595344,female,35-39,7307,0.032983203708635576,3.985801436882484e-05,0.0014347202295552368,4.732166959632077e-05
2013,E08000018,221537,99671,143,118335,0.0012084336840326193,267.7127730595344,male,35-39,6885,0.031078330030649512,3.7556100852519374e-05,0.0014347202295552368,4.458870879576687e-05
2013,E08000019,481891,99671,2143,210028,0.010203401451235073,4916.927328737121,female,35-39,15990,0.03318177762191035,0.0003385669979419596,0.021500737426131976,0.0007134326879809962
2013,E08000019,481891,99671,2143,210028,0.010203401451235073,4916.927328737121,male,35-39,16816,0.034895858191997774,0.00035605645011832336,0.021500737426131976,0.0007502866842456807
2013,E06000015,211314,99671,159,87238,0.0018226002430133657,385.1409477521264,female,40-44,8714,0.041237210975136517,7.515895074447726e-05,0.0015952483671278505,6.578359347299322e-05
2013,E06000015,211314,99671,159,87238,0.0018226002430133657,385.1409477521264,male,40-44,8519,0.0403144136214354,7.34770600633695e-05,0.0015952483671278505,6.431150250131159e-05
2013,E07000032,108000,99671,1744,42572,0.04096589307526073,4424.316452128159,female,40-44,4695,0.04347222222222223,0.0017808784072995288,0.017497566995414916,0.0007606581207728985
2013,E07000032,108000,99671,1744,42572,0.04096589307526073,4424.316452128159,male,40-44,4594,0.04253703703703704,0.001742567710997665,0.017497566995414916,0.0007442946553420013
2013,E07000033,66507,99671,14620,31990,0.4570178180681463,30394.8840262582,female,40-44,2999,0.0450929977295623,0.02060830343251644,0.14668258570697595,0.0066143575042509955
2013,E07000033,66507,99671,14620,31990,0.4570178180681463,30394.8840262582,male,40-44,2878,0.043273640368683,0.019776824701161155,0.14668258570697595,0.006347489462232197
2013,E07000034,90867,99671,37564,43567,0.862212224849083,78346.63823536162,female,40-44,3779,0.04158825536223272,0.03585790218346247,0.3768799349861043,0.01567377897710377
2013,E07000034,90867,99671,37564,43567,0.862212224849083,78346.63823536162,male,40-44,3823,0.04207247955803537,0.03627540620465124,0.3768799349861043,0.015856273360536573
2013,E07000035,63256,99671,11498,25604,0.449070457740978,28406.400874863306,female,40-44,2490,0.039363854812191734,0.017677144298960338,0.11535953286311965,0.004540995902826103
2013,E07000035,63256,99671,11498,25604,0.449070457740978,28406.400874863306,male,40-44,2399,0.037925256102187936,0.017031112117753353,0.11535953286311965,0.004375039827662579
2013,E07000036,97934,99671,81,37323,0.0021702435495538947,212.5406317820111,female,40-44,4295,0.043856066330385766,9.517834506232747e-05,0.000812673696461358,3.56406715369691e-05
2013,E07000036,97934,99671,81,37323,0.0021702435495538947,212.5406317820111,male,40-44,4154,0.04241632119590745,9.205374747122426e-05,0.000812673696461358,3.447062853657035e-05
2013,E07000037,79352,99671,799,37942,0.021058457645880557,1671.0307311159133,female,40-44,3392,0.042746244581106964,0.0009001699810316922,0.008016373870032406,0.0003426698781020003
2013,E07000037,79352,99671,799,37942,0.021058457645880557,1671.0307311159133,male,40-44,3387,0.04268323419699566,0.0008988430795266336,0.008016373870032406,0.00034216476330526974
2013,E07000038,87439,99671,29979,39954,0.7503378885718577,65608.79463883466,female,40-44,3593,0.04109150379121445,0.03083251219294233,0.300779564768087,0.01235948462598768
2013,E07000038,87439,99671,29979,39954,0.7503378885718577,65608.79463883466,male,40-44,3378,0.03863264675945517,0.028987538599432008,0.300779564768087,0.01161991067814817
2013,E07000039,83208,99671,20,35034,0.0005708740081064108,47.50128446651824,female,40-44,3925,0.04717094510143256,2.6928666496222274e-05,0.00020066017196576736,9.46532995584123e-06
2013,E07000039,83208,99671,20,35034,0.0005708740081064108,47.50128446651824,male,40-44,3767,0.045272089222190184,2.5844659029622753e-05,0.00020066017196576736,9.084305208574246e-06
2013,E07000170,104161,99671,236,47949,0.004921896181359361,512.6696281465723,female,40-44,4601,0.04417200295696086,0.00021741001267686004,0.002367790029196055,0.0001045900281711106
2013,E07000170,104161,99671,236,47949,0.004921896181359361,512.6696281465723,male,40-44,4467,0.04288553297299373,0.0002110781409753388,0.002367790029196055,0.00010154393737021322
2013,E07000171,98991,99671,245,46725,0.005243445692883896,519.0539325842697,female,40-44,4140,0.041821983816710616,0.00021929130091159123,0.0024580871065806504,0.00010280207919148095
2013,E07000171,98991,99671,245,46725,0.005243445692883896,519.0539325842697,male,40-44,3894,0.039336909416007516,0.00020626094824872856,0.0024580871065806504,9.669354984821906e-05
2013,E07000174,90642,99671,356,45042,0.007903734292438168,716.4102837351803,female,40-44,3612,0.03984907658701264,0.00031495651314276675,0.0035717510609906593,0.00014233098157916046
2013,E07000174,90642,99671,356,45042,0.007903734292438168,716.4102837351803,male,40-44,3670,0.0404889565543567,0.0003200139543837082,0.0035717510609906593,0.00014461647353142826
2013,E07000175,101231,99671,46,49072,0.0009373981089012064,94.89374796217804,female,40-44,4299,0.0424672284181723,3.980869960947028e-05,0.00046151839552126495,1.9599407121789944e-05
2013,E07000175,101231,99671,46,49072,0.0009373981089012064,94.89374796217804,male,40-44,4186,0.04135096956465905,3.8762320671142735e-05,0.00046151839552126495,1.9084233126730105e-05
2013,E07000198,85900,99671,38,34767,0.0010929904794776655,93.88788218713148,female,40-44,3618,0.04211874272409779,4.603538480500808e-05,0.000381254326734958,1.6057952900198813e-05
2013,E07000198,85900,99671,38,34767,0.0010929904794776655,93.88788218713148,male,40-44,3609,0.0420139697322468,4.5920868922408554e-05,0.000381254326734958,1.6018007743730656e-05
2013,E08000018,221537,99671,143,118335,0.0012084336840326193,267.7127730595344,female,40-44,9285,0.04191173483436175,5.064755213008603e-05,0.0014347202295552368,6.013161382261371e-05
2013,E08000018,221537,99671,143,118335,0.0012084336840326193,267.7127730595344,male,40-44,9277,0.04187562348501605,5.060391395916081e-05,0.0014347202295552368,6.0079804139190896e-05
2013,E08000019,481891,99671,2143,210028,0.010203401451235073,4916.927328737121,female,40-44,19303,0.04005677632493655,0.0004087153696856563,0.021500737426131976,0.0008612502298997606
2013,E08000019,481891,99671,2143,210028,0.010203401451235073,4916.927328737121,male,40-44,18655,0.038712073892228735,0.00039499483093228616,0.021500737426131976,0.0008323381359778291
2013,E06000015,211314,99671,159,87238,0.0018226002430133657,385.1409477521264,female,45-49,8938,0.042297244858362434,7.70909687576472e-05,0.0015952483671278505,6.747461079430955e-05
2013,E06000015,211314,99671,159,87238,0.0018226002430133657,385.1409477521264,male,45-49,8946,0.04233510321133479,7.71599694009747e-05,0.0015952483671278505,6.753500427007084e-05
2013,E07000032,108000,99671,1744,42572,0.04096589307526073,4424.316452128159,female,45-49,4974,0.046055555555555565,0.0018867069644106194,0.017497566995414916,0.000805860168844387
2013,E07000032,108000,99671,1744,42572,0.04096589307526073,4424.316452128159,male,45-49,4843,0.044842592592592594,0.0018370168533656274,0.017497566995414916,0.0007846362681369856
2013,E07000033,66507,99671,14620,31990,0.4570178180681463,30394.8840262582,female,45-49,3088,0.04643120273053964,0.021219886962190983,0.14668258570697595,0.006810648874000356
2013,E07000033,66507,99671,14620,31990,0.4570178180681463,30394.8840262582,male,45-49,3069,0.04614551851684785,0.021089324186193047,0.14668258570697595,0.006768743974840381
2013,E07000034,90867,99671,37564,43567,0.862212224849083,78346.63823536162,female,45-49,4143,0.04559411007296378,0.039311799086024085,0.3768799349861043,0.017183505240047872
2013,E07000034,90867,99671,37564,43567,0.862212224849083,78346.63823536162,male,45-49,4038,0.044438575060252894,0.038315482671823616,0.3768799349861043,0.016748007279583227
2013,E07000035,63256,99671,11498,25604,0.449070457740978,28406.400874863306,female,45-49,2940,0.046477804477045664,0.02087180893130257,0.11535953286311965,0.005361657812975399
2013,E07000035,63256,99671,11498,25604,0.449070457740978,28406.400874863306,male,45-49,2921,0.046177437713418486,0.020736923091270343,0.11535953286311965,0.005327007643435762
2013,E07000036,97934,99671,81,37323,0.0021702435495538947,212.5406317820111,female,45-49,4656,0.0475422223129863,0.00010317820130621574,0.000812673696461358,3.863631354508222e-05
2013,E07000036,97934,99671,81,37323,0.0021702435495538947,212.5406317820111,male,45-49,4536,0.046316907304919636,0.0001005189693137875,0.000812673696461358,3.764053226814711e-05
2013,E07000037,79352,99671,799,37942,0.021058457645880557,1671.0307311159133,female,45-49,3889,0.04900947676177034,0.0010320639906345075,0.008016373870032406,0.0003928782888970162
2013,E07000037,79352,99671,799,37942,0.021058457645880557,1671.0307311159133,male,45-49,3770,0.04750982961992136,0.0010004837348141153,0.008016373870032406,0.0003808565567348293
2013,E07000038,87439,99671,29979,39954,0.7503378885718577,65608.79463883466,female,45-49,3983,0.04555175608138245,0.03417920847884478,0.300779564768087,0.013701037368580271
2013,E07000038,87439,99671,29979,39954,0.7503378885718577,65608.79463883466,male,45-49,3842,0.04393920333032171,0.03296924905240313,0.300779564768087,0.013216014453950644
2013,E07000039,83208,99671,20,35034,0.0005708740081064108,47.50128446651824,female,45-49,3937,0.047315162003653495,2.701099617722983e-05,0.00020066017196576736,9.494268544241253e-06
2013,E07000039,83208,99671,20,35034,0.0005708740081064108,47.50128446651824,male,45-49,4100,0.04927410825882127,2.8129307677582503e-05,0.00020066017196576736,9.887351036674913e-06
2013,E07000170,104161,99671,236,47949,0.004921896181359361,512.6696281465723,female,45-49,4777,0.04586169487620127,0.0002257265008818432,0.002367790029196055,0.00010859086384990116
2013,E07000170,104161,99671,236,47949,0.004921896181359361,512.6696281465723,male,45-49,4691,0.04503604996111789,0.0002216627623271355,0.002367790029196055,0.00010663591005231031
2013,E07000171,98991,99671,245,46725,0.005243445692883896,519.0539325842697,female,45-49,4576,0.04622642462446081,0.00024238574709455106,0.0024580871065806504,0.0001136285783527094
2013,E07000171,98991,99671,245,46725,0.005243445692883896,519.0539325842697,male,45-49,4571,0.046175914982170094,0.00024212090252823272,0.0024580871065806504,0.0001135044212522366
2013,E07000174,90642,99671,356,45042,0.007903734292438168,716.4102837351803,female,45-49,4074,0.04494605149930496,0.00035524164854474857,0.0035717510609906593,0.0001605361071299833
2013,E07000174,90642,99671,356,45042,0.007903734292438168,716.4102837351803,male,45-49,3996,0.044085523267359504,0.00034844026204831007,0.0035717510609906593,0.00015746251450451967
2013,E07000175,101231,99671,46,49072,0.0009373981089012064,94.89374796217804,female,45-49,4635,0.04578636978791082,4.2920056452638926e-05,0.00046151839552126495,2.1131251921259923e-05
2013,E07000175,101231,99671,46,49072,0.0009373981089012064,94.89374796217804,male,45-49,4574,0.04518378757495234,4.235519702575415e-05,0.00046151839552126495,2.085314914516567e-05
2013,E07000198,85900,99671,38,34767,0.0010929904794776655,93.88788218713148,female,45-49,3963,0.04613504074505238,5.0425160304656437e-05,0.000381254326734958,1.7589183898144807e-05
2013,E07000198,85900,99671,38,34767,0.0010929904794776655,93.88788218713148,male,45-49,3802,0.04426076833527357,4.837659840482054e-05,0.000381254326734958,1.6874609432436673e-05
2013,E08000018,221537,99671,143,118335,0.0012084336840326193,267.7127730595344,female,45-49,9740,0.04396556782839887,5.312947310145805e-05,0.0014347202295552368,6.307828956728676e-05
2013,E08000018,221537,99671,143,118335,0.0012084336840326193,267.7127730595344,male,45-49,9865,0.04452980766192555,5.3811319522164644e-05,0.0014347202295552368,6.388781587076836e-05
2013,E08000019,481891,99671,2143,210028,0.010203401451235073,4916.927328737121,female,45-49,18597,0.03859171472386909,0.00039376675801917584,0.021500737426131976,0.0008297503251021006
2013,E08000019,481891,99671,2143,210028,0.010203401451235073,4916.927328737121,male,45-49,18828,0.039071076239232526,0.0003986578760007013,0.021500737426131976,0.0008400569511761225
2013,E06000015,211314,99671,159,87238,0.0018226002430133657,385.1409477521264,female,50-54,7795,0.03688823267743737,6.723250184223093e-05,0.0015952483671278505,5.884589294491419e-05
2013,E06000015,211314,99671,159,87238,0.0018226002430133657,385.1409477521264,male,50-54,7898,0.03737565897195642,6.812088512507246e-05,0.0015952483671278505,5.962345894534088e-05
2013,E07000032,108000,99671,1744,42572,0.04096589307526073,4424.316452128159,female,50-54,4505,0.041712962962962966,0.0017088087805930518,0.017497566995414916,0.0007298753640217056
2013,E07000032,108000,99671,1744,42572,0.04096589307526073,4424.316452128159,male,50-54,4564,0.04225925925925926,0.0017311882962545368,0.017497566995414916,0.0007394342200654969
2013,E07000033,66507,99671,14620,31990,0.4570178180681463,30394.8840262582,female,50-54,2611,0.039259025365750974,0.01794207411213752,0.14668258570697595,0.005758615352984111
2013,E07000033,66507,99671,14620,31990,0.4570178180681463,30394.8840262582,male,50-54,2776,0.041739967221495484,0.019075908745803814,0.14668258570697595,0.006122526319373378
2013,E07000034,90867,99671,37564,43567,0.862212224849083,78346.63823536162,female,50-54,3674,0.040432720349521833,0.034861585769262016,0.3768799349861043,0.015238281016639122
2013,E07000034,90867,99671,37564,43567,0.862212224849083,78346.63823536162,male,50-54,3823,0.04207247955803537,0.03627540620465124,0.3768799349861043,0.015856273360536573
2013,E07000035,63256,99671,11498,25604,0.449070457740978,28406.400874863306,female,50-54,2822,0.04461236878715063,0.02003409687215505,0.11535953286311965,0.005146462023202917
2013,E07000035,63256,99671,11498,25604,0.449070457740978,28406.400874863306,male,50-54,2822,0.04461236878715063,0.02003409687215505,0.11535953286311965,0.005146462023202917
2013,E07000036,97934,99671,81,37323,0.0021702435495538947,212.5406317820111,female,50-54,4065,0.04150754589825801,9.008148374350664e-05,0.000812673696461358,3.373209075617681e-05
2013,E07000036,97934,99671,81,37323,0.0021702435495538947,212.5406317820111,male,50-54,4200,0.042886025282333,9.30731197349884e-05,0.000812673696461358,3.4852344692728805e-05
2013,E07000037,79352,99671,799,37942,0.021058457645880557,1671.0307311159133,female,50-54,3655,0.046060590785361434,0.0009699650001977696,0.008016373870032406,0.00036923891641002683
2013,E07000037,79352,99671,799,37942,0.021058457645880557,1671.0307311159133,male,50-54,3566,0.04493900594818026,0.0009463461534077283,0.008016373870032406,0.0003602478730282232
2013,E07000038,87439,99671,29979,39954,0.7503378885718577,65608.79463883466,female,50-54,3682,0.04210935623691945,0.031596245447930334,0.300779564768087,0.012665633841604962
2013,E07000038,87439,99671,29979,39954,0.7503378885718577,65608.79463883466,male,50-54,3693,0.042235158224590855,0.03169063944573783,0.300779564768087,0.012703472508703729
2013,E07000039,83208,99671,20,35034,0.0005708740081064108,47.50128446651824,female,50-54,3514,0.04223151620036535,2.410887492171339e-05,0.00020066017196576736,8.474183303140401e-06
2013,E07000039,83208,99671,20,35034,0.0005708740081064108,47.50128446651824,male,50-54,3432,0.04124603403518892,2.354628876816174e-05,0.00020066017196576736,8.276436282406903e-06
2013,E07000170,104161,99671,236,47949,0.004921896181359361,512.6696281465723,female,50-54,4419,0.04242470790410998,0.00020881000782852518,0.002367790029196055,0.00010045280036690668
2013,E07000170,104161,99671,236,47949,0.004921896181359361,512.6696281465723,male,50-54,4371,0.041963882835226236,0.00020654187468171164,0.002367790029196055,9.936166336360016e-05
2013,E07000171,98991,99671,245,46725,0.005243445692883896,519.0539325842697,female,50-54,4314,0.04357971936842743,0.00022850789181946967,0.0024580871065806504,0.00010712274628793452
2013,E07000171,98991,99671,245,46725,0.005243445692883896,519.0539325842697,male,50-54,4229,0.0427210554494853,0.00022400553419205782,0.0024580871065806504,0.00010501207557989686
2013,E07000174,90642,99671,356,45042,0.007903734292438168,716.4102837351803,female,50-54,3953,0.043611129498466496,0.00034469077974899143,0.0035717510609906593,0.00015576809805714875
2013,E07000174,90642,99671,356,45042,0.007903734292438168,716.4102837351803,male,50-54,3831,0.04226517508439796,0.00033405271369045937,0.0035717510609906593,0.0001509606839506544
2013,E07000175,101231,99671,46,49072,0.0009373981089012064,94.89374796217804,female,50-54,4367,0.043138959409667,4.043837897058775e-05,0.00046151839552126495,1.9909423331206487e-05
2013,E07000175,101231,99671,46,49072,0.0009373981089012064,94.89374796217804,male,50-54,4266,0.042141241319358695,3.9503119919516216e-05,0.00046151839552126495,1.9448958078984855e-05
2013,E07000198,85900,99671,38,34767,0.0010929904794776655,93.88788218713148,female,50-54,3577,0.04164144353899884,4.5513701339832485e-05,0.000381254326734958,1.587598052073277e-05
2013,E07000198,85900,99671,38,34767,0.0010929904794776655,93.88788218713148,male,50-54,3649,0.04247962747380675,4.642982840062865e-05,0.000381254326734958,1.6195541772478022e-05
2013,E08000018,221537,99671,143,118335,0.0012084336840326193,267.7127730595344,female,50-54,9136,0.04123916095279796,4.9834791196603775e-05,0.0014347202295552368,5.916665846886364e-05
2013,E08000018,221537,99671,143,118335,0.0012084336840326193,267.7127730595344,male,50-54,9304,0.04199749928905781,5.0751192786033444e-05,0.0014347202295552368,6.025466182074292e-05
2013,E08000019,481891,99671,2143,210028,0.010203401451235073,4916.927328737121,female,50-54,17015,0.03530881464895588,0.0003602700106305467,0.021500737426131976,0.0007591655525951628
2013,E08000019,481891,99671,2143,210028,0.010203401451235073,4916.927328737121,male,50-54,17084,0.035452000556142366,0.00036173099392372966,0.021500737426131976,0.0007622441551887018
2013,E06000015,211314,99671,159,87238,0.0018226002430133657,385.1409477521264,female,55-59,6516,0.03083562849598228,5.6201023990247166e-05,0.0015952483671278505,4.9190486007576755e-05
2013,E06000015,211314,99671,159,87238,0.0018226002430133657,385.1409477521264,male,55-59,6419,0.030376595966192486,5.5364391189901246e-05,0.0015952483671278505,4.845821511397102e-05
2013,E07000032,108000,99671,1744,42572,0.04096589307526073,4424.316452128159,female,55-59,4081,0.037787037037037036,0.0015479797188901762,0.017497566995414916,0.0006611812121137803
2013,E07000032,108000,99671,1744,42572,0.04096589307526073,4424.316452128159,male,55-59,4098,0.03794444444444445,0.0015544280539112824,0.017497566995414916,0.000663935458770466
2013,E07000033,66507,99671,14620,31990,0.4570178180681463,30394.8840262582,female,55-59,2408,0.03620671508262288,0.016547113926475353,0.14668258570697595,0.00531089458827489
2013,E07000033,66507,99671,14620,31990,0.4570178180681463,30394.8840262582,male,55-59,2409,0.03622175109386982,0.016553985651527874,0.14668258570697595,0.005313100109283309
2013,E07000034,90867,99671,37564,43567,0.862212224849083,78346.63823536162,female,55-59,3333,0.03667998283205124,0.03162592960504907,0.3768799349861043,0.013823949545034893
2013,E07000034,90867,99671,37564,43567,0.862212224849083,78346.63823536162,male,55-59,3347,0.03683405416707936,0.03175877179360913,0.3768799349861043,0.013882015939763513
2013,E07000035,63256,99671,11498,25604,0.449070457740978,28406.400874863306,female,55-59,2659,0.042035538130770204,0.01887691834977331,0.11535953286311965,0.004849200042415505
2013,E07000035,63256,99671,11498,25604,0.449070457740978,28406.400874863306,male,55-59,2595,0.04102377640065765,0.01842256604650686,0.11535953286311965,0.004732483681860938
2013,E07000036,97934,99671,81,37323,0.0021702435495538947,212.5406317820111,female,55-59,3383,0.034543672269079166,7.49681819198728e-05,0.000812673696461358,2.8072733832262268e-05
2013,E07000036,97934,99671,81,37323,0.0021702435495538947,212.5406317820111,male,55-59,3404,0.03475810239549084,7.543354751854776e-05,0.000812673696461358,2.824699555572592e-05
2013,E07000037,79352,99671,799,37942,0.021058457645880557,1671.0307311159133,female,55-59,3027,0.03814648654098195,0.0008033061711624211,0.008016373870032406,0.00030579649794067063
2013,E07000037,79352,99671,799,37942,0.021058457645880557,1671.0307311159133,male,55-59,3152,0.039721746143764496,0.0008364787087888838,0.008016373870032406,0.00031842436785893427
2013,E07000038,87439,99671,29979,39954,0.7503378885718577,65608.79463883466,female,55-59,3490,0.03991353972483674,0.029948641122562968,0.300779564768087,0.012005177106790148
2013,E07000038,87439,99671,29979,39954,0.7503378885718577,65608.79463883466,male,55-59,3469,0.0396733722938277,0.029768434399475914,0.300779564768087,0.011932939651419776
2013,E07000039,83208,99671,20,35034,0.0005708740081064108,47.50128446651824,female,55-59,3002,0.036078261705605234,2.059614186539089e-05,0.00020066017196576736,7.2394701980727055e-06
2013,E07000039,83208,99671,20,35034,0.0005708740081064108,47.50128446651824,male,55-59,2984,0.03586193635227382,2.047264734387956e-05,0.00020066017196576736,7.196062315472668e-06
2013,E07000170,104161,99671,236,47949,0.004921896181359361,512.6696281465723,female,55-59,3617,0.03472508904484404,0.00017091328316718165,0.002367790029196055,8.222171960332688e-05
2013,E07000170,104161,99671,236,47949,0.004921896181359361,512.6696281465723,male,55-59,3675,0.0352819193364119,0.00017365394405291474,0.002367790029196055,8.354017681565559e-05
2013,E07000171,98991,99671,245,46725,0.005243445692883896,519.0539325842697,female,55-59,3693,0.037306421795920836,0.00019561419668273104,0.0024580871065806504,9.170243440921238e-05
2013,E07000171,98991,99671,245,46725,0.005243445692883896,519.0539325842697,male,55-59,3881,0.03920558434605166,0.00020557235237630088,0.0024580871065806504,9.637074138698976e-05
2013,E07000174,90642,99671,356,45042,0.007903734292438168,716.4102837351803,female,55-59,3332,0.036760000882593055,0.00029054127956580807,0.0035717510609906593,0.0001312975721544193
2013,E07000174,90642,99671,356,45042,0.007903734292438168,716.4102837351803,male,55-59,3363,0.037102005692725225,0.0002932443947118285,0.0035717510609906593,0.0001325191281978728
2013,E07000175,101231,99671,46,49072,0.0009373981089012064,94.89374796217804,female,55-59,3879,0.03831830170599915,3.591950355550947e-05,0.00046151839552126495,1.7684601122452476e-05
2013,E07000175,101231,99671,46,49072,0.0009373981089012064,94.89374796217804,male,55-59,3760,0.037142772470883434,3.4817564673553917e-05,0.00046151839552126495,1.7142072755973527e-05
2013,E07000198,85900,99671,38,34767,0.0010929904794776655,93.88788218713148,female,55-59,3421,0.03982537834691502,4.352875937477409e-05,0.000381254326734958,1.5183597808618063e-05
2013,E07000198,85900,99671,38,34767,0.0010929904794776655,93.88788218713148,male,55-59,3250,0.03783469150174622,4.1352957605383146e-05,0.000381254326734958,1.4424639835723093e-05
2013,E08000018,221537,99671,143,118335,0.0012084336840326193,267.7127730595344,female,55-59,8173,0.03689225727530841,4.4581846371480136e-05,0.0014347202295552368,5.293006782684134e-05
2013,E08000018,221537,99671,143,118335,0.0012084336840326193,267.7127730595344,male,55-59,8247,0.03722628725675621,4.4985499452538454e-05,0.0014347202295552368,5.340930739850246e-05
2013,E08000019,481891,99671,2143,210028,0.010203401451235073,4916.927328737121,female,55-59,14405,0.029892652072771645,0.0003050067295405833,0.021500737426131976,0.0006427140631873829
2013,E08000019,481891,99671,2143,210028,0.010203401451235073,4916.927328737121,male,55-59,14363,0.029805495433614656,0.00030411743536212413,0.021500737426131976,0.0006408401311739242
2013,E06000015,211314,99671,159,87238,0.0018226002430133657,385.1409477521264,female,60-64,5944,0.02812875625845897,5.126747799233106e-05,0.0015952483671278505,4.487235249064399e-05
2013,E06000015,211314,99671,159,87238,0.0018226002430133657,385.1409477521264,male,60-64,5863,0.02774544043461389,5.0568846478640146e-05,0.0015952483671278505,4.426086854856085e-05
2013,E07000032,108000,99671,1744,42572,0.04096589307526073,4424.316452128159,female,60-64,4137,0.038305555555555565,0.0015692212930773484,0.017497566995414916,0.0006702540246299214
2013,E07000032,108000,99671,1744,42572,0.04096589307526073,4424.316452128159,male,60-64,4124,0.03818518518518518,0.0015642902133553265,0.017497566995414916,0.0006681478360101027
2013,E07000033,66507,99671,14620,31990,0.4570178180681463,30394.8840262582,female,60-64,2334,0.03509405025034959,0.016038606272588653,0.14668258570697595,0.005147686033651825
2013,E07000033,66507,99671,14620,31990,0.4570178180681463,30394.8840262582,male,60-64,2311,0.03474822199167005,0.015880556596380626,0.14668258570697595,0.005096959050458169
2013,E07000034,90867,99671,37564,43567,0.862212224849083,78346.63823536162,female,60-64,3182,0.0350182134328194,0.030193131714151257,0.3768799349861043,0.0131976620018905
2013,E07000034,90867,99671,37564,43567,0.862212224849083,78346.63823536162,male,60-64,3234,0.03559047839149526,0.030686545557374344,0.3768799349861043,0.013413337182311084
2013,E07000035,63256,99671,11498,25604,0.449070457740978,28406.400874863306,female,60-64,2755,0.043553180725939035,0.019558446804672985,0.11535953286311965,0.005024274583247354
2013,E07000035,63256,99671,11498,25604,0.449070457740978,28406.400874863306,male,60-64,2714,0.042905020867585686,0.01926737736039292,0.11535953286311965,0.004949503164767086
2013,E07000036,97934,99671,81,37323,0.0021702435495538947,212.5406317820111,female,60-64,3309,0.033788061347438066,7.332832219120873e-05,0.000812673696461358,2.745866871148563e-05
2013,E07000036,97934,99671,81,37323,0.0021702435495538947,212.5406317820111,male,60-64,3272,0.033410255886617515,7.250839232687668e-05,0.000812673696461358,2.7151636151097296e-05
2013,E07000037,79352,99671,799,37942,0.021058457645880557,1671.0307311159133,female,60-64,2923,0.03683587055146688,0.000775706619857204,0.008016373870032406,0.0002952901101686753
2013,E07000037,79352,99671,799,37942,0.021058457645880557,1671.0307311159133,male,60-64,3034,0.038234701078737776,0.000805163833269503,0.008016373870032406,0.00030650365865609333
2013,E07000038,87439,99671,29979,39954,0.7503378885718577,65608.79463883466,female,60-64,3475,0.03974199155983029,0.029819922034643644,0.300779564768087,0.011953578924382738
2013,E07000038,87439,99671,29979,39954,0.7503378885718577,65608.79463883466,male,60-64,3329,0.03807225608710072,0.028567056245562213,0.300779564768087,0.011451356615617305
2013,E07000039,83208,99671,20,35034,0.0005708740081064108,47.50128446651824,female,60-64,2948,0.035429285645611,2.0225658300856877e-05,0.00020066017196576736,7.1092465502725965e-06
2013,E07000039,83208,99671,20,35034,0.0005708740081064108,47.50128446651824,male,60-64,2929,0.035200942217094515,2.0095302972594912e-05,0.00020066017196576736,7.063427118639224e-06
2013,E07000170,104161,99671,236,47949,0.004921896181359361,512.6696281465723,female,60-64,3576,0.03433146763183917,0.00016897591943761169,0.002367790029196055,8.128970674633588e-05
2013,E07000170,104161,99671,236,47949,0.004921896181359361,512.6696281465723,male,60-64,3577,0.03434106815410758,0.00016902317221150368,0.002367790029196055,8.131243876723813e-05
2013,E07000171,98991,99671,245,46725,0.005243445692883896,519.0539325842697,female,60-64,3787,0.03825600307098625,0.00020059327452951592,0.0024580871065806504,9.403658789810107e-05
2013,E07000171,98991,99671,245,46725,0.005243445692883896,519.0539325842697,male,60-64,3664,0.03701346587063471,0.0001940780981980846,0.0024580871065806504,9.098232322647012e-05
2013,E07000174,90642,99671,356,45042,0.007903734292438168,716.4102837351803,female,60-64,3073,0.033902605856004936,0.0002679571885071213,0.0035717510609906593,0.0001210916684365338
2013,E07000174,90642,99671,356,45042,0.007903734292438168,716.4102837351803,male,60-64,3164,0.034906555459941306,0.00027589213941963287,0.0035717510609906593,0.00012467752649957466
2013,E07000175,101231,99671,46,49072,0.0009373981089012064,94.89374796217804,female,60-64,3747,0.037014353310744735,3.4697184795693216e-05,0.00046151839552126495,1.7082804951232128e-05
2013,E07000175,101231,99671,46,49072,0.0009373981089012064,94.89374796217804,male,60-64,3718,0.03672787979966611,3.442864506815783e-05,0.00046151839552126495,1.695059215603978e-05
2013,E07000198,85900,99671,38,34767,0.0010929904794776655,93.88788218713148,female,60-64,3580,0.04167636786961583,4.555187330069898e-05,0.000381254326734958,1.588929557288882e-05
2013,E07000198,85900,99671,38,34767,0.0010929904794776655,93.88788218713148,male,60-64,3459,0.04026775320139697,4.401227087908318e-05,0.000381254326734958,1.5352255135928048e-05
2013,E08000018,221537,99671,143,118335,0.0012084336840326193,267.7127730595344,female,60-64,7673,0.034635297941201695,4.185446068865376e-05,0.0014347202295552368,4.969196261291492e-05
2013,E08000018,221537,99671,143,118335,0.0012084336840326193,267.7127730595344,male,60-64,7664,0.034594672673187776,4.180536774636289e-05,0.0014347202295552368,4.963367671906425e-05
2013,E08000019,481891,99671,2143,210028,0.010203401451235073,4916.927328737121,female,60-64,13378,0.02776146472957577,0.00028326136951016475,0.021500737426131976,0.0005968919637154328
2013,E08000019,481891,99671,2143,210028,0.010203401451235073,4916.927328737121,male,60-64,12948,0.02686914675725424,0.000274156691016416,0.021500737426131976,0.0005777064692919288
2013,E06000015,211314,99671,159,87238,0.0018226002430133657,385.1409477521264,female,65-69,6066,0.028706096141287375,5.231973780307541e-05,0.0015952483671278505,4.579335299600377e-05
2013,E06000015,211314,99671,159,87238,0.0018226002430133657,385.1409477521264,male,65-69,5638,0.026680674257266442,4.862820338505426e-05,0.0015952483671278505,4.256230204277436e-05
2013,E07000032,108000,99671,1744,42572,0.04096589307526073,4424.316452128159,female,65-69,4268,0.039518518518518515,0.0016189114041223404,0.017497566995414916,0.0006914779253373227
2013,E07000032,108000,99671,1744,42572,0.04096589307526073,4424.316452128159,male,65-69,4223,0.03910185185185185,0.0016018422820076488,0.017497566995414916,0.0006841872724225668
2013,E07000033,66507,99671,14620,31990,0.4570178180681463,30394.8840262582,female,65-69,2452,0.036868299577488085,0.01684946982878636,0.14668258570697595,0.005407937512645362
2013,E07000033,66507,99671,14620,31990,0.4570178180681463,30394.8840262582,male,65-69,2406,0.036176643060129014,0.016533370476370306,0.14668258570697595,0.00530648354625805
2013,E07000034,90867,99671,37564,43567,0.862212224849083,78346.63823536162,female,65-69,3358,0.03695511021603002,0.03186314779890632,0.3768799349861043,0.013927639535621712
2013,E07000034,90867,99671,37564,43567,0.862212224849083,78346.63823536162,male,65-69,3115,0.03428087204375626,0.02955738695461382,0.3768799349861043,0.012919772827117818
2013,E07000035,63256,99671,11498,25604,0.449070457740978,28406.400874863306,female,65-69,2879,0.045513469078032116,0.02043875439225173,0.11535953286311965,0.005250412531821827
2013,E07000035,63256,99671,11498,25604,0.449070457740978,28406.400874863306,male,65-69,2829,0.04472303022638169,0.02008379165532482,0.11535953286311965,0.0051592278751385725
2013,E07000036,97934,99671,81,37323,0.0021702435495538947,212.5406317820111,female,65-69,3512,0.035860885902750834,7.782685631173316e-05,0.000812673696461358,2.9143198704967518e-05
2013,E07000036,97934,99671,81,37323,0.0021702435495538947,212.5406317820111,male,65-69,3354,0.034247554475463064,7.432553418836931e-05,0.000812673696461358,2.7832086690336293e-05
2013,E07000037,79352,99671,799,37942,0.021058457645880557,1671.0307311159133,female,65-69,2953,0.03721393285613469,0.0007836680288875551,0.008016373870032406,0.00029832079894905863
2013,E07000037,79352,99671,799,37942,0.021058457645880557,1671.0307311159133,male,65-69,2918,0.03677286016735558,0.0007743797183521455,0.008016373870032406,0.00029478499537194484
2013,E07000038,87439,99671,29979,39954,0.7503378885718577,65608.79463883466,female,65-69,3836,0.04387058406431912,0.0329177614172354,0.300779564768087,0.013195375180987678
2013,E07000038,87439,99671,29979,39954,0.7503378885718577,65608.79463883466,male,65-69,3669,0.04196068116058052,0.03148468890506692,0.300779564768087,0.012620915416851876
2013,E07000039,83208,99671,20,35034,0.0005708740081064108,47.50128446651824,female,65-69,2869,0.03447985770598981,1.9683654567557127e-05,0.00020066017196576736,6.918734176639105e-06
2013,E07000039,83208,99671,20,35034,0.0005708740081064108,47.50128446651824,male,65-69,2812,0.033794827420440335,1.9292588582771217e-05,0.00020066017196576736,6.78127588173899e-06
2013,E07000170,104161,99671,236,47949,0.004921896181359361,512.6696281465723,female,65-69,3697,0.03549313082631695,0.0001746935050785376,0.002367790029196055,8.404028127550441e-05
2013,E07000170,104161,99671,236,47949,0.004921896181359361,512.6696281465723,male,65-69,3527,0.03386104204068701,0.00016666053351690614,0.002367790029196055,8.017583772212715e-05
2013,E07000171,98991,99671,245,46725,0.005243445692883896,519.0539325842697,female,65-69,3799,0.03837722621248396,0.00020122890148867995,0.0024580871065806504,9.43345649392358e-05
2013,E07000171,98991,99671,245,46725,0.005243445692883896,519.0539325842697,male,65-69,3750,0.037882231718034974,0.00019863342473876015,0.0024580871065806504,9.311782535460231e-05
2013,E07000174,90642,99671,356,45042,0.007903734292438168,716.4102837351803,female,65-69,3089,0.034079124467686066,0.00026935234471151887,0.0035717510609906593,0.0001217221489750904
2013,E07000174,90642,99671,356,45042,0.007903734292438168,716.4102837351803,male,65-69,2982,0.03289865625206858,0.00026002223759460984,0.0035717510609906593,0.00011750581037349294
2013,E07000175,101231,99671,46,49072,0.0009373981089012064,94.89374796217804,female,65-69,4017,0.03968152048285605,3.719738225895374e-05,0.00046151839552126495,1.831375166509193e-05
2013,E07000175,101231,99671,46,49072,0.0009373981089012064,94.89374796217804,male,65-69,3851,0.03804170659185428,3.5660223818578757e-05,0.00046151839552126495,1.7556947389163314e-05
2013,E07000198,85900,99671,38,34767,0.0010929904794776655,93.88788218713148,female,65-69,3729,0.043410942956926664,4.7447747357068845e-05,0.000381254326734958,1.655060982997274e-05
2013,E07000198,85900,99671,38,34767,0.0010929904794776655,93.88788218713148,male,65-69,3659,0.04259604190919674,4.655706827018368e-05,0.000381254326734958,1.623992527966486e-05
2013,E08000018,221537,99671,143,118335,0.0012084336840326193,267.7127730595344,female,65-69,7985,0.036043640565684286,4.355634935473742e-05,0.0014347202295552368,5.1712540266405014e-05
2013,E08000018,221537,99671,143,118335,0.0012084336840326193,267.7127730595344,male,65-69,7623,0.034409602007791015,4.1581722120371116e-05,0.0014347202295552368,4.936815209152227e-05
2013,E08000019,481891,99671,2143,210028,0.010203401451235073,4916.927328737121,female,65-69,14073,0.029203699591816405,0.00029797707079657265,0.021500737426131976,0.0006279010767952822
2013,E08000019,481891,99671,2143,210028,0.010203401451235073,4916.927328737121,male,65-69,13032,0.02704346003556821,0.0002759352793733344,0.021500737426131976,0.0005814543333188457
2013,E06000015,211314,99671,159,87238,0.0018226002430133657,385.1409477521264,female,70-74,4588,0.021711765429644984,3.9571868948320136e-05,0.0015952483671278505,3.4635658349104076e-05
2013,E06000015,211314,99671,159,87238,0.0018226002430133657,385.1409477521264,male,70-74,3970,0.01878720766253064,3.424156925127091e-05,0.0015952483671278505,2.9970262346543848e-05
2013,E07000032,108000,99671,1744,42572,0.04096589307526073,4424.316452128159,female,70-74,2906,0.026907407407407408,0.0011022859747843305,0.017497566995414916,0.0004708141637840347
2013,E07000032,108000,99671,1744,42572,0.04096589307526073,4424.316452128159,male,70-74,2913,0.026972222222222224,0.001104941171557727,0.017497566995414916,0.00047194826534855246
2013,E07000033,66507,99671,14620,31990,0.4570178180681463,30394.8840262582,female,70-74,1740,0.026162659569669358,0.011956801591389996,0.14668258570697595,0.003837606554650461
2013,E07000033,66507,99671,14620,31990,0.4570178180681463,30394.8840262582,male,70-74,1699,0.02554618310854496,0.011675060864236557,0.14668258570697595,0.003747180193305248
2013,E07000034,90867,99671,37564,43567,0.862212224849083,78346.63823536162,female,70-74,2439,0.026841427580969992,0.023143006992713672,0.3768799349861043,0.010115995481650195
2013,E07000034,90867,99671,37564,43567,0.862212224849083,78346.63823536162,male,70-74,2250,0.0247614645580904,0.02134963744715284,0.3768799349861043,0.009332099152813834
2013,E07000035,63256,99671,11498,25604,0.449070457740978,28406.400874863306,female,70-74,2031,0.032107626154040725,0.014418586373971263,0.11535953286311965,0.003703920754473821
2013,E07000035,63256,99671,11498,25604,0.449070457740978,28406.400874863306,male,70-74,1858,0.02937270772733021,0.01319041530420414,0.11535953286311965,0.0033884218423497585
2013,E07000036,97934,99671,81,37323,0.0021702435495538947,212.5406317820111,female,70-74,2532,0.02585414667020646,5.610979504023586e-05,0.000812673696461358,2.1010984943330794e-05
2013,E07000036,97934,99671,81,37323,0.0021702435495538947,212.5406317820111,male,70-74,2345,0.023944697449302596,5.1965825185368544e-05,0.000812673696461358,1.9459225786773583e-05
2013,E07000037,79352,99671,799,37942,0.021058457645880557,1671.0307311159133,female,70-74,2136,0.026918036092348014,0.0005668523229609947,0.008016373870032406,0.00021578504116328792
2013,E07000037,79352,99671,799,37942,0.021058457645880557,1671.0307311159133,male,70-74,1865,0.023502873273515475,0.0004949342613868237,0.008016373870032406,0.00018840781918049248
2013,E07000038,87439,99671,29979,39954,0.7503378885718577,65608.79463883466,female,70-74,2803,0.0320566337675408,0.02405330689585788,0.300779564768087,0.009641980352530884
2013,E07000038,87439,99671,29979,39954,0.7503378885718577,65608.79463883466,male,70-74,2551,0.029174624595432245,0.02189082621881322,0.300779564768087,0.008775130888086437
2013,E07000039,83208,99671,20,35034,0.0005708740081064108,47.50128446651824,female,70-74,1917,0.023038650129795214,1.3152166540957476e-05,0.00020066017196576736,4.6229394969038565e-06
2013,E07000039,83208,99671,20,35034,0.0005708740081064108,47.50128446651824,male,70-74,1904,0.022882415152389198,1.3062976053199291e-05,0.00020066017196576736,4.591589359470497e-06
2013,E07000170,104161,99671,236,47949,0.004921896181359361,512.6696281465723,female,70-74,2822,0.02709267384145697,0.00013334732792308172,0.002367790029196055,6.414976298606261e-05
2013,E07000170,104161,99671,236,47949,0.004921896181359361,512.6696281465723,male,70-74,2654,0.02547978610036386,0.0001254088619092342,0.002367790029196055,6.0330783474489794e-05
2013,E07000171,98991,99671,245,46725,0.005243445692883896,519.0539325842697,female,70-74,2810,0.028386418967380873,0.00014884264627091097,0.0024580871065806504,6.977629046571534e-05
2013,E07000171,98991,99671,245,46725,0.005243445692883896,519.0539325842697,male,70-74,2565,0.025911446495135926,0.00013586526252131197,0.0024580871065806504,6.3692592542548e-05
2013,E07000174,90642,99671,356,45042,0.007903734292438168,716.4102837351803,female,70-74,2327,0.025672425586372758,0.00020290803047708143,0.0035717510609906593,9.169551332633067e-05
2013,E07000174,90642,99671,356,45042,0.007903734292438168,716.4102837351803,male,70-74,2037,0.02247302574965248,0.00017762082427237428,0.0035717510609906593,8.026805356499165e-05
2013,E07000175,101231,99671,46,49072,0.0009373981089012064,94.89374796217804,female,70-74,2908,0.02872637828333218,2.692805267837627e-05,0.00046151839552126495,1.3257752014460378e-05
2013,E07000175,101231,99671,46,49072,0.0009373981089012064,94.89374796217804,male,70-74,2630,0.025980183935750908,2.4353775290278407e-05,0.00046151839552126495,1.1990332805375101e-05
2013,E07000198,85900,99671,38,34767,0.0010929904794776655,93.88788218713148,female,70-74,2639,0.030721769499417927,3.357860157557112e-05,0.000381254326734958,1.171280754660715e-05
2013,E07000198,85900,99671,38,34767,0.0010929904794776655,93.88788218713148,male,70-74,2636,0.030686845168800925,3.354042961470462e-05,0.000381254326734958,1.16994924944511e-05
2013,E08000018,221537,99671,143,118335,0.0012084336840326193,267.7127730595344,female,70-74,5921,0.02672691243449176,3.2297701256030105e-05,0.0014347202295552368,3.834564194331673e-05
2013,E08000018,221537,99671,143,118335,0.0012084336840326193,267.7127730595344,male,70-74,5333,0.024072728257582256,2.9090295693026262e-05,0.0014347202295552368,3.453763021173925e-05
2013,E08000019,481891,99671,2143,210028,0.010203401451235073,4916.927328737121,female,70-74,10687,0.02217721434930306,0.00022628302107603008,0.021500737426131976,0.0004768264625674113
2013,E08000019,481891,99671,2143,210028,0.010203401451235073,4916.927328737121,male,70-74,9629,0.019981697105777036,0.00020388127724722504,0.021500737426131976,0.0004296212227998133
2013,E06000015,211314,99671,159,87238,0.0018226002430133657,385.1409477521264,female,75-79,4179,0.019776257133933387,3.60442110582018e-05,0.0015952483671278505,3.1548041900807744e-05
2013,E06000015,211314,99671,159,87238,0.0018226002430133657,385.1409477521264,male,75-79,3504,0.016581958601891024,3.0222281777444154e-05,0.0015952483671278505,2.645234238344827e-05
2013,E07000032,108000,99671,1744,42572,0.04096589307526073,4424.316452128159,female,75-79,2393,0.02215740740740741,0.000907697982676842,0.017497566995414916,0.0003877007205558138
2013,E07000032,108000,99671,1744,42572,0.04096589307526073,4424.316452128159,male,75-79,1923,0.017805555555555557,0.0007294204850345036,0.017497566995414916,0.00031155390122391565
2013,E07000033,66507,99671,14620,31990,0.4570178180681463,30394.8840262582,female,75-79,1426,0.021441352038131325,0.00979907992489778,0.14668258570697595,0.003145072958006641
2013,E07000033,66507,99671,14620,31990,0.4570178180681463,30394.8840262582,male,75-79,1236,0.0185845099012134,0.008493452164918409,0.14668258570697595,0.0027260239664068787
2013,E07000034,90867,99671,37564,43567,0.862212224849083,78346.63823536162,female,75-79,2048,0.02253843529554184,0.019432914440786226,0.3768799349861043,0.008494284028872326
2013,E07000034,90867,99671,37564,43567,0.862212224849083,78346.63823536162,male,75-79,1655,0.01821343281939538,0.015703844433350198,0.3768799349861043,0.006864277376847507
2013,E07000035,63256,99671,11498,25604,0.449070457740978,28406.400874863306,female,75-79,1698,0.026843303402048817,0.012054534546038014,0.11535953286311965,0.003096630940963343
2013,E07000035,63256,99671,11498,25604,0.449070457740978,28406.400874863306,male,75-79,1484,0.02346022511698495,0.01053529403199082,0.11535953286311965,0.002706360610359011
2013,E07000036,97934,99671,81,37323,0.0021702435495538947,212.5406317820111,female,75-79,2226,0.02272959339963649,4.932875345954386e-05,0.000812673696461358,1.847174268714627e-05
2013,E07000036,97934,99671,81,37323,0.0021702435495538947,212.5406317820111,male,75-79,1870,0.019094492209038742,4.143969854867341e-05,0.000812673696461358,1.551759156557211e-05
2013,E07000037,79352,99671,799,37942,0.021058457645880557,1671.0307311159133,female,75-79,1652,0.02081863091037403,0.0004384082572713312,0.008016373870032406,0.00016688992883977138
2013,E07000037,79352,99671,799,37942,0.021058457645880557,1671.0307311159133,male,75-79,1378,0.017365661861074706,0.00036569405479412487,0.008016373870032406,0.0001392096379789376
2013,E07000038,87439,99671,29979,39954,0.7503378885718577,65608.79463883466,female,75-79,2179,0.024920230103272,0.01869859283841396,0.300779564768087,0.0074954959643827295
2013,E07000038,87439,99671,29979,39954,0.7503378885718577,65608.79463883466,male,75-79,1935,0.022129713285833557,0.016604762341592937,0.300779564768087,0.006656165530555569
2013,E07000039,83208,99671,20,35034,0.0005708740081064108,47.50128446651824,female,75-79,1546,0.01857994423613114,1.0606807236473793e-05,0.00020066017196576736,3.728254805536443e-06
2013,E07000039,83208,99671,20,35034,0.0005708740081064108,47.50128446651824,male,75-79,1271,0.01527497356023459,8.720085380050575e-06,0.00020066017196576736,3.065078821369223e-06
2013,E07000170,104161,99671,236,47949,0.004921896181359361,512.6696281465723,female,75-79,2177,0.020900336978331626,0.00010286928876277424,0.002367790029196055,4.9487609504131216e-05
2013,E07000170,104161,99671,236,47949,0.004921896181359361,512.6696281465723,male,75-79,1842,0.0176841620184138,8.703960950897114e-05,0.002367790029196055,4.187238250188778e-05
2013,E07000171,98991,99671,245,46725,0.005243445692883896,519.0539325842697,female,75-79,2212,0.02234546574941156,0.00011716723613923668,0.0024580871065806504,5.492710124916809e-05
2013,E07000171,98991,99671,245,46725,0.005243445692883896,519.0539325842697,male,75-79,1960,0.019799779777959613,0.000103819069996792,0.0024580871065806504,4.866958338533882e-05
2013,E07000174,90642,99671,356,45042,0.007903734292438168,716.4102837351803,female,75-79,1894,0.02089539065775248,0.00016515161569557042,0.0035717510609906593,7.463313375164172e-05
2013,E07000174,90642,99671,356,45042,0.007903734292438168,716.4102837351803,male,75-79,1645,0.018148319763465058,0.00014343949726463215,0.0035717510609906593,6.482128037035407e-05
2013,E07000175,101231,99671,46,49072,0.0009373981089012064,94.89374796217804,female,75-79,2303,0.022749948138416097,2.132575836255177e-05,0.00046151839552126495,1.0499519563033785e-05
2013,E07000175,101231,99671,46,49072,0.0009373981089012064,94.89374796217804,male,75-79,2012,0.01987533463069613,1.8631101096593213e-05,0.00046151839552126495,9.172832549207112e-06
2013,E07000198,85900,99671,38,34767,0.0010929904794776655,93.88788218713148,female,75-79,2181,0.02538998835855646,2.775101554995097e-05,0.000381254326734958,9.680042917449866e-06
2013,E07000198,85900,99671,38,34767,0.0010929904794776655,93.88788218713148,male,75-79,1980,0.023050058207217696,2.519349417189497e-05,0.000381254326734958,8.787934422994377e-06
2013,E08000018,221537,99671,143,118335,0.0012084336840326193,267.7127730595344,female,75-79,4974,0.02245223145569363,2.7132032772756914e-05,0.0014347202295552368,3.221267066814008e-05
2013,E08000018,221537,99671,143,118335,0.0012084336840326193,267.7127730595344,male,75-79,4185,0.018890749626473233,2.282821816525687e-05,0.0014347202295552368,2.710294064056417e-05
2013,E08000019,481891,99671,2143,210028,0.010203401451235073,4916.927328737121,female,75-79,9745,0.02022241544249633,0.0002063374230734456,0.021500737426131976,0.0004347968445512701
2013,E08000019,481891,99671,2143,210028,0.010203401451235073,4916.927328737121,male,75-79,7917,0.016429026481092197,0.00016763195263955557,0.021500737426131976,0.0003532361845369324
2013,E06000015,211314,99671,159,87238,0.0018226002430133657,385.1409477521264,female,80-84,3511,0.01661508466074184,3.0282657340355714e-05,0.0015952483671278505,2.6505186674739412e-05
2013,E06000015,211314,99671,159,87238,0.0018226002430133657,385.1409477521264,male,80-84,2502,0.011840199892103694,2.157995120067502e-05,0.0015952483671278505,1.8888059544345772e-05
2013,E07000032,108000,99671,1744,42572,0.04096589307526073,4424.316452128159,female,80-84,1805,0.016712962962962964,0.0006846614537115335,0.017497566995414916,0.0002924361891363326
2013,E07000032,108000,99671,1744,42572,0.04096589307526073,4424.316452128159,male,80-84,1416,0.013111111111111113,0.0005371083758756407,0.017497566995414916,0.0002294125450509956
2013,E07000033,66507,99671,14620,31990,0.4570178180681463,30394.8840262582,female,80-84,1125,0.01691551265280346,0.007730690684088361,0.14668258570697595,0.00248121113447228
2013,E07000033,66507,99671,14620,31990,0.4570178180681463,30394.8840262582,male,80-84,799,0.012013772986302192,0.0054905083169658675,0.14668258570697595,0.0017622112857274238
2013,E07000034,90867,99671,37564,43567,0.862212224849083,78346.63823536162,female,80-84,1609,0.017707198432874417,0.01526736295665285,0.3768799349861043,0.006673487794167759
2013,E07000034,90867,99671,37564,43567,0.862212224849083,78346.63823536162,male,80-84,1178,0.012964002333080215,0.011177721294553796,0.3768799349861043,0.0048858723564509775
2013,E07000035,63256,99671,11498,25604,0.449070457740978,28406.400874863306,female,80-84,1307,0.020662071582142404,0.009278725943269542,0.11535953286311965,0.0023835669257002874
2013,E07000035,63256,99671,11498,25604,0.449070457740978,28406.400874863306,male,80-84,985,0.015571645377513597,0.006992765917460214,0.11535953286311965,0.0017963377366601247
2013,E07000036,97934,99671,81,37323,0.0021702435495538947,212.5406317820111,female,80-84,1779,0.01816529499458819,3.9423114287748656e-05,0.000812673696461358,1.4762457430562989e-05
2013,E07000036,97934,99671,81,37323,0.0021702435495538947,212.5406317820111,male,80-84,1259,0.012855596626299344,2.7899775653892964e-05,0.000812673696461358,1.0447405230510851e-05
2013,E07000037,79352,99671,799,37942,0.021058457645880557,1671.0307311159133,female,80-84,1264,0.015929025103337033,0.00033544070047879086,0.008016373870032406,0.00012769302061348126
2013,E07000037,79352,99671,799,37942,0.021058457645880557,1671.0307311159133,male,80-84,896,0.011291460832745235,0.00023778074970648476,0.008016373870032406,9.051657157411329e-05
2013,E07000038,87439,99671,29979,39954,0.7503378885718577,65608.79463883466,female,80-84,1683,0.019247704113725,0.014442281664548272,0.300779564768087,0.005789316066111122
2013,E07000038,87439,99671,29979,39954,0.7503378885718577,65608.79463883466,male,80-84,1275,0.014581594025549241,0.01094112247314263,0.300779564768087,0.004385845504629639
2013,E07000039,83208,99671,20,35034,0.0005708740081064108,47.50128446651824,female,80-84,1206,0.0144937986732045,8.274132941259633e-06,0.00020066017196576736,2.908328134202426e-06
2013,E07000039,83208,99671,20,35034,0.0005708740081064108,47.50128446651824,male,80-84,896,0.01076819536583021,6.147282848564371e-06,0.00020066017196576736,2.1607479338684693e-06
2013,E07000170,104161,99671,236,47949,0.004921896181359361,512.6696281465723,female,80-84,1559,0.014967214216453376,7.36670744975494e-05,0.002367790029196055,3.5439220586559744e-05
2013,E07000170,104161,99671,236,47949,0.004921896181359361,512.6696281465723,male,80-84,1182,0.011347817321262277,5.585277874028442e-05,0.002367790029196055,2.686924870642311e-05
2013,E07000171,98991,99671,245,46725,0.005243445692883896,519.0539325842697,female,80-84,1673,0.016900526310472667,8.861699189011887e-05,0.0024580871065806504,4.154296581819992e-05
2013,E07000171,98991,99671,245,46725,0.005243445692883896,519.0539325842697,male,80-84,1282,0.012950672283338887,6.790614680402413e-05,0.0024580871065806504,3.183388056122672e-05
2013,E07000174,90642,99671,356,45042,0.007903734292438168,716.4102837351803,female,80-84,1609,0.017751152887182542,0.00014030039580473745,0.0035717510609906593,6.340269915860165e-05
2013,E07000174,90642,99671,356,45042,0.007903734292438168,716.4102837351803,male,80-84,1031,0.011374418040202113,8.990037792087278e-05,0.0035717510609906593,4.06265897032432e-05
2013,E07000175,101231,99671,46,49072,0.0009373981089012064,94.89374796217804,female,80-84,1762,0.017405735397259734,1.6316103445426064e-05,0.00046151839552126495,8.033067073411e-06
2013,E07000175,101231,99671,46,49072,0.0009373981089012064,94.89374796217804,male,80-84,1305,0.012891307998537995,1.2084287739092513e-05,0.00046151839552126495,5.949575783655706e-06
2013,E07000198,85900,99671,38,34767,0.0010929904794776655,93.88788218713148,female,80-84,1657,0.01928987194412107,2.1083646385267656e-05,0.000381254326734958,7.354347140859435e-06
2013,E07000198,85900,99671,38,34767,0.0010929904794776655,93.88788218713148,male,80-84,1178,0.013713620488940629,1.4988856633581955e-05,0.000381254326734958,5.2283771466097855e-06
2013,E08000018,221537,99671,143,118335,0.0012084336840326193,267.7127730595344,female,80-84,3683,0.016624762455030084,2.0089922939699177e-05,0.0014347202295552368,2.3851883005782048e-05
2013,E08000018,221537,99671,143,118335,0.0012084336840326193,267.7127730595344,male,80-84,2539,0.011460839498593915,1.38496644973924e-05,0.0014347202295552368,1.6443098276318383e-05
2013,E08000019,481891,99671,2143,210028,0.010203401451235073,4916.927328737121,female,80-84,7438,0.015435025763087503,0.00015748976427093777,0.021500737426131976,0.00033186443609772674
2013,E08000019,481891,99671,2143,210028,0.010203401451235073,4916.927328737121,male,80-84,5232,0.010857227049270479,0.00011078064623091509,0.021500737426131976,0.00023343838796226226
2013,E06000015,211314,99671,159,87238,0.0018226002430133657,385.1409477521264,female,85-89,2318,0.010969457773739552,1.9992936404142565e-05,0.0015952483671278505,1.749900960183593e-05
2013,E06000015,211314,99671,159,87238,0.0018226002430133657,385.1409477521264,male,85-89,1359,0.006431187711178625,1.1721484285258736e-05,0.0015952483671278505,1.02593416949504e-05
2013,E07000032,108000,99671,1744,42572,0.04096589307526073,4424.316452128159,female,85-89,1277,0.011824074074074074,0.00048438375423248106,0.017497566995414916,0.00020689252826985966
2013,E07000032,108000,99671,1744,42572,0.04096589307526073,4424.316452128159,male,85-89,707,0.006546296296296297,0.00026817487411304945,0.017497566995414916,0.00011454425801628098
2013,E07000033,66507,99671,14620,31990,0.4570178180681463,30394.8840262582,female,85-89,757,0.011382260513930865,0.005201895864759902,0.14668258570697595,0.0016695794033737925
2013,E07000033,66507,99671,14620,31990,0.4570178180681463,30394.8840262582,male,85-89,398,0.005984332476280692,0.002734946570904149,0.14668258570697595,0.0008777973613510822
2013,E07000034,90867,99671,37564,43567,0.862212224849083,78346.63823536162,female,85-89,1181,0.012997017619157671,0.011206187477816666,0.3768799349861043,0.004898315155321394
2013,E07000034,90867,99671,37564,43567,0.862212224849083,78346.63823536162,male,85-89,625,0.006878184599469555,0.005930454846431343,0.3768799349861043,0.002592249764670509
2013,E07000035,63256,99671,11498,25604,0.449070457740978,28406.400874863306,female,85-89,907,0.014338560768938913,0.006439024047854227,0.11535953286311965,0.001654089672234247
2013,E07000035,63256,99671,11498,25604,0.449070457740978,28406.400874863306,male,85-89,517,0.008173137726065512,0.0036703146998242953,0.11535953286311965,0.0009428493501048576
2013,E07000036,97934,99671,81,37323,0.0021702435495538947,212.5406317820111,female,85-89,1133,0.011569015867829355,2.5107582061843306e-05,0.000812673696461358,9.401834889728985e-06
2013,E07000036,97934,99671,81,37323,0.0021702435495538947,212.5406317820111,male,85-89,589,0.006014254497927175,1.3052397029501947e-05,0.000812673696461358,4.8876264342898254e-06
2013,E07000037,79352,99671,799,37942,0.021058457645880557,1671.0307311159133,female,85-89,801,0.010094263534630507,0.00021256962111037306,0.008016373870032406,8.091939043623297e-05
2013,E07000037,79352,99671,799,37942,0.021058457645880557,1671.0307311159133,male,85-89,432,0.0054440971872164534,0.00011464429003705513,0.008016373870032406,4.36419184375189e-05
2013,E07000038,87439,99671,29979,39954,0.7503378885718577,65608.79463883466,female,85-89,1024,0.011711021397774449,0.008787223068625926,0.300779564768087,0.0035224359190123523
2013,E07000038,87439,99671,29979,39954,0.7503378885718577,65608.79463883466,male,85-89,666,0.0076167385262868965,0.005715127503618033,0.300779564768087,0.0022909592988888928
2013,E07000039,83208,99671,20,35034,0.0005708740081064108,47.50128446651824,female,85-89,779,0.009362080569176041,5.3445684587406754e-06,0.00020066017196576736,1.8785966969682338e-06
2013,E07000039,83208,99671,20,35034,0.0005708740081064108,47.50128446651824,male,85-89,468,0.005624459186616672,3.210857559294783e-06,0.00020066017196576736,1.1286049476009414e-06
2013,E07000170,104161,99671,236,47949,0.004921896181359361,512.6696281465723,female,85-89,1025,0.009840535325121687,4.843409323924833e-05,0.002367790029196055,2.330032142477469e-05
2013,E07000170,104161,99671,236,47949,0.004921896181359361,512.6696281465723,male,85-89,578,0.0055491018711417905,2.7312103309546866e-05,0.002367790029196055,1.3139108081482706e-05
2013,E07000171,98991,99671,245,46725,0.005243445692883896,519.0539325842697,female,85-89,1072,0.010829267307128932,5.6782675018653576e-05,0.0024580871065806504,2.661928234136899e-05
2013,E07000171,98991,99671,245,46725,0.005243445692883896,519.0539325842697,male,85-89,685,0.006919820993827722,3.628370558561352e-05,0.0024580871065806504,1.7009522764774028e-05
2013,E07000174,90642,99671,356,45042,0.007903734292438168,716.4102837351803,female,85-89,982,0.010833829791928687,8.562771204490501e-05,0.0035717510609906593,3.8695743053913505e-05
2013,E07000174,90642,99671,356,45042,0.007903734292438168,716.4102837351803,male,85-89,595,0.006564285871891618,5.1882371351037156e-05,0.0035717510609906593,2.344599502757488e-05
2013,E07000175,101231,99671,46,49072,0.0009373981089012064,94.89374796217804,female,85-89,1206,0.011913346702097184,1.1167548669230324e-05,0.00046151839552126495,5.498228655240447e-06
2013,E07000175,101231,99671,46,49072,0.0009373981089012064,94.89374796217804,male,85-89,721,0.0071223241892305715,6.676453225966056e-06,0.00046151839552126495,3.2870836321959875e-06
2013,E07000198,85900,99671,38,34767,0.0010929904794776655,93.88788218713148,female,85-89,1019,0.011862630966239816,1.2965742707657056e-05,0.000381254326734958,4.522679382339025e-06
2013,E07000198,85900,99671,38,34767,0.0010929904794776655,93.88788218713148,male,85-89,635,0.007392316647264261,8.079731716744094e-06,0.000381254326734958,2.8183527063643573e-06
2013,E08000018,221537,99671,143,118335,0.0012084336840326193,267.7127730595344,female,85-89,2293,0.01035041550621341,1.2507790741441818e-05,0.0014347202295552368,1.4849950511066587e-05
2013,E08000018,221537,99671,143,118335,0.0012084336840326193,267.7127730595344,male,85-89,1359,0.00613441547010206,7.413034285922124e-06,0.0014347202295552368,8.801169971452021e-06
2013,E08000019,481891,99671,2143,210028,0.010203401451235073,4916.927328737121,female,85-89,4723,0.009800971589010794,0.00010000324773482644,0.021500737426131976,0.00021072811665630056
2013,E08000019,481891,99671,2143,210028,0.010203401451235073,4916.927328737121,male,85-89,2913,0.006044935472959653,6.167890337741888e-05,0.021500737426131976,0.0001299705703620164
2013,E06000015,211314,99671,159,87238,0.0018226002430133657,385.1409477521264,female,90+,1433,0.0067813774761729,1.2359740236038091e-05,0.0015952483671278505,1.0817981345742403e-05
2013,E06000015,211314,99671,159,87238,0.0018226002430133657,385.1409477521264,male,90+,554,0.0026216909433355107,4.778294550429241e-06,0.0015952483671278505,4.182248196469847e-06
2013,E07000032,108000,99671,1744,42572,0.04096589307526073,4424.316452128159,female,90+,914,0.008462962962962964,0.0003466928358406325,0.017497566995414916,0.00014808126142415958
2013,E07000032,108000,99671,1744,42572,0.04096589307526073,4424.316452128159,male,90+,312,0.002888888888888889,0.000118345913328531,0.017497566995414916,5.054852687564309e-05
2013,E07000033,66507,99671,14620,31990,0.4570178180681463,30394.8840262582,female,90+,474,0.007127069331047859,0.003257197674895896,0.14668258570697595,0.0010454169579909877
2013,E07000033,66507,99671,14620,31990,0.4570178180681463,30394.8840262582,male,90+,157,0.002360653765769017,0.001078860833246109,0.14668258570697595,0.0003462667983219093
2013,E07000034,90867,99671,37564,43567,0.862212224849083,78346.63823536162,female,90+,727,0.008000704326102986,0.006898305077368939,0.3768799349861043,0.003015304926264737
2013,E07000034,90867,99671,37564,43567,0.862212224849083,78346.63823536162,male,90+,276,0.003037406319125755,0.002618888860184081,0.3768799349861043,0.0011447374960784971
2013,E07000035,63256,99671,11498,25604,0.449070457740978,28406.400874863306,female,90+,634,0.01002276463892753,0.004500927504233275,0.11535953286311965,0.0011562214467436744
2013,E07000035,63256,99671,11498,25604,0.449070457740978,28406.400874863306,male,90+,228,0.0036044011635259898,0.00161863008038673,0.11535953286311965,0.0004158020344756432
2013,E07000036,97934,99671,81,37323,0.0021702435495538947,212.5406317820111,female,90+,736,0.007515265382808832,1.630995622022654e-05,0.000812673696461358,6.107458498535334e-06
2013,E07000036,97934,99671,81,37323,0.0021702435495538947,212.5406317820111,male,90+,301,0.0030734984785671985,6.67024024767417e-06,0.000812673696461358,2.4977513696455646e-06
2013,E07000037,79352,99671,799,37942,0.021058457645880557,1671.0307311159133,female,90+,574,0.007233592095977418,0.00015232829278071682,0.008016373870032406,5.798717866466633e-05
2013,E07000037,79352,99671,799,37942,0.021058457645880557,1671.0307311159133,male,90+,208,0.002621231979030144,5.519910261043396e-05,0.008016373870032406,2.1012775543990584e-05
2013,E07000038,87439,99671,29979,39954,0.7503378885718577,65608.79463883466,female,90+,651,0.007445190361280434,0.005586408415698707,0.300779564768087,0.002239361116481485
2013,E07000038,87439,99671,29979,39954,0.7503378885718577,65608.79463883466,male,90+,306,0.003499582566131817,0.002625869393554232,0.300779564768087,0.001052602921111113
2013,E07000039,83208,99671,20,35034,0.0005708740081064108,47.50128446651824,female,90+,429,0.005155754254398615,2.9432860960202176e-06,0.00020066017196576736,1.0345545353008629e-06
2013,E07000039,83208,99671,20,35034,0.0005708740081064108,47.50128446651824,male,90+,180,0.0021632535333141038,1.234945215113378e-06,0.00020066017196576736,4.340788260003621e-07
2013,E07000170,104161,99671,236,47949,0.004921896181359361,512.6696281465723,female,90+,654,0.006278741563541057,3.090331412533503e-05,0.002367790029196055,1.4866741670051364e-05
2013,E07000170,104161,99671,236,47949,0.004921896181359361,512.6696281465723,male,90+,229,0.002198519599466211,1.0820885221256457e-05,0.002367790029196055,5.205632786608198e-06
2013,E07000171,98991,99671,245,46725,0.005243445692883896,519.0539325842697,female,90+,707,0.007142063419906859,3.744902167741425e-05,0.0024580871065806504,1.7555814006854354e-05
2013,E07000171,98991,99671,245,46725,0.005243445692883896,519.0539325842697,male,90+,244,0.002464870543786809,1.2924414836335327e-05,0.0024580871065806504,6.058866503072793e-06
2013,E07000174,90642,99671,356,45042,0.007903734292438168,716.4102837351803,female,90+,551,0.00607885968976854,4.804569178894365e-05,0.0035717510609906593,2.171217354654413e-05
2013,E07000174,90642,99671,356,45042,0.007903734292438168,716.4102837351803,male,90+,243,0.002680876414906997,2.1188934854289126e-05,0.0035717510609906593,9.5754231793289e-06
2013,E07000175,101231,99671,46,49072,0.0009373981089012064,94.89374796217804,female,90+,733,0.007240864952435519,6.78757311322208e-06,0.00046151839552126495,3.3417923750342014e-06
2013,E07000175,101231,99671,46,49072,0.0009373981089012064,94.89374796217804,male,90+,274,0.002706680759846292,2.5372374256791952e-06,0.00046151839552126495,1.249182961472539e-06
2013,E07000198,85900,99671,38,34767,0.0010929904794776655,93.88788218713148,female,90+,686,0.007986030267753201,8.728655051474721e-06,0.000381254326734958,3.0447085930172435e-06
2013,E07000198,85900,99671,38,34767,0.0010929904794776655,93.88788218713148,male,90+,240,0.002793946449359721,3.0537568693206024e-06,0.000381254326734958,1.0652041724841669e-06
2013,E08000018,221537,99671,143,118335,0.0012084336840326193,267.7127730595344,female,90+,1473,0.0066490021982783904,8.03487822160654e-06,0.0014347202295552368,9.539457960227247e-06
2013,E08000018,221537,99671,143,118335,0.0012084336840326193,267.7127730595344,male,90+,455,0.0020538329940371133,2.481920971372013e-06,0.0014347202295552368,2.9466757446730462e-06
2013,E08000019,481891,99671,2143,210028,0.010203401451235073,4916.927328737121,female,90+,3186,0.006611453627480073,6.745931553740357e-05,0.021500737426131976,0.0001421511284494968
2013,E08000019,481891,99671,2143,210028,0.010203401451235073,4916.927328737121,male,90+,1315,0.0027288328688437843,2.7843377254138635e-05,0.021500737426131976,5.867191899280865e-05
2014,E06000015,211666,100664,159,86819,0.001831396353332796,387.64434052453964,female,12-15,5536,0.026154413084765626,4.789909674699933e-05,0.0015795120400540412,4.131121036793426e-05
2014,E06000015,211666,100664,159,86819,0.001831396353332796,387.64434052453964,male,12-15,6003,0.02836071924635983,5.193971780567863e-05,0.0015795120400540412,4.479609751421773e-05
2014,E07000032,108417,100664,1817,42833,0.042420563584152415,4599.110242103052,female,12-15,2710,0.02499607995056126,0.0010603477988973412,0.01805014702376222,0.0004511829181253458
2014,E07000032,108417,100664,1817,42833,0.042420563584152415,4599.110242103052,male,12-15,2765,0.02550338046616305,0.0010818677726757004,0.01805014702376222,0.0004603397670171887
2014,E07000033,66849,100664,14954,33031,0.4527262268777815,30264.29554055281,female,12-15,1667,0.02493679785785876,0.01128954240460234,0.14855360406898194,0.003704451195724587
2014,E07000033,66849,100664,14954,33031,0.4527262268777815,30264.29554055281,male,12-15,1747,0.02613352480964562,0.011831332082087751,0.14855360406898194,0.0038822292974990133
2014,E07000034,90884,100664,37852,44099,0.8583414589899998,78009.50515884714,female,12-15,2104,0.02315038950750407,0.019870939106057826,0.3760232059127394,0.008705083680740326
2014,E07000034,90884,100664,37852,44099,0.8583414589899998,78009.50515884714,male,12-15,2258,0.02484485718058184,0.02132537096077879,0.3760232059127394,0.009342242847486528
2014,E07000035,63385,100664,11462,25797,0.4443152304531535,28162.92088227313,female,12-15,1571,0.02478504378007415,0.011012372438935145,0.11386394341571962,0.0028221228225304967
2014,E07000035,63385,100664,11462,25797,0.4443152304531535,28162.92088227313,male,12-15,1625,0.02563698035812889,0.011390900835945008,0.11386394341571962,0.0029191276808479038
2014,E07000036,98623,100664,61,37926,0.0016083952961029374,158.62476928756,female,12-15,2340,0.02372671689159729,3.81619398404112e-05,0.0006059763172534372,1.437782852248505e-05
2014,E07000036,98623,100664,61,37926,0.0016083952961029374,158.62476928756,male,12-15,2459,0.024933331981383654,4.0102653875030405e-05,0.0006059763172534372,1.5109008690936216e-05
2014,E07000037,79589,100664,822,38389,0.02141238375576337,1704.1902107374508,female,12-15,2107,0.0264735076455289,0.0005668609050672004,0.00816577922593976,0.00021617681876961732
2014,E07000037,79589,100664,822,38389,0.02141238375576337,1704.1902107374508,male,12-15,2007,0.02521705260777243,0.0005399572076268967,0.00816577922593976,0.0002059168843239781
2014,E07000038,87563,100664,30196,40458,0.7463542439072619,65353.016659251574,female,12-15,2081,0.023765745805876908,0.017737665241837442,0.2999682110784392,0.007128968254333816
2014,E07000038,87563,100664,30196,40458,0.7463542439072619,65353.016659251574,male,12-15,2101,0.023994152781425943,0.017908137757376485,0.2999682110784392,0.007197483086187097
2014,E07000170,104890,100664,264,50031,0.005276728428374408,553.4760448521916,female,12-15,2736,0.026084469444179616,0.00013764066145516616,0.002622586028768974,6.840876513215666e-05
2014,E07000170,104890,100664,264,50031,0.005276728428374408,553.4760448521916,male,12-15,2784,0.026542091715130136,0.00014005540990174806,0.002622586028768974,6.960891890640503e-05
2014,E07000171,99362,100664,242,48351,0.0050050671133999285,497.31347852164384,female,12-15,2479,0.02494917574122904,0.00012487229900886077,0.0024040371930382264,5.997874641756167e-05
2014,E07000171,99362,100664,242,48351,0.0050050671133999285,497.31347852164384,male,12-15,2608,0.02624745878706145,0.00013137029278544127,0.0024040371930382264,6.309986714683375e-05
2014,E07000174,90997,100664,397,46866,0.008470959757606793,770.8319250629454,female,12-15,2068,0.022726023934855,0.00019251123420256544,0.003943813081141222,8.962719047660965e-05
2014,E07000174,90997,100664,397,46866,0.008470959757606793,770.8319250629454,male,12-15,2259,0.02482499423057903,0.00021029152711005575,0.003943813081141222,9.790513698581296e-05
2014,E07000175,101982,100664,45,50699,0.0008875914712321742,90.5183534191996,female,12-15,2620,0.02569080818183601,2.2802942231259405e-05,0.00044703170944925696,1.148460589865911e-05
2014,E07000175,101982,100664,45,50699,0.0008875914712321742,90.5183534191996,male,12-15,2707,0.02654389990390461,2.3560139167946266e-05,0.00044703170944925696,1.1865964949492446e-05
2014,E07000198,86248,100664,41,35337,0.0011602569544669893,100.06984180886887,female,12-15,2058,0.02386142287357388,2.768538183254179e-05,0.0004072955574982119,9.718651531992861e-06
2014,E07000198,86248,100664,41,35337,0.0011602569544669893,100.06984180886887,male,12-15,2220,0.025739727298024304,2.9864697603616502e-05,0.0004072955574982119,1.0483676579700752e-05
2014,E08000018,222354,100664,165,118954,0.0013870908082115776,308.4251895690772,female,12-15,6014,0.027046961152036843,3.751659120404593e-05,0.0016391162679806088,4.4333114023743136e-05
2014,E08000018,222354,100664,165,118954,0.0013870908082115776,308.4251895690772,male,12-15,6100,0.027433731797044357,3.805307721062191e-05,0.0016391162679806088,4.496707607995229e-05
2014,E08000019,484430,100664,2187,218532,0.010007687661303609,4848.024133765306,female,12-15,11476,0.023689697169869742,0.00023707909006692442,0.021725741079233887,0.0005146762269580498
2014,E08000019,484430,100664,2187,218532,0.010007687661303609,4848.024133765306,male,12-15,12123,0.025025287451231344,0.0002504452604462639,0.021725741079233887,0.000543692915598853
2014,E06000015,211666,100664,159,86819,0.001831396353332796,387.64434052453964,female,16-17,3017,0.014253588200277797,2.6103969451896124e-05,0.0015795120400540412,2.2513714176310988e-05
2014,E06000015,211666,100664,159,86819,0.001831396353332796,387.64434052453964,male,16-17,3064,0.014475636143735888,2.651062724581032e-05,0.0015795120400540412,2.2864441576472284e-05
2014,E07000032,108417,100664,1817,42833,0.042420563584152415,4599.110242103052,female,16-17,1501,0.013844692253059943,0.0005872996480239518,0.01805014702376222,0.0002498987306664738
2014,E07000032,108417,100664,1817,42833,0.042420563584152415,4599.110242103052,male,16-17,1453,0.013401957257625649,0.0005685185799992017,0.01805014702376222,0.0002419072989063201
2014,E07000033,66849,100664,14954,33031,0.4527262268777815,30264.29554055281,female,16-17,920,0.013762359945548924,0.006230581291082274,0.14855360406898194,0.002044448170405891
2014,E07000033,66849,100664,14954,33031,0.4527262268777815,30264.29554055281,male,16-17,922,0.013792278119343596,0.00624412603301941,0.14855360406898194,0.002048892622950252
2014,E07000034,90884,100664,37852,44099,0.8583414589899998,78009.50515884714,female,16-17,1232,0.013555741384622157,0.0116354548377677,0.3760232059127394,0.0050972733339696204
2014,E07000034,90884,100664,37852,44099,0.8583414589899998,78009.50515884714,male,16-17,1289,0.01418291448439769,0.012173783511268316,0.3760232059127394,0.005333104973609447
2014,E07000035,63385,100664,11462,25797,0.4443152304531535,28162.92088227313,female,16-17,854,0.013473219215902816,0.005986356500859716,0.11386394341571962,0.0015341138704271446
2014,E07000035,63385,100664,11462,25797,0.4443152304531535,28162.92088227313,male,16-17,917,0.014467145223633354,0.006427972964037891,0.11386394341571962,0.0016472862051307865
2014,E07000036,98623,100664,61,37926,0.0016083952961029374,158.62476928756,female,16-17,1327,0.01345527919450838,2.1641407764199e-05,0.0006059763172534372,8.153580533904982e-06
2014,E07000036,98623,100664,61,37926,0.0016083952961029374,158.62476928756,male,16-17,1370,0.013891282966447987,2.2342674180069807e-05,0.0006059763172534372,8.417788493933556e-06
2014,E07000037,79589,100664,822,38389,0.02141238375576337,1704.1902107374508,female,16-17,1113,0.013984344570229556,0.0002994381525105809,0.00816577922593976,0.00011419307037996396
2014,E07000037,79589,100664,822,38389,0.02141238375576337,1704.1902107374508,male,16-17,1179,0.014813604895148828,0.0003171945928211815,0.00816577922593976,0.00012096462711408584
2014,E07000038,87563,100664,30196,40458,0.7463542439072619,65353.016659251574,female,16-17,1121,0.012802210979523316,0.00955498449596337,0.2999682110784392,0.003840256325376361
2014,E07000038,87563,100664,30196,40458,0.7463542439072619,65353.016659251574,male,16-17,1143,0.013053458652627251,0.009742504263056315,0.2999682110784392,0.003915622640414971
2014,E07000170,104890,100664,264,50031,0.005276728428374408,553.4760448521916,female,16-17,1440,0.013728668128515588,7.244245339745587e-05,0.002622586028768974,3.600461322745088e-05
2014,E07000170,104890,100664,264,50031,0.005276728428374408,553.4760448521916,male,16-17,1511,0.014405567737629897,7.601426880802488e-05,0.002622586028768974,3.777984068519325e-05
2014,E07000171,99362,100664,242,48351,0.0050050671133999285,497.31347852164384,female,16-17,1451,0.01460316821320022,7.308983697533561e-05,0.0024040371930382264,3.5106559520726896e-05
2014,E07000171,99362,100664,242,48351,0.0050050671133999285,497.31347852164384,male,16-17,1460,0.01469374610011876,7.354318537835286e-05,0.0024040371930382264,3.5324312129745894e-05
2014,E07000174,90997,100664,397,46866,0.008470959757606793,770.8319250629454,female,16-17,1260,0.013846610327813005,0.00011729407886616655,0.003943813081141222,5.4608442940294065e-05
2014,E07000174,90997,100664,397,46866,0.008470959757606793,770.8319250629454,male,16-17,1182,0.012989439212281724,0.00011003301684111816,0.003943813081141222,5.12279202820854e-05
2014,E07000175,101982,100664,45,50699,0.0008875914712321742,90.5183534191996,female,16-17,1285,0.012600262791473004,1.1183885788995546e-05,0.00044703170944925696,5.6327170151820425e-06
2014,E07000175,101982,100664,45,50699,0.0008875914712321742,90.5183534191996,male,16-17,1463,0.014345668843521406,1.2733093314630728e-05,0.00044703170944925696,6.41296886631232e-06
2014,E07000198,86248,100664,41,35337,0.0011602569544669893,100.06984180886887,female,16-17,1077,0.012487246081068545,1.448841410770044e-05,0.0004072955574982119,5.085999854206175e-06
2014,E07000198,86248,100664,41,35337,0.0011602569544669893,100.06984180886887,male,16-17,1227,0.014226416844448569,1.650629908091777e-05,0.0004072955574982119,5.794356379861633e-06
2014,E08000018,222354,100664,165,118954,0.0013870908082115776,308.4251895690772,female,16-17,3119,0.014027181881144482,1.9456975052447496e-05,0.0016391162679806088,2.299218201530676e-05
2014,E08000018,222354,100664,165,118954,0.0013870908082115776,308.4251895690772,male,16-17,3285,0.014773739172670606,2.049251780932672e-05,0.0016391162679806088,2.421587621682677e-05
2014,E08000019,484430,100664,2187,218532,0.010007687661303609,4848.024133765306,female,16-17,6150,0.0126953326590013,0.00012705092400763204,0.021725741079233887,0.0002758155102642041
2014,E08000019,484430,100664,2187,218532,0.010007687661303609,4848.024133765306,male,16-17,6413,0.013238238754825259,0.00013248415864405597,0.021725741079233887,0.00028761054753241317
2014,E06000015,211666,100664,159,86819,0.001831396353332796,387.64434052453964,female,18-24,12594,0.05949939999811023,0.00010896698418202844,0.0015795120400540412,9.398001867300649e-05
2014,E06000015,211666,100664,159,86819,0.001831396353332796,387.64434052453964,male,18-24,13721,0.06482382621677549,0.00011871811894248151,0.0015795120400540412,0.00010239001399176768
2014,E07000032,108417,100664,1817,42833,0.042420563584152415,4599.110242103052,female,18-24,4606,0.04248411227021592,0.0018021999858749641,0.01805014702376222,0.0007668444726514178
2014,E07000032,108417,100664,1817,42833,0.042420563584152415,4599.110242103052,male,18-24,4697,0.043323464032393434,0.0018378057606718856,0.01805014702376222,0.0007819948953633759
2014,E07000033,66849,100664,14954,33031,0.4527262268777815,30264.29554055281,female,18-24,3039,0.045460665081003465,0.02058123537347721,0.14855360406898194,0.006753345641155982
2014,E07000033,66849,100664,14954,33031,0.4527262268777815,30264.29554055281,male,18-24,3222,0.04819817798321591,0.021820579260725097,0.14855360406898194,0.0071600130489649794
2014,E07000034,90884,100664,37852,44099,0.8583414589899998,78009.50515884714,female,18-24,4140,0.04555257251001276,0.03909966154899211,0.3760232059127394,0.017128824352787522
2014,E07000034,90884,100664,37852,44099,0.8583414589899998,78009.50515884714,male,18-24,4309,0.04741208573566304,0.040695758844107977,0.3760232059127394,0.01782804447733368
2014,E07000035,63385,100664,11462,25797,0.4443152304531535,28162.92088227313,female,18-24,2171,0.034251005758460205,0.015218243516822532,0.11386394341571962,0.0038999545816128
2014,E07000035,63385,100664,11462,25797,0.4443152304531535,28162.92088227313,male,18-24,2488,0.0392521890037075,0.017440345402973033,0.11386394341571962,0.004469409027661283
2014,E07000036,98623,100664,61,37926,0.0016083952961029374,158.62476928756,female,18-24,4545,0.046084584731756285,7.412222930541406e-05,0.0006059763172534372,2.7926166937903656e-05
2014,E07000036,98623,100664,61,37926,0.0016083952961029374,158.62476928756,male,18-24,4652,0.04716952435030368,7.58672410844414e-05,0.0006059763172534372,2.8583614652393355e-05
2014,E07000037,79589,100664,822,38389,0.02141238375576337,1704.1902107374508,female,18-24,3588,0.04508160675470228,0.0009653046641580992,0.00816577922593976,0.00036812644790953344
2014,E07000037,79589,100664,822,38389,0.02141238375576337,1704.1902107374508,male,18-24,3880,0.04875045546495119,0.0010438634606837864,0.00816577922593976,0.0003980854564907998
2014,E07000038,87563,100664,30196,40458,0.7463542439072619,65353.016659251574,female,18-24,3503,0.040005481767413184,0.029858261096663414,0.2999682110784392,0.012000372799102044
2014,E07000038,87563,100664,30196,40458,0.7463542439072619,65353.016659251574,male,18-24,3887,0.04439089569795462,0.033131333395013035,0.2999682110784392,0.01331585757068503
2014,E07000170,104890,100664,264,50031,0.005276728428374408,553.4760448521916,female,18-24,4986,0.04753551339498522,0.00025083199488869093,0.002622586028768974,0.00012466597330004864
2014,E07000170,104890,100664,264,50031,0.005276728428374408,553.4760448521916,male,18-24,5013,0.04779292592239489,0.0002521902908898933,0.002622586028768974,0.00012534105979806334
2014,E07000171,99362,100664,242,48351,0.0050050671133999285,497.31347852164384,female,18-24,4187,0.04213884583643646,0.0002109077514925777,0.0024040371930382264,0.00010130335266249728
2014,E07000171,99362,100664,242,48351,0.0050050671133999285,497.31347852164384,male,18-24,4695,0.047251464342505184,0.00023649675024066207,0.0024040371930382264,0.000113594277704902
2014,E07000174,90997,100664,397,46866,0.008470959757606793,770.8319250629454,female,18-24,4260,0.046814730155939205,0.00039656569521418216,0.003943813081141222,0.00018462854517908948
2014,E07000174,90997,100664,397,46866,0.008470959757606793,770.8319250629454,male,18-24,4449,0.04889172170511116,0.00041415980704410715,0.003943813081141222,0.0001928198116201336
2014,E07000175,101982,100664,45,50699,0.0008875914712321742,90.5183534191996,female,18-24,4457,0.04370379086505462,3.879111203233708e-05,0.00044703170944925696,1.9536980339818185e-05
2014,E07000175,101982,100664,45,50699,0.0008875914712321742,90.5183534191996,male,18-24,4709,0.04617481516346022,4.0984372124809366e-05,0.00044703170944925696,2.064160655602509e-05
2014,E07000198,86248,100664,41,35337,0.0011602569544669893,100.06984180886887,female,18-24,3329,0.03859799647528059,4.478359383893664e-05,0.0004072955574982119,1.5720792492713426e-05
2014,E07000198,86248,100664,41,35337,0.0011602569544669893,100.06984180886887,male,18-24,3549,0.04114878026157128,4.7743158466322055e-05,0.0004072955574982119,1.6759715397008092e-05
2014,E08000018,222354,100664,165,118954,0.0013870908082115776,308.4251895690772,female,18-24,10451,0.0470016280345755,6.519552621773928e-05,0.0016391162679806088,7.704113313304614e-05
2014,E08000018,222354,100664,165,118954,0.0013870908082115776,308.4251895690772,male,18-24,10805,0.048593683945420366,6.74038523378311e-05,0.0016391162679806088,7.965069787604665e-05
2014,E08000019,484430,100664,2187,218532,0.010007687661303609,4848.024133765306,female,18-24,39873,0.08230910554672502,0.0008237238199928963,0.021725741079233887,0.0017882263155714817
2014,E08000019,484430,100664,2187,218532,0.010007687661303609,4848.024133765306,male,18-24,41560,0.0857915488305844,0.0008585750246759654,0.021725741079233887,0.0018638849766797274
2014,E06000015,211666,100664,159,86819,0.001831396353332796,387.64434052453964,female,25-29,9407,0.0444426596619202,8.139212483725121e-05,0.0015795120400540412,7.019771602802701e-05
2014,E06000015,211666,100664,159,86819,0.001831396353332796,387.64434052453964,male,25-29,9364,0.044239509415777686,8.102007621728714e-05,0.0015795120400540412,6.987683776830497e-05
2014,E07000032,108417,100664,1817,42833,0.042420563584152415,4599.110242103052,female,25-29,3480,0.03209828716898641,0.0013616274317943715,0.01805014702376222,0.0005793788026111453
2014,E07000032,108417,100664,1817,42833,0.042420563584152415,4599.110242103052,male,25-29,3231,0.029801599380171007,0.0012642006414159814,0.01805014702376222,0.0005379232503553476
2014,E07000033,66849,100664,14954,33031,0.4527262268777815,30264.29554055281,female,25-29,2393,0.03579709494532453,0.016206283727782482,0.14855360406898194,0.005317787469327497
2014,E07000033,66849,100664,14954,33031,0.4527262268777815,30264.29554055281,male,25-29,2232,0.033388681954853484,0.015115932001843085,0.14855360406898194,0.004960009039506465
2014,E07000034,90884,100664,37852,44099,0.8583414589899998,78009.50515884714,female,25-29,3163,0.03480260551912328,0.029872519197937694,0.3760232059127394,0.013086587301417136
2014,E07000034,90884,100664,37852,44099,0.8583414589899998,78009.50515884714,male,25-29,3112,0.034241450640376744,0.029390856700595037,0.3760232059127394,0.012875580044897288
2014,E07000035,63385,100664,11462,25797,0.4443152304531535,28162.92088227313,female,25-29,1383,0.02181904236017985,0.00969453283453043,0.11386394341571962,0.002484402204684709
2014,E07000035,63385,100664,11462,25797,0.4443152304531535,28162.92088227313,male,25-29,1642,0.02590518261418316,0.011510067183151815,0.11386394341571962,0.0029496662473552358
2014,E07000036,98623,100664,61,37926,0.0016083952961029374,158.62476928756,female,25-29,3689,0.0374050677833771,6.016213507319526e-05,0.0006059763172534372,2.2666585221986044e-05
2014,E07000036,98623,100664,61,37926,0.0016083952961029374,158.62476928756,male,25-29,3422,0.03469778854831023,5.580775988627655e-05,0.0006059763172534372,2.102603812134352e-05
2014,E07000037,79589,100664,822,38389,0.02141238375576337,1704.1902107374508,female,25-29,2347,0.02948899973614444,0.0006314297789239296,0.00816577922593976,0.0002408006614391513
2014,E07000037,79589,100664,822,38389,0.02141238375576337,1704.1902107374508,male,25-29,2432,0.030556986518237444,0.0006542979217481878,0.00816577922593976,0.0002495216057179446
2014,E07000038,87563,100664,30196,40458,0.7463542439072619,65353.016659251574,female,25-29,2517,0.02874501787284584,0.021453966080588586,0.2999682110784392,0.008622591588735327
2014,E07000038,87563,100664,30196,40458,0.7463542439072619,65353.016659251574,male,25-29,2481,0.028333885316857575,0.021147115552618303,0.2999682110784392,0.008499264891399422
2014,E07000170,104890,100664,264,50031,0.005276728428374408,553.4760448521916,female,25-29,4025,0.03837353417866336,0.00020248671869774995,0.002622586028768974,0.00010063789461145125
2014,E07000170,104890,100664,264,50031,0.005276728428374408,553.4760448521916,male,25-29,3670,0.03498903613309181,0.0001846276416449049,0.002622586028768974,9.176175732273938e-05
2014,E07000171,99362,100664,242,48351,0.0050050671133999285,497.31347852164384,female,25-29,3044,0.03063545419778185,0.00015333250430938776,0.0024040371930382264,7.364877131708663e-05
2014,E07000171,99362,100664,242,48351,0.0050050671133999285,497.31347852164384,male,25-29,3171,0.03191360882429903,0.00015972975399640885,0.0024040371930382264,7.67215025776878e-05
2014,E07000174,90997,100664,397,46866,0.008470959757606793,770.8319250629454,female,25-29,3596,0.039517786300647284,0.0003347535774624881,0.003943813081141222,0.00015585076255023608
2014,E07000174,90997,100664,397,46866,0.008470959757606793,770.8319250629454,male,25-29,3490,0.03835291273338681,0.0003248859803515249,0.003943813081141222,0.00015125671893779862
2014,E07000175,101982,100664,45,50699,0.0008875914712321742,90.5183534191996,female,25-29,3129,0.03068188503853621,2.7232979481530788e-05,0.00044703170944925696,1.3715775517902424e-05
2014,E07000175,101982,100664,45,50699,0.0008875914712321742,90.5183534191996,male,25-29,3234,0.03171147849620521,2.8146837853394237e-05,0.00044703170944925696,1.4176036441321966e-05
2014,E07000198,86248,100664,41,35337,0.0011602569544669893,100.06984180886887,female,25-29,2211,0.025635377052221502,2.9743624505223467e-05,0.0004072955574982119,1.0441175188161424e-05
2014,E07000198,86248,100664,41,35337,0.0011602569544669893,100.06984180886887,male,25-29,2386,0.02766440960949819,3.2097823640643685e-05,0.0004072955574982119,1.1267591134759455e-05
2014,E08000018,222354,100664,165,118954,0.0013870908082115776,308.4251895690772,female,25-29,8147,0.0366397726148394,5.082269180900602e-05,0.0016391162679806088,6.0056847348093664e-05
2014,E08000018,222354,100664,165,118954,0.0013870908082115776,308.4251895690772,male,25-29,7681,0.03454401539886847,4.791568623848965e-05,0.0016391162679806088,5.6621657601657975e-05
2014,E08000019,484430,100664,2187,218532,0.010007687661303609,4848.024133765306,female,25-29,20425,0.042162954400016515,0.00042195367851315184,0.021725741079233887,0.0009160214304303039
2014,E08000019,484430,100664,2187,218532,0.010007687661303609,4848.024133765306,male,25-29,20994,0.04333753070619078,0.00043370847131971165,0.021725741079233887,0.000941539971136049
2014,E06000015,211666,100664,159,86819,0.001831396353332796,387.64434052453964,female,30-34,8829,0.04171194239981858,7.639109920145538e-05,0.0015795120400540412,6.588451523455411e-05
2014,E06000015,211666,100664,159,86819,0.001831396353332796,387.64434052453964,male,30-34,8576,0.04051666304460801,7.420206894910877e-05,0.0015795120400540412,6.399655710177098e-05
2014,E07000032,108417,100664,1817,42833,0.042420563584152415,4599.110242103052,female,30-34,3555,0.0327900605993525,0.001390972850583043,0.01805014702376222,0.0005918654147363853
2014,E07000032,108417,100664,1817,42833,0.042420563584152415,4599.110242103052,male,30-34,3341,0.0308162004113746,0.0013072405889726995,0.01805014702376222,0.0005562369481390333
2014,E07000033,66849,100664,14954,33031,0.4527262268777815,30264.29554055281,female,30-34,2334,0.034914508818381734,0.015806713840636987,0.14855360406898194,0.005186676119268858
2014,E07000033,66849,100664,14954,33031,0.4527262268777815,30264.29554055281,male,30-34,2289,0.034241349908001616,0.01550195714705144,0.14855360406898194,0.005086675937020744
2014,E07000034,90884,100664,37852,44099,0.8583414589899998,78009.50515884714,female,30-34,3017,0.03319616214075085,0.02849364224476068,0.3760232059127394,0.01248252731216424
2014,E07000034,90884,100664,37852,44099,0.8583414589899998,78009.50515884714,male,30-34,3179,0.034978654108533964,0.03002362900102559,0.3760232059127394,0.013152785656403751
2014,E07000035,63385,100664,11462,25797,0.4443152304531535,28162.92088227313,female,30-34,1377,0.02172438274039599,0.009652474123751557,0.11386394341571962,0.002473623887093885
2014,E07000035,63385,100664,11462,25797,0.4443152304531535,28162.92088227313,male,30-34,1411,0.022260787252504532,0.009890806818165171,0.11386394341571962,0.002534701020108549
2014,E07000036,98623,100664,61,37926,0.0016083952961029374,158.62476928756,female,30-34,3506,0.03554951684698295,5.717767567541951e-05,0.0006059763172534372,2.1542165299073753e-05
2014,E07000036,98623,100664,61,37926,0.0016083952961029374,158.62476928756,male,30-34,3232,0.032771260253693354,5.270914083940555e-05,0.0006059763172534372,1.9858607600287038e-05
2014,E07000037,79589,100664,822,38389,0.02141238375576337,1704.1902107374508,female,30-34,2479,0.031147520385982987,0.0006669426595451303,0.00816577922593976,0.000254343774907395
2014,E07000037,79589,100664,822,38389,0.02141238375576337,1704.1902107374508,male,30-34,2285,0.028709997612735433,0.0006147494865109412,0.00816577922593976,0.00023443950208285502
2014,E07000038,87563,100664,30196,40458,0.7463542439072619,65353.016659251574,female,30-34,2474,0.02825394287541541,0.02108745017217964,0.2999682110784392,0.008475284700250774
2014,E07000038,87563,100664,30196,40458,0.7463542439072619,65353.016659251574,male,30-34,2453,0.02801411555108893,0.020908454030863645,0.2999682110784392,0.008403344126804829
2014,E07000170,104890,100664,264,50031,0.005276728428374408,553.4760448521916,female,30-34,3803,0.036257031175517214,0.0001913185071323088,0.002622586028768974,9.508718340555257e-05
2014,E07000170,104890,100664,264,50031,0.005276728428374408,553.4760448521916,male,30-34,3583,0.034159595766994,0.00018025091008547526,0.002622586028768974,8.958647860691425e-05
2014,E07000171,99362,100664,242,48351,0.0050050671133999285,497.31347852164384,female,30-34,3049,0.030685775246069923,0.00015358436453328622,0.0024040371930382264,7.376974498876384e-05
2014,E07000171,99362,100664,242,48351,0.0050050671133999285,497.31347852164384,male,30-34,3076,0.03095750890682555,0.00015494440974233794,0.0024040371930382264,7.442300281582078e-05
2014,E07000174,90997,100664,397,46866,0.008470959757606793,770.8319250629454,female,30-34,3549,0.0390012857566733,0.00033037832213970254,0.003943813081141222,0.00015381378094849499
2014,E07000174,90997,100664,397,46866,0.008470959757606793,770.8319250629454,male,30-34,3400,0.03736386913854303,0.00031650783186108435,0.003943813081141222,0.00014735611587063483
2014,E07000175,101982,100664,45,50699,0.0008875914712321742,90.5183534191996,female,30-34,3159,0.03097605459787021,2.7494081873491773e-05,0.00044703170944925696,1.3847278638879434e-05
2014,E07000175,101982,100664,45,50699,0.0008875914712321742,90.5183534191996,male,30-34,3190,0.031280029809182014,2.776388767851813e-05,0.00044703170944925696,1.3983165197222351e-05
2014,E07000198,86248,100664,41,35337,0.0011602569544669893,100.06984180886887,female,30-34,2353,0.027281792041554585,3.165388894653587e-05,0.0004072955574982119,1.1111752699115256e-05
2014,E07000198,86248,100664,41,35337,0.0011602569544669893,100.06984180886887,male,30-34,2298,0.026644096094981917,3.091399778968952e-05,0.0004072955574982119,1.0852021973041588e-05
2014,E08000018,222354,100664,165,118954,0.0013870908082115776,308.4251895690772,female,30-34,8259,0.03714347391996546,5.152137125943055e-05,0.0016391162679806088,6.088247235152886e-05
2014,E08000018,222354,100664,165,118954,0.0013870908082115776,308.4251895690772,male,30-34,7507,0.03376147944269048,4.683023780658011e-05,0.0016391162679806088,5.533899018560687e-05
2014,E08000019,484430,100664,2187,218532,0.010007687661303609,4848.024133765306,female,30-34,18358,0.037896084057552175,0.00037925217283448924,0.021725741079233887,0.0008233205101512616
2014,E08000019,484430,100664,2187,218532,0.010007687661303609,4848.024133765306,male,30-34,18094,0.03735111367999505,0.00037379827951123474,0.021725741079233887,0.0008114806248326031
2014,E06000015,211666,100664,159,86819,0.001831396353332796,387.64434052453964,female,35-39,7747,0.03660011527595362,6.702931764794142e-05,0.0015795120400540412,5.781032274573458e-05
2014,E06000015,211666,100664,159,86819,0.001831396353332796,387.64434052453964,male,35-39,7720,0.03647255581907345,6.679570572377796e-05,0.0015795120400540412,5.760884104776959e-05
2014,E07000032,108417,100664,1817,42833,0.042420563584152415,4599.110242103052,female,35-39,3479,0.0320890635232482,0.0013612361595438556,0.01805014702376222,0.0005792123144494753
2014,E07000032,108417,100664,1817,42833,0.042420563584152415,4599.110242103052,male,35-39,3297,0.030410359998893164,0.0012900246099500124,0.01805014702376222,0.0005489114690255591
2014,E07000033,66849,100664,14954,33031,0.4527262268777815,30264.29554055281,female,35-39,2043,0.030561414531257013,0.013835953888783791,0.14855360406898194,0.004540008274064386
2014,E07000033,66849,100664,14954,33031,0.4527262268777815,30264.29554055281,male,35-39,2118,0.031683346048557194,0.014343881711426363,0.14855360406898194,0.004706675244477911
2014,E07000034,90884,100664,37852,44099,0.8583414589899998,78009.50515884714,female,35-39,3100,0.034109414198318734,0.02927752434827912,0.3760232059127394,0.012825931278657323
2014,E07000034,90884,100664,37852,44099,0.8583414589899998,78009.50515884714,male,35-39,2839,0.031237621583557064,0.02681254568540788,0.3760232059127394,0.011746070612938107
2014,E07000035,63385,100664,11462,25797,0.4443152304531535,28162.92088227313,female,35-39,1657,0.02614183166364282,0.011615213960099005,0.11386394341571962,0.002976612041332293
2014,E07000035,63385,100664,11462,25797,0.4443152304531535,28162.92088227313,male,35-39,1534,0.02420130945807368,0.010753010389132088,0.11386394341571962,0.002755656530720421
2014,E07000036,98623,100664,61,37926,0.0016083952961029374,158.62476928756,female,35-39,3398,0.03445443760583231,5.5416355375092844e-05,0.0006059763172534372,2.0878573213420603e-05
2014,E07000036,98623,100664,61,37926,0.0016083952961029374,158.62476928756,male,35-39,3108,0.031513947050890764,5.068688419828974e-05,0.0006059763172534372,1.9096705576018603e-05
2014,E07000037,79589,100664,822,38389,0.02141238375576337,1704.1902107374508,female,35-39,2511,0.03154958599806506,0.0006755518427260278,0.00816577922593976,0.0002576269539299996
2014,E07000037,79589,100664,822,38389,0.02141238375576337,1704.1902107374508,male,35-39,2292,0.02879794946537838,0.0006166327453317624,0.00816577922593976,0.0002351576974940498
2014,E07000038,87563,100664,30196,40458,0.7463542439072619,65353.016659251574,female,35-39,2602,0.029715747518929227,0.022178474271629518,0.2999682110784392,0.00891377962411177
2014,E07000038,87563,100664,30196,40458,0.7463542439072619,65353.016659251574,male,35-39,2372,0.027089067300115347,0.020218040342930524,0.2999682110784392,0.008125859057799046
2014,E07000170,104890,100664,264,50031,0.005276728428374408,553.4760448521916,female,35-39,3517,0.03353036514443703,0.00017693063097142526,0.002622586028768974,8.793626716732274e-05
2014,E07000170,104890,100664,264,50031,0.005276728428374408,553.4760448521916,male,35-39,3378,0.03220516731814282,0.00016993792192819855,0.002622586028768974,8.446082186272852e-05
2014,E07000171,99362,100664,242,48351,0.0050050671133999285,497.31347852164384,female,35-39,3067,0.030866931019907007,0.00015449106133932068,0.0024040371930382264,7.42052502068018e-05
2014,E07000171,99362,100664,242,48351,0.0050050671133999285,497.31347852164384,male,35-39,3034,0.030534812101205688,0.00015282878386159082,0.0024040371930382264,7.34068239737322e-05
2014,E07000174,90997,100664,397,46866,0.008470959757606793,770.8319250629454,female,35-39,3053,0.03355055661175643,0.0002842054149034973,0.003943813081141222,0.0001323171240450141
2014,E07000174,90997,100664,397,46866,0.008470959757606793,770.8319250629454,male,35-39,2994,0.03290218358846995,0.00027871307311531956,0.003943813081141222,0.00012976006203431782
2014,E07000175,101982,100664,45,50699,0.0008875914712321742,90.5183534191996,female,35-39,3163,0.031015277205781414,2.752889552575324e-05,0.00044703170944925696,1.3864812388343038e-05
2014,E07000175,101982,100664,45,50699,0.0008875914712321742,90.5183534191996,male,35-39,3044,0.02984840462042321,2.6493189370974663e-05,0.00044703170944925696,1.3343183341800887e-05
2014,E07000198,86248,100664,41,35337,0.0011602569544669893,100.06984180886887,female,35-39,2591,0.03004127631945088,3.4855599770707374e-05,0.0004072955574982119,1.2235678386488581e-05
2014,E07000198,86248,100664,41,35337,0.0011602569544669893,100.06984180886887,male,35-39,2385,0.027652815137742325,3.2084371074155574e-05,0.0004072955574982119,1.1262868757921753e-05
2014,E08000018,222354,100664,165,118954,0.0013870908082115776,308.4251895690772,female,35-39,7200,0.0323807981866753,4.491510752729143e-05,0.0016391162679806088,5.3075893077976476e-05
2014,E08000018,222354,100664,165,118954,0.0013870908082115776,308.4251895690772,male,35-39,6771,0.03045144229471923,4.223891570379032e-05,0.0016391162679806088,4.9913454448747054e-05
2014,E08000019,484430,100664,2187,218532,0.010007687661303609,4848.024133765306,female,35-39,16165,0.033369114216708295,0.0003339476726151824,0.021725741079233887,0.0007249687355155869
2014,E08000019,484430,100664,2187,218532,0.010007687661303609,4848.024133765306,male,35-39,17002,0.035096918027372366,0.0003512389934923186,0.021725741079233887,0.0007625065537417884
2014,E06000015,211666,100664,159,86819,0.001831396353332796,387.64434052453964,female,40-44,8414,0.03975130630332694,7.280039740412794e-05,0.0015795120400540412,6.278766691398101e-05
2014,E06000015,211666,100664,159,86819,0.001831396353332796,387.64434052453964,male,40-44,8292,0.03917492653520169,7.174481759864853e-05,0.0015795120400540412,6.18772681305836e-05
2014,E07000032,108417,100664,1817,42833,0.042420563584152415,4599.110242103052,female,40-44,4504,0.04154330040491805,0.0017622902163223703,0.01805014702376222,0.0007498626801610914
2014,E07000032,108417,100664,1817,42833,0.042420563584152415,4599.110242103052,male,40-44,4468,0.04121124915834232,0.001748204415303808,0.01805014702376222,0.0007438691063409759
2014,E07000033,66849,100664,14954,33031,0.4527262268777815,30264.29554055281,female,40-44,2847,0.04258852039671498,0.01928094014751221,0.14855360406898194,0.006326678196897361
2014,E07000033,66849,100664,14954,33031,0.4527262268777815,30264.29554055281,male,40-44,2690,0.04023994375383327,0.018217677905447083,0.14855360406898194,0.0059777886721650506
2014,E07000034,90884,100664,37852,44099,0.8583414589899998,78009.50515884714,female,40-44,3722,0.04095330311165882,0.035151917943320926,0.3760232059127394,0.015399392328762113
2014,E07000034,90884,100664,37852,44099,0.8583414589899998,78009.50515884714,male,40-44,3633,0.039974032833061925,0.03431136966364453,0.3760232059127394,0.01503116397914905
2014,E07000035,63385,100664,11462,25797,0.4443152304531535,28162.92088227313,female,40-44,2386,0.03764297546738187,0.01672534731973218,0.11386394341571962,0.0042861776286172906
2014,E07000035,63385,100664,11462,25797,0.4443152304531535,28162.92088227313,male,40-44,2238,0.035308038179379976,0.015687899120519957,0.11386394341571962,0.004020312461376989
2014,E07000036,98623,100664,61,37926,0.0016083952961029374,158.62476928756,female,40-44,4166,0.04224166776512578,6.794129973297139e-05,0.0006059763172534372,2.559745026695415e-05
2014,E07000036,98623,100664,61,37926,0.0016083952961029374,158.62476928756,male,40-44,3982,0.04037597720612839,6.494053181389633e-05,0.0006059763172534372,2.4466885972878404e-05
2014,E07000037,79589,100664,822,38389,0.02141238375576337,1704.1902107374508,female,40-44,3234,0.040633755921044366,0.000870065575219424,0.00816577922593976,0.0003318062799719708
2014,E07000037,79589,100664,822,38389,0.02141238375576337,1704.1902107374508,male,40-44,3176,0.03990501199914561,0.0008544614307040478,0.00816577922593976,0.00032585551799350015
2014,E07000038,87563,100664,30196,40458,0.7463542439072619,65353.016659251574,female,40-44,3474,0.03967429165286708,0.0296110759491318,0.2999682110784392,0.01190102629291479
2014,E07000038,87563,100664,30196,40458,0.7463542439072619,65353.016659251574,male,40-44,3214,0.03670500097072965,0.02739493324712424,0.2999682110784392,0.011010333478822146
2014,E07000170,104890,100664,264,50031,0.005276728428374408,553.4760448521916,female,40-44,4428,0.04221565449518543,0.0002227605441971768,0.002622586028768974,0.00011071418567441144
2014,E07000170,104890,100664,264,50031,0.005276728428374408,553.4760448521916,male,40-44,4218,0.04021355705977691,0.0002121960197433812,0.002622586028768974,0.00010546351291207486
2014,E07000171,99362,100664,242,48351,0.0050050671133999285,497.31347852164384,female,40-44,3957,0.03982407761518488,0.0001993221811932481,0.0024040371930382264,9.573856376534552e-05
2014,E07000171,99362,100664,242,48351,0.0050050671133999285,497.31347852164384,male,40-44,3827,0.038515730359694855,0.000192773815371888,0.0024040371930382264,9.259324830173803e-05
2014,E07000174,90997,100664,397,46866,0.008470959757606793,770.8319250629454,female,40-44,3472,0.03815510401441806,0.00032321035065343683,0.003943813081141222,0.0001504765983243659
2014,E07000174,90997,100664,397,46866,0.008470959757606793,770.8319250629454,male,40-44,3524,0.038726551424772236,0.0003280510586701357,0.003943813081141222,0.000152730280096505
2014,E07000175,101982,100664,45,50699,0.0008875914712321742,90.5183534191996,female,40-44,4116,0.04036006354062482,3.5823248177047224e-05,0.00044703170944925696,1.8042228198046147e-05
2014,E07000175,101982,100664,45,50699,0.0008875914712321742,90.5183534191996,male,40-44,3900,0.03824204271342002,3.394331095492812e-05,0.00044703170944925696,1.7095405727011648e-05
2014,E07000198,86248,100664,41,35337,0.0011602569544669893,100.06984180886887,female,40-44,3403,0.03945598738521473,4.57790837590572e-05,0.0004072955574982119,1.607024837870345e-05
2014,E07000198,86248,100664,41,35337,0.0011602569544669893,100.06984180886887,male,40-44,3431,0.039780632594378994,4.615575562072442e-05,0.0004072955574982119,1.6202474930159133e-05
2014,E08000018,222354,100664,165,118954,0.0013870908082115776,308.4251895690772,female,40-44,9080,0.04083578437986274,5.6642941159417515e-05,0.0016391162679806088,6.693459849278145e-05
2014,E08000018,222354,100664,165,118954,0.0013870908082115776,308.4251895690772,male,40-44,8858,0.03983737643577359,5.525805867732604e-05,0.0016391162679806088,6.529809178954383e-05
2014,E08000019,484430,100664,2187,218532,0.010007687661303609,4848.024133765306,female,40-44,18537,0.038265590487789776,0.0003829500777771504,0.021725741079233887,0.0008313483111817157
2014,E08000019,484430,100664,2187,218532,0.010007687661303609,4848.024133765306,male,40-44,17996,0.037148814070144295,0.0003717737282018449,0.021725741079233887,0.0008070855158885558
2014,E06000015,211666,100664,159,86819,0.001831396353332796,387.64434052453964,female,45-49,8940,0.04223635350032599,7.735150377857188e-05,0.0015795120400540412,6.671282888174354e-05
2014,E06000015,211666,100664,159,86819,0.001831396353332796,387.64434052453964,male,45-49,8920,0.042141865013748066,7.717845790882116e-05,0.0015795120400540412,6.656358317954725e-05
2014,E07000032,108417,100664,1817,42833,0.042420563584152415,4599.110242103052,female,45-49,5018,0.046284254314360285,0.001963404153087401,0.01805014702376222,0.0008354375952594041
2014,E07000032,108417,100664,1817,42833,0.042420563584152415,4599.110242103052,male,45-49,4859,0.044817694641984186,0.0019011918652554168,0.01805014702376222,0.0008089659775538951
2014,E07000033,66849,100664,14954,33031,0.4527262268777815,30264.29554055281,female,45-49,3136,0.04691169651004503,0.02123815535742828,0.14855360406898194,0.006968901589557473
2014,E07000033,66849,100664,14954,33031,0.4527262268777815,30264.29554055281,male,45-49,3169,0.047405346377657115,0.021461643599391008,0.14855360406898194,0.007042235056539422
2014,E07000034,90884,100664,37852,44099,0.8583414589899998,78009.50515884714,female,45-49,4027,0.044309229347299854,0.038032448564683866,0.3760232059127394,0.01666129847069453
2014,E07000034,90884,100664,37852,44099,0.8583414589899998,78009.50515884714,male,45-49,4000,0.04401214735266934,0.037777450771973066,0.3760232059127394,0.01654958874665461
2014,E07000035,63385,100664,11462,25797,0.4443152304531535,28162.92088227313,female,45-49,2920,0.046067681628145465,0.020468572579051957,0.11386394341571962,0.00524544789420054
2014,E07000035,63385,100664,11462,25797,0.4443152304531535,28162.92088227313,male,45-49,2969,0.046840735189713656,0.02081205205041276,0.11386394341571962,0.005333470821192263
2014,E07000036,98623,100664,61,37926,0.0016083952961029374,158.62476928756,female,45-49,4659,0.047240501708526415,7.598140073353665e-05,0.0006059763172534372,2.8626625250537543e-05
2014,E07000036,98623,100664,61,37926,0.0016083952961029374,158.62476928756,male,45-49,4527,0.045902071524897836,7.382867592202627e-05,0.0006059763172534372,2.7815568256961462e-05
2014,E07000037,79589,100664,822,38389,0.02141238375576337,1704.1902107374508,female,45-49,3873,0.048662503612308235,0.001041980201862965,0.00816577922593976,0.000397367261079605
2014,E07000037,79589,100664,822,38389,0.02141238375576337,1704.1902107374508,male,45-49,3697,0.046451142745856835,0.0009946296943680304,0.00816577922593976,0.00037930977645528015
2014,E07000038,87563,100664,30196,40458,0.7463542439072619,65353.016659251574,female,45-49,3914,0.044699245114945815,0.03336147129099075,0.2999682110784392,0.013408352593686956
2014,E07000038,87563,100664,30196,40458,0.7463542439072619,65353.016659251574,male,45-49,3884,0.04435663465162226,0.03310576251768218,0.2999682110784392,0.013305580345907037
2014,E07000170,104890,100664,264,50031,0.005276728428374408,553.4760448521916,female,45-49,4864,0.04637239012298598,0.00024469450925362874,0.002622586028768974,0.00012161558245716741
2014,E07000170,104890,100664,264,50031,0.005276728428374408,553.4760448521916,male,45-49,4712,0.04492325293164268,0.0002370478058394529,0.002622586028768974,0.0001178150955053809
2014,E07000171,99362,100664,242,48351,0.0050050671133999285,497.31347852164384,female,45-49,4541,0.04570157605523238,0.00022873945534458926,0.0024040371930382264,0.00010986828861724389
2014,E07000171,99362,100664,242,48351,0.0050050671133999285,497.31347852164384,male,45-49,4387,0.04415168776795958,0.00022098216044851642,0.0024040371930382264,0.00010614229952958576
2014,E07000174,90997,100664,397,46866,0.008470959757606793,770.8319250629454,female,45-49,4018,0.04415530182313703,0.0003740377848287756,0.003943813081141222,0.00017414025693182663
2014,E07000174,90997,100664,397,46866,0.008470959757606793,770.8319250629454,male,45-49,3952,0.04343000318691825,0.0003678938092691193,0.003943813081141222,0.00017127981468257318
2014,E07000175,101982,100664,45,50699,0.0008875914712321742,90.5183534191996,female,45-49,4615,0.04525308387754702,4.016625129666494e-05,0.00044703170944925696,2.0229563443630452e-05
2014,E07000175,101982,100664,45,50699,0.0008875914712321742,90.5183534191996,male,45-49,4633,0.045429585613147416,4.0322912731841534e-05,0.00044703170944925696,2.030846531621666e-05
2014,E07000198,86248,100664,41,35337,0.0011602569544669893,100.06984180886887,female,45-49,4030,0.046725721176143216,5.421384294710564e-05,0.0004072955574982119,1.903117865594325e-05
2014,E07000198,86248,100664,41,35337,0.0011602569544669893,100.06984180886887,male,45-49,3770,0.04371115851961785,5.07161756601956e-05,0.0004072955574982119,1.7803360678140466e-05
2014,E08000018,222354,100664,165,118954,0.0013870908082115776,308.4251895690772,female,45-49,9648,0.043390269570144906,6.018624408657052e-05,0.0016391162679806088,7.112169672448849e-05
2014,E08000018,222354,100664,165,118954,0.0013870908082115776,308.4251895690772,male,45-49,9843,0.04426724952103403,6.140269491543465e-05,0.0016391162679806088,7.255916882868371e-05
2014,E08000019,484430,100664,2187,218532,0.010007687661303609,4848.024133765306,female,45-49,18978,0.039175938732118165,0.00039206055866940496,0.021725741079233887,0.0008511263014299294
2014,E08000019,484430,100664,2187,218532,0.010007687661303609,4848.024133765306,male,45-49,18956,0.0391305245339884,0.0003916060675591338,0.021725741079233887,0.0008501396443200412
2014,E06000015,211666,100664,159,86819,0.001831396353332796,387.64434052453964,female,50-54,8143,0.038470987310196256,7.045562586900569e-05,0.0015795120400540412,6.076538764922121e-05
2014,E06000015,211666,100664,159,86819,0.001831396353332796,387.64434052453964,male,50-54,8116,0.038343427853316084,7.022201394484222e-05,0.0015795120400540412,6.056390595125622e-05
2014,E07000032,108417,100664,1817,42833,0.042420563584152415,4599.110242103052,female,50-54,4576,0.042207402898069485,0.0017904618183594953,0.01805014702376222,0.0007618498278013218
2014,E07000032,108417,100664,1817,42833,0.042420563584152415,4599.110242103052,male,50-54,4650,0.042889952682697366,0.001819415964897652,0.01805014702376222,0.0007741699517648923
2014,E07000033,66849,100664,14954,33031,0.4527262268777815,30264.29554055281,female,50-54,2743,0.04103277535939207,0.018576613566781173,0.14855360406898194,0.0060955666645906076
2014,E07000033,66849,100664,14954,33031,0.4527262268777815,30264.29554055281,male,50-54,2817,0.042139747789794915,0.01907776901845518,0.14855360406898194,0.00626001140873195
2014,E07000034,90884,100664,37852,44099,0.8583414589899998,78009.50515884714,female,50-54,3830,0.04214163109018089,0.0361719091141642,0.3760232059127394,0.015846231224921792
2014,E07000034,90884,100664,37852,44099,0.8583414589899998,78009.50515884714,male,50-54,3872,0.04260375863738392,0.03656857234726992,0.3760232059127394,0.016020001906761658
2014,E07000035,63385,100664,11462,25797,0.4443152304531535,28162.92088227313,female,50-54,2931,0.04624122426441587,0.020545680215479888,0.11386394341571962,0.00526520814311705
2014,E07000035,63385,100664,11462,25797,0.4443152304531535,28162.92088227313,male,50-54,2893,0.04564171333911809,0.02027930838054702,0.11386394341571962,0.005196945465041836
2014,E07000036,98623,100664,61,37926,0.0016083952961029374,158.62476928756,female,50-54,4214,0.042728369650081616,6.872410875533879e-05,0.0006059763172534372,2.58923800828e-05
2014,E07000036,98623,100664,61,37926,0.0016083952961029374,158.62476928756,male,50-54,4343,0.04403638096590045,7.082790800295121e-05,0.0006059763172534372,2.6685003962885714e-05
2014,E07000037,79589,100664,822,38389,0.02141238375576337,1704.1902107374508,female,50-54,3712,0.04663961100152031,0.000998665248984076,0.00816577922593976,0.00038084876662212595
2014,E07000037,79589,100664,822,38389,0.02141238375576337,1704.1902107374508,male,50-54,3693,0.04640088454434658,0.0009935535464704183,0.00816577922593976,0.0003788993790774545
2014,E07000038,87563,100664,30196,40458,0.7463542439072619,65353.016659251574,female,50-54,3760,0.04294051140321825,0.03204883292134012,0.2999682110784392,0.012880788388416695
2014,E07000038,87563,100664,30196,40458,0.7463542439072619,65353.016659251574,male,50-54,3666,0.0418669986181378,0.031247612098306617,0.2999682110784392,0.012558768678706282
2014,E07000170,104890,100664,264,50031,0.005276728428374408,553.4760448521916,female,50-54,4498,0.04288302030698828,0.00022628205234844203,0.002622586028768974,0.00011246440992852363
2014,E07000170,104890,100664,264,50031,0.005276728428374408,553.4760448521916,male,50-54,4556,0.04343598055105349,0.00022919987338806182,0.002622586028768974,0.00011391459573907376
2014,E07000171,99362,100664,242,48351,0.0050050671133999285,497.31347852164384,female,50-54,4395,0.044232201445220505,0.000221385136806754,0.0024040371930382264,0.00010633585740426928
2014,E07000171,99362,100664,242,48351,0.0050050671133999285,497.31347852164384,male,50-54,4446,0.0447454761377589,0.00022395411109051835,0.0024040371930382264,0.00010756978885537684
2014,E07000174,90997,100664,397,46866,0.008470959757606793,770.8319250629454,female,50-54,4057,0.04458388738090266,0.00037766831584129984,0.003943813081141222,0.000175830518260931
2014,E07000174,90997,100664,397,46866,0.008470959757606793,770.8319250629454,male,50-54,3824,0.04202336340758486,0.0003559782203049373,0.003943813081141222,0.00016573229032038457
2014,E07000175,101982,100664,45,50699,0.0008875914712321742,90.5183534191996,female,50-54,4440,0.04353709478143202,3.864315401022586e-05,0.00044703170944925696,1.9462461904597878e-05
2014,E07000175,101982,100664,45,50699,0.0008875914712321742,90.5183534191996,male,50-54,4379,0.042938950010786216,3.811224581323852e-05,0.00044703170944925696,1.9195072225277952e-05
2014,E07000198,86248,100664,41,35337,0.0011602569544669893,100.06984180886887,female,50-54,3727,0.043212596234115566,5.0137715301206624e-05,0.0004072955574982119,1.7600298474119234e-05
2014,E07000198,86248,100664,41,35337,0.0011602569544669893,100.06984180886887,male,50-54,3771,0.043722752991373716,5.072962822668372e-05,0.0004072955574982119,1.7808083054978168e-05
2014,E08000018,222354,100664,165,118954,0.0013870908082115776,308.4251895690772,female,50-54,9263,0.04165879633377407,5.778453347573618e-05,0.0016391162679806088,6.828361077518002e-05
2014,E08000018,222354,100664,165,118954,0.0013870908082115776,308.4251895690772,male,50-54,9573,0.0430529695890337,5.971837838316123e-05,0.0016391162679806088,7.056882283825956e-05
2014,E08000019,484430,100664,2187,218532,0.010007687661303609,4848.024133765306,female,50-54,17228,0.03556344569906901,0.00035590785671601376,0.021725741079233887,0.0007726422131433672
2014,E08000019,484430,100664,2187,218532,0.010007687661303609,4848.024133765306,male,50-54,17349,0.03581322378878269,0.00035840755782250535,0.021725741079233887,0.0007780688272477522
2014,E06000015,211666,100664,159,86819,0.001831396353332796,387.64434052453964,female,55-59,6620,0.03127568905728837,5.727818288748835e-05,0.0015795120400540412,4.940032742697341e-05
2014,E06000015,211666,100664,159,86819,0.001831396353332796,387.64434052453964,male,55-59,6604,0.031200098268026038,5.713974619168778e-05,0.0015795120400540412,4.928093086521637e-05
2014,E07000032,108417,100664,1817,42833,0.042420563584152415,4599.110242103052,female,55-59,4104,0.03785384210963225,0.001605781316116121,0.01805014702376222,0.0006832674154931438
2014,E07000032,108417,100664,1817,42833,0.042420563584152415,4599.110242103052,male,55-59,4184,0.03859173376868941,0.001637083096157371,0.01805014702376222,0.0006965864684267332
2014,E07000033,66849,100664,14954,33031,0.4527262268777815,30264.29554055281,female,55-59,2461,0.03681431285434337,0.016666804953645083,0.14855360406898194,0.005468898855835758
2014,E07000033,66849,100664,14954,33031,0.4527262268777815,30264.29554055281,male,55-59,2485,0.03717333093987943,0.01682934185689071,0.14855360406898194,0.005522232286368086
2014,E07000034,90884,100664,37852,44099,0.8583414589899998,78009.50515884714,female,55-59,3386,0.037256282734034585,0.03197861207847519,0.3760232059127394,0.014009226874043127
2014,E07000034,90884,100664,37852,44099,0.8583414589899998,78009.50515884714,male,55-59,3441,0.0378614497601338,0.03249805202658982,0.3760232059127394,0.014236783719309629
2014,E07000035,63385,100664,11462,25797,0.4443152304531535,28162.92088227313,female,55-59,2642,0.041681785911493255,0.01851985231296413,0.11386394341571962,0.004746052512492408
2014,E07000035,63385,100664,11462,25797,0.4443152304531535,28162.92088227313,male,55-59,2635,0.041571349688412085,0.018470783817055445,0.11386394341571962,0.004733477808636447
2014,E07000036,98623,100664,61,37926,0.0016083952961029374,158.62476928756,female,55-59,3479,0.035275747036695296,5.6737345600337853e-05,0.0006059763172534372,2.1376267277660467e-05
2014,E07000036,98623,100664,61,37926,0.0016083952961029374,158.62476928756,male,55-59,3579,0.03628970929701997,5.836819773026994e-05,0.0006059763172534372,2.199070439400598e-05
2014,E07000037,79589,100664,822,38389,0.02141238375576337,1704.1902107374508,female,55-59,3127,0.03928934903064494,0.000841278618958299,0.00816577922593976,0.00032082815011513685
2014,E07000037,79589,100664,822,38389,0.02141238375576337,1704.1902107374508,male,55-59,3200,0.04020656120820716,0.0008609183180897206,0.00816577922593976,0.00032831790226045337
2014,E07000038,87563,100664,30196,40458,0.7463542439072619,65353.016659251574,female,55-59,3542,0.04045087536973379,0.030190682501964543,0.2999682110784392,0.012133976721215942
2014,E07000038,87563,100664,30196,40458,0.7463542439072619,65353.016659251574,male,55-59,3503,0.040005481767413184,0.029858261096663414,0.2999682110784392,0.012000372799102044
2014,E07000170,104890,100664,264,50031,0.005276728428374408,553.4760448521916,female,55-59,3719,0.0354561922013538,0.00018709269735079056,0.002622586028768974,9.298691430061792e-05
2014,E07000170,104890,100664,264,50031,0.005276728428374408,553.4760448521916,male,55-59,3785,0.03608542282391077,0.00019041297646484065,0.002622586028768974,9.463712574020942e-05
2014,E07000171,99362,100664,242,48351,0.0050050671133999285,497.31347852164384,female,55-59,3795,0.03819367565065115,0.00019116190993893772,0.0024040371930382264,9.181901680300385e-05
2014,E07000171,99362,100664,242,48351,0.0050050671133999285,497.31347852164384,male,55-59,3912,0.03937118818059218,0.00019705543917816195,0.0024040371930382264,9.464980072025062e-05
2014,E07000174,90997,100664,397,46866,0.008470959757606793,770.8319250629454,female,55-59,3435,0.0377484972032045,0.000319766000718478,0.003943813081141222,0.00014887301706342074
2014,E07000174,90997,100664,397,46866,0.008470959757606793,770.8319250629454,male,55-59,3483,0.03827598712045452,0.00032423434658004614,0.003943813081141222,0.00015095333869924148
2014,E07000175,101982,100664,45,50699,0.0008875914712321742,90.5183534191996,female,55-59,4003,0.03925202486713342,3.483976250066084e-05,0.00044703170944925696,1.7546899775699397e-05
2014,E07000175,101982,100664,45,50699,0.0008875914712321742,90.5183534191996,male,55-59,3827,0.03752623011904062,3.330796180115639e-05,0.00044703170944925696,1.677541479930092e-05
2014,E07000198,86248,100664,41,35337,0.0011602569544669893,100.06984180886887,female,55-59,3388,0.039282070308876725,4.557729526173545e-05,0.0004072955574982119,1.59994127261379e-05
2014,E07000198,86248,100664,41,35337,0.0011602569544669893,100.06984180886887,male,55-59,3314,0.03842407939894259,4.4581805341614914e-05,0.0004072955574982119,1.5649956840147874e-05
2014,E08000018,222354,100664,165,118954,0.0013870908082115776,308.4251895690772,female,55-59,8342,0.03751675256572852,5.203914263787015e-05,0.0016391162679806088,6.149431945228886e-05
2014,E08000018,222354,100664,165,118954,0.0013870908082115776,308.4251895690772,male,55-59,8279,0.037233420581595116,5.164613544700636e-05,0.0016391162679806088,6.1029905387856566e-05
2014,E08000019,484430,100664,2187,218532,0.010007687661303609,4848.024133765306,female,55-59,14731,0.030408934211341162,0.0003043231157002321,0.021725741079233887,0.0006606566311710553
2014,E08000019,484430,100664,2187,218532,0.010007687661303609,4848.024133765306,male,55-59,14700,0.030344941477612863,0.0003036826964084863,0.021725741079233887,0.0006592663416071222
2014,E06000015,211666,100664,159,86819,0.001831396353332796,387.64434052453964,female,60-64,5930,0.028015836270350456,5.13081003810885e-05,0.0015795120400540412,4.4251350701201254e-05
2014,E06000015,211666,100664,159,86819,0.001831396353332796,387.64434052453964,male,60-64,5803,0.027415834380580727,5.020925910817144e-05,0.0015795120400540412,4.330364049225478e-05
2014,E07000032,108417,100664,1817,42833,0.042420563584152415,4599.110242103052,female,60-64,4075,0.03758635638322403,0.0015944344208511678,0.01805014702376222,0.0006784392588047173
2014,E07000032,108417,100664,1817,42833,0.042420563584152415,4599.110242103052,male,60-64,4003,0.03692225389007259,0.0015662628188140427,0.01805014702376222,0.0006664521111644867
2014,E07000033,66849,100664,14954,33031,0.4527262268777815,30264.29554055281,female,60-64,2299,0.034390940776974965,0.01556968085673712,0.14855360406898194,0.005108898199742547
2014,E07000033,66849,100664,14954,33031,0.4527262268777815,30264.29554055281,male,60-64,2345,0.035079058774252415,0.015881209921291238,0.14855360406898194,0.0052111206082628425
2014,E07000034,90884,100664,37852,44099,0.8583414589899998,78009.50515884714,female,60-64,3154,0.03470357818757977,0.029787519933700757,0.3760232059127394,0.01304935072673716
2014,E07000034,90884,100664,37852,44099,0.8583414589899998,78009.50515884714,male,60-64,3215,0.03537476343470798,0.030363626057973343,0.3760232059127394,0.013301731955123644
2014,E07000035,63385,100664,11462,25797,0.4443152304531535,28162.92088227313,female,60-64,2713,0.042801924745602266,0.019017547057180804,0.11386394341571962,0.004873595937317146
2014,E07000035,63385,100664,11462,25797,0.4443152304531535,28162.92088227313,male,60-64,2656,0.0419026583576556,0.018617989304781504,0.11386394341571962,0.004771201920204328
2014,E07000036,98623,100664,61,37926,0.0016083952961029374,158.62476928756,female,60-64,3299,0.03345061496811089,5.380181176646006e-05,0.0006059763172534372,2.027028046823854e-05
2014,E07000036,98623,100664,61,37926,0.0016083952961029374,158.62476928756,male,60-64,3167,0.03211218478448232,5.164908695494968e-05,0.0006059763172534372,1.945922347466246e-05
2014,E07000037,79589,100664,822,38389,0.02141238375576337,1704.1902107374508,female,60-64,2893,0.036349244242294784,0.0007783239669479883,0.00816577922593976,0.0002968199035123412
2014,E07000037,79589,100664,822,38389,0.02141238375576337,1704.1902107374508,male,60-64,3066,0.03852291145761349,0.0008248673635197136,0.00816577922593976,0.00031456959010329696
2014,E07000038,87563,100664,30196,40458,0.7463542439072619,65353.016659251574,female,60-64,3388,0.03869214165800623,0.028878044132313912,0.2999682110784392,0.011606412515945684
2014,E07000038,87563,100664,30196,40458,0.7463542439072619,65353.016659251574,male,60-64,3278,0.03743590329248656,0.027940445296849182,0.2999682110784392,0.011229580940752644
2014,E07000170,104890,100664,264,50031,0.005276728428374408,553.4760448521916,female,60-64,3554,0.03388311564496139,0.0001787919995656654,0.002622586028768974,8.886138570163918e-05
2014,E07000170,104890,100664,264,50031,0.005276728428374408,553.4760448521916,male,60-64,3563,0.03396891982076461,0.00017924476489939952,0.002622586028768974,8.908641453431073e-05
2014,E07000171,99362,100664,242,48351,0.0050050671133999285,497.31347852164384,female,60-64,3728,0.037519373603590915,0.00018778698293869824,0.0024040371930382264,9.01979696025292e-05
2014,E07000171,99362,100664,242,48351,0.0050050671133999285,497.31347852164384,male,60-64,3601,0.03624121897707373,0.00018138973325167718,0.0024040371930382264,8.712523834192804e-05
2014,E07000174,90997,100664,397,46866,0.008470959757606793,770.8319250629454,female,60-64,3046,0.03347363099882414,0.0002835537811320186,0.003943813081141222,0.00013201374380645696
2014,E07000174,90997,100664,397,46866,0.008470959757606793,770.8319250629454,male,60-64,3118,0.034264865874699166,0.0002902562999243709,0.003943813081141222,0.00013513422626018805
2014,E07000175,101982,100664,45,50699,0.0008875914712321742,90.5183534191996,female,60-64,3745,0.03672216665686102,3.259428192979636e-05,0.00044703170944925696,1.6415972935297087e-05
2014,E07000175,101982,100664,45,50699,0.0008875914712321742,90.5183534191996,male,60-64,3691,0.03619266145005982,3.212429762426659e-05,0.00044703170944925696,1.617926731753846e-05
2014,E07000198,86248,100664,41,35337,0.0011602569544669893,100.06984180886887,female,60-64,3495,0.04052267878675448,4.701671987596382e-05,0.0004072955574982119,1.6504707047772127e-05
2014,E07000198,86248,100664,41,35337,0.0011602569544669893,100.06984180886887,male,60-64,3365,0.039015397458491786,4.5267886232508805e-05,0.0004072955574982119,1.5890798058870733e-05
2014,E08000018,222354,100664,165,118954,0.0013870908082115776,308.4251895690772,female,60-64,7609,0.03422020741700172,4.746653516321674e-05,0.0016391162679806088,5.609089867087821e-05
2014,E08000018,222354,100664,165,118954,0.0013870908082115776,308.4251895690772,male,60-64,7561,0.03400433542909055,4.71671011130348e-05,0.0016391162679806088,5.57370593836917e-05
2014,E08000019,484430,100664,2187,218532,0.010007687661303609,4848.024133765306,female,60-64,13321,0.02749829696757013,0.000275194367269214,0.021725741079233887,0.000597420880037311
2014,E08000019,484430,100664,2187,218532,0.010007687661303609,4848.024133765306,male,60-64,12830,0.0264847346365832,0.00026505095203543396,0.021725741079233887,0.0005754004872666242
2014,E06000015,211666,100664,159,86819,0.001831396353332796,387.64434052453964,female,65-69,6132,0.028970169984787356,5.305586366557078e-05,0.0015795120400540412,4.575873229338382e-05
2014,E06000015,211666,100664,159,86819,0.001831396353332796,387.64434052453964,male,65-69,5688,0.026872525582757743,4.92142453571048e-05,0.0015795120400540412,4.244547770462609e-05
2014,E07000032,108417,100664,1817,42833,0.042420563584152415,4599.110242103052,female,65-69,4342,0.0400490697953273,0.0016989041117388395,0.01805014702376222,0.0007228915979705726
2014,E07000032,108417,100664,1817,42833,0.042420563584152415,4599.110242103052,male,65-69,4315,0.03980003136039551,0.0016883397609749175,0.01805014702376222,0.000718396417605486
2014,E07000033,66849,100664,14954,33031,0.4527262268777815,30264.29554055281,female,65-69,2424,0.03626082663914194,0.016416227227808076,0.14855360406898194,0.005386676483765086
2014,E07000033,66849,100664,14954,33031,0.4527262268777815,30264.29554055281,male,65-69,2397,0.03585693129291388,0.016233373211656753,0.14855360406898194,0.005326676374416218
2014,E07000034,90884,100664,37852,44099,0.8583414589899998,78009.50515884714,female,65-69,3369,0.03706923110778575,0.031818057912694306,0.3760232059127394,0.013938891121869846
2014,E07000034,90884,100664,37852,44099,0.8583414589899998,78009.50515884714,male,65-69,3122,0.03435148100875842,0.029485300327524975,0.3760232059127394,0.012916954016763923
2014,E07000035,63385,100664,11462,25797,0.4443152304531535,28162.92088227313,female,65-69,2906,0.04584680918198312,0.020370435587234583,0.11386394341571962,0.00522029848648862
2014,E07000035,63385,100664,11462,25797,0.4443152304531535,28162.92088227313,male,65-69,2851,0.04497909600063106,0.019984897405094904,0.11386394341571962,0.005121497241906076
2014,E07000036,98623,100664,61,37926,0.0016083952961029374,158.62476928756,female,65-69,3516,0.03565091307301542,5.734076088841272e-05,0.0006059763172534372,2.1603609010708305e-05
2014,E07000036,98623,100664,61,37926,0.0016083952961029374,158.62476928756,male,65-69,3350,0.03396773572087647,5.463354635272544e-05,0.0006059763172534372,2.058364339757475e-05
2014,E07000037,79589,100664,822,38389,0.02141238375576337,1704.1902107374508,female,65-69,3023,0.037982635791378214,0.000813298773620383,0.00816577922593976,0.00031015781829167214
2014,E07000037,79589,100664,822,38389,0.02141238375576337,1704.1902107374508,male,65-69,2961,0.0372036336679692,0.0007966184812073947,0.00816577922593976,0.0003037966589353759
2014,E07000038,87563,100664,30196,40458,0.7463542439072619,65353.016659251574,female,65-69,3857,0.04404828523463106,0.03287562462170448,0.2999682110784392,0.013213085322905108
2014,E07000038,87563,100664,30196,40458,0.7463542439072619,65353.016659251574,male,65-69,3667,0.04187841896691525,0.03125613572408357,0.2999682110784392,0.012562194420298944
2014,E07000170,104890,100664,264,50031,0.005276728428374408,553.4760448521916,female,65-69,3740,0.03565640194489465,0.00018814914979617013,0.002622586028768974,9.35119815768516e-05
2014,E07000170,104890,100664,264,50031,0.005276728428374408,553.4760448521916,male,65-69,3492,0.0332920202116503,0.0001756729494888305,0.002622586028768974,8.731118707656837e-05
2014,E07000171,99362,100664,242,48351,0.0050050671133999285,497.31347852164384,female,65-69,3876,0.03900887663291802,0.00019524204556609293,0.0024040371930382264,9.377879028417469e-05
2014,E07000171,99362,100664,242,48351,0.0050050671133999285,497.31347852164384,male,65-69,3854,0.03878746402045048,0.0001941338605809397,0.0024040371930382264,9.324650612879496e-05
2014,E07000174,90997,100664,397,46866,0.008470959757606793,770.8319250629454,female,65-69,3124,0.03433080211435542,0.000290814843157067,0.003943813081141222,0.00013539426646466565
2014,E07000174,90997,100664,397,46866,0.008470959757606793,770.8319250629454,male,65-69,3020,0.03318790729364704,0.00028113342712366904,0.003943813081141222,0.00013088690292038736
2014,E07000175,101982,100664,45,50699,0.0008875914712321742,90.5183534191996,female,65-69,4103,0.04023259006491341,3.5710103807197446e-05,0.00044703170944925696,1.7985243512289436e-05
2014,E07000175,101982,100664,45,50699,0.0008875914712321742,90.5183534191996,male,65-69,3880,0.03804592967386401,3.37692426936208e-05,0.00044703170944925696,1.700773697969364e-05
2014,E07000198,86248,100664,41,35337,0.0011602569544669893,100.06984180886887,female,65-69,3818,0.04426769316389945,5.136189885162514e-05,0.0004072955574982119,1.803003476635021e-05
2014,E07000198,86248,100664,41,35337,0.0011602569544669893,100.06984180886887,male,65-69,3684,0.04271403394861329,4.955925494221766e-05,0.0004072955574982119,1.7397236270098006e-05
2014,E08000018,222354,100664,165,118954,0.0013870908082115776,308.4251895690772,female,65-69,8013,0.03603712998192072,4.998677175224809e-05,0.0016391162679806088,5.906904600469798e-05
2014,E08000018,222354,100664,165,118954,0.0013870908082115776,308.4251895690772,male,65-69,7739,0.03480486071759447,4.827750238245951e-05,0.0016391162679806088,5.7049213407008335e-05
2014,E08000019,484430,100664,2187,218532,0.010007687661303609,4848.024133765306,female,65-69,13985,0.028868980038395636,0.0002889117353246722,0.021725741079233887,0.0006271999855357553
2014,E08000019,484430,100664,2187,218532,0.010007687661303609,4848.024133765306,male,65-69,12991,0.026817083995623724,0.000268377000615146,0.021725741079233887,0.000582621023388988
2014,E06000015,211666,100664,159,86819,0.001831396353332796,387.64434052453964,female,70-74,4781,0.0225874727164495,4.1366615163909636e-05,0.0015795120400540412,3.567718511002415e-05
2014,E06000015,211666,100664,159,86819,0.001831396353332796,387.64434052453964,male,70-74,4123,0.019478801508036245,3.5673406049110936e-05,0.0015795120400540412,3.0767001507766065e-05
2014,E07000032,108417,100664,1817,42833,0.042420563584152415,4599.110242103052,female,70-74,3158,0.02912827324128135,0.0012356377671283404,0.01805014702376222,0.0005257696145534471
2014,E07000032,108417,100664,1817,42833,0.042420563584152415,4599.110242103052,male,70-74,3008,0.027744726380549176,0.001176946929550997,0.01805014702376222,0.0005007963903029669
2014,E07000033,66849,100664,14954,33031,0.4527262268777815,30264.29554055281,female,70-74,1880,0.02812308336699128,0.012732057420907257,0.14855360406898194,0.004177785391698993
2014,E07000033,66849,100664,14954,33031,0.4527262268777815,30264.29554055281,male,70-74,1789,0.026761806459333726,0.012115771662767595,0.14855360406898194,0.003975562800930586
2014,E07000034,90884,100664,37852,44099,0.8583414589899998,78009.50515884714,female,70-74,2552,0.02807975001100304,0.02410201359251881,0.3760232059127394,0.010558637620365642
2014,E07000034,90884,100664,37852,44099,0.8583414589899998,78009.50515884714,male,70-74,2371,0.02608820034329475,0.02239258394508703,0.3760232059127394,0.00980976872957952
2014,E07000035,63385,100664,11462,25797,0.4443152304531535,28162.92088227313,female,70-74,2152,0.03395125029581132,0.015085057599356097,0.11386394341571962,0.003865823242575194
2014,E07000035,63385,100664,11462,25797,0.4443152304531535,28162.92088227313,male,70-74,2003,0.03160053640451211,0.014040599615014065,0.11386394341571962,0.0035981616890697547
2014,E07000036,98623,100664,61,37926,0.0016083952961029374,158.62476928756,female,70-74,2703,0.02740739989657585,4.408193307206473e-05,0.0006059763172534372,1.6608235254819268e-05
2014,E07000036,98623,100664,61,37926,0.0016083952961029374,158.62476928756,male,70-74,2503,0.02537947537592651,4.0820228812200516e-05,0.0006059763172534372,1.5379361022128238e-05
2014,E07000037,79589,100664,822,38389,0.02141238375576337,1704.1902107374508,female,70-74,2295,0.02883564311651108,0.0006174398562549716,0.00816577922593976,0.00023546549552741895
2014,E07000037,79589,100664,822,38389,0.02141238375576337,1704.1902107374508,male,70-74,1983,0.024915503398710882,0.0005335003202412239,0.00816577922593976,0.0002034545000570248
2014,E07000038,87563,100664,30196,40458,0.7463542439072619,65353.016659251574,female,70-74,2947,0.03365576784715005,0.025119125164678013,0.2999682110784392,0.010095660473580854
2014,E07000038,87563,100664,30196,40458,0.7463542439072619,65353.016659251574,male,70-74,2674,0.03053801263090575,0.022792175327570077,0.2999682110784392,0.009160433018783578
2014,E07000170,104890,100664,264,50031,0.005276728428374408,553.4760448521916,female,70-74,2949,0.028115168271522547,0.00014835610768687319,0.002622586028768974,7.373444750538377e-05
2014,E07000170,104890,100664,264,50031,0.005276728428374408,553.4760448521916,male,70-74,2807,0.026761369053293932,0.00014121247686573518,0.002622586028768974,7.018399258989903e-05
2014,E07000171,99362,100664,242,48351,0.0050050671133999285,497.31347852164384,female,70-74,2904,0.02922646484571566,0.00014628041804023062,0.0024040371930382264,7.026150851012468e-05
2014,E07000171,99362,100664,242,48351,0.0050050671133999285,497.31347852164384,male,70-74,2703,0.02720355870453493,0.00013615563703951218,0.0024040371930382264,6.539836690870077e-05
2014,E07000174,90997,100664,397,46866,0.008470959757606793,770.8319250629454,female,70-74,2432,0.02672615580733431,0.00022639619031945802,0.003943813081141222,0.00010540296288158349
2014,E07000174,90997,100664,397,46866,0.008470959757606793,770.8319250629454,male,70-74,2158,0.02371506752969878,0.0002008893826930059,0.003943813081141222,9.35277935437735e-05
2014,E07000175,101982,100664,45,50699,0.0008875914712321742,90.5183534191996,female,70-74,2998,0.029397344629444405,2.6092832369967826e-05,0.00044703170944925696,1.3141545222969471e-05
2014,E07000175,101982,100664,45,50699,0.0008875914712321742,90.5183534191996,male,70-74,2837,0.02781863466101861,2.4691582866443866e-05,0.00044703170944925696,1.24358118070595e-05
2014,E07000198,86248,100664,41,35337,0.0011602569544669893,100.06984180886887,female,70-74,2759,0.031989147574436515,3.7115630940710776e-05,0.0004072955574982119,1.302903769522269e-05
2014,E07000198,86248,100664,41,35337,0.0011602569544669893,100.06984180886887,male,70-74,2790,0.032348576198868384,3.753266050184236e-05,0.0004072955574982119,1.3175431377191485e-05
2014,E08000018,222354,100664,165,118954,0.0013870908082115776,308.4251895690772,female,70-74,6101,0.02743822913012584,3.8059315420000695e-05,0.0016391162679806088,4.4974447731768686e-05
2014,E08000018,222354,100664,165,118954,0.0013870908082115776,308.4251895690772,male,70-74,5552,0.024969193268391844,3.4634538471044725e-05,0.0016391162679806088,4.092741088457298e-05
2014,E08000019,484430,100664,2187,218532,0.010007687661303609,4848.024133765306,female,70-74,10995,0.022696777656214518,0.00022714226170144947,0.021725741079233887,0.0004931043146918576
2014,E08000019,484430,100664,2187,218532,0.010007687661303609,4848.024133765306,male,70-74,9970,0.020580888879714303,0.00020596710770017743,0.021725741079233887,0.00044713506298115695
2014,E06000015,211666,100664,159,86819,0.001831396353332796,387.64434052453964,female,75-79,4201,0.019847306605690097,3.634828494113876e-05,0.0015795120400540412,3.134905974633161e-05
2014,E06000015,211666,100664,159,86819,0.001831396353332796,387.64434052453964,male,75-79,3493,0.01650241418083206,3.0222461151963265e-05,0.0015795120400540412,2.6065761888582794e-05
2014,E07000032,108417,100664,1817,42833,0.042420563584152415,4599.110242103052,female,75-79,2420,0.02232122268647906,0.0009468788462478102,0.01805014702376222,0.0004029013512410837
2014,E07000032,108417,100664,1817,42833,0.042420563584152415,4599.110242103052,male,75-79,2115,0.01950801073632364,0.000827540809840545,0.01805014702376222,0.0003521224619317736
2014,E07000033,66849,100664,14954,33031,0.4527262268777815,30264.29554055281,female,75-79,1477,0.02209457134736496,0.010002791920574476,0.14855360406898194,0.0032822282040103267
2014,E07000033,66849,100664,14954,33031,0.4527262268777815,30264.29554055281,male,75-79,1245,0.018624063187183054,0.008431601855866774,0.14855360406898194,0.002766671708864493
2014,E07000034,90884,100664,37852,44099,0.8583414589899998,78009.50515884714,female,75-79,2088,0.022974340918093392,0.01971982930296993,0.3760232059127394,0.008638885325753706
2014,E07000034,90884,100664,37852,44099,0.8583414589899998,78009.50515884714,male,75-79,1700,0.018705162624884468,0.01605541657808855,0.3760232059127394,0.00703357521732821
2014,E07000035,63385,100664,11462,25797,0.4443152304531535,28162.92088227313,female,75-79,1767,0.027877258026346927,0.012386290324378357,0.11386394341571962,0.003174214530497382
2014,E07000035,63385,100664,11462,25797,0.4443152304531535,28162.92088227313,male,75-79,1504,0.023728011359154373,0.010542716835237718,0.11386394341571962,0.0027017649427663057
2014,E07000036,98623,100664,61,37926,0.0016083952961029374,158.62476928756,female,75-79,2217,0.02247954331139795,3.6155991720594706e-05,0.0006059763172534372,1.3622070869380068e-05
2014,E07000036,98623,100664,61,37926,0.0016083952961029374,158.62476928756,male,75-79,1878,0.01904221124889732,3.062740300012489e-05,0.0006059763172534372,1.1539129044968773e-05
2014,E07000037,79589,100664,822,38389,0.02141238375576337,1704.1902107374508,female,75-79,1692,0.021259219238839538,0.00045521056068993984,0.00816577922593976,0.00017359809082021478
2014,E07000037,79589,100664,822,38389,0.02141238375576337,1704.1902107374508,male,75-79,1440,0.018092952543693225,0.0003874132431403744,0.00816577922593976,0.00014774305601720407
2014,E07000038,87563,100664,30196,40458,0.7463542439072619,65353.016659251574,female,75-79,2317,0.026460948117355502,0.019749240925198152,0.2999682110784392,0.007937443270202524
2014,E07000038,87563,100664,30196,40458,0.7463542439072619,65353.016659251574,male,75-79,2065,0.02358302022543769,0.01760128722940621,0.2999682110784392,0.007074156388851192
2014,E07000170,104890,100664,264,50031,0.005276728428374408,553.4760448521916,female,75-79,2268,0.02162265230241205,0.00011409686410099299,0.002622586028768974,5.670726583323513e-05
2014,E07000170,104890,100664,264,50031,0.005276728428374408,553.4760448521916,male,75-79,1960,0.01868624273047955,9.860222823542606e-05,0.002622586028768974,4.9006279115141466e-05
2014,E07000171,99362,100664,242,48351,0.0050050671133999285,497.31347852164384,female,75-79,2295,0.02309736116422777,0.00011560384276939714,0.0024040371930382264,5.5526915299840285e-05
2014,E07000171,99362,100664,242,48351,0.0050050671133999285,497.31347852164384,male,75-79,2008,0.0202089329924921,0.00010114706591762504,0.0024040371930382264,4.858302654556832e-05
2014,E07000174,90997,100664,397,46866,0.008470959757606793,770.8319250629454,female,75-79,1939,0.02130839478224557,0.00018050255469960081,0.003943813081141222,8.403632608034143e-05
2014,E07000174,90997,100664,397,46866,0.008470959757606793,770.8319250629454,male,75-79,1704,0.018725892062375682,0.00015862627808567288,0.003943813081141222,7.385141807163579e-05
2014,E07000175,101982,100664,45,50699,0.0008875914712321742,90.5183534191996,female,75-79,2428,0.02380812300209841,2.1131886922709092e-05,0.00044703170944925696,1.0642985924406227e-05
2014,E07000175,101982,100664,45,50699,0.0008875914712321742,90.5183534191996,male,75-79,2086,0.02045459002569081,1.815531965435386e-05,0.00044703170944925696,9.143850345268284e-06
2014,E07000198,86248,100664,41,35337,0.0011602569544669893,100.06984180886887,female,75-79,2241,0.025983211204897504,3.014720149986693e-05,0.0004072955574982119,1.0582846493292514e-05
2014,E07000198,86248,100664,41,35337,0.0011602569544669893,100.06984180886887,male,75-79,2015,0.023362860588071608,2.7106921473552814e-05,0.0004072955574982119,9.515589327971627e-06
2014,E08000018,222354,100664,165,118954,0.0013870908082115776,308.4251895690772,female,75-79,5111,0.02298586937945798,3.1883488134998134e-05,0.0016391162679806088,3.767651243354692e-05
2014,E08000018,222354,100664,165,118954,0.0013870908082115776,308.4251895690772,male,75-79,4298,0.01932953758421256,2.681182391004147e-05,0.0016391162679806088,3.1683359506825407e-05
2014,E08000019,484430,100664,2187,218532,0.010007687661303609,4848.024133765306,female,75-79,9800,0.020229960985075242,0.00020245513093899086,0.021725741079233887,0.000439510894404748
2014,E08000019,484430,100664,2187,218532,0.010007687661303609,4848.024133765306,male,75-79,8042,0.016600953698160725,0.00016613715949095558,0.021725741079233887,0.0003606680217145901
2014,E06000015,211666,100664,159,86819,0.001831396353332796,387.64434052453964,female,80-84,3418,0.0161480823561649,2.957353914039806e-05,0.0015795120400540412,2.550609050534669e-05
2014,E06000015,211666,100664,159,86819,0.001831396353332796,387.64434052453964,male,80-84,2578,0.012179565919892662,2.230561261086782e-05,0.0015795120400540412,1.923777101310233e-05
2014,E07000032,108417,100664,1817,42833,0.042420563584152415,4599.110242103052,female,80-84,1835,0.016925389929623582,0.00071798457969617,0.01805014702376222,0.0003055057766642102
2014,E07000032,108417,100664,1817,42833,0.042420563584152415,4599.110242103052,male,80-84,1371,0.01264561830709206,0.0005364342554569205,0.01805014702376222,0.00022825526964939083
2014,E07000033,66849,100664,14954,33031,0.4527262268777815,30264.29554055281,female,80-84,1110,0.016604586456042722,0.007517331775110134,0.14855360406898194,0.002466671162120151
2014,E07000033,66849,100664,14954,33031,0.4527262268777815,30264.29554055281,male,80-84,823,0.012311328516507352,0.005573661307131208,0.14855360406898194,0.0018288922220044005
2014,E07000034,90884,100664,37852,44099,0.8583414589899998,78009.50515884714,female,80-84,1608,0.017692883235773074,0.015186535210333169,0.3760232059127394,0.006652934676155154
2014,E07000034,90884,100664,37852,44099,0.8583414589899998,78009.50515884714,male,80-84,1191,0.013104616874257295,0.011248235967354976,0.3760232059127394,0.00492764004931641
2014,E07000035,63385,100664,11462,25797,0.4443152304531535,28162.92088227313,female,80-84,1302,0.020541137493097737,0.009126740239015631,0.11386394341571962,0.002338894917208597
2014,E07000035,63385,100664,11462,25797,0.4443152304531535,28162.92088227313,male,80-84,994,0.01568194367752623,0.0069677264190334395,0.11386394341571962,0.001785607947546349
2014,E07000036,98623,100664,61,37926,0.0016083952961029374,158.62476928756,female,80-84,1831,0.018565648986544718,2.98609024990568e-05,0.0006059763172534372,1.125034360028638e-05
2014,E07000036,98623,100664,61,37926,0.0016083952961029374,158.62476928756,male,80-84,1298,0.013161230139014228,2.116846064651869e-05,0.0006059763172534372,7.975393770164784e-06
2014,E07000037,79589,100664,822,38389,0.02141238375576337,1704.1902107374508,female,80-84,1256,0.01578107527422131,0.00033791043985021535,0.00816577922593976,0.000128864776637228
2014,E07000037,79589,100664,822,38389,0.02141238375576337,1704.1902107374508,male,80-84,938,0.011785548254155726,0.0002523566819900494,0.00816577922593976,9.623818510009543e-05
2014,E07000038,87563,100664,30196,40458,0.7463542439072619,65353.016659251574,female,80-84,1694,0.01934607082900312,0.014439022066156956,0.2999682110784392,0.005803206257972842
2014,E07000038,87563,100664,30196,40458,0.7463542439072619,65353.016659251574,male,80-84,1295,0.014789351666799903,0.011038095381153046,0.2999682110784392,0.0044363353624999
2014,E07000170,104890,100664,264,50031,0.005276728428374408,553.4760448521916,female,80-84,1581,0.01507293354943274,7.95357769592901e-05,0.002622586028768974,3.953006493930544e-05
2014,E07000170,104890,100664,264,50031,0.005276728428374408,553.4760448521916,male,80-84,1207,0.011507293354943273,6.072086197967309e-05,0.002622586028768974,3.0178866781620283e-05
2014,E07000171,99362,100664,242,48351,0.0050050671133999285,497.31347852164384,female,80-84,1709,0.017199734304865037,8.60858245284966e-05,0.0024040371930382264,4.134880097927103e-05
2014,E07000171,99362,100664,242,48351,0.0050050671133999285,497.31347852164384,male,80-84,1314,0.013224371490106884,6.618886684051758e-05,0.0024040371930382264,3.17918809167713e-05
2014,E07000174,90997,100664,397,46866,0.008470959757606793,770.8319250629454,female,80-84,1615,0.01774783784080794,0.0001503412201340151,0.003943813081141222,6.999415503855153e-05
2014,E07000174,90997,100664,397,46866,0.008470959757606793,770.8319250629454,male,80-84,1077,0.011835555018297306,0.00010025851026893759,0.003943813081141222,4.6677216703727554e-05
2014,E07000175,101982,100664,45,50699,0.0008875914712321742,90.5183534191996,female,80-84,1780,0.01745406052048401,1.549207525635181e-05,0.00044703170944925696,7.802518511302753e-06
2014,E07000175,101982,100664,45,50699,0.0008875914712321742,90.5183534191996,male,80-84,1369,0.013423937557608205,1.1914972486486306e-05,0.00044703170944925696,6.000925753917679e-06
2014,E07000198,86248,100664,41,35337,0.0011602569544669893,100.06984180886887,female,80-84,1653,0.019165661812447825,2.2237092404854992e-05,0.0004072955574982119,7.806088912723127e-06
2014,E07000198,86248,100664,41,35337,0.0011602569544669893,100.06984180886887,male,80-84,1253,0.014527873110101104,1.6856065809608772e-05,0.0004072955574982119,5.917138177641912e-06
2014,E08000018,222354,100664,165,118954,0.0013870908082115776,308.4251895690772,female,80-84,3690,0.016595159070671092,2.301899260773686e-05,0.0016391162679806088,2.7201395202462948e-05
2014,E08000018,222354,100664,165,118954,0.0013870908082115776,308.4251895690772,male,80-84,2660,0.011962905996743932,1.6593636947582665e-05,0.0016391162679806088,1.960859383158576e-05
2014,E08000019,484430,100664,2187,218532,0.010007687661303609,4848.024133765306,female,80-84,7571,0.015628677001837208,0.00015640691799378572,0.021725741079233887,0.00033954458995289264
2014,E08000019,484430,100664,2187,218532,0.010007687661303609,4848.024133765306,male,80-84,5389,0.011124414260058212,0.00011132966332961448,0.021725741079233887,0.00024168614387216198
2014,E06000015,211666,100664,159,86819,0.001831396353332796,387.64434052453964,female,85-89,2428,0.01147090227055833,2.1007768587737414e-05,0.0015795120400540412,1.8118428246630125e-05
2014,E06000015,211666,100664,159,86819,0.001831396353332796,387.64434052453964,male,85-89,1376,0.006500807876560241,1.1905555838849542e-05,0.0015795120400540412,1.0268104311105046e-05
2014,E07000032,108417,100664,1817,42833,0.042420563584152415,4599.110242103052,female,85-89,1265,0.011667911858841326,0.0004949593969022643,0.01805014702376222,0.00021060752451238467
2014,E07000032,108417,100664,1817,42833,0.042420563584152415,4599.110242103052,male,85-89,764,0.0070468653439958685,0.00029893199939393675,0.01805014702376222,0.00012719695551578015
2014,E07000033,66849,100664,14954,33031,0.4527262268777815,30264.29554055281,female,85-89,733,0.010965010695747129,0.004964147919960115,0.14855360406898194,0.0016288918575081716
2014,E07000033,66849,100664,14954,33031,0.4527262268777815,30264.29554055281,male,85-89,397,0.005938757498242307,0.002688631274521373,0.14855360406898194,0.0008822238300555856
2014,E07000034,90884,100664,37852,44099,0.8583414589899998,78009.50515884714,female,85-89,1155,0.01270850754808327,0.01090823891040722,0.3760232059127394,0.004778693750596519
2014,E07000034,90884,100664,37852,44099,0.8583414589899998,78009.50515884714,male,85-89,653,0.007184983055323268,0.006167168838524601,0.3760232059127394,0.002701720362891365
2014,E07000035,63385,100664,11462,25797,0.4443152304531535,28162.92088227313,female,85-89,923,0.014561804843417212,0.006470031674816765,0.11386394341571962,0.0016580645227216096
2014,E07000035,63385,100664,11462,25797,0.4443152304531535,28162.92088227313,male,85-89,521,0.008219610317898557,0.003652098052632215,0.11386394341571962,0.0009359172441364664
2014,E07000036,98623,100664,61,37926,0.0016083952961029374,158.62476928756,female,85-89,1134,0.011498332032081766,1.8493863153430042e-05,0.0006059763172534372,6.9677168993581406e-06
2014,E07000036,98623,100664,61,37926,0.0016083952961029374,158.62476928756,male,85-89,649,0.006580615069507113,1.0584230323259345e-05,0.0006059763172534372,3.987696885082392e-06
2014,E07000037,79589,100664,822,38389,0.02141238375576337,1704.1902107374508,female,85-89,839,0.010541657766776815,0.00022572202152414863,0.00816577922593976,8.608084999891263e-05
2014,E07000037,79589,100664,822,38389,0.02141238375576337,1704.1902107374508,male,85-89,454,0.005704305871414392,0.00012214278637897913,0.00816577922593976,4.6580102383201836e-05
2014,E07000038,87563,100664,30196,40458,0.7463542439072619,65353.016659251574,female,85-89,1033,0.01179722028710757,0.00880490542759158,0.2999682110784392,0.003538791065221928
2014,E07000038,87563,100664,30196,40458,0.7463542439072619,65353.016659251574,male,85-89,697,0.007959983097883809,0.005940967166535654,0.2999682110784392,0.0023877418900868186
2014,E07000170,104890,100664,264,50031,0.005276728428374408,553.4760448521916,female,85-89,1033,0.00984841262274764,5.196739886081384e-05,0.002622586028768974,2.582830934996997e-05
2014,E07000170,104890,100664,264,50031,0.005276728428374408,553.4760448521916,male,85-89,604,0.005758413576127372,3.038558461948844e-05,0.002622586028768974,1.5101934992625229e-05
2014,E07000171,99362,100664,242,48351,0.0050050671133999285,497.31347852164384,female,85-89,1097,0.0110404379944043,5.5258133123324035e-05,0.0024040371930382264,2.6541623565980293e-05
2014,E07000171,99362,100664,242,48351,0.0050050671133999285,497.31347852164384,male,85-89,706,0.007105332018276605,3.5562663614463785e-05,0.0024040371930382264,1.7081482440822322e-05
2014,E07000174,90997,100664,397,46866,0.008470959757606793,770.8319250629454,female,85-89,1014,0.011143224501906657,9.43938063256293e-05,0.003943813081141222,4.3946794556712846e-05
2014,E07000174,90997,100664,397,46866,0.008470959757606793,770.8319250629454,male,85-89,570,0.006263942767343978,5.306160710612297e-05,0.003943813081141222,2.470381942537113e-05
2014,E07000175,101982,100664,45,50699,0.0008875914712321742,90.5183534191996,female,85-89,1204,0.011806004981271205,1.0478909330700889e-05,0.00044703170944925696,5.27765858854411e-06
2014,E07000175,101982,100664,45,50699,0.0008875914712321742,90.5183534191996,male,85-89,701,0.006873762036437803,6.101092558821695e-06,0.00044703170944925696,3.072789593496197e-06
2014,E07000198,86248,100664,41,35337,0.0011602569544669893,100.06984180886887,female,85-89,1038,0.012035061682589741,1.396376401466393e-05,0.0004072955574982119,4.901827157535756e-06
2014,E07000198,86248,100664,41,35337,0.0011602569544669893,100.06984180886887,male,85-89,652,0.007559595584825155,8.771073350251331e-06,0.0004072955574982119,3.0789896981823825e-06
2014,E08000018,222354,100664,165,118954,0.0013870908082115776,308.4251895690772,female,85-89,2338,0.010514764744506508,1.4584933527612134e-05,0.0016391162679806088,1.7234921946709586e-05
2014,E08000018,222354,100664,165,118954,0.0013870908082115776,308.4251895690772,male,85-89,1397,0.006282774314831305,8.714778502170296e-06,0.0016391162679806088,1.0298197587490716e-05
2014,E08000019,484430,100664,2187,218532,0.010007687661303609,4848.024133765306,female,85-89,4804,0.009916809446153209,9.924433153376652e-05,0.021725741079233887,0.00021545003435922543
2014,E08000019,484430,100664,2187,218532,0.010007687661303609,4848.024133765306,male,85-89,2991,0.006174266663914291,6.179013231005323e-05,0.021725741079233887,0.00013414051889434707
2014,E06000015,211666,100664,159,86819,0.001831396353332796,387.64434052453964,female,90+,1496,0.007067738796027704,1.2943831057353862e-05,0.0015795120400540412,1.1163578524282812e-05
2014,E06000015,211666,100664,159,86819,0.001831396353332796,387.64434052453964,male,90+,592,0.00279685920270615,5.122157744621314e-06,0.0015795120400540412,4.41767278501031e-06
2014,E07000032,108417,100664,1817,42833,0.042420563584152415,4599.110242103052,female,90+,941,0.008679450639659832,0.0003681871877352022,0.01805014702376222,0.00015666536013134706
2014,E07000032,108417,100664,1817,42833,0.042420563584152415,4599.110242103052,male,90+,327,0.0030161321563961373,0.0001279460259186091,0.01805014702376222,5.444162886604727e-05
2014,E07000033,66849,100664,14954,33031,0.4527262268777815,30264.29554055281,female,90+,498,0.007449625274873222,0.003372640742346709,0.14855360406898194,0.0011066686835457978
2014,E07000033,66849,100664,14954,33031,0.4527262268777815,30264.29554055281,male,90+,158,0.002363535729779055,0.0010700346130336949,0.14855360406898194,0.00035111175100448997
2014,E07000034,90884,100664,37852,44099,0.8583414589899998,78009.50515884714,female,90+,771,0.008483341402227014,0.007281603636297806,0.3760232059127394,0.0031899332309176763
2014,E07000034,90884,100664,37852,44099,0.8583414589899998,78009.50515884714,male,90+,282,0.0031028563883631877,0.0026633102794241005,0.3760232059127394,0.00116674600663915
2014,E07000035,63385,100664,11462,25797,0.4443152304531535,28162.92088227313,female,90+,617,0.009734164234440323,0.004325037425094197,0.11386394341571962,0.001108370325589635
2014,E07000035,63385,100664,11462,25797,0.4443152304531535,28162.92088227313,male,90+,232,0.0036601719649759406,0.0016262701501164563,0.11386394341571962,0.00041676161351182384
2014,E07000036,98623,100664,61,37926,0.0016083952961029374,158.62476928756,female,90+,773,0.007837928272309705,1.2606486964375153e-05,0.0006059763172534372,4.749598909350831e-06
2014,E07000036,98623,100664,61,37926,0.0016083952961029374,158.62476928756,male,90+,308,0.003123003761799986,5.023024560190876e-06,0.0006059763172534372,1.8924663183441864e-06
2014,E07000037,79589,100664,822,38389,0.02141238375576337,1704.1902107374508,female,90+,597,0.007501036575406148,0.0001606150737186135,0.00816577922593976,6.125180864046584e-05
2014,E07000037,79589,100664,822,38389,0.02141238375576337,1704.1902107374508,male,90+,220,0.0027642010830642425,5.91881343686683e-05,0.00816577922593976,2.2571855780406173e-05
2014,E07000038,87563,100664,30196,40458,0.7463542439072619,65353.016659251574,female,90+,653,0.0074574877516759355,0.00556592763234976,0.2999682110784392,0.0022370092600096023
2014,E07000038,87563,100664,30196,40458,0.7463542439072619,65353.016659251574,male,90+,306,0.003494626725900209,0.002608229487747361,0.2999682110784392,0.0010482769273551886
2014,E07000170,104890,100664,264,50031,0.005276728428374408,553.4760448521916,female,90+,673,0.006416245590618743,3.385678551144986e-05,0.002622586028768974,1.6827156043107248e-05
2014,E07000170,104890,100664,264,50031,0.005276728428374408,553.4760448521916,male,90+,233,0.0022213747735723138,1.1721591417782789e-05,0.002622586028768974,5.825746445830593e-06
2014,E07000171,99362,100664,242,48351,0.0050050671133999285,497.31347852164384,female,90+,721,0.007256295163140839,3.631824428615919e-05,0.0024040371930382264,1.7444403455853962e-05
2014,E07000171,99362,100664,242,48351,0.0050050671133999285,497.31347852164384,male,90+,265,0.0026670155592681305,1.334859186661884e-05,0.0024040371930382264,6.411604598892233e-06
2014,E07000174,90997,100664,397,46866,0.008470959757606793,770.8319250629454,female,90+,585,0.0064287833664846104,5.445796518786306e-05,0.003943813081141222,2.5353919936565106e-05
2014,E07000174,90997,100664,397,46866,0.008470959757606793,770.8319250629454,male,90+,270,0.002967130784531358,2.513444547132141e-05,0.003943813081141222,1.1701809201491588e-05
2014,E07000175,101982,100664,45,50699,0.0008875914712321742,90.5183534191996,female,90+,789,0.007736659410484203,6.86699290857392e-06,0.00044703170944925696,3.4585320816954338e-06
2014,E07000175,101982,100664,45,50699,0.0008875914712321742,90.5183534191996,male,90+,298,0.002922084289384401,2.5936170934791234e-06,0.00044703170944925696,1.306264335038326e-06
2014,E07000198,86248,100664,41,35337,0.0011602569544669893,100.06984180886887,female,90+,692,0.008023374455059828,9.309176009775956e-06,0.0004072955574982119,3.2678847716905047e-06
2014,E07000198,86248,100664,41,35337,0.0011602569544669893,100.06984180886887,male,90+,275,0.0031884797328633713,3.6994557842317732e-06,0.0004072955574982119,1.2986536303683364e-06
2014,E08000018,222354,100664,165,118954,0.0013870908082115776,308.4251895690772,female,90+,1536,0.006907903613157398,9.581889605822173e-06,0.0016391162679806088,1.1322857189968318e-05
2014,E08000018,222354,100664,165,118954,0.0013870908082115776,308.4251895690772,male,90+,524,0.002356602534696925,3.2688217144862098e-06,0.0016391162679806088,3.862745551786067e-06
2014,E08000019,484430,100664,2187,218532,0.010007687661303609,4848.024133765306,female,90+,3250,0.006708915632805565,6.714073219915513e-05,0.021725741079233887,0.00014575616396075828
2014,E08000019,484430,100664,2187,218532,0.010007687661303609,4848.024133765306,male,90+,1383,0.0028549016369754147,2.8570963886594323e-05,0.021725741079233887,6.202485377160883e-05
2015,E06000015,212611,104098,127,87606,0.0014496723968677944,308.21629797045864,female,12-15,5508,0.025906467680411643,3.75558910966404e-05,0.0012200042267862974,3.160600007120481e-05
2015,E06000015,212611,104098,127,87606,0.0014496723968677944,308.21629797045864,male,12-15,5986,0.028154705071703718,4.081509878440258e-05,0.0012200042267862974,3.4348859191400146e-05
2015,E07000032,108526,104098,1998,43576,0.045850927115843584,4976.017716174041,female,12-15,2595,0.02391132078948823,0.0010963562267623805,0.019193452323771832,0.00045894079557145666
2015,E07000032,108526,104098,1998,43576,0.045850927115843584,4976.017716174041,male,12-15,2721,0.025072332897185932,0.0011495897082930394,0.019193452323771832,0.00048122462610787425
2015,E07000033,67374,104098,15472,33997,0.4550989793217048,30661.838632820538,female,12-15,1629,0.02417846647074539,0.01100359541240029,0.14862917635305192,0.003593625557026769
2015,E07000033,67374,104098,15472,33997,0.4550989793217048,30661.838632820538,male,12-15,1688,0.02505417520111616,0.011402129561775132,0.14862917635305192,0.003723781424346953
2015,E07000034,90904,104098,38736,45403,0.8531594828535559,77555.60962931965,female,12-15,1985,0.0218362228284784,0.01862978057581964,0.3721108955023151,0.008125496431093192
2015,E07000034,90904,104098,38736,45403,0.8531594828535559,77555.60962931965,male,12-15,2120,0.023321305993135616,0.01989679336057312,0.3721108955023151,0.008678112057389203
2015,E07000035,63358,104098,11955,26671,0.44823966105507856,28399.568445127672,female,12-15,1554,0.02452728937150794,0.01099410387448455,0.11484370497031644,0.002816804784303036
2015,E07000035,63358,104098,11955,26671,0.44823966105507856,28399.568445127672,male,12-15,1596,0.0251901890842514,0.011291241817038186,0.11484370497031644,0.002892934643338253
2015,E07000036,98813,104098,73,38492,0.0018964979736049046,187.39865426582142,female,12-15,2257,0.022841124143584347,4.331814565316578e-05,0.0007012622720897617,1.6017618614014268e-05
2015,E07000036,98813,104098,73,38492,0.0018964979736049046,187.39865426582142,male,12-15,2420,0.024490704664366026,4.6446571768126364e-05,0.0007012622720897617,1.717440719801264e-05
2015,E07000037,79771,104098,886,39317,0.022534781392273058,1797.6220464430146,female,12-15,2023,0.02536009326697672,0.0005714841578589764,0.008511210590020942,0.00021584509437781103
2015,E07000037,79771,104098,886,39317,0.022534781392273058,1797.6220464430146,male,12-15,1934,0.02424439959383736,0.0005463422448340387,0.008511210590020942,0.000206349190571768
2015,E07000038,87642,104098,31138,41758,0.7456774749748551,65352.66526174625,female,12-15,2031,0.023173820770863284,0.017280196157937185,0.29912198121001365,0.00693179918118639
2015,E07000038,87642,104098,31138,41758,0.7456774749748551,65352.66526174625,male,12-15,2000,0.022820109080121404,0.017016441317515694,0.29912198121001365,0.0068259962394745365
2015,E07000170,105759,104098,293,52071,0.005626932457605961,595.0987497839487,female,12-15,2689,0.02542573208899479,0.00014306887714995818,0.0028146554208534264,7.156467465345609e-05
2015,E07000170,105759,104098,293,52071,0.005626932457605961,595.0987497839487,male,12-15,2742,0.02592687147193147,0.00014588875460958922,0.0028146554208534264,7.297520933424196e-05
2015,E07000171,99615,104098,259,49796,0.005201220981604948,518.1196280825769,female,12-15,2410,0.02419314360287105,0.00012583388611823445,0.0024880401160444965,6.019351181716846e-05
2015,E07000171,99615,104098,259,49796,0.005201220981604948,518.1196280825769,male,12-15,2477,0.024865733072328464,0.00012933217257878288,0.0024880401160444965,6.186694139880759e-05
2015,E07000173,100468,104098,8,38182,0.0002095228117961343,21.050337855534018,female,12-15,2388,0.023768762192937054,4.980097887577823e-06,7.685065995504237e-05,1.826645060841673e-06
2015,E07000173,100468,104098,8,38182,0.0002095228117961343,21.050337855534018,male,12-15,2596,0.02583907313771549,5.4138752580201126e-06,7.685065995504237e-05,1.985749823260043e-06
2015,E07000174,91529,104098,432,48531,0.008901526859120974,814.7478518884836,female,12-15,2016,0.02202580602869036,0.0001960633039581759,0.004149935637572288,9.140567738471667e-05
2015,E07000174,91529,104098,432,48531,0.008901526859120974,814.7478518884836,male,12-15,2221,0.024265533328234768,0.00021600029667217692,0.004149935637572288,0.00010070040152353956
2015,E07000175,102622,104098,55,52175,0.0010541447053186393,108.17843794920937,female,12-15,2539,0.0247412835454386,2.608089305221127e-05,0.0005283482871909162,1.3072014784137284e-05
2015,E07000175,102622,104098,55,52175,0.0010541447053186393,108.17843794920937,male,12-15,2590,0.025238253006178008,2.660477077795478e-05,0.0005283482871909162,1.3334587747505145e-05
2015,E07000198,86340,104098,33,36404,0.000906493791891001,78.26667399186903,female,12-15,2024,0.023442205235116982,2.1250213513868266e-05,0.0003170089723145497,7.431389390371191e-06
2015,E07000198,86340,104098,33,36404,0.000906493791891001,78.26667399186903,male,12-15,2197,0.02544591151262451,2.306656081520187e-05,0.0003170089723145497,8.066582258224065e-06
2015,E08000018,222771,104098,146,121777,0.0011989127667786199,267.08299596804,female,12-15,5818,0.026116505290185887,3.131141161604522e-05,0.001402524544179523,3.6629039677680064e-05
2015,E08000018,222771,104098,146,121777,0.0011989127667786199,267.08299596804,male,12-15,6038,0.027104066507759088,3.2495411367769174e-05,0.001402524544179523,3.801411852420629e-05
2015,E08000019,489302,104098,2487,224347,0.011085505935002474,5424.160225008581,female,12-15,11411,0.023320975593805054,0.00025852481335517384,0.023890948913523797,0.0005571602365251316
2015,E08000019,489302,104098,2487,224347,0.011085505935002474,5424.160225008581,male,12-15,12045,0.024616698889438425,0.00027288856163903844,0.023890948913523797,0.0005881162955871712
2015,E06000015,212611,104098,127,87606,0.0014496723968677944,308.21629797045864,female,16-17,2886,0.01357408600683878,1.967797779682356e-05,0.0012200042267862974,1.6560442303104045e-05
2015,E06000015,212611,104098,127,87606,0.0014496723968677944,308.21629797045864,male,16-17,3080,0.01448655055476904,2.100075246507851e-05,0.0012200042267862974,1.767365290837161e-05
2015,E07000032,108526,104098,1998,43576,0.045850927115843584,4976.017716174041,female,16-17,1460,0.013452997438401858,0.0006168324050377941,0.019193452323771832,0.0002582094649457906
2015,E07000032,108526,104098,1998,43576,0.045850927115843584,4976.017716174041,male,16-17,1427,0.01314892283876675,0.0006028903027321453,0.019193452323771832,0.00025237322361482416
2015,E07000033,67374,104098,15472,33997,0.4550989793217048,30661.838632820538,female,16-17,885,0.013135630955561492,0.0059780122406226256,0.14862917635305192,0.0019523380098027566
2015,E07000033,67374,104098,15472,33997,0.4550989793217048,30661.838632820538,male,16-17,924,0.013714489268857422,0.006241450068175487,0.14862917635305192,0.002038373244133048
2015,E07000034,90904,104098,38736,45403,0.8531594828535559,77555.60962931965,female,16-17,1153,0.012683710287776116,0.010821227709783398,0.3721108955023151,0.004719746793476298
2015,E07000034,90904,104098,38736,45403,0.8531594828535559,77555.60962931965,male,16-17,1307,0.014377805157088797,0.012266560812391069,0.3721108955023151,0.005350137952362118
2015,E07000035,63358,104098,11955,26671,0.44823966105507856,28399.568445127672,female,16-17,809,0.012768711133558508,0.005723442750616474,0.11484370497031644,0.001466406094273588
2015,E07000035,63358,104098,11955,26671,0.44823966105507856,28399.568445127672,male,16-17,919,0.014504877047886612,0.0065016611715902825,0.11484370497031644,0.0016657938203182045
2015,E07000036,98813,104098,73,38492,0.0018964979736049046,187.39865426582142,female,16-17,1298,0.013135923410887231,2.4912252130176866e-05,0.0007012622720897617,9.21172749711587e-06
2015,E07000036,98813,104098,73,38492,0.0018964979736049046,187.39865426582142,male,16-17,1332,0.01348000769129568,2.556480727072079e-05,0.0007012622720897617,9.453020821385471e-06
2015,E07000037,79771,104098,886,39317,0.022534781392273058,1797.6220464430146,female,16-17,1108,0.013889759436386656,0.00031300269249023524,0.008511210590020942,0.00011821866760781743
2015,E07000037,79771,104098,886,39317,0.022534781392273058,1797.6220464430146,male,16-17,1177,0.014754735430168859,0.00033249473741968127,0.008511210590020942,0.0001255806604462104
2015,E07000038,87642,104098,31138,41758,0.7456774749748551,65352.66526174625,female,16-17,1076,0.012277218685105314,0.009154845428823442,0.29912198121001365,0.0036723859768373
2015,E07000038,87642,104098,31138,41758,0.7456774749748551,65352.66526174625,male,16-17,1156,0.01319002304831017,0.009835503081524071,0.29912198121001365,0.0039454258264162816
2015,E07000170,105759,104098,293,52071,0.005626932457605961,595.0987497839487,female,16-17,1426,0.013483486039013228,7.587066523460036e-05,0.0028146554208534264,3.795136707171008e-05
2015,E07000170,105759,104098,293,52071,0.005626932457605961,595.0987497839487,male,16-17,1504,0.014221011923335131,8.002067357141582e-05,0.0028146554208534264,4.002724830003643e-05
2015,E07000171,99615,104098,259,49796,0.005201220981604948,518.1196280825769,female,16-17,1423,0.01428499723937158,7.429942736358822e-05,0.0024880401160444965,3.5541646189141384e-05
2015,E07000171,99615,104098,259,49796,0.005201220981604948,518.1196280825769,male,16-17,1431,0.014365306429754553,7.471713320962387e-05,0.0024880401160444965,3.574145867650127e-05
2015,E07000173,100468,104098,8,38182,0.0002095228117961343,21.050337855534018,female,16-17,1344,0.0133773937970299,2.80286916285787e-06,7.685065995504237e-05,1.028061541780238e-06
2015,E07000173,100468,104098,8,38182,0.0002095228117961343,21.050337855534018,male,16-17,1397,0.013904924951228251,2.9133989735955687e-06,7.685065995504237e-05,1.0686026591272265e-06
2015,E07000174,91529,104098,432,48531,0.008901526859120974,814.7478518884836,female,16-17,1173,0.012815610353002872,0.00011407849977328392,0.004149935637572288,5.3183958121166995e-05
2015,E07000174,91529,104098,432,48531,0.008901526859120974,814.7478518884836,male,16-17,1229,0.013427438298244271,0.00011952470266101102,0.004149935637572288,5.57230047151869e-05
2015,E07000175,102622,104098,55,52175,0.0010541447053186393,108.17843794920937,female,16-17,1292,0.012589893005398452,1.3271569052168948e-05,0.0005283482871909162,6.6518484053191685e-06
2015,E07000175,102622,104098,55,52175,0.0010541447053186393,108.17843794920937,male,16-17,1459,0.014217224376839276,1.4987011801172211e-05,0.0005283482871909162,7.5116461481119705e-06
2015,E07000198,86340,104098,33,36404,0.000906493791891001,78.26667399186903,female,16-17,1075,0.012450776001853141,1.1286551149905327e-05,0.0003170089723145497,3.947007704866121e-06
2015,E07000198,86340,104098,33,36404,0.000906493791891001,78.26667399186903,male,16-17,1211,0.014025943942552698,1.2714431109335209e-05,0.0003170089723145497,4.446350074970115e-06
2015,E08000018,222771,104098,146,121777,0.0011989127667786199,267.08299596804,female,16-17,3177,0.014261281764682115,1.7098032778304513e-05,0.001402524544179523,2.000179770642653e-05
2015,E08000018,222771,104098,146,121777,0.0011989127667786199,267.08299596804,male,16-17,3175,0.014252303935431454,1.7087269144197934e-05,0.001402524544179523,1.998920608054902e-05
2015,E08000019,489302,104098,2487,224347,0.011085505935002474,5424.160225008581,female,16-17,6168,0.012605711809884285,0.00013974069308340302,0.023890948913523797,0.000301162416868549
2015,E08000019,489302,104098,2487,224347,0.011085505935002474,5424.160225008581,male,16-17,6378,0.013034894604967892,0.0001444984015055033,0.023890948913523797,0.00031141600110045487
2015,E06000015,212611,104098,127,87606,0.0014496723968677944,308.21629797045864,female,18-24,12479,0.058694046874338573,8.508713961419308e-05,0.0012200042267862974,7.160698527388615e-05
2015,E06000015,212611,104098,127,87606,0.0014496723968677944,308.21629797045864,male,18-24,13587,0.0639054423336516,9.264195576072134e-05,0.0012200042267862974,7.796490976170294e-05
2015,E07000032,108526,104098,1998,43576,0.045850927115843584,4976.017716174041,female,18-24,4591,0.042303226876508865,0.0019396421722798032,0.019193452323771832,0.000811944968195976
2015,E07000032,108526,104098,1998,43576,0.045850927115843584,4976.017716174041,male,18-24,4618,0.04255201518530122,0.0019510493468935157,0.019193452323771832,0.0008167200747394938
2015,E07000033,67374,104098,15472,33997,0.4550989793217048,30661.838632820538,female,18-24,3045,0.045195475999643776,0.02056841499739649,0.14862917635305192,0.006717366372711179
2015,E07000033,67374,104098,15472,33997,0.4550989793217048,30661.838632820538,male,18-24,3244,0.0481491376495384,0.0219126233995252,0.14862917635305192,0.007156366670960614
2015,E07000034,90904,104098,38736,45403,0.8531594828535559,77555.60962931965,female,18-24,4276,0.047038634163513164,0.040131456797080495,0.3721108955023151,0.017503588281790675
2015,E07000034,90904,104098,38736,45403,0.8531594828535559,77555.60962931965,male,18-24,4376,0.04813869576696295,0.041069984785786766,0.3721108955023151,0.01791293319015809
2015,E07000035,63358,104098,11955,26671,0.44823966105507856,28399.568445127672,female,18-24,2087,0.032939802392752286,0.014764925859748554,0.11484370497031644,0.003782928947773768
2015,E07000035,63358,104098,11955,26671,0.44823966105507856,28399.568445127672,male,18-24,2431,0.03836926670665109,0.017198627103521196,0.11484370497031644,0.004406468745586023
2015,E07000036,98813,104098,73,38492,0.0018964979736049046,187.39865426582142,female,18-24,4458,0.045115521237084184,8.556149460425922e-05,0.0007012622720897617,3.163781292923155e-05
2015,E07000036,98813,104098,73,38492,0.0018964979736049046,187.39865426582142,male,18-24,4576,0.04630969609261939,8.782624479791165e-05,0.0007012622720897617,3.2475242701696634e-05
2015,E07000037,79771,104098,886,39317,0.022534781392273058,1797.6220464430146,female,18-24,3627,0.045467651151420936,0.0010246035791174038,0.008511210590020942,0.0003869847539833518
2015,E07000037,79771,104098,886,39317,0.022534781392273058,1797.6220464430146,male,18-24,3753,0.04704717253137105,0.0010601977481190007,0.008511210590020942,0.0004004283930795476
2015,E07000038,87642,104098,31138,41758,0.7456774749748551,65352.66526174625,female,18-24,3516,0.04011775176285343,0.029914903836192587,0.29912198121001365,0.012000101388996235
2015,E07000038,87642,104098,31138,41758,0.7456774749748551,65352.66526174625,male,18-24,3783,0.043164236325049635,0.03218659875208093,0.29912198121001365,0.012911371886966084
2015,E07000170,105759,104098,293,52071,0.005626932457605961,595.0987497839487,female,18-24,4896,0.046293932431282436,0.0002604928309878004,0.0028146554208534264,0.00013030146787033138
2015,E07000170,105759,104098,293,52071,0.005626932457605961,595.0987497839487,male,18-24,4991,0.0471922011365463,0.0002655473283211013,0.0028146554208534264,0.00013282978475098528
2015,E07000171,99615,104098,259,49796,0.005201220981604948,518.1196280825769,female,18-24,4139,0.041549967374391414,0.0002161105620926856,0.0024880401160444965,0.00010337798564782585
2015,E07000171,99615,104098,259,49796,0.005201220981604948,518.1196280825769,male,18-24,4704,0.047221803945188975,0.0002456110374689522,0.0024880401160444965,0.00011748974256761844
2015,E07000173,100468,104098,8,38182,0.0002095228117961343,21.050337855534018,female,18-24,4155,0.041356451805550025,8.665120068210156e-06,7.685065995504237e-05,3.1782706146554227e-06
2015,E07000173,100468,104098,8,38182,0.0002095228117961343,21.050337855534018,male,18-24,4414,0.043934387068519334,9.205256313135893e-06,7.685065995504237e-05,3.3763866409359894e-06
2015,E07000174,91529,104098,432,48531,0.008901526859120974,814.7478518884836,female,18-24,4359,0.0476242502376296,0.0004239285426357583,0.004149935637572288,0.0001976375732737996
2015,E07000174,91529,104098,432,48531,0.008901526859120974,814.7478518884836,male,18-24,4355,0.04758054824154093,0.00042353952814377786,0.004149935637572288,0.00019745621280279816
2015,E07000175,102622,104098,55,52175,0.0010541447053186393,108.17843794920937,female,18-24,4452,0.04338251057278166,4.573144382372768e-05,0.0005283482871909162,2.2921075155171013e-05
2015,E07000175,102622,104098,55,52175,0.0010541447053186393,108.17843794920937,male,18-24,4673,0.04553604490265245,4.800158063528289e-05,0.0005283482871909162,2.4058891329765074e-05
2015,E07000198,86340,104098,33,36404,0.000906493791891001,78.26667399186903,female,18-24,3322,0.03847579337502896,3.487806783254465e-05,0.0003170089723145497,1.219717171680489e-05
2015,E07000198,86340,104098,33,36404,0.000906493791891001,78.26667399186903,male,18-24,3491,0.040433171183692385,3.665241866448326e-05,0.0003170089723145497,1.2817678044360588e-05
2015,E08000018,222771,104098,146,121777,0.0011989127667786199,267.08299596804,female,18-24,10171,0.04565675065425931,5.473846124901959e-05,0.001402524544179523,6.403471340008318e-05
2015,E08000018,222771,104098,146,121777,0.0011989127667786199,267.08299596804,male,18-24,10783,0.04840396640496295,5.8032133285633496e-05,0.001402524544179523,6.78877509186016e-05
2015,E08000019,489302,104098,2487,224347,0.011085505935002474,5424.160225008581,female,18-24,40152,0.08205975041998602,0.0009096738503055768,0.023890948913523797,0.0019604853051403987
2015,E08000019,489302,104098,2487,224347,0.011085505935002474,5424.160225008581,male,18-24,42197,0.08623917335306212,0.0009560048680350773,0.023890948913523797,0.0020603356849225297
2015,E06000015,212611,104098,127,87606,0.0014496723968677944,308.21629797045864,female,25-29,9619,0.04524224993062447,6.558644089662019e-05,0.0012200042267862974,5.5195736144683937e-05
2015,E06000015,212611,104098,127,87606,0.0014496723968677944,308.21629797045864,male,25-29,9584,0.04507763003795665,6.534779598224429e-05,0.0012200042267862974,5.4994899179816063e-05
2015,E07000032,108526,104098,1998,43576,0.045850927115843584,4976.017716174041,female,25-29,3391,0.03124596870795938,0.001432656633892575,0.019193452323771832,0.000599718010706285
2015,E07000032,108526,104098,1998,43576,0.045850927115843584,4976.017716174041,male,25-29,3238,0.029836168291469324,0.0013680159777482036,0.019193452323771832,0.0005726590736263494
2015,E07000033,67374,104098,15472,33997,0.4550989793217048,30661.838632820538,female,25-29,2422,0.035948585507762636,0.016360164572641802,0.14862917635305192,0.005343008655076018
2015,E07000033,67374,104098,15472,33997,0.4550989793217048,30661.838632820538,male,25-29,2270,0.03369252233799388,0.01533343252679476,0.14862917635305192,0.005007691844352834
2015,E07000034,90904,104098,38736,45403,0.8531594828535559,77555.60962931965,female,25-29,3159,0.034750946052978966,0.029648099163231363,0.3721108955023151,0.012931205655326648
2015,E07000034,90904,104098,38736,45403,0.8531594828535559,77555.60962931965,male,25-29,3092,0.034013904778667614,0.02901928541079815,0.3721108955023151,0.01265694456672048
2015,E07000035,63358,104098,11955,26671,0.44823966105507856,28399.568445127672,female,25-29,1402,0.022128223744436376,0.009918747510957105,0.11484370497031644,0.002541287199223202
2015,E07000035,63358,104098,11955,26671,0.44823966105507856,28399.568445127672,male,25-29,1636,0.02582152214400707,0.011574230333755934,0.11484370497031644,0.0029654392709908407
2015,E07000036,98813,104098,73,38492,0.0018964979736049046,187.39865426582142,female,25-29,3755,0.038001072733344805,7.206895743360103e-05,0.0007012622720897617,2.6648718606833665e-05
2015,E07000036,98813,104098,73,38492,0.0018964979736049046,187.39865426582142,male,25-29,3492,0.035339479623126516,6.702125149351126e-05,0.0007012622720897617,2.4782243774983524e-05
2015,E07000037,79771,104098,886,39317,0.022534781392273058,1797.6220464430146,female,25-29,2392,0.029985834451116317,0.0006757242242207966,0.008511210590020942,0.000255215751730956
2015,E07000037,79771,104098,886,39317,0.022534781392273058,1797.6220464430146,male,25-29,2621,0.0328565518797558,0.0007404152139141755,0.008511210590020942,0.00027964903231055005
2015,E07000038,87642,104098,31138,41758,0.7456774749748551,65352.66526174625,female,25-29,2550,0.02909563907715479,0.02169596267983251,0.29912198121001365,0.008703145205330033
2015,E07000038,87642,104098,31138,41758,0.7456774749748551,65352.66526174625,male,25-29,2504,0.028570776568312,0.021304584529529647,0.29912198121001365,0.008546147291822119
2015,E07000170,105759,104098,293,52071,0.005626932457605961,595.0987497839487,female,25-29,4178,0.03950491211149879,0.00022229147219506333,0.0028146554208534264,0.00011119271502496823
2015,E07000170,105759,104098,293,52071,0.005626932457605961,595.0987497839487,male,25-29,3871,0.036602085874488224,0.00020595746502323847,0.0028146554208534264,0.00010302225942117092
2015,E07000171,99615,104098,259,49796,0.005201220981604948,518.1196280825769,female,25-29,2982,0.029935250715253724,0.00015569985410978222,0.0024880401160444965,7.448010466340097e-05
2015,E07000171,99615,104098,259,49796,0.005201220981604948,518.1196280825769,male,25-29,3190,0.03202328966521106,0.00016656020610670866,0.0024880401160444965,7.967522933475825e-05
2015,E07000173,100468,104098,8,38182,0.0002095228117961343,21.050337855534018,female,25-29,3437,0.03420989767886292,7.1677539529334075e-06,7.685065995504237e-05,2.6290532136150873e-06
2015,E07000173,100468,104098,8,38182,0.0002095228117961343,21.050337855534018,male,25-29,3314,0.032985627264402594,6.911241373296861e-06,7.685065995504237e-05,2.534967224300378e-06
2015,E07000174,91529,104098,432,48531,0.008901526859120974,814.7478518884836,female,25-29,3557,0.038862000021851,0.0003459311369936666,0.004149935637572288,0.0001612747988380145
2015,E07000174,91529,104098,432,48531,0.008901526859120974,814.7478518884836,male,25-29,3472,0.03793333260496673,0.0003376645790390808,0.004149935637572288,0.00015742088882923427
2015,E07000175,102622,104098,55,52175,0.0010541447053186393,108.17843794920937,female,25-29,3144,0.030636705579700264,3.229552097524704e-05,0.0005283482871909162,1.6186850918207017e-05
2015,E07000175,102622,104098,55,52175,0.0010541447053186393,108.17843794920937,male,25-29,3358,0.032722028414959754,3.449375300091589e-05,0.0005283482871909162,1.7288627666456476e-05
2015,E07000198,86340,104098,33,36404,0.000906493791891001,78.26667399186903,female,25-29,2243,0.025978688904331717,2.354952021324433e-05,0.0003170089723145497,8.235477471641594e-06
2015,E07000198,86340,104098,33,36404,0.000906493791891001,78.26667399186903,male,25-29,2407,0.027878156126940005,2.5271375458439183e-05,0.0003170089723145497,8.83762562382582e-06
2015,E08000018,222771,104098,146,121777,0.0011989127667786199,267.08299596804,female,25-29,8279,0.037163724183129764,4.455606338419361e-05,0.001402524544179523,5.212303531995759e-05
2015,E08000018,222771,104098,146,121777,0.0011989127667786199,267.08299596804,male,25-29,7860,0.035282868955115336,4.230108203886481e-05,0.001402524544179523,4.948508969861899e-05
2015,E08000019,489302,104098,2487,224347,0.011085505935002474,5424.160225008581,female,25-29,21312,0.0435559225181994,0.0004828394375800073,0.023890948913523797,0.0010405923197637024
2015,E08000019,489302,104098,2487,224347,0.011085505935002474,5424.160225008581,male,25-29,22231,0.04543410817858909,0.0005036600758652938,0.023890948913523797,0.0010854639574261855
2015,E06000015,212611,104098,127,87606,0.0014496723968677944,308.21629797045864,female,30-34,8812,0.0414465855482548,6.008397101372462e-05,0.0012200042267862974,5.056500955473073e-05
2015,E06000015,212611,104098,127,87606,0.0014496723968677944,308.21629797045864,male,30-34,8731,0.04106560808236639,5.9531678497597546e-05,0.0012200042267862974,5.010021543603654e-05
2015,E07000032,108526,104098,1998,43576,0.045850927115843584,4976.017716174041,female,30-34,3558,0.03278477046974918,0.0015032121213181308,0.019193452323771832,0.0006292529289569336
2015,E07000032,108526,104098,1998,43576,0.045850927115843584,4976.017716174041,male,30-34,3268,0.030112599745683064,0.0013806906162078842,0.019193452323771832,0.0005779647475635916
2015,E07000033,67374,104098,15472,33997,0.4550989793217048,30661.838632820538,female,30-34,2425,0.035993113070323865,0.0163804290209151,0.14862917635305192,0.005349626750024504
2015,E07000033,67374,104098,15472,33997,0.4550989793217048,30661.838632820538,male,30-34,2357,0.034983821652269424,0.015921101526720372,0.14862917635305192,0.005199616597858869
2015,E07000034,90904,104098,38736,45403,0.8531594828535559,77555.60962931965,female,30-34,3026,0.03328786412039074,0.028399856938252,0.3721108955023151,0.012386776927197984
2015,E07000034,90904,104098,38736,45403,0.8531594828535559,77555.60962931965,male,30-34,3118,0.03429992079556455,0.029263302687861783,0.3721108955023151,0.012763374242896006
2015,E07000035,63358,104098,11955,26671,0.44823966105507856,28399.568445127672,female,30-34,1389,0.021923040500015784,0.009826776243023834,0.11484370497031644,0.002517723195236111
2015,E07000035,63358,104098,11955,26671,0.44823966105507856,28399.568445127672,male,30-34,1399,0.0220808737649547,0.009897523372203272,0.11484370497031644,0.002535849352149258
2015,E07000036,98813,104098,73,38492,0.0018964979736049046,187.39865426582142,female,30-34,3593,0.036361612338457486,6.895972411689173e-05,0.0007012622720897617,2.549902688531381e-05
2015,E07000036,98813,104098,73,38492,0.0018964979736049046,187.39865426582142,male,30-34,3170,0.03208079908514062,6.084117045659527e-05,0.0007012622720897617,2.249705405690085e-05
2015,E07000037,79771,104098,886,39317,0.022534781392273058,1797.6220464430146,female,30-34,2483,0.0311265998921914,0.0007014311240552834,0.008511210590020942,0.0002649250466337641
2015,E07000037,79771,104098,886,39317,0.022534781392273058,1797.6220464430146,male,30-34,2311,0.028970427849719826,0.0006528422584340557,0.008511210590020942,0.00024657341231197296
2015,E07000038,87642,104098,31138,41758,0.7456774749748551,65352.66526174625,female,30-34,2535,0.02892448825905388,0.021568339369951138,0.29912198121001365,0.008651950233533974
2015,E07000038,87642,104098,31138,41758,0.7456774749748551,65352.66526174625,male,30-34,2493,0.028445265968371332,0.02121099410228331,0.29912198121001365,0.00850860431250501
2015,E07000170,105759,104098,293,52071,0.005626932457605961,595.0987497839487,female,30-34,3871,0.036602085874488224,0.00020595746502323847,0.0028146554208534264,0.00010302225942117092
2015,E07000170,105759,104098,293,52071,0.005626932457605961,595.0987497839487,male,30-34,3593,0.03397346797908452,0.00019116640966894752,0.0028146554208534264,9.562360581252055e-05
2015,E07000171,99615,104098,259,49796,0.005201220981604948,518.1196280825769,female,30-34,3115,0.031270391005370685,0.00016264421380012461,0.0024880401160444965,7.780198726575924e-05
2015,E07000171,99615,104098,259,49796,0.005201220981604948,518.1196280825769,male,30-34,3112,0.031240275058977064,0.00016248757410786122,0.0024880401160444965,7.772705758299928e-05
2015,E07000173,100468,104098,8,38182,0.0002095228117961343,21.050337855534018,female,30-34,3631,0.03614086077158896,7.572334769595927e-06,7.685065995504237e-05,2.777449001639913e-06
2015,E07000173,100468,104098,8,38182,0.0002095228117961343,21.050337855534018,male,30-34,3225,0.03209977306206952,6.7256347099826125e-06,7.685065995504237e-05,2.466888744227133e-06
2015,E07000174,91529,104098,432,48531,0.008901526859120974,814.7478518884836,female,30-34,3582,0.0391351374974052,0.00034836247756854467,0.004149935637572288,0.00016240830178177338
2015,E07000174,91529,104098,432,48531,0.008901526859120974,814.7478518884836,male,30-34,3508,0.03832665056976477,0.0003411657094669053,0.004149935637572288,0.00015905313306824708
2015,E07000175,102622,104098,55,52175,0.0010541447053186393,108.17843794920937,female,30-34,3157,0.030763384069692663,3.2429058434750295e-05,0.0005283482871909162,1.6253781281418435e-05
2015,E07000175,102622,104098,55,52175,0.0010541447053186393,108.17843794920937,male,30-34,3178,0.03096801855352653,3.264477279240938e-05,0.0005283482871909162,1.6361899560452262e-05
2015,E07000198,86340,104098,33,36404,0.000906493791891001,78.26667399186903,female,30-34,2328,0.026963168867268936,2.4441945187888005e-05,0.0003170089723145497,8.547566452956587e-06
2015,E07000198,86340,104098,33,36404,0.000906493791891001,78.26667399186903,male,30-34,2261,0.026187167014130184,2.373850432552181e-05,0.0003170089723145497,8.301566902978886e-06
2015,E08000018,222771,104098,146,121777,0.0011989127667786199,267.08299596804,female,30-34,8321,0.03735225859739374,4.4782099700431815e-05,0.001402524544179523,5.2387459463385326e-05
2015,E08000018,222771,104098,146,121777,0.0011989127667786199,267.08299596804,male,30-34,7652,0.03434917471304613,4.118166409178034e-05,0.001402524544179523,4.817556060735783e-05
2015,E08000019,489302,104098,2487,224347,0.011085505935002474,5424.160225008581,female,30-34,18496,0.03780078560888776,0.0004190408332150814,0.023890948913523797,0.0009030966378730027
2015,E08000019,489302,104098,2487,224347,0.011085505935002474,5424.160225008581,male,30-34,18052,0.03689337055642528,0.00040898167826549785,0.023890948913523797,0.0008814176312112592
2015,E06000015,212611,104098,127,87606,0.0014496723968677944,308.21629797045864,female,35-39,7998,0.03761799718735155,5.453377214795387e-05,0.0012200042267862974,4.589411557180394e-05
2015,E06000015,212611,104098,127,87606,0.0014496723968677944,308.21629797045864,male,35-39,7729,0.036352775726561655,5.2699615520322006e-05,0.0012200042267862974,4.435054004181953e-05
2015,E07000032,108526,104098,1998,43576,0.045850927115843584,4976.017716174041,female,35-39,3550,0.03271105541529218,0.0014998322177288829,0.019193452323771832,0.0006278380825736691
2015,E07000032,108526,104098,1998,43576,0.045850927115843584,4976.017716174041,male,35-39,3273,0.03015867165471868,0.0013828030559511642,0.019193452323771832,0.0005788490265531321
2015,E07000033,67374,104098,15472,33997,0.4550989793217048,30661.838632820538,female,35-39,2077,0.03082791581322172,0.014029753021212649,0.14862917635305192,0.004581927736000369
2015,E07000033,67374,104098,15472,33997,0.4550989793217048,30661.838632820538,male,35-39,2183,0.03240122302371835,0.01474576352686914,0.14862917635305192,0.0048157670908468
2015,E07000034,90904,104098,38736,45403,0.8531594828535559,77555.60962931965,female,35-39,3078,0.03385989615418464,0.028887891492379268,0.3721108955023151,0.012599636279549041
2015,E07000034,90904,104098,38736,45403,0.8531594828535559,77555.60962931965,male,35-39,2866,0.03152776555487107,0.02689821215632196,0.3721108955023151,0.01173182507381012
2015,E07000035,63358,104098,11955,26671,0.44823966105507856,28399.568445127672,female,35-39,1627,0.025679472205562045,0.011510557917494441,0.11484370497031644,0.002949125729769009
2015,E07000035,63358,104098,11955,26671,0.44823966105507856,28399.568445127672,male,35-39,1460,0.02304365668108211,0.010329080860197841,0.11484370497031644,0.0026464189093194546
2015,E07000036,98813,104098,73,38492,0.0018964979736049046,187.39865426582142,female,35-39,3383,0.034236385900640605,6.492923648412044e-05,0.0007012622720897617,2.400868576482511e-05
2015,E07000036,98813,104098,73,38492,0.0018964979736049046,187.39865426582142,male,35-39,3136,0.03173671480473217,6.018861531605134e-05,0.0007012622720897617,2.2255760732631253e-05
2015,E07000037,79771,104098,886,39317,0.022534781392273058,1797.6220464430146,female,35-39,2500,0.03133970991964498,0.0007062335119364513,0.008511210590020942,0.0002667388709562668
2015,E07000037,79771,104098,886,39317,0.022534781392273058,1797.6220464430146,male,35-39,2294,0.02875731782226624,0.0006480398705528878,0.008511210590020942,0.0002447595879894704
2015,E07000038,87642,104098,31138,41758,0.7456774749748551,65352.66526174625,female,35-39,2626,0.0299628032221994,0.022342587449898102,0.29912198121001365,0.008962533062430066
2015,E07000038,87642,104098,31138,41758,0.7456774749748551,65352.66526174625,male,35-39,2330,0.02658542707834144,0.01982415413490578,0.29912198121001365,0.007952285618987835
2015,E07000170,105759,104098,293,52071,0.005626932457605961,595.0987497839487,female,35-39,3619,0.034219309940525154,0.0001925497457812193,0.0028146554208534264,9.631556622196268e-05
2015,E07000170,105759,104098,293,52071,0.005626932457605961,595.0987497839487,male,35-39,3499,0.03308465473387608,0.000186165117570734,0.0028146554208534264,9.312190279376827e-05
2015,E07000171,99615,104098,259,49796,0.005201220981604948,518.1196280825769,female,35-39,3080,0.03091903829744516,0.00016081675072371872,0.0024880401160444965,7.692780763355971e-05
2015,E07000171,99615,104098,259,49796,0.005201220981604948,518.1196280825769,male,35-39,2998,0.030095869096019683,0.0001565352658018535,0.0024880401160444965,7.487972963812077e-05
2015,E07000173,100468,104098,8,38182,0.0002095228117961343,21.050337855534018,female,35-39,3586,0.03569295696142055,7.47848870387524e-06,7.685065995504237e-05,2.743027298232093e-06
2015,E07000173,100468,104098,8,38182,0.0002095228117961343,21.050337855534018,male,35-39,3408,0.03392124855675439,7.10727537724674e-06,7.685065995504237e-05,2.606870338085603e-06
2015,E07000174,91529,104098,432,48531,0.008901526859120974,814.7478518884836,female,35-39,3138,0.034284215931562674,0.00030518186895870834,0.004149935637572288,0.00014227728950061554
2015,E07000174,91529,104098,432,48531,0.008901526859120974,814.7478518884836,male,35-39,3097,0.033836270471653794,0.00030119447041590823,0.004149935637572288,0.00014041834467285098
2015,E07000175,102622,104098,55,52175,0.0010541447053186393,108.17843794920937,female,35-39,3236,0.03153319950887724,3.324055530403925e-05,0.0005283482871909162,1.6660511950164732e-05
2015,E07000175,102622,104098,55,52175,0.0010541447053186393,108.17843794920937,male,35-39,3071,0.029925357135896787,3.154565677957495e-05,0.0005283482871909162,1.581101118632753e-05
2015,E07000198,86340,104098,33,36404,0.000906493791891001,78.26667399186903,female,35-39,2544,0.029464906184850592,2.670975453521782e-05,0.0003170089723145497,9.340639629004107e-06
2015,E07000198,86340,104098,33,36404,0.000906493791891001,78.26667399186903,male,35-39,2329,0.026974750984479958,2.445244430523675e-05,0.0003170089723145497,8.551238088030882e-06
2015,E08000018,222771,104098,146,121777,0.0011989127667786199,267.08299596804,female,35-39,7388,0.03316410125195829,3.97608643897116e-05,0.001402524544179523,4.651346599152635e-05
2015,E08000018,222771,104098,146,121777,0.0011989127667786199,267.08299596804,male,35-39,6970,0.031287734938569206,3.75112648614361e-05,0.001402524544179523,4.3881816183126505e-05
2015,E08000019,489302,104098,2487,224347,0.011085505935002474,5424.160225008581,female,35-39,16686,0.03410163866078618,0.00037803391776745503,0.023890948913523797,0.0008147205071122905
2015,E08000019,489302,104098,2487,224347,0.011085505935002474,5424.160225008581,male,35-39,17290,0.03533605012855046,0.00039171799341959114,0.023890948913523797,0.0008442117684269151
2015,E06000015,212611,104098,127,87606,0.0014496723968677944,308.21629797045864,female,40-44,8102,0.03810715343985024,5.524288846495653e-05,0.0012200042267862974,4.649088826741129e-05
2015,E06000015,212611,104098,127,87606,0.0014496723968677944,308.21629797045864,male,40-44,8171,0.03843168979968111,5.5713359867583276e-05,0.0012200042267862974,4.688682399815079e-05
2015,E07000032,108526,104098,1998,43576,0.045850927115843584,4976.017716174041,female,40-44,4318,0.03978770064316385,0.0018243029622967085,0.019193452323771832,0.0007636633353670713
2015,E07000032,108526,104098,1998,43576,0.045850927115843584,4976.017716174041,male,40-44,4312,0.0397324143523211,0.0018217680346047727,0.019193452323771832,0.0007626022005796227
2015,E07000033,67374,104098,15472,33997,0.4550989793217048,30661.838632820538,female,40-44,2689,0.0399115385757117,0.018163700468965243,0.14862917635305192,0.005932019105491088
2015,E07000033,67374,104098,15472,33997,0.4550989793217048,30661.838632820538,male,40-44,2574,0.038204648677531386,0.017386896618488856,0.14862917635305192,0.0056783254657992045
2015,E07000034,90904,104098,38736,45403,0.8531594828535559,77555.60962931965,female,40-44,3548,0.03903018569039866,0.03329897303929878,0.3721108955023151,0.014523557348875891
2015,E07000034,90904,104098,38736,45403,0.8531594828535559,77555.60962931965,male,40-44,3499,0.03849115550470826,0.0328390943248327,0.3721108955023151,0.014322978343775857
2015,E07000035,63358,104098,11955,26671,0.44823966105507856,28399.568445127672,female,40-44,2270,0.0358281511411345,0.016059598323732254,0.11484370497031644,0.004114637619284356
2015,E07000035,63358,104098,11955,26671,0.44823966105507856,28399.568445127672,male,40-44,2147,0.033886801982385806,0.015189408634825178,0.11484370497031644,0.003891685889252649
2015,E07000036,98813,104098,73,38492,0.0018964979736049046,187.39865426582142,female,40-44,3991,0.040389422444415214,7.65984578209059e-05,0.0007012622720897617,2.832357815176382e-05
2015,E07000036,98813,104098,73,38492,0.0018964979736049046,187.39865426582142,male,40-44,3896,0.03942801048445042,7.477514198703318e-05,0.0007012622720897617,2.7649376216304646e-05
2015,E07000037,79771,104098,886,39317,0.022534781392273058,1797.6220464430146,female,40-44,3081,0.038623058504970484,0.0008703621801104825,0.008511210590020942,0.0003287289845665031
2015,E07000037,79771,104098,886,39317,0.022534781392273058,1797.6220464430146,male,40-44,2980,0.03735693422421682,0.0008418303462282499,0.008511210590020942,0.00031795273417987
2015,E07000038,87642,104098,31138,41758,0.7456774749748551,65352.66526174625,female,40-44,3318,0.037858560963921414,0.028230276145758525,0.29912198121001365,0.011324327761288257
2015,E07000038,87642,104098,31138,41758,0.7456774749748551,65352.66526174625,male,40-44,3148,0.03591885169211108,0.026783878633769697,0.29912198121001365,0.01074411808093292
2015,E07000170,105759,104098,293,52071,0.005626932457605961,595.0987497839487,female,40-44,4247,0.040157338855322015,0.00022596263341609243,0.0028146554208534264,0.00011302907149618003
2015,E07000170,105759,104098,293,52071,0.005626932457605961,595.0987497839487,male,40-44,4011,0.03792585028224548,0.0002134061979354713,0.0028146554208534264,0.0001067482000873977
2015,E07000171,99615,104098,259,49796,0.005201220981604948,518.1196280825769,female,40-44,3859,0.0387391457109873,0.00020149085748143847,0.0024880401160444965,9.638454859022951e-05
2015,E07000171,99615,104098,259,49796,0.005201220981604948,518.1196280825769,male,40-44,3676,0.03690207298097676,0.00019193583625337336,0.0024880401160444965,9.181383794187188e-05
2015,E07000173,100468,104098,8,38182,0.0002095228117961343,21.050337855534018,female,40-44,4130,0.04110761635545646,8.612983365031998e-06,7.685065995504237e-05,3.1591474460955228e-06
2015,E07000173,100468,104098,8,38182,0.0002095228117961343,21.050337855534018,male,40-44,3797,0.037793128160210215,7.918522478698907e-06,7.685065995504237e-05,2.904426840877651e-06
2015,E07000174,91529,104098,432,48531,0.008901526859120974,814.7478518884836,female,40-44,3385,0.036982814190038134,0.00032920351383850465,0.004149935637572288,0.00015347629858495333
2015,E07000174,91529,104098,432,48531,0.008901526859120974,814.7478518884836,male,40-44,3359,0.03669875121546177,0.00032667491964063144,0.004149935637572288,0.0001522974555234441
2015,E07000175,102622,104098,55,52175,0.0010541447053186393,108.17843794920937,female,40-44,4008,0.039055952914579715,4.117062597607829e-05,0.0005283482871909162,2.0635145827027267e-05
2015,E07000175,102622,104098,55,52175,0.0010541447053186393,108.17843794920937,male,40-44,3811,0.03713628656623336,3.9147019858990615e-05,0.0005283482871909162,1.962089339990043e-05
2015,E07000198,86340,104098,33,36404,0.000906493791891001,78.26667399186903,female,40-44,3268,0.03785035904563354,3.4311115495712194e-05,0.0003170089723145497,1.199890342279301e-05
2015,E07000198,86340,104098,33,36404,0.000906493791891001,78.26667399186903,male,40-44,3264,0.03780403057678944,3.4269119026317204e-05,0.0003170089723145497,1.1984216882495835e-05
2015,E08000018,222771,104098,146,121777,0.0011989127667786199,267.08299596804,female,40-44,8639,0.038779733448249545,4.649351752337826e-05,0.001402524544179523,5.43895279779096e-05
2015,E08000018,222771,104098,146,121777,0.0011989127667786199,267.08299596804,male,40-44,8380,0.03761710456028837,4.509962690657597e-05,0.001402524544179523,5.275891242677191e-05
2015,E08000019,489302,104098,2487,224347,0.011085505935002474,5424.160225008581,female,40-44,17629,0.03602887378347115,0.00039939829415812454,0.023890948913523797,0.000860763982972706
2015,E08000019,489302,104098,2487,224347,0.011085505935002474,5424.160225008581,male,40-44,17397,0.035554728981283534,0.0003941421591394232,0.023890948913523797,0.0008494362137260289
2015,E06000015,212611,104098,127,87606,0.0014496723968677944,308.21629797045864,female,45-49,8888,0.041804045886619234,6.0602171399226565e-05,0.0012200042267862974,5.1001112678443794e-05
2015,E06000015,212611,104098,127,87606,0.0014496723968677944,308.21629797045864,male,45-49,8691,0.04087747106217458,5.925894145259653e-05,0.0012200042267862974,4.987068747618755e-05
2015,E07000032,108526,104098,1998,43576,0.045850927115843584,4976.017716174041,female,45-49,4978,0.045869192635866064,0.002103145008409684,0.019193452323771832,0.0008803881619864011
2015,E07000032,108526,104098,1998,43576,0.045850927115843584,4976.017716174041,male,45-49,4842,0.04461603671009712,0.002045686647392465,0.019193452323771832,0.0008563357734709027
2015,E07000033,67374,104098,15472,33997,0.4550989793217048,30661.838632820538,female,45-49,3143,0.04665004304331048,0.021230386974324198,0.14862917635305192,0.006933557474361657
2015,E07000033,67374,104098,15472,33997,0.4550989793217048,30661.838632820538,male,45-49,3144,0.04666488556416422,0.02123714179041529,0.14862917635305192,0.006935763506011151
2015,E07000034,90904,104098,38736,45403,0.8531594828535559,77555.60962931965,female,45-49,4017,0.044189474610578185,0.03770066930633123,0.3721108955023151,0.016443384969119068
2015,E07000034,90904,104098,38736,45403,0.8531594828535559,77555.60962931965,male,45-49,3938,0.04332042594385285,0.03695923219525327,0.3721108955023151,0.01612000249150881
2015,E07000035,63358,104098,11955,26671,0.44823966105507856,28399.568445127672,female,45-49,2879,0.045440196975914636,0.020368098490759986,0.11484370497031644,0.005218520575295006
2015,E07000035,63358,104098,11955,26671,0.44823966105507856,28399.568445127672,male,45-49,2867,0.045250797057987936,0.020283201935744663,0.11484370497031644,0.00519676918699923
2015,E07000036,98813,104098,73,38492,0.0018964979736049046,187.39865426582142,female,45-49,4693,0.04749375082226023,9.007180219331279e-05,0.0007012622720897617,3.330557561168319e-05
2015,E07000036,98813,104098,73,38492,0.0018964979736049046,187.39865426582142,male,45-49,4444,0.04497383947456306,8.529279542874113e-05,0.0007012622720897617,3.15384568545323e-05
2015,E07000037,79771,104098,886,39317,0.022534781392273058,1797.6220464430146,female,45-49,3741,0.04689674192375675,0.0010568078272617056,0.008511210590020942,0.0003991480464989575
2015,E07000037,79771,104098,886,39317,0.022534781392273058,1797.6220464430146,male,45-49,3656,0.045831191786488826,0.0010327958878558665,0.008511210590020942,0.0003900789248864445
2015,E07000038,87642,104098,31138,41758,0.7456774749748551,65352.66526174625,female,45-49,3875,0.04421396134273522,0.03296935505268665,0.29912198121001365,0.013225367713981914
2015,E07000038,87642,104098,31138,41758,0.7456774749748551,65352.66526174625,male,45-49,3700,0.042217201798224586,0.031480416437404034,0.29912198121001365,0.012628093043027892
2015,E07000170,105759,104098,293,52071,0.005626932457605961,595.0987497839487,female,45-49,4796,0.04534838642574154,0.0002551723074790627,0.0028146554208534264,0.00012764008168016937
2015,E07000170,105759,104098,293,52071,0.005626932457605961,595.0987497839487,male,45-49,4640,0.043873334657097744,0.00024687229080543185,0.0028146554208534264,0.00012348831922351667
2015,E07000171,99615,104098,259,49796,0.005201220981604948,518.1196280825769,female,45-49,4429,0.04446117552577423,0.0002312523990114773,0.0024880401160444965,0.00011062118831462204
2015,E07000171,99615,104098,259,49796,0.005201220981604948,518.1196280825769,male,45-49,4320,0.043366962806806214,0.00022556115685924184,0.0024880401160444965,0.00010789874317434348
2015,E07000173,100468,104098,8,38182,0.0002095228117961343,21.050337855534018,female,45-49,4436,0.04415336226460166,9.251136611932672e-06,7.685065995504237e-05,3.393215029268702e-06
2015,E07000173,100468,104098,8,38182,0.0002095228117961343,21.050337855534018,male,45-49,4241,0.04221244575387188,8.844470327143026e-06,7.685065995504237e-05,3.24405431450148e-06
2015,E07000174,91529,104098,432,48531,0.008901526859120974,814.7478518884836,female,45-49,3933,0.0429699876541861,0.0003824984992398343,0.004149935637572288,0.00017832268311214814
2015,E07000174,91529,104098,432,48531,0.008901526859120974,814.7478518884836,male,45-49,3922,0.042849807164942265,0.00038142870938688784,0.004149935637572288,0.00017782394181689424
2015,E07000175,102622,104098,55,52175,0.0010541447053186393,108.17843794920937,female,45-49,4487,0.043723568045838115,4.609096775315949e-05,0.0005283482871909162,2.310127228689405e-05
2015,E07000175,102622,104098,55,52175,0.0010541447053186393,108.17843794920937,male,45-49,4551,0.04434721599656993,4.674838293840625e-05,0.0005283482871909162,2.3430775613473323e-05
2015,E07000198,86340,104098,33,36404,0.000906493791891001,78.26667399186903,female,45-49,3963,0.04589993050729673,4.1608002053092856e-05,0.0003170089723145497,1.4550689799427386e-05
2015,E07000198,86340,104098,33,36404,0.000906493791891001,78.26667399186903,male,45-49,3884,0.04498494324762567,4.077857178254167e-05,0.0003170089723145497,1.4260630628558157e-05
2015,E08000018,222771,104098,146,121777,0.0011989127667786199,267.08299596804,female,45-49,9642,0.043282114817458285,5.189148002782882e-05,0.001402524544179523,6.0704228355481456e-05
2015,E08000018,222771,104098,146,121777,0.0011989127667786199,267.08299596804,male,45-49,9717,0.043618783414358236,5.229511630682562e-05,0.001402524544179523,6.117641432588813e-05
2015,E08000019,489302,104098,2487,224347,0.011085505935002474,5424.160225008581,female,45-49,19246,0.039333581305614936,0.0004360326490082967,0.023890948913523797,0.0009397165815583807
2015,E08000019,489302,104098,2487,224347,0.011085505935002474,5424.160225008581,male,45-49,19128,0.03909242144932986,0.00043335926999016415,0.023890948913523797,0.0009339550437518814
2015,E06000015,212611,104098,127,87606,0.0014496723968677944,308.21629797045864,female,50-54,8384,0.03943351943220248,5.7165684632213706e-05,0.0012200042267862974,4.810906038434662e-05
2015,E06000015,212611,104098,127,87606,0.0014496723968677944,308.21629797045864,male,50-54,8324,0.03915131390191477,5.675657906471218e-05,0.0012200042267862974,4.7764768444573136e-05
2015,E07000032,108526,104098,1998,43576,0.045850927115843584,4976.017716174041,female,50-54,4799,0.044219818292390765,0.0020275196656002557,0.019193452323771832,0.0008487309741608557
2015,E07000032,108526,104098,1998,43576,0.045850927115843584,4976.017716174041,male,50-54,4837,0.0445699648010615,0.0020435742076491846,0.019193452323771832,0.0008554514944813626
2015,E07000033,67374,104098,15472,33997,0.4550989793217048,30661.838632820538,female,50-54,2875,0.04267224745450767,0.01942009626190966,0.14862917635305192,0.006342340992297092
2015,E07000033,67374,104098,15472,33997,0.4550989793217048,30661.838632820538,male,50-54,2889,0.04288004274646006,0.019514663687185047,0.14862917635305192,0.006373225435390017
2015,E07000034,90904,104098,38736,45403,0.8531594828535559,77555.60962931965,female,50-54,3946,0.04340843087212884,0.03703431443434977,0.3721108955023151,0.016152750084178203
2015,E07000034,90904,104098,38736,45403,0.8531594828535559,77555.60962931965,male,50-54,3949,0.043441432720232334,0.03706247027401096,0.3721108955023151,0.016165030431429226
2015,E07000035,63358,104098,11955,26671,0.44823966105507856,28399.568445127672,female,50-54,3001,0.04736576280816945,0.021231213466749117,0.11484370497031644,0.0054396596896353995
2015,E07000035,63358,104098,11955,26671,0.44823966105507856,28399.568445127672,male,50-54,2938,0.04637141323905426,0.02078550655291866,0.11484370497031644,0.0053254649010825725
2015,E07000036,98813,104098,73,38492,0.0018964979736049046,187.39865426582142,female,50-54,4375,0.0442755507878518,8.396849234940199e-05,0.0007012622720897617,3.104877334351459e-05
2015,E07000036,98813,104098,73,38492,0.0018964979736049046,187.39865426582142,male,50-54,4481,0.04534828413265461,8.600292896403893e-05,0.0007012622720897617,3.180104076623745e-05
2015,E07000037,79771,104098,886,39317,0.022534781392273058,1797.6220464430146,female,50-54,3791,0.047523536122149664,0.0010709324975004349,0.008511210590020942,0.00040448282391808286
2015,E07000037,79771,104098,886,39317,0.022534781392273058,1797.6220464430146,male,50-54,3793,0.047548607890085366,0.001071497484309984,0.008511210590020942,0.00040469621501484785
2015,E07000038,87642,104098,31138,41758,0.7456774749748551,65352.66526174625,female,50-54,3813,0.04350653796125145,0.032441845371843664,0.29912198121001365,0.013013761830558204
2015,E07000038,87642,104098,31138,41758,0.7456774749748551,65352.66526174625,male,50-54,3737,0.04263937381620684,0.03179522060177807,0.29912198121001365,0.012754373973458171
2015,E07000170,105759,104098,293,52071,0.005626932457605961,595.0987497839487,female,50-54,4638,0.043854423736986926,0.00024676588033525703,0.0028146554208534264,0.00012343509149971346
2015,E07000170,105759,104098,293,52071,0.005626932457605961,595.0987497839487,male,50-54,4658,0.04404353293809511,0.0002478299850370046,0.0028146554208534264,0.00012396736873774582
2015,E07000171,99615,104098,259,49796,0.005201220981604948,518.1196280825769,female,50-54,4512,0.04529438337599759,0.00023558609716409703,0.0024880401160444965,0.00011269424287098095
2015,E07000171,99615,104098,259,49796,0.005201220981604948,518.1196280825769,male,50-54,4569,0.045866586357476286,0.0002385622513171009,0.0024880401160444965,0.00011411790684342019
2015,E07000173,100468,104098,8,38182,0.0002095228117961343,21.050337855534018,female,50-54,4522,0.04500935621292352,9.430486870865545e-06,7.685065995504237e-05,3.458998729114759e-06
2015,E07000173,100468,104098,8,38182,0.0002095228117961343,21.050337855534018,male,50-54,4314,0.042939045268145085,8.996709500423251e-06,7.685065995504237e-05,3.2998939666963884e-06
2015,E07000174,91529,104098,432,48531,0.008901526859120974,814.7478518884836,female,50-54,4146,0.045297118945907856,0.0004032135209377963,0.004149935637572288,0.0001879801281929739
2015,E07000174,91529,104098,432,48531,0.008901526859120974,814.7478518884836,male,50-54,3928,0.04291536015907527,0.00038201223112485866,0.004149935637572288,0.00017809598252339638
2015,E07000175,102622,104098,55,52175,0.0010541447053186393,108.17843794920937,female,50-54,4586,0.0446882734696264,4.710790686783808e-05,0.0005283482871909162,2.3610972745196373e-05
2015,E07000175,102622,104098,55,52175,0.0010541447053186393,108.17843794920937,male,50-54,4517,0.04401590302274366,4.639913112124392e-05,0.0005283482871909162,2.3255726971228085e-05
2015,E07000198,86340,104098,33,36404,0.000906493791891001,78.26667399186903,female,50-54,3887,0.045019689599258735,4.0810069134587924e-05,0.0003170089723145497,1.4271645533781036e-05
2015,E07000198,86340,104098,33,36404,0.000906493791891001,78.26667399186903,male,50-54,3820,0.04424368774611999,4.010662827222172e-05,0.0003170089723145497,1.4025645983803335e-05
2015,E08000018,222771,104098,146,121777,0.0011989127667786199,267.08299596804,female,50-54,9345,0.04194890717373447,5.029308036300149e-05,0.001402524544179523,5.8834371912671056e-05
2015,E08000018,222771,104098,146,121777,0.0011989127667786199,267.08299596804,male,50-54,9734,0.0436950949629889,5.2386607196731564e-05,0.001402524544179523,6.128344314584698e-05
2015,E08000019,489302,104098,2487,224347,0.011085505935002474,5424.160225008581,female,50-54,17484,0.035732533282103886,0.0003961132097714362,0.023890948913523797,0.0008536841271935327
2015,E08000019,489302,104098,2487,224347,0.011085505935002474,5424.160225008581,male,50-54,17574,0.035916468765711154,0.000398152227666622,0.023890948913523797,0.0008580785204357782
2015,E06000015,212611,104098,127,87606,0.0014496723968677944,308.21629797045864,female,55-59,6837,0.03215732017628438,4.661757941679928e-05,0.0012200042267862974,3.923206653718723e-05
2015,E06000015,212611,104098,127,87606,0.0014496723968677944,308.21629797045864,male,55-59,6854,0.032237278409865906,4.6733492660924705e-05,0.0012200042267862974,3.932961592012305e-05
2015,E07000032,108526,104098,1998,43576,0.045850927115843584,4976.017716174041,female,55-59,4177,0.038488472808359285,0.0017647321615362093,0.019193452323771832,0.0007387266678620325
2015,E07000032,108526,104098,1998,43576,0.045850927115843584,4976.017716174041,male,55-59,4259,0.0392440521165435,0.0017993761733260032,0.019193452323771832,0.0007532288432904947
2015,E07000033,67374,104098,15472,33997,0.4550989793217048,30661.838632820538,female,55-59,2570,0.038145278594116434,0.017359877354124458,0.14862917635305192,0.005669501339201227
2015,E07000033,67374,104098,15472,33997,0.4550989793217048,30661.838632820538,male,55-59,2555,0.037922640781310295,0.017258555112757975,0.14862917635305192,0.005636410864458806
2015,E07000034,90904,104098,38736,45403,0.8531594828535559,77555.60962931965,female,55-59,3456,0.03801812901522485,0.032435527289689015,0.3721108955023151,0.014146960033177869
2015,E07000034,90904,104098,38736,45403,0.8531594828535559,77555.60962931965,male,55-59,3532,0.0388541758338467,0.03314880856110578,0.3721108955023151,0.014458062163537106
2015,E07000035,63358,104098,11955,26671,0.44823966105507856,28399.568445127672,female,55-59,2688,0.0424255816155813,0.01901682832343273,0.11484370497031644,0.004872310978253899
2015,E07000035,63358,104098,11955,26671,0.44823966105507856,28399.568445127672,male,55-59,2713,0.0428201647779286,0.019193696146381327,0.11484370497031644,0.0049176263705367675
2015,E07000036,98813,104098,73,38492,0.0018964979736049046,187.39865426582142,female,55-59,3549,0.035916326799105384,6.811524099383488e-05,0.0007012622720897617,2.518676493625903e-05
2015,E07000036,98813,104098,73,38492,0.0018964979736049046,187.39865426582142,male,55-59,3625,0.036685456367077214,6.957389366093308e-05,0.0007012622720897617,2.572612648462637e-05
2015,E07000037,79771,104098,886,39317,0.022534781392273058,1797.6220464430146,female,55-59,3262,0.04089205350315277,0.0009214934863746816,0.008511210590020942,0.0003480408788237368
2015,E07000037,79771,104098,886,39317,0.022534781392273058,1797.6220464430146,male,55-59,3290,0.0412430582542528,0.00092940330170837,0.008511210590020942,0.000351028354178447
2015,E07000038,87642,104098,31138,41758,0.7456774749748551,65352.66526174625,female,55-59,3635,0.04147554825312065,0.03092738209458477,0.29912198121001365,0.01240624816524497
2015,E07000038,87642,104098,31138,41758,0.7456774749748551,65352.66526174625,male,55-59,3552,0.04052851372629561,0.030221199779907868,0.29912198121001365,0.012122969321306777
2015,E07000170,105759,104098,293,52071,0.005626932457605961,595.0987497839487,female,55-59,3898,0.036857383295984265,0.00020739400637059764,0.0028146554208534264,0.00010374083369251463
2015,E07000170,105759,104098,293,52071,0.005626932457605961,595.0987497839487,male,55-59,3956,0.03740579997919799,0.0002104799100056656,0.0028146554208534264,0.00010528443768280859
2015,E07000171,99615,104098,259,49796,0.005201220981604948,518.1196280825769,female,55-59,3939,0.03954223761481705,0.00020566791594179483,0.0024880401160444965,9.838267346382844e-05
2015,E07000171,99615,104098,259,49796,0.005201220981604948,518.1196280825769,male,55-59,3922,0.03937158058525322,0.0002047802910189691,0.0024880401160444965,9.795807192818868e-05
2015,E07000173,100468,104098,8,38182,0.0002095228117961343,21.050337855534018,female,55-59,3894,0.03875860970657324,8.120812887030168e-06,7.685065995504237e-05,2.978624734890064e-06
2015,E07000173,100468,104098,8,38182,0.0002095228117961343,21.050337855534018,male,55-59,3748,0.03730541067802683,7.816334540469714e-06,7.685065995504237e-05,2.8669454305002465e-06
2015,E07000174,91529,104098,432,48531,0.008901526859120974,814.7478518884836,female,55-59,3580,0.039113286499360855,0.00034816797032255443,0.004149935637572288,0.00016231762154627266
2015,E07000174,91529,104098,432,48531,0.008901526859120974,814.7478518884836,male,55-59,3556,0.03885107452282883,0.0003458338833706714,0.004149935637572288,0.00016122945872026412
2015,E07000175,102622,104098,55,52175,0.0010541447053186393,108.17843794920937,female,55-59,4126,0.0402058038237415,4.238273522387699e-05,0.0005283482871909162,2.124266758540781e-05
2015,E07000175,102622,104098,55,52175,0.0010541447053186393,108.17843794920937,male,55-59,3957,0.038558983453840304,4.064674825033477e-05,0.0005283482871909162,2.0372572863659407e-05
2015,E07000198,86340,104098,33,36404,0.000906493791891001,78.26667399186903,female,55-59,3448,0.03993514014361825,3.620095661848704e-05,0.0003170089723145497,1.2659797736165942e-05
2015,E07000198,86340,104098,33,36404,0.000906493791891001,78.26667399186903,male,55-59,3361,0.038927495946258966,3.528753340914587e-05,0.0003170089723145497,1.2340365484702358e-05
2015,E08000018,222771,104098,146,121777,0.0011989127667786199,267.08299596804,female,55-59,8563,0.038438575936724256,4.608449942732816e-05,0.001402524544179523,5.391104619456417e-05
2015,E08000018,222771,104098,146,121777,0.0011989127667786199,267.08299596804,male,55-59,8493,0.038124351912950966,4.570777223359781e-05,0.001402524544179523,5.347033928885128e-05
2015,E08000019,489302,104098,2487,224347,0.011085505935002474,5424.160225008581,female,55-59,15122,0.03090524870121112,0.00034260031790000334,0.023890948913523797,0.0007383557178803822
2015,E08000019,489302,104098,2487,224347,0.011085505935002474,5424.160225008581,male,55-59,15195,0.03105444081569256,0.0003442541879705429,0.023890948913523797,0.0007419200590657591
2015,E06000015,212611,104098,127,87606,0.0014496723968677944,308.21629797045864,female,60-64,5851,0.027519742628556373,3.989461125752414e-05,0.0012200042267862974,3.357420232690983e-05
2015,E06000015,212611,104098,127,87606,0.0014496723968677944,308.21629797045864,male,60-64,5735,0.026974145270000145,3.910367382702119e-05,0.0012200042267862974,3.290857124334779e-05
2015,E07000032,108526,104098,1998,43576,0.045850927115843584,4976.017716174041,female,60-64,3969,0.036571881392477384,0.0016768546682157564,0.019193452323771832,0.0007019406618971527
2015,E07000032,108526,104098,1998,43576,0.045850927115843584,4976.017716174041,male,60-64,3935,0.036258592411035136,0.0016624900779614515,0.019193452323771832,0.0006959275647682782
2015,E07000033,67374,104098,15472,33997,0.4550989793217048,30661.838632820538,female,60-64,2259,0.033529254608602725,0.01525912954979267,0.14862917635305192,0.0049834254962083935
2015,E07000033,67374,104098,15472,33997,0.4550989793217048,30661.838632820538,male,60-64,2313,0.03433075073470478,0.015623889618712016,0.14862917635305192,0.005102551205281104
2015,E07000034,90904,104098,38736,45403,0.8531594828535559,77555.60962931965,female,60-64,3107,0.034178914019185075,0.029160064609104086,0.3721108955023151,0.012718346302975593
2015,E07000034,90904,104098,38736,45403,0.8531594828535559,77555.60962931965,male,60-64,3167,0.03483895098125495,0.029723181402327863,0.3721108955023151,0.01296395324799604
2015,E07000035,63358,104098,11955,26671,0.44823966105507856,28399.568445127672,female,60-64,2747,0.04335679787872092,0.019434236385591414,0.11484370497031644,0.0049792553040414675
2015,E07000035,63358,104098,11955,26671,0.44823966105507856,28399.568445127672,male,60-64,2563,0.040452665803844816,0.01813248920868977,0.11484370497031644,0.004645734016839561
2015,E07000036,98813,104098,73,38492,0.0018964979736049046,187.39865426582142,female,60-64,3247,0.03286004877900681,6.231901592194475e-05,0.0007012622720897617,2.304351246774671e-05
2015,E07000036,98813,104098,73,38492,0.0018964979736049046,187.39865426582142,male,60-64,3180,0.032182000344084284,6.103309843910818e-05,0.0007012622720897617,2.256802268168603e-05
2015,E07000037,79771,104098,886,39317,0.022534781392273058,1797.6220464430146,female,60-64,2861,0.03586516403204172,0.0008082136310600749,0.008511210590020942,0.0003052559639223517
2015,E07000037,79771,104098,886,39317,0.022534781392273058,1797.6220464430146,male,60-64,2953,0.037018465357084654,0.0008342030242993362,0.008511210590020942,0.0003150719543735422
2015,E07000038,87642,104098,31138,41758,0.7456774749748551,65352.66526174625,female,60-64,3348,0.03820086260012323,0.028485522765521267,0.29912198121001365,0.011426717704880374
2015,E07000038,87642,104098,31138,41758,0.7456774749748551,65352.66526174625,male,60-64,3259,0.037185367746057824,0.02772829112689182,0.29912198121001365,0.011122960872223756
2015,E07000170,105759,104098,293,52071,0.005626932457605961,595.0987497839487,female,60-64,3525,0.033330496695316715,0.00018754845368300582,0.0028146554208534264,9.38138632032104e-05
2015,E07000170,105759,104098,293,52071,0.005626932457605961,595.0987497839487,male,60-64,3537,0.033443962215981615,0.00018818691650405436,0.0028146554208534264,9.413322954602982e-05
2015,E07000171,99615,104098,259,49796,0.005201220981604948,518.1196280825769,female,60-64,3614,0.036279676755508715,0.0001886986159465972,0.0024880401160444965,9.02652911648327e-05
2015,E07000171,99615,104098,259,49796,0.005201220981604948,518.1196280825769,male,60-64,3715,0.03729358028409376,0.00019397215225279706,0.0024880401160444965,9.27879238177514e-05
2015,E07000173,100468,104098,8,38182,0.0002095228117961343,21.050337855534018,female,60-64,3601,0.03584225823147669,7.509770725782135e-06,7.685065995504237e-05,2.754501199368033e-06
2015,E07000173,100468,104098,8,38182,0.0002095228117961343,21.050337855534018,male,60-64,3423,0.03407054982681053,7.138557399153638e-06,7.685065995504237e-05,2.618344239221544e-06
2015,E07000174,91529,104098,432,48531,0.008901526859120974,814.7478518884836,female,60-64,3104,0.03391274896480897,0.000301875245776874,0.004149935637572288,0.00014073572549710346
2015,E07000174,91529,104098,432,48531,0.008901526859120974,814.7478518884836,male,60-64,3130,0.034196811939385334,0.00030440383997474733,0.004149935637572288,0.00014191456855861272
2015,E07000175,102622,104098,55,52175,0.0010541447053186393,108.17843794920937,female,60-64,3705,0.0361033696478338,3.805817595842566e-05,0.0005283482871909162,1.9075153515253494e-05
2015,E07000175,102622,104098,55,52175,0.0010541447053186393,108.17843794920937,male,60-64,3619,0.035265342714037924,3.7174774303250315e-05,0.0005283482871909162,1.8632383420162594e-05
2015,E07000198,86340,104098,33,36404,0.000906493791891001,78.26667399186903,female,60-64,3342,0.03870743571924948,3.508805017951963e-05,0.0003170089723145497,1.2270604418290773e-05
2015,E07000198,86340,104098,33,36404,0.000906493791891001,78.26667399186903,male,60-64,3276,0.03794301598332176,3.43951084345022e-05,0.0003170089723145497,1.2028276503387366e-05
2015,E08000018,222771,104098,146,121777,0.0011989127667786199,267.08299596804,female,60-64,7499,0.033662370775370216,4.0358246082626866e-05,0.001402524544179523,4.721230122772822e-05
2015,E08000018,222771,104098,146,121777,0.0011989127667786199,267.08299596804,male,60-64,7470,0.033532192251235576,4.020217338808145e-05,0.001402524544179523,4.702972265250431e-05
2015,E08000019,489302,104098,2487,224347,0.011085505935002474,5424.160225008581,female,60-64,13352,0.02728785085693498,0.00030249963262801504,0.023890948913523797,0.0006519326507828902
2015,E08000019,489302,104098,2487,224347,0.011085505935002474,5424.160225008581,male,60-64,12768,0.02609431394108342,0.0002892686720636981,0.023890948913523797,0.0006234179212998758
2015,E06000015,212611,104098,127,87606,0.0014496723968677944,308.21629797045864,female,65-69,6126,0.028813184642375037,4.176967844190615e-05,0.0012200042267862974,3.5152207050871584e-05
2015,E06000015,212611,104098,127,87606,0.0014496723968677944,308.21629797045864,male,65-69,5741,0.027002365823028916,3.914458438377134e-05,0.0012200042267862974,3.294300043732513e-05
2015,E07000032,108526,104098,1998,43576,0.045850927115843584,4976.017716174041,female,65-69,4454,0.04104085656893279,0.0018817613233139282,0.019193452323771832,0.0007877157238825696
2015,E07000032,108526,104098,1998,43576,0.045850927115843584,4976.017716174041,male,65-69,4356,0.04013784715183458,0.001840357504345637,0.019193452323771832,0.0007703838556875781
2015,E07000033,67374,104098,15472,33997,0.4550989793217048,30661.838632820538,female,65-69,2412,0.03580016029922522,0.016292616411730815,0.14862917635305192,0.005320948338581073
2015,E07000033,67374,104098,15472,33997,0.4550989793217048,30661.838632820538,male,65-69,2400,0.03562205004898032,0.01621155861863763,0.14862917635305192,0.005294475958787138
2015,E07000034,90904,104098,38736,45403,0.8531594828535559,77555.60962931965,female,65-69,3462,0.03808413271143184,0.03249183896901138,0.3721108955023151,0.014171520727679913
2015,E07000034,90904,104098,38736,45403,0.8531594828535559,77555.60962931965,male,65-69,3188,0.0350699639179794,0.029920272279956174,0.3721108955023151,0.013049915678753195
2015,E07000035,63358,104098,11955,26671,0.44823966105507856,28399.568445127672,female,65-69,2953,0.04660816313646264,0.020891627246687826,0.11484370497031644,0.005352654136452293
2015,E07000035,63358,104098,11955,26671,0.44823966105507856,28399.568445127672,male,65-69,2919,0.04607153003567032,0.02065108700747774,0.11484370497031644,0.005291025202947594
2015,E07000036,98813,104098,73,38492,0.0018964979736049046,187.39865426582142,female,65-69,3565,0.03607824881341524,6.842232576585555e-05,0.0007012622720897617,2.5300314735915314e-05
2015,E07000036,98813,104098,73,38492,0.0018964979736049046,187.39865426582142,male,65-69,3293,0.03332557457014765,6.320188464150417e-05,0.0007012622720897617,2.3369968141758523e-05
2015,E07000037,79771,104098,886,39317,0.022534781392273058,1797.6220464430146,female,65-69,3074,0.03853530731719547,0.0008683847262770606,0.008511210590020942,0.00032798211572782564
2015,E07000037,79771,104098,886,39317,0.022534781392273058,1797.6220464430146,male,65-69,3053,0.03827205375387045,0.0008624523647767943,0.008511210590020942,0.0003257415092117929
2015,E07000038,87642,104098,31138,41758,0.7456774749748551,65352.66526174625,female,65-69,3832,0.043723328997512606,0.032603501564360066,0.29912198121001365,0.013078608794833212
2015,E07000038,87642,104098,31138,41758,0.7456774749748551,65352.66526174625,male,65-69,3632,0.04144131808950047,0.030901857432608492,0.29912198121001365,0.012396009170885758
2015,E07000170,105759,104098,293,52071,0.005626932457605961,595.0987497839487,female,65-69,3731,0.03527832146673096,0.0001985087321110056,0.0028146554208534264,9.929631875494409e-05
2015,E07000170,105759,104098,293,52071,0.005626932457605961,595.0987497839487,male,65-69,3538,0.033453417676037024,0.00018824012173914166,0.0028146554208534264,9.415984340793144e-05
2015,E07000171,99615,104098,259,49796,0.005201220981604948,518.1196280825769,female,65-69,3999,0.040144556542689364,0.00020880070978706209,0.0024880401160444965,9.988126711902769e-05
2015,E07000171,99615,104098,259,49796,0.005201220981604948,518.1196280825769,male,65-69,3811,0.038257290568689456,0.0001989846224052247,0.0024880401160444965,9.518567366607012e-05
2015,E07000173,100468,104098,8,38182,0.0002095228117961343,21.050337855534018,female,65-69,3787,0.0376935939801728,7.897667797427646e-06,7.685065995504237e-05,2.896777573453692e-06
2015,E07000173,100468,104098,8,38182,0.0002095228117961343,21.050337855534018,male,65-69,3588,0.03571286379742804,7.482659640129492e-06,7.685065995504237e-05,2.744557151716885e-06
2015,E07000174,91529,104098,432,48531,0.008901526859120974,814.7478518884836,female,65-69,3075,0.0335959094931661,0.00029905489071001533,0.004149935637572288,0.00013942086208234314
2015,E07000174,91529,104098,432,48531,0.008901526859120974,814.7478518884836,male,65-69,3050,0.033322772017611905,0.0002966235501351372,0.004149935637572288,0.00013828735913858423
2015,E07000175,102622,104098,55,52175,0.0010541447053186393,108.17843794920937,female,65-69,4146,0.04040069380834519,4.258817746926661e-05,0.0005283482871909162,2.134563737496384e-05
2015,E07000175,102622,104098,55,52175,0.0010541447053186393,108.17843794920937,male,65-69,3970,0.03868566194383271,4.078028570983801e-05,0.0005283482871909162,2.0439503226870824e-05
2015,E07000198,86340,104098,33,36404,0.000906493791891001,78.26667399186903,female,65-69,3897,0.045135510771369014,4.091506030807541e-05,0.0003170089723145497,1.430836188452398e-05
2015,E07000198,86340,104098,33,36404,0.000906493791891001,78.26667399186903,male,65-69,3744,0.043363446838082,3.930869535371679e-05,0.0003170089723145497,1.3746601718156989e-05
2015,E08000018,222771,104098,146,121777,0.0011989127667786199,267.08299596804,female,65-69,7945,0.035664426698268616,4.2758536488394514e-05,0.001402524544179523,5.0020233798413205e-05
2015,E08000018,222771,104098,146,121777,0.0011989127667786199,267.08299596804,male,65-69,7641,0.034299796652167466,4.112246410419415e-05,0.001402524544179523,4.810630666503152e-05
2015,E08000019,489302,104098,2487,224347,0.011085505935002474,5424.160225008581,female,65-69,13860,0.02832606447551819,0.0003140087558586196,0.023890948913523797,0.0006767365593057862
2015,E08000019,489302,104098,2487,224347,0.011085505935002474,5424.160225008581,male,65-69,13061,0.026693126126604842,0.00029590680810024755,0.023890948913523797,0.0006377241126329635
2015,E06000015,212611,104098,127,87606,0.0014496723968677944,308.21629797045864,female,70-74,4910,0.02309381922854415,3.347847227387516e-05,0.0012200042267862974,2.8174557071462532e-05
2015,E06000015,212611,104098,127,87606,0.0014496723968677944,308.21629797045864,male,70-74,4255,0.02001307552290333,2.901240316198346e-05,0.0012200042267862974,2.441603672893545e-05
2015,E07000032,108526,104098,1998,43576,0.045850927115843584,4976.017716174041,female,70-74,3320,0.030591747599653538,0.0014026599895379972,0.019193452323771832,0.0005871612490548116
2015,E07000032,108526,104098,1998,43576,0.045850927115843584,4976.017716174041,male,70-74,3158,0.029099017746899363,0.0013342169418557215,0.019193452323771832,0.0005585106097937033
2015,E07000033,67374,104098,15472,33997,0.4550989793217048,30661.838632820538,female,70-74,1993,0.029581144061507407,0.01346234846956033,0.14862917635305192,0.0043966210774428185
2015,E07000033,67374,104098,15472,33997,0.4550989793217048,30661.838632820538,male,70-74,1922,0.028527325080891737,0.0129827565270923,0.14862917635305192,0.0042399928303287
2015,E07000034,90904,104098,38736,45403,0.8531594828535559,77555.60962931965,female,70-74,2595,0.02854659860952213,0.02435480130692794,0.3721108955023151,0.010622500372134426
2015,E07000034,90904,104098,38736,45403,0.8531594828535559,77555.60962931965,male,70-74,2446,0.02690750682038194,0.022956394603755585,0.3721108955023151,0.010012576458666976
2015,E07000035,63358,104098,11955,26671,0.44823966105507856,28399.568445127672,female,70-74,2241,0.03537043467281164,0.015854431649111888,0.11484370497031644,0.004062071764236229
2015,E07000035,63358,104098,11955,26671,0.44823966105507856,28399.568445127672,male,70-74,2154,0.03399728526784305,0.015238931625250784,0.11484370497031644,0.0039043741990918523
2015,E07000036,98813,104098,73,38492,0.0018964979736049046,187.39865426582142,female,70-74,2719,0.027516622306781497,5.218521844526264e-05,0.0007012622720897617,1.9296369079089407e-05
2015,E07000036,98813,104098,73,38492,0.0018964979736049046,187.39865426582142,male,70-74,2582,0.026130165059253342,4.955580508483565e-05,0.0007012622720897617,1.8324098919532494e-05
2015,E07000037,79771,104098,886,39317,0.022534781392273058,1797.6220464430146,female,70-74,2360,0.029584686164144863,0.00066668443526801,0.008511210590020942,0.0002518014941827158
2015,E07000037,79771,104098,886,39317,0.022534781392273058,1797.6220464430146,male,70-74,2117,0.026538466359955368,0.0005980385379077871,0.008511210590020942,0.00022587447592576664
2015,E07000038,87642,104098,31138,41758,0.7456774749748551,65352.66526174625,female,70-74,3124,0.035645010383149635,0.026579681337959515,0.29912198121001365,0.010662206126059226
2015,E07000038,87642,104098,31138,41758,0.7456774749748551,65352.66526174625,male,70-74,2859,0.032621345930033546,0.024325002863388682,0.29912198121001365,0.00975776162432885
2015,E07000170,105759,104098,293,52071,0.005626932457605961,595.0987497839487,female,70-74,3094,0.029255193411435437,0.00016461699736034608,0.0028146554208534264,8.234328872361219e-05
2015,E07000170,105759,104098,293,52071,0.005626932457605961,595.0987497839487,male,70-74,2908,0.02749647784112936,0.00015472082363409388,0.0028146554208534264,7.739311040991086e-05
2015,E07000171,99615,104098,259,49796,0.005201220981604948,518.1196280825769,female,70-74,2996,0.030075791798423925,0.00015643083934034456,0.0024880401160444965,7.48297765162808e-05
2015,E07000171,99615,104098,259,49796,0.005201220981604948,518.1196280825769,male,70-74,2890,0.029011695025849518,0.00015089623688037244,0.0024880401160444965,7.218226105876218e-05
2015,E07000173,100468,104098,8,38182,0.0002095228117961343,21.050337855534018,female,70-74,2880,0.02866584385077836,6.006148206124007e-06,7.685065995504237e-05,2.20298901810051e-06
2015,E07000173,100468,104098,8,38182,0.0002095228117961343,21.050337855534018,male,70-74,2532,0.02520205438547597,5.280405297884023e-06,7.685065995504237e-05,1.936794511746698e-06
2015,E07000174,91529,104098,432,48531,0.008901526859120974,814.7478518884836,female,70-74,2563,0.028002053993816167,0.00024926103573651035,0.004149935637572288,0.00011620672179416111
2015,E07000174,91529,104098,432,48531,0.008901526859120974,814.7478518884836,male,70-74,2285,0.02496476526565351,0.0002222245285438651,0.004149935637572288,0.00010360216905956229
2015,E07000175,102622,104098,55,52175,0.0010541447053186393,108.17843794920937,female,70-74,3200,0.031182397536590595,3.287075926233796e-05,0.0005283482871909162,1.6475166328963888e-05
2015,E07000175,102622,104098,55,52175,0.0010541447053186393,108.17843794920937,male,70-74,2932,0.02857087174290113,3.0117833174117145e-05,0.0005283482871909162,1.509537114891316e-05
2015,E07000198,86340,104098,33,36404,0.000906493791891001,78.26667399186903,female,70-74,2906,0.033657632615242065,3.051043501546501e-05,0.0003170089723145497,1.066977152589856e-05
2015,E07000198,86340,104098,33,36404,0.000906493791891001,78.26667399186903,male,70-74,2895,0.03353022932592078,3.039494472462877e-05,0.0003170089723145497,1.0629383540081323e-05
2015,E08000018,222771,104098,146,121777,0.0011989127667786199,267.08299596804,female,70-74,6401,0.028733542516754876,3.444901095811369e-05,0.001402524544179523,4.0299498620974576e-05
2015,E08000018,222771,104098,146,121777,0.0011989127667786199,267.08299596804,male,70-74,5878,0.02638584016770585,3.1634320639242664e-05,0.001402524544179523,3.70067884540054e-05
2015,E08000019,489302,104098,2487,224347,0.011085505935002474,5424.160225008581,female,70-74,11399,0.023296450862657414,0.00025825294430248234,0.023890948913523797,0.0005565743174261656
2015,E08000019,489302,104098,2487,224347,0.011085505935002474,5424.160225008581,male,70-74,10126,0.02069478563341249,0.0002294121689627981,0.023890948913523797,0.000494418066344184
2015,E06000015,212611,104098,127,87606,0.0014496723968677944,308.21629797045864,female,75-79,4189,0.019702649439586845,2.8562387037731774e-05,0.0012200042267862974,2.4037315595184633e-05
2015,E06000015,212611,104098,127,87606,0.0014496723968677944,308.21629797045864,male,75-79,3517,0.016541947500364515,2.3980404681714653e-05,0.0012200042267862974,2.0181245869721733e-05
2015,E07000032,108526,104098,1998,43576,0.045850927115843584,4976.017716174041,female,75-79,2435,0.022437019700348303,0.0010287581549774166,0.019193452323771832,0.0004306438679061645
2015,E07000032,108526,104098,1998,43576,0.045850927115843584,4976.017716174041,male,75-79,2151,0.019820135267124932,0.0009087715775591063,0.019193452323771832,0.000380416821300271
2015,E07000033,67374,104098,15472,33997,0.4550989793217048,30661.838632820538,female,75-79,1447,0.021477127675364385,0.009774218883820272,0.14862917635305192,0.003192127796818745
2015,E07000033,67374,104098,15472,33997,0.4550989793217048,30661.838632820538,male,75-79,1272,0.018879686525959567,0.008592126067877943,0.14862917635305192,0.002806072258157183
2015,E07000034,90904,104098,38736,45403,0.8531594828535559,77555.60962931965,female,75-79,2124,0.02336530845727361,0.01993433448012136,0.3721108955023151,0.008694485853723899
2015,E07000034,90904,104098,38736,45403,0.8531594828535559,77555.60962931965,male,75-79,1716,0.01887705711519845,0.01610514028619975,0.3721108955023151,0.007024358627584846
2015,E07000035,63358,104098,11955,26671,0.44823966105507856,28399.568445127672,female,75-79,1767,0.027889137914706902,0.012501017726006564,0.11484370497031644,0.003202891926553066
2015,E07000035,63358,104098,11955,26671,0.44823966105507856,28399.568445127672,male,75-79,1496,0.023611856434862213,0.010583770525243816,0.11484370497031644,0.0027116730742067835
2015,E07000036,98813,104098,73,38492,0.0018964979736049046,187.39865426582142,female,75-79,2255,0.022820883891795613,4.3279760056663186e-05,0.0007012622720897617,1.6003424889057232e-05
2015,E07000036,98813,104098,73,38492,0.0018964979736049046,187.39865426582142,male,75-79,1964,0.019875927256535076,3.7694655765537265e-05,0.0007012622720897617,1.3938237907808606e-05
2015,E07000037,79771,104098,886,39317,0.022534781392273058,1797.6220464430146,female,75-79,1738,0.021787366336137197,0.000490973537498221,0.008511210590020942,0.00018543686308879662
2015,E07000037,79771,104098,886,39317,0.022534781392273058,1797.6220464430146,male,75-79,1441,0.01806420879768337,0.0004070729962801705,0.008511210590020942,0.00015374828521919214
2015,E07000038,87642,104098,31138,41758,0.7456774749748551,65352.66526174625,female,75-79,2363,0.02696195887816344,0.02010492541664479,0.29912198121001365,0.008064914556939164
2015,E07000038,87642,104098,31138,41758,0.7456774749748551,65352.66526174625,male,75-79,2132,0.024326236279409417,0.01813952644447173,0.29912198121001365,0.007276511991279856
2015,E07000170,105759,104098,293,52071,0.005626932457605961,595.0987497839487,female,75-79,2338,0.022106865609546236,0.00012439383963428868,0.0028146554208534264,6.222320912598749e-05
2015,E07000170,105759,104098,293,52071,0.005626932457605961,595.0987497839487,male,75-79,2012,0.0190243856314829,0.00010704893299580359,0.0028146554208534264,5.354709014605937e-05
2015,E07000171,99615,104098,259,49796,0.005201220981604948,518.1196280825769,female,75-79,2333,0.023420167645434926,0.00012181346735014145,0.0024880401160444965,5.827031662632947e-05
2015,E07000171,99615,104098,259,49796,0.005201220981604948,518.1196280825769,male,75-79,2057,0.020649500577222302,0.00010740261566191214,0.0024880401160444965,5.137678581241308e-05
2015,E07000173,100468,104098,8,38182,0.0002095228117961343,21.050337855534018,female,75-79,2479,0.024674523231277626,5.169875487146325e-06,7.685065995504237e-05,1.8962533943997096e-06
2015,E07000173,100468,104098,8,38182,0.0002095228117961343,21.050337855534018,male,75-79,2037,0.020275112473623444,4.24809857495646e-06,7.685065995504237e-05,1.5581557742606732e-06
2015,E07000174,91529,104098,432,48531,0.008901526859120974,814.7478518884836,female,75-79,1946,0.021261021097138608,0.00018925555034851705,0.004149935637572288,8.823186914219179e-05
2015,E07000174,91529,104098,432,48531,0.008901526859120974,814.7478518884836,male,75-79,1687,0.01843131685039714,0.00016406686199277914,0.004149935637572288,7.648877864484972e-05
2015,E07000175,102622,104098,55,52175,0.0010541447053186393,108.17843794920937,female,75-79,2441,0.023786322620880512,2.507422604980217e-05,0.0005283482871909162,1.2567462815312765e-05
2015,E07000175,102622,104098,55,52175,0.0010541447053186393,108.17843794920937,male,75-79,2205,0.02148662080255696,2.2650007554204744e-05,0.0005283482871909162,1.1352419298551675e-05
2015,E07000198,86340,104098,33,36404,0.000906493791891001,78.26667399186903,female,75-79,2264,0.026221913365763263,2.377000167756806e-05,0.0003170089723145497,8.312581808201769e-06
2015,E07000198,86340,104098,33,36404,0.000906493791891001,78.26667399186903,male,75-79,2081,0.024102385916145472,2.1848663202746967e-05,0.0003170089723145497,7.640672589605956e-06
2015,E08000018,222771,104098,146,121777,0.0011989127667786199,267.08299596804,female,75-79,5161,0.023167288381342275,2.777555781203324e-05,0.001402524544179523,3.249269057691764e-05
2015,E08000018,222771,104098,146,121777,0.0011989127667786199,267.08299596804,male,75-79,4384,0.01967940171745873,2.359388596162637e-05,0.001402524544179523,2.7600843923504528e-05
2015,E08000019,489302,104098,2487,224347,0.011085505935002474,5424.160225008581,female,75-79,9756,0.019938606423027087,0.00022102953983814522,0.023890948913523797,0.00047635222745939744
2015,E08000019,489302,104098,2487,224347,0.011085505935002474,5424.160225008581,male,75-79,8168,0.01669316700115675,0.0001850522018653106,0.023890948913523797,0.00039881560002955714
2015,E06000015,212611,104098,127,87606,0.0014496723968677944,308.21629797045864,female,80-84,3484,0.016386734458706274,2.3755396619588807e-05,0.0012200042267862974,1.9991885302846327e-05
2015,E06000015,212611,104098,127,87606,0.0014496723968677944,308.21629797045864,male,80-84,2523,0.011866742548598144,1.7202889113439312e-05,0.0012200042267862974,1.4477476067474535e-05
2015,E07000032,108526,104098,1998,43576,0.045850927115843584,4976.017716174041,female,80-84,1816,0.0167333173617382,0.0007672381147593383,0.019193452323771832,0.00032117012900106565
2015,E07000032,108526,104098,1998,43576,0.045850927115843584,4976.017716174041,male,80-84,1404,0.012936992057202884,0.0005931730799130568,0.019193452323771832,0.00024830554026293843
2015,E07000033,67374,104098,15472,33997,0.4550989793217048,30661.838632820538,female,80-84,1133,0.01681657612728946,0.007653206631215181,0.14862917635305192,0.002499433858877428
2015,E07000033,67374,104098,15472,33997,0.4550989793217048,30661.838632820538,male,80-84,841,0.012482560037996854,0.005680800332614268,0.14862917635305192,0.001855272617224993
2015,E07000034,90904,104098,38736,45403,0.8531594828535559,77555.60962931965,female,80-84,1593,0.01752398134295521,0.014950750860091028,0.3721108955023151,0.006520864390292925
2015,E07000034,90904,104098,38736,45403,0.8531594828535559,77555.60962931965,male,80-84,1194,0.013134735545190531,0.011206024185152971,0.3721108955023151,0.004887578205906938
2015,E07000035,63358,104098,11955,26671,0.44823966105507856,28399.568445127672,female,80-84,1356,0.021402190725717352,0.009593310716731692,0.11484370497031644,0.002457906877422726
2015,E07000035,63358,104098,11955,26671,0.44823966105507856,28399.568445127672,male,80-84,1060,0.016730326083525364,0.007499195693020349,0.11484370497031644,0.0019213726327935766
2015,E07000036,98813,104098,73,38492,0.0018964979736049046,187.39865426582142,female,80-84,1841,0.01863115177152804,3.533394158062836e-05,0.0007012622720897617,1.3065323822950936e-05
2015,E07000036,98813,104098,73,38492,0.0018964979736049046,187.39865426582142,male,80-84,1342,0.013581208950239341,2.5756735253233702e-05,0.0007012622720897617,9.523989446170646e-06
2015,E07000037,79771,104098,886,39317,0.022534781392273058,1797.6220464430146,female,80-84,1288,0.016146218550601096,0.0003638515053496597,0.008511210590020942,0.00013742386631666862
2015,E07000037,79771,104098,886,39317,0.022534781392273058,1797.6220464430146,male,80-84,972,0.01218487921675797,0.0002745835894408922,0.008511210590020942,0.00010370807302779651
2015,E07000038,87642,104098,31138,41758,0.7456774749748551,65352.66526174625,female,80-84,1670,0.019054791081901373,0.014208728500125603,0.29912198121001365,0.005699706859961238
2015,E07000038,87642,104098,31138,41758,0.7456774749748551,65352.66526174625,male,80-84,1339,0.015278063029141281,0.011392507462076757,0.29912198121001365,0.0045700044823282025
2015,E07000170,105759,104098,293,52071,0.005626932457605961,595.0987497839487,female,80-84,1612,0.015242201609319304,8.576683896085259e-05,0.0028146554208534264,4.290154538541139e-05
2015,E07000170,105759,104098,293,52071,0.005626932457605961,595.0987497839487,male,80-84,1270,0.012008434270369423,6.757064856096947e-05,0.0028146554208534264,3.379960461505736e-05
2015,E07000171,99615,104098,259,49796,0.005201220981604948,518.1196280825769,female,80-84,1736,0.017427094313105455,9.064216858973236e-05,0.0024880401160444965,4.335930975709728e-05
2015,E07000171,99615,104098,259,49796,0.005201220981604948,518.1196280825769,male,80-84,1345,0.01350198263313758,7.02267953647408e-05,0.0024880401160444965,3.3593474437382395e-05
2015,E07000173,100468,104098,8,38182,0.0002095228117961343,21.050337855534018,female,80-84,1832,0.018234661782856237,3.82057760889555e-06,7.685065995504237e-05,1.4013457920694911e-06
2015,E07000173,100468,104098,8,38182,0.0002095228117961343,21.050337855534018,male,80-84,1414,0.014074133057291872,2.9488519317567177e-06,7.685065995504237e-05,1.0816064137479583e-06
2015,E07000174,91529,104098,432,48531,0.008901526859120974,814.7478518884836,female,80-84,1598,0.017458947437424203,0.00015541128954621285,0.004149935637572288,7.245350816506807e-05
2015,E07000174,91529,104098,432,48531,0.008901526859120974,814.7478518884836,male,80-84,1139,0.01244414338624917,0.00011077187659144962,0.004149935637572288,5.1642394117654905e-05
2015,E07000175,102622,104098,55,52175,0.0010541447053186393,108.17843794920937,female,80-84,1799,0.017530354115102027,1.847952997279562e-05,0.0005283482871909162,9.262132570564385e-06
2015,E07000175,102622,104098,55,52175,0.0010541447053186393,108.17843794920937,male,80-84,1392,0.01356434292841691,1.4298780279117007e-05,0.0005283482871909162,7.1666973530992904e-06
2015,E07000198,86340,104098,33,36404,0.000906493791891001,78.26667399186903,female,80-84,1648,0.01908732916377114,1.7302545390738588e-05,0.0003170089723145497,6.050854602436623e-06
2015,E07000198,86340,104098,33,36404,0.000906493791891001,78.26667399186903,male,80-84,1312,0.015195737780866343,1.3774841961558874e-05,0.0003170089723145497,4.817185217473816e-06
2015,E08000018,222771,104098,146,121777,0.0011989127667786199,267.08299596804,female,80-84,3721,0.01670325132086313,2.002574125529465e-05,0.001402524544179523,2.342671994510958e-05
2015,E08000018,222771,104098,146,121777,0.0011989127667786199,267.08299596804,male,80-84,2758,0.0123804265366677,1.484305143297572e-05,0.001402524544179523,1.7363852085087936e-05
2015,E08000019,489302,104098,2487,224347,0.011085505935002474,5424.160225008581,female,80-84,7636,0.015605903920278275,0.00017299934052932318,0.023890948913523797,0.0003728398533087289
2015,E08000019,489302,104098,2487,224347,0.011085505935002474,5424.160225008581,male,80-84,5423,0.01108313475113529,0.00012286215606214243,0.023890948913523797,0.00026478660614107346
2015,E06000015,212611,104098,127,87606,0.0014496723968677944,308.21629797045864,female,85-89,2456,0.01155161303977687,1.6746054563062603e-05,0.0012200042267862974,1.409301673472749e-05
2015,E06000015,212611,104098,127,87606,0.0014496723968677944,308.21629797045864,male,85-89,1440,0.006772932726905005,9.818533620036706e-06,0.0012200042267862974,8.26300655456335e-06
2015,E07000032,108526,104098,1998,43576,0.045850927115843584,4976.017716174041,female,85-89,1259,0.01160090669516982,0.0005319123273579333,0.019193452323771832,0.00022266144956626738
2015,E07000032,108526,104098,1998,43576,0.045850927115843584,4976.017716174041,male,85-89,784,0.007224075336785655,0.0003312305517463222,0.019193452323771832,0.0001386549455599314
2015,E07000033,67374,104098,15472,33997,0.4550989793217048,30661.838632820538,female,85-89,716,0.010627244931279128,0.004836448321226893,0.14862917635305192,0.0015795186610381626
2015,E07000033,67374,104098,15472,33997,0.4550989793217048,30661.838632820538,male,85-89,418,0.006204173716864072,0.002823513126079387,0.14862917635305192,0.0009221212294887596
2015,E07000034,90904,104098,38736,45403,0.8531594828535559,77555.60962931965,female,85-89,1134,0.012474698583120657,0.010642907391929204,0.3721108955023151,0.0046419712608864894
2015,E07000034,90904,104098,38736,45403,0.8531594828535559,77555.60962931965,male,85-89,662,0.007282407814837631,0.006213055285235567,0.3721108955023151,0.002709863293392289
2015,E07000035,63358,104098,11955,26671,0.44823966105507856,28399.568445127672,female,85-89,913,0.014410177088923259,0.006459212894082621,0.11484370497031644,0.0016549181261703162
2015,E07000035,63358,104098,11955,26671,0.44823966105507856,28399.568445127672,male,85-89,506,0.007986363205909277,0.003579804736479525,0.11484370497031644,0.0009171835398052356
2015,E07000036,98813,104098,73,38492,0.0018964979736049046,187.39865426582142,female,85-89,1114,0.011273820246323864,2.138077725193916e-05,0.0007012622720897617,7.905904801068629e-06
2015,E07000036,98813,104098,73,38492,0.0018964979736049046,187.39865426582142,male,85-89,658,0.006659042838492911,1.2628861249350059e-05,0.0007012622720897617,4.6697355108645934e-06
2015,E07000037,79771,104098,886,39317,0.022534781392273058,1797.6220464430146,female,85-89,854,0.010705644908550726,0.0002412493676774917,0.008511210590020942,9.111799831866072e-05
2015,E07000037,79771,104098,886,39317,0.022534781392273058,1797.6220464430146,male,85-89,480,0.006017224304571836,0.00013559683429179866,0.008511210590020942,5.121386322360322e-05
2015,E07000038,87642,104098,31138,41758,0.7456774749748551,65352.66526174625,female,85-89,1028,0.0117295360671824,0.008746450837203065,0.29912198121001365,0.0035085620670899115
2015,E07000038,87642,104098,31138,41758,0.7456774749748551,65352.66526174625,male,85-89,704,0.008032678396202734,0.005989787343765525,0.29912198121001365,0.0024027506762950373
2015,E07000170,105759,104098,293,52071,0.005626932457605961,595.0987497839487,female,85-89,975,0.00921907355402377,5.18751042101931e-05,0.0028146554208534264,2.5948515354079472e-05
2015,E07000170,105759,104098,293,52071,0.005626932457605961,595.0987497839487,male,85-89,593,0.005607087812857535,3.155070440681488e-05,0.0028146554208534264,1.5782020107660646e-05
2015,E07000171,99615,104098,259,49796,0.005201220981604948,518.1196280825769,female,85-89,1122,0.011263363951212168,5.858324490649753e-05,0.0024880401160444965,2.802370135222532e-05
2015,E07000171,99615,104098,259,49796,0.005201220981604948,518.1196280825769,male,85-89,741,0.007438638759223007,3.8690003989050515e-05,0.0024880401160444965,1.85076316417103e-05
2015,E07000173,100468,104098,8,38182,0.0002095228117961343,21.050337855534018,female,85-89,1211,0.012053589202532149,2.52550190195006e-06,7.685065995504237e-05,9.263262850415683e-07
2015,E07000173,100468,104098,8,38182,0.0002095228117961343,21.050337855534018,male,85-89,736,0.0073257156507544685,1.534904541565024e-06,7.685065995504237e-05,5.629860824034637e-07
2015,E07000174,91529,104098,432,48531,0.008901526859120974,814.7478518884836,female,85-89,1027,0.011220487495766368,9.987947081599536e-05,0.004149935637572288,4.6564300929615086e-05
2015,E07000174,91529,104098,432,48531,0.008901526859120974,814.7478518884836,male,85-89,554,0.006052726458280982,5.387850713930033e-05,0.004149935637572288,2.5118425233696944e-05
2015,E07000175,102622,104098,55,52175,0.0010541447053186393,108.17843794920937,female,85-89,1198,0.011673910077761104,1.230599049883777e-05,0.0005283482871909162,6.1678903944058545e-06
2015,E07000175,102622,104098,55,52175,0.0010541447053186393,108.17843794920937,male,85-89,720,0.007016039445732885,7.395920834026039e-06,0.0005283482871909162,3.706912424016874e-06
2015,E07000198,86340,104098,33,36404,0.000906493791891001,78.26667399186903,female,85-89,1058,0.012253880009265694,1.1108066154976594e-05,0.0003170089723145497,3.884589908603123e-06
2015,E07000198,86340,104098,33,36404,0.000906493791891001,78.26667399186903,male,85-89,661,0.007655779476488302,6.9399165675231825e-06,0.0003170089723145497,2.4269507841083787e-06
2015,E08000018,222771,104098,146,121777,0.0011989127667786199,267.08299596804,female,85-89,2325,0.010436726503898623,1.251272464890085e-05,0.001402524544179523,1.4637765082606766e-05
2015,E08000018,222771,104098,146,121777,0.0011989127667786199,267.08299596804,male,85-89,1371,0.006154301951331188,7.3784711800615325e-06,0.001402524544179523,8.631559539033924e-06
2015,E08000019,489302,104098,2487,224347,0.011085505935002474,5424.160225008581,female,85-89,4860,0.009932516114792091,0.00011010696634003545,0.023890948913523797,0.00023729723508124972
2015,E08000019,489302,104098,2487,224347,0.011085505935002474,5424.160225008581,male,85-89,3102,0.006339643001663594,7.027815012073867e-05,0.023890948913523797,0.00015146008708272356
2015,E06000015,212611,104098,127,87606,0.0014496723968677944,308.21629797045864,female,90+,1527,0.007182130745822181,1.0411736692913924e-05,0.0012200042267862974,8.762229867234885e-06
2015,E06000015,212611,104098,127,87606,0.0014496723968677944,308.21629797045864,male,90+,607,0.0028549792814106514,4.138784657890472e-06,0.0012200042267862974,3.4830867907083007e-06
2015,E07000032,108526,104098,1998,43576,0.045850927115843584,4976.017716174041,female,90+,928,0.00855094631701159,0.00039206881635278965,0.019193452323771832,0.00016412218045869432
2015,E07000032,108526,104098,1998,43576,0.045850927115843584,4976.017716174041,male,90+,345,0.003178961723457973,0.00014575834228632806,0.019193452323771832,6.1015250278286144e-05
2015,E07000033,67374,104098,15472,33997,0.4550989793217048,30661.838632820538,female,90+,518,0.007688425802238252,0.003498994735189289,0.14862917635305192,0.001142724394438224
2015,E07000033,67374,104098,15472,33997,0.4550989793217048,30661.838632820538,male,90+,142,0.0021076379612313357,0.0009591838849360597,0.14862917635305192,0.000313256494228239
2015,E07000034,90904,104098,38736,45403,0.8531594828535559,77555.60962931965,female,90+,789,0.00867948605121887,0.0074049858308925425,0.3721108955023151,0.003229731327018906
2015,E07000034,90904,104098,38736,45403,0.8531594828535559,77555.60962931965,male,90+,286,0.003146176185866409,0.0026841900476999585,0.3721108955023151,0.0011707264379308075
2015,E07000035,63358,104098,11955,26671,0.44823966105507856,28399.568445127672,female,90+,611,0.009643612487767923,0.004322649592863615,0.11484370497031644,0.0011075081873932783
2015,E07000035,63358,104098,11955,26671,0.44823966105507856,28399.568445127672,male,90+,260,0.004103664888411881,0.0018394253586653685,0.11484370497031644,0.0004712800797418206
2015,E07000036,98813,104098,73,38492,0.0018964979736049046,187.39865426582142,female,90+,803,0.008126461093176,1.5411816995787384e-05,0.0007012622720897617,5.698780570249649e-06
2015,E07000036,98813,104098,73,38492,0.0018964979736049046,187.39865426582142,male,90+,326,0.003299161041563357,6.256852229921154e-06,0.0007012622720897617,2.313577167996744e-06
2015,E07000037,79771,104098,886,39317,0.022534781392273058,1797.6220464430146,female,90+,543,0.00680698499454689,0.00015339391879259722,0.008511210590020942,5.7935682771701136e-05
2015,E07000037,79771,104098,886,39317,0.022534781392273058,1797.6220464430146,male,90+,220,0.0027578944729287585,6.214854905040772e-05,0.008511210590020942,2.3473020644151472e-05
2015,E07000038,87642,104098,31138,41758,0.7456774749748551,65352.66526174625,female,90+,652,0.0074393555601195765,0.005547359869510116,0.29912198121001365,0.0022252747740686986
2015,E07000038,87642,104098,31138,41758,0.7456774749748551,65352.66526174625,male,90+,322,0.0036740375618995453,0.002739647052120026,0.29912198121001365,0.0010989853945554003
2015,E07000170,105759,104098,293,52071,0.005626932457605961,595.0987497839487,female,90+,653,0.006174415416182074,3.474301851205753e-05,0.0028146554208534264,1.737885182175784e-05
2015,E07000170,105759,104098,293,52071,0.005626932457605961,595.0987497839487,male,90+,250,0.002363865013852249,1.3301308771844385e-05,0.0028146554208534264,6.653465475404993e-06
2015,E07000171,99615,104098,259,49796,0.005201220981604948,518.1196280825769,female,90+,691,0.006936706319329418,3.60793424513278e-05,0.0024880401160444965,1.7258803595710957e-05
2015,E07000171,99615,104098,259,49796,0.005201220981604948,518.1196280825769,male,90+,278,0.0027907443658083623,1.4515278149738249e-05,0.0024880401160444965,6.943483935756363e-06
2015,E07000173,100468,104098,8,38182,0.0002095228117961343,21.050337855534018,female,90+,672,0.00668869689851495,1.401434581428935e-06,7.685065995504237e-05,5.14030770890119e-07
2015,E07000173,100468,104098,8,38182,0.0002095228117961343,21.050337855534018,male,90+,299,0.002976071983119003,6.235549700107911e-07,7.685065995504237e-05,2.287130959764071e-07
2015,E07000174,91529,104098,432,48531,0.008901526859120974,814.7478518884836,female,90+,580,0.006336789432857346,5.6407101337173635e-05,0.004149935637572288,2.629726829520619e-05
2015,E07000174,91529,104098,432,48531,0.008901526859120974,814.7478518884836,male,90+,275,0.003004512231096155,2.674474632365991e-05,0.004149935637572288,1.246853238134776e-05
2015,E07000175,102622,104098,55,52175,0.0010541447053186393,108.17843794920937,female,90+,780,0.007600709399543958,8.012247570194878e-06,0.0005283482871909162,4.015821792684947e-06
2015,E07000175,102622,104098,55,52175,0.0010541447053186393,108.17843794920937,male,90+,323,0.003147473251349613,3.317892263042237e-06,0.0005283482871909162,1.662962101329792e-06
2015,E07000198,86340,104098,33,36404,0.000906493791891001,78.26667399186903,female,90+,671,0.007771600648598564,7.044907741010674e-06,0.0003170089723145497,2.463667134851319e-06
2015,E07000198,86340,104098,33,36404,0.000906493791891001,78.26667399186903,male,90+,258,0.002988186240444753,2.708772275977279e-06,0.0003170089723145497,9.472818491678694e-07
2015,E08000018,222771,104098,146,121777,0.0011989127667786199,267.08299596804,female,90+,1498,0.006724394108748446,8.061961945829449e-06,0.001402524544179523,9.431127782255883e-06
2015,E08000018,222771,104098,146,121777,0.0011989127667786199,267.08299596804,male,90+,574,0.002576636994940993,3.089162988588855e-06,0.001402524544179523,3.6137966268457114e-06
2015,E08000019,489302,104098,2487,224347,0.011085505935002474,5424.160225008581,female,90+,3152,0.006441829381445406,7.141093784028637e-05,0.023890948913523797,0.00015390141666174877
2015,E08000019,489302,104098,2487,224347,0.011085505935002474,5424.160225008581,male,90+,1446,0.0029552301032899925,3.2760220849319184e-05,0.023890948913523797,7.060325142540887e-05
2016,E06000015,214605,106346,84,89992,0.0009334163036714377,200.31580584940883,female,12-15,5585,0.02602455674378509,2.4291745560471465e-05,0.000789874560397194,2.055613531752908e-05
2016,E06000015,214605,106346,84,89992,0.0009334163036714377,200.31580584940883,male,12-15,6181,0.028801752056103073,2.6884024943468954e-05,0.000789874560397194,2.2749771243983396e-05
2016,E06000049,326712,106346,8,168475,4.7484790028194104e-05,15.51385071969135,female,12-15,7970,0.024394573814246187,1.1583712153967622e-06,7.522614860925656e-05,1.8351098350099624e-06
2016,E06000049,326712,106346,8,168475,4.7484790028194104e-05,15.51385071969135,male,12-15,8208,0.025123044148975246,1.19296247628314e-06,7.522614860925656e-05,1.8899098526677257e-06
2016,E07000032,109033,106346,2244,44561,0.05035793631202172,5490.676869908664,female,12-15,2511,0.023029724945658653,0.0011597294220968564,0.021100934684896468,0.00048594872188947424
2016,E07000032,109033,106346,2244,44561,0.05035793631202172,5490.676869908664,male,12-15,2650,0.02430456834169472,0.0012239279046422418,0.021100934684896468,0.0005128491091227027
2016,E07000033,67629,106346,15699,34408,0.456260172053011,30856.41917577308,female,12-15,1572,0.02324446613139334,0.01060552411638991,0.14762191337708988,0.0034313925657452463
2016,E07000033,67629,106346,15699,34408,0.456260172053011,30856.41917577308,male,12-15,1637,0.024205592275503108,0.011044047696266084,0.14762191337708988,0.003573275846135476
2016,E07000034,90918,106346,38976,46051,0.8463659855377733,76949.90267312327,female,12-15,1954,0.02149189379440815,0.01819000787237741,0.3665017960242981,0.007876817675614052
2016,E07000034,90918,106346,38976,46051,0.8463659855377733,76949.90267312327,male,12-15,2046,0.022503794628126444,0.019046446318773887,0.3665017960242981,0.008247681148570293
2016,E07000035,63579,106346,12357,27481,0.449656126050726,28588.686838179103,female,12-15,1523,0.02395445036883248,0.010771265354523595,0.11619618979557295,0.002783415861505491
2016,E07000035,63579,106346,12357,27481,0.449656126050726,28588.686838179103,male,12-15,1552,0.02441057581905975,0.010976364957465935,0.11619618979557295,0.0028364159008906907
2016,E07000036,99294,106346,50,38167,0.0013100322267927788,130.0783399271622,female,12-15,2308,0.023244103369790717,3.0450524497328478e-05,0.0004701634288078536,1.092852733990499e-05
2016,E07000036,99294,106346,50,38167,0.0013100322267927788,130.0783399271622,male,12-15,2482,0.02499647511430701,3.27461879559659e-05,0.0004701634288078536,1.1752428447852768e-05
2016,E07000037,80012,106346,927,40301,0.0230019106225652,1840.4288727326864,female,12-15,1946,0.02432135179723041,0.0005594375602598594,0.008716829970097605,0.00021200508825938532
2016,E07000037,80012,106346,927,40301,0.0230019106225652,1840.4288727326864,male,12-15,1950,0.024371344298355246,0.0005605874833025313,0.008716829970097605,0.00021244086439147042
2016,E07000038,88289,106346,31869,42991,0.7412946895861925,65448.16684887535,female,12-15,2074,0.02349103512328829,0.01741377958977634,0.2996727662535497,0.007039623477555099
2016,E07000038,88289,106346,31869,42991,0.7412946895861925,65448.16684887535,male,12-15,2036,0.02306063042961184,0.017094722875981013,0.2996727662535497,0.006910642912392565
2016,E07000170,106550,106346,309,51663,0.005981069624295917,637.28296846873,female,12-15,2669,0.02504927264195213,0.00014982144370948665,0.0029056099900325355,7.27834168315048e-05
2016,E07000170,106550,106346,309,51663,0.005981069624295917,637.28296846873,male,12-15,2719,0.025518535898639137,0.00015262813991985546,0.0029056099900325355,7.414691283808976e-05
2016,E07000171,99928,106346,293,50589,0.005791772915060586,578.7602838561743,female,12-15,2398,0.023997278040188936,0.0001389867849883445,0.0027551576928140217,6.611628519902355e-05
2016,E07000171,99928,106346,293,50589,0.005791772915060586,578.7602838561743,male,12-15,2418,0.02419742214394364,0.00014014597418758002,0.0027551576928140217,6.666771376615468e-05
2016,E07000173,100857,106346,8,36123,0.0002214655482656479,22.336350801428452,female,12-15,2401,0.023805982728020862,5.2722050168636844e-06,7.522614860925656e-05,1.7908323944874927e-06
2016,E07000173,100857,106346,8,36123,0.0002214655482656479,22.336350801428452,male,12-15,2539,0.025174256620760085,5.575230544696749e-06,7.522614860925656e-05,1.8937623696808599e-06
2016,E07000174,92300,106346,493,48921,0.010077471842358087,930.1506510496513,female,12-15,2048,0.02218851570964247,0.0002236041422876421,0.004635811408045437,0.00010286177425435594
2016,E07000174,92300,106346,493,48921,0.010077471842358087,930.1506510496513,male,12-15,2250,0.02437703141928494,0.0002456588477281224,0.004635811408045437,0.00011300732034780315
2016,E07000175,103568,106346,50,52383,0.0009545081419544508,98.85649924593856,female,12-15,2492,0.024061486173335398,2.296688445997308e-05,0.0004701634288078536,1.1312830841468127e-05
2016,E07000175,103568,106346,50,52383,0.0009545081419544508,98.85649924593856,male,12-15,2618,0.025278078170863583,2.4128131427050365e-05,0.0004701634288078536,1.188482790648618e-05
2016,E07000198,86518,106346,40,37360,0.0010706638115631694,92.63169164882228,female,12-15,2012,0.02325527635867681,2.489858282513577e-05,0.0003761307430462829,8.747024376535764e-06
2016,E07000198,86518,106346,40,37360,0.0010706638115631694,92.63169164882228,male,12-15,2172,0.02510460251046025,2.687858941162768e-05,0.0003761307430462829,9.442612796140993e-06
2016,E08000018,223611,106346,160,123901,0.0012913535806813505,288.7608655297375,female,12-15,5659,0.02530734176762324,3.268072640914697e-05,0.0015045229721851316,3.8075477054329434e-05
2016,E08000018,223611,106346,160,123901,0.0012913535806813505,288.7608655297375,male,12-15,6088,0.027225852037690453,3.515820151597221e-05,0.0015045229721851316,4.096191982801866e-05
2016,E08000019,493675,106346,2779,226076,0.012292326474282984,6068.414272191651,female,12-15,11561,0.023418240745429687,0.0002878646606961778,0.026131683373140504,0.0006119580523155464
2016,E08000019,493675,106346,2779,226076,0.012292326474282984,6068.414272191651,male,12-15,12104,0.024518154656403505,0.00030138516158347337,0.026131683373140504,0.0006407006543748269
2016,E06000015,214605,106346,84,89992,0.0009334163036714377,200.31580584940883,female,16-17,2861,0.01333146944386198,1.244381093079836e-05,0.000789874560397194,1.0530188566419106e-05
2016,E06000015,214605,106346,84,89992,0.0009334163036714377,200.31580584940883,male,16-17,3087,0.014384566995177187,1.3426789354552445e-05,0.000789874560397194,1.1362003531819567e-05
2016,E06000049,326712,106346,8,168475,4.7484790028194104e-05,15.51385071969135,female,16-17,4291,0.01313389162320331,6.236600859808665e-07,7.522614860925656e-05,9.880120830649623e-07
2016,E06000049,326712,106346,8,168475,4.7484790028194104e-05,15.51385071969135,male,16-17,4412,0.013504248390019343,6.412463992886468e-07,7.522614860925656e-05,1.015872596243909e-06
2016,E07000032,109033,106346,2244,44561,0.05035793631202172,5490.676869908664,female,16-17,1425,0.01306943769317546,0.0006581499109868659,0.021100934684896468,0.0002757773511320194
2016,E07000032,109033,106346,2244,44561,0.05035793631202172,5490.676869908664,male,16-17,1446,0.013262039932864362,0.0006678489623066724,0.021100934684896468,0.0002798414384118597
2016,E07000033,67629,106346,15699,34408,0.456260172053011,30856.41917577308,female,16-17,919,0.0135888450221059,0.006200048767787739,0.14762191337708988,0.002006011302748016
2016,E07000033,67629,106346,15699,34408,0.456260172053011,30856.41917577308,male,16-17,939,0.013884576143370448,0.006334979100057332,0.14762191337708988,0.002049667696714241
2016,E07000034,90918,106346,38976,46051,0.8463659855377733,76949.90267312327,female,16-17,1141,0.012549770122527993,0.010621698558025907,0.3665017960242981,0.004599513289598584
2016,E07000034,90918,106346,38976,46051,0.8463659855377733,76949.90267312327,male,16-17,1248,0.013726654787830792,0.011617773707639206,0.3665017960242981,0.0050308436331455144
2016,E07000035,63579,106346,12357,27481,0.449656126050726,28588.686838179103,female,16-17,806,0.012677141823558093,0.005700354481776768,0.11619618979557295,0.0014730355773955519
2016,E07000035,63579,106346,12357,27481,0.449656126050726,28588.686838179103,male,16-17,850,0.013369194230799478,0.0060115400862410075,0.11619618979557295,0.0015534494302558552
2016,E07000036,99294,106346,50,38167,0.0013100322267927788,130.0783399271622,female,16-17,1248,0.012568735271013357,1.6465448255054568e-05,0.0004701634288078536,5.909359670797846e-06
2016,E07000036,99294,106346,50,38167,0.0013100322267927788,130.0783399271622,male,16-17,1283,0.012921223840312608,1.6927219640412668e-05,0.0004701634288078536,6.075086905155158e-06
2016,E07000037,80012,106346,927,40301,0.0230019106225652,1840.4288727326864,female,16-17,1125,0.014060390941358795,0.00032341585575146033,0.008716829970097605,0.00012256203714892524
2016,E07000037,80012,106346,927,40301,0.0230019106225652,1840.4288727326864,male,16-17,1079,0.013485477178423235,0.00031019174076073403,0.008716829970097605,0.00011755061162994695
2016,E07000038,88289,106346,31869,42991,0.7412946895861925,65448.16684887535,female,16-17,1060,0.01200602566571147,0.008900003069027445,0.2996727662535497,0.003597878922954872
2016,E07000038,88289,106346,31869,42991,0.7412946895861925,65448.16684887535,male,16-17,1067,0.012085310740862396,0.008958776674200268,0.2996727662535497,0.0036216385007479695
2016,E07000170,106550,106346,309,51663,0.005981069624295917,637.28296846873,female,16-17,1404,0.013176912247771,7.881202958715596e-05,0.0029056099900325355,3.828696786490549e-05
2016,E07000170,106550,106346,309,51663,0.005981069624295917,637.28296846873,male,16-17,1486,0.01394650398873768,8.34150113721608e-05,0.0029056099900325355,4.0523101315704807e-05
2016,E07000171,99928,106346,293,50589,0.005791772915060586,578.7602838561743,female,16-17,1351,0.013519734208630214,7.830323040836254e-05,0.0027551576928140217,3.724899970970843e-05
2016,E07000171,99928,106346,293,50589,0.005791772915060586,578.7602838561743,male,16-17,1414,0.014150188135457532,8.195467638595458e-05,0.0027551576928140217,3.898599969617152e-05
2016,E07000173,100857,106346,8,36123,0.0002214655482656479,22.336350801428452,female,16-17,1273,0.012621830909108936,2.795300702402112e-06,7.522614860925656e-05,9.494917276895368e-07
2016,E07000173,100857,106346,8,36123,0.0002214655482656479,22.336350801428452,male,16-17,1384,0.013722399040225269,3.03903862696349e-06,7.522614860925656e-05,1.032283229475506e-06
2016,E07000174,92300,106346,493,48921,0.010077471842358087,930.1506510496513,female,16-17,1118,0.012112676056338027,0.00012206515189335148,0.004635811408045437,5.6152081843930654e-05
2016,E07000174,92300,106346,493,48921,0.010077471842358087,930.1506510496513,male,16-17,1211,0.013120260021668472,0.00013221905093278052,0.004635811408045437,6.082305108497318e-05
2016,E07000175,103568,106346,50,52383,0.0009545081419544508,98.85649924593856,female,16-17,1323,0.012774215974046037,1.2193093154311549e-05,0.0004701634288078536,6.00596918268954e-06
2016,E07000175,103568,106346,50,52383,0.0009545081419544508,98.85649924593856,male,16-17,1428,0.013788042638652864,1.3160798960209289e-05,0.0004701634288078536,6.4826334035379165e-06
2016,E07000198,86518,106346,40,37360,0.0010706638115631694,92.63169164882228,female,16-17,1100,0.012714117293511178,1.3612545282131882e-05,0.0003761307430462829,4.782170384785953e-06
2016,E07000198,86518,106346,40,37360,0.0010706638115631694,92.63169164882228,male,16-17,1201,0.013881504426824476,1.4862424439854901e-05,0.0003761307430462829,5.221260574661755e-06
2016,E08000018,223611,106346,160,123901,0.0012913535806813505,288.7608655297375,female,16-17,3179,0.014216653026908338,1.8358725791602443e-05,0.0015045229721851316,2.1389281066568875e-05
2016,E08000018,223611,106346,160,123901,0.0012913535806813505,288.7608655297375,male,16-17,3153,0.01410037967720729,1.8208575785128187e-05,0.0015045229721851316,2.1214345140890745e-05
2016,E08000019,493675,106346,2779,226076,0.012292326474282984,6068.414272191651,female,16-17,5892,0.011934977464931384,0.00014670863946214684,0.026131683373140504,0.00031188105217915403
2016,E08000019,493675,106346,2779,226076,0.012292326474282984,6068.414272191651,male,16-17,6363,0.012889046437433537,0.00015843636675112705,0.026131683373140504,0.00033681248048471774
2016,E06000015,214605,106346,84,89992,0.0009334163036714377,200.31580584940883,female,18-24,12393,0.057747955546236115,5.390288321055019e-05,0.000789874560397194,4.561364100091995e-05
2016,E06000015,214605,106346,84,89992,0.0009334163036714377,200.31580584940883,male,18-24,13630,0.06351203373639944,5.92831677688856e-05,0.000789874560397194,5.016653972747026e-05
2016,E06000049,326712,106346,8,168475,4.7484790028194104e-05,15.51385071969135,female,18-24,12453,0.03811613898479395,1.8099368563784042e-06,7.522614860925656e-05,2.8673303356811882e-06
2016,E06000049,326712,106346,8,168475,4.7484790028194104e-05,15.51385071969135,male,18-24,13453,0.041176938710546285,1.955278288674108e-06,7.522614860925656e-05,3.097582510713805e-06
2016,E07000032,109033,106346,2244,44561,0.05035793631202172,5490.676869908664,female,18-24,4501,0.041281080039987886,0.0020788299995451814,0.021100934684896468,0.0008710693736457679
2016,E07000032,109033,106346,2244,44561,0.05035793631202172,5490.676869908664,male,18-24,4495,0.041226050828648206,0.0020760588420252364,0.021100934684896468,0.0008699082058515277
2016,E07000033,67629,106346,15699,34408,0.456260172053011,30856.41917577308,female,18-24,2960,0.04376820594715285,0.01996968917589957,0.14762191337708988,0.006461146307001228
2016,E07000033,67629,106346,15699,34408,0.456260172053011,30856.41917577308,male,18-24,3156,0.046666370935545404,0.02129200643214157,0.14762191337708988,0.006888978967870229
2016,E07000034,90918,106346,38976,46051,0.8463659855377733,76949.90267312327,female,18-24,4087,0.04495259464572472,0.038046347069808834,0.3665017960242981,0.016475206673610354
2016,E07000034,90918,106346,38976,46051,0.8463659855377733,76949.90267312327,male,18-24,4259,0.04684440924789371,0.039647514600028334,0.3665017960242981,0.01716856012305028
2016,E07000035,63579,106346,12357,27481,0.449656126050726,28588.686838179103,female,18-24,2106,0.033124144764780816,0.01489447461367478,0.11619618979557295,0.0038488994119045055
2016,E07000035,63579,106346,12357,27481,0.449656126050726,28588.686838179103,male,18-24,2389,0.037575300020447004,0.01689596384238796,0.11619618979557295,0.004366106692801457
2016,E07000036,99294,106346,50,38167,0.0013100322267927788,130.0783399271622,female,18-24,4290,0.043205027494108414,5.6599978376750084e-05,0.0004701634288078536,2.0313423868367597e-05
2016,E07000036,99294,106346,50,38167,0.0013100322267927788,130.0783399271622,male,18-24,4470,0.04501782585050456,5.8974802644306015e-05,0.0004701634288078536,2.116573535934805e-05
2016,E07000037,80012,106346,927,40301,0.0230019106225652,1840.4288727326864,female,18-24,3452,0.043143528470729386,0.0009923835858258144,0.008716829970097605,0.0003760748019894133
2016,E07000037,80012,106346,927,40301,0.0230019106225652,1840.4288727326864,male,18-24,3730,0.04661800729890517,0.0010723032372915086,0.008716829970097605,0.0004063612431693255
2016,E07000038,88289,106346,31869,42991,0.7412946895861925,65448.16684887535,female,18-24,3472,0.0393253972748587,0.029151708165720082,0.2996727662535497,0.011784750585376712
2016,E07000038,88289,106346,31869,42991,0.7412946895861925,65448.16684887535,male,18-24,3723,0.04216833354098472,0.031259161722631296,0.2996727662535497,0.012636701160529234
2016,E07000170,106550,106346,309,51663,0.005981069624295917,637.28296846873,female,18-24,4782,0.04488033786954482,0.00026843242555967233,0.0029056099900325355,0.0001304047580697849
2016,E07000170,106550,106346,309,51663,0.005981069624295917,637.28296846873,male,18-24,4981,0.04674800563115908,0.0002796030764769401,0.0029056099900325355,0.00013583147217599304
2016,E07000171,99928,106346,293,50589,0.005791772915060586,578.7602838561743,female,18-24,4062,0.040649267472580256,0.0002354313263647436,0.0027551576928140217,0.0001119951419843343
2016,E07000171,99928,106346,293,50589,0.005791772915060586,578.7602838561743,male,18-24,4606,0.04609318709470818,0.00026696127258395104,0.0027551576928140217,0.00012699399901030126
2016,E07000173,100857,106346,8,36123,0.0002214655482656479,22.336350801428452,female,18-24,4150,0.041147367064259296,9.112724206574049e-06,7.522614860925656e-05,3.0953579496555987e-06
2016,E07000173,100857,106346,8,36123,0.0002214655482656479,22.336350801428452,male,18-24,4248,0.04211903982866831,9.327916248078687e-06,7.522614860925656e-05,3.168453149430599e-06
2016,E07000174,92300,106346,493,48921,0.010077471842358087,930.1506510496513,female,18-24,4315,0.046749729144095344,0.00047111907908748806,0.004635811408045437,0.00021672292768923145
2016,E07000174,92300,106346,493,48921,0.010077471842358087,930.1506510496513,male,18-24,4268,0.04624052004333695,0.0004659875387127229,0.004635811408045437,0.0002143623303308551
2016,E07000175,103568,106346,50,52383,0.0009545081419544508,98.85649924593856,female,18-24,4381,0.04230071064421443,4.037637272036198e-05,0.0004701634288078536,1.9888247157492724e-05
2016,E07000175,103568,106346,50,52383,0.0009545081419544508,98.85649924593856,male,18-24,4652,0.044917348988104434,4.28739753241552e-05,0.0004701634288078536,2.1118494813206156e-05
2016,E07000198,86518,106346,40,37360,0.0010706638115631694,92.63169164882228,female,18-24,3181,0.036766915555144594,3.936500594769229e-05,0.0003761307430462829,1.3829167267276474e-05
2016,E07000198,86518,106346,40,37360,0.0010706638115631694,92.63169164882228,male,18-24,3411,0.039425321898333296,4.221126541577441e-05,0.0003761307430462829,1.4829075620458993e-05
2016,E08000018,223611,106346,160,123901,0.0012913535806813505,288.7608655297375,female,18-24,9817,0.043902133615967016,5.669317744453009e-05,0.0015045229721851316,6.605176855316346e-05
2016,E08000018,223611,106346,160,123901,0.0012913535806813505,288.7608655297375,male,18-24,10612,0.04745741488567199,6.128430264249294e-05,0.0015045229721851316,7.140077089601414e-05
2016,E08000019,493675,106346,2779,226076,0.012292326474282984,6068.414272191651,female,18-24,40398,0.08183116422747759,0.0010058953864548212,0.026131683373140504,0.0021383860736479067
2016,E08000019,493675,106346,2779,226076,0.012292326474282984,6068.414272191651,male,18-24,42474,0.08603635995341065,0.00105758702520625,0.026131683373140504,0.0022482749168800725
2016,E06000015,214605,106346,84,89992,0.0009334163036714377,200.31580584940883,female,25-29,9510,0.04431397218144964,4.136338411460763e-05,0.000789874560397194,3.5002479296276016e-05
2016,E06000015,214605,106346,84,89992,0.0009334163036714377,200.31580584940883,male,25-29,9878,0.04602875049509564,4.2963986149747015e-05,0.000789874560397194,3.635693906294579e-05
2016,E06000049,326712,106346,8,168475,4.7484790028194104e-05,15.51385071969135,female,25-29,9241,0.028284850265677418,1.3431001758446022e-06,7.522614860925656e-05,2.12776034947642e-06
2016,E06000049,326712,106346,8,168475,4.7484790028194104e-05,15.51385071969135,male,25-29,9464,0.028967408604520187,1.375511315246544e-06,7.522614860925656e-05,2.1791065845086935e-06
2016,E07000032,109033,106346,2244,44561,0.05035793631202172,5490.676869908664,female,25-29,3463,0.03176102647822219,0.0015994197485947484,0.021100934684896468,0.0006701873452422338
2016,E07000032,109033,106346,2244,44561,0.05035793631202172,5490.676869908664,male,25-29,3360,0.030816358350224244,0.0015518482111690312,0.021100934684896468,0.0006502539647744457
2016,E07000033,67629,106346,15699,34408,0.456260172053011,30856.41917577308,female,25-29,2371,0.035058924425911964,0.0159959908905601,0.14762191337708988,0.005175465504695917
2016,E07000033,67629,106346,15699,34408,0.456260172053011,30856.41917577308,male,25-29,2356,0.03483712608496355,0.015894793141357902,0.14762191337708988,0.005142723209221248
2016,E07000034,90918,106346,38976,46051,0.8463659855377733,76949.90267312327,female,25-29,3314,0.036450427858069914,0.030850402297368844,0.3665017960242981,0.013359147275836728
2016,E07000034,90918,106346,38976,46051,0.8463659855377733,76949.90267312327,male,25-29,3126,0.034382630502210784,0.02910028895038473,0.3665017960242981,0.012601295831100066
2016,E07000035,63579,106346,12357,27481,0.449656126050726,28588.686838179103,female,25-29,1358,0.021359253841677285,0.009604319337782694,0.11619618979557295,0.002481863913279355
2016,E07000035,63579,106346,12357,27481,0.449656126050726,28588.686838179103,male,25-29,1690,0.02658110382358955,0.011952356171467416,0.11619618979557295,0.003088622984861641
2016,E07000036,99294,106346,50,38167,0.0013100322267927788,130.0783399271622,female,25-29,3762,0.03788748564867968,4.96338271919193e-05,0.0004701634288078536,1.7813310161491587e-05
2016,E07000036,99294,106346,50,38167,0.0013100322267927788,130.0783399271622,male,25-29,3649,0.036749451124942094,4.814296529062029e-05,0.0004701634288078536,1.7278247947709408e-05
2016,E07000037,80012,106346,927,40301,0.0230019106225652,1840.4288727326864,female,25-29,2398,0.02997050442433635,0.0006893788640817795,0.008716829970097605,0.000261247791184998
2016,E07000037,80012,106346,927,40301,0.0230019106225652,1840.4288727326864,male,25-29,2668,0.033344998250262464,0.0007669986694621299,0.008716829970097605,0.00029066268010074
2016,E07000038,88289,106346,31869,42991,0.7412946895861925,65448.16684887535,female,25-29,2588,0.029312824927227626,0.02172944145532361,0.2996727662535497,0.00878425533264831
2016,E07000038,88289,106346,31869,42991,0.7412946895861925,65448.16684887535,male,25-29,2646,0.029969758407049574,0.022216422755327002,0.2996727662535497,0.008981120405791125
2016,E07000170,106550,106346,309,51663,0.005981069624295917,637.28296846873,female,25-29,4316,0.04050680431722197,0.000242274016879035,0.0029056099900325355,0.00011769697528841316
2016,E07000170,106550,106346,309,51663,0.005981069624295917,637.28296846873,male,25-29,3916,0.03675269826372595,0.0002198204471960846,0.0029056099900325355,0.00010678900723573356
2016,E07000171,99928,106346,293,50589,0.005791772915060586,578.7602838561743,female,25-29,3050,0.03052197582259226,0.00017677635288342394,0.0027551576928140217,8.409285648749867e-05
2016,E07000171,99928,106346,293,50589,0.005791772915060586,578.7602838561743,male,25-29,3211,0.03213313585781763,0.00018610782593727024,0.0027551576928140217,8.853185645290435e-05
2016,E07000173,100857,106346,8,36123,0.0002214655482656479,22.336350801428452,female,25-29,3495,0.034653023587852105,7.674450867946097e-06,7.522614860925656e-05,2.606813502179836e-06
2016,E07000173,100857,106346,8,36123,0.0002214655482656479,22.336350801428452,male,25-29,3406,0.03377058607731739,7.479021360865352e-06,7.522614860925656e-05,2.540431126873969e-06
2016,E07000174,92300,106346,493,48921,0.010077471842358087,930.1506510496513,female,25-29,3587,0.03886240520043337,0.0003916347941336777,0.004635811408045437,0.0001801587813722533
2016,E07000174,92300,106346,493,48921,0.010077471842358087,930.1506510496513,male,25-29,3579,0.03877573131094258,0.0003907613404528667,0.004635811408045437,0.00017975697756657225
2016,E07000175,103568,106346,50,52383,0.0009545081419544508,98.85649924593856,female,25-29,3314,0.031998300633400284,3.0542638483286824e-05,0.0004701634288078536,1.5044430741823988e-05
2016,E07000175,103568,106346,50,52383,0.0009545081419544508,98.85649924593856,male,25-29,3446,0.033272825583191716,3.175918292498684e-05,0.0004701634288078536,1.564366576231909e-05
2016,E07000198,86518,106346,40,37360,0.0010706638115631694,92.63169164882228,female,25-29,2422,0.02799417462262188,2.9972349703021288e-05,0.0003761307430462829,1.0529469701774164e-05
2016,E07000198,86518,106346,40,37360,0.0010706638115631694,92.63169164882228,male,25-29,2465,0.028491181025913682,3.050447647314099e-05,0.0003761307430462829,1.0716409089543067e-05
2016,E08000018,223611,106346,160,123901,0.0012913535806813505,288.7608655297375,female,25-29,8522,0.03811082639047274,4.921455212206228e-05,0.0015045229721851316,5.733861379342558e-05
2016,E08000018,223611,106346,160,123901,0.0012913535806813505,288.7608655297375,male,25-29,8099,0.036219148431875,4.67717270167311e-05,0.0015045229721851316,5.449254084873902e-05
2016,E08000019,493675,106346,2779,226076,0.012292326474282984,6068.414272191651,female,25-29,22420,0.04541449334076062,0.0005582497788087801,0.026131683373140504,0.0011867571605323544
2016,E08000019,493675,106346,2779,226076,0.012292326474282984,6068.414272191651,male,25-29,23431,0.04746239935180027,0.000583423308085126,0.026131683373140504,0.0012402723919907935
2016,E06000015,214605,106346,84,89992,0.0009334163036714377,200.31580584940883,female,30-34,8898,0.04146222129027748,3.8701513338777994e-05,0.000789874560397194,3.274995381474911e-05
2016,E06000015,214605,106346,84,89992,0.0009334163036714377,200.31580584940883,male,30-34,8829,0.041140700356468864,3.840140045718936e-05,0.000789874560397194,3.249599260849853e-05
2016,E06000049,326712,106346,8,168475,4.7484790028194104e-05,15.51385071969135,female,30-34,10293,0.03150481157716888,1.4959993626196831e-06,7.522614860925656e-05,2.369985637610733e-06
2016,E06000049,326712,106346,8,168475,4.7484790028194104e-05,15.51385071969135,male,30-34,9528,0.029163299786968338,1.384813166913469e-06,7.522614860925656e-05,2.193842723710781e-06
2016,E07000032,109033,106346,2244,44561,0.05035793631202172,5490.676869908664,female,30-34,3559,0.032641493859657165,0.0016437582689138636,0.021100934684896468,0.000688766029950075
2016,E07000032,109033,106346,2244,44561,0.05035793631202172,5490.676869908664,male,30-34,3268,0.02997257710968239,0.0015093571291965456,0.021100934684896468,0.0006324493919294313
2016,E07000033,67629,106346,15699,34408,0.456260172053011,30856.41917577308,female,30-34,2493,0.036862884265625694,0.016819065917404608,0.14762191337708988,0.005441769507889886
2016,E07000033,67629,106346,15699,34408,0.456260172053011,30856.41917577308,male,30-34,2416,0.03572431944875719,0.016299584138166682,0.14762191337708988,0.005273692391119921
2016,E07000034,90918,106346,38976,46051,0.8463659855377733,76949.90267312327,female,30-34,2964,0.03260080512109813,0.02759221255564311,0.3665017960242981,0.0119482536287206
2016,E07000034,90918,106346,38976,46051,0.8463659855377733,76949.90267312327,male,30-34,3188,0.03506456367276007,0.02967745399034758,0.3665017960242981,0.012851225562874923
2016,E07000035,63579,106346,12357,27481,0.449656126050726,28588.686838179103,female,30-34,1467,0.02307365639597981,0.010375210948841834,0.11619618979557295,0.002681070957865105
2016,E07000035,63579,106346,12357,27481,0.449656126050726,28588.686838179103,male,30-34,1422,0.022365875524937483,0.010056952944276134,0.11619618979557295,0.002598829517439795
2016,E07000036,99294,106346,50,38167,0.0013100322267927788,130.0783399271622,female,30-34,3607,0.03632646484178298,4.7588839628190555e-05,0.0004701634288078536,1.707937526648063e-05
2016,E07000036,99294,106346,50,38167,0.0013100322267927788,130.0783399271622,male,30-34,3141,0.03163333131911294,4.144068346885128e-05,0.0004701634288078536,1.4872835517609003e-05
2016,E07000037,80012,106346,927,40301,0.0230019106225652,1840.4288727326864,female,30-34,2491,0.03113283007548868,0.0007161145748239003,0.008716829970097605,0.0002713795862559758
2016,E07000037,80012,106346,927,40301,0.0230019106225652,1840.4288727326864,male,30-34,2400,0.02999550067489877,0.0006899538256031155,0.008716829970097605,0.00026146567925104046
2016,E07000038,88289,106346,31869,42991,0.7412946895861925,65448.16684887535,female,30-34,2644,0.029947105528435027,0.022199630296706192,0.2996727662535497,0.008974331954993095
2016,E07000038,88289,106346,31869,42991,0.7412946895861925,65448.16684887535,male,30-34,2458,0.027840387817281882,0.02063793164497119,0.2996727662535497,0.008343006030776487
2016,E07000170,106550,106346,309,51663,0.005981069624295917,637.28296846873,female,30-34,3880,0.036414828718911316,0.00021779962592461904,0.0029056099900325355,0.00010580729011099236
2016,E07000170,106550,106346,309,51663,0.005981069624295917,637.28296846873,male,30-34,3699,0.03471609572970436,0.000207639385643084,0.0029056099900325355,0.00010087143456715483
2016,E07000171,99928,106346,293,50589,0.005791772915060586,578.7602838561743,female,30-34,3048,0.0305019614122168,0.00017666043396350042,0.0027551576928140217,8.403771363078556e-05
2016,E07000171,99928,106346,293,50589,0.005791772915060586,578.7602838561743,male,30-34,3202,0.032043071011128015,0.00018558619079761423,0.0027551576928140217,8.828371359769532e-05
2016,E07000173,100857,106346,8,36123,0.0002214655482656479,22.336350801428452,female,30-34,3643,0.03612044776267388,7.999434767361267e-06,7.522614860925656e-05,2.717202171227794e-06
2016,E07000173,100857,106346,8,36123,0.0002214655482656479,22.336350801428452,male,30-34,3191,0.03163885501254251,7.00691637185007e-06,7.522614860925656e-05,2.380069209000245e-06
2016,E07000174,92300,106346,493,48921,0.010077471842358087,930.1506510496513,female,30-34,3621,0.03923076923076923,0.00039534697227712495,0.004635811408045437,0.0001818664475463979
2016,E07000174,92300,106346,493,48921,0.010077471842358087,930.1506510496513,male,30-34,3528,0.03822318526543879,0.0003851930732376959,0.004635811408045437,0.0001771954783053554
2016,E07000175,103568,106346,50,52383,0.0009545081419544508,98.85649924593856,female,30-34,3172,0.030627220763170086,2.9233931583882256e-05,0.0004701634288078536,1.4399799128867136e-05
2016,E07000175,103568,106346,50,52383,0.0009545081419544508,98.85649924593856,male,30-34,3188,0.03078170863587209,2.938139151620954e-05,0.0004701634288078536,1.447243367680594e-05
2016,E07000198,86518,106346,40,37360,0.0010706638115631694,92.63169164882228,female,30-34,2335,0.02698860352758964,2.889572112161631e-05,0.0003761307430462829,1.015124349861382e-05
2016,E07000198,86518,106346,40,37360,0.0010706638115631694,92.63169164882228,male,30-34,2308,0.026676529739476183,2.8561595010145802e-05,0.0003761307430462829,1.0033862952805438e-05
2016,E08000018,223611,106346,160,123901,0.0012913535806813505,288.7608655297375,female,30-34,8318,0.037198527800510715,4.803645207126426e-05,0.0015045229721851316,5.5966039607335606e-05
2016,E08000018,223611,106346,160,123901,0.0012913535806813505,288.7608655297375,male,30-34,7770,0.034747843352965636,4.487175193480685e-05,0.0015045229721851316,5.227892855842724e-05
2016,E08000019,493675,106346,2779,226076,0.012292326474282984,6068.414272191651,female,30-34,18573,0.037621917253253666,0.0004624608894654537,0.026131683373140504,0.0009831240295525164
2016,E08000019,493675,106346,2779,226076,0.012292326474282984,6068.414272191651,male,30-34,18250,0.0369676406542766,0.00045441830790634414,0.026131683373140504,0.0009660266806295928
2016,E06000015,214605,106346,84,89992,0.0009334163036714377,200.31580584940883,female,35-39,8310,0.038722303767386584,3.614402965219657e-05,0.000789874560397194,3.0585762665831096e-05
2016,E06000015,214605,106346,84,89992,0.0009334163036714377,200.31580584940883,male,35-39,7871,0.0366766850725752,3.423461581136453e-05,0.000789874560397194,2.896998049852666e-05
2016,E06000049,326712,106346,8,168475,4.7484790028194104e-05,15.51385071969135,female,35-39,10826,0.03313621783099488,1.5734663460332932e-06,7.522614860925656e-05,2.4927100469031185e-06
2016,E06000049,326712,106346,8,168475,4.7484790028194104e-05,15.51385071969135,male,35-39,10171,0.031131394010627093,1.4782677078796068e-06,7.522614860925656e-05,2.341894872256754e-06
2016,E07000032,109033,106346,2244,44561,0.05035793631202172,5490.676869908664,female,35-39,3633,0.033320187466179964,0.001677935878326515,0.021100934684896468,0.0007030870994123693
2016,E07000032,109033,106346,2244,44561,0.05035793631202172,5490.676869908664,male,35-39,3341,0.030642099180981906,0.0015430728790225398,0.021100934684896468,0.0006465769334260187
2016,E07000033,67629,106346,15699,34408,0.456260172053011,30856.41917577308,female,35-39,2127,0.0314510047464845,0.014349840836871082,0.14762191337708988,0.004642857498307978
2016,E07000033,67629,106346,15699,34408,0.456260172053011,30856.41917577308,male,35-39,2172,0.03211639976932973,0.014653434084477663,0.14762191337708988,0.004741084384731983
2016,E07000034,90918,106346,38976,46051,0.8463659855377733,76949.90267312327,female,35-39,3133,0.034459622956950216,0.02916545274521925,0.3665017960242981,0.012629513704042387
2016,E07000034,90918,106346,38976,46051,0.8463659855377733,76949.90267312327,male,35-39,2897,0.031863877340020684,0.026968501947941318,0.3665017960242981,0.011678168273415512
2016,E07000035,63579,106346,12357,27481,0.449656126050726,28588.686838179103,female,35-39,1600,0.0251655420815049,0.011315840162336015,0.11619618979557295,0.002924140104011021
2016,E07000035,63579,106346,12357,27481,0.449656126050726,28588.686838179103,male,35-39,1499,0.0235769672376099,0.010601527752088554,0.11619618979557295,0.002739553759945325
2016,E07000036,99294,106346,50,38167,0.0013100322267927788,130.0783399271622,female,35-39,3452,0.034765444034886295,4.554385206446183e-05,0.0004701634288078536,1.634544037146968e-05
2016,E07000036,99294,106346,50,38167,0.0013100322267927788,130.0783399271622,male,35-39,3223,0.03245916168147118,4.252254785740454e-05,0.0004701634288078536,1.526111075238899e-05
2016,E07000037,80012,106346,927,40301,0.0230019106225652,1840.4288727326864,female,35-39,2589,0.03235764635304704,0.0007442876893693607,0.008716829970097605,0.00028205610149205986
2016,E07000037,80012,106346,927,40301,0.0230019106225652,1840.4288727326864,male,35-39,2321,0.029008148777683342,0.0006672428455103463,0.008716829970097605,0.0002528591006423604
2016,E07000038,88289,106346,31869,42991,0.7412946895861925,65448.16684887535,female,35-39,2682,0.030377510222111475,0.022518687010501515,0.2996727662535497,0.00910331252015563
2016,E07000038,88289,106346,31869,42991,0.7412946895861925,65448.16684887535,male,35-39,2397,0.02714947501953811,0.020125761657036587,0.2996727662535497,0.00813595828143663
2016,E07000170,106550,106346,309,51663,0.005981069624295917,637.28296846873,female,35-39,3774,0.035419990614734866,0.0002118494299586372,0.0029056099900325355,0.00010291667857703228
2016,E07000170,106550,106346,309,51663,0.005981069624295917,637.28296846873,male,35-39,3532,0.03314875645236978,0.0001982650203004522,0.0029056099900325355,9.631735790516112e-05
2016,E07000171,99928,106346,293,50589,0.005791772915060586,578.7602838561743,female,35-39,3154,0.031562725162116716,0.00018280413671944887,0.0027551576928140217,8.69602850365806e-05
2016,E07000171,99928,106346,293,50589,0.005791772915060586,578.7602838561743,male,35-39,3078,0.03080217756784885,0.0001783992177623537,0.0027551576928140217,8.486485648148227e-05
2016,E07000173,100857,106346,8,36123,0.0002214655482656479,22.336350801428452,female,35-39,3747,0.03715161069633243,8.227801831815172e-06,7.522614860925656e-05,2.794772587315549e-06
2016,E07000173,100857,106346,8,36123,0.0002214655482656479,22.336350801428452,male,35-39,3494,0.03464310855964385,7.672255030787884e-06,7.522614860925656e-05,2.606067632794377e-06
2016,E07000174,92300,106346,493,48921,0.010077471842358087,930.1506510496513,female,35-39,3286,0.035601300108342365,0.0003587710993931601,0.004635811408045437,0.00016504091318350278
2016,E07000174,92300,106346,493,48921,0.010077471842358087,930.1506510496513,male,35-39,3227,0.03496208017334778,0.00035232937849717823,0.004635811408045437,0.00016207761011660483
2016,E07000175,103568,106346,50,52383,0.0009545081419544508,98.85649924593856,female,35-39,3300,0.03186312374478603,3.0413611042500457e-05,0.0004701634288078536,1.4980875512377535e-05
2016,E07000175,103568,106346,50,52383,0.0009545081419544508,98.85649924593856,male,35-39,3211,0.0310037849528812,2.959336516893e-05,0.0004701634288078536,1.4576845839467966e-05
2016,E07000198,86518,106346,40,37360,0.0010706638115631694,92.63169164882228,female,35-39,2520,0.02912688689058924,3.1185103737247586e-05,0.0003761307430462829,1.0955517608782366e-05
2016,E07000198,86518,106346,40,37360,0.0010706638115631694,92.63169164882228,male,35-39,2327,0.026896137220000463,2.8796720792291718e-05,0.0003761307430462829,1.011646407763356e-05
2016,E08000018,223611,106346,160,123901,0.0012913535806813505,288.7608655297375,female,35-39,7619,0.03407256351431728,4.399972689720636e-05,0.0015045229721851316,5.1262954528527296e-05
2016,E08000018,223611,106346,160,123901,0.0012913535806813505,288.7608655297375,male,35-39,7071,0.031621879066772204,4.083502676074893e-05,0.0015045229721851316,4.757584347961891e-05
2016,E08000019,493675,106346,2779,226076,0.012292326474282984,6068.414272191651,female,35-39,16994,0.03442345672760419,0.00042314436846906366,0.026131683373140504,0.000899542871814756
2016,E08000019,493675,106346,2779,226076,0.012292326474282984,6068.414272191651,male,35-39,17565,0.035580088114650334,0.0004373620590890376,0.026131683373140504,0.000929767597000482
2016,E06000015,214605,106346,84,89992,0.0009334163036714377,200.31580584940883,female,40-44,7855,0.03660212949372102,3.416502441853238e-05,0.000789874560397194,2.891109094345406e-05
2016,E06000015,214605,106346,84,89992,0.0009334163036714377,200.31580584940883,male,40-44,7937,0.03698422683534867,3.452168030679714e-05,0.000789874560397194,2.9212899913201128e-05
2016,E06000049,326712,106346,8,168475,4.7484790028194104e-05,15.51385071969135,female,40-44,12537,0.038373246161757135,1.822145536691243e-06,7.522614860925656e-05,2.8866715183839266e-06
2016,E06000049,326712,106346,8,168475,4.7484790028194104e-05,15.51385071969135,male,40-44,11954,0.03658879992164352,1.7374114816628474e-06,7.522614860925656e-05,2.752434500339911e-06
2016,E07000032,109033,106346,2244,44561,0.05035793631202172,5490.676869908664,female,40-44,4128,0.03786009740170407,0.0019065563737219523,0.021100934684896468,0.0007988834424371762
2016,E07000032,109033,106346,2244,44561,0.05035793631202172,5490.676869908664,male,40-44,4028,0.03694294387937597,0.0018603704150562078,0.021100934684896468,0.0007795306458665081
2016,E07000033,67629,106346,15699,34408,0.456260172053011,30856.41917577308,female,40-44,2521,0.037276907835396056,0.017007968382582037,0.14762191337708988,0.0055028884594426
2016,E07000033,67629,106346,15699,34408,0.456260172053011,30856.41917577308,male,40-44,2427,0.03588697156545269,0.016373795820914954,0.14762191337708988,0.005297703407801346
2016,E07000034,90918,106346,38976,46051,0.8463659855377733,76949.90267312327,female,40-44,3402,0.03741833300336567,0.031669604289574174,0.3665017960242981,0.013713886249968785
2016,E07000034,90918,106346,38976,46051,0.8463659855377733,76949.90267312327,male,40-44,3275,0.0360214698959502,0.03048734686900512,0.3665017960242981,0.013201933412300932
2016,E07000035,63579,106346,12357,27481,0.449656126050726,28588.686838179103,female,40-44,2155,0.03389483949102691,0.015241022218646318,0.11619618979557295,0.003938451202589844
2016,E07000035,63579,106346,12357,27481,0.449656126050726,28588.686838179103,male,40-44,2059,0.03238490696613662,0.014562071808906162,0.11619618979557295,0.003763002796349183
2016,E07000036,99294,106346,50,38167,0.0013100322267927788,130.0783399271622,female,40-44,3788,0.038149334300159134,4.9976857363899606e-05,0.0004701634288078536,1.7936421821299874e-05
2016,E07000036,99294,106346,50,38167,0.0013100322267927788,130.0783399271622,male,40-44,3620,0.03645738916752271,4.776035471418072e-05,0.0004701634288078536,1.7140931096384776e-05
2016,E07000037,80012,106346,927,40301,0.0230019106225652,1840.4288727326864,female,40-44,2902,0.03626955956606509,0.0008342691674584338,0.008716829970097605,0.0003161555838277165
2016,E07000037,80012,106346,927,40301,0.0230019106225652,1840.4288727326864,male,40-44,2756,0.034444833275008746,0.0007922969764009107,0.008716829970097605,0.00030024975500661153
2016,E07000038,88289,106346,31869,42991,0.7412946895861925,65448.16684887535,female,40-44,3079,0.03487410662709964,0.025851990046731603,0.2996727662535497,0.0104508200035642
2016,E07000038,88289,106346,31869,42991,0.7412946895861925,65448.16684887535,male,40-44,2984,0.03379809489290852,0.025054348262243297,0.2996727662535497,0.010128368590657869
2016,E07000170,106550,106346,309,51663,0.005981069624295917,637.28296846873,female,40-44,4059,0.03809479117785077,0.0002278475983577393,0.0029056099900325355,0.0001106886058145665
2016,E07000170,106550,106346,309,51663,0.005981069624295917,637.28296846873,male,40-44,3830,0.035945565462224306,0.00021499292971425025,0.0029056099900325355,0.00010444379410440742
2016,E07000171,99928,106346,293,50589,0.005791772915060586,578.7602838561743,female,40-44,3626,0.036286126010727726,0.00021016100182140828,0.0027551576928140217,9.997399922087548e-05
2016,E07000171,99928,106346,293,50589,0.005791772915060586,578.7602838561743,male,40-44,3431,0.03433472099911936,0.00019885890712886147,0.0027551576928140217,9.459757069134686e-05
2016,E07000173,100857,106346,8,36123,0.0002214655482656479,22.336350801428452,female,40-44,3853,0.03820260368640749,8.460560570585499e-06,7.522614860925656e-05,2.8738347421742228e-06
2016,E07000173,100857,106346,8,36123,0.0002214655482656479,22.336350801428452,male,40-44,3654,0.036229513072964695,8.023588976101584e-06,7.522614860925656e-05,2.725406734467846e-06
2016,E07000174,92300,106346,493,48921,0.010077471842358087,930.1506510496513,female,40-44,3304,0.035796316359696635,0.00036073637017498513,0.004635811408045437,0.00016594497174628517
2016,E07000174,92300,106346,493,48921,0.010077471842358087,930.1506510496513,male,40-44,3336,0.036143011917659805,0.00036423018489822943,0.004635811408045437,0.00016755218696900949
2016,E07000175,103568,106346,50,52383,0.0009545081419544508,98.85649924593856,female,40-44,3790,0.036594314846284566,3.492957147002326e-05,0.0004701634288078536,1.7205308543003293e-05
2016,E07000175,103568,106346,50,52383,0.0009545081419544508,98.85649924593856,male,40-44,3626,0.035010814151089135,3.341810716366869e-05,0.0004701634288078536,1.6460804426630595e-05
2016,E07000198,86518,106346,40,37360,0.0010706638115631694,92.63169164882228,female,40-44,3069,0.03547238724889618,3.797900133714795e-05,0.0003761307430462829,1.3342255373552812e-05
2016,E07000198,86518,106346,40,37360,0.0010706638115631694,92.63169164882228,male,40-44,3001,0.034686423634388217,3.713749853788888e-05,0.0003761307430462829,1.3046630295220588e-05
2016,E08000018,223611,106346,160,123901,0.0012913535806813505,288.7608655297375,female,40-44,8281,0.0370330618797823,4.78227770620509e-05,0.0015045229721851316,5.571709232848598e-05
2016,E08000018,223611,106346,160,123901,0.0012913535806813505,288.7608655297375,male,40-44,7867,0.03518163238838876,4.5431926958960795e-05,0.0015045229721851316,5.293157412730335e-05
2016,E08000019,493675,106346,2779,226076,0.012292326474282984,6068.414272191651,female,40-44,16781,0.03399199878462551,0.00041784074657404716,0.026131683373140504,0.0008882681494600108
2016,E08000019,493675,106346,2779,226076,0.012292326474282984,6068.414272191651,male,40-44,16710,0.033848179470299285,0.0004160728726090417,0.026131683373140504,0.0008845099086750957
2016,E06000015,214605,106346,84,89992,0.0009334163036714377,200.31580584940883,female,45-49,8811,0.041056825330257916,3.832311014025319e-05,0.000789874560397194,3.242974185904185e-05
2016,E06000015,214605,106346,84,89992,0.0009334163036714377,200.31580584940883,male,45-49,8738,0.04071666550173575,3.800559941045652e-05,0.000789874560397194,3.216105826402312e-05
2016,E06000049,326712,106346,8,168475,4.7484790028194104e-05,15.51385071969135,female,45-49,15054,0.0460772790714758,2.1879699217795305e-06,7.522614860925656e-05,3.4662162429410263e-06
2016,E06000049,326712,106346,8,168475,4.7484790028194104e-05,15.51385071969135,male,45-49,14089,0.04312360733612478,2.0477154396141756e-06,7.522614860925656e-05,3.24402289403455e-06
2016,E07000032,109033,106346,2244,44561,0.05035793631202172,5490.676869908664,female,45-49,4942,0.04532572707345483,0.0022825100772611174,0.021100934684896468,0.000956415206522414
2016,E07000032,109033,106346,2244,44561,0.05035793631202172,5490.676869908664,male,45-49,4924,0.04516063943943577,0.0022741966047012826,0.021100934684896468,0.0009529317031396936
2016,E07000033,67629,106346,15699,34408,0.456260172053011,30856.41917577308,female,45-49,3156,0.046666370935545404,0.02129200643214157,0.14762191337708988,0.006888978967870229
2016,E07000033,67629,106346,15699,34408,0.456260172053011,30856.41917577308,male,45-49,3098,0.04580875068387822,0.02090070846855976,0.14762191337708988,0.006762375425368178
2016,E07000034,90918,106346,38976,46051,0.8463659855377733,76949.90267312327,female,45-49,3977,0.04374271321410502,0.037022344579552176,0.3665017960242981,0.016031782955945286
2016,E07000034,90918,106346,38976,46051,0.8463659855377733,76949.90267312327,male,45-49,3875,0.042620823159330384,0.03607281499767782,0.3665017960242981,0.015620608235928585
2016,E07000035,63579,106346,12357,27481,0.449656126050726,28588.686838179103,female,45-49,2813,0.0442441686720458,0.01989466148540701,0.11619618979557295,0.005141003820364376
2016,E07000035,63579,106346,12357,27481,0.449656126050726,28588.686838179103,male,45-49,2730,0.04293870617656773,0.019307652276985825,0.11619618979557295,0.0049893140524688035
2016,E07000036,99294,106346,50,38167,0.0013100322267927788,130.0783399271622,female,45-49,4603,0.046357282413841724,6.072953390866681e-05,0.0004701634288078536,2.1795498849905842e-05
2016,E07000036,99294,106346,50,38167,0.0013100322267927788,130.0783399271622,male,45-49,4399,0.04430277760992608,5.803806640543673e-05,0.0004701634288078536,2.0829545826794648e-05
2016,E07000037,80012,106346,927,40301,0.0230019106225652,1840.4288727326864,female,45-49,3655,0.04568064790281458,0.0010507421802414113,0.008716829970097605,0.00039819044069273044
2016,E07000037,80012,106346,927,40301,0.0230019106225652,1840.4288727326864,male,45-49,3653,0.04565565165225216,0.0010501672187200751,0.008716829970097605,0.0003979725526266879
2016,E07000038,88289,106346,31869,42991,0.7412946895861925,65448.16684887535,female,45-49,3952,0.044762088142350685,0.03318189823471365,0.2996727662535497,0.013413978776903448
2016,E07000038,88289,106346,31869,42991,0.7412946895861925,65448.16684887535,male,45-49,3666,0.04152272650047005,0.03078057665193832,0.2996727662535497,0.012443230312785436
2016,E07000170,106550,106346,309,51663,0.005981069624295917,637.28296846873,female,45-49,4824,0.0452745190051619,0.00027079005037638197,0.0029056099900325355,0.00013155009471531632
2016,E07000170,106550,106346,309,51663,0.005981069624295917,637.28296846873,male,45-49,4634,0.043491318629751294,0.0002601246047769806,0.0029056099900325355,0.0001263688098902935
2016,E07000171,99928,106346,293,50589,0.005791772915060586,578.7602838561743,female,45-49,4402,0.04405171723641022,0.00025513754275174823,0.0027551576928140217,0.00012136942762556367
2016,E07000171,99928,106346,293,50589,0.005791772915060586,578.7602838561743,male,45-49,4284,0.04287086702425746,0.0002482983264762584,0.0027551576928140217,0.00011811599907948992
2016,E07000173,100857,106346,8,36123,0.0002214655482656479,22.336350801428452,female,45-49,4491,0.04452839168327434,9.86150467752387e-06,7.522614860925656e-05,3.34969941009718e-06
2016,E07000173,100857,106346,8,36123,0.0002214655482656479,22.336350801428452,male,45-49,4319,0.04282300683145444,9.483820686311642e-06,7.522614860925656e-05,3.221409875798201e-06
2016,E07000174,92300,106346,493,48921,0.010077471842358087,930.1506510496513,female,45-49,3878,0.04201516793066089,0.00042340667177318166,0.004635811408045437,0.0001947743948039025
2016,E07000174,92300,106346,493,48921,0.010077471842358087,930.1506510496513,male,45-49,3773,0.04087757313109426,0.0004119425922125359,0.004635811408045437,0.0001895007198543384
2016,E07000175,103568,106346,50,52383,0.0009545081419544508,98.85649924593856,female,45-49,4469,0.04315039394407539,4.118740234816199e-05,0.0004701634288078536,2.028773717115613e-05
2016,E07000175,103568,106346,50,52383,0.0009545081419544508,98.85649924593856,male,45-49,4545,0.043884211339409854,4.188783702671654e-05,0.0004701634288078536,2.0632751273865423e-05
2016,E07000198,86518,106346,40,37360,0.0010706638115631694,92.63169164882228,female,45-49,3932,0.04544719018007813,4.865866186303869e-05,0.0003761307430462829,1.709408541179852e-05
2016,E07000198,86518,106346,40,37360,0.0010706638115631694,92.63169164882228,male,45-49,3904,0.04512355810351603,4.8312160710402615e-05,0.0003761307430462829,1.6972357438367607e-05
2016,E08000018,223611,106346,160,123901,0.0012913535806813505,288.7608655297375,female,45-49,9600,0.042931698351154464,5.544000239049493e-05,0.0015045229721851316,6.459172640423442e-05
2016,E08000018,223611,106346,160,123901,0.0012913535806813505,288.7608655297375,male,45-49,9693,0.04334759917893127,5.5977077413652856e-05,0.0015045229721851316,6.521745875377544e-05
2016,E08000019,493675,106346,2779,226076,0.012292326474282984,6068.414272191651,female,45-49,19371,0.03923836532131463,0.0004823307968467832,0.026131683373140504,0.0010253645386562103
2016,E08000019,493675,106346,2779,226076,0.012292326474282984,6068.414272191651,male,45-49,19049,0.038586114346483014,0.0004743131149209835,0.026131683373140504,0.0010083201227020883
2016,E06000015,214605,106346,84,89992,0.0009334163036714377,200.31580584940883,female,50-54,8608,0.04011090142354559,3.744016934369532e-05,0.000789874560397194,3.1682580629058253e-05
2016,E06000015,214605,106346,84,89992,0.0009334163036714377,200.31580584940883,male,50-54,8410,0.03918827613522518,3.6578975857397495e-05,0.000789874560397194,3.095382238503484e-05
2016,E06000049,326712,106346,8,168475,4.7484790028194104e-05,15.51385071969135,female,50-54,15122,0.04628541345282696,2.1978531391756387e-06,7.522614860925656e-05,3.4818733908432432e-06
2016,E06000049,326712,106346,8,168475,4.7484790028194104e-05,15.51385071969135,male,50-54,14789,0.045266167144151416,2.149454442221169e-06,7.522614860925656e-05,3.4051994165573824e-06
2016,E07000032,109033,106346,2244,44561,0.05035793631202172,5490.676869908664,female,50-54,4940,0.04530738400300826,0.002281586358087802,0.021100934684896468,0.0009560281505910005
2016,E07000032,109033,106346,2244,44561,0.05035793631202172,5490.676869908664,male,50-54,4900,0.04494052259407702,0.002263111974621504,0.021100934684896468,0.0009482870319627334
2016,E07000033,67629,106346,15699,34408,0.456260172053011,30856.41917577308,female,50-54,2981,0.04407872362448062,0.020111366024782647,0.14762191337708988,0.006506985520665764
2016,E07000033,67629,106346,15699,34408,0.456260172053011,30856.41917577308,male,50-54,2965,0.04384213872746898,0.020003421758966973,0.14762191337708988,0.006472060405492784
2016,E07000034,90918,106346,38976,46051,0.8463659855377733,76949.90267312327,female,50-54,4020,0.044215666864647264,0.03742263646210705,0.3665017960242981,0.01620512131830527
2016,E07000034,90918,106346,38976,46051,0.8463659855377733,76949.90267312327,male,50-54,3992,0.04390769704568952,0.037161981282768985,0.3665017960242981,0.016092249826535975
2016,E07000035,63579,106346,12357,27481,0.449656126050726,28588.686838179103,female,50-54,3073,0.048333569260290345,0.02173348551178661,0.11619618979557295,0.005616176587266168
2016,E07000035,63579,106346,12357,27481,0.449656126050726,28588.686838179103,male,50-54,3047,0.047924629201465896,0.021549603109148645,0.11619618979557295,0.005568659310575989
2016,E07000036,99294,106346,50,38167,0.0013100322267927788,130.0783399271622,female,50-54,4589,0.04621628698612202,6.054482535452357e-05,0.0004701634288078536,2.1729207956162908e-05
2016,E07000036,99294,106346,50,38167,0.0013100322267927788,130.0783399271622,male,50-54,4551,0.045833585110882834,6.00434735647062e-05,0.0004701634288078536,2.154927553028926e-05
2016,E07000037,80012,106346,927,40301,0.0230019106225652,1840.4288727326864,female,50-54,3851,0.048130280457931315,0.0011070884093323323,0.008716829970097605,0.00041954347116489874
2016,E07000037,80012,106346,927,40301,0.0230019106225652,1840.4288727326864,male,50-54,3784,0.04729290606409039,0.0010878271983675786,0.008716829970097605,0.00041224422095247385
2016,E07000038,88289,106346,31869,42991,0.7412946895861925,65448.16684887535,female,50-54,3922,0.044422294963132436,0.032930011355401544,0.2996727662535497,0.013312152014933028
2016,E07000038,88289,106346,31869,42991,0.7412946895861925,65448.16684887535,male,50-54,3825,0.04332363035032677,0.03211557711229243,0.2996727662535497,0.012982912151228666
2016,E07000170,106550,106346,309,51663,0.005981069624295917,637.28296846873,female,50-54,4742,0.04450492726419522,0.0002661870685913772,0.0029056099900325355,0.00012931396126451697
2016,E07000170,106550,106346,309,51663,0.005981069624295917,637.28296846873,male,50-54,4704,0.044148287189113095,0.0002640539794714969,0.0029056099900325355,0.00012827770429951242
2016,E07000171,99928,106346,293,50589,0.005791772915060586,578.7602838561743,female,50-54,4603,0.04606316547914498,0.00026678739420406565,0.0027551576928140217,0.0001269112847252316
2016,E07000171,99928,106346,293,50589,0.005791772915060586,578.7602838561743,male,50-54,4607,0.046103194299895935,0.00026701923204391285,0.0027551576928140217,0.00012702157043865785
2016,E07000173,100857,106346,8,36123,0.0002214655482656479,22.336350801428452,female,50-54,4467,0.04429043100627621,9.808804585726814e-06,7.522614860925656e-05,3.3317985448461595e-06
2016,E07000173,100857,106346,8,36123,0.0002214655482656479,22.336350801428452,male,50-54,4296,0.04259496118266457,9.433316431672798e-06,7.522614860925656e-05,3.20425487993264e-06
2016,E07000174,92300,106346,493,48921,0.010077471842358087,930.1506510496513,female,50-54,4148,0.04494041170097508,0.00045288573350055634,0.004635811408045437,0.00020833527324563893
2016,E07000174,92300,106346,493,48921,0.010077471842358087,930.1506510496513,male,50-54,4002,0.04335861321776815,0.0004369452038257537,0.004635811408045437,0.00020100235379195923
2016,E07000175,103568,106346,50,52383,0.0009545081419544508,98.85649924593856,female,50-54,4689,0.0452746021937278,4.3214976417662026e-05,0.0004701634288078536,2.128646220531463e-05
2016,E07000175,103568,106346,50,52383,0.0009545081419544508,98.85649924593856,male,50-54,4581,0.04423180905298934,4.221962187445291e-05,0.0004701634288078536,2.0796179006727727e-05
2016,E07000198,86518,106346,40,37360,0.0010706638115631694,92.63169164882228,female,50-54,3947,0.045620564506807834,4.8844287480522306e-05,0.0003761307430462829,1.715929682613651e-05
2016,E07000198,86518,106346,40,37360,0.0010706638115631694,92.63169164882228,male,50-54,3877,0.044811484315402585,4.7978034598932105e-05,0.0003761307430462829,1.6854976892559218e-05
2016,E08000018,223611,106346,160,123901,0.0012913535806813505,288.7608655297375,female,50-54,9397,0.042023871813104005,5.426767733994593e-05,0.0015045229721851316,6.322588052297821e-05
2016,E08000018,223611,106346,160,123901,0.0012913535806813505,288.7608655297375,male,50-54,9813,0.0438842454083207,5.6670077443534046e-05,0.0015045229721851316,6.602485533382837e-05
2016,E08000019,493675,106346,2779,226076,0.012292326474282984,6068.414272191651,female,50-54,17720,0.035894059857193496,0.00044122150225207776,0.026131683373140504,0.0009379722071647332
2016,E08000019,493675,106346,2779,226076,0.012292326474282984,6068.414272191651,male,50-54,17882,0.03622221096875475,0.0004452552428482874,0.026131683373140504,0.0009465473481105961
2016,E06000015,214605,106346,84,89992,0.0009334163036714377,200.31580584940883,female,55-59,7021,0.032715919945947206,3.053757306715669e-05,0.000789874560397194,2.5841472885294838e-05
2016,E06000015,214605,106346,84,89992,0.0009334163036714377,200.31580584940883,male,55-59,7060,0.032897649169404256,3.0707202087185056e-05,0.000789874560397194,2.59850161757843e-05
2016,E06000049,326712,106346,8,168475,4.7484790028194104e-05,15.51385071969135,female,55-59,13166,0.04029848918925537,1.913565297605241e-06,7.522614860925656e-05,3.0315001364794437e-06
2016,E06000049,326712,106346,8,168475,4.7484790028194104e-05,15.51385071969135,male,55-59,12917,0.03953635005754304,1.8773752809636109e-06,7.522614860925656e-05,2.9741673448963218e-06
2016,E07000032,109033,106346,2244,44561,0.05035793631202172,5490.676869908664,female,55-59,4280,0.03925417075564279,0.0019767590308938853,0.021100934684896468,0.0008282996932245918
2016,E07000032,109033,106346,2244,44561,0.05035793631202172,5490.676869908664,male,55-59,4270,0.03916245540340998,0.0019721404350273104,0.021100934684896468,0.0008263644135675247
2016,E07000033,67629,106346,15699,34408,0.456260172053011,30856.41917577308,female,55-59,2626,0.038829496222034916,0.01771635262699739,0.14762191337708988,0.005732084527765278
2016,E07000033,67629,106346,15699,34408,0.456260172053011,30856.41917577308,male,55-59,2638,0.039006934894793656,0.01779731082635915,0.14762191337708988,0.005758278364145014
2016,E07000034,90918,106346,38976,46051,0.8463659855377733,76949.90267312327,female,55-59,3592,0.03950812820343606,0.03343833586365386,0.3665017960242981,0.014479799944117541
2016,E07000034,90918,106346,38976,46051,0.8463659855377733,76949.90267312327,male,55-59,3622,0.03983809586660507,0.03371760927008749,0.3665017960242981,0.014600733685298925
2016,E07000035,63579,106346,12357,27481,0.449656126050726,28588.686838179103,female,55-59,2764,0.04347347394579972,0.019548113880435463,0.11619618979557295,0.005051452029679039
2016,E07000035,63579,106346,12357,27481,0.449656126050726,28588.686838179103,male,55-59,2773,0.043615030120008176,0.01961176548134861,0.11619618979557295,0.005067900317764101
2016,E07000036,99294,106346,50,38167,0.0013100322267927788,130.0783399271622,female,55-59,3693,0.03719257961206116,4.872347788935619e-05,0.0004701634288078536,1.7486590756615743e-05
2016,E07000036,99294,106346,50,38167,0.0013100322267927788,130.0783399271622,male,55-59,3847,0.03874352931697786,5.075527198493184e-05,0.0004701634288078536,1.8215790587787907e-05
2016,E07000037,80012,106346,927,40301,0.0230019106225652,1840.4288727326864,female,55-59,3456,0.04319352097185422,0.0009935335088684864,0.008716829970097605,0.0003765105781214983
2016,E07000037,80012,106346,927,40301,0.0230019106225652,1840.4288727326864,male,55-59,3382,0.04226865970104484,0.0009722599325790568,0.008716829970097605,0.00036844871967792463
2016,E07000038,88289,106346,31869,42991,0.7412946895861925,65448.16684887535,female,55-59,3614,0.04093375165649175,0.030343972727797344,0.2996727662535497,0.012266730592036704
2016,E07000038,88289,106346,31869,42991,0.7412946895861925,65448.16684887535,male,55-59,3592,0.0406845699917317,0.030159255682968476,0.2996727662535497,0.012192057633258395
2016,E07000170,106550,106346,309,51663,0.005981069624295917,637.28296846873,female,55-59,4023,0.037756921633036136,0.00022582677708627382,0.0029056099900325355,0.00010970688868982535
2016,E07000170,106550,106346,309,51663,0.005981069624295917,637.28296846873,male,55-59,4121,0.038676677616142664,0.0002313279016585967,0.0029056099900325355,0.00011237934086273186
2016,E07000171,99928,106346,293,50589,0.005791772915060586,578.7602838561743,female,55-59,4111,0.04113962052677928,0.0002382713399028708,0.0027551576928140217,0.00011334614197380559
2016,E07000171,99928,106346,293,50589,0.005791772915060586,578.7602838561743,male,55-59,4075,0.04077936114002082,0.00023618479934424679,0.0027551576928140217,0.00011235357055296953
2016,E07000173,100857,106346,8,36123,0.0002214655482656479,22.336350801428452,female,55-59,4052,0.04017569429985028,8.897532165069408e-06,7.522614860925656e-05,3.0222627498806e-06
2016,E07000173,100857,106346,8,36123,0.0002214655482656479,22.336350801428452,male,55-59,3893,0.0385992048147377,8.548394056913922e-06,7.522614860925656e-05,2.90366951759259e-06
2016,E07000174,92300,106346,493,48921,0.010077471842358087,930.1506510496513,female,55-59,3690,0.0399783315276273,0.0004028805102741207,0.004635811408045437,0.00018533200537039718
2016,E07000174,92300,106346,493,48921,0.010077471842358087,930.1506510496513,male,55-59,3667,0.039729144095341284,0.0004003693309417888,0.004635811408045437,0.00018417681942906408
2016,E07000175,103568,106346,50,52383,0.0009545081419544508,98.85649924593856,female,55-59,4238,0.04091997528194037,3.9058449575186965e-05,0.0004701634288078536,1.92390758852897e-05
2016,E07000175,103568,106346,50,52383,0.0009545081419544508,98.85649924593856,male,55-59,4077,0.039365441062876566,3.7574634006143764e-05,0.0004701634288078536,1.8508190746655524e-05
2016,E07000198,86518,106346,40,37360,0.0010706638115631694,92.63169164882228,female,55-59,3537,0.04088166624286276,4.3770520602636795e-05,0.0003761307430462829,1.5376851500898108e-05
2016,E07000198,86518,106346,40,37360,0.0010706638115631694,92.63169164882228,male,55-59,3392,0.03920571441780901,4.19761396336285e-05,0.0003761307430462829,1.4746474495630869e-05
2016,E08000018,223611,106346,160,123901,0.0012913535806813505,288.7608655297375,female,55-59,8800,0.03935405682189159,5.082000219128703e-05,0.0015045229721851316,5.920908253721489e-05
2016,E08000018,223611,106346,160,123901,0.0012913535806813505,288.7608655297375,male,55-59,8673,0.03878610622912111,5.008657715966277e-05,0.0015045229721851316,5.835458782332553e-05
2016,E08000019,493675,106346,2779,226076,0.012292326474282984,6068.414272191651,female,55-59,15548,0.031494404213298216,0.00038713949870289527,0.026131683373140504,0.0008230017989276113
2016,E08000019,493675,106346,2779,226076,0.012292326474282984,6068.414272191651,male,55-59,15643,0.031686838507115005,0.0003895049638673393,0.026131683373140504,0.0008280304309637653
2016,E06000015,214605,106346,84,89992,0.0009334163036714377,200.31580584940883,female,60-64,6030,0.02809813378066681,2.6227256173615562e-05,0.000789874560397194,2.2194001067985738e-05
2016,E06000015,214605,106346,84,89992,0.0009334163036714377,200.31580584940883,male,60-64,5839,0.027208126558095104,2.5396508921681807e-05,0.000789874560397194,2.1491007004306587e-05
2016,E06000049,326712,106346,8,168475,4.7484790028194104e-05,15.51385071969135,female,60-64,11543,0.03533081123435931,1.677676152989313e-06,7.522614860925656e-05,2.6578008564015054e-06
2016,E06000049,326712,106346,8,168475,4.7484790028194104e-05,15.51385071969135,male,60-64,11304,0.034599280099904504,1.64293955067064e-06,7.522614860925656e-05,2.60277058656871e-06
2016,E07000032,109033,106346,2244,44561,0.05035793631202172,5490.676869908664,female,60-64,3980,0.03650271018865848,0.00183820115489665,0.021100934684896468,0.0007702413035125875
2016,E07000032,109033,106346,2244,44561,0.05035793631202172,5490.676869908664,male,60-64,3983,0.036530224794328325,0.0018395867336566227,0.021100934684896468,0.0007708218874097078
2016,E07000033,67629,106346,15699,34408,0.456260172053011,30856.41917577308,female,60-64,2311,0.03417173106211832,0.015591199893751325,0.14762191337708988,0.005044496322797243
2016,E07000033,67629,106346,15699,34408,0.456260172053011,30856.41917577308,male,60-64,2331,0.03446746218338287,0.015726130226020915,0.14762191337708988,0.005088152716763468
2016,E07000034,90918,106346,38976,46051,0.8463659855377733,76949.90267312327,female,60-64,3128,0.03440462834642205,0.02911890717748031,0.3665017960242981,0.012609358080512157
2016,E07000034,90918,106346,38976,46051,0.8463659855377733,76949.90267312327,male,60-64,3173,0.03489957984117557,0.02953781728713076,0.3665017960242981,0.012790758692284231
2016,E07000035,63579,106346,12357,27481,0.449656126050726,28588.686838179103,female,60-64,2656,0.04177479985529813,0.018784294669477786,0.11619618979557295,0.004854072572658295
2016,E07000035,63579,106346,12357,27481,0.449656126050726,28588.686838179103,male,60-64,2573,0.040469337359820064,0.018197285461056603,0.11619618979557295,0.004702382804762722
2016,E07000036,99294,106346,50,38167,0.0013100322267927788,130.0783399271622,female,60-64,3273,0.03296271678047012,4.318222126505897e-05,0.0004701634288078536,1.5497863944328005e-05
2016,E07000036,99294,106346,50,38167,0.0013100322267927788,130.0783399271622,male,60-64,3163,0.031854895562672465,4.1730939768219226e-05,0.0004701634288078536,1.4977006922062167e-05
2016,E07000037,80012,106346,927,40301,0.0230019106225652,1840.4288727326864,female,60-64,2870,0.03586961955706644,0.0008250697831170589,0.008716829970097605,0.00031266937477103594
2016,E07000037,80012,106346,927,40301,0.0230019106225652,1840.4288727326864,male,60-64,2977,0.03720691896215568,0.0008558302245085313,0.008716829970097605,0.0003243263863043115
2016,E07000038,88289,106346,31869,42991,0.7412946895861925,65448.16684887535,female,60-64,3407,0.03858917871988583,0.028605953260543868,0.2996727662535497,0.0115641259344408
2016,E07000038,88289,106346,31869,42991,0.7412946895861925,65448.16684887535,male,60-64,3273,0.03707143585271098,0.02748085853294984,0.2996727662535497,0.01110929973097292
2016,E07000170,106550,106346,309,51663,0.005981069624295917,637.28296846873,female,60-64,3591,0.033702487095260435,0.00020157692182868735,0.0029056099900325355,9.792628319293136e-05
2016,E07000170,106550,106346,309,51663,0.005981069624295917,637.28296846873,male,60-64,3491,0.03276396058188644,0.00019596352940794972,0.0029056099900325355,9.519929117976144e-05
2016,E07000171,99928,106346,293,50589,0.005791772915060586,578.7602838561743,female,60-64,3586,0.03588583780321832,0.00020784262342293715,0.0027551576928140217,9.887114208661321e-05
2016,E07000171,99928,106346,293,50589,0.005791772915060586,578.7602838561743,male,60-64,3716,0.03718677447762389,0.00021537735321796832,0.0027551576928140217,0.00010245542777296559
2016,E07000173,100857,106346,8,36123,0.0002214655482656479,22.336350801428452,female,60-64,3631,0.036001467424174816,7.97308472146274e-06,7.522614860925656e-05,2.708251738602285e-06
2016,E07000173,100857,106346,8,36123,0.0002214655482656479,22.336350801428452,male,60-64,3389,0.03360203059777705,7.44169212917577e-06,7.522614860925656e-05,2.5277513473211627e-06
2016,E07000174,92300,106346,493,48921,0.010077471842358087,930.1506510496513,female,60-64,3118,0.033781148429035755,0.00034042857209612697,0.004635811408045437,0.00015660303326420018
2016,E07000174,92300,106346,493,48921,0.010077471842358087,930.1506510496513,male,60-64,3134,0.03395449620801733,0.0003421754794577491,0.004635811408045437,0.00015740664087556227
2016,E07000175,103568,106346,50,52383,0.0009545081419544508,98.85649924593856,female,60-64,3780,0.03649775992584582,3.483740901231871e-05,0.0004701634288078536,1.7159911950541544e-05
2016,E07000175,103568,106346,50,52383,0.0009545081419544508,98.85649924593856,male,60-64,3595,0.034711493897729026,3.313240354478459e-05,0.0004701634288078536,1.6320074989999165e-05
2016,E07000198,86518,106346,40,37360,0.0010706638115631694,92.63169164882228,female,60-64,3322,0.03839663422640376,4.110988675203828e-05,0.0003761307430462829,1.4442154562053582e-05
2016,E07000198,86518,106346,40,37360,0.0010706638115631694,92.63169164882228,male,60-64,3282,0.037934302688457884,4.0614885105415306e-05,0.0003761307430462829,1.4268257457152273e-05
2016,E08000018,223611,106346,160,123901,0.0012913535806813505,288.7608655297375,female,60-64,7563,0.033822128607268874,4.36763268832618e-05,0.0015045229721851316,5.0886169457835934e-05
2016,E08000018,223611,106346,160,123901,0.0012913535806813505,288.7608655297375,male,60-64,7523,0.033643246530805734,4.34453268733014e-05,0.0015045229721851316,5.061703726448495e-05
2016,E08000019,493675,106346,2779,226076,0.012292326474282984,6068.414272191651,female,60-64,13452,0.02724869600445637,0.00033494986728526804,0.026131683373140504,0.0007120542963194126
2016,E08000019,493675,106346,2779,226076,0.012292326474282984,6068.414272191651,male,60-64,12836,0.026000911530865447,0.00031961169316634705,0.026131683373140504,0.0006794475875376137
2016,E06000015,214605,106346,84,89992,0.0009334163036714377,200.31580584940883,female,65-69,6164,0.02872253675357052,2.6810084088584802e-05,0.000789874560397194,2.268720109171876e-05
2016,E06000015,214605,106346,84,89992,0.0009334163036714377,200.31580584940883,male,65-69,5746,0.02677477225600522,2.4992008950844945e-05,0.000789874560397194,2.1148711465447108e-05
2016,E06000049,326712,106346,8,168475,4.7484790028194104e-05,15.51385071969135,female,65-69,13188,0.04036582678322192,1.9167628091157463e-06,7.522614860925656e-05,3.0365656843301615e-06
2016,E06000049,326712,106346,8,168475,4.7484790028194104e-05,15.51385071969135,male,65-69,12486,0.038217145375743784,1.8147331236441624e-06,7.522614860925656e-05,2.8749286574572643e-06
2016,E07000032,109033,106346,2244,44561,0.05035793631202172,5490.676869908664,female,65-69,4472,0.041015105518512736,0.0020654360715321152,0.021100934684896468,0.0008654570626402742
2016,E07000032,109033,106346,2244,44561,0.05035793631202172,5490.676869908664,male,65-69,4437,0.04069410178569791,0.0020492709859991046,0.021100934684896468,0.0008586835838405402
2016,E07000033,67629,106346,15699,34408,0.456260172053011,30856.41917577308,female,65-69,2403,0.03553209421993524,0.016211879422191447,0.14762191337708988,0.005245315735041876
2016,E07000033,67629,106346,15699,34408,0.456260172053011,30856.41917577308,male,65-69,2413,0.03567995978056751,0.016279344588326243,0.14762191337708988,0.005267143932024989
2016,E07000034,90918,106346,38976,46051,0.8463659855377733,76949.90267312327,female,65-69,3430,0.03772630282232341,0.03193025946891224,0.3665017960242981,0.013826757741738076
2016,E07000034,90918,106346,38976,46051,0.8463659855377733,76949.90267312327,male,65-69,3254,0.03579049253173189,0.030291855484501574,0.3665017960242981,0.013117279793473964
2016,E07000035,63579,106346,12357,27481,0.449656126050726,28588.686838179103,female,65-69,3028,0.047625788389248025,0.02141522750722091,0.11619618979557295,0.005533935146840857
2016,E07000035,63579,106346,12357,27481,0.449656126050726,28588.686838179103,male,65-69,2936,0.04617876971956149,0.020764566697886587,0.11619618979557295,0.005365797090860222
2016,E07000036,99294,106346,50,38167,0.0013100322267927788,130.0783399271622,female,65-69,3561,0.03586319415070397,4.698194009314849e-05,0.0004701634288078536,1.6861562329896738e-05
2016,E07000036,99294,106346,50,38167,0.0013100322267927788,130.0783399271622,male,65-69,3316,0.0333957741656092,4.3749540395641786e-05,0.0004701634288078536,1.5701471689395558e-05
2016,E07000037,80012,106346,927,40301,0.0230019106225652,1840.4288727326864,female,65-69,3097,0.03870669399590061,0.000890327915788687,0.008716829970097605,0.0003373996702668635
2016,E07000037,80012,106346,927,40301,0.0230019106225652,1840.4288727326864,male,65-69,3090,0.038619207118932165,0.0008883155504640114,0.008716829970097605,0.00033663706203571466
2016,E07000038,88289,106346,31869,42991,0.7412946895861925,65448.16684887535,female,65-69,3783,0.042847919899421216,0.031762935481255486,0.2996727662535497,0.012840354684470076
2016,E07000038,88289,106346,31869,42991,0.7412946895861925,65448.16684887535,male,65-69,3573,0.04046936764489348,0.029999727326070813,0.2996727662535497,0.01212756735067713
2016,E07000170,106550,106346,309,51663,0.005981069624295917,637.28296846873,female,65-69,3688,0.03461285781323322,0.00020702191247680283,0.0029056099900325355,0.00010057146544570614
2016,E07000170,106550,106346,309,51663,0.005981069624295917,637.28296846873,male,65-69,3589,0.033683716564992965,0.00020146465398027257,0.0029056099900325355,9.787174335266794e-05
2016,E07000171,99928,106346,293,50589,0.005791772915060586,578.7602838561743,female,65-69,3984,0.039868705467936916,0.0002309104884877249,0.0027551576928140217,0.00010984457057252286
2016,E07000171,99928,106346,293,50589,0.005791772915060586,578.7602838561743,male,65-69,3841,0.03843767512609079,0.00022262228571319058,0.0027551576928140217,0.00010590185631753522
2016,E07000173,100857,106346,8,36123,0.0002214655482656479,22.336350801428452,female,65-69,3791,0.03758787193749566,8.324418666776439e-06,7.522614860925656e-05,2.827590840275753e-06
2016,E07000173,100857,106346,8,36123,0.0002214655482656479,22.336350801428452,male,65-69,3640,0.03609070267804912,7.992847255886638e-06,7.522614860925656e-05,2.7149645630714173e-06
2016,E07000174,92300,106346,493,48921,0.010077471842358087,930.1506510496513,female,65-69,3122,0.033824485373781146,0.00034086529893653247,0.004635811408045437,0.00015680393516704066
2016,E07000174,92300,106346,493,48921,0.010077471842358087,930.1506510496513,male,65-69,3126,0.033867822318526544,0.00034130202577693796,0.004635811408045437,0.00015700483706988121
2016,E07000175,103568,106346,50,52383,0.0009545081419544508,98.85649924593856,female,65-69,4107,0.0396551058241928,3.7851121379257394e-05,0.0004701634288078536,1.864438052404077e-05
2016,E07000175,103568,106346,50,52383,0.0009545081419544508,98.85649924593856,male,65-69,3967,0.03830333693805036,3.656084697139373e-05,0.0004701634288078536,1.800882822957627e-05
2016,E07000198,86518,106346,40,37360,0.0010706638115631694,92.63169164882228,female,65-69,3857,0.04458031854642965,4.773053377562061e-05,0.0003761307430462829,1.676802834010857e-05
2016,E07000198,86518,106346,40,37360,0.0010706638115631694,92.63169164882228,male,65-69,3716,0.042950599875170484,4.5985652971274606e-05,0.0003761307430462829,1.6155041045331458e-05
2016,E08000018,223611,106346,160,123901,0.0012913535806813505,288.7608655297375,female,65-69,7921,0.03542312319161401,4.5743776972407344e-05,0.0015045229721851316,5.329490258832717e-05
2016,E08000018,223611,106346,160,123901,0.0012913535806813505,288.7608655297375,male,65-69,7673,0.03431405431754252,4.4311576910652886e-05,0.0015045229721851316,5.162628298955112e-05
2016,E08000019,493675,106346,2779,226076,0.012292326474282984,6068.414272191651,female,65-69,13698,0.02774699954423457,0.0003410751770795125,0.026131683373140504,0.0007250758066446116
2016,E08000019,493675,106346,2779,226076,0.012292326474282984,6068.414272191651,male,65-69,13015,0.026363498252899173,0.0003240687275288257,0.026131683373140504,0.0006889225889531041
2016,E06000015,214605,106346,84,89992,0.0009334163036714377,200.31580584940883,female,70-74,5039,0.02348034761538641,2.191693928007443e-05,0.000789874560397194,1.8546529250676638e-05
2016,E06000015,214605,106346,84,89992,0.0009334163036714377,200.31580584940883,male,70-74,4512,0.021024673236877053,1.9624772778665576e-05,0.000789874560397194,1.6606854530472912e-05
2016,E06000049,326712,106346,8,168475,4.7484790028194104e-05,15.51385071969135,female,70-74,10455,0.03200066113274076,1.519544674651587e-06,7.522614860925656e-05,2.4072864899660176e-06
2016,E06000049,326712,106346,8,168475,4.7484790028194104e-05,15.51385071969135,male,70-74,9809,0.03002338450990475,1.4256541093885618e-06,7.522614860925656e-05,2.2585435848949464e-06
2016,E07000032,109033,106346,2244,44561,0.05035793631202172,5490.676869908664,female,70-74,3525,0.03232966166206561,0.0016280550429675106,0.021100934684896468,0.000682186079116048
2016,E07000032,109033,106346,2244,44561,0.05035793631202172,5490.676869908664,male,70-74,3308,0.03033943851861363,0.001527831512662844,0.021100934684896468,0.0006401905105576982
2016,E07000033,67629,106346,15699,34408,0.456260172053011,30856.41917577308,female,70-74,2079,0.03074125005544958,0.014026008039424059,0.14762191337708988,0.004538082152789038
2016,E07000033,67629,106346,15699,34408,0.456260172053011,30856.41917577308,male,70-74,1995,0.029499179346138486,0.013459300643891774,0.14762191337708988,0.004354725298130895
2016,E07000034,90918,106346,38976,46051,0.8463659855377733,76949.90267312327,female,70-74,2733,0.030060054114696762,0.02544180732610412,0.3665017960242981,0.011017063821623952
2016,E07000034,90918,106346,38976,46051,0.8463659855377733,76949.90267312327,male,70-74,2511,0.02761829340724609,0.023375184118495224,0.3665017960242981,0.010122154136881722
2016,E07000035,63579,106346,12357,27481,0.449656126050726,28588.686838179103,female,70-74,2341,0.03682033375800186,0.016556488637517883,0.11619618979557295,0.004278382489681125
2016,E07000035,63579,106346,12357,27481,0.449656126050726,28588.686838179103,male,70-74,2313,0.03637993677157552,0.016358461434677004,0.11619618979557295,0.004227210037860933
2016,E07000036,99294,106346,50,38167,0.0013100322267927788,130.0783399271622,female,70-74,2906,0.029266622353817957,3.834021845287546e-05,0.0004701634288078536,1.3760095515495624e-05
2016,E07000036,99294,106346,50,38167,0.0013100322267927788,130.0783399271622,male,70-74,2680,0.02699055330634278,3.535849465027744e-05,0.0004701634288078536,1.2689971087931272e-05
2016,E07000037,80012,106346,927,40301,0.0230019106225652,1840.4288727326864,female,70-74,2450,0.030620406938959163,0.0007043278636365138,0.008716829970097605,0.0002669128809021038
2016,E07000037,80012,106346,927,40301,0.0230019106225652,1840.4288727326864,male,70-74,2245,0.028058291256311558,0.000645394307699581,0.008716829970097605,0.00024457935413274416
2016,E07000038,88289,106346,31869,42991,0.7412946895861925,65448.16684887535,female,70-74,3280,0.03715072092786191,0.02753963213812266,0.2996727662535497,0.01113305930876602
2016,E07000038,88289,106346,31869,42991,0.7412946895861925,65448.16684887535,male,70-74,3047,0.034511660569266835,0.025583310708798702,0.2996727662535497,0.01034220479079575
2016,E07000170,106550,106346,309,51663,0.005981069624295917,637.28296846873,female,70-74,3218,0.030201783200375414,0.00018063896809933608,0.0029056099900325355,8.775460298380759e-05
2016,E07000170,106550,106346,309,51663,0.005981069624295917,637.28296846873,male,70-74,2972,0.02789300797747536,0.0001668300227443216,0.0029056099900325355,8.104620263140963e-05
2016,E07000171,99928,106346,293,50589,0.005791772915060586,578.7602838561743,female,70-74,3167,0.03169281882955728,0.00018355760969895202,0.0027551576928140217,8.731871360521583e-05
2016,E07000171,99928,106346,293,50589,0.005791772915060586,578.7602838561743,male,70-74,3036,0.030381874949963975,0.00017596492044395906,0.0027551576928140217,8.370685649050688e-05
2016,E07000173,100857,106346,8,36123,0.0002214655482656479,22.336350801428452,female,70-74,2982,0.02956661411701716,6.547986405784051e-06,7.522614860925656e-05,2.224182507439276e-06
2016,E07000173,100857,106346,8,36123,0.0002214655482656479,22.336350801428452,male,70-74,2633,0.026106269272336082,5.781639237568548e-06,7.522614860925656e-05,1.9638740919140223e-06
2016,E07000174,92300,106346,493,48921,0.010077471842358087,930.1506510496513,female,70-74,2706,0.029317443120260026,0.0002954457075343552,0.004635811408045437,0.00013591013727162461
2016,E07000174,92300,106346,493,48921,0.010077471842358087,930.1506510496513,male,70-74,2434,0.02637053087757313,0.00026574828238677776,0.004635811408045437,0.00012224880787846797
2016,E07000175,103568,106346,50,52383,0.0009545081419544508,98.85649924593856,female,70-74,3390,0.032732118028734734,3.124307316184139e-05,0.0004701634288078536,1.5389444844533288e-05
2016,E07000175,103568,106346,50,52383,0.0009545081419544508,98.85649924593856,male,70-74,3152,0.0304341109222926,2.9049606668473168e-05,0.0004701634288078536,1.4309005943943633e-05
2016,E07000198,86518,106346,40,37360,0.0010706638115631694,92.63169164882228,female,70-74,3045,0.03519498832612867,3.7682000349174156e-05,0.0003761307430462829,1.3237917110612027e-05
2016,E07000198,86518,106346,40,37360,0.0010706638115631694,92.63169164882228,male,70-74,2986,0.03451304930765852,3.695187292040527e-05,0.0003761307430462829,1.2981418880882598e-05
2016,E08000018,223611,106346,160,123901,0.0012913535806813505,288.7608655297375,female,70-74,6663,0.029797281886848145,3.8478826659152894e-05,0.0015045229721851316,4.483069510743895e-05
2016,E08000018,223611,106346,160,123901,0.0012913535806813505,288.7608655297375,male,70-74,6095,0.027257156401071504,3.5198626517715275e-05,0.0015045229721851316,4.100901796185508e-05
2016,E08000019,493675,106346,2779,226076,0.012292326474282984,6068.414272191651,female,70-74,11839,0.023981364257861952,0.00029478675875634015,0.026131683373140504,0.0006266734176423971
2016,E08000019,493675,106346,2779,226076,0.012292326474282984,6068.414272191651,male,70-74,10419,0.021104977971337417,0.00025942927945623006,0.026131683373140504,0.0005515086019440945
2016,E06000015,214605,106346,84,89992,0.0009334163036714377,200.31580584940883,female,75-79,4110,0.01915146431816593,1.7876289033757868e-05,0.000789874560397194,1.5127254459273862e-05
2016,E06000015,214605,106346,84,89992,0.0009334163036714377,200.31580584940883,male,75-79,3419,0.015931595256401296,1.4870810755819504e-05,0.000789874560397194,1.2583961799575995e-05
2016,E06000049,326712,106346,8,168475,4.7484790028194104e-05,15.51385071969135,female,75-79,8102,0.024798599378045492,1.177556284459795e-06,7.522614860925656e-05,1.8655031221142682e-06
2016,E06000049,326712,106346,8,168475,4.7484790028194104e-05,15.51385071969135,male,75-79,7144,0.02186635324077475,1.0383191923205105e-06,7.522614860925656e-05,1.6449215384330203e-06
2016,E07000032,109033,106346,2244,44561,0.05035793631202172,5490.676869908664,female,75-79,2433,0.02231434519824273,0.0011237043743375754,0.021100934684896468,0.0004708535405643531
2016,E07000032,109033,106346,2244,44561,0.05035793631202172,5490.676869908664,male,75-79,2213,0.02029660744912091,0.0010220952652729364,0.021100934684896468,0.0004282773881088835
2016,E07000033,67629,106346,15699,34408,0.456260172053011,30856.41917577308,female,75-79,1457,0.021544012184122198,0.009829674705839756,0.14762191337708988,0.0031803683004394557
2016,E07000033,67629,106346,15699,34408,0.456260172053011,30856.41917577308,male,75-79,1331,0.019680906120155557,0.00897961361254133,0.14762191337708988,0.002905333018452241
2016,E07000034,90918,106346,38976,46051,0.8463659855377733,76949.90267312327,female,75-79,2118,0.023295717019732067,0.01971670249421461,0.3665017960242981,0.00853792212740561
2016,E07000034,90918,106346,38976,46051,0.8463659855377733,76949.90267312327,male,75-79,1779,0.01956708242592226,0.016560913001514542,0.3665017960242981,0.007171370852055987
2016,E07000035,63579,106346,12357,27481,0.449656126050726,28588.686838179103,female,75-79,1761,0.02769782475345633,0.01245449657867108,0.11619618979557295,0.0032183817019771303
2016,E07000035,63579,106346,12357,27481,0.449656126050726,28588.686838179103,male,75-79,1511,0.02376570880322119,0.010686396553306077,0.11619618979557295,0.0027614848107254085
2016,E07000036,99294,106346,50,38167,0.0013100322267927788,130.0783399271622,female,75-79,2217,0.022327633089612664,2.9249918895397412e-05,0.0004701634288078536,1.049763653057598e-05
2016,E07000036,99294,106346,50,38167,0.0013100322267927788,130.0783399271622,male,75-79,1973,0.01987028420649788,2.6030712666043803e-05,0.0004701634288078536,9.342280953913583e-06
2016,E07000037,80012,106346,927,40301,0.0230019106225652,1840.4288727326864,female,75-79,1757,0.021959206119082142,0.0005051036964936142,0.008716829970097605,0.0001914146660183659
2016,E07000037,80012,106346,927,40301,0.0230019106225652,1840.4288727326864,male,75-79,1452,0.018147277908313757,0.00041742206448988487,0.008716829970097605,0.00015818673594687952
2016,E07000038,88289,106346,31869,42991,0.7412946895861925,65448.16684887535,female,75-79,2398,0.027160801458845384,0.020134157886346992,0.2996727662535497,0.008139352506835645
2016,E07000038,88289,106346,31869,42991,0.7412946895861925,65448.16684887535,male,75-79,2150,0.02435184451064119,0.018051893017366986,0.2996727662535497,0.007297584607880166
2016,E07000170,106550,106346,309,51663,0.005981069624295917,637.28296846873,female,75-79,2355,0.02210229938995777,0.00013219539150837058,0.0029056099900325355,6.422066191015129e-05
2016,E07000170,106550,106346,309,51663,0.005981069624295917,637.28296846873,male,75-79,2090,0.01961520412951666,0.00011731990159341591,0.0029056099900325355,5.699413307525105e-05
2016,E07000171,99928,106346,293,50589,0.005791772915060586,578.7602838561743,female,75-79,2333,0.02334680970298615,0.00013521942009082888,0.0027551576928140217,6.432414235584735e-05
2016,E07000171,99928,106346,293,50589,0.005791772915060586,578.7602838561743,male,75-79,2089,0.02090505163717877,0.00012107731186015496,0.0027551576928140217,5.759671383684745e-05
2016,E07000173,100857,106346,8,36123,0.0002214655482656479,22.336350801428452,female,75-79,2433,0.02412326363068503,5.3424718059264255e-06,7.522614860925656e-05,1.8147002148221862e-06
2016,E07000173,100857,106346,8,36123,0.0002214655482656479,22.336350801428452,male,75-79,2025,0.020077932121716886,4.446570245376494e-06,7.522614860925656e-05,1.510385505554841e-06
2016,E07000174,92300,106346,493,48921,0.010077471842358087,930.1506510496513,female,75-79,1926,0.02086673889490791,0.00021028397365527275,0.004635811408045437,9.673426621771951e-05
2016,E07000174,92300,106346,493,48921,0.010077471842358087,930.1506510496513,male,75-79,1655,0.017930660888407366,0.00018069573021779663,0.004635811408045437,8.3123162300273e-05
2016,E07000175,103568,106346,50,52383,0.0009545081419544508,98.85649924593856,female,75-79,2458,0.02373319944384366,2.2653532103777623e-05,0.0004701634288078536,1.115848242709818e-05
2016,E07000175,103568,106346,50,52383,0.0009545081419544508,98.85649924593856,male,75-79,2200,0.021242082496524026,2.0275740695000307e-05,0.0004701634288078536,9.987250341585023e-06
2016,E07000198,86518,106346,40,37360,0.0010706638115631694,92.63169164882228,female,75-79,2279,0.026341339374465433,2.8202718816344147e-05,0.0003761307430462829,9.90778755175199e-06
2016,E07000198,86518,106346,40,37360,0.0010706638115631694,92.63169164882228,male,75-79,2106,0.024341755472849586,2.606183669469977e-05,0.0003761307430462829,9.155682573053835e-06
2016,E08000018,223611,106346,160,123901,0.0012913535806813505,288.7608655297375,female,75-79,5112,0.02286112937198975,2.952180127293856e-05,0.0015045229721851316,3.439509431025483e-05
2016,E08000018,223611,106346,160,123901,0.0012913535806813505,288.7608655297375,male,75-79,4465,0.0199677117851984,2.578537611182916e-05,0.0015045229721851316,3.0041881082802776e-05
2016,E08000019,493675,106346,2779,226076,0.012292326474282984,6068.414272191651,female,75-79,9581,0.019407504937458856,0.00023856338674250322,0.026131683373140504,0.0005071507740883358
2016,E08000019,493675,106346,2779,226076,0.012292326474282984,6068.414272191651,male,75-79,8058,0.016322479363954017,0.00020064124521146964,0.026131683373140504,0.0004265338626034662
2016,E06000015,214605,106346,84,89992,0.0009334163036714377,200.31580584940883,female,80-84,3527,0.01643484541366697,1.53405526574365e-05,0.000789874560397194,1.2981466296316036e-05
2016,E06000015,214605,106346,84,89992,0.0009334163036714377,200.31580584940883,male,80-84,2575,0.01199878847184362,1.1199864783923727e-05,0.000789874560397194,9.477537769496398e-06
2016,E06000049,326712,106346,8,168475,4.7484790028194104e-05,15.51385071969135,female,80-84,6305,0.01929834227086853,9.163777306244148e-07,7.522614860925656e-05,1.4517399635806542e-06
2016,E06000049,326712,106346,8,168475,4.7484790028194104e-05,15.51385071969135,male,80-84,4897,0.01498873625700923,7.117369939520633e-07,7.522614860925656e-05,1.1275449011347286e-06
2016,E07000032,109033,106346,2244,44561,0.05035793631202172,5490.676869908664,female,80-84,1852,0.01698568323351646,0.0008553639544895969,0.021100934684896468,0.00035841379248877184
2016,E07000032,109033,106346,2244,44561,0.05035793631202172,5490.676869908664,male,80-84,1419,0.013014408481835774,0.0006553787534669213,0.021100934684896468,0.0002746161833377793
2016,E07000033,67629,106346,15699,34408,0.456260172053011,30856.41917577308,female,80-84,1140,0.016856673912079137,0.007691028939366728,0.14762191337708988,0.002488414456074797
2016,E07000033,67629,106346,15699,34408,0.456260172053011,30856.41917577308,male,80-84,863,0.012760797882565171,0.005822243837432883,0.14762191337708988,0.001883773399642588
2016,E07000034,90918,106346,38976,46051,0.8463659855377733,76949.90267312327,female,80-84,1624,0.017862249499549045,0.015118000401607426,0.3665017960242981,0.0065465465226188435
2016,E07000034,90918,106346,38976,46051,0.8463659855377733,76949.90267312327,male,80-84,1198,0.01317670868254911,0.011152318030249813,0.3665017960242981,0.004829287397843211
2016,E07000035,63579,106346,12357,27481,0.449656126050726,28588.686838179103,female,80-84,1356,0.0213277969140754,0.009590174537579774,0.11619618979557295,0.00247820873814934
2016,E07000035,63579,106346,12357,27481,0.449656126050726,28588.686838179103,male,80-84,1073,0.016876641658409224,0.007588685308866591,0.11619618979557295,0.0019610014572523913
2016,E07000036,99294,106346,50,38167,0.0013100322267927788,130.0783399271622,female,80-84,1813,0.01825890788970129,2.3919757761549623e-05,0.0004701634288078536,8.584670739708729e-06
2016,E07000036,99294,106346,50,38167,0.0013100322267927788,130.0783399271622,male,80-84,1368,0.013777267508610792,1.80486644334252e-05,0.0004701634288078536,6.4775673314514844e-06
2016,E07000037,80012,106346,927,40301,0.0230019106225652,1840.4288727326864,female,80-84,1332,0.016647502874568815,0.0003829243732097291,0.008716829970097605,0.00014511345198432748
2016,E07000037,80012,106346,927,40301,0.0230019106225652,1840.4288727326864,male,80-84,1006,0.012573114032895063,0.00028920564523197257,0.008716829970097605,0.00010959769721939448
2016,E07000038,88289,106346,31869,42991,0.7412946895861925,65448.16684887535,female,80-84,1733,0.019628719319507527,0.014550665394928832,0.2996727662535497,0.005882192616491315
2016,E07000038,88289,106346,31869,42991,0.7412946895861925,65448.16684887535,male,80-84,1374,0.015562527608195813,0.011536419072494064,0.2996727662535497,0.0046636656982452784
2016,E07000170,106550,106346,309,51663,0.005981069624295917,637.28296846873,female,80-84,1655,0.015532613796339747,9.290164456320736e-05,0.0029056099900325355,4.5131717817961963e-05
2016,E07000170,106550,106346,309,51663,0.005981069624295917,637.28296846873,male,80-84,1288,0.012088221492257157,7.230049437910034e-05,0.0029056099900325355,3.51236571296284e-05
2016,E07000171,99928,106346,293,50589,0.005791772915060586,578.7602838561743,female,80-84,1759,0.017602673925226162,0.00010195069007276809,0.0027551576928140217,4.849814247918366e-05
2016,E07000171,99928,106346,293,50589,0.005791772915060586,578.7602838561743,male,80-84,1380,0.013809943159074531,7.998405474725409e-05,0.0027551576928140217,3.8048571132048575e-05
2016,E07000173,100857,106346,8,36123,0.0002214655482656479,22.336350801428452,female,80-84,1934,0.01917566455476566,4.246749063979328e-06,7.522614860925656e-05,1.4425113914780553e-06
2016,E07000173,100857,106346,8,36123,0.0002214655482656479,22.336350801428452,male,80-84,1433,0.014208235422429775,3.1466346477158107e-06,7.522614860925656e-05,1.0688308293630057e-06
2016,E07000174,92300,106346,493,48921,0.010077471842358087,930.1506510496513,female,80-84,1563,0.016933911159263272,0.00017065101288846898,0.004635811408045437,7.850241853494061e-05
2016,E07000174,92300,106346,493,48921,0.010077471842358087,930.1506510496513,male,80-84,1169,0.01266522210184182,0.00012763341910852226,0.004635811408045437,5.871358110514751e-05
2016,E07000175,103568,106346,50,52383,0.0009545081419544508,98.85649924593856,female,80-84,1787,0.01725436428240383,1.6469431191802523e-05,0.0004701634288078536,8.112371072914745e-06
2016,E07000175,103568,106346,50,52383,0.0009545081419544508,98.85649924593856,male,80-84,1451,0.01401011895566198,1.3372772612929748e-05,0.0004701634288078536,6.587045566199941e-06
2016,E07000198,86518,106346,40,37360,0.0010706638115631694,92.63169164882228,female,80-84,1680,0.019417924593726158,2.0790069158165054e-05,0.0003761307430462829,7.303678405854912e-06
2016,E07000198,86518,106346,40,37360,0.0010706638115631694,92.63169164882228,male,80-84,1354,0.01564992255946739,1.6755805738187787e-05,0.0003761307430462829,5.886417000909256e-06
2016,E08000018,223611,106346,160,123901,0.0012913535806813505,288.7608655297375,female,80-84,3788,0.0169401326410597,2.1875700943249467e-05,0.0015045229721851316,2.54868187103375e-05
2016,E08000018,223611,106346,160,123901,0.0012913535806813505,288.7608655297375,male,80-84,2843,0.01271404358461793,1.6418325707935118e-05,0.0015045229721851316,1.9128570642420677e-05
2016,E08000019,493675,106346,2779,226076,0.012292326474282984,6068.414272191651,female,80-84,7746,0.015690484630576797,0.00019287255961876942,0.026131683373140504,0.0004100187763373603
2016,E08000019,493675,106346,2779,226076,0.012292326474282984,6068.414272191651,male,80-84,5566,0.011274623993518005,0.0001385913590031075,0.026131683373140504,0.0002946249043498254
2016,E06000015,214605,106346,84,89992,0.0009334163036714377,200.31580584940883,female,85-89,2458,0.011453600801472471,1.0690977723838651e-05,0.000789874560397194,9.04690789802802e-06
2016,E06000015,214605,106346,84,89992,0.0009334163036714377,200.31580584940883,male,85-89,1495,0.006966286899186878,6.502445767753777e-06,0.000789874560397194,5.502492802095967e-06
2016,E06000049,326712,106346,8,168475,4.7484790028194104e-05,15.51385071969135,female,85-89,4454,0.013632801978500943,6.473507394450663e-07,7.522614860925656e-05,1.0255431875952793e-06
2016,E06000049,326712,106346,8,168475,4.7484790028194104e-05,15.51385071969135,male,85-89,2786,0.008527388035946031,4.049212303758317e-07,7.522614860925656e-05,6.414825596408727e-07
2016,E07000032,109033,106346,2244,44561,0.05035793631202172,5490.676869908664,female,85-89,1254,0.011501105169994405,0.0005791719216684419,0.021100934684896468,0.00024268406899617705
2016,E07000032,109033,106346,2244,44561,0.05035793631202172,5490.676869908664,male,85-89,776,0.007117111333266075,0.000358403039246181,0.021100934684896468,0.0001501777013883839
2016,E07000033,67629,106346,15699,34408,0.456260172053011,30856.41917577308,female,85-89,697,0.010306229576069435,0.0047023220795952714,0.14762191337708988,0.0015214253297229242
2016,E07000033,67629,106346,15699,34408,0.456260172053011,30856.41917577308,male,85-89,414,0.006121634210176108,0.0027930578779805488,0.14762191337708988,0.0009036873551008476
2016,E07000034,90918,106346,38976,46051,0.8463659855377733,76949.90267312327,female,85-89,1117,0.012285795991992785,0.010398279832878998,0.3665017960242981,0.004502766296653479
2016,E07000034,90918,106346,38976,46051,0.8463659855377733,76949.90267312327,male,85-89,646,0.007105303680239337,0.0060136873518709345,0.3665017960242981,0.002604106560105772
2016,E07000035,63579,106346,12357,27481,0.449656126050726,28588.686838179103,female,85-89,924,0.014533100552069082,0.006534897693749049,0.11619618979557295,0.0016886909100663648
2016,E07000035,63579,106346,12357,27481,0.449656126050726,28588.686838179103,male,85-89,530,0.008336085814498498,0.0037483720537738055,0.11619618979557295,0.0009686214094536508
2016,E07000036,99294,106346,50,38167,0.0013100322267927788,130.0783399271622,female,85-89,1152,0.011601909480935405,1.5198875312358059e-05,0.0004701634288078536,5.454793542274934e-06
2016,E07000036,99294,106346,50,38167,0.0013100322267927788,130.0783399271622,male,85-89,707,0.007120269099844904,9.327781984233637e-06,0.0004701634288078536,3.34769013401769e-06
2016,E07000037,80012,106346,927,40301,0.0230019106225652,1840.4288727326864,female,85-89,842,0.010523421486776985,0.00024205880048242632,0.008716829970097605,9.173087580390672e-05
2016,E07000037,80012,106346,927,40301,0.0230019106225652,1840.4288727326864,male,85-89,532,0.00664900264960256,0.00015293976467535726,0.008716829970097605,5.7958225567313976e-05
2016,E07000038,88289,106346,31869,42991,0.7412946895861925,65448.16684887535,female,85-89,1088,0.012323165966315169,0.009135097489718734,0.2996727662535497,0.003692917234127265
2016,E07000038,88289,106346,31869,42991,0.7412946895861925,65448.16684887535,male,85-89,731,0.008279627133618005,0.006137643625904776,0.2996727662535497,0.002481178766679256
2016,E07000170,106550,106346,309,51663,0.005981069624295917,637.28296846873,female,85-89,1011,0.009488503050211169,5.675139737365719e-05,0.0029056099900325355,2.756988925314776e-05
2016,E07000170,106550,106346,309,51663,0.005981069624295917,637.28296846873,male,85-89,626,0.005875175973721258,3.5139836553817406e-05,0.0029056099900325355,1.7070970002443616e-05
2016,E07000171,99928,106346,293,50589,0.005791772915060586,578.7602838561743,female,85-89,1149,0.01149827876070771,6.65954194960833e-05,0.0027551576928140217,3.167957118168393e-05
2016,E07000171,99928,106346,293,50589,0.005791772915060586,578.7602838561743,male,85-89,765,0.007655511968617404,4.433898687076043e-05,0.0027551576928140217,2.109214269276606e-05
2016,E07000173,100857,106346,8,36123,0.0002214655482656479,22.336350801428452,female,85-89,1219,0.012086419385863151,2.676725495858739e-06,7.522614860925656e-05,9.092147808747411e-07
2016,E07000173,100857,106346,8,36123,0.0002214655482656479,22.336350801428452,male,85-89,764,0.0075750815511070125,1.677619588872909e-06,7.522614860925656e-05,5.69844210490814e-07
2016,E07000174,92300,106346,493,48921,0.010077471842358087,930.1506510496513,female,85-89,1056,0.0114409534127844,0.00011529588586706543,0.004635811408045437,5.303810234990229e-05
2016,E07000174,92300,106346,493,48921,0.010077471842358087,930.1506510496513,male,85-89,577,0.006251354279523294,6.299784672850072e-05,0.004635811408045437,2.8980099484747748e-05
2016,E07000175,103568,106346,50,52383,0.0009545081419544508,98.85649924593856,female,85-89,1247,0.01204039857871157,1.1492658475756993e-05,0.0004701634288078536,5.660955079980239e-06
2016,E07000175,103568,106346,50,52383,0.0009545081419544508,98.85649924593856,male,85-89,747,0.007212652556774294,6.884535590529649e-06,0.0004701634288078536,3.391125456892734e-06
2016,E07000198,86518,106346,40,37360,0.0010706638115631694,92.63169164882228,female,85-89,1073,0.01240204350539772,1.3278419170661369e-05,0.0003761307430462829,4.664789838977571e-06
2016,E07000198,86518,106346,40,37360,0.0010706638115631694,92.63169164882228,male,85-89,689,0.007963660741117455,8.526403363080786e-06,0.0003761307430462829,2.9953776319250197e-06
2016,E08000018,223611,106346,160,123901,0.0012913535806813505,288.7608655297375,female,85-89,2365,0.010576402770883364,1.365787558890839e-05,0.0015045229721851316,1.59124409318765e-05
2016,E08000018,223611,106346,160,123901,0.0012913535806813505,288.7608655297375,male,85-89,1398,0.006251928572386868,8.073450348115826e-06,0.0015045229721851316,9.406170157616637e-06
2016,E08000019,493675,106346,2779,226076,0.012292326474282984,6068.414272191651,female,85-89,4924,0.009974173292145642,0.00012260579441812815,0.026131683373140504,0.0002606419383791844
2016,E08000019,493675,106346,2779,226076,0.012292326474282984,6068.414272191651,male,85-89,3120,0.006319947333772218,7.76868559270024e-05,0.026131683373140504,0.00016515086266105913
2016,E06000015,214605,106346,84,89992,0.0009334163036714377,200.31580584940883,female,90+,1578,0.007353043964492907,6.8634511180705396e-06,0.000789874560397194,5.807982369035076e-06
2016,E06000015,214605,106346,84,89992,0.0009334163036714377,200.31580584940883,male,90+,640,0.002982223154166958,2.7836557132858972e-06,0.000789874560397194,2.355582202903959e-06
2016,E06000049,326712,106346,8,168475,4.7484790028194104e-05,15.51385071969135,female,90+,2952,0.009035480790420922,4.2904790813691867e-07,7.522614860925656e-05,6.797044206962872e-07
2016,E06000049,326712,106346,8,168475,4.7484790028194104e-05,15.51385071969135,male,90+,1349,0.0041290188300399135,1.9606559216690488e-07,7.522614860925656e-05,3.1061018411900117e-07
2016,E07000032,109033,106346,2244,44561,0.05035793631202172,5490.676869908664,female,90+,925,0.008483670081534948,0.000427220117658141,0.021100934684896468,0.00017901336827867926
2016,E07000032,109033,106346,2244,44561,0.05035793631202172,5490.676869908664,male,90+,392,0.0035952418075261617,0.00018104895796972032,0.021100934684896468,7.586296255701867e-05
2016,E07000033,67629,106346,15699,34408,0.456260172053011,30856.41917577308,female,90+,515,0.0076150763725620655,0.003474456055941987,0.14762191337708988,0.0011241521446302813
2016,E07000033,67629,106346,15699,34408,0.456260172053011,30856.41917577308,male,90+,150,0.002217983409484097,0.001011977492021938,0.14762191337708988,0.00032742295474668385
2016,E07000034,90918,106346,38976,46051,0.8463659855377733,76949.90267312327,female,90+,788,0.008667150619239316,0.007335581475656805,0.3665017960242981,0.003176526268364316
2016,E07000034,90918,106346,38976,46051,0.8463659855377733,76949.90267312327,male,90+,307,0.00337666908642953,0.002857897859170861,0.3665017960242981,0.0012375552847561483
2016,E07000035,63579,106346,12357,27481,0.449656126050726,28588.686838179103,female,90+,640,0.010066216832601959,0.0045263360649344065,0.11619618979557295,0.0011696560416044085
2016,E07000035,63579,106346,12357,27481,0.449656126050726,28588.686838179103,male,90+,261,0.004105129052045487,0.0018458964264810626,0.11619618979557295,0.00047700035446679787
2016,E07000036,99294,106346,50,38167,0.0013100322267927788,130.0783399271622,female,90+,817,0.008228090317642557,1.0779063481073384e-05,0.0004701634288078536,3.8685471562835255e-06
2016,E07000036,99294,106346,50,38167,0.0013100322267927788,130.0783399271622,male,90+,343,0.003454387979132677,4.5253595765093885e-06,0.0004701634288078536,1.6241268967016512e-06
2016,E07000037,80012,106346,927,40301,0.0230019106225652,1840.4288727326864,female,90+,552,0.006898965155226716,0.00015868937988871656,0.008716829970097605,6.0137106227739316e-05
2016,E07000037,80012,106346,927,40301,0.0230019106225652,1840.4288727326864,male,90+,222,0.002774583812428136,6.382072886828819e-05,0.008716829970097605,2.4185575330721245e-05
2016,E07000038,88289,106346,31869,42991,0.7412946895861925,65448.16684887535,female,90+,617,0.006988413052588658,0.005180473484518805,0.2996727662535497,0.002094237071191657
2016,E07000038,88289,106346,31869,42991,0.7412946895861925,65448.16684887535,male,90+,354,0.00400955951477534,0.00297226517588275,0.2996727662535497,0.0012015557912509664
2016,E07000170,106550,106346,309,51663,0.005981069624295917,637.28296846873,female,90+,626,0.005875175973721258,3.5139836553817406e-05,0.0029056099900325355,1.7070970002443616e-05
2016,E07000170,106550,106346,309,51663,0.005981069624295917,637.28296846873,male,90+,255,0.002393242609103707,1.431415067288089e-05,0.0029056099900325355,6.9538296335832614e-06
2016,E07000171,99928,106346,293,50589,0.005791772915060586,578.7602838561743,female,90+,694,0.006945000400288208,4.022386521347417e-05,0.0027551576928140217,1.913457127945052e-05
2016,E07000171,99928,106346,293,50589,0.005791772915060586,578.7602838561743,male,90+,298,0.0029821471459450803,1.7271919068609945e-05,0.0027551576928140217,8.216285650253967e-06
2016,E07000173,100857,106346,8,36123,0.0002214655482656479,22.336350801428452,female,90+,673,0.006672813984155785,1.4777984074757436e-06,7.522614860925656e-05,5.019700964140285e-07
2016,E07000173,100857,106346,8,36123,0.0002214655482656479,22.336350801428452,male,90+,314,0.003113318857392149,6.894928676781329e-07,7.522614860925656e-05,2.342029870341827e-07
2016,E07000174,92300,106346,493,48921,0.010077471842358087,930.1506510496513,female,90+,609,0.006598049837486457,6.649166145174513e-05,0.004635811408045437,3.058731470747206e-05
2016,E07000174,92300,106346,493,48921,0.010077471842358087,930.1506510496513,male,90+,269,0.002914409534127844,2.9369880017273302e-05,0.004635811408045437,1.3510652966026248e-05
2016,E07000175,103568,106346,50,52383,0.0009545081419544508,98.85649924593856,female,90+,807,0.007791982079406767,7.43751033675693e-06,0.0004701634288078536,3.6635050116632347e-06
2016,E07000175,103568,106346,50,52383,0.0009545081419544508,98.85649924593856,male,90+,340,0.003282867294917349,3.1335235619545934e-06,0.0004701634288078536,1.5434841436995036e-06
2016,E07000198,86518,106346,40,37360,0.0010706638115631694,92.63169164882228,female,90+,734,0.00848378372130655,9.083280215531638e-06,0.0003761307430462829,3.191011874938991e-06
2016,E07000198,86518,106346,40,37360,0.0010706638115631694,92.63169164882228,male,90+,282,0.0032594373425183197,3.489761608691992e-06,0.0003761307430462829,1.225974589554217e-06
2016,E08000018,223611,106346,160,123901,0.0012913535806813505,288.7608655297375,female,90+,1566,0.007003233293532071,9.043650389949487e-06,0.0015045229721851316,1.053652536969074e-05
2016,E08000018,223611,106346,160,123901,0.0012913535806813505,288.7608655297375,male,90+,605,0.002705591406505047,3.4938751506509833e-06,0.0015045229721851316,4.070624424433523e-06
2016,E08000019,493675,106346,2779,226076,0.012292326474282984,6068.414272191651,female,90+,3152,0.006384767306426293,7.848364419292039e-05,0.026131683373140504,0.00016684471766271103
2016,E08000019,493675,106346,2779,226076,0.012292326474282984,6068.414272191651,male,90+,1540,0.003119461183977313,3.834543529730247e-05,0.026131683373140504,8.151677195449713e-05
2017,E06000015,215352,109687,76,95103,0.0007991335709704215,172.09501277562217,female,12-15,5754,0.0267190460269698,2.1352086664455426e-05,0.0006928806513078123,1.8513110013490248e-05
2017,E06000015,215352,109687,76,95103,0.0007991335709704215,172.09501277562217,male,12-15,6272,0.029124410267840562,2.3274293979747034e-05,0.0006928806513078123,2.0179740355337303e-05
2017,E06000049,327892,109687,12,171071,7.014631351894827e-05,23.00041503235499,female,12-15,8066,0.02459956327083308,1.7255686776250619e-06,0.00010940220810123349,2.691246540155141e-06
2017,E06000049,327892,109687,12,171071,7.014631351894827e-05,23.00041503235499,male,12-15,8408,0.025642589633171897,1.7987331318462086e-06,0.00010940220810123349,2.8053559273028047e-06
2017,E07000032,109917,109687,2626,46541,0.056423368642702136,6201.88741109989,female,12-15,2489,0.02264435892537096,0.001277671011323868,0.02394084987281993,0.0005421251974985563
2017,E07000032,109917,109687,2626,46541,0.056423368642702136,6201.88741109989,male,12-15,2746,0.024982486785483596,0.0014095960615087757,0.02394084987281993,0.0005981019655809706
2017,E07000033,68388,109687,16248,34935,0.4650923142979821,31806.733190210387,female,12-15,1629,0.02381996841551149,0.011078484236875076,0.14813058976907018,0.0035284659696703416
2017,E07000033,68388,109687,16248,34935,0.4650923142979821,31806.733190210387,male,12-15,1657,0.024229396970228696,0.011268906310928178,0.14813058976907018,0.0035891148629488994
2017,E07000034,91014,109687,39557,47045,0.8408332447656499,76527.59693910085,female,12-15,1984,0.021798844133869514,0.01832919284522216,0.3606352621550412,0.007861431868894913
2017,E07000034,91014,109687,39557,47045,0.8408332447656499,76527.59693910085,male,12-15,2054,0.022567956578108863,0.018975888157301567,0.3606352621550412,0.008138800936849875
2017,E07000035,63969,109687,12742,28157,0.4525340057534538,28948.147814042684,female,12-15,1535,0.02399599806156107,0.010859005124850343,0.11616691130215978,0.0027875409784241627
2017,E07000035,63969,109687,12742,28157,0.4525340057534538,28948.147814042684,male,12-15,1559,0.024371179790210886,0.01102878761540175,0.11616691130215978,0.0028311246810184165
2017,E07000036,99517,109687,40,39143,0.0010218940806785376,101.69583322688602,female,12-15,2376,0.023875317784901068,2.439804591870942e-05,0.0003646740270041117,8.70670828262276e-06
2017,E07000036,99517,109687,40,39143,0.0010218940806785376,101.69583322688602,male,12-15,2503,0.025151481656400413,2.5702150224970398e-05,0.0003646740270041117,9.172092100759585e-06
2017,E07000037,80375,109687,1065,41227,0.02583258544157955,2076.294054866956,female,12-15,1936,0.024087091757387248,0.0006222318558618727,0.009709445968984477,0.0002338723159683228
2017,E07000037,80375,109687,1065,41227,0.02583258544157955,2076.294054866956,male,12-15,1986,0.024709175738724727,0.000638301893461611,0.009709445968984477,0.00023991240677328975
2017,E07000038,88512,109687,32672,44149,0.7400394119912116,65502.36843416612,female,12-15,2082,0.023522234273318867,0.017407380420346417,0.2978657452569584,0.007006467841930895
2017,E07000038,88512,109687,32672,44149,0.7400394119912116,65502.36843416612,male,12-15,2051,0.0231719992769342,0.017148192719563166,0.2978657452569584,0.006902144833717707
2017,E07000137,123618,109687,8,63302,0.0001263783134814066,15.62263435594452,female,12-15,2529,0.020458185701111492,2.5854710057958982e-06,7.293480540082235e-05,1.4921137929644526e-06
2017,E07000137,123618,109687,8,63302,0.0001263783134814066,15.62263435594452,male,12-15,2627,0.021250950508825577,2.685659285182216e-06,7.293480540082235e-05,1.5499339399437001e-06
2017,E07000170,107837,109687,317,52127,0.006081301436875324,655.7893030483243,female,12-15,2697,0.025009968749130636,0.00015209315889029508,0.0028900416640075853,7.22798517005152e-05
2017,E07000170,107837,109687,317,52127,0.006081301436875324,655.7893030483243,male,12-15,2783,0.025807468679581218,0.0001569429963632522,0.0028900416640075853,7.458465972656055e-05
2017,E07000171,100579,109687,351,50493,0.006951458618026261,699.1707563424633,female,12-15,2415,0.024010976446375485,0.00016691130914538244,0.00320001458696108,7.683547487558047e-05
2017,E07000171,100579,109687,351,50493,0.006951458618026261,699.1707563424633,male,12-15,2467,0.02452798297855417,0.00017050525865907186,0.00320001458696108,7.848990332010643e-05
2017,E07000172,97769,109687,17,32522,0.0005227230797613923,51.10611278519156,female,12-15,2121,0.021693992983461016,1.1339950824636778e-05,0.00015498646147674746,3.3622752078080105e-06
2017,E07000172,97769,109687,17,32522,0.0005227230797613923,51.10611278519156,male,12-15,2209,0.02259407378616944,1.1810443833862629e-05,0.00015498646147674746,3.50177554646294e-06
2017,E07000174,92686,109687,555,48699,0.011396537916589664,1056.2995133370296,female,12-15,2118,0.022851347560580885,0.00026042624891932874,0.00505985212468205,0.00011562443950625314
2017,E07000174,92686,109687,555,48699,0.011396537916589664,1056.2995133370296,male,12-15,2256,0.024340245560278792,0.0002773945314268205,0.00505985212468205,0.00012315804321345948
2017,E07000175,104517,109687,72,52367,0.0013749116810204901,143.7016441652185,female,12-15,2542,0.02432140225991944,3.343978006596138e-05,0.0006564132486074012,1.5964890668121106e-05
2017,E07000175,104517,109687,72,52367,0.0013749116810204901,143.7016441652185,male,12-15,2655,0.025402566089727033,3.492628484466069e-05,0.0006564132486074012,1.6674580929921924e-05
2017,E07000198,86830,109687,43,38267,0.001123683591606345,97.56944625917892,female,12-15,2069,0.02382816998733157,2.677532363277125e-05,0.0003920245790294201,9.34122830832512e-06
2017,E07000198,86830,109687,43,38267,0.001123683591606345,97.56944625917892,male,12-15,2171,0.025002879189220315,2.8095325087842626e-05,0.0003920245790294201,9.801743188677543e-06
2017,E08000018,224329,109687,184,122930,0.001496786789229643,335.7726836410966,female,12-15,5842,0.026042107797030256,3.897948291428917e-05,0.0016775005242189141,4.368564948128372e-05
2017,E08000018,224329,109687,184,122930,0.001496786789229643,335.7726836410966,male,12-15,6041,0.026929197740818173,4.030726742300939e-05,0.0016775005242189141,4.517374332701728e-05
2017,E08000019,497305,109687,3102,226013,0.013724874232898109,6825.448580391393,female,12-15,11718,0.023563004594765787,0.00032339927461236067,0.02828047079416886,0.0006663728632651405
2017,E08000019,497305,109687,3102,226013,0.013724874232898109,6825.448580391393,male,12-15,12442,0.025018851610178864,0.00034338059180124517,0.02828047079416886,0.000707544902265308
2017,E06000015,215352,109687,76,95103,0.0007991335709704215,172.09501277562217,female,16-17,2837,0.013173780601062446,1.0527610334907898e-05,0.0006928806513078123,9.127857683050369e-06
2017,E06000015,215352,109687,76,95103,0.0007991335709704215,172.09501277562217,male,16-17,3125,0.014511125970504106,1.159632791561057e-05,0.0006928806513078123,1.0054478413652594e-05
2017,E06000049,327892,109687,12,171071,7.014631351894827e-05,23.00041503235499,female,16-17,4227,0.012891439864345577,9.042869824350529e-07,0.00010940220810123349,1.4103519867636722e-06
2017,E06000049,327892,109687,12,171071,7.014631351894827e-05,23.00041503235499,male,16-17,4179,0.012745050199455918,8.940182871057692e-07,0.00010940220810123349,1.3943366341815442e-06
2017,E07000032,109917,109687,2626,46541,0.056423368642702136,6201.88741109989,female,16-17,1288,0.011717932621887424,0.0006611652320550992,0.02394084987281993,0.00028053726572042605
2017,E07000032,109917,109687,2626,46541,0.056423368642702136,6201.88741109989,male,16-17,1406,0.012791469927308787,0.0007217378231905821,0.02394084987281993,0.00030623866118239065
2017,E07000033,68388,109687,16248,34935,0.4650923142979821,31806.733190210387,female,16-17,834,0.012195121951219513,0.005671857491438804,0.14813058976907018,0.00180647060693988
2017,E07000033,68388,109687,16248,34935,0.4650923142979821,31806.733190210387,male,16-17,901,0.013174825992864243,0.00612751031149444,0.14813058976907018,0.0019515947444278558
2017,E07000034,91014,109687,39557,47045,0.8408332447656499,76527.59693910085,female,16-17,1080,0.011866306282549937,0.00997758481493948,0.3606352621550412,0.004279408477019409
2017,E07000034,91014,109687,39557,47045,0.8408332447656499,76527.59693910085,male,16-17,1127,0.0123827103522535,0.010411794524478513,0.3606352621550412,0.0044656419940748825
2017,E07000035,63969,109687,12742,28157,0.4525340057534538,28948.147814042684,female,16-17,802,0.012537322765714645,0.005673564892592818,0.11616691130215978,0.0014564220616913215
2017,E07000035,63969,109687,12742,28157,0.4525340057534538,28948.147814042684,male,16-17,814,0.012724913630039551,0.005758456137868522,0.11616691130215978,0.0014782139129884489
2017,E07000036,99517,109687,40,39143,0.0010218940806785376,101.69583322688602,female,16-17,1147,0.011525668981179096,1.177801290772715e-05,0.0003646740270041117,4.203112121282958e-06
2017,E07000036,99517,109687,40,39143,0.0010218940806785376,101.69583322688602,male,16-17,1246,0.012520473888883306,1.279459815434004e-05,0.0003646740270041117,4.565891633058906e-06
2017,E07000037,80375,109687,1065,41227,0.02583258544157955,2076.294054866956,female,16-17,1061,0.013200622083981338,0.00034100619786644977,0.009709445968984477,0.00012817072688140006
2017,E07000037,80375,109687,1065,41227,0.02583258544157955,2076.294054866956,male,16-17,994,0.012367029548989113,0.00031947234748280024,0.009709445968984477,0.00012007700520274421
2017,E07000038,88512,109687,32672,44149,0.7400394119912116,65502.36843416612,female,16-17,1025,0.01158035068691251,0.008569915912994757,0.2978657452569584,0.003449389787694125
2017,E07000038,88512,109687,32672,44149,0.7400394119912116,65502.36843416612,male,16-17,1037,0.011715925524222705,0.0086702466358786,0.2978657452569584,0.0034897728876476172
2017,E07000137,123618,109687,8,63302,0.0001263783134814066,15.62263435594452,female,16-17,1334,0.010791308709087672,1.3637873949117151e-06,7.293480540082235e-05,7.870620007175089e-07
2017,E07000137,123618,109687,8,63302,0.0001263783134814066,15.62263435594452,male,16-17,1400,0.01132521153877267,1.4312611340902556e-06,7.293480540082235e-05,8.260020997035325e-07
2017,E07000170,107837,109687,317,52127,0.006081301436875324,655.7893030483243,female,16-17,1361,0.012620900062130808,7.675149768249595e-05,0.0028900416640075853,3.647492701683396e-05
2017,E07000170,107837,109687,317,52127,0.006081301436875324,655.7893030483243,male,16-17,1406,0.01303819653736658,7.928920333695026e-05,0.0028900416640075853,3.768093121650885e-05
2017,E07000171,100579,109687,351,50493,0.006951458618026261,699.1707563424633,female,16-17,1210,0.012030344306465565,8.362844060700321e-05,0.00320001458696108,3.8497277266853995e-05
2017,E07000171,100579,109687,351,50493,0.006951458618026261,699.1707563424633,male,16-17,1338,0.013302975770290021,9.24750855637771e-05,0.00320001458696108,4.256971651491788e-05
2017,E07000172,97769,109687,17,32522,0.0005227230797613923,51.10611278519156,female,16-17,1085,0.011097587169757284,5.800964943296041e-06,0.00015498646147674746,1.7199757663704342e-06
2017,E07000172,97769,109687,17,32522,0.0005227230797613923,51.10611278519156,male,16-17,1156,0.011823788726487944,6.180567257557808e-06,0.00015498646147674746,1.832527175967025e-06
2017,E07000174,92686,109687,555,48699,0.011396537916589664,1056.2995133370296,female,16-17,1018,0.010983320026757008,0.00012517182313497482,0.00505985212468205,5.5573975173449354e-05
2017,E07000174,92686,109687,555,48699,0.011396537916589664,1056.2995133370296,male,16-17,1147,0.012375115982996352,0.00014103347852241268,0.00505985212468205,6.261625689975089e-05
2017,E07000175,104517,109687,72,52367,0.0013749116810204901,143.7016441652185,female,16-17,1311,0.012543413990068602,1.7246086414821148e-05,0.0006564132486074012,8.233663125848453e-06
2017,E07000175,104517,109687,72,52367,0.0013749116810204901,143.7016441652185,male,16-17,1322,0.012648660026598544,1.7390790419827278e-05,0.0006564132486074012,8.302748018590126e-06
2017,E07000198,86830,109687,43,38267,0.001123683591606345,97.56944625917892,female,16-17,1042,0.012000460670275251,1.348472074690558e-05,0.0003920245790294201,4.704475542423768e-06
2017,E07000198,86830,109687,43,38267,0.001123683591606345,97.56944625917892,male,16-17,1167,0.01344005528043303,1.510236958890481e-05,0.0003920245790294201,5.268832013443894e-06
2017,E08000018,224329,109687,184,122930,0.001496786789229643,335.7726836410966,female,16-17,2955,0.013172617004488943,1.97165991119008e-05,0.0016775005242189141,2.2097071930365187e-05
2017,E08000018,224329,109687,184,122930,0.001496786789229643,335.7726836410966,male,16-17,3063,0.013654052752876357,2.0437205779949966e-05,0.0016775005242189141,2.290468065066279e-05
2017,E08000019,497305,109687,3102,226013,0.013724874232898109,6825.448580391393,female,16-17,5850,0.011763404751611185,0.00016145125076653951,0.02828047079416886,0.0003326746245179273
2017,E08000019,497305,109687,3102,226013,0.013724874232898109,6825.448580391393,male,16-17,6209,0.012485295744060486,0.00017135911384776815,0.02828047079416886,0.0003530900416464633
2017,E06000015,215352,109687,76,95103,0.0007991335709704215,172.09501277562217,female,18-24,12283,0.057036851294624616,4.558006265198228e-05,0.0006928806513078123,3.951973067356634e-05
2017,E06000015,215352,109687,76,95103,0.0007991335709704215,172.09501277562217,male,18-24,13544,0.06289238084624242,5.0259412892489446e-05,0.0006928806513078123,4.357691380304344e-05
2017,E06000049,327892,109687,12,171071,7.014631351894827e-05,23.00041503235499,female,18-24,12070,0.03681090115037879,2.5821490130094843e-06,0.00010940220810123349,4.0271938680476765e-06
2017,E06000049,327892,109687,12,171071,7.014631351894827e-05,23.00041503235499,male,18-24,12886,0.03929952545350298,2.756716833607308e-06,0.00010940220810123349,4.299454861943856e-06
2017,E07000032,109917,109687,2626,46541,0.056423368642702136,6201.88741109989,female,18-24,4494,0.04088539534375938,0.002306891733583553,0.02394084987281993,0.0009788311119158346
2017,E07000032,109917,109687,2626,46541,0.056423368642702136,6201.88741109989,male,18-24,4501,0.04094907976018268,0.0023104850228882,0.02394084987281993,0.0009803557709686626
2017,E07000033,68388,109687,16248,34935,0.4650923142979821,31806.733190210387,female,18-24,2960,0.04328244721296134,0.02013033354275643,0.14813058976907018,0.006411454432304611
2017,E07000033,68388,109687,16248,34935,0.4650923142979821,31806.733190210387,male,18-24,3175,0.046426273615254136,0.021592503039949886,0.14813058976907018,0.006877151291407817
2017,E07000034,91014,109687,39557,47045,0.8408332447656499,76527.59693910085,female,18-24,3967,0.04358670094710704,0.03664914718598604,0.3606352621550412,0.015718901322533327
2017,E07000034,91014,109687,39557,47045,0.8408332447656499,76527.59693910085,male,18-24,4232,0.04649834091458457,0.03909735086742952,0.3606352621550412,0.01676894136550568
2017,E07000035,63969,109687,12742,28157,0.4525340057534538,28948.147814042684,female,18-24,2058,0.03217183323172162,0.014558848564783069,0.11616691130215978,0.003737302497457281
2017,E07000035,63969,109687,12742,28157,0.4525340057534538,28948.147814042684,male,18-24,2379,0.03718988885241289,0.016829689375908122,0.11616691130215978,0.004320234519655429
2017,E07000036,99517,109687,40,39143,0.0010218940806785376,101.69583322688602,female,18-24,4199,0.04219379603484832,4.3117590409369046e-05,0.0003646740270041117,1.5386981514618257e-05
2017,E07000036,99517,109687,40,39143,0.0010218940806785376,101.69583322688602,male,18-24,4315,0.043359426027713865,4.430874079933971e-05,0.0003646740270041117,1.581205649811331e-05
2017,E07000037,80375,109687,1065,41227,0.02583258544157955,2076.294054866956,female,18-24,3357,0.04176671850699845,0.0010789423244464392,0.009709445968984477,0.0004055316966454853
2017,E07000037,80375,109687,1065,41227,0.02583258544157955,2076.294054866956,male,18-24,3622,0.04506376360808709,0.001164113523725053,0.009709445968984477,0.0004375441779118105
2017,E07000038,88512,109687,32672,44149,0.7400394119912116,65502.36843416612,female,18-24,3335,0.037678506869125085,0.02788358006813416,0.2978657452569584,0.011223136528741372
2017,E07000038,88512,109687,32672,44149,0.7400394119912116,65502.36843416612,male,18-24,3624,0.04094360086767896,0.03029987831092,0.2978657452569584,0.012195696185954643
2017,E07000137,123618,109687,8,63302,0.0001263783134814066,15.62263435594452,female,18-24,3988,0.032260674011875295,4.077049573394243e-06,7.293480540082235e-05,2.3529259811554908e-06
2017,E07000137,123618,109687,8,63302,0.0001263783134814066,15.62263435594452,male,18-24,4408,0.0356582374735071,4.50642791362132e-06,7.293480540082235e-05,2.600726611066551e-06
2017,E07000170,107837,109687,317,52127,0.006081301436875324,655.7893030483243,female,18-24,4661,0.0432226415794208,0.0002628499123424788,0.0028900416640075853,0.00012491523499299272
2017,E07000170,107837,109687,317,52127,0.006081301436875324,655.7893030483243,male,18-24,4998,0.04634772851618647,0.0002818545080213922,0.0028900416640075853,0.00013394686644389135
2017,E07000171,100579,109687,351,50493,0.006951458618026261,699.1707563424633,female,18-24,4041,0.04017737301027054,0.00027929134586190084,0.00320001458696108,0.00012856817969864208
2017,E07000171,100579,109687,351,50493,0.006951458618026261,699.1707563424633,male,18-24,4567,0.045407092931924166,0.00031564552748114354,0.00320001458696108,0.00014530335973365468
2017,E07000172,97769,109687,17,32522,0.0005227230797613923,51.10611278519156,female,18-24,4351,0.044502858779367695,2.32626713993374e-05,0.00015498646147674746,6.8973406078136036e-06
2017,E07000172,97769,109687,17,32522,0.0005227230797613923,51.10611278519156,male,18-24,4613,0.04718264480561323,2.466345740407801e-05,0.00015498646147674746,7.312671161536234e-06
2017,E07000174,92686,109687,555,48699,0.011396537916589664,1056.2995133370296,female,18-24,4107,0.04431089916492242,0.0005049908424512198,0.00505985212468205,0.00022420659728620478
2017,E07000174,92686,109687,555,48699,0.011396537916589664,1056.2995133370296,male,18-24,4174,0.045033769932891696,0.0005132290665671757,0.00505985212468205,0.00022786421647738461
2017,E07000175,104517,109687,72,52367,0.0013749116810204901,143.7016441652185,female,18-24,4268,0.040835462173617686,5.614515394237733e-05,0.0006564132486074012,2.680493838376903e-05
2017,E07000175,104517,109687,72,52367,0.0013749116810204901,143.7016441652185,male,18-24,4593,0.04394500416200235,6.042049954483108e-05,0.0006564132486074012,2.8846082942045726e-05
2017,E07000198,86830,109687,43,38267,0.001123683591606345,97.56944625917892,female,18-24,3158,0.036369918231026144,4.086828034426854e-05,0.0003920245790294201,1.4257901883852454e-05
2017,E07000198,86830,109687,43,38267,0.001123683591606345,97.56944625917892,male,18-24,3365,0.038753886905447434,4.354710682661927e-05,0.0003920245790294201,1.5192476199861786e-05
2017,E08000018,224329,109687,184,122930,0.001496786789229643,335.7726836410966,female,18-24,9706,0.043266809017113265,6.476118814893712e-05,0.0016775005242189141,7.258009480748712e-05
2017,E08000018,224329,109687,184,122930,0.001496786789229643,335.7726836410966,male,18-24,10413,0.04641843007368642,6.947849291107379e-05,0.0016775005242189141,7.786694078202795e-05
2017,E08000019,497305,109687,3102,226013,0.013724874232898109,6825.448580391393,female,18-24,39751,0.07993283799680277,0.0010970681485847368,0.02828047079416886,0.0022605382904636122
2017,E08000019,497305,109687,3102,226013,0.013724874232898109,6825.448580391393,male,18-24,42116,0.0846884708579242,0.0011623386115014662,0.02828047079416886,0.002395029826700346
2017,E06000015,215352,109687,76,95103,0.0007991335709704215,172.09501277562217,female,25-29,9316,0.0432594078531892,3.457004507578498e-05,0.0006928806513078123,2.997360668850802e-05
2017,E06000015,215352,109687,76,95103,0.0007991335709704215,172.09501277562217,male,25-29,9892,0.045934098592072516,3.670748023719032e-05,0.0006928806513078123,3.1826848149712467e-05
2017,E06000049,327892,109687,12,171071,7.014631351894827e-05,23.00041503235499,female,25-29,9583,0.029226086638283338,2.050102236260968e-06,0.00010940220810123349,3.1973984123861537e-06
2017,E06000049,327892,109687,12,171071,7.014631351894827e-05,23.00041503235499,male,25-29,9709,0.029610359508618688,2.077057561500338e-06,0.00010940220810123349,3.2394387129142404e-06
2017,E07000032,109917,109687,2626,46541,0.056423368642702136,6201.88741109989,female,25-29,3582,0.032588225661180706,0.0018387374698923648,0.02394084987281993,0.0007801898181759054
2017,E07000032,109917,109687,2626,46541,0.056423368642702136,6201.88741109989,male,25-29,3434,0.031241755142516626,0.0017627650674512509,0.02394084987281993,0.0007479541696303907
2017,E07000033,68388,109687,16248,34935,0.4650923142979821,31806.733190210387,female,25-29,2478,0.03623442709247236,0.01685235355369947,0.14813058976907018,0.0053674270551523065
2017,E07000033,68388,109687,16248,34935,0.4650923142979821,31806.733190210387,male,25-29,2402,0.03512312101538281,0.016335493638412482,0.14813058976907018,0.005202808630539079
2017,E07000034,91014,109687,39557,47045,0.8408332447656499,76527.59693910085,female,25-29,3373,0.03706023249170457,0.031161475537769327,0.3606352621550412,0.013365226660172652
2017,E07000034,91014,109687,39557,47045,0.8408332447656499,76527.59693910085,male,25-29,3206,0.03522534994616213,0.02961864529323702,0.3606352621550412,0.012703503312337244
2017,E07000035,63969,109687,12742,28157,0.4525340057534538,28948.147814042684,female,25-29,1371,0.02143225624912067,0.00969882477274907,0.11616691130215978,0.0024897190106967604
2017,E07000035,63969,109687,12742,28157,0.4525340057534538,28948.147814042684,male,25-29,1748,0.027325735903328173,0.012365824728494072,0.11616691130215978,0.003174346338948167
2017,E07000036,99517,109687,40,39143,0.0010218940806785376,101.69583322688602,female,25-29,3871,0.03889787674467679,3.9749509996348546e-05,0.0003646740270041117,1.4185045354390869e-05
2017,E07000036,99517,109687,40,39143,0.0010218940806785376,101.69583322688602,male,25-29,3757,0.03775234382065376,3.8578896682067047e-05,0.0003646740270041117,1.3767299249921598e-05
2017,E07000037,80375,109687,1065,41227,0.02583258544157955,2076.294054866956,female,25-29,2590,0.032223950233281486,0.0008324279476664513,0.009709445968984477,0.0003128767036972913
2017,E07000037,80375,109687,1065,41227,0.02583258544157955,2076.294054866956,male,25-29,2739,0.034077760497667184,0.0008803166597136721,0.009709445968984477,0.00033087617429609304
2017,E07000038,88512,109687,32672,44149,0.7400394119912116,65502.36843416612,female,25-29,2692,0.030413955169920463,0.02250752550027501,0.2978657452569584,0.009059275422900082
2017,E07000038,88512,109687,32672,44149,0.7400394119912116,65502.36843416612,male,25-29,2740,0.030956254519161244,0.02290884839181037,0.2978657452569584,0.00922080782271405
2017,E07000137,123618,109687,8,63302,0.0001263783134814066,15.62263435594452,female,25-29,3198,0.025870018929282142,3.269409362014741e-06,7.293480540082235e-05,1.8868247963227838e-06
2017,E07000137,123618,109687,8,63302,0.0001263783134814066,15.62263435594452,male,25-29,3391,0.02743128023427009,3.466718932642898e-06,7.293480540082235e-05,2.000695085781913e-06
2017,E07000170,107837,109687,317,52127,0.006081301436875324,655.7893030483243,female,25-29,4444,0.04121034524328385,0.00025061253174211024,0.0028900416640075853,0.00011909961474122713
2017,E07000170,107837,109687,317,52127,0.006081301436875324,655.7893030483243,male,25-29,3965,0.03676845609577418,0.0002236000648869188,0.0028900416640075853,0.00010626237003802105
2017,E07000171,100579,109687,351,50493,0.006951458618026261,699.1707563424633,female,25-29,3070,0.030523270265164694,0.00021218125013512383,0.00320001458696108,9.767491009028243e-05
2017,E07000171,100579,109687,351,50493,0.006951458618026261,699.1707563424633,male,25-29,3375,0.033555712425058906,0.00023326114632118663,0.00320001458696108,0.00010737876923605966
2017,E07000172,97769,109687,17,32522,0.0005227230797613923,51.10611278519156,female,25-29,3587,0.03668852090130818,1.9177936637422024e-05,0.00015498646147674746,5.686224031309445e-06
2017,E07000172,97769,109687,17,32522,0.0005227230797613923,51.10611278519156,male,25-29,3914,0.040033139338645184,2.0926245887613557e-05,0.00015498646147674746,6.204594607902194e-06
2017,E07000174,92686,109687,555,48699,0.011396537916589664,1056.2995133370296,female,25-29,3632,0.039186069093498484,0.0004465855222261577,0.00505985212468205,0.00019827571496067582
2017,E07000174,92686,109687,555,48699,0.011396537916589664,1056.2995133370296,male,25-29,3535,0.03813952484733401,0.00043465854104335566,0.00505985212468205,0.00019298035583314681
2017,E07000175,104517,109687,72,52367,0.0013749116810204901,143.7016441652185,female,25-29,3412,0.03264540696728762,4.4884551370991445e-05,0.0006564132486074012,2.1428877639507952e-05
2017,E07000175,104517,109687,72,52367,0.0013749116810204901,143.7016441652185,male,25-29,3562,0.03408058019269593,4.685778780289317e-05,0.0006564132486074012,2.2370944358712578e-05
2017,E07000198,86830,109687,43,38267,0.001123683591606345,97.56944625917892,female,25-29,2505,0.028849475987561907,3.241768279366456e-05,0.0003920245790294201,1.130970367924332e-05
2017,E07000198,86830,109687,43,38267,0.001123683591606345,97.56944625917892,male,25-29,2553,0.02940228031786249,3.3038859948992276e-05,0.0003920245790294201,1.1526416564115045e-05
2017,E08000018,224329,109687,184,122930,0.001496786789229643,335.7726836410966,female,25-29,8641,0.03851931760940405,5.765520572789673e-05,0.0016775005242189141,6.461617548233013e-05
2017,E08000018,224329,109687,184,122930,0.001496786789229643,335.7726836410966,male,25-29,8177,0.03645092698670257,5.455926596887069e-05,0.0016775005242189141,6.114644912845891e-05
2017,E08000019,497305,109687,3102,226013,0.013724874232898109,6825.448580391393,female,25-29,24075,0.04841093493932295,0.0006644339935392203,0.02828047079416886,0.0013690840316699314
2017,E08000019,497305,109687,3102,226013,0.013724874232898109,6825.448580391393,male,25-29,25253,0.05077970259699782,0.0006969450317277643,0.02828047079416886,0.0014360738962309776
2017,E06000015,215352,109687,76,95103,0.0007991335709704215,172.09501277562217,female,30-34,8994,0.041764181433188455,3.3375159447360464e-05,0.0006928806513078123,2.8937593232765253e-05
2017,E06000015,215352,109687,76,95103,0.0007991335709704215,172.09501277562217,male,30-34,8804,0.0408819049741818,3.267010271009134e-05,0.0006928806513078123,2.8326280945215174e-05
2017,E06000049,327892,109687,12,171071,7.014631351894827e-05,23.00041503235499,female,30-34,10224,0.031180998621497324,2.1872321051374454e-06,0.00010940220810123349,3.411270099993325e-06
2017,E06000049,327892,109687,12,171071,7.014631351894827e-05,23.00041503235499,male,30-34,9403,0.028677125394947118,2.011594628776154e-06,0.00010940220810123349,3.1373408402031726e-06
2017,E07000032,109917,109687,2626,46541,0.056423368642702136,6201.88741109989,female,30-34,3630,0.03302491880236906,0.0018633771679813745,0.02394084987281993,0.000790644623109586
2017,E07000032,109917,109687,2626,46541,0.056423368642702136,6201.88741109989,male,30-34,3314,0.03015002228954575,0.001701165822228726,0.02394084987281993,0.0007218171572961895
2017,E07000033,68388,109687,16248,34935,0.4650923142979821,31806.733190210387,female,30-34,2456,0.035912733228051705,0.016702736209800603,0.14813058976907018,0.005319774353290583
2017,E07000033,68388,109687,16248,34935,0.4650923142979821,31806.733190210387,male,30-34,2461,0.035985845469965486,0.016736740151595802,0.14813058976907018,0.0053306045128046105
2017,E07000034,91014,109687,39557,47045,0.8408332447656499,76527.59693910085,female,30-34,3098,0.03403871931790713,0.028620886811743063,0.3606352621550412,0.012275562464635304
2017,E07000034,91014,109687,39557,47045,0.8408332447656499,76527.59693910085,male,30-34,3093,0.03398378271474718,0.028574694289451683,0.3606352621550412,0.012255750388352806
2017,E07000035,63969,109687,12742,28157,0.4525340057534538,28948.147814042684,female,30-34,1486,0.023230002032234364,0.01051236587330789,0.11616691130215978,0.002698557585627561
2017,E07000035,63969,109687,12742,28157,0.4525340057534538,28948.147814042684,male,30-34,1494,0.02335506260845097,0.010568960036825026,0.11616691130215978,0.002713085486492312
2017,E07000036,99517,109687,40,39143,0.0010218940806785376,101.69583322688602,female,30-34,3565,0.035823025211772865,3.660733741590871e-05,0.0003646740270041117,1.306372686344703e-05
2017,E07000036,99517,109687,40,39143,0.0010218940806785376,101.69583322688602,male,30-34,3250,0.032657736869077636,3.337274799486768e-05,0.0003646740270041117,1.1909428416887195e-05
2017,E07000037,80375,109687,1065,41227,0.02583258544157955,2076.294054866956,female,30-34,2499,0.03109175738724728,0.0008031804792349274,0.009709445968984477,0.0003018837384322513
2017,E07000037,80375,109687,1065,41227,0.02583258544157955,2076.294054866956,male,30-34,2435,0.030295489891135306,0.0007826108311072622,0.009709445968984477,0.0002941524222018936
2017,E07000038,88512,109687,32672,44149,0.7400394119912116,65502.36843416612,female,30-34,2692,0.030413955169920463,0.02250752550027501,0.2978657452569584,0.009059275422900082
2017,E07000038,88512,109687,32672,44149,0.7400394119912116,65502.36843416612,male,30-34,2509,0.02834643890093998,0.020977481976296432,0.2978657452569584,0.008443433148609325
2017,E07000137,123618,109687,8,63302,0.0001263783134814066,15.62263435594452,female,30-34,3100,0.025077254121568058,3.1692210826284236e-06,7.293480540082235e-05,1.8290046493435365e-06
2017,E07000137,123618,109687,8,63302,0.0001263783134814066,15.62263435594452,male,30-34,3006,0.024316847061107604,3.073122120768077e-06,7.293480540082235e-05,1.7735445083634419e-06
2017,E07000170,107837,109687,317,52127,0.006081301436875324,655.7893030483243,female,30-34,4130,0.03829854317163868,0.00023290498561991796,0.0028900416640075853,0.000110684385436829
2017,E07000170,107837,109687,317,52127,0.006081301436875324,655.7893030483243,male,30-34,3806,0.03529400854994112,0.00021463350490784689,0.0028900416640075853,0.00010200115519916976
2017,E07000171,100579,109687,351,50493,0.006951458618026261,699.1707563424633,female,30-34,3170,0.03151751359627755,0.00021909269150760345,0.00320001458696108,0.00010085650325283234
2017,E07000171,100579,109687,351,50493,0.006951458618026261,699.1707563424633,male,30-34,3145,0.031268952763499336,0.00021736483116448357,0.00320001458696108,0.00010006110496219484
2017,E07000172,97769,109687,17,32522,0.0005227230797613923,51.10611278519156,female,30-34,3634,0.037169245875482,1.942922267644038e-05,0.00015498646147674746,5.7607298940001465e-06
2017,E07000172,97769,109687,17,32522,0.0005227230797613923,51.10611278519156,male,30-34,3595,0.036770346428827136,1.9220708729169836e-05,0.00015498646147674746,5.698905880278076e-06
2017,E07000174,92686,109687,555,48699,0.011396537916589664,1056.2995133370296,female,30-34,3711,0.04003840925274583,0.0004562992491688521,0.00505985212468205,0.0002025884301263954
2017,E07000174,92686,109687,555,48699,0.011396537916589664,1056.2995133370296,male,30-34,3622,0.03907817793410008,0.0004453559365372091,0.00505985212468205,0.00019772980164855947
2017,E07000175,104517,109687,72,52367,0.0013749116810204901,143.7016441652185,female,30-34,3347,0.03202349856961068,4.402948225050068e-05,0.0006564132486074012,2.1020648727852607e-05
2017,E07000175,104517,109687,72,52367,0.0013749116810204901,143.7016441652185,male,30-34,3348,0.032033066391113404,4.404263716004669e-05,0.0006564132486074012,2.102692917264731e-05
2017,E07000198,86830,109687,43,38267,0.001123683591606345,97.56944625917892,female,30-34,2341,0.026960727859034896,3.0295327512961572e-05,0.0003920245790294201,1.0569267989264914e-05
2017,E07000198,86830,109687,43,38267,0.001123683591606345,97.56944625917892,male,30-34,2266,0.026096971092940232,2.932473820776204e-05,0.0003920245790294201,1.0230654106652838e-05
2017,E08000018,224329,109687,184,122930,0.001496786789229643,335.7726836410966,female,30-34,8456,0.03769463600337005,5.642083319466436e-05,0.0016775005242189141,6.323277165589441e-05
2017,E08000018,224329,109687,184,122930,0.001496786789229643,335.7726836410966,male,30-34,7882,0.03513589415545917,5.25909421996623e-05,0.0016775005242189141,5.8940480864683035e-05
2017,E08000019,497305,109687,3102,226013,0.013724874232898109,6825.448580391393,female,30-34,18775,0.03775349131820513,0.000518161920195176,0.02828047079416886,0.0010676865086024078
2017,E08000019,497305,109687,3102,226013,0.013724874232898109,6825.448580391393,male,30-34,18286,0.036770191331275584,0.0005046662515413575,0.02828047079416886,0.00103987832204014
2017,E06000015,215352,109687,76,95103,0.0007991335709704215,172.09501277562217,female,35-39,8542,0.03966529217281474,3.169786657764655e-05,0.0006928806513078123,2.7483313475014546e-05
2017,E06000015,215352,109687,76,95103,0.0007991335709704215,172.09501277562217,male,35-39,8011,0.037199561647906686,2.9727418538226007e-05,0.0006928806513078123,2.57748565029667e-05
2017,E06000049,327892,109687,12,171071,7.014631351894827e-05,23.00041503235499,female,35-39,10902,0.033248752638063754,2.3322774266635785e-06,0.00010940220810123349,3.6374869552158876e-06
2017,E06000049,327892,109687,12,171071,7.014631351894827e-05,23.00041503235499,male,35-39,10386,0.03167506374049992,2.2218889518737773e-06,0.00010940220810123349,3.465321914958008e-06
2017,E07000032,109917,109687,2626,46541,0.056423368642702136,6201.88741109989,female,35-39,3715,0.03379822957322343,0.0019070099666806633,0.02394084987281993,0.0008091583401796452
2017,E07000032,109917,109687,2626,46541,0.056423368642702136,6201.88741109989,male,35-39,3402,0.030950626381724394,0.0017463386020585775,0.02394084987281993,0.0007409842996746037
2017,E07000033,68388,109687,16248,34935,0.4650923142979821,31806.733190210387,female,35-39,2255,0.03297362110311751,0.0153357777496337,0.14813058976907018,0.0048844019408266545
2017,E07000033,68388,109687,16248,34935,0.4650923142979821,31806.733190210387,male,35-39,2205,0.032242498683979645,0.01499573833168173,0.14813058976907018,0.004776100345686375
2017,E07000034,91014,109687,39557,47045,0.8408332447656499,76527.59693910085,female,35-39,3168,0.03480783176214648,0.02926758212382248,0.3606352621550412,0.012552931532590263
2017,E07000034,91014,109687,39557,47045,0.8408332447656499,76527.59693910085,male,35-39,3109,0.03415957984485903,0.028722510360784118,0.3606352621550412,0.012319149032456796
2017,E07000035,63969,109687,12742,28157,0.4525340057534538,28948.147814042684,female,35-39,1596,0.02494958495521268,0.0112905356216685,0.11616691130215978,0.0028983162225178914
2017,E07000035,63969,109687,12742,28157,0.4525340057534538,28948.147814042684,male,35-39,1544,0.02413669120980475,0.010922673558807121,0.11616691130215978,0.0028038848668970077
2017,E07000036,99517,109687,40,39143,0.0010218940806785376,101.69583322688602,female,35-39,3603,0.03620486951978054,3.6997541854002536e-05,0.0003646740270041117,1.3202975564936787e-05
2017,E07000036,99517,109687,40,39143,0.0010218940806785376,101.69583322688602,male,35-39,3260,0.032758222213290195,3.3475433373313425e-05,0.0003646740270041117,1.1946072812016079e-05
2017,E07000037,80375,109687,1065,41227,0.02583258544157955,2076.294054866956,female,35-39,2674,0.033269051321928464,0.0008594256108340119,0.009709445968984477,0.00032302405624963585
2017,E07000037,80375,109687,1065,41227,0.02583258544157955,2076.294054866956,male,35-39,2425,0.030171073094867808,0.0007793968235873147,0.009709445968984477,0.0002929444040409002
2017,E07000038,88512,109687,32672,44149,0.7400394119912116,65502.36843416612,female,35-39,2674,0.03021059291395517,0.022357029415949248,0.2978657452569584,0.008998700772969844
2017,E07000038,88512,109687,32672,44149,0.7400394119912116,65502.36843416612,male,35-39,2465,0.027849331164135932,0.020609602659055683,0.2978657452569584,0.008295361782113188
2017,E07000137,123618,109687,8,63302,0.0001263783134814066,15.62263435594452,female,35-39,3103,0.025101522432008284,3.1722880707729026e-06,7.293480540082235e-05,1.8307746538429009e-06
2017,E07000137,123618,109687,8,63302,0.0001263783134814066,15.62263435594452,male,35-39,2864,0.02316814703360352,2.9279513485960663e-06,7.293480540082235e-05,1.6897642953935119e-06
2017,E07000170,107837,109687,317,52127,0.006081301436875324,655.7893030483243,female,35-39,3898,0.03614714801042314,0.00021982170313473125,0.0028900416640075853,0.00010446676378517176
2017,E07000170,107837,109687,317,52127,0.006081301436875324,655.7893030483243,male,35-39,3717,0.034468688854474815,0.0002096144870579261,0.0028900416640075853,9.961594689314609e-05
2017,E07000171,100579,109687,351,50493,0.006951458618026261,699.1707563424633,female,35-39,3191,0.03172630469581125,0.00022054409419582416,0.00320001458696108,0.00010152463781696782
2017,E07000171,100579,109687,351,50493,0.006951458618026261,699.1707563424633,male,35-39,3199,0.031805844162300284,0.00022109700950562257,0.00320001458696108,0.00010177916526997181
2017,E07000172,97769,109687,17,32522,0.0005227230797613923,51.10611278519156,female,35-39,3377,0.034540600803935805,1.8055169229042145e-05,0.00015498646147674746,5.353325495882909e-06
2017,E07000172,97769,109687,17,32522,0.0005227230797613923,51.10611278519156,male,35-39,3478,0.03557364808886252,1.8595166887358178e-05,0.00015498646147674746,5.513433839111862e-06
2017,E07000174,92686,109687,555,48699,0.011396537916589664,1056.2995133370296,female,35-39,3429,0.03699587855771098,0.00042162493274049975,0.00505985212468205,0.000187193674724713
2017,E07000174,92686,109687,555,48699,0.011396537916589664,1056.2995133370296,male,35-39,3394,0.03661825949981658,0.00041732138282917934,0.00505985212468205,0.00018528297813230559
2017,E07000175,104517,109687,72,52367,0.0013749116810204901,143.7016441652185,female,35-39,3404,0.032568864395265844,4.4779312094623344e-05,0.0006564132486074012,2.137863408115037e-05
2017,E07000175,104517,109687,72,52367,0.0013749116810204901,143.7016441652185,male,35-39,3241,0.03100930949032215,4.2635061838623456e-05,0.0006564132486074012,2.0354921579614672e-05
2017,E07000198,86830,109687,43,38267,0.001123683591606345,97.56944625917892,female,35-39,2575,0.029655648969250263,3.332356614518413e-05,0.0003920245790294201,1.1625743303014587e-05
2017,E07000198,86830,109687,43,38267,0.001123683591606345,97.56944625917892,male,35-39,2415,0.0278129678682483,3.125297562742512e-05,0.0003920245790294201,1.0903367020108828e-05
2017,E08000018,224329,109687,184,122930,0.001496786789229643,335.7726836410966,female,35-39,8006,0.035688653718422496,5.3418305411126174e-05,0.0016775005242189141,5.986773532132103e-05
2017,E08000018,224329,109687,184,122930,0.001496786789229643,335.7726836410966,male,35-39,7356,0.032791123751276026,4.9081320834904325e-05,0.0016775005242189141,5.500712728249281e-05
2017,E08000019,497305,109687,3102,226013,0.013724874232898109,6825.448580391393,female,35-39,17302,0.034791526326902,0.0004775093232072934,0.02828047079416886,0.0009839207441725089
2017,E08000019,497305,109687,3102,226013,0.013724874232898109,6825.448580391393,male,35-39,17662,0.03551542815777038,0.00048744478479292657,0.02828047079416886,0.0010043930287582275
2017,E06000015,215352,109687,76,95103,0.0007991335709704215,172.09501277562217,female,40-44,7630,0.035430365169582825,2.8313594238754772e-05,0.0006928806513078123,2.454901449477417e-05
2017,E06000015,215352,109687,76,95103,0.0007991335709704215,172.09501277562217,male,40-44,7717,0.03583435491660165,2.863643600792536e-05,0.0006928806513078123,2.482893117381026e-05
2017,E06000049,327892,109687,12,171071,7.014631351894827e-05,23.00041503235499,female,40-44,12085,0.0368566479206568,2.5853579802998847e-06,0.00010940220810123349,4.03219866572959e-06
2017,E06000049,327892,109687,12,171071,7.014631351894827e-05,23.00041503235499,male,40-44,11355,0.034630305100459904,2.4291882388336937e-06,0.00010940220810123349,3.7886318452097222e-06
2017,E07000032,109917,109687,2626,46541,0.056423368642702136,6201.88741109989,female,40-44,3896,0.035444926626454515,0.0019999221615579713,0.02394084987281993,0.0008485816671170652
2017,E07000032,109917,109687,2626,46541,0.056423368642702136,6201.88741109989,male,40-44,3787,0.034453269285005965,0.0019439695138141774,0.02394084987281993,0.000824840547580166
2017,E07000033,68388,109687,16248,34935,0.4650923142979821,31806.733190210387,female,40-44,2376,0.03474293735743113,0.016158673141077457,0.14813058976907018,0.005146491801066133
2017,E07000033,68388,109687,16248,34935,0.4650923142979821,31806.733190210387,male,40-44,2342,0.03424577411241738,0.01592744633687012,0.14813058976907018,0.005072846716370742
2017,E07000034,91014,109687,39557,47045,0.8408332447656499,76527.59693910085,female,40-44,3219,0.03536818511437801,0.029738745851194626,0.3606352621550412,0.01275501471067174
2017,E07000034,91014,109687,39557,47045,0.8408332447656499,76527.59693910085,male,40-44,2943,0.03233568461994858,0.027188918620710087,0.3606352621550412,0.011661388099877887
2017,E07000035,63969,109687,12742,28157,0.4525340057534538,28948.147814042684,female,40-44,2061,0.032218730947802844,0.014580071376101997,0.11616691130215978,0.0037427504602815633
2017,E07000035,63969,109687,12742,28157,0.4525340057534538,28948.147814042684,male,40-44,1948,0.0304522503087433,0.013780678816422457,0.11616691130215978,0.003537543860566951
2017,E07000036,99517,109687,40,39143,0.0010218940806785376,101.69583322688602,female,40-44,3579,0.035963704693670426,3.6751096945732754e-05,0.0003646740270041117,1.3115029016627467e-05
2017,E07000036,99517,109687,40,39143,0.0010218940806785376,101.69583322688602,male,40-44,3401,0.0341750655666871,3.492329720939846e-05,0.0003646740270041117,1.2462758783333338e-05
2017,E07000037,80375,109687,1065,41227,0.02583258544157955,2076.294054866956,female,40-44,2721,0.033853810264385685,0.0008745314461777661,0.009709445968984477,0.0003287017416063049
2017,E07000037,80375,109687,1065,41227,0.02583258544157955,2076.294054866956,male,40-44,2590,0.032223950233281486,0.0008324279476664513,0.009709445968984477,0.0003128767036972913
2017,E07000038,88512,109687,32672,44149,0.7400394119912116,65502.36843416612,female,40-44,2964,0.033486984815618216,0.02478168855230874,0.2978657452569584,0.009974625688512572
2017,E07000038,88512,109687,32672,44149,0.7400394119912116,65502.36843416612,male,40-44,2781,0.031419468546637734,0.02325164502833016,0.2978657452569584,0.009358783414221816
2017,E07000137,123618,109687,8,63302,0.0001263783134814066,15.62263435594452,female,40-44,3445,0.027868109822194183,3.521924719243522e-06,7.293480540082235e-05,2.032555166770478e-06
2017,E07000137,123618,109687,8,63302,0.0001263783134814066,15.62263435594452,male,40-44,3151,0.02548981539905192,3.221359881084568e-06,7.293480540082235e-05,1.8590947258327362e-06
2017,E07000170,107837,109687,317,52127,0.006081301436875324,655.7893030483243,female,40-44,3830,0.03551656667006686,0.00021598694792355583,0.0028900416640075853,0.0001026443574389964
2017,E07000170,107837,109687,317,52127,0.006081301436875324,655.7893030483243,male,40-44,3621,0.033578456373971825,0.00020420071499509024,0.0028900416640075853,9.704313793383964e-05
2017,E07000171,100579,109687,351,50493,0.006951458618026261,699.1707563424633,female,40-44,3436,0.03416220085703775,0.00023747712555839917,0.00320001458696108,0.00010931954106521512
2017,E07000171,100579,109687,351,50493,0.006951458618026261,699.1707563424633,male,40-44,3345,0.03325743942572505,0.00023118771390944281,0.00320001458696108,0.0001064242912872947
2017,E07000172,97769,109687,17,32522,0.0005227230797613923,51.10611278519156,female,40-44,3433,0.03511337949656844,1.835457387127678e-05,0.00015498646147674746,5.442098438663319e-06
2017,E07000172,97769,109687,17,32522,0.0005227230797613923,51.10611278519156,male,40-44,3474,0.03553273532510305,1.8573780841484282e-05,0.00015498646147674746,5.507092914627549e-06
2017,E07000174,92686,109687,555,48699,0.011396537916589664,1056.2995133370296,female,40-44,3195,0.034471225427788445,0.0003928526276191008,0.00505985212468205,0.00017441930322118924
2017,E07000174,92686,109687,555,48699,0.011396537916589664,1056.2995133370296,male,40-44,3083,0.033262844442526376,0.0003790812679028757,0.00505985212468205,0.00016830507412548558
2017,E07000175,104517,109687,72,52367,0.0013749116810204901,143.7016441652185,female,40-44,3633,0.03475989551938919,4.779178638065999e-05,0.0006564132486074012,2.2816855939136107e-05
2017,E07000175,104517,109687,72,52367,0.0013749116810204901,143.7016441652185,male,40-44,3485,0.033343857936986326,4.584485976785027e-05,0.0006564132486074012,2.1887350109520872e-05
2017,E07000198,86830,109687,43,38267,0.001123683591606345,97.56944625917892,female,40-44,2898,0.03337556144189796,3.750357075291014e-05,0.0003920245790294201,1.3084040424130593e-05
2017,E07000198,86830,109687,43,38267,0.001123683591606345,97.56944625917892,male,40-44,2808,0.03233905332258436,3.6338863586670704e-05,0.0003920245790294201,1.2677703764996104e-05
2017,E08000018,224329,109687,184,122930,0.001496786789229643,335.7726836410966,female,40-44,7826,0.034886260804443465,5.221729429771089e-05,0.0016775005242189141,5.8521720787491675e-05
2017,E08000018,224329,109687,184,122930,0.001496786789229643,335.7726836410966,male,40-44,7368,0.032844616612207965,4.916138824246535e-05,0.0016775005242189141,5.509686158474811e-05
2017,E08000019,497305,109687,3102,226013,0.013724874232898109,6825.448580391393,female,40-44,16054,0.03228199997989162,0.00044306638971043167,0.02828047079416886,0.0009129501576086846
2017,E08000019,497305,109687,3102,226013,0.013724874232898109,6825.448580391393,male,40-44,16171,0.03251726807492384,0.0004462954147257625,0.02828047079416886,0.0009196036500990431
2017,E06000015,215352,109687,76,95103,0.0007991335709704215,172.09501277562217,female,45-49,8644,0.040138935324492,3.2076370720812076e-05,0.0006928806513078123,2.7811491650436168e-05
2017,E06000015,215352,109687,76,95103,0.0007991335709704215,172.09501277562217,male,45-49,8525,0.0395863516475352,3.163478255378563e-05,0.0006928806513078123,2.7428617112444274e-05
2017,E06000049,327892,109687,12,171071,7.014631351894827e-05,23.00041503235499,female,45-49,14886,0.04539909482390543,3.184579138994132e-06,0.00010940220810123349,4.966761219532535e-06
2017,E06000049,327892,109687,12,171071,7.014631351894827e-05,23.00041503235499,male,45-49,13938,0.04250789894233467,2.9817724062407776e-06,0.00010940220810123349,4.650458006035501e-06
2017,E07000032,109917,109687,2626,46541,0.056423368642702136,6201.88741109989,female,45-49,4903,0.044606384817635125,0.0025168424943836577,0.02394084987281993,0.001067914762288237
2017,E07000032,109917,109687,2626,46541,0.056423368642702136,6201.88741109989,male,45-49,4913,0.044697362555382696,0.0025219757648188685,0.02394084987281993,0.0010700928466494204
2017,E07000033,68388,109687,16248,34935,0.4650923142979821,31806.733190210387,female,45-49,3166,0.04629467157980932,0.02153129594471853,0.14813058976907018,0.006857657004282565
2017,E07000033,68388,109687,16248,34935,0.4650923142979821,31806.733190210387,male,45-49,3065,0.04481780429315085,0.02084441632045556,0.14813058976907018,0.0066388877820992
2017,E07000034,91014,109687,39557,47045,0.8408332447656499,76527.59693910085,female,45-49,3912,0.04298239831234755,0.03614102944078079,0.3606352621550412,0.015500968483425857
2017,E07000034,91014,109687,39557,47045,0.8408332447656499,76527.59693910085,male,45-49,3850,0.04230118443316413,0.0355682421643676,0.3606352621550412,0.01525529873752289
2017,E07000035,63969,109687,12742,28157,0.4525340057534538,28948.147814042684,female,45-49,2733,0.04272381934999765,0.019333981111541363,0.11616691130215978,0.004963094132920675
2017,E07000035,63969,109687,12742,28157,0.4525340057534538,28948.147814042684,male,45-49,2665,0.041660804452156516,0.018852930721645712,0.11616691130215978,0.004839606975570289
2017,E07000036,99517,109687,40,39143,0.0010218940806785376,101.69583322688602,female,45-49,4478,0.04499733713837837,4.598251246800538e-05,0.0003646740270041117,1.640936013871411e-05
2017,E07000036,99517,109687,40,39143,0.0010218940806785376,101.69583322688602,male,45-49,4302,0.043228795080237546,4.417524980736024e-05,0.0003646740270041117,1.5764418784445758e-05
2017,E07000037,80375,109687,1065,41227,0.02583258544157955,2076.294054866956,female,45-49,3604,0.0448398133748056,0.001158328310189147,0.009709445968984477,0.0004353697452220224
2017,E07000037,80375,109687,1065,41227,0.02583258544157955,2076.294054866956,male,45-49,3531,0.04393157076205288,0.0011348660552935287,0.009709445968984477,0.0004265512126467705
2017,E07000038,88512,109687,32672,44149,0.7400394119912116,65502.36843416612,female,45-49,3814,0.04309020245842372,0.031888448089914145,0.2978657452569584,0.012835095268551602
2017,E07000038,88512,109687,32672,44149,0.7400394119912116,65502.36843416612,male,45-49,3629,0.04100009038322487,0.03034168277878826,0.2978657452569584,0.01221252247760193
2017,E07000137,123618,109687,8,63302,0.0001263783134814066,15.62263435594452,female,45-49,4759,0.03849762979501367,4.865265526525377e-06,7.293480540082235e-05,2.8078171374922225e-06
2017,E07000137,123618,109687,8,63302,0.0001263783134814066,15.62263435594452,male,45-49,4243,0.0343234803992946,4.337743565674968e-06,7.293480540082235e-05,2.503376363601492e-06
2017,E07000170,107837,109687,317,52127,0.006081301436875324,655.7893030483243,female,45-49,4840,0.04488255422535865,0.0002729443415013082,0.0028900416640075853,0.00012971245169836622
2017,E07000170,107837,109687,317,52127,0.006081301436875324,655.7893030483243,male,45-49,4634,0.04297226369427933,0.00026132728894980625,0.0028900416640075853,0.00012419163247318779
2017,E07000171,100579,109687,351,50493,0.006951458618026261,699.1707563424633,female,45-49,4383,0.043577685202676505,0.00030292847535578105,0.00320001458696108,0.00013944922831456285
2017,E07000171,100579,109687,351,50493,0.006951458618026261,699.1707563424633,male,45-49,4180,0.0415593712405174,0.0002888982493696475,0.00320001458696108,0.00013299059419458648
2017,E07000172,97769,109687,17,32522,0.0005227230797613923,51.10611278519156,female,45-49,3956,0.04046272335811965,2.1150799369289527e-05,0.00015498646147674746,6.2711743149875015e-06
2017,E07000172,97769,109687,17,32522,0.0005227230797613923,51.10611278519156,male,45-49,4027,0.041188924914850315,2.1530401683551295e-05,0.00015498646147674746,6.383725724584091e-06
2017,E07000174,92686,109687,555,48699,0.011396537916589664,1056.2995133370296,female,45-49,3751,0.040469973890339433,0.000461217591924647,0.00505985212468205,0.000204772083374861
2017,E07000174,92686,109687,555,48699,0.011396537916589664,1056.2995133370296,male,45-49,3800,0.04099864057139158,0.0004672425618004955,0.00505985212468205,0.00020744705860423137
2017,E07000175,104517,109687,72,52367,0.0013749116810204901,143.7016441652185,female,45-49,4392,0.04202187203995522,5.777636272608276e-05,0.0006564132486074012,2.758371353831152e-05
2017,E07000175,104517,109687,72,52367,0.0013749116810204901,143.7016441652185,male,45-49,4408,0.04217495718399877,5.7986841278818944e-05,0.0006564132486074012,2.7684200655026684e-05
2017,E07000198,86830,109687,43,38267,0.001123683591606345,97.56944625917892,female,45-49,3900,0.044915351836922725,5.047064387037597e-05,0.0003920245790294201,1.7607921895827922e-05
2017,E07000198,86830,109687,43,38267,0.001123683591606345,97.56944625917892,male,45-49,3842,0.04424737993780952,4.972005480768833e-05,0.0003920245790294201,1.7346060493274584e-05
2017,E08000018,224329,109687,184,122930,0.001496786789229643,335.7726836410966,female,45-49,9512,0.04240200776538031,6.3466765060034e-05,0.0016775005242189141,7.112939025435992e-05
2017,E08000018,224329,109687,184,122930,0.001496786789229643,335.7726836410966,male,45-49,9556,0.04259814825546408,6.376034555442439e-05,0.0016775005242189141,7.1458416029296e-05
2017,E08000019,497305,109687,3102,226013,0.013724874232898109,6825.448580391393,female,45-49,19228,0.03866440112204784,0.000530664042690431,0.02828047079416886,0.0010934474667061037
2017,E08000019,497305,109687,3102,226013,0.013724874232898109,6825.448580391393,male,45-49,18629,0.03745990890901962,0.0005141325385521134,0.02828047079416886,0.0010593838598537554
2017,E06000015,215352,109687,76,95103,0.0007991335709704215,172.09501277562217,female,50-54,8626,0.04005535123890189,3.200957587201817e-05,0.0006928806513078123,2.775357785477353e-05
2017,E06000015,215352,109687,76,95103,0.0007991335709704215,172.09501277562217,male,50-54,8484,0.03939596567480218,3.148263873153282e-05,0.0006928806513078123,2.7296702355657152e-05
2017,E06000049,327892,109687,12,171071,7.014631351894827e-05,23.00041503235499,female,50-54,15179,0.046292681736669394,3.247260966733302e-06,0.00010940220810123349,5.064521600919276e-06
2017,E06000049,327892,109687,12,171071,7.014631351894827e-05,23.00041503235499,male,50-54,14799,0.04513376355629293,3.1659671287098056e-06,0.00010940220810123349,4.937733392977429e-06
2017,E07000032,109917,109687,2626,46541,0.056423368642702136,6201.88741109989,female,50-54,5091,0.0463167662872895,0.0026133479785656138,0.02394084987281993,0.0011088627482784854
2017,E07000032,109917,109687,2626,46541,0.056423368642702136,6201.88741109989,male,50-54,5015,0.045625335480407946,0.002574335123258015,0.02394084987281993,0.0010923093071334917
2017,E07000033,68388,109687,16248,34935,0.4650923142979821,31806.733190210387,female,50-54,3108,0.0454465695736094,0.021136850219894247,0.14813058976907018,0.00673202715391984
2017,E07000033,68388,109687,16248,34935,0.4650923142979821,31806.733190210387,male,50-54,3065,0.04481780429315085,0.02084441632045556,0.14813058976907018,0.0066388877820992
2017,E07000034,91014,109687,39557,47045,0.8408332447656499,76527.59693910085,female,50-54,4136,0.045443558133913466,0.0382104544394349,0.3606352621550412,0.016388549500881734
2017,E07000034,91014,109687,39557,47045,0.8408332447656499,76527.59693910085,male,50-54,4078,0.044806293537258006,0.037674621180854816,0.3606352621550412,0.01615872941600477
2017,E07000035,63969,109687,12742,28157,0.4525340057534538,28948.147814042684,female,50-54,3159,0.049383295033531865,0.02234762031882882,0.11616691130215978,0.005736704853968684
2017,E07000035,63969,109687,12742,28157,0.4525340057534538,28948.147814042684,male,50-54,3106,0.04855476871609686,0.0219726839855278,0.11616691130215978,0.005640457510739706
2017,E07000036,99517,109687,40,39143,0.0010218940806785376,101.69583322688602,female,50-54,4681,0.04703718962589307,4.806702565045404e-05,0.0003646740270041117,1.715324135983045e-05
2017,E07000036,99517,109687,40,39143,0.0010218940806785376,101.69583322688602,male,50-54,4554,0.045761025754393725,4.676292134419306e-05,0.0003646740270041117,1.6687857541693632e-05
2017,E07000037,80375,109687,1065,41227,0.02583258544157955,2076.294054866956,female,50-54,3904,0.04857231726283048,0.0012547485357875775,0.009709445968984477,0.00047161029005182454
2017,E07000037,80375,109687,1065,41227,0.02583258544157955,2076.294054866956,male,50-54,3803,0.047315707620528766,0.0012222870598361062,0.009709445968984477,0.0004594093066257911
2017,E07000038,88512,109687,32672,44149,0.7400394119912116,65502.36843416612,female,50-54,4024,0.04546276211135213,0.03364423574038137,0.2978657452569584,0.013541799517737716
2017,E07000038,88512,109687,32672,44149,0.7400394119912116,65502.36843416612,male,50-54,3847,0.04346303326102675,0.03216435757784472,0.2978657452569584,0.012946148793423706
2017,E07000137,123618,109687,8,63302,0.0001263783134814066,15.62263435594452,female,50-54,5519,0.04464560177320455,5.6422358564600875e-06,7.293480540082235e-05,3.256218277331283e-06
2017,E07000137,123618,109687,8,63302,0.0001263783134814066,15.62263435594452,male,50-54,4879,0.03946836221262276,4.987945052304541e-06,7.293480540082235e-05,2.878617317466811e-06
2017,E07000170,107837,109687,317,52127,0.006081301436875324,655.7893030483243,female,50-54,4771,0.044242699629997134,0.00026905319283114493,0.0028900416640075853,0.00012786324525886468
2017,E07000170,107837,109687,317,52127,0.006081301436875324,655.7893030483243,male,50-54,4796,0.04447453100512811,0.0002704630293058417,0.0028900416640075853,0.0001285332475920174
2017,E07000171,100579,109687,351,50493,0.006951458618026261,699.1707563424633,female,50-54,4646,0.04619254516350332,0.0003211055661654024,0.00320001458696108,0.0001478168183320691
2017,E07000171,100579,109687,351,50493,0.006951458618026261,699.1707563424633,male,50-54,4618,0.045914157030791714,0.0003191703625811081,0.00320001458696108,0.0001469259722465551
2017,E07000172,97769,109687,17,32522,0.0005227230797613923,51.10611278519156,female,50-54,4218,0.04314250938436519,2.2551585374030137e-05,0.00015498646147674746,6.686504868710131e-06
2017,E07000172,97769,109687,17,32522,0.0005227230797613923,51.10611278519156,male,50-54,4121,0.04215037486319795,2.2032973761588004e-05,0.00015498646147674746,6.532737449965494e-06
2017,E07000174,92686,109687,555,48699,0.011396537916589664,1056.2995133370296,female,50-54,4161,0.04489351142567378,0.0005116306051715423,0.00505985212468205,0.0002271545291716333
2017,E07000174,92686,109687,555,48699,0.011396537916589664,1056.2995133370296,male,50-54,4053,0.04372828690417107,0.0004983510797308969,0.00505985212468205,0.00022125866540077623
2017,E07000175,104517,109687,72,52367,0.0013749116810204901,143.7016441652185,female,50-54,4758,0.04552369470995149,6.259105961992298e-05,0.0006564132486074012,2.9882356333170815e-05
2017,E07000175,104517,109687,72,52367,0.0013749116810204901,143.7016441652185,male,50-54,4651,0.044499937809160235,6.118348429849975e-05,0.0006564132486074012,2.9210348740138184e-05
2017,E07000198,86830,109687,43,38267,0.001123683591606345,97.56944625917892,female,50-54,3949,0.04547967292410457,5.110476221643966e-05,0.0003920245790294201,1.782914963246781e-05
2017,E07000198,86830,109687,43,38267,0.001123683591606345,97.56944625917892,male,50-54,3954,0.04553725670851088,5.1169468170119626e-05,0.0003920245790294201,1.7851723891308613e-05
2017,E08000018,224329,109687,184,122930,0.001496786789229643,335.7726836410966,female,50-54,9522,0.042446585149490255,6.353348789966817e-05,0.0016775005242189141,7.120416883957267e-05
2017,E08000018,224329,109687,184,122930,0.001496786789229643,335.7726836410966,male,50-54,9804,0.043703667381390726,6.541507197735211e-05,0.0016775005242189141,7.331292494257199e-05
2017,E08000019,497305,109687,3102,226013,0.013724874232898109,6825.448580391393,female,50-54,17854,0.03590150913423352,0.0004927436976385976,0.02828047079416886,0.0010153115805372776
2017,E08000019,497305,109687,3102,226013,0.013724874232898109,6825.448580391393,male,50-54,18112,0.036420305446355855,0.000499864111774968,0.02828047079416886,0.001029983384490376
2017,E06000015,215352,109687,76,95103,0.0007991335709704215,172.09501277562217,female,55-59,7322,0.03400014859392994,2.717066015939219e-05,0.0006928806513078123,2.355804510232457e-05
2017,E06000015,215352,109687,76,95103,0.0007991335709704215,172.09501277562217,male,55-59,7284,0.033823693302128616,2.7029648811938364e-05,0.0006928806513078123,2.343578264481456e-05
2017,E06000049,327892,109687,12,171071,7.014631351894827e-05,23.00041503235499,female,55-59,13706,0.04180034889536799,2.932140378815906e-06,0.00010940220810123349,4.573050468555215e-06
2017,E06000049,327892,109687,12,171071,7.014631351894827e-05,23.00041503235499,male,55-59,13488,0.04113549583399412,2.885503387528742e-06,0.00010940220810123349,4.500314075578049e-06
2017,E07000032,109917,109687,2626,46541,0.056423368642702136,6201.88741109989,female,55-59,4405,0.04007569347780598,0.0022612056267101804,0.02394084987281993,0.000959446161101302
2017,E07000032,109917,109687,2626,46541,0.056423368642702136,6201.88741109989,male,55-59,4432,0.040321333369724426,0.0022750654568852485,0.02394084987281993,0.0009653269888764973
2017,E07000033,68388,109687,16248,34935,0.4650923142979821,31806.733190210387,female,55-59,2629,0.0384424167982687,0.01787927259591441,0.14813058976907018,0.005694497872475953
2017,E07000033,68388,109687,16248,34935,0.4650923142979821,31806.733190210387,male,55-59,2744,0.04012399836228578,0.01866136325720393,0.14813058976907018,0.0059435915412985995
2017,E07000034,91014,109687,39557,47045,0.8408332447656499,76527.59693910085,female,55-59,3600,0.039554354275166466,0.03325861604979827,0.3606352621550412,0.014264694923398031
2017,E07000034,91014,109687,39557,47045,0.8408332447656499,76527.59693910085,male,55-59,3607,0.03963126551959039,0.03332328558100621,0.3606352621550412,0.014292431830193525
2017,E07000035,63969,109687,12742,28157,0.4525340057534538,28948.147814042684,female,55-59,2838,0.0443652394128406,0.020076779507703764,0.11616691130215978,0.005153772831770537
2017,E07000035,63969,109687,12742,28157,0.4525340057534538,28948.147814042684,male,55-59,2843,0.044443402272975975,0.02011215085990197,0.11616691130215978,0.005162852769811007
2017,E07000036,99517,109687,40,39143,0.0010218940806785376,101.69583322688602,female,55-59,3831,0.038495935367826604,3.933876848256557e-05,0.0003646740270041117,1.403846777387534e-05
2017,E07000036,99517,109687,40,39143,0.0010218940806785376,101.69583322688602,male,55-59,3933,0.039520885878794584,4.038615934271218e-05,0.0003646740270041117,1.441224060418995e-05
2017,E07000037,80375,109687,1065,41227,0.02583258544157955,2076.294054866956,female,55-59,3506,0.043620528771384136,0.0011268310364936597,0.009709445968984477,0.000423531167244287
2017,E07000037,80375,109687,1065,41227,0.02583258544157955,2076.294054866956,male,55-59,3502,0.04357076205287714,0.0011255454334856807,0.009709445968984477,0.0004230479599798897
2017,E07000038,88512,109687,32672,44149,0.7400394119912116,65502.36843416612,female,55-59,3723,0.04206209327548807,0.031127606774711686,0.2978657452569584,0.012528856760570951
2017,E07000038,88512,109687,32672,44149,0.7400394119912116,65502.36843416612,male,55-59,3654,0.04128253796095445,0.0305507051181296,0.2978657452569584,0.012296653935838371
2017,E07000137,123618,109687,8,63302,0.0001263783134814066,15.62263435594452,female,55-59,5610,0.045381740523224766,5.735267830175952e-06,7.293480540082235e-05,3.3099084138120126e-06
2017,E07000137,123618,109687,8,63302,0.0001263783134814066,15.62263435594452,male,55-59,5125,0.04145836366872138,5.239438080151828e-06,7.293480540082235e-05,3.0237576864147173e-06
2017,E07000170,107837,109687,317,52127,0.006081301436875324,655.7893030483243,female,55-59,4205,0.03899403729703163,0.00023713449504400845,0.0028900416640075853,0.00011269439243628714
2017,E07000170,107837,109687,317,52127,0.006081301436875324,655.7893030483243,male,55-59,4220,0.039133136122110224,0.00023798039692882653,0.0028900416640075853,0.00011309639383617876
2017,E07000171,100579,109687,351,50493,0.006951458618026261,699.1707563424633,female,55-59,4261,0.04236470833871882,0.00029449651688135585,0.00320001458696108,0.00013556768465625192
2017,E07000171,100579,109687,351,50493,0.006951458618026261,699.1707563424633,male,55-59,4196,0.041718450173495465,0.0002900040799892442,0.00320001458696108,0.00013349964910059446
2017,E07000172,97769,109687,17,32522,0.0005227230797613923,51.10611278519156,female,55-59,3856,0.0394399042641328,2.0616148222441967e-05,0.00015498646147674746,6.1126512028796265e-06
2017,E07000172,97769,109687,17,32522,0.0005227230797613923,51.10611278519156,male,55-59,3646,0.037291984166760425,1.9493380814062085e-05,0.00015498646147674746,5.779752667453091e-06
2017,E07000174,92686,109687,555,48699,0.011396537916589664,1056.2995133370296,female,55-59,3857,0.04161362017996245,0.00047425120022750284,0.00505985212468205,0.0002105587644832948
2017,E07000174,92686,109687,555,48699,0.011396537916589664,1056.2995133370296,male,55-59,3758,0.040545497701918315,0.00046207830190691114,0.00505985212468205,0.0002051542226933425
2017,E07000175,104517,109687,72,52367,0.0013749116810204901,143.7016441652185,female,55-59,4344,0.04156261660782457,5.714492706787421e-05,0.0006564132486074012,2.728225218816604e-05
2017,E07000175,104517,109687,72,52367,0.0013749116810204901,143.7016441652185,male,55-59,4246,0.0406249701005578,5.585574593236508e-05,0.0006564132486074012,2.6666768598285682e-05
2017,E07000198,86830,109687,43,38267,0.001123683591606345,97.56944625917892,female,55-59,3629,0.041794310722100665,4.6963581180921637e-05,0.0003920245790294201,1.638439706665629e-05
2017,E07000198,86830,109687,43,38267,0.001123683591606345,97.56944625917892,male,55-59,3570,0.04111482206610618,4.6200050927497996e-05,0.0003920245790294201,1.611802081233479e-05
2017,E08000018,224329,109687,184,122930,0.001496786789229643,335.7726836410966,female,55-59,8924,0.039780857579715515,5.954346208954408e-05,0.0016775005242189141,6.673240944385072e-05
2017,E08000018,224329,109687,184,122930,0.001496786789229643,335.7726836410966,male,55-59,8859,0.03949110458300086,5.9109763631921896e-05,0.0016775005242189141,6.624634863996789e-05
2017,E08000019,497305,109687,3102,226013,0.013724874232898109,6825.448580391393,female,55-59,16051,0.03227596746463438,0.00044298359419721805,0.02828047079416886,0.0009127795552371369
2017,E08000019,497305,109687,3102,226013,0.013724874232898109,6825.448580391393,male,55-59,16011,0.032195533927871216,0.00044187965402103655,0.02828047079416886,0.0009105048569498348
2017,E06000015,215352,109687,76,95103,0.0007991335709704215,172.09501277562217,female,60-64,6142,0.028520747427467588,2.2791886738457634e-05,0.0006928806513078123,1.9761474053329356e-05
2017,E06000015,215352,109687,76,95103,0.0007991335709704215,172.09501277562217,male,60-64,5911,0.027448084995727925,2.1934686178935707e-05,0.0006928806513078123,1.9018247008992155e-05
2017,E06000049,327892,109687,12,171071,7.014631351894827e-05,23.00041503235499,female,60-64,11700,0.03568248081685433,2.5029944865129213e-06,0.00010940220810123349,3.903742191893769e-06
2017,E06000049,327892,109687,12,171071,7.014631351894827e-05,23.00041503235499,male,60-64,11369,0.03467300208605272,2.432183274971402e-06,0.00010940220810123349,3.7933029897128433e-06
2017,E07000032,109917,109687,2626,46541,0.056423368642702136,6201.88741109989,female,60-64,4066,0.03699154816816325,0.002087187758956548,0.02394084987281993,0.0008856091012571838
2017,E07000032,109917,109687,2626,46541,0.056423368642702136,6201.88741109989,male,60-64,3986,0.03626372626618266,0.0020461215954748644,0.02394084987281993,0.0008681844263677161
2017,E07000033,68388,109687,16248,34935,0.4650923142979821,31806.733190210387,female,60-64,2426,0.035474059776568985,0.016498712559029426,0.14813058976907018,0.005254793396206415
2017,E07000033,68388,109687,16248,34935,0.4650923142979821,31806.733190210387,male,60-64,2367,0.03461133532198631,0.016097466045846102,0.14813058976907018,0.005126997513940883
2017,E07000034,91014,109687,39557,47045,0.8408332447656499,76527.59693910085,female,60-64,3208,0.03524732458742611,0.029637122302153568,0.3606352621550412,0.012711428142850244
2017,E07000034,91014,109687,39557,47045,0.8408332447656499,76527.59693910085,male,60-64,3257,0.03578570329839365,0.030089809020609155,0.3606352621550412,0.012905586490418716
2017,E07000035,63969,109687,12742,28157,0.4525340057534538,28948.147814042684,female,60-64,2659,0.041567009019994064,0.01881048509900786,0.11616691130215978,0.004828711049921725
2017,E07000035,63969,109687,12742,28157,0.4525340057534538,28948.147814042684,male,60-64,2548,0.03983179352498867,0.01802524108020761,0.11616691130215978,0.004627136425423301
2017,E07000036,99517,109687,40,39143,0.0010218940806785376,101.69583322688602,female,60-64,3288,0.033039581177085324,3.3762952432961525e-05,0.0003646740270041117,1.2048677118376953e-05
2017,E07000036,99517,109687,40,39143,0.0010218940806785376,101.69583322688602,male,60-64,3274,0.03289890169518776,3.361919290313747e-05,0.0003646740270041117,1.1997374965196515e-05
2017,E07000037,80375,109687,1065,41227,0.02583258544157955,2076.294054866956,female,60-64,2895,0.036018662519440116,0.0009304551770248561,0.009709445968984477,0.00034972125760759015
2017,E07000037,80375,109687,1065,41227,0.02583258544157955,2076.294054866956,male,60-64,3074,0.0382457231726283,0.0009879859116319195,0.009709445968984477,0.00037134478268937204
2017,E07000038,88512,109687,32672,44149,0.7400394119912116,65502.36843416612,female,60-64,3375,0.03813042299349241,0.0282180158110803,0.2978657452569584,0.01135774686191968
2017,E07000038,88512,109687,32672,44149,0.7400394119912116,65502.36843416612,male,60-64,3359,0.037949656543745484,0.02808424151390184,0.2978657452569584,0.011303902728648356
2017,E07000137,123618,109687,8,63302,0.0001263783134814066,15.62263435594452,female,60-64,5605,0.045341293339157734,5.730156183268487e-06,7.293480540082235e-05,3.306958406313072e-06
2017,E07000137,123618,109687,8,63302,0.0001263783134814066,15.62263435594452,male,60-64,5162,0.04175767283081752,5.2772642672670715e-06,7.293480540082235e-05,3.0455877419068818e-06
2017,E07000170,107837,109687,317,52127,0.006081301436875324,655.7893030483243,female,60-64,3579,0.033188979663751776,0.0002018321897175996,0.0028900416640075853,9.59175340141431e-05
2017,E07000170,107837,109687,317,52127,0.006081301436875324,655.7893030483243,male,60-64,3579,0.033188979663751776,0.0002018321897175996,0.0028900416640075853,9.59175340141431e-05
2017,E07000171,100579,109687,351,50493,0.006951458618026261,699.1707563424633,female,60-64,3643,0.03622028455244136,0.00025178380919943196,0.00320001458696108,0.00011590543891169343
2017,E07000171,100579,109687,351,50493,0.006951458618026261,699.1707563424633,male,60-64,3748,0.037264240050109865,0.0002590408226405356,0.00320001458696108,0.00011924611173237085
2017,E07000172,97769,109687,17,32522,0.0005227230797613923,51.10611278519156,female,60-64,3268,0.033425727991490135,1.7472399478978303e-05,0.00015498646147674746,5.180535303685326e-06
2017,E07000172,97769,109687,17,32522,0.0005227230797613923,51.10611278519156,male,60-64,3227,0.03300637216295554,1.7253192508770805e-05,0.00015498646147674746,5.115540827721098e-06
2017,E07000174,92686,109687,555,48699,0.011396537916589664,1056.2995133370296,female,60-64,3224,0.0347841097900438,0.00039641842611705185,0.00505985212468205,0.00017600245182632681
2017,E07000174,92686,109687,555,48699,0.011396537916589664,1056.2995133370296,male,60-64,3236,0.03491357918132188,0.0003978939289437904,0.00505985212468205,0.0001766575478008665
2017,E07000175,104517,109687,72,52367,0.0013749116810204901,143.7016441652185,female,60-64,3804,0.03639599299635466,5.004127591302797e-05,0.0006564132486074012,2.389081199902938e-05
2017,E07000175,104517,109687,72,52367,0.0013749116810204901,143.7016441652185,male,60-64,3659,0.03500865887845996,4.813381402885629e-05,0.0006564132486074012,2.298014750379824e-05
2017,E07000198,86830,109687,43,38267,0.001123683591606345,97.56944625917892,female,60-64,3319,0.03822411608890936,4.295181205276355e-05,0.0003920245790294201,1.4984793018526376e-05
2017,E07000198,86830,109687,43,38267,0.001123683591606345,97.56944625917892,male,60-64,3197,0.03681907174939537,4.137298678297229e-05,0.0003920245790294201,1.4433981102810736e-05
2017,E08000018,224329,109687,184,122930,0.001496786789229643,335.7726836410966,female,60-64,7768,0.03462771197660579,5.183030182783263e-05,0.0016775005242189141,5.808800499325778e-05
2017,E08000018,224329,109687,184,122930,0.001496786789229643,335.7726836410966,male,60-64,7629,0.034008086337477546,5.0902854356917496e-05,0.0016775005242189141,5.704858265880067e-05
2017,E08000019,497305,109687,3102,226013,0.013724874232898109,6825.448580391393,female,60-64,13586,0.02731925076160505,0.0003749532808400351,0.02828047079416886,0.0007726012732821472
2017,E08000019,497305,109687,3102,226013,0.013724874232898109,6825.448580391393,male,60-64,13232,0.026607413961251145,0.0003651834102808292,0.02828047079416886,0.0007524701934395237
2017,E06000015,215352,109687,76,95103,0.0007991335709704215,172.09501277562217,female,65-69,5906,0.02742486719417512,2.1916132054270725e-05,0.0006928806513078123,1.900215984353031e-05
2017,E06000015,215352,109687,76,95103,0.0007991335709704215,172.09501277562217,male,65-69,5506,0.025567443069950596,2.0431802081072575e-05,0.0006928806513078123,1.7715186606582778e-05
2017,E06000049,327892,109687,12,171071,7.014631351894827e-05,23.00041503235499,female,65-69,12397,0.03780818074243959,2.6521044999402298e-06,0.00010940220810123349,4.136298457513424e-06
2017,E06000049,327892,109687,12,171071,7.014631351894827e-05,23.00041503235499,male,65-69,11779,0.03592341380698523,2.519895047575701e-06,0.00010940220810123349,3.9301007930185234e-06
2017,E07000032,109917,109687,2626,46541,0.056423368642702136,6201.88741109989,female,65-69,4183,0.038055987699809855,0.0021472470230485094,0.02394084987281993,0.0009110926882830297
2017,E07000032,109917,109687,2626,46541,0.056423368642702136,6201.88741109989,male,65-69,4169,0.037928618866963255,0.0021400604444392146,0.02394084987281993,0.000908043370177373
2017,E07000033,68388,109687,16248,34935,0.4650923142979821,31806.733190210387,female,65-69,2355,0.03443586594139323,0.016015856585537634,0.14813058976907018,0.005101005131107216
2017,E07000033,68388,109687,16248,34935,0.4650923142979821,31806.733190210387,male,65-69,2288,0.033456161899748496,0.015560203765481997,0.14813058976907018,0.00495588099361924
2017,E07000034,91014,109687,39557,47045,0.8408332447656499,76527.59693910085,female,65-69,3207,0.03523633726679412,0.02962788379769529,0.3606352621550412,0.012707465727593743
2017,E07000034,91014,109687,39557,47045,0.8408332447656499,76527.59693910085,male,65-69,3082,0.03386292218779528,0.028473070740410632,0.3606352621550412,0.012212163820531313
2017,E07000035,63969,109687,12742,28157,0.4525340057534538,28948.147814042684,female,65-69,2861,0.04472478856946333,0.020239487727815527,0.11616691130215978,0.005195540546756697
2017,E07000035,63969,109687,12742,28157,0.4525340057534538,28948.147814042684,male,65-69,2782,0.043489815379324365,0.019680620363083816,0.11616691130215978,0.005052077525717277
2017,E07000036,99517,109687,40,39143,0.0010218940806785376,101.69583322688602,female,65-69,3305,0.03321040626224665,3.3937517576319284e-05,0.0003646740270041117,1.2110972590096055e-05
2017,E07000036,99517,109687,40,39143,0.0010218940806785376,101.69583322688602,male,65-69,3109,0.031240893515680736,3.192488415878265e-05,0.0003646740270041117,1.1392742445569935e-05
2017,E07000037,80375,109687,1065,41227,0.02583258544157955,2076.294054866956,female,65-69,2954,0.03675272161741836,0.0009494178213925472,0.009709445968984477,0.0003568485647574512
2017,E07000037,80375,109687,1065,41227,0.02583258544157955,2076.294054866956,male,65-69,2934,0.036503888024883364,0.0009429898063526517,0.009709445968984477,0.00035443252843546434
2017,E07000038,88512,109687,32672,44149,0.7400394119912116,65502.36843416612,female,65-69,3632,0.04103398409255242,0.030366765459509226,0.2978657452569584,0.012222618252590302
2017,E07000038,88512,109687,32672,44149,0.7400394119912116,65502.36843416612,male,65-69,3327,0.037588123644251625,0.02781669291954493,0.2978657452569584,0.011196214462105709
2017,E07000137,123618,109687,8,63302,0.0001263783134814066,15.62263435594452,female,65-69,6178,0.04997654063324111,6.315950918863998e-06,7.293480540082235e-05,3.645029265691731e-06
2017,E07000137,123618,109687,8,63302,0.0001263783134814066,15.62263435594452,male,65-69,5855,0.04736365254250999,5.985738528641747e-06,7.293480540082235e-05,3.45445878126013e-06
2017,E07000170,107837,109687,317,52127,0.006081301436875324,655.7893030483243,female,65-69,3643,0.033782467984087086,0.00020544137109282344,0.0028900416640075853,9.763273998701404e-05
2017,E07000170,107837,109687,317,52127,0.006081301436875324,655.7893030483243,male,65-69,3456,0.03204836929810733,0.00019489579426209115,0.0028900416640075853,9.262112253503173e-05
2017,E07000171,100579,109687,351,50493,0.006951458618026261,699.1707563424633,female,65-69,3821,0.03799003768182225,0.0002640861748424457,0.00320001458696108,0.00012156867474103228
2017,E07000171,100579,109687,351,50493,0.006951458618026261,699.1707563424633,male,65-69,3679,0.03657821215164199,0.0002542719280935246,0.00320001458696108,0.0001170508124502114
2017,E07000172,97769,109687,17,32522,0.0005227230797613923,51.10611278519156,female,65-69,3490,0.035696386380140936,1.865932502497989e-05,0.00015498646147674746,5.532456612564807e-06
2017,E07000172,97769,109687,17,32522,0.0005227230797613923,51.10611278519156,male,65-69,3207,0.03280180834415817,1.7146262279401293e-05,0.00015498646147674746,5.083836205299524e-06
2017,E07000174,92686,109687,555,48699,0.011396537916589664,1056.2995133370296,female,65-69,3036,0.032755755993353904,0.0003733022151648169,0.00505985212468205,0.00016573928155853856
2017,E07000174,92686,109687,555,48699,0.011396537916589664,1056.2995133370296,male,65-69,3070,0.033122585935308466,0.0003774828065072424,0.00505985212468205,0.00016759538681973427
2017,E07000175,104517,109687,72,52367,0.0013749116810204901,143.7016441652185,female,65-69,3904,0.03735277514662686,5.1356766867629105e-05,0.0006564132486074012,2.451885647849913e-05
2017,E07000175,104517,109687,72,52367,0.0013749116810204901,143.7016441652185,male,65-69,3740,0.03578365242018045,4.919936170208323e-05,0.0006564132486074012,2.348886353216874e-05
2017,E07000198,86830,109687,43,38267,0.001123683591606345,97.56944625917892,female,65-69,3668,0.04224346424046988,4.74682876196254e-05,0.0003920245790294201,1.6560476285614566e-05
2017,E07000198,86830,109687,43,38267,0.001123683591606345,97.56944625917892,male,65-69,3493,0.040228031786248994,4.5203579240826474e-05,0.0003920245790294201,1.5770377226186394e-05
2017,E08000018,224329,109687,184,122930,0.001496786789229643,335.7726836410966,female,65-69,7417,0.0330630457943467,4.948833015667285e-05,0.0016775005242189141,5.546327665229054e-05
2017,E08000018,224329,109687,184,122930,0.001496786789229643,335.7726836410966,male,65-69,7326,0.032657391598946185,4.888115231600178e-05,0.0016775005242189141,5.478279152685459e-05
2017,E08000019,497305,109687,3102,226013,0.013724874232898109,6825.448580391393,female,65-69,13039,0.026219322146368927,0.0003598568989307536,0.02828047079416886,0.0007414947742032912
2017,E08000019,497305,109687,3102,226013,0.013724874232898109,6825.448580391393,male,65-69,12261,0.0246548898563256,0.00033838526250402407,0.02828047079416886,0.0006972518925152661
2017,E06000015,215352,109687,76,95103,0.0007991335709704215,172.09501277562217,female,70-74,5435,0.025237750287900738,2.01683335108299e-05,0.0006928806513078123,1.748674885702459e-05
2017,E06000015,215352,109687,76,95103,0.0007991335709704215,172.09501277562217,male,70-74,4904,0.02277201976299268,1.8197885471409353e-05,0.0006928806513078123,1.577829188497674e-05
2017,E06000049,327892,109687,12,171071,7.014631351894827e-05,23.00041503235499,female,70-74,11548,0.035218913544703745,2.4704769513035226e-06,0.00010940220810123349,3.85302690871703e-06
2017,E06000049,327892,109687,12,171071,7.014631351894827e-05,23.00041503235499,male,70-74,10860,0.0331206616812853,2.323292318250455e-06,0.00010940220810123349,3.6234735217065247e-06
2017,E07000032,109917,109687,2626,46541,0.056423368642702136,6201.88741109989,female,70-74,3869,0.03519928673453606,0.001986062331382903,0.02394084987281993,0.00084270083934187
2017,E07000032,109917,109687,2626,46541,0.056423368642702136,6201.88741109989,male,70-74,3703,0.033689056287926344,0.0019008500421584106,0.02394084987281993,0.000806544638946225
2017,E07000033,68388,109687,16248,34935,0.4650923142979821,31806.733190210387,female,70-74,2191,0.032037784406621035,0.01490052729465518,0.14813058976907018,0.004745775899047095
2017,E07000033,68388,109687,16248,34935,0.4650923142979821,31806.733190210387,male,70-74,2184,0.03193542726794175,0.01485292177614191,0.14813058976907018,0.004730613675727457
2017,E07000034,91014,109687,39557,47045,0.8408332447656499,76527.59693910085,female,70-74,3053,0.03354428988946755,0.028205154111120588,0.3606352621550412,0.012097253778092829
2017,E07000034,91014,109687,39557,47045,0.8408332447656499,76527.59693910085,male,70-74,2739,0.03009427121102248,0.02530426371122152,0.3606352621550412,0.010853055387552001
2017,E07000035,63969,109687,12742,28157,0.4525340057534538,28948.147814042684,female,70-74,2624,0.041019868999046416,0.018562885633620397,0.11616691130215978,0.004765151483638439
2017,E07000035,63969,109687,12742,28157,0.4525340057534538,28948.147814042684,male,70-74,2546,0.03980052838093452,0.018011092539328324,0.11616691130215978,0.004623504450207113
2017,E07000036,99517,109687,40,39143,0.0010218940806785376,101.69583322688602,female,70-74,3243,0.032587397128128866,3.3300868229955666e-05,0.0003646740270041117,1.1883777340296976e-05
2017,E07000036,99517,109687,40,39143,0.0010218940806785376,101.69583322688602,male,70-74,2917,0.029311574906799844,2.9953324892624322e-05,0.0003646740270041117,1.0689170059095367e-05
2017,E07000037,80375,109687,1065,41227,0.02583258544157955,2076.294054866956,female,70-74,2665,0.03315707620528771,0.0008565330040660589,0.009709445968984477,0.00032193683990474183
2017,E07000037,80375,109687,1065,41227,0.02583258544157955,2076.294054866956,male,70-74,2469,0.030718506998444788,0.0007935384566750845,0.009709445968984477,0.0002982596839492712
2017,E07000038,88512,109687,32672,44149,0.7400394119912116,65502.36843416612,female,70-74,3523,0.039802512653651485,0.029455428059981005,0.2978657452569584,0.01185580509467942
2017,E07000038,88512,109687,32672,44149,0.7400394119912116,65502.36843416612,male,70-74,3311,0.0374073571945047,0.027682918622366475,0.2978657452569584,0.011142370328834387
2017,E07000137,123618,109687,8,63302,0.0001263783134814066,15.62263435594452,female,70-74,5752,0.046530440550728865,5.880438602347965e-06,7.293480540082235e-05,3.393688626781942e-06
2017,E07000137,123618,109687,8,63302,0.0001263783134814066,15.62263435594452,male,70-74,5904,0.04776003494636703,6.035832668334908e-06,7.293480540082235e-05,3.4833688547497545e-06
2017,E07000170,107837,109687,317,52127,0.006081301436875324,655.7893030483243,female,70-74,3385,0.03138996819273533,0.0001908918586739521,0.0028900416640075853,9.0718315908878e-05
2017,E07000170,107837,109687,317,52127,0.006081301436875324,655.7893030483243,male,70-74,3195,0.02962804974173985,0.0001801771014662561,0.0028900416640075853,8.562629817691733e-05
2017,E07000171,100579,109687,351,50493,0.006951458618026261,699.1707563424633,female,70-74,3411,0.03391364002425954,0.00023574926521527929,0.00320001458696108,0.00010852414277457764
2017,E07000171,100579,109687,351,50493,0.006951458618026261,699.1707563424633,male,70-74,3311,0.03291939669314668,0.00022883782384279966,0.00320001458696108,0.00010534254961202772
2017,E07000172,97769,109687,17,32522,0.0005227230797613923,51.10611278519156,female,70-74,3250,0.03324162055457251,1.7376162272545747e-05,0.00015498646147674746,5.1520011435059095e-06
2017,E07000172,97769,109687,17,32522,0.0005227230797613923,51.10611278519156,male,70-74,3040,0.03109370045720013,1.6253394864165865e-05,0.00015498646147674746,4.819102608079373e-06
2017,E07000174,92686,109687,555,48699,0.011396537916589664,1056.2995133370296,female,70-74,2861,0.030867660703881927,0.00035178446560821513,0.00505985212468205,0.00015618579859650157
2017,E07000174,92686,109687,555,48699,0.011396537916589664,1056.2995133370296,male,70-74,2599,0.028040912327643868,0.0003195693205577599,0.00505985212468205,0.00014188286981905193
2017,E07000175,104517,109687,72,52367,0.0013749116810204901,143.7016441652185,female,70-74,3691,0.03531482916654707,4.8554771134328663e-05,0.0006564132486074012,2.318112173722856e-05
2017,E07000175,104517,109687,72,52367,0.0013749116810204901,143.7016441652185,male,70-74,3483,0.03332472229398088,4.581854994875825e-05,0.0006564132486074012,2.1874789219931477e-05
2017,E07000198,86830,109687,43,38267,0.001123683591606345,97.56944625917892,female,70-74,3332,0.03837383392836577,4.3120047532331465e-05,0.0003920245790294201,1.5043486091512466e-05
2017,E07000198,86830,109687,43,38267,0.001123683591606345,97.56944625917892,male,70-74,3224,0.03713002418518945,4.172239893284413e-05,0.0003920245790294201,1.4555882100551081e-05
2017,E08000018,224329,109687,184,122930,0.001496786789229643,335.7726836410966,female,70-74,7195,0.0320734278671059,4.8007083116794e-05,0.0016775005242189141,5.380319206056767e-05
2017,E08000018,224329,109687,184,122930,0.001496786789229643,335.7726836410966,male,70-74,6585,0.02935420743639922,4.393698989910889e-05,0.0016775005242189141,4.924169836259042e-05
2017,E08000019,497305,109687,3102,226013,0.013724874232898109,6825.448580391393,female,70-74,12611,0.025358683303003192,0.00034804473904561186,0.02828047079416886,0.0007171555025291593
2017,E08000019,497305,109687,3102,226013,0.013724874232898109,6825.448580391393,male,70-74,11208,0.02253747700103558,0.00030932403736604703,0.02828047079416886,0.0006373704601020392
2017,E06000015,215352,109687,76,95103,0.0007991335709704215,172.09501277562217,female,75-79,4170,0.01936364649504068,1.5474139970590743e-05,0.0006928806513078123,1.341669599517802e-05
2017,E06000015,215352,109687,76,95103,0.0007991335709704215,172.09501277562217,male,75-79,3411,0.01583918421932464,1.2657623846447248e-05,0.0006928806513078123,1.0974664278070081e-05
2017,E06000049,327892,109687,12,171071,7.014631351894827e-05,23.00041503235499,female,75-79,8297,0.02530406353311456,1.7749867738972401e-06,0.00010940220810123349,2.768320424456633e-06
2017,E06000049,327892,109687,12,171071,7.014631351894827e-05,23.00041503235499,male,75-79,7224,0.022031644565893647,1.5454386470572088e-06,0.00010940220810123349,2.410310563610307e-06
2017,E07000032,109917,109687,2626,46541,0.056423368642702136,6201.88741109989,female,75-79,2483,0.02258977228272242,0.001274591049062742,0.02394084987281993,0.0005408183468818464
2017,E07000032,109917,109687,2626,46541,0.056423368642702136,6201.88741109989,male,75-79,2329,0.021188715121409792,0.0011955386843605018,0.02394084987281993,0.0005072758477196215
2017,E07000033,68388,109687,16248,34935,0.4650923142979821,31806.733190210387,female,75-79,1468,0.021465754225887583,0.009983557311069743,0.14813058976907018,0.003179734833318638
2017,E07000033,68388,109687,16248,34935,0.4650923142979821,31806.733190210387,male,75-79,1369,0.02001813183599462,0.009310279263524849,0.14813058976907018,0.0029652976749408822
2017,E07000034,91014,109687,39557,47045,0.8408332447656499,76527.59693910085,female,75-79,2118,0.023271145098556267,0.019567152442631318,0.3606352621550412,0.00839239551326584
2017,E07000034,91014,109687,39557,47045,0.8408332447656499,76527.59693910085,male,75-79,1814,0.0199309996264311,0.016758647087315018,0.3606352621550412,0.0071878212752900066
2017,E07000035,63969,109687,12742,28157,0.4525340057534538,28948.147814042684,female,75-79,1773,0.027716550204005062,0.01254268148948512,0.11616691130215978,0.003219746029150515
2017,E07000035,63969,109687,12742,28157,0.4525340057534538,28948.147814042684,male,75-79,1558,0.02435554721818381,0.011021713344962108,0.11616691130215978,0.0028293086934103226
2017,E07000036,99517,109687,40,39143,0.0010218940806785376,101.69583322688602,female,75-79,2203,0.022136921330024012,2.2621588871598e-05,0.0003646740270041117,8.072760246893074e-06
2017,E07000036,99517,109687,40,39143,0.0010218940806785376,101.69583322688602,male,75-79,1971,0.01980566134429293,2.0239288091656675e-05,0.0003646740270041117,7.2226102799029725e-06
2017,E07000037,80375,109687,1065,41227,0.02583258544157955,2076.294054866956,female,75-79,1818,0.022618973561430798,0.0005843065671264898,0.009709445968984477,0.00021961770166860063
2017,E07000037,80375,109687,1065,41227,0.02583258544157955,2076.294054866956,male,75-79,1539,0.019147744945567653,0.0004946357573199494,0.009709445968984477,0.0001859139949768847
2017,E07000038,88512,109687,32672,44149,0.7400394119912116,65502.36843416612,female,75-79,2457,0.027758947939262472,0.020542715510466453,0.2978657452569584,0.008268439715477527
2017,E07000038,88512,109687,32672,44149,0.7400394119912116,65502.36843416612,male,75-79,2200,0.02485538684020246,0.018393965862037526,0.2978657452569584,0.007403568324806903
2017,E07000137,123618,109687,8,63302,0.0001263783134814066,15.62263435594452,female,75-79,3901,0.0315568930091087,3.988106917204348e-06,7.293480540082235e-05,2.3015958506739143e-06
2017,E07000137,123618,109687,8,63302,0.0001263783134814066,15.62263435594452,male,75-79,3673,0.029712501415651443,3.755015818223935e-06,7.293480540082235e-05,2.167075508722196e-06
2017,E07000170,107837,109687,317,52127,0.006081301436875324,655.7893030483243,female,75-79,2413,0.022376364327642645,0.00013607741653773897,0.0028900416640075853,6.466862519590031e-05
2017,E07000170,107837,109687,317,52127,0.006081301436875324,655.7893030483243,male,75-79,2118,0.019640754101097026,0.00011944134613631626,0.0028900416640075853,5.676259766469825e-05
2017,E07000171,100579,109687,351,50493,0.006951458618026261,699.1707563424633,female,75-79,2380,0.023662991280485983,0.00016449230466501454,0.00320001458696108,7.572191726868801e-05
2017,E07000171,100579,109687,351,50493,0.006951458618026261,699.1707563424633,male,75-79,2125,0.021127670786148203,0.0001468681291651916,0.00320001458696108,6.760885470418572e-05
2017,E07000172,97769,109687,17,32522,0.0005227230797613923,51.10611278519156,female,75-79,2283,0.023350959915719702,1.2206085682529825e-05,0.00015498646147674746,3.6190826494227663e-06
2017,E07000172,97769,109687,17,32522,0.0005227230797613923,51.10611278519156,male,75-79,1983,0.020282502633759168,1.0602132241987142e-05,0.00015498646147674746,3.1435133130991443e-06
2017,E07000174,92686,109687,555,48699,0.011396537916589664,1056.2995133370296,female,75-79,1948,0.021017197850808102,0.00023952329220720136,0.00505985212468205,0.0001063439132002744
2017,E07000174,92686,109687,555,48699,0.011396537916589664,1056.2995133370296,male,75-79,1650,0.01780204130073582,0.0002028816386765309,0.00505985212468205,9.007569649920573e-05
2017,E07000175,104517,109687,72,52367,0.0013749116810204901,143.7016441652185,female,75-79,2531,0.024216156223389497,3.329507606095525e-05,0.0006564132486074012,1.589580577537943e-05
2017,E07000175,104517,109687,72,52367,0.0013749116810204901,143.7016441652185,male,75-79,2231,0.021345809772572884,2.9348603197151788e-05,0.0006564132486074012,1.4011672336970176e-05
2017,E07000198,86830,109687,43,38267,0.001123683591606345,97.56944625917892,female,75-79,2362,0.027202579753541404,3.056709251841745e-05,0.0003920245790294201,1.0664079876396297e-05
2017,E07000198,86830,109687,43,38267,0.001123683591606345,97.56944625917892,male,75-79,2182,0.0251295635149142,2.8237678185938557e-05,0.0003920245790294201,9.851406558127314e-06
2017,E08000018,224329,109687,184,122930,0.001496786789229643,335.7726836410966,female,75-79,5220,0.023269394505391637,3.482932228904304e-05,0.0016775005242189141,3.903442148105118e-05
2017,E08000018,224329,109687,184,122930,0.001496786789229643,335.7726836410966,male,75-79,4497,0.02004644963424256,3.0005260983491682e-05,0.0016775005242189141,3.3627929770169955e-05
2017,E08000019,497305,109687,3102,226013,0.013724874232898109,6825.448580391393,female,75-79,9566,0.01923568031690813,0.0002640072931337977,0.02828047079416886,0.0005439940954082891
2017,E08000019,497305,109687,3102,226013,0.013724874232898109,6825.448580391393,male,75-79,7978,0.016042468907410946,0.00022018086813939357,0.02828047079416886,0.0004536885734023973
2017,E06000015,215352,109687,76,95103,0.0007991335709704215,172.09501277562217,female,80-84,3508,0.016289609569449092,1.30175738649478e-05,0.0006928806513078123,1.1286755288029856e-05
2017,E06000015,215352,109687,76,95103,0.0007991335709704215,172.09501277562217,male,80-84,2610,0.012119692410565028,9.685253075117946e-06,0.0006928806513078123,8.397500371082646e-06
2017,E06000049,327892,109687,12,171071,7.014631351894827e-05,23.00041503235499,female,80-84,6418,0.01957351810962146,1.3730101379863187e-06,0.00010940220810123349,2.1413861015020697e-06
2017,E06000049,327892,109687,12,171071,7.014631351894827e-05,23.00041503235499,male,80-84,5150,0.015706391128786308,1.1017454363710725e-06,0.00010940220810123349,1.7183138707908474e-06
2017,E07000032,109917,109687,2626,46541,0.056423368642702136,6201.88741109989,female,80-84,1931,0.01756780115905638,0.000991234521039128,0.02394084987281993,0.0004205880901445208
2017,E07000032,109917,109687,2626,46541,0.056423368642702136,6201.88741109989,male,80-84,1431,0.01301891427167772,0.0007345709992786079,0.02394084987281993,0.0003116838720853492
2017,E07000033,68388,109687,16248,34935,0.4650923142979821,31806.733190210387,female,80-84,1184,0.017312978885184536,0.008052133417102572,0.14813058976907018,0.0025645817729218444
2017,E07000033,68388,109687,16248,34935,0.4650923142979821,31806.733190210387,male,80-84,869,0.012706907644616015,0.005909885084005181,0.14813058976907018,0.0018822817235380766
2017,E07000034,91014,109687,39557,47045,0.8408332447656499,76527.59693910085,female,80-84,1635,0.017964269233304766,0.015104954789283382,0.3606352621550412,0.0064785489443766045
2017,E07000034,91014,109687,39557,47045,0.8408332447656499,76527.59693910085,male,80-84,1195,0.013129848155228866,0.01104001282764137,0.3606352621550412,0.004735086231516846
2017,E07000035,63969,109687,12742,28157,0.4525340057534538,28948.147814042684,female,80-84,1386,0.021666744829526803,0.0098049388293437,0.11616691130215978,0.002516958824818169
2017,E07000035,63969,109687,12742,28157,0.4525340057534538,28948.147814042684,male,80-84,1122,0.01753974581437884,0.007937331433278233,0.11616691130215978,0.002037538096281375
2017,E07000036,99517,109687,40,39143,0.0010218940806785376,101.69583322688602,female,80-84,1787,0.017956731010782077,1.8349877128254936e-05,0.0003646740270041117,6.548353409531512e-06
2017,E07000036,99517,109687,40,39143,0.0010218940806785376,101.69583322688602,male,80-84,1390,0.013967462845543977,1.4273267603958795e-05,0.0003646740270041117,5.09357092291483e-06
2017,E07000037,80375,109687,1065,41227,0.02583258544157955,2076.294054866956,female,80-84,1340,0.016671850699844483,0.0004306770076729903,0.009709445968984477,0.00016187443357311597
2017,E07000037,80375,109687,1065,41227,0.02583258544157955,2076.294054866956,male,80-84,989,0.012304821150855363,0.00031786534372282637,0.009709445968984477,0.00011947299612224754
2017,E07000038,88512,109687,32672,44149,0.7400394119912116,65502.36843416612,female,80-84,1762,0.01990690527838033,0.014731894476777328,0.2978657452569584,0.005929585176504436
2017,E07000038,88512,109687,32672,44149,0.7400394119912116,65502.36843416612,male,80-84,1395,0.015760574837310196,0.011663446535246523,0.2978657452569584,0.004694535369593468
2017,E07000137,123618,109687,8,63302,0.0001263783134814066,15.62263435594452,female,80-84,2709,0.021914284327525117,2.7694902944646446e-06,7.293480540082235e-05,1.5983140629263353e-06
2017,E07000137,123618,109687,8,63302,0.0001263783134814066,15.62263435594452,male,80-84,2457,0.019875746250546042,2.511863290328399e-06,7.293480540082235e-05,1.4496336849796998e-06
2017,E07000170,107837,109687,317,52127,0.006081301436875324,655.7893030483243,female,80-84,1721,0.015959271864016987,9.705314291813045e-05,0.0028900416640075853,4.6122960614233087e-05
2017,E07000170,107837,109687,317,52127,0.006081301436875324,655.7893030483243,male,80-84,1375,0.01275072563220416,7.754100610832617e-05,0.0028900416640075853,3.685012832339948e-05
2017,E07000171,100579,109687,351,50493,0.006951458618026261,699.1707563424633,female,80-84,1773,0.017627934260630945,0.00012253985553406337,0.00320001458696108,5.640964677201001e-05
2017,E07000171,100579,109687,351,50493,0.006951458618026261,699.1707563424633,male,80-84,1428,0.01419779476829159,9.869538279900876e-05,0.00320001458696108,4.5433150361212796e-05
2017,E07000172,97769,109687,17,32522,0.0005227230797613923,51.10611278519156,female,80-84,1743,0.017827736808190737,9.318969489552997e-06,0.00015498646147674746,2.763057844040246e-06
2017,E07000172,97769,109687,17,32522,0.0005227230797613923,51.10611278519156,male,80-84,1368,0.01399216520574006,7.31402768887464e-06,0.00015498646147674746,2.1685961736357184e-06
2017,E07000174,92686,109687,555,48699,0.011396537916589664,1056.2995133370296,female,80-84,1536,0.016572082083594068,0.00018886436182251605,0.00505985212468205,8.385228474107879e-05
2017,E07000174,92686,109687,555,48699,0.011396537916589664,1056.2995133370296,male,80-84,1178,0.01270957857713139,0.00014484519415815358,0.00505985212468205,6.430858816731172e-05
2017,E07000175,104517,109687,72,52367,0.0013749116810204901,143.7016441652185,female,80-84,1866,0.017853554924079338,2.454706121285757e-05,0.0006564132486074012,1.1719309986905581e-05
2017,E07000175,104517,109687,72,52367,0.0013749116810204901,143.7016441652185,male,80-84,1495,0.01430389314656946,1.966658977128728e-05,0.0006564132486074012,9.389264968072798e-06
2017,E07000198,86830,109687,43,38267,0.001123683591606345,97.56944625917892,female,80-84,1712,0.01971668778072095,2.215531854002145e-05,0.0003920245790294201,7.729426227091641e-06
2017,E07000198,86830,109687,43,38267,0.001123683591606345,97.56944625917892,male,80-84,1394,0.01605435909247956,1.8040019885975408e-05,0.0003920245790294201,6.293703364816443e-06
2017,E08000018,224329,109687,184,122930,0.001496786789229643,335.7726836410966,female,80-84,3808,0.01697506786906731,2.540805733269653e-05,0.0016775005242189141,2.847568524901205e-05
2017,E08000018,224329,109687,184,122930,0.001496786789229643,335.7726836410966,male,80-84,2962,0.013203821173365904,1.976330509964473e-05,0.0016775005242189141,2.21494169400141e-05
2017,E08000019,497305,109687,3102,226013,0.013724874232898109,6825.448580391393,female,80-84,7730,0.015543780979479394,0.00021333643904706843,0.02828047079416886,0.00043958544402112443
2017,E08000019,497305,109687,3102,226013,0.013724874232898109,6825.448580391393,male,80-84,5776,0.011614602708599351,0.0001594089614406038,0.02828047079416886,0.0003284664326864185
2017,E06000015,215352,109687,76,95103,0.0007991335709704215,172.09501277562217,female,85-89,2481,0.01152067313050262,9.206556658761544e-06,0.0006928806513078123,7.982451502167067e-06
2017,E06000015,215352,109687,76,95103,0.0007991335709704215,172.09501277562217,male,85-89,1490,0.006918904862736357,5.5291291501631184e-06,0.0006928806513078123,4.793975307629557e-06
2017,E06000049,327892,109687,12,171071,7.014631351894827e-05,23.00041503235499,female,85-89,4501,0.013727080868090713,9.629041182730477e-07,0.00010940220810123349,1.5017729577533213e-06
2017,E06000049,327892,109687,12,171071,7.014631351894827e-05,23.00041503235499,male,85-89,2802,0.008545496687933831,5.994350898469406e-07,0.00010940220810123349,9.348962069817387e-07
2017,E07000032,109917,109687,2626,46541,0.056423368642702136,6201.88741109989,female,85-89,1233,0.011217555064275771,0.000632932244661442,0.02394084987281993,0.0002685578017339172
2017,E07000032,109917,109687,2626,46541,0.056423368642702136,6201.88741109989,male,85-89,806,0.007332805662454397,0.0004137415970779581,0.02394084987281993,0.00017555359951138466
2017,E07000033,68388,109687,16248,34935,0.4650923142979821,31806.733190210387,female,85-89,717,0.01048429549043692,0.004876165253431203,0.14813058976907018,0.0015530448743116235
2017,E07000033,68388,109687,16248,34935,0.4650923142979821,31806.733190210387,male,85-89,430,0.0062876528045856,0.0029243389943869142,0.14813058976907018,0.000931393718206413
2017,E07000034,91014,109687,39557,47045,0.8408332447656499,76527.59693910085,female,85-89,1098,0.012064078053925769,0.010143877895188471,0.3606352621550412,0.004350731951636397
2017,E07000034,91014,109687,39557,47045,0.8408332447656499,76527.59693910085,male,85-89,680,0.0074713780297536656,0.006282183031628562,0.3606352621550412,0.002694442374419628
2017,E07000035,63969,109687,12742,28157,0.4525340057534538,28948.147814042684,female,85-89,925,0.014460129125044944,0.006543700156668775,0.11616691130215978,0.0016797885374868734
2017,E07000035,63969,109687,12742,28157,0.4525340057534538,28948.147814042684,male,85-89,547,0.008551016898810361,0.003869625930484129,0.11616691130215978,0.0009933452216273726
2017,E07000036,99517,109687,40,39143,0.0010218940806785376,101.69583322688602,female,85-89,1242,0.012480279751198288,1.2753524002961744e-05,0.0003646740270041117,4.551233875007353e-06
2017,E07000036,99517,109687,40,39143,0.0010218940806785376,101.69583322688602,male,85-89,754,0.007576594953626014,7.742477534809301e-06,0.0003646740270041117,2.762987392717829e-06
2017,E07000037,80375,109687,1065,41227,0.02583258544157955,2076.294054866956,female,85-89,870,0.01082426127527216,0.00027961865423544894,0.009709445968984477,0.00010509758000642604
2017,E07000037,80375,109687,1065,41227,0.02583258544157955,2076.294054866956,male,85-89,561,0.006979782270606532,0.00018030582186906533,0.009709445968984477,6.77698188317299e-05
2017,E07000038,88512,109687,32672,44149,0.7400394119912116,65502.36843416612,female,85-89,1100,0.01242769342010123,0.009196982931018763,0.2978657452569584,0.003701784162403451
2017,E07000038,88512,109687,32672,44149,0.7400394119912116,65502.36843416612,male,85-89,730,0.008247469269703545,0.006103452308766997,0.2978657452569584,0.0024566385805041085
2017,E07000137,123618,109687,8,63302,0.0001263783134814066,15.62263435594452,female,85-89,1806,0.014609522885016744,1.8463268629764302e-06,7.293480540082235e-05,1.065542708617557e-06
2017,E07000137,123618,109687,8,63302,0.0001263783134814066,15.62263435594452,male,85-89,1316,0.010645698846446313,1.3453854660448405e-06,7.293480540082235e-05,7.764419737213207e-07
2017,E07000170,107837,109687,317,52127,0.006081301436875324,655.7893030483243,female,85-89,1029,0.009542179400391329,5.802886929852193e-05,0.0028900416640075853,2.7577296032565862e-05
2017,E07000170,107837,109687,317,52127,0.006081301436875324,655.7893030483243,male,85-89,662,0.0061388948134684755,3.733246984997231e-05,0.0028900416640075853,1.7741661781883967e-05
2017,E07000171,100579,109687,351,50493,0.006951458618026261,699.1707563424633,female,85-89,1149,0.011423855874486723,7.941246136979066e-05,0.00320001458696108,3.6556505437698545e-05
2017,E07000171,100579,109687,351,50493,0.006951458618026261,699.1707563424633,male,85-89,795,0.007904234482347209,5.494595891121285e-05,0.00320001458696108,2.5293665642271835e-05
2017,E07000172,97769,109687,17,32522,0.0005227230797613923,51.10611278519156,female,85-89,1178,0.01204880892716505,6.298190509864272e-06,0.00015498646147674746,1.8674022606307571e-06
2017,E07000172,97769,109687,17,32522,0.0005227230797613923,51.10611278519156,male,85-89,795,0.00813141179719543,4.250476617438112e-06,0.00015498646147674746,1.2602587412575992e-06
2017,E07000174,92686,109687,555,48699,0.011396537916589664,1056.2995133370296,female,85-89,1049,0.011317782620892045,0.00012898353877071573,0.00505985212468205,5.726630644101018e-05
2017,E07000174,92686,109687,555,48699,0.011396537916589664,1056.2995133370296,male,85-89,603,0.006505836911723454,7.414401704360494e-05,0.00505985212468205,3.291857272061882e-05
2017,E07000175,104517,109687,72,52367,0.0013749116810204901,143.7016441652185,female,85-89,1223,0.01170144569782906,1.6088454374772134e-05,0.0006564132486074012,7.680983983915069e-06
2017,E07000175,104517,109687,72,52367,0.0013749116810204901,143.7016441652185,male,85-89,786,0.007520307701139528,1.0339758903165083e-05,0.0006564132486074012,4.936429608632254e-06
2017,E07000198,86830,109687,43,38267,0.001123683591606345,97.56944625917892,female,85-89,1066,0.012276862835425544,1.3795309324569433e-05,0.0003920245790294201,4.8128319848596324e-06
2017,E07000198,86830,109687,43,38267,0.001123683591606345,97.56944625917892,male,85-89,728,0.008384199009558908,9.421186855803513e-06,0.0003920245790294201,3.286812087221212e-06
2017,E08000018,224329,109687,184,122930,0.001496786789229643,335.7726836410966,female,85-89,2358,0.010511347173125187,1.5733245585740132e-05,0.0016775005242189141,1.76327903931645e-05
2017,E08000018,224329,109687,184,122930,0.001496786789229643,335.7726836410966,male,85-89,1440,0.006419143311832175,9.608088907322217e-06,0.0016775005242189141,1.0768116270634807e-05
2017,E08000019,497305,109687,3102,226013,0.013724874232898109,6825.448580391393,female,85-89,4992,0.010038105388041544,0.00013777173398744704,0.02828047079416886,0.000283882346255298
2017,E08000019,497305,109687,3102,226013,0.013724874232898109,6825.448580391393,male,85-89,3145,0.006324086828002936,8.679729635226783e-05,0.02828047079416886,0.00017884815283912502
2017,E06000015,215352,109687,76,95103,0.0007991335709704215,172.09501277562217,female,90+,1610,0.007476132100003714,5.9744281421225645e-06,0.0006928806513078123,5.180067278713816e-06
2017,E06000015,215352,109687,76,95103,0.0007991335709704215,172.09501277562217,male,90+,662,0.003074036925591589,2.456566105642943e-06,0.0006928806513078123,2.129940707148165e-06
2017,E06000049,327892,109687,12,171071,7.014631351894827e-05,23.00041503235499,female,90+,2970,0.009057860515047636,6.353755234994338e-07,0.00010940220810123349,9.909499410191877e-07
2017,E06000049,327892,109687,12,171071,7.014631351894827e-05,23.00041503235499,male,90+,1398,0.004263598989911311,2.990757514653901e-07,0.00010940220810123349,4.664471439544864e-07
2017,E07000032,109917,109687,2626,46541,0.056423368642702136,6201.88741109989,female,90+,896,0.008151605302182556,0.00045994103099485166,0.02394084987281993,0.00019515635876203558
2017,E07000032,109917,109687,2626,46541,0.056423368642702136,6201.88741109989,male,90+,389,0.003539033998380596,0.00019968421992968448,0.02394084987281993,8.472748165003552e-05
2017,E07000033,68388,109687,16248,34935,0.4650923142979821,31806.733190210387,female,90+,480,0.00701877522372346,0.003264378412338881,0.14813058976907018,0.0010396953133466936
2017,E07000033,68388,109687,16248,34935,0.4650923142979821,31806.733190210387,male,90+,152,0.0022226121541790963,0.0010337198305739787,0.14813058976907018,0.000329236849226453
2017,E07000034,91014,109687,39557,47045,0.8408332447656499,76527.59693910085,female,90+,792,0.00870195794053662,0.007316895530955618,0.3606352621550412,0.0031382328831475663
2017,E07000034,91014,109687,39557,47045,0.8408332447656499,76527.59693910085,male,90+,300,0.003296196189597205,0.002771551337483189,0.3606352621550412,0.0011887245769498355
2017,E07000035,63969,109687,12742,28157,0.4525340057534538,28948.147814042684,female,90+,637,0.009957948381247169,0.004506310270051902,0.11616691130215978,0.0011567841063558253
2017,E07000035,63969,109687,12742,28157,0.4525340057534538,28948.147814042684,male,90+,262,0.004095733871093811,0.0018534588551861824,0.11616691130215978,0.00047578875332060635
2017,E07000036,99517,109687,40,39143,0.0010218940806785376,101.69583322688602,female,90+,824,0.008279992363113841,8.461275183929528e-06,0.0003646740270041117,3.019498158620014e-06
2017,E07000036,99517,109687,40,39143,0.0010218940806785376,101.69583322688602,male,90+,359,0.0036074238572304227,3.686405086202308e-06,0.0003646740270041117,1.315533785126924e-06
2017,E07000037,80375,109687,1065,41227,0.02583258544157955,2076.294054866956,female,90+,560,0.006967340590979782,0.00017998442111707058,0.009709445968984477,6.764901701563055e-05
2017,E07000037,80375,109687,1065,41227,0.02583258544157955,2076.294054866956,male,90+,228,0.002836702954898911,7.32793714548073e-05,0.009709445968984477,2.7542814070649587e-05
2017,E07000038,88512,109687,32672,44149,0.7400394119912116,65502.36843416612,female,90+,610,0.0068917208966015895,0.005100145079928587,0.2978657452569584,0.0020528075809691858
2017,E07000038,88512,109687,32672,44149,0.7400394119912116,65502.36843416612,male,90+,369,0.004168926247288503,0.0030851697286781122,0.2978657452569584,0.001241780323569885
2017,E07000137,123618,109687,8,63302,0.0001263783134814066,15.62263435594452,female,90+,1070,0.008655697390347683,1.0938924381975528e-06,7.293480540082235e-05,6.31301604773414e-07
2017,E07000137,123618,109687,8,63302,0.0001263783134814066,15.62263435594452,male,90+,551,0.004457279684188387,5.633034892026649e-07,7.293480540082235e-05,3.250908263833189e-07
2017,E07000170,107837,109687,317,52127,0.006081301436875324,655.7893030483243,female,90+,617,0.005721598338232703,3.4794764195518e-05,0.0028900416640075853,1.6535657582209076e-05
2017,E07000170,107837,109687,317,52127,0.006081301436875324,655.7893030483243,male,90+,282,0.0026150579114775077,1.590295543458035e-05,0.0028900416640075853,7.557626317962657e-06
2017,E07000171,100579,109687,351,50493,0.006951458618026261,699.1707563424633,female,90+,747,0.007426997683413037,5.162846705242264e-05,0.00320001458696108,2.376650092424787e-05
2017,E07000171,100579,109687,351,50493,0.006951458618026261,699.1707563424633,male,90+,316,0.0031418089263166265,2.1840154737035547e-05,0.00320001458696108,1.0053834393657734e-05
2017,E07000172,97769,109687,17,32522,0.0005227230797613923,51.10611278519156,female,90+,720,0.007364297476705296,3.849488257302442e-06,0.00015498646147674746,1.1413664071766936e-06
2017,E07000172,97769,109687,17,32522,0.0005227230797613923,51.10611278519156,male,90+,366,0.0037435178839918585,1.956823197462074e-06,0.00015498646147674746,5.801945903148193e-07
2017,E07000174,92686,109687,555,48699,0.011396537916589664,1056.2995133370296,female,90+,620,0.006689251882700731,7.623431271481768e-05,0.00505985212468205,3.3846625351216686e-05
2017,E07000174,92686,109687,555,48699,0.011396537916589664,1056.2995133370296,male,90+,275,0.0029670068834559697,3.3813606446088486e-05,0.00505985212468205,1.5012616083200954e-05
2017,E07000175,104517,109687,72,52367,0.0013749116810204901,143.7016441652185,female,90+,823,0.007874317096740243,1.0826490556367513e-05,0.0006564132486074012,5.168806066036062e-06
2017,E07000175,104517,109687,72,52367,0.0013749116810204901,143.7016441652185,male,90+,359,0.0034348479194772144,4.722612527018149e-06,0.0006564132486074012,2.2546796812964108e-06
2017,E07000198,86830,109687,43,38267,0.001123683591606345,97.56944625917892,female,90+,680,0.007831394679258322,8.80000970047581e-06,0.0003920245790294201,3.070099202349484e-06
2017,E07000198,86830,109687,43,38267,0.001123683591606345,97.56944625917892,male,90+,296,0.0034089600368536217,3.830592457854176e-06,0.0003920245790294201,1.3363961233756577e-06
2017,E08000018,224329,109687,184,122930,0.001496786789229643,335.7726836410966,female,90+,1618,0.007212620748989208,1.079575545281066e-05,0.0016775005242189141,1.2099175087421609e-05
2017,E08000018,224329,109687,184,122930,0.001496786789229643,335.7726836410966,male,90+,597,0.002661269831363756,3.9833535261606695e-06,0.0016775005242189141,4.4642815372006825e-06
2017,E08000019,497305,109687,3102,226013,0.013724874232898109,6825.448580391393,female,90+,3074,0.006181317300248339,8.483780253954571e-05,0.02828047079416886,0.0001748105633791639
2017,E08000019,497305,109687,3102,226013,0.013724874232898109,6825.448580391393,male,90+,1558,0.003132886256924825,4.299846986226813e-05,0.02828047079416886,8.859949829041552e-05
2018,E06000015,215559,112664,18,97923,0.00018381789773597623,39.623602218069294,female,12-15,5890,0.027324305642538703,5.022696420306738e-06,0.00015976709507917346,4.365524937563877e-06
2018,E06000015,215559,112664,18,97923,0.00018381789773597623,39.623602218069294,male,12-15,6488,0.030098488116942462,5.532640810687625e-06,0.00015976709507917346,4.808748012718919e-06
2018,E06000049,329432,112664,16,171737,9.31657126885878e-05,30.69176706242685,female,12-15,8361,0.02538004808276063,2.36455026770102e-06,0.000142015195625932,3.6043524934688112e-06
2018,E06000049,329432,112664,16,171737,9.31657126885878e-05,30.69176706242685,male,12-15,8667,0.026308919594939167,2.45108924412926e-06,0.000142015195625932,3.7362663629822015e-06
2018,E07000032,110653,112664,3046,47883,0.06361339097383205,7039.012551427438,female,12-15,2543,0.022981753770797,0.0014619472878860482,0.0270361428672868,0.0006213379782880747
2018,E07000032,110653,112664,3046,47883,0.06361339097383205,7039.012551427438,male,12-15,2751,0.024861503980913302,0.00158152457293532,0.0270361428672868,0.0006721591735235916
2018,E07000033,68886,112664,16757,35395,0.4734284503460941,32612.592230541035,female,12-15,1742,0.02528815724530384,0.011972133096752545,0.14873428956898388,0.0037612161023890174
2018,E07000033,68886,112664,16757,35395,0.4734284503460941,32612.592230541035,male,12-15,1709,0.02480910489794733,0.0117453360863089,0.14873428956898388,0.0036899645918385955
2018,E07000034,91023,112664,39967,47709,0.8377245383470624,76252.20065396465,female,12-15,2054,0.022565725146391567,0.018903861680727576,0.3547450827238515,0.008005080033780374
2018,E07000034,91023,112664,39967,47709,0.8377245383470624,76252.20065396465,male,12-15,2111,0.02319194049855531,0.019428457647524787,0.3547450827238515,0.008227226850686645
2018,E07000035,64252,112664,13107,29105,0.4503349939872873,28934.924033671192,female,12-15,1562,0.024310527298761132,0.01094788116491538,0.11633707306681815,0.0028282155906488513
2018,E07000035,64252,112664,13107,29105,0.4503349939872873,28934.924033671192,male,12-15,1632,0.025399987549025716,0.01143850324016767,0.11633707306681815,0.002954960207387276
2018,E07000036,99695,112664,43,39699,0.0010831507090858714,107.98470994231592,female,12-15,2437,0.024444555895481217,2.647713805147969e-05,0.0003816658382446922,9.329651916368072e-06
2018,E07000036,99695,112664,43,39699,0.0010831507090858714,107.98470994231592,male,12-15,2550,0.025578012939465367,2.7704842852389503e-05,0.0003816658382446922,9.762253749174634e-06
2018,E07000037,80519,112664,1381,41221,0.03350234103976129,2697.5749981805398,female,12-15,1953,0.024255144748444462,0.0008126041313311615,0.012257686572463254,0.0002973119620961604
2018,E07000037,80519,112664,1381,41221,0.03350234103976129,2697.5749981805398,male,12-15,2041,0.025348054496454255,0.0008492191664346651,0.012257686572463254,0.0003107085072392541
2018,E07000038,88837,112664,33402,45327,0.7369117744390761,65465.03130584421,female,12-15,2083,0.023447437441606538,0.0172786927311435,0.29647447276858624,0.006951566653274707
2018,E07000038,88837,112664,33402,45327,0.7369117744390761,65465.03130584421,male,12-15,2059,0.023177279737046502,0.01707961033769778,0.29647447276858624,0.006871471790250899
2018,E07000170,108737,112664,349,52066,0.006703030768639803,728.8674566895862,female,12-15,2698,0.024812161453782983,0.00016631668166116584,0.003097706454590641,7.686079268772865e-05
2018,E07000170,108737,112664,349,52066,0.006703030768639803,728.8674566895862,male,12-15,2953,0.027157269374729853,0.0001820360122110536,0.003097706454590641,8.412524863115741e-05
2018,E07000171,101049,112664,383,49753,0.007698028259602436,777.8780576045665,female,12-15,2441,0.02415659729438193,0.00018595816862798783,0.0033994887452957465,8.212008062689307e-05
2018,E07000171,101049,112664,383,49753,0.007698028259602436,777.8780576045665,male,12-15,2605,0.025779572286712387,0.00019845187598357576,0.0033994887452957465,8.763736584721689e-05
2018,E07000172,98332,112664,20,32767,0.0006103701895199437,60.01892147587512,female,12-15,2212,0.022495220274173208,1.3730411862039986e-05,0.00017751899453241496,3.993328884856424e-06
2018,E07000172,98332,112664,20,32767,0.0006103701895199437,60.01892147587512,male,12-15,2278,0.023166415815807667,1.4140089611992352e-05,0.00017751899453241496,4.112478842542013e-06
2018,E07000173,101770,112664,8,36266,0.000220592290299454,22.449677383775438,female,12-15,2498,0.024545543873440108,5.414557739687886e-06,7.100759781296599e-05,1.7429201074657466e-06
2018,E07000173,101770,112664,8,36266,0.000220592290299454,22.449677383775438,male,12-15,2613,0.025675542890832268,5.663826810970554e-06,7.100759781296599e-05,1.8231586232217758e-06
2018,E07000174,92944,112664,609,48327,0.012601651250853559,1171.2478738593336,female,12-15,2223,0.023917627818901704,0.00030140160452151257,0.005405453383512036,0.0001292856222192638
2018,E07000174,92944,112664,609,48327,0.012601651250853559,1171.2478738593336,male,12-15,2325,0.02501506283353417,0.00031523109784638634,0.005405453383512036,0.00013521775603229344
2018,E07000175,105106,112664,74,52378,0.0014128069036618428,148.4944824162816,female,12-15,2604,0.024774989058664588,3.500227558022795e-05,0.0006568202797699353,1.6272715244809163e-05
2018,E07000175,105106,112664,74,52378,0.0014128069036618428,148.4944824162816,male,12-15,2728,0.02595475044241052,3.6669050607857854e-05,0.0006568202797699353,1.7047606446942934e-05
2018,E07000193,100989,112664,8,58942,0.00013572664653388076,13.706898306810086,female,12-15,2656,0.0262998940478666,3.5695964233133047e-06,7.100759781296599e-05,1.8674922990745296e-06
2018,E07000193,100989,112664,8,58942,0.00013572664653388076,13.706898306810086,male,12-15,2815,0.027874322946063432,3.7832883778715934e-06,7.100759781296599e-05,1.9792887130628014e-06
2018,E07000198,86796,112664,70,39191,0.0017861243652879488,155.0284504095328,female,12-15,2089,0.02406792939766809,4.298831511920509e-05,0.0006213164808634524,1.4953801195029172e-05
2018,E07000198,86796,112664,70,39191,0.0017861243652879488,155.0284504095328,male,12-15,2151,0.02478224802986313,4.42641770327478e-05,0.0006213164808634524,1.5397619133799786e-05
2018,E08000018,225526,112664,221,121658,0.0018165677555113517,409.68325962945306,female,12-15,6008,0.026639943953247074,4.8393263194098245e-05,0.001961584889583185,5.225651151803242e-05
2018,E08000018,225526,112664,221,121658,0.0018165677555113517,409.68325962945306,male,12-15,6189,0.02744251217154563,4.985118274105759e-05,0.001961584889583185,5.383081720790656e-05
2018,E08000019,501873,112664,3185,228663,0.013928794776592628,6990.486020912872,female,12-15,12109,0.024127617943184833,0.00033606863877865537,0.028269899879287082,0.0006820853435795258
2018,E08000019,501873,112664,3185,228663,0.013928794776592628,6990.486020912872,male,12-15,12936,0.025775445182346927,0.0003590208862202235,0.028269899879287082,0.0007286692546490003
2018,E06000015,215559,112664,18,97923,0.00018381789773597623,39.623602218069294,female,16-17,2807,0.013021956865637714,2.393668735450087e-06,0.00015976709507917346,2.080480220669236e-06
2018,E06000015,215559,112664,18,97923,0.00018381789773597623,39.623602218069294,male,16-17,3099,0.014376574394945238,2.6426716819236977e-06,0.00015976709507917346,2.296903528270026e-06
2018,E06000049,329432,112664,16,171737,9.31657126885878e-05,30.69176706242685,female,16-17,4032,0.012239248160470142,1.1402782776426875e-06,0.000142015195625932,1.7381592218234955e-06
2018,E06000049,329432,112664,16,171737,9.31657126885878e-05,30.69176706242685,male,16-17,4105,0.012460841691153258,1.160923196855961e-06,0.000142015195625932,1.7696288704328991e-06
2018,E07000032,110653,112664,3046,47883,0.06361339097383205,7039.012551427438,female,16-17,1272,0.011495395515711278,0.0007312610893397772,0.0270361428672868,0.00031079115547873816
2018,E07000032,110653,112664,3046,47883,0.06361339097383205,7039.012551427438,male,16-17,1330,0.01201955663199371,0.0007646047553631317,0.0270361428672868,0.00032496245030402647
2018,E07000033,68886,112664,16757,35395,0.4734284503460941,32612.592230541035,female,16-17,773,0.011221438318381093,0.005312548153725441,0.14873428956898388,0.0016690126562265847
2018,E07000033,68886,112664,16757,35395,0.4734284503460941,32612.592230541035,male,16-17,822,0.011932758470516506,0.005649307351050858,0.14873428956898388,0.0017748103537105473
2018,E07000034,91023,112664,39967,47709,0.8377245383470624,76252.20065396465,female,16-17,991,0.010887358140250266,0.009120607071860286,0.3547450827238515,0.003862236764107278
2018,E07000034,91023,112664,39967,47709,0.8377245383470624,76252.20065396465,male,16-17,1053,0.01156850466365644,0.009691220228727428,0.3547450827238515,0.0041038701439000645
2018,E07000035,64252,112664,13107,29105,0.4503349939872873,28934.924033671192,female,16-17,751,0.011688352113552885,0.005263673978778137,0.11633707306681815,0.0013597886738651002
2018,E07000035,64252,112664,13107,29105,0.4503349939872873,28934.924033671192,male,16-17,741,0.01153271493494366,0.005193585110884953,0.11633707306681815,0.0013416823000453257
2018,E07000036,99695,112664,43,39699,0.0010831507090858714,107.98470994231592,female,16-17,1135,0.011384723406389487,1.2331371230377287e-05,0.0003816658382446922,4.345160002083611e-06
2018,E07000036,99695,112664,43,39699,0.0010831507090858714,107.98470994231592,male,16-17,1233,0.012367721550729727,1.3396106367449513e-05,0.0003816658382446922,4.720336812836205e-06
2018,E07000037,80519,112664,1381,41221,0.03350234103976129,2697.5749981805398,female,16-17,988,0.012270395807200784,0.00041108698502569774,0.012257686572463254,0.00015040666592473447
2018,E07000037,80519,112664,1381,41221,0.03350234103976129,2697.5749981805398,male,16-17,947,0.01176119922005986,0.00039402770730702,0.012257686572463254,0.00014416509375579306
2018,E07000038,88837,112664,33402,45327,0.7369117744390761,65465.03130584421,female,16-17,1079,0.012145840134178326,0.008950412605330697,0.29647447276858624,0.003600931550112054
2018,E07000038,88837,112664,33402,45327,0.7369117744390761,65465.03130584421,male,16-17,1030,0.011594268154034918,0.008543952718712342,0.29647447276858624,0.003437404538105112
2018,E07000170,108737,112664,349,52066,0.006703030768639803,728.8674566895862,female,16-17,1373,0.01262679676651002,8.463780723527824e-05,0.003097706454590641,3.9114109844422334e-05
2018,E07000170,108737,112664,349,52066,0.006703030768639803,728.8674566895862,male,16-17,1362,0.012525635248351529,8.395971846645954e-05,0.003097706454590641,3.880074115666657e-05
2018,E07000171,101049,112664,383,49753,0.007698028259602436,777.8780576045665,female,16-17,1189,0.011766568694395787,9.057937832801212e-05,0.0033994887452957465,4.000031784734775e-05
2018,E07000171,101049,112664,383,49753,0.007698028259602436,777.8780576045665,male,16-17,1199,0.011865530584172036,9.134118975213332e-05,0.0033994887452957465,4.03367376778553e-05
2018,E07000172,98332,112664,20,32767,0.0006103701895199437,60.01892147587512,female,16-17,1065,0.010830655330919741,6.610709146958673e-06,0.00017751899453241496,1.9226470444720125e-06
2018,E07000172,98332,112664,20,32767,0.0006103701895199437,60.01892147587512,male,16-17,1127,0.011461172354879387,6.9955579423684726e-06,0.00017751899453241496,2.0345757926009e-06
2018,E07000173,101770,112664,8,36266,0.000220592290299454,22.449677383775438,female,16-17,1209,0.011879728800235826,2.620576584180406e-06,7.100759781296599e-05,8.435510047742545e-07
2018,E07000173,101770,112664,8,36266,0.000220592290299454,22.449677383775438,male,16-17,1276,0.01253807605384691,2.7658029126668303e-06,7.100759781296599e-05,8.902986617799411e-07
2018,E07000174,92944,112664,609,48327,0.012601651250853559,1171.2478738593336,female,16-17,1022,0.010995868479944913,0.00013856609978451904,0.005405453383512036,5.943765447957157e-05
2018,E07000174,92944,112664,609,48327,0.012601651250853559,1171.2478738593336,male,16-17,1100,0.011835083491134449,0.0001491415946800107,0.005405453383512036,6.397399210130014e-05
2018,E07000175,105106,112664,74,52378,0.0014128069036618428,148.4944824162816,female,16-17,1296,0.012330409301086524,1.742048738555124e-05,0.0006568202797699353,8.098862886817464e-06
2018,E07000175,105106,112664,74,52378,0.0014128069036618428,148.4944824162816,male,16-17,1284,0.01221623884459498,1.7259186576425762e-05,0.0006568202797699353,8.023873415643229e-06
2018,E07000193,100989,112664,8,58942,0.00013572664653388076,13.706898306810086,female,16-17,1331,0.013179653229559656,1.7888301353275634e-06,7.100759781296599e-05,9.358555158389305e-07
2018,E07000193,100989,112664,8,58942,0.00013572664653388076,13.706898306810086,male,16-17,1411,0.013971818712929131,1.8963480998851933e-06,7.100759781296599e-05,9.92105283883344e-07
2018,E07000198,86796,112664,70,39191,0.0017861243652879488,155.0284504095328,female,16-17,1003,0.011555832065993824,2.0640153214247346e-05,0.0006213164808634524,7.179828912692322e-06
2018,E07000198,86796,112664,70,39191,0.0017861243652879488,155.0284504095328,male,16-17,1145,0.013191852159085672,2.3562288564619352e-05,0.0006213164808634524,8.196315159554045e-06
2018,E08000018,225526,112664,221,121658,0.0018165677555113517,409.68325962945306,female,16-17,2872,0.012734673607477631,2.3133397452305287e-05,0.001961584889583185,2.4980143322201917e-05
2018,E08000018,225526,112664,221,121658,0.0018165677555113517,409.68325962945306,male,16-17,2982,0.013222422248432552,2.401942590625848e-05,0.001961584889583185,2.5936903686213826e-05
2018,E08000019,501873,112664,3185,228663,0.013928794776592628,6990.486020912872,female,16-17,5722,0.011401290764795078,0.00015880623925109146,0.028269899879287082,0.0003223133484153973
2018,E08000019,501873,112664,3185,228663,0.013928794776592628,6990.486020912872,male,16-17,6097,0.012148491749904856,0.00016921384842955343,0.028269899879287082,0.00034343664545415537
2018,E06000015,215559,112664,18,97923,0.00018381789773597623,39.623602218069294,female,18-24,12020,0.05576199555574112,1.0250052796619183e-05,0.00015976709507917346,8.90893204575854e-06
2018,E06000015,215559,112664,18,97923,0.00018381789773597623,39.623602218069294,male,18-24,13276,0.061588706572214574,1.1321106566382386e-05,0.00015976709507917346,9.83984873872632e-06
2018,E06000049,329432,112664,16,171737,9.31657126885878e-05,30.69176706242685,female,18-24,11639,0.035330508268777774,3.291591982510725e-06,0.000142015195625932,5.017469043354083e-06
2018,E06000049,329432,112664,16,171737,9.31657126885878e-05,30.69176706242685,male,18-24,12472,0.03785910294081935,3.527170307232044e-06,0.000142015195625932,5.376567910362757e-06
2018,E07000032,110653,112664,3046,47883,0.06361339097383205,7039.012551427438,female,18-24,4328,0.03911326398742013,0.002488127354294462,0.0270361428672868,0.0010574717931697943
2018,E07000032,110653,112664,3046,47883,0.06361339097383205,7039.012551427438,male,18-24,4411,0.039863356619341546,0.002535843290155469,0.0270361428672868,0.001077751404730121
2018,E07000033,68886,112664,16757,35395,0.4734284503460941,32612.592230541035,female,18-24,2981,0.043274395377870686,0.02048732994340949,0.14873428956898388,0.006436386453054915
2018,E07000033,68886,112664,16757,35395,0.4734284503460941,32612.592230541035,male,18-24,3098,0.04497285370031647,0.021291428434982426,0.14873428956898388,0.006689005445006418
2018,E07000034,91023,112664,39967,47709,0.8377245383470624,76252.20065396465,female,18-24,3879,0.0426156026498797,0.035700136056252316,0.3547450827238515,0.015117675487358359
2018,E07000034,91023,112664,39967,47709,0.8377245383470624,76252.20065396465,male,18-24,4125,0.04531821627500741,0.03796418180769292,0.3547450827238515,0.016076414381374898
2018,E07000035,64252,112664,13107,29105,0.4503349939872873,28934.924033671192,female,18-24,2071,0.03223245968997074,0.01451540454067846,0.11633707306681815,0.0037498300180753962
2018,E07000035,64252,112664,13107,29105,0.4503349939872873,28934.924033671192,male,18-24,2333,0.03631015376953246,0.01635173287947989,0.11633707306681815,0.0042242170121535
2018,E07000036,99695,112664,43,39699,0.0010831507090858714,107.98470994231592,female,18-24,4053,0.04065399468378555,4.403440316891555e-05,0.0003816658382446922,1.5516240958982268e-05
2018,E07000036,99695,112664,43,39699,0.0010831507090858714,107.98470994231592,male,18-24,4265,0.04278048046541953,4.633770775115343e-05,0.0003816658382446922,1.6327847937345025e-05
2018,E07000037,80519,112664,1381,41221,0.03350234103976129,2697.5749981805398,female,18-24,3239,0.04022653038413294,0.0013476829397755415,0.012257686572463254,0.0004930842013463714
2018,E07000037,80519,112664,1381,41221,0.03350234103976129,2697.5749981805398,male,18-24,3449,0.04283461046461084,0.00143505972809072,0.012257686572463254,0.0005250532295287542
2018,E07000038,88837,112664,33402,45327,0.7369117744390761,65465.03130584421,female,18-24,3222,0.03626867183718496,0.02672681132008851,0.29647447276858624,0.01075273536094628
2018,E07000038,88837,112664,33402,45327,0.7369117744390761,65465.03130584421,male,18-24,3485,0.03922915001632203,0.028908422548264583,0.29647447276858624,0.01163044156824885
2018,E07000170,108737,112664,349,52066,0.006703030768639803,728.8674566895862,female,18-24,4647,0.0427361431711377,0.0002864616826091318,0.003097706454590641,0.00013238402654554298
2018,E07000170,108737,112664,349,52066,0.006703030768639803,728.8674566895862,male,18-24,4905,0.04510884059703689,0.00030236594645960657,0.003097706454590641,0.00013973394667654153
2018,E07000171,101049,112664,383,49753,0.007698028259602436,777.8780576045665,female,18-24,3946,0.03905036170570713,0.00030061078795823033,0.0033994887452957465,0.0001327512651182794
2018,E07000171,101049,112664,383,49753,0.007698028259602436,777.8780576045665,male,18-24,4516,0.04469118942295322,0.00034403403913313934,0.0033994887452957465,0.00015192719545720982
2018,E07000172,98332,112664,20,32767,0.0006103701895199437,60.01892147587512,female,18-24,4410,0.04484806573648456,2.737392238318098e-05,0.00017751899453241496,7.961383536264389e-06
2018,E07000172,98332,112664,20,32767,0.0006103701895199437,60.01892147587512,male,18-24,4677,0.047563356791278516,2.9031255098897383e-05,0.00017751899453241496,8.443399274174274e-06
2018,E07000173,101770,112664,8,36266,0.000220592290299454,22.449677383775438,female,18-24,3956,0.03887196619829026,8.574856052123807e-06,7.100759781296599e-05,2.7602049420074037e-06
2018,E07000173,101770,112664,8,36266,0.000220592290299454,22.449677383775438,male,18-24,4112,0.04040483443057875,8.912994966211604e-06,7.100759781296599e-05,2.869050232946017e-06
2018,E07000174,92944,112664,609,48327,0.012601651250853559,1171.2478738593336,female,18-24,3894,0.041896195558615935,0.0005279612451672379,0.005405453383512036,0.0002264679320386025
2018,E07000174,92944,112664,609,48327,0.012601651250853559,1171.2478738593336,male,18-24,4024,0.04329488724393183,0.0005455870699930574,0.005405453383512036,0.00023402849474148335
2018,E07000175,105106,112664,74,52378,0.0014128069036618428,148.4944824162816,female,18-24,4155,0.039531520560196376,5.585040515969552e-05,0.0006568202797699353,2.5965104394079142e-05
2018,E07000175,105106,112664,74,52378,0.0014128069036618428,148.4944824162816,male,18-24,4535,0.0431469183490952,6.0958264115335533e-05,0.0006568202797699353,2.833977098126327e-05
2018,E07000193,100989,112664,8,58942,0.00013572664653388076,13.706898306810086,female,18-24,4009,0.039697392785352864,5.3879939988942164e-06,7.100759781296599e-05,2.8188165011256735e-06
2018,E07000193,100989,112664,8,58942,0.00013572664653388076,13.706898306810086,male,18-24,4504,0.04459891671370149,6.053261404594549e-06,7.100759781296599e-05,3.1668619409004817e-06
2018,E07000198,86796,112664,70,39191,0.0017861243652879488,155.0284504095328,female,18-24,3079,0.03547398497626618,6.336094889996768e-05,0.0006213164808634524,2.2040571507656686e-05
2018,E07000198,86796,112664,70,39191,0.0017861243652879488,155.0284504095328,male,18-24,3383,0.03897645052767409,6.961678795991901e-05,0.0006213164808634524,2.421671107840292e-05
2018,E08000018,225526,112664,221,121658,0.0018165677555113517,409.68325962945306,female,18-24,9610,0.04261149490524374,7.740666765900202e-05,0.001961584889583185,8.358606452867702e-05
2018,E08000018,225526,112664,221,121658,0.0018165677555113517,409.68325962945306,male,18-24,10464,0.0463981979904756,8.428547038332956e-05,0.001961584889583185,9.101400408200586e-05
2018,E08000019,501873,112664,3185,228663,0.013928794776592628,6990.486020912872,female,18-24,38954,0.07761724579724352,0.0010811146878341516,0.028269899879287082,0.0021942317675940908
2018,E08000019,501873,112664,3185,228663,0.013928794776592628,6990.486020912872,male,18-24,41688,0.08306483911268389,0.0011569930971512586,0.028269899879287082,0.002348234685204664
2018,E06000015,215559,112664,18,97923,0.00018381789773597623,39.623602218069294,female,25-29,9329,0.0432781744209242,7.955303039905187e-06,0.00015976709507917346,6.914428207560851e-06
2018,E06000015,215559,112664,18,97923,0.00018381789773597623,39.623602218069294,male,25-29,9862,0.045750815322023214,8.409818692201196e-06,0.00015976709507917346,7.309474861503388e-06
2018,E06000049,329432,112664,16,171737,9.31657126885878e-05,30.69176706242685,female,25-29,9603,0.029150173632191162,2.7157967014391698e-06,0.000142015195625932,4.139767610905513e-06
2018,E06000049,329432,112664,16,171737,9.31657126885878e-05,30.69176706242685,male,25-29,9740,0.029566040943199205,2.75454127585312e-06,0.000142015195625932,4.1988270884327495e-06
2018,E07000032,110653,112664,3046,47883,0.06361339097383205,7039.012551427438,female,25-29,3682,0.033275193623308906,0.0021167479016895125,0.0270361428672868,0.0008996328887364101
2018,E07000032,110653,112664,3046,47883,0.06361339097383205,7039.012551427438,male,25-29,3565,0.03221783413011848,0.002049485678849297,0.0270361428672868,0.000871045966416432
2018,E07000033,68886,112664,16757,35395,0.4734284503460941,32612.592230541035,female,25-29,2483,0.036045059954127115,0.01706475687671445,0.14873428956898388,0.005361136384748525
2018,E07000033,68886,112664,16757,35395,0.4734284503460941,32612.592230541035,male,25-29,2498,0.03626281102110734,0.01716784642691611,0.14873428956898388,0.005393523434998718
2018,E07000034,91023,112664,39967,47709,0.8377245383470624,76252.20065396465,female,25-29,3322,0.036496270173472636,0.030573821082462024,0.3547450827238515,0.012946872381800584
2018,E07000034,91023,112664,39967,47709,0.8377245383470624,76252.20065396465,male,25-29,3274,0.035968930929545284,0.030132056057790686,0.3547450827238515,0.012759801378090041
2018,E07000035,64252,112664,13107,29105,0.4503349939872873,28934.924033671192,female,25-29,1419,0.022084915644649195,0.009945610354042846,0.11633707306681815,0.002569294445026069
2018,E07000035,64252,112664,13107,29105,0.4503349939872873,28934.924033671192,male,25-29,1769,0.02753221689597211,0.012398720730304295,0.11633707306681815,0.0032030175287181928
2018,E07000036,99695,112664,43,39699,0.0010831507090858714,107.98470994231592,female,25-29,3803,0.03814634635638698,4.131824210495579e-05,0.0003816658382446922,1.4559157258082794e-05
2018,E07000036,99695,112664,43,39699,0.0010831507090858714,107.98470994231592,male,25-29,3591,0.036019860574753,3.901493752271792e-05,0.0003816658382446922,1.3747550279720044e-05
2018,E07000037,80519,112664,1381,41221,0.03350234103976129,2697.5749981805398,female,25-29,2593,0.03220357927942473,0.0010788952957202773,0.012257686572463254,0.00039474138131866034
2018,E07000037,80519,112664,1381,41221,0.03350234103976129,2697.5749981805398,male,25-29,2763,0.034314882201716364,0.0011496288862611365,0.012257686572463254,0.00042062107079963697
2018,E07000038,88837,112664,33402,45327,0.7369117744390761,65465.03130584421,female,25-29,2775,0.03123698458975427,0.02301890174216189,0.29647447276858624,0.00926096853712785
2018,E07000038,88837,112664,33402,45327,0.7369117744390761,65465.03130584421,male,25-29,2738,0.03082049146189088,0.0227119830522664,0.29647447276858624,0.009137488956632812
2018,E07000170,108737,112664,349,52066,0.006703030768639803,728.8674566895862,female,25-29,4305,0.039590939606573665,0.0002653792863422235,0.003097706454590641,0.00012264110916259148
2018,E07000170,108737,112664,349,52066,0.006703030768639803,728.8674566895862,male,25-29,3990,0.03669404158658046,0.00024596128978059736,0.003097706454590641,0.00011366736946776772
2018,E07000171,101049,112664,383,49753,0.007698028259602436,777.8780576045665,female,25-29,3160,0.0312719571692941,0.000240732410022303,0.0033994887452957465,0.00010630866644038594
2018,E07000171,101049,112664,383,49753,0.007698028259602436,777.8780576045665,male,25-29,3378,0.033429326366416295,0.00025733989906814544,0.0033994887452957465,0.00011364261874545057
2018,E07000172,98332,112664,20,32767,0.0006103701895199437,60.01892147587512,female,25-29,3554,0.036142862954073963,2.2060526111071482e-05,0.00017751899453241496,6.416044691130078e-06
2018,E07000172,98332,112664,20,32767,0.0006103701895199437,60.01892147587512,male,25-29,3833,0.03898018956189237,2.379234569041558e-05,0.00017751899453241496,6.919724057710069e-06
2018,E07000173,101770,112664,8,36266,0.000220592290299454,22.449677383775438,female,25-29,3674,0.03610101208607645,7.963604938195873e-06,7.100759781296599e-05,2.563446146849141e-06
2018,E07000173,101770,112664,8,36266,0.000220592290299454,22.449677383775438,male,25-29,3483,0.03422423110936425,7.549601524152486e-06,7.100759781296599e-05,2.4301804380717357e-06
2018,E07000174,92944,112664,609,48327,0.012601651250853559,1171.2478738593336,female,25-29,3557,0.03827035634360475,0.00048226968388799833,0.005405453383512036,0.0002068686271857496
2018,E07000174,92944,112664,609,48327,0.012601651250853559,1171.2478738593336,male,25-29,3551,0.03820580134274402,0.0004814561842806528,0.005405453383512036,0.00020651967813792432
2018,E07000175,105106,112664,74,52378,0.0014128069036618428,148.4944824162816,female,25-29,3522,0.03350902898026754,4.734178747832674e-05,0.0006568202797699353,2.20094097896382e-05
2018,E07000175,105106,112664,74,52378,0.0014128069036618428,148.4944824162816,male,25-29,3529,0.03357562841322094,4.743587961698327e-05,0.0006568202797699353,2.205315364782317e-05
2018,E07000193,100989,112664,8,58942,0.00013572664653388076,13.706898306810086,female,25-29,3473,0.03438988404677737,4.667623636358097e-06,7.100759781296599e-05,2.4419430552281033e-06
2018,E07000193,100989,112664,8,58942,0.00013572664653388076,13.706898306810086,male,25-29,3860,0.038221984572577215,5.18774178990563e-06,7.100759781296599e-05,2.7140513081429533e-06
2018,E07000198,86796,112664,70,39191,0.0017861243652879488,155.0284504095328,female,25-29,2446,0.02818102216692013,5.033481033105584e-05,0.0006213164808634524,1.750933351988576e-05
2018,E07000198,86796,112664,70,39191,0.0017861243652879488,155.0284504095328,male,25-29,2545,0.029321627724779944,5.2372073709132106e-05,0.0006213164808634524,1.821801055114851e-05
2018,E08000018,225526,112664,221,121658,0.0018165677555113517,409.68325962945306,female,25-29,8530,0.03782269006677722,6.870747920200699e-05,0.001961584889583185,7.419241731837823e-05
2018,E08000018,225526,112664,221,121658,0.0018165677555113517,409.68325962945306,male,25-29,8203,0.03637274637957486,6.607355825252795e-05,0.001961584889583185,7.134822969081557e-05
2018,E08000019,501873,112664,3185,228663,0.013928794776592628,6990.486020912872,female,25-29,25178,0.050168070408250685,0.0006987807570541733,0.028269899879287082,0.0014182463275782722
2018,E08000019,501873,112664,3185,228663,0.013928794776592628,6990.486020912872,male,25-29,26436,0.05267468064629897,0.0007336948166448539,0.028269899879287082,0.001489107948044293
2018,E06000015,215559,112664,18,97923,0.00018381789773597623,39.623602218069294,female,30-34,9027,0.04187716588033903,7.697772595264673e-06,0.00015976709507917346,6.690593142850444e-06
2018,E06000015,215559,112664,18,97923,0.00018381789773597623,39.623602218069294,male,30-34,8840,0.041009653969446884,7.538308379543557e-06,0.00015976709507917346,6.551993284900623e-06
2018,E06000049,329432,112664,16,171737,9.31657126885878e-05,30.69176706242685,female,30-34,10285,0.031220403603778625,2.90867115217139e-06,0.000142015195625932,4.433771725311173e-06
2018,E06000049,329432,112664,16,171737,9.31657126885878e-05,30.69176706242685,male,30-34,9463,0.0287251997377304,2.6762037056876875e-06,0.000142015195625932,4.0794148601477534e-06
2018,E07000032,110653,112664,3046,47883,0.06361339097383205,7039.012551427438,female,30-34,3715,0.033573423223952355,0.002135719297875214,0.0270361428672868,0.0009076958668266604
2018,E07000032,110653,112664,3046,47883,0.06361339097383205,7039.012551427438,male,30-34,3336,0.030148301446865425,0.001917835687136397,0.0270361428672868,0.000815093785123483
2018,E07000033,68886,112664,16757,35395,0.4734284503460941,32612.592230541035,female,30-34,2487,0.03610312690532184,0.01709224742343489,0.14873428956898388,0.005369772931481911
2018,E07000033,68886,112664,16757,35395,0.4734284503460941,32612.592230541035,male,30-34,2369,0.034390151845077384,0.016281276295181852,0.14873428956898388,0.005114994802847064
2018,E07000034,91023,112664,39967,47709,0.8377245383470624,76252.20065396465,female,30-34,3248,0.03568328883908463,0.02989276666942705,0.3547450827238515,0.012658471251080165
2018,E07000034,91023,112664,39967,47709,0.8377245383470624,76252.20065396465,male,30-34,3119,0.03426606462102985,0.02870552316562284,0.3547450827238515,0.012155717928608074
2018,E07000035,64252,112664,13107,29105,0.4503349939872873,28934.924033671192,female,30-34,1446,0.022505136026894104,0.010134850297354442,0.11633707306681815,0.002618181654339461
2018,E07000035,64252,112664,13107,29105,0.4503349939872873,28934.924033671192,male,30-34,1474,0.022940920126999942,0.010331099127455359,0.11633707306681815,0.0026688795010348307
2018,E07000036,99695,112664,43,39699,0.0010831507090858714,107.98470994231592,female,30-34,3740,0.03751441897788254,4.0633769516837935e-05,0.0003816658382446922,1.4317972165456129e-05
2018,E07000036,99695,112664,43,39699,0.0010831507090858714,107.98470994231592,male,30-34,3442,0.03452530217162345,3.739610552859791e-05,0.0003816658382446922,1.3177128393983955e-05
2018,E07000037,80519,112664,1381,41221,0.03350234103976129,2697.5749981805398,female,30-34,2613,0.03245196785851786,0.0010872168946074374,0.012257686572463254,0.00039778605066936363
2018,E07000037,80519,112664,1381,41221,0.03350234103976129,2697.5749981805398,male,30-34,2469,0.030663570089047305,0.0010273013826198863,0.012257686572463254,0.00037586443134430105
2018,E07000038,88837,112664,33402,45327,0.7369117744390761,65465.03130584421,female,30-34,2744,0.03088803088803089,0.022761753650627832,0.29647447276858624,0.009157512672388764
2018,E07000038,88837,112664,33402,45327,0.7369117744390761,65465.03130584421,male,30-34,2607,0.029345880657834014,0.021625324988041823,0.29647447276858624,0.008700304495961191
2018,E07000170,108737,112664,349,52066,0.006703030768639803,728.8674566895862,female,30-34,4312,0.039655315118129066,0.0002658107973769262,0.003097706454590641,0.00012284052560025425
2018,E07000170,108737,112664,349,52066,0.006703030768639803,728.8674566895862,male,30-34,3919,0.03604108996937565,0.00024158453500004037,0.003097706454590641,0.00011164471702861697
2018,E07000171,101049,112664,383,49753,0.007698028259602436,777.8780576045665,female,30-34,3160,0.0312719571692941,0.000240732410022303,0.0033994887452957465,0.00010630866644038594
2018,E07000171,101049,112664,383,49753,0.007698028259602436,777.8780576045665,male,30-34,3065,0.030331819216419764,0.00023349520149315152,0.0033994887452957465,0.0001031126780505642
2018,E07000172,98332,112664,20,32767,0.0006103701895199437,60.01892147587512,female,30-34,3580,0.036407273318960265,2.222191431559817e-05,0.00017751899453241496,6.4629825532486435e-06
2018,E07000172,98332,112664,20,32767,0.0006103701895199437,60.01892147587512,male,30-34,3761,0.03824797624374568,2.334542450864936e-05,0.00017751899453241496,6.789742285689428e-06
2018,E07000173,101770,112664,8,36266,0.000220592290299454,22.449677383775438,female,30-34,3694,0.036297533654318564,8.006956081027644e-06,7.100759781296599e-05,2.5774006713284502e-06
2018,E07000173,101770,112664,8,36266,0.000220592290299454,22.449677383775438,male,30-34,3351,0.032927188758966296,7.263483981462813e-06,7.100759781296599e-05,2.338080576508293e-06
2018,E07000174,92944,112664,609,48327,0.012601651250853559,1171.2478738593336,female,30-34,3720,0.04002410053365468,0.0005043697565542182,0.005405453383512036,0.00021634840965166954
2018,E07000174,92944,112664,609,48327,0.012601651250853559,1171.2478738593336,male,30-34,3643,0.039195644689275264,0.0004939298449266173,0.005405453383512036,0.0002118702302045785
2018,E07000175,105106,112664,74,52378,0.0014128069036618428,148.4944824162816,female,30-34,3415,0.032491009076551294,4.5903521930291274e-05,0.0006568202797699353,2.1340753671667934e-05
2018,E07000175,105106,112664,74,52378,0.0014128069036618428,148.4944824162816,male,30-34,3396,0.03231023918710635,4.564812898250926e-05,0.0006568202797699353,2.1222020342308724e-05
2018,E07000193,100989,112664,8,58942,0.00013572664653388076,13.706898306810086,female,30-34,3572,0.0353701888324471,4.800677117498163e-06,7.100759781296599e-05,2.511552143183065e-06
2018,E07000193,100989,112664,8,58942,0.00013572664653388076,13.706898306810086,male,30-34,3722,0.03685549911376487,5.0022733010437204e-06,7.100759781296599e-05,2.6170204582663398e-06
2018,E07000198,86796,112664,70,39191,0.0017861243652879488,155.0284504095328,female,30-34,2456,0.028296234849532236,5.05405945106595e-05,0.0006213164808634524,1.758091705839715e-05
2018,E07000198,86796,112664,70,39191,0.0017861243652879488,155.0284504095328,male,30-34,2304,0.026545002073828285,4.741267498068383e-05,0.0006213164808634524,1.6492847273024036e-05
2018,E08000018,225526,112664,221,121658,0.0018165677555113517,409.68325962945306,female,30-34,8705,0.038598653813750966,7.011706992420525e-05,0.001961584889583185,7.571453607930629e-05
2018,E08000018,225526,112664,221,121658,0.0018165677555113517,409.68325962945306,male,30-34,8012,0.03552583737573495,6.453509066430011e-05,0.001961584889583185,6.968694578603124e-05
2018,E08000019,501873,112664,3185,228663,0.013928794776592628,6990.486020912872,female,30-34,19545,0.03894411534392167,0.000542444590381437,0.028269899879287082,0.0011009462416600737
2018,E08000019,501873,112664,3185,228663,0.013928794776592628,6990.486020912872,male,30-34,19172,0.03820089943073248,0.0005320924884519269,0.028269899879287082,0.0010799356022055222
2018,E06000015,215559,112664,18,97923,0.00018381789773597623,39.623602218069294,female,35-39,8618,0.03997977351908294,7.348997920238278e-06,0.00015976709507917346,6.387452277067145e-06
2018,E06000015,215559,112664,18,97923,0.00018381789773597623,39.623602218069294,male,35-39,8068,0.03742826789881193,6.879985521058533e-06,0.00015976709507917346,5.979805636038262e-06
2018,E06000049,329432,112664,16,171737,9.31657126885878e-05,30.69176706242685,female,35-39,11196,0.0339857694455912,3.1663084316685354e-06,0.000142015195625932,4.826495696313456e-06
2018,E06000049,329432,112664,16,171737,9.31657126885878e-05,30.69176706242685,male,35-39,10515,0.03191857500182132,2.973716788048825e-06,0.000142015195625932,4.532922672984636e-06
2018,E07000032,110653,112664,3046,47883,0.06361339097383205,7039.012551427438,female,35-39,3820,0.03452233558963607,0.0021960828311933557,0.0270361428672868,0.0009333507971138203
2018,E07000032,110653,112664,3046,47883,0.06361339097383205,7039.012551427438,male,35-39,3541,0.032000939875105064,0.0020356882998051502,0.0270361428672868,0.0008651819823507952
2018,E07000033,68886,112664,16757,35395,0.4734284503460941,32612.592230541035,female,35-39,2382,0.034578869436460234,0.016370620572023292,0.14873428956898388,0.005143063579730564
2018,E07000033,68886,112664,16757,35395,0.4734284503460941,32612.592230541035,male,35-39,2312,0.033562697790552515,0.01588953600441555,0.14873428956898388,0.004991924011896332
2018,E07000034,91023,112664,39967,47709,0.8377245383470624,76252.20065396465,female,35-39,3145,0.0345517067114905,0.028944812553986475,0.3547450827238515,0.01225704805561795
2018,E07000034,91023,112664,39967,47709,0.8377245383470624,76252.20065396465,male,35-39,3164,0.03476044516221175,0.02911967787625222,0.3547450827238515,0.012331096994586713
2018,E07000035,64252,112664,13107,29105,0.4503349939872873,28934.924033671192,female,35-39,1615,0.025135404345390026,0.011319352164749255,0.11633707306681815,0.0029241793718936576
2018,E07000035,64252,112664,13107,29105,0.4503349939872873,28934.924033671192,male,35-39,1566,0.024372782170204815,0.010975916712072651,0.11633707306681815,0.0028354581401767607
2018,E07000036,99695,112664,43,39699,0.0010831507090858714,107.98470994231592,female,35-39,3617,0.03628065600080245,3.929741827336973e-05,0.0003816658382446922,1.3847086984613587e-05
2018,E07000036,99695,112664,43,39699,0.0010831507090858714,107.98470994231592,male,35-39,3319,0.03329153919454336,3.6059754285129705e-05,0.0003816658382446922,1.2706243213141416e-05
2018,E07000037,80519,112664,1381,41221,0.03350234103976129,2697.5749981805398,female,35-39,2703,0.03356971646443697,0.001124664089599657,0.012257686572463254,0.0004114870627475277
2018,E07000037,80519,112664,1381,41221,0.03350234103976129,2697.5749981805398,male,35-39,2519,0.03128454153678014,0.001048105379837786,0.012257686572463254,0.00038347610472105886
2018,E07000038,88837,112664,33402,45327,0.7369117744390761,65465.03130584421,female,35-39,2745,0.030899287459054226,0.022770048750354738,0.29647447276858624,0.009160849958348087
2018,E07000038,88837,112664,33402,45327,0.7369117744390761,65465.03130584421,male,35-39,2557,0.02878305210666727,0.02121057000169656,0.29647447276858624,0.008533440197994924
2018,E07000170,108737,112664,349,52066,0.006703030768639803,728.8674566895862,female,35-39,4032,0.037080294655912886,0.0002485503559888142,0.003097706454590641,0.00011486386809374424
2018,E07000170,108737,112664,349,52066,0.006703030768639803,728.8674566895862,male,35-39,3816,0.035093850299346134,0.00023523515834655625,0.003097706454590641,0.0001087104465887222
2018,E07000171,101049,112664,383,49753,0.007698028259602436,777.8780576045665,female,35-39,3254,0.03220219893319083,0.00024789343740904237,0.0033994887452957465,0.00010947101284715693
2018,E07000171,101049,112664,383,49753,0.007698028259602436,777.8780576045665,male,35-39,3219,0.031855832318973966,0.00024522709742461817,0.0033994887452957465,0.00010829354344038048
2018,E07000172,98332,112664,20,32767,0.0006103701895199437,60.01892147587512,female,35-39,3510,0.035695399259650984,2.178740761110323e-05,0.00017751899453241496,6.336611386006351e-06
2018,E07000172,98332,112664,20,32767,0.0006103701895199437,60.01892147587512,male,35-39,3467,0.035258105194646706,2.1520496349770628e-05,0.00017751899453241496,6.258983383271799e-06
2018,E07000173,101770,112664,8,36266,0.000220592290299454,22.449677383775438,female,35-39,3863,0.03795814090596443,8.373273237956086e-06,7.100759781296599e-05,2.6953164031786153e-06
2018,E07000173,101770,112664,8,36266,0.000220592290299454,22.449677383775438,male,35-39,3560,0.0349808391470964,7.716503424054795e-06,7.100759781296599e-05,2.4839053573170774e-06
2018,E07000174,92944,112664,609,48327,0.012601651250853559,1171.2478738593336,female,35-39,3593,0.03865768634876915,0.0004871506815320713,0.005405453383512036,0.0002089623214727012
2018,E07000174,92944,112664,609,48327,0.012601651250853559,1171.2478738593336,male,35-39,3476,0.03739886383198485,0.0004712874391888339,0.005405453383512036,0.0002021578150401084
2018,E07000175,105106,112664,74,52378,0.0014128069036618428,148.4944824162816,female,35-39,3466,0.032976233516640335,4.6589050369074516e-05,0.0006568202797699353,2.1659458924158428e-05
2018,E07000175,105106,112664,74,52378,0.0014128069036618428,148.4944824162816,male,35-39,3272,0.03113047780336042,4.398135395487936e-05,0.0006568202797699353,2.0447129140174953e-05
2018,E07000193,100989,112664,8,58942,0.00013572664653388076,13.706898306810086,female,35-39,3679,0.03642971016645377,4.944482395093993e-06,7.100759781296599e-05,2.586786207942468e-06
2018,E07000193,100989,112664,8,58942,0.00013572664653388076,13.706898306810086,male,35-39,3977,0.03938052659200507,5.344986813071164e-06,7.100759781296599e-05,2.796316593907908e-06
2018,E07000198,86796,112664,70,39191,0.0017861243652879488,155.0284504095328,female,35-39,2601,0.02996681874740772,5.352446511491261e-05,0.0006213164808634524,1.8618878366812285e-05
2018,E07000198,86796,112664,70,39191,0.0017861243652879488,155.0284504095328,male,35-39,2391,0.027547352412553572,4.920299734323571e-05,0.0006213164808634524,1.7115624058073126e-05
2018,E08000018,225526,112664,221,121658,0.0018165677555113517,409.68325962945306,female,35-39,8349,0.037020121848478665,6.724955965504763e-05,0.001961584889583185,7.261811162850409e-05
2018,E08000018,225526,112664,221,121658,0.0018165677555113517,409.68325962945306,male,35-39,7671,0.034013816588774684,6.17884024570452e-05,0.001961584889583185,6.672098865759431e-05
2018,E08000019,501873,112664,3185,228663,0.013928794776592628,6990.486020912872,female,35-39,17712,0.03529179692870507,0.0004915721967171148,0.028269899879287082,0.0009976955657346241
2018,E08000019,501873,112664,3185,228663,0.013928794776592628,6990.486020912872,male,35-39,17617,0.03510250601247726,0.0004889356023919046,0.028269899879287082,0.0009923443304848054
2018,E06000015,215559,112664,18,97923,0.00018381789773597623,39.623602218069294,female,40-44,7533,0.03494634879545739,6.423764369129143e-06,0.00015976709507917346,5.5832766306738e-06
2018,E06000015,215559,112664,18,97923,0.00018381789773597623,39.623602218069294,male,40-44,7515,0.03486284497515761,6.408414872428715e-06,0.00015976709507917346,5.569935467876492e-06
2018,E06000049,329432,112664,16,171737,9.31657126885878e-05,30.69176706242685,female,40-44,11570,0.035121056849364965,3.2720782917474944e-06,0.000142015195625932,4.987723759052044e-06
2018,E06000049,329432,112664,16,171737,9.31657126885878e-05,30.69176706242685,male,40-44,10912,0.033123679545399354,3.0859912117155283e-06,0.000142015195625932,4.704065830490571e-06
2018,E07000032,110653,112664,3046,47883,0.06361339097383205,7039.012551427438,female,40-44,3675,0.033211932798929984,0.0021127236661349696,0.0270361428672868,0.0008979225600505996
2018,E07000032,110653,112664,3046,47883,0.06361339097383205,7039.012551427438,male,40-44,3585,0.032398579342629664,0.0020609834947194192,0.0270361428672868,0.0008759326198044625
2018,E07000033,68886,112664,16757,35395,0.4734284503460941,32612.592230541035,female,40-44,2213,0.032125540748483,0.015209144973084609,0.14873428956898388,0.004778169480245061
2018,E07000033,68886,112664,16757,35395,0.4734284503460941,32612.592230541035,male,40-44,2245,0.03259007635804082,0.015429069346848144,0.14873428956898388,0.004847261854112139
2018,E07000034,91023,112664,39967,47709,0.8377245383470624,76252.20065396465,female,40-44,3112,0.03418916098129044,0.02864109909952493,0.3547450827238515,0.012128436740566951
2018,E07000034,91023,112664,39967,47709,0.8377245383470624,76252.20065396465,male,40-44,2800,0.030761455895762613,0.025769626439161253,0.3547450827238515,0.010912475216448416
2018,E07000035,64252,112664,13107,29105,0.4503349939872873,28934.924033671192,female,40-44,1976,0.030753906493183093,0.013849560295693208,0.11633707306681815,0.0035778194667875343
2018,E07000035,64252,112664,13107,29105,0.4503349939872873,28934.924033671192,male,40-44,1784,0.027765672663885948,0.012503854032144069,0.11633707306681815,0.0032301770894478552
2018,E07000036,99695,112664,43,39699,0.0010831507090858714,107.98470994231592,female,40-44,3478,0.034886403530768835,3.778723272180811e-05,0.0003816658382446922,1.331494844691348e-05
2018,E07000036,99695,112664,43,39699,0.0010831507090858714,107.98470994231592,male,40-44,3253,0.03262952003611014,3.534268776424433e-05,0.0003816658382446922,1.2453573116103955e-05
2018,E07000037,80519,112664,1381,41221,0.03350234103976129,2697.5749981805398,female,40-44,2593,0.03220357927942473,0.0010788952957202773,0.012257686572463254,0.00039474138131866034
2018,E07000037,80519,112664,1381,41221,0.03350234103976129,2697.5749981805398,male,40-44,2470,0.03067598951800196,0.0010277174625642443,0.012257686572463254,0.0003760166648118362
2018,E07000038,88837,112664,33402,45327,0.7369117744390761,65465.03130584421,female,40-44,2826,0.03181106971194435,0.023441951828234057,0.29647447276858624,0.009431170121053442
2018,E07000038,88837,112664,33402,45327,0.7369117744390761,65465.03130584421,male,40-44,2607,0.029345880657834014,0.021625324988041823,0.29647447276858624,0.008700304495961191
2018,E07000170,108737,112664,349,52066,0.006703030768639803,728.8674566895862,female,40-44,3738,0.03437652317058591,0.00023042689253129648,0.003097706454590641,0.00010648837771190872
2018,E07000170,108737,112664,349,52066,0.006703030768639803,728.8674566895862,male,40-44,3514,0.032316506800812966,0.00021661853942080681,0.003097706454590641,0.00010010705170670071
2018,E07000171,101049,112664,383,49753,0.007698028259602436,777.8780576045665,female,40-44,3283,0.032489188413541946,0.0002501026905389939,0.0033994887452957465,0.00011044663035562881
2018,E07000171,101049,112664,383,49753,0.007698028259602436,777.8780576045665,male,40-44,3295,0.032607942681273434,0.0002510168642479394,0.0033994887452957465,0.00011085033415223789
2018,E07000172,98332,112664,20,32767,0.0006103701895199437,60.01892147587512,female,40-44,3350,0.03406825855265834,2.079424942940052e-05,0.00017751899453241496,6.047763003738255e-06
2018,E07000172,98332,112664,20,32767,0.0006103701895199437,60.01892147587512,male,40-44,3387,0.034444534841150384,2.1023917258919277e-05,0.00017751899453241496,6.114559192137752e-06
2018,E07000173,101770,112664,8,36266,0.000220592290299454,22.449677383775438,female,40-44,3724,0.03659231600668173,8.071982795275295e-06,7.100759781296599e-05,2.5983324580474143e-06
2018,E07000173,101770,112664,8,36266,0.000220592290299454,22.449677383775438,male,40-44,3476,0.03415544856047952,7.5344286241613664e-06,7.100759781296599e-05,2.425296354503978e-06
2018,E07000174,92944,112664,609,48327,0.012601651250853559,1171.2478738593336,female,40-44,3099,0.033342657944568775,0.00042017254719395753,0.005405453383512036,0.0001802321832017537
2018,E07000174,92944,112664,609,48327,0.012601651250853559,1171.2478738593336,male,40-44,2937,0.031599672921328974,0.0003982080577956287,0.005405453383512036,0.00017081055891047134
2018,E07000175,105106,112664,74,52378,0.0014128069036618428,148.4944824162816,female,40-44,3465,0.03296671931193272,4.657560863498073e-05,0.0006568202797699353,2.165320980156058e-05
2018,E07000175,105106,112664,74,52378,0.0014128069036618428,148.4944824162816,male,40-44,3323,0.03161570224344947,4.466688239366262e-05,0.0006568202797699353,2.0765834392665453e-05
2018,E07000193,100989,112664,8,58942,0.00013572664653388076,13.706898306810086,female,40-44,3398,0.03364722890611849,4.5668255445853205e-06,7.100759781296599e-05,2.389208897686465e-06
2018,E07000193,100989,112664,8,58942,0.00013572664653388076,13.706898306810086,male,40-44,3403,0.03369673924882908,4.5735454173701714e-06,7.100759781296599e-05,2.392724508189241e-06
2018,E07000198,86796,112664,70,39191,0.0017861243652879488,155.0284504095328,female,40-44,2782,0.032052168302686763,5.724915876573889e-05,0.0006213164808634524,1.991454041386843e-05
2018,E07000198,86796,112664,70,39191,0.0017861243652879488,155.0284504095328,male,40-44,2640,0.03041614820959491,5.432702341536689e-05,0.0006213164808634524,1.8898054167006707e-05
2018,E08000018,225526,112664,221,121658,0.0018165677555113517,409.68325962945306,female,40-44,7459,0.033073791935297935,6.008078398215359e-05,0.001961584889583185,6.487705050149865e-05
2018,E08000018,225526,112664,221,121658,0.0018165677555113517,409.68325962945306,male,40-44,6978,0.03094100015075867,5.620642319714006e-05,0.001961584889583185,6.069339836431928e-05
2018,E08000019,501873,112664,3185,228663,0.013928794776592628,6990.486020912872,female,40-44,15663,0.03120909074606524,0.0004347050201659988,0.028269899879287082,0.0008822778707148494
2018,E08000019,501873,112664,3185,228663,0.013928794776592628,6990.486020912872,male,40-44,16201,0.032281075092702734,0.00044963647013403213,0.028269899879287082,0.0009125827608664543
2018,E06000015,215559,112664,18,97923,0.00018381789773597623,39.623602218069294,female,45-49,8536,0.039599367226606175,7.279072435269663e-06,0.00015976709507917346,6.326675868768295e-06
2018,E06000015,215559,112664,18,97923,0.00018381789773597623,39.623602218069294,male,45-49,8246,0.03825402789955418,7.031774988429433e-06,0.00015976709507917346,6.111734912589427e-06
2018,E06000049,329432,112664,16,171737,9.31657126885878e-05,30.69176706242685,female,45-49,14588,0.044282279802812116,4.125590157304447e-06,0.000142015195625932,6.28875662895862e-06
2018,E06000049,329432,112664,16,171737,9.31657126885878e-05,30.69176706242685,male,45-49,13706,0.04160494426770927,3.876154284070109e-06,0.000142015195625932,5.90853429918473e-06
2018,E07000032,110653,112664,3046,47883,0.06361339097383205,7039.012551427438,female,45-49,4849,0.04382167677333647,0.002787645457711148,0.0270361428672868,0.0011847691139279886
2018,E07000032,110653,112664,3046,47883,0.06361339097383205,7039.012551427438,male,45-49,4786,0.043252329353926235,0.002751427337720262,0.0270361428672868,0.0011693761557556926
2018,E07000033,68886,112664,16757,35395,0.4734284503460941,32612.592230541035,female,45-49,3157,0.0458293412304387,0.02169691399910895,0.14873428956898388,0.006816394509323843
2018,E07000033,68886,112664,16757,35395,0.4734284503460941,32612.592230541035,male,45-49,2978,0.04323084516447464,0.020466712033369163,0.14873428956898388,0.0064299090430048784
2018,E07000034,91023,112664,39967,47709,0.8377245383470624,76252.20065396465,female,45-49,3842,0.0422091119826857,0.03535960884973484,0.3547450827238515,0.014973474921998147
2018,E07000034,91023,112664,39967,47709,0.8377245383470624,76252.20065396465,male,45-49,3791,0.041648814036012866,0.03489023351102154,0.3547450827238515,0.01477471198055569
2018,E07000035,64252,112664,13107,29105,0.4503349939872873,28934.924033671192,female,45-49,2638,0.04105708771711387,0.018489443350222002,0.11633707306681815,0.0047764614136566385
2018,E07000035,64252,112664,13107,29105,0.4503349939872873,28934.924033671192,male,45-49,2552,0.039718607981074516,0.017886679086340618,0.11633707306681815,0.004620746598806572
2018,E07000036,99695,112664,43,39699,0.0010831507090858714,107.98470994231592,female,45-49,4318,0.043312101910828016,4.691353389671289e-05,0.0003816658382446922,1.6530749681935707e-05
2018,E07000036,99695,112664,43,39699,0.0010831507090858714,107.98470994231592,male,45-49,4131,0.041436380961933895,4.488184542087099e-05,0.0003816658382446922,1.5814851073662907e-05
2018,E07000037,80519,112664,1381,41221,0.03350234103976129,2697.5749981805398,female,45-49,3493,0.04338106533861573,0.0014533672456424718,0.012257686572463254,0.0005317515021003011
2018,E07000037,80519,112664,1381,41221,0.03350234103976129,2697.5749981805398,male,45-49,3364,0.04177895900346502,0.0013996929328202905,0.012257686572463254,0.0005121133847882659
2018,E07000038,88837,112664,33402,45327,0.7369117744390761,65465.03130584421,female,45-49,3728,0.0419644967749924,0.030924131781902536,0.29647447276858624,0.01244140205636491
2018,E07000038,88837,112664,33402,45327,0.7369117744390761,65465.03130584421,male,45-49,3527,0.039701925999302085,0.029256816736794592,0.29647447276858624,0.011770607578540516
2018,E07000170,108737,112664,349,52066,0.006703030768639803,728.8674566895862,female,45-49,4703,0.04325114726358093,0.0002899137708867542,0.003097706454590641,0.000133979358046845
2018,E07000170,108737,112664,349,52066,0.006703030768639803,728.8674566895862,male,45-49,4518,0.041549794458188107,0.00027850955068389445,0.003097706454590641,0.00012870906648004374
2018,E07000171,101049,112664,383,49753,0.007698028259602436,777.8780576045665,female,45-49,4298,0.042533820225831034,0.00032742655008729697,0.0033994887452957465,0.0001445932431521452
2018,E07000171,101049,112664,383,49753,0.007698028259602436,777.8780576045665,male,45-49,4009,0.03967382161129749,0.0003054101999301939,0.0033994887452957465,0.00013487071005047698
2018,E07000172,98332,112664,20,32767,0.0006103701895199437,60.01892147587512,female,45-49,3873,0.03938697473864052,2.4040635235841254e-05,0.00017751899453241496,6.991936153277092e-06
2018,E07000172,98332,112664,20,32767,0.0006103701895199437,60.01892147587512,male,45-49,3972,0.04039376805109222,2.465515186076981e-05,0.00017751899453241496,7.170661089805478e-06
2018,E07000173,101770,112664,8,36266,0.000220592290299454,22.449677383775438,female,45-49,4325,0.04249778913235728,9.37468463736994e-06,7.100759781296599e-05,3.0176659186506625e-06
2018,E07000173,101770,112664,8,36266,0.000220592290299454,22.449677383775438,male,45-49,4152,0.04079787756706298,8.99969725187514e-06,7.100759781296599e-05,2.8969592819046362e-06
2018,E07000174,92944,112664,609,48327,0.012601651250853559,1171.2478738593336,female,45-49,3671,0.03949690135995868,0.000497726176427563,0.005405453383512036,0.00021349865909442976
2018,E07000174,92944,112664,609,48327,0.012601651250853559,1171.2478738593336,male,45-49,3799,0.04087407471165433,0.0005150808347176006,0.005405453383512036,0.00022094290544803565
2018,E07000175,105106,112664,74,52378,0.0014128069036618428,148.4944824162816,female,45-49,4406,0.04191958594181112,5.9224280417236693e-05,0.0006568202797699353,2.7533634166140234e-05
2018,E07000175,105106,112664,74,52378,0.0014128069036618428,148.4944824162816,male,45-49,4278,0.04070176773923468,5.750373845323163e-05,0.0006568202797699353,2.673374647361505e-05
2018,E07000193,100989,112664,8,58942,0.00013572664653388076,13.706898306810086,female,45-49,4195,0.041539177534186886,5.637973266490705e-06,7.100759781296599e-05,2.9495972118289355e-06
2018,E07000193,100989,112664,8,58942,0.00013572664653388076,13.706898306810086,male,45-49,4257,0.04215310578379824,5.721299689022868e-06,7.100759781296599e-05,2.9931907820633566e-06
2018,E07000198,86796,112664,70,39191,0.0017861243652879488,155.0284504095328,female,45-49,3721,0.04287063919996313,7.65722932305228e-05,0.0006213164808634524,2.6636234680087867e-05
2018,E07000198,86796,112664,70,39191,0.0017861243652879488,155.0284504095328,male,45-49,3733,0.04300889441909765,7.68192342460472e-05,0.0006213164808634524,2.672213492630153e-05
2018,E08000018,225526,112664,221,121658,0.0018165677555113517,409.68325962945306,female,45-49,9313,0.04129457357466545,7.501439083332837e-05,0.001961584889583185,8.100281154584486e-05
2018,E08000018,225526,112664,221,121658,0.0018165677555113517,409.68325962945306,male,45-49,9350,0.04145863448116847,7.531241858602172e-05,0.001961584889583185,8.13246309410125e-05
2018,E08000019,501873,112664,3185,228663,0.013928794776592628,6990.486020912872,female,45-49,18830,0.037519452132312364,0.0005226007488811697,0.028269899879287082,0.0010606711553061746
2018,E08000019,501873,112664,3185,228663,0.013928794776592628,6990.486020912872,male,45-49,17859,0.035584699714868114,0.0004956519795150722,0.028269899879287082,0.0010059758981738169
2018,E06000015,215559,112664,18,97923,0.00018381789773597623,39.623602218069294,female,50-54,8658,0.04016533756419356,7.383107912905898e-06,0.00015976709507917346,6.4170993055056095e-06
2018,E06000015,215559,112664,18,97923,0.00018381789773597623,39.623602218069294,male,50-54,8573,0.0397710139683335,7.3106241784872085e-06,0.00015976709507917346,6.354099370073874e-06
2018,E06000049,329432,112664,16,171737,9.31657126885878e-05,30.69176706242685,female,50-54,15436,0.046856407392117334,4.365410588713425e-06,0.000142015195625932,6.65432186211991e-06
2018,E06000049,329432,112664,16,171737,9.31657126885878e-05,30.69176706242685,male,50-54,14737,0.04473457344763107,4.167728417068523e-06,0.000142015195625932,6.352989199407949e-06
2018,E07000032,110653,112664,3046,47883,0.06361339097383205,7039.012551427438,female,50-54,5131,0.04637018426974415,0.0029497646614798714,0.0270361428672868,0.001253670926699218
2018,E07000032,110653,112664,3046,47883,0.06361339097383205,7039.012551427438,male,50-54,5005,0.0452314894309237,0.0028773284214981014,0.0270361428672868,0.0012228850103546262
2018,E07000033,68886,112664,16757,35395,0.4734284503460941,32612.592230541035,female,50-54,3186,0.04625032662660047,0.021896220462832152,0.14873428956898388,0.006879009473140879
2018,E07000033,68886,112664,16757,35395,0.4734284503460941,32612.592230541035,male,50-54,3140,0.04558255668786111,0.021580079175547072,0.14873428956898388,0.006779689185706956
2018,E07000034,91023,112664,39967,47709,0.8377245383470624,76252.20065396465,female,50-54,4124,0.04530723004075893,0.037954978369678934,0.3547450827238515,0.016072517068797594
2018,E07000034,91023,112664,39967,47709,0.8377245383470624,76252.20065396465,male,50-54,4026,0.04423057908440724,0.037053041444308286,0.3547450827238515,0.0156905804362219
2018,E07000035,64252,112664,13107,29105,0.4503349939872873,28934.924033671192,female,50-54,3163,0.04922803959409824,0.022169108914614176,0.11633707306681815,0.005727046039194822
2018,E07000035,64252,112664,13107,29105,0.4503349939872873,28934.924033671192,male,50-54,3127,0.048667745751105024,0.021916788990198714,0.11633707306681815,0.005661863093443634
2018,E07000036,99695,112664,43,39699,0.0010831507090858714,107.98470994231592,female,50-54,4679,0.046933146095591564,5.0835670473070784e-05,0.0003816658382446922,1.7912778546034554e-05
2018,E07000036,99695,112664,43,39699,0.0010831507090858714,107.98470994231592,male,50-54,4530,0.045438587692462014,4.9216838478950765e-05,0.0003816658382446922,1.7342356660298467e-05
2018,E07000037,80519,112664,1381,41221,0.03350234103976129,2697.5749981805398,female,50-54,3926,0.04875867807598207,0.0016335298615494831,0.012257686572463254,0.0005976685935430239
2018,E07000037,80519,112664,1381,41221,0.03350234103976129,2697.5749981805398,male,50-54,3770,0.046821247159055626,0.001568621390229636,0.012257686572463254,0.0005739201726075395
2018,E07000038,88837,112664,33402,45327,0.7369117744390761,65465.03130584421,female,50-54,4081,0.04593806634622962,0.03385230198550007,0.29647447276858624,0.01361946400000676
2018,E07000038,88837,112664,33402,45327,0.7369117744390761,65465.03130584421,male,50-54,3905,0.043956909846122674,0.03239236443356475,0.29647447276858624,0.013032101671165496
2018,E07000170,108737,112664,349,52066,0.006703030768639803,728.8674566895862,female,50-54,4812,0.04425356594351509,0.0002966330141414121,0.003097706454590641,0.00013708455686187927
2018,E07000170,108737,112664,349,52066,0.006703030768639803,728.8674566895862,male,50-54,4752,0.04370177584446877,0.0002929343481296738,0.003097706454590641,0.00013537527311048426
2018,E07000171,101049,112664,383,49753,0.007698028259602436,777.8780576045665,female,50-54,4694,0.04645271106097042,0.0003575942824824969,0.0033994887452957465,0.00015791546844024418
2018,E07000171,101049,112664,383,49753,0.007698028259602436,777.8780576045665,male,50-54,4631,0.045829251155380064,0.0003527948705105333,0.0033994887452957465,0.00015579602350804662
2018,E07000172,98332,112664,20,32767,0.0006103701895199437,60.01892147587512,female,50-54,4133,0.04203107838750356,2.565451728110816e-05,0.00017751899453241496,7.461314774462747e-06
2018,E07000172,98332,112664,20,32767,0.0006103701895199437,60.01892147587512,male,50-54,4088,0.04157344506366188,2.537519154250428e-05,0.00017751899453241496,7.380076166949846e-06
2018,E07000173,101770,112664,8,36266,0.000220592290299454,22.449677383775438,female,50-54,4562,0.04482656971602633,9.888395679926392e-06,7.100759781296599e-05,3.1830270337304786e-06
2018,E07000173,101770,112664,8,36266,0.000220592290299454,22.449677383775438,male,50-54,4357,0.04281222364154466,9.444046465900768e-06,7.100759781296599e-05,3.0399931578175576e-06
2018,E07000174,92944,112664,609,48327,0.012601651250853559,1171.2478738593336,female,50-54,4142,0.04456446892752625,0.0005615858956041858,0.005405453383512036,0.00024089115934871377
2018,E07000174,92944,112664,609,48327,0.012601651250853559,1171.2478738593336,male,50-54,3978,0.04279996557066621,0.0005393502396700752,0.005405453383512036,0.0002313532187081563
2018,E07000175,105106,112664,74,52378,0.0014128069036618428,148.4944824162816,female,50-54,4795,0.045620611573078604,6.445311497972081e-05,0.0006568202797699353,2.9964542856705046e-05
2018,E07000175,105106,112664,74,52378,0.0014128069036618428,148.4944824162816,male,50-54,4627,0.04402222518219702,6.219490365196418e-05,0.0006568202797699353,2.8914690260265746e-05
2018,E07000193,100989,112664,8,58942,0.00013572664653388076,13.706898306810086,female,50-54,4521,0.04476725187891751,6.0761089720630464e-06,7.100759781296599e-05,3.1788150166099207e-06
2018,E07000193,100989,112664,8,58942,0.00013572664653388076,13.706898306810086,male,50-54,4489,0.044450385685569714,6.033101786239994e-06,7.100759781296599e-05,3.156315109392155e-06
2018,E07000198,86796,112664,70,39191,0.0017861243652879488,155.0284504095328,female,50-54,4051,0.0466726577261625,8.336317115744367e-05,0.0006213164808634524,2.89984914509637e-05
2018,E07000198,86796,112664,70,39191,0.0017861243652879488,155.0284504095328,male,50-54,3912,0.04507120143785428,8.050277106095274e-05,0.0006213164808634524,2.8003480265655403e-05
2018,E08000018,225526,112664,221,121658,0.0018165677555113517,409.68325962945306,female,50-54,9683,0.04293518263969565,7.799466836026187e-05,0.001961584889583185,8.422100549752128e-05
2018,E08000018,225526,112664,221,121658,0.0018165677555113517,409.68325962945306,male,50-54,9664,0.04285093514716707,7.784162708185177e-05,0.001961584889583185,8.405574688919195e-05
2018,E08000019,501873,112664,3185,228663,0.013928794776592628,6990.486020912872,female,50-54,18078,0.036021065090172215,0.0005017300232752938,0.028269899879287082,0.0010183119036444518
2018,E08000019,501873,112664,3185,228663,0.013928794776592628,6990.486020912872,male,50-54,18354,0.03657100501521302,0.0005093900236306419,0.028269899879287082,0.0010338586502649776
2018,E06000015,215559,112664,18,97923,0.00018381789773597623,39.623602218069294,female,55-59,7569,0.03511335643605695,6.45446336253e-06,0.00015976709507917346,5.609958956268418e-06
2018,E06000015,215559,112664,18,97923,0.00018381789773597623,39.623602218069294,male,55-59,7420,0.034422130368019895,6.327403639843123e-06,0.00015976709507917346,5.499523775335139e-06
2018,E06000049,329432,112664,16,171737,9.31657126885878e-05,30.69176706242685,female,55-59,14160,0.042983073896889185,4.004548713149916e-06,0.000142015195625932,6.104249648070608e-06
2018,E06000049,329432,112664,16,171737,9.31657126885878e-05,30.69176706242685,male,55-59,13934,0.04229704461011681,3.940634305722524e-06,0.000142015195625932,6.006823064704512e-06
2018,E07000032,110653,112664,3046,47883,0.06361339097383205,7039.012551427438,female,55-59,4617,0.04172503230820673,0.002654270793617729,0.0270361428672868,0.0011280839346268347
2018,E07000032,110653,112664,3046,47883,0.06361339097383205,7039.012551427438,male,55-59,4572,0.041318355580056566,0.0026284007079099537,0.0270361428672868,0.0011170889645037664
2018,E07000033,68886,112664,16757,35395,0.4734284503460941,32612.592230541035,female,55-59,2712,0.03936939291002526,0.018638590676459763,0.14873428956898388,0.005855578685234798
2018,E07000033,68886,112664,16757,35395,0.4734284503460941,32612.592230541035,male,55-59,2828,0.04105333449467236,0.019435816531352585,0.14873428956898388,0.006106038540502953
2018,E07000034,91023,112664,39967,47709,0.8377245383470624,76252.20065396465,female,55-59,3682,0.04045131450292783,0.03388705876749705,0.3547450827238515,0.014349904909629669
2018,E07000034,91023,112664,39967,47709,0.8377245383470624,76252.20065396465,male,55-59,3727,0.04094569504410973,0.034301213478126424,0.3547450827238515,0.014525283975608302
2018,E07000035,64252,112664,13107,29105,0.4503349939872873,28934.924033671192,female,55-59,2963,0.046115296021913714,0.02076733155675049,0.11633707306681815,0.005364918562799324
2018,E07000035,64252,112664,13107,29105,0.4503349939872873,28934.924033671192,male,55-59,2927,0.0455550021789205,0.02051501163233503,0.11633707306681815,0.005299735617048135
2018,E07000036,99695,112664,43,39699,0.0010831507090858714,107.98470994231592,female,55-59,3988,0.04000200611866192,4.3328201292286024e-05,0.0003816658382446922,1.526739919674841e-05
2018,E07000036,99695,112664,43,39699,0.0010831507090858714,107.98470994231592,male,55-59,4103,0.04115552434926526,4.4577635381707504e-05,0.0003816658382446922,1.5707657699162165e-05
2018,E07000037,80519,112664,1381,41221,0.03350234103976129,2697.5749981805398,female,55-59,3646,0.0452812379686782,0.0015170274771292448,0.012257686572463254,0.0005550432226331801
2018,E07000037,80519,112664,1381,41221,0.03350234103976129,2697.5749981805398,male,55-59,3580,0.04446155565767086,0.0014895662008016172,0.012257686572463254,0.0005449958137758598
2018,E07000038,88837,112664,33402,45327,0.7369117744390761,65465.03130584421,female,55-59,3739,0.04208831905624909,0.031015377878898492,0.29647447276858624,0.012478112201917491
2018,E07000038,88837,112664,33402,45327,0.7369117744390761,65465.03130584421,male,55-59,3654,0.04113151051926562,0.03031029440211155,0.29647447276858624,0.012194442895374831
2018,E07000170,108737,112664,349,52066,0.006703030768639803,728.8674566895862,female,55-59,4460,0.04101639736244333,0.0002749341735392141,0.003097706454590641,0.00012705675885369525
2018,E07000170,108737,112664,349,52066,0.006703030768639803,728.8674566895862,male,55-59,4416,0.040611751289809365,0.00027222181846393937,0.003097706454590641,0.00012580328410267226
2018,E07000171,101049,112664,383,49753,0.007698028259602436,777.8780576045665,female,55-59,4368,0.043226553454264766,0.0003327592300561455,0.0033994887452957465,0.00014694818196569806
2018,E07000171,101049,112664,383,49753,0.007698028259602436,777.8780576045665,male,55-59,4310,0.04265257449356253,0.0003283407237962424,0.0033994887452957465,0.00014499694694875424
2018,E07000172,98332,112664,20,32767,0.0006103701895199437,60.01892147587512,female,55-59,3961,0.04028190212748648,2.458687223577775e-05,0.00017751899453241496,7.1508027635245465e-06
2018,E07000172,98332,112664,20,32767,0.0006103701895199437,60.01892147587512,male,55-59,3748,0.038115771061302525,2.326473040638601e-05,0.00017751899453241496,6.766273354630144e-06
2018,E07000173,101770,112664,8,36266,0.000220592290299454,22.449677383775438,female,55-59,4266,0.04191805050604304,9.246798766016223e-06,7.100759781296599e-05,2.9765000714367e-06
2018,E07000173,101770,112664,8,36266,0.000220592290299454,22.449677383775438,male,55-59,4077,0.040060921686155056,8.837130466256009e-06,7.100759781296599e-05,2.844629815107226e-06
2018,E07000174,92944,112664,609,48327,0.012601651250853559,1171.2478738593336,female,55-59,3949,0.042487949733172665,0.0005354183249012385,0.005405453383512036,0.00022966663164366747
2018,E07000174,92944,112664,609,48327,0.012601651250853559,1171.2478738593336,male,55-59,3840,0.04131520055086934,0.0005206397487011284,0.005405453383512036,0.00022332739060817495
2018,E07000175,105106,112664,74,52378,0.0014128069036618428,148.4944824162816,female,55-59,4451,0.0423477251536544,5.9829158451457216e-05,0.0006568202797699353,2.7814844683043622e-05
2018,E07000175,105106,112664,74,52378,0.0014128069036618428,148.4944824162816,male,55-59,4353,0.04141533309230682,5.8511868510265845e-05,0.0006568202797699353,2.7202430668454025e-05
2018,E07000193,100989,112664,8,58942,0.00013572664653388076,13.706898306810086,female,55-59,4057,0.040172692075374536,5.452504777628793e-06,7.100759781296599e-05,2.852566361952321e-06
2018,E07000193,100989,112664,8,58942,0.00013572664653388076,13.706898306810086,male,55-59,4141,0.041004465832912486,5.5653986404143036e-06,7.100759781296599e-05,2.9116286183989564e-06
2018,E07000198,86796,112664,70,39191,0.0017861243652879488,155.0284504095328,female,55-59,3644,0.04198350154384994,7.49877550475746e-05,0.0006213164808634524,2.6085041433550172e-05
2018,E07000198,86796,112664,70,39191,0.0017861243652879488,155.0284504095328,male,55-59,3714,0.04278999032213466,7.642824430480023e-05,0.0006213164808634524,2.658612620312989e-05
2018,E08000018,225526,112664,221,121658,0.0018165677555113517,409.68325962945306,female,55-59,8954,0.039702739373730735,7.212271615179021e-05,0.001961584889583185,7.78802936305696e-05
2018,E08000018,225526,112664,221,121658,0.0018165677555113517,409.68325962945306,male,55-59,9087,0.04029247182143079,7.31940051006609e-05,0.001961584889583185,7.903710388887493e-05
2018,E08000019,501873,112664,3185,228663,0.013928794776592628,6990.486020912872,female,55-59,16457,0.03279116429853768,0.0004567413979998623,0.028269899879287082,0.0009270029316449132
2018,E08000019,501873,112664,3185,228663,0.013928794776592628,6990.486020912872,male,55-59,16304,0.03248630629661289,0.0004524950934550498,0.028269899879287082,0.0009183846264531
2018,E06000015,215559,112664,18,97923,0.00018381789773597623,39.623602218069294,female,60-64,6273,0.02910108137447288,5.349299600099179e-06,0.00015976709507917346,4.649395234862174e-06
2018,E06000015,215559,112664,18,97923,0.00018381789773597623,39.623602218069294,male,60-64,6036,0.028001614407192458,5.147197893543541e-06,0.00015976709507917346,4.473736591364272e-06
2018,E06000049,329432,112664,16,171737,9.31657126885878e-05,30.69176706242685,female,60-64,12011,0.036459724616916385,3.396796228364664e-06,0.000142015195625932,5.17783492393899e-06
2018,E06000049,329432,112664,16,171737,9.31657126885878e-05,30.69176706242685,male,60-64,11612,0.0352485490177032,3.283956190472939e-06,0.000142015195625932,5.005829584279372e-06
2018,E07000032,110653,112664,3046,47883,0.06361339097383205,7039.012551427438,female,60-64,4071,0.036790688006651424,0.002340380420363391,0.0270361428672868,0.000994678297133603
2018,E07000032,110653,112664,3046,47883,0.06361339097383205,7039.012551427438,male,60-64,4091,0.03697143321916261,0.0023518782362335127,0.0270361428672868,0.0009995649505216335
2018,E07000033,68886,112664,16757,35395,0.4734284503460941,32612.592230541035,female,60-64,2461,0.03572569172255611,0.01691355886975202,0.14873428956898388,0.005313635377714911
2018,E07000033,68886,112664,16757,35395,0.4734284503460941,32612.592230541035,male,60-64,2432,0.03530470632639433,0.016714252406028814,0.14873428956898388,0.005251020413897872
2018,E07000034,91023,112664,39967,47709,0.8377245383470624,76252.20065396465,female,60-64,3281,0.03604583456928469,0.0301964801238886,0.3547450827238515,0.01278708256613116
2018,E07000034,91023,112664,39967,47709,0.8377245383470624,76252.20065396465,male,60-64,3232,0.035507509091108835,0.029745511661203275,0.3547450827238515,0.012596114249843316
2018,E07000035,64252,112664,13107,29105,0.4503349939872873,28934.924033671192,female,60-64,2672,0.041586254124385234,0.01872774550105883,0.11633707306681815,0.004838023084643873
2018,E07000035,64252,112664,13107,29105,0.4503349939872873,28934.924033671192,male,60-64,2629,0.04091701425636556,0.01842636336911814,0.11633707306681815,0.00476016567721884
2018,E07000036,99695,112664,43,39699,0.0010831507090858714,107.98470994231592,female,60-64,3336,0.033462059280806464,3.624445323747897e-05,0.0003816658382446922,1.2771324904802578e-05
2018,E07000036,99695,112664,43,39699,0.0010831507090858714,107.98470994231592,male,60-64,3307,0.033171172074828226,3.5929378554059635e-05,0.0003816658382446922,1.2660303195498241e-05
2018,E07000037,80519,112664,1381,41221,0.03350234103976129,2697.5749981805398,female,60-64,2990,0.03713409257442343,0.001244079033630401,0.012257686572463254,0.00045517806793011746
2018,E07000037,80519,112664,1381,41221,0.03350234103976129,2697.5749981805398,male,60-64,3119,0.03873619890957414,0.0012977533464525821,0.012257686572463254,0.00047481618524215276
2018,E07000038,88837,112664,33402,45327,0.7369117744390761,65465.03130584421,female,60-64,3510,0.0395105642919054,0.029115800041437205,0.29647447276858624,0.011713873717231984
2018,E07000038,88837,112664,33402,45327,0.7369117744390761,65465.03130584421,male,60-64,3433,0.03864380832310862,0.028477077362465512,0.29647447276858624,0.01145690269836393
2018,E07000170,108737,112664,349,52066,0.006703030768639803,728.8674566895862,female,60-64,3557,0.03271195637179617,0.00021926925006255258,0.003097706454590641,0.00010133203839520047
2018,E07000170,108737,112664,349,52066,0.006703030768639803,728.8674566895862,male,60-64,3580,0.032923475909763925,0.0002206870720337189,0.003097706454590641,0.0001019872638332352
2018,E07000171,101049,112664,383,49753,0.007698028259602436,777.8780576045665,female,60-64,3714,0.0367544458628982,0.00028293676291861816,0.0033994887452957465,0.00012494632505050425
2018,E07000171,101049,112664,383,49753,0.007698028259602436,777.8780576045665,male,60-64,3803,0.0376352066819068,0.00028971688459329697,0.0033994887452957465,0.00012794046154202142
2018,E07000172,98332,112664,20,32767,0.0006103701895199437,60.01892147587512,female,60-64,3308,0.03364113411707277,2.053354540670356e-05,0.00017751899453241496,5.97194030339288e-06
2018,E07000172,98332,112664,20,32767,0.0006103701895199437,60.01892147587512,male,60-64,3231,0.03285807265183257,2.005558803175913e-05,0.00017751899453241496,5.832932019426361e-06
2018,E07000173,101770,112664,8,36266,0.000220592290299454,22.449677383775438,female,60-64,3565,0.03502996953915692,7.727341209762736e-06,7.100759781296599e-05,2.4873939884369046e-06
2018,E07000173,101770,112664,8,36266,0.000220592290299454,22.449677383775438,male,60-64,3392,0.03333005797386263,7.352353824267938e-06,7.100759781296599e-05,2.3666873516908783e-06
2018,E07000174,92944,112664,609,48327,0.012601651250853559,1171.2478738593336,female,60-64,3340,0.03593561714580823,0.00045284811475566894,0.005405453383512036,0.00019424830328940225
2018,E07000174,92944,112664,609,48327,0.012601651250853559,1171.2478738593336,male,60-64,3290,0.03539765880530212,0.00044606895136112295,0.005405453383512036,0.0001913403945575249
2018,E07000175,105106,112664,74,52378,0.0014128069036618428,148.4944824162816,female,60-64,3919,0.03728616824919605,5.267815591356118e-05,0.0006568202797699353,2.449031146098583e-05
2018,E07000175,105106,112664,74,52378,0.0014128069036618428,148.4944824162816,male,60-64,3807,0.036220577321941665,5.1172681695056765e-05,0.0006568202797699353,2.37904097300263e-05
2018,E07000193,100989,112664,8,58942,0.00013572664653388076,13.706898306810086,female,60-64,3417,0.03383536820841874,4.592361061167756e-06,7.100759781296599e-05,2.4025682175970137e-06
2018,E07000193,100989,112664,8,58942,0.00013572664653388076,13.706898306810086,male,60-64,3421,0.033874976482587214,4.597736959395638e-06,7.100759781296599e-05,2.4053807059992343e-06
2018,E07000198,86796,112664,70,39191,0.0017861243652879488,155.0284504095328,female,60-64,3367,0.038792110235494726,6.928753327255315e-05,0.0006213164808634524,2.410217741678469e-05
2018,E07000198,86796,112664,70,39191,0.0017861243652879488,155.0284504095328,male,60-64,3213,0.03701783492326835,6.611845690665675e-05,0.0006213164808634524,2.2999790923709303e-05
2018,E08000018,225526,112664,221,121658,0.0018165677555113517,409.68325962945306,female,60-64,7933,0.03517554516995823,6.389876113827917e-05,0.001961584889583185,6.899981788824087e-05
2018,E08000018,225526,112664,221,121658,0.0018165677555113517,409.68325962945306,male,60-64,7817,0.034661192057678494,6.296440385956489e-05,0.001961584889583185,6.799087059528285e-05
2018,E08000019,501873,112664,3185,228663,0.013928794776592628,6990.486020912872,female,60-64,13786,0.027469100748595758,0.0003826114670247373,0.028269899879287082,0.0007765487279368521
2018,E08000019,501873,112664,3185,228663,0.013928794776592628,6990.486020912872,male,60-64,13544,0.02698690704620492,0.0003758950899015698,0.028269899879287082,0.0007629171602478403
2018,E06000015,215559,112664,18,97923,0.00018381789773597623,39.623602218069294,female,65-69,5696,0.0264243200237522,4.857262955868791e-06,0.00015976709507917346,4.221736849637325e-06
2018,E06000015,215559,112664,18,97923,0.00018381789773597623,39.623602218069294,male,65-69,5386,0.024986198674144897,4.592910512694751e-06,0.00015976709507917346,3.991972379239227e-06
2018,E06000049,329432,112664,16,171737,9.31657126885878e-05,30.69176706242685,female,65-69,11872,0.0360377862502732,3.3574860397256924e-06,0.000142015195625932,5.11791326425807e-06
2018,E06000049,329432,112664,16,171737,9.31657126885878e-05,30.69176706242685,male,65-69,11445,0.03474161587216785,3.236727402683672e-06,0.000142015195625932,4.933837374446902e-06
2018,E07000032,110653,112664,3046,47883,0.06361339097383205,7039.012551427438,female,65-69,4071,0.036790688006651424,0.002340380420363391,0.0270361428672868,0.000994678297133603
2018,E07000032,110653,112664,3046,47883,0.06361339097383205,7039.012551427438,male,65-69,3983,0.035995409071602216,0.002289790030534853,0.0270361428672868,0.0009731770222262688
2018,E07000033,68886,112664,16757,35395,0.4734284503460941,32612.592230541035,female,65-69,2306,0.03347559736376041,0.015848300184334887,0.14873428956898388,0.004978969191796255
2018,E07000033,68886,112664,16757,35395,0.4734284503460941,32612.592230541035,male,65-69,2254,0.03272072699822896,0.015490923076969138,0.14873428956898388,0.004866694084262255
2018,E07000034,91023,112664,39967,47709,0.8377245383470624,76252.20065396465,female,65-69,3100,0.034057326170308606,0.028530657843357107,0.3547450827238515,0.01208166898963932
2018,E07000034,91023,112664,39967,47709,0.8377245383470624,76252.20065396465,male,65-69,3063,0.0336508355031146,0.028190130636839613,0.3547450827238515,0.011937468424279105
2018,E07000035,64252,112664,13107,29105,0.4503349939872873,28934.924033671192,female,65-69,2764,0.04301811616759011,0.019372563085676125,0.11633707306681815,0.005004601723785802
2018,E07000035,64252,112664,13107,29105,0.4503349939872873,28934.924033671192,male,65-69,2686,0.04180414617443815,0.01882586991610929,0.11633707306681815,0.004863372007991557
2018,E07000036,99695,112664,43,39699,0.0010831507090858714,107.98470994231592,female,65-69,3168,0.031776919604794625,3.441919300249802e-05,0.0003816658382446922,1.2128164657798133e-05
2018,E07000036,99695,112664,43,39699,0.0010831507090858714,107.98470994231592,male,65-69,3024,0.03033251416821305,3.2854684229657194e-05,0.0003816658382446922,1.1576884446080036e-05
2018,E07000037,80519,112664,1381,41221,0.03350234103976129,2697.5749981805398,female,65-69,2822,0.03504762851004111,0.001174177602978258,0.012257686572463254,0.00042960284538421127
2018,E07000037,80519,112664,1381,41221,0.03350234103976129,2697.5749981805398,male,65-69,2899,0.03600392453954967,0.0012062157586938235,0.012257686572463254,0.00044132482238441815
2018,E07000038,88837,112664,33402,45327,0.7369117744390761,65465.03130584421,female,65-69,3430,0.03861003861003861,0.02845219206328479,0.29647447276858624,0.011446890840485956
2018,E07000038,88837,112664,33402,45327,0.7369117744390761,65465.03130584421,male,65-69,3253,0.036617625538908335,0.026983959411622568,0.29647447276858624,0.010856191225685369
2018,E07000170,108737,112664,349,52066,0.006703030768639803,728.8674566895862,female,65-69,3534,0.03250043683382841,0.00021785142809138623,0.003097706454590641,0.00010067681295716568
2018,E07000170,108737,112664,349,52066,0.006703030768639803,728.8674566895862,male,65-69,3461,0.03182909221332205,0.00021335138444377128,0.003097706454590641,9.859718439296844e-05
2018,E07000171,101049,112664,383,49753,0.007698028259602436,777.8780576045665,female,65-69,3654,0.03616067452424072,0.0002783658943738909,0.0033994887452957465,0.00012292780606745895
2018,E07000171,101049,112664,383,49753,0.007698028259602436,777.8780576045665,male,65-69,3557,0.03520074419341112,0.00027097632355991516,0.0033994887452957465,0.0001196645337115357
2018,E07000172,98332,112664,20,32767,0.0006103701895199437,60.01892147587512,female,65-69,3344,0.03400724077614612,2.075700599758667e-05,0.00017751899453241496,6.036931189403203e-06
2018,E07000172,98332,112664,20,32767,0.0006103701895199437,60.01892147587512,male,65-69,3157,0.032105520074848466,1.9596252372721625e-05,0.00017751899453241496,5.699339642627365e-06
2018,E07000173,101770,112664,8,36266,0.000220592290299454,22.449677383775438,female,65-69,3547,0.03485310012773902,7.688325181214141e-06,7.100759781296599e-05,2.474834916405526e-06
2018,E07000173,101770,112664,8,36266,0.000220592290299454,22.449677383775438,male,65-69,3422,0.033624840326225806,7.417380538515591e-06,7.100759781296599e-05,2.387619138409843e-06
2018,E07000174,92944,112664,609,48327,0.012601651250853559,1171.2478738593336,female,65-69,3018,0.032471165432948874,0.00040919030249479313,0.005405453383512036,0.00017552137105611256
2018,E07000174,92944,112664,609,48327,0.012601651250853559,1171.2478738593336,male,65-69,3037,0.0326755896023412,0.0004117663845847205,0.005405453383512036,0.0001766263763742259
2018,E07000175,105106,112664,74,52378,0.0014128069036618428,148.4944824162816,female,65-69,3728,0.035468955150039005,5.011078470164738e-05,0.0006568202797699353,2.3296729044795913e-05
2018,E07000175,105106,112664,74,52378,0.0014128069036618428,148.4944824162816,male,65-69,3626,0.0344985062698609,4.8739727824080845e-05,0.0006568202797699353,2.265931853981491e-05
2018,E07000193,100989,112664,8,58942,0.00013572664653388076,13.706898306810086,female,65-69,3113,0.03082513937161473,4.183792795848764e-06,7.100759781296599e-05,2.188819099028242e-06
2018,E07000193,100989,112664,8,58942,0.00013572664653388076,13.706898306810086,male,65-69,3158,0.031270732456010066,4.2442716509124294e-06,7.100759781296599e-05,2.2204595935532248e-06
2018,E07000198,86796,112664,70,39191,0.0017861243652879488,155.0284504095328,female,65-69,3475,0.04003640720770543,7.151000241227272e-05,0.0006213164808634524,2.487527963270769e-05
2018,E07000198,86796,112664,70,39191,0.0017861243652879488,155.0284504095328,male,65-69,3311,0.03814691921286696,6.813514186677264e-05,0.0006213164808634524,2.3701309601120913e-05
2018,E08000018,225526,112664,221,121658,0.0018165677555113517,409.68325962945306,female,65-69,7268,0.03222688293145801,5.854231639392577e-05,0.001961584889583185,6.32157665967143e-05
2018,E08000018,225526,112664,221,121658,0.0018165677555113517,409.68325962945306,male,65-69,7077,0.0313799739276181,5.700384880569794e-05,0.001961584889583185,6.155448269192999e-05
2018,E08000019,501873,112664,3185,228663,0.013928794776592628,6990.486020912872,female,65-69,12731,0.025366975310486917,0.00035333139320266435,0.028269899879287082,0.0007171218522678126
2018,E08000019,501873,112664,3185,228663,0.013928794776592628,6990.486020912872,male,65-69,11929,0.023768961470332136,0.0003310729863729937,0.028269899879287082,0.0006719461610009219
2018,E06000015,215559,112664,18,97923,0.00018381789773597623,39.623602218069294,female,70-74,5724,0.02655421485532963,4.8811399507361225e-06,0.00015976709507917346,4.242489769544249e-06
2018,E06000015,215559,112664,18,97923,0.00018381789773597623,39.623602218069294,male,70-74,5067,0.02350632541438771,4.320883321170499e-06,0.00015976709507917346,3.755537327442473e-06
2018,E06000049,329432,112664,16,171737,9.31657126885878e-05,30.69176706242685,female,70-74,12248,0.037179144709682116,3.463821514029673e-06,0.000142015195625932,5.280003509150341e-06
2018,E06000049,329432,112664,16,171737,9.31657126885878e-05,30.69176706242685,male,70-74,11391,0.0345776973700187,3.2214558186081002e-06,0.000142015195625932,4.91055845629748e-06
2018,E07000032,110653,112664,3046,47883,0.06361339097383205,7039.012551427438,female,70-74,4086,0.03692624691603481,0.0023490037822659826,0.0270361428672868,0.000998343287174626
2018,E07000032,110653,112664,3046,47883,0.06361339097383205,7039.012551427438,male,70-74,3900,0.035245316439680804,0.0022420740946738453,0.0270361428672868,0.0009528974106659424
2018,E07000033,68886,112664,16757,35395,0.4734284503460941,32612.592230541035,female,70-74,2299,0.033373980199169644,0.015800191727574114,0.14873428956898388,0.004963855235012832
2018,E07000033,68886,112664,16757,35395,0.4734284503460941,32612.592230541035,male,70-74,2216,0.03216909096187905,0.01522976288312494,0.14873428956898388,0.0047846468902951
2018,E07000034,91023,112664,39967,47709,0.8377245383470624,76252.20065396465,female,70-74,3140,0.03449677554024807,0.02889879536391655,0.3547450827238515,0.012237561492731436
2018,E07000034,91023,112664,39967,47709,0.8377245383470624,76252.20065396465,male,70-74,2824,0.031025125517726286,0.02599050895149692,0.3547450827238515,0.011006010718303687
2018,E07000035,64252,112664,13107,29105,0.4503349939872873,28934.924033671192,female,70-74,2763,0.04300255244972919,0.01936555419888681,0.11633707306681815,0.005002791086403825
2018,E07000035,64252,112664,13107,29105,0.4503349939872873,28934.924033671192,male,70-74,2671,0.041570690406524315,0.018720736614269512,0.11633707306681815,0.004836212447261895
2018,E07000036,99695,112664,43,39699,0.0010831507090858714,107.98470994231592,female,70-74,3352,0.03362254877375997,3.64182875455724e-05,0.0003816658382446922,1.2832578261660146e-05
2018,E07000036,99695,112664,43,39699,0.0010831507090858714,107.98470994231592,male,70-74,3037,0.030462911881237776,3.2995924604983104e-05,0.0003816658382446922,1.162665279852681e-05
2018,E07000037,80519,112664,1381,41221,0.03350234103976129,2697.5749981805398,female,70-74,2784,0.034575690209764164,0.0011583665650926544,0.012257686572463254,0.0004238179736178753
2018,E07000037,80519,112664,1381,41221,0.03350234103976129,2697.5749981805398,male,70-74,2670,0.033159875308933294,0.001110933451435843,0.012257686572463254,0.0004064633583188674
2018,E07000038,88837,112664,33402,45327,0.7369117744390761,65465.03130584421,female,70-74,3653,0.041120253948242286,0.03030199930238465,0.29647447276858624,0.012191105609415508
2018,E07000038,88837,112664,33402,45327,0.7369117744390761,65465.03130584421,male,70-74,3443,0.03875637403334197,0.028560028359734563,0.29647447276858624,0.011490275557957185
2018,E07000170,108737,112664,349,52066,0.006703030768639803,728.8674566895862,female,70-74,3469,0.03190266422652823,0.00021384453991200308,0.003097706454590641,9.882508889315444e-05
2018,E07000170,108737,112664,349,52066,0.006703030768639803,728.8674566895862,male,70-74,3219,0.02960353881383522,0.0001984334315297601,0.003097706454590641,9.170307326234193e-05
2018,E07000171,101049,112664,383,49753,0.007698028259602436,777.8780576045665,female,70-74,3625,0.0358736850438896,0.0002761566412439393,0.0033994887452957465,0.00012195218855898704
2018,E07000171,101049,112664,383,49753,0.007698028259602436,777.8780576045665,male,70-74,3514,0.03477520806737325,0.0002677005344361939,0.0033994887452957465,0.00011821792844035324
2018,E07000172,98332,112664,20,32767,0.0006103701895199437,60.01892147587512,female,70-74,3492,0.035512345930114306,2.1675677315661675e-05,0.00017751899453241496,6.30411594300119e-06
2018,E07000172,98332,112664,20,32767,0.0006103701895199437,60.01892147587512,male,70-74,3147,0.03200382378066143,1.9534179986365204e-05,0.00017751899453241496,5.681286618735609e-06
2018,E07000173,101770,112664,8,36266,0.000220592290299454,22.449677383775438,female,70-74,3463,0.034027709541122136,7.506250381320715e-06,7.100759781296599e-05,2.4162259135924264e-06
2018,E07000173,101770,112664,8,36266,0.000220592290299454,22.449677383775438,male,70-74,3108,0.030539451704824607,6.736767596056825e-06,7.100759781296599e-05,2.168533104084684e-06
2018,E07000174,92944,112664,609,48327,0.012601651250853559,1171.2478738593336,female,70-74,2893,0.031126269581683595,0.00039224239400842815,0.005405453383512036,0.00016825159922641934
2018,E07000174,92944,112664,609,48327,0.012601651250853559,1171.2478738593336,male,70-74,2703,0.02908202788776037,0.0003664815731091536,0.005405453383512036,0.0001572015460452857
2018,E07000175,105106,112664,74,52378,0.0014128069036618428,148.4944824162816,female,70-74,3876,0.036877057446768016,5.2100161347528226e-05,0.0006568202797699353,2.4221599189278154e-05
2018,E07000175,105106,112664,74,52378,0.0014128069036618428,148.4944824162816,male,70-74,3603,0.034279679561585445,4.843056793992369e-05,0.0006568202797699353,2.2515588720064293e-05
2018,E07000193,100989,112664,8,58942,0.00013572664653388076,13.706898306810086,female,70-74,3167,0.031359851072889126,4.256367421925164e-06,7.100759781296599e-05,2.2267876924582214e-06
2018,E07000193,100989,112664,8,58942,0.00013572664653388076,13.706898306810086,male,70-74,2976,0.029468555981344506,3.9996682815438236e-06,7.100759781296599e-05,2.0924913712521837e-06
2018,E07000198,86796,112664,70,39191,0.0017861243652879488,155.0284504095328,female,70-74,3543,0.040819853449467716,7.290933483357763e-05,0.0006213164808634524,2.5362047694585134e-05
2018,E07000198,86796,112664,70,39191,0.0017861243652879488,155.0284504095328,male,70-74,3403,0.039206875892898285,7.002835631912636e-05,0.0006213164808634524,2.435987815542569e-05
2018,E08000018,225526,112664,221,121658,0.0018165677555113517,409.68325962945306,female,70-74,7429,0.03294076957867385,5.983913985834817e-05,0.001961584889583185,6.46161158567681e-05
2018,E08000018,225526,112664,221,121658,0.0018165677555113517,409.68325962945306,male,70-74,6906,0.030621746494860907,5.562647730000705e-05,0.001961584889583185,6.0067155216966016e-05
2018,E08000019,501873,112664,3185,228663,0.013928794776592628,6990.486020912872,female,70-74,13040,0.02598266892221737,0.00036190726316571694,0.028269899879287082,0.0007345274490277492
2018,E08000019,501873,112664,3185,228663,0.013928794776592628,6990.486020912872,male,70-74,11674,0.023260864800457488,0.00032399581213163965,0.028269899879287082,0.0006575823190145664
2018,E06000015,215559,112664,18,97923,0.00018381789773597623,39.623602218069294,female,75-79,4117,0.0190991793430105,3.5107709953145735e-06,0.00015976709507917346,3.0514204020289438e-06
2018,E06000015,215559,112664,18,97923,0.00018381789773597623,39.623602218069294,male,75-79,3415,0.015842530351319127,2.9121406239978786e-06,0.00015976709507917346,2.5311150529338942e-06
2018,E06000049,329432,112664,16,171737,9.31657126885878e-05,30.69176706242685,female,75-79,8520,0.02586269700575536,2.409516598590204e-06,0.000142015195625932,3.6728959746865524e-06
2018,E06000049,329432,112664,16,171737,9.31657126885878e-05,30.69176706242685,male,75-79,7475,0.022690570436387482,2.11398316601664e-06,0.000142015195625932,3.2224057993875568e-06
2018,E07000032,110653,112664,3046,47883,0.06361339097383205,7039.012551427438,female,75-79,2673,0.02415659765211969,0.0015366830910418432,0.0270361428672868,0.0006531012253102727
2018,E07000032,110653,112664,3046,47883,0.06361339097383205,7039.012551427438,male,75-79,2467,0.0222949219632545,0.0014182555875795835,0.0270361428672868,0.0006027686954135589
2018,E07000033,68886,112664,16757,35395,0.4734284503460941,32612.592230541035,female,75-79,1534,0.022268675783178003,0.010542624667289556,0.14873428956898388,0.003312115672253016
2018,E07000033,68886,112664,16757,35395,0.4734284503460941,32612.592230541035,male,75-79,1438,0.020875068954504545,0.009882851545998944,0.14873428956898388,0.0031048385506517845
2018,E07000034,91023,112664,39967,47709,0.8377245383470624,76252.20065396465,female,75-79,2148,0.02359843116574932,0.019768984854042274,0.3547450827238515,0.008371427416046856
2018,E07000034,91023,112664,39967,47709,0.8377245383470624,76252.20065396465,male,75-79,1889,0.020752996495391283,0.01738529440841986,0.3547450827238515,0.007362023458525378
2018,E07000035,64252,112664,13107,29105,0.4503349939872873,28934.924033671192,female,75-79,1859,0.028932951503455144,0.01302952054134295,0.11633707306681815,0.003365974893096167
2018,E07000035,64252,112664,13107,29105,0.4503349939872873,28934.924033671192,male,75-79,1646,0.025617879599078627,0.011536627655218129,0.11633707306681815,0.00298030913073496
2018,E07000036,99695,112664,43,39699,0.0010831507090858714,107.98470994231592,female,75-79,2288,0.022949997492351677,2.485830605735968e-05,0.0003816658382446922,8.759230030631985e-06
2018,E07000036,99695,112664,43,39699,0.0010831507090858714,107.98470994231592,male,75-79,2011,0.020171523145594058,2.1848799598492268e-05,0.0003816658382446922,7.698781290035367e-06
2018,E07000037,80519,112664,1381,41221,0.03350234103976129,2697.5749981805398,female,75-79,1914,0.02377078701921285,0.0007963770135011997,0.012257686572463254,0.00029137485686228924
2018,E07000037,80519,112664,1381,41221,0.03350234103976129,2697.5749981805398,male,75-79,1583,0.019659956035221502,0.0006586545519187039,0.012257686572463254,0.00024098557910815253
2018,E07000038,88837,112664,33402,45327,0.7369117744390761,65465.03130584421,female,75-79,2541,0.028602946970293912,0.02107784840606608,0.29647447276858624,0.00848004362264572
2018,E07000038,88837,112664,33402,45327,0.7369117744390761,65465.03130584421,male,75-79,2259,0.025428593941713474,0.018738630283078817,0.29647447276858624,0.007538928982115969
2018,E07000170,108737,112664,349,52066,0.006703030768639803,728.8674566895862,female,75-79,2575,0.02368099175073802,0.00015873441633710233,0.003097706454590641,7.335676099736889e-05
2018,E07000170,108737,112664,349,52066,0.006703030768639803,728.8674566895862,male,75-79,2263,0.02081168323569714,0.00013950135307606312,0.003097706454590641,6.446848549011487e-05
2018,E07000171,101049,112664,383,49753,0.007698028259602436,777.8780576045665,female,75-79,2526,0.02499777335748004,0.00019243356573301818,0.0033994887452957465,8.497964918620725e-05
2018,E07000171,101049,112664,383,49753,0.007698028259602436,777.8780576045665,male,75-79,2237,0.02213777474294649,0.0001704172155759151,0.0033994887452957465,7.525711608453904e-05
2018,E07000172,98332,112664,20,32767,0.0006103701895199437,60.01892147587512,female,75-79,2326,0.023654558027905462,1.4438037066503165e-05,0.00017751899453241496,4.199133357222442e-06
2018,E07000172,98332,112664,20,32767,0.0006103701895199437,60.01892147587512,male,75-79,2048,0.02082740104950576,1.2712424725794705e-05,0.00017751899453241496,3.6972592930316263e-06
2018,E07000173,101770,112664,8,36266,0.000220592290299454,22.449677383775438,female,75-79,2414,0.023720153286823233,5.232482939794458e-06,7.100759781296599e-05,1.6843111046526473e-06
2018,E07000173,101770,112664,8,36266,0.000220592290299454,22.449677383775438,male,75-79,2055,0.020192591136877276,4.454329925964214e-06,7.100759781296599e-05,1.4338273902490431e-06
2018,E07000174,92944,112664,609,48327,0.012601651250853559,1171.2478738593336,female,75-79,2081,0.022389826131864347,0.0002821487804810021,0.005405453383512036,0.00012102716142073235
2018,E07000174,92944,112664,609,48327,0.012601651250853559,1171.2478738593336,male,75-79,1727,0.018581081081081082,0.00023415230364761685,0.005405453383512036,0.0001004391675990412
2018,E07000175,105106,112664,74,52378,0.0014128069036618428,148.4944824162816,female,75-79,2658,0.025288756112876527,3.5728129221292576e-05,0.0006568202797699353,1.6610167865093227e-05
2018,E07000175,105106,112664,74,52378,0.0014128069036618428,148.4944824162816,male,75-79,2324,0.02211101174052861,3.1238590033966884e-05,0.0006568202797699353,1.4522960917410327e-05
2018,E07000193,100989,112664,8,58942,0.00013572664653388076,13.706898306810086,female,75-79,2333,0.02310152590876234,3.135492641411874e-06,7.100759781296599e-05,1.6403838605952102e-06
2018,E07000193,100989,112664,8,58942,0.00013572664653388076,13.706898306810086,male,75-79,1984,0.019645703987562997,2.6664455210292157e-06,7.100759781296599e-05,1.3949942475014558e-06
2018,E07000198,86796,112664,70,39191,0.0017861243652879488,155.0284504095328,female,75-79,2403,0.02768560763168809,4.9449938358760086e-05,0.0006213164808634524,1.7201524304286788e-05
2018,E07000198,86796,112664,70,39191,0.0017861243652879488,155.0284504095328,male,75-79,2284,0.026314576708604084,4.7001106621476506e-05,0.0006213164808634524,1.6349680196001258e-05
2018,E08000018,225526,112664,221,121658,0.0018165677555113517,409.68325962945306,female,75-79,5262,0.02333212135186187,4.238437931547019e-05,0.001961584889583185,4.576793668573345e-05
2018,E08000018,225526,112664,221,121658,0.0018165677555113517,409.68325962945306,male,75-79,4531,0.0200908099287887,3.649631749874486e-05,0.001961584889583185,3.940982917579975e-05
2018,E08000019,501873,112664,3185,228663,0.013928794776592628,6990.486020912872,female,75-79,9553,0.019034696028676582,0.00026513037461825875,0.028269899879287082,0.0005381089509633504
2018,E08000019,501873,112664,3185,228663,0.013928794776592628,6990.486020912872,male,75-79,8080,0.01609969055916537,0.0002242492857652602,0.028269899879287082,0.0004551366401951084
2018,E06000015,215559,112664,18,97923,0.00018381789773597623,39.623602218069294,female,80-84,3531,0.016380666082139925,3.011059602733972e-06,0.00015976709507917346,2.6170914354054415e-06
2018,E06000015,215559,112664,18,97923,0.00018381789773597623,39.623602218069294,male,80-84,2739,0.012706497988949659,2.3356817479151364e-06,0.00015976709507917346,2.030080272323847e-06
2018,E06000049,329432,112664,16,171737,9.31657126885878e-05,30.69176706242685,female,80-84,6653,0.02019536657033925,1.8815157195329369e-06,0.000142015195625932,2.8680489342241365e-06
2018,E06000049,329432,112664,16,171737,9.31657126885878e-05,30.69176706242685,male,80-84,5315,0.016133830350421333,1.5031198029937716e-06,0.000142015195625932,2.2912490734106846e-06
2018,E07000032,110653,112664,3046,47883,0.06361339097383205,7039.012551427438,female,80-84,1960,0.017713030826096,0.001126785955271984,0.0270361428672868,0.0004788920320269865
2018,E07000032,110653,112664,3046,47883,0.06361339097383205,7039.012551427438,male,80-84,1462,0.013212475034567522,0.0008404903401059389,0.0270361428672868,0.00035721436266502763
2018,E07000033,68886,112664,16757,35395,0.4734284503460941,32612.592230541035,female,80-84,1165,0.016911999535464392,0.00800662173232877,0.14873428956898388,0.0025153942360982818
2018,E07000033,68886,112664,16757,35395,0.4734284503460941,32612.592230541035,male,80-84,886,0.012861829689632145,0.006089156098577932,0.14873428956898388,0.0019129951014447016
2018,E07000034,91023,112664,39967,47709,0.8377245383470624,76252.20065396465,female,80-84,1688,0.01854476341144546,0.015535403367608641,0.3547450827238515,0.006578663630487472
2018,E07000034,91023,112664,39967,47709,0.8377245383470624,76252.20065396465,male,80-84,1227,0.013480109422893115,0.01129261844316102,0.3547450827238515,0.004782002532350788
2018,E07000035,64252,112664,13107,29105,0.4503349939872873,28934.924033671192,female,80-84,1444,0.02247400859117226,0.010120832523775805,0.11633707306681815,0.0026145603795755057
2018,E07000035,64252,112664,13107,29105,0.4503349939872873,28934.924033671192,male,80-84,1171,0.018225113615140384,0.008207406430291875,0.11633707306681815,0.0021202563742956488
2018,E07000036,99695,112664,43,39699,0.0010831507090858714,107.98470994231592,female,80-84,1836,0.018416169316415067,1.9947486853720442e-05,0.0003816658382446922,7.028822699405737e-06
2018,E07000036,99695,112664,43,39699,0.0010831507090858714,107.98470994231592,male,80-84,1439,0.014434023772506143,1.563422308415235e-05,0.0003816658382446922,5.508973782377371e-06
2018,E07000037,80519,112664,1381,41221,0.03350234103976129,2697.5749981805398,female,80-84,1364,0.01694010109415169,0.0005675330441043034,0.012257686572463254,0.00020764644971795328
2018,E07000037,80519,112664,1381,41221,0.03350234103976129,2697.5749981805398,male,80-84,1064,0.013214272407754692,0.00044270906079690517,0.012257686572463254,0.00016197640945740638
2018,E07000038,88837,112664,33402,45327,0.7369117744390761,65465.03130584421,female,80-84,1834,0.020644551256796158,0.015213212899144112,0.29647447276858624,0.006120582449402694
2018,E07000038,88837,112664,33402,45327,0.7369117744390761,65465.03130584421,male,80-84,1456,0.016389567409975568,0.01207766520237395,0.29647447276858624,0.004859088356777711
2018,E07000170,108737,112664,349,52066,0.006703030768639803,728.8674566895862,female,80-84,1790,0.016461737954881962,0.00011034353601685945,0.003097706454590641,5.09936319166176e-05
2018,E07000170,108737,112664,349,52066,0.006703030768639803,728.8674566895862,male,80-84,1390,0.012783137294573144,8.568576260527075e-05,0.003097706454590641,3.959840690731757e-05
2018,E07000171,101049,112664,383,49753,0.007698028259602436,777.8780576045665,female,80-84,1845,0.0182584686637176,0.00014055420775036363,0.0033994887452957465,6.206945872864305e-05
2018,E07000171,101049,112664,383,49753,0.007698028259602436,777.8780576045665,male,80-84,1506,0.014903660600302826,0.00011472880047265454,0.0033994887452957465,5.06648264744371e-05
2018,E07000172,98332,112664,20,32767,0.0006103701895199437,60.01892147587512,female,80-84,1793,0.018234145547736242,1.112957887370601e-05,0.00017751899453241496,3.236907183791848e-06
2018,E07000172,98332,112664,20,32767,0.0006103701895199437,60.01892147587512,male,80-84,1423,0.014471382662815769,8.83290057851849e-06,0.00017751899453241496,2.568945299796877e-06
2018,E07000173,101770,112664,8,36266,0.000220592290299454,22.449677383775438,female,80-84,2047,0.020113982509580425,4.436989468831506e-06,7.100759781296599e-05,1.4282455804573191e-06
2018,E07000173,101770,112664,8,36266,0.000220592290299454,22.449677383775438,male,80-84,1536,0.0150928564409944,3.3293677694798214e-06,7.100759781296599e-05,1.0717074800109636e-06
2018,E07000174,92944,112664,609,48327,0.012601651250853559,1171.2478738593336,female,80-84,1516,0.016310896884145294,0.00020554423412263295,0.005405453383512036,8.816779275051909e-05
2018,E07000174,92944,112664,609,48327,0.012601651250853559,1171.2478738593336,male,80-84,1235,0.013287571010500949,0.0001674453358452848,0.005405453383512036,7.182534567736878e-05
2018,E07000175,105106,112664,74,52378,0.0014128069036618428,148.4944824162816,female,80-84,1893,0.01801038951154073,2.544520263954359e-05,0.0006568202797699353,1.1829589077735694e-05
2018,E07000175,105106,112664,74,52378,0.0014128069036618428,148.4944824162816,male,80-84,1547,0.014718474682701273,2.079436264309241e-05,0.0006568202797699353,9.667392658878562e-06
2018,E07000193,100989,112664,8,58942,0.00013572664653388076,13.706898306810086,female,80-84,1755,0.017378130291417878,2.358675347483001e-06,7.100759781296599e-05,1.233979286474322e-06
2018,E07000193,100989,112664,8,58942,0.00013572664653388076,13.706898306810086,male,80-84,1322,0.013090534612680591,1.77673436431483e-06,7.100759781296599e-05,9.295274169339341e-07
2018,E07000198,86796,112664,70,39191,0.0017861243652879488,155.0284504095328,female,80-84,1800,0.02073828287017835,3.7041152328659255e-05,0.0006213164808634524,1.2885036932050027e-05
2018,E07000198,86796,112664,70,39191,0.0017861243652879488,155.0284504095328,male,80-84,1470,0.016936264343978984,3.0250274401738385e-05,0.0006213164808634524,1.0522780161174189e-05
2018,E08000018,225526,112664,221,121658,0.0018165677555113517,409.68325962945306,female,80-84,3965,0.017581121467147912,3.193729836294932e-05,0.001961584889583185,3.448686221188391e-05
2018,E08000018,225526,112664,221,121658,0.0018165677555113517,409.68325962945306,male,80-84,3109,0.01378555022480778,2.5042386030368077e-05,0.001961584889583185,2.704152701557303e-05
2018,E08000019,501873,112664,3185,228663,0.013928794776592628,6990.486020912872,female,80-84,7868,0.015677272935583304,0.00021836551737636968,0.028269899879287082,0.00044319493626919715
2018,E08000019,501873,112664,3185,228663,0.013928794776592628,6990.486020912872,male,80-84,5953,0.0118615665716227,0.000165217326505024,0.028269899879287082,0.0003353252993912724
2018,E06000015,215559,112664,18,97923,0.00018381789773597623,39.623602218069294,female,85-89,2446,0.011347241358514374,2.0858260516248348e-06,0.00015976709507917346,1.8129157890120957e-06
2018,E06000015,215559,112664,18,97923,0.00018381789773597623,39.623602218069294,male,85-89,1502,0.006967929893903757,1.2808302246690523e-06,0.00015976709507917346,1.1132459178643366e-06
2018,E06000049,329432,112664,16,171737,9.31657126885878e-05,30.69176706242685,female,85-89,4463,0.013547560649845795,1.262168143134751e-06,0.000142015195625932,1.9239594759420287e-06
2018,E06000049,329432,112664,16,171737,9.31657126885878e-05,30.69176706242685,male,85-89,2871,0.008715000364263339,8.119392200178961e-07,0.000142015195625932,1.2376624816109265e-06
2018,E07000032,110653,112664,3046,47883,0.06361339097383205,7039.012551427438,female,85-89,1233,0.01114294235131447,0.0007088403483930388,0.0270361428672868,0.0003012621813720787
2018,E07000032,110653,112664,3046,47883,0.06361339097383205,7039.012551427438,male,85-89,870,0.007862416744236487,0.0005001549903503194,0.0270361428672868,0.0002125694223793256
2018,E07000033,68886,112664,16757,35395,0.4734284503460941,32612.592230541035,female,85-89,716,0.010393984263856229,0.004920807862959141,0.14873428956898388,0.001545941865275854
2018,E07000033,68886,112664,16757,35395,0.4734284503460941,32612.592230541035,male,85-89,446,0.006474465058212119,0.0030651959593292967,0.14873428956898388,0.0009629749607723893
2018,E07000034,91023,112664,39967,47709,0.8377245383470624,76252.20065396465,female,85-89,1094,0.012018940267844393,0.010068561187300859,0.3547450827238515,0.004263659959569489
2018,E07000034,91023,112664,39967,47709,0.8377245383470624,76252.20065396465,male,85-89,701,0.007701350208189139,0.0064516100478042996,0.3547450827238515,0.002732016116689407
2018,E07000035,64252,112664,13107,29105,0.4503349939872873,28934.924033671192,female,85-89,961,0.014956732864346638,0.006735540204535006,0.11633707306681815,0.0017400225240803747
2018,E07000035,64252,112664,13107,29105,0.4503349939872873,28934.924033671192,male,85-89,585,0.00910477494863973,0.0041001987717512785,0.11633707306681815,0.0010592228684568358
2018,E07000036,99695,112664,43,39699,0.0010831507090858714,107.98470994231592,female,85-89,1293,0.012969557149305382,1.4047985022799854e-05,0.0003816658382446922,4.950036901052079e-06
2018,E07000036,99695,112664,43,39699,0.0010831507090858714,107.98470994231592,male,85-89,782,0.007843923968102712,8.496151808066114e-06,0.0003816658382446922,2.9937578164135544e-06
2018,E07000037,80519,112664,1381,41221,0.03350234103976129,2697.5749981805398,female,85-89,841,0.010444739750866254,0.00034992323320507263,0.012257686572463254,0.00012802834619706649
2018,E07000037,80519,112664,1381,41221,0.03350234103976129,2697.5749981805398,male,85-89,556,0.006905202498789106,0.00023134044906304444,0.012257686572463254,8.464180794954692e-05
2018,E07000038,88837,112664,33402,45327,0.7369117744390761,65465.03130584421,female,85-89,1093,0.012303432128505015,0.00906654400150737,0.29647447276858624,0.0036476535535426096
2018,E07000038,88837,112664,33402,45327,0.7369117744390761,65465.03130584421,male,85-89,770,0.008667559687967851,0.006387226789716993,0.29647447276858624,0.002569710188680521
2018,E07000170,108737,112664,349,52066,0.006703030768639803,728.8674566895862,female,85-89,1063,0.009775881254770686,6.5528032841297e-05,0.003097706454590641,3.028281046221481e-05
2018,E07000170,108737,112664,349,52066,0.006703030768639803,728.8674566895862,male,85-89,716,0.006584695181952785,4.4137414406743785e-05,0.003097706454590641,2.0397452766647038e-05
2018,E07000171,101049,112664,383,49753,0.007698028259602436,777.8780576045665,female,85-89,1183,0.011707191560530041,9.012229147353938e-05,0.0033994887452957465,3.979846594904322e-05
2018,E07000171,101049,112664,383,49753,0.007698028259602436,777.8780576045665,male,85-89,790,0.007817989292323527,6.018310250557575e-05,0.0033994887452957465,2.6577166610096484e-05
2018,E07000172,98332,112664,20,32767,0.0006103701895199437,60.01892147587512,female,85-89,1149,0.011684904202090876,7.132117192352596e-06,0.00017751899453241496,2.074292445162763e-06
2018,E07000172,98332,112664,20,32767,0.0006103701895199437,60.01892147587512,male,85-89,811,0.008247569458568929,5.034070533505618e-06,0.00017751899453241496,1.4641002376214105e-06
2018,E07000173,101770,112664,8,36266,0.000220592290299454,22.449677383775438,female,85-89,1225,0.012036946054829516,2.65525749844582e-06,7.100759781296599e-05,8.547146243577021e-07
2018,E07000173,101770,112664,8,36266,0.000220592290299454,22.449677383775438,male,85-89,788,0.007742949788739314,1.7080350275716792e-06,7.100759781296599e-05,5.498082644847912e-07
2018,E07000174,92944,112664,609,48327,0.012601651250853559,1171.2478738593336,female,85-89,1026,0.011038905147185404,0.00013910843285608277,0.005405453383512036,5.967028717812177e-05
2018,E07000174,92944,112664,609,48327,0.012601651250853559,1171.2478738593336,male,85-89,638,0.006864348424857979,8.650212491440623e-05,0.005405453383512036,3.710491541875408e-05
2018,E07000175,105106,112664,74,52378,0.0014128069036618428,148.4944824162816,female,85-89,1193,0.011350446216200788,1.6035988773890914e-05,0.0006568202797699353,7.455203259238608e-06
2018,E07000175,105106,112664,74,52378,0.0014128069036618428,148.4944824162816,male,85-89,808,0.007687477403763819,1.0860921147781944e-05,0.0006568202797699353,5.049291059065209e-06
2018,E07000193,100989,112664,8,58942,0.00013572664653388076,13.706898306810086,female,85-89,1171,0.011595322262820704,1.5737942062123042e-06,7.100759781296599e-05,8.233559797501031e-07
2018,E07000193,100989,112664,8,58942,0.00013572664653388076,13.706898306810086,male,85-89,697,0.006901741773856559,9.367502662083485e-07,7.100759781296599e-05,4.90076104086953e-07
2018,E07000198,86796,112664,70,39191,0.0017861243652879488,155.0284504095328,female,85-89,1074,0.012373842112539748,2.210122088943335e-05,0.0006213164808634524,7.688072036123184e-06
2018,E07000198,86796,112664,70,39191,0.0017861243652879488,155.0284504095328,male,85-89,729,0.008399004562422232,1.5001666693106994e-05,0.0006213164808634524,5.218439957480262e-06
2018,E08000018,225526,112664,221,121658,0.0018165677555113517,409.68325962945306,female,85-89,2435,0.010796981279320344,1.961344804887304e-05,0.001961584889583185,2.117919533062732e-05
2018,E08000018,225526,112664,221,121658,0.0018165677555113517,409.68325962945306,male,85-89,1518,0.0067309312451779395,1.2227192664554115e-05,0.001961584889583185,1.320329302336438e-05
2018,E08000019,501873,112664,3185,228663,0.013928794776592628,6990.486020912872,female,85-89,5101,0.010163925933453284,0.00014157123845155847,0.028269899879287082,0.0002873331685192138
2018,E08000019,501873,112664,3185,228663,0.013928794776592628,6990.486020912872,male,85-89,3104,0.0061848316207486756,8.614725037318907e-05,0.028269899879287082,0.00017484457068881392
2018,E06000015,215559,112664,18,97923,0.00018381789773597623,39.623602218069294,female,90+,1595,0.007399366298785947,1.3601359576212644e-06,0.00015976709507917346,1.1821752589837662e-06
2018,E06000015,215559,112664,18,97923,0.00018381789773597623,39.623602218069294,male,90+,658,0.003052528542069689,5.611093793823146e-07,0.00015976709507917346,4.876936178127387e-07
2018,E06000049,329432,112664,16,171737,9.31657126885878e-05,30.69176706242685,female,90+,3011,0.009139974258724108,8.515322157693781e-07,0.000142015195625932,1.2980152323686864e-06
2018,E06000049,329432,112664,16,171737,9.31657126885878e-05,30.69176706242685,male,90+,1424,0.004322591612229534,4.0271732821507627e-07,0.000142015195625932,6.1387369342179e-07
2018,E07000032,110653,112664,3046,47883,0.06361339097383205,7039.012551427438,female,90+,898,0.008115460041752145,0.0005162519325684905,0.0270361428672868,0.00021941073712256832
2018,E07000032,110653,112664,3046,47883,0.06361339097383205,7039.012551427438,male,90+,374,0.003379935473959133,0.00021500915677128668,0.0270361428672868,9.138041835616984e-05
2018,E07000033,68886,112664,16757,35395,0.4734284503460941,32612.592230541035,female,90+,472,0.006851900240977847,0.003243884513012171,0.14873428956898388,0.0010191125145393896
2018,E07000033,68886,112664,16757,35395,0.4734284503460941,32612.592230541035,male,90+,146,0.0021194437186075545,0.0010034049552961376,0.14873428956898388,0.00031523395576854
2018,E07000034,91023,112664,39967,47709,0.8377245383470624,76252.20065396465,female,90+,775,0.008514331542577152,0.007132664460839277,0.3547450827238515,0.0030204172474098297
2018,E07000034,91023,112664,39967,47709,0.8377245383470624,76252.20065396465,male,90+,272,0.002988255715588368,0.002503335139804236,0.3547450827238515,0.0010600690210264174
2018,E07000035,64252,112664,13107,29105,0.4503349939872873,28934.924033671192,female,90+,640,0.009960779430990477,0.004485687545163792,0.11633707306681815,0.0011588079244655982
2018,E07000035,64252,112664,13107,29105,0.4503349939872873,28934.924033671192,male,90+,252,0.003922056900952499,0.001766239470908243,0.11633707306681815,0.0004562806202583293
2018,E07000036,99695,112664,43,39699,0.0010831507090858714,107.98470994231592,female,90+,817,0.008194994733938513,8.876414357020483e-06,0.0003816658382446922,3.1277495345394813e-06
2018,E07000036,99695,112664,43,39699,0.0010831507090858714,107.98470994231592,male,90+,340,0.0034104017252620487,3.6939790469852663e-06,0.0003816658382446922,1.3016338332232844e-06
2018,E07000037,80519,112664,1381,41221,0.03350234103976129,2697.5749981805398,female,90+,567,0.00704181621729033,0.00023591732845098243,0.012257686572463254,8.631637609243365e-05
2018,E07000037,80519,112664,1381,41221,0.03350234103976129,2697.5749981805398,male,90+,227,0.002819210372707063,9.445014736926456e-05,0.012257686572463254,3.4556997130480485e-05
2018,E07000038,88837,112664,33402,45327,0.7369117744390761,65465.03130584421,female,90+,613,0.006900278037304276,0.00508489613259288,0.29647447276858624,0.0020457562930664397
2018,E07000038,88837,112664,33402,45327,0.7369117744390761,65465.03130584421,male,90+,358,0.004029852426353884,0.002969645702232057,0.29647447276858624,0.0011947483734384755
2018,E07000170,108737,112664,349,52066,0.006703030768639803,728.8674566895862,female,90+,610,0.005609866006970948,3.7603104452672774e-05,0.003097706454590641,1.7377718139182533e-05
2018,E07000170,108737,112664,349,52066,0.006703030768639803,728.8674566895862,male,90+,285,0.0026210029704700328,1.7568663555756954e-05,0.003097706454590641,8.119097819126266e-06
2018,E07000171,101049,112664,383,49753,0.007698028259602436,777.8780576045665,female,90+,740,0.007323179843442291,5.637404538496969e-05,0.0033994887452957465,2.4895067457558732e-05
2018,E07000171,101049,112664,383,49753,0.007698028259602436,777.8780576045665,male,90+,335,0.0033152233075042802,2.552068270806061e-05,0.0033994887452957465,1.127006432200294e-05
2018,E07000172,98332,112664,20,32767,0.0006103701895199437,60.01892147587512,female,90+,742,0.0075458650286783545,4.605771067646325e-06,0.00017751899453241496,1.3395343727682943e-06
2018,E07000172,98332,112664,20,32767,0.0006103701895199437,60.01892147587512,male,90+,375,0.0038136110320139936,2.32771448836573e-06,0.00017751899453241496,6.769883959408496e-07
2018,E07000173,101770,112664,8,36266,0.000220592290299454,22.449677383775438,female,90+,647,0.006357472732632406,1.402409470607711e-06,7.100759781296599e-05,4.514288669056598e-07
2018,E07000173,101770,112664,8,36266,0.000220592290299454,22.449677383775438,male,90+,333,0.003272084111231208,7.217965281489456e-07,7.100759781296599e-05,2.3234283258050183e-07
2018,E07000174,92944,112664,609,48327,0.012601651250853559,1171.2478738593336,female,90+,631,0.0067890342571871225,8.555304203916978e-05,0.005405453383512036,3.669780819629125e-05
2018,E07000174,92944,112664,609,48327,0.012601651250853559,1171.2478738593336,male,90+,266,0.002861938371492512,3.606514925898441e-05,0.005405453383512036,1.5470074453587124e-05
2018,E07000175,105106,112664,74,52378,0.0014128069036618428,148.4944824162816,female,90+,832,0.007915818316746903,1.1183522766032892e-05,0.0006568202797699353,5.19927000141368e-06
2018,E07000175,105106,112664,74,52378,0.0014128069036618428,148.4944824162816,male,90+,392,0.003729568245390368,5.269159764765497e-06,0.0006568202797699353,2.4496560583583683e-06
2018,E07000193,100989,112664,8,58942,0.00013572664653388076,13.706898306810086,female,90+,697,0.006901741773856559,9.367502662083485e-07,7.100759781296599e-05,4.90076104086953e-07
2018,E07000193,100989,112664,8,58942,0.00013572664653388076,13.706898306810086,male,90+,308,0.003049837110972482,4.1394416354687404e-07,7.100759781296599e-05,2.165616069709921e-07
2018,E07000198,86796,112664,70,39191,0.0017861243652879488,155.0284504095328,female,90+,641,0.007385132955435734,1.3190765912594765e-05,0.0006213164808634524,4.5885048185800385e-06
2018,E07000198,86796,112664,70,39191,0.0017861243652879488,155.0284504095328,male,90+,293,0.003375731600534587,6.02947646238731e-06,0.0006213164808634524,2.097397678383699e-06
2018,E08000018,225526,112664,221,121658,0.0018165677555113517,409.68325962945306,female,90+,1583,0.007019146351196758,1.2750754932799184e-05,0.001961584889583185,1.3768651420280511e-05
2018,E08000018,225526,112664,221,121658,0.0018165677555113517,409.68325962945306,male,90+,610,0.002704787918022756,4.913430517376819e-06,0.001961584889583185,5.305671109520601e-06
2018,E08000019,501873,112664,3185,228663,0.013928794776592628,6990.486020912872,female,90+,2973,0.005923809409950326,8.251152556684636e-05,0.028269899879287082,0.0001674654989232744
2018,E08000019,501873,112664,3185,228663,0.013928794776592628,6990.486020912872,male,90+,1625,0.0032378709354757076,4.509963977333513e-05,0.028269899879287082,9.153428716795187e-05
2019,E06000015,216122,112935,21,102021,0.00020583997412297467,44.48654688740553,female,12-15,6103,0.028238680004812094,5.812649161457483e-06,0.0001859476690131492,5.250916722903033e-06
2019,E06000015,216122,112935,21,102021,0.00020583997412297467,44.48654688740553,male,12-15,6675,0.030885333283978494,6.3574362039535825e-06,0.0001859476690131492,5.7430557308500325e-06
2019,E06000049,332645,112935,17,171600,9.906759906759908e-05,32.95434149184149,female,12-15,8606,0.025871424491575104,2.5630199088390256e-06,0.00015052906539159694,3.894401349066071e-06
2019,E06000049,332645,112935,17,171600,9.906759906759908e-05,32.95434149184149,male,12-15,8965,0.02695065309864871,2.669936495786877e-06,0.00015052906539159694,4.056856622632737e-06
2019,E07000032,112001,112935,3278,50143,0.06537303312526176,7321.8450830624415,female,12-15,2635,0.023526575655574502,0.001538003609655849,0.029025545667862043,0.0006828716960992891
2019,E07000032,112001,112935,3278,50143,0.06537303312526176,7321.8450830624415,male,12-15,2763,0.024669422594441118,0.0016127149804474805,0.029025545667862043,0.0007160434521147385
2019,E07000033,69805,112935,16836,35942,0.4684213455010851,32698.15202270324,female,12-15,1748,0.025041186161449756,0.011729826114689446,0.1490769026431133,0.003733062471458521
2019,E07000033,69805,112935,16836,35942,0.4684213455010851,32698.15202270324,male,12-15,1780,0.02549960604541222,0.011944559773539596,0.1490769026431133,0.003801402287869661
2019,E07000034,91312,112935,39438,47406,0.8319200101253006,75964.27996456143,female,12-15,2131,0.023337567899071317,0.0194149897228953,0.3492097224066941,0.00814970560768207
2019,E07000034,91312,112935,39438,47406,0.8319200101253006,75964.27996456143,male,12-15,2138,0.023414228140879626,0.019478764912036674,0.3492097224066941,0.00817647610944358
2019,E07000035,64625,112935,13005,29602,0.4393284237551517,28391.59938517668,female,12-15,1537,0.023783365570599613,0.010448708507724072,0.11515473502457164,0.0027387671602749192
2019,E07000035,64625,112935,13005,29602,0.4393284237551517,28391.59938517668,male,12-15,1598,0.02472727272727273,0.010863393751036477,0.11515473502457164,0.0028474625387894087
2019,E07000036,99829,112935,47,42721,0.0011001615130731958,109.82802368858408,female,12-15,2450,0.02454196676316501,2.70001272879557e-05,0.00041616859255323864,1.0213595766314742e-05
2019,E07000036,99829,112935,47,42721,0.0011001615130731958,109.82802368858408,male,12-15,2658,0.02662552965571126,2.9292382992402556e-05,0.00041616859255323864,1.1080709202801871e-05
2019,E07000037,80968,112935,1643,40544,0.040523875295974746,3281.1371349644837,female,12-15,1997,0.024664064815729667,0.0009994834868844674,0.014548191437552574,0.00035881753656744015
2019,E07000037,80968,112935,1643,40544,0.040523875295974746,3281.1371349644837,male,12-15,2105,0.0259979251062148,0.0010535366749583398,0.014548191437552574,0.00037822279142436734
2019,E07000038,89131,112935,33537,45512,0.7368825804183512,65679.08127526806,female,12-15,2152,0.024144237134105982,0.01779146776161259,0.2969584274139992,0.007169834690454794
2019,E07000038,89131,112935,33537,45512,0.7368825804183512,65679.08127526806,male,12-15,2122,0.02380765390268257,0.01754344544151576,0.2969584274139992,0.007069883463357377
2019,E07000170,109481,112935,379,53079,0.0071403003070894325,781.7272179204582,female,12-15,2777,0.02536513184936199,0.00018111465873336336,0.003355912693142073,8.512316793649615e-05
2019,E07000170,109481,112935,379,53079,0.0071403003070894325,781.7272179204582,male,12-15,2975,0.027173664836820998,0.00019402812737909832,0.003355912693142073,9.1192446745076e-05
2019,E07000171,101564,112935,409,49725,0.008225238813474107,835.3881548516841,female,12-15,2500,0.02461502107045804,0.0002024644267032144,0.003621552220303715,8.914458421054001e-05
2019,E07000171,101564,112935,409,49725,0.008225238813474107,835.3881548516841,male,12-15,2676,0.02634791855381828,0.00021671792234312067,0.003621552220303715,9.542036293896204e-05
2019,E07000172,99261,112935,14,36079,0.00038803736245461345,38.51697663460739,female,12-15,2320,0.02337272443356404,9.069490342578689e-06,0.00012396511267543278,2.897402417938607e-06
2019,E07000172,99261,112935,14,36079,0.00038803736245461345,38.51697663460739,male,12-15,2427,0.02445069060356031,9.487781491999344e-06,0.00012396511267543278,3.0310326156624993e-06
2019,E07000173,102060,112935,8,39237,0.00020388918622728548,20.80893034635676,female,12-15,2579,0.025269449343523414,5.152167463062603e-06,7.083720724310446e-05,1.7900172200662983e-06
2019,E07000173,102060,112935,8,39237,0.00020388918622728548,20.80893034635676,male,12-15,2710,0.026553008034489515,5.4138712000386405e-06,7.083720724310446e-05,1.8809409330669514e-06
2019,E07000174,93328,112935,618,47928,0.012894341512268405,1203.4031046569855,female,12-15,2303,0.02467641008057603,0.00031818605887572995,0.0054721742595298176,0.0001350336160605303
2019,E07000174,93328,112935,618,47928,0.012894341512268405,1203.4031046569855,male,12-15,2379,0.02549074232813304,0.0003286863369801831,0.0054721742595298176,0.0001394897840243168
2019,E07000175,105930,112935,93,52858,0.0017594309281471112,186.37651821862352,female,12-15,2720,0.025677334088549043,4.5177495747759295e-05,0.0008234825342010891,2.1144836146766374e-05
2019,E07000175,105930,112935,93,52858,0.0017594309281471112,186.37651821862352,male,12-15,2792,0.0263570282261871,4.6373370635199985e-05,0.0008234825342010891,2.1704552397710196e-05
2019,E07000198,86977,112935,107,39260,0.002725420275089149,237.0488792664289,female,12-15,2132,0.02451222737045426,6.680612146303123e-05,0.0009474476468765221,2.322405214183916e-05
2019,E07000198,86977,112935,107,39260,0.002725420275089149,237.0488792664289,male,12-15,2164,0.024880140726858825,6.780883998405232e-05,0.0009474476468765221,2.357263078561911e-05
2019,E08000018,226232,112935,232,119467,0.0019419588673022675,439.3332384675266,female,12-15,6127,0.02708281763853036,5.259371786467429e-05,0.002054279010050029,5.5635663807845604e-05
2019,E08000018,226232,112935,232,119467,0.0019419588673022675,439.3332384675266,male,12-15,6287,0.027790056225467662,5.3967146109875514e-05,0.002054279010050029,5.7088529192088356e-05
2019,E08000019,504932,112935,3253,228811,0.014216973834299925,7178.60503210073,female,12-15,12524,0.02480333985566373,0.00035262843373121974,0.028804179395227343,0.0007144398508033303
2019,E08000019,504932,112935,3253,228811,0.014216973834299925,7178.60503210073,male,12-15,13358,0.026455047412324833,0.00037611071684618606,0.028804179395227343,0.0007620159315738492
2019,E06000015,216122,112935,21,102021,0.00020583997412297467,44.48654688740553,female,16-17,2799,0.012951018406270531,2.6658372936128957e-06,0.0001859476690131492,2.408211683992396e-06
2019,E06000015,216122,112935,21,102021,0.00020583997412297467,44.48654688740553,male,16-17,3121,0.014440917629857209,2.9725181112418165e-06,0.0001859476690131492,2.685254971682839e-06
2019,E06000049,332645,112935,17,171600,9.906759906759908e-05,32.95434149184149,female,16-17,4027,0.012105998887703107,1.1993122441197716e-06,0.00015052906539159694,1.8223046981976609e-06
2019,E06000049,332645,112935,17,171600,9.906759906759908e-05,32.95434149184149,male,16-17,4185,0.01258097972312826,1.246367455088464e-06,0.00015052906539159694,1.8938031194331292e-06
2019,E07000032,112001,112935,3278,50143,0.06537303312526176,7321.8450830624415,female,16-17,1292,0.01153561128918492,0.0007541178989280291,0.029025545667862043,0.0003348274122809418
2019,E07000032,112001,112935,3278,50143,0.06537303312526176,7321.8450830624415,male,16-17,1347,0.012026678333229169,0.0007862204410650582,0.029025545667862043,0.00034908090119383016
2019,E07000033,69805,112935,16836,35942,0.4684213455010851,32698.15202270324,female,16-17,835,0.01196189384714562,0.005603206410621103,0.1490769026431133,0.0017832420844781835
2019,E07000033,69805,112935,16836,35942,0.4684213455010851,32698.15202270324,male,16-17,816,0.011689707041042906,0.0054757083006788275,0.1490769026431133,0.0017426653184840694
2019,E07000034,91312,112935,39438,47406,0.8319200101253006,75964.27996456143,female,16-17,963,0.010546258980199754,0.008773643877591822,0.3492097224066941,0.003682856170904661
2019,E07000034,91312,112935,39438,47406,0.8319200101253006,75964.27996456143,male,16-17,1040,0.011389521640091115,0.009475170958146931,0.3492097224066941,0.003977331690281255
2019,E07000035,64625,112935,13005,29602,0.4393284237551517,28391.59938517668,female,16-17,751,0.011620889748549324,0.005105387175862576,0.11515473502457164,0.0013382004797439586
2019,E07000035,64625,112935,13005,29602,0.4393284237551517,28391.59938517668,male,16-17,774,0.01197678916827853,0.005261743906947581,0.11515473502457164,0.001379183983118274
2019,E07000036,99829,112935,47,42721,0.0011001615130731958,109.82802368858408,female,16-17,1160,0.011619869977661802,1.2783733736338209e-05,0.00041616859255323864,4.835824934255144e-06
2019,E07000036,99829,112935,47,42721,0.0011001615130731958,109.82802368858408,male,16-17,1198,0.012000520890723137,1.3202511220804463e-05,0.00041616859255323864,4.9942398889979855e-06
2019,E07000037,80968,112935,1643,40544,0.040523875295974746,3281.1371349644837,female,16-17,969,0.011967690939630472,0.00048497721521835213,0.014548191437552574,0.00017410825885520758
2019,E07000037,80968,112935,1643,40544,0.040523875295974746,3281.1371349644837,male,16-17,939,0.01159717419227349,0.0004699624407533876,0.014548191437552574,0.00016871791028383892
2019,E07000038,89131,112935,33537,45512,0.7368825804183512,65679.08127526806,female,16-17,992,0.01112968551906744,0.008201271384535172,0.2969584274139992,0.0033050539093546264
2019,E07000038,89131,112935,33537,45512,0.7368825804183512,65679.08127526806,male,16-17,989,0.0110960271959251,0.008176469152525491,0.2969584274139992,0.003295058786644884
2019,E07000170,109481,112935,379,53079,0.0071403003070894325,781.7272179204582,female,16-17,1352,0.01234917474264941,8.817681620724065e-05,0.003355912693142073,4.1442752268686655e-05
2019,E07000170,109481,112935,379,53079,0.0071403003070894325,781.7272179204582,male,16-17,1396,0.012751070962084743,9.104647590629283e-05,0.003355912693142073,4.2791480892815495e-05
2019,E07000171,101564,112935,409,49725,0.008225238813474107,835.3881548516841,female,16-17,1255,0.012356740577369936,0.00010163714220501364,0.003621552220303715,4.475058127369109e-05
2019,E07000171,101564,112935,409,49725,0.008225238813474107,835.3881548516841,male,16-17,1174,0.011559213894687094,9.507729477982948e-05,0.003621552220303715,4.186229674526959e-05
2019,E07000172,99261,112935,14,36079,0.00038803736245461345,38.51697663460739,female,16-17,1019,0.01026586474043179,3.983539077192967e-06,0.00012396511267543278,1.2726090792583795e-06
2019,E07000172,99261,112935,14,36079,0.00038803736245461345,38.51697663460739,male,16-17,1087,0.0109509273531397,4.2493689665444124e-06,0.00012396511267543278,1.357532943232442e-06
2019,E07000173,102060,112935,8,39237,0.00020388918622728548,20.80893034635676,female,16-17,1163,0.011395257691553988,2.3233698175811584e-06,7.083720724310446e-05,8.072082306851898e-07
2019,E07000173,102060,112935,8,39237,0.00020388918622728548,20.80893034635676,male,16-17,1231,0.012061532431902802,2.459216032194674e-06,7.083720724310446e-05,8.544052725481244e-07
2019,E07000174,93328,112935,618,47928,0.012894341512268405,1203.4031046569855,female,16-17,1057,0.011325647179838848,0.00014603676258430164,0.0054721742595298176,6.197591497003061e-05
2019,E07000174,93328,112935,618,47928,0.012894341512268405,1203.4031046569855,male,16-17,1111,0.011904251671524087,0.00015349748650062356,0.0054721742595298176,6.514213957587892e-05
2019,E07000175,105930,112935,93,52858,0.0017594309281471112,186.37651821862352,female,16-17,1253,0.011828566034173512,2.0811544916155294e-05,0.0008234825342010891,9.740617533786129e-06
2019,E07000175,105930,112935,93,52858,0.0017594309281471112,186.37651821862352,male,16-17,1299,0.012262815066553384,2.1575576094242402e-05,0.0008234825342010891,1.0098214027444678e-05
2019,E07000198,86977,112935,107,39260,0.002725420275089149,237.0488792664289,female,16-17,987,0.011347827586603356,3.0927599382744755e-05,0.0009474476468765221,1.075147254408783e-05
2019,E07000198,86977,112935,107,39260,0.002725420275089149,237.0488792664289,male,16-17,1129,0.01298044310564862,3.5377162819775915e-05,0.0009474476468765221,1.2298290275861356e-05
2019,E08000018,226232,112935,232,119467,0.0019419588673022675,439.3332384675266,female,16-17,2885,0.01275239577071325,2.476462804628453e-05,0.002054279010050029,2.619697895962699e-05
2019,E08000018,226232,112935,232,119467,0.0019419588673022675,439.3332384675266,male,16-17,3044,0.013455214116482195,2.6129472364953244e-05,0.002054279010050029,2.764076393521822e-05
2019,E08000019,504932,112935,3253,228811,0.014216973834299925,7178.60503210073,female,16-17,5758,0.011403515720928759,0.000162123484623472,0.028804179395227343,0.00032846891256192723
2019,E08000019,504932,112935,3253,228811,0.014216973834299925,7178.60503210073,male,16-17,6175,0.012229369499259306,0.00017386462618095512,0.028804179395227343,0.0003522569529471866
2019,E06000015,216122,112935,21,102021,0.00020583997412297467,44.48654688740553,female,18-24,11887,0.05500134183470448,1.1321474779984454e-05,0.0001859476690131492,1.0227371306758701e-05
2019,E06000015,216122,112935,21,102021,0.00020583997412297467,44.48654688740553,male,18-24,13419,0.062089930687296985,1.2780589725970505e-05,0.0001859476690131492,1.1545477880490876e-05
2019,E06000049,332645,112935,17,171600,9.906759906759908e-05,32.95434149184149,female,18-24,11421,0.034333899502472606,3.401376990338195e-06,0.00015052906539159694,5.1682498033562174e-06
2019,E06000049,332645,112935,17,171600,9.906759906759908e-05,32.95434149184149,male,18-24,12283,0.03692525064257692,3.658095926129415e-06,0.00015052906539159694,5.558323468577569e-06
2019,E07000032,112001,112935,3278,50143,0.06537303312526176,7321.8450830624415,female,18-24,4260,0.038035374684154605,0.002486487809158981,0.029025545667862043,0.0011039975048891732
2019,E07000032,112001,112935,3278,50143,0.06537303312526176,7321.8450830624415,male,18-24,4354,0.03887465290488478,0.002541353972084086,0.029025545667862043,0.0011283580132130189
2019,E07000033,69805,112935,16836,35942,0.4684213455010851,32698.15202270324,female,18-24,2888,0.04137239452761264,0.01937971271122604,0.1490769026431133,0.006167668431105382
2019,E07000033,69805,112935,16836,35942,0.4684213455010851,32698.15202270324,male,18-24,2973,0.042590072344387934,0.01995009899254675,0.1490769026431133,0.006349196068447472
2019,E07000034,91312,112935,39438,47406,0.8319200101253006,75964.27996456143,female,18-24,3704,0.04056421937970913,0.033746185797092536,0.3492097224066941,0.01416541978923247
2019,E07000034,91312,112935,39438,47406,0.8319200101253006,75964.27996456143,male,18-24,4005,0.04386060977746627,0.0364885189301716,0.3492097224066941,0.015316551364977327
2019,E07000035,64625,112935,13005,29602,0.4393284237551517,28391.59938517668,female,18-24,2035,0.03148936170212766,0.013834171641651584,0.11515473502457164,0.0036261491029014057
2019,E07000035,64625,112935,13005,29602,0.4393284237551517,28391.59938517668,male,18-24,2334,0.03611605415860735,0.01586680914575666,0.11515473502457164,0.00415893464676751
2019,E07000036,99829,112935,47,42721,0.0011001615130731958,109.82802368858408,female,18-24,3964,0.03970790050987188,4.3685103905900566e-05,0.00041616859255323864,1.6525181068437406e-05
2019,E07000036,99829,112935,47,42721,0.0011001615130731958,109.82802368858408,male,18-24,4149,0.04156106942872312,4.572388902764417e-05,0.00041616859255323864,1.7296411769159133e-05
2019,E07000037,80968,112935,1643,40544,0.040523875295974746,3281.1371349644837,female,18-24,3101,0.03829908111846656,0.0015520271871951596,0.014548191437552574,0.0005571823639938066
2019,E07000037,80968,112935,1643,40544,0.040523875295974746,3281.1371349644837,male,18-24,3281,0.04052218160260844,0.0016421158339849464,0.014548191437552574,0.0005895244554220187
2019,E07000038,89131,112935,33537,45512,0.7368825804183512,65679.08127526806,female,18-24,3185,0.035733919736118745,0.026331702983613432,0.2969584274139992,0.010611488610175893
2019,E07000038,89131,112935,33537,45512,0.7368825804183512,65679.08127526806,male,18-24,3388,0.03801146626875049,0.028009987349601976,0.2969584274139992,0.011287825246868421
2019,E07000170,109481,112935,379,53079,0.0071403003070894325,781.7272179204582,female,18-24,4616,0.042162567020761585,0.0003010533902460228,0.003355912693142073,0.00014149389384042718
2019,E07000170,109481,112935,379,53079,0.0071403003070894325,781.7272179204582,male,18-24,4825,0.04407157406307944,0.0003146842738165208,0.003355912693142073,0.00014790035480503923
2019,E07000171,101564,112935,409,49725,0.008225238813474107,835.3881548516841,female,18-24,3817,0.037582214170375335,0.00030912268669046767,0.003621552220303715,0.0001361059511726525
2019,E07000171,101564,112935,409,49725,0.008225238813474107,835.3881548516841,male,18-24,4330,0.042633216494033316,0.0003506683870499673,0.003621552220303715,0.0001543984198526553
2019,E07000172,99261,112935,14,36079,0.00038803736245461345,38.51697663460739,female,18-24,4454,0.044871601132368204,1.7411857752519606e-05,0.00012396511267543278,5.562513090301102e-06
2019,E07000172,99261,112935,14,36079,0.00038803736245461345,38.51697663460739,male,18-24,4736,0.047712596085068656,1.851426994071236e-05,0.00012396511267543278,5.9146973497229485e-06
2019,E07000173,102060,112935,8,39237,0.00020388918622728548,20.80893034635676,female,18-24,3877,0.037987458357828734,7.745231971420593e-06,7.083720724310446e-05,2.690925460332313e-06
2019,E07000173,102060,112935,8,39237,0.00020388918622728548,20.80893034635676,male,18-24,3940,0.03860474230844601,7.871089493783115e-06,7.083720724310446e-05,2.7346521314700317e-06
2019,E07000174,93328,112935,618,47928,0.012894341512268405,1203.4031046569855,female,18-24,3681,0.039441539516543805,0.0005085726802959454,0.0054721742595298176,0.0002158309772986592
2019,E07000174,93328,112935,618,47928,0.012894341512268405,1203.4031046569855,male,18-24,3885,0.04162737870735471,0.0005367576373131617,0.0054721742595298176,0.00022779227025408608
2019,E07000175,105930,112935,93,52858,0.0017594309281471112,186.37651821862352,female,18-24,4031,0.03805343151137544,6.695238432324182e-05,0.0008234825342010891,3.133633621603502e-05
2019,E07000175,105930,112935,93,52858,0.0017594309281471112,186.37651821862352,male,18-24,4444,0.04195223260643821,7.381205555258909e-05,0.0008234825342010891,3.45469308221433e-05
2019,E07000198,86977,112935,107,39260,0.002725420275089149,237.0488792664289,female,18-24,3050,0.035066741782310264,9.55716090348242e-05,0.0009474476468765221,3.322390198527647e-05
2019,E07000198,86977,112935,107,39260,0.002725420275089149,237.0488792664289,male,18-24,3364,0.03867689159203008,0.00010541078452234384,0.0009474476468765221,3.664432992736723e-05
2019,E08000018,226232,112935,232,119467,0.0019419588673022675,439.3332384675266,female,18-24,9367,0.04140439902401075,8.040563982999904e-05,0.002054279010050029,8.505618783876121e-05
2019,E08000018,226232,112935,232,119467,0.0019419588673022675,439.3332384675266,male,18-24,10255,0.04532957318151278,8.802816659086581e-05,0.002054279010050029,9.311959072130842e-05
2019,E08000019,504932,112935,3253,228811,0.014216973834299925,7178.60503210073,female,18-24,38361,0.07597260621232166,0.001080100554644149,0.028804179395227343,0.0021883285784626764
2019,E08000019,504932,112935,3253,228811,0.014216973834299925,7178.60503210073,male,18-24,40850,0.08090198284125387,0.0011501813731970875,0.028804179395227343,0.002330315227189081
2019,E06000015,216122,112935,21,102021,0.00020583997412297467,44.48654688740553,female,25-29,9020,0.041735686325316254,8.590872593207686e-06,0.0001859476690131492,7.760653586856523e-06
2019,E06000015,216122,112935,21,102021,0.00020583997412297467,44.48654688740553,male,25-29,9553,0.04420188597181222,9.098515064624504e-06,0.0001859476690131492,8.2192376624435e-06
2019,E06000049,332645,112935,17,171600,9.906759906759908e-05,32.95434149184149,female,25-29,9511,0.02859204256790272,2.8325450096407123e-06,0.00015052906539159694,4.303933445383152e-06
2019,E06000049,332645,112935,17,171600,9.906759906759908e-05,32.95434149184149,male,25-29,9952,0.029917780216146345,2.9638826554457333e-06,0.00015052906539159694,4.503495494527719e-06
2019,E07000032,112001,112935,3278,50143,0.06537303312526176,7321.8450830624415,female,25-29,3792,0.03385684056392354,0.0022133243597020798,0.029025545667862043,0.0009827132719576867
2019,E07000032,112001,112935,3278,50143,0.06537303312526176,7321.8450830624415,male,25-29,3748,0.033463986928688134,0.0021876423259924557,0.029025545667862043,0.0009713104808273759
2019,E07000033,69805,112935,16836,35942,0.4684213455010851,32698.15202270324,female,25-29,2529,0.03622949645440871,0.01697066947600092,0.1490769026431133,0.005400981115742907
2019,E07000033,69805,112935,16836,35942,0.4684213455010851,32698.15202270324,male,25-29,2596,0.037189313086455116,0.017420268074218422,0.1490769026431133,0.005544067606353729
2019,E07000034,91312,112935,39438,47406,0.8319200101253006,75964.27996456143,female,25-29,3374,0.036950236551603295,0.03073964116614207,0.3492097224066941,0.012903381849047069
2019,E07000034,91312,112935,39438,47406,0.8319200101253006,75964.27996456143,male,25-29,3275,0.035866041703171536,0.02983767777685692,0.3492097224066941,0.01252477046699145
2019,E07000035,64625,112935,13005,29602,0.4393284237551517,28391.59938517668,female,25-29,1474,0.022808510638297873,0.010020427026926014,0.11515473502457164,0.002626507998858315
2019,E07000035,64625,112935,13005,29602,0.4393284237551517,28391.59938517668,male,25-29,1794,0.027760154738878145,0.01219582502463044,0.11515473502457164,0.0031967132631966198
2019,E07000036,99829,112935,47,42721,0.0011001615130731958,109.82802368858408,female,25-29,3678,0.03684300153262078,4.053325231228615e-05,0.00041616859255323864,1.5332900093267604e-05
2019,E07000036,99829,112935,47,42721,0.0011001615130731958,109.82802368858408,male,25-29,3444,0.034498993278506244,3.795446464478344e-05,0.00041616859255323864,1.435739747721958e-05
2019,E07000037,80968,112935,1643,40544,0.040523875295974746,3281.1371349644837,female,25-29,2668,0.0329512893982808,0.001335313942417506,0.014548191437552574,0.00047938166628038565
2019,E07000037,80968,112935,1643,40544,0.040523875295974746,3281.1371349644837,male,25-29,2711,0.033482363402825815,0.0013568351191506215,0.014548191437552574,0.00048710783256601415
2019,E07000038,89131,112935,33537,45512,0.7368825804183512,65679.08127526806,female,25-29,2741,0.03075248791105227,0.022660972646180347,0.2969584274139992,0.009132210449134105
2019,E07000038,89131,112935,33537,45512,0.7368825804183512,65679.08127526806,male,25-29,2814,0.031571507107515905,0.02326449362508264,0.2969584274139992,0.009375425101737821
2019,E07000170,109481,112935,379,53079,0.0071403003070894325,781.7272179204582,female,25-29,4278,0.03907527333509924,0.00027900918619421265,0.003355912693142073,0.00013113320577325552
2019,E07000170,109481,112935,379,53079,0.0071403003070894325,781.7272179204582,male,25-29,3929,0.03588750559457805,0.0002562475672176394,0.003355912693142073,0.00012043533555005163
2019,E07000171,101564,112935,409,49725,0.008225238813474107,835.3881548516841,female,25-29,3153,0.031044464574061674,0.000255348134958094,0.003621552220303715,0.00011242914960633306
2019,E07000171,101564,112935,409,49725,0.008225238813474107,835.3881548516841,male,25-29,3435,0.03382103895080934,0.00027818612229021656,0.003621552220303715,0.000122484658705282
2019,E07000172,99261,112935,14,36079,0.00038803736245461345,38.51697663460739,female,25-29,3524,0.035502362458568824,1.3776243089330734e-05,0.00012396511267543278,4.4010543624205395e-06
2019,E07000172,99261,112935,14,36079,0.00038803736245461345,38.51697663460739,male,25-29,3894,0.03922990902771481,1.5222670428448886e-05,0.00012396511267543278,4.863140092867644e-06
2019,E07000173,102060,112935,8,39237,0.00020388918622728548,20.80893034635676,female,25-29,3663,0.03589065255731922,7.317715943078058e-06,7.083720724310446e-05,2.5423935932930784e-06
2019,E07000173,102060,112935,8,39237,0.00020388918622728548,20.80893034635676,male,25-29,3494,0.034234763864393496,6.980098144994469e-06,7.083720724310446e-05,2.425095062780785e-06
2019,E07000174,93328,112935,618,47928,0.012894341512268405,1203.4031046569855,female,25-29,3532,0.03784501971541231,0.000487986608749057,0.0054721742595298176,0.00020709454273807769
2019,E07000174,93328,112935,618,47928,0.012894341512268405,1203.4031046569855,male,25-29,3620,0.038787930738899364,0.0005001448255015816,0.0054721742595298176,0.00021225431616983046
2019,E07000175,105930,112935,93,52858,0.0017594309281471112,186.37651821862352,female,25-29,3473,0.03278580194468045,5.768435394557649e-05,0.0008234825342010891,2.699853527122045e-05
2019,E07000175,105930,112935,93,52858,0.0017594309281471112,186.37651821862352,male,25-29,3560,0.03360709902765978,5.912936943456733e-05,0.0008234825342010891,2.767485907444423e-05
2019,E07000198,86977,112935,107,39260,0.002725420275089149,237.0488792664289,female,25-29,2379,0.02735205859020201,7.454585504716289e-05,0.0009474476468765221,2.5914643548515648e-05
2019,E07000198,86977,112935,107,39260,0.002725420275089149,237.0488792664289,male,25-29,2459,0.028271841981213425,7.705265134971565e-05,0.0009474476468765221,2.678609015796553e-05
2019,E08000018,226232,112935,232,119467,0.0019419588673022675,439.3332384675266,female,25-29,8438,0.03729799497860603,7.243117208129943e-05,0.002054279010050029,7.662048820150175e-05
2019,E08000018,226232,112935,232,119467,0.0019419588673022675,439.3332384675266,male,25-29,8272,0.03656423494465858,7.100624027690317e-05,0.002054279010050029,7.51131403653499e-05
2019,E08000019,504932,112935,3253,228811,0.014216973834299925,7178.60503210073,female,25-29,25774,0.05104449708079504,0.000725698279382662,0.028804179395227343,0.0014702948510543787
2019,E08000019,504932,112935,3253,228811,0.014216973834299925,7178.60503210073,male,25-29,27260,0.05398746761940221,0.0007675384145251557,0.028804179395227343,0.0015550647024032884
2019,E06000015,216122,112935,21,102021,0.00020583997412297467,44.48654688740553,female,30-34,8992,0.04160612987109133,8.564204696022563e-06,0.0001859476690131492,7.736562866187787e-06
2019,E06000015,216122,112935,21,102021,0.00020583997412297467,44.48654688740553,male,30-34,9046,0.04185598874709655,8.615635640593872e-06,0.0001859476690131492,7.783023541763204e-06
2019,E06000049,332645,112935,17,171600,9.906759906759908e-05,32.95434149184149,female,30-34,10492,0.03154113243848547,3.1247042625539218e-06,0.00015052906539159694,4.747857187357799e-06
2019,E06000049,332645,112935,17,171600,9.906759906759908e-05,32.95434149184149,male,30-34,9602,0.02886560747944505,2.8596464286163515e-06,0.00015052906539159694,4.345112915841555e-06
2019,E07000032,112001,112935,3278,50143,0.06537303312526176,7321.8450830624415,female,30-34,3921,0.03500861599450005,0.002288619413078021,0.029025545667862043,0.0010161441823170068
2019,E07000032,112001,112935,3278,50143,0.06537303312526176,7321.8450830624415,male,30-34,3406,0.030410442763903894,0.001988022882158566,0.029025545667862043,0.0008826796952235973
2019,E07000033,69805,112935,16836,35942,0.4684213455010851,32698.15202270324,female,30-34,2630,0.037676384213165236,0.017648422586746704,0.1490769026431133,0.005616678661290566
2019,E07000033,69805,112935,16836,35942,0.4684213455010851,32698.15202270324,male,30-34,2408,0.03449609626817563,0.01615870782847379,0.1490769026431133,0.005142571184938283
2019,E07000034,91312,112935,39438,47406,0.8319200101253006,75964.27996456143,female,30-34,3301,0.03615077974417382,0.0300745570508106,0.3492097224066941,0.012624203759248479
2019,E07000034,91312,112935,39438,47406,0.8319200101253006,75964.27996456143,male,30-34,3199,0.03503373050639565,0.029145261437607727,0.3492097224066941,0.012234119305009358
2019,E07000035,64625,112935,13005,29602,0.4393284237551517,28391.59938517668,female,30-34,1518,0.02348936170212766,0.010319544251610371,0.11515473502457164,0.002704911222704832
2019,E07000035,64625,112935,13005,29602,0.4393284237551517,28391.59938517668,male,30-34,1581,0.0244642166344294,0.010747825732408432,0.11515473502457164,0.002817170384121436
2019,E07000036,99829,112935,47,42721,0.0011001615130731958,109.82802368858408,female,30-34,3858,0.03864608480501658,4.251693513344208e-05,0.00041616859255323864,1.608328672099685e-05
2019,E07000036,99829,112935,47,42721,0.0011001615130731958,109.82802368858408,male,30-34,3584,0.03590139137925853,3.949732906123805e-05,0.00041616859255323864,1.4941031521008993e-05
2019,E07000037,80968,112935,1643,40544,0.040523875295974746,3281.1371349644837,female,30-34,2616,0.0323090603695287,0.0013092883333449008,0.014548191437552574,0.00047003839542334667
2019,E07000037,80968,112935,1643,40544,0.040523875295974746,3281.1371349644837,male,30-34,2626,0.03243256595198103,0.001314293258166556,0.014548191437552574,0.00047183517828046964
2019,E07000038,89131,112935,33537,45512,0.7368825804183512,65679.08127526806,female,30-34,2861,0.032098820836745916,0.02365306192656767,0.2969584274139992,0.009532015357523778
2019,E07000038,89131,112935,33537,45512,0.7368825804183512,65679.08127526806,male,30-34,2597,0.029136888400219906,0.02147046550971557,0.2969584274139992,0.008652444559066497
2019,E07000170,109481,112935,379,53079,0.0071403003070894325,781.7272179204582,female,30-34,4480,0.04092034234250692,0.00029218353299440686,0.003355912693142073,0.000137325096274938
2019,E07000170,109481,112935,379,53079,0.0071403003070894325,781.7272179204582,male,30-34,4071,0.03718453430275573,0.00026550874170094433,0.003355912693142073,0.00012478805065519475
2019,E07000171,101564,112935,409,49725,0.008225238813474107,835.3881548516841,female,30-34,3249,0.03198968138316726,0.00026312276894349744,0.003621552220303715,0.0001158523016400178
2019,E07000171,101564,112935,409,49725,0.008225238813474107,835.3881548516841,male,30-34,3124,0.030758930329644364,0.00025299954760833667,0.003621552220303715,0.00011139507242949079
2019,E07000172,99261,112935,14,36079,0.00038803736245461345,38.51697663460739,female,30-34,3724,0.037517252495945036,1.455809570507028e-05,0.00012396511267543278,4.650830432932488e-06
2019,E07000172,99261,112935,14,36079,0.00038803736245461345,38.51697663460739,male,30-34,3927,0.039562365883881886,1.5351676110045912e-05,0.00012396511267543278,4.904353144502116e-06
2019,E07000173,102060,112935,8,39237,0.00020388918622728548,20.80893034635676,female,30-34,3768,0.03691945914168136,7.527478480348929e-06,7.083720724310446e-05,2.615271378522609e-06
2019,E07000173,102060,112935,8,39237,0.00020388918622728548,20.80893034635676,male,30-34,3457,0.03387223202038017,6.906181822337115e-06,7.083720724310446e-05,2.3994143194141887e-06
2019,E07000174,93328,112935,618,47928,0.012894341512268405,1203.4031046569855,female,30-34,3699,0.03963440768043888,0.0005110595882680528,0.0054721742595298176,0.00021688638550060858
2019,E07000174,93328,112935,618,47928,0.012894341512268405,1203.4031046569855,male,30-34,3620,0.038787930738899364,0.0005001448255015816,0.0054721742595298176,0.00021225431616983046
2019,E07000175,105930,112935,93,52858,0.0017594309281471112,186.37651821862352,female,30-34,3587,0.03386198432927405,5.957782251735758e-05,0.0008234825342010891,2.7884752668548163e-05
2019,E07000175,105930,112935,93,52858,0.0017594309281471112,186.37651821862352,male,30-34,3440,0.03247427546492967,5.7136244622166175e-05,0.0008234825342010891,2.6741998656204536e-05
2019,E07000198,86977,112935,107,39260,0.002725420275089149,237.0488792664289,female,30-34,2509,0.028846706600595563,7.861939903881115e-05,0.0009474476468765221,2.7330744288871696e-05
2019,E07000198,86977,112935,107,39260,0.002725420275089149,237.0488792664289,male,30-34,2411,0.02771997194660657,7.5548573568184e-05,0.0009474476468765221,2.6263222192295598e-05
2019,E08000018,226232,112935,232,119467,0.0019419588673022675,439.3332384675266,female,30-34,8728,0.03857986491742989,7.492051077572664e-05,0.002054279010050029,7.925380671044174e-05
2019,E08000018,226232,112935,232,119467,0.0019419588673022675,439.3332384675266,male,30-34,8301,0.03669242193854097,7.125517414634591e-05,0.002054279010050029,7.537647221624391e-05
2019,E08000019,504932,112935,3253,228811,0.014216973834299925,7178.60503210073,female,30-34,19795,0.03920329866199805,0.0005573522712958715,0.028804179395227343,0.001129218847544868
2019,E08000019,504932,112935,3253,228811,0.014216973834299925,7178.60503210073,male,30-34,19898,0.039407286525710385,0.0005602523614167846,0.028804179395227343,0.0011350945505656873
2019,E06000015,216122,112935,21,102021,0.00020583997412297467,44.48654688740553,female,35-39,8505,0.039352772970822035,8.100373769981305e-06,0.0001859476690131492,7.317556403128018e-06
2019,E06000015,216122,112935,21,102021,0.00020583997412297467,44.48654688740553,male,35-39,8164,0.037774960439011296,7.775596879262478e-06,0.0001859476690131492,7.024165840698076e-06
2019,E06000049,332645,112935,17,171600,9.906759906759908e-05,32.95434149184149,female,35-39,11461,0.034454147815238464,3.413289701975838e-06,0.00015052906539159694,5.186350669491778e-06
2019,E06000049,332645,112935,17,171600,9.906759906759908e-05,32.95434149184149,male,35-39,10506,0.031583219347953516,3.1288737116270973e-06,0.00015052906539159694,4.754192490505246e-06
2019,E07000032,112001,112935,3278,50143,0.06537303312526176,7321.8450830624415,female,35-39,3873,0.03458004839242507,0.0022606026490311587,0.029025545667862043,0.0010037047738112133
2019,E07000032,112001,112935,3278,50143,0.06537303312526176,7321.8450830624415,male,35-39,3571,0.031883643896036644,0.002084330508569653,0.029025545667862043,0.0009254401619622623
2019,E07000033,69805,112935,16836,35942,0.4684213455010851,32698.15202270324,female,35-39,2383,0.03413795573382995,0.01599094715749711,0.1490769026431133,0.0050891807033670786
2019,E07000033,69805,112935,16836,35942,0.4684213455010851,32698.15202270324,male,35-39,2437,0.034911539288016616,0.016353310206806738,0.1490769026431133,0.005204504143560878
2019,E07000034,91312,112935,39438,47406,0.8319200101253006,75964.27996456143,female,35-39,3113,0.03409190467846504,0.02836173768529942,0.3492097224066941,0.011905224569082254
2019,E07000034,91312,112935,39438,47406,0.8319200101253006,75964.27996456143,male,35-39,3201,0.0350556334326266,0.029163482920219544,0.3492097224066941,0.01224176801979836
2019,E07000035,64625,112935,13005,29602,0.4393284237551517,28391.59938517668,female,35-39,1617,0.02502127659574468,0.01099255800715018,0.11515473502457164,0.0028813184763594947
2019,E07000035,64625,112935,13005,29602,0.4393284237551517,28391.59938517668,male,35-39,1549,0.023969052224371373,0.010530285932637988,0.11515473502457164,0.002760149857687605
2019,E07000036,99829,112935,47,42721,0.0011001615130731958,109.82802368858408,female,35-39,3594,0.03600156267216941,3.960753366241339e-05,0.00041616859255323864,1.4982719666993955e-05
2019,E07000036,99829,112935,47,42721,0.0011001615130731958,109.82802368858408,male,35-39,3303,0.03308657804846287,3.6400579768211294e-05,0.00041616859255323864,1.3769594618831671e-05
2019,E07000037,80968,112935,1643,40544,0.040523875295974746,3281.1371349644837,female,35-39,2777,0.03429750024701116,0.0013898676229735431,0.014548191437552574,0.0004989665994230251
2019,E07000037,80968,112935,1643,40544,0.040523875295974746,3281.1371349644837,male,35-39,2521,0.0311357573362316,0.00126174154753918,0.014548191437552574,0.0004529689582806793
2019,E07000038,89131,112935,33537,45512,0.7368825804183512,65679.08127526806,female,35-39,2805,0.03147053213808888,0.023190086929053583,0.2969584274139992,0.009345439733608595
2019,E07000038,89131,112935,33537,45512,0.7368825804183512,65679.08127526806,male,35-39,2676,0.03002322424296822,0.022123590952637214,0.2969584274139992,0.008915649457089697
2019,E07000170,109481,112935,379,53079,0.0071403003070894325,781.7272179204582,female,35-39,4098,0.03743115243740923,0.00026726966924354447,0.003355912693142073,0.00012561567958363747
2019,E07000170,109481,112935,379,53079,0.0071403003070894325,781.7272179204582,male,35-39,3883,0.03546734136516839,0.00025324746844135755,0.003355912693142073,0.00011902530107937148
2019,E07000171,101564,112935,409,49725,0.008225238813474107,835.3881548516841,female,35-39,3337,0.03285613012484739,0.0002702495167634506,0.003621552220303715,0.00011899019100422882
2019,E07000171,101564,112935,409,49725,0.008225238813474107,835.3881548516841,male,35-39,3258,0.03207829545902091,0.000263851640879629,0.003621552220303715,0.00011617322214317576
2019,E07000172,99261,112935,14,36079,0.00038803736245461345,38.51697663460739,female,35-39,3532,0.035582958060063875,1.3807517193960316e-05,0.00012396511267543278,4.411045405241017e-06
2019,E07000172,99261,112935,14,36079,0.00038803736245461345,38.51697663460739,male,35-39,3412,0.034374024037638146,1.3338405624516589e-05,0.00012396511267543278,4.261179762933848e-06
2019,E07000173,102060,112935,8,39237,0.00020388918622728548,20.80893034635676,female,35-39,3865,0.037869880462473055,7.721259110018209e-06,7.083720724310446e-05,2.682596570591796e-06
2019,E07000173,102060,112935,8,39237,0.00020388918622728548,20.80893034635676,male,35-39,3552,0.03480305702527925,7.095966975105998e-06,7.083720724310446e-05,2.4653513631932883e-06
2019,E07000174,93328,112935,618,47928,0.012894341512268405,1203.4031046569855,female,35-39,3687,0.03950582890450883,0.0005094016496199811,0.0054721742595298176,0.0002161827800326423
2019,E07000174,93328,112935,618,47928,0.012894341512268405,1203.4031046569855,male,35-39,3426,0.036709240528030165,0.0004733414840244252,0.0054721742595298176,0.00020087936110437549
2019,E07000175,105930,112935,93,52858,0.0017594309281471112,186.37651821862352,female,35-39,3483,0.032880203908241284,5.785044767994325e-05,0.0008234825342010891,2.707627363940709e-05
2019,E07000175,105930,112935,93,52858,0.0017594309281471112,186.37651821862352,male,35-39,3349,0.03161521759652601,5.562479163942864e-05,0.0008234825342010891,2.6034579505706102e-05
2019,E07000198,86977,112935,107,39260,0.002725420275089149,237.0488792664289,female,35-39,2605,0.029950446669809262,8.162755460187444e-05,0.0009474476468765221,2.8376480220211548e-05
2019,E07000198,86977,112935,107,39260,0.002725420275089149,237.0488792664289,male,35-39,2441,0.028064890718235855,7.648862218164128e-05,0.0009474476468765221,2.65900146708393e-05
2019,E08000018,226232,112935,232,119467,0.0019419588673022675,439.3332384675266,female,35-39,8602,0.03802291453021677,7.383893603263067e-05,0.002054279010050029,7.810967522035057e-05
2019,E08000018,226232,112935,232,119467,0.0019419588673022675,439.3332384675266,male,35-39,7759,0.03429665122529085,6.660268596572675e-05,0.002054279010050029,7.045489072712159e-05
2019,E08000019,504932,112935,3253,228811,0.014216973834299925,7178.60503210073,female,35-39,17859,0.03536911901008453,0.0005028418395086118,0.028804179395227343,0.0010187784490176203
2019,E08000019,504932,112935,3253,228811,0.014216973834299925,7178.60503210073,male,35-39,17236,0.034135289504329286,0.00048530051770930244,0.028804179395227343,0.000983239002590722
2019,E06000015,216122,112935,21,102021,0.00020583997412297467,44.48654688740553,female,40-44,7616,0.035239355549180555,7.253668034353628e-06,0.0001859476690131492,6.552676021895708e-06
2019,E06000015,216122,112935,21,102021,0.00020583997412297467,44.48654688740553,male,40-44,7363,0.03406872044493388,7.012704534788048e-06,0.0001859476690131492,6.3349991529960724e-06
2019,E06000049,332645,112935,17,171600,9.906759906759908e-05,32.95434149184149,female,40-44,11372,0.034186595319334434,3.386783918582082e-06,0.00015052906539159694,5.146076242340154e-06
2019,E06000049,332645,112935,17,171600,9.906759906759908e-05,32.95434149184149,male,40-44,10903,0.0327766838521547,3.2471073746307105e-06,0.00015052906539159694,4.933843586900695e-06
2019,E07000032,112001,112935,3278,50143,0.06537303312526176,7321.8450830624415,female,40-44,3691,0.032955062901224096,0.0021543724186868078,0.029025545667862043,0.0009565386832267463
2019,E07000032,112001,112935,3278,50143,0.06537303312526176,7321.8450830624415,male,40-44,3528,0.03149971875251114,0.0020592321574443395,0.029025545667862043,0.0009142965251758224
2019,E07000033,69805,112935,16836,35942,0.4684213455010851,32698.15202270324,female,40-44,2219,0.03178855382852231,0.01489043715589009,0.1490769026431133,0.004738939144259987
2019,E07000033,69805,112935,16836,35942,0.4684213455010851,32698.15202270324,male,40-44,2225,0.03187450755676528,0.014930699716924498,0.1490769026431133,0.004751752859837075
2019,E07000034,91312,112935,39438,47406,0.8319200101253006,75964.27996456143,female,40-44,3055,0.03345671981776765,0.02783331468955661,0.3492097224066941,0.011683411840201184
2019,E07000034,91312,112935,39438,47406,0.8319200101253006,75964.27996456143,male,40-44,2805,0.0307188540388996,0.025555629363078983,0.3492097224066941,0.010727322491575882
2019,E07000035,64625,112935,13005,29602,0.4393284237551517,28391.59938517668,female,40-44,1863,0.028827852998065763,0.012664895217885457,0.11515473502457164,0.0033196637733195664
2019,E07000035,64625,112935,13005,29602,0.4393284237551517,28391.59938517668,male,40-44,1765,0.027311411992263057,0.011998679581088476,0.11515473502457164,0.003145038411115961
2019,E07000036,99829,112935,47,42721,0.0011001615130731958,109.82802368858408,female,40-44,3441,0.03446894189063298,3.792140326443084e-05,0.00041616859255323864,1.4344891033424094e-05
2019,E07000036,99829,112935,47,42721,0.0011001615130731958,109.82802368858408,male,40-44,3192,0.03197467669715213,3.5177308695165145e-05,0.00041616859255323864,1.3306856198398634e-05
2019,E07000037,80968,112935,1643,40544,0.040523875295974746,3281.1371349644837,female,40-44,2616,0.0323090603695287,0.0013092883333449008,0.014548191437552574,0.00047003839542334667
2019,E07000037,80968,112935,1643,40544,0.040523875295974746,3281.1371349644837,male,40-44,2418,0.029863649836972636,0.0012101908218761356,0.014548191437552574,0.0004344620948523136
2019,E07000038,89131,112935,33537,45512,0.7368825804183512,65679.08127526806,female,40-44,2787,0.03126858219923483,0.023041273536995487,0.2969584274139992,0.009285468997350143
2019,E07000038,89131,112935,33537,45512,0.7368825804183512,65679.08127526806,male,40-44,2503,0.028082260941759883,0.0206933289067455,0.2969584274139992,0.008339264047494587
2019,E07000170,109481,112935,379,53079,0.0071403003070894325,781.7272179204582,female,40-44,3686,0.03366794238269654,0.00024039921933423746,0.003355912693142073,0.00011298667519406729
2019,E07000170,109481,112935,379,53079,0.0071403003070894325,781.7272179204582,male,40-44,3515,0.03210602752989103,0.0002292466782311027,0.003355912693142073,0.00010774502531393012
2019,E07000171,101564,112935,409,49725,0.008225238813474107,835.3881548516841,female,40-44,3255,0.03204875743373636,0.0002636086835675852,0.003621552220303715,0.00011606624864212312
2019,E07000171,101564,112935,409,49725,0.008225238813474107,835.3881548516841,male,40-44,3211,0.0316155330628963,0.00026004530965760856,0.003621552220303715,0.00011449730396001761
2019,E07000172,99261,112935,14,36079,0.00038803736245461345,38.51697663460739,female,40-44,3305,0.03329605786764187,1.2920114475095935e-05,0.00012396511267543278,4.127549565209955e-06
2019,E07000172,99261,112935,14,36079,0.00038803736245461345,38.51697663460739,male,40-44,3438,0.03463595974249705,1.344004646456273e-05,0.00012396511267543278,4.2936506521004016e-06
2019,E07000173,102060,112935,8,39237,0.00020388918622728548,20.80893034635676,female,40-44,3683,0.036086615716245336,7.357670712082035e-06,7.083720724310446e-05,2.556275076193941e-06
2019,E07000173,102060,112935,8,39237,0.00020388918622728548,20.80893034635676,male,40-44,3473,0.034029002547521066,6.9381456375402935e-06,7.083720724310446e-05,2.410519505734879e-06
2019,E07000174,93328,112935,618,47928,0.012894341512268405,1203.4031046569855,female,40-44,3122,0.033451911537802165,0.00043134037160661267,0.0054721742595298176,0.00018305468924922948
2019,E07000174,93328,112935,618,47928,0.012894341512268405,1203.4031046569855,male,40-44,3019,0.03234827704440254,0.0004171097315439987,0.0054721742595298176,0.0001770154089825189
2019,E07000175,105930,112935,93,52858,0.0017594309281471112,186.37651821862352,female,40-44,3403,0.03212498819975455,5.652169780500915e-05,0.0008234825342010891,2.6454366693913963e-05
2019,E07000175,105930,112935,93,52858,0.0017594309281471112,186.37651821862352,male,40-44,3308,0.031228169545926557,5.4943807328524906e-05,0.0008234825342010891,2.5715852196140875e-05
2019,E07000198,86977,112935,107,39260,0.002725420275089149,237.0488792664289,female,40-44,2726,0.031341619048714034,8.541908400948553e-05,0.0009474476468765221,2.969454321700448e-05
2019,E07000198,86977,112935,107,39260,0.002725420275089149,237.0488792664289,male,40-44,2440,0.028053393425848214,7.645728722785938e-05,0.0009474476468765221,2.6579121588221175e-05
2019,E08000018,226232,112935,232,119467,0.0019419588673022675,439.3332384675266,female,40-44,7397,0.032696523922345205,6.349530456095899e-05,0.002054279010050029,6.71677827952724e-05
2019,E08000018,226232,112935,232,119467,0.0019419588673022675,439.3332384675266,male,40-44,6987,0.030884225043318364,5.9975894682630845e-05,0.002054279010050029,6.344481524815036e-05
2019,E08000019,504932,112935,3253,228811,0.014216973834299925,7178.60503210073,female,40-44,15713,0.031119041771961373,0.0004424186026204612,0.028804179395227343,0.0008963584618071488
2019,E08000019,504932,112935,3253,228811,0.014216973834299925,7178.60503210073,male,40-44,16428,0.032535074029770336,0.00046255029617825596,0.028804179395227343,0.0009371461089905072
2019,E06000015,216122,112935,21,102021,0.00020583997412297467,44.48654688740553,female,45-49,8256,0.03820064593146463,7.863219970013596e-06,0.0001859476690131492,7.103321065752489e-06
2019,E06000015,216122,112935,21,102021,0.00020583997412297467,44.48654688740553,male,45-49,7985,0.03694672453521622,7.6051128222575806e-06,0.0001859476690131492,6.870157304994383e-06
2019,E06000049,332645,112935,17,171600,9.906759906759908e-05,32.95434149184149,female,45-49,14163,0.04257692134257241,4.2179933730986655e-06,0.00015052906539159694,6.409064176948962e-06
2019,E06000049,332645,112935,17,171600,9.906759906759908e-05,32.95434149184149,male,45-49,13387,0.0402441040749147,3.986886767328379e-06,0.00015052906539159694,6.057907373919069e-06
2019,E07000032,112001,112935,3278,50143,0.06537303312526176,7321.8450830624415,female,45-49,4627,0.041312131141686234,0.002700699317600612,0.029025545667862043,0.0011991071490897196
2019,E07000032,112001,112935,3278,50143,0.06537303312526176,7321.8450830624415,male,45-49,4620,0.04124963169971697,0.002696613539510445,0.029025545667862043,0.0011972930686826244
2019,E07000033,69805,112935,16836,35942,0.4684213455010851,32698.15202270324,female,45-49,3010,0.04312012033521954,0.02019838478559224,0.1490769026431133,0.006428213981172853
2019,E07000033,69805,112935,16836,35942,0.4684213455010851,32698.15202270324,male,45-49,2770,0.039681971205501036,0.01858788234421611,0.1490769026431133,0.0059156653580893035
2019,E07000034,91312,112935,39438,47406,0.8319200101253006,75964.27996456143,female,45-49,3749,0.041057035219905384,0.034156169155858514,0.3492097224066941,0.01433751587198502
2019,E07000034,91312,112935,39438,47406,0.8319200101253006,75964.27996456143,male,45-49,3631,0.039764762572279656,0.033081101681761066,0.3492097224066941,0.01388624169943388
2019,E07000035,64625,112935,13005,29602,0.4393284237551517,28391.59938517668,female,45-49,2545,0.03938104448742746,0.01730121220049301,0.11515473502457164,0.004534913742940578
2019,E07000035,64625,112935,13005,29602,0.4393284237551517,28391.59938517668,male,45-49,2447,0.037864603481624765,0.01663499656369603,0.11515473502457164,0.004360288380736973
2019,E07000036,99829,112935,47,42721,0.0011001615130731958,109.82802368858408,female,45-49,4190,0.041971771729657714,4.617572789246302e-05,0.00041616859255323864,1.7467333167697458e-05
2019,E07000036,99829,112935,47,42721,0.0011001615130731958,109.82802368858408,male,45-49,3968,0.039747969027036235,4.372918574637071e-05,0.00041616859255323864,1.654185632683139e-05
2019,E07000037,80968,112935,1643,40544,0.040523875295974746,3281.1371349644837,female,45-49,3343,0.041287916213812864,0.0016731463678792062,0.014548191437552574,0.0006006645091361804
2019,E07000037,80968,112935,1643,40544,0.040523875295974746,3281.1371349644837,male,45-49,3235,0.039954055923327736,0.0016190931798053345,0.014548191437552574,0.0005812592542792532
2019,E07000038,89131,112935,33537,45512,0.7368825804183512,65679.08127526806,female,45-49,3569,0.0400421850983384,0.02950638868085285,0.2969584274139992,0.011890864317022843
2019,E07000038,89131,112935,33537,45512,0.7368825804183512,65679.08127526806,male,45-49,3385,0.03797780794560815,0.02798518511759229,0.2969584274139992,0.011277830124158679
2019,E07000170,109481,112935,379,53079,0.0071403003070894325,781.7272179204582,female,45-49,4593,0.04195248490605676,0.00029955334085788183,0.003355912693142073,0.00014078887660508708
2019,E07000170,109481,112935,379,53079,0.0071403003070894325,781.7272179204582,male,45-49,4291,0.039194015399932405,0.0002798570401962053,0.003355912693142073,0.00013153169377583902
2019,E07000171,101564,112935,409,49725,0.008225238813474107,835.3881548516841,female,45-49,4134,0.04070339884210941,0.0003347951759964353,0.003621552220303715,0.000147409484450549
2019,E07000171,101564,112935,409,49725,0.008225238813474107,835.3881548516841,male,45-49,3932,0.0387145051396164,0.00031843605031881564,0.003621552220303715,0.00014020660204633735
2019,E07000172,99261,112935,14,36079,0.00038803736245461345,38.51697663460739,female,45-49,3820,0.03848439971388561,1.4933384960625256e-05,0.00012396511267543278,4.770722946778223e-06
2019,E07000172,99261,112935,14,36079,0.00038803736245461345,38.51697663460739,male,45-49,3827,0.03855492086519378,1.4960749802176142e-05,0.00012396511267543278,4.779465109246142e-06
2019,E07000173,102060,112935,8,39237,0.00020388918622728548,20.80893034635676,female,45-49,4246,0.04160297864001568,8.482397459543936e-06,7.083720724310446e-05,2.947038819853238e-06
2019,E07000173,102060,112935,8,39237,0.00020388918622728548,20.80893034635676,male,45-49,4036,0.039545365471291394,8.062872385002196e-06,7.083720724310446e-05,2.801283249394175e-06
2019,E07000174,93328,112935,618,47928,0.012894341512268405,1203.4031046569855,female,45-49,3545,0.03798431338933653,0.0004897827089511347,0.0054721742595298176,0.00020785678199504123
2019,E07000174,93328,112935,618,47928,0.012894341512268405,1203.4031046569855,male,45-49,3623,0.03882007543288188,0.0005005593101635996,0.0054721742595298176,0.0002124302175368221
2019,E07000175,105930,112935,93,52858,0.0017594309281471112,186.37651821862352,female,45-49,4204,0.039686585480978,6.982580592778679e-05,0.0008234825342010891,3.2681209985663915e-05
2019,E07000175,105930,112935,93,52858,0.0017594309281471112,186.37651821862352,male,45-49,4071,0.038431039365618806,6.761675926070887e-05,0.0008234825342010891,3.164728968878159e-05
2019,E07000198,86977,112935,107,39260,0.002725420275089149,237.0488792664289,female,45-49,3520,0.04047046920450234,0.00011029903731232173,0.0009474476468765221,3.834365081579449e-05
2019,E07000198,86977,112935,107,39260,0.002725420275089149,237.0488792664289,male,45-49,3580,0.0411603067477609,0.00011217913453923628,0.0009474476468765221,3.899723577288189e-05
2019,E08000018,226232,112935,232,119467,0.0019419588673022675,439.3332384675266,female,45-49,9081,0.04014021004986032,7.795063684170183e-05,0.002054279010050029,8.24591909644273e-05
2019,E08000018,226232,112935,232,119467,0.0019419588673022675,439.3332384675266,male,45-49,8881,0.03925616181618869,7.623385153520032e-05,0.002054279010050029,8.064310923412387e-05
2019,E08000019,504932,112935,3253,228811,0.014216973834299925,7178.60503210073,female,45-49,18112,0.03587017657823232,0.0005099653618444469,0.028804179395227343,0.001033211001097886
2019,E08000019,504932,112935,3253,228811,0.014216973834299925,7178.60503210073,male,45-49,17192,0.0340481490576949,0.000484061644259592,0.028804179395227343,0.0009807289935332847
2019,E06000015,216122,112935,21,102021,0.00020583997412297467,44.48654688740553,female,50-54,8689,0.04020414395572871,8.275619951483546e-06,0.0001859476690131492,7.475866853236844e-06
2019,E06000015,216122,112935,21,102021,0.00020583997412297467,44.48654688740553,male,50-54,8549,0.03955636168460407,8.142280465557928e-06,0.0001859476690131492,7.355413249893172e-06
2019,E06000049,332645,112935,17,171600,9.906759906759908e-05,32.95434149184149,female,50-54,15527,0.046677388807888284,4.6242168399423135e-06,0.00015052906539159694,7.026303712171612e-06
2019,E06000049,332645,112935,17,171600,9.906759906759908e-05,32.95434149184149,male,50-54,14718,0.044245366682198736,4.383282247070971e-06,0.00015052906539159694,6.66021369457988e-06
2019,E07000032,112001,112935,3278,50143,0.06537303312526176,7321.8450830624415,female,50-54,5181,0.046258515548968315,0.0030240594693081413,0.029025545667862043,0.0013426786555940865
2019,E07000032,112001,112935,3278,50143,0.06537303312526176,7321.8450830624415,male,50-54,5058,0.04516031106865117,0.002952266511438058,0.029025545667862043,0.0013108026712979905
2019,E07000033,69805,112935,16836,35942,0.4684213455010851,32698.15202270324,female,50-54,3276,0.04693073562065755,0.02198335832478411,0.1490769026431133,0.006996288705090455
2019,E07000033,69805,112935,16836,35942,0.4684213455010851,32698.15202270324,male,50-54,3308,0.04738915550462002,0.02219809198363426,0.1490769026431133,0.0070646285215015935
2019,E07000034,91312,112935,39438,47406,0.8319200101253006,75964.27996456143,female,50-54,4096,0.04485719292097425,0.037317596389009465,0.3492097224066941,0.01566456788787694
2019,E07000034,91312,112935,39438,47406,0.8319200101253006,75964.27996456143,male,50-54,4055,0.04440818293323988,0.03694405599546712,0.3492097224066941,0.015507769234702387
2019,E07000035,64625,112935,13005,29602,0.4393284237551517,28391.59938517668,female,50-54,3127,0.04838684719535783,0.021257717308817942,0.11515473502457164,0.005571974567455869
2019,E07000035,64625,112935,13005,29602,0.4393284237551517,28391.59938517668,male,50-54,3109,0.048108317214700186,0.02113535117144706,0.11515473502457164,0.0055399005213368395
2019,E07000036,99829,112935,47,42721,0.0011001615130731958,109.82802368858408,female,50-54,4669,0.04676997666008875,5.14545282887613e-05,0.00041616859255323864,1.946419536037696e-05
2019,E07000036,99829,112935,47,42721,0.0011001615130731958,109.82802368858408,male,50-54,4463,0.04470644802612468,4.918431350454951e-05,0.00041616859255323864,1.8605419553086817e-05
2019,E07000037,80968,112935,1643,40544,0.040523875295974746,3281.1371349644837,female,50-54,3864,0.04772255705957909,0.0019339029510874227,0.014548191437552574,0.0006942768959922827
2019,E07000037,80968,112935,1643,40544,0.040523875295974746,3281.1371349644837,male,50-54,3715,0.04588232388103943,0.0018593295712447655,0.014548191437552574,0.0006675048314211517
2019,E07000038,89131,112935,33537,45512,0.7368825804183512,65679.08127526806,female,50-54,3990,0.0447655697793136,0.03298696857287836,0.2969584274139992,0.013293513203956614
2019,E07000038,89131,112935,33537,45512,0.7368825804183512,65679.08127526806,male,50-54,3918,0.04395777002389741,0.032391715004645966,0.2969584274139992,0.013053630258922809
2019,E07000170,109481,112935,379,53079,0.0071403003070894325,781.7272179204582,female,50-54,4866,0.04444606826755328,0.00031735827489972853,0.003355912693142073,0.00014915712465934114
2019,E07000170,109481,112935,379,53079,0.0071403003070894325,781.7272179204582,male,50-54,4752,0.04340479169901627,0.0003099232474976387,0.003355912693142073,0.00014566269140591637
2019,E07000171,101564,112935,409,49725,0.008225238813474107,835.3881548516841,female,50-54,4638,0.04566578708991375,0.0003756120044198033,0.003621552220303715,0.00016538103262739385
2019,E07000171,101564,112935,409,49725,0.008225238813474107,835.3881548516841,male,50-54,4503,0.04433657595210901,0.0003646789253778297,0.003621552220303715,0.00016056722508002468
2019,E07000172,99261,112935,14,36079,0.00038803736245461345,38.51697663460739,female,50-54,4056,0.04086196995798954,1.5855971047197915e-05,0.00012396511267543278,5.065458709982324e-06
2019,E07000172,99261,112935,14,36079,0.00038803736245461345,38.51697663460739,male,50-54,4165,0.04196008502835958,1.6282080722775968e-05,0.00012396511267543278,5.201586668411335e-06
2019,E07000173,102060,112935,8,39237,0.00020388918622728548,20.80893034635676,female,50-54,4525,0.044336664707035074,9.03976648714939e-06,7.083720724310446e-05,3.140685506320278e-06
2019,E07000173,102060,112935,8,39237,0.00020388918622728548,20.80893034635676,male,50-54,4322,0.04234763864393494,8.634225581759041e-06,7.083720724310446e-05,2.9997884548765176e-06
2019,E07000174,93328,112935,618,47928,0.012894341512268405,1203.4031046569855,female,50-54,4085,0.043770358306188924,0.0005643899481143541,0.0054721742595298176,0.00023951902805352418
2019,E07000174,93328,112935,618,47928,0.012894341512268405,1203.4031046569855,male,50-54,3974,0.04258100462883593,0.0005490540156196922,0.0054721742595298176,0.00023301067747483604
2019,E07000175,105930,112935,93,52858,0.0017594309281471112,186.37651821862352,female,50-54,4782,0.04514301897479468,7.942602377418564e-05,0.0008234825342010891,3.717448766685177e-05
2019,E07000175,105930,112935,93,52858,0.0017594309281471112,186.37651821862352,male,50-54,4648,0.043878032663079394,7.720036773367103e-05,0.0008234825342010891,3.613279353315078e-05
2019,E07000198,86977,112935,107,39260,0.002725420275089149,237.0488792664289,female,50-54,4099,0.04712740149694747,0.00012844197555204737,0.0009474476468765221,4.465074565168795e-05
2019,E07000198,86977,112935,107,39260,0.002725420275089149,237.0488792664289,male,50-54,3902,0.044862434896581864,0.00012226898965701118,0.0009474476468765221,4.250480837591764e-05
2019,E08000018,226232,112935,232,119467,0.0019419588673022675,439.3332384675266,female,50-54,9583,0.04235917111637611,8.225976796102068e-05,0.002054279010050029,8.70175561074889e-05
2019,E08000018,226232,112935,232,119467,0.0019419588673022675,439.3332384675266,male,50-54,9631,0.0425713426924573,8.267179643458104e-05,0.002054279010050029,8.745341572276171e-05
2019,E08000019,504932,112935,3253,228811,0.014216973834299925,7178.60503210073,female,50-54,18413,0.03646629645179945,0.0005184403824890568,0.028804179395227343,0.0010503817448771736
2019,E08000019,504932,112935,3253,228811,0.014216973834299925,7178.60503210073,male,50-54,18493,0.036624733627498365,0.0005206928796703487,0.028804179395227343,0.0010549453977088783
2019,E06000015,216122,112935,21,102021,0.00020583997412297467,44.48654688740553,female,55-59,7801,0.036095353550309545,7.429866640755339e-06,0.0001859476690131492,6.7118468548855575e-06
2019,E06000015,216122,112935,21,102021,0.00020583997412297467,44.48654688740553,male,55-59,7662,0.035452198295407224,7.29747957972919e-06,0.0001859476690131492,6.592253634422912e-06
2019,E06000049,332645,112935,17,171600,9.906759906759908e-05,32.95434149184149,female,55-59,14633,0.04398983901757129,4.357967734840978e-06,0.00015052906539159694,6.621749354041811e-06
2019,E06000049,332645,112935,17,171600,9.906759906759908e-05,32.95434149184149,male,55-59,14389,0.04325632430969953,4.285300193851352e-06,0.00015052906539159694,6.511334070614885e-06
2019,E07000032,112001,112935,3278,50143,0.06537303312526176,7321.8450830624415,female,55-59,4768,0.042571048472781495,0.0027829985619882685,0.029025545667862043,0.0012356479115754881
2019,E07000032,112001,112935,3278,50143,0.06537303312526176,7321.8450830624415,male,55-59,4783,0.042704975848429916,0.0027917538007529124,0.029025545667862043,0.0012395352267335485
2019,E07000033,69805,112935,16836,35942,0.4684213455010851,32698.15202270324,female,55-59,2872,0.041143184585631404,0.019272345881800962,0.1490769026431133,0.006133498522899811
2019,E07000033,69805,112935,16836,35942,0.4684213455010851,32698.15202270324,male,55-59,2877,0.04121481269250054,0.019305898015996303,0.1490769026431133,0.006144176619214053
2019,E07000034,91312,112935,39438,47406,0.8319200101253006,75964.27996456143,female,55-59,3787,0.04147319081829332,0.034502377325483106,0.3492097224066941,0.014482841452976066
2019,E07000034,91312,112935,39438,47406,0.8319200101253006,75964.27996456143,male,55-59,3743,0.04099132644121255,0.03410150470802304,0.3492097224066941,0.014314569727618012
2019,E07000035,64625,112935,13005,29602,0.4393284237551517,28391.59938517668,female,55-59,3090,0.04781431334622824,0.02100618691533336,0.11515473502457164,0.0055060445837667536
2019,E07000035,64625,112935,13005,29602,0.4393284237551517,28391.59938517668,male,55-59,3032,0.04691682785299806,0.02061189602824944,0.11515473502457164,0.005402694879605435
2019,E07000036,99829,112935,47,42721,0.0011001615130731958,109.82802368858408,female,55-59,4150,0.041571086558014204,4.57349094877617e-05,0.00041616859255323864,1.7300580583757625e-05
2019,E07000036,99829,112935,47,42721,0.0011001615130731958,109.82802368858408,male,55-59,4238,0.042452593935629925,4.670470997810459e-05,0.00041616859255323864,1.7667436268425257e-05
2019,E07000037,80968,112935,1643,40544,0.040523875295974746,3281.1371349644837,female,55-59,3711,0.045832921648058494,0.0018573276013161039,0.014548191437552574,0.0006667861182783027
2019,E07000037,80968,112935,1643,40544,0.040523875295974746,3281.1371349644837,male,55-59,3676,0.04540065210947535,0.001839810364440312,0.014548191437552574,0.0006604973782783724
2019,E07000038,89131,112935,33537,45512,0.7368825804183512,65679.08127526806,female,55-59,3822,0.042880703683342486,0.03159804358033611,0.2969584274139992,0.01273378633221107
2019,E07000038,89131,112935,33537,45512,0.7368825804183512,65679.08127526806,male,55-59,3692,0.04142217634717439,0.03052328019324985,0.2969584274139992,0.01230066434812226
2019,E07000170,109481,112935,379,53079,0.0071403003070894325,781.7272179204582,female,55-59,4476,0.04088380632255825,0.0002919226548399476,0.003355912693142073,0.00013720248458183536
2019,E07000170,109481,112935,379,53079,0.0071403003070894325,781.7272179204582,male,55-59,4539,0.04145924863674976,0.0002960314857726814,0.003355912693142073,0.00013913361874820168
2019,E07000171,101564,112935,409,49725,0.008225238813474107,835.3881548516841,female,55-59,4434,0.04365720137056437,0.00035909090720082104,0.003621552220303715,0.00015810683455581376
2019,E07000171,101564,112935,409,49725,0.008225238813474107,835.3881548516841,male,55-59,4443,0.04374581544641802,0.00035981977913695265,0.003621552220303715,0.00015842775505897172
2019,E07000172,99261,112935,14,36079,0.00038803736245461345,38.51697663460739,female,55-59,4033,0.04063025760369128,1.576605799638787e-05,0.00012396511267543278,5.036734461873449e-06
2019,E07000172,99261,112935,14,36079,0.00038803736245461345,38.51697663460739,male,55-59,3745,0.037728815949869536,1.4640190229722928e-05,0.00012396511267543278,4.6770569203362425e-06
2019,E07000173,102060,112935,8,39237,0.00020388918622728548,20.80893034635676,female,55-59,4422,0.043327454438565546,8.833999426778917e-06,7.083720724310446e-05,3.069195869380833e-06
2019,E07000173,102060,112935,8,39237,0.00020388918622728548,20.80893034635676,male,55-59,4152,0.0406819517930629,8.294610045225252e-06,7.083720724310446e-05,2.881795850219181e-06
2019,E07000174,93328,112935,618,47928,0.012894341512268405,1203.4031046569855,female,55-59,4074,0.04365249442825304,0.0005628701710202884,0.0054721742595298176,0.00023887405637455512
2019,E07000174,93328,112935,618,47928,0.012894341512268405,1203.4031046569855,male,55-59,3844,0.041188067889593685,0.0005310930135989172,0.0054721742595298176,0.00022538828490520121
2019,E07000175,105930,112935,93,52858,0.0017594309281471112,186.37651821862352,female,55-59,4533,0.042792410082129716,7.529028978845329e-05,0.0008234825342010891,3.523880229900441e-05
2019,E07000175,105930,112935,93,52858,0.0017594309281471112,186.37651821862352,male,55-59,4478,0.04227319928254508,7.437677424943608e-05,0.0008234825342010891,3.4811241273977884e-05
2019,E07000198,86977,112935,107,39260,0.002725420275089149,237.0488792664289,female,55-59,3782,0.043482759810064726,0.000118508795203182,0.0009474476468765221,4.119763846174282e-05
2019,E07000198,86977,112935,107,39260,0.002725420275089149,237.0488792664289,male,55-59,3803,0.04372420295020522,0.00011916682923260213,0.0009474476468765221,4.142639319672342e-05
2019,E08000018,226232,112935,232,119467,0.0019419588673022675,439.3332384675266,female,55-59,9088,0.040171151738038834,7.801072432742941e-05,0.002054279010050029,8.25227538249879e-05
2019,E08000018,226232,112935,232,119467,0.0019419588673022675,439.3332384675266,male,55-59,9271,0.040980055871848366,7.95815828828783e-05,0.002054279010050029,8.418446860821554e-05
2019,E08000019,504932,112935,3253,228811,0.014216973834299925,7178.60503210073,female,55-59,16711,0.033095545538805234,0.0004705185049570755,0.028804179395227343,0.0009532900308826617
2019,E08000019,504932,112935,3253,228811,0.014216973834299925,7178.60503210073,male,55-59,16652,0.03297869812172728,0.00046885728828587286,0.028804179395227343,0.0009499243369192797
2019,E06000015,216122,112935,21,102021,0.00020583997412297467,44.48654688740553,female,60-64,6358,0.02941856914150341,6.055517510822002e-06,0.0001859476690131492,5.4703143575647205e-06
2019,E06000015,216122,112935,21,102021,0.00020583997412297467,44.48654688740553,male,60-64,6176,0.028576452189041375,5.882176179118699e-06,0.0001859476690131492,5.313724673217946e-06
2019,E06000049,332645,112935,17,171600,9.906759906759908e-05,32.95434149184149,female,60-64,12353,0.03713568518991718,3.678943171495292e-06,0.00015052906539159694,5.589999984314801e-06
2019,E06000049,332645,112935,17,171600,9.906759906759908e-05,32.95434149184149,male,60-64,11909,0.03580092891821612,3.5467120723174485e-06,0.00015052906539159694,5.389080370210068e-06
2019,E07000032,112001,112935,3278,50143,0.06537303312526176,7321.8450830624415,female,60-64,4141,0.03697288417067705,0.0024170295816261372,0.029025545667862043,0.0010731581379685602
2019,E07000032,112001,112935,3278,50143,0.06537303312526176,7321.8450830624415,male,60-64,4166,0.037196096463424436,0.002431621646233877,0.029025545667862043,0.0010796369965653278
2019,E07000033,69805,112935,16836,35942,0.4684213455010851,32698.15202270324,female,60-64,2523,0.03614354272616575,0.016930406914966518,0.1490769026431133,0.0053881674001658155
2019,E07000033,69805,112935,16836,35942,0.4684213455010851,32698.15202270324,male,60-64,2510,0.035957309648305985,0.016843171366058642,0.1490769026431133,0.005360404349748791
2019,E07000034,91312,112935,39438,47406,0.8319200101253006,75964.27996456143,female,60-64,3366,0.03686262484667952,0.03066675523569478,0.3492097224066941,0.012872786989891059
2019,E07000034,91312,112935,39438,47406,0.8319200101253006,75964.27996456143,male,60-64,3328,0.03644646924829157,0.03032054706607018,0.3492097224066941,0.012727461408900012
2019,E07000035,64625,112935,13005,29602,0.4393284237551517,28391.59938517668,female,60-64,2722,0.042119922630560934,0.018504479217973283,0.11515473502457164,0.004850308529777703
2019,E07000035,64625,112935,13005,29602,0.4393284237551517,28391.59938517668,male,60-64,2683,0.041516441005802714,0.018239352587003047,0.11515473502457164,0.004780814763186472
2019,E07000036,99829,112935,47,42721,0.0011001615130731958,109.82802368858408,female,60-64,3373,0.03378777709883901,3.71720119764386e-05,0.00041616859255323864,1.4061411640726376e-05
2019,E07000036,99829,112935,47,42721,0.0011001615130731958,109.82802368858408,male,60-64,3386,0.033917999779623155,3.731527795796653e-05,0.00041616859255323864,1.4115606230506824e-05
2019,E07000037,80968,112935,1643,40544,0.040523875295974746,3281.1371349644837,female,60-64,3136,0.0387313506570497,0.0015695444240709515,0.014548191437552574,0.0005634711039937366
2019,E07000037,80968,112935,1643,40544,0.040523875295974746,3281.1371349644837,male,60-64,3179,0.039262424661594714,0.001591065600804067,0.014548191437552574,0.0005711972702793651
2019,E07000038,89131,112935,33537,45512,0.7368825804183512,65679.08127526806,female,60-64,3530,0.03960462689748797,0.029183959664726974,0.2969584274139992,0.011760927721796202
2019,E07000038,89131,112935,33537,45512,0.7368825804183512,65679.08127526806,male,60-64,3430,0.038482682792743264,0.028357218597737537,0.2969584274139992,0.011427756964804806
2019,E07000170,109481,112935,379,53079,0.0071403003070894325,781.7272179204582,female,60-64,3659,0.03342132424804304,0.0002386382917916372,0.003355912693142073,0.00011215904626562456
2019,E07000170,109481,112935,379,53079,0.0071403003070894325,781.7272179204582,male,60-64,3638,0.03322951014331254,0.00023726868148072597,0.003355912693142073,0.0001115153348768358
2019,E07000171,101564,112935,409,49725,0.008225238813474107,835.3881548516841,female,60-64,3815,0.03756252215351896,0.0003089607151491052,0.003621552220303715,0.00013603463550528408
2019,E07000171,101564,112935,409,49725,0.008225238813474107,835.3881548516841,male,60-64,3856,0.037966208499074484,0.0003122811317470379,0.003621552220303715,0.00013749660668633694
2019,E07000172,99261,112935,14,36079,0.00038803736245461345,38.51697663460739,female,60-64,3375,0.034001269380723544,1.3193762890604774e-05,0.00012396511267543278,4.214971189889136e-06
2019,E07000172,99261,112935,14,36079,0.00038803736245461345,38.51697663460739,male,60-64,3344,0.03368896142493023,1.3072575735165144e-05,0.00012396511267543278,4.176255898959785e-06
2019,E07000173,102060,112935,8,39237,0.00020388918622728548,20.80893034635676,female,60-64,3604,0.03531256123848717,7.199849374516333e-06,7.083720724310446e-05,2.501443218735532e-06
2019,E07000173,102060,112935,8,39237,0.00020388918622728548,20.80893034635676,male,60-64,3452,0.033823241230648636,6.896193130086121e-06,7.083720724310446e-05,2.3959439486889723e-06
2019,E07000174,93328,112935,618,47928,0.012894341512268405,1203.4031046569855,female,60-64,3414,0.03658066175210012,0.0004716835453763536,0.0054721742595298176,0.00020017575563640918
2019,E07000174,93328,112935,618,47928,0.012894341512268405,1203.4031046569855,male,60-64,3375,0.03616278073032745,0.0004662952447701211,0.0054721742595298176,0.00019788903786551883
2019,E07000175,105930,112935,93,52858,0.0017594309281471112,186.37651821862352,female,60-64,4082,0.03853488152553573,6.77994623685123e-05,0.0008234825342010891,3.173280189378689e-05
2019,E07000175,105930,112935,93,52858,0.0017594309281471112,186.37651821862352,male,60-64,3904,0.036854526574152745,6.484299389678394e-05,0.0008234825342010891,3.0349058940064692e-05
2019,E07000198,86977,112935,107,39260,0.002725420275089149,237.0488792664289,female,60-64,3362,0.0386538970072548,0.00010534811461478001,0.0009474476468765221,3.662254376213099e-05
2019,E07000198,86977,112935,107,39260,0.002725420275089149,237.0488792664289,male,60-64,3318,0.03814801614219851,0.00010396937664837596,0.0009474476468765221,3.614324812693355e-05
2019,E08000018,226232,112935,232,119467,0.0019419588673022675,439.3332384675266,female,60-64,8093,0.035773011775522466,6.946971742758431e-05,0.002054279010050029,7.348774721672833e-05
2019,E08000018,226232,112935,232,119467,0.0019419588673022675,439.3332384675266,male,60-64,7856,0.034725414618621595,6.743532683937999e-05,0.002054279010050029,7.133569036631878e-05
2019,E08000019,504932,112935,3253,228811,0.014216973834299925,7178.60503210073,female,60-64,14068,0.027861177346652617,0.0003961016293301501,0.028804179395227343,0.0008025183504552261
2019,E08000019,504932,112935,3253,228811,0.014216973834299925,7178.60503210073,male,60-64,13862,0.027453201619227936,0.0003903014490883239,0.028804179395227343,0.0007907669444135872
2019,E06000015,216122,112935,21,102021,0.00020583997412297467,44.48654688740553,female,65-69,5637,0.0260824904452115,5.3688191583050695e-06,0.0001859476690131492,4.8499783003448125e-06
2019,E06000015,216122,112935,21,102021,0.00020583997412297467,44.48654688740553,male,65-69,5334,0.024680504529848882,5.0802344137660535e-06,0.0001859476690131492,4.589282287393869e-06
2019,E06000049,332645,112935,17,171600,9.906759906759908e-05,32.95434149184149,female,65-69,11748,0.035316929459333526,3.4987634079759317e-06,0.00015052906539159694,5.316224384014433e-06
2019,E06000049,332645,112935,17,171600,9.906759906759908e-05,32.95434149184149,male,65-69,11067,0.03326970193449473,3.295949492345049e-06,0.00015052906539159694,5.008057138056497e-06
2019,E07000032,112001,112935,3278,50143,0.06537303312526176,7321.8450830624415,female,65-69,3995,0.03566932438103231,0.002331811924316932,0.029025545667862043,0.0010353216037634382
2019,E07000032,112001,112935,3278,50143,0.06537303312526176,7321.8450830624415,male,65-69,3873,0.03458004839242507,0.0022606026490311587,0.029025545667862043,0.0010037047738112133
2019,E07000033,69805,112935,16836,35942,0.4684213455010851,32698.15202270324,female,65-69,2312,0.03312083661628823,0.01551450685192334,0.1490769026431133,0.0049375517357048634
2019,E07000033,69805,112935,16836,35942,0.4684213455010851,32698.15202270324,male,65-69,2268,0.03249050927583984,0.01521924807100438,0.1490769026431133,0.004843584488139545
2019,E07000034,91312,112935,39438,47406,0.8319200101253006,75964.27996456143,female,65-69,3062,0.033533380059575964,0.027897089878697986,0.3492097224066941,0.011710182341962692
2019,E07000034,91312,112935,39438,47406,0.8319200101253006,75964.27996456143,male,65-69,3067,0.03358813737515332,0.02794264358522754,0.3492097224066941,0.0117293041289352
2019,E07000035,64625,112935,13005,29602,0.4393284237551517,28391.59938517668,female,65-69,2667,0.041268858800773696,0.018130582687117827,0.11515473502457164,0.004752304499969557
2019,E07000035,64625,112935,13005,29602,0.4393284237551517,28391.59938517668,male,65-69,2659,0.04114506769825919,0.018076197737175212,0.11515473502457164,0.004738049368361099
2019,E07000036,99829,112935,47,42721,0.0011001615130731958,109.82802368858408,female,65-69,3126,0.03131354616394034,3.444995832740797e-05,0.00041616859255323864,1.3031714434897916e-05
2019,E07000036,99829,112935,47,42721,0.0011001615130731958,109.82802368858408,male,65-69,2973,0.029780925382403914,3.276382792942543e-05,0.00041616859255323864,1.2393885801328055e-05
2019,E07000037,80968,112935,1643,40544,0.040523875295974746,3281.1371349644837,female,65-69,2782,0.03435925303823733,0.001392370085384371,0.014548191437552574,0.0004998649908515866
2019,E07000037,80968,112935,1643,40544,0.040523875295974746,3281.1371349644837,male,65-69,2928,0.0361624345420413,0.0014654419877805313,0.014548191437552574,0.0005260980205655806
2019,E07000038,89131,112935,33537,45512,0.7368825804183512,65679.08127526806,female,65-69,3413,0.03829195229493667,0.028216672616349338,0.2969584274139992,0.011371117936116271
2019,E07000038,89131,112935,33537,45512,0.7368825804183512,65679.08127526806,male,65-69,3200,0.03590221135183045,0.026455714143661845,0.2969584274139992,0.0106614642237246
2019,E07000170,109481,112935,379,53079,0.0071403003070894325,781.7272179204582,female,65-69,3508,0.032042089494980865,0.00022879014146079892,0.003355912693142073,0.00010753045485100056
2019,E07000170,109481,112935,379,53079,0.0071403003070894325,781.7272179204582,male,65-69,3415,0.031192627031174362,0.0002227247243696204,0.003355912693142073,0.00010467973298636456
2019,E07000171,101564,112935,409,49725,0.008225238813474107,835.3881548516841,female,65-69,3623,0.03567208853530779,0.00029341144717829834,0.003621552220303715,0.0001291883314379146
2019,E07000171,101564,112935,409,49725,0.008225238813474107,835.3881548516841,male,65-69,3470,0.03416564924579575,0.00028102062426406155,0.003621552220303715,0.00012373268288422954
2019,E07000172,99261,112935,14,36079,0.00038803736245461345,38.51697663460739,female,65-69,3287,0.03311471776427802,1.2849747739679378e-05,0.00012396511267543278,4.10506971886388e-06
2019,E07000172,99261,112935,14,36079,0.00038803736245461345,38.51697663460739,male,65-69,3041,0.03063640301830528,1.188806902231974e-05,0.00012396511267543278,3.7978451521341833e-06
2019,E07000173,102060,112935,8,39237,0.00020388918622728548,20.80893034635676,female,65-69,3477,0.03406819517930629,6.946136591341089e-06,7.083720724310446e-05,2.413295802315052e-06
2019,E07000173,102060,112935,8,39237,0.00020388918622728548,20.80893034635676,male,65-69,3329,0.03261806780325298,6.650471300711673e-06,7.083720724310446e-05,2.3105728288486644e-06
2019,E07000174,93328,112935,618,47928,0.012894341512268405,1203.4031046569855,female,65-69,3008,0.03223041316646665,0.00041558995444993305,0.0054721742595298176,0.00017637043730354976
2019,E07000174,93328,112935,618,47928,0.012894341512268405,1203.4031046569855,male,65-69,3030,0.03246614092233842,0.0004186295086380642,0.0054721742595298176,0.00017766038066148798
2019,E07000175,105930,112935,93,52858,0.0017594309281471112,186.37651821862352,female,65-69,3711,0.03503256867742849,6.163738482350542e-05,0.0008234825342010891,2.884870843406251e-05
2019,E07000175,105930,112935,93,52858,0.0017594309281471112,186.37651821862352,male,65-69,3585,0.03384310393656188,5.954460377048423e-05,0.0008234825342010891,2.7869204994910834e-05
2019,E07000198,86977,112935,107,39260,0.002725420275089149,237.0488792664289,female,65-69,3405,0.03914828057992343,0.00010669551762740213,0.0009474476468765221,3.709094631471029e-05
2019,E07000198,86977,112935,107,39260,0.002725420275089149,237.0488792664289,male,65-69,3210,0.0369063085643331,0.00010058520163992976,0.0009474476468765221,3.496679520417622e-05
2019,E08000018,226232,112935,232,119467,0.0019419588673022675,439.3332384675266,female,65-69,7212,0.031878779306198944,6.190727815244506e-05,0.002054279010050029,6.548790719474171e-05
2019,E08000018,226232,112935,232,119467,0.0019419588673022675,439.3332384675266,male,65-69,7013,0.03099915131369568,6.019907677247605e-05,0.002054279010050029,6.368090587308981e-05
2019,E08000019,504932,112935,3253,228811,0.014216973834299925,7178.60503210073,female,65-69,12680,0.0251122923482766,0.00035702080323473864,0.028804179395227343,0.0007233389738251541
2019,E08000019,504932,112935,3253,228811,0.014216973834299925,7178.60503210073,male,65-69,11748,0.023266499251384343,0.00033077921107269,0.028804179395227343,0.0006701724183357972
2019,E06000015,216122,112935,21,102021,0.00020583997412297467,44.48654688740553,female,70-74,5778,0.026734899732558458,5.503111069130156e-06,0.0001859476690131492,4.971292286569511e-06
2019,E06000015,216122,112935,21,102021,0.00020583997412297467,44.48654688740553,male,70-74,5135,0.023759728301607424,4.890701858771781e-06,0.0001859476690131492,4.41806609406965e-06
2019,E06000049,332645,112935,17,171600,9.906759906759908e-05,32.95434149184149,female,70-74,12416,0.03732507628252341,3.6977056923245806e-06,0.00015052906539159694,5.618508848478312e-06
2019,E06000049,332645,112935,17,171600,9.906759906759908e-05,32.95434149184149,male,70-74,11660,0.035052383171248626,3.4725554423731154e-06,0.00015052906539159694,5.276402478516197e-06
2019,E07000032,112001,112935,3278,50143,0.06537303312526176,7321.8450830624415,female,70-74,4146,0.037017526629226534,0.002419947994547685,0.029025545667862043,0.0010744539096879141
2019,E07000032,112001,112935,3278,50143,0.06537303312526176,7321.8450830624415,male,70-74,3978,0.03551754002196409,0.0023218893203836685,0.029025545667862043,0.0010309159799176363
2019,E07000033,69805,112935,16836,35942,0.4684213455010851,32698.15202270324,female,70-74,2274,0.032576463004082803,0.015259510632038788,0.1490769026431133,0.004856398203716634
2019,E07000033,69805,112935,16836,35942,0.4684213455010851,32698.15202270324,male,70-74,2235,0.03201776377050355,0.014997803985315169,0.1490769026431133,0.004773109052465557
2019,E07000034,91312,112935,39438,47406,0.8319200101253006,75964.27996456143,female,70-74,3155,0.03455186612931488,0.02874438882014766,0.3492097224066941,0.012065847579651305
2019,E07000034,91312,112935,39438,47406,0.8319200101253006,75964.27996456143,male,70-74,2824,0.030926931838093568,0.025728733447891283,0.3492097224066941,0.010799985282071406
2019,E07000035,64625,112935,13005,29602,0.4393284237551517,28391.59938517668,female,70-74,2812,0.04351257253384913,0.019116309904827645,0.11515473502457164,0.0050106787603728525
2019,E07000035,64625,112935,13005,29602,0.4393284237551517,28391.59938517668,male,70-74,2646,0.04094390715667312,0.017987822193518473,0.11515473502457164,0.004714884779497356
2019,E07000036,99829,112935,47,42721,0.0011001615130731958,109.82802368858408,female,70-74,3377,0.03382784561600337,3.721609381690874e-05,0.00041616859255323864,1.4078086899120364e-05
2019,E07000036,99829,112935,47,42721,0.0011001615130731958,109.82802368858408,male,70-74,3047,0.030522192949944408,3.357934197812287e-05,0.00041616859255323864,1.2702378081616744e-05
2019,E07000037,80968,112935,1643,40544,0.040523875295974746,3281.1371349644837,female,70-74,2830,0.0349520798340085,0.001416393724528314,0.014548191437552574,0.0005084895485657765
2019,E07000037,80968,112935,1643,40544,0.040523875295974746,3281.1371349644837,male,70-74,2728,0.033692322892994765,0.001365343491347435,0.014548191437552574,0.000490162363423123
2019,E07000038,89131,112935,33537,45512,0.7368825804183512,65679.08127526806,female,70-74,3687,0.04136607914193715,0.03048194313990038,0.2969584274139992,0.01228400581027269
2019,E07000038,89131,112935,33537,45512,0.7368825804183512,65679.08127526806,male,70-74,3439,0.038583657762170286,0.028431625293766583,0.2969584274139992,0.011457742332934031
2019,E07000170,109481,112935,379,53079,0.0071403003070894325,781.7272179204582,female,70-74,3488,0.03185940939523753,0.0002274857506885025,0.003355912693142073,0.00010691739638548744
2019,E07000170,109481,112935,379,53079,0.0071403003070894325,781.7272179204582,male,70-74,3193,0.029164877924023343,0.00020824598679712968,0.003355912693142073,9.787478401916895e-05
2019,E07000171,101564,112935,409,49725,0.008225238813474107,835.3881548516841,female,70-74,3721,0.03663699736126974,0.0003013480527050644,0.003621552220303715,0.00013268279913896774
2019,E07000171,101564,112935,409,49725,0.008225238813474107,835.3881548516841,male,70-74,3584,0.03528809420660864,0.00029025300212172817,0.003621552220303715,0.00012779767592423016
2019,E07000172,99261,112935,14,36079,0.00038803736245461345,38.51697663460739,female,70-74,3505,0.035310947905018084,1.3701967090835478e-05,0.00012396511267543278,4.377325635721904e-06
2019,E07000172,99261,112935,14,36079,0.00038803736245461345,38.51697663460739,male,70-74,3152,0.031754666989049066,1.2321997224055185e-05,0.00012396511267543278,3.936470871268314e-06
2019,E07000173,102060,112935,8,39237,0.00020388918622728548,20.80893034635676,female,70-74,3533,0.03461689202429944,7.05800994455222e-06,7.083720724310446e-05,2.4521639544374683e-06
2019,E07000173,102060,112935,8,39237,0.00020388918622728548,20.80893034635676,male,70-74,3250,0.03184401332549481,6.492649963145971e-06,7.083720724310446e-05,2.2557409713902555e-06
2019,E07000174,93328,112935,618,47928,0.012894341512268405,1203.4031046569855,female,70-74,2945,0.03155537459283388,0.00040688577654755754,0.0054721742595298176,0.00017267650859672677
2019,E07000174,93328,112935,618,47928,0.012894341512268405,1203.4031046569855,male,70-74,2788,0.029873135607749013,0.00038519441256862146,0.0054721742595298176,0.00016347100372416783
2019,E07000175,105930,112935,93,52858,0.0017594309281471112,186.37651821862352,female,70-74,3958,0.03736429717738129,6.573990006236444e-05,0.0008234825342010891,3.0768846128272544e-05
2019,E07000175,105930,112935,93,52858,0.0017594309281471112,186.37651821862352,male,70-74,3660,0.0345511186632682,6.0790306778234935e-05,0.0008234825342010891,2.845224275631064e-05
2019,E07000198,86977,112935,107,39260,0.002725420275089149,237.0488792664289,female,70-74,3613,0.04153971739655312,0.00011321318801403933,0.0009474476468765221,3.935670749927997e-05
2019,E07000198,86977,112935,107,39260,0.002725420275089149,237.0488792664289,male,70-74,3415,0.039263253503799854,0.0001070088671652212,0.0009474476468765221,3.719987714089152e-05
2019,E08000018,226232,112935,232,119467,0.0019419588673022675,439.3332384675266,female,70-74,7425,0.03282029067505923,6.37356545038692e-05,0.002054279010050029,6.742203423751487e-05
2019,E08000018,226232,112935,232,119467,0.0019419588673022675,439.3332384675266,male,70-74,6945,0.030698574914247326,5.9615369768265524e-05,0.002054279010050029,6.306343808478664e-05
2019,E08000019,504932,112935,3253,228811,0.014216973834299925,7178.60503210073,female,70-74,12978,0.025702470827755026,0.0003654113552350504,0.028804179395227343,0.0007403385806232531
2019,E08000019,504932,112935,3253,228811,0.014216973834299925,7178.60503210073,male,70-74,11652,0.02307637464054566,0.00032807621445514,0.028804179395227343,0.0006646960349377519
2019,E06000015,216122,112935,21,102021,0.00020583997412297467,44.48654688740553,female,75-79,4298,0.019886915723526525,4.093522217916478e-06,0.0001859476690131492,3.697925622650702e-06
2019,E06000015,216122,112935,21,102021,0.00020583997412297467,44.48654688740553,male,75-79,3515,0.016263962021450848,3.347773521632485e-06,0.0001859476690131492,3.0242458268071705e-06
2019,E06000049,332645,112935,17,171600,9.906759906759908e-05,32.95434149184149,female,75-79,9016,0.027103969697425186,2.6851252031248725e-06,0.00015052906539159694,4.079935226955577e-06
2019,E06000049,332645,112935,17,171600,9.906759906759908e-05,32.95434149184149,male,75-79,7926,0.02382720317455546,2.360503810999084e-06,0.00015052906539159694,3.586686624761525e-06
2019,E07000032,112001,112935,3278,50143,0.06537303312526176,7321.8450830624415,female,75-79,2874,0.025660485174239515,0.001677503747305848,0.029025545667862043,0.000744809584284386
2019,E07000032,112001,112935,3278,50143,0.06537303312526176,7321.8450830624415,male,75-79,2594,0.02316050749546879,0.0015140726236991546,0.029025545667862043,0.0006722463680005905
2019,E07000033,69805,112935,16836,35942,0.4684213455010851,32698.15202270324,female,75-79,1669,0.02390946207291741,0.011199702394403138,0.1490769026431133,0.0035643485496935187
2019,E07000033,69805,112935,16836,35942,0.4684213455010851,32698.15202270324,male,75-79,1512,0.02166033951722656,0.01014616538066959,0.1490769026431133,0.0032290563254263635
2019,E07000034,91312,112935,39438,47406,0.8319200101253006,75964.27996456143,female,75-79,2267,0.02482696688277554,0.020654050540499132,0.3492097224066941,0.008669818213334235
2019,E07000034,91312,112935,39438,47406,0.8319200101253006,75964.27996456143,male,75-79,2011,0.02202339232521465,0.01832170076618604,0.3492097224066941,0.007690782720341927
2019,E07000035,64625,112935,13005,29602,0.4393284237551517,28391.59938517668,female,75-79,1978,0.0306073500967118,0.013446678873310485,0.11515473502457164,0.003524581290191145
2019,E07000035,64625,112935,13005,29602,0.4393284237551517,28391.59938517668,male,75-79,1800,0.027852998065764027,0.012236613737087395,0.11515473502457164,0.003207404611902963
2019,E07000036,99829,112935,47,42721,0.0011001615130731958,109.82802368858408,female,75-79,2436,0.024401726953089783,2.6845840846310238e-05,0.00041616859255323864,1.0155232361935803e-05
2019,E07000036,99829,112935,47,42721,0.0011001615130731958,109.82802368858408,male,75-79,2131,0.021346502519308017,2.348460051046269e-05,0.00041616859255323864,8.88374390939458e-06
2019,E07000037,80968,112935,1643,40544,0.040523875295974746,3281.1371349644837,female,75-79,2067,0.02552860389289596,0.0010345179606360512,0.014548191437552574,0.00037139501656730027
2019,E07000037,80968,112935,1643,40544,0.040523875295974746,3281.1371349644837,male,75-79,1689,0.020860092876198003,0.000845331802377499,0.014548191437552574,0.00030347662456805527
2019,E07000038,89131,112935,33537,45512,0.7368825804183512,65679.08127526806,female,75-79,2712,0.030427124120676313,0.022421217736753412,0.2969584274139992,0.0090355909296066
2019,E07000038,89131,112935,33537,45512,0.7368825804183512,65679.08127526806,male,75-79,2358,0.026455441989880063,0.019494554359610818,0.2969584274139992,0.007856166449857064
2019,E07000170,109481,112935,379,53079,0.0071403003070894325,781.7272179204582,female,75-79,2664,0.02433298928581215,0.00017374485086988836,0.003355912693142073,8.165938760634706e-05
2019,E07000170,109481,112935,379,53079,0.0071403003070894325,781.7272179204582,male,75-79,2417,0.02207689005398197,0.0001576356248320271,0.003355912693142073,7.408811555726008e-05
2019,E07000171,101564,112935,409,49725,0.008225238813474107,835.3881548516841,female,75-79,2622,0.025816234098696392,0.00021234469072633125,0.003621552220303715,9.349483992001435e-05
2019,E07000171,101564,112935,409,49725,0.008225238813474107,835.3881548516841,male,75-79,2410,0.02372888031192155,0.0001951757073418987,0.003621552220303715,8.593537917896058e-05
2019,E07000172,99261,112935,14,36079,0.00038803736245461345,38.51697663460739,female,75-79,2440,0.02458165845598977,9.538601912022417e-06,0.00012396511267543278,3.0472680602457766e-06
2019,E07000172,99261,112935,14,36079,0.00038803736245461345,38.51697663460739,male,75-79,2184,0.02200259920814821,8.537830563875801e-06,0.00012396511267543278,2.7275546899904816e-06
2019,E07000173,102060,112935,8,39237,0.00020388918622728548,20.80893034635676,female,75-79,2487,0.024368018812463255,4.9683755256443166e-06,7.083720724310446e-05,1.7261623987223275e-06
2019,E07000173,102060,112935,8,39237,0.00020388918622728548,20.80893034635676,male,75-79,2099,0.02056633352929649,4.193253006967197e-06,7.083720724310446e-05,1.456861630445583e-06
2019,E07000174,93328,112935,618,47928,0.012894341512268405,1203.4031046569855,female,75-79,2158,0.023122749871421225,0.00029815263354486565,0.0054721742595298176,0.00012653171665593765
2019,E07000174,93328,112935,618,47928,0.012894341512268405,1203.4031046569855,male,75-79,1842,0.01973684210526316,0.0002544935824789816,0.0054721742595298176,0.00010800343933282536
2019,E07000175,105930,112935,93,52858,0.0017594309281471112,186.37651821862352,female,75-79,2769,0.026139903709997168,4.5991355046156436e-05,0.0008234825342010891,2.152575415088092e-05
2019,E07000175,105930,112935,93,52858,0.0017594309281471112,186.37651821862352,male,75-79,2476,0.02337392617766449,4.11248086292103e-05,0.0008234825342010891,1.9248019963012332e-05
2019,E07000198,86977,112935,107,39260,0.002725420275089149,237.0488792664289,female,75-79,2516,0.028927187647309057,7.88387437152845e-05,0.0009474476468765221,2.740699586719856e-05
2019,E07000198,86977,112935,107,39260,0.002725420275089149,237.0488792664289,male,75-79,2424,0.027869436747645932,7.595592796734881e-05,0.0009474476468765221,2.6404832266331203e-05
2019,E08000018,226232,112935,232,119467,0.0019419588673022675,439.3332384675266,female,75-79,5426,0.0239842285795113,4.657638536538644e-05,0.002054279010050029,4.927029734313209e-05
2019,E08000018,226232,112935,232,119467,0.0019419588673022675,439.3332384675266,male,75-79,4714,0.0208370168676403,4.0464629674240996e-05,0.002054279010050029,4.280504638325187e-05
2019,E08000019,504932,112935,3253,228811,0.014216973834299925,7178.60503210073,female,75-79,9804,0.01941647588190093,0.00027604352956730105,0.028804179395227343,0.0005592756545253795
2019,E08000019,504932,112935,3253,228811,0.014216973834299925,7178.60503210073,male,75-79,8414,0.01666362995413244,0.00023690639104235732,0.028804179395227343,0.00047998218657451474
2019,E06000015,216122,112935,21,102021,0.00020583997412297467,44.48654688740553,female,80-84,3544,0.016398145491898098,3.3753938437170775e-06,0.0001859476690131492,3.0491969303569313e-06
2019,E06000015,216122,112935,21,102021,0.00020583997412297467,44.48654688740553,male,80-84,2771,0.012821461952045605,2.639169396427771e-06,0.0001859476690131492,2.384120963323661e-06
2019,E06000049,332645,112935,17,171600,9.906759906759908e-05,32.95434149184149,female,80-84,6772,0.020358039351260352,2.016822080253065e-06,0.00015052906539159694,3.064476636750573e-06
2019,E06000049,332645,112935,17,171600,9.906759906759908e-05,32.95434149184149,male,80-84,5571,0.01674758376046536,1.6591429133328154e-06,0.00015052906539159694,2.520998131030337e-06
2019,E07000032,112001,112935,3278,50143,0.06537303312526176,7321.8450830624415,female,80-84,2008,0.017928411353470057,0.001172034629293717,0.029025545667862043,0.0005203819224923616
2019,E07000032,112001,112935,3278,50143,0.06537303312526176,7321.8450830624415,male,80-84,1579,0.014098088409924912,0.00092163480062489,0.029025545667862043,0.0004092047089718321
2019,E07000033,69805,112935,16836,35942,0.4684213455010851,32698.15202270324,female,80-84,1196,0.0171334431630972,0.008025670499524358,0.1490769026431133,0.002554200638366357
2019,E07000033,69805,112935,16836,35942,0.4684213455010851,32698.15202270324,male,80-84,911,0.01305064107155648,0.006113198850390209,0.1490769026431133,0.0019455491484546407
2019,E07000034,91312,112935,39438,47406,0.8319200101253006,75964.27996456143,female,80-84,1685,0.018453215349570704,0.015351599100459213,0.3492097224066941,0.006444042209734532
2019,E07000034,91312,112935,39438,47406,0.8319200101253006,75964.27996456143,male,80-84,1283,0.01405072717715087,0.011689081095483186,0.3492097224066941,0.0049066505371450474
2019,E07000035,64625,112935,13005,29602,0.4393284237551517,28391.59938517668,female,80-84,1481,0.022916827852998062,0.010068013858125795,0.11515473502457164,0.0026389812390157155
2019,E07000035,64625,112935,13005,29602,0.4393284237551517,28391.59938517668,male,80-84,1176,0.01819729206963249,0.007994587641563767,0.11515473502457164,0.002095504346443269
2019,E07000036,99829,112935,47,42721,0.0011001615130731958,109.82802368858408,female,80-84,1882,0.01885223732582716,2.0740505941196993e-05,0.00041616859255323864,7.845709074369121e-06
2019,E07000036,99829,112935,47,42721,0.0011001615130731958,109.82802368858408,male,80-84,1436,0.014384597662002025,1.58253807287773e-05,0.00041616859255323864,5.986417763439989e-06
2019,E07000037,80968,112935,1643,40544,0.040523875295974746,3281.1371349644837,female,80-84,1360,0.016796759213516452,0.0006806697757450557,0.014548191437552574,0.00024436246856871234
2019,E07000037,80968,112935,1643,40544,0.040523875295974746,3281.1371349644837,male,80-84,1106,0.013659717419227349,0.000553544685275023,0.014548191437552574,0.0001987241839977911
2019,E07000038,89131,112935,33537,45512,0.7368825804183512,65679.08127526806,female,80-84,1943,0.021799373955189556,0.016063578931604674,0.2969584274139992,0.006473507808342782
2019,E07000038,89131,112935,33537,45512,0.7368825804183512,65679.08127526806,male,80-84,1584,0.017771594619156075,0.013095578501112613,0.2969584274139992,0.005277424790743678
2019,E07000170,109481,112935,379,53079,0.0071403003070894325,781.7272179204582,female,80-84,1853,0.016925311241219942,0.00012085180505326697,0.003355912693142073,5.67998668297902e-05
2019,E07000170,109481,112935,379,53079,0.0071403003070894325,781.7272179204582,male,80-84,1492,0.013627935440852751,9.730755161331585e-05,0.003355912693142073,4.5734161527278464e-05
2019,E07000171,101564,112935,409,49725,0.008225238813474107,835.3881548516841,female,80-84,1915,0.018855106139970854,0.00015508775085466218,0.003621552220303715,6.828475150527365e-05
2019,E07000171,101564,112935,409,49725,0.008225238813474107,835.3881548516841,male,80-84,1535,0.015113622937261234,0.00012431315799577364,0.003621552220303715,5.473477470527157e-05
2019,E07000172,99261,112935,14,36079,0.00038803736245461345,38.51697663460739,female,80-84,1842,0.018557137244234898,7.200862590961185e-06,0.00012396511267543278,2.300437609415049e-06
2019,E07000172,99261,112935,14,36079,0.00038803736245461345,38.51697663460739,male,80-84,1502,0.015131824180695341,5.871713144203962e-06,0.00012396511267543278,1.875818289544736e-06
2019,E07000173,102060,112935,8,39237,0.00020388918622728548,20.80893034635676,female,80-84,2033,0.01991965510484029,4.0614022692540805e-06,7.083720724310446e-05,1.411052736872735e-06
2019,E07000173,102060,112935,8,39237,0.00020388918622728548,20.80893034635676,male,80-84,1584,0.015520282186948854,3.164417705114836e-06,7.083720724310446e-05,1.0994134457483582e-06
2019,E07000174,93328,112935,618,47928,0.012894341512268405,1203.4031046569855,female,80-84,1582,0.016950968626778674,0.00021857157843743158,0.0054721742595298176,9.275865419355577e-05
2019,E07000174,93328,112935,618,47928,0.012894341512268405,1203.4031046569855,male,80-84,1286,0.01377935882050403,0.0001776757584516669,0.0054721742595298176,7.54030526503873e-05
2019,E07000175,105930,112935,93,52858,0.0017594309281471112,186.37651821862352,female,80-84,1998,0.018861512319456243,3.3185528126479074e-05,0.0008234825342010891,1.553212596369089e-05
2019,E07000175,105930,112935,93,52858,0.0017594309281471112,186.37651821862352,male,80-84,1675,0.015812328896441047,2.7820700506432654e-05,0.0008234825342010891,1.3021176671262385e-05
2019,E07000198,86977,112935,107,39260,0.002725420275089149,237.0488792664289,female,80-84,1856,0.02133897467146487,5.8157674219224185e-05,0.0009474476468765221,2.021756133923709e-05
2019,E07000198,86977,112935,107,39260,0.002725420275089149,237.0488792664289,male,80-84,1527,0.017556365475930414,4.784847442497593e-05,0.0009474476468765221,1.663373715787448e-05
2019,E08000018,226232,112935,232,119467,0.0019419588673022675,439.3332384675266,female,80-84,4035,0.01783567311432512,3.4636143558668315e-05,0.002054279010050029,3.663944890887173e-05
2019,E08000018,226232,112935,232,119467,0.0019419588673022675,439.3332384675266,male,80-84,3241,0.01432600162664875,2.7820505891857253e-05,0.002054279010050029,2.9429604439567102e-05
2019,E08000019,504932,112935,3253,228811,0.014216973834299925,7178.60503210073,female,80-84,7970,0.01578430362900351,0.00022440503168618824,0.028804179395227343,0.0004546539133585551
2019,E08000019,504932,112935,3253,228811,0.014216973834299925,7178.60503210073,male,80-84,6071,0.012023401170850729,0.0001709363798452759,0.028804179395227343,0.0003463242042659709
2019,E06000015,216122,112935,21,102021,0.00020583997412297467,44.48654688740553,female,85-89,2421,0.011202006274233995,2.3058206816137257e-06,0.0001859476690131492,2.0829869549644835e-06
2019,E06000015,216122,112935,21,102021,0.00020583997412297467,44.48654688740553,male,85-89,1592,0.00736620982593165,1.5162604399541726e-06,0.0001859476690131492,1.3697295465937455e-06
2019,E06000049,332645,112935,17,171600,9.906759906759908e-05,32.95434149184149,female,85-89,4507,0.013548978640893446,1.3422647837714953e-06,0.00015052906539159694,2.0395150918244e-06
2019,E06000049,332645,112935,17,171600,9.906759906759908e-05,32.95434149184149,male,85-89,2978,0.008952486885418389,8.869013814225678e-07,0.00015052906539159694,1.3476094837925586e-06
2019,E07000032,112001,112935,3278,50143,0.06537303312526176,7321.8450830624415,female,85-89,1265,0.01129454201301774,0.0007383584691516694,0.029025545667862043,0.00032783024499643296
2019,E07000032,112001,112935,3278,50143,0.06537303312526176,7321.8450830624415,male,85-89,843,0.007526718511441863,0.0004920444185730097,0.029025545667862043,0.00021846711188299838
2019,E07000033,69805,112935,16836,35942,0.4684213455010851,32698.15202270324,female,85-89,714,0.010228493660912542,0.004791244763093973,0.1490769026431133,0.0015248321536735605
2019,E07000033,69805,112935,16836,35942,0.4684213455010851,32698.15202270324,male,85-89,470,0.006733042045698732,0.0031539006143615784,0.1490769026431133,0.0010037410535386183
2019,E07000034,91312,112935,39438,47406,0.8319200101253006,75964.27996456143,female,85-89,1121,0.012276590152444368,0.010213141003925685,0.3492097224066941,0.0042871046392358525
2019,E07000034,91312,112935,39438,47406,0.8319200101253006,75964.27996456143,male,85-89,709,0.00776458734886981,0.006459515585890552,0.3492097224066941,0.002711469392701355
2019,E07000035,64625,112935,13005,29602,0.4393284237551517,28391.59938517668,female,85-89,948,0.014669245647969053,0.006444616568199364,0.11515473502457164,0.0016892330956022274
2019,E07000035,64625,112935,13005,29602,0.4393284237551517,28391.59938517668,male,85-89,595,0.00920696324951644,0.004044880651981667,0.11515473502457164,0.001060225413379035
2019,E07000036,99829,112935,47,42721,0.0011001615130731958,109.82802368858408,female,85-89,1278,0.012801891234010158,1.4084148030207095e-05,0.00041616859255323864,5.32774505687765e-06
2019,E07000036,99829,112935,47,42721,0.0011001615130731958,109.82802368858408,male,85-89,807,0.008083823337907822,8.893511314849081e-06,0.00041616859255323864,3.3642333809861216e-06
2019,E07000037,80968,112935,1643,40544,0.040523875295974746,3281.1371349644837,female,85-89,885,0.010930244047030926,0.00044293584671645166,0.014548191437552574,0.0001590152828553753
2019,E07000037,80968,112935,1643,40544,0.040523875295974746,3281.1371349644837,male,85-89,596,0.00736093271415868,0.0002982935193706273,0.014548191437552574,0.00010708825828452394
2019,E07000038,89131,112935,33537,45512,0.7368825804183512,65679.08127526806,female,85-89,1122,0.012588212855235552,0.009276034771621434,0.2969584274139992,0.0037381758934434384
2019,E07000038,89131,112935,33537,45512,0.7368825804183512,65679.08127526806,male,85-89,794,0.008908236191672931,0.006564324071896096,0.2969584274139992,0.0026453758105116666
2019,E07000170,109481,112935,379,53079,0.0071403003070894325,781.7272179204582,female,85-89,1080,0.009864725386140059,7.04371017040088e-05,0.003355912693142073,3.3105157137708264e-05
2019,E07000170,109481,112935,379,53079,0.0071403003070894325,781.7272179204582,male,85-89,718,0.006558215580785707,4.6827628725442874e-05,0.003355912693142073,2.2008798911920865e-05
2019,E07000171,101564,112935,409,49725,0.008225238813474107,835.3881548516841,female,85-89,1239,0.012199204442519002,0.00010034136987411303,0.003621552220303715,4.418005593474363e-05
2019,E07000171,101564,112935,409,49725,0.008225238813474107,835.3881548516841,male,85-89,814,0.008014650860541138,6.59224173345666e-05,0.003621552220303715,2.902547661895183e-05
2019,E07000172,99261,112935,14,36079,0.00038803736245461345,38.51697663460739,female,85-89,1153,0.011615841065473852,4.507380329738462e-06,0.00012396511267543278,1.4399590465013853e-06
2019,E07000172,99261,112935,14,36079,0.00038803736245461345,38.51697663460739,male,85-89,811,0.008170379101560533,3.170412356823844e-06,0.00012396511267543278,1.0128419659259526e-06
2019,E07000173,102060,112935,8,39237,0.00020388918622728548,20.80893034635676,female,85-89,1270,0.012443660591808741,2.5371278317524254e-06,7.083720724310446e-05,8.814741642048073e-07
2019,E07000173,102060,112935,8,39237,0.00020388918622728548,20.80893034635676,male,85-89,823,0.008063883989809915,1.6441387445135798e-06,7.083720724310446e-05,5.712230213705169e-07
2019,E07000174,93328,112935,618,47928,0.012894341512268405,1203.4031046569855,female,85-89,1027,0.011004200240013714,0.00014189191596412275,0.0054721742595298176,6.021690130011489e-05
2019,E07000174,93328,112935,618,47928,0.012894341512268405,1203.4031046569855,male,85-89,652,0.006986113492199554,9.00813332118871e-05,0.0054721742595298176,3.822923042616837e-05
2019,E07000175,105930,112935,93,52858,0.0017594309281471112,186.37651821862352,female,85-89,1248,0.01178136505239309,2.0728498048971922e-05,0.0008234825342010891,9.701748349692811e-06
2019,E07000175,105930,112935,93,52858,0.0017594309281471112,186.37651821862352,male,85-89,825,0.00778816199376947,1.3702733085257875e-05,0.0008234825342010891,6.413415375397889e-06
2019,E07000198,86977,112935,107,39260,0.002725420275089149,237.0488792664289,female,85-89,1102,0.012670016211182269,3.4531119067664364e-05,0.0009474476468765221,1.2004177045172025e-05
2019,E07000198,86977,112935,107,39260,0.002725420275089149,237.0488792664289,male,85-89,771,0.008864412430872529,2.4159249365852285e-05,0.0009474476468765221,8.398566698573167e-06
2019,E08000018,226232,112935,232,119467,0.0019419588673022675,439.3332384675266,female,85-89,2481,0.01096661833869656,2.1296721727151446e-05,0.002054279010050029,2.252849386441406e-05
2019,E08000018,226232,112935,232,119467,0.0019419588673022675,439.3332384675266,male,85-89,1560,0.006895576222638707,1.3390925390711913e-05,0.002054279010050029,1.416543749636676e-05
2019,E08000019,504932,112935,3253,228811,0.014216973834299925,7178.60503210073,female,85-89,5192,0.010282572702859,0.00014618706706583305,0.028804179395227343,0.00029618106877761833
2019,E08000019,504932,112935,3253,228811,0.014216973834299925,7178.60503210073,male,85-89,3247,0.006430568868679346,9.142322934567794e-05,0.028804179395227343,0.00018522725930680402
2019,E06000015,216122,112935,21,102021,0.00020583997412297467,44.48654688740553,female,90+,1674,0.007745625156161799,1.594359281710606e-06,0.0001859476690131492,1.4402809428378955e-06
2019,E06000015,216122,112935,21,102021,0.00020583997412297467,44.48654688740553,male,90+,684,0.003164879096066111,6.514586312365919e-07,0.0001859476690131492,5.88501890621936e-07
2019,E06000049,332645,112935,17,171600,9.906759906759908e-05,32.95434149184149,female,90+,3126,0.009397405642652077,9.309784144818493e-07,0.00015052906539159694,1.4145826884941366e-06
2019,E06000049,332645,112935,17,171600,9.906759906759908e-05,32.95434149184149,male,90+,1493,0.0044882682739857795,4.4464196187504815e-07,0.00015052906539159694,6.756148285098354e-07
2019,E07000032,112001,112935,3278,50143,0.06537303312526176,7321.8450830624415,female,90+,937,0.008365996732172034,0.0005469105814981138,0.029025545667862043,0.00024282762020684398
2019,E07000032,112001,112935,3278,50143,0.06537303312526176,7321.8450830624415,male,90+,384,0.003428540816599852,0.0002241341123748941,0.029025545667862043,9.951526804634803e-05
2019,E07000033,69805,112935,16836,35942,0.4684213455010851,32698.15202270324,female,90+,473,0.006776018909820213,0.00317403189487878,0.1490769026431133,0.0010101479113271627
2019,E07000033,69805,112935,16836,35942,0.4684213455010851,32698.15202270324,male,90+,158,0.00226344817706468,0.0010602474405726158,0.1490769026431133,0.0003374278435300036
2019,E07000034,91312,112935,39438,47406,0.8319200101253006,75964.27996456143,female,90+,782,0.00856404415629928,0.00712459970122202,0.3492097224066941,0.002990647482499944
2019,E07000034,91312,112935,39438,47406,0.8319200101253006,75964.27996456143,male,90+,287,0.003143069914140529,0.002614782754796317,0.3492097224066941,0.0010975905722218461
2019,E07000035,64625,112935,13005,29602,0.4393284237551517,28391.59938517668,female,90+,648,0.010027079303675048,0.004405180945351464,0.11515473502457164,0.0011546656602850669
2019,E07000035,64625,112935,13005,29602,0.4393284237551517,28391.59938517668,male,90+,270,0.004177949709864603,0.0018354920605631094,0.11515473502457164,0.00048111069178544434
2019,E07000036,99829,112935,47,42721,0.0011001615130731958,109.82802368858408,female,90+,852,0.00853459415600677,9.389432020138064e-06,0.00041616859255323864,3.551830037918433e-06
2019,E07000036,99829,112935,47,42721,0.0011001615130731958,109.82802368858408,male,90+,374,0.003746406354866823,4.12165208395732e-06,0.00041616859255323864,1.5591366598374343e-06
2019,E07000037,80968,112935,1643,40544,0.040523875295974746,3281.1371349644837,female,90+,560,0.006916312617330303,0.00028027579001266994,0.014548191437552574,0.00010061983999888155
2019,E07000037,80968,112935,1643,40544,0.040523875295974746,3281.1371349644837,male,90+,233,0.002877680071139216,0.00011661474834455732,0.014548191437552574,4.186504057096322e-05
2019,E07000038,89131,112935,33537,45512,0.7368825804183512,65679.08127526806,female,90+,569,0.006383861955997353,0.0047041566711698716,0.2969584274139992,0.0018957416072810304
2019,E07000038,89131,112935,33537,45512,0.7368825804183512,65679.08127526806,male,90+,362,0.00406143765917582,0.0029928026625017463,0.2969584274139992,0.0012060781403088455
2019,E07000170,109481,112935,379,53079,0.0071403003070894325,781.7272179204582,female,90+,646,0.005900567221709703,4.2131821945175625e-05,0.003355912693142073,1.980178843607365e-05
2019,E07000170,109481,112935,379,53079,0.0071403003070894325,781.7272179204582,male,90+,312,0.002849809555996017,2.0348496047824763e-05,0.003355912693142073,9.56371206200461e-06
2019,E07000171,101564,112935,409,49725,0.008225238813474107,835.3881548516841,female,90+,732,0.007207278169430112,5.9281584138701186e-05,0.003621552220303715,2.6101534256846123e-05
2019,E07000171,101564,112935,409,49725,0.008225238813474107,835.3881548516841,male,90+,370,0.003643023118427789,2.9964735152075733e-05,0.003621552220303715,1.3193398463159922e-05
2019,E07000172,99261,112935,14,36079,0.00038803736245461345,38.51697663460739,female,90+,795,0.008009187898570436,3.1078641475646804e-06,0.00012396511267543278,9.928598802849967e-07
2019,E07000172,99261,112935,14,36079,0.00038803736245461345,38.51697663460739,male,90+,385,0.003878663321949205,1.5050662852986191e-06,0.00012396511267543278,4.808189357355016e-07
2019,E07000173,102060,112935,8,39237,0.00020388918622728548,20.80893034635676,female,90+,647,0.006339408191260043,1.2925367772785978e-06,7.083720724310446e-05,4.4906597184292154e-07
2019,E07000173,102060,112935,8,39237,0.00020388918622728548,20.80893034635676,male,90+,314,0.0030766215951401137,6.272898733624107e-07,7.083720724310446e-05,2.1793928154355088e-07
2019,E07000174,93328,112935,618,47928,0.012894341512268405,1203.4031046569855,female,90+,655,0.007018258186182068,9.049581787390496e-05,0.0054721742595298176,3.8405131793159945e-05
2019,E07000174,93328,112935,618,47928,0.012894341512268405,1203.4031046569855,male,90+,280,0.003000171438367907,3.8685235121669306e-05,0.0054721742595298176,1.6417460919213413e-05
2019,E07000175,105930,112935,93,52858,0.0017594309281471112,186.37651821862352,female,90+,803,0.007580477673935619,1.3337326869650998e-05,0.0008234825342010891,6.24239096538728e-06
2019,E07000175,105930,112935,93,52858,0.0017594309281471112,186.37651821862352,male,90+,378,0.0035683942225998295,6.278343159063608e-06,0.0008234825342010891,2.9385103174550333e-06
2019,E07000198,86977,112935,107,39260,0.002725420275089149,237.0488792664289,female,90+,661,0.007599710268231832,2.0712404449842237e-05,0.0009474476468765221,7.20032761057959e-06
2019,E07000198,86977,112935,107,39260,0.002725420275089149,237.0488792664289,male,90+,315,0.003621647102107453,9.870510441301516e-06,0.0009474476468765221,3.4313210247088816e-06
2019,E08000018,226232,112935,232,119467,0.0019419588673022675,439.3332384675266,female,90+,1603,0.007085646592878108,1.3760034231609741e-05,0.002054279010050029,1.4555895068382e-05
2019,E08000018,226232,112935,232,119467,0.0019419588673022675,439.3332384675266,male,90+,644,0.002846635312422645,5.528048686934917e-06,0.002054279010050029,5.847783171577047e-06
2019,E08000019,504932,112935,3253,228811,0.014216973834299925,7178.60503210073,female,90+,3017,0.005975061988544992,8.494729994946423e-05,0.028804179395227343,0.00017210675741565376
2019,E08000019,504932,112935,3253,228811,0.014216973834299925,7178.60503210073,male,90+,1667,0.003301434648625953,4.693641001516635e-05,0.028804179395227343,9.509511588064132e-05
