year,ltla,ppln_ltla,total_trust_patients,patients_from_ltla_to_trust,total_patients_of_ltla,tfp_ltla,etc_ltla,sex,ag,ags_ppln_ltla,agsf_ppln_ltla,tfp_ltla_ags,ltla_frac_tp,ags_ltla_frac_tp
2018,E06000006,108888,127774,70,70096,0.0009986304496690252,108.73887240356082,female,12-15,3012,0.027661450297553448,2.762356654914319e-05,0.0005478422840327453,1.5154112110669944e-05
2018,E06000006,108888,127774,70,70096,0.0009986304496690252,108.73887240356082,male,12-15,3172,0.02913085004775549,2.909095388243101e-05,0.0005478422840327453,1.5959111425977776e-05
2018,E06000007,179445,127774,935,96349,0.009704304144308711,1741.3888571754767,female,12-15,4662,0.025980105324751316,0.000252118843772561,0.007317607651008812,0.00019011221749841502
2018,E06000007,179445,127774,935,96349,0.009704304144308711,1741.3888571754767,male,12-15,4927,0.027456880938449106,0.0002664499234807825,0.007317607651008812,0.0002009186820280332
2018,E06000008,122793,127774,419,67159,0.006238925534924582,766.0963832099942,female,12-15,4064,0.033096349140423316,0.00020648565776496629,0.0032792273858531468,0.00010853045447303339
2018,E06000008,122793,127774,419,67159,0.006238925534924582,766.0963832099942,male,12-15,4278,0.03483911949378222,0.00021735867222404668,0.0032792273858531468,0.00011424539474302086
2018,E06000009,119403,127774,118,72262,0.0016329467770058953,194.97874401483492,female,12-15,2961,0.024798371900203512,4.0494421469430884e-05,0.0009235055645123421,2.2901434440684446e-05
2018,E06000009,119403,127774,118,72262,0.0016329467770058953,194.97874401483492,male,12-15,3100,0.025962496754687904,4.239537539859363e-05,0.0009235055645123421,2.3976510221587902e-05
2018,E06000049,329432,127774,3062,171737,0.017829588265778486,5873.636921571939,female,12-15,8361,0.02538004808276063,0.0004525158074812827,0.023964186767260944,0.0006082122124173388
2018,E06000049,329432,127774,3062,171737,0.017829588265778486,5873.636921571939,male,12-15,8667,0.026308919594939167,0.00046907720409523706,0.023964186767260944,0.0006304718628179734
2018,E06000050,294284,127774,851,156247,0.005446504572887799,1602.8191517277132,female,12-15,7297,0.024795775509371898,0.00013505030470009334,0.006660196910169518,0.0001651447474327757
2018,E06000050,294284,127774,851,156247,0.005446504572887799,1602.8191517277132,male,12-15,7533,0.025597721928477254,0.00013941810953896165,0.006660196910169518,0.00017048586849542272
2018,E06000051,281288,127774,9,131591,6.839373513386174e-05,19.2383369683337,female,12-15,6948,0.024700662666022014,1.6893705800107767e-06,7.043686508992439e-05,1.7398372438383248e-06
2018,E06000051,281288,127774,9,131591,6.839373513386174e-05,19.2383369683337,male,12-15,6922,0.024608230710161827,1.6830488133037703e-06,7.043686508992439e-05,1.733326626633403e-06
2018,E07000027,58239,127774,90,33527,0.0026844036149968682,156.33698213380262,female,12-15,1377,0.02364394993045897,6.346990466612901e-05,0.0007043686508992439,1.665405711444666e-05
2018,E07000027,58239,127774,90,33527,0.0026844036149968682,156.33698213380262,male,12-15,1488,0.025549889249472005,6.858621506405227e-05,0.0007043686508992439,1.799654102127569e-05
2018,E07000029,59709,127774,34,31471,0.0010803596962282737,64.507197102094,female,12-15,1388,0.023246076805841665,2.511412447645822e-05,0.0002660948236730477,6.185660708740562e-06
2018,E07000029,59709,127774,34,31471,0.0010803596962282737,64.507197102094,male,12-15,1471,0.02463615200388551,2.6615905695151328e-05,0.0002660948236730477,6.555552523456316e-06
2018,E07000031,93447,127774,110,47227,0.002329176106888009,217.65451966036377,female,12-15,2142,0.022922084176057015,5.3389570782947714e-05,0.0008608950177657426,1.9733508063974452e-05
2018,E07000031,93447,127774,110,47227,0.002329176106888009,217.65451966036377,male,12-15,2210,0.023649769387995335,5.508447779193018e-05,0.0008608950177657426,2.035996863743396e-05
2018,E07000037,80519,127774,957,41221,0.02321632177773465,1869.3550132214161,female,12-15,1953,0.024255144748444465,0.0005631152452454175,0.007489786654561961,0.000181665859441368
2018,E07000037,80519,127774,957,41221,0.02321632177773465,1869.3550132214161,male,12-15,2041,0.025348054496454255,0.0005884885896292356,0.007489786654561961,0.00018985152028665238
2018,E07000117,74178,127774,241,43299,0.005565948405274948,412.8709208064851,female,12-15,2019,0.027218312707271698,0.00015149572420731377,0.0018861427207413088,5.133762238368118e-05
2018,E07000117,74178,127774,241,43299,0.005565948405274948,412.8709208064851,male,12-15,2180,0.029388767559114563,0.00016357636392864985,0.0018861427207413088,5.5431410003182255e-05
2018,E07000118,100527,127774,304,47400,0.006413502109704641,644.7301265822784,female,12-15,2528,0.025147472818247835,0.0001612833699735726,0.0023792007763707794,5.9830886852938324e-05
2018,E07000118,100527,127774,304,47400,0.006413502109704641,644.7301265822784,male,12-15,2745,0.027306096869497747,0.00017512770988032308,0.0023792007763707794,6.496668687156475e-05
2018,E07000119,70586,127774,118,37683,0.003131385505400313,221.0319772841865,female,12-15,1634,0.02314906638710226,7.24886509481216e-05,0.0009235055645123421,2.1378291621754554e-05
2018,E07000119,70586,127774,118,37683,0.003131385505400313,221.0319772841865,male,12-15,1654,0.02343240869294194,7.337590493769469e-05,0.0009235055645123421,2.163995981785926e-05
2018,E07000120,67922,127774,211,38567,0.005470998522052532,371.60116161485206,female,12-15,1826,0.026883778451753482,0.000147081112176731,0.001651353170441561,4.439461277975163e-05
2018,E07000120,67922,127774,211,38567,0.005470998522052532,371.60116161485206,male,12-15,2122,0.031241718441742,0.0001709233954211518,0.001651353170441561,5.1591110798813234e-05
2018,E07000121,125761,127774,234,61595,0.00379900965987499,477.7672538355386,female,12-15,2746,0.02183506810537448,8.295163465634595e-05,0.0018313584923380344,3.998783740555691e-05
2018,E07000121,125761,127774,234,61595,0.00379900965987499,477.7672538355386,male,12-15,3015,0.02397404600790388,9.107763237031428e-05,0.0018313584923380344,4.3905072752277524e-05
2018,E07000122,76432,127774,166,43852,0.0037854601842561343,289.3302928030649,female,12-15,2136,0.02794640988067825,0.00010579002189620974,0.001299168844991939,3.630710504635207e-05
2018,E07000122,76432,127774,166,43852,0.0037854601842561343,289.3302928030649,male,12-15,2157,0.02822116391040402,0.00010683009233620057,0.001299168844991939,3.666405692180778e-05
2018,E07000123,119604,127774,224,58635,0.003820243881640658,456.91644921974927,female,12-15,3159,0.0264121601284238,0.00010090089313152436,0.001753095308904785,4.630303401918177e-05
2018,E07000123,119604,127774,224,58635,0.003820243881640658,456.91644921974927,male,12-15,3376,0.02822648071970837,0.00010783204026971391,0.001753095308904785,4.9483710936612105e-05
2018,E07000124,52725,127774,129,24077,0.0053578103584333596,282.4905511483989,female,12-15,1446,0.027425320056899006,0.00014693966388420367,0.0010095950662889163,2.7688467820839697e-05
2018,E07000124,52725,127774,129,24077,0.0053578103584333596,282.4905511483989,male,12-15,1524,0.028904694167852064,0.0001548658698198661,0.0010095950662889163,2.9182036624453456e-05
2018,E07000125,60391,127774,569,32779,0.01735867476128009,1048.3077275084659,female,12-15,1636,0.02709012932390588,0.00047024874417469863,0.004453175137351887,0.00012063709037286494
2018,E07000125,60391,127774,569,32779,0.01735867476128009,1048.3077275084659,male,12-15,1766,0.02924276796211356,0.0005076156981739106,0.004453175137351887,0.0001302231672362344
2018,E07000126,95216,127774,192,44872,0.004278837582456766,407.4137992512034,female,12-15,2465,0.025888506133422955,0.00011077271299735264,0.0015026531219183871,3.890144456319132e-05
2018,E07000126,95216,127774,192,44872,0.004278837582456766,407.4137992512034,male,12-15,2456,0.025793984204335405,0.00011036826901480651,0.0015026531219183871,3.875941089135816e-05
2018,E07000127,99344,127774,178,52870,0.003366748628711935,334.4662757707585,female,12-15,2391,0.02406788532775004,8.103051992319854e-05,0.0013930846651118382,3.3528601971758785e-05
2018,E07000127,99344,127774,178,52870,0.003366748628711935,334.4662757707585,male,12-15,2641,0.02658439362216138,8.950297077255014e-05,0.0013930846651118382,3.703431108632997e-05
2018,E07000128,98293,127774,127,52682,0.0024106905584450095,236.95400706123533,female,12-15,2228,0.022666924399499456,5.4642940638860154e-05,0.0009939424296022666,2.2529617909249386e-05
2018,E07000128,98293,127774,127,52682,0.0024106905584450095,236.95400706123533,male,12-15,2449,0.024915304243435445,6.0063088700434703e-05,0.0009939424296022666,2.476437803399989e-05
2018,E07000195,113762,127774,11,52219,0.00021065129550546736,23.964112679292978,female,12-15,2656,0.02334698757054201,4.918073177884718e-06,8.608950177657427e-05,2.0099305279318335e-06
2018,E07000195,113762,127774,11,52219,0.00021065129550546736,23.964112679292978,male,12-15,2756,0.02422601571702326,5.1032415957267635e-06,8.608950177657427e-05,2.08560562310999e-06
2018,E07000198,86796,127774,58,39191,0.001479931616952872,128.45214462504148,female,12-15,2089,0.024067929397668095,3.5618889670198504e-05,0.00045392646391284613,1.0925070085187514e-05
2018,E07000198,86796,127774,58,39191,0.001479931616952872,128.45214462504148,male,12-15,2151,0.024782248029863126,3.667603239856246e-05,0.00045392646391284613,1.1249318216006866e-05
2018,E08000001,238491,127774,7245,124929,0.05799293998991427,13830.794251134645,female,12-15,6729,0.02821490119123992,0.0016362650716049373,0.05670167639738914,0.0015998321969299953
2018,E08000001,238491,127774,7245,124929,0.05799293998991427,13830.794251134645,male,12-15,7301,0.03061331454855739,0.001775356113506858,0.05670167639738914,0.0017358262549837862
2018,E08000002,160514,127774,7289,87589,0.08321821233259884,13357.68813435477,female,12-15,4386,0.027324719339123067,0.0022739142958918134,0.05704603440449544,0.0015587668795127964
2018,E08000002,160514,127774,7289,87589,0.08321821233259884,13357.68813435477,male,12-15,4845,0.03018428299089176,0.002511882071043282,0.05704603440449544,0.0017218936459734379
2018,E08000003,460111,127774,9067,247549,0.03662709201006669,16852.527931843793,female,12-15,11601,0.025213481094779302,0.0009234964919525585,0.07096122841892717,0.001789179591202936
2018,E08000003,460111,127774,9067,247549,0.03662709201006669,16852.527931843793,male,12-15,11949,0.025969820325964822,0.0009511989985640137,0.07096122841892717,0.0018428503521492874
2018,E08000004,195007,127774,3752,97962,0.03830056552540781,7468.8783814132,female,12-15,6062,0.03108606357720492,0.0011906138149657302,0.029364346424155148,0.0009128219398443569
2018,E08000004,195007,127774,3752,97962,0.03830056552540781,7468.8783814132,male,12-15,6556,0.03361930597363172,0.0012876384313618159,0.029364346424155148,0.0009872089471493904
2018,E08000005,183414,127774,3847,95839,0.040140235186093345,7362.281096422125,female,12-15,5319,0.02899996728712094,0.0011640655072940478,0.030107846666771017,0.0008731265684220127
2018,E08000005,183414,127774,3847,95839,0.040140235186093345,7362.281096422125,male,12-15,5542,0.030215795958869005,0.0012128691561240107,0.030107846666771017,0.0009097325516440674
2018,E08000006,213831,127774,63221,120639,0.5240510945879856,112058.36960684355,female,12-15,5326,0.024907520425008534,0.01305281334219833,0.4947876719833456,0.012323934045967603
2018,E08000006,213831,127774,63221,120639,0.5240510945879856,112058.36960684355,male,12-15,5592,0.02615149346914152,0.01370471877761417,0.4947876719833456,0.0129394365724842
2018,E08000007,248365,127774,3275,141232,0.023188795740342133,5759.2852540500735,female,12-15,6409,0.02580476315100759,0.0005983813818366225,0.025631192574389155,0.0006614068536599766
2018,E08000007,248365,127774,3275,141232,0.023188795740342133,5759.2852540500735,male,12-15,6973,0.02807561451895396,0.0006510396903646073,0.025631192574389155,0.0007196114823796251
2018,E08000008,190138,127774,3271,114776,0.028498989335749635,5418.740834320764,female,12-15,5107,0.026859438933827008,0.0007654668637393545,0.025599887301015856,0.0006875986096744889
2018,E08000008,190138,127774,3271,114776,0.028498989335749635,5418.740834320764,male,12-15,5126,0.026959366354963238,0.0007683146942486648,0.025599887301015856,0.0006901567403938575
2018,E08000009,198239,127774,9000,118072,0.07622467646859543,15110.70363845789,female,12-15,6030,0.030417828984205933,0.002318589173198162,0.0704368650899244,0.0021425365164889055
2018,E08000009,198239,127774,9000,118072,0.07622467646859543,15110.70363845789,male,12-15,6324,0.03190088731278911,0.0024316348144784706,0.0704368650899244,0.0022469984958998074
2018,E08000010,279767,127774,8099,150594,0.05378036309547525,15045.970842131825,female,12-15,7240,0.025878677613871543,0.0013917646785047586,0.06338535226258864,0.0016403290966452144
2018,E08000010,279767,127774,8099,150594,0.05378036309547525,15045.970842131825,male,12-15,7682,0.02745856373339243,0.0014767315276620933,0.06338535226258864,0.0017404707348658201
2018,E08000012,427379,127774,8,235300,3.399915002124947e-05,14.530522736931577,female,12-15,8925,0.020883103755682895,7.10007777498781e-07,6.261054674659946e-05,1.3075025439092708e-06
2018,E08000012,427379,127774,8,235300,3.399915002124947e-05,14.530522736931577,male,12-15,9416,0.02203196694269021,7.490681493477335e-07,6.261054674659946e-05,1.3794334961848396e-06
2018,E08000013,154790,127774,210,91513,0.0022947559363150592,355.205271382208,female,12-15,3779,0.024413721816654823,5.6023533066313125e-05,0.001643526852098236,4.012460736532872e-05
2018,E08000013,154790,127774,210,91513,0.0022947559363150592,355.205271382208,male,12-15,3992,0.025789779701531106,5.9181250066346124e-05,0.001643526852098236,4.23861954491644e-05
2018,E08000033,178791,127774,50,88593,0.0005643786755161243,100.90582777420337,female,12-15,4942,0.02764121236527566,1.5600110824374193e-05,0.00039131591716624664,1.0816446368304843e-05
2018,E08000033,178791,127774,50,88593,0.0005643786755161243,100.90582777420337,male,12-15,5035,0.028161372776034588,1.5893678268054242e-05,0.00039131591716624664,1.1019993416514544e-05
2018,E08000034,370482,127774,14,169882,8.241014351137849e-05,30.531474788382525,female,12-15,10560,0.028503409072505547,2.3489700322287095e-06,0.00010956845680654907,3.123074545800223e-06
2018,E08000034,370482,127774,14,169882,8.241014351137849e-05,30.531474788382525,male,12-15,11014,0.02972883972770607,2.4499579483870273e-06,0.00010956845680654907,3.2573430916139823e-06
2018,E08000035,670103,127774,9,291326,3.0893226145280545e-05,20.70164351963093,female,12-15,16235,0.02422761873920875,7.484693046720126e-07,7.043686508992439e-05,1.7065175125837708e-06
2018,E08000035,670103,127774,9,291326,3.0893226145280545e-05,20.70164351963093,male,12-15,17032,0.025416988134659896,7.852127623759605e-07,7.043686508992439e-05,1.7902929642332482e-06
2018,E06000006,108888,127774,70,70096,0.0009986304496690252,108.73887240356082,female,16-17,1477,0.013564396444052605,1.3545819320413179e-05,0.0005478422840327453,7.431149929435428e-06
2018,E06000006,108888,127774,70,70096,0.0009986304496690252,108.73887240356082,male,16-17,1412,0.012967452795533024,1.2949693216265003e-05,0.0005478422840327453,7.104118957591621e-06
2018,E06000007,179445,127774,935,96349,0.009704304144308711,1741.3888571754767,female,16-17,2289,0.01275599765944997,0.00012378808095139256,0.007317607651008812,9.334338606904161e-05
2018,E06000007,179445,127774,935,96349,0.009704304144308711,1741.3888571754767,male,16-17,2504,0.013954136364902895,0.00013541518335617606,0.007317607651008812,0.00010211089502703373
2018,E06000008,122793,127774,419,67159,0.006238925534924582,766.0963832099942,female,16-17,1982,0.016140985235314716,0.00010070240494344565,0.0032792273858531468,5.2929960818295315e-05
2018,E06000008,122793,127774,419,67159,0.006238925534924582,766.0963832099942,male,16-17,2008,0.016352723689461127,0.00010202342539174515,0.0032792273858531468,5.362429935577044e-05
2018,E06000009,119403,127774,118,72262,0.0016329467770058953,194.97874401483492,female,16-17,1449,0.012135373483078315,1.981641901695554e-05,0.0009235055645123421,1.1207084939058347e-05
2018,E06000009,119403,127774,118,72262,0.0016329467770058953,194.97874401483492,male,16-17,1492,0.012495498438062694,2.0404483901516676e-05,0.0009235055645123421,1.1539662338906176e-05
2018,E06000049,329432,127774,3062,171737,0.017829588265778486,5873.636921571939,female,16-17,4032,0.012239248160470142,0.00021822075538386937,0.023964186767260944,0.0002933036288083614
2018,E06000049,329432,127774,3062,171737,0.017829588265778486,5873.636921571939,male,16-17,4105,0.012460841691153258,0.0002221716767983095,0.023964186767260944,0.0002986139375640684
2018,E06000050,294284,127774,851,156247,0.005446504572887799,1602.8191517277132,female,16-17,3410,0.011587446140462955,6.311107839212256e-05,0.006660196910169518,7.717467298146708e-05
2018,E06000050,294284,127774,851,156247,0.005446504572887799,1602.8191517277132,male,16-17,3596,0.012219488657215479,6.65535008498747e-05,0.006660196910169518,8.138420059863801e-05
2018,E06000051,281288,127774,9,131591,6.839373513386174e-05,19.2383369683337,female,16-17,3456,0.012286339978953955,8.403086822851532e-07,7.043686508992439e-05,8.654112715465242e-07
2018,E06000051,281288,127774,9,131591,6.839373513386174e-05,19.2383369683337,male,16-17,3527,0.01253875031995677,8.575719682927475e-07,7.043686508992439e-05,8.831902646830413e-07
2018,E07000027,58239,127774,90,33527,0.0026844036149968682,156.33698213380262,female,16-17,726,0.01246587338381497,3.346343557560615e-05,0.0007043686508992439,8.780570417638543e-06
2018,E07000027,58239,127774,90,33527,0.0026844036149968682,156.33698213380262,male,16-17,760,0.013049674616665808,3.503059371551057e-05,0.0007043686508992439,9.191781704415003e-06
2018,E07000029,59709,127774,34,31471,0.0010803596962282737,64.507197102094,female,16-17,662,0.011087105796446096,1.1978062250299238e-05,0.0002660948236730477,2.950221461949749e-06
2018,E07000029,59709,127774,34,31471,0.0010803596962282737,64.507197102094,male,16-17,696,0.011656534190825504,1.2593249737474728e-05,0.0002660948236730477,3.1017434101465647e-06
2018,E07000031,93447,127774,110,47227,0.002329176106888009,217.65451966036377,female,16-17,1065,0.011396834569328069,2.654523477303423e-05,0.0008608950177657426,9.811478099034918e-06
2018,E07000031,93447,127774,110,47227,0.002329176106888009,217.65451966036377,male,16-17,1201,0.012852204993204705,2.9935048790999165e-05,0.0008608950177657426,1.106439924595393e-05
2018,E07000037,80519,127774,957,41221,0.02321632177773465,1869.3550132214161,female,16-17,988,0.012270395807200785,0.0002848734574001395,0.007489786654561961,9.190264676296548e-05
2018,E07000037,80519,127774,957,41221,0.02321632177773465,1869.3550132214161,male,16-17,947,0.011761199220059861,0.00027305178558495154,0.007489786654561961,8.80888729600489e-05
2018,E07000117,74178,127774,241,43299,0.005565948405274948,412.8709208064851,female,16-17,926,0.012483485669605544,6.948243715501364e-05,0.0018861427207413088,2.3545635625204938e-05
2018,E07000117,74178,127774,241,43299,0.005565948405274948,412.8709208064851,male,16-17,1014,0.013669821240799159,7.60855197356197e-05,0.0018861427207413088,2.578323382716826e-05
2018,E07000118,100527,127774,304,47400,0.006413502109704641,644.7301265822784,female,16-17,1126,0.01120097088344425,7.183745039170995e-05,0.0023792007763707794,2.6649358621997053e-05
2018,E07000118,100527,127774,304,47400,0.006413502109704641,644.7301265822784,male,16-17,1287,0.01280253066340386,8.210905741929902e-05,0.0023792007763707794,3.0459790893881176e-05
2018,E07000119,70586,127774,118,37683,0.003131385505400313,221.0319772841865,female,16-17,777,0.01100784858187176,3.446981749491462e-05,0.0009235055645123421,1.0165809418667864e-05
2018,E07000119,70586,127774,118,37683,0.003131385505400313,221.0319772841865,male,16-17,857,0.0121412178052305,3.801883345320699e-05,0.0009235055645123421,1.1212482203086692e-05
2018,E07000120,67922,127774,211,38567,0.005470998522052532,371.60116161485206,female,16-17,898,0.013221047672330026,7.233233227530364e-05,0.001651353170441561,2.183261899026121e-05
2018,E07000120,67922,127774,211,38567,0.005470998522052532,371.60116161485206,male,16-17,959,0.014119136656753335,7.724577578175522e-05,0.001651353170441561,2.331568108202728e-05
2018,E07000121,125761,127774,234,61595,0.00379900965987499,477.7672538355386,female,16-17,1399,0.01112427541129603,4.2261229746623446e-05,0.0018313584923380344,2.0372536245584166e-05
2018,E07000121,125761,127774,234,61595,0.00379900965987499,477.7672538355386,male,16-17,1554,0.012356771972233045,4.694349608738587e-05,0.0018313584923380344,2.262967928923359e-05
2018,E07000122,76432,127774,166,43852,0.0037854601842561343,289.3302928030649,female,16-17,1127,0.014745132928616286,5.5817113612840996e-05,0.001299168844991939,1.9156417316123025e-05
2018,E07000122,76432,127774,166,43852,0.0037854601842561343,289.3302928030649,male,16-17,1103,0.014431128323215407,5.4628461681422916e-05,0.001299168844991939,1.8748472315602218e-05
2018,E07000123,119604,127774,224,58635,0.003820243881640658,456.91644921974927,female,16-17,1495,0.01249958195378081,4.7751451481997124e-05,0.001753095308904785,2.1912958486444046e-05
2018,E07000123,119604,127774,224,58635,0.003820243881640658,456.91644921974927,male,16-17,1539,0.012867462626668004,4.915684537176827e-05,0.001753095308904785,2.255788836831932e-05
2018,E07000124,52725,127774,129,24077,0.0053578103584333596,282.4905511483989,female,16-17,737,0.01397818871503082,7.489248428952842e-05,0.0010095950662889163,1.4112310362350521e-05
2018,E07000124,52725,127774,129,24077,0.0053578103584333596,282.4905511483989,male,16-17,767,0.014547178757705073,7.794102503401397e-05,0.0010095950662889163,1.4686759902201968e-05
2018,E07000125,60391,127774,569,32779,0.01735867476128009,1048.3077275084659,female,16-17,783,0.01296550810551241,0.00022506403831833068,0.004453175137351887,5.773767833860223e-05
2018,E07000125,60391,127774,569,32779,0.01735867476128009,1048.3077275084659,male,16-17,810,0.013412594591909391,0.00023282486722585937,0.004453175137351887,5.972863276407128e-05
2018,E07000126,95216,127774,192,44872,0.004278837582456766,407.4137992512034,female,16-17,1192,0.012518904385817509,5.356635857721879e-05,0.0015026531219183871,1.881157075834647e-05
2018,E07000126,95216,127774,192,44872,0.004278837582456766,407.4137992512034,male,16-17,1230,0.012917996975298269,5.527401094796905e-05,0.0015026531219183871,1.9411268483864224e-05
2018,E07000127,99344,127774,178,52870,0.003366748628711935,334.4662757707585,female,16-17,1140,0.011475277822515704,3.8634375873043224e-05,0.0013930846651118382,1.5986033562444594e-05
2018,E07000127,99344,127774,178,52870,0.003366748628711935,334.4662757707585,male,16-17,1321,0.013297229827669512,4.476843028797377e-05,0.0013930846651118382,1.8524166961394126e-05
2018,E07000128,98293,127774,127,52682,0.0024106905584450095,236.95400706123533,female,16-17,1096,0.011150336239610145,2.6880010296315406e-05,0.0009939424296022666,1.1082792292880308e-05
2018,E07000128,98293,127774,127,52682,0.0024106905584450095,236.95400706123533,male,16-17,1217,0.012381349638326229,2.9847602673919573e-05,0.0009939424296022666,1.2306348741273116e-05
2018,E07000195,113762,127774,11,52219,0.00021065129550546736,23.964112679292978,female,16-17,1220,0.010724143387071254,2.2590546976729503e-06,8.608950177657427e-05,9.232361611735078e-07
2018,E07000195,113762,127774,11,52219,0.00021065129550546736,23.964112679292978,male,16-17,1253,0.011014222675410067,2.3201602755608254e-06,8.608950177657427e-05,9.482089425822995e-07
2018,E07000198,86796,127774,58,39191,0.001479931616952872,128.45214462504148,female,16-17,1003,0.011555832065993825,1.7101841234662087e-05,0.00045392646391284613,5.245497987287256e-06
2018,E07000198,86796,127774,58,39191,0.001479931616952872,128.45214462504148,male,16-17,1145,0.013191852159085672,1.9523039096398895e-05,0.00045392646391284613,5.988130803034804e-06
2018,E08000001,238491,127774,7245,124929,0.05799293998991427,13830.794251134645,female,16-17,3213,0.013472206498358428,0.0007812928629910334,0.05670167639738914,0.0007638966932287227
2018,E08000001,238491,127774,7245,124929,0.05799293998991427,13830.794251134645,male,16-17,3546,0.01486848560323031,0.0008622671933290396,0.05670167639738914,0.0008430680591936043
2018,E08000002,160514,127774,7289,87589,0.08321821233259884,13357.68813435477,female,16-17,2120,0.013207570679193092,0.0010991104211788975,0.05704603440449544,0.0007534395313650543
2018,E08000002,160514,127774,7289,87589,0.08321821233259884,13357.68813435477,male,16-17,2197,0.013687279614239257,0.001139030941193414,0.05704603440449544,0.0007808050237778418
2018,E08000003,460111,127774,9067,247549,0.03662709201006669,16852.527931843793,female,16-17,5282,0.011479838560695137,0.00042047310322329237,0.07096122841892717,0.0008146234463178957
2018,E08000003,460111,127774,9067,247549,0.03662709201006669,16852.527931843793,male,16-17,5614,0.012201403574354884,0.00044690193136985297,0.07096122841892717,0.0008658265860713114
2018,E08000004,195007,127774,3752,97962,0.03830056552540781,7468.8783814132,female,16-17,2956,0.015158430210197582,0.0005805764495279938,0.029364346424155148,0.00044511739593862073
2018,E08000004,195007,127774,3752,97962,0.03830056552540781,7468.8783814132,male,16-17,3226,0.016542995892455142,0.0006336060981655304,0.029364346424155148,0.00048577426227942844
2018,E08000005,183414,127774,3847,95839,0.040140235186093345,7362.281096422125,female,16-17,2459,0.013406828268289225,0.0005381532397886941,0.030107846666771017,0.0004036507297893832
2018,E08000005,183414,127774,3847,95839,0.040140235186093345,7362.281096422125,male,16-17,2782,0.015167871591045394,0.000608841932937026,0.030107846666771017,0.0004566719521244669
2018,E08000006,213831,127774,63221,120639,0.5240510945879856,112058.36960684355,female,16-17,2490,0.01164471007477868,0.006102423060847511,0.4947876719833456,0.005761658988820754
2018,E08000006,213831,127774,63221,120639,0.5240510945879856,112058.36960684355,male,16-17,2581,0.012070279800403122,0.006325443341384508,0.4947876719833456,0.005972225642629062
2018,E08000007,248365,127774,3275,141232,0.023188795740342133,5759.2852540500735,female,16-17,3033,0.012211865601030741,0.00028317845703081226,0.025631192574389155,0.0003130046789125775
2018,E08000007,248365,127774,3275,141232,0.023188795740342133,5759.2852540500735,male,16-17,3316,0.013351317617216597,0.0003096009770900671,0.025631192574389155,0.00034221019296871313
2018,E08000008,190138,127774,3271,114776,0.028498989335749635,5418.740834320764,female,16-17,2465,0.012964268057936866,0.00036946853712894236,0.025599887301015856,0.00033188380122334347
2018,E08000008,190138,127774,3271,114776,0.028498989335749635,5418.740834320764,male,16-17,2466,0.012969527395891405,0.00036961842294522187,0.025599887301015856,0.0003320184396822576
2018,E08000009,198239,127774,9000,118072,0.07622467646859543,15110.70363845789,female,16-17,2805,0.014149587114543557,0.0010785476999702894,0.0704368650899244,0.0009966525586652371
2018,E08000009,198239,127774,9000,118072,0.07622467646859543,15110.70363845789,male,16-17,2797,0.014109231785874626,0.0010754716280987162,0.0704368650899244,0.000993810055824124
2018,E08000010,279767,127774,8099,150594,0.05378036309547525,15045.970842131825,female,16-17,3465,0.012385306344207859,0.0006660862722401918,0.06338535226258864,0.000785047005507689
2018,E08000010,279767,127774,8099,150594,0.05378036309547525,15045.970842131825,male,16-17,3680,0.013153802986056253,0.0007074163006764518,0.06338535226258864,0.0008337584358638659
2018,E08000012,427379,127774,8,235300,3.399915002124947e-05,14.530522736931577,female,16-17,4432,0.010370186649320627,3.5257753163861037e-07,6.261054674659946e-05,6.492830559782508e-07
2018,E08000012,427379,127774,8,235300,3.399915002124947e-05,14.530522736931577,male,16-17,4694,0.01098322566153227,3.7342033698367256e-07,6.261054674659946e-05,6.87665763709817e-07
2018,E08000013,154790,127774,210,91513,0.0022947559363150592,355.205271382208,female,16-17,1817,0.011738484398216939,2.6936956756150025e-05,0.001643526852098236,1.929251431140574e-05
2018,E08000013,154790,127774,210,91513,0.0022947559363150592,355.205271382208,male,16-17,1938,0.012520188642677175,2.873077721156783e-05,0.001643526852098236,2.0577266227575304e-05
2018,E08000033,178791,127774,50,88593,0.0005643786755161243,100.90582777420337,female,16-17,2349,0.013138245213685253,7.414945432305743e-06,0.00039131591716624664,5.1412044757482946e-06
2018,E08000033,178791,127774,50,88593,0.0005643786755161243,100.90582777420337,male,16-17,2404,0.013445866961983546,7.5885605871702874e-06,0.00039131591716624664,5.261581762323925e-06
2018,E08000034,370482,127774,14,169882,8.241014351137849e-05,30.531474788382525,female,16-17,5083,0.013719964802608493,1.1306642683540276e-06,0.00010956845680654907,1.5032753708619821e-06
2018,E08000034,370482,127774,14,169882,8.241014351137849e-05,30.531474788382525,male,16-17,5272,0.014230111044531178,1.1727054933626664e-06,0.00010956845680654907,1.5591713073351113e-06
2018,E08000035,670103,127774,9,291326,3.0893226145280545e-05,20.70164351963093,female,16-17,7717,0.011516140056080931,3.5577071907323196e-07,7.043686508992439e-05,8.111608034868469e-07
2018,E08000035,670103,127774,9,291326,3.0893226145280545e-05,20.70164351963093,male,16-17,8101,0.012089186289271948,3.7347396594690327e-07,7.043686508992439e-05,8.515243837044119e-07
2018,E06000006,108888,127774,70,70096,0.0009986304496690252,108.73887240356082,female,18-24,4761,0.04372382631694953,4.366394433614567e-05,0.0005478422840327453,2.395376087612869e-05
2018,E06000006,108888,127774,70,70096,0.0009986304496690252,108.73887240356082,male,18-24,5025,0.04614833590478289,4.6085133436070566e-05,0.0005478422840327453,2.528200974638661e-05
2018,E06000007,179445,127774,935,96349,0.009704304144308711,1741.3888571754767,female,18-24,7023,0.03913734013207389,0.0003798006520409043,0.007317607651008812,0.00028639169959059817
2018,E06000007,179445,127774,935,96349,0.009704304144308711,1741.3888571754767,male,18-24,7898,0.04401348602635905,0.0004271202548510697,0.007317607651008812,0.00032207342209405446
2018,E06000008,122793,127774,419,67159,0.006238925534924582,766.0963832099942,female,18-24,6062,0.049367634962905055,0.00030800099836890394,0.0032792273858531468,0.00016188770054515955
2018,E06000008,122793,127774,419,67159,0.006238925534924582,766.0963832099942,male,18-24,6954,0.05663189269746647,0.0003533221614413325,0.0032792273858531468,0.0001857088534462289
2018,E06000009,119403,127774,118,72262,0.0016329467770058953,194.97874401483492,female,18-24,5406,0.045275244340594455,7.393206432412812e-05,0.0009235055645123421,4.18119400831949e-05
2018,E06000009,119403,127774,118,72262,0.0016329467770058953,194.97874401483492,male,18-24,5498,0.04604574424428197,7.5190249658538e-05,0.0009235055645123421,4.252350103170655e-05
2018,E06000049,329432,127774,3062,171737,0.017829588265778486,5873.636921571939,female,18-24,11639,0.035330508268777774,0.00062992841565299,0.023964186767260944,0.0008466668987352477
2018,E06000049,329432,127774,3062,171737,0.017829588265778486,5873.636921571939,male,18-24,12472,0.03785910294081935,0.0006750122175465324,0.023964186767260944,0.000907262613714753
2018,E06000050,294284,127774,851,156247,0.005446504572887799,1602.8191517277132,female,18-24,13535,0.045992986366910876,0.00025050101056814627,0.006660196910169518,0.00030632234569036857
2018,E06000050,294284,127774,851,156247,0.005446504572887799,1602.8191517277132,male,18-24,13398,0.04552744967446412,0.000247965462843888,0.006660196910169518,0.0003032217796497642
2018,E06000051,281288,127774,9,131591,6.839373513386174e-05,19.2383369683337,female,18-24,10032,0.03566451466113023,2.4392293694110693e-06,7.043686508992439e-05,2.5120966076836603e-06
2018,E06000051,281288,127774,9,131591,6.839373513386174e-05,19.2383369683337,male,18-24,11420,0.040598959073974004,2.7767144536158707e-06,7.043686508992439e-05,2.8596634030848687e-06
2018,E07000027,58239,127774,90,33527,0.0026844036149968682,156.33698213380262,female,18-24,2461,0.04225690688370336,0.00011343459359719933,0.0007043686508992439,2.9764440492849107e-05
2018,E07000027,58239,127774,90,33527,0.0026844036149968682,156.33698213380262,male,18-24,2679,0.04600010302374698,0.00012348284284717477,0.0007043686508992439,3.240103050806289e-05
2018,E07000029,59709,127774,34,31471,0.0010803596962282737,64.507197102094,female,18-24,2135,0.03575675358823628,3.8630155444696185e-05,0.0002660948236730477,9.514687041182349e-06
2018,E07000029,59709,127774,34,31471,0.0010803596962282737,64.507197102094,male,18-24,2487,0.041652012259458374,4.499915531192478e-05,0.0002660948236730477,1.1083384857808198e-05
2018,E07000031,93447,127774,110,47227,0.002329176106888009,217.65451966036377,female,18-24,2894,0.030969426519845474,7.213324829404794e-05,0.0008608950177657426,2.666142499399723e-05
2018,E07000031,93447,127774,110,47227,0.002329176106888009,217.65451966036377,male,18-24,3641,0.03896326259805023,9.075230028978181e-05,0.0008608950177657426,3.354327864655975e-05
2018,E07000037,80519,127774,957,41221,0.02321632177773465,1869.3550132214161,female,18-24,3239,0.04022653038413294,0.0009339120733998501,0.007489786654561961,0.0003012881304304101
2018,E07000037,80519,127774,957,41221,0.02321632177773465,1869.3550132214161,male,18-24,3449,0.04283461046461084,0.000994462099770325,0.007489786654561961,0.00032082209381120236
2018,E07000117,74178,127774,241,43299,0.005565948405274948,412.8709208064851,female,18-24,3181,0.04288333468144194,0.00023868642828304366,0.0018861427207413088,8.088408955051503e-05
2018,E07000117,74178,127774,241,43299,0.005565948405274948,412.8709208064851,male,18-24,3454,0.046563671169349403,0.0002591709912887874,0.0018861427207413088,8.782572942706032e-05
2018,E07000118,100527,127774,304,47400,0.006413502109704641,644.7301265822784,female,18-24,3704,0.036845822515344136,0.00023631076043596237,0.0023792007763707794,8.766360953452671e-05
2018,E07000118,100527,127774,304,47400,0.006413502109704641,644.7301265822784,male,18-24,3964,0.03943219234633481,0.0002528984488034975,0.0023792007763707794,9.38171026444017e-05
2018,E07000119,70586,127774,118,37683,0.003131385505400313,221.0319772841865,female,18-24,2047,0.02900008500269175,9.081044583280596e-05,0.0009235055645123421,2.678173987131675e-05
2018,E07000119,70586,127774,118,37683,0.003131385505400313,221.0319772841865,male,18-24,2431,0.0344402572748137,0.00010784572243260932,0.0009235055645123421,3.180576923652712e-05
2018,E07000120,67922,127774,211,38567,0.005470998522052532,371.60116161485206,female,18-24,3168,0.04664173610906628,0.0002551768693186658,0.001651353170441561,7.702197879860524e-05
2018,E07000120,67922,127774,211,38567,0.005470998522052532,371.60116161485206,male,18-24,3279,0.04827596360531197,0.0002641177255353236,0.001651353170441561,7.972066555575333e-05
2018,E07000121,125761,127774,234,61595,0.00379900965987499,477.7672538355386,female,18-24,9599,0.076327319280222,0.00028996822325792597,0.0018313584923380344,0.00013978268436123115
2018,E07000121,125761,127774,234,61595,0.00379900965987499,477.7672538355386,male,18-24,10369,0.08245004413132848,0.0003132285141120361,0.0018313584923380344,0.00015099558851355412
2018,E07000122,76432,127774,166,43852,0.0037854601842561343,289.3302928030649,female,18-24,3051,0.03991783546158677,0.0001511073767815243,0.001299168844991939,5.186000819120794e-05
2018,E07000122,76432,127774,166,43852,0.0037854601842561343,289.3302928030649,male,18-24,3328,0.04354197194892192,0.0001648264011566414,0.001299168844991939,5.656837340555229e-05
2018,E07000123,119604,127774,224,58635,0.003820243881640658,456.91644921974927,female,18-24,8632,0.0721714992809605,0.00027571272855692253,0.001753095308904785,0.00012652351682607694
2018,E07000123,119604,127774,224,58635,0.003820243881640658,456.91644921974927,male,18-24,9118,0.07623490853148725,0.00029123594288484934,0.001753095308904785,0.00013364706052133567
2018,E07000124,52725,127774,129,24077,0.0053578103584333596,282.4905511483989,female,18-24,1754,0.033266951161688006,0.00017823801552758868,0.0010095950662889163,3.358614976331454e-05
2018,E07000124,52725,127774,129,24077,0.0053578103584333596,282.4905511483989,male,18-24,2075,0.039355144618302515,0.0002108574014935841,0.0010095950662889163,3.973275983972501e-05
2018,E07000125,60391,127774,569,32779,0.01735867476128009,1048.3077275084659,female,18-24,2349,0.038896524316537236,0.0006751921149549922,0.004453175137351887,0.0001732130350158067
2018,E07000125,60391,127774,569,32779,0.01735867476128009,1048.3077275084659,male,18-24,2496,0.041330661853587455,0.0007174455167848703,0.004453175137351887,0.00018405267577669372
2018,E07000126,95216,127774,192,44872,0.004278837582456766,407.4137992512034,female,18-24,3630,0.038123844731977816,0.00016312573962693307,0.0015026531219183871,5.7286914306038324e-05
2018,E07000126,95216,127774,192,44872,0.004278837582456766,407.4137992512034,male,18-24,3888,0.04083347336582087,0.0001747198004599217,0.0015026531219183871,6.135854623192204e-05
2018,E07000127,99344,127774,178,52870,0.003366748628711935,334.4662757707585,female,18-24,6554,0.06597278144628765,0.00022211377146660115,0.0013930846651118382,9.190567014759812e-05
2018,E07000127,99344,127774,178,52870,0.003366748628711935,334.4662757707585,male,18-24,5739,0.05776896440650668,0.00019449358169771496,0.0013930846651118382,8.047705843409606e-05
2018,E07000128,98293,127774,127,52682,0.0024106905584450095,236.95400706123533,female,18-24,3348,0.03406142858596238,8.211156429932846e-05,0.0009939424296022666,3.3855099084455545e-05
2018,E07000128,98293,127774,127,52682,0.0024106905584450095,236.95400706123533,male,18-24,3830,0.038965134851922316,9.39328826960657e-05,0.0009939424296022666,3.872910080449962e-05
2018,E07000195,113762,127774,11,52219,0.00021065129550546736,23.964112679292978,female,18-24,6873,0.06041560450765634,1.272662535828376e-05,8.608950177657427e-05,5.2011492915946885e-06
2018,E07000195,113762,127774,11,52219,0.00021065129550546736,23.964112679292978,male,18-24,7259,0.06380865315307396,1.3441375451154056e-05,8.608950177657427e-05,5.4932551589823725e-06
2018,E07000198,86796,127774,58,39191,0.001479931616952872,128.45214462504148,female,18-24,3079,0.035473984976266186,5.24990719456875e-05,0.00045392646391284613,1.610258056117394e-05
2018,E07000198,86796,127774,58,39191,0.001479931616952872,128.45214462504148,male,18-24,3383,0.03897645052767409,5.768248145250433e-05,0.00045392646391284613,1.7692442363901084e-05
2018,E08000001,238491,127774,7245,124929,0.05799293998991427,13830.794251134645,female,18-24,10805,0.04530569287729935,0.002627410328234708,0.05670167639738914,0.002568908736488126
2018,E08000001,238491,127774,7245,124929,0.05799293998991427,13830.794251134645,male,18-24,12159,0.050983055964376016,0.002956657305044499,0.05670167639738914,0.002890824741042029
2018,E08000002,160514,127774,7289,87589,0.08321821233259884,13357.68813435477,female,18-24,6575,0.04096215906400688,0.0034087976505902126,0.05704603440449544,0.0023367287352477513
2018,E08000002,160514,127774,7289,87589,0.08321821233259884,13357.68813435477,male,18-24,7343,0.045746788442129656,0.003806965954111624,0.05704603440449544,0.0026096728673649025
2018,E08000003,460111,127774,9067,247549,0.03662709201006669,16852.527931843793,female,18-24,43276,0.094055564852829,0.0034449818279233624,0.07096122841892717,0.006674298421592817
2018,E08000003,460111,127774,9067,247549,0.03662709201006669,16852.527931843793,male,18-24,42684,0.09276891880437546,0.003397855724722266,0.07096122841892717,0.006582996437454195
2018,E08000004,195007,127774,3752,97962,0.03830056552540781,7468.8783814132,female,18-24,9496,0.048695687847102924,0.0018650723831927702,0.029364346424155148,0.001429917047304852
2018,E08000004,195007,127774,3752,97962,0.03830056552540781,7468.8783814132,male,18-24,10292,0.052777592599240024,0.0020214116436204706,0.029364346424155148,0.001549779512517011
2018,E08000005,183414,127774,3847,95839,0.040140235186093345,7362.281096422125,female,18-24,8467,0.04616332450085599,0.0018530067024363046,0.030107846666771017,0.0013898782957001657
2018,E08000005,183414,127774,3847,95839,0.040140235186093345,7362.281096422125,male,18-24,9466,0.051610018864426926,0.002071638295176811,0.030107846666771017,0.0015538665344393256
2018,E08000006,213831,127774,63221,120639,0.5240510945879856,112058.36960684355,female,18-24,12526,0.05857897124364568,0.030698374000070652,0.4947876719833456,0.028984152808822793
2018,E08000006,213831,127774,63221,120639,0.5240510945879856,112058.36960684355,male,18-24,12675,0.05927578321197581,0.031063539074796063,0.4947876719833456,0.029328926780442993
2018,E08000007,248365,127774,3275,141232,0.023188795740342133,5759.2852540500735,female,18-24,9231,0.03716707265516478,0.0008618596560670716,0.025631192574389155,0.0009526363966508417
2018,E08000007,248365,127774,3275,141232,0.023188795740342133,5759.2852540500735,male,18-24,9876,0.039764056932337484,0.0009220805940113095,0.025631192574389155,0.0010192002007717161
2018,E08000008,190138,127774,3271,114776,0.028498989335749635,5418.740834320764,female,18-24,8340,0.043862878540849276,0.001250047707770945,0.025599887301015856,0.0011228847473438884
2018,E08000008,190138,127774,3271,114776,0.028498989335749635,5418.740834320764,male,18-24,8837,0.046476769504254806,0.0013245409584618515,0.025599887301015856,0.0011898000614242136
2018,E08000009,198239,127774,9000,118072,0.07622467646859543,15110.70363845789,female,18-24,7051,0.03556817780557812,0.0027111728458076687,0.0704368650899244,0.002505310941585949
2018,E08000009,198239,127774,9000,118072,0.07622467646859543,15110.70363845789,male,18-24,7987,0.04028975125984292,0.0030710732547817115,0.0704368650899244,0.0028378837739961673
2018,E08000010,279767,127774,8099,150594,0.05378036309547525,15045.970842131825,female,18-24,11380,0.04067670597318483,0.0021876080167657673,0.06338535226258864,0.0025783073369920638
2018,E08000010,279767,127774,8099,150594,0.05378036309547525,15045.970842131825,male,18-24,12511,0.04471935574960592,0.002405023189609535,0.06338535226258864,0.0028345521171447897
2018,E08000012,427379,127774,8,235300,3.399915002124947e-05,14.530522736931577,female,18-24,35635,0.0833803251914577,2.834860185004937e-06,6.261054674659946e-05,5.220487748146428e-06
2018,E08000012,427379,127774,8,235300,3.399915002124947e-05,14.530522736931577,male,18-24,33562,0.07852982949559992,2.669947454164043e-06,6.261054674659946e-05,4.916795560636744e-06
2018,E08000013,154790,127774,210,91513,0.0022947559363150592,355.205271382208,female,18-24,6371,0.04115898959881129,9.444983571460199e-05,0.001643526852098236,6.764590461087836e-05
2018,E08000013,154790,127774,210,91513,0.0022947559363150592,355.205271382208,male,18-24,6881,0.04445377608372634,0.00010201056655975142,0.001643526852098236,7.306097467076659e-05
2018,E08000033,178791,127774,50,88593,0.0005643786755161243,100.90582777420337,female,18-24,7269,0.040656408879641594,2.2945610194734118e-05,0.00039131591716624664,1.5909499929422885e-05
2018,E08000033,178791,127774,50,88593,0.0005643786755161243,100.90582777420337,male,18-24,7780,0.04351449457746755,2.4558652815384708e-05,0.00039131591716624664,1.702791435560738e-05
2018,E08000034,370482,127774,14,169882,8.241014351137849e-05,30.531474788382525,female,18-24,18286,0.04935732370263603,4.067544129671798e-06,0.00010956845680654907,5.408005790199136e-06
2018,E08000034,370482,127774,14,169882,8.241014351137849e-05,30.531474788382525,male,18-24,19390,0.05233722556021615,4.313118269404799e-06,0.00010956845680654907,5.734509038169159e-06
2018,E08000035,670103,127774,9,291326,3.0893226145280545e-05,20.70164351963093,female,18-24,53166,0.079340041754775,2.4510698523062656e-06,7.043686508992439e-05,5.588463817310055e-06
2018,E08000035,670103,127774,9,291326,3.0893226145280545e-05,20.70164351963093,male,18-24,49644,0.07408413333472616,2.2886978848868123e-06,7.043686508992439e-05,5.218254105002077e-06
2018,E06000006,108888,127774,70,70096,0.0009986304496690252,108.73887240356082,female,25-29,4060,0.037286018661376825,3.7234953582178406e-05,0.0005478422840327453,2.0426857625936245e-05
2018,E06000006,108888,127774,70,70096,0.0009986304496690252,108.73887240356082,male,25-29,3874,0.035577841451766956,3.552911580723132e-05,0.0005478422840327453,1.9491045921890893e-05
2018,E06000007,179445,127774,935,96349,0.009704304144308711,1741.3888571754767,female,25-29,6288,0.03504137758087436,0.00034005218568036543,0.007317607651008812,0.0002564190526876949
2018,E06000007,179445,127774,935,96349,0.009704304144308711,1741.3888571754767,male,25-29,6550,0.03650143498007746,0.00035422102675038066,0.007317607651008812,0.0002671031798830155
2018,E06000008,122793,127774,419,67159,0.006238925534924582,766.0963832099942,female,25-29,4701,0.03828394126701033,0.00023885065874830374,0.0032792273858531468,0.0001255417486411737
2018,E06000008,122793,127774,419,67159,0.006238925534924582,766.0963832099942,male,25-29,5019,0.04087366543695488,0.00025500775500058215,0.0032792273858531468,0.00013403404306106166
2018,E06000009,119403,127774,118,72262,0.0016329467770058953,194.97874401483492,female,25-29,4383,0.036707620411547445,5.994159044259222e-05,0.0009235055645123421,3.3899691710070896e-05
2018,E06000009,119403,127774,118,72262,0.0016329467770058953,194.97874401483492,male,25-29,4520,0.037854995268125594,6.181519251665911e-05,0.0009235055645123421,3.495929877470236e-05
2018,E06000049,329432,127774,3062,171737,0.017829588265778486,5873.636921571939,female,25-29,9603,0.029150173632191165,0.000519735593737921,0.023964186767260944,0.0006985602052199144
2018,E06000049,329432,127774,3062,171737,0.017829588265778486,5873.636921571939,male,25-29,9740,0.029566040943199205,0.0005271503366663908,0.023964186767260944,0.0007085261271313096
2018,E06000050,294284,127774,851,156247,0.005446504572887799,1602.8191517277132,female,25-29,9611,0.03265892811026084,0.00017787700129814955,0.006660196910169518,0.00021751489208940767
2018,E06000050,294284,127774,851,156247,0.005446504572887799,1602.8191517277132,male,25-29,9723,0.03303951285153117,0.00017994985783184974,0.006660196910169518,0.000220049661407274
2018,E06000051,281288,127774,9,131591,6.839373513386174e-05,19.2383369683337,female,25-29,7989,0.028401495975654844,1.9424843931643774e-06,7.043686508992439e-05,2.0005123403892307e-06
2018,E06000051,281288,127774,9,131591,6.839373513386174e-05,19.2383369683337,male,25-29,9087,0.03230496857313501,2.209457464098723e-06,7.043686508992439e-05,2.2754607131201577e-06
2018,E07000027,58239,127774,90,33527,0.0026844036149968682,156.33698213380262,female,25-29,2002,0.03437559024021704,9.227795870848968e-05,0.0007043686508992439,2.4213088121366893e-05
2018,E07000027,58239,127774,90,33527,0.0026844036149968682,156.33698213380262,male,25-29,2083,0.03576641082436168,9.601148251237962e-05,0.0007043686508992439,2.519273853986375e-05
2018,E07000029,59709,127774,34,31471,0.0010803596962282737,64.507197102094,female,25-29,1943,0.03254115794938786,3.5156155517116946e-05,0.0002660948236730477,8.659033686659158e-06
2018,E07000029,59709,127774,34,31471,0.0010803596962282737,64.507197102094,male,25-29,2061,0.03451740943576345,3.729121797260835e-05,0.0002660948236730477,9.184903977459869e-06
2018,E07000031,93447,127774,110,47227,0.002329176106888009,217.65451966036377,female,25-29,2099,0.022461930292037198,5.231779135079704e-05,0.0008608950177657426,1.9337363877816236e-05
2018,E07000031,93447,127774,110,47227,0.002329176106888009,217.65451966036377,male,25-29,2345,0.02509443855875523,5.8449366706821846e-05,0.0008608950177657426,2.160367712886092e-05
2018,E07000037,80519,127774,957,41221,0.02321632177773465,1869.3550132214161,female,25-29,2593,0.03220357927942473,0.0007476486589459127,0.007489786654561961,0.00024119793831616344
2018,E07000037,80519,127774,957,41221,0.02321632177773465,1869.3550132214161,male,25-29,2763,0.034314882201716364,0.0007966653469601067,0.007489786654561961,0.00025701114676728097
2018,E07000117,74178,127774,241,43299,0.005565948405274948,412.8709208064851,female,25-29,2927,0.039459138828224,0.00021962753083447616,0.0018861427207413088,7.442556746757543e-05
2018,E07000117,74178,127774,241,43299,0.005565948405274948,412.8709208064851,male,25-29,2773,0.037383051578635175,0.0002080721363184156,0.0018861427207413088,7.050977061413962e-05
2018,E07000118,100527,127774,304,47400,0.006413502109704641,644.7301265822784,female,25-29,3348,0.03330448536214151,0.0002135983871327219,0.0023792007763707794,7.923805743023635e-05
2018,E07000118,100527,127774,304,47400,0.006413502109704641,644.7301265822784,male,25-29,3476,0.03457777512509077,0.0002217646337136623,0.0023792007763707794,8.226746942279018e-05
2018,E07000119,70586,127774,118,37683,0.003131385505400313,221.0319772841865,female,25-29,1761,0.024948290029184257,7.812271378191074e-05,0.0009235055645123421,2.303988466701944e-05
2018,E07000119,70586,127774,118,37683,0.003131385505400313,221.0319772841865,male,25-29,1850,0.026209163290170857,8.2070994035511e-05,0.0009235055645123421,2.420430813968539e-05
2018,E07000120,67922,127774,211,38567,0.005470998522052532,371.60116161485206,female,25-29,2617,0.0385294897087836,0.00021079478125219332,0.001651353170441561,6.362579498609529e-05
2018,E07000120,67922,127774,211,38567,0.005470998522052532,371.60116161485206,male,25-29,2624,0.038632549100438736,0.0002113586190316222,0.001651353170441561,6.379598243924878e-05
2018,E07000121,125761,127774,234,61595,0.00379900965987499,477.7672538355386,female,25-29,4938,0.039264954954238596,0.00014916794316570877,0.0018313584923380344,7.190820870671523e-05
2018,E07000121,125761,127774,234,61595,0.00379900965987499,477.7672538355386,male,25-29,5500,0.04373374893647474,0.0001661449346722151,0.0018313584923380344,8.00921725165925e-05
2018,E07000122,76432,127774,166,43852,0.0037854601842561343,289.3302928030649,female,25-29,2906,0.038020724303956456,0.00014392593802920668,0.001299168844991939,4.939534047972805e-05
2018,E07000122,76432,127774,166,43852,0.0037854601842561343,289.3302928030649,male,25-29,2915,0.03813847603098179,0.0001443716825034885,0.001299168844991939,4.954831985492336e-05
2018,E07000123,119604,127774,224,58635,0.003820243881640658,456.91644921974927,female,25-29,5535,0.0462777164643323,0.0001767921631791666,0.001753095308904785,8.112924764044668e-05
2018,E07000123,119604,127774,224,58635,0.003820243881640658,456.91644921974927,male,25-29,6037,0.05047490050499983,0.00019282642983064655,0.001753095308904785,8.848731129275097e-05
2018,E07000124,52725,127774,129,24077,0.0053578103584333596,282.4905511483989,female,25-29,1431,0.027140825035561877,0.00014541539351196087,0.0010095950662889163,2.740124305091397e-05
2018,E07000124,52725,127774,129,24077,0.0053578103584333596,282.4905511483989,male,25-29,1514,0.028715030820293978,0.00015384968957170425,0.0010095950662889163,2.8990553444502973e-05
2018,E07000125,60391,127774,569,32779,0.01735867476128009,1048.3077275084659,female,25-29,2204,0.0364955042969979,0.0006335135893404864,0.004453175137351887,0.00016252087236050998
2018,E07000125,60391,127774,569,32779,0.01735867476128009,1048.3077275084659,male,25-29,2068,0.034243513106257555,0.000594422006695157,0.004453175137351887,0.00015249236118036963
2018,E07000126,95216,127774,192,44872,0.004278837582456766,407.4137992512034,female,25-29,3274,0.03438497731473702,0.00014712773320622007,0.0015026531219183871,5.16686935090825e-05
2018,E07000126,95216,127774,192,44872,0.004278837582456766,407.4137992512034,male,25-29,3170,0.03329272391194757,0.0001424541582967983,0.0015026531219183871,5.002741552345495e-05
2018,E07000127,99344,127774,178,52870,0.003366748628711935,334.4662757707585,female,25-29,3216,0.032372362699307454,0.00010898960772605876,0.0013930846651118382,4.509744204984369e-05
2018,E07000127,99344,127774,178,52870,0.003366748628711935,334.4662757707585,male,25-29,3574,0.035976002576904496,0.00012112215734233026,0.0013930846651118382,5.0117617501909626e-05
2018,E07000128,98293,127774,127,52682,0.0024106905584450095,236.95400706123533,female,25-29,2811,0.028598170775131496,6.894134027640749e-05,0.0009939424296022666,2.8424935342414734e-05
2018,E07000128,98293,127774,127,52682,0.0024106905584450095,236.95400706123533,male,25-29,2906,0.029564668898090403,7.127126817617936e-05,0.0009939424296022666,2.938557883495454e-05
2018,E07000195,113762,127774,11,52219,0.00021065129550546736,23.964112679292978,female,25-29,4416,0.03881788294861201,8.177037331904711e-06,8.608950177657427e-05,3.341812203067386e-06
2018,E07000195,113762,127774,11,52219,0.00021065129550546736,23.964112679292978,male,25-29,5074,0.04460188815245864,9.395445521305368e-06,8.608950177657427e-05,3.839754329339655e-06
2018,E07000198,86796,127774,58,39191,0.001479931616952872,128.45214462504148,female,25-29,2446,0.028181022166920134,4.170598570287484e-05,0.00045392646391284613,1.279211174167959e-05
2018,E07000198,86796,127774,58,39191,0.001479931616952872,128.45214462504148,male,25-29,2545,0.029321627724779944,4.339400393042374e-05,0.00045392646391284613,1.3309862789278232e-05
2018,E08000001,238491,127774,7245,124929,0.05799293998991427,13830.794251134645,female,25-29,9284,0.03892809372261427,0.0022575546031773277,0.05670167639738914,0.00220728817302691
2018,E08000001,238491,127774,7245,124929,0.05799293998991427,13830.794251134645,male,25-29,9350,0.03920483372538167,0.0022736035695506266,0.05670167639738914,0.00222297979511004
2018,E08000002,160514,127774,7289,87589,0.08321821233259884,13357.68813435477,female,25-29,6127,0.03817112526010192,0.0031765328068693887,0.05704603440449544,0.002177511324846079
2018,E08000002,160514,127774,7289,87589,0.08321821233259884,13357.68813435477,male,25-29,6026,0.03754189665698942,0.003124169527369828,0.05704603440449544,0.0021416163283046307
2018,E08000003,460111,127774,9067,247549,0.03662709201006669,16852.527931843793,female,25-29,31468,0.06839219231881002,0.002505007120831231,0.07096122841892717,0.004853193981206275
2018,E08000003,460111,127774,9067,247549,0.03662709201006669,16852.527931843793,male,25-29,33988,0.07386913157911895,0.0027056114790521128,0.07096122841892717,0.005241844319093646
2018,E08000004,195007,127774,3752,97962,0.03830056552540781,7468.8783814132,female,25-29,7964,0.04083955960555262,0.001564178228701266,0.029364346424155148,0.00119922697606738
2018,E08000004,195007,127774,3752,97962,0.03830056552540781,7468.8783814132,male,25-29,8028,0.041167752952458114,0.0015767482194894227,0.029364346424155148,0.001208864159200016
2018,E08000005,183414,127774,3847,95839,0.040140235186093345,7362.281096422125,female,25-29,7386,0.0402695541234584,0.0016164293733547353,0.030107846666771017,0.0012124295608883222
2018,E08000005,183414,127774,3847,95839,0.040140235186093345,7362.281096422125,male,25-29,7718,0.042079666764805304,0.0016890877204917207,0.030107846666771017,0.0012669281547435785
2018,E08000006,213831,127774,63221,120639,0.5240510945879856,112058.36960684355,female,25-29,11154,0.05216268922653872,0.027335914385820538,0.4947876719833456,0.025809455566789836
2018,E08000006,213831,127774,63221,120639,0.5240510945879856,112058.36960684355,male,25-29,11986,0.0560536124322479,0.02937495695073023,0.4947876719833456,0.027734636401608656
2018,E08000007,248365,127774,3275,141232,0.023188795740342133,5759.2852540500735,female,25-29,8766,0.03529482817627282,0.0008184445612700627,0.025631192574389155,0.0009046485378660251
2018,E08000007,248365,127774,3275,141232,0.023188795740342133,5759.2852540500735,male,25-29,8226,0.033120608781430555,0.0007680270318283751,0.025631192574389155,0.0008489207018578511
2018,E08000008,190138,127774,3271,114776,0.028498989335749635,5418.740834320764,female,25-29,7866,0.04136995235039813,0.0011790018308544669,0.025599887301015856,0.0010590661178185882
2018,E08000008,190138,127774,3271,114776,0.028498989335749635,5418.740834320764,male,25-29,7224,0.037993457383584554,0.0010827751368030344,0.025599887301015856,0.0009726282271957133
2018,E08000009,198239,127774,9000,118072,0.07622467646859543,15110.70363845789,female,25-29,6266,0.03160831117993937,0.0024093332934095662,0.0704368650899244,0.0022263903503017385
2018,E08000009,198239,127774,9000,118072,0.07622467646859543,15110.70363845789,male,25-29,6424,0.03240532892115073,0.002470085712873133,0.0704368650899244,0.0022825297814137195
2018,E08000010,279767,127774,8099,150594,0.05378036309547525,15045.970842131825,female,25-29,10308,0.036844945972898877,0.0019815345726556704,0.06338535226258864,0.002335429879588242
2018,E08000010,279767,127774,8099,150594,0.05378036309547525,15045.970842131825,male,25-29,10379,0.03709872858485811,0.001995183093674156,0.06338535226258864,0.0023515159798453977
2018,E08000012,427379,127774,8,235300,3.399915002124947e-05,14.530522736931577,female,25-29,22530,0.052716675363085226,1.7923221542910404e-06,6.261054674659946e-05,3.3006198671457557e-06
2018,E08000012,427379,127774,8,235300,3.399915002124947e-05,14.530522736931577,male,25-29,24400,0.05709218281665688,1.941085688624118e-06,6.261054674659946e-05,3.574572781107698e-06
2018,E08000013,154790,127774,210,91513,0.0022947559363150592,355.205271382208,female,25-29,5961,0.038510239679565864,8.837160111359951e-05,0.001643526852098236,6.329261299410546e-05
2018,E08000013,154790,127774,210,91513,0.0022947559363150592,355.205271382208,male,25-29,5697,0.036804703146198076,8.445781102905157e-05,0.001643526852098236,6.048951790428096e-05
2018,E08000033,178791,127774,50,88593,0.0005643786755161243,100.90582777420337,female,25-29,6272,0.035080065551398004,1.9798440932916826e-05,0.00039131591716624664,1.3727388025497364e-05
2018,E08000033,178791,127774,50,88593,0.0005643786755161243,100.90582777420337,male,25-29,6079,0.03400059287100581,1.918920957130124e-05,0.00039131591716624664,1.3304973183513786e-05
2018,E08000034,370482,127774,14,169882,8.241014351137849e-05,30.531474788382525,female,25-29,13805,0.037262269152077566,3.0707889483823236e-06,0.00010956845680654907,4.082769328103417e-06
2018,E08000034,370482,127774,14,169882,8.241014351137849e-05,30.531474788382525,male,25-29,14401,0.0388709842853364,3.2033633933831102e-06,0.00010956845680654907,4.259033762695929e-06
2018,E08000035,670103,127774,9,291326,3.0893226145280545e-05,20.70164351963093,female,25-29,31732,0.04735391424900351,1.4629151817586882e-06,7.043686508992439e-05,3.3354612694369086e-06
2018,E08000035,670103,127774,9,291326,3.0893226145280545e-05,20.70164351963093,male,25-29,33031,0.04929242220972,1.5228019465735293e-06,7.043686508992439e-05,3.4720036931416405e-06
2018,E06000006,108888,127774,70,70096,0.0009986304496690252,108.73887240356082,female,30-34,4380,0.04022481816178091,4.016972824875405e-05,0.0005478422840327453,2.203685625655191e-05
2018,E06000006,108888,127774,70,70096,0.0009986304496690252,108.73887240356082,male,30-34,4007,0.0367992799941224,3.674888152802682e-05,0.0005478422840327453,2.0160201602740527e-05
2018,E06000007,179445,127774,935,96349,0.009704304144308711,1741.3888571754767,female,30-34,6851,0.03817882916771156,0.0003704989701170776,0.007317607651008812,0.0002793776924242045
2018,E06000007,179445,127774,935,96349,0.009704304144308711,1741.3888571754767,male,30-34,6606,0.03681350831731171,0.0003572494813302313,0.007317607651008812,0.00026938681012323676
2018,E06000008,122793,127774,419,67159,0.006238925534924582,766.0963832099942,female,30-34,5333,0.04343081446010766,0.00027096161733773747,0.0032792273858531468,0.00014241951616749188
2018,E06000008,122793,127774,419,67159,0.006238925534924582,766.0963832099942,male,30-34,4979,0.04054791396903732,0.0002529754158493521,0.0032792273858531468,0.00013296582992648455
2018,E06000009,119403,127774,118,72262,0.0016329467770058953,194.97874401483492,female,30-34,4144,0.03470599566175054,5.667304375863613e-05,0.0009235055645123421,3.205118011556783e-05
2018,E06000009,119403,127774,118,72262,0.0016329467770058953,194.97874401483492,male,30-34,4190,0.0350912456135943,5.730213642584107e-05,0.0009235055645123421,3.2406960589823655e-05
2018,E06000049,329432,127774,3062,171737,0.017829588265778486,5873.636921571939,female,30-34,10285,0.031220403603778625,0.0005566469417467997,0.023964186767260944,0.0007481715829102177
2018,E06000049,329432,127774,3062,171737,0.017829588265778486,5873.636921571939,male,30-34,9463,0.028725199737730397,0.0005121584841759812,0.023964186767260944,0.0006883760514418463
2018,E06000050,294284,127774,851,156247,0.005446504572887799,1602.8191517277132,female,30-34,9951,0.03381427464626008,0.00018416960148973948,0.006660196910169518,0.00022520972751864486
2018,E06000050,294284,127774,851,156247,0.005446504572887799,1602.8191517277132,male,30-34,9143,0.031068627584238354,0.0001692154222109022,0.006660196910169518,0.00020692317743975175
2018,E06000051,281288,127774,9,131591,6.839373513386174e-05,19.2383369683337,female,30-34,8211,0.029190722675691817,1.996462555047278e-06,7.043686508992439e-05,2.056102994985101e-06
2018,E06000051,281288,127774,9,131591,6.839373513386174e-05,19.2383369683337,male,30-34,8948,0.03181081311680555,2.1756603267035736e-06,7.043686508992439e-05,2.24065395190923e-06
2018,E07000027,58239,127774,90,33527,0.0026844036149968682,156.33698213380262,female,30-34,2017,0.03463314960765123,9.296935200550632e-05,0.0007043686508992439,2.4394504865532976e-05
2018,E07000027,58239,127774,90,33527,0.0026844036149968682,156.33698213380262,male,30-34,1970,0.033826130256357424,9.080298634152082e-05,0.0007043686508992439,2.3826065733812574e-05
2018,E07000029,59709,127774,34,31471,0.0010803596962282737,64.507197102094,female,30-34,1912,0.03202197323686547,3.4595249278809884e-05,0.0002660948236730477,8.52088132212677e-06
2018,E07000029,59709,127774,34,31471,0.0010803596962282737,64.507197102094,male,30-34,1859,0.03113433485739168,3.363628054880103e-05,0.0002660948236730477,8.284685344055262e-06
2018,E07000031,93447,127774,110,47227,0.002329176106888009,217.65451966036377,female,30-34,2283,0.024430960865517354,5.690401031627901e-05,0.0008608950177657426,2.1032492488353726e-05
2018,E07000031,93447,127774,110,47227,0.002329176106888009,217.65451966036377,male,30-34,2249,0.024067118259548194,5.605655681178778e-05,0.0008608950177657426,2.071926220162397e-05
2018,E07000037,80519,127774,957,41221,0.02321632177773465,1869.3550132214161,female,30-34,2613,0.032451967858517866,0.0007534153281240532,0.007489786654561961,0.0002430583157810008
2018,E07000037,80519,127774,957,41221,0.02321632177773465,1869.3550132214161,male,30-34,2469,0.030663570089047305,0.0007118953100414418,0.007489786654561961,0.00022966359803417184
2018,E07000117,74178,127774,241,43299,0.005565948405274948,412.8709208064851,female,30-34,3143,0.042371053412062876,0.00023583509716869103,0.0018861427207413088,7.991785396330358e-05
2018,E07000117,74178,127774,241,43299,0.005565948405274948,412.8709208064851,male,30-34,2944,0.03968831729084095,0.00022090312633300235,0.0018861427207413088,7.485783075659107e-05
2018,E07000118,100527,127774,304,47400,0.006413502109704641,644.7301265822784,female,30-34,3870,0.03849712017666895,0.00024690136147061944,0.0023792007763707794,9.159237821236996e-05
2018,E07000118,100527,127774,304,47400,0.006413502109704641,644.7301265822784,male,30-34,3736,0.03716414495608145,0.00023835232208119748,0.0023792007763707794,8.842096253266518e-05
2018,E07000119,70586,127774,118,37683,0.003131385505400313,221.0319772841865,female,30-34,1900,0.026917519054770068,8.428912900944373e-05,0.0009235055645123421,2.4858478629947157e-05
2018,E07000119,70586,127774,118,37683,0.003131385505400313,221.0319772841865,male,30-34,2022,0.028645907120392146,8.970137834583959e-05,0.0009235055645123421,2.6454654626185868e-05
2018,E07000120,67922,127774,211,38567,0.005470998522052532,371.60116161485206,female,30-34,2706,0.03983981625982745,0.0002179635758763604,0.001651353170441561,6.578960689047531e-05
2018,E07000120,67922,127774,211,38567,0.005470998522052532,371.60116161485206,male,30-34,2524,0.03716027207679397,0.00020330379361120976,0.001651353170441561,6.136473310848473e-05
2018,E07000121,125761,127774,234,61595,0.00379900965987499,477.7672538355386,female,30-34,3794,0.03016833517545185,0.00011460979675388803,0.0018313584923380344,5.524903682326399e-05
2018,E07000121,125761,127774,234,61595,0.00379900965987499,477.7672538355386,male,30-34,3599,0.028617774985885927,0.00010871920361550949,0.0018313584923380344,5.2409405252221164e-05
2018,E07000122,76432,127774,166,43852,0.0037854601842561343,289.3302928030649,female,30-34,3189,0.041723361942641826,0.00015794212538717831,0.001299168844991939,5.42056919442026e-05
2018,E07000122,76432,127774,166,43852,0.0037854601842561343,289.3302928030649,male,30-34,3046,0.03985241783546159,0.0001508597409624789,0.001299168844991939,5.177501964943278e-05
2018,E07000123,119604,127774,224,58635,0.003820243881640658,456.91644921974927,female,30-34,4541,0.037966957626835225,0.0001450430375784274,0.001753095308904785,6.655969530899159e-05
2018,E07000123,119604,127774,224,58635,0.003820243881640658,456.91644921974927,male,30-34,4872,0.04073442359787298,0.0001556154325219331,0.001753095308904785,7.14113269203715e-05
2018,E07000124,52725,127774,129,24077,0.0053578103584333596,282.4905511483989,female,30-34,1359,0.02577524893314367,0.00013809889572519556,0.0010095950662889163,2.6022564155270503e-05
2018,E07000124,52725,127774,129,24077,0.0053578103584333596,282.4905511483989,male,30-34,1334,0.02530109056424846,0.00013555844510479092,0.0010095950662889163,2.5543856205394296e-05
2018,E07000125,60391,127774,569,32779,0.01735867476128009,1048.3077275084659,female,30-34,2252,0.037290324717259196,0.0006473106185094263,0.004453175137351887,0.0001660603468946772
2018,E07000125,60391,127774,569,32779,0.01735867476128009,1048.3077275084659,male,30-34,2096,0.03470715835140998,0.0006024702737103719,0.004453175137351887,0.00015455705465863384
2018,E07000126,95216,127774,192,44872,0.004278837582456766,407.4137992512034,female,30-34,3415,0.03586582087044194,0.0001534640222661092,0.0015026531219183871,5.389388770113523e-05
2018,E07000126,95216,127774,192,44872,0.004278837582456766,407.4137992512034,male,30-34,3204,0.0336498067551672,0.00014398205778641695,0.0015026531219183871,5.056398717260242e-05
2018,E07000127,99344,127774,178,52870,0.003366748628711935,334.4662757707585,female,30-34,2785,0.028033902399742308,9.438310246177665e-05,0.0013930846651118382,3.905359953632297e-05
2018,E07000127,99344,127774,178,52870,0.003366748628711935,334.4662757707585,male,30-34,2646,0.026634723788049604,8.967241978953716e-05,0.0013930846651118382,3.710442526862139e-05
2018,E07000128,98293,127774,127,52682,0.0024106905584450095,236.95400706123533,female,30-34,2778,0.028262439848208927,6.813199690069726e-05,0.0009939424296022666,2.8091238129216696e-05
2018,E07000128,98293,127774,127,52682,0.0024106905584450095,236.95400706123533,male,30-34,2654,0.027000905456136245,6.509082785257398e-05,0.0009939424296022666,2.6837345570533154e-05
2018,E07000195,113762,127774,11,52219,0.00021065129550546736,23.964112679292978,female,30-34,3791,0.0333239570331042,7.01973472039193e-06,8.608950177657427e-05,2.8688428582039086e-06
2018,E07000195,113762,127774,11,52219,0.00021065129550546736,23.964112679292978,male,30-34,3772,0.033156941685272764,6.984552721001942e-06,8.608950177657427e-05,2.854464590120059e-06
2018,E07000198,86796,127774,58,39191,0.001479931616952872,128.45214462504148,female,30-34,2456,0.028296234849532236,4.187649259454645e-05,0.00045392646391284613,1.2844409827295614e-05
2018,E07000198,86796,127774,58,39191,0.001479931616952872,128.45214462504148,male,30-34,2304,0.026545002073828285,3.928478784113803e-05,0.00045392646391284613,1.204947892593204e-05
2018,E08000001,238491,127774,7245,124929,0.05799293998991427,13830.794251134645,female,30-34,9909,0.04154873768821465,0.0024095334514093215,0.05670167639738914,0.002355883079117153
2018,E08000001,238491,127774,7245,124929,0.05799293998991427,13830.794251134645,male,30-34,9543,0.04001408858195907,0.002320534637884666,0.05670167639738914,0.002268865902110707
2018,E08000002,160514,127774,7289,87589,0.08321821233259884,13357.68813435477,female,30-34,6647,0.04141071806820589,0.003446125929045345,0.05704603440449544,0.0023623172476337343
2018,E08000002,160514,127774,7289,87589,0.08321821233259884,13357.68813435477,male,30-34,5965,0.03716186750065415,0.003092544180345341,0.05704603440449544,0.0021199371719776176
2018,E08000003,460111,127774,9067,247549,0.03662709201006669,16852.527931843793,female,30-34,23487,0.0510463779392364,0.0018696803815610502,0.07096122841892717,0.003622313684905039
2018,E08000003,460111,127774,9067,247549,0.03662709201006669,16852.527931843793,male,30-34,27176,0.05906400846752197,0.0021633428726232852,0.07096122841892717,0.004191254596201275
2018,E08000004,195007,127774,3752,97962,0.03830056552540781,7468.8783814132,female,30-34,8230,0.04220361320362859,0.001616422252914543,0.029364346424155148,0.001239281518462398
2018,E08000004,195007,127774,3752,97962,0.03830056552540781,7468.8783814132,male,30-34,7884,0.040429317921920754,0.00154846574021607,0.029364346424155148,0.0011871804971515854
2018,E08000005,183414,127774,3847,95839,0.040140235186093345,7362.281096422125,female,30-34,7832,0.04270121146695454,0.0017140366710146613,0.030107846666771017,0.0012856415273324315
2018,E08000005,183414,127774,3847,95839,0.040140235186093345,7362.281096422125,male,30-34,7242,0.03948444502600674,0.0015849149095362842,0.030107846666771017,0.0011887916165655606
2018,E08000006,213831,127774,63221,120639,0.5240510945879856,112058.36960684355,female,30-34,10699,0.05003484059841651,0.02622081298313555,0.4947876719833456,0.02475662229774829
2018,E08000006,213831,127774,63221,120639,0.5240510945879856,112058.36960684355,male,30-34,11644,0.05445421851836263,0.02853679281948129,0.4947876719833456,0.026943276010373034
2018,E08000007,248365,127774,3275,141232,0.023188795740342133,5759.2852540500735,female,30-34,9607,0.038680973567129025,0.0008969651950857282,0.025631192574389155,0.0009914394824639405
2018,E08000007,248365,127774,3275,141232,0.023188795740342133,5759.2852540500735,male,30-34,8688,0.0349807742636845,0.0008111620292395968,0.025631192574389155,0.0008965989615537333
2018,E08000008,190138,127774,3271,114776,0.028498989335749635,5418.740834320764,female,30-34,7938,0.04174862468312489,0.0011897936096265903,0.025599887301015856,0.001068760086860406
2018,E08000008,190138,127774,3271,114776,0.028498989335749635,5418.740834320764,male,30-34,7252,0.03814071884631163,0.0010869719396588602,0.025599887301015856,0.0009763981040453092
2018,E08000009,198239,127774,9000,118072,0.07622467646859543,15110.70363845789,female,30-34,7848,0.039588577424220256,0.00301762650601313,0.0704368650899244,0.002788495287131829
2018,E08000009,198239,127774,9000,118072,0.07622467646859543,15110.70363845789,male,30-34,7246,0.03655183894188328,0.002786152097677261,0.0704368650899244,0.002574596948338078
2018,E08000010,279767,127774,8099,150594,0.05378036309547525,15045.970842131825,female,30-34,10864,0.03883231403274868,0.002088415948518743,0.06338535226258864,0.002461399904137239
2018,E08000010,279767,127774,8099,150594,0.05378036309547525,15045.970842131825,male,30-34,10477,0.03744902007742157,0.002014021897333475,0.06338535226258864,0.0023737193294961203
2018,E08000012,427379,127774,8,235300,3.399915002124947e-05,14.530522736931577,female,30-34,17705,0.04142693019544713,1.4084804146348366e-06,6.261054674659946e-05,2.5937627495701556e-06
2018,E08000012,427379,127774,8,235300,3.399915002124947e-05,14.530522736931577,male,30-34,20585,0.04816567964265909,1.637592168046208e-06,6.261054674659946e-05,3.015679536848441e-06
2018,E08000013,154790,127774,210,91513,0.0022947559363150592,355.205271382208,female,30-34,5851,0.03779959945732928,8.674085524503786e-05,0.001643526852098236,6.212465670667858e-05
2018,E08000013,154790,127774,210,91513,0.0022947559363150592,355.205271382208,male,30-34,5720,0.03695329155630209,8.479878516520536e-05,0.001643526852098236,6.073372694619749e-05
2018,E08000033,178791,127774,50,88593,0.0005643786755161243,100.90582777420337,female,30-34,6628,0.037071217231292405,2.092220448076733e-05,0.00039131591716624664,1.4506557371332354e-05
2018,E08000033,178791,127774,50,88593,0.0005643786755161243,100.90582777420337,male,30-34,6189,0.0346158363676024,1.9536439881030327e-05,0.00039131591716624664,1.3545727756665047e-05
2018,E08000034,370482,127774,14,169882,8.241014351137849e-05,30.531474788382525,female,30-34,14172,0.03825287058480574,3.1524245546160297e-06,0.00010956845680654907,4.191307998397799e-06
2018,E08000034,370482,127774,14,169882,8.241014351137849e-05,30.531474788382525,male,30-34,13753,0.0371219114558872,3.059222050496349e-06,0.00010956845680654907,4.067390551930915e-06
2018,E08000035,670103,127774,9,291326,3.0893226145280545e-05,20.70164351963093,female,30-34,27416,0.04091311335720031,1.2639380632514875e-06,7.043686508992439e-05,2.881791445949902e-06
2018,E08000035,670103,127774,9,291326,3.0893226145280545e-05,20.70164351963093,male,30-34,27684,0.041313051874114874,1.276293454298737e-06,7.043686508992439e-05,2.9099618613100773e-06
2018,E06000006,108888,127774,70,70096,0.0009986304496690252,108.73887240356082,female,35-39,4195,0.0385258247006098,3.8473061644640004e-05,0.0005478422840327453,2.110607579822723e-05
2018,E06000006,108888,127774,70,70096,0.0009986304496690252,108.73887240356082,male,35-39,3907,0.035880905150246126,3.583176444472193e-05,0.0005478422840327453,1.9657077030673132e-05
2018,E06000007,179445,127774,935,96349,0.009704304144308711,1741.3888571754767,female,35-39,7004,0.03903145810694084,0.0003787731406655979,0.007317607651008812,0.00028561689647338027
2018,E06000007,179445,127774,935,96349,0.009704304144308711,1741.3888571754767,male,35-39,6712,0.037404218562790824,0.0003629819132135198,0.007317607651008812,0.00027370939593508395
2018,E06000008,122793,127774,419,67159,0.006238925534924582,766.0963832099942,female,35-39,5246,0.04272230501738698,0.00026654127968381226,0.0032792273858531468,0.00014009615259978668
2018,E06000008,122793,127774,419,67159,0.006238925534924582,766.0963832099942,male,35-39,5211,0.04243727248295913,0.00026476298292648606,0.0032792273858531468,0.00013916146610703175
2018,E06000009,119403,127774,118,72262,0.0016329467770058953,194.97874401483492,female,35-39,3837,0.03213487098314113,5.247453400142057e-05,0.0009235055645123421,2.9676732167817028e-05
2018,E06000009,119403,127774,118,72262,0.0016329467770058953,194.97874401483492,male,35-39,3795,0.031783121027109874,5.190014504440737e-05,0.0009235055645123421,2.9351889126105194e-05
2018,E06000049,329432,127774,3062,171737,0.017829588265778486,5873.636921571939,female,35-39,11196,0.0339857694455912,0.0006059522761105659,0.023964186767260944,0.0008144413264232179
2018,E06000049,329432,127774,3062,171737,0.017829588265778486,5873.636921571939,male,35-39,10515,0.03191857500182132,0.0005690950503128439,0.023964186767260944,0.0007649026926884724
2018,E06000050,294284,127774,851,156247,0.005446504572887799,1602.8191517277132,female,35-39,10416,0.03539438093814139,0.00019277565763411983,0.006660196910169518,0.00023573354656157217
2018,E06000050,294284,127774,851,156247,0.005446504572887799,1602.8191517277132,male,35-39,9539,0.03241426649087276,0.00017654445066934225,0.006660196910169518,0.00021588539752792212
2018,E06000051,281288,127774,9,131591,6.839373513386174e-05,19.2383369683337,female,35-39,8644,0.030730070248286452,2.1017442852062684e-06,7.043686508992439e-05,2.1645298122824524e-06
2018,E06000051,281288,127774,9,131591,6.839373513386174e-05,19.2383369683337,male,35-39,8488,0.03017547851312534,2.0638136849642307e-06,7.043686508992439e-05,2.1254661090529218e-06
2018,E07000027,58239,127774,90,33527,0.0026844036149968682,156.33698213380262,female,35-39,1804,0.03097580659008568,8.315156718786981e-05,0.0007043686508992439,2.181838709837456e-05
2018,E07000027,58239,127774,90,33527,0.0026844036149968682,156.33698213380262,male,35-39,1833,0.031473754700458455,8.448826089543535e-05,0.0007043686508992439,2.216912613709566e-05
2018,E07000029,59709,127774,34,31471,0.0010803596962282737,64.507197102094,female,35-39,1966,0.03292635951029158,3.557231175844154e-05,0.0002660948236730477,8.761533828086415e-06
2018,E07000029,59709,127774,34,31471,0.0010803596962282737,64.507197102094,male,35-39,1804,0.03021320069001323,3.264112431954656e-05,0.0002660948236730477,8.039576310207473e-06
2018,E07000031,93447,127774,110,47227,0.002329176106888009,217.65451966036377,female,35-39,2690,0.02878637088403052,6.704852726710054e-05,0.0008608950177657426,2.478204327361871e-05
2018,E07000031,93447,127774,110,47227,0.002329176106888009,217.65451966036377,male,35-39,2379,0.02545828116472439,5.929682021131308e-05,0.0008608950177657426,2.1916907415590674e-05
2018,E07000037,80519,127774,957,41221,0.02321632177773465,1869.3550132214161,female,35-39,2703,0.03356971646443697,0.0007793653394256853,0.007489786654561961,0.00025143001437276895
2018,E07000037,80519,127774,957,41221,0.02321632177773465,1869.3550132214161,male,35-39,2519,0.03128454153678014,0.000726311982986793,0.007489786654561961,0.00023431454169626524
2018,E07000117,74178,127774,241,43299,0.005565948405274948,412.8709208064851,female,35-39,2826,0.038097549138558603,0.00021204899287264424,0.0018861427207413088,7.185741498577663e-05
2018,E07000117,74178,127774,241,43299,0.005565948405274948,412.8709208064851,male,35-39,2587,0.034875569575885036,0.00019411562086395283,0.0018861427207413088,6.578030168726261e-05
2018,E07000118,100527,127774,304,47400,0.006413502109704641,644.7301265822784,female,35-39,3667,0.036477762193241614,0.0002339502047836593,0.0023792007763707794,8.678792013042912e-05
2018,E07000118,100527,127774,304,47400,0.006413502109704641,644.7301265822784,male,35-39,3743,0.037233777989992736,0.00023879891369109265,0.0023792007763707794,8.858663350100795e-05
2018,E07000119,70586,127774,118,37683,0.003131385505400313,221.0319772841865,female,35-39,2099,0.029736774997874933,9.3117306205696e-05,0.0009235055645123421,2.746207718118899e-05
2018,E07000119,70586,127774,118,37683,0.003131385505400313,221.0319772841865,male,35-39,2057,0.029141756155611594,9.12540728275925e-05,0.0009235055645123421,2.6912573969369106e-05
2018,E07000120,67922,127774,211,38567,0.005470998522052532,371.60116161485206,female,35-39,2606,0.03836753923618268,0.00020990875045594795,0.001651353170441561,6.335835755971125e-05
2018,E07000120,67922,127774,211,38567,0.005470998522052532,371.60116161485206,male,35-39,2438,0.03589411383645947,0.0001963766437496551,0.001651353170441561,5.9273858684027644e-05
2018,E07000121,125761,127774,234,61595,0.00379900965987499,477.7672538355386,female,35-39,3925,0.03120999355921152,0.00011856706701608079,0.0018313584923380344,5.7156686750477374e-05
2018,E07000121,125761,127774,234,61595,0.00379900965987499,477.7672538355386,male,35-39,3623,0.02880861316306327,0.00010944419969407916,0.0018313584923380344,5.275889836865721e-05
2018,E07000122,76432,127774,166,43852,0.0037854601842561343,289.3302928030649,female,35-39,3034,0.039695415532761145,0.00015026541499676982,0.001299168844991939,5.157104714917237e-05
2018,E07000122,76432,127774,166,43852,0.0037854601842561343,289.3302928030649,male,35-39,3102,0.04058509524806364,0.00015363326213578774,0.001299168844991939,5.272689131731467e-05
2018,E07000123,119604,127774,224,58635,0.003820243881640658,456.91644921974927,female,35-39,4321,0.036127554262399254,0.00013801606812957162,0.001753095308904785,6.33350458996152e-05
2018,E07000123,119604,127774,224,58635,0.003820243881640658,456.91644921974927,male,35-39,4700,0.039296344603859404,0.00015012162004373678,0.001753095308904785,6.889023738213179e-05
2018,E07000124,52725,127774,129,24077,0.0053578103584333596,282.4905511483989,female,35-39,1598,0.030308202939781887,0.00016238560365626378,0.0010095950662889163,3.059901215608702e-05
2018,E07000124,52725,127774,129,24077,0.0053578103584333596,282.4905511483989,male,35-39,1356,0.025718349928876245,0.000137794041650747,0.0010095950662889163,2.5965119201285357e-05
2018,E07000125,60391,127774,569,32779,0.01735867476128009,1048.3077275084659,female,35-39,2282,0.03778708747992251,0.0006559337617400137,0.004453175137351887,0.0001682725184785317
2018,E07000125,60391,127774,569,32779,0.01735867476128009,1048.3077275084659,male,35-39,2123,0.03515424483780696,0.0006102311026179004,0.004453175137351887,0.00015654800908410286
2018,E07000126,95216,127774,192,44872,0.004278837582456766,407.4137992512034,female,35-39,3419,0.03590783061670307,0.00015364377514724082,0.0015026531219183871,5.3957013777505516e-05
2018,E07000126,95216,127774,192,44872,0.004278837582456766,407.4137992512034,male,35-39,3094,0.03249453873298605,0.00013903885355529778,0.0015026531219183871,4.882802007241944e-05
2018,E07000127,99344,127774,178,52870,0.003366748628711935,334.4662757707585,female,35-39,2874,0.028929779352552747,9.739929496414581e-05,0.0013930846651118382,4.030163198111031e-05
2018,E07000127,99344,127774,178,52870,0.003366748628711935,334.4662757707585,male,35-39,2512,0.025285875342245127,8.513118613428471e-05,0.0013930846651118382,3.522536518321124e-05
2018,E07000128,98293,127774,127,52682,0.0024106905584450095,236.95400706123533,female,35-39,2884,0.029340848280142023,7.073170592570587e-05,0.0009939424296022666,2.9163114026155846e-05
2018,E07000128,98293,127774,127,52682,0.0024106905584450095,236.95400706123533,male,35-39,2675,0.027214552409632425,6.560586454620777e-05,0.0009939424296022666,2.704969834256827e-05
2018,E07000195,113762,127774,11,52219,0.00021065129550546736,23.964112679292978,female,35-39,3825,0.03362282660290782,7.082691982458225e-06,8.608950177657427e-05,2.8945723905644816e-06
2018,E07000195,113762,127774,11,52219,0.00021065129550546736,23.964112679292978,male,35-39,3534,0.031064854696647385,6.543851886537874e-06,8.608950177657427e-05,2.6743578635960464e-06
2018,E07000198,86796,127774,58,39191,0.001479931616952872,128.45214462504148,female,35-39,2601,0.029966818747407715,4.434884252378474e-05,0.00045392646391284613,1.3602732068727969e-05
2018,E07000198,86796,127774,58,39191,0.001479931616952872,128.45214462504148,male,35-39,2391,0.027547352412553575,4.076819779868101e-05,0.00045392646391284613,1.2504472270791455e-05
2018,E08000001,238491,127774,7245,124929,0.05799293998991427,13830.794251134645,female,35-39,9065,0.0380098200770679,0.0022043012147568374,0.05670167639738914,0.002155220517932889
2018,E08000001,238491,127774,7245,124929,0.05799293998991427,13830.794251134645,male,35-39,8840,0.037066388249451764,0.0021495888293933197,0.05670167639738914,0.0021017263517404015
2018,E08000002,160514,127774,7289,87589,0.08321821233259884,13357.68813435477,female,35-39,6377,0.0397286218024596,0.0033061448848385982,0.05704603440449544,0.002266360326186298
2018,E08000002,160514,127774,7289,87589,0.08321821233259884,13357.68813435477,male,35-39,6014,0.03746713682295625,0.003117948147627306,0.05704603440449544,0.0021373515762403003
2018,E08000003,460111,127774,9067,247549,0.03662709201006669,16852.527931843793,female,35-39,19282,0.04190727889574472,0.0015349417600059678,0.07096122841892717,0.002973791990136627
2018,E08000003,460111,127774,9067,247549,0.03662709201006669,16852.527931843793,male,35-39,21985,0.047781948269004657,0.0017501138156690804,0.07096122841892717,0.0033906657454182013
2018,E08000004,195007,127774,3752,97962,0.03830056552540781,7468.8783814132,female,35-39,7915,0.0405882865743281,0.0015545543295040834,0.029364346424155148,0.0011918485077314557
2018,E08000004,195007,127774,3752,97962,0.03830056552540781,7468.8783814132,male,35-39,7393,0.03791145958863015,0.0014520303421381793,0.029364346424155148,0.0011132452328058943
2018,E08000005,183414,127774,3847,95839,0.040140235186093345,7362.281096422125,female,35-39,7543,0.04112554112554113,0.0016507888929345748,0.030107846666771017,0.001238201486295778
2018,E08000005,183414,127774,3847,95839,0.040140235186093345,7362.281096422125,male,35-39,7018,0.03826316420774859,0.0015358924102631376,0.030107846666771017,0.0011520214809523756
2018,E08000006,213831,127774,63221,120639,0.5240510945879856,112058.36960684355,female,35-39,9077,0.04244941098344019,0.02224566029048709,0.4947876719833456,0.021003445237560633
2018,E08000006,213831,127774,63221,120639,0.5240510945879856,112058.36960684355,male,35-39,9880,0.046204713067796534,0.024213630458302576,0.4947876719833456,0.022861522413473515
2018,E08000007,248365,127774,3275,141232,0.023188795740342133,5759.2852540500735,female,35-39,10079,0.04058140237150967,0.0009410338504495736,0.025631192574389155,0.001040149739122937
2018,E08000007,248365,127774,3275,141232,0.023188795740342133,5759.2852540500735,male,35-39,9281,0.03736838926579832,0.0008665279458301908,0.025631192574389155,0.0009577963814664134
2018,E08000008,190138,127774,3271,114776,0.028498989335749635,5418.740834320764,female,35-39,7436,0.03910843702994667,0.0011145509298542864,0.025599887301015856,0.00100117158048551
2018,E08000008,190138,127774,3271,114776,0.028498989335749635,5418.740834320764,male,35-39,7011,0.0368732183992679,0.0010508494579355033,0.025599887301015856,0.0009439502354470026
2018,E08000009,198239,127774,9000,118072,0.07622467646859543,15110.70363845789,female,35-39,9022,0.04551072190638573,0.003469040053166471,0.0704368650899244,0.0032056325790651586
2018,E08000009,198239,127774,9000,118072,0.07622467646859543,15110.70363845789,male,35-39,8176,0.04124314589964639,0.003143745452747624,0.0704368650899244,0.0029050379036174613
2018,E08000010,279767,127774,8099,150594,0.05378036309547525,15045.970842131825,female,35-39,10346,0.03698077328634185,0.001988839414890916,0.06338535226258864,0.0023440393416977057
2018,E08000010,279767,127774,8099,150594,0.05378036309547525,15045.970842131825,male,35-39,10286,0.03676630910722137,0.0019773054534668435,0.06338535226258864,0.0023304454541564473
2018,E08000012,427379,127774,8,235300,3.399915002124947e-05,14.530522736931577,female,35-39,15679,0.036686407146818166,1.2473066603253095e-06,6.261054674659946e-05,2.2969560096306395e-06
2018,E08000012,427379,127774,8,235300,3.399915002124947e-05,14.530522736931577,male,35-39,17725,0.041473727066608325,1.410071468477971e-06,6.261054674659946e-05,2.596692727259588e-06
2018,E08000013,154790,127774,210,91513,0.0022947559363150592,355.205271382208,female,35-39,5556,0.03589379158860392,8.236749132480437e-05,0.001643526852098236,5.8992410299488335e-05
2018,E08000013,154790,127774,210,91513,0.0022947559363150592,355.205271382208,male,35-39,5345,0.034530654435041025,7.923942424965432e-05,0.001643526852098236,5.675205778451497e-05
2018,E08000033,178791,127774,50,88593,0.0005643786755161243,100.90582777420337,female,35-39,6915,0.03867644344513985,2.1828159925242318e-05,0.00039131591716624664,1.513470793946337e-05
2018,E08000033,178791,127774,50,88593,0.0005643786755161243,100.90582777420337,male,35-39,6570,0.036746816114905115,2.0739119408364723e-05,0.00039131591716624664,1.4379614050943508e-05
2018,E08000034,370482,127774,14,169882,8.241014351137849e-05,30.531474788382525,female,35-39,14599,0.03940542320544588,3.247406581487399e-06,0.00010956845680654907,4.317591410429683e-06
2018,E08000034,370482,127774,14,169882,8.241014351137849e-05,30.531474788382525,male,35-39,14064,0.0379613584465642,3.1284009974682357e-06,0.00010956845680654907,4.1593674632702964e-06
2018,E08000035,670103,127774,9,291326,3.0893226145280545e-05,20.70164351963093,female,35-39,26713,0.03986402090424905,1.2315282128551569e-06,7.043686508992439e-05,2.8078966623745163e-06
2018,E08000035,670103,127774,9,291326,3.0893226145280545e-05,20.70164351963093,male,35-39,25422,0.03793745140672404,1.1720102656835173e-06,7.043686508992439e-05,2.6721951465909838e-06
2018,E06000006,108888,127774,70,70096,0.0009986304496690252,108.73887240356082,female,40-44,3912,0.03592682389243994,3.5877620298887175e-05,0.0005478422840327453,1.9682233259276504e-05
2018,E06000006,108888,127774,70,70096,0.0009986304496690252,108.73887240356082,male,40-44,3557,0.03266659319667916,3.262185465315483e-05,0.0005478422840327453,1.789614102843725e-05
2018,E06000007,179445,127774,935,96349,0.009704304144308711,1741.3888571754767,female,40-44,6466,0.03603332497422609,0.0003496783448806048,0.007317607651008812,0.00026367773452268375
2018,E06000007,179445,127774,935,96349,0.009704304144308711,1741.3888571754767,male,40-44,6496,0.036200507119173005,0.0003513007312626676,0.007317607651008812,0.00026490110786565933
2018,E06000008,122793,127774,419,67159,0.006238925534924582,766.0963832099942,female,40-44,4408,0.035897811764514266,0.00022396377446554414,0.0032792273858531468,0.00011771708743039646
2018,E06000008,122793,127774,419,67159,0.006238925534924582,766.0963832099942,male,40-44,4765,0.03880514361567842,0.00024210240139027172,0.0032792273858531468,0.00012725088965649708
2018,E06000009,119403,127774,118,72262,0.0016329467770058953,194.97874401483492,female,40-44,3716,0.031121496109812987,5.0819746768120623e-05,0.0009235055645123421,2.87408748333615e-05
2018,E06000009,119403,127774,118,72262,0.0016329467770058953,194.97874401483492,male,40-44,3547,0.02970612128673484,4.850851501251988e-05,0.0009235055645123421,2.7433768308378157e-05
2018,E06000049,329432,127774,3062,171737,0.017829588265778486,5873.636921571939,female,40-44,11570,0.035121056849364965,0.0006261939830831768,0.023964186767260944,0.0008416475658017713
2018,E06000049,329432,127774,3062,171737,0.017829588265778486,5873.636921571939,male,40-44,10912,0.033123679545399354,0.0005905815681420592,0.023964186767260944,0.0007937820430448512
2018,E06000050,294284,127774,851,156247,0.005446504572887799,1602.8191517277132,female,40-44,10097,0.034310394041130336,0.00018687171804259868,0.006660196910169518,0.0002285139803794349
2018,E06000050,294284,127774,851,156247,0.005446504572887799,1602.8191517277132,male,40-44,9335,0.03172105856927322,0.00017276889055438833,0.006660196910169518,0.00021126849627037982
2018,E06000051,281288,127774,9,131591,6.839373513386174e-05,19.2383369683337,female,40-44,8695,0.030911379084781435,2.114144673746935e-06,7.043686508992439e-05,2.1773006383382604e-06
2018,E06000051,281288,127774,9,131591,6.839373513386174e-05,19.2383369683337,male,40-44,8520,0.030289240920337874,2.071594320911315e-06,7.043686508992439e-05,2.133479176382056e-06
2018,E07000027,58239,127774,90,33527,0.0026844036149968682,156.33698213380262,female,40-44,1849,0.031748484692388265,8.522574707891979e-05,0.0007043686508992439,2.236263733087282e-05
2018,E07000027,58239,127774,90,33527,0.0026844036149968682,156.33698213380262,male,40-44,1698,0.029155720393550712,7.826572122228545e-05,0.0007043686508992439,2.0536375439600888e-05
2018,E07000029,59709,127774,34,31471,0.0010803596962282737,64.507197102094,female,40-44,1891,0.03167026746386642,3.421528053673091e-05,0.0002660948236730477,8.427294236475795e-06
2018,E07000029,59709,127774,34,31471,0.0010803596962282737,64.507197102094,male,40-44,1697,0.028421176037113333,3.0705093109906055e-05,0.0002660948236730477,7.562727826176321e-06
2018,E07000031,93447,127774,110,47227,0.002329176106888009,217.65451966036377,female,40-44,2856,0.030562778901409356,7.118609437726362e-05,0.0008608950177657426,2.631134408529927e-05
2018,E07000031,93447,127774,110,47227,0.002329176106888009,217.65451966036377,male,40-44,2563,0.027427311738204545,6.388303917679505e-05,0.0008608950177657426,2.3612036026128163e-05
2018,E07000037,80519,127774,957,41221,0.02321632177773465,1869.3550132214161,female,40-44,2593,0.03220357927942473,0.0007476486589459127,0.007489786654561961,0.00024119793831616344
2018,E07000037,80519,127774,957,41221,0.02321632177773465,1869.3550132214161,male,40-44,2470,0.03067598951800196,0.0007121836435003487,0.007489786654561961,0.0002297566169074137
2018,E07000117,74178,127774,241,43299,0.005565948405274948,412.8709208064851,female,40-44,2586,0.034862088489848744,0.00019404058583462775,0.0018861427207413088,6.575487443496757e-05
2018,E07000117,74178,127774,241,43299,0.005565948405274948,412.8709208064851,male,40-44,2556,0.03445765590876001,0.00019178953495487566,0.0018861427207413088,6.499205686611643e-05
2018,E07000118,100527,127774,304,47400,0.006413502109704641,644.7301265822784,female,40-44,3645,0.03625891551523471,0.00023254663115256015,0.0023792007763707794,8.626723994420893e-05
2018,E07000118,100527,127774,304,47400,0.006413502109704641,644.7301265822784,male,40-44,3788,0.03768141892227959,0.00024166985975470452,0.0023792007763707794,8.965166115464018e-05
2018,E07000119,70586,127774,118,37683,0.003131385505400313,221.0319772841865,female,40-44,2089,0.02959510384495509,9.267367921090944e-05,0.0009235055645123421,2.7331243083136634e-05
2018,E07000119,70586,127774,118,37683,0.003131385505400313,221.0319772841865,male,40-44,1978,0.028022554047544838,8.774941956877878e-05,0.0009235055645123421,2.587898459475551e-05
2018,E07000120,67922,127774,211,38567,0.005470998522052532,371.60116161485206,female,40-44,2238,0.03294955978916993,0.0001802669929088302,0.001651353170441561,5.441136002249953e-05
2018,E07000120,67922,127774,211,38567,0.005470998522052532,371.60116161485206,male,40-44,2267,0.03337652012602691,0.0001826028922807498,0.001651353170441561,5.511642232842111e-05
2018,E07000121,125761,127774,234,61595,0.00379900965987499,477.7672538355386,female,40-44,3602,0.028641629758033093,0.00010880982812533069,0.0018313584923380344,5.245309189177567e-05
2018,E07000121,125761,127774,234,61595,0.00379900965987499,477.7672538355386,male,40-44,3537,0.02812477636151112,0.00010684629707920453,0.0018313584923380344,5.1506548034761396e-05
2018,E07000122,76432,127774,166,43852,0.0037854601842561343,289.3302928030649,female,40-44,2652,0.03469750889679715,0.00013134603842169862,0.001299168844991939,4.507792255754948e-05
2018,E07000122,76432,127774,166,43852,0.0037854601842561343,289.3302928030649,male,40-44,2728,0.035691856813899935,0.00013511010287118921,0.001299168844991939,4.6369748392532045e-05
2018,E07000123,119604,127774,224,58635,0.003820243881640658,456.91644921974927,female,40-44,3807,0.03183003912912612,0.00012159851223542679,0.001753095308904785,5.580109227952675e-05
2018,E07000123,119604,127774,224,58635,0.003820243881640658,456.91644921974927,male,40-44,3937,0.0329169592990201,0.0001257508123642961,0.001753095308904785,5.770656693052188e-05
2018,E07000124,52725,127774,129,24077,0.0053578103584333596,282.4905511483989,female,40-44,1713,0.03248933143669986,0.00017407167651012508,0.0010095950662889163,3.2801068725517566e-05
2018,E07000124,52725,127774,129,24077,0.0053578103584333596,282.4905511483989,male,40-44,1550,0.02939781887150308,0.0001575079384650869,0.0010095950662889163,2.9679892892324705e-05
2018,E07000125,60391,127774,569,32779,0.01735867476128009,1048.3077275084659,female,40-44,2264,0.03748902982232452,0.0006507598758016612,0.004453175137351887,0.000166945215528219
2018,E07000125,60391,127774,569,32779,0.01735867476128009,1048.3077275084659,male,40-44,2110,0.03493898097398619,0.0006064944072179793,0.004453175137351887,0.00015558940139776591
2018,E07000126,95216,127774,192,44872,0.004278837582456766,407.4137992512034,female,40-44,3317,0.034836582087044196,0.00014906007667838485,0.0015026531219183871,5.2347298830063124e-05
2018,E07000126,95216,127774,192,44872,0.004278837582456766,407.4137992512034,male,40-44,3240,0.03402789447151739,0.00014559983371660143,0.0015026531219183871,5.113212185993503e-05
2018,E07000127,99344,127774,178,52870,0.003366748628711935,334.4662757707585,female,40-44,2935,0.029543807376389113,9.946657297138759e-05,0.0013930846651118382,4.115702500506568e-05
2018,E07000127,99344,127774,178,52870,0.003366748628711935,334.4662757707585,male,40-44,2758,0.027762119503945883,9.346807777004668e-05,0.0013930846651118382,3.867498295194928e-05
2018,E07000128,98293,127774,127,52682,0.0024106905584450095,236.95400706123533,female,40-44,2752,0.027997924572451753,6.749433242286497e-05,0.0009939424296022666,2.7828325173363695e-05
2018,E07000128,98293,127774,127,52682,0.0024106905584450095,236.95400706123533,male,40-44,2538,0.025820760379681156,6.224586325916834e-05,0.0009939424296022666,2.5664349305958233e-05
2018,E07000195,113762,127774,11,52219,0.00021065129550546736,23.964112679292978,female,40-44,3613,0.03175928693236758,6.6901349366330904e-06,8.608950177657427e-05,2.7341411887867904e-06
2018,E07000195,113762,127774,11,52219,0.00021065129550546736,23.964112679292978,male,40-44,3662,0.03219001072414339,6.780867461375692e-06,8.608950177657427e-05,2.771221985424087e-06
2018,E07000198,86796,127774,58,39191,0.001479931616952872,128.45214462504148,female,40-44,2782,0.03205216830268676,4.74350172630408e-05,0.00045392646391284613,1.4549327418378011e-05
2018,E07000198,86796,127774,58,39191,0.001479931616952872,128.45214462504148,male,40-44,2640,0.03041614820959491,4.5013819401303995e-05,0.00045392646391284613,1.3806694602630464e-05
2018,E08000001,238491,127774,7245,124929,0.05799293998991427,13830.794251134645,female,40-44,8544,0.03582525126734342,0.002077611646870647,0.05670167639738914,0.002031351804216062
2018,E08000001,238491,127774,7245,124929,0.05799293998991427,13830.794251134645,male,40-44,8463,0.03548561580940161,0.0020579151881397807,0.05670167639738914,0.0020120939043867664
2018,E08000002,160514,127774,7289,87589,0.08321821233259884,13357.68813435477,female,40-44,5875,0.03660116874540539,0.003045883832276426,0.05704603440449544,0.002087951531495139
2018,E08000002,160514,127774,7289,87589,0.08321821233259884,13357.68813435477,male,40-44,5456,0.03399080454041392,0.0028286539896000304,0.05704603440449544,0.0019390406052489323
2018,E08000003,460111,127774,9067,247549,0.03662709201006669,16852.527931843793,female,40-44,14676,0.03189665102551341,0.0011682815719244676,0.07096122841892717,0.0022634255392202647
2018,E08000003,460111,127774,9067,247549,0.03662709201006669,16852.527931843793,male,40-44,15872,0.03449602378556479,0.0012634890371753305,0.07096122841892717,0.002447880223392208
2018,E08000004,195007,127774,3752,97962,0.03830056552540781,7468.8783814132,female,40-44,6692,0.034316716835805894,0.001314349661786649,0.029364346424155148,0.0010076879613062416
2018,E08000004,195007,127774,3752,97962,0.03830056552540781,7468.8783814132,male,40-44,6749,0.0346090140353936,0.001325544809832351,0.029364346424155148,0.0010162710775337453
2018,E08000005,183414,127774,3847,95839,0.040140235186093345,7362.281096422125,female,40-44,6750,0.03680198894304688,0.0014772404914899086,0.030107846666771017,0.0011080286401294577
2018,E08000005,183414,127774,3847,95839,0.040140235186093345,7362.281096422125,male,40-44,6187,0.03373243045787126,0.001354027691977491,0.030107846666771017,0.0010156108439231045
2018,E08000006,213831,127774,63221,120639,0.5240510945879856,112058.36960684355,female,40-44,7002,0.032745485921124626,0.017160307739780833,0.4947876719833456,0.016202062746876675
2018,E08000006,213831,127774,63221,120639,0.5240510945879856,112058.36960684355,male,40-44,7319,0.03422796507522296,0.017937202563189935,0.4947876719833456,0.016935575156296827
2018,E08000007,248365,127774,3275,141232,0.023188795740342133,5759.2852540500735,female,40-44,9157,0.03686912407142713,0.0008549505872176551,0.025631192574389155,0.0009449996191237955
2018,E08000007,248365,127774,3275,141232,0.023188795740342133,5759.2852540500735,male,40-44,8977,0.036144384273146375,0.0008381447440704258,0.025631192574389155,0.0009264236737877375
2018,E08000008,190138,127774,3271,114776,0.028498989335749635,5418.740834320764,female,40-44,6522,0.03430140213949868,0.0009775552937748325,0.025599887301015856,0.0008781120290379903
2018,E08000008,190138,127774,3271,114776,0.028498989335749635,5418.740834320764,male,40-44,6496,0.03416465935268068,0.0009736582625515659,0.025599887301015856,0.0008746114291062229
2018,E08000009,198239,127774,9000,118072,0.07622467646859543,15110.70363845789,female,40-44,8555,0.04315497959533694,0.003289474357663396,0.0704368650899244,0.0030397014757151887
2018,E08000009,198239,127774,9000,118072,0.07622467646859543,15110.70363845789,male,40-44,8104,0.04087994794162602,0.003116060805903467,0.0704368650899244,0.002879455378047445
2018,E08000010,279767,127774,8099,150594,0.05378036309547525,15045.970842131825,female,40-44,9609,0.03434643828614525,0.0018471639220652245,0.06338535226258864,0.0021770610897325782
2018,E08000010,279767,127774,8099,150594,0.05378036309547525,15045.970842131825,male,40-44,9577,0.034232057390614336,0.001841012475972386,0.06338535226258864,0.0021698110163772405
2018,E08000012,427379,127774,8,235300,3.399915002124947e-05,14.530522736931577,female,40-44,12802,0.029954677230280384,1.0184335649904084e-06,6.261054674659946e-05,1.8754787190057686e-06
2018,E08000012,427379,127774,8,235300,3.399915002124947e-05,14.530522736931577,male,40-44,13554,0.03171423958594129,1.0782571894922665e-06,6.261054674659946e-05,1.9856458801284323e-06
2018,E08000013,154790,127774,210,91513,0.0022947559363150592,355.205271382208,female,40-44,5096,0.032922023386523676,7.554800860172841e-05,0.001643526852098236,5.410822946115776e-05
2018,E08000013,154790,127774,210,91513,0.0022947559363150592,355.205271382208,male,40-44,5090,0.0328832611925835,7.54590588270796e-05,0.001643526852098236,5.4044522754570845e-05
2018,E08000033,178791,127774,50,88593,0.0005643786755161243,100.90582777420337,female,40-44,6443,0.03603648953247087,2.0338226232586586e-05,0.00039131591716624664,1.4101651952850685e-05
2018,E08000033,178791,127774,50,88593,0.0005643786755161243,100.90582777420337,male,40-44,6121,0.03423550402425178,1.9321788416834165e-05,0.00039131591716624664,1.3396897656898813e-05
2018,E08000034,370482,127774,14,169882,8.241014351137849e-05,30.531474788382525,female,40-44,13270,0.03581820439319589,2.9517833643631608e-06,0.00010956845680654907,3.92454538094403e-06
2018,E08000034,370482,127774,14,169882,8.241014351137849e-05,30.531474788382525,male,40-44,13101,0.03536204188057719,2.9141909462337425e-06,0.00010956845680654907,3.874564358383401e-06
2018,E08000035,670103,127774,9,291326,3.0893226145280545e-05,20.70164351963093,female,40-44,22661,0.03381718929776467,1.044722076573605e-06,7.043686508992439e-05,2.3819768002870852e-06
2018,E08000035,670103,127774,9,291326,3.0893226145280545e-05,20.70164351963093,male,40-44,22251,0.033205343059201343,1.0258201723595287e-06,7.043686508992439e-05,2.3388802693256224e-06
2018,E06000006,108888,127774,70,70096,0.0009986304496690252,108.73887240356082,female,45-49,4599,0.042236059069869956,4.2178214661191744e-05,0.0005478422840327453,2.3138699069379506e-05
2018,E06000006,108888,127774,70,70096,0.0009986304496690252,108.73887240356082,male,45-49,4447,0.040840129307178015,4.0784196694568315e-05,0.0005478422840327453,2.2373949719837066e-05
2018,E06000007,179445,127774,935,96349,0.009704304144308711,1741.3888571754767,female,45-49,7858,0.04379057649976316,0.0004249570730083193,0.007317607651008812,0.0003204422576367536
2018,E06000007,179445,127774,935,96349,0.009704304144308711,1741.3888571754767,male,45-49,7795,0.043439493995374626,0.0004215500616059874,0.007317607651008812,0.00031787317361650473
2018,E06000008,122793,127774,419,67159,0.006238925534924582,766.0963832099942,female,45-49,5046,0.04109354767779922,0.00025637958392766235,0.0032792273858531468,0.0001347550869269012
2018,E06000008,122793,127774,419,67159,0.006238925534924582,766.0963832099942,male,45-49,5043,0.041069116317705406,0.0002562271584913201,0.0032792273858531468,0.0001346749709418079
2018,E06000009,119403,127774,118,72262,0.0016329467770058953,194.97874401483492,female,45-49,4892,0.04097049487868814,6.690263756449034e-05,0.0009235055645123421,3.783648000129291e-05
2018,E06000009,119403,127774,118,72262,0.0016329467770058953,194.97874401483492,male,45-49,4891,0.04096211987973501,6.68889616369424e-05,0.0009235055645123421,3.782874564315691e-05
2018,E06000049,329432,127774,3062,171737,0.017829588265778486,5873.636921571939,female,45-49,14588,0.044282279802812116,0.0007895348163541385,0.023964186767260944,0.0010611888236746966
2018,E06000049,329432,127774,3062,171737,0.017829588265778486,5873.636921571939,male,45-49,13706,0.04160494426770927,0.000741799026113917,0.023964186767260944,0.0009970286548728676
2018,E06000050,294284,127774,851,156247,0.005446504572887799,1602.8191517277132,female,45-49,12387,0.04209199276888992,0.0002292542310977191,0.006660196910169518,0.0002803409601822383
2018,E06000050,294284,127774,851,156247,0.005446504572887799,1602.8191517277132,male,45-49,11728,0.03985265933587963,0.00021705769131460804,0.006660196910169518,0.0002654265585708639
2018,E06000051,281288,127774,9,131591,6.839373513386174e-05,19.2383369683337,female,45-49,11177,0.03973507579420381,2.7176302493926963e-06,7.043686508992439e-05,2.798814173054254e-06
2018,E06000051,281288,127774,9,131591,6.839373513386174e-05,19.2383369683337,male,45-49,11131,0.03957154233383579,2.7064455852187616e-06,7.043686508992439e-05,2.7872953887686233e-06
2018,E07000027,58239,127774,90,33527,0.0026844036149968682,156.33698213380262,female,45-49,2477,0.04253163687563317,0.00011417207978068379,0.0007043686508992439,2.995795168662627e-05
2018,E07000027,58239,127774,90,33527,0.0026844036149968682,156.33698213380262,male,45-49,2245,0.038548051992650975,0.00010347853012015951,0.0007043686508992439,2.7152039376857478e-05
2018,E07000029,59709,127774,34,31471,0.0010803596962282737,64.507197102094,female,45-49,2427,0.040647138622318245,4.391353033455627e-05,0.0002660948236730477,1.08159931845197e-05
2018,E07000029,59709,127774,34,31471,0.0010803596962282737,64.507197102094,male,45-49,2314,0.038754626605704334,4.186893662717891e-05,0.0002660948236730477,1.0312405533159698e-05
2018,E07000031,93447,127774,110,47227,0.002329176106888009,217.65451966036377,female,45-49,3763,0.04026881547829251,9.379316286472094e-05,0.0008608950177657426,3.4667222616590044e-05
2018,E07000031,93447,127774,110,47227,0.002329176106888009,217.65451966036377,male,45-49,3456,0.03698353077145334,8.614115622122658e-05,0.0008608950177657426,3.1838937380530215e-05
2018,E07000037,80519,127774,957,41221,0.02321632177773465,1869.3550132214161,female,45-49,3493,0.04338106533861573,0.0010071487719622342,0.007489786654561961,0.00032491492423384455
2018,E07000037,80519,127774,957,41221,0.02321632177773465,1869.3550132214161,male,45-49,3364,0.04177895900346502,0.000969953755763228,0.007489786654561961,0.0003129154895856436
2018,E07000117,74178,127774,241,43299,0.005565948405274948,412.8709208064851,female,45-49,2865,0.03862331149397395,0.00021497535901632191,0.0018861427207413088,7.284907782528309e-05
2018,E07000117,74178,127774,241,43299,0.005565948405274948,412.8709208064851,male,45-49,2894,0.039014262989026396,0.00021715137486674892,0.0018861427207413088,7.35864681418392e-05
2018,E07000118,100527,127774,304,47400,0.006413502109704641,644.7301265822784,female,45-49,4405,0.04381907348274593,0.00028103372022689367,0.0023792007763707794,0.00010425437364999734
2018,E07000118,100527,127774,304,47400,0.006413502109704641,644.7301265822784,male,45-49,4533,0.04509236324569519,0.0002891999668078341,0.0023792007763707794,0.0001072837856425512
2018,E07000119,70586,127774,118,37683,0.003131385505400313,221.0319772841865,female,45-49,2682,0.03799620321310175,0.00011898076000175163,0.0009235055645123421,3.50897050976412e-05
2018,E07000119,70586,127774,118,37683,0.003131385505400313,221.0319772841865,male,45-49,2685,0.038038704558977704,0.0001191138481001876,0.0009235055645123421,3.51289553270569e-05
2018,E07000120,67922,127774,211,38567,0.005470998522052532,371.60116161485206,female,45-49,2855,0.042033509025058154,0.00022996526575277493,0.001651353170441561,6.941216839331374e-05
2018,E07000120,67922,127774,211,38567,0.005470998522052532,371.60116161485206,male,45-49,2745,0.04041400429904891,0.00022110495779032125,0.001651353170441561,6.673779412947329e-05
2018,E07000121,125761,127774,234,61595,0.00379900965987499,477.7672538355386,female,45-49,4486,0.03567083595073194,0.00013551385035264672,0.0018313584923380344,6.532608834716981e-05
2018,E07000121,125761,127774,234,61595,0.00379900965987499,477.7672538355386,male,45-49,4313,0.03429521075691192,0.00013028783695295706,0.0018313584923380344,6.280682546619336e-05
2018,E07000122,76432,127774,166,43852,0.0037854601842561343,289.3302928030649,female,45-49,3024,0.03956458028051078,0.00014977014335867896,0.001299168844991939,5.140107006562204e-05
2018,E07000122,76432,127774,166,43852,0.0037854601842561343,289.3302928030649,male,45-49,2932,0.03836089595980741,0.00014521364428824298,0.001299168844991939,4.983728089695893e-05
2018,E07000123,119604,127774,224,58635,0.003820243881640658,456.91644921974927,female,45-49,4473,0.03739841476873683,0.0001428710652033265,0.001753095308904785,6.556298549154797e-05
2018,E07000123,119604,127774,224,58635,0.003820243881640658,456.91644921974927,male,45-49,4596,0.03842680846794422,0.00014679977994064134,0.001753095308904785,6.736585766133569e-05
2018,E07000124,52725,127774,129,24077,0.0053578103584333596,282.4905511483989,female,45-49,2419,0.045879563774300615,0.00024581400203035176,0.0010095950662889163,4.631978123002159e-05
2018,E07000124,52725,127774,129,24077,0.0053578103584333596,282.4905511483989,male,45-49,2197,0.041669037458511145,0.00022325480052115868,0.0010095950662889163,4.2068854635120897e-05
2018,E07000125,60391,127774,569,32779,0.01735867476128009,1048.3077275084659,female,45-49,2725,0.04512261760858406,0.0007832688434450207,0.004453175137351887,0.00020093891886678302
2018,E07000125,60391,127774,569,32779,0.01735867476128009,1048.3077275084659,male,45-49,2606,0.04315212531668626,0.0007490637086303573,0.004453175137351887,0.00019216397158416018
2018,E07000126,95216,127774,192,44872,0.004278837582456766,407.4137992512034,female,45-49,4129,0.04336456057805411,0.000185549911548101,0.0015026531219183871,6.516189233323203e-05
2018,E07000126,95216,127774,192,44872,0.004278837582456766,407.4137992512034,male,45-49,3868,0.04062342463451521,0.0001738210360542637,0.0015026531219183871,6.104291585007059e-05
2018,E07000127,99344,127774,178,52870,0.003366748628711935,334.4662757707585,female,45-49,4117,0.04144185859236592,0.00013952432058712187,0.0013930846651118382,5.7732017698758226e-05
2018,E07000127,99344,127774,178,52870,0.003366748628711935,334.4662757707585,male,45-49,3718,0.03742551135448542,0.00012600228903155675,0.0013930846651118382,5.213690595190262e-05
2018,E07000128,98293,127774,127,52682,0.0024106905584450095,236.95400706123533,female,45-49,3837,0.03903635050308771,9.410456159394364e-05,0.0009939424296022666,3.879988506184466e-05
2018,E07000128,98293,127774,127,52682,0.0024106905584450095,236.95400706123533,male,45-49,3416,0.03475323776871191,8.377930216442831e-05,0.0009939424296022666,3.4542717584378774e-05
2018,E07000195,113762,127774,11,52219,0.00021065129550546736,23.964112679292978,female,45-49,4258,0.03742901847717164,7.88447123171428e-06,8.608950177657427e-05,3.222245552685899e-06
2018,E07000195,113762,127774,11,52219,0.00021065129550546736,23.964112679292978,male,45-49,4291,0.037719097765510454,7.945576809602156e-06,8.608950177657427e-05,3.2472183340946905e-06
2018,E07000198,86796,127774,58,39191,0.001479931616952872,128.45214462504148,female,45-49,3721,0.04287063919996313,6.344561439100461e-05,0.00045392646391284613,1.946011765772271e-05
2018,E07000198,86796,127774,58,39191,0.001479931616952872,128.45214462504148,male,45-49,3733,0.04300889441909765,6.365022266101054e-05,0.00045392646391284613,1.952287536046194e-05
2018,E08000001,238491,127774,7245,124929,0.05799293998991427,13830.794251134645,female,45-49,10014,0.04198900587443551,0.0024350658979122963,0.05670167639738914,0.0023808470233403142
2018,E08000001,238491,127774,7245,124929,0.05799293998991427,13830.794251134645,male,45-49,9873,0.04139778859579607,0.0024007794697511586,0.05670167639738914,0.0023473240125263554
2018,E08000002,160514,127774,7289,87589,0.08321821233259884,13357.68813435477,female,45-49,6839,0.04260687541273658,0.0035456680049256975,0.05704603440449544,0.002430553280663022
2018,E08000002,160514,127774,7289,87589,0.08321821233259884,13357.68813435477,male,45-49,6479,0.04036408039174153,0.003359026612650036,0.05704603440449544,0.0023026107187331074
2018,E08000003,460111,127774,9067,247549,0.03662709201006669,16852.527931843793,female,45-49,14378,0.031248981224095924,0.0011445593105158078,0.07096122841892717,0.0022174660945018373
2018,E08000003,460111,127774,9067,247549,0.03662709201006669,16852.527931843793,male,45-49,15120,0.03286163556185355,0.0012036261493252895,0.07096122841892717,0.00233190202732423
2018,E08000004,195007,127774,3752,97962,0.03830056552540781,7468.8783814132,female,45-49,7913,0.040578030532237304,0.0015541615172919535,0.029364346424155148,0.001191547345758561
2018,E08000004,195007,127774,3752,97962,0.03830056552540781,7468.8783814132,male,45-49,7899,0.04050623823760173,0.0015514118318070444,0.029364346424155148,0.0011894392119482968
2018,E08000005,183414,127774,3847,95839,0.040140235186093345,7362.281096422125,female,45-49,7531,0.04106011536742015,0.0016481626876163704,0.030107846666771017,0.0012362316576022142
2018,E08000005,183414,127774,3847,95839,0.040140235186093345,7362.281096422125,male,45-49,7337,0.04000239894446444,0.0016057057016387348,0.030107846666771017,0.001204386093722938
2018,E08000006,213831,127774,63221,120639,0.5240510945879856,112058.36960684355,female,45-49,7787,0.03641660937843437,0.019084164005951632,0.4947876719833456,0.018018489375882414
2018,E08000006,213831,127774,63221,120639,0.5240510945879856,112058.36960684355,male,45-49,7644,0.035747856952453104,0.01873370356510778,0.4947876719833456,0.017687598919897927
2018,E08000007,248365,127774,3275,141232,0.023188795740342133,5759.2852540500735,female,45-49,10472,0.042163750931089324,0.0009777266079876907,0.025631192574389155,0.0010807072197733306
2018,E08000007,248365,127774,3275,141232,0.023188795740342133,5759.2852540500735,male,45-49,10146,0.04085116662975862,0.0009472893587321534,0.025631192574389155,0.0010470641187758033
2018,E08000008,190138,127774,3271,114776,0.028498989335749635,5418.740834320764,female,45-49,7973,0.04193270151153373,0.0011950396131963723,0.025599887301015856,0.0010734724329224006
2018,E08000008,190138,127774,3271,114776,0.028498989335749635,5418.740834320764,male,45-49,7796,0.04100179869358045,0.0011685098237149026,0.025599887301015856,0.0010496414256945987
2018,E08000009,198239,127774,9000,118072,0.07622467646859543,15110.70363845789,female,45-49,9034,0.045571254899389124,0.0034736541609738303,0.0704368650899244,0.0032098963333268282
2018,E08000009,198239,127774,9000,118072,0.07622467646859543,15110.70363845789,male,45-49,8597,0.04336684507084882,0.003305623734989154,0.0704368650899244,0.0030546246156310315
2018,E08000010,279767,127774,8099,150594,0.05378036309547525,15045.970842131825,female,45-49,12414,0.04437263866002781,0.002386376618640618,0.06338535226258864,0.002812575332286422
2018,E08000010,279767,127774,8099,150594,0.05378036309547525,15045.970842131825,male,45-49,12139,0.04338967783905893,0.002333512628780285,0.06338535226258864,0.002750270014388986
2018,E08000012,427379,127774,8,235300,3.399915002124947e-05,14.530522736931577,female,45-49,14214,0.033258536334260694,1.1307619663157056e-06,6.261054674659946e-05,2.082335143879706e-06
2018,E08000012,427379,127774,8,235300,3.399915002124947e-05,14.530522736931577,male,45-49,14526,0.03398856752437532,1.1555824062686042e-06,6.261054674659946e-05,2.128042795834853e-06
2018,E08000013,154790,127774,210,91513,0.0022947559363150592,355.205271382208,female,45-49,6554,0.04234123651398669,9.71628038413909e-05,0.001643526852098236,6.958895916177943e-05
2018,E08000013,154790,127774,210,91513,0.0022947559363150592,355.205271382208,male,45-49,6161,0.0398023128109051,9.133659360189341e-05,0.001643526852098236,6.541616988033614e-05
2018,E08000033,178791,127774,50,88593,0.0005643786755161243,100.90582777420337,female,45-49,7778,0.04350330833207488,2.4552339537025996e-05,0.00039131591716624664,1.70235369997319e-05
2018,E08000033,178791,127774,50,88593,0.0005643786755161243,100.90582777420337,male,45-49,7866,0.043995503129352145,2.4830123784809264e-05,0.00039131591716624664,1.721614065825291e-05
2018,E08000034,370482,127774,14,169882,8.241014351137849e-05,30.531474788382525,female,45-49,15411,0.04159716261518778,3.428028140783773e-06,0.00010956845680654907,4.557736915277201e-06
2018,E08000034,370482,127774,14,169882,8.241014351137849e-05,30.531474788382525,male,45-49,15684,0.042334040520187216,3.4887543546851406e-06,0.00010956845680654907,4.638475490182831e-06
2018,E08000035,670103,127774,9,291326,3.0893226145280545e-05,20.70164351963093,female,45-49,24711,0.0368764204905813,1.1392315976439854e-06,7.043686508992439e-05,2.5974594550943985e-06
2018,E08000035,670103,127774,9,291326,3.0893226145280545e-05,20.70164351963093,male,45-49,24342,0.0363257588758743,1.1222198838513169e-06,7.043686508992439e-05,2.558672577229082e-06
2018,E06000006,108888,127774,70,70096,0.0009986304496690252,108.73887240356082,female,50-54,4564,0.04191462787451326,4.185722368203504e-05,0.0005478422840327453,2.296260546915592e-05
2018,E06000006,108888,127774,70,70096,0.0009986304496690252,108.73887240356082,male,50-54,4369,0.04012379692895452,4.006884536959051e-05,0.0005478422840327453,2.1981512553624498e-05
2018,E06000007,179445,127774,935,96349,0.009704304144308711,1741.3888571754767,female,50-54,8164,0.04549583437822174,0.00044150541410535994,0.007317607651008812,0.0003329206657351051
2018,E06000007,179445,127774,935,96349,0.009704304144308711,1741.3888571754767,male,50-54,8165,0.04550140711638664,0.0004415594936514287,0.007317607651008812,0.0003329614448465377
2018,E06000008,122793,127774,419,67159,0.006238925534924582,766.0963832099942,female,50-54,4862,0.03959509092537848,0.00024703082383200443,0.0032792273858531468,0.00012984130650784653
2018,E06000008,122793,127774,419,67159,0.006238925534924582,766.0963832099942,male,50-54,4936,0.040197731141025955,0.0002507906512617799,0.0032792273858531468,0.00013181750080681418
2018,E06000009,119403,127774,118,72262,0.0016329467770058953,194.97874401483492,female,50-54,5340,0.0447224944096882,7.302945310596451e-05,0.0009235055645123421,4.130147244621917e-05
2018,E06000009,119403,127774,118,72262,0.0016329467770058953,194.97874401483492,male,50-54,5469,0.04580286927464134,7.479364775964792e-05,0.0009235055645123421,4.229920464576266e-05
2018,E06000049,329432,127774,3062,171737,0.017829588265778486,5873.636921571939,female,50-54,15436,0.04685640739211734,0.0008354304514150317,0.023964186767260944,0.0011228756979875664
2018,E06000049,329432,127774,3062,171737,0.017829588265778486,5873.636921571939,male,50-54,14737,0.04473457344763107,0.0007975990258164888,0.023964186767260944,0.0010720276730527833
2018,E06000050,294284,127774,851,156247,0.005446504572887799,1602.8191517277132,female,50-54,13140,0.04465074553832352,0.00024319048975732856,0.006660196910169518,0.0002973827574711077
2018,E06000050,294284,127774,851,156247,0.005446504572887799,1602.8191517277132,male,50-54,12447,0.04229587745171331,0.0002303646899550585,0.006660196910169518,0.00028169887231680954
2018,E06000051,281288,127774,9,131591,6.839373513386174e-05,19.2383369683337,female,50-54,12593,0.04476906231335855,3.061923390051196e-06,7.043686508992439e-05,3.153392402368455e-06
2018,E06000051,281288,127774,9,131591,6.839373513386174e-05,19.2383369683337,male,50-54,12261,0.043588777338528485,2.981199292100192e-06,7.043686508992439e-05,3.0702568288286847e-06
2018,E07000027,58239,127774,90,33527,0.0026844036149968682,156.33698213380262,female,50-54,2677,0.045965761774755746,0.0001233906570742392,0.0007043686508992439,3.237684160884074e-05
2018,E07000027,58239,127774,90,33527,0.0026844036149968682,156.33698213380262,male,50-54,2658,0.0456395199093391,0.0001225148922313514,0.0007043686508992439,3.2147047066230364e-05
2018,E07000029,59709,127774,34,31471,0.0010803596962282737,64.507197102094,female,50-54,2781,0.04657589308144501,5.031871770103049e-05,0.0002660948236730477,1.2393604056921832e-05
2018,E07000029,59709,127774,34,31471,0.0010803596962282737,64.507197102094,male,50-54,2682,0.044917851580163794,4.852743648837244e-05,0.0002660948236730477,1.1952407795995812e-05
2018,E07000031,93447,127774,110,47227,0.002329176106888009,217.65451966036377,female,50-54,4268,0.04567294830224619,0.00010638033991672309,0.0008608950177657426,3.931961364007608e-05
2018,E07000031,93447,127774,110,47227,0.002329176106888009,217.65451966036377,male,50-54,3946,0.04222714479865592,9.835445672712963e-05,0.0008608950177657426,3.635313857163548e-05
2018,E07000037,80519,127774,957,41221,0.02321632177773465,1869.3550132214161,female,50-54,3926,0.04875867807598207,0.0011319971596689756,0.007489786654561961,0.0003651920963475734
2018,E07000037,80519,127774,957,41221,0.02321632177773465,1869.3550132214161,male,50-54,3770,0.046821247159055626,0.0010870171400794797,0.007489786654561961,0.00035068115212184196
2018,E07000117,74178,127774,241,43299,0.005565948405274948,412.8709208064851,female,50-54,3029,0.04083420960392569,0.00022728110382563317,0.0018861427207413088,7.701914720166929e-05
2018,E07000117,74178,127774,241,43299,0.005565948405274948,412.8709208064851,male,50-54,2960,0.039904014667421606,0.00022210368680220343,0.0018861427207413088,7.526466679331168e-05
2018,E07000118,100527,127774,304,47400,0.006413502109704641,644.7301265822784,female,50-54,4467,0.044435823211674476,0.0002849892459145367,0.0023792007763707794,0.00010572174508389062
2018,E07000118,100527,127774,304,47400,0.006413502109704641,644.7301265822784,male,50-54,4513,0.044893411720234366,0.00028792399077956217,0.0023792007763707794,0.00010681044001871465
2018,E07000119,70586,127774,118,37683,0.003131385505400313,221.0319772841865,female,50-54,3165,0.044838919899130136,0.00014040794384994178,0.0009235055645123421,4.140899203356986e-05
2018,E07000119,70586,127774,118,37683,0.003131385505400313,221.0319772841865,male,50-54,3111,0.04407389567336299,0.00013801235807809446,0.0009235055645123421,4.070248790408716e-05
2018,E07000120,67922,127774,211,38567,0.005470998522052532,371.60116161485206,female,50-54,2804,0.04128264774299932,0.00022585730478836457,0.001651353170441561,6.817223123462408e-05
2018,E07000120,67922,127774,211,38567,0.005470998522052532,371.60116161485206,male,50-54,2880,0.04240157828096935,0.00023197897210787803,0.001651353170441561,7.001998072600477e-05
2018,E07000121,125761,127774,234,61595,0.00379900965987499,477.7672538355386,female,50-54,5025,0.039956743346506465,0.00015179605395052378,0.0018313584923380344,7.317512125379587e-05
2018,E07000121,125761,127774,234,61595,0.00379900965987499,477.7672538355386,male,50-54,4642,0.03691128410238468,0.00014022632486334954,0.0018313584923380344,6.759779360400407e-05
2018,E07000122,76432,127774,166,43852,0.0037854601842561343,289.3302928030649,female,50-54,3033,0.03968233200753611,0.00015021588783296075,0.001299168844991939,5.155404944081734e-05
2018,E07000122,76432,127774,166,43852,0.0037854601842561343,289.3302928030649,male,50-54,2910,0.038073058404856606,0.00014412404668444305,0.001299168844991939,4.946333131314819e-05
2018,E07000123,119604,127774,224,58635,0.003820243881640658,456.91644921974927,female,50-54,4423,0.03698036854954684,0.00014127402669222294,0.001753095308904785,6.483011062578062e-05
2018,E07000123,119604,127774,224,58635,0.003820243881640658,456.91644921974927,male,50-54,4749,0.0397060298986656,0.00015168671778461828,0.001753095308904785,6.96084547505838e-05
2018,E07000124,52725,127774,129,24077,0.0053578103584333596,282.4905511483989,female,50-54,2520,0.04779516358463727,0.0002560774225367865,0.0010095950662889163,4.825376134752146e-05
2018,E07000124,52725,127774,129,24077,0.0053578103584333596,282.4905511483989,male,50-54,2474,0.04692271218587008,0.00025140299339524195,0.0010095950662889163,4.7372938719749244e-05
2018,E07000125,60391,127774,569,32779,0.01735867476128009,1048.3077275084659,female,50-54,2664,0.044112533324502,0.0007657351188761597,0.004453175137351887,0.00019644083664627888
2018,E07000125,60391,127774,569,32779,0.01735867476128009,1048.3077275084659,male,50-54,2810,0.046530112102796777,0.0008077010825983516,0.004453175137351887,0.00020720673835437073
2018,E07000126,95216,127774,192,44872,0.004278837582456766,407.4137992512034,female,50-54,4284,0.044992438245673,0.00019251533569195078,0.0015026531219183871,6.760802779258077e-05
2018,E07000126,95216,127774,192,44872,0.004278837582456766,407.4137992512034,male,50-54,4197,0.04407872626449336,0.00018860571052733833,0.0015026531219183871,6.623503563152696e-05
2018,E07000127,99344,127774,178,52870,0.003366748628711935,334.4662757707585,female,50-54,4217,0.04244846191013046,0.00014291330092686252,0.0013930846651118382,5.913430134458671e-05
2018,E07000127,99344,127774,178,52870,0.003366748628711935,334.4662757707585,male,50-54,4164,0.04191496215171525,0.00014111714134679997,0.0013930846651118382,5.839109101229761e-05
2018,E07000128,98293,127774,127,52682,0.0024106905584450095,236.95400706123533,female,50-54,4242,0.04315668460622832,0.00010403741211402369,0.0009939424296022666,4.2895259951093313e-05
2018,E07000128,98293,127774,127,52682,0.0024106905584450095,236.95400706123533,male,50-54,4092,0.04163063493839846,0.00010035857858806811,0.0009939424296022666,4.1378454436556774e-05
2018,E07000195,113762,127774,11,52219,0.00021065129550546736,23.964112679292978,female,50-54,4559,0.040074893198080205,8.441828169418837e-06,8.608950177657427e-05,3.4500275891721497e-06
2018,E07000195,113762,127774,11,52219,0.00021065129550546736,23.964112679292978,male,50-54,4473,0.03931892899210633,8.282583330074678e-06,8.608950177657427e-05,3.3849470073189354e-06
2018,E07000198,86796,127774,58,39191,0.001479931616952872,128.45214462504148,female,50-54,4051,0.0466726577261625,6.907234181616762e-05,0.00045392646391284613,2.118595448305152e-05
2018,E07000198,86796,127774,58,39191,0.001479931616952872,128.45214462504148,male,50-54,3912,0.04507120143785428,6.67022960219323e-05,0.00045392646391284613,2.045901109298878e-05
2018,E08000001,238491,127774,7245,124929,0.05799293998991427,13830.794251134645,female,50-54,10184,0.04270182103307882,0.0024764041446313986,0.05670167639738914,0.0024212648377968603
2018,E08000001,238491,127774,7245,124929,0.05799293998991427,13830.794251134645,male,50-54,9802,0.041100083441303864,0.002383514672592004,0.05670167639738914,0.0023304436311945035
2018,E08000002,160514,127774,7289,87589,0.08321821233259884,13357.68813435477,female,50-54,7043,0.043877792591300445,0.0036514314605485725,0.05704603440449544,0.0025030540657566404
2018,E08000002,160514,127774,7289,87589,0.08321821233259884,13357.68813435477,male,50-54,6813,0.04244489577233138,0.0035321883488168998,0.05704603440449544,0.002421312984523639
2018,E08000003,460111,127774,9067,247549,0.03662709201006669,16852.527931843793,female,50-54,14289,0.031055549639108823,0.0011374744740548324,0.07096122841892717,0.0022037399516161324
2018,E08000003,460111,127774,9067,247549,0.03662709201006669,16852.527931843793,male,50-54,14101,0.030646952583181016,0.0011225087520923222,0.07096122841892717,0.002174745402599138
2018,E08000004,195007,127774,3752,97962,0.03830056552540781,7468.8783814132,female,50-54,8057,0.04131646556277467,0.0015824439965653064,0.029364346424155148,0.0012132310078069918
2018,E08000004,195007,127774,3752,97962,0.03830056552540781,7468.8783814132,male,50-54,7827,0.04013702072233304,0.0015372705921703677,0.029364346424155148,0.0011785973809240813
2018,E08000005,183414,127774,3847,95839,0.040140235186093345,7362.281096422125,female,50-54,7637,0.04163804289748874,0.0016713608345938417,0.030107846666771017,0.0012536318110620251
2018,E08000005,183414,127774,3847,95839,0.040140235186093345,7362.281096422125,male,50-54,7483,0.040798412334936265,0.0016376578663435534,0.030107846666771017,0.0012283523428279605
2018,E08000006,213831,127774,63221,120639,0.5240510945879856,112058.36960684355,female,50-54,7825,0.03659431981331051,0.019177293353868183,0.4947876719833456,0.018106418308241924
2018,E08000006,213831,127774,63221,120639,0.5240510945879856,112058.36960684355,male,50-54,8149,0.03810953510014918,0.019971343583472436,0.4947876719833456,0.018856128152570407
2018,E08000007,248365,127774,3275,141232,0.023188795740342133,5759.2852540500735,female,50-54,10969,0.04416483804078675,0.001024129408233096,0.025631192574389155,0.001131997468840113
2018,E08000007,248365,127774,3275,141232,0.023188795740342133,5759.2852540500735,male,50-54,10406,0.041898013005053046,0.0009715644655003733,0.025631192574389155,0.001073896039816776
2018,E08000008,190138,127774,3271,114776,0.028498989335749635,5418.740834320764,female,50-54,8547,0.0449515614974387,0.0012810740717407994,0.025599887301015856,0.0011507549083391144
2018,E08000008,190138,127774,3271,114776,0.028498989335749635,5418.740834320764,male,50-54,8360,0.043968065299940046,0.001253045424096535,0.025599887301015856,0.0011255775165221712
2018,E08000009,198239,127774,9000,118072,0.07622467646859543,15110.70363845789,female,50-54,9047,0.045636832308476136,0.0034786527777651366,0.0704368650899244,0.003214515400443637
2018,E08000009,198239,127774,9000,118072,0.07622467646859543,15110.70363845789,male,50-54,8288,0.0418081205010114,0.003186810458949646,0.0704368650899244,0.002944832943393043
2018,E08000010,279767,127774,8099,150594,0.05378036309547525,15045.970842131825,female,50-54,12451,0.04450489157048544,0.0023934892281854627,0.06338535226258864,0.002820958229603531
2018,E08000010,279767,127774,8099,150594,0.05378036309547525,15045.970842131825,male,50-54,12794,0.045730911794457534,0.0024594250409930777,0.06338535226258864,0.0028986699533810603
2018,E08000012,427379,127774,8,235300,3.399915002124947e-05,14.530522736931577,female,50-54,15572,0.03643604388610577,1.2387945222645398e-06,6.261054674659946e-05,2.281280628992175e-06
2018,E08000012,427379,127774,8,235300,3.399915002124947e-05,14.530522736931577,male,50-54,14175,0.03316728243549636,1.1276594113215933e-06,6.261054674659946e-05,2.076621687385312e-06
2018,E08000013,154790,127774,210,91513,0.0022947559363150592,355.205271382208,female,50-54,6636,0.04287098649783578,9.837845076159141e-05,0.001643526852098236,7.045961748513401e-05
2018,E08000013,154790,127774,210,91513,0.0022947559363150592,355.205271382208,male,50-54,6559,0.04237353834227017,9.723692865359825e-05,0.001643526852098236,6.96420480839352e-05
2018,E08000033,178791,127774,50,88593,0.0005643786755161243,100.90582777420337,female,50-54,8080,0.045192431386367325,2.5505644569191316e-05,0.00039131591716624664,1.7684517736929e-05
2018,E08000033,178791,127774,50,88593,0.0005643786755161243,100.90582777420337,male,50-54,8006,0.04477854030683871,2.527205326991902e-05,0.00039131591716624664,1.7522555569536335e-05
2018,E08000034,370482,127774,14,169882,8.241014351137849e-05,30.531474788382525,female,50-54,15082,0.04070913026813718,3.3548452676205868e-06,0.00010956845680654907,4.460436581416568e-06
2018,E08000034,370482,127774,14,169882,8.241014351137849e-05,30.531474788382525,male,50-54,15475,0.041769910548960544,3.4422643227972804e-06,0.00010956845680654907,4.576664639797202e-06
2018,E08000035,670103,127774,9,291326,3.0893226145280545e-05,20.70164351963093,female,50-54,24547,0.03663168199515597,1.131670835958355e-06,7.043686508992439e-05,2.5802208427098135e-06
2018,E08000035,670103,127774,9,291326,3.0893226145280545e-05,20.70164351963093,male,50-54,24440,0.03647200504996993,1.1267378999805352e-06,7.043686508992439e-05,2.568973699263773e-06
2018,E06000006,108888,127774,70,70096,0.0009986304496690252,108.73887240356082,female,55-59,4646,0.042667695246491805,4.260925969034504e-05,0.0005478422840327453,2.337516761825118e-05
2018,E06000006,108888,127774,70,70096,0.0009986304496690252,108.73887240356082,male,55-59,4276,0.03926970832414958,3.921592648211696e-05,0.0005478422840327453,2.151360670160182e-05
2018,E06000007,179445,127774,935,96349,0.009704304144308711,1741.3888571754767,female,55-59,7247,0.040385633481010895,0.0003919144703603067,0.007317607651008812,0.00029552622055148295
2018,E06000007,179445,127774,935,96349,0.009704304144308711,1741.3888571754767,male,55-59,7353,0.04097634372649001,0.0003976469022435953,0.007317607651008812,0.00029984880636333024
2018,E06000008,122793,127774,419,67159,0.006238925534924582,766.0963832099942,female,55-59,4412,0.03593038691130602,0.00022416700838066712,0.0032792273858531468,0.00011782390874385416
2018,E06000008,122793,127774,419,67159,0.006238925534924582,766.0963832099942,male,55-59,4527,0.03686692238156898,0.0002300099834404533,0.0032792273858531468,0.00012089502150576332
2018,E06000009,119403,127774,118,72262,0.0016329467770058953,194.97874401483492,female,55-59,4892,0.04097049487868814,6.690263756449034e-05,0.0009235055645123421,3.783648000129291e-05
2018,E06000009,119403,127774,118,72262,0.0016329467770058953,194.97874401483492,male,55-59,5036,0.042176494727938156,6.887197113139275e-05,0.0009235055645123421,3.895022757287635e-05
2018,E06000049,329432,127774,3062,171737,0.017829588265778486,5873.636921571939,female,55-59,14160,0.04298307389688919,0.0007663705099790651,0.023964186767260944,0.0010300544106960313
2018,E06000049,329432,127774,3062,171737,0.017829588265778486,5873.636921571939,male,55-59,13934,0.04229704461011681,0.0007541388902576479,0.023964186767260944,0.0010136142767400071
2018,E06000050,294284,127774,851,156247,0.005446504572887799,1602.8191517277132,female,55-59,12447,0.04229587745171331,0.0002303646899550585,0.006660196910169518,0.00028169887231680954
2018,E06000050,294284,127774,851,156247,0.005446504572887799,1602.8191517277132,male,55-59,11754,0.0399410093651031,0.00021753889015278845,0.006660196910169518,0.0002660149871625115
2018,E06000051,281288,127774,9,131591,6.839373513386174e-05,19.2383369683337,female,55-59,11963,0.04252936492136174,2.9087421198429653e-06,7.043686508992439e-05,2.99563513932612e-06
2018,E06000051,281288,127774,9,131591,6.839373513386174e-05,19.2383369683337,male,55-59,12101,0.0430199653024658,2.9422961123647684e-06,7.043686508992439e-05,3.0301914921830123e-06
2018,E07000027,58239,127774,90,33527,0.0026844036149968682,156.33698213380262,female,55-59,2376,0.04079740380157627,0.0001095166982474383,0.0007043686508992439,2.873641227590796e-05
2018,E07000027,58239,127774,90,33527,0.0026844036149968682,156.33698213380262,male,55-59,2473,0.04246295437765071,0.00011398770823481267,0.0007043686508992439,2.9909573888181976e-05
2018,E07000029,59709,127774,34,31471,0.0010803596962282737,64.507197102094,female,55-59,2579,0.04319281850307324,4.666378027722316e-05,0.0002660948236730477,1.1493385423517226e-05
2018,E07000029,59709,127774,34,31471,0.0010803596962282737,64.507197102094,male,55-59,2834,0.04746353146091879,5.127768643103934e-05,0.0002660948236730477,1.2629800034993339e-05
2018,E07000031,93447,127774,110,47227,0.002329176106888009,217.65451966036377,female,55-59,4318,0.04620801095808319,0.00010762659507038666,0.0008608950177657426,3.9780246414678655e-05
2018,E07000031,93447,127774,110,47227,0.002329176106888009,217.65451966036377,male,55-59,4002,0.04282641497319336,9.975026249923284e-05,0.0008608950177657426,3.6869047279190365e-05
2018,E07000037,80519,127774,957,41221,0.02321632177773465,1869.3550132214161,female,55-59,3646,0.0452812379686782,0.0010512637911750087,0.007489786654561961,0.00033914681183985036
2018,E07000037,80519,127774,957,41221,0.02321632177773465,1869.3550132214161,male,55-59,3580,0.04446155565767086,0.0010322337828871453,0.007489786654561961,0.0003330075662058871
2018,E07000117,74178,127774,241,43299,0.005565948405274948,412.8709208064851,female,55-59,2928,0.03947261991426029,0.00021970256586380124,0.0018861427207413088,7.445099471987047e-05
2018,E07000117,74178,127774,241,43299,0.005565948405274948,412.8709208064851,male,55-59,2821,0.038030143708377144,0.00021167381772601887,0.0018861427207413088,7.173027872430143e-05
2018,E07000118,100527,127774,304,47400,0.006413502109704641,644.7301265822784,female,55-59,3943,0.03922329324460095,0.00025155867397381196,0.0023792007763707794,9.332008973937333e-05
2018,E07000118,100527,127774,304,47400,0.006413502109704641,644.7301265822784,male,55-59,4090,0.04068558695673799,0.0002609370977816107,0.0023792007763707794,9.679918007457188e-05
2018,E07000119,70586,127774,118,37683,0.003131385505400313,221.0319772841865,female,55-59,3337,0.04727566372935143,0.00014803832816027038,0.0009235055645123421,4.365933852007034e-05
2018,E07000119,70586,127774,118,37683,0.003131385505400313,221.0319772841865,male,55-59,3084,0.04369138356047941,0.00013681456519217076,0.0009235055645123421,4.0349235839345804e-05
2018,E07000120,67922,127774,211,38567,0.005470998522052532,371.60116161485206,female,55-59,2589,0.03811725214216307,0.00020853943013447786,0.001651353170441561,6.294504517348137e-05
2018,E07000120,67922,127774,211,38567,0.005470998522052532,371.60116161485206,male,55-59,2514,0.03701304437442949,0.0002024983110691685,0.001651353170441561,6.112160817540832e-05
2018,E07000121,125761,127774,234,61595,0.00379900965987499,477.7672538355386,female,55-59,4884,0.03883556905558957,0.000147536701988927,0.0018313584923380344,7.112184919473413e-05
2018,E07000121,125761,127774,234,61595,0.00379900965987499,477.7672538355386,male,55-59,4443,0.03532891754995587,0.0001342148990452094,0.0018313584923380344,6.469991318022191e-05
2018,E07000122,76432,127774,166,43852,0.0037854601842561343,289.3302928030649,female,55-59,2974,0.03891040401925895,0.00014729378516822463,0.001299168844991939,5.055118464787035e-05
2018,E07000122,76432,127774,166,43852,0.0037854601842561343,289.3302928030649,male,55-59,2827,0.036987125811178564,0.00014001329208828883,0.001299168844991939,4.805252151968039e-05
2018,E07000123,119604,127774,224,58635,0.003820243881640658,456.91644921974927,female,55-59,4260,0.035617537874987455,0.00013606768114602524,0.001753095308904785,6.244093856337901e-05
2018,E07000123,119604,127774,224,58635,0.003820243881640658,456.91644921974927,male,55-59,4321,0.036127554262399254,0.00013801606812957162,0.001753095308904785,6.33350458996152e-05
2018,E07000124,52725,127774,129,24077,0.0053578103584333596,282.4905511483989,female,55-59,2327,0.044134660976766237,0.00023646514374726273,0.0010095950662889163,4.455813597447716e-05
2018,E07000124,52725,127774,129,24077,0.0053578103584333596,282.4905511483989,male,55-59,2383,0.04519677572309151,0.0002421557531369691,0.0010095950662889163,4.5630441782199854e-05
2018,E07000125,60391,127774,569,32779,0.01735867476128009,1048.3077275084659,female,55-59,2540,0.04205924723882698,0.0007300927935230652,0.004453175137351887,0.00018729719409968032
2018,E07000125,60391,127774,569,32779,0.01735867476128009,1048.3077275084659,male,55-59,2488,0.041198191783543905,0.0007151460119233803,0.004453175137351887,0.0001834627633543325
2018,E07000126,95216,127774,192,44872,0.004278837582456766,407.4137992512034,female,55-59,3933,0.04130608301125861,0.0001767420203726523,0.0015026531219183871,6.20687145910878e-05
2018,E07000126,95216,127774,192,44872,0.004278837582456766,407.4137992512034,male,55-59,3786,0.03976222483616199,0.00017013610199106575,0.0015026531219183871,5.9748831284479645e-05
2018,E07000127,99344,127774,178,52870,0.003366748628711935,334.4662757707585,female,55-59,4146,0.041733773554517635,0.00014050712488564667,0.0013930846651118382,5.813867995604849e-05
2018,E07000127,99344,127774,178,52870,0.003366748628711935,334.4662757707585,male,55-59,3897,0.03922733129328394,0.0001320685638396925,0.0013930846651118382,5.4646993677935594e-05
2018,E07000128,98293,127774,127,52682,0.0024106905584450095,236.95400706123533,female,55-59,4344,0.04419439838035262,0.00010653901891167347,0.0009939424296022666,4.392668770097816e-05
2018,E07000128,98293,127774,127,52682,0.0024106905584450095,236.95400706123533,male,55-59,4008,0.040776047124413746,9.8298431813533e-05,0.0009939424296022666,4.052904334841631e-05
2018,E07000195,113762,127774,11,52219,0.00021065129550546736,23.964112679292978,female,55-59,4357,0.03829925634218808,8.067787965377906e-06,8.608950177657427e-05,3.297163896912274e-06
2018,E07000195,113762,127774,11,52219,0.00021065129550546736,23.964112679292978,male,55-59,4255,0.0374026476327772,7.878916179179019e-06,8.608950177657427e-05,3.2199752998305543e-06
2018,E07000198,86796,127774,58,39191,0.001479931616952872,128.45214462504148,female,55-59,3644,0.041983501543849944,6.213271132513324e-05,0.00045392646391284613,1.905742239847932e-05
2018,E07000198,86796,127774,58,39191,0.001479931616952872,128.45214462504148,male,55-59,3714,0.04278999032213466,6.332625956683448e-05,0.00045392646391284613,1.9423508997791493e-05
2018,E08000001,238491,127774,7245,124929,0.05799293998991427,13830.794251134645,female,55-59,9035,0.03788402916671908,0.0021970062300417014,0.05670167639738914,0.0021480879624405573
2018,E08000001,238491,127774,7245,124929,0.05799293998991427,13830.794251134645,male,55-59,8741,0.036651278245300664,0.002125515379833372,0.05670167639738914,0.002078188918615707
2018,E08000002,160514,127774,7289,87589,0.08321821233259884,13357.68813435477,female,55-59,6468,0.04029555054387779,0.0033533236812193904,0.05704603440449544,0.0022987013626741375
2018,E08000002,160514,127774,7289,87589,0.08321821233259884,13357.68813435477,male,55-59,6126,0.03816489527393249,0.003176014358557512,0.05704603440449544,0.0021771559288407184
2018,E08000003,460111,127774,9067,247549,0.03662709201006669,16852.527931843793,female,55-59,12002,0.026085009921518937,0.0009554180584789766,0.07096122841892717,0.0018510243473508867
2018,E08000003,460111,127774,9067,247549,0.03662709201006669,16852.527931843793,male,55-59,11702,0.025432993342910732,0.000931536587262205,0.07096122841892717,0.0018047564499833427
2018,E08000004,195007,127774,3752,97962,0.03830056552540781,7468.8783814132,female,55-59,7292,0.03739352946304492,0.0014321933254256194,0.029364346424155148,0.0010980365531747032
2018,E08000004,195007,127774,3752,97962,0.03830056552540781,7468.8783814132,male,55-59,6866,0.03520899249770521,0.0013485243242419504,0.029364346424155148,0.0010338890529480954
2018,E08000005,183414,127774,3847,95839,0.040140235186093345,7362.281096422125,female,55-59,7145,0.03895558681452888,0.0015636864165474661,0.030107846666771017,0.0011728688346259225
2018,E08000005,183414,127774,3847,95839,0.040140235186093345,7362.281096422125,male,55-59,6639,0.03619680068042788,0.0014529480922965189,0.030107846666771017,0.0010898077247139956
2018,E08000006,213831,127774,63221,120639,0.5240510945879856,112058.36960684355,female,55-59,7052,0.032979315440698494,0.0172828463554605,0.4947876719833456,0.016317758710507613
2018,E08000006,213831,127774,63221,120639,0.5240510945879856,112058.36960684355,male,55-59,7348,0.0343635861965758,0.01800827496028414,0.4947876719833456,0.01700267881520277
2018,E08000007,248365,127774,3275,141232,0.023188795740342133,5759.2852540500735,female,55-59,10014,0.04031969077768607,0.0009349650737575186,0.025631192574389155,0.001033441758862694
2018,E08000007,248365,127774,3275,141232,0.023188795740342133,5759.2852540500735,male,55-59,9762,0.039305055060093005,0.0009114368933513977,0.025631192574389155,0.0010074354353922126
2018,E08000008,190138,127774,3271,114776,0.028498989335749635,5418.740834320764,female,55-59,7619,0.04007089587562718,0.001141980034233433,0.025599887301015856,0.0010258104184667969
2018,E08000008,190138,127774,3271,114776,0.028498989335749635,5418.740834320764,male,55-59,7658,0.04027601005585417,0.001147825581068333,0.025599887301015856,0.001031061318364448
2018,E08000009,198239,127774,9000,118072,0.07622467646859543,15110.70363845789,female,55-59,7789,0.0392909568752869,0.002994940475960279,0.0704368650899244,0.002767531828678621
2018,E08000009,198239,127774,9000,118072,0.07622467646859543,15110.70363845789,male,55-59,7598,0.0383274734033162,0.0029214992600264736,0.0704368650899244,0.002699667073347049
2018,E08000010,279767,127774,8099,150594,0.05378036309547525,15045.970842131825,female,55-59,11101,0.03967944754027459,0.0021339750961438296,0.06338535226258864,0.002515095759925211
2018,E08000010,279767,127774,8099,150594,0.05378036309547525,15045.970842131825,male,55-59,10918,0.03902533179395711,0.002098796513800408,0.06338535226258864,0.0024736344029243715
2018,E08000012,427379,127774,8,235300,3.399915002124947e-05,14.530522736931577,female,55-59,15318,0.03584172362235861,1.2185881384567312e-06,6.261054674659946e-05,2.2440699123363817e-06
2018,E08000012,427379,127774,8,235300,3.399915002124947e-05,14.530522736931577,male,55-59,14156,0.03312282540789323,1.1261479101706156e-06,6.261054674659946e-05,2.0738382085803515e-06
2018,E08000013,154790,127774,210,91513,0.0022947559363150592,355.205271382208,female,55-59,6149,0.039724788423024744,9.115869405259577e-05,0.001643526852098236,6.52887564671623e-05
2018,E08000013,154790,127774,210,91513,0.0022947559363150592,355.205271382208,male,55-59,6115,0.03950513599069708,9.065464532958582e-05,0.001643526852098236,6.492775179650309e-05
2018,E08000033,178791,127774,50,88593,0.0005643786755161243,100.90582777420337,female,55-59,7367,0.041204534903882185,2.3254960834310943e-05,0.00039131591716624664,1.612399036732128e-05
2018,E08000033,178791,127774,50,88593,0.0005643786755161243,100.90582777420337,male,55-59,7223,0.040399125235610296,2.2800404792483772e-05,0.00039131591716624664,1.5808820744286904e-05
2018,E08000034,370482,127774,14,169882,8.241014351137849e-05,30.531474788382525,female,55-59,13944,0.03763745607074028,3.10170815619291e-06,0.00010956845680654907,4.123877979795295e-06
2018,E08000034,370482,127774,14,169882,8.241014351137849e-05,30.531474788382525,male,55-59,13632,0.03679530989359807,3.0323067688770617e-06,0.00010956845680654907,4.0316053227602876e-06
2018,E08000035,670103,127774,9,291326,3.0893226145280545e-05,20.70164351963093,female,55-59,22416,0.03345157386252561,1.0334270362505595e-06,7.043686508992439e-05,2.3562239952003575e-06
2018,E08000035,670103,127774,9,291326,3.0893226145280545e-05,20.70164351963093,male,55-59,21405,0.03194285057670239,9.86817706590972e-07,7.043686508992439e-05,2.2499542566588e-06
2018,E06000006,108888,127774,70,70096,0.0009986304496690252,108.73887240356082,female,60-64,4195,0.0385258247006098,3.8473061644640004e-05,0.0005478422840327453,2.110607579822723e-05
2018,E06000006,108888,127774,70,70096,0.0009986304496690252,108.73887240356082,male,60-64,3785,0.034760487840717065,3.4712881603089965e-05,0.0005478422840327453,1.904326505275091e-05
2018,E06000007,179445,127774,935,96349,0.009704304144308711,1741.3888571754767,female,60-64,5931,0.033051910056006016,0.00032074578773381795,0.007317607651008812,0.00024186090990628472
2018,E06000007,179445,127774,935,96349,0.009704304144308711,1741.3888571754767,male,60-64,5773,0.03217141742595224,0.0003122012194549538,0.007317607651008812,0.00023541781029994634
2018,E06000008,122793,127774,419,67159,0.006238925534924582,766.0963832099942,female,60-64,3784,0.030816088865000448,0.00019225928370635638,0.0032792273858531468,0.00010105296253099368
2018,E06000008,122793,127774,419,67159,0.006238925534924582,766.0963832099942,male,60-64,3630,0.029561945713517872,0.00018443477797412095,0.0032792273858531468,9.694034196287185e-05
2018,E06000009,119403,127774,118,72262,0.0016329467770058953,194.97874401483492,female,60-64,4194,0.0351247456094068,5.735684013603281e-05,0.0009235055645123421,3.243789802236764e-05
2018,E06000009,119403,127774,118,72262,0.0016329467770058953,194.97874401483492,male,60-64,4249,0.03558537055182868,5.8109016151169136e-05,0.0009235055645123421,3.286328771984742e-05
2018,E06000049,329432,127774,3062,171737,0.017829588265778486,5873.636921571939,female,60-64,12011,0.03645972461691639,0.0006500618782032875,0.023964186767260944,0.0008737276502026859
2018,E06000049,329432,127774,3062,171737,0.017829588265778486,5873.636921571939,male,60-64,11612,0.0352485490177032,0.0006284671159517587,0.023964186767260944,0.0008447028119351917
2018,E06000050,294284,127774,851,156247,0.005446504572887799,1602.8191517277132,female,60-64,10686,0.036311862010846664,0.0001977727224921471,0.006660196910169518,0.00024184415116714286
2018,E06000050,294284,127774,851,156247,0.005446504572887799,1602.8191517277132,male,60-64,10166,0.03454486142637724,0.000188148745728539,0.006660196910169518,0.0002300755793341919
2018,E06000051,281288,127774,9,131591,6.839373513386174e-05,19.2383369683337,female,60-64,10902,0.03875743010722107,2.6507654092224362e-06,7.043686508992439e-05,2.729951875694504e-06
2018,E06000051,281288,127774,9,131591,6.839373513386174e-05,19.2383369683337,male,60-64,10485,0.0372749637382327,2.549373997036988e-06,7.043686508992439e-05,2.6255315920617203e-06
2018,E07000027,58239,127774,90,33527,0.0026844036149968682,156.33698213380262,female,60-64,2092,0.035920946444822195,9.64263184905896e-05,0.0007043686508992439,2.5301588586363402e-05
2018,E07000027,58239,127774,90,33527,0.0026844036149968682,156.33698213380262,male,60-64,2040,0.03502807397105033,9.40294883942652e-05,0.0007043686508992439,2.467267720658764e-05
2018,E07000029,59709,127774,34,31471,0.0010803596962282737,64.507197102094,female,60-64,2349,0.039340802894036075,4.2502217863977205e-05,0.0002660948236730477,1.0468384009244654e-05
2018,E07000029,59709,127774,34,31471,0.0010803596962282737,64.507197102094,male,60-64,2482,0.04156827278969669,4.490868656381074e-05,0.0002660948236730477,1.106110221836749e-05
2018,E07000031,93447,127774,110,47227,0.002329176106888009,217.65451966036377,female,60-64,3933,0.0420880285081383,9.80304303871771e-05,0.0008608950177657426,3.6233374050238805e-05
2018,E07000031,93447,127774,110,47227,0.002329176106888009,217.65451966036377,male,60-64,3815,0.04082528064036298,9.508926822453106e-05,0.0008608950177657426,3.514628070217672e-05
2018,E07000037,80519,127774,957,41221,0.02321632177773465,1869.3550132214161,female,60-64,2990,0.037134092574423426,0.0008621170421320011,0.007489786654561961,0.000278126430993185
2018,E07000037,80519,127774,957,41221,0.02321632177773465,1869.3550132214161,male,60-64,3119,0.03873619890957414,0.0008993120583310072,0.007489786654561961,0.00029012586564138596
2018,E07000117,74178,127774,241,43299,0.005565948405274948,412.8709208064851,female,60-64,2578,0.034754239801558416,0.0001934403056000272,0.0018861427207413088,6.555145641660728e-05
2018,E07000117,74178,127774,241,43299,0.005565948405274948,412.8709208064851,male,60-64,2565,0.03457898568308663,0.00019246485021880128,0.0018861427207413088,6.522090213677178e-05
2018,E07000118,100527,127774,304,47400,0.006413502109704641,644.7301265822784,female,60-64,3537,0.03518457727774628,0.00022565636059989174,0.0023792007763707794,8.371117357549164e-05
2018,E07000118,100527,127774,304,47400,0.006413502109704641,644.7301265822784,male,60-64,3397,0.03379191659952053,0.0002167245284019882,0.0023792007763707794,8.039775420863588e-05
2018,E07000119,70586,127774,118,37683,0.003131385505400313,221.0319772841865,female,60-64,2820,0.03995126512339557,0.00012510281252980595,0.0009235055645123421,3.689521565076367e-05
2018,E07000119,70586,127774,118,37683,0.003131385505400313,221.0319772841865,male,60-64,2822,0.039979599353979545,0.00012519153792876328,0.0009235055645123421,3.6921382470374146e-05
2018,E07000120,67922,127774,211,38567,0.005470998522052532,371.60116161485206,female,60-64,2267,0.03337652012602691,0.0001826028922807498,0.001651353170441561,5.511642232842111e-05
2018,E07000120,67922,127774,211,38567,0.005470998522052532,371.60116161485206,male,60-64,2158,0.03177173817025412,0.0001738231325725003,0.001651353170441561,5.24663605578883e-05
2018,E07000121,125761,127774,234,61595,0.00379900965987499,477.7672538355386,female,60-64,4147,0.03297524669810196,0.0001252732807428502,0.0018313584923380344,6.038949807751075e-05
2018,E07000121,125761,127774,234,61595,0.00379900965987499,477.7672538355386,male,60-64,3915,0.031130477652054293,0.00011826498531667675,0.0018313584923380344,5.7011064618629024e-05
2018,E07000122,76432,127774,166,43852,0.0037854601842561343,289.3302928030649,female,60-64,2753,0.03601894494452585,0.0001363482819664164,0.001299168844991939,4.6794691101407885e-05
2018,E07000122,76432,127774,166,43852,0.0037854601842561343,289.3302928030649,male,60-64,2500,0.03270881306259159,0.0001238179095227174,0.001299168844991939,4.249427088758436e-05
2018,E07000123,119604,127774,224,58635,0.003820243881640658,456.91644921974927,female,60-64,3413,0.028535834921908965,0.00010901384876793055,0.001753095308904785,5.002603833727995e-05
2018,E07000123,119604,127774,224,58635,0.003820243881640658,456.91644921974927,male,60-64,3465,0.02897060298986656,0.00011067476881947827,0.001753095308904785,5.078822819767801e-05
2018,E07000124,52725,127774,129,24077,0.0053578103584333596,282.4905511483989,female,60-64,2069,0.03924134660976766,0.00021024769334468697,0.0010095950662889163,3.961786993175472e-05
2018,E07000124,52725,127774,129,24077,0.0053578103584333596,282.4905511483989,male,60-64,2024,0.03838786154575628,0.00020567488222795864,0.0010095950662889163,3.875619562197755e-05
2018,E07000125,60391,127774,569,32779,0.01735867476128009,1048.3077275084659,female,60-64,2158,0.035733801394247484,0.000620291436386919,0.004453175137351887,0.0001591288759319331
2018,E07000125,60391,127774,569,32779,0.01735867476128009,1048.3077275084659,male,60-64,2093,0.034657482075143645,0.0006016079593873131,0.004453175137351887,0.00015433583750024837
2018,E07000126,95216,127774,192,44872,0.004278837582456766,407.4137992512034,female,60-64,3380,0.03549823559065703,0.00015189118455620766,0.0015026531219183871,5.334153453289519e-05
2018,E07000126,95216,127774,192,44872,0.004278837582456766,407.4137992512034,male,60-64,3287,0.0345215089900857,0.0001477119300698978,0.0015026531219183871,5.187385325728594e-05
2018,E07000127,99344,127774,178,52870,0.003366748628711935,334.4662757707585,female,60-64,3645,0.03669069093251731,0.00012352833338354608,0.0013930846651118382,5.111323889044784e-05
2018,E07000127,99344,127774,178,52870,0.003366748628711935,334.4662757707585,male,60-64,3388,0.03410372040586246,0.00011481865391041267,0.0013930846651118382,4.7509369920668664e-05
2018,E07000128,98293,127774,127,52682,0.0024106905584450095,236.95400706123533,female,60-64,3923,0.039911285645976825,9.621375948215816e-05,0.0009939424296022666,3.9669520223512274e-05
2018,E07000128,98293,127774,127,52682,0.0024106905584450095,236.95400706123533,male,60-64,3712,0.03776464244656283,9.103886698898065e-05,0.0009939424296022666,3.753588046639754e-05
2018,E07000195,113762,127774,11,52219,0.00021065129550546736,23.964112679292978,female,60-64,3760,0.033051458307695014,6.962332510860896e-06,8.608950177657427e-05,2.84538357869868e-06
2018,E07000195,113762,127774,11,52219,0.00021065129550546736,23.964112679292978,male,60-64,3743,0.0329020235227932,6.930853879827749e-06,8.608950177657427e-05,2.8325188125183935e-06
2018,E07000198,86796,127774,58,39191,0.001479931616952872,128.45214462504148,female,60-64,3367,0.038792110235494726,5.740967042582976e-05,0.00045392646391284613,1.7608765426915445e-05
2018,E07000198,86796,127774,58,39191,0.001479931616952872,128.45214462504148,male,60-64,3213,0.03701783492326835,5.478386429408702e-05,0.00045392646391284613,1.6803374908428665e-05
2018,E08000001,238491,127774,7245,124929,0.05799293998991427,13830.794251134645,female,60-64,7637,0.03202217274446415,0.0018570599423163778,0.05670167639738914,0.0018157108764979008
2018,E08000001,238491,127774,7245,124929,0.05799293998991427,13830.794251134645,male,60-64,7334,0.030751684549941087,0.0017833805966935073,0.05670167639738914,0.001743672066025351
2018,E08000002,160514,127774,7289,87589,0.08321821233259884,13357.68813435477,female,60-64,5173,0.03222771845446503,0.0026819331173388848,0.05704603440449544,0.0018384635357318047
2018,E08000002,160514,127774,7289,87589,0.08321821233259884,13357.68813435477,male,60-64,4962,0.030913191372715153,0.0025725405235328723,0.05704603440449544,0.0017634749786006603
2018,E08000003,460111,127774,9067,247549,0.03662709201006669,16852.527931843793,female,60-64,9474,0.020590683552447128,0.0007541768610256479,0.07096122841892717,0.0014611401988670475
2018,E08000003,460111,127774,9067,247549,0.03662709201006669,16852.527931843793,male,60-64,9738,0.021164458141622346,0.0007751925556964067,0.07096122841892717,0.0015018559485504863
2018,E08000004,195007,127774,3752,97962,0.03830056552540781,7468.8783814132,female,60-64,6069,0.03112195972452271,0.0011919886577081847,0.029364346424155148,0.000913876006749489
2018,E08000004,195007,127774,3752,97962,0.03830056552540781,7468.8783814132,male,60-64,5801,0.029747650084355946,0.0011393518212827781,0.029364346424155148,0.0008735203023815761
2018,E08000005,183414,127774,3847,95839,0.040140235186093345,7362.281096422125,female,60-64,6129,0.03341620596028656,0.001341334366272837,0.030107846666771017,0.0010060900052375477
2018,E08000005,183414,127774,3847,95839,0.040140235186093345,7362.281096422125,male,60-64,5859,0.03194412640256469,0.0012822447466132407,0.030107846666771017,0.0009617688596323694
2018,E08000006,213831,127774,63221,120639,0.5240510945879856,112058.36960684355,female,60-64,5730,0.026796862943165398,0.014042925356890055,0.4947876719833456,0.01325875743210559
2018,E08000006,213831,127774,63221,120639,0.5240510945879856,112058.36960684355,male,60-64,5925,0.027708798069503486,0.014520825958040764,0.4947876719833456,0.013709971690266252
2018,E08000007,248365,127774,3275,141232,0.023188795740342133,5759.2852540500735,female,60-64,8430,0.033941980552815415,0.0007870736540619016,0.025631192574389155,0.0008699734399053836
2018,E08000007,248365,127774,3275,141232,0.023188795740342133,5759.2852540500735,male,60-64,8483,0.034155376160086966,0.0007920220412108079,0.025631192574389155,0.0008754430238098894
2018,E08000008,190138,127774,3271,114776,0.028498989335749635,5418.740834320764,female,60-64,6161,0.03240278113791036,0.0009234465140979368,0.025599887301015856,0.0008295075453699876
2018,E08000008,190138,127774,3271,114776,0.028498989335749635,5418.740834320764,male,60-64,6227,0.03274989744290989,0.0009333389779723832,0.025599887301015856,0.0008383936836583206
2018,E08000009,198239,127774,9000,118072,0.07622467646859543,15110.70363845789,female,60-64,6212,0.03133591271142409,0.002388569808276448,0.0704368650899244,0.0022072034561242257
2018,E08000009,198239,127774,9000,118072,0.07622467646859543,15110.70363845789,male,60-64,6261,0.03158308909952128,0.0024074107484898326,0.0704368650899244,0.0022246137860260427
2018,E08000010,279767,127774,8099,150594,0.05378036309547525,15045.970842131825,female,60-64,9222,0.032963144330818143,0.0017727698708799563,0.06338535226258864,0.0020893805150914596
2018,E08000010,279767,127774,8099,150594,0.05378036309547525,15045.970842131825,male,60-64,9087,0.03248059992779706,0.0017468184576757931,0.06338535226258864,0.0020587942681236275
2018,E08000012,427379,127774,8,235300,3.399915002124947e-05,14.530522736931577,female,60-64,12930,0.030254177205712027,1.0286163095864693e-06,6.261054674659946e-05,1.8942305762181368e-06
2018,E08000012,427379,127774,8,235300,3.399915002124947e-05,14.530522736931577,male,60-64,12236,0.028630325776418587,9.734067412297012e-07,6.261054674659946e-05,1.7925603503948276e-06
2018,E08000013,154790,127774,210,91513,0.0022947559363150592,355.205271382208,female,60-64,5409,0.03494411783706958,8.018822184590836e-05,0.001643526852098236,5.743159598810878e-05
2018,E08000013,154790,127774,210,91513,0.0022947559363150592,355.205271382208,male,60-64,5325,0.0344014471219071,7.894292500082492e-05,0.001643526852098236,5.653970209589189e-05
2018,E08000033,178791,127774,50,88593,0.0005643786755161243,100.90582777420337,female,60-64,6305,0.03526463860037698,1.990261002583555e-05,0.00039131591716624664,1.3799614397442742e-05
2018,E08000033,178791,127774,50,88593,0.0005643786755161243,100.90582777420337,male,60-64,6278,0.035113624287575994,1.9817380767992952e-05,0.00039131591716624664,1.3740520093123793e-05
2018,E08000034,370482,127774,14,169882,8.241014351137849e-05,30.531474788382525,female,60-64,11737,0.03168035154204523,2.610782317070868e-06,0.00010956845680654907,3.471167229550873e-06
2018,E08000034,370482,127774,14,169882,8.241014351137849e-05,30.531474788382525,male,60-64,11899,0.03211761974940753,2.6468176527925584e-06,0.00010956845680654907,3.5190780322421263e-06
2018,E08000035,670103,127774,9,291326,3.0893226145280545e-05,20.70164351963093,female,60-64,19047,0.028423988551013798,8.781087062573344e-07,7.043686508992439e-05,2.0020966468853144e-06
2018,E08000035,670103,127774,9,291326,3.0893226145280545e-05,20.70164351963093,male,60-64,17976,0.02682572679125448,8.287332442737356e-07,7.043686508992439e-05,1.8895200989347622e-06
2018,E06000006,108888,127774,70,70096,0.0009986304496690252,108.73887240356082,female,65-69,3864,0.035486003967379325,3.5437404098900825e-05,0.0005478422840327453,1.944073346468415e-05
2018,E06000006,108888,127774,70,70096,0.0009986304496690252,108.73887240356082,male,65-69,3674,0.0337410917640144,3.3694881640621545e-05,0.0005478422840327453,1.8484796777756103e-05
2018,E06000007,179445,127774,935,96349,0.009704304144308711,1741.3888571754767,female,65-69,5444,0.030337986569701023,0.0002944090487983317,0.007317607651008812,0.00022200148263864679
2018,E06000007,179445,127774,935,96349,0.009704304144308711,1741.3888571754767,male,65-69,5314,0.029613530608264372,0.00028737870780939283,0.007317607651008812,0.00021670019815241902
2018,E06000008,122793,127774,419,67159,0.006238925534924582,766.0963832099942,female,65-69,3349,0.027273541651397067,0.00017015759543673032,0.0032792273858531468,8.943614469246771e-05
2018,E06000008,122793,127774,419,67159,0.006238925534924582,766.0963832099942,male,65-69,3300,0.026874496103198066,0.0001676679799764736,0.0032792273858531468,8.812758360261077e-05
2018,E06000009,119403,127774,118,72262,0.0016329467770058953,194.97874401483492,female,65-69,3852,0.032260495967438005,5.267967291463957e-05,0.0009235055645123421,2.979274753985697e-05
2018,E06000009,119403,127774,118,72262,0.0016329467770058953,194.97874401483492,male,65-69,3837,0.03213487098314113,5.247453400142057e-05,0.0009235055645123421,2.9676732167817028e-05
2018,E06000049,329432,127774,3062,171737,0.017829588265778486,5873.636921571939,female,65-69,11872,0.0360377862502732,0.0006425388908525043,0.023964186767260944,0.0008636162403801754
2018,E06000049,329432,127774,3062,171737,0.017829588265778486,5873.636921571939,male,65-69,11445,0.034741615872167855,0.0006194287066885876,0.023964186767260944,0.0008325545713570677
2018,E06000050,294284,127774,851,156247,0.005446504572887799,1602.8191517277132,female,65-69,10325,0.035085155835859236,0.0001910914617004884,0.006660196910169518,0.0002336740464908057
2018,E06000050,294284,127774,851,156247,0.005446504572887799,1602.8191517277132,male,65-69,9819,0.033365728344048606,0.0001817265920035928,0.006660196910169518,0.00022222232082258803
2018,E06000051,281288,127774,9,131591,6.839373513386174e-05,19.2383369683337,female,65-69,10995,0.0390880521031825,2.6733778824436514e-06,7.043686508992439e-05,2.7532398526198014e-06
2018,E06000051,281288,127774,9,131591,6.839373513386174e-05,19.2383369683337,male,65-69,10255,0.036457296436392596,2.4934506761673167e-06,7.043686508992439e-05,2.5679376706335667e-06
2018,E07000027,58239,127774,90,33527,0.0026844036149968682,156.33698213380262,female,65-69,2044,0.03509675646903278,9.421385994013631e-05,0.0007043686508992439,2.472105500503193e-05
2018,E07000027,58239,127774,90,33527,0.0026844036149968682,156.33698213380262,male,65-69,1966,0.03375744775837497,9.06186147956497e-05,0.0007043686508992439,2.3777687935368284e-05
2018,E07000029,59709,127774,34,31471,0.0010803596962282737,64.507197102094,female,65-69,2231,0.037364551407660485,4.03671554084858e-05,0.0002660948236730477,9.942513718443943e-06
2018,E07000029,59709,127774,34,31471,0.0010803596962282737,64.507197102094,male,65-69,2186,0.03661089617980539,3.955293667545942e-05,0.0002660948236730477,9.741969963477571e-06
2018,E07000031,93447,127774,110,47227,0.002329176106888009,217.65451966036377,female,65-69,3967,0.04245187111410746,9.887788389166834e-05,0.0008608950177657426,3.654660433696856e-05
2018,E07000031,93447,127774,110,47227,0.002329176106888009,217.65451966036377,male,65-69,3791,0.04056845056556123,9.449106575077254e-05,0.0008608950177657426,3.492517697036749e-05
2018,E07000037,80519,127774,957,41221,0.02321632177773465,1869.3550132214161,female,65-69,2822,0.03504762851004111,0.0008136770210356212,0.007489786654561961,0.0002624992602885512
2018,E07000037,80519,127774,957,41221,0.02321632177773465,1869.3550132214161,male,65-69,2899,0.03600392453954967,0.0008358786973714619,0.007489786654561961,0.000269661713528175
2018,E07000117,74178,127774,241,43299,0.005565948405274948,412.8709208064851,female,65-69,2476,0.03337916902585672,0.00018578673260887017,0.0018861427207413088,6.295787668251341e-05
2018,E07000117,74178,127774,241,43299,0.005565948405274948,412.8709208064851,male,65-69,2326,0.03135700612041306,0.00017453147821010987,0.0018861427207413088,5.914378883825776e-05
2018,E07000118,100527,127774,304,47400,0.006413502109704641,644.7301265822784,female,65-69,3362,0.033443751429964086,0.00021449157035251227,0.0023792007763707794,7.956939936692192e-05
2018,E07000118,100527,127774,304,47400,0.006413502109704641,644.7301265822784,male,65-69,3304,0.03286679200612771,0.0002107912398705237,0.0023792007763707794,7.819669705779597e-05
2018,E07000119,70586,127774,118,37683,0.003131385505400313,221.0319772841865,female,65-69,2846,0.040319610120987164,0.00012625624271625098,0.0009235055645123421,3.723538430569979e-05
2018,E07000119,70586,127774,118,37683,0.003131385505400313,221.0319772841865,male,65-69,2644,0.037457852832006346,0.00011729497742156275,0.0009235055645123421,3.459253552504225e-05
2018,E07000120,67922,127774,211,38567,0.005470998522052532,371.60116161485206,female,65-69,2120,0.031212272901269104,0.00017076229891274355,0.001651353170441561,5.1542485812197954e-05
2018,E07000120,67922,127774,211,38567,0.005470998522052532,371.60116161485206,male,65-69,2118,0.03118282736079621,0.0001706012024043353,0.001651353170441561,5.1493860825582674e-05
2018,E07000121,125761,127774,234,61595,0.00379900965987499,477.7672538355386,female,65-69,4042,0.03214032967295107,0.0001221014228991079,0.0018313584923380344,5.886046569310307e-05
2018,E07000121,125761,127774,234,61595,0.00379900965987499,477.7672538355386,male,65-69,3816,0.03034327017119775,0.0001152743764925769,0.0018313584923380344,5.556940551333036e-05
2018,E07000122,76432,127774,166,43852,0.0037854601842561343,289.3302928030649,female,65-69,2520,0.03297048356709232,0.00012480845279889914,0.001299168844991939,4.283422505468503e-05
2018,E07000122,76432,127774,166,43852,0.0037854601842561343,289.3302928030649,male,65-69,2612,0.03417416788779569,0.00012936495186933515,0.001299168844991939,4.439801422334814e-05
2018,E07000123,119604,127774,224,58635,0.003820243881640658,456.91644921974927,female,65-69,3025,0.025291796260994617,9.662082992176676e-05,0.001753095308904785,4.433892937892525e-05
2018,E07000123,119604,127774,224,58635,0.003820243881640658,456.91644921974927,male,65-69,3077,0.02572656432895221,9.828174997331448e-05,0.001753095308904785,4.51011192393233e-05
2018,E07000124,52725,127774,129,24077,0.0053578103584333596,282.4905511483989,female,65-69,1938,0.036756756756756756,0.00019693573209376674,0.0010095950662889163,3.710944027440341e-05
2018,E07000124,52725,127774,129,24077,0.0053578103584333596,282.4905511483989,male,65-69,1864,0.03535324798482693,0.00018941599825736903,0.0010095950662889163,3.5692464742769845e-05
2018,E07000125,60391,127774,569,32779,0.01735867476128009,1048.3077275084659,female,65-69,2040,0.03377986786110513,0.000586373739679942,0.004453175137351887,0.00015042766770210543
2018,E07000125,60391,127774,569,32779,0.01735867476128009,1048.3077275084659,male,65-69,1990,0.03295192992333295,0.0005720018342956298,0.004453175137351887,0.00014674071506234795
2018,E07000126,95216,127774,192,44872,0.004278837582456766,407.4137992512034,female,65-69,3405,0.03576079650478911,0.0001530146400632802,0.0015026531219183871,5.37360725102095e-05
2018,E07000126,95216,127774,192,44872,0.004278837582456766,407.4137992512034,male,65-69,3176,0.033355738531339274,0.00014272378761849574,0.0015026531219183871,5.01221046380104e-05
2018,E07000127,99344,127774,178,52870,0.003366748628711935,334.4662757707585,female,65-69,3480,0.03502979545820583,0.00011793651582297405,0.0013930846651118382,4.879947087483086e-05
2018,E07000127,99344,127774,178,52870,0.003366748628711935,334.4662757707585,male,65-69,3264,0.03285553229183443,0.00011061631828913428,0.0013930846651118382,4.577053819984135e-05
2018,E07000128,98293,127774,127,52682,0.0024106905584450095,236.95400706123533,female,65-69,4036,0.041060909729075314,9.898514740504469e-05,0.0009939424296022666,4.081218037779646e-05
2018,E07000128,98293,127774,127,52682,0.0024106905584450095,236.95400706123533,male,65-69,3829,0.03895496118747011,9.3908357139226e-05,0.0009939424296022666,3.871898876773604e-05
2018,E07000195,113762,127774,11,52219,0.00021065129550546736,23.964112679292978,female,65-69,3703,0.0325504122642007,6.85678651269093e-06,8.608950177657427e-05,2.8022487744471306e-06
2018,E07000195,113762,127774,11,52219,0.00021065129550546736,23.964112679292978,male,65-69,3527,0.0310033227263937,6.530890097288931e-06,8.608950177657427e-05,2.6690606069335756e-06
2018,E07000198,86796,127774,58,39191,0.001479931616952872,128.45214462504148,female,65-69,3475,0.040036407207705425,5.9251144855883106e-05,0.00045392646391284613,1.817358475156851e-05
2018,E07000198,86796,127774,58,39191,0.001479931616952872,128.45214462504148,male,65-69,3311,0.038146919212866955,5.645483183246877e-05,0.00045392646391284613,1.731589614746571e-05
2018,E08000001,238491,127774,7245,124929,0.05799293998991427,13830.794251134645,female,65-69,7143,0.029950815754053613,0.00173693586067381,0.05670167639738914,0.0016982614627241727
2018,E08000001,238491,127774,7245,124929,0.05799293998991427,13830.794251134645,male,65-69,6939,0.02909543756368165,0.0016873299646108873,0.05670167639738914,0.0016497600853763172
2018,E08000002,160514,127774,7289,87589,0.08321821233259884,13357.68813435477,female,65-69,5054,0.031486350100302776,0.002620237768225541,0.05704603440449544,0.0017961714110938606
2018,E08000002,160514,127774,7289,87589,0.08321821233259884,13357.68813435477,male,65-69,4761,0.02966096415265958,0.0024683324128456276,0.05704603440449544,0.0016920403815231244
2018,E08000003,460111,127774,9067,247549,0.03662709201006669,16852.527931843793,female,65-69,7871,0.01710674163408395,0.0006265701998240315,0.07096122841892717,0.0012139154005998026
2018,E08000003,460111,127774,9067,247549,0.03662709201006669,16852.527931843793,male,65-69,7964,0.017308866773452492,0.0006339734559012306,0.07096122841892717,0.0012282584487837412
2018,E08000004,195007,127774,3752,97962,0.03830056552540781,7468.8783814132,female,65-69,5604,0.028737429938412468,0.0011006598183879827,0.029364346424155148,0.0008438558480514313
2018,E08000004,195007,127774,3752,97962,0.03830056552540781,7468.8783814132,male,65-69,5192,0.02662468526770834,0.0010197405026892232,0.029364346424155148,0.0007818164816350877
2018,E08000005,183414,127774,3847,95839,0.040140235186093345,7362.281096422125,female,65-69,5473,0.029839597849673417,0.0011977684755443362,0.030107846666771017,0.0008984060366560774
2018,E08000005,183414,127774,3847,95839,0.040140235186093345,7362.281096422125,male,65-69,5318,0.028994515140610858,0.0011638466568508641,0.030107846666771017,0.0008729624160308824
2018,E08000006,213831,127774,63221,120639,0.5240510945879856,112058.36960684355,female,65-69,5086,0.023785138731053965,0.01246462798693592,0.4947876719833456,0.0117685934205391
2018,E08000006,213831,127774,63221,120639,0.5240510945879856,112058.36960684355,male,65-69,5257,0.024584835687996597,0.012883710052560388,0.4947876719833456,0.012164273616156908
2018,E08000007,248365,127774,3275,141232,0.023188795740342133,5759.2852540500735,female,65-69,7977,0.03211805206047551,0.0007447789488080413,0.025631192574389155,0.0008232239774763041
2018,E08000007,248365,127774,3275,141232,0.023188795740342133,5759.2852540500735,male,65-69,7558,0.030431018863366417,0.0007056586805931022,0.025631192574389155,0.0007799833047218136
2018,E08000008,190138,127774,3271,114776,0.028498989335749635,5418.740834320764,female,65-69,5844,0.030735571006321724,0.0008759327103373385,0.025599887301015856,0.0007868271538942067
2018,E08000008,190138,127774,3271,114776,0.028498989335749635,5418.740834320764,male,65-69,5702,0.02998874501677729,0.000854648924425651,0.025599887301015856,0.0007677084927283995
2018,E08000009,198239,127774,9000,118072,0.07622467646859543,15110.70363845789,female,65-69,5624,0.02836979605425774,0.0021624785257158313,0.0704368650899244,0.0019982794973024223
2018,E08000009,198239,127774,9000,118072,0.07622467646859543,15110.70363845789,male,65-69,5311,0.026790893820085857,0.0020421272137405373,0.0704368650899244,0.001887066573643877
2018,E08000010,279767,127774,8099,150594,0.05378036309547525,15045.970842131825,female,65-69,9041,0.03231617739047136,0.0017379757539173375,0.06338535226258864,0.0020483722876753294
2018,E08000010,279767,127774,8099,150594,0.05378036309547525,15045.970842131825,male,65-69,8960,0.03202665074865871,0.0017224049059948396,0.06338535226258864,0.0020300205394946304
2018,E08000012,427379,127774,8,235300,3.399915002124947e-05,14.530522736931577,female,65-69,10964,0.02565404477056664,8.722157168063455e-07,6.261054674659946e-05,1.606213769346918e-06
2018,E08000012,427379,127774,8,235300,3.399915002124947e-05,14.530522736931577,male,65-69,10625,0.0248608378043844,8.452473541652155e-07,6.261054674659946e-05,1.5565506475110366e-06
2018,E08000013,154790,127774,210,91513,0.0022947559363150592,355.205271382208,female,65-69,5301,0.034246398346146394,7.858712590222967e-05,0.001643526852098236,5.628487526954421e-05
2018,E08000013,154790,127774,210,91513,0.0022947559363150592,355.205271382208,male,65-69,5023,0.03245041669358486,7.446578634350115e-05,0.001643526852098236,5.333313119768357e-05
2018,E08000033,178791,127774,50,88593,0.0005643786755161243,100.90582777420337,female,65-69,5771,0.032277911080535376,1.821696470405979e-05,0.00039131591716624664,1.2630860378690255e-05
2018,E08000033,178791,127774,50,88593,0.0005643786755161243,100.90582777420337,male,65-69,5689,0.0318192750194361,1.7958120291352647e-05,0.00039131591716624664,1.2451388787795677e-05
2018,E08000034,370482,127774,14,169882,8.241014351137849e-05,30.531474788382525,female,65-69,11302,0.03050620542968349,2.5140207674478103e-06,0.00010956845680654907,3.3425178519539885e-06
2018,E08000034,370482,127774,14,169882,8.241014351137849e-05,30.531474788382525,male,65-69,10960,0.029583083658585304,2.4379461698131305e-06,0.00010956845680654907,3.2413728240502313e-06
2018,E08000035,670103,127774,9,291326,3.0893226145280545e-05,20.70164351963093,female,65-69,17776,0.02652726521146749,8.195128031936986e-07,7.043686508992439e-05,1.8684974009047803e-06
2018,E08000035,670103,127774,9,291326,3.0893226145280545e-05,20.70164351963093,male,65-69,16419,0.024502203392612776,7.569521104656467e-07,7.043686508992439e-05,1.7258583947713539e-06
2018,E06000006,108888,127774,70,70096,0.0009986304496690252,108.73887240356082,female,70-74,3250,0.029847182425978988,2.9806305207408824e-05,0.0005478422840327453,1.6351548592190345e-05
2018,E06000006,108888,127774,70,70096,0.0009986304496690252,108.73887240356082,male,70-74,3161,0.0290298288149291,2.8990071003267473e-05,0.0005478422840327453,1.5903767723050365e-05
2018,E06000007,179445,127774,935,96349,0.009704304144308711,1741.3888571754767,female,70-74,5643,0.03144696146451559,0.00030517087846601494,0.007317607651008812,0.00023011652581371854
2018,E06000007,179445,127774,935,96349,0.009704304144308711,1741.3888571754767,male,70-74,5103,0.028437682855471037,0.00027596792358888436,0.007317607651008812,0.00020809580564015698
2018,E06000008,122793,127774,419,67159,0.006238925534924582,766.0963832099942,female,70-74,2920,0.023779857157981317,0.00014836075803978873,0.0032792273858531468,7.797955882412831e-05
2018,E06000008,122793,127774,419,67159,0.006238925534924582,766.0963832099942,male,70-74,2880,0.023454105690063766,0.00014632841888855878,0.0032792273858531468,7.691134568955121e-05
2018,E06000009,119403,127774,118,72262,0.0016329467770058953,194.97874401483492,female,70-74,3942,0.033014245873219265,5.391050639395358e-05,0.0009235055645123421,3.048883977209662e-05
2018,E06000009,119403,127774,118,72262,0.0016329467770058953,194.97874401483492,male,70-74,3738,0.03130574608678174,5.1120617174175154e-05,0.0009235055645123421,2.891103071235341e-05
2018,E06000049,329432,127774,3062,171737,0.017829588265778486,5873.636921571939,female,70-74,12248,0.03717914470968212,0.0006628888422474286,0.023964186767260944,0.0008909679676698441
2018,E06000049,329432,127774,3062,171737,0.017829588265778486,5873.636921571939,male,70-74,11391,0.0345776973700187,0.000616506107286125,0.023964186767260944,0.0008286263977569557
2018,E06000050,294284,127774,851,156247,0.005446504572887799,1602.8191517277132,female,70-74,10181,0.03459583259708309,0.00018842636044287385,0.006660196910169518,0.0002304150573678347
2018,E06000050,294284,127774,851,156247,0.005446504572887799,1602.8191517277132,male,70-74,9641,0.03276087045167254,0.00017843223072681926,0.006660196910169518,0.0002181938481566933
2018,E06000051,281288,127774,9,131591,6.839373513386174e-05,19.2383369683337,female,70-74,10994,0.03908449702795711,2.673134737570305e-06,7.043686508992439e-05,2.752989444265766e-06
2018,E06000051,281288,127774,9,131591,6.839373513386174e-05,19.2383369683337,male,70-74,10295,0.036599499445408266,2.5031764711011725e-06,7.043686508992439e-05,2.5779540047949846e-06
2018,E07000027,58239,127774,90,33527,0.0026844036149968682,156.33698213380262,female,70-74,2052,0.03523412146499768,9.458260303187853e-05,0.0007043686508992439,2.4817810601920507e-05
2018,E07000027,58239,127774,90,33527,0.0026844036149968682,156.33698213380262,male,70-74,1968,0.0337917890073662,9.071080056858526e-05,0.0007043686508992439,2.380187683459043e-05
2018,E07000029,59709,127774,34,31471,0.0010803596962282737,64.507197102094,female,70-74,1981,0.033177577919576616,3.5843718002783675e-05,0.0002660948236730477,8.828381746408541e-06
2018,E07000029,59709,127774,34,31471,0.0010803596962282737,64.507197102094,male,70-74,2146,0.03594098042171197,3.882918669054708e-05,0.0002660948236730477,9.563708847951907e-06
2018,E07000031,93447,127774,110,47227,0.002329176106888009,217.65451966036377,female,70-74,4056,0.043404282641497316,0.0001010962180651895,0.0008608950177657426,3.736653067576115e-05
2018,E07000031,93447,127774,110,47227,0.002329176106888009,217.65451966036377,male,70-74,4002,0.04282641497319336,9.975026249923284e-05,0.0008608950177657426,3.6869047279190365e-05
2018,E07000037,80519,127774,957,41221,0.02321632177773465,1869.3550132214161,female,70-74,2784,0.03457569020976416,0.0008027203495971543,0.007489786654561961,0.00025896454310536025
2018,E07000037,80519,127774,957,41221,0.02321632177773465,1869.3550132214161,male,70-74,2670,0.033159875308933294,0.0007698503352817535,0.007489786654561961,0.0002483603915557873
2018,E07000117,74178,127774,241,43299,0.005565948405274948,412.8709208064851,female,70-74,2392,0.03224675779880827,0.0001794837901455644,0.0018861427207413088,6.082198748973025e-05
2018,E07000117,74178,127774,241,43299,0.005565948405274948,412.8709208064851,male,70-74,2231,0.030076302946965408,0.00016740315042422835,0.0018861427207413088,5.6728199870229176e-05
2018,E07000118,100527,127774,304,47400,0.006413502109704641,644.7301265822784,female,70-74,3396,0.03378196902324748,0.00021666072960057457,0.0023792007763707794,8.037408692744403e-05
2018,E07000118,100527,127774,304,47400,0.006413502109704641,644.7301265822784,male,70-74,3356,0.03338406597232584,0.0002141087775440307,0.0023792007763707794,7.942739567977097e-05
2018,E07000119,70586,127774,118,37683,0.003131385505400313,221.0319772841865,female,70-74,3029,0.04291219221942028,0.00013437461672084476,0.0009235055645123421,3.962964830005786e-05
2018,E07000119,70586,127774,118,37683,0.003131385505400313,221.0319772841865,male,70-74,2898,0.04105630011617035,0.00012856310308914103,0.0009235055645123421,3.791572161557203e-05
2018,E07000120,67922,127774,211,38567,0.005470998522052532,371.60116161485206,female,70-74,2189,0.03222814404758399,0.00017632012845282812,0.001651353170441561,5.322004785042515e-05
2018,E07000120,67922,127774,211,38567,0.005470998522052532,371.60116161485206,male,70-74,2021,0.029754718647860782,0.00016278802174653524,0.001651353170441561,4.9135548974741537e-05
2018,E07000121,125761,127774,234,61595,0.00379900965987499,477.7672538355386,female,70-74,3972,0.031583718322850486,0.00011998685100327971,0.0018313584923380344,5.784111077016462e-05
2018,E07000121,125761,127774,234,61595,0.00379900965987499,477.7672538355386,male,70-74,3721,0.029587869053204093,0.00011240460034823863,0.0018313584923380344,5.418599526077103e-05
2018,E07000122,76432,127774,166,43852,0.0037854601842561343,289.3302928030649,female,70-74,2396,0.03134812643918777,0.00011866708448657234,0.001299168844991939,4.072650921866084e-05
2018,E07000122,76432,127774,166,43852,0.0037854601842561343,289.3302928030649,male,70-74,2308,0.03019677621938455,0.0001143086940713727,0.001299168844991939,3.9230710883417875e-05
2018,E07000123,119604,127774,224,58635,0.003820243881640658,456.91644921974927,female,70-74,2691,0.02249924751680546,8.595261266759483e-05,0.001753095308904785,3.9443325275599284e-05
2018,E07000123,119604,127774,224,58635,0.003820243881640658,456.91644921974927,male,70-74,2507,0.020960837430186282,8.007551094673363e-05,0.001753095308904785,3.67463457695754e-05
2018,E07000124,52725,127774,129,24077,0.0053578103584333596,282.4905511483989,female,70-74,2027,0.03844476055002371,0.00020597973630240722,0.0010095950662889163,3.88136405759627e-05
2018,E07000124,52725,127774,129,24077,0.0053578103584333596,282.4905511483989,male,70-74,1890,0.03584637268847795,0.00019205806690258983,0.0010095950662889163,3.6190321010641094e-05
2018,E07000125,60391,127774,569,32779,0.01735867476128009,1048.3077275084659,female,70-74,1924,0.03185905184547366,0.0005530309191883375,0.004453175137351887,0.00014187393757786806
2018,E07000125,60391,127774,569,32779,0.01735867476128009,1048.3077275084659,male,70-74,1831,0.0303190872812174,0.0005262991751735167,0.004453175137351887,0.00013501620566791915
2018,E07000126,95216,127774,192,44872,0.004278837582456766,407.4137992512034,female,70-74,3357,0.03525667954965552,0.00015085760548970092,0.0015026531219183871,5.2978559593766026e-05
2018,E07000126,95216,127774,192,44872,0.004278837582456766,407.4137992512034,male,70-74,3133,0.032904133759032096,0.00014079144414633093,0.0015026531219183871,4.9443499317029774e-05
2018,E07000127,99344,127774,178,52870,0.003366748628711935,334.4662757707585,female,70-74,3652,0.03676115316476083,0.00012376556200732793,0.0013930846651118382,5.1211398745655826e-05
2018,E07000127,99344,127774,178,52870,0.003366748628711935,334.4662757707585,male,70-74,3175,0.031959655339024,0.00010760012578676513,0.0013930846651118382,4.452250575505402e-05
2018,E07000128,98293,127774,127,52682,0.0024106905584450095,236.95400706123533,female,70-74,4205,0.04278025902149695,0.00010312996651095464,0.0009939424296022666,4.252111459084096e-05
2018,E07000128,98293,127774,127,52682,0.0024106905584450095,236.95400706123533,male,70-74,3960,0.040287711230708186,9.71212050852272e-05,0.0009939424296022666,4.004366558376461e-05
2018,E07000195,113762,127774,11,52219,0.00021065129550546736,23.964112679292978,female,70-74,3674,0.03229549410172114,6.8030876715167375e-06,8.608950177657427e-05,2.7803029968454657e-06
2018,E07000195,113762,127774,11,52219,0.00021065129550546736,23.964112679292978,male,70-74,3486,0.030642921186336387,6.454971045973693e-06,8.608950177657427e-05,2.6380338179105318e-06
2018,E07000198,86796,127774,58,39191,0.001479931616952872,128.45214462504148,female,70-74,3543,0.040819853449467716,6.041059171925002e-05,0.00045392646391284613,1.8529211733757475e-05
2018,E07000198,86796,127774,58,39191,0.001479931616952872,128.45214462504148,male,70-74,3403,0.03920687589289829,5.8023495235847546e-05,0.00045392646391284613,1.7797038535133132e-05
2018,E08000001,238491,127774,7245,124929,0.05799293998991427,13830.794251134645,female,70-74,7098,0.029762129388530383,0.0017259933836011063,0.05670167639738914,0.001687562629485675
2018,E08000001,238491,127774,7245,124929,0.05799293998991427,13830.794251134645,male,70-74,6540,0.027422418456042368,0.0015903066678995825,0.05670167639738914,0.001554897097328306
2018,E08000002,160514,127774,7289,87589,0.08321821233259884,13357.68813435477,female,70-74,5032,0.0313492904045753,0.0026088319053642504,0.05704603440449544,0.0017883526989759212
2018,E08000002,160514,127774,7289,87589,0.08321821233259884,13357.68813435477,male,70-74,4613,0.028738926199583837,0.0023916020626878554,0.05704603440449544,0.001639441772729715
2018,E08000003,460111,127774,9067,247549,0.03662709201006669,16852.527931843793,female,70-74,6670,0.014496501931055767,0.0005309647100528891,0.07096122841892717,0.0010286895848050672
2018,E08000003,460111,127774,9067,247549,0.03662709201006669,16852.527931843793,male,70-74,6084,0.013222896214174405,0.0004843162362761284,0.07096122841892717,0.0009383129586137973
2018,E08000004,195007,127774,3752,97962,0.03830056552540781,7468.8783814132,female,70-74,5565,0.02853743711764193,0.0010929999802514498,0.029364346424155148,0.0008379831895799812
2018,E08000004,195007,127774,3752,97962,0.03830056552540781,7468.8783814132,male,70-74,4839,0.024814493838682714,0.0009504091472482956,0.029364346424155148,0.0007286613934191427
2018,E08000005,183414,127774,3847,95839,0.040140235186093345,7362.281096422125,female,70-74,4971,0.027102620301612746,0.0010879055530661238,0.030107846666771017,0.0008160015363086719
2018,E08000005,183414,127774,3847,95839,0.040140235186093345,7362.281096422125,male,70-74,4666,0.025439715616038035,0.0010211561678950983,0.030107846666771017,0.0007659350570139333
2018,E08000006,213831,127774,63221,120639,0.5240510945879856,112058.36960684355,female,70-74,5012,0.023439071042084637,0.01228327083573001,0.4947876719833456,0.011597363394365307
2018,E08000006,213831,127774,63221,120639,0.5240510945879856,112058.36960684355,male,70-74,4624,0.021624553970191415,0.011332371178055781,0.4947876719833456,0.010699562716589223
2018,E08000007,248365,127774,3275,141232,0.023188795740342133,5759.2852540500735,female,70-74,7911,0.03185231413443923,0.0007386168063207239,0.025631192574389155,0.0008164127975197495
2018,E08000007,248365,127774,3275,141232,0.023188795740342133,5759.2852540500735,male,70-74,7231,0.029114408229823044,0.0006751280655423026,0.025631192574389155,0.0007462370040279749
2018,E08000008,190138,127774,3271,114776,0.028498989335749635,5418.740834320764,female,70-74,5725,0.030109709789731667,0.0008580962982000791,0.025599887301015856,0.0007708051772834245
2018,E08000008,190138,127774,3271,114776,0.028498989335749635,5418.740834320764,male,70-74,5427,0.02854242707927926,0.0008134303249487913,0.025599887301015856,0.0007306829165270122
2018,E08000009,198239,127774,9000,118072,0.07622467646859543,15110.70363845789,female,70-74,5473,0.027608089225631686,0.0021044176691398906,0.0704368650899244,0.0019446272561764145
2018,E08000009,198239,127774,9000,118072,0.07622467646859543,15110.70363845789,male,70-74,4889,0.0246621502327998,0.0018798644225150602,0.0704368650899244,0.0017371245487751673
2018,E08000010,279767,127774,8099,150594,0.05378036309547525,15045.970842131825,female,70-74,9215,0.03293812350992076,0.0017714242420471481,0.06338535226258864,0.00208779456154498
2018,E08000010,279767,127774,8099,150594,0.05378036309547525,15045.970842131825,male,70-74,8747,0.03126530291278099,0.0016814593429393817,0.06338535226258864,0.0019817622387231617
2018,E08000012,427379,127774,8,235300,3.399915002124947e-05,14.530522736931577,female,70-74,9478,0.022177037243289913,7.540004162614505e-07,6.261054674659946e-05,1.3885164270220804e-06
2018,E08000012,427379,127774,8,235300,3.399915002124947e-05,14.530522736931577,male,70-74,8906,0.020838646728079762,7.084962763478032e-07,6.261054674659946e-05,1.30471906510431e-06
2018,E08000013,154790,127774,210,91513,0.0022947559363150592,355.205271382208,female,70-74,5348,0.03455003553201111,7.928389913697872e-05,0.001643526852098236,5.678391113780842e-05
2018,E08000013,154790,127774,210,91513,0.0022947559363150592,355.205271382208,male,70-74,4907,0.0317010142774081,7.274609070029069e-05,0.001643526852098236,5.210146820366977e-05
2018,E08000033,178791,127774,50,88593,0.0005643786755161243,100.90582777420337,female,70-74,5605,0.03134945271294416,1.7692962600286796e-05,0.00039131591716624664,1.2267539841025624e-05
2018,E08000033,178791,127774,50,88593,0.0005643786755161243,100.90582777420337,male,70-74,5177,0.028955596198913816,1.63419210315227e-05,0.00039131591716624664,1.1330785683673445e-05
2018,E08000034,370482,127774,14,169882,8.241014351137849e-05,30.531474788382525,female,70-74,11023,0.029753132405892863,2.4519599114826766e-06,0.00010956845680654907,3.2600048028746077e-06
2018,E08000034,370482,127774,14,169882,8.241014351137849e-05,30.531474788382525,male,70-74,9934,0.02681371834529073,2.2097223769090913e-06,0.00010956845680654907,2.9379377403389597e-06
2018,E08000035,670103,127774,9,291326,3.0893226145280545e-05,20.70164351963093,female,70-74,17115,0.025540849690271497,7.890392454241759e-07,7.043686508992439e-05,1.7990173839156906e-06
2018,E08000035,670103,127774,9,291326,3.0893226145280545e-05,20.70164351963093,male,70-74,15084,0.022509972347534633,6.95405666256399e-07,7.043686508992439e-05,1.5855318854212255e-06
2018,E06000006,108888,127774,70,70096,0.0009986304496690252,108.73887240356082,female,75-79,2166,0.01989199911836015,1.986475602438385e-05,0.0005478422840327453,1.089767823097978e-05
2018,E06000006,108888,127774,70,70096,0.0009986304496690252,108.73887240356082,male,75-79,1859,0.01707258834765998,1.7049206578637848e-05,0.0005478422840327453,9.353085794732877e-06
2018,E06000007,179445,127774,935,96349,0.009704304144308711,1741.3888571754767,female,75-79,4217,0.023500236841372008,0.00022805344577196262,0.007317607651008812,0.00017196551291094296
2018,E06000007,179445,127774,935,96349,0.009704304144308711,1741.3888571754767,male,75-79,3422,0.019069910000278637,0.00018506020664729812,0.007317607651008812,0.00013954611932208842
2018,E06000008,122793,127774,419,67159,0.006238925534924582,766.0963832099942,female,75-79,2082,0.016955363905108597,0.00010578325282152061,0.0032792273858531468,5.560049365473807e-05
2018,E06000008,122793,127774,419,67159,0.006238925534924582,766.0963832099942,male,75-79,1810,0.014740253923269242,9.196334659315674e-05,0.0032792273858531468,4.833664433961379e-05
2018,E06000009,119403,127774,118,72262,0.0016329467770058953,194.97874401483492,female,75-79,2915,0.024413121948359755,3.9865328802225944e-05,0.0009235055645123421,2.2545653966428622e-05
2018,E06000009,119403,127774,118,72262,0.0016329467770058953,194.97874401483492,male,75-79,2523,0.021130122358734706,3.450436520343604e-05,0.0009235055645123421,1.9513785577118155e-05
2018,E06000049,329432,127774,3062,171737,0.017829588265778486,5873.636921571939,female,75-79,8520,0.025862697005755362,0.0004611212390552002,0.023964186767260944,0.0006197785013510019
2018,E06000049,329432,127774,3062,171737,0.017829588265778486,5873.636921571939,male,75-79,7475,0.02269057043638748,0.0004045635283964344,0.023964186767260944,0.0005437610677932792
2018,E06000050,294284,127774,851,156247,0.005446504572887799,1602.8191517277132,female,75-79,7164,0.024343831129113373,0.00013258878756632433,0.006660196910169518,0.00016213470886780943
2018,E06000050,294284,127774,851,156247,0.005446504572887799,1602.8191517277132,male,75-79,6407,0.021771486047491538,0.00011857849831622558,0.006660196910169518,0.0001450023841033019
2018,E06000051,281288,127774,9,131591,6.839373513386174e-05,19.2383369683337,female,75-79,7799,0.02772603168283041,1.8962868672285617e-06,7.043686508992439e-05,1.9529347531224947e-06
2018,E06000051,281288,127774,9,131591,6.839373513386174e-05,19.2383369683337,male,75-79,6823,0.02425627826284804,1.6589774708424769e-06,7.043686508992439e-05,1.708536199583893e-06
2018,E07000027,58239,127774,90,33527,0.0026844036149968682,156.33698213380262,female,75-79,1492,0.025618571747454456,6.877058660992338e-05,0.0007043686508992439,1.804491881971998e-05
2018,E07000027,58239,127774,90,33527,0.0026844036149968682,156.33698213380262,male,75-79,1405,0.02412472741633613,6.476050548722677e-05,0.0007043686508992439,1.6992701703556683e-05
2018,E07000029,59709,127774,34,31471,0.0010803596962282737,64.507197102094,female,75-79,1484,0.024853874625265872,2.6851124440247838e-05,0.0002660948236730477,6.613487386002157e-06
2018,E07000029,59709,127774,34,31471,0.0010803596962282737,64.507197102094,male,75-79,1367,0.02289437103284262,2.4734155734379244e-05,0.0002660948236730477,6.092073623089588e-06
2018,E07000031,93447,127774,110,47227,0.002329176106888009,217.65451966036377,female,75-79,2792,0.029877898701937997,6.959088778057424e-05,0.0008608950177657426,2.572173413380797e-05
2018,E07000031,93447,127774,110,47227,0.002329176106888009,217.65451966036377,male,75-79,2626,0.028101490684559163,6.545332067041116e-05,0.0008608950177657426,2.4192433322127412e-05
2018,E07000037,80519,127774,957,41221,0.02321632177773465,1869.3550132214161,female,75-79,1914,0.023770787019212855,0.0005518702403480435,0.007489786654561961,0.00017803812338493513
2018,E07000037,80519,127774,957,41221,0.02321632177773465,1869.3550132214161,male,75-79,1583,0.019659956035221502,0.0004564318654498187,0.007489786654561961,0.00014724887634187688
2018,E07000117,74178,127774,241,43299,0.005565948405274948,412.8709208064851,female,75-79,1514,0.0204103642589447,0.00011360303439815405,0.0018861427207413088,3.849685997468712e-05
2018,E07000117,74178,127774,241,43299,0.005565948405274948,412.8709208064851,male,75-79,1399,0.018860039364771226,0.00010497400602577115,0.0018861427207413088,3.557272596075779e-05
2018,E07000118,100527,127774,304,47400,0.006413502109704641,644.7301265822784,female,75-79,2307,0.022949058461905758,0.00014718383486116772,0.0023792007763707794,5.4600417709544585e-05
2018,E07000118,100527,127774,304,47400,0.006413502109704641,644.7301265822784,male,75-79,2042,0.020312950749549873,0.00013027715248656457,0.0023792007763707794,4.832858819371046e-05
2018,E07000119,70586,127774,118,37683,0.003131385505400313,221.0319772841865,female,75-79,2234,0.0316493355622928,9.910627063531435e-05,0.0009235055645123421,2.9228337504895758e-05
2018,E07000119,70586,127774,118,37683,0.003131385505400313,221.0319772841865,male,75-79,1866,0.026435837134842603,8.278079722716947e-05,0.0009235055645123421,2.4413642696569153e-05
2018,E07000120,67922,127774,211,38567,0.005470998522052532,371.60116161485206,female,75-79,1438,0.02117134360001178,0.00011582838954553076,0.001651353170441561,3.4961365376387104e-05
2018,E07000120,67922,127774,211,38567,0.005470998522052532,371.60116161485206,male,75-79,1298,0.019110155766909102,0.00010455163395695336,0.001651353170441561,3.155761631331743e-05
2018,E07000121,125761,127774,234,61595,0.00379900965987499,477.7672538355386,female,75-79,2786,0.02215313173400339,8.415996145396206e-05,0.0018313584923380344,4.057032593295031e-05
2018,E07000121,125761,127774,234,61595,0.00379900965987499,477.7672538355386,male,75-79,2576,0.020483297683701624,7.781624576647748e-05,0.0018313584923380344,3.751226116413496e-05
2018,E07000122,76432,127774,166,43852,0.0037854601842561343,289.3302928030649,female,75-79,1544,0.020200962947456564,7.646994092123027e-05,0.001299168844991939,2.6244461700172097e-05
2018,E07000122,76432,127774,166,43852,0.0037854601842561343,289.3302928030649,male,75-79,1425,0.018644023445677203,7.057620842794891e-05,0.001299168844991939,2.422173440592308e-05
2018,E07000123,119604,127774,224,58635,0.003820243881640658,456.91644921974927,female,75-79,2046,0.01710645128925454,6.53508158743586e-05,0.001753095308904785,2.9989239507200345e-05
2018,E07000123,119604,127774,224,58635,0.003820243881640658,456.91644921974927,male,75-79,1774,0.014832279856860975,5.666292637395511e-05,0.001753095308904785,2.6002400237425914e-05
2018,E07000124,52725,127774,129,24077,0.0053578103584333596,282.4905511483989,female,75-79,1393,0.026420104314841156,0.00014155390856894585,0.0010095950662889163,2.667360696710214e-05
2018,E07000124,52725,127774,129,24077,0.0053578103584333596,282.4905511483989,male,75-79,1228,0.023290659080132763,0.0001247869344742753,0.0010095950662889163,2.3514134497919186e-05
2018,E07000125,60391,127774,569,32779,0.01735867476128009,1048.3077275084659,female,75-79,1157,0.01915848388004835,0.0003325658905929867,0.004453175137351887,8.531608408398822e-05
2018,E07000125,60391,127774,569,32779,0.01735867476128009,1048.3077275084659,male,75-79,1058,0.017519166763259427,0.0003041095179320484,0.004453175137351887,7.801591785726841e-05
2018,E07000126,95216,127774,192,44872,0.004278837582456766,407.4137992512034,female,75-79,2345,0.024628213745588975,0.00010538012656340442,0.0015026531219183871,3.7007662272082606e-05
2018,E07000126,95216,127774,192,44872,0.004278837582456766,407.4137992512034,male,75-79,2047,0.0214984876491346,9.198853691909973e-05,0.0015026531219183871,3.2304769582496e-05
2018,E07000127,99344,127774,178,52870,0.003366748628711935,334.4662757707585,female,75-79,2577,0.025940167498792077,8.733402335511613e-05,0.0013930846651118382,3.613684955299975e-05
2018,E07000127,99344,127774,178,52870,0.003366748628711935,334.4662757707585,male,75-79,2248,0.022628442583346755,7.618427803736944e-05,0.0013930846651118382,3.152333635822407e-05
2018,E07000128,98293,127774,127,52682,0.0024106905584450095,236.95400706123533,female,75-79,3228,0.03284058885169849,7.9168497478564e-05,0.0009939424296022666,3.264165467282631e-05
2018,E07000128,98293,127774,127,52682,0.0024106905584450095,236.95400706123533,male,75-79,2801,0.028496434130609503,6.869608470801046e-05,0.0009939424296022666,2.8323814974778963e-05
2018,E07000195,113762,127774,11,52219,0.00021065129550546736,23.964112679292978,female,75-79,2553,0.02244158857966632,4.727349707507411e-06,8.608950177657427e-05,1.9319851798983322e-06
2018,E07000195,113762,127774,11,52219,0.00021065129550546736,23.964112679292978,male,75-79,2277,0.02001547089537807,4.216284874263368e-06,8.608950177657427e-05,1.7231219172066208e-06
2018,E07000198,86796,127774,58,39191,0.001479931616952872,128.45214462504148,female,75-79,2403,0.027685607631688095,4.097280606868693e-05,0.00045392646391284613,1.2567229973530684e-05
2018,E07000198,86796,127774,58,39191,0.001479931616952872,128.45214462504148,male,75-79,2284,0.026314576708604084,3.894377405779483e-05,0.00045392646391284613,1.1944882754699994e-05
2018,E08000001,238491,127774,7245,124929,0.05799293998991427,13830.794251134645,female,75-79,5021,0.021053205362047207,0.001220937275156545,0.05670167639738914,0.0011937520375665787
2018,E08000001,238491,127774,7245,124929,0.05799293998991427,13830.794251134645,male,75-79,4348,0.018231295939888717,0.001057286451380334,0.05670167639738914,0.0010337450426886046
2018,E08000002,160514,127774,7289,87589,0.08321821233259884,13357.68813435477,female,75-79,3435,0.021400002491994467,0.00178086995129694,0.05704603440449544,0.0012207852784146046
2018,E08000002,160514,127774,7289,87589,0.08321821233259884,13357.68813435477,male,75-79,2963,0.018459449020023177,0.0015361623480910722,0.05704603440449544,0.0010530383638842717
2018,E08000003,460111,127774,9067,247549,0.03662709201006669,16852.527931843793,female,75-79,5076,0.011032120510050836,0.00040407449298777585,0.07096122841892717,0.0007828528234588487
2018,E08000003,460111,127774,9067,247549,0.03662709201006669,16852.527931843793,male,75-79,3962,0.008610965614819032,0.0003153946298694972,0.07096122841892717,0.000611044697900701
2018,E08000004,195007,127774,3752,97962,0.03830056552540781,7468.8783814132,female,75-79,3922,0.020112098540052407,0.000770304747986736,0.029364346424155148,0.0005905786288468439
2018,E08000004,195007,127774,3752,97962,0.03830056552540781,7468.8783814132,male,75-79,3245,0.01664042829231771,0.0006373378141807644,0.029364346424155148,0.0004886353010219297
2018,E08000005,183414,127774,3847,95839,0.040140235186093345,7362.281096422125,female,75-79,3562,0.01942054586890859,0.0007795452786203043,0.030107846666771017,0.0005847108172060931
2018,E08000005,183414,127774,3847,95839,0.040140235186093345,7362.281096422125,male,75-79,2981,0.01625284874655152,0.0006523931711305804,0.030107846666771017,0.0004893382779593946
2018,E08000006,213831,127774,63221,120639,0.5240510945879856,112058.36960684355,female,75-79,3696,0.0172846780869004,0.009058054471041124,0.4947876719833456,0.008552245631598997
2018,E08000006,213831,127774,63221,120639,0.5240510945879856,112058.36960684355,male,75-79,3087,0.014436634538490678,0.007565534132062758,0.4947876719833456,0.007143068794574163
2018,E08000007,248365,127774,3275,141232,0.023188795740342133,5759.2852540500735,female,75-79,5851,0.023558069776337245,0.0005462832680802118,0.025631192574389155,0.0006038214231181968
2018,E08000007,248365,127774,3275,141232,0.023188795740342133,5759.2852540500735,male,75-79,4992,0.02009945040565297,0.00046608204994982356,0.025631192574389155,0.0005151728839866755
2018,E08000008,190138,127774,3271,114776,0.028498989335749635,5418.740834320764,female,75-79,3960,0.0208269782999716,0.0005935478324667797,0.025599887301015856,0.0005331682972999758
2018,E08000008,190138,127774,3271,114776,0.028498989335749635,5418.740834320764,male,75-79,3440,0.018092122563611694,0.000515607208001445,0.025599887301015856,0.00046315629866462547
2018,E08000009,198239,127774,9000,118072,0.07622467646859543,15110.70363845789,female,75-79,4157,0.020969637659592713,0.0015984038462661292,0.0704368650899244,0.0014770355388133301
2018,E08000009,198239,127774,9000,118072,0.07622467646859543,15110.70363845789,male,75-79,3331,0.016802949974525697,0.0012807994255262152,0.0704368650899244,0.0011835471204684153
2018,E08000010,279767,127774,8099,150594,0.05378036309547525,15045.970842131825,female,75-79,6312,0.022561631643474748,0.001213372741812436,0.06338535226258864,0.0014300769693404135
2018,E08000010,279767,127774,8099,150594,0.05378036309547525,15045.970842131825,male,75-79,5811,0.02077085574781872,0.00111706416392143,0.06338535226258864,0.0013165680083709035
2018,E08000012,427379,127774,8,235300,3.399915002124947e-05,14.530522736931577,female,75-79,7138,0.016701803317430198,5.678471166147114e-07,6.261054674659946e-05,1.0457090373584733e-06
2018,E08000012,427379,127774,8,235300,3.399915002124947e-05,14.530522736931577,male,75-79,5904,0.013814436366784517,4.6967909449331125e-07,6.261054674659946e-05,8.649294139204857e-07
2018,E08000013,154790,127774,210,91513,0.0022947559363150592,355.205271382208,female,75-79,3818,0.024665676077265972,5.6601706601530436e-05,0.001643526852098236,4.0538700958143706e-05
2018,E08000013,154790,127774,210,91513,0.0022947559363150592,355.205271382208,male,75-79,3246,0.020970346921635765,4.81218280850099e-05,0.001643526852098236,3.446532826352396e-05
2018,E08000033,178791,127774,50,88593,0.0005643786755161243,100.90582777420337,female,75-79,3741,0.020923872006980218,1.1808987169968405e-05,0.00039131591716624664,8.187844165080618e-06
2018,E08000033,178791,127774,50,88593,0.0005643786755161243,100.90582777420337,male,75-79,3211,0.017959516977923945,1.0135968404910063e-05,0.00039131591716624664,7.027844858079086e-06
2018,E08000034,370482,127774,14,169882,8.241014351137849e-05,30.531474788382525,female,75-79,7557,0.020397752117511783,1.6809816793136705e-06,0.00010956845680654907,2.2349502218382847e-06
2018,E08000034,370482,127774,14,169882,8.241014351137849e-05,30.531474788382525,male,75-79,6420,0.017328777106580078,1.4280670082299543e-06,0.00010956845680654907,1.8986873659126356e-06
2018,E08000035,670103,127774,9,291326,3.0893226145280545e-05,20.70164351963093,female,75-79,12226,0.018244956372378576,5.636455632226688e-07,7.043686508992439e-05,1.2851175305727862e-06
2018,E08000035,670103,127774,9,291326,3.0893226145280545e-05,20.70164351963093,male,75-79,9921,0.014805186665333538,4.5737997977524094e-07,7.043686508992439e-05,1.042830935777246e-06
2018,E06000006,108888,127774,70,70096,0.0009986304496690252,108.73887240356082,female,80-84,1674,0.01537359488648887,1.5352539974523806e-05,0.0005478422840327453,8.422305336408196e-06
2018,E06000006,108888,127774,70,70096,0.0009986304496690252,108.73887240356082,male,80-84,1244,0.01142458305782088,1.1408936516312792e-05,0.0005478422840327453,6.258869676518397e-06
2018,E06000007,179445,127774,935,96349,0.009704304144308711,1741.3888571754767,female,80-84,2940,0.016383850204798128,0.0001589938654421556,0.007317607651008812,0.00011989058761161307
2018,E06000007,179445,127774,935,96349,0.009704304144308711,1741.3888571754767,male,80-84,2368,0.013196243974476858,0.00012806036509082464,0.007317607651008812,9.65649358722108e-05
2018,E06000008,122793,127774,419,67159,0.006238925534924582,766.0963832099942,female,80-84,1580,0.012867182982743315,8.027739647358431e-05,0.0032792273858531468,4.2194418815795456e-05
2018,E06000008,122793,127774,419,67159,0.006238925534924582,766.0963832099942,male,80-84,1250,0.01017973337242351,6.351059847593697e-05,0.0032792273858531468,3.338166045553438e-05
2018,E06000009,119403,127774,118,72262,0.0016329467770058953,194.97874401483492,female,80-84,2277,0.019069872616265922,3.114008702664442e-05,0.0009235055645123421,1.7611133475663114e-05
2018,E06000009,119403,127774,118,72262,0.0016329467770058953,194.97874401483492,male,80-84,1665,0.013944373256953344,2.2770419367309163e-05,0.0009235055645123421,1.2877706296433503e-05
2018,E06000049,329432,127774,3062,171737,0.017829588265778486,5873.636921571939,female,80-84,6653,0.02019536657033925,0.00036007507082561584,0.023964186767260944,0.0004839655363249079
2018,E06000049,329432,127774,3062,171737,0.017829588265778486,5873.636921571939,male,80-84,5315,0.016133830350421333,0.000287659552297933,0.023964186767260944,0.0003866341237887999
2018,E06000050,294284,127774,851,156247,0.005446504572887799,1602.8191517277132,female,80-84,5610,0.01906321784398744,0.00010382790316123388,0.006660196910169518,0.00012696478458241358
2018,E06000050,294284,127774,851,156247,0.005446504572887799,1602.8191517277132,male,80-84,4370,0.014849601065637276,8.087842010955296e-05,0.006660196910169518,9.890126713460737e-05
2018,E06000051,281288,127774,9,131591,6.839373513386174e-05,19.2383369683337,female,80-84,5697,0.02025326355905691,1.3851963434544322e-06,7.043686508992439e-05,1.4265763929399734e-06
2018,E06000051,281288,127774,9,131591,6.839373513386174e-05,19.2383369683337,male,80-84,4843,0.01721722931657234,1.1775506216166079e-06,7.043686508992439e-05,1.212727658593697e-06
2018,E07000027,58239,127774,90,33527,0.0026844036149968682,156.33698213380262,female,80-84,1085,0.01863012757774,5.001078181753811e-05,0.0007043686508992439,1.3122477828013524e-05
2018,E07000027,58239,127774,90,33527,0.0026844036149968682,156.33698213380262,male,80-84,827,0.014200106457871873,3.8118817108851626e-05,0.0007043686508992439,1.0002109828356853e-05
2018,E07000029,59709,127774,34,31471,0.0010803596962282737,64.507197102094,female,80-84,1140,0.019092599105662463,2.062687457000171e-05,0.0002660948236730477,5.080441792481441e-06
2018,E07000029,59709,127774,34,31471,0.0010803596962282737,64.507197102094,male,80-84,964,0.016144969770051417,1.744237463638741e-05,0.0002660948236730477,4.2960928841685175e-06
2018,E07000031,93447,127774,110,47227,0.002329176106888009,217.65451966036377,female,80-84,2175,0.023275225528909434,5.421209918436567e-05,0.0008608950177657426,2.0037525695212152e-05
2018,E07000031,93447,127774,110,47227,0.002329176106888009,217.65451966036377,male,80-84,1839,0.019679604481684806,4.583726455174643e-05,0.0008608950177657426,1.6942073449882828e-05
2018,E07000037,80519,127774,957,41221,0.02321632177773465,1869.3550132214161,female,80-84,1364,0.016940101094151692,0.0003932868379491805,0.007489786654561961,0.00012687774310190782
2018,E07000037,80519,127774,957,41221,0.02321632177773465,1869.3550132214161,male,80-84,1064,0.013214272407754692,0.0003067868002770733,0.007489786654561961,9.897208112934745e-05
2018,E07000117,74178,127774,241,43299,0.005565948405274948,412.8709208064851,female,80-84,1189,0.0160290112971501,8.921664986750673e-05,0.0018861427207413088,3.0233002978799865e-05
2018,E07000117,74178,127774,241,43299,0.005565948405274948,412.8709208064851,male,80-84,876,0.011809431367790989,6.57306856887602e-05,0.0018861427207413088,2.227427301045305e-05
2018,E07000118,100527,127774,304,47400,0.006413502109704641,644.7301265822784,female,80-84,1545,0.015369005341848459,9.856914818400699e-05,0.0023792007763707794,3.656594944137251e-05
2018,E07000118,100527,127774,304,47400,0.006413502109704641,644.7301265822784,male,80-84,1283,0.012762740358311698,8.185386221364464e-05,0.0023792007763707794,3.036512176911387e-05
2018,E07000119,70586,127774,118,37683,0.003131385505400313,221.0319772841865,female,80-84,1758,0.024905788683308304,7.798962568347477e-05,0.0009235055645123421,2.3000634437603737e-05
2018,E07000119,70586,127774,118,37683,0.003131385505400313,221.0319772841865,male,80-84,1370,0.019408947950018417,6.0776898285756796e-05,0.0009235055645123421,1.7924271433172423e-05
2018,E07000120,67922,127774,211,38567,0.005470998522052532,371.60116161485206,female,80-84,1130,0.016636730367185888,9.101952725066047e-05,0.001651353170441561,2.7473117437633812e-05
2018,E07000120,67922,127774,211,38567,0.005470998522052532,371.60116161485206,male,80-84,846,0.012455463620034746,6.814382305668917e-05,0.001651353170441561,2.0568369338263898e-05
2018,E07000121,125761,127774,234,61595,0.00379900965987499,477.7672538355386,female,80-84,2215,0.017612773435325735,6.691109641799208e-05,0.0018313584923380344,3.225530220440952e-05
2018,E07000121,125761,127774,234,61595,0.00379900965987499,477.7672538355386,male,80-84,1763,0.014018654431819086,5.325700360493005e-05,0.0018313584923380344,2.5673181844864107e-05
2018,E07000122,76432,127774,166,43852,0.0037854601842561343,289.3302928030649,female,80-84,1168,0.015281557462842788,5.784772732901356e-05,0.001299168844991939,1.985332335867941e-05
2018,E07000122,76432,127774,166,43852,0.0037854601842561343,289.3302928030649,male,80-84,967,0.012651768892610426,4.789276740338709e-05,0.001299168844991939,1.643678397931763e-05
2018,E07000123,119604,127774,224,58635,0.003820243881640658,456.91644921974927,female,80-84,1730,0.01446439918397378,5.525753248418396e-05,0.001753095308904785,2.5357470355550635e-05
2018,E07000123,119604,127774,224,58635,0.003820243881640658,456.91644921974927,male,80-84,1323,0.011061502959767232,4.22576390038008e-05,0.001753095308904785,1.939186894820433e-05
2018,E07000124,52725,127774,129,24077,0.0053578103584333596,282.4905511483989,female,80-84,1072,0.020331910858226648,0.00010893452260295043,0.0010095950662889163,2.052699689069167e-05
2018,E07000124,52725,127774,129,24077,0.0053578103584333596,282.4905511483989,male,80-84,855,0.016216216216216217,8.688341121783827e-05,0.0010095950662889163,1.637181188576621e-05
2018,E07000125,60391,127774,569,32779,0.01735867476128009,1048.3077275084659,female,80-84,871,0.014422678875991456,0.0002503585917947204,0.004453175137351887,6.422671498457542e-05
2018,E07000125,60391,127774,569,32779,0.01735867476128009,1048.3077275084659,male,80-84,730,0.012087893891473895,0.00020982981861095967,0.004453175137351887,5.38295085404593e-05
2018,E07000126,95216,127774,192,44872,0.004278837582456766,407.4137992512034,female,80-84,1720,0.01806419089228701,7.729373888659088e-05,0.0015026531219183871,2.714421283922477e-05
2018,E07000126,95216,127774,192,44872,0.004278837582456766,407.4137992512034,male,80-84,1384,0.014535372206351874,6.219449687153592e-05,0.0015026531219183871,2.18416224241204e-05
2018,E07000127,99344,127774,178,52870,0.003366748628711935,334.4662757707585,female,80-84,2000,0.020132066355290707,6.777960679481267e-05,0.0013930846651118382,2.8045672916569458e-05
2018,E07000127,99344,127774,178,52870,0.003366748628711935,334.4662757707585,male,80-84,1541,0.01551175712675149,5.222418703540317e-05,0.0013930846651118382,2.160919098221677e-05
2018,E07000128,98293,127774,127,52682,0.0024106905584450095,236.95400706123533,female,80-84,2404,0.024457489343086485,5.8959438642648024e-05,0.0009939424296022666,2.4309336379638923e-05
2018,E07000128,98293,127774,127,52682,0.0024106905584450095,236.95400706123533,male,80-84,1994,0.02028628691768488,4.890396033836945e-05,0.0009939424296022666,2.0163401306572384e-05
2018,E07000195,113762,127774,11,52219,0.00021065129550546736,23.964112679292978,female,80-84,2109,0.01853870360928957,3.905201932288732e-06,8.608950177657427e-05,1.5959877573073182e-06
2018,E07000195,113762,127774,11,52219,0.00021065129550546736,23.964112679292978,male,80-84,1641,0.014424851883757318,3.0386137367879603e-06,8.608950177657427e-05,1.2418283118735464e-06
2018,E07000198,86796,127774,58,39191,0.001479931616952872,128.45214462504148,female,80-84,1800,0.02073828287017835,3.069124050088909e-05,0.00045392646391284613,9.413655410884408e-06
2018,E07000198,86796,127774,58,39191,0.001479931616952872,128.45214462504148,male,80-84,1470,0.016936264343978984,2.5064513075726086e-05,0.00045392646391284613,7.687818585555598e-06
2018,E08000001,238491,127774,7245,124929,0.05799293998991427,13830.794251134645,female,80-84,3505,0.014696571359086925,0.0008522973808850208,0.05670167639738914,0.0008333202333540843
2018,E08000001,238491,127774,7245,124929,0.05799293998991427,13830.794251134645,male,80-84,2820,0.01182434557278891,0.0006857285632227557,0.05670167639738914,0.0006704602162791777
2018,E08000002,160514,127774,7289,87589,0.08321821233259884,13357.68813435477,female,80-84,2748,0.017120001993595573,0.0014246959610375518,0.05704603440449544,0.0009766282227316836
2018,E08000002,160514,127774,7289,87589,0.08321821233259884,13357.68813435477,male,80-84,1951,0.012154703016559304,0.0010114926564717117,0.05704603440449544,0.0006933776064590666
2018,E08000003,460111,127774,9067,247549,0.03662709201006669,16852.527931843793,female,80-84,4125,0.008965227955862824,0.0003283702292306098,0.07096122841892717,0.0006361835888037333
2018,E08000003,460111,127774,9067,247549,0.03662709201006669,16852.527931843793,male,80-84,2800,0.006085488067009918,0.00022289373135653514,0.07096122841892717,0.0004318337087637463
2018,E08000004,195007,127774,3752,97962,0.03830056552540781,7468.8783814132,female,80-84,2879,0.014763572589701908,0.0005654531793609926,0.029364346424155148,0.0004335226599821682
2018,E08000004,195007,127774,3752,97962,0.03830056552540781,7468.8783814132,male,80-84,2109,0.010814996384745163,0.0004142204776909807,0.029364346424155148,0.0003175753004176425
2018,E08000005,183414,127774,3847,95839,0.040140235186093345,7362.281096422125,female,80-84,2601,0.01418103307272073,0.000569230002720778,0.030107846666771017,0.0004269603693298844
2018,E08000005,183414,127774,3847,95839,0.040140235186093345,7362.281096422125,male,80-84,2007,0.010942458045732606,0.00043923283946966616,0.030107846666771017,0.0003294538489984921
2018,E08000006,213831,127774,63221,120639,0.5240510945879856,112058.36960684355,female,80-84,2828,0.013225397627098035,0.006930784102842072,0.4947876719833456,0.0065437637029659
2018,E08000006,213831,127774,63221,120639,0.5240510945879856,112058.36960684355,male,80-84,2212,0.010344617945947968,0.005421108357668552,0.4947876719833456,0.005118389431032734
2018,E08000007,248365,127774,3275,141232,0.023188795740342133,5759.2852540500735,female,80-84,4677,0.018831155758661646,0.00043667182444217243,0.025631192574389155,0.00048266497964857396
2018,E08000007,248365,127774,3275,141232,0.023188795740342133,5759.2852540500735,male,80-84,3710,0.014937692509008919,0.0003463871004234466,0.025631192574389155,0.0003828708733154179
2018,E08000008,190138,127774,3271,114776,0.028498989335749635,5418.740834320764,female,80-84,3033,0.01595157201611461,0.0004546036807756926,0.025599887301015856,0.0004083584458865723
2018,E08000008,190138,127774,3271,114776,0.028498989335749635,5418.740834320764,male,80-84,2269,0.011933437818847363,0.0003400909171381624,0.025599887301015856,0.000305494663276173
2018,E08000009,198239,127774,9000,118072,0.07622467646859543,15110.70363845789,female,80-84,3456,0.01743350198497773,0.0013288630485195436,0.0704368650899244,0.0012279612273608056
2018,E08000009,198239,127774,9000,118072,0.07622467646859543,15110.70363845789,male,80-84,2476,0.012489974223033813,0.000952044244251849,0.0704368650899244,0.0008797546293244661
2018,E08000010,279767,127774,8099,150594,0.05378036309547525,15045.970842131825,female,80-84,4230,0.015119724627994009,0.0008131442803971172,0.06338535226258864,0.0009583690716587371
2018,E08000010,279767,127774,8099,150594,0.05378036309547525,15045.970842131825,male,80-84,3371,0.01204931246358577,0.0006480163993424781,0.06338535226258864,0.0007637499150263837
2018,E08000012,427379,127774,8,235300,3.399915002124947e-05,14.530522736931577,female,80-84,5971,0.013971205885174517,4.750091248678119e-07,6.261054674659946e-05,8.747448391800847e-07
2018,E08000012,427379,127774,8,235300,3.399915002124947e-05,14.530522736931577,male,80-84,4454,0.01042166320759794,3.543276908660583e-07,6.261054674659946e-05,6.525060314366265e-07
2018,E08000013,154790,127774,210,91513,0.0022947559363150592,355.205271382208,female,80-84,2883,0.018625234188255055,4.274036671875648e-05,0.001643526852098236,3.0611072515015276e-05
2018,E08000013,154790,127774,210,91513,0.0022947559363150592,355.205271382208,male,80-84,2266,0.014639188578073519,3.359336489236982e-05,0.001643526852098236,2.4059899520993622e-05
2018,E08000033,178791,127774,50,88593,0.0005643786755161243,100.90582777420337,female,80-84,2856,0.015973958420725874,9.01536149623891e-06,0.00039131591716624664,6.250864190181834e-06
2018,E08000033,178791,127774,50,88593,0.0005643786755161243,100.90582777420337,male,80-84,2097,0.01172877829420944,6.619472359108192e-06,0.00039131591716624664,4.589657635438133e-06
2018,E08000034,370482,127774,14,169882,8.241014351137849e-05,30.531474788382525,female,80-84,5988,0.01616272855361394,1.3319727796387797e-06,0.00010956845680654907,1.7709252254026263e-06
2018,E08000034,370482,127774,14,169882,8.241014351137849e-05,30.531474788382525,male,80-84,4420,0.011930404176181299,9.8318632030785e-07,0.00010956845680654907,1.3071959746625932e-06
2018,E08000035,670103,127774,9,291326,3.0893226145280545e-05,20.70164351963093,female,80-84,10332,0.015418525211795799,4.7632798619471724e-07,7.043686508992439e-05,1.0860325802288586e-06
2018,E08000035,670103,127774,9,291326,3.0893226145280545e-05,20.70164351963093,male,80-84,7591,0.011328109260815128,3.499618411928086e-07,7.043686508992439e-05,7.979165037279583e-07
2018,E06000006,108888,127774,70,70096,0.0009986304496690252,108.73887240356082,female,85-89,961,0.008825582249651017,8.813495170559963e-06,0.0005478422840327453,4.835027137567668e-06
2018,E06000006,108888,127774,70,70096,0.0009986304496690252,108.73887240356082,male,85-89,645,0.005923517743001983,5.9154051873165206e-06,0.0005478422840327453,3.2451534898346993e-06
2018,E06000007,179445,127774,935,96349,0.009704304144308711,1741.3888571754767,female,85-89,1783,0.009936192148011926,9.642383064059981e-05,0.007317607651008812,7.270915568418576e-05
2018,E06000007,179445,127774,935,96349,0.009704304144308711,1741.3888571754767,male,85-89,1094,0.006096575552397671,5.9163023399223886e-05,0.007317607651008812,4.4612347907178475e-05
2018,E06000008,122793,127774,419,67159,0.006238925534924582,766.0963832099942,female,85-89,1001,0.008151930484636746,5.085928725953032e-05,0.0032792273858531468,2.673203369279193e-05
2018,E06000008,122793,127774,419,67159,0.006238925534924582,766.0963832099942,male,85-89,595,0.00484555308527359,3.0231044874545993e-05,0.0032792273858531468,1.5889670376834366e-05
2018,E06000009,119403,127774,118,72262,0.0016329467770058953,194.97874401483492,female,85-89,1393,0.011666373541703308,1.9050567074271267e-05,0.0009235055645123421,1.0773960883442565e-05
2018,E06000009,119403,127774,118,72262,0.0016329467770058953,194.97874401483492,male,85-89,918,0.00768824903896887,1.2554501489002889e-05,0.0009235055645123421,7.100140768844418e-06
2018,E06000049,329432,127774,3062,171737,0.017829588265778486,5873.636921571939,female,85-89,4463,0.013547560649845795,0.00024154742839241296,0.023964186767260944,0.0003246562736536997
2018,E06000049,329432,127774,3062,171737,0.017829588265778486,5873.636921571939,male,85-89,2871,0.008715000364263339,0.00015538486823092485,0.023964186767260944,0.00020884789640595382
2018,E06000050,294284,127774,851,156247,0.005446504572887799,1602.8191517277132,female,85-89,3590,0.01219910018893314,6.644245496414075e-05,0.006660196910169518,8.124840938518087e-05
2018,E06000050,294284,127774,851,156247,0.005446504572887799,1602.8191517277132,male,85-89,2389,0.008118008454418181,4.421477016973044e-05,0.006660196910169518,5.406753482484599e-05
2018,E06000051,281288,127774,9,131591,6.839373513386174e-05,19.2383369683337,female,85-89,3798,0.01350217570603794,9.234642289696215e-07,7.043686508992439e-05,9.51050928626649e-07
2018,E06000051,281288,127774,9,131591,6.839373513386174e-05,19.2383369683337,male,85-89,2562,0.009108102727453713,6.22937165513473e-07,7.043686508992439e-05,6.415462030388296e-07
2018,E07000027,58239,127774,90,33527,0.0026844036149968682,156.33698213380262,female,85-89,605,0.010388227819845807,2.788619631300512e-05,0.0007043686508992439,7.317142014698785e-06
2018,E07000027,58239,127774,90,33527,0.0026844036149968682,156.33698213380262,male,85-89,455,0.007812634145503872,2.0972263342838562e-05,0.0007043686508992439,5.50297457303793e-06
2018,E07000029,59709,127774,34,31471,0.0010803596962282737,64.507197102094,female,85-89,699,0.01170677787268251,1.2647530986343153e-05,0.0002660948236730477,3.1151129938109888e-06
2018,E07000029,59709,127774,34,31471,0.0010803596962282737,64.507197102094,male,85-89,488,0.00817297224873972,8.829749815930555e-06,0.0002660948236730477,2.1747856094131083e-06
2018,E07000031,93447,127774,110,47227,0.002329176106888009,217.65451966036377,female,85-89,1554,0.016629747343413912,3.873361017586402e-05,0.0008608950177657426,1.4316466634648131e-05
2018,E07000031,93447,127774,110,47227,0.002329176106888009,217.65451966036377,male,85-89,970,0.01038021552323777,2.4177349981073428e-05,0.0008608950177657426,8.936275827290018e-06
2018,E07000037,80519,127774,957,41221,0.02321632177773465,1869.3550132214161,female,85-89,841,0.010444739750866254,0.000242488438940807,0.007489786654561961,7.82288723964109e-05
2018,E07000037,80519,127774,957,41221,0.02321632177773465,1869.3550132214161,male,85-89,556,0.0069052024987891055,0.00016031340315230522,0.007489786654561961,5.171849352247855e-05
2018,E07000117,74178,127774,241,43299,0.005565948405274948,412.8709208064851,female,85-89,768,0.010353474075871552,5.7626902521652783e-05,0.0018861427207413088,1.9528129762588976e-05
2018,E07000117,74178,127774,241,43299,0.005565948405274948,412.8709208064851,male,85-89,490,0.006605732157782631,3.676716436928368e-05,0.0018861427207413088,1.2459353624568488e-05
2018,E07000118,100527,127774,304,47400,0.006413502109704641,644.7301265822784,female,85-89,952,0.009470092611935103,6.0736458945744116e-05,0.0023792007763707794,2.253125169461918e-05
2018,E07000118,100527,127774,304,47400,0.006413502109704641,644.7301265822784,male,85-89,601,0.005978493340097685,3.834307964957165e-05,0.0023792007763707794,1.4224035996287946e-05
2018,E07000119,70586,127774,118,37683,0.003131385505400313,221.0319772841865,female,85-89,1218,0.01725554642563681,5.403376796500129e-05,0.0009235055645123421,1.593559314277665e-05
2018,E07000119,70586,127774,118,37683,0.003131385505400313,221.0319772841865,male,85-89,742,0.010511999546652311,3.291712301316171e-05,0.0009235055645123421,9.707890075484627e-06
2018,E07000120,67922,127774,211,38567,0.005470998522052532,371.60116161485206,female,85-89,648,0.009540355113218104,5.219526872427256e-05,0.001651353170441561,1.5754495663351074e-05
2018,E07000120,67922,127774,211,38567,0.005470998522052532,371.60116161485206,male,85-89,440,0.006478018904036984,3.54412318498147e-05,0.001651353170441561,1.0697497055361839e-05
2018,E07000121,125761,127774,234,61595,0.00379900965987499,477.7672538355386,female,85-89,1447,0.011505951765650719,4.3711221903762776e-05,0.0018313584923380344,2.1071522478456247e-05
2018,E07000121,125761,127774,234,61595,0.00379900965987499,477.7672538355386,male,85-89,940,0.007474495272779319,2.8395679743978585e-05,0.0018313584923380344,1.36884803937449e-05
2018,E07000122,76432,127774,166,43852,0.0037854601842561343,289.3302928030649,female,85-89,827,0.010820075361105297,4.0958964470114914e-05,0.001299168844991939,1.4057104809612904e-05
2018,E07000122,76432,127774,166,43852,0.0037854601842561343,289.3302928030649,male,85-89,520,0.006803433117019049,2.5754125180725216e-05,0.001299168844991939,8.838808344617544e-06
2018,E07000123,119604,127774,224,58635,0.003820243881640658,456.91644921974927,female,85-89,1061,0.008870940771211665,3.3889157205618024e-05,0.001753095308904785,1.5551604651583367e-05
2018,E07000123,119604,127774,224,58635,0.003820243881640658,456.91644921974927,male,85-89,697,0.005827564295508511,2.2262716844783943e-05,0.001753095308904785,1.021627562879699e-05
2018,E07000124,52725,127774,129,24077,0.0053578103584333596,282.4905511483989,female,85-89,728,0.013807491702228544,7.397792206618275e-05,0.0010095950662889163,1.3939975500395088e-05
2018,E07000124,52725,127774,129,24077,0.0053578103584333596,282.4905511483989,male,85-89,440,0.008345187292555714,4.471193091912145e-05,0.0010095950662889163,8.425259917821208e-06
2018,E07000125,60391,127774,569,32779,0.01735867476128009,1048.3077275084659,female,85-89,564,0.009339139938070243,0.00016211509273504282,0.004453175137351887,4.158882577646445e-05
2018,E07000125,60391,127774,569,32779,0.01735867476128009,1048.3077275084659,male,85-89,349,0.005779006805649849,0.0001003158995824999,0.004453175137351887,2.5734929425507254e-05
2018,E07000126,95216,127774,192,44872,0.004278837582456766,407.4137992512034,female,85-89,1109,0.01164720215089901,4.983648629373796e-05,0.0015026531219183871,1.7501704673662948e-05
2018,E07000126,95216,127774,192,44872,0.004278837582456766,407.4137992512034,male,85-89,694,0.007288690976306503,3.118712487633376e-05,0.0015026531219183871,1.0952374250245345e-05
2018,E07000127,99344,127774,178,52870,0.003366748628711935,334.4662757707585,female,85-89,1155,0.011626268320180383,3.9142722924004316e-05,0.0013930846651118382,1.6196376109318862e-05
2018,E07000127,99344,127774,178,52870,0.003366748628711935,334.4662757707585,male,85-89,792,0.007972298276695119,2.6840724290745815e-05,0.0013930846651118382,1.1106086474961504e-05
2018,E07000128,98293,127774,127,52682,0.0024106905584450095,236.95400706123533,female,85-89,1599,0.016267689459066263,3.921636538668644e-05,0.0009939424296022666,1.6169146784959503e-05
2018,E07000128,98293,127774,127,52682,0.0024106905584450095,236.95400706123533,male,85-89,1036,0.010539916372478203,2.5408476885933176e-05,0.0009939424296022666,1.0476070087065692e-05
2018,E07000195,113762,127774,11,52219,0.00021065129550546736,23.964112679292978,female,85-89,1353,0.011893250821891316,2.5053286934028702e-06,8.608950177657427e-05,1.0238840377604559e-06
2018,E07000195,113762,127774,11,52219,0.00021065129550546736,23.964112679292978,male,85-89,840,0.007383836430442502,1.5554147098731788e-06,8.608950177657427e-05,6.356707994965136e-07
2018,E07000198,86796,127774,58,39191,0.001479931616952872,128.45214462504148,female,85-89,1074,0.012373842112539748,1.831244016553049e-05,0.00045392646391284613,5.616814395161029e-06
2018,E07000198,86796,127774,58,39191,0.001479931616952872,128.45214462504148,male,85-89,729,0.008399004562422232,1.2429952402860083e-05,0.00045392646391284613,3.8125304414081853e-06
2018,E08000001,238491,127774,7245,124929,0.05799293998991427,13830.794251134645,female,85-89,2327,0.00975718161272333,0.000565847647737359,0.05670167639738914,0.0005532485543551938
2018,E08000001,238491,127774,7245,124929,0.05799293998991427,13830.794251134645,male,85-89,1388,0.005819926118805322,0.0003375146261536117,0.05670167639738914,0.00032999956744521233
2018,E08000002,160514,127774,7289,87589,0.08321821233259884,13357.68813435477,female,85-89,1580,0.009843378147700511,0.0008191483327654045,0.05704603440449544,0.000561525688470182
2018,E08000002,160514,127774,7289,87589,0.08321821233259884,13357.68813435477,male,85-89,1003,0.006248676127938996,0.0005200036568124689,0.05704603440449544,0.00035646219337695734
2018,E08000003,460111,127774,9067,247549,0.03662709201006669,16852.527931843793,female,85-89,2573,0.005592128855863042,0.0002048234181358446,0.07096122841892717,0.00039682433308897117
2018,E08000003,460111,127774,9067,247549,0.03662709201006669,16852.527931843793,male,85-89,1433,0.003114465857151861,0.00011407382751211244,0.07096122841892717,0.000221006323092303
2018,E08000004,195007,127774,3752,97962,0.03830056552540781,7468.8783814132,female,85-89,1763,0.009040701103037327,0.0003462639649925078,0.029364346424155148,0.00026547427910682963
2018,E08000004,195007,127774,3752,97962,0.03830056552540781,7468.8783814132,male,85-89,1081,0.005543390750075638,0.00021231500065621152,0.029364346424155148,0.0001627780463496783
2018,E08000005,183414,127774,3847,95839,0.040140235186093345,7362.281096422125,female,85-89,1761,0.009601230004252675,0.0003853956304464784,0.030107846666771017,0.0002890723607804408
2018,E08000005,183414,127774,3847,95839,0.040140235186093345,7362.281096422125,male,85-89,1054,0.005746562421625394,0.0002306683671156094,0.030107846666771017,0.00017301662025132568
2018,E08000006,213831,127774,63221,120639,0.5240510945879856,112058.36960684355,female,85-89,1757,0.00821676931782576,0.004306006954983565,0.4947876719833456,0.00406555616199119
2018,E08000006,213831,127774,63221,120639,0.5240510945879856,112058.36960684355,male,85-89,1059,0.004952509224574547,0.002595367880095387,0.4947876719833456,0.0024504405097032843
2018,E08000007,248365,127774,3275,141232,0.023188795740342133,5759.2852540500735,female,85-89,3241,0.013049342701266281,0.00030259854244538825,0.025631192574389155,0.0003344702157453556
2018,E08000007,248365,127774,3275,141232,0.023188795740342133,5759.2852540500735,male,85-89,2081,0.008378797334568075,0.0001942942199410222,0.025631192574389155,0.00021475856802409288
2018,E08000008,190138,127774,3271,114776,0.028498989335749635,5418.740834320764,female,85-89,1785,0.009387918248850834,0.0002675461820588893,0.025599887301015856,0.00024032964916173149
2018,E08000008,190138,127774,3271,114776,0.028498989335749635,5418.740834320764,male,85-89,1094,0.005753715722264881,0.00016397508300976187,0.025599887301015856,0.000147294474052064
2018,E08000009,198239,127774,9000,118072,0.07622467646859543,15110.70363845789,female,85-89,2295,0.011576934911899274,0.0008824481181575095,0.0704368650899244,0.000815443002544285
2018,E08000009,198239,127774,9000,118072,0.07622467646859543,15110.70363845789,male,85-89,1534,0.0077381342722673135,0.0005898367813741262,0.0704368650899244,0.0005450499197834131
2018,E08000010,279767,127774,8099,150594,0.05378036309547525,15045.970842131825,female,85-89,2463,0.008803754552895802,0.00047346911645817965,0.06338535226258864,0.0005580290835686689
2018,E08000010,279767,127774,8099,150594,0.05378036309547525,15045.970842131825,male,85-89,1589,0.005679726343707442,0.0003054577450475223,0.06338535226258864,0.0003600114550510008
2018,E08000012,427379,127774,8,235300,3.399915002124947e-05,14.530522736931577,female,85-89,3836,0.00897563988871704,3.051641271132015e-07,6.261054674659946e-05,5.61969720833161e-07
2018,E08000012,427379,127774,8,235300,3.399915002124947e-05,14.530522736931577,male,85-89,2329,0.00544949564672106,1.852782200330152e-07,6.261054674659946e-05,3.411959019344192e-07
2018,E08000013,154790,127774,210,91513,0.0022947559363150592,355.205271382208,female,85-89,1575,0.010175075909296467,2.3349315845314417e-05,0.001643526852098236,1.672301047906662e-05
2018,E08000013,154790,127774,210,91513,0.0022947559363150592,355.205271382208,male,85-89,1098,0.007093481491052394,1.6277808760733477e-05,0.001643526852098236,1.1658327305406442e-05
2018,E08000033,178791,127774,50,88593,0.0005643786755161243,100.90582777420337,female,85-89,1976,0.011052010447953196,6.237519018406192e-06,0.00039131591716624664,4.324827604971745e-06
2018,E08000033,178791,127774,50,88593,0.0005643786755161243,100.90582777420337,male,85-89,1044,0.005839220094971224,3.2955313032469967e-06,0.00039131591716624664,2.284979766999242e-06
2018,E08000034,370482,127774,14,169882,8.241014351137849e-05,30.531474788382525,female,85-89,3683,0.00994110375132935,8.192477868085547e-07,0.00010956845680654907,1.0892313969869527e-06
2018,E08000034,370482,127774,14,169882,8.241014351137849e-05,30.531474788382525,male,85-89,2274,0.00613795002186341,5.058293421674324e-07,0.00010956845680654907,6.72525711851298e-07
2018,E08000035,670103,127774,9,291326,3.0893226145280545e-05,20.70164351963093,female,85-89,6537,0.009755216735337701,3.01370116701013e-07,7.043686508992439e-05,6.871268851099544e-07
2018,E08000035,670103,127774,9,291326,3.0893226145280545e-05,20.70164351963093,male,85-89,4034,0.006019970064303547,1.8597629658434856e-07,7.043686508992439e-05,4.240278192647324e-07
2018,E06000006,108888,127774,70,70096,0.0009986304496690252,108.73887240356082,female,90+,520,0.004775549188156638,4.769008833185412e-06,0.0005478422840327453,2.6162477747504554e-06
2018,E06000006,108888,127774,70,70096,0.0009986304496690252,108.73887240356082,male,90+,238,0.002185732128425538,2.182738658265631e-06,0.0005478422840327453,1.1974364815204006e-06
2018,E06000007,179445,127774,935,96349,0.009704304144308711,1741.3888571754767,female,90+,1071,0.005968402574605032,5.7919193839642395e-05,0.007317607651008812,4.3674428344230476e-05
2018,E06000007,179445,127774,935,96349,0.009704304144308711,1741.3888571754767,male,90+,484,0.002697205271810304,2.6174500297280038e-05,0.007317607651008812,1.9737089933340385e-05
2018,E06000008,122793,127774,419,67159,0.006238925534924582,766.0963832099942,female,90+,529,0.004308063163209629,2.687768527501652e-05,0.0032792273858531468,1.412711870478215e-05
2018,E06000008,122793,127774,419,67159,0.006238925534924582,766.0963832099942,male,90+,247,0.0020115153143908855,1.2549694258845144e-05,0.0032792273858531468,6.596216106013594e-06
2018,E06000009,119403,127774,118,72262,0.0016329467770058953,194.97874401483492,female,90+,934,0.007822249022218872,1.2773316329769824e-05,0.0009235055645123421,7.223890499020356e-06
2018,E06000009,119403,127774,118,72262,0.0016329467770058953,194.97874401483492,male,90+,408,0.0034169995728750534,5.579778439556839e-06,0.0009235055645123421,3.155618119486408e-06
2018,E06000049,329432,127774,3062,171737,0.017829588265778486,5873.636921571939,female,90+,3011,0.009139974258724107,0.00016296197779286476,0.023964186767260944,0.0002190320501840219
2018,E06000049,329432,127774,3062,171737,0.017829588265778486,5873.636921571939,male,90+,1424,0.004322591612229534,7.707002868716021e-05,0.023964186767260944,0.00010358739271406416
2018,E06000050,294284,127774,851,156247,0.005446504572887799,1602.8191517277132,female,90+,2335,0.007934512239877126,4.3215357198124986e-05,0.006660196910169518,5.284541390373186e-05
2018,E06000050,294284,127774,851,156247,0.005446504572887799,1602.8191517277132,male,90+,1114,0.0037854589444210355,2.0617519451268193e-05,0.006660196910169518,2.5211901965206547e-05
2018,E06000051,281288,127774,9,131591,6.839373513386174e-05,19.2383369683337,female,90+,2599,0.009239640510793208,6.319335258272897e-07,7.043686508992439e-05,6.508113121381414e-07
2018,E06000051,281288,127774,9,131591,6.839373513386174e-05,19.2383369683337,male,90+,1128,0.004010124854241915,2.7426741713473746e-07,7.043686508992439e-05,2.824606233519905e-07
2018,E07000027,58239,127774,90,33527,0.0026844036149968682,156.33698213380262,female,90+,396,0.006799567300262711,1.8252783041239716e-05,0.0007043686508992439,4.78940204598466e-06
2018,E07000027,58239,127774,90,33527,0.0026844036149968682,156.33698213380262,male,90+,159,0.002730129294802452,7.328768948376552e-06,0.0007043686508992439,1.923017488160507e-06
2018,E07000029,59709,127774,34,31471,0.0010803596962282737,64.507197102094,female,90+,441,0.007385821232979953,7.979343583658556e-06,0.0002660948236730477,1.9653287986704525e-06
2018,E07000029,59709,127774,34,31471,0.0010803596962282737,64.507197102094,male,90+,162,0.00271315882027835,2.9311874388949796e-06,0.0002660948236730477,7.219575178789416e-07
2018,E07000031,93447,127774,110,47227,0.002329176106888009,217.65451966036377,female,90+,1051,0.011247017025693709,2.6196283330008426e-05,0.0008608950177657426,9.682500922146195e-06
2018,E07000031,93447,127774,110,47227,0.002329176106888009,217.65451966036377,male,90+,506,0.005414834077070425,1.2612102155075417e-05,0.0008608950177657426,4.661603678978092e-06
2018,E07000037,80519,127774,957,41221,0.02321632177773465,1869.3550132214161,female,90+,567,0.007041816217290329,0.00016348507120028248,0.007489786654561961,5.2741701128139096e-05
2018,E07000037,80519,127774,957,41221,0.02321632177773465,1869.3550132214161,male,90+,227,0.002819210372707063,6.545169517189441e-05,0.007489786654561961,2.1115284225904013e-05
2018,E07000117,74178,127774,241,43299,0.005565948405274948,412.8709208064851,female,90+,569,0.007670737954649626,4.2694931685964105e-05,0.0018861427207413088,1.4468106555876469e-05
2018,E07000117,74178,127774,241,43299,0.005565948405274948,412.8709208064851,male,90+,192,0.002588368518967888,1.4406725630413196e-05,0.0018861427207413088,4.882032440647244e-06
2018,E07000118,100527,127774,304,47400,0.006413502109704641,644.7301265822784,female,90+,602,0.005988440916370726,3.8406878450985244e-05,0.0023792007763707794,1.4247703277479773e-05
2018,E07000118,100527,127774,304,47400,0.006413502109704641,644.7301265822784,male,90+,265,0.0026361077123558843,1.690668237460314e-05,0.0023792007763707794,6.271829515834119e-06
2018,E07000119,70586,127774,118,37683,0.003131385505400313,221.0319772841865,female,90+,782,0.011078684158331681,3.4691630992307894e-05,0.0009235055645123421,1.023122646769404e-05
2018,E07000119,70586,127774,118,37683,0.003131385505400313,221.0319772841865,male,90+,337,0.004774317853398691,1.49502297243066e-05,0.0009235055645123421,4.409109104364311e-06
2018,E07000120,67922,127774,211,38567,0.005470998522052532,371.60116161485206,female,90+,410,0.006036335796943553,3.302478422369097e-05,0.001651353170441561,9.968122256132623e-06
2018,E07000120,67922,127774,211,38567,0.005470998522052532,371.60116161485206,male,90+,180,0.002650098642560584,1.4498685756742377e-05,0.001651353170441561,4.376248795375298e-06
2018,E07000121,125761,127774,234,61595,0.00379900965987499,477.7672538355386,female,90+,1017,0.008086767757889966,3.072170882938959e-05,0.0018313584923380344,1.4809770808977195e-05
2018,E07000121,125761,127774,234,61595,0.00379900965987499,477.7672538355386,male,90+,411,0.0032681037841620214,1.241555784550553e-05,0.0018313584923380344,5.985069618967185e-06
2018,E07000122,76432,127774,166,43852,0.0037854601842561343,289.3302928030649,female,90+,477,0.006240841532342474,2.362445713693448e-05,0.001299168844991939,8.107906885351094e-06
2018,E07000122,76432,127774,166,43852,0.0037854601842561343,289.3302928030649,male,90+,241,0.0031531295792338286,1.1936046477989957e-05,0.001299168844991939,4.096447713563131e-06
2018,E07000123,119604,127774,224,58635,0.003820243881640658,456.91644921974927,female,90+,603,0.005041637403431324,1.926028444390921e-05,0.001753095308904785,8.838470881154355e-06
2018,E07000123,119604,127774,224,58635,0.003820243881640658,456.91644921974927,male,90+,301,0.002516638239523762,9.614171836843569e-06,0.001753095308904785,4.411906691919504e-06
2018,E07000124,52725,127774,129,24077,0.0053578103584333596,282.4905511483989,female,90+,495,0.009388335704125178,5.030092228401162e-05,0.0010095950662889163,9.478417407548858e-06
2018,E07000124,52725,127774,129,24077,0.0053578103584333596,282.4905511483989,male,90+,224,0.004248458985301091,2.2762437558825466e-05,0.0010095950662889163,4.289223230890797e-06
2018,E07000125,60391,127774,569,32779,0.01735867476128009,1048.3077275084659,female,90+,396,0.006557268467155702,0.00011382549064375345,0.004453175137351887,2.920066490687929e-05
2018,E07000125,60391,127774,569,32779,0.01735867476128009,1048.3077275084659,male,90+,158,0.0026162838833601034,4.5415221014426885e-05,0.004453175137351887,1.1650770341633656e-05
2018,E07000126,95216,127774,192,44872,0.004278837582456766,407.4137992512034,female,90+,683,0.007173164174088389,3.069280445322184e-05,0.0015026531219183871,1.0778777540227046e-05
2018,E07000126,95216,127774,192,44872,0.004278837582456766,407.4137992512034,male,90+,305,0.0032032431524113593,1.370615718628501e-05,0.0015026531219183871,4.813363323234625e-06
2018,E07000127,99344,127774,178,52870,0.003366748628711935,334.4662757707585,female,90+,760,0.007650185215010469,2.5756250582028816e-05,0.0013930846651118382,1.0657355708296395e-05
2018,E07000127,99344,127774,178,52870,0.003366748628711935,334.4662757707585,male,90+,322,0.0032412626832018037,1.091251669396484e-05,0.0013930846651118382,4.515353339567683e-06
2018,E07000128,98293,127774,127,52682,0.0024106905584450095,236.95400706123533,female,90+,1032,0.010499221714669407,2.531037465857436e-05,0.0009939424296022666,1.0435621940011386e-05
2018,E07000128,98293,127774,127,52682,0.0024106905584450095,236.95400706123533,male,90+,429,0.004364502049993387,1.0521463884232947e-05,0.0009939424296022666,4.3380637715745e-06
2018,E07000195,113762,127774,11,52219,0.00021065129550546736,23.964112679292978,female,90+,829,0.007287143334329565,1.535046183910554e-06,8.608950177657427e-05,6.273465390269164e-07
2018,E07000195,113762,127774,11,52219,0.00021065129550546736,23.964112679292978,male,90+,370,0.003252404141980626,6.851231460155669e-07,8.608950177657427e-05,2.799978521591786e-07
2018,E07000198,86796,127774,58,39191,0.001479931616952872,128.45214462504148,female,90+,641,0.007385132955435734,1.0929491756149947e-05,0.00045392646391284613,3.3523072879871694e-06
2018,E07000198,86796,127774,58,39191,0.001479931616952872,128.45214462504148,male,90+,293,0.0033757316005345868,4.995851925978057e-06,0.00045392646391284613,1.5323339085495174e-06
2018,E08000001,238491,127774,7245,124929,0.05799293998991427,13830.794251134645,female,90+,1293,0.0054215882360340644,0.00031441384122234866,0.05670167639738914,0.00030741314171949533
2018,E08000001,238491,127774,7245,124929,0.05799293998991427,13830.794251134645,male,90+,698,0.0029267351807825033,0.0001697299777054906,0.05670167639738914,0.0001659507911215837
2018,E08000002,160514,127774,7289,87589,0.08321821233259884,13357.68813435477,female,90+,1010,0.006292286031125011,0.0005236327949956068,0.05704603440449544,0.00035894996541448344
2018,E08000002,160514,127774,7289,87589,0.08321821233259884,13357.68813435477,male,90+,508,0.0031648329740707973,0.0002633717424334339,0.05704603440449544,0.00018054117072332433
2018,E08000003,460111,127774,9067,247549,0.03662709201006669,16852.527931843793,female,90+,1726,0.0037512687155925417,0.00013739806440049273,0.07096122841892717,0.0002661946361879379
2018,E08000003,460111,127774,9067,247549,0.03662709201006669,16852.527931843793,male,90+,683,0.0014844244106313477,5.437014947018339e-05,0.07096122841892717,0.00010533657967344241
2018,E08000004,195007,127774,3752,97962,0.03830056552540781,7468.8783814132,female,90+,1097,0.005625439086802012,0.00021545749835325074,0.029364346424155148,0.00016518734213283727
2018,E08000004,195007,127774,3752,97962,0.03830056552540781,7468.8783814132,male,90+,544,0.0027896434486967135,0.00010684492169933309,0.029364346424155148,8.191605662740518e-05
2018,E08000005,183414,127774,3847,95839,0.040140235186093345,7362.281096422125,female,90+,1044,0.005692040956524584,0.00022847986268377253,0.030107846666771017,0.00017137509634002282
2018,E08000005,183414,127774,3847,95839,0.040140235186093345,7362.281096422125,male,90+,505,0.0027533339875909146,0.00011051947380776353,0.030107846666771017,8.289695752079647e-05
2018,E08000006,213831,127774,63221,120639,0.5240510945879856,112058.36960684355,female,90+,1205,0.005635291421730245,0.0029531806378800206,0.4947876719833456,0.0027882727235056257
2018,E08000006,213831,127774,63221,120639,0.5240510945879856,112058.36960684355,male,90+,597,0.002791924463711997,0.0014631110712152468,0.4947876719833456,0.0013814098057534096
2018,E08000007,248365,127774,3275,141232,0.023188795740342133,5759.2852540500735,female,90+,1883,0.0075815835564592435,0.00017580779247907007,0.025631192574389155,0.00019432502815442909
2018,E08000007,248365,127774,3275,141232,0.023188795740342133,5759.2852540500735,male,90+,952,0.003833068266462666,8.888423708979007e-05,0.025631192574389155,9.82461108884846e-05
2018,E08000008,190138,127774,3271,114776,0.028498989335749635,5418.740834320764,female,90+,976,0.005133113843629364,0.00014628855668878207,0.025599887301015856,0.00013140713590019604
2018,E08000008,190138,127774,3271,114776,0.028498989335749635,5418.740834320764,male,90+,456,0.002398258107269457,6.834793222344736e-05,0.025599887301015856,6.13951372648457e-05
2018,E08000009,198239,127774,9000,118072,0.07622467646859543,15110.70363845789,female,90+,1525,0.007692734527514768,0.0005863762005186065,0.0704368650899244,0.000541852104087161
2018,E08000009,198239,127774,9000,118072,0.07622467646859543,15110.70363845789,male,90+,707,0.0035664021711166822,0.0002718478516502654,0.0704368650899244,0.00025120618858335924
2018,E08000010,279767,127774,8099,150594,0.05378036309547525,15045.970842131825,female,90+,1431,0.005114970672023505,0.00027508497996413115,0.06338535226258864,0.00032421421785901964
2018,E08000010,279767,127774,8099,150594,0.05378036309547525,15045.970842131825,male,90+,667,0.002384126791222696,0.00012821920449760692,0.06338535226258864,0.0001511187165003257
2018,E08000012,427379,127774,8,235300,3.399915002124947e-05,14.530522736931577,female,90+,2054,0.00480603866825464,1.6340122968991551e-07,6.261054674659946e-05,3.009087087047218e-07
2018,E08000012,427379,127774,8,235300,3.399915002124947e-05,14.530522736931577,male,90+,949,0.002220511536598663,7.549550485673313e-08,6.261054674659946e-05,1.39027441363574e-07
2018,E08000013,154790,127774,210,91513,0.0022947559363150592,355.205271382208,female,90+,945,0.00610504554557788,1.4009589507188648e-05,0.001643526852098236,1.003380628743997e-05
2018,E08000013,154790,127774,210,91513,0.0022947559363150592,355.205271382208,male,90+,378,0.0024420182182311517,5.603835802875459e-06,0.001643526852098236,4.013522514975988e-06
2018,E08000033,178791,127774,50,88593,0.0005643786755161243,100.90582777420337,female,90+,1276,0.007136824560520384,4.027871592857441e-06,0.00039131591716624664,2.7927530485546292e-06
2018,E08000033,178791,127774,50,88593,0.0005643786755161243,100.90582777420337,male,90+,449,0.002511312090653333,1.4173309915305571e-06,0.00039131591716624664,9.827163940446934e-07
2018,E08000034,370482,127774,14,169882,8.241014351137849e-05,30.531474788382525,female,90+,2316,0.0062513158534017845,5.151718366137966e-07,0.00010956845680654907,6.849470310675489e-07
2018,E08000034,370482,127774,14,169882,8.241014351137849e-05,30.531474788382525,male,90+,971,0.0026209100577086067,2.1598957398618154e-07,0.00010956845680654907,2.871690704518955e-07
2018,E08000035,670103,127774,9,291326,3.0893226145280545e-05,20.70164351963093,female,90+,3738,0.005578246926218805,1.723300437858936e-07,7.043686508992439e-05,3.929142261803594e-07
2018,E08000035,670103,127774,9,291326,3.0893226145280545e-05,20.70164351963093,male,90+,1641,0.0024488772621522365,7.565371906170451e-08,7.043686508992439e-05,1.724912373360005e-07
